Date,ExpiryDate,Instrument,Symbol,StrikePrice,OptionType,Open,High,Low,Close,SettledPrice,Contracts,TurnOver,OpenInterest
2014-11-10,2014-11-27,FUTIDX,BANKNIFTY,0.0,FUT,17484.8,17520.05,17300.0,17362.8,17362.8,89802,390161.54,2020875
2014-11-10,2014-12-24,FUTIDX,BANKNIFTY,0.0,FUT,17584.65,17619.8,17403.3,17472.2,17472.2,1652,7223.93,104075
2014-11-10,2015-01-29,FUTIDX,BANKNIFTY,0.0,FUT,17700.0,17700.0,17500.0,17563.25,17563.25,188,826.72,7350
2014-11-10,2014-11-27,FUTIDX,CNXINFRA,0.0,FUT,0.0,0.0,0.0,3181.1,3262.2,0,0.0,0
2014-11-10,2014-12-24,FUTIDX,CNXINFRA,0.0,FUT,0.0,0.0,0.0,3072.85,3283.7,0,0.0,0
2014-11-10,2015-01-29,FUTIDX,CNXINFRA,0.0,FUT,0.0,0.0,0.0,3280.35,3312.1,0,0.0,0
2014-11-10,2014-11-27,FUTIDX,CNXIT,0.0,FUT,11515.05,11524.95,11428.25,11509.65,11509.65,297,852.37,24400
2014-11-10,2014-12-24,FUTIDX,CNXIT,0.0,FUT,11450.65,11548.0,11450.65,11548.0,11548.0,4,11.52,375
2014-11-10,2015-01-29,FUTIDX,CNXIT,0.0,FUT,0.0,0.0,0.0,11369.95,11692.55,0,0.0,0
2014-11-10,2014-11-27,FUTIDX,CNXPSE,0.0,FUT,0.0,0.0,0.0,3713.35,3734.4,0,0.0,0
2014-11-10,2014-12-24,FUTIDX,CNXPSE,0.0,FUT,0.0,0.0,0.0,3536.8,3759.0,0,0.0,0
2014-11-10,2015-01-29,FUTIDX,CNXPSE,0.0,FUT,0.0,0.0,0.0,3790.5,3791.55,0,0.0,0
2014-11-10,2014-11-21,FUTIDX,DJIA,0.0,FUT,17540.0,17550.0,17490.0,17525.0,17525.0,277,1213.44,49550
2014-11-10,2014-12-19,FUTIDX,DJIA,0.0,FUT,0.0,0.0,0.0,17500.0,17740.0,0,0.0,75
2014-11-10,2015-01-16,FUTIDX,DJIA,0.0,FUT,0.0,0.0,0.0,16470.0,17860.0,0,0.0,0
2014-11-10,2015-03-20,FUTIDX,DJIA,0.0,FUT,0.0,0.0,0.0,18052.5,18130.0,0,0.0,0
2014-11-10,2015-06-19,FUTIDX,DJIA,0.0,FUT,0.0,0.0,0.0,18472.5,18530.0,0,0.0,0
2014-11-10,2015-09-18,FUTIDX,DJIA,0.0,FUT,0.0,0.0,0.0,18855.0,18937.5,0,0.0,0
2014-11-10,2014-11-21,FUTIDX,FTSE100,0.0,FUT,0.0,0.0,0.0,6532.0,6585.0,0,0.0,400
2014-11-10,2014-12-19,FUTIDX,FTSE100,0.0,FUT,0.0,0.0,0.0,7241.0,6629.0,0,0.0,0
2014-11-10,2015-01-16,FUTIDX,FTSE100,0.0,FUT,0.0,0.0,0.0,6353.0,6674.0,0,0.0,0
2014-11-10,2015-03-20,FUTIDX,FTSE100,0.0,FUT,0.0,0.0,0.0,7232.0,6775.0,0,0.0,0
2014-11-10,2015-06-19,FUTIDX,FTSE100,0.0,FUT,0.0,0.0,0.0,7417.0,6924.0,0,0.0,0
2014-11-10,2015-09-18,FUTIDX,FTSE100,0.0,FUT,0.0,0.0,0.0,7413.0,7077.0,0,0.0,0
2014-11-10,2014-11-27,FUTIDX,NFTYMCAP50,0.0,FUT,0.0,0.0,0.0,3300.0,3330.6,0,0.0,75
2014-11-10,2014-12-24,FUTIDX,NFTYMCAP50,0.0,FUT,0.0,0.0,0.0,3372.55,3352.55,0,0.0,89625
2014-11-10,2015-01-29,FUTIDX,NFTYMCAP50,0.0,FUT,0.0,0.0,0.0,3296.45,3381.55,0,0.0,0
2014-11-10,2014-11-27,FUTIDX,NIFTY,0.0,FUT,8398.0,8416.55,8337.3,8379.5,8379.5,299921,627783.82,23122925
2014-11-10,2014-12-24,FUTIDX,NIFTY,0.0,FUT,8445.0,8466.95,8388.8,8429.7,8429.7,11202,23586.3,1649950
2014-11-10,2015-01-29,FUTIDX,NIFTY,0.0,FUT,8486.7,8519.0,8444.1,8485.4,8485.4,1232,2610.23,147075
2014-11-10,2014-11-21,FUTIDX,S&P500,0.0,FUT,2029.5,2030.0,2022.75,2028.25,2028.25,149,755.25,327750
2014-11-10,2014-12-19,FUTIDX,S&P500,0.0,FUT,0.0,0.0,0.0,1981.5,2051.0,0,0.0,0
2014-11-10,2015-01-16,FUTIDX,S&P500,0.0,FUT,0.0,0.0,0.0,1903.75,2064.75,0,0.0,0
2014-11-10,2015-03-20,FUTIDX,S&P500,0.0,FUT,0.0,0.0,0.0,2069.25,2096.25,0,0.0,0
2014-11-10,2015-06-19,FUTIDX,S&P500,0.0,FUT,0.0,0.0,0.0,2139.25,2142.25,0,0.0,0
2014-11-10,2015-09-18,FUTIDX,S&P500,0.0,FUT,0.0,0.0,0.0,2196.5,2189.5,0,0.0,0
2014-11-10,2014-11-11,FUTIVX,INDIAVIX,0.0,FUT,1425.0,1425.0,1425.0,1425.0,1391.5,3,34.2,1600
2014-11-10,2014-11-18,FUTIVX,INDIAVIX,0.0,FUT,0.0,0.0,0.0,1372.5,1394.5,0,0.0,0
2014-11-10,2014-11-25,FUTIVX,INDIAVIX,0.0,FUT,0.0,0.0,0.0,1387.75,1397.5,0,0.0,0
2014-11-10,2014-11-27,FUTSTK,ABIRLANUVO,0.0,FUT,1744.45,1765.0,1708.25,1724.8,1724.8,1803,7851.51,1737500
2014-11-10,2014-12-24,FUTSTK,ABIRLANUVO,0.0,FUT,1750.0,1752.2,1737.45,1742.75,1740.2,11,47.93,4750
2014-11-10,2015-01-29,FUTSTK,ABIRLANUVO,0.0,FUT,0.0,0.0,0.0,1720.0,1755.25,0,0.0,250
2014-11-10,2014-11-27,FUTSTK,ACC,0.0,FUT,1529.5,1529.5,1500.0,1507.0,1507.0,1660,6268.07,1335250
2014-11-10,2014-12-24,FUTSTK,ACC,0.0,FUT,1519.0,1519.0,1515.0,1517.15,1517.15,10,37.92,10000
2014-11-10,2015-01-29,FUTSTK,ACC,0.0,FUT,0.0,0.0,0.0,1510.5,1528.25,0,0.0,2750
2014-11-10,2014-11-27,FUTSTK,ADANIENT,0.0,FUT,476.1,481.9,468.3,470.65,470.65,3725,8823.25,6272500
2014-11-10,2014-12-24,FUTSTK,ADANIENT,0.0,FUT,482.0,482.0,472.6,473.55,473.55,65,154.84,43500
2014-11-10,2015-01-29,FUTSTK,ADANIENT,0.0,FUT,482.55,482.55,482.55,482.55,477.65,2,4.82,1000
2014-11-10,2014-11-27,FUTSTK,ADANIPORTS,0.0,FUT,294.3,302.3,288.15,292.45,292.45,12918,38148.9,7599000
2014-11-10,2014-12-24,FUTSTK,ADANIPORTS,0.0,FUT,298.0,303.0,290.85,294.1,294.1,52,153.95,46000
2014-11-10,2015-01-29,FUTSTK,ADANIPORTS,0.0,FUT,295.8,295.8,295.0,295.0,296.35,2,5.9,3000
2014-11-10,2014-11-27,FUTSTK,ADANIPOWER,0.0,FUT,47.95,48.9,46.0,46.5,46.5,3479,13217.98,45328000
2014-11-10,2014-12-24,FUTSTK,ADANIPOWER,0.0,FUT,48.3,48.95,46.4,46.7,46.7,75,286.78,992000
2014-11-10,2015-01-29,FUTSTK,ADANIPOWER,0.0,FUT,48.9,48.9,47.25,47.25,47.25,5,19.4,40000
2014-11-10,2014-11-27,FUTSTK,ALBK,0.0,FUT,116.65,118.2,114.9,115.4,115.4,2498,5805.16,13660000
2014-11-10,2014-12-24,FUTSTK,ALBK,0.0,FUT,117.5,118.5,115.7,115.95,115.95,62,144.96,156000
2014-11-10,2015-01-29,FUTSTK,ALBK,0.0,FUT,0.0,0.0,0.0,115.7,117.1,0,0.0,4000
2014-11-10,2014-11-27,FUTSTK,AMBUJACEM,0.0,FUT,223.85,225.0,220.6,222.75,222.75,1213,2696.91,6306000
2014-11-10,2014-12-24,FUTSTK,AMBUJACEM,0.0,FUT,225.45,225.45,222.6,222.9,223.9,18,40.2,103000
2014-11-10,2015-01-29,FUTSTK,AMBUJACEM,0.0,FUT,0.0,0.0,0.0,228.65,225.85,0,0.0,0
2014-11-10,2014-11-27,FUTSTK,ANDHRABANK,0.0,FUT,87.0,87.15,84.7,85.1,85.1,1474,5056.87,16016000
2014-11-10,2014-12-24,FUTSTK,ANDHRABANK,0.0,FUT,87.35,87.35,85.3,85.4,85.4,22,75.64,204000
2014-11-10,2015-01-29,FUTSTK,ANDHRABANK,0.0,FUT,0.0,0.0,0.0,83.3,86.3,0,0.0,0
2014-11-10,2014-11-27,FUTSTK,APOLLOHOSP,0.0,FUT,1162.55,1167.05,1129.15,1152.75,1152.75,534,1531.36,291750
2014-11-10,2014-12-24,FUTSTK,APOLLOHOSP,0.0,FUT,1140.0,1140.0,1140.0,1140.0,1162.3,3,8.55,750
2014-11-10,2015-01-29,FUTSTK,APOLLOHOSP,0.0,FUT,0.0,0.0,0.0,1139.6,1172.35,0,0.0,0
2014-11-10,2014-11-27,FUTSTK,APOLLOTYRE,0.0,FUT,233.4,240.85,233.4,236.65,236.65,7536,35756.68,10372000
2014-11-10,2014-12-24,FUTSTK,APOLLOTYRE,0.0,FUT,237.55,241.95,235.5,237.45,237.45,101,481.08,104000
2014-11-10,2015-01-29,FUTSTK,APOLLOTYRE,0.0,FUT,0.0,0.0,0.0,233.0,240.9,0,0.0,4000
2014-11-10,2014-11-27,FUTSTK,ARVIND,0.0,FUT,296.5,301.1,289.1,291.35,291.35,7883,23056.66,11536000
2014-11-10,2014-12-24,FUTSTK,ARVIND,0.0,FUT,300.75,300.75,291.1,292.4,292.4,129,379.28,186000
2014-11-10,2015-01-29,FUTSTK,ARVIND,0.0,FUT,0.0,0.0,0.0,303.7,295.4,0,0.0,0
2014-11-10,2014-11-27,FUTSTK,ASHOKLEY,0.0,FUT,47.75,49.45,47.4,49.25,49.25,6139,32806.42,61292000
2014-11-10,2014-12-24,FUTSTK,ASHOKLEY,0.0,FUT,48.15,49.65,47.6,49.45,49.45,190,1019.1,1331000
2014-11-10,2015-01-29,FUTSTK,ASHOKLEY,0.0,FUT,49.55,49.85,49.4,49.8,49.8,14,55.69,112000
2014-11-10,2014-11-27,FUTSTK,ASIANPAINT,0.0,FUT,651.75,656.0,645.3,651.45,651.45,1691,5503.03,5352500
2014-11-10,2014-12-24,FUTSTK,ASIANPAINT,0.0,FUT,657.0,657.5,650.9,655.75,655.75,27,88.28,65500
2014-11-10,2015-01-29,FUTSTK,ASIANPAINT,0.0,FUT,0.0,0.0,0.0,658.95,661.45,0,0.0,0
2014-11-10,2014-11-27,FUTSTK,AUROPHARMA,0.0,FUT,1035.0,1046.2,1008.5,1026.65,1026.65,13691,35210.43,8724500
2014-11-10,2014-12-24,FUTSTK,AUROPHARMA,0.0,FUT,1034.35,1050.0,1015.0,1031.6,1031.6,174,448.7,71250
2014-11-10,2015-01-29,FUTSTK,AUROPHARMA,0.0,FUT,0.0,0.0,0.0,1061.0,1040.9,0,0.0,500
2014-11-10,2014-11-27,FUTSTK,AXISBANK,0.0,FUT,473.95,477.0,461.25,463.15,463.15,12651,73899.85,27196250
2014-11-10,2014-12-24,FUTSTK,AXISBANK,0.0,FUT,477.2,478.2,463.6,465.3,465.3,289,1700.54,386250
2014-11-10,2015-01-29,FUTSTK,AXISBANK,0.0,FUT,482.05,482.05,470.25,470.25,469.4,11,26.08,85000
2014-11-10,2014-11-27,FUTSTK,BAJAJ-AUTO,0.0,FUT,2560.0,2582.75,2528.2,2556.3,2556.3,2653,8464.52,1497250
2014-11-10,2014-12-24,FUTSTK,BAJAJ-AUTO,0.0,FUT,2551.95,2575.0,2545.0,2575.0,2575.0,13,41.56,13250
2014-11-10,2015-01-29,FUTSTK,BAJAJ-AUTO,0.0,FUT,0.0,0.0,0.0,2588.3,2592.55,0,0.0,375
2014-11-10,2014-11-27,FUTSTK,BANKBARODA,0.0,FUT,975.05,998.5,973.2,988.15,988.15,16452,40631.72,3586500
2014-11-10,2014-12-24,FUTSTK,BANKBARODA,0.0,FUT,980.9,1001.0,980.9,993.4,993.4,116,287.78,43500
2014-11-10,2015-01-29,FUTSTK,BANKBARODA,0.0,FUT,995.0,995.0,995.0,995.0,1004.1,2,4.97,4000
2014-11-10,2014-11-27,FUTSTK,BANKINDIA,0.0,FUT,287.85,289.6,282.65,287.25,287.25,4499,12874.37,8148000
2014-11-10,2014-12-24,FUTSTK,BANKINDIA,0.0,FUT,288.7,290.5,285.0,288.85,288.85,36,103.65,103000
2014-11-10,2015-01-29,FUTSTK,BANKINDIA,0.0,FUT,286.1,286.15,282.85,282.85,291.95,8,22.82,31000
2014-11-10,2014-11-27,FUTSTK,BATAINDIA,0.0,FUT,1250.95,1264.4,1238.75,1243.6,1243.6,990,3092.56,948000
2014-11-10,2014-12-24,FUTSTK,BATAINDIA,0.0,FUT,1262.05,1265.6,1247.95,1247.95,1252.15,8,25.11,6750
2014-11-10,2015-01-29,FUTSTK,BATAINDIA,0.0,FUT,0.0,0.0,0.0,1283.7,1262.95,0,0.0,0
2014-11-10,2014-11-27,FUTSTK,BHARATFORG,0.0,FUT,841.45,894.3,831.0,890.35,890.35,37655,81772.02,4323250
2014-11-10,2014-12-24,FUTSTK,BHARATFORG,0.0,FUT,848.0,900.0,843.0,895.4,895.4,247,538.81,44000
2014-11-10,2015-01-29,FUTSTK,BHARATFORG,0.0,FUT,0.0,0.0,0.0,856.45,902.1,0,0.0,250
2014-11-10,2014-11-27,FUTSTK,BHARTIARTL,0.0,FUT,391.45,396.35,387.55,392.5,392.5,6662,13055.79,14349500
2014-11-10,2014-12-24,FUTSTK,BHARTIARTL,0.0,FUT,396.0,398.8,390.1,394.9,394.9,103,202.84,275000
2014-11-10,2015-01-29,FUTSTK,BHARTIARTL,0.0,FUT,395.85,398.5,395.85,398.5,398.85,2,3.97,12500
2014-11-10,2014-11-27,FUTSTK,BHEL,0.0,FUT,247.1,252.3,245.35,247.85,247.85,7774,19380.39,36309000
2014-11-10,2014-12-24,FUTSTK,BHEL,0.0,FUT,244.0,248.6,242.0,244.2,244.2,602,1478.03,1806000
2014-11-10,2015-01-29,FUTSTK,BHEL,0.0,FUT,243.9,244.1,240.4,240.9,240.9,11,26.69,137000
2014-11-10,2014-11-27,FUTSTK,BIOCON,0.0,FUT,459.9,459.9,451.5,454.65,454.65,3465,7892.6,7133000
2014-11-10,2014-12-24,FUTSTK,BIOCON,0.0,FUT,460.6,461.0,455.0,457.25,457.25,36,82.38,37000
2014-11-10,2015-01-29,FUTSTK,BIOCON,0.0,FUT,0.0,0.0,0.0,457.45,461.7,0,0.0,0
2014-11-10,2014-11-27,FUTSTK,BPCL,0.0,FUT,764.65,777.65,762.15,767.2,767.2,4963,19081.02,2750000
2014-11-10,2014-12-24,FUTSTK,BPCL,0.0,FUT,776.3,779.0,768.6,771.45,771.45,48,185.4,58500
2014-11-10,2015-01-29,FUTSTK,BPCL,0.0,FUT,780.9,780.9,780.9,780.9,780.8,1,3.9,1500
2014-11-10,2014-11-27,FUTSTK,CAIRN,0.0,FUT,273.75,282.25,273.75,279.4,279.4,3796,10588.78,15491000
2014-11-10,2014-12-24,FUTSTK,CAIRN,0.0,FUT,280.4,284.0,276.4,281.2,281.2,114,319.66,312000
2014-11-10,2015-01-29,FUTSTK,CAIRN,0.0,FUT,282.3,282.3,282.3,282.3,283.15,1,2.82,2000
2014-11-10,2014-11-27,FUTSTK,CANBK,0.0,FUT,405.95,407.45,392.6,396.3,396.3,4285,17048.9,6629000
2014-11-10,2014-12-24,FUTSTK,CANBK,0.0,FUT,407.7,407.7,394.6,398.4,398.4,81,323.42,90000
2014-11-10,2015-01-29,FUTSTK,CANBK,0.0,FUT,403.0,403.0,397.15,397.15,402.85,9,36.04,26000
2014-11-10,2014-11-27,FUTSTK,CENTURYTEX,0.0,FUT,588.3,598.0,578.35,584.05,584.05,3972,11628.68,8009000
2014-11-10,2014-12-24,FUTSTK,CENTURYTEX,0.0,FUT,597.45,600.05,583.5,586.8,586.8,24,71.11,28000
2014-11-10,2015-01-29,FUTSTK,CENTURYTEX,0.0,FUT,0.0,0.0,0.0,571.85,593.2,0,0.0,0
2014-11-10,2014-11-27,FUTSTK,CESC,0.0,FUT,691.5,697.9,665.0,666.8,666.8,3053,10311.27,2094000
2014-11-10,2014-12-24,FUTSTK,CESC,0.0,FUT,695.6,695.6,666.05,668.1,668.1,52,175.82,29500
2014-11-10,2015-01-29,FUTSTK,CESC,0.0,FUT,0.0,0.0,0.0,673.45,675.85,0,0.0,0
2014-11-10,2014-11-27,FUTSTK,CIPLA,0.0,FUT,654.9,656.1,641.85,646.9,646.9,3938,12736.89,5343000
2014-11-10,2014-12-24,FUTSTK,CIPLA,0.0,FUT,650.0,654.25,647.35,650.7,650.7,46,149.7,81000
2014-11-10,2015-01-29,FUTSTK,CIPLA,0.0,FUT,653.0,653.0,653.0,653.0,655.45,1,3.26,2500
2014-11-10,2014-11-27,FUTSTK,COALINDIA,0.0,FUT,339.0,353.8,339.0,349.05,349.05,6881,24052.91,12206000
2014-11-10,2014-12-24,FUTSTK,COALINDIA,0.0,FUT,345.75,354.7,345.45,349.8,349.8,153,537.61,309000
2014-11-10,2015-01-29,FUTSTK,COALINDIA,0.0,FUT,352.7,352.7,350.1,350.1,355.85,25,87.75,49000
2014-11-10,2014-11-27,FUTSTK,COLPAL,0.0,FUT,1788.95,1885.0,1784.0,1878.65,1878.65,3633,8397.2,371125
2014-11-10,2014-12-24,FUTSTK,COLPAL,0.0,FUT,1802.0,1890.0,1802.0,1885.0,1885.0,32,74.5,3250
2014-11-10,2015-01-29,FUTSTK,COLPAL,0.0,FUT,0.0,0.0,0.0,1726.75,1913.6,0,0.0,0
2014-11-10,2014-11-27,FUTSTK,CROMPGREAV,0.0,FUT,191.1,195.85,190.5,193.95,193.95,10914,21139.89,18336000
2014-11-10,2014-12-24,FUTSTK,CROMPGREAV,0.0,FUT,193.0,196.5,192.0,194.8,194.8,63,122.95,121000
2014-11-10,2015-01-29,FUTSTK,CROMPGREAV,0.0,FUT,0.0,0.0,0.0,188.3,197.0,0,0.0,0
2014-11-10,2014-11-27,FUTSTK,DABUR,0.0,FUT,228.9,231.8,227.2,227.95,227.95,853,1950.46,5927000
2014-11-10,2014-12-24,FUTSTK,DABUR,0.0,FUT,231.4,232.0,228.15,229.2,229.2,7,16.1,33000
2014-11-10,2015-01-29,FUTSTK,DABUR,0.0,FUT,0.0,0.0,0.0,225.1,230.95,0,0.0,0
2014-11-10,2014-11-27,FUTSTK,DISHTV,0.0,FUT,59.6,59.8,58.3,58.8,58.8,968,2285.15,24352000
2014-11-10,2014-12-24,FUTSTK,DISHTV,0.0,FUT,59.8,59.8,58.8,59.2,59.2,22,52.1,268000
2014-11-10,2015-01-29,FUTSTK,DISHTV,0.0,FUT,0.0,0.0,0.0,57.1,59.85,0,0.0,0
2014-11-10,2014-11-27,FUTSTK,DIVISLAB,0.0,FUT,1765.0,1775.05,1713.35,1746.9,1746.9,2321,5062.18,1012125
2014-11-10,2014-12-24,FUTSTK,DIVISLAB,0.0,FUT,1759.9,1766.7,1726.45,1766.7,1766.7,7,15.31,10125
2014-11-10,2015-01-29,FUTSTK,DIVISLAB,0.0,FUT,0.0,0.0,0.0,1725.0,1774.1,0,0.0,250
2014-11-10,2014-11-27,FUTSTK,DLF,0.0,FUT,134.75,137.5,132.8,135.95,135.95,7503,20336.11,22328000
2014-11-10,2014-12-24,FUTSTK,DLF,0.0,FUT,134.95,138.0,134.0,136.4,136.4,108,294.82,484000
2014-11-10,2015-01-29,FUTSTK,DLF,0.0,FUT,0.0,0.0,0.0,134.9,138.5,0,0.0,4000
2014-11-10,2014-11-27,FUTSTK,DRREDDY,0.0,FUT,3450.0,3462.0,3406.3,3446.5,3446.5,3914,16814.13,894750
2014-11-10,2014-12-24,FUTSTK,DRREDDY,0.0,FUT,3459.0,3479.0,3429.3,3457.75,3457.75,172,742.47,26250
2014-11-10,2015-01-29,FUTSTK,DRREDDY,0.0,FUT,0.0,0.0,0.0,3444.0,3508.75,0,0.0,500
2014-11-10,2014-11-27,FUTSTK,EICHERMOT,0.0,FUT,12799.95,12900.0,12703.0,12816.05,12816.05,251,4018.99,108500
2014-11-10,2014-12-24,FUTSTK,EICHERMOT,0.0,FUT,12821.25,12821.25,12821.25,12821.25,12864.4,2,32.05,625
2014-11-10,2015-01-29,FUTSTK,EICHERMOT,0.0,FUT,0.0,0.0,0.0,12808.65,12975.65,0,0.0,0
2014-11-10,2014-11-27,FUTSTK,EXIDEIND,0.0,FUT,161.9,164.2,161.6,163.25,163.25,1805,5891.74,10296000
2014-11-10,2014-12-24,FUTSTK,EXIDEIND,0.0,FUT,163.0,165.0,163.0,164.1,164.1,23,75.51,60000
2014-11-10,2015-01-29,FUTSTK,EXIDEIND,0.0,FUT,0.0,0.0,0.0,159.9,166.0,0,0.0,0
2014-11-10,2014-11-27,FUTSTK,FEDERALBNK,0.0,FUT,146.0,146.6,142.9,146.0,146.0,2613,7573.59,16678000
2014-11-10,2014-12-24,FUTSTK,FEDERALBNK,0.0,FUT,146.25,147.0,143.75,146.75,146.75,22,64.28,108000
2014-11-10,2015-01-29,FUTSTK,FEDERALBNK,0.0,FUT,0.0,0.0,0.0,142.7,148.2,0,0.0,0
2014-11-10,2014-11-27,FUTSTK,GAIL,0.0,FUT,489.95,491.9,476.55,483.15,483.15,7367,17776.93,5002000
2014-11-10,2014-12-24,FUTSTK,GAIL,0.0,FUT,496.15,496.15,480.0,486.05,486.05,68,165.16,105000
2014-11-10,2015-01-29,FUTSTK,GAIL,0.0,FUT,482.0,492.8,482.0,492.8,490.4,3,7.33,1500
2014-11-10,2014-11-27,FUTSTK,GLENMARK,0.0,FUT,801.35,801.35,772.0,775.45,775.45,1371,5344.52,3175500
2014-11-10,2014-12-24,FUTSTK,GLENMARK,0.0,FUT,786.0,786.0,780.0,780.95,780.95,8,31.3,8500
2014-11-10,2015-01-29,FUTSTK,GLENMARK,0.0,FUT,0.0,0.0,0.0,727.0,785.85,0,0.0,0
2014-11-10,2014-11-27,FUTSTK,GMRINFRA,0.0,FUT,21.65,21.7,20.3,20.6,20.6,2367,4929.12,223680000
2014-11-10,2014-12-24,FUTSTK,GMRINFRA,0.0,FUT,21.6,21.65,20.5,20.8,20.8,72,150.41,1550000
2014-11-10,2015-01-29,FUTSTK,GMRINFRA,0.0,FUT,21.05,21.05,21.05,21.05,20.9,1,1.89,63000
2014-11-10,2014-11-27,FUTSTK,GODREJIND,0.0,FUT,308.75,309.85,300.0,302.4,302.4,1527,4651.91,3879000
2014-11-10,2014-12-24,FUTSTK,GODREJIND,0.0,FUT,309.7,309.7,301.15,301.15,301.15,8,24.37,11000
2014-11-10,2015-01-29,FUTSTK,GODREJIND,0.0,FUT,0.0,0.0,0.0,300.15,307.15,0,0.0,0
2014-11-10,2014-11-27,FUTSTK,GRASIM,0.0,FUT,3613.95,3623.0,3571.65,3595.4,3595.4,726,3265.81,1646125
2014-11-10,2014-12-24,FUTSTK,GRASIM,0.0,FUT,3602.25,3627.85,3602.25,3621.75,3621.75,24,108.43,4125
2014-11-10,2015-01-29,FUTSTK,GRASIM,0.0,FUT,0.0,0.0,0.0,3517.5,3650.8,0,0.0,0
2014-11-10,2014-11-27,FUTSTK,HAVELLS,0.0,FUT,290.55,307.7,287.5,306.2,306.2,5183,19522.87,4415000
2014-11-10,2014-12-24,FUTSTK,HAVELLS,0.0,FUT,291.95,309.0,291.95,308.15,308.15,55,208.2,47500
2014-11-10,2015-01-29,FUTSTK,HAVELLS,0.0,FUT,0.0,0.0,0.0,286.0,310.2,0,0.0,0
2014-11-10,2014-11-27,FUTSTK,HCLTECH,0.0,FUT,1618.0,1633.8,1593.5,1620.6,1620.6,8637,17440.11,2867000
2014-11-10,2014-12-24,FUTSTK,HCLTECH,0.0,FUT,1638.55,1638.55,1604.0,1627.35,1627.35,132,267.03,37375
2014-11-10,2015-01-29,FUTSTK,HCLTECH,0.0,FUT,1615.0,1640.0,1615.0,1640.0,1648.8,2,4.06,125
2014-11-10,2014-11-27,FUTSTK,HDFC,0.0,FUT,1107.8,1119.9,1100.25,1117.35,1117.35,6853,19049.93,8221500
2014-11-10,2014-12-24,FUTSTK,HDFC,0.0,FUT,1123.0,1125.9,1107.5,1123.8,1123.8,68,190.11,130750
2014-11-10,2015-01-29,FUTSTK,HDFC,0.0,FUT,0.0,0.0,0.0,1116.35,1135.25,0,0.0,500
2014-11-10,2014-11-27,FUTSTK,HDFCBANK,0.0,FUT,906.85,915.6,899.95,912.15,912.15,20140,45666.22,43599750
2014-11-10,2014-12-24,FUTSTK,HDFCBANK,0.0,FUT,912.9,922.65,908.0,919.05,919.05,924,2106.7,600750
2014-11-10,2015-01-29,FUTSTK,HDFCBANK,0.0,FUT,918.0,918.0,918.0,918.0,922.15,2,4.59,30000
2014-11-10,2014-11-27,FUTSTK,HDIL,0.0,FUT,88.15,89.0,86.7,87.7,87.7,4037,14196.38,24692000
2014-11-10,2014-12-24,FUTSTK,HDIL,0.0,FUT,87.7,88.6,86.8,87.55,87.55,53,185.62,508000
2014-11-10,2015-01-29,FUTSTK,HDIL,0.0,FUT,0.0,0.0,0.0,83.1,89.05,0,0.0,0
2014-11-10,2014-11-27,FUTSTK,HEROMOTOCO,0.0,FUT,2928.95,2944.0,2907.2,2936.85,2936.85,9844,36079.48,2615250
2014-11-10,2014-12-24,FUTSTK,HEROMOTOCO,0.0,FUT,2926.75,2959.7,2926.75,2953.0,2953.0,114,420.35,55125
2014-11-10,2015-01-29,FUTSTK,HEROMOTOCO,0.0,FUT,2972.0,2972.0,2972.0,2972.0,2972.0,4,14.85,10500
2014-11-10,2014-11-27,FUTSTK,HEXAWARE,0.0,FUT,209.15,213.5,206.4,208.8,208.8,3331,13955.2,10256000
2014-11-10,2014-12-24,FUTSTK,HEXAWARE,0.0,FUT,211.2,211.6,208.0,209.85,209.85,39,163.72,338000
2014-11-10,2015-01-29,FUTSTK,HEXAWARE,0.0,FUT,0.0,0.0,0.0,200.1,214.05,0,0.0,10000
2014-11-10,2014-11-27,FUTSTK,HINDALCO,0.0,FUT,157.6,157.85,152.5,152.95,152.95,6404,19720.94,26232000
2014-11-10,2014-12-24,FUTSTK,HINDALCO,0.0,FUT,157.85,157.85,153.5,153.85,153.85,115,356.18,446000
2014-11-10,2015-01-29,FUTSTK,HINDALCO,0.0,FUT,157.1,157.1,155.0,155.5,154.95,7,21.84,16000
2014-11-10,2014-11-27,FUTSTK,HINDPETRO,0.0,FUT,576.9,588.8,572.25,580.5,580.5,8660,25159.44,8028000
2014-11-10,2014-12-24,FUTSTK,HINDPETRO,0.0,FUT,582.05,588.8,578.45,583.8,583.8,63,183.94,44500
2014-11-10,2015-01-29,FUTSTK,HINDPETRO,0.0,FUT,0.0,0.0,0.0,533.7,589.85,0,0.0,0
2014-11-10,2014-11-27,FUTSTK,HINDUNILVR,0.0,FUT,761.7,774.35,761.0,771.95,771.95,2422,9313.58,5220000
2014-11-10,2014-12-24,FUTSTK,HINDUNILVR,0.0,FUT,775.75,778.0,768.0,777.0,777.0,35,135.28,79000
2014-11-10,2015-01-29,FUTSTK,HINDUNILVR,0.0,FUT,0.0,0.0,0.0,747.75,785.9,0,0.0,0
2014-11-10,2014-11-27,FUTSTK,HINDZINC,0.0,FUT,168.75,168.8,164.2,165.7,165.7,496,1645.5,8322000
2014-11-10,2014-12-24,FUTSTK,HINDZINC,0.0,FUT,166.9,167.0,165.65,167.0,167.0,6,19.96,18000
2014-11-10,2015-01-29,FUTSTK,HINDZINC,0.0,FUT,0.0,0.0,0.0,172.7,167.8,0,0.0,0
2014-11-10,2014-11-27,FUTSTK,IBREALEST,0.0,FUT,75.65,78.3,74.1,77.25,77.25,1454,4451.78,39228000
2014-11-10,2014-12-24,FUTSTK,IBREALEST,0.0,FUT,76.8,77.5,76.8,77.55,77.55,7,21.71,628000
2014-11-10,2015-01-29,FUTSTK,IBREALEST,0.0,FUT,0.0,0.0,0.0,75.0,78.6,0,0.0,4000
2014-11-10,2014-11-27,FUTSTK,ICICIBANK,0.0,FUT,1684.95,1689.95,1673.5,1676.4,1676.4,15744,66179.06,8669750
2014-11-10,2014-12-24,FUTSTK,ICICIBANK,0.0,FUT,1692.05,1696.05,1683.0,1685.5,1685.5,173,731.58,97750
2014-11-10,2015-01-29,FUTSTK,ICICIBANK,0.0,FUT,0.0,0.0,0.0,1713.55,1699.2,0,0.0,15750
2014-11-10,2014-11-27,FUTSTK,IDBI,0.0,FUT,71.25,71.25,69.2,69.95,69.95,961,2691.9,17792000
2014-11-10,2014-12-24,FUTSTK,IDBI,0.0,FUT,71.5,71.5,69.95,70.5,70.5,36,101.37,384000
2014-11-10,2015-01-29,FUTSTK,IDBI,0.0,FUT,70.8,70.95,70.8,70.95,70.95,3,8.5,28000
2014-11-10,2014-11-27,FUTSTK,IDEA,0.0,FUT,170.25,170.45,164.6,167.25,167.25,2034,6834.84,12618000
2014-11-10,2014-12-24,FUTSTK,IDEA,0.0,FUT,171.0,171.0,168.0,168.5,168.85,34,115.04,58000
2014-11-10,2015-01-29,FUTSTK,IDEA,0.0,FUT,0.0,0.0,0.0,169.9,170.3,0,0.0,0
2014-11-10,2014-11-27,FUTSTK,IDFC,0.0,FUT,154.05,154.4,151.0,151.9,151.9,5501,16751.18,52208000
2014-11-10,2014-12-24,FUTSTK,IDFC,0.0,FUT,154.75,154.75,152.05,152.65,152.65,125,382.9,642000
2014-11-10,2015-01-29,FUTSTK,IDFC,0.0,FUT,153.5,153.5,153.0,153.0,153.9,2,6.13,26000
2014-11-10,2014-11-27,FUTSTK,IFCI,0.0,FUT,38.9,39.55,38.25,39.05,39.05,2242,7837.05,59391000
2014-11-10,2014-12-24,FUTSTK,IFCI,0.0,FUT,39.0,39.8,38.5,39.2,39.2,40,140.67,900000
2014-11-10,2015-01-29,FUTSTK,IFCI,0.0,FUT,39.3,39.3,39.0,39.3,39.3,5,15.67,48000
2014-11-10,2014-11-27,FUTSTK,IGL,0.0,FUT,406.9,424.65,398.7,420.8,420.8,2663,5518.6,963500
2014-11-10,2014-12-24,FUTSTK,IGL,0.0,FUT,402.2,422.05,402.2,422.05,423.7,10,20.74,11000
2014-11-10,2015-01-29,FUTSTK,IGL,0.0,FUT,0.0,0.0,0.0,400.5,427.35,0,0.0,0
2014-11-10,2014-11-27,FUTSTK,INDIACEM,0.0,FUT,116.5,116.75,107.75,108.65,108.65,3769,8414.61,17768000
2014-11-10,2014-12-24,FUTSTK,INDIACEM,0.0,FUT,116.1,116.1,108.85,108.85,108.85,65,144.1,208000
2014-11-10,2015-01-29,FUTSTK,INDIACEM,0.0,FUT,114.2,114.2,113.1,113.1,110.7,3,6.81,30000
2014-11-10,2014-11-27,FUTSTK,INDUSINDBK,0.0,FUT,734.35,735.95,725.0,728.7,728.7,3222,11758.68,7340500
2014-11-10,2014-12-24,FUTSTK,INDUSINDBK,0.0,FUT,738.0,738.7,730.0,734.0,734.0,486,1781.67,444000
2014-11-10,2015-01-29,FUTSTK,INDUSINDBK,0.0,FUT,0.0,0.0,0.0,729.5,738.5,0,0.0,500
2014-11-10,2014-11-27,FUTSTK,INFY,0.0,FUT,4200.0,4200.0,4155.2,4184.3,4184.3,8227,42923.85,3386125
2014-11-10,2014-12-24,FUTSTK,INFY,0.0,FUT,4209.7,4210.0,4180.0,4207.25,4207.25,290,1521.54,89250
2014-11-10,2015-01-29,FUTSTK,INFY,0.0,FUT,4230.0,4235.0,4215.25,4232.5,4232.5,10,52.84,6375
2014-11-10,2014-11-27,FUTSTK,IOB,0.0,FUT,58.55,58.8,57.5,58.15,58.15,541,1256.4,15556000
2014-11-10,2014-12-24,FUTSTK,IOB,0.0,FUT,58.65,58.65,58.0,58.1,58.55,18,41.98,284000
2014-11-10,2015-01-29,FUTSTK,IOB,0.0,FUT,0.0,0.0,0.0,58.55,59.05,0,0.0,0
2014-11-10,2014-11-27,FUTSTK,IOC,0.0,FUT,379.0,384.15,374.2,379.75,379.75,3634,13817.57,6938000
2014-11-10,2014-12-24,FUTSTK,IOC,0.0,FUT,381.8,386.0,378.0,381.85,381.85,12,45.79,204000
2014-11-10,2015-01-29,FUTSTK,IOC,0.0,FUT,0.0,0.0,0.0,364.95,385.65,0,0.0,0
2014-11-10,2014-11-27,FUTSTK,IRB,0.0,FUT,263.5,274.85,261.65,273.7,273.7,14835,39997.08,9587000
2014-11-10,2014-12-24,FUTSTK,IRB,0.0,FUT,264.25,276.0,264.25,275.4,275.4,136,368.83,115000
2014-11-10,2015-01-29,FUTSTK,IRB,0.0,FUT,0.0,0.0,0.0,260.15,278.5,0,0.0,0
2014-11-10,2014-11-27,FUTSTK,ITC,0.0,FUT,359.05,373.1,358.65,372.45,372.45,11899,43788.86,26875000
2014-11-10,2014-12-24,FUTSTK,ITC,0.0,FUT,364.0,375.1,364.0,374.6,374.6,196,725.24,549000
2014-11-10,2015-01-29,FUTSTK,ITC,0.0,FUT,0.0,0.0,0.0,362.75,378.9,0,0.0,0
2014-11-10,2014-11-27,FUTSTK,JINDALSTEL,0.0,FUT,163.65,163.85,155.8,156.65,156.65,5145,8140.95,17746000
2014-11-10,2014-12-24,FUTSTK,JINDALSTEL,0.0,FUT,162.85,162.85,157.0,157.4,157.4,72,114.41,174000
2014-11-10,2015-01-29,FUTSTK,JINDALSTEL,0.0,FUT,0.0,0.0,0.0,162.4,158.8,0,0.0,0
2014-11-10,2014-11-27,FUTSTK,JISLJALEQS,0.0,FUT,84.7,85.35,80.85,81.5,81.5,1692,5597.78,31584000
2014-11-10,2014-12-24,FUTSTK,JISLJALEQS,0.0,FUT,85.0,85.05,81.5,82.25,82.25,46,152.4,336000
2014-11-10,2015-01-29,FUTSTK,JISLJALEQS,0.0,FUT,0.0,0.0,0.0,91.7,82.9,0,0.0,8000
2014-11-10,2014-11-27,FUTSTK,JPASSOCIAT,0.0,FUT,33.05,33.85,32.65,33.0,33.0,4100,10903.56,122040000
2014-11-10,2014-12-24,FUTSTK,JPASSOCIAT,0.0,FUT,33.5,34.0,32.9,33.2,33.2,89,237.62,3488000
2014-11-10,2015-01-29,FUTSTK,JPASSOCIAT,0.0,FUT,34.0,34.0,33.15,33.35,33.35,3,8.05,168000
2014-11-10,2014-11-27,FUTSTK,JPPOWER,0.0,FUT,14.85,15.15,14.35,14.85,14.85,1567,3488.65,53145000
2014-11-10,2014-12-24,FUTSTK,JPPOWER,0.0,FUT,15.05,15.15,14.7,14.95,14.95,45,101.23,2055000
2014-11-10,2015-01-29,FUTSTK,JPPOWER,0.0,FUT,15.35,15.35,15.35,15.35,15.05,1,2.3,15000
2014-11-10,2014-11-27,FUTSTK,JSWENERGY,0.0,FUT,78.05,79.2,76.75,77.45,77.45,460,1426.84,6712000
2014-11-10,2014-12-24,FUTSTK,JSWENERGY,0.0,FUT,78.45,78.45,77.5,77.5,77.85,4,12.44,200000
2014-11-10,2015-01-29,FUTSTK,JSWENERGY,0.0,FUT,0.0,0.0,0.0,82.3,78.5,0,0.0,0
2014-11-10,2014-11-27,FUTSTK,JSWSTEEL,0.0,FUT,1218.5,1245.0,1206.1,1239.05,1239.05,4953,15206.58,5197250
2014-11-10,2014-12-24,FUTSTK,JSWSTEEL,0.0,FUT,1227.0,1251.05,1217.8,1246.75,1246.75,27,83.24,13750
2014-11-10,2015-01-29,FUTSTK,JSWSTEEL,0.0,FUT,0.0,0.0,0.0,1274.2,1255.4,0,0.0,0
2014-11-10,2014-11-27,FUTSTK,JUBLFOOD,0.0,FUT,1293.0,1322.0,1281.0,1307.3,1307.3,1410,4603.75,1888000
2014-11-10,2014-12-24,FUTSTK,JUBLFOOD,0.0,FUT,1305.4,1329.0,1305.4,1322.0,1317.25,8,26.43,6250
2014-11-10,2015-01-29,FUTSTK,JUBLFOOD,0.0,FUT,0.0,0.0,0.0,1337.25,1328.65,0,0.0,0
2014-11-10,2014-11-27,FUTSTK,JUSTDIAL,0.0,FUT,1501.95,1501.95,1447.0,1483.95,1483.95,1335,2463.82,429000
2014-11-10,2014-12-24,FUTSTK,JUSTDIAL,0.0,FUT,1494.0,1498.0,1463.6,1493.05,1493.05,32,59.41,4625
2014-11-10,2015-01-29,FUTSTK,JUSTDIAL,0.0,FUT,0.0,0.0,0.0,1500.0,1505.85,0,0.0,125
2014-11-10,2014-11-27,FUTSTK,KOTAKBANK,0.0,FUT,1139.9,1139.9,1111.2,1115.4,1115.4,4775,13366.08,3786750
2014-11-10,2014-12-24,FUTSTK,KOTAKBANK,0.0,FUT,1135.0,1135.0,1118.0,1119.8,1119.8,37,103.9,47500
2014-11-10,2015-01-29,FUTSTK,KOTAKBANK,0.0,FUT,0.0,0.0,0.0,1113.85,1130.15,0,0.0,250
2014-11-10,2014-11-27,FUTSTK,KTKBANK,0.0,FUT,130.9,131.15,128.65,129.3,129.3,1523,3948.77,17732000
2014-11-10,2014-12-24,FUTSTK,KTKBANK,0.0,FUT,130.8,130.8,129.5,130.4,130.4,11,28.65,142000
2014-11-10,2015-01-29,FUTSTK,KTKBANK,0.0,FUT,0.0,0.0,0.0,133.5,131.15,0,0.0,2000
2014-11-10,2014-11-27,FUTSTK,L&TFH,0.0,FUT,71.7,72.0,70.25,70.45,70.45,2142,6093.07,47872000
2014-11-10,2014-12-24,FUTSTK,L&TFH,0.0,FUT,72.15,72.4,70.75,70.9,70.9,83,237.6,1240000
2014-11-10,2015-01-29,FUTSTK,L&TFH,0.0,FUT,72.1,72.1,72.0,72.0,71.55,2,5.76,24000
2014-11-10,2014-11-27,FUTSTK,LICHSGFIN,0.0,FUT,383.55,389.8,375.05,387.2,387.2,6886,26379.68,10690000
2014-11-10,2014-12-24,FUTSTK,LICHSGFIN,0.0,FUT,383.0,391.45,377.5,389.45,389.45,65,250.31,82000
2014-11-10,2015-01-29,FUTSTK,LICHSGFIN,0.0,FUT,385.0,391.0,383.55,391.0,394.35,5,19.27,3000
2014-11-10,2014-11-27,FUTSTK,LT,0.0,FUT,1617.0,1651.95,1597.7,1627.9,1627.9,17864,72541.19,6893750
2014-11-10,2014-12-24,FUTSTK,LT,0.0,FUT,1633.25,1661.0,1613.6,1636.15,1636.15,252,1029.68,132750
2014-11-10,2015-01-29,FUTSTK,LT,0.0,FUT,1627.5,1655.35,1627.5,1644.0,1650.7,19,77.86,14750
2014-11-10,2014-11-27,FUTSTK,LUPIN,0.0,FUT,1440.0,1455.0,1420.15,1440.9,1440.9,9415,33893.29,9071500
2014-11-10,2014-12-24,FUTSTK,LUPIN,0.0,FUT,1456.05,1465.3,1433.4,1452.0,1452.0,215,779.18,58000
2014-11-10,2015-01-29,FUTSTK,LUPIN,0.0,FUT,0.0,0.0,0.0,1375.0,1458.6,0,0.0,0
2014-11-10,2014-11-27,FUTSTK,M&M,0.0,FUT,1241.35,1258.05,1230.1,1237.3,1237.3,4139,12826.63,3716000
2014-11-10,2014-12-24,FUTSTK,M&M,0.0,FUT,1260.5,1264.7,1238.2,1244.35,1244.35,80,249.46,81250
2014-11-10,2015-01-29,FUTSTK,M&M,0.0,FUT,0.0,0.0,0.0,1316.15,1254.7,0,0.0,0
2014-11-10,2014-11-27,FUTSTK,M&MFIN,0.0,FUT,312.4,313.95,303.45,308.1,308.1,1442,4448.84,6383000
2014-11-10,2014-12-24,FUTSTK,M&MFIN,0.0,FUT,314.05,314.05,305.95,305.95,309.75,5,15.46,21000
2014-11-10,2015-01-29,FUTSTK,M&MFIN,0.0,FUT,0.0,0.0,0.0,298.2,312.45,0,0.0,0
2014-11-10,2014-11-27,FUTSTK,MARUTI,0.0,FUT,3345.55,3345.55,3282.0,3314.9,3314.9,4203,17349.05,2535875
2014-11-10,2014-12-24,FUTSTK,MARUTI,0.0,FUT,3336.35,3340.0,3305.0,3336.3,3336.3,61,253.17,30000
2014-11-10,2015-01-29,FUTSTK,MARUTI,0.0,FUT,3355.1,3355.1,3355.1,3355.1,3371.7,1,4.19,2250
2014-11-10,2014-11-27,FUTSTK,MCLEODRUSS,0.0,FUT,258.0,258.0,251.1,251.45,251.45,443,1122.28,3110000
2014-11-10,2014-12-24,FUTSTK,MCLEODRUSS,0.0,FUT,256.4,258.85,253.35,253.0,253.0,22,56.12,41000
2014-11-10,2015-01-29,FUTSTK,MCLEODRUSS,0.0,FUT,0.0,0.0,0.0,259.65,254.7,0,0.0,0
2014-11-10,2014-11-27,FUTSTK,MINDTREE,0.0,FUT,1132.95,1132.95,1087.5,1097.25,1097.25,812,2259.42,414250
2014-11-10,2014-12-24,FUTSTK,MINDTREE,0.0,FUT,1129.05,1129.9,1108.15,1124.15,1104.45,8,22.4,3750
2014-11-10,2015-01-29,FUTSTK,MINDTREE,0.0,FUT,0.0,0.0,0.0,1118.85,1114.0,0,0.0,0
2014-11-10,2014-11-27,FUTSTK,MOTHERSUMI,0.0,FUT,432.25,439.0,402.5,410.75,410.75,19291,40250.95,4160000
2014-11-10,2014-12-24,FUTSTK,MOTHERSUMI,0.0,FUT,440.0,441.25,406.1,413.45,413.45,142,298.86,81500
2014-11-10,2015-01-29,FUTSTK,MOTHERSUMI,0.0,FUT,0.0,0.0,0.0,434.65,418.25,0,0.0,0
2014-11-10,2014-11-27,FUTSTK,MRF,0.0,FUT,32530.0,32830.0,32400.0,32503.35,32503.35,103,4195.48,45500
2014-11-10,2014-12-24,FUTSTK,MRF,0.0,FUT,0.0,0.0,0.0,31500.0,32723.45,0,0.0,625
2014-11-10,2015-01-29,FUTSTK,MRF,0.0,FUT,0.0,0.0,0.0,31578.65,33006.4,0,0.0,0
2014-11-10,2014-11-27,FUTSTK,NHPC,0.0,FUT,21.35,21.4,21.0,21.15,21.15,567,1439.17,64668000
2014-11-10,2014-12-24,FUTSTK,NHPC,0.0,FUT,21.55,21.55,21.2,21.35,21.35,29,74.07,1500000
2014-11-10,2015-01-29,FUTSTK,NHPC,0.0,FUT,0.0,0.0,0.0,20.45,21.5,0,0.0,0
2014-11-10,2014-11-27,FUTSTK,NMDC,0.0,FUT,156.0,158.35,153.75,157.25,157.25,1433,4479.09,13608000
2014-11-10,2014-12-24,FUTSTK,NMDC,0.0,FUT,158.0,158.9,155.0,158.25,158.25,37,116.37,204000
2014-11-10,2015-01-29,FUTSTK,NMDC,0.0,FUT,0.0,0.0,0.0,158.7,162.45,3,9.39,4000
2014-11-10,2014-11-27,FUTSTK,NTPC,0.0,FUT,145.45,147.45,144.7,146.95,146.95,2387,6974.45,39432000
2014-11-10,2014-12-24,FUTSTK,NTPC,0.0,FUT,146.95,148.25,146.0,147.85,147.85,79,232.05,536000
2014-11-10,2015-01-29,FUTSTK,NTPC,0.0,FUT,147.75,147.85,147.15,147.2,149.0,36,106.14,132000
2014-11-10,2014-11-27,FUTSTK,OFSS,0.0,FUT,3383.45,3385.0,3323.0,3341.25,3341.25,49,204.97,81625
2014-11-10,2014-12-24,FUTSTK,OFSS,0.0,FUT,3360.0,3360.0,3360.0,3360.0,3360.0,1,4.2,1500
2014-11-10,2015-01-29,FUTSTK,OFSS,0.0,FUT,0.0,0.0,0.0,3406.2,3397.05,0,0.0,0
2014-11-10,2014-11-27,FUTSTK,ONGC,0.0,FUT,409.5,413.2,395.4,396.3,396.3,15916,31992.67,24726500
2014-11-10,2014-12-24,FUTSTK,ONGC,0.0,FUT,412.2,412.2,394.6,395.3,395.3,928,1854.85,693000
2014-11-10,2015-01-29,FUTSTK,ONGC,0.0,FUT,402.9,404.25,397.0,397.0,397.0,17,34.02,32000
2014-11-10,2014-11-27,FUTSTK,ORIENTBANK,0.0,FUT,293.9,296.4,284.15,289.4,289.4,3493,10130.07,4204000
2014-11-10,2014-12-24,FUTSTK,ORIENTBANK,0.0,FUT,295.3,297.5,285.9,291.7,291.7,23,66.88,78000
2014-11-10,2015-01-29,FUTSTK,ORIENTBANK,0.0,FUT,0.0,0.0,0.0,288.0,293.7,0,0.0,2000
2014-11-10,2014-11-27,FUTSTK,PETRONET,0.0,FUT,202.1,204.95,199.4,200.8,200.8,1474,5951.27,5356000
2014-11-10,2014-12-24,FUTSTK,PETRONET,0.0,FUT,204.0,204.0,200.5,200.65,200.65,10,40.41,32000
2014-11-10,2015-01-29,FUTSTK,PETRONET,0.0,FUT,0.0,0.0,0.0,202.25,204.25,0,0.0,0
2014-11-10,2014-11-27,FUTSTK,PFC,0.0,FUT,284.15,287.9,268.3,276.6,276.6,8902,24672.29,8744000
2014-11-10,2014-12-24,FUTSTK,PFC,0.0,FUT,288.0,288.0,270.1,276.9,276.9,74,206.06,55000
2014-11-10,2015-01-29,FUTSTK,PFC,0.0,FUT,0.0,0.0,0.0,283.3,280.35,0,0.0,0
2014-11-10,2014-11-27,FUTSTK,PNB,0.0,FUT,946.7,957.0,922.5,926.0,926.0,8980,21098.37,4551500
2014-11-10,2014-12-24,FUTSTK,PNB,0.0,FUT,954.95,962.55,929.0,932.35,932.35,84,198.32,34000
2014-11-10,2015-01-29,FUTSTK,PNB,0.0,FUT,967.0,967.0,960.0,960.0,940.4,21,50.53,5250
2014-11-10,2014-11-27,FUTSTK,POWERGRID,0.0,FUT,146.3,150.3,143.55,149.1,149.1,5643,16603.37,21136000
2014-11-10,2014-12-24,FUTSTK,POWERGRID,0.0,FUT,145.7,150.7,144.8,150.65,150.65,34,100.14,154000
2014-11-10,2015-01-29,FUTSTK,POWERGRID,0.0,FUT,0.0,0.0,0.0,146.95,151.0,0,0.0,4000
2014-11-10,2014-11-27,FUTSTK,PTC,0.0,FUT,92.3,94.5,90.8,93.95,93.95,777,2885.27,7896000
2014-11-10,2014-12-24,FUTSTK,PTC,0.0,FUT,93.1,94.8,93.1,94.5,94.5,9,33.95,72000
2014-11-10,2015-01-29,FUTSTK,PTC,0.0,FUT,0.0,0.0,0.0,90.3,95.0,0,0.0,0
2014-11-10,2014-11-27,FUTSTK,RANBAXY,0.0,FUT,672.7,700.5,672.7,683.8,683.8,11561,39891.82,8287500
2014-11-10,2014-12-24,FUTSTK,RANBAXY,0.0,FUT,681.4,709.65,681.4,687.65,687.65,169,587.37,46500
2014-11-10,2015-01-29,FUTSTK,RANBAXY,0.0,FUT,0.0,0.0,0.0,637.05,696.1,0,0.0,0
2014-11-10,2014-11-27,FUTSTK,RCOM,0.0,FUT,109.0,110.35,106.5,107.15,107.15,6698,14468.05,46632000
2014-11-10,2014-12-24,FUTSTK,RCOM,0.0,FUT,109.85,110.4,107.1,107.75,107.75,98,212.6,458000
2014-11-10,2015-01-29,FUTSTK,RCOM,0.0,FUT,0.0,0.0,0.0,107.5,108.65,0,0.0,6000
2014-11-10,2014-11-27,FUTSTK,RECLTD,0.0,FUT,303.9,313.1,286.7,302.85,302.85,13320,40296.75,6609000
2014-11-10,2014-12-24,FUTSTK,RECLTD,0.0,FUT,306.4,313.65,289.6,304.9,304.9,61,184.12,48000
2014-11-10,2015-01-29,FUTSTK,RECLTD,0.0,FUT,0.0,0.0,0.0,300.55,306.95,0,0.0,0
2014-11-10,2014-11-27,FUTSTK,RELCAPITAL,0.0,FUT,471.4,481.6,468.0,470.2,470.2,18802,44560.85,14418000
2014-11-10,2014-12-24,FUTSTK,RELCAPITAL,0.0,FUT,475.8,484.55,472.0,473.0,473.0,258,614.78,172500
2014-11-10,2015-01-29,FUTSTK,RELCAPITAL,0.0,FUT,0.0,0.0,0.0,492.05,476.85,0,0.0,2000
2014-11-10,2014-11-27,FUTSTK,RELIANCE,0.0,FUT,990.2,995.4,974.25,976.1,976.1,15296,37593.25,33243250
2014-11-10,2014-12-24,FUTSTK,RELIANCE,0.0,FUT,993.35,1001.45,980.55,982.45,982.45,554,1369.31,592500
2014-11-10,2015-01-29,FUTSTK,RELIANCE,0.0,FUT,1004.4,1004.4,988.25,989.85,989.85,50,124.17,24500
2014-11-10,2014-11-27,FUTSTK,RELINFRA,0.0,FUT,637.4,653.15,636.7,643.65,643.65,12871,41501.17,5873500
2014-11-10,2014-12-24,FUTSTK,RELINFRA,0.0,FUT,641.35,655.0,640.95,647.25,647.25,73,236.34,62000
2014-11-10,2015-01-29,FUTSTK,RELINFRA,0.0,FUT,0.0,0.0,0.0,610.75,653.25,0,0.0,0
2014-11-10,2014-11-27,FUTSTK,RPOWER,0.0,FUT,75.55,75.9,74.05,74.3,74.3,4420,13225.35,61216000
2014-11-10,2014-12-24,FUTSTK,RPOWER,0.0,FUT,75.65,76.35,74.55,74.75,74.75,174,523.54,1672000
2014-11-10,2015-01-29,FUTSTK,RPOWER,0.0,FUT,0.0,0.0,0.0,76.5,75.35,0,0.0,48000
2014-11-10,2014-11-27,FUTSTK,SAIL,0.0,FUT,82.45,83.95,80.65,81.65,81.65,1806,5921.84,35912000
2014-11-10,2014-12-24,FUTSTK,SAIL,0.0,FUT,81.85,83.05,80.0,81.0,81.0,93,301.83,780000
2014-11-10,2015-01-29,FUTSTK,SAIL,0.0,FUT,82.45,82.45,80.1,80.1,84.6,6,19.64,52000
2014-11-10,2014-11-27,FUTSTK,SBIN,0.0,FUT,2752.65,2780.55,2743.05,2748.7,2748.7,19457,67068.97,5170125
2014-11-10,2014-12-24,FUTSTK,SBIN,0.0,FUT,2779.95,2791.25,2757.1,2762.0,2762.0,201,695.84,86000
2014-11-10,2015-01-29,FUTSTK,SBIN,0.0,FUT,2794.45,2805.0,2769.85,2772.05,2772.05,43,149.33,14250
2014-11-10,2014-11-27,FUTSTK,SIEMENS,0.0,FUT,888.35,888.9,862.1,870.35,870.35,1046,2280.58,1283000
2014-11-10,2014-12-24,FUTSTK,SIEMENS,0.0,FUT,856.5,882.0,856.5,874.0,876.2,11,24.0,10500
2014-11-10,2015-01-29,FUTSTK,SIEMENS,0.0,FUT,0.0,0.0,0.0,892.3,883.75,0,0.0,250
2014-11-10,2014-11-27,FUTSTK,SKSMICRO,0.0,FUT,363.5,368.25,352.8,354.45,354.45,2769,9931.28,7124000
2014-11-10,2014-12-24,FUTSTK,SKSMICRO,0.0,FUT,369.4,370.1,356.0,360.45,356.2,14,50.46,74000
2014-11-10,2015-01-29,FUTSTK,SKSMICRO,0.0,FUT,0.0,0.0,0.0,319.1,359.3,0,0.0,0
2014-11-10,2014-11-27,FUTSTK,SRTRANSFIN,0.0,FUT,979.4,985.0,965.05,969.5,969.5,2326,5683.24,1379250
2014-11-10,2014-12-24,FUTSTK,SRTRANSFIN,0.0,FUT,985.0,990.0,974.5,975.0,975.0,40,98.11,20000
2014-11-10,2015-01-29,FUTSTK,SRTRANSFIN,0.0,FUT,0.0,0.0,0.0,975.0,975.0,6,14.62,1500
2014-11-10,2014-11-27,FUTSTK,SSLT,0.0,FUT,249.1,251.2,244.0,246.65,246.65,4069,10046.15,19233000
2014-11-10,2014-12-24,FUTSTK,SSLT,0.0,FUT,252.0,252.0,245.7,248.1,248.1,63,156.26,214000
2014-11-10,2015-01-29,FUTSTK,SSLT,0.0,FUT,250.0,250.0,250.0,250.0,249.9,4,10.0,9000
2014-11-10,2014-11-27,FUTSTK,SUNPHARMA,0.0,FUT,901.05,933.3,898.5,912.25,912.25,18577,42720.8,9243000
2014-11-10,2014-12-24,FUTSTK,SUNPHARMA,0.0,FUT,907.95,942.35,907.95,915.4,915.4,495,1140.62,269250
2014-11-10,2015-01-29,FUTSTK,SUNPHARMA,0.0,FUT,932.0,935.05,927.2,927.2,928.85,8,18.63,42750
2014-11-10,2014-11-27,FUTSTK,SUNTV,0.0,FUT,328.0,335.2,320.05,323.85,323.85,2269,7449.47,2120000
2014-11-10,2014-12-24,FUTSTK,SUNTV,0.0,FUT,333.0,335.5,325.0,325.4,325.4,47,156.29,35000
2014-11-10,2015-01-29,FUTSTK,SUNTV,0.0,FUT,0.0,0.0,0.0,326.3,330.35,0,0.0,0
2014-11-10,2014-11-27,FUTSTK,SYNDIBANK,0.0,FUT,125.2,127.25,124.6,126.0,126.0,2367,5956.71,10660000
2014-11-10,2014-12-24,FUTSTK,SYNDIBANK,0.0,FUT,127.55,127.55,125.85,126.85,126.85,21,53.12,192000
2014-11-10,2015-01-29,FUTSTK,SYNDIBANK,0.0,FUT,125.25,125.25,125.2,125.2,127.95,2,5.0,4000
2014-11-10,2014-11-27,FUTSTK,TATACHEM,0.0,FUT,422.55,433.0,420.2,426.25,426.25,9492,40580.2,6150000
2014-11-10,2014-12-24,FUTSTK,TATACHEM,0.0,FUT,426.6,434.6,422.95,428.8,428.8,93,398.78,46000
2014-11-10,2015-01-29,FUTSTK,TATACHEM,0.0,FUT,0.0,0.0,0.0,410.35,431.9,0,0.0,0
2014-11-10,2014-11-27,FUTSTK,TATACOMM,0.0,FUT,433.35,436.8,427.65,432.95,432.95,1738,7515.6,5511000
2014-11-10,2014-12-24,FUTSTK,TATACOMM,0.0,FUT,436.3,438.2,431.1,431.1,436.45,7,30.49,36000
2014-11-10,2015-01-29,FUTSTK,TATACOMM,0.0,FUT,0.0,0.0,0.0,404.5,440.2,0,0.0,0
2014-11-10,2014-11-27,FUTSTK,TATAGLOBAL,0.0,FUT,162.15,163.4,158.2,158.7,158.7,2650,8487.86,39636000
2014-11-10,2014-12-24,FUTSTK,TATAGLOBAL,0.0,FUT,163.15,163.15,159.4,159.45,159.45,41,131.68,204000
2014-11-10,2015-01-29,FUTSTK,TATAGLOBAL,0.0,FUT,162.6,162.6,161.75,161.75,160.8,5,16.19,12000
2014-11-10,2014-11-27,FUTSTK,TATAMOTORS,0.0,FUT,533.1,536.2,522.0,525.4,525.4,12114,31913.6,16897000
2014-11-10,2014-12-24,FUTSTK,TATAMOTORS,0.0,FUT,535.1,538.15,525.3,528.15,528.15,149,394.55,183000
2014-11-10,2015-01-29,FUTSTK,TATAMOTORS,0.0,FUT,537.5,537.5,529.35,530.45,530.45,48,127.81,32500
2014-11-10,2014-11-27,FUTSTK,TATAMTRDVR,0.0,FUT,325.85,328.85,322.9,324.35,324.35,2054,6673.21,24958000
2014-11-10,2014-12-24,FUTSTK,TATAMTRDVR,0.0,FUT,326.9,327.8,325.8,326.05,327.0,12,39.2,228000
2014-11-10,2015-01-29,FUTSTK,TATAMTRDVR,0.0,FUT,327.5,327.5,327.5,327.5,329.8,1,3.27,1000
2014-11-10,2014-11-27,FUTSTK,TATAPOWER,0.0,FUT,91.95,93.85,91.3,93.65,93.65,924,3425.87,22600000
2014-11-10,2014-12-24,FUTSTK,TATAPOWER,0.0,FUT,92.75,94.2,91.85,94.0,94.0,28,104.15,452000
2014-11-10,2015-01-29,FUTSTK,TATAPOWER,0.0,FUT,93.55,93.55,93.55,93.55,95.15,1,3.74,4000
2014-11-10,2014-11-27,FUTSTK,TATASTEEL,0.0,FUT,477.55,478.2,464.6,471.95,471.95,20776,48857.64,20318000
2014-11-10,2014-12-24,FUTSTK,TATASTEEL,0.0,FUT,478.9,481.1,467.55,475.1,475.1,249,587.96,376000
2014-11-10,2015-01-29,FUTSTK,TATASTEEL,0.0,FUT,482.4,482.4,473.0,479.3,479.95,21,50.01,17000
2014-11-10,2014-11-27,FUTSTK,TCS,0.0,FUT,2630.0,2630.0,2564.5,2582.55,2582.55,7730,24891.67,4582625
2014-11-10,2014-12-24,FUTSTK,TCS,0.0,FUT,2589.0,2606.95,2580.55,2597.85,2597.85,143,463.18,83125
2014-11-10,2015-01-29,FUTSTK,TCS,0.0,FUT,2610.9,2610.9,2594.0,2606.65,2619.3,6,19.52,1625
2014-11-10,2014-11-27,FUTSTK,TECHM,0.0,FUT,2660.65,2667.35,2616.35,2643.6,2643.6,3076,10128.54,1916000
2014-11-10,2014-12-24,FUTSTK,TECHM,0.0,FUT,2660.0,2663.45,2633.3,2659.65,2659.65,66,218.44,30000
2014-11-10,2015-01-29,FUTSTK,TECHM,0.0,FUT,2651.0,2675.0,2651.0,2675.0,2675.0,2,6.65,500
2014-11-10,2014-11-27,FUTSTK,TITAN,0.0,FUT,382.9,385.45,376.45,380.25,380.25,2484,9470.24,10013000
2014-11-10,2014-12-24,FUTSTK,TITAN,0.0,FUT,386.0,387.4,380.35,382.7,382.7,70,268.58,128000
2014-11-10,2015-01-29,FUTSTK,TITAN,0.0,FUT,0.0,0.0,0.0,428.65,386.3,0,0.0,0
2014-11-10,2014-11-27,FUTSTK,TVSMOTOR,0.0,FUT,254.55,256.2,248.0,251.35,251.35,2718,6852.27,4061000
2014-11-10,2014-12-24,FUTSTK,TVSMOTOR,0.0,FUT,254.1,256.5,250.25,253.05,253.05,10,25.33,50000
2014-11-10,2015-01-29,FUTSTK,TVSMOTOR,0.0,FUT,0.0,0.0,0.0,262.75,254.75,0,0.0,0
2014-11-10,2014-11-27,FUTSTK,UBL,0.0,FUT,697.15,705.0,686.0,689.8,689.8,239,414.96,393500
2014-11-10,2014-12-24,FUTSTK,UBL,0.0,FUT,0.0,0.0,0.0,642.95,693.55,0,0.0,1250
2014-11-10,2015-01-29,FUTSTK,UBL,0.0,FUT,0.0,0.0,0.0,717.5,699.55,0,0.0,0
2014-11-10,2014-11-27,FUTSTK,UCOBANK,0.0,FUT,82.15,84.5,81.4,84.2,84.2,2769,9215.52,23120000
2014-11-10,2014-12-24,FUTSTK,UCOBANK,0.0,FUT,82.8,85.0,82.0,84.75,84.75,34,113.58,156000
2014-11-10,2015-01-29,FUTSTK,UCOBANK,0.0,FUT,0.0,0.0,0.0,87.8,85.7,0,0.0,4000
2014-11-10,2014-11-27,FUTSTK,ULTRACEMCO,0.0,FUT,2588.9,2597.85,2559.3,2587.45,2587.45,1065,3439.87,907375
2014-11-10,2014-12-24,FUTSTK,ULTRACEMCO,0.0,FUT,2589.4,2607.45,2589.4,2603.7,2603.7,27,87.68,12250
2014-11-10,2015-01-29,FUTSTK,ULTRACEMCO,0.0,FUT,0.0,0.0,0.0,2567.55,2631.0,0,0.0,0
2014-11-10,2014-11-27,FUTSTK,UNIONBANK,0.0,FUT,216.35,217.35,211.0,213.1,213.1,5020,10742.49,7487000
2014-11-10,2014-12-24,FUTSTK,UNIONBANK,0.0,FUT,217.95,218.2,211.9,214.0,214.0,91,195.78,150000
2014-11-10,2015-01-29,FUTSTK,UNIONBANK,0.0,FUT,0.0,0.0,0.0,225.0,216.05,0,0.0,1000
2014-11-10,2014-11-27,FUTSTK,UNITECH,0.0,FUT,22.85,22.85,21.5,21.65,21.65,4140,15476.3,179554000
2014-11-10,2014-12-24,FUTSTK,UNITECH,0.0,FUT,22.8,22.8,21.7,21.8,21.8,87,326.07,3655000
2014-11-10,2015-01-29,FUTSTK,UNITECH,0.0,FUT,22.5,22.5,22.05,22.05,22.05,6,11.94,99000
2014-11-10,2014-11-27,FUTSTK,UPL,0.0,FUT,336.1,339.9,332.3,336.6,336.6,1727,5806.25,7884000
2014-11-10,2014-12-24,FUTSTK,UPL,0.0,FUT,339.65,341.5,335.0,338.6,338.6,22,74.41,52000
2014-11-10,2015-01-29,FUTSTK,UPL,0.0,FUT,0.0,0.0,0.0,347.55,342.1,0,0.0,0
2014-11-10,2014-11-27,FUTSTK,VOLTAS,0.0,FUT,249.1,261.75,246.6,260.35,260.35,9802,25057.02,6041000
2014-11-10,2014-12-24,FUTSTK,VOLTAS,0.0,FUT,250.15,262.95,248.5,261.6,261.6,96,245.08,63000
2014-11-10,2015-01-29,FUTSTK,VOLTAS,0.0,FUT,256.15,256.7,256.15,260.1,260.1,15,38.6,16000
2014-11-10,2014-11-27,FUTSTK,WIPRO,0.0,FUT,559.9,561.9,554.7,560.45,560.45,4386,12259.99,9213000
2014-11-10,2014-12-24,FUTSTK,WIPRO,0.0,FUT,560.45,565.0,559.0,563.9,563.9,72,202.28,118500
2014-11-10,2015-01-29,FUTSTK,WIPRO,0.0,FUT,563.1,563.1,563.1,563.1,569.65,1,2.81,5500
2014-11-10,2014-11-27,FUTSTK,YESBANK,0.0,FUT,683.8,684.15,671.45,677.95,677.95,6680,22643.52,7757000
2014-11-10,2014-12-24,FUTSTK,YESBANK,0.0,FUT,686.15,686.95,675.0,680.75,680.75,98,333.53,272000
2014-11-10,2015-01-29,FUTSTK,YESBANK,0.0,FUT,0.0,0.0,0.0,687.35,687.7,0,0.0,1000
2014-11-10,2014-11-27,FUTSTK,ZEEL,0.0,FUT,375.25,376.85,366.1,370.65,370.65,4401,16353.68,7185000
2014-11-10,2014-12-24,FUTSTK,ZEEL,0.0,FUT,378.05,378.05,368.05,372.45,372.45,36,134.45,88000
2014-11-10,2015-01-29,FUTSTK,ZEEL,0.0,FUT,0.0,0.0,0.0,378.0,375.7,0,0.0,1000
2014-11-10,2014-11-27,OPTIDX,BANKNIFTY,13600.0,CE,0.0,0.0,0.0,3789.75,3716.1,0,0.0,8550
2014-11-10,2014-11-27,OPTIDX,BANKNIFTY,13700.0,CE,3606.0,3606.0,3606.0,3606.0,3606.0,1,4.32,3225
2014-11-10,2014-11-27,OPTIDX,BANKNIFTY,13800.0,CE,0.0,0.0,0.0,1793.55,3516.9,0,0.0,0
2014-11-10,2014-11-27,OPTIDX,BANKNIFTY,13900.0,CE,0.0,0.0,0.0,1708.45,3417.3,0,0.0,0
2014-11-10,2014-11-27,OPTIDX,BANKNIFTY,14000.0,CE,0.0,0.0,0.0,3430.0,3317.65,0,0.0,10750
2014-11-10,2014-11-27,OPTIDX,BANKNIFTY,14100.0,CE,0.0,0.0,0.0,2014.55,3218.05,0,0.0,0
2014-11-10,2014-11-27,OPTIDX,BANKNIFTY,14200.0,CE,0.0,0.0,0.0,1928.3,3118.45,0,0.0,0
2014-11-10,2014-11-27,OPTIDX,BANKNIFTY,14300.0,CE,0.0,0.0,0.0,1843.4,3018.85,0,0.0,0
2014-11-10,2014-11-27,OPTIDX,BANKNIFTY,14400.0,CE,0.0,0.0,0.0,1760.0,2919.25,0,0.0,0
2014-11-10,2014-11-27,OPTIDX,BANKNIFTY,14500.0,CE,2796.0,2850.0,2796.0,2840.0,2840.0,5,21.66,3125
2014-11-10,2014-11-27,OPTIDX,BANKNIFTY,14600.0,CE,0.0,0.0,0.0,1597.9,2720.05,0,0.0,0
2014-11-10,2014-11-27,OPTIDX,BANKNIFTY,14700.0,CE,0.0,0.0,0.0,1519.4,2620.5,0,0.0,0
2014-11-10,2014-11-27,OPTIDX,BANKNIFTY,14800.0,CE,0.0,0.0,0.0,1442.8,2520.95,0,0.0,0
2014-11-10,2014-11-27,OPTIDX,BANKNIFTY,14900.0,CE,0.0,0.0,0.0,1368.05,2421.4,0,0.0,0
2014-11-10,2014-11-27,OPTIDX,BANKNIFTY,15000.0,CE,2476.0,2486.65,2342.65,2342.65,2342.65,5,21.8,14275
2014-11-10,2014-11-27,OPTIDX,BANKNIFTY,15100.0,CE,0.0,0.0,0.0,1650.0,2222.45,0,0.0,200
2014-11-10,2014-11-27,OPTIDX,BANKNIFTY,15200.0,CE,0.0,0.0,0.0,1155.9,2123.15,0,0.0,0
2014-11-10,2014-11-27,OPTIDX,BANKNIFTY,15300.0,CE,0.0,0.0,0.0,1478.4,2023.95,0,0.0,900
2014-11-10,2014-11-27,OPTIDX,BANKNIFTY,15400.0,CE,0.0,0.0,0.0,1994.9,1924.95,0,0.0,3000
2014-11-10,2014-11-27,OPTIDX,BANKNIFTY,15500.0,CE,1950.4,1989.35,1800.0,1840.75,1840.75,90,390.48,16550
2014-11-10,2014-11-27,OPTIDX,BANKNIFTY,15600.0,CE,0.0,0.0,0.0,1551.5,1727.85,0,0.0,2125
2014-11-10,2014-11-27,OPTIDX,BANKNIFTY,15700.0,CE,0.0,0.0,0.0,1400.0,1630.0,0,0.0,450
2014-11-10,2014-11-27,OPTIDX,BANKNIFTY,15800.0,CE,1516.0,1936.15,1516.0,1570.55,1570.55,17,73.81,8250
2014-11-10,2014-11-27,OPTIDX,BANKNIFTY,15900.0,CE,0.0,0.0,0.0,1040.15,1436.5,0,0.0,625
2014-11-10,2014-11-27,OPTIDX,BANKNIFTY,16000.0,CE,1425.0,1500.0,1314.85,1369.05,1369.05,280,1215.83,59950
2014-11-10,2014-11-27,OPTIDX,BANKNIFTY,16100.0,CE,1276.0,1286.0,1276.0,1286.0,1286.0,2,8.69,1375
2014-11-10,2014-11-27,OPTIDX,BANKNIFTY,16200.0,CE,1210.0,1273.0,1156.0,1172.15,1172.15,9,39.13,18350
2014-11-10,2014-11-27,OPTIDX,BANKNIFTY,16300.0,CE,1111.0,1111.0,1056.85,1103.0,1103.0,3,13.04,3575
2014-11-10,2014-11-27,OPTIDX,BANKNIFTY,16400.0,CE,1100.0,1110.0,975.0,975.0,975.0,20,87.35,2075
2014-11-10,2014-11-27,OPTIDX,BANKNIFTY,16500.0,CE,951.05,1042.75,853.0,899.8,899.8,264,1148.01,66925
2014-11-10,2014-11-27,OPTIDX,BANKNIFTY,16600.0,CE,900.0,907.65,800.6,818.15,818.15,5,21.82,8325
2014-11-10,2014-11-27,OPTIDX,BANKNIFTY,16700.0,CE,790.0,790.0,691.0,733.75,733.75,20,87.14,22350
2014-11-10,2014-11-27,OPTIDX,BANKNIFTY,16800.0,CE,750.0,800.95,609.9,644.05,644.05,35,152.85,22475
2014-11-10,2014-11-27,OPTIDX,BANKNIFTY,16900.0,CE,701.65,701.65,550.0,583.25,583.25,86,376.02,12900
2014-11-10,2014-11-27,OPTIDX,BANKNIFTY,17000.0,CE,574.95,621.7,470.0,498.5,498.5,1937,8481.29,188575
2014-11-10,2014-11-27,OPTIDX,BANKNIFTY,17100.0,CE,499.15,548.7,400.0,426.35,426.35,185,811.7,15200
2014-11-10,2014-11-27,OPTIDX,BANKNIFTY,17200.0,CE,448.5,476.15,344.0,367.15,367.15,831,3653.7,33350
2014-11-10,2014-11-27,OPTIDX,BANKNIFTY,17300.0,CE,393.9,415.0,290.0,308.5,308.5,2462,10846.4,45900
2014-11-10,2014-11-27,OPTIDX,BANKNIFTY,17400.0,CE,316.4,355.0,241.5,259.15,259.15,3820,16883.18,38675
2014-11-10,2014-11-27,OPTIDX,BANKNIFTY,17500.0,CE,275.0,301.3,198.45,214.4,214.4,23520,104247.65,351025
2014-11-10,2014-11-27,OPTIDX,BANKNIFTY,17600.0,CE,215.0,250.45,160.0,175.4,175.4,5901,26241.99,39400
2014-11-10,2014-11-27,OPTIDX,BANKNIFTY,17700.0,CE,196.0,206.3,130.0,141.05,141.05,5678,25341.68,31500
2014-11-10,2014-11-27,OPTIDX,BANKNIFTY,17800.0,CE,145.1,168.05,102.65,111.75,111.75,8368,37496.42,72400
2014-11-10,2014-11-27,OPTIDX,BANKNIFTY,17900.0,CE,141.65,141.7,81.0,86.9,86.9,5419,24382.33,28750
2014-11-10,2014-11-27,OPTIDX,BANKNIFTY,18000.0,CE,98.95,107.2,62.25,68.95,68.95,30619,138367.12,382575
2014-11-10,2014-11-27,OPTIDX,BANKNIFTY,18100.0,CE,77.95,82.1,48.2,52.85,52.85,2052,9316.43,16625
2014-11-10,2014-11-27,OPTIDX,BANKNIFTY,18200.0,CE,62.95,65.25,37.1,41.15,41.15,3955,18041.83,27525
2014-11-10,2014-11-27,OPTIDX,BANKNIFTY,18300.0,CE,43.8,50.0,28.5,31.6,31.6,5165,23676.56,47625
2014-11-10,2014-11-27,OPTIDX,BANKNIFTY,18400.0,CE,37.95,40.75,20.7,22.85,22.85,3719,17133.26,42025
2014-11-10,2014-11-27,OPTIDX,BANKNIFTY,18500.0,CE,26.0,28.95,15.3,17.95,17.95,1975,9144.09,36275
2014-11-10,2014-11-27,OPTIDX,BANKNIFTY,18600.0,CE,19.7,22.0,11.15,13.45,13.45,357,1661.4,13600
2014-11-10,2014-11-27,OPTIDX,BANKNIFTY,18700.0,CE,10.0,13.0,10.0,13.0,13.0,21,98.22,3025
2014-11-10,2014-11-27,OPTIDX,BANKNIFTY,18800.0,CE,0.0,0.0,0.0,42.9,15.8,0,0.0,0
2014-11-10,2014-11-27,OPTIDX,BANKNIFTY,18900.0,CE,0.0,0.0,0.0,35.0,12.05,0,0.0,0
2014-11-10,2014-11-27,OPTIDX,BANKNIFTY,19000.0,CE,7.0,7.0,7.0,7.0,7.0,4,19.0,100
2014-11-10,2014-11-27,OPTIDX,BANKNIFTY,13600.0,PE,0.0,0.0,0.0,2.1,0.0,0,0.0,5675
2014-11-10,2014-11-27,OPTIDX,BANKNIFTY,13700.0,PE,4.45,4.45,4.45,4.45,4.45,1,3.42,2475
2014-11-10,2014-11-27,OPTIDX,BANKNIFTY,13800.0,PE,0.0,0.0,0.0,6.15,0.0,0,0.0,0
2014-11-10,2014-11-27,OPTIDX,BANKNIFTY,13900.0,PE,0.0,0.0,0.0,6.2,0.0,0,0.0,0
2014-11-10,2014-11-27,OPTIDX,BANKNIFTY,14000.0,PE,5.0,5.95,5.0,5.95,5.95,5,17.5,9000
2014-11-10,2014-11-27,OPTIDX,BANKNIFTY,14100.0,PE,0.0,0.0,0.0,74.5,0.0,0,0.0,0
2014-11-10,2014-11-27,OPTIDX,BANKNIFTY,14200.0,PE,0.0,0.0,0.0,86.1,0.0,0,0.0,0
2014-11-10,2014-11-27,OPTIDX,BANKNIFTY,14300.0,PE,0.0,0.0,0.0,99.1,0.0,0,0.0,0
2014-11-10,2014-11-27,OPTIDX,BANKNIFTY,14400.0,PE,0.0,0.0,0.0,113.55,0.05,0,0.0,0
2014-11-10,2014-11-27,OPTIDX,BANKNIFTY,14500.0,PE,4.5,6.0,3.3,4.25,4.25,16,58.01,6775
2014-11-10,2014-11-27,OPTIDX,BANKNIFTY,14600.0,PE,0.0,0.0,0.0,147.2,0.05,0,0.0,0
2014-11-10,2014-11-27,OPTIDX,BANKNIFTY,14700.0,PE,0.0,0.0,0.0,166.6,0.1,0,0.0,0
2014-11-10,2014-11-27,OPTIDX,BANKNIFTY,14800.0,PE,0.0,0.0,0.0,12.1,0.1,0,0.0,325
2014-11-10,2014-11-27,OPTIDX,BANKNIFTY,14900.0,PE,0.0,0.0,0.0,211.0,0.2,0,0.0,0
2014-11-10,2014-11-27,OPTIDX,BANKNIFTY,15000.0,PE,4.6,7.0,4.55,5.45,5.45,687,2577.25,84125
2014-11-10,2014-11-27,OPTIDX,BANKNIFTY,15100.0,PE,6.3,6.3,4.4,5.05,5.05,180,679.72,10050
2014-11-10,2014-11-27,OPTIDX,BANKNIFTY,15200.0,PE,5.0,6.0,5.0,5.1,5.1,72,273.69,7600
2014-11-10,2014-11-27,OPTIDX,BANKNIFTY,15300.0,PE,6.45,9.0,6.45,9.0,9.0,93,355.93,3350
2014-11-10,2014-11-27,OPTIDX,BANKNIFTY,15400.0,PE,8.05,10.0,7.0,7.15,7.15,47,181.03,4650
2014-11-10,2014-11-27,OPTIDX,BANKNIFTY,15500.0,PE,10.1,12.8,7.25,8.1,8.1,4003,15521.24,157350
2014-11-10,2014-11-27,OPTIDX,BANKNIFTY,15600.0,PE,10.0,14.3,8.65,10.2,10.2,236,921.05,10725
2014-11-10,2014-11-27,OPTIDX,BANKNIFTY,15700.0,PE,13.2,16.1,11.5,12.35,12.35,344,1351.35,11950
2014-11-10,2014-11-27,OPTIDX,BANKNIFTY,15800.0,PE,17.15,20.6,14.0,14.75,14.75,628,2483.32,23525
2014-11-10,2014-11-27,OPTIDX,BANKNIFTY,15900.0,PE,17.45,23.35,14.95,17.2,17.2,919,3657.44,40600
2014-11-10,2014-11-27,OPTIDX,BANKNIFTY,16000.0,PE,22.55,30.0,20.1,23.0,23.0,14469,57966.68,495800
2014-11-10,2014-11-27,OPTIDX,BANKNIFTY,16100.0,PE,25.85,34.05,23.35,25.9,25.9,1330,5362.34,31300
2014-11-10,2014-11-27,OPTIDX,BANKNIFTY,16200.0,PE,29.95,40.95,27.05,30.4,30.4,3062,12427.8,59750
2014-11-10,2014-11-27,OPTIDX,BANKNIFTY,16300.0,PE,37.75,48.75,33.0,37.65,37.65,1768,7222.51,32250
2014-11-10,2014-11-27,OPTIDX,BANKNIFTY,16400.0,PE,43.2,58.95,39.8,45.05,45.05,2521,10366.99,40700
2014-11-10,2014-11-27,OPTIDX,BANKNIFTY,16500.0,PE,51.5,69.35,45.4,55.8,55.8,20354,84263.49,492975
2014-11-10,2014-11-27,OPTIDX,BANKNIFTY,16600.0,PE,63.6,85.0,56.8,67.2,67.2,3513,14643.3,93075
2014-11-10,2014-11-27,OPTIDX,BANKNIFTY,16700.0,PE,74.05,101.0,64.6,78.7,78.7,3741,15699.82,74125
2014-11-10,2014-11-27,OPTIDX,BANKNIFTY,16800.0,PE,89.0,120.0,80.1,96.8,96.8,4411,18640.35,148900
2014-11-10,2014-11-27,OPTIDX,BANKNIFTY,16900.0,PE,107.7,145.3,100.1,118.45,118.45,2848,12121.44,52700
2014-11-10,2014-11-27,OPTIDX,BANKNIFTY,17000.0,PE,130.0,175.35,117.8,143.25,143.25,28093,120455.61,319025
2014-11-10,2014-11-27,OPTIDX,BANKNIFTY,17100.0,PE,158.85,208.15,142.0,172.25,172.25,3026,13072.47,43150
2014-11-10,2014-11-27,OPTIDX,BANKNIFTY,17200.0,PE,189.95,250.0,168.7,208.65,208.65,8194,35673.72,90000
2014-11-10,2014-11-27,OPTIDX,BANKNIFTY,17300.0,PE,225.0,291.4,209.8,252.35,252.35,6415,28159.13,60050
2014-11-10,2014-11-27,OPTIDX,BANKNIFTY,17400.0,PE,268.5,343.5,241.45,296.75,296.75,3028,13397.26,24600
2014-11-10,2014-11-27,OPTIDX,BANKNIFTY,17500.0,PE,321.75,395.0,281.35,347.1,347.1,2695,12023.34,52550
2014-11-10,2014-11-27,OPTIDX,BANKNIFTY,17600.0,PE,388.75,458.0,335.45,410.05,410.05,90,405.13,3775
2014-11-10,2014-11-27,OPTIDX,BANKNIFTY,17700.0,PE,431.05,510.0,431.05,482.5,482.5,9,40.9,825
2014-11-10,2014-11-27,OPTIDX,BANKNIFTY,17800.0,PE,507.45,511.0,471.0,511.0,511.0,3,13.72,1725
2014-11-10,2014-11-27,OPTIDX,BANKNIFTY,17900.0,PE,515.55,610.0,515.55,610.0,610.0,6,27.71,375
2014-11-10,2014-11-27,OPTIDX,BANKNIFTY,18000.0,PE,659.0,748.9,590.0,698.55,698.55,298,1391.74,17350
2014-11-10,2014-11-27,OPTIDX,BANKNIFTY,18100.0,PE,0.0,0.0,0.0,1575.35,850.0,0,0.0,0
2014-11-10,2014-11-27,OPTIDX,BANKNIFTY,18200.0,PE,0.0,0.0,0.0,1580.45,933.55,0,0.0,0
2014-11-10,2014-11-27,OPTIDX,BANKNIFTY,18300.0,PE,0.0,0.0,0.0,1570.1,1019.7,0,0.0,0
2014-11-10,2014-11-27,OPTIDX,BANKNIFTY,18400.0,PE,0.0,0.0,0.0,1567.25,1108.15,0,0.0,0
2014-11-10,2014-11-27,OPTIDX,BANKNIFTY,18500.0,PE,0.0,0.0,0.0,1125.0,1198.6,0,0.0,500
2014-11-10,2014-11-27,OPTIDX,BANKNIFTY,18600.0,PE,0.0,0.0,0.0,1498.0,1290.75,0,0.0,0
2014-11-10,2014-11-27,OPTIDX,BANKNIFTY,18700.0,PE,0.0,0.0,0.0,1504.95,1384.4,0,0.0,0
2014-11-10,2014-11-27,OPTIDX,BANKNIFTY,18800.0,PE,0.0,0.0,0.0,1398.35,1479.25,0,0.0,0
2014-11-10,2014-11-27,OPTIDX,BANKNIFTY,18900.0,PE,0.0,0.0,0.0,1489.95,1575.05,0,0.0,0
2014-11-10,2014-11-27,OPTIDX,BANKNIFTY,19000.0,PE,0.0,0.0,0.0,1582.9,1671.75,0,0.0,0
2014-11-10,2014-12-24,OPTIDX,BANKNIFTY,13600.0,CE,0.0,0.0,0.0,1921.25,3805.0,0,0.0,0
2014-11-10,2014-12-24,OPTIDX,BANKNIFTY,13700.0,CE,0.0,0.0,0.0,2013.1,3706.1,0,0.0,0
2014-11-10,2014-12-24,OPTIDX,BANKNIFTY,13800.0,CE,0.0,0.0,0.0,1930.4,3607.3,0,0.0,0
2014-11-10,2014-12-24,OPTIDX,BANKNIFTY,13900.0,CE,0.0,0.0,0.0,1849.1,3508.5,0,0.0,0
2014-11-10,2014-12-24,OPTIDX,BANKNIFTY,14000.0,CE,0.0,0.0,0.0,1769.35,3409.75,0,0.0,0
2014-11-10,2014-12-24,OPTIDX,BANKNIFTY,14100.0,CE,0.0,0.0,0.0,1691.15,3311.05,0,0.0,0
2014-11-10,2014-12-24,OPTIDX,BANKNIFTY,14200.0,CE,0.0,0.0,0.0,1614.65,3212.45,0,0.0,0
2014-11-10,2014-12-24,OPTIDX,BANKNIFTY,14300.0,CE,0.0,0.0,0.0,1539.9,3114.0,0,0.0,0
2014-11-10,2014-12-24,OPTIDX,BANKNIFTY,14400.0,CE,0.0,0.0,0.0,1467.45,3015.65,0,0.0,0
2014-11-10,2014-12-24,OPTIDX,BANKNIFTY,14500.0,CE,0.0,0.0,0.0,1396.2,2917.5,0,0.0,0
2014-11-10,2014-12-24,OPTIDX,BANKNIFTY,14600.0,CE,0.0,0.0,0.0,1326.3,2819.6,0,0.0,0
2014-11-10,2014-12-24,OPTIDX,BANKNIFTY,14700.0,CE,0.0,0.0,0.0,1259.1,2721.9,0,0.0,0
2014-11-10,2014-12-24,OPTIDX,BANKNIFTY,14800.0,CE,0.0,0.0,0.0,1193.85,2624.55,0,0.0,0
2014-11-10,2014-12-24,OPTIDX,BANKNIFTY,14900.0,CE,0.0,0.0,0.0,1130.7,2527.6,0,0.0,0
2014-11-10,2014-12-24,OPTIDX,BANKNIFTY,15000.0,CE,0.0,0.0,0.0,1069.55,2431.1,0,0.0,0
2014-11-10,2014-12-24,OPTIDX,BANKNIFTY,15100.0,CE,0.0,0.0,0.0,1010.5,2335.15,0,0.0,0
2014-11-10,2014-12-24,OPTIDX,BANKNIFTY,15200.0,CE,0.0,0.0,0.0,953.6,2239.85,0,0.0,0
2014-11-10,2014-12-24,OPTIDX,BANKNIFTY,15300.0,CE,0.0,0.0,0.0,898.8,2145.25,0,0.0,0
2014-11-10,2014-12-24,OPTIDX,BANKNIFTY,15400.0,CE,0.0,0.0,0.0,846.1,2051.5,0,0.0,0
2014-11-10,2014-12-24,OPTIDX,BANKNIFTY,15500.0,CE,0.0,0.0,0.0,795.5,1958.7,0,0.0,0
2014-11-10,2014-12-24,OPTIDX,BANKNIFTY,15600.0,CE,0.0,0.0,0.0,747.0,1867.0,0,0.0,0
2014-11-10,2014-12-24,OPTIDX,BANKNIFTY,15700.0,CE,0.0,0.0,0.0,700.6,1776.5,0,0.0,0
2014-11-10,2014-12-24,OPTIDX,BANKNIFTY,15800.0,CE,0.0,0.0,0.0,656.3,1687.35,0,0.0,0
2014-11-10,2014-12-24,OPTIDX,BANKNIFTY,15900.0,CE,0.0,0.0,0.0,614.05,1599.65,0,0.0,0
2014-11-10,2014-12-24,OPTIDX,BANKNIFTY,16000.0,CE,0.0,0.0,0.0,1160.0,1513.65,0,0.0,50
2014-11-10,2014-12-24,OPTIDX,BANKNIFTY,16100.0,CE,0.0,0.0,0.0,535.55,1429.35,0,0.0,0
2014-11-10,2014-12-24,OPTIDX,BANKNIFTY,16200.0,CE,0.0,0.0,0.0,499.2,1347.05,0,0.0,0
2014-11-10,2014-12-24,OPTIDX,BANKNIFTY,16300.0,CE,0.0,0.0,0.0,464.8,1266.75,0,0.0,0
2014-11-10,2014-12-24,OPTIDX,BANKNIFTY,16400.0,CE,0.0,0.0,0.0,432.2,1188.65,0,0.0,0
2014-11-10,2014-12-24,OPTIDX,BANKNIFTY,16500.0,CE,0.0,0.0,0.0,967.7,1112.9,0,0.0,400
2014-11-10,2014-12-24,OPTIDX,BANKNIFTY,16600.0,CE,0.0,0.0,0.0,372.4,1040.15,0,0.0,0
2014-11-10,2014-12-24,OPTIDX,BANKNIFTY,16700.0,CE,0.0,0.0,0.0,345.05,968.65,0,0.0,0
2014-11-10,2014-12-24,OPTIDX,BANKNIFTY,16800.0,CE,0.0,0.0,0.0,319.3,900.6,0,0.0,0
2014-11-10,2014-12-24,OPTIDX,BANKNIFTY,16900.0,CE,0.0,0.0,0.0,295.95,835.3,0,0.0,0
2014-11-10,2014-12-24,OPTIDX,BANKNIFTY,17000.0,CE,770.0,770.0,730.0,730.0,730.0,16,70.93,900
2014-11-10,2014-12-24,OPTIDX,BANKNIFTY,17100.0,CE,0.0,0.0,0.0,348.95,713.25,0,0.0,0
2014-11-10,2014-12-24,OPTIDX,BANKNIFTY,17200.0,CE,598.9,598.9,598.9,598.9,598.9,1,4.44,275
2014-11-10,2014-12-24,OPTIDX,BANKNIFTY,17300.0,CE,0.0,0.0,0.0,289.2,602.9,0,0.0,0
2014-11-10,2014-12-24,OPTIDX,BANKNIFTY,17400.0,CE,0.0,0.0,0.0,242.5,552.05,0,0.0,0
2014-11-10,2014-12-24,OPTIDX,BANKNIFTY,17500.0,CE,499.0,499.0,406.0,440.5,440.5,33,148.03,1525
2014-11-10,2014-12-24,OPTIDX,BANKNIFTY,17600.0,CE,0.0,0.0,0.0,458.1,459.35,0,0.0,0
2014-11-10,2014-12-24,OPTIDX,BANKNIFTY,17700.0,CE,0.0,0.0,0.0,323.25,417.35,0,0.0,0
2014-11-10,2014-12-24,OPTIDX,BANKNIFTY,17800.0,CE,0.0,0.0,0.0,299.5,378.15,0,0.0,0
2014-11-10,2014-12-24,OPTIDX,BANKNIFTY,17900.0,CE,0.0,0.0,0.0,324.1,341.7,0,0.0,0
2014-11-10,2014-12-24,OPTIDX,BANKNIFTY,18000.0,CE,240.0,249.95,220.0,224.0,224.0,52,237.11,3900
2014-11-10,2014-12-24,OPTIDX,BANKNIFTY,18100.0,CE,0.0,0.0,0.0,225.15,276.75,0,0.0,0
2014-11-10,2014-12-24,OPTIDX,BANKNIFTY,18200.0,CE,0.0,0.0,0.0,206.9,248.05,0,0.0,0
2014-11-10,2014-12-24,OPTIDX,BANKNIFTY,18300.0,CE,0.0,0.0,0.0,195.9,221.7,0,0.0,0
2014-11-10,2014-12-24,OPTIDX,BANKNIFTY,18400.0,CE,0.0,0.0,0.0,164.7,198.5,0,0.0,0
2014-11-10,2014-12-24,OPTIDX,BANKNIFTY,18500.0,CE,0.0,0.0,0.0,204.55,175.9,0,0.0,0
2014-11-10,2014-12-24,OPTIDX,BANKNIFTY,18600.0,CE,0.0,0.0,0.0,184.8,155.95,0,0.0,0
2014-11-10,2014-12-24,OPTIDX,BANKNIFTY,18700.0,CE,0.0,0.0,0.0,163.7,137.9,0,0.0,0
2014-11-10,2014-12-24,OPTIDX,BANKNIFTY,18800.0,CE,0.0,0.0,0.0,182.25,121.6,0,0.0,0
2014-11-10,2014-12-24,OPTIDX,BANKNIFTY,18900.0,CE,0.0,0.0,0.0,163.5,106.95,0,0.0,0
2014-11-10,2014-12-24,OPTIDX,BANKNIFTY,19000.0,CE,0.0,0.0,0.0,146.4,93.8,0,0.0,0
2014-11-10,2014-12-24,OPTIDX,BANKNIFTY,13600.0,PE,0.0,0.0,0.0,83.95,0.2,0,0.0,0
2014-11-10,2014-12-24,OPTIDX,BANKNIFTY,13700.0,PE,0.0,0.0,0.0,115.35,0.3,0,0.0,0
2014-11-10,2014-12-24,OPTIDX,BANKNIFTY,13800.0,PE,0.0,0.0,0.0,130.45,0.4,0,0.0,0
2014-11-10,2014-12-24,OPTIDX,BANKNIFTY,13900.0,PE,0.0,0.0,0.0,147.0,0.55,0,0.0,0
2014-11-10,2014-12-24,OPTIDX,BANKNIFTY,14000.0,PE,0.0,0.0,0.0,165.05,0.75,0,0.0,0
2014-11-10,2014-12-24,OPTIDX,BANKNIFTY,14100.0,PE,0.0,0.0,0.0,184.7,1.05,0,0.0,0
2014-11-10,2014-12-24,OPTIDX,BANKNIFTY,14200.0,PE,0.0,0.0,0.0,206.0,1.4,0,0.0,0
2014-11-10,2014-12-24,OPTIDX,BANKNIFTY,14300.0,PE,0.0,0.0,0.0,190.0,1.9,0,0.0,0
2014-11-10,2014-12-24,OPTIDX,BANKNIFTY,14400.0,PE,0.0,0.0,0.0,254.4,2.5,0,0.0,0
2014-11-10,2014-12-24,OPTIDX,BANKNIFTY,14500.0,PE,0.0,0.0,0.0,281.0,3.3,0,0.0,0
2014-11-10,2014-12-24,OPTIDX,BANKNIFTY,14600.0,PE,0.0,0.0,0.0,308.95,4.35,0,0.0,0
2014-11-10,2014-12-24,OPTIDX,BANKNIFTY,14700.0,PE,0.0,0.0,0.0,339.55,5.6,0,0.0,0
2014-11-10,2014-12-24,OPTIDX,BANKNIFTY,14800.0,PE,0.0,0.0,0.0,372.15,7.25,0,0.0,0
2014-11-10,2014-12-24,OPTIDX,BANKNIFTY,14900.0,PE,0.0,0.0,0.0,406.75,9.25,0,0.0,0
2014-11-10,2014-12-24,OPTIDX,BANKNIFTY,15000.0,PE,0.0,0.0,0.0,443.45,11.7,0,0.0,0
2014-11-10,2014-12-24,OPTIDX,BANKNIFTY,15100.0,PE,0.0,0.0,0.0,482.25,14.7,0,0.0,0
2014-11-10,2014-12-24,OPTIDX,BANKNIFTY,15200.0,PE,0.0,0.0,0.0,523.15,18.3,0,0.0,0
2014-11-10,2014-12-24,OPTIDX,BANKNIFTY,15300.0,PE,0.0,0.0,0.0,566.15,22.7,0,0.0,0
2014-11-10,2014-12-24,OPTIDX,BANKNIFTY,15400.0,PE,0.0,0.0,0.0,611.25,27.9,0,0.0,0
2014-11-10,2014-12-24,OPTIDX,BANKNIFTY,15500.0,PE,0.0,0.0,0.0,658.5,34.05,0,0.0,0
2014-11-10,2014-12-24,OPTIDX,BANKNIFTY,15600.0,PE,0.0,0.0,0.0,707.8,41.3,0,0.0,0
2014-11-10,2014-12-24,OPTIDX,BANKNIFTY,15700.0,PE,0.0,0.0,0.0,759.25,49.75,0,0.0,0
2014-11-10,2014-12-24,OPTIDX,BANKNIFTY,15800.0,PE,0.0,0.0,0.0,812.75,59.55,0,0.0,0
2014-11-10,2014-12-24,OPTIDX,BANKNIFTY,15900.0,PE,0.0,0.0,0.0,868.35,70.8,0,0.0,0
2014-11-10,2014-12-24,OPTIDX,BANKNIFTY,16000.0,PE,0.0,0.0,0.0,925.9,83.75,0,0.0,0
2014-11-10,2014-12-24,OPTIDX,BANKNIFTY,16100.0,PE,0.0,0.0,0.0,985.45,98.4,0,0.0,0
2014-11-10,2014-12-24,OPTIDX,BANKNIFTY,16200.0,PE,0.0,0.0,0.0,1046.95,115.05,0,0.0,0
2014-11-10,2014-12-24,OPTIDX,BANKNIFTY,16300.0,PE,0.0,0.0,0.0,1110.35,133.7,0,0.0,0
2014-11-10,2014-12-24,OPTIDX,BANKNIFTY,16400.0,PE,0.0,0.0,0.0,1175.6,154.55,0,0.0,0
2014-11-10,2014-12-24,OPTIDX,BANKNIFTY,16500.0,PE,127.0,127.0,127.0,127.0,127.0,1,4.15,25
2014-11-10,2014-12-24,OPTIDX,BANKNIFTY,16600.0,PE,0.0,0.0,0.0,1311.4,203.95,0,0.0,0
2014-11-10,2014-12-24,OPTIDX,BANKNIFTY,16700.0,PE,0.0,0.0,0.0,1381.9,231.4,0,0.0,0
2014-11-10,2014-12-24,OPTIDX,BANKNIFTY,16800.0,PE,0.0,0.0,0.0,1454.0,262.3,0,0.0,0
2014-11-10,2014-12-24,OPTIDX,BANKNIFTY,16900.0,PE,0.0,0.0,0.0,1528.4,296.0,0,0.0,0
2014-11-10,2014-12-24,OPTIDX,BANKNIFTY,17000.0,PE,250.0,295.0,239.9,272.35,272.35,231,997.35,19150
2014-11-10,2014-12-24,OPTIDX,BANKNIFTY,17100.0,PE,0.0,0.0,0.0,1483.2,371.85,0,0.0,0
2014-11-10,2014-12-24,OPTIDX,BANKNIFTY,17200.0,PE,0.0,0.0,0.0,1556.8,414.15,0,0.0,0
2014-11-10,2014-12-24,OPTIDX,BANKNIFTY,17300.0,PE,0.0,0.0,0.0,1530.75,459.35,0,0.0,0
2014-11-10,2014-12-24,OPTIDX,BANKNIFTY,17400.0,PE,0.0,0.0,0.0,1595.8,507.5,0,0.0,0
2014-11-10,2014-12-24,OPTIDX,BANKNIFTY,17500.0,PE,455.0,490.0,450.0,472.5,472.5,17,76.35,750
2014-11-10,2014-12-24,OPTIDX,BANKNIFTY,17600.0,PE,0.0,0.0,0.0,1455.2,612.7,0,0.0,0
2014-11-10,2014-12-24,OPTIDX,BANKNIFTY,17700.0,PE,0.0,0.0,0.0,1528.95,669.65,0,0.0,0
2014-11-10,2014-12-24,OPTIDX,BANKNIFTY,17800.0,PE,0.0,0.0,0.0,1603.6,729.4,0,0.0,0
2014-11-10,2014-12-24,OPTIDX,BANKNIFTY,17900.0,PE,0.0,0.0,0.0,1522.45,791.9,0,0.0,0
2014-11-10,2014-12-24,OPTIDX,BANKNIFTY,18000.0,PE,0.0,0.0,0.0,1597.05,857.1,0,0.0,0
2014-11-10,2014-12-24,OPTIDX,BANKNIFTY,18100.0,PE,0.0,0.0,0.0,1598.9,924.85,0,0.0,0
2014-11-10,2014-12-24,OPTIDX,BANKNIFTY,18200.0,PE,0.0,0.0,0.0,1596.45,995.1,0,0.0,0
2014-11-10,2014-12-24,OPTIDX,BANKNIFTY,18300.0,PE,0.0,0.0,0.0,1578.6,1067.7,0,0.0,0
2014-11-10,2014-12-24,OPTIDX,BANKNIFTY,18400.0,PE,0.0,0.0,0.0,1563.65,1143.5,0,0.0,0
2014-11-10,2014-12-24,OPTIDX,BANKNIFTY,18500.0,PE,0.0,0.0,0.0,1430.3,1219.85,0,0.0,0
2014-11-10,2014-12-24,OPTIDX,BANKNIFTY,18600.0,PE,0.0,0.0,0.0,1509.3,1298.85,0,0.0,0
2014-11-10,2014-12-24,OPTIDX,BANKNIFTY,18700.0,PE,0.0,0.0,0.0,1506.55,1379.75,0,0.0,0
2014-11-10,2014-12-24,OPTIDX,BANKNIFTY,18800.0,PE,0.0,0.0,0.0,1413.25,1462.4,0,0.0,0
2014-11-10,2014-12-24,OPTIDX,BANKNIFTY,18900.0,PE,0.0,0.0,0.0,1493.35,1546.7,0,0.0,0
2014-11-10,2014-12-24,OPTIDX,BANKNIFTY,19000.0,PE,0.0,0.0,0.0,1575.05,1632.5,0,0.0,0
2014-11-10,2015-01-29,OPTIDX,BANKNIFTY,15200.0,CE,0.0,0.0,0.0,2035.6,2410.5,0,0.0,0
2014-11-10,2015-01-29,OPTIDX,BANKNIFTY,15300.0,CE,0.0,0.0,0.0,1954.85,2321.5,0,0.0,0
2014-11-10,2015-01-29,OPTIDX,BANKNIFTY,15400.0,CE,0.0,0.0,0.0,1875.55,2233.55,0,0.0,0
2014-11-10,2015-01-29,OPTIDX,BANKNIFTY,15500.0,CE,0.0,0.0,0.0,1797.75,2146.75,0,0.0,0
2014-11-10,2015-01-29,OPTIDX,BANKNIFTY,15600.0,CE,0.0,0.0,0.0,1721.5,2061.15,0,0.0,0
2014-11-10,2015-01-29,OPTIDX,BANKNIFTY,15700.0,CE,0.0,0.0,0.0,1646.85,1976.9,0,0.0,0
2014-11-10,2015-01-29,OPTIDX,BANKNIFTY,15800.0,CE,0.0,0.0,0.0,1574.5,1894.0,0,0.0,0
2014-11-10,2015-01-29,OPTIDX,BANKNIFTY,15900.0,CE,0.0,0.0,0.0,1503.15,1812.6,0,0.0,0
2014-11-10,2015-01-29,OPTIDX,BANKNIFTY,16000.0,CE,0.0,0.0,0.0,1432.95,1732.7,0,0.0,0
2014-11-10,2015-01-29,OPTIDX,BANKNIFTY,16100.0,CE,0.0,0.0,0.0,1365.35,1654.45,0,0.0,0
2014-11-10,2015-01-29,OPTIDX,BANKNIFTY,16200.0,CE,0.0,0.0,0.0,1299.6,1577.85,0,0.0,0
2014-11-10,2015-01-29,OPTIDX,BANKNIFTY,16300.0,CE,0.0,0.0,0.0,1235.75,1503.05,0,0.0,0
2014-11-10,2015-01-29,OPTIDX,BANKNIFTY,16400.0,CE,0.0,0.0,0.0,1173.8,1430.6,0,0.0,0
2014-11-10,2015-01-29,OPTIDX,BANKNIFTY,16500.0,CE,0.0,0.0,0.0,1113.8,1359.4,0,0.0,0
2014-11-10,2015-01-29,OPTIDX,BANKNIFTY,16600.0,CE,0.0,0.0,0.0,1055.75,1289.5,0,0.0,0
2014-11-10,2015-01-29,OPTIDX,BANKNIFTY,16700.0,CE,0.0,0.0,0.0,999.65,1222.35,0,0.0,0
2014-11-10,2015-01-29,OPTIDX,BANKNIFTY,16800.0,CE,0.0,0.0,0.0,945.55,1157.25,0,0.0,0
2014-11-10,2015-01-29,OPTIDX,BANKNIFTY,16900.0,CE,0.0,0.0,0.0,893.45,1094.2,0,0.0,0
2014-11-10,2015-01-29,OPTIDX,BANKNIFTY,17000.0,CE,0.0,0.0,0.0,843.25,1033.3,0,0.0,0
2014-11-10,2015-01-29,OPTIDX,BANKNIFTY,17100.0,CE,0.0,0.0,0.0,795.0,974.5,0,0.0,0
2014-11-10,2015-01-29,OPTIDX,BANKNIFTY,17200.0,CE,0.0,0.0,0.0,748.75,917.85,0,0.0,0
2014-11-10,2015-01-29,OPTIDX,BANKNIFTY,17300.0,CE,0.0,0.0,0.0,704.45,863.35,0,0.0,0
2014-11-10,2015-01-29,OPTIDX,BANKNIFTY,17400.0,CE,0.0,0.0,0.0,662.05,811.05,0,0.0,0
2014-11-10,2015-01-29,OPTIDX,BANKNIFTY,17500.0,CE,0.0,0.0,0.0,621.5,760.9,0,0.0,0
2014-11-10,2015-01-29,OPTIDX,BANKNIFTY,17600.0,CE,0.0,0.0,0.0,582.85,712.8,0,0.0,0
2014-11-10,2015-01-29,OPTIDX,BANKNIFTY,17700.0,CE,0.0,0.0,0.0,546.0,666.95,0,0.0,0
2014-11-10,2015-01-29,OPTIDX,BANKNIFTY,17800.0,CE,0.0,0.0,0.0,510.95,623.2,0,0.0,0
2014-11-10,2015-01-29,OPTIDX,BANKNIFTY,17900.0,CE,0.0,0.0,0.0,477.6,581.55,0,0.0,0
2014-11-10,2015-01-29,OPTIDX,BANKNIFTY,18000.0,CE,0.0,0.0,0.0,446.0,541.95,0,0.0,0
2014-11-10,2015-01-29,OPTIDX,BANKNIFTY,18100.0,CE,0.0,0.0,0.0,416.0,504.35,0,0.0,0
2014-11-10,2015-01-29,OPTIDX,BANKNIFTY,18200.0,CE,0.0,0.0,0.0,387.65,468.75,0,0.0,0
2014-11-10,2015-01-29,OPTIDX,BANKNIFTY,18300.0,CE,0.0,0.0,0.0,360.8,435.05,0,0.0,0
2014-11-10,2015-01-29,OPTIDX,BANKNIFTY,18400.0,CE,0.0,0.0,0.0,336.25,403.25,0,0.0,0
2014-11-10,2015-01-29,OPTIDX,BANKNIFTY,18500.0,CE,0.0,0.0,0.0,399.95,373.25,0,0.0,0
2014-11-10,2015-01-29,OPTIDX,BANKNIFTY,18600.0,CE,0.0,0.0,0.0,373.0,345.05,0,0.0,0
2014-11-10,2015-01-29,OPTIDX,BANKNIFTY,18700.0,CE,0.0,0.0,0.0,346.25,318.55,0,0.0,0
2014-11-10,2015-01-29,OPTIDX,BANKNIFTY,18800.0,CE,0.0,0.0,0.0,378.55,294.5,0,0.0,0
2014-11-10,2015-01-29,OPTIDX,BANKNIFTY,18900.0,CE,0.0,0.0,0.0,352.05,271.35,0,0.0,0
2014-11-10,2015-01-29,OPTIDX,BANKNIFTY,19000.0,CE,0.0,0.0,0.0,327.9,249.0,0,0.0,0
2014-11-10,2015-01-29,OPTIDX,BANKNIFTY,15200.0,PE,0.0,0.0,0.0,147.55,60.0,0,0.0,0
2014-11-10,2015-01-29,OPTIDX,BANKNIFTY,15300.0,PE,0.0,0.0,0.0,164.65,69.1,0,0.0,0
2014-11-10,2015-01-29,OPTIDX,BANKNIFTY,15400.0,PE,0.0,0.0,0.0,183.15,79.25,0,0.0,0
2014-11-10,2015-01-29,OPTIDX,BANKNIFTY,15500.0,PE,0.0,0.0,0.0,203.2,90.55,0,0.0,0
2014-11-10,2015-01-29,OPTIDX,BANKNIFTY,15600.0,PE,0.0,0.0,0.0,224.8,103.1,0,0.0,0
2014-11-10,2015-01-29,OPTIDX,BANKNIFTY,15700.0,PE,0.0,0.0,0.0,248.05,116.95,0,0.0,0
2014-11-10,2015-01-29,OPTIDX,BANKNIFTY,15800.0,PE,0.0,0.0,0.0,273.5,132.15,0,0.0,0
2014-11-10,2015-01-29,OPTIDX,BANKNIFTY,15900.0,PE,0.0,0.0,0.0,300.0,148.85,0,0.0,0
2014-11-10,2015-01-29,OPTIDX,BANKNIFTY,16000.0,PE,0.0,0.0,0.0,327.65,167.05,0,0.0,0
2014-11-10,2015-01-29,OPTIDX,BANKNIFTY,16100.0,PE,0.0,0.0,0.0,357.9,186.9,0,0.0,0
2014-11-10,2015-01-29,OPTIDX,BANKNIFTY,16200.0,PE,0.0,0.0,0.0,390.0,208.45,0,0.0,0
2014-11-10,2015-01-29,OPTIDX,BANKNIFTY,16300.0,PE,0.0,0.0,0.0,423.95,231.7,0,0.0,0
2014-11-10,2015-01-29,OPTIDX,BANKNIFTY,16400.0,PE,0.0,0.0,0.0,459.85,257.4,0,0.0,0
2014-11-10,2015-01-29,OPTIDX,BANKNIFTY,16500.0,PE,0.0,0.0,0.0,497.7,284.25,0,0.0,0
2014-11-10,2015-01-29,OPTIDX,BANKNIFTY,16600.0,PE,0.0,0.0,0.0,537.5,312.5,0,0.0,0
2014-11-10,2015-01-29,OPTIDX,BANKNIFTY,16700.0,PE,0.0,0.0,0.0,579.25,343.45,0,0.0,0
2014-11-10,2015-01-29,OPTIDX,BANKNIFTY,16800.0,PE,0.0,0.0,0.0,623.0,376.45,0,0.0,0
2014-11-10,2015-01-29,OPTIDX,BANKNIFTY,16900.0,PE,0.0,0.0,0.0,668.7,411.5,0,0.0,0
2014-11-10,2015-01-29,OPTIDX,BANKNIFTY,17000.0,PE,0.0,0.0,0.0,716.4,448.7,0,0.0,0
2014-11-10,2015-01-29,OPTIDX,BANKNIFTY,17100.0,PE,0.0,0.0,0.0,765.95,488.0,0,0.0,0
2014-11-10,2015-01-29,OPTIDX,BANKNIFTY,17200.0,PE,0.0,0.0,0.0,817.55,529.45,0,0.0,0
2014-11-10,2015-01-29,OPTIDX,BANKNIFTY,17300.0,PE,0.0,0.0,0.0,871.1,573.1,0,0.0,0
2014-11-10,2015-01-29,OPTIDX,BANKNIFTY,17400.0,PE,0.0,0.0,0.0,926.5,618.85,0,0.0,0
2014-11-10,2015-01-29,OPTIDX,BANKNIFTY,17500.0,PE,0.0,0.0,0.0,983.85,666.8,0,0.0,0
2014-11-10,2015-01-29,OPTIDX,BANKNIFTY,17600.0,PE,0.0,0.0,0.0,1043.0,716.85,0,0.0,0
2014-11-10,2015-01-29,OPTIDX,BANKNIFTY,17700.0,PE,0.0,0.0,0.0,1104.0,769.1,0,0.0,0
2014-11-10,2015-01-29,OPTIDX,BANKNIFTY,17800.0,PE,0.0,0.0,0.0,1166.8,823.45,0,0.0,0
2014-11-10,2015-01-29,OPTIDX,BANKNIFTY,17900.0,PE,0.0,0.0,0.0,1231.3,879.9,0,0.0,0
2014-11-10,2015-01-29,OPTIDX,BANKNIFTY,18000.0,PE,0.0,0.0,0.0,1297.5,938.4,0,0.0,0
2014-11-10,2015-01-29,OPTIDX,BANKNIFTY,18100.0,PE,0.0,0.0,0.0,1365.4,998.9,0,0.0,0
2014-11-10,2015-01-29,OPTIDX,BANKNIFTY,18200.0,PE,0.0,0.0,0.0,1434.85,1061.4,0,0.0,0
2014-11-10,2015-01-29,OPTIDX,BANKNIFTY,18300.0,PE,0.0,0.0,0.0,1505.85,1125.8,0,0.0,0
2014-11-10,2015-01-29,OPTIDX,BANKNIFTY,18400.0,PE,0.0,0.0,0.0,1579.15,1192.1,0,0.0,0
2014-11-10,2015-01-29,OPTIDX,BANKNIFTY,18500.0,PE,0.0,0.0,0.0,1468.75,1260.25,0,0.0,0
2014-11-10,2015-01-29,OPTIDX,BANKNIFTY,18600.0,PE,0.0,0.0,0.0,1539.7,1330.15,0,0.0,0
2014-11-10,2015-01-29,OPTIDX,BANKNIFTY,18700.0,PE,0.0,0.0,0.0,1530.15,1401.75,0,0.0,0
2014-11-10,2015-01-29,OPTIDX,BANKNIFTY,18800.0,PE,0.0,0.0,0.0,1449.1,1475.8,0,0.0,0
2014-11-10,2015-01-29,OPTIDX,BANKNIFTY,18900.0,PE,0.0,0.0,0.0,1520.6,1550.75,0,0.0,0
2014-11-10,2015-01-29,OPTIDX,BANKNIFTY,19000.0,PE,0.0,0.0,0.0,1594.45,1626.5,0,0.0,0
2014-11-10,2014-11-27,OPTIDX,CNXINFRA,2200.0,CE,0.0,0.0,0.0,839.65,1058.0,0,0.0,0
2014-11-10,2014-11-27,OPTIDX,CNXINFRA,2300.0,CE,0.0,0.0,0.0,862.6,958.4,0,0.0,0
2014-11-10,2014-11-27,OPTIDX,CNXINFRA,2400.0,CE,0.0,0.0,0.0,765.35,858.8,0,0.0,0
2014-11-10,2014-11-27,OPTIDX,CNXINFRA,2500.0,CE,0.0,0.0,0.0,669.0,759.2,0,0.0,0
2014-11-10,2014-11-27,OPTIDX,CNXINFRA,2600.0,CE,0.0,0.0,0.0,574.55,659.6,0,0.0,0
2014-11-10,2014-11-27,OPTIDX,CNXINFRA,2700.0,CE,0.0,0.0,0.0,483.4,560.0,0,0.0,0
2014-11-10,2014-11-27,OPTIDX,CNXINFRA,2800.0,CE,0.0,0.0,0.0,397.25,460.4,0,0.0,0
2014-11-10,2014-11-27,OPTIDX,CNXINFRA,2900.0,CE,0.0,0.0,0.0,318.1,361.25,0,0.0,0
2014-11-10,2014-11-27,OPTIDX,CNXINFRA,3000.0,CE,0.0,0.0,0.0,247.65,264.15,0,0.0,0
2014-11-10,2014-11-27,OPTIDX,CNXINFRA,3100.0,CE,0.0,0.0,0.0,187.2,174.2,0,0.0,0
2014-11-10,2014-11-27,OPTIDX,CNXINFRA,3200.0,CE,0.0,0.0,0.0,137.3,99.75,0,0.0,0
2014-11-10,2014-11-27,OPTIDX,CNXINFRA,3300.0,CE,0.0,0.0,0.0,97.65,47.9,0,0.0,0
2014-11-10,2014-11-27,OPTIDX,CNXINFRA,3400.0,CE,0.0,0.0,0.0,67.35,18.9,0,0.0,0
2014-11-10,2014-11-27,OPTIDX,CNXINFRA,3500.0,CE,0.0,0.0,0.0,45.15,6.05,0,0.0,0
2014-11-10,2014-11-27,OPTIDX,CNXINFRA,3600.0,CE,0.0,0.0,0.0,29.4,1.55,0,0.0,0
2014-11-10,2014-11-27,OPTIDX,CNXINFRA,3700.0,CE,0.0,0.0,0.0,18.6,0.35,0,0.0,0
2014-11-10,2014-11-27,OPTIDX,CNXINFRA,3800.0,CE,0.0,0.0,0.0,11.45,0.05,0,0.0,0
2014-11-10,2014-11-27,OPTIDX,CNXINFRA,3900.0,CE,0.0,0.0,0.0,6.85,0.05,0,0.0,0
2014-11-10,2014-11-27,OPTIDX,CNXINFRA,4000.0,CE,0.0,0.0,0.0,10.65,0.0,0,0.0,0
2014-11-10,2014-11-27,OPTIDX,CNXINFRA,4100.0,CE,0.0,0.0,0.0,0.05,0.0,0,0.0,0
2014-11-10,2014-11-27,OPTIDX,CNXINFRA,2200.0,PE,0.0,0.0,0.0,0.1,0.0,0,0.0,0
2014-11-10,2014-11-27,OPTIDX,CNXINFRA,2300.0,PE,0.0,0.0,0.0,0.3,0.0,0,0.0,0
2014-11-10,2014-11-27,OPTIDX,CNXINFRA,2400.0,PE,0.0,0.0,0.0,0.9,0.0,0,0.0,0
2014-11-10,2014-11-27,OPTIDX,CNXINFRA,2500.0,PE,0.0,0.0,0.0,2.45,0.0,0,0.0,0
2014-11-10,2014-11-27,OPTIDX,CNXINFRA,2600.0,PE,0.0,0.0,0.0,5.85,0.0,0,0.0,0
2014-11-10,2014-11-27,OPTIDX,CNXINFRA,2700.0,PE,0.0,0.0,0.0,12.55,0.0,0,0.0,0
2014-11-10,2014-11-27,OPTIDX,CNXINFRA,2800.0,PE,0.0,0.0,0.0,24.3,0.05,0,0.0,0
2014-11-10,2014-11-27,OPTIDX,CNXINFRA,2900.0,PE,0.0,0.0,0.0,43.05,0.5,0,0.0,0
2014-11-10,2014-11-27,OPTIDX,CNXINFRA,3000.0,PE,0.0,0.0,0.0,70.4,3.0,0,0.0,0
2014-11-10,2014-11-27,OPTIDX,CNXINFRA,3100.0,PE,0.0,0.0,0.0,107.85,12.65,0,0.0,0
2014-11-10,2014-11-27,OPTIDX,CNXINFRA,3200.0,PE,0.0,0.0,0.0,155.8,37.8,0,0.0,0
2014-11-10,2014-11-27,OPTIDX,CNXINFRA,3300.0,PE,0.0,0.0,0.0,214.05,85.6,0,0.0,0
2014-11-10,2014-11-27,OPTIDX,CNXINFRA,3400.0,PE,0.0,0.0,0.0,281.65,156.2,0,0.0,0
2014-11-10,2014-11-27,OPTIDX,CNXINFRA,3500.0,PE,0.0,0.0,0.0,357.3,242.95,0,0.0,0
2014-11-10,2014-11-27,OPTIDX,CNXINFRA,3600.0,PE,0.0,0.0,0.0,439.4,338.05,0,0.0,0
2014-11-10,2014-11-27,OPTIDX,CNXINFRA,3700.0,PE,0.0,0.0,0.0,526.5,436.45,0,0.0,0
2014-11-10,2014-11-27,OPTIDX,CNXINFRA,3800.0,PE,0.0,0.0,0.0,617.25,535.8,0,0.0,0
2014-11-10,2014-11-27,OPTIDX,CNXINFRA,3900.0,PE,0.0,0.0,0.0,710.55,635.35,0,0.0,0
2014-11-10,2014-11-27,OPTIDX,CNXINFRA,4000.0,PE,0.0,0.0,0.0,732.05,734.95,0,0.0,0
2014-11-10,2014-11-27,OPTIDX,CNXINFRA,4100.0,PE,0.0,0.0,0.0,798.15,834.55,0,0.0,0
2014-11-10,2014-12-24,OPTIDX,CNXINFRA,2200.0,CE,0.0,0.0,0.0,854.4,1072.35,0,0.0,0
2014-11-10,2014-12-24,OPTIDX,CNXINFRA,2300.0,CE,0.0,0.0,0.0,757.55,973.4,0,0.0,0
2014-11-10,2014-12-24,OPTIDX,CNXINFRA,2400.0,CE,0.0,0.0,0.0,662.05,874.45,0,0.0,0
2014-11-10,2014-12-24,OPTIDX,CNXINFRA,2500.0,CE,0.0,0.0,0.0,568.9,775.5,0,0.0,0
2014-11-10,2014-12-24,OPTIDX,CNXINFRA,2600.0,CE,0.0,0.0,0.0,479.6,676.65,0,0.0,0
2014-11-10,2014-12-24,OPTIDX,CNXINFRA,2700.0,CE,0.0,0.0,0.0,395.75,578.15,0,0.0,0
2014-11-10,2014-12-24,OPTIDX,CNXINFRA,2800.0,CE,0.0,0.0,0.0,319.2,480.75,0,0.0,0
2014-11-10,2014-12-24,OPTIDX,CNXINFRA,2900.0,CE,0.0,0.0,0.0,250.95,386.15,0,0.0,0
2014-11-10,2014-12-24,OPTIDX,CNXINFRA,3000.0,CE,0.0,0.0,0.0,192.5,297.0,0,0.0,0
2014-11-10,2014-12-24,OPTIDX,CNXINFRA,3100.0,CE,0.0,0.0,0.0,143.85,216.95,0,0.0,0
2014-11-10,2014-12-24,OPTIDX,CNXINFRA,3200.0,CE,0.0,0.0,0.0,104.75,149.35,0,0.0,0
2014-11-10,2014-12-24,OPTIDX,CNXINFRA,3300.0,CE,0.0,0.0,0.0,74.4,96.35,0,0.0,0
2014-11-10,2014-12-24,OPTIDX,CNXINFRA,3400.0,CE,0.0,0.0,0.0,51.6,58.1,0,0.0,0
2014-11-10,2014-12-24,OPTIDX,CNXINFRA,3500.0,CE,0.0,0.0,0.0,34.9,32.7,0,0.0,0
2014-11-10,2014-12-24,OPTIDX,CNXINFRA,3600.0,CE,0.0,0.0,0.0,23.1,17.15,0,0.0,0
2014-11-10,2014-12-24,OPTIDX,CNXINFRA,3700.0,CE,0.0,0.0,0.0,14.95,8.4,0,0.0,0
2014-11-10,2014-12-24,OPTIDX,CNXINFRA,3800.0,CE,0.0,0.0,0.0,9.45,3.85,0,0.0,0
2014-11-10,2014-12-24,OPTIDX,CNXINFRA,3900.0,CE,0.0,0.0,0.0,4.9,1.65,0,0.0,0
2014-11-10,2014-12-24,OPTIDX,CNXINFRA,4000.0,CE,0.0,0.0,0.0,4.65,0.7,0,0.0,0
2014-11-10,2014-12-24,OPTIDX,CNXINFRA,4100.0,CE,0.0,0.0,0.0,1.95,0.25,0,0.0,0
2014-11-10,2014-12-24,OPTIDX,CNXINFRA,2200.0,PE,0.0,0.0,0.0,0.55,0.0,0,0.0,0
2014-11-10,2014-12-24,OPTIDX,CNXINFRA,2300.0,PE,0.0,0.0,0.0,1.55,0.0,0,0.0,0
2014-11-10,2014-12-24,OPTIDX,CNXINFRA,2400.0,PE,0.0,0.0,0.0,3.9,0.0,0,0.0,0
2014-11-10,2014-12-24,OPTIDX,CNXINFRA,2500.0,PE,0.0,0.0,0.0,8.55,0.05,0,0.0,0
2014-11-10,2014-12-24,OPTIDX,CNXINFRA,2600.0,PE,0.0,0.0,0.0,17.05,0.15,0,0.0,0
2014-11-10,2014-12-24,OPTIDX,CNXINFRA,2700.0,PE,0.0,0.0,0.0,31.05,0.6,0,0.0,0
2014-11-10,2014-12-24,OPTIDX,CNXINFRA,2800.0,PE,0.0,0.0,0.0,52.3,2.15,0,0.0,0
2014-11-10,2014-12-24,OPTIDX,CNXINFRA,2900.0,PE,0.0,0.0,0.0,81.9,6.45,0,0.0,0
2014-11-10,2014-12-24,OPTIDX,CNXINFRA,3000.0,PE,0.0,0.0,0.0,121.25,16.3,0,0.0,0
2014-11-10,2014-12-24,OPTIDX,CNXINFRA,3100.0,PE,0.0,0.0,0.0,170.4,35.2,0,0.0,0
2014-11-10,2014-12-24,OPTIDX,CNXINFRA,3200.0,PE,0.0,0.0,0.0,229.15,66.55,0,0.0,0
2014-11-10,2014-12-24,OPTIDX,CNXINFRA,3300.0,PE,0.0,0.0,0.0,296.6,112.55,0,0.0,0
2014-11-10,2014-12-24,OPTIDX,CNXINFRA,3400.0,PE,0.0,0.0,0.0,371.6,173.2,0,0.0,0
2014-11-10,2014-12-24,OPTIDX,CNXINFRA,3500.0,PE,0.0,0.0,0.0,452.75,246.75,0,0.0,0
2014-11-10,2014-12-24,OPTIDX,CNXINFRA,3600.0,PE,0.0,0.0,0.0,538.75,330.15,0,0.0,0
2014-11-10,2014-12-24,OPTIDX,CNXINFRA,3700.0,PE,0.0,0.0,0.0,628.4,420.35,0,0.0,0
2014-11-10,2014-12-24,OPTIDX,CNXINFRA,3800.0,PE,0.0,0.0,0.0,720.75,514.75,0,0.0,0
2014-11-10,2014-12-24,OPTIDX,CNXINFRA,3900.0,PE,0.0,0.0,0.0,754.6,611.5,0,0.0,0
2014-11-10,2014-12-24,OPTIDX,CNXINFRA,4000.0,PE,0.0,0.0,0.0,790.15,709.5,0,0.0,0
2014-11-10,2014-12-24,OPTIDX,CNXINFRA,4100.0,PE,0.0,0.0,0.0,773.15,808.05,0,0.0,0
2014-11-10,2015-01-29,OPTIDX,CNXINFRA,2400.0,CE,0.0,0.0,0.0,861.95,894.95,0,0.0,0
2014-11-10,2015-01-29,OPTIDX,CNXINFRA,2500.0,CE,0.0,0.0,0.0,765.2,797.15,0,0.0,0
2014-11-10,2015-01-29,OPTIDX,CNXINFRA,2600.0,CE,0.0,0.0,0.0,669.7,699.95,0,0.0,0
2014-11-10,2015-01-29,OPTIDX,CNXINFRA,2700.0,CE,0.0,0.0,0.0,576.6,604.1,0,0.0,0
2014-11-10,2015-01-29,OPTIDX,CNXINFRA,2800.0,CE,0.0,0.0,0.0,487.2,510.8,0,0.0,0
2014-11-10,2015-01-29,OPTIDX,CNXINFRA,2900.0,CE,0.0,0.0,0.0,403.15,421.75,0,0.0,0
2014-11-10,2015-01-29,OPTIDX,CNXINFRA,3000.0,CE,0.0,0.0,0.0,326.1,338.95,0,0.0,0
2014-11-10,2015-01-29,OPTIDX,CNXINFRA,3100.0,CE,0.0,0.0,0.0,257.4,264.45,0,0.0,0
2014-11-10,2015-01-29,OPTIDX,CNXINFRA,3200.0,CE,0.0,0.0,0.0,198.15,199.7,0,0.0,0
2014-11-10,2015-01-29,OPTIDX,CNXINFRA,3300.0,CE,0.0,0.0,0.0,148.7,145.95,0,0.0,0
2014-11-10,2015-01-29,OPTIDX,CNXINFRA,3400.0,CE,0.0,0.0,0.0,108.7,103.05,0,0.0,0
2014-11-10,2015-01-29,OPTIDX,CNXINFRA,3500.0,CE,0.0,0.0,0.0,77.45,70.35,0,0.0,0
2014-11-10,2015-01-29,OPTIDX,CNXINFRA,3600.0,CE,0.0,0.0,0.0,53.9,46.45,0,0.0,0
2014-11-10,2015-01-29,OPTIDX,CNXINFRA,3700.0,CE,0.0,0.0,0.0,36.6,29.65,0,0.0,0
2014-11-10,2015-01-29,OPTIDX,CNXINFRA,3800.0,CE,0.0,0.0,0.0,24.25,18.3,0,0.0,0
2014-11-10,2015-01-29,OPTIDX,CNXINFRA,3900.0,CE,0.0,0.0,0.0,15.7,10.95,0,0.0,0
2014-11-10,2015-01-29,OPTIDX,CNXINFRA,4000.0,CE,0.0,0.0,0.0,9.95,6.4,0,0.0,0
2014-11-10,2015-01-29,OPTIDX,CNXINFRA,4100.0,CE,0.0,0.0,0.0,10.9,3.6,0,0.0,0
2014-11-10,2015-01-29,OPTIDX,CNXINFRA,2400.0,PE,0.0,0.0,0.0,0.65,0.15,0,0.0,0
2014-11-10,2015-01-29,OPTIDX,CNXINFRA,2500.0,PE,0.0,0.0,0.0,1.7,0.45,0,0.0,0
2014-11-10,2015-01-29,OPTIDX,CNXINFRA,2600.0,PE,0.0,0.0,0.0,4.05,1.4,0,0.0,0
2014-11-10,2015-01-29,OPTIDX,CNXINFRA,2700.0,PE,0.0,0.0,0.0,8.8,3.65,0,0.0,0
2014-11-10,2015-01-29,OPTIDX,CNXINFRA,2800.0,PE,0.0,0.0,0.0,17.2,8.45,0,0.0,0
2014-11-10,2015-01-29,OPTIDX,CNXINFRA,2900.0,PE,0.0,0.0,0.0,31.0,17.5,0,0.0,0
2014-11-10,2015-01-29,OPTIDX,CNXINFRA,3000.0,PE,0.0,0.0,0.0,51.8,32.8,0,0.0,0
2014-11-10,2015-01-29,OPTIDX,CNXINFRA,3100.0,PE,0.0,0.0,0.0,80.95,56.4,0,0.0,0
2014-11-10,2015-01-29,OPTIDX,CNXINFRA,3200.0,PE,0.0,0.0,0.0,119.55,89.75,0,0.0,0
2014-11-10,2015-01-29,OPTIDX,CNXINFRA,3300.0,PE,0.0,0.0,0.0,167.9,134.1,0,0.0,0
2014-11-10,2015-01-29,OPTIDX,CNXINFRA,3400.0,PE,0.0,0.0,0.0,225.8,189.35,0,0.0,0
2014-11-10,2015-01-29,OPTIDX,CNXINFRA,3500.0,PE,0.0,0.0,0.0,292.4,254.7,0,0.0,0
2014-11-10,2015-01-29,OPTIDX,CNXINFRA,3600.0,PE,0.0,0.0,0.0,366.7,328.9,0,0.0,0
2014-11-10,2015-01-29,OPTIDX,CNXINFRA,3700.0,PE,0.0,0.0,0.0,447.2,410.25,0,0.0,0
2014-11-10,2015-01-29,OPTIDX,CNXINFRA,3800.0,PE,0.0,0.0,0.0,532.7,497.0,0,0.0,0
2014-11-10,2015-01-29,OPTIDX,CNXINFRA,3900.0,PE,0.0,0.0,0.0,622.0,587.75,0,0.0,0
2014-11-10,2015-01-29,OPTIDX,CNXINFRA,4000.0,PE,0.0,0.0,0.0,714.1,681.25,0,0.0,0
2014-11-10,2015-01-29,OPTIDX,CNXINFRA,4100.0,PE,0.0,0.0,0.0,747.3,776.6,0,0.0,0
2014-11-10,2014-11-27,OPTIDX,CNXIT,9100.0,CE,0.0,0.0,0.0,1778.5,2406.9,0,0.0,0
2014-11-10,2014-11-27,OPTIDX,CNXIT,9200.0,CE,0.0,0.0,0.0,1682.9,2307.3,0,0.0,0
2014-11-10,2014-11-27,OPTIDX,CNXIT,9300.0,CE,0.0,0.0,0.0,1588.05,2207.7,0,0.0,0
2014-11-10,2014-11-27,OPTIDX,CNXIT,9400.0,CE,0.0,0.0,0.0,1494.15,2108.1,0,0.0,0
2014-11-10,2014-11-27,OPTIDX,CNXIT,9500.0,CE,0.0,0.0,0.0,1401.4,2008.5,0,0.0,0
2014-11-10,2014-11-27,OPTIDX,CNXIT,9600.0,CE,0.0,0.0,0.0,1310.1,1908.9,0,0.0,0
2014-11-10,2014-11-27,OPTIDX,CNXIT,9700.0,CE,0.0,0.0,0.0,1220.45,1809.35,0,0.0,0
2014-11-10,2014-11-27,OPTIDX,CNXIT,9800.0,CE,0.0,0.0,0.0,1132.8,1709.85,0,0.0,0
2014-11-10,2014-11-27,OPTIDX,CNXIT,9900.0,CE,0.0,0.0,0.0,1047.35,1610.4,0,0.0,0
2014-11-10,2014-11-27,OPTIDX,CNXIT,10000.0,CE,0.0,0.0,0.0,964.4,1511.15,0,0.0,0
2014-11-10,2014-11-27,OPTIDX,CNXIT,10100.0,CE,0.0,0.0,0.0,884.3,1412.1,0,0.0,0
2014-11-10,2014-11-27,OPTIDX,CNXIT,10200.0,CE,0.0,0.0,0.0,807.35,1313.45,0,0.0,0
2014-11-10,2014-11-27,OPTIDX,CNXIT,10300.0,CE,0.0,0.0,0.0,734.05,1215.35,0,0.0,0
2014-11-10,2014-11-27,OPTIDX,CNXIT,10400.0,CE,0.0,0.0,0.0,663.55,1118.15,0,0.0,0
2014-11-10,2014-11-27,OPTIDX,CNXIT,10500.0,CE,0.0,0.0,0.0,597.35,1022.15,0,0.0,0
2014-11-10,2014-11-27,OPTIDX,CNXIT,10600.0,CE,0.0,0.0,0.0,535.15,927.8,0,0.0,0
2014-11-10,2014-11-27,OPTIDX,CNXIT,10700.0,CE,0.0,0.0,0.0,477.0,835.6,0,0.0,0
2014-11-10,2014-11-27,OPTIDX,CNXIT,10800.0,CE,0.0,0.0,0.0,423.0,746.25,0,0.0,0
2014-11-10,2014-11-27,OPTIDX,CNXIT,10900.0,CE,0.0,0.0,0.0,373.15,660.3,0,0.0,0
2014-11-10,2014-11-27,OPTIDX,CNXIT,11000.0,CE,0.0,0.0,0.0,327.5,578.45,0,0.0,0
2014-11-10,2014-11-27,OPTIDX,CNXIT,11100.0,CE,0.0,0.0,0.0,285.9,501.4,0,0.0,0
2014-11-10,2014-11-27,OPTIDX,CNXIT,11200.0,CE,0.0,0.0,0.0,248.25,429.6,0,0.0,0
2014-11-10,2014-11-27,OPTIDX,CNXIT,11300.0,CE,0.0,0.0,0.0,214.4,363.85,0,0.0,0
2014-11-10,2014-11-27,OPTIDX,CNXIT,11400.0,CE,0.0,0.0,0.0,184.2,304.3,0,0.0,0
2014-11-10,2014-11-27,OPTIDX,CNXIT,11500.0,CE,0.0,0.0,0.0,157.4,251.25,0,0.0,0
2014-11-10,2014-11-27,OPTIDX,CNXIT,11600.0,CE,0.0,0.0,0.0,133.9,204.65,0,0.0,0
2014-11-10,2014-11-27,OPTIDX,CNXIT,11700.0,CE,0.0,0.0,0.0,113.25,164.4,0,0.0,0
2014-11-10,2014-11-27,OPTIDX,CNXIT,11800.0,CE,0.0,0.0,0.0,95.25,130.25,0,0.0,0
2014-11-10,2014-11-27,OPTIDX,CNXIT,11900.0,CE,0.0,0.0,0.0,79.7,101.7,0,0.0,0
2014-11-10,2014-11-27,OPTIDX,CNXIT,12000.0,CE,0.0,0.0,0.0,66.3,78.35,0,0.0,0
2014-11-10,2014-11-27,OPTIDX,CNXIT,12100.0,CE,0.0,0.0,0.0,54.9,59.45,0,0.0,0
2014-11-10,2014-11-27,OPTIDX,CNXIT,12200.0,CE,0.0,0.0,0.0,45.2,44.45,0,0.0,0
2014-11-10,2014-11-27,OPTIDX,CNXIT,12300.0,CE,0.0,0.0,0.0,37.0,32.75,0,0.0,0
2014-11-10,2014-11-27,OPTIDX,CNXIT,12400.0,CE,0.0,0.0,0.0,84.3,23.75,0,0.0,0
2014-11-10,2014-11-27,OPTIDX,CNXIT,12500.0,CE,0.0,0.0,0.0,71.65,16.95,0,0.0,0
2014-11-10,2014-11-27,OPTIDX,CNXIT,12600.0,CE,0.0,0.0,0.0,60.7,11.95,0,0.0,0
2014-11-10,2014-11-27,OPTIDX,CNXIT,12700.0,CE,0.0,0.0,0.0,57.25,8.3,0,0.0,0
2014-11-10,2014-11-27,OPTIDX,CNXIT,12800.0,CE,0.0,0.0,0.0,47.85,5.65,0,0.0,0
2014-11-10,2014-11-27,OPTIDX,CNXIT,12900.0,CE,0.0,0.0,0.0,24.55,3.8,0,0.0,0
2014-11-10,2014-11-27,OPTIDX,CNXIT,13000.0,CE,0.0,0.0,0.0,29.75,2.55,0,0.0,0
2014-11-10,2014-11-27,OPTIDX,CNXIT,13100.0,CE,0.0,0.0,0.0,23.65,1.65,0,0.0,0
2014-11-10,2014-11-27,OPTIDX,CNXIT,9100.0,PE,0.0,0.0,0.0,5.45,0.0,0,0.0,0
2014-11-10,2014-11-27,OPTIDX,CNXIT,9200.0,PE,0.0,0.0,0.0,7.7,0.0,0,0.0,0
2014-11-10,2014-11-27,OPTIDX,CNXIT,9300.0,PE,0.0,0.0,0.0,10.75,0.0,0,0.0,0
2014-11-10,2014-11-27,OPTIDX,CNXIT,9400.0,PE,0.0,0.0,0.0,14.7,0.05,0,0.0,0
2014-11-10,2014-11-27,OPTIDX,CNXIT,9500.0,PE,0.0,0.0,0.0,19.85,0.05,0,0.0,0
2014-11-10,2014-11-27,OPTIDX,CNXIT,9600.0,PE,0.0,0.0,0.0,26.45,0.05,0,0.0,0
2014-11-10,2014-11-27,OPTIDX,CNXIT,9700.0,PE,0.0,0.0,0.0,34.65,0.1,0,0.0,0
2014-11-10,2014-11-27,OPTIDX,CNXIT,9800.0,PE,0.0,0.0,0.0,44.85,0.2,0,0.0,0
2014-11-10,2014-11-27,OPTIDX,CNXIT,9900.0,PE,0.0,0.0,0.0,57.3,0.4,0,0.0,0
2014-11-10,2014-11-27,OPTIDX,CNXIT,10000.0,PE,0.0,0.0,0.0,72.25,0.7,0,0.0,0
2014-11-10,2014-11-27,OPTIDX,CNXIT,10100.0,PE,0.0,0.0,0.0,90.0,1.3,0,0.0,0
2014-11-10,2014-11-27,OPTIDX,CNXIT,10200.0,PE,0.0,0.0,0.0,110.9,2.25,0,0.0,0
2014-11-10,2014-11-27,OPTIDX,CNXIT,10300.0,PE,0.0,0.0,0.0,135.5,3.75,0,0.0,0
2014-11-10,2014-11-27,OPTIDX,CNXIT,10400.0,PE,0.0,0.0,0.0,162.85,6.15,0,0.0,0
2014-11-10,2014-11-27,OPTIDX,CNXIT,10500.0,PE,0.0,0.0,0.0,194.55,9.75,0,0.0,0
2014-11-10,2014-11-27,OPTIDX,CNXIT,10600.0,PE,0.0,0.0,0.0,230.2,15.0,0,0.0,0
2014-11-10,2014-11-27,OPTIDX,CNXIT,10700.0,PE,0.0,0.0,0.0,269.95,22.45,0,0.0,0
2014-11-10,2014-11-27,OPTIDX,CNXIT,10800.0,PE,0.0,0.0,0.0,313.85,32.65,0,0.0,0
2014-11-10,2014-11-27,OPTIDX,CNXIT,10900.0,PE,0.0,0.0,0.0,361.85,46.3,0,0.0,0
2014-11-10,2014-11-27,OPTIDX,CNXIT,11000.0,PE,0.0,0.0,0.0,414.05,64.1,0,0.0,0
2014-11-10,2014-11-27,OPTIDX,CNXIT,11100.0,PE,0.0,0.0,0.0,470.35,86.65,0,0.0,0
2014-11-10,2014-11-27,OPTIDX,CNXIT,11200.0,PE,0.0,0.0,0.0,530.6,114.45,0,0.0,0
2014-11-10,2014-11-27,OPTIDX,CNXIT,11300.0,PE,0.0,0.0,0.0,594.6,148.3,0,0.0,0
2014-11-10,2014-11-27,OPTIDX,CNXIT,11400.0,PE,0.0,0.0,0.0,662.25,188.4,0,0.0,0
2014-11-10,2014-11-27,OPTIDX,CNXIT,11500.0,PE,0.0,0.0,0.0,733.35,234.9,0,0.0,0
2014-11-10,2014-11-27,OPTIDX,CNXIT,11600.0,PE,0.0,0.0,0.0,807.75,287.9,0,0.0,0
2014-11-10,2014-11-27,OPTIDX,CNXIT,11700.0,PE,0.0,0.0,0.0,884.95,347.3,0,0.0,0
2014-11-10,2014-11-27,OPTIDX,CNXIT,11800.0,PE,0.0,0.0,0.0,964.8,412.7,0,0.0,0
2014-11-10,2014-11-27,OPTIDX,CNXIT,11900.0,PE,0.0,0.0,0.0,1047.15,483.75,0,0.0,0
2014-11-10,2014-11-27,OPTIDX,CNXIT,12000.0,PE,0.0,0.0,0.0,1131.65,560.05,0,0.0,0
2014-11-10,2014-11-27,OPTIDX,CNXIT,12100.0,PE,0.0,0.0,0.0,1218.1,640.75,0,0.0,0
2014-11-10,2014-11-27,OPTIDX,CNXIT,12200.0,PE,0.0,0.0,0.0,1306.25,725.35,0,0.0,0
2014-11-10,2014-11-27,OPTIDX,CNXIT,12300.0,PE,0.0,0.0,0.0,1395.95,813.25,0,0.0,0
2014-11-10,2014-11-27,OPTIDX,CNXIT,12400.0,PE,0.0,0.0,0.0,1224.55,903.85,0,0.0,0
2014-11-10,2014-11-27,OPTIDX,CNXIT,12500.0,PE,0.0,0.0,0.0,1309.85,996.7,0,0.0,0
2014-11-10,2014-11-27,OPTIDX,CNXIT,12600.0,PE,0.0,0.0,0.0,1396.85,1091.25,0,0.0,0
2014-11-10,2014-11-27,OPTIDX,CNXIT,12700.0,PE,0.0,0.0,0.0,1344.45,1187.2,0,0.0,0
2014-11-10,2014-11-27,OPTIDX,CNXIT,12800.0,PE,0.0,0.0,0.0,1433.1,1284.2,0,0.0,0
2014-11-10,2014-11-27,OPTIDX,CNXIT,12900.0,PE,0.0,0.0,0.0,1414.15,1381.95,0,0.0,0
2014-11-10,2014-11-27,OPTIDX,CNXIT,13000.0,PE,0.0,0.0,0.0,1347.4,1480.3,0,0.0,0
2014-11-10,2014-11-27,OPTIDX,CNXIT,13100.0,PE,0.0,0.0,0.0,1440.05,1579.0,0,0.0,0
2014-11-10,2014-12-24,OPTIDX,CNXIT,9100.0,CE,0.0,0.0,0.0,1837.0,2466.85,0,0.0,0
2014-11-10,2014-12-24,OPTIDX,CNXIT,9200.0,CE,0.0,0.0,0.0,1748.1,2368.2,0,0.0,0
2014-11-10,2014-12-24,OPTIDX,CNXIT,9300.0,CE,0.0,0.0,0.0,1660.7,2269.7,0,0.0,0
2014-11-10,2014-12-24,OPTIDX,CNXIT,9400.0,CE,0.0,0.0,0.0,1846.65,2171.45,0,0.0,0
2014-11-10,2014-12-24,OPTIDX,CNXIT,9500.0,CE,0.0,0.0,0.0,1842.85,2073.4,0,0.0,0
2014-11-10,2014-12-24,OPTIDX,CNXIT,9600.0,CE,0.0,0.0,0.0,1804.0,1975.75,0,0.0,0
2014-11-10,2014-12-24,OPTIDX,CNXIT,9700.0,CE,0.0,0.0,0.0,1709.3,1878.6,0,0.0,0
2014-11-10,2014-12-24,OPTIDX,CNXIT,9800.0,CE,0.0,0.0,0.0,1615.5,1782.0,0,0.0,0
2014-11-10,2014-12-24,OPTIDX,CNXIT,9900.0,CE,0.0,0.0,0.0,1522.8,1686.15,0,0.0,0
2014-11-10,2014-12-24,OPTIDX,CNXIT,10000.0,CE,0.0,0.0,0.0,1431.4,1591.25,0,0.0,0
2014-11-10,2014-12-24,OPTIDX,CNXIT,10100.0,CE,0.0,0.0,0.0,1341.5,1497.45,0,0.0,0
2014-11-10,2014-12-24,OPTIDX,CNXIT,10200.0,CE,0.0,0.0,0.0,1253.35,1405.0,0,0.0,0
2014-11-10,2014-12-24,OPTIDX,CNXIT,10300.0,CE,0.0,0.0,0.0,1167.2,1314.15,0,0.0,0
2014-11-10,2014-12-24,OPTIDX,CNXIT,10400.0,CE,0.0,0.0,0.0,1083.3,1225.1,0,0.0,0
2014-11-10,2014-12-24,OPTIDX,CNXIT,10500.0,CE,0.0,0.0,0.0,1001.9,1138.1,0,0.0,0
2014-11-10,2014-12-24,OPTIDX,CNXIT,10600.0,CE,0.0,0.0,0.0,923.2,1053.5,0,0.0,0
2014-11-10,2014-12-24,OPTIDX,CNXIT,10700.0,CE,0.0,0.0,0.0,847.5,971.5,0,0.0,0
2014-11-10,2014-12-24,OPTIDX,CNXIT,10800.0,CE,0.0,0.0,0.0,775.35,892.4,0,0.0,0
2014-11-10,2014-12-24,OPTIDX,CNXIT,10900.0,CE,0.0,0.0,0.0,705.7,816.45,0,0.0,0
2014-11-10,2014-12-24,OPTIDX,CNXIT,11000.0,CE,0.0,0.0,0.0,640.15,743.65,0,0.0,0
2014-11-10,2014-12-24,OPTIDX,CNXIT,11100.0,CE,0.0,0.0,0.0,578.3,674.65,0,0.0,0
2014-11-10,2014-12-24,OPTIDX,CNXIT,11200.0,CE,0.0,0.0,0.0,520.15,609.35,0,0.0,0
2014-11-10,2014-12-24,OPTIDX,CNXIT,11300.0,CE,0.0,0.0,0.0,465.9,547.9,0,0.0,0
2014-11-10,2014-12-24,OPTIDX,CNXIT,11400.0,CE,0.0,0.0,0.0,415.4,490.4,0,0.0,0
2014-11-10,2014-12-24,OPTIDX,CNXIT,11500.0,CE,0.0,0.0,0.0,368.8,436.95,0,0.0,0
2014-11-10,2014-12-24,OPTIDX,CNXIT,11600.0,CE,0.0,0.0,0.0,325.95,387.4,0,0.0,0
2014-11-10,2014-12-24,OPTIDX,CNXIT,11700.0,CE,0.0,0.0,0.0,286.8,341.9,0,0.0,0
2014-11-10,2014-12-24,OPTIDX,CNXIT,11800.0,CE,0.0,0.0,0.0,251.25,300.3,0,0.0,0
2014-11-10,2014-12-24,OPTIDX,CNXIT,11900.0,CE,0.0,0.0,0.0,219.05,262.5,0,0.0,0
2014-11-10,2014-12-24,OPTIDX,CNXIT,12000.0,CE,0.0,0.0,0.0,190.15,228.3,0,0.0,0
2014-11-10,2014-12-24,OPTIDX,CNXIT,12100.0,CE,0.0,0.0,0.0,164.85,197.65,0,0.0,0
2014-11-10,2014-12-24,OPTIDX,CNXIT,12200.0,CE,0.0,0.0,0.0,141.55,170.25,0,0.0,0
2014-11-10,2014-12-24,OPTIDX,CNXIT,12300.0,CE,0.0,0.0,0.0,121.25,146.55,0,0.0,0
2014-11-10,2014-12-24,OPTIDX,CNXIT,12400.0,CE,0.0,0.0,0.0,103.4,124.65,0,0.0,0
2014-11-10,2014-12-24,OPTIDX,CNXIT,12500.0,CE,0.0,0.0,0.0,87.8,105.85,0,0.0,0
2014-11-10,2014-12-24,OPTIDX,CNXIT,12600.0,CE,0.0,0.0,0.0,74.2,89.45,0,0.0,0
2014-11-10,2014-12-24,OPTIDX,CNXIT,12700.0,CE,0.0,0.0,0.0,62.45,75.25,0,0.0,0
2014-11-10,2014-12-24,OPTIDX,CNXIT,12800.0,CE,0.0,0.0,0.0,52.3,62.95,0,0.0,0
2014-11-10,2014-12-24,OPTIDX,CNXIT,12900.0,CE,0.0,0.0,0.0,61.35,52.45,0,0.0,0
2014-11-10,2014-12-24,OPTIDX,CNXIT,13000.0,CE,0.0,0.0,0.0,75.6,43.5,0,0.0,0
2014-11-10,2014-12-24,OPTIDX,CNXIT,13100.0,CE,0.0,0.0,0.0,64.2,35.9,0,0.0,0
2014-11-10,2014-12-24,OPTIDX,CNXIT,9100.0,PE,0.0,0.0,0.0,45.85,0.6,0,0.0,0
2014-11-10,2014-12-24,OPTIDX,CNXIT,9200.0,PE,0.0,0.0,0.0,55.35,0.95,0,0.0,0
2014-11-10,2014-12-24,OPTIDX,CNXIT,9300.0,PE,0.0,0.0,0.0,66.4,1.4,0,0.0,0
2014-11-10,2014-12-24,OPTIDX,CNXIT,9400.0,PE,0.0,0.0,0.0,28.2,2.1,0,0.0,0
2014-11-10,2014-12-24,OPTIDX,CNXIT,9500.0,PE,0.0,0.0,0.0,5.65,3.0,0,0.0,0
2014-11-10,2014-12-24,OPTIDX,CNXIT,9600.0,PE,0.0,0.0,0.0,8.75,4.35,0,0.0,0
2014-11-10,2014-12-24,OPTIDX,CNXIT,9700.0,PE,0.0,0.0,0.0,11.9,6.1,0,0.0,0
2014-11-10,2014-12-24,OPTIDX,CNXIT,9800.0,PE,0.0,0.0,0.0,15.9,8.45,0,0.0,0
2014-11-10,2014-12-24,OPTIDX,CNXIT,9900.0,PE,0.0,0.0,0.0,21.0,11.6,0,0.0,0
2014-11-10,2014-12-24,OPTIDX,CNXIT,10000.0,PE,0.0,0.0,0.0,27.45,15.6,0,0.0,0
2014-11-10,2014-12-24,OPTIDX,CNXIT,10100.0,PE,0.0,0.0,0.0,35.35,20.8,0,0.0,0
2014-11-10,2014-12-24,OPTIDX,CNXIT,10200.0,PE,0.0,0.0,0.0,45.05,27.3,0,0.0,0
2014-11-10,2014-12-24,OPTIDX,CNXIT,10300.0,PE,0.0,0.0,0.0,56.7,35.35,0,0.0,0
2014-11-10,2014-12-24,OPTIDX,CNXIT,10400.0,PE,0.0,0.0,0.0,70.6,45.25,0,0.0,0
2014-11-10,2014-12-24,OPTIDX,CNXIT,10500.0,PE,0.0,0.0,0.0,87.0,57.25,0,0.0,0
2014-11-10,2014-12-24,OPTIDX,CNXIT,10600.0,PE,0.0,0.0,0.0,106.15,71.6,0,0.0,0
2014-11-10,2014-12-24,OPTIDX,CNXIT,10700.0,PE,0.0,0.0,0.0,128.3,88.55,0,0.0,0
2014-11-10,2014-12-24,OPTIDX,CNXIT,10800.0,PE,0.0,0.0,0.0,153.9,108.4,0,0.0,0
2014-11-10,2014-12-24,OPTIDX,CNXIT,10900.0,PE,0.0,0.0,0.0,182.1,131.4,0,0.0,0
2014-11-10,2014-12-24,OPTIDX,CNXIT,11000.0,PE,0.0,0.0,0.0,214.4,157.55,0,0.0,0
2014-11-10,2014-12-24,OPTIDX,CNXIT,11100.0,PE,0.0,0.0,0.0,250.3,187.5,0,0.0,0
2014-11-10,2014-12-24,OPTIDX,CNXIT,11200.0,PE,0.0,0.0,0.0,290.05,221.15,0,0.0,0
2014-11-10,2014-12-24,OPTIDX,CNXIT,11300.0,PE,0.0,0.0,0.0,333.55,258.65,0,0.0,0
2014-11-10,2014-12-24,OPTIDX,CNXIT,11400.0,PE,0.0,0.0,0.0,380.9,300.15,0,0.0,0
2014-11-10,2014-12-24,OPTIDX,CNXIT,11500.0,PE,0.0,0.0,0.0,432.1,345.6,0,0.0,0
2014-11-10,2014-12-24,OPTIDX,CNXIT,11600.0,PE,0.0,0.0,0.0,487.1,395.05,0,0.0,0
2014-11-10,2014-12-24,OPTIDX,CNXIT,11700.0,PE,0.0,0.0,0.0,545.75,448.45,0,0.0,0
2014-11-10,2014-12-24,OPTIDX,CNXIT,11800.0,PE,0.0,0.0,0.0,608.0,505.8,0,0.0,0
2014-11-10,2014-12-24,OPTIDX,CNXIT,11900.0,PE,0.0,0.0,0.0,673.65,566.95,0,0.0,0
2014-11-10,2014-12-24,OPTIDX,CNXIT,12000.0,PE,0.0,0.0,0.0,742.6,631.75,0,0.0,0
2014-11-10,2014-12-24,OPTIDX,CNXIT,12100.0,PE,0.0,0.0,0.0,815.05,700.0,0,0.0,0
2014-11-10,2014-12-24,OPTIDX,CNXIT,12200.0,PE,0.0,0.0,0.0,889.6,771.55,0,0.0,0
2014-11-10,2014-12-24,OPTIDX,CNXIT,12300.0,PE,0.0,0.0,0.0,967.15,846.85,0,0.0,0
2014-11-10,2014-12-24,OPTIDX,CNXIT,12400.0,PE,0.0,0.0,0.0,1047.1,923.9,0,0.0,0
2014-11-10,2014-12-24,OPTIDX,CNXIT,12500.0,PE,0.0,0.0,0.0,1129.3,1004.05,0,0.0,0
2014-11-10,2014-12-24,OPTIDX,CNXIT,12600.0,PE,0.0,0.0,0.0,1213.55,1086.6,0,0.0,0
2014-11-10,2014-12-24,OPTIDX,CNXIT,12700.0,PE,0.0,0.0,0.0,1299.6,1171.35,0,0.0,0
2014-11-10,2014-12-24,OPTIDX,CNXIT,12800.0,PE,0.0,0.0,0.0,1387.3,1258.0,0,0.0,0
2014-11-10,2014-12-24,OPTIDX,CNXIT,12900.0,PE,0.0,0.0,0.0,1367.65,1346.45,0,0.0,0
2014-11-10,2014-12-24,OPTIDX,CNXIT,13000.0,PE,0.0,0.0,0.0,1309.5,1436.45,0,0.0,0
2014-11-10,2014-12-24,OPTIDX,CNXIT,13100.0,PE,0.0,0.0,0.0,1396.2,1527.8,0,0.0,0
2014-11-10,2015-01-29,OPTIDX,CNXIT,9500.0,CE,0.0,0.0,0.0,1887.05,2168.05,0,0.0,0
2014-11-10,2015-01-29,OPTIDX,CNXIT,9600.0,CE,0.0,0.0,0.0,1799.9,2074.35,0,0.0,0
2014-11-10,2015-01-29,OPTIDX,CNXIT,9700.0,CE,0.0,0.0,0.0,1714.2,1981.55,0,0.0,0
2014-11-10,2015-01-29,OPTIDX,CNXIT,9800.0,CE,0.0,0.0,0.0,1630.15,1889.8,0,0.0,0
2014-11-10,2015-01-29,OPTIDX,CNXIT,9900.0,CE,0.0,0.0,0.0,1547.8,1799.2,0,0.0,0
2014-11-10,2015-01-29,OPTIDX,CNXIT,10000.0,CE,0.0,0.0,0.0,1467.3,1709.95,0,0.0,0
2014-11-10,2015-01-29,OPTIDX,CNXIT,10100.0,CE,0.0,0.0,0.0,1388.75,1622.1,0,0.0,0
2014-11-10,2015-01-29,OPTIDX,CNXIT,10200.0,CE,0.0,0.0,0.0,1312.25,1535.9,0,0.0,0
2014-11-10,2015-01-29,OPTIDX,CNXIT,10300.0,CE,0.0,0.0,0.0,1237.9,1451.5,0,0.0,0
2014-11-10,2015-01-29,OPTIDX,CNXIT,10400.0,CE,0.0,0.0,0.0,1166.15,1368.95,0,0.0,0
2014-11-10,2015-01-29,OPTIDX,CNXIT,10500.0,CE,0.0,0.0,0.0,1095.85,1288.45,0,0.0,0
2014-11-10,2015-01-29,OPTIDX,CNXIT,10600.0,CE,0.0,0.0,0.0,1028.55,1210.2,0,0.0,0
2014-11-10,2015-01-29,OPTIDX,CNXIT,10700.0,CE,0.0,0.0,0.0,963.7,1134.25,0,0.0,0
2014-11-10,2015-01-29,OPTIDX,CNXIT,10800.0,CE,0.0,0.0,0.0,901.35,1061.1,0,0.0,0
2014-11-10,2015-01-29,OPTIDX,CNXIT,10900.0,CE,0.0,0.0,0.0,841.6,990.05,0,0.0,0
2014-11-10,2015-01-29,OPTIDX,CNXIT,11000.0,CE,0.0,0.0,0.0,784.45,921.35,0,0.0,0
2014-11-10,2015-01-29,OPTIDX,CNXIT,11100.0,CE,0.0,0.0,0.0,729.85,855.9,0,0.0,0
2014-11-10,2015-01-29,OPTIDX,CNXIT,11200.0,CE,0.0,0.0,0.0,677.85,793.25,0,0.0,0
2014-11-10,2015-01-29,OPTIDX,CNXIT,11300.0,CE,0.0,0.0,0.0,628.45,733.5,0,0.0,0
2014-11-10,2015-01-29,OPTIDX,CNXIT,11400.0,CE,0.0,0.0,0.0,581.65,676.65,0,0.0,0
2014-11-10,2015-01-29,OPTIDX,CNXIT,11500.0,CE,0.0,0.0,0.0,537.35,622.75,0,0.0,0
2014-11-10,2015-01-29,OPTIDX,CNXIT,11600.0,CE,0.0,0.0,0.0,495.6,571.8,0,0.0,0
2014-11-10,2015-01-29,OPTIDX,CNXIT,11700.0,CE,0.0,0.0,0.0,456.25,523.7,0,0.0,0
2014-11-10,2015-01-29,OPTIDX,CNXIT,11800.0,CE,0.0,0.0,0.0,419.3,478.55,0,0.0,0
2014-11-10,2015-01-29,OPTIDX,CNXIT,11900.0,CE,0.0,0.0,0.0,384.7,436.3,0,0.0,0
2014-11-10,2015-01-29,OPTIDX,CNXIT,12000.0,CE,0.0,0.0,0.0,352.35,396.75,0,0.0,0
2014-11-10,2015-01-29,OPTIDX,CNXIT,12100.0,CE,0.0,0.0,0.0,322.15,360.0,0,0.0,0
2014-11-10,2015-01-29,OPTIDX,CNXIT,12200.0,CE,0.0,0.0,0.0,294.0,325.85,0,0.0,0
2014-11-10,2015-01-29,OPTIDX,CNXIT,12300.0,CE,0.0,0.0,0.0,267.9,294.25,0,0.0,0
2014-11-10,2015-01-29,OPTIDX,CNXIT,12400.0,CE,0.0,0.0,0.0,244.3,265.05,0,0.0,0
2014-11-10,2015-01-29,OPTIDX,CNXIT,12500.0,CE,0.0,0.0,0.0,222.05,238.25,0,0.0,0
2014-11-10,2015-01-29,OPTIDX,CNXIT,12600.0,CE,0.0,0.0,0.0,201.0,214.2,0,0.0,0
2014-11-10,2015-01-29,OPTIDX,CNXIT,12700.0,CE,0.0,0.0,0.0,181.95,191.8,0,0.0,0
2014-11-10,2015-01-29,OPTIDX,CNXIT,12800.0,CE,0.0,0.0,0.0,216.45,170.85,0,0.0,0
2014-11-10,2015-01-29,OPTIDX,CNXIT,12900.0,CE,0.0,0.0,0.0,196.7,152.15,0,0.0,0
2014-11-10,2015-01-29,OPTIDX,CNXIT,13000.0,CE,0.0,0.0,0.0,163.05,135.2,0,0.0,0
2014-11-10,2015-01-29,OPTIDX,CNXIT,13100.0,CE,0.0,0.0,0.0,134.85,119.9,0,0.0,0
2014-11-10,2015-01-29,OPTIDX,CNXIT,9500.0,PE,0.0,0.0,0.0,57.45,17.05,0,0.0,0
2014-11-10,2015-01-29,OPTIDX,CNXIT,9600.0,PE,0.0,0.0,0.0,68.1,21.45,0,0.0,0
2014-11-10,2015-01-29,OPTIDX,CNXIT,9700.0,PE,0.0,0.0,0.0,80.3,26.75,0,0.0,0
2014-11-10,2015-01-29,OPTIDX,CNXIT,9800.0,PE,0.0,0.0,0.0,94.05,33.1,0,0.0,0
2014-11-10,2015-01-29,OPTIDX,CNXIT,9900.0,PE,0.0,0.0,0.0,109.55,40.65,0,0.0,0
2014-11-10,2015-01-29,OPTIDX,CNXIT,10000.0,PE,0.0,0.0,0.0,126.9,49.45,0,0.0,0
2014-11-10,2015-01-29,OPTIDX,CNXIT,10100.0,PE,0.0,0.0,0.0,146.2,59.75,0,0.0,0
2014-11-10,2015-01-29,OPTIDX,CNXIT,10200.0,PE,0.0,0.0,0.0,167.55,71.65,0,0.0,0
2014-11-10,2015-01-29,OPTIDX,CNXIT,10300.0,PE,0.0,0.0,0.0,191.05,85.3,0,0.0,0
2014-11-10,2015-01-29,OPTIDX,CNXIT,10400.0,PE,0.0,0.0,0.0,217.15,100.9,0,0.0,0
2014-11-10,2015-01-29,OPTIDX,CNXIT,10500.0,PE,0.0,0.0,0.0,244.7,118.5,0,0.0,0
2014-11-10,2015-01-29,OPTIDX,CNXIT,10600.0,PE,0.0,0.0,0.0,275.2,138.35,0,0.0,0
2014-11-10,2015-01-29,OPTIDX,CNXIT,10700.0,PE,0.0,0.0,0.0,308.2,160.5,0,0.0,0
2014-11-10,2015-01-29,OPTIDX,CNXIT,10800.0,PE,0.0,0.0,0.0,343.7,185.5,0,0.0,0
2014-11-10,2015-01-29,OPTIDX,CNXIT,10900.0,PE,0.0,0.0,0.0,381.8,212.55,0,0.0,0
2014-11-10,2015-01-29,OPTIDX,CNXIT,11000.0,PE,0.0,0.0,0.0,422.45,241.95,0,0.0,0
2014-11-10,2015-01-29,OPTIDX,CNXIT,11100.0,PE,0.0,0.0,0.0,465.7,274.55,0,0.0,0
2014-11-10,2015-01-29,OPTIDX,CNXIT,11200.0,PE,0.0,0.0,0.0,511.6,310.05,0,0.0,0
2014-11-10,2015-01-29,OPTIDX,CNXIT,11300.0,PE,0.0,0.0,0.0,560.0,348.4,0,0.0,0
2014-11-10,2015-01-29,OPTIDX,CNXIT,11400.0,PE,0.0,0.0,0.0,611.05,389.65,0,0.0,0
2014-11-10,2015-01-29,OPTIDX,CNXIT,11500.0,PE,0.0,0.0,0.0,664.6,433.85,0,0.0,0
2014-11-10,2015-01-29,OPTIDX,CNXIT,11600.0,PE,0.0,0.0,0.0,720.65,481.0,0,0.0,0
2014-11-10,2015-01-29,OPTIDX,CNXIT,11700.0,PE,0.0,0.0,0.0,779.2,531.0,0,0.0,0
2014-11-10,2015-01-29,OPTIDX,CNXIT,11800.0,PE,0.0,0.0,0.0,840.1,584.0,0,0.0,0
2014-11-10,2015-01-29,OPTIDX,CNXIT,11900.0,PE,0.0,0.0,0.0,903.3,639.8,0,0.0,0
2014-11-10,2015-01-29,OPTIDX,CNXIT,12000.0,PE,0.0,0.0,0.0,968.8,698.4,0,0.0,0
2014-11-10,2015-01-29,OPTIDX,CNXIT,12100.0,PE,0.0,0.0,0.0,1036.45,759.7,0,0.0,0
2014-11-10,2015-01-29,OPTIDX,CNXIT,12200.0,PE,0.0,0.0,0.0,1106.15,823.65,0,0.0,0
2014-11-10,2015-01-29,OPTIDX,CNXIT,12300.0,PE,0.0,0.0,0.0,1177.9,890.15,0,0.0,0
2014-11-10,2015-01-29,OPTIDX,CNXIT,12400.0,PE,0.0,0.0,0.0,1252.1,959.1,0,0.0,0
2014-11-10,2015-01-29,OPTIDX,CNXIT,12500.0,PE,0.0,0.0,0.0,1327.7,1030.35,0,0.0,0
2014-11-10,2015-01-29,OPTIDX,CNXIT,12600.0,PE,0.0,0.0,0.0,1404.5,1104.45,0,0.0,0
2014-11-10,2015-01-29,OPTIDX,CNXIT,12700.0,PE,0.0,0.0,0.0,1483.3,1180.15,0,0.0,0
2014-11-10,2015-01-29,OPTIDX,CNXIT,12800.0,PE,0.0,0.0,0.0,1408.25,1257.3,0,0.0,0
2014-11-10,2015-01-29,OPTIDX,CNXIT,12900.0,PE,0.0,0.0,0.0,1486.35,1336.7,0,0.0,0
2014-11-10,2015-01-29,OPTIDX,CNXIT,13000.0,PE,0.0,0.0,0.0,1537.6,1417.9,0,0.0,0
2014-11-10,2015-01-29,OPTIDX,CNXIT,13100.0,PE,0.0,0.0,0.0,1506.2,1500.7,0,0.0,0
2014-11-10,2014-11-27,OPTIDX,CNXPSE,2700.0,CE,0.0,0.0,0.0,886.65,1030.35,0,0.0,0
2014-11-10,2014-11-27,OPTIDX,CNXPSE,2800.0,CE,0.0,0.0,0.0,896.1,930.7,0,0.0,0
2014-11-10,2014-11-27,OPTIDX,CNXPSE,2900.0,CE,0.0,0.0,0.0,800.65,831.1,0,0.0,0
2014-11-10,2014-11-27,OPTIDX,CNXPSE,3000.0,CE,0.0,0.0,0.0,707.15,731.5,0,0.0,0
2014-11-10,2014-11-27,OPTIDX,CNXPSE,3100.0,CE,0.0,0.0,0.0,616.6,631.9,0,0.0,0
2014-11-10,2014-11-27,OPTIDX,CNXPSE,3200.0,CE,0.0,0.0,0.0,530.05,532.3,0,0.0,0
2014-11-10,2014-11-27,OPTIDX,CNXPSE,3300.0,CE,0.0,0.0,0.0,448.7,432.85,0,0.0,0
2014-11-10,2014-11-27,OPTIDX,CNXPSE,3400.0,CE,0.0,0.0,0.0,373.85,334.25,0,0.0,0
2014-11-10,2014-11-27,OPTIDX,CNXPSE,3500.0,CE,0.0,0.0,0.0,306.0,239.25,0,0.0,0
2014-11-10,2014-11-27,OPTIDX,CNXPSE,3600.0,CE,0.0,0.0,0.0,246.25,153.75,0,0.0,0
2014-11-10,2014-11-27,OPTIDX,CNXPSE,3700.0,CE,0.0,0.0,0.0,194.65,85.85,0,0.0,0
2014-11-10,2014-11-27,OPTIDX,CNXPSE,3800.0,CE,0.0,0.0,0.0,151.15,40.5,0,0.0,0
2014-11-10,2014-11-27,OPTIDX,CNXPSE,3900.0,CE,0.0,0.0,0.0,115.35,15.85,0,0.0,0
2014-11-10,2014-11-27,OPTIDX,CNXPSE,4000.0,CE,0.0,0.0,0.0,86.5,5.1,0,0.0,0
2014-11-10,2014-11-27,OPTIDX,CNXPSE,4100.0,CE,0.0,0.0,0.0,63.85,1.35,0,0.0,0
2014-11-10,2014-11-27,OPTIDX,CNXPSE,4200.0,CE,0.0,0.0,0.0,46.3,0.3,0,0.0,0
2014-11-10,2014-11-27,OPTIDX,CNXPSE,4300.0,CE,0.0,0.0,0.0,33.05,0.05,0,0.0,0
2014-11-10,2014-11-27,OPTIDX,CNXPSE,4400.0,CE,0.0,0.0,0.0,23.25,0.05,0,0.0,0
2014-11-10,2014-11-27,OPTIDX,CNXPSE,4500.0,CE,0.0,0.0,0.0,23.45,0.0,0,0.0,0
2014-11-10,2014-11-27,OPTIDX,CNXPSE,4600.0,CE,0.0,0.0,0.0,9.75,0.0,0,0.0,0
2014-11-10,2014-11-27,OPTIDX,CNXPSE,2700.0,PE,0.0,0.0,0.0,0.5,0.0,0,0.0,0
2014-11-10,2014-11-27,OPTIDX,CNXPSE,2800.0,PE,0.0,0.0,0.0,2.2,0.0,0,0.0,0
2014-11-10,2014-11-27,OPTIDX,CNXPSE,2900.0,PE,0.0,0.0,0.0,4.65,0.0,0,0.0,0
2014-11-10,2014-11-27,OPTIDX,CNXPSE,3000.0,PE,0.0,0.0,0.0,9.0,0.0,0,0.0,0
2014-11-10,2014-11-27,OPTIDX,CNXPSE,3100.0,PE,0.0,0.0,0.0,16.3,0.0,0,0.0,0
2014-11-10,2014-11-27,OPTIDX,CNXPSE,3200.0,PE,0.0,0.0,0.0,27.65,0.05,0,0.0,0
2014-11-10,2014-11-27,OPTIDX,CNXPSE,3300.0,PE,0.0,0.0,0.0,44.2,0.2,0,0.0,0
2014-11-10,2014-11-27,OPTIDX,CNXPSE,3400.0,PE,0.0,0.0,0.0,67.2,1.2,0,0.0,0
2014-11-10,2014-11-27,OPTIDX,CNXPSE,3500.0,PE,0.0,0.0,0.0,97.2,5.75,0,0.0,0
2014-11-10,2014-11-27,OPTIDX,CNXPSE,3600.0,PE,0.0,0.0,0.0,135.35,19.9,0,0.0,0
2014-11-10,2014-11-27,OPTIDX,CNXPSE,3700.0,PE,0.0,0.0,0.0,181.6,51.6,0,0.0,0
2014-11-10,2014-11-27,OPTIDX,CNXPSE,3800.0,PE,0.0,0.0,0.0,236.0,105.85,0,0.0,0
2014-11-10,2014-11-27,OPTIDX,CNXPSE,3900.0,PE,0.0,0.0,0.0,298.05,180.8,0,0.0,0
2014-11-10,2014-11-27,OPTIDX,CNXPSE,4000.0,PE,0.0,0.0,0.0,367.05,269.65,0,0.0,0
2014-11-10,2014-11-27,OPTIDX,CNXPSE,4100.0,PE,0.0,0.0,0.0,442.3,365.5,0,0.0,0
2014-11-10,2014-11-27,OPTIDX,CNXPSE,4200.0,PE,0.0,0.0,0.0,522.65,464.1,0,0.0,0
2014-11-10,2014-11-27,OPTIDX,CNXPSE,4300.0,PE,0.0,0.0,0.0,607.3,563.45,0,0.0,0
2014-11-10,2014-11-27,OPTIDX,CNXPSE,4400.0,PE,0.0,0.0,0.0,695.35,663.0,0,0.0,0
2014-11-10,2014-11-27,OPTIDX,CNXPSE,4500.0,PE,0.0,0.0,0.0,727.45,762.6,0,0.0,0
2014-11-10,2014-11-27,OPTIDX,CNXPSE,4600.0,PE,0.0,0.0,0.0,767.65,862.2,0,0.0,0
2014-11-10,2014-12-24,OPTIDX,CNXPSE,2700.0,CE,0.0,0.0,0.0,821.15,1047.95,0,0.0,0
2014-11-10,2014-12-24,OPTIDX,CNXPSE,2800.0,CE,0.0,0.0,0.0,726.35,949.0,0,0.0,0
2014-11-10,2014-12-24,OPTIDX,CNXPSE,2900.0,CE,0.0,0.0,0.0,633.9,850.05,0,0.0,0
2014-11-10,2014-12-24,OPTIDX,CNXPSE,3000.0,CE,0.0,0.0,0.0,545.0,751.15,0,0.0,0
2014-11-10,2014-12-24,OPTIDX,CNXPSE,3100.0,CE,0.0,0.0,0.0,460.95,652.45,0,0.0,0
2014-11-10,2014-12-24,OPTIDX,CNXPSE,3200.0,CE,0.0,0.0,0.0,383.0,554.4,0,0.0,0
2014-11-10,2014-12-24,OPTIDX,CNXPSE,3300.0,CE,0.0,0.0,0.0,312.35,458.1,0,0.0,0
2014-11-10,2014-12-24,OPTIDX,CNXPSE,3400.0,CE,0.0,0.0,0.0,249.85,365.5,0,0.0,0
2014-11-10,2014-12-24,OPTIDX,CNXPSE,3500.0,CE,0.0,0.0,0.0,196.0,279.4,0,0.0,0
2014-11-10,2014-12-24,OPTIDX,CNXPSE,3600.0,CE,0.0,0.0,0.0,150.7,203.15,0,0.0,0
2014-11-10,2014-12-24,OPTIDX,CNXPSE,3700.0,CE,0.0,0.0,0.0,113.6,139.65,0,0.0,0
2014-11-10,2014-12-24,OPTIDX,CNXPSE,3800.0,CE,0.0,0.0,0.0,84.0,90.3,0,0.0,0
2014-11-10,2014-12-24,OPTIDX,CNXPSE,3900.0,CE,0.0,0.0,0.0,61.0,54.75,0,0.0,0
2014-11-10,2014-12-24,OPTIDX,CNXPSE,4000.0,CE,0.0,0.0,0.0,43.45,31.15,0,0.0,0
2014-11-10,2014-12-24,OPTIDX,CNXPSE,4100.0,CE,0.0,0.0,0.0,30.4,16.55,0,0.0,0
2014-11-10,2014-12-24,OPTIDX,CNXPSE,4200.0,CE,0.0,0.0,0.0,20.9,8.25,0,0.0,0
2014-11-10,2014-12-24,OPTIDX,CNXPSE,4300.0,CE,0.0,0.0,0.0,14.15,3.85,0,0.0,0
2014-11-10,2014-12-24,OPTIDX,CNXPSE,4400.0,CE,0.0,0.0,0.0,8.45,1.7,0,0.0,0
2014-11-10,2014-12-24,OPTIDX,CNXPSE,4500.0,CE,0.0,0.0,0.0,6.65,0.7,0,0.0,0
2014-11-10,2014-12-24,OPTIDX,CNXPSE,4600.0,CE,0.0,0.0,0.0,2.5,0.3,0,0.0,0
2014-11-10,2014-12-24,OPTIDX,CNXPSE,2700.0,PE,0.0,0.0,0.0,2.65,0.0,0,0.0,0
2014-11-10,2014-12-24,OPTIDX,CNXPSE,2800.0,PE,0.0,0.0,0.0,5.65,0.0,0,0.0,0
2014-11-10,2014-12-24,OPTIDX,CNXPSE,2900.0,PE,0.0,0.0,0.0,11.0,0.05,0,0.0,0
2014-11-10,2014-12-24,OPTIDX,CNXPSE,3000.0,PE,0.0,0.0,0.0,19.95,0.1,0,0.0,0
2014-11-10,2014-12-24,OPTIDX,CNXPSE,3100.0,PE,0.0,0.0,0.0,33.7,0.35,0,0.0,0
2014-11-10,2014-12-24,OPTIDX,CNXPSE,3200.0,PE,0.0,0.0,0.0,53.6,1.25,0,0.0,0
2014-11-10,2014-12-24,OPTIDX,CNXPSE,3300.0,PE,0.0,0.0,0.0,80.75,3.9,0,0.0,0
2014-11-10,2014-12-24,OPTIDX,CNXPSE,3400.0,PE,0.0,0.0,0.0,116.1,10.25,0,0.0,0
2014-11-10,2014-12-24,OPTIDX,CNXPSE,3500.0,PE,0.0,0.0,0.0,160.05,23.1,0,0.0,0
2014-11-10,2014-12-24,OPTIDX,CNXPSE,3600.0,PE,0.0,0.0,0.0,212.55,45.8,0,0.0,0
2014-11-10,2014-12-24,OPTIDX,CNXPSE,3700.0,PE,0.0,0.0,0.0,273.3,81.25,0,0.0,0
2014-11-10,2014-12-24,OPTIDX,CNXPSE,3800.0,PE,0.0,0.0,0.0,341.5,130.85,0,0.0,0
2014-11-10,2014-12-24,OPTIDX,CNXPSE,3900.0,PE,0.0,0.0,0.0,416.35,194.3,0,0.0,0
2014-11-10,2014-12-24,OPTIDX,CNXPSE,4000.0,PE,0.0,0.0,0.0,496.6,269.6,0,0.0,0
2014-11-10,2014-12-24,OPTIDX,CNXPSE,4100.0,PE,0.0,0.0,0.0,581.35,354.0,0,0.0,0
2014-11-10,2014-12-24,OPTIDX,CNXPSE,4200.0,PE,0.0,0.0,0.0,669.7,444.65,0,0.0,0
2014-11-10,2014-12-24,OPTIDX,CNXPSE,4300.0,PE,0.0,0.0,0.0,760.75,539.2,0,0.0,0
2014-11-10,2014-12-24,OPTIDX,CNXPSE,4400.0,PE,0.0,0.0,0.0,759.55,636.0,0,0.0,0
2014-11-10,2014-12-24,OPTIDX,CNXPSE,4500.0,PE,0.0,0.0,0.0,774.55,733.95,0,0.0,0
2014-11-10,2014-12-24,OPTIDX,CNXPSE,4600.0,PE,0.0,0.0,0.0,758.8,832.5,0,0.0,0
2014-11-10,2015-01-29,OPTIDX,CNXPSE,2900.0,CE,0.0,0.0,0.0,872.05,874.95,0,0.0,0
2014-11-10,2015-01-29,OPTIDX,CNXPSE,3000.0,CE,0.0,0.0,0.0,775.4,777.5,0,0.0,0
2014-11-10,2015-01-29,OPTIDX,CNXPSE,3100.0,CE,0.0,0.0,0.0,680.1,681.0,0,0.0,0
2014-11-10,2015-01-29,OPTIDX,CNXPSE,3200.0,CE,0.0,0.0,0.0,587.15,586.3,0,0.0,0
2014-11-10,2015-01-29,OPTIDX,CNXPSE,3300.0,CE,0.0,0.0,0.0,497.8,494.7,0,0.0,0
2014-11-10,2015-01-29,OPTIDX,CNXPSE,3400.0,CE,0.0,0.0,0.0,413.6,407.95,0,0.0,0
2014-11-10,2015-01-29,OPTIDX,CNXPSE,3500.0,CE,0.0,0.0,0.0,336.15,327.85,0,0.0,0
2014-11-10,2015-01-29,OPTIDX,CNXPSE,3600.0,CE,0.0,0.0,0.0,266.7,256.1,0,0.0,0
2014-11-10,2015-01-29,OPTIDX,CNXPSE,3700.0,CE,0.0,0.0,0.0,206.45,194.2,0,0.0,0
2014-11-10,2015-01-29,OPTIDX,CNXPSE,3800.0,CE,0.0,0.0,0.0,155.75,142.7,0,0.0,0
2014-11-10,2015-01-29,OPTIDX,CNXPSE,3900.0,CE,0.0,0.0,0.0,114.5,101.55,0,0.0,0
2014-11-10,2015-01-29,OPTIDX,CNXPSE,4000.0,CE,0.0,0.0,0.0,82.0,70.0,0,0.0,0
2014-11-10,2015-01-29,OPTIDX,CNXPSE,4100.0,CE,0.0,0.0,0.0,57.25,46.75,0,0.0,0
2014-11-10,2015-01-29,OPTIDX,CNXPSE,4200.0,CE,0.0,0.0,0.0,39.0,30.25,0,0.0,0
2014-11-10,2015-01-29,OPTIDX,CNXPSE,4300.0,CE,0.0,0.0,0.0,25.9,18.95,0,0.0,0
2014-11-10,2015-01-29,OPTIDX,CNXPSE,4400.0,CE,0.0,0.0,0.0,16.75,11.55,0,0.0,0
2014-11-10,2015-01-29,OPTIDX,CNXPSE,4500.0,CE,0.0,0.0,0.0,10.6,6.8,0,0.0,0
2014-11-10,2015-01-29,OPTIDX,CNXPSE,4600.0,CE,0.0,0.0,0.0,13.1,3.9,0,0.0,0
2014-11-10,2015-01-29,OPTIDX,CNXPSE,2900.0,PE,0.0,0.0,0.0,0.8,0.35,0,0.0,0
2014-11-10,2015-01-29,OPTIDX,CNXPSE,3000.0,PE,0.0,0.0,0.0,2.0,1.0,0,0.0,0
2014-11-10,2015-01-29,OPTIDX,CNXPSE,3100.0,PE,0.0,0.0,0.0,4.55,2.6,0,0.0,0
2014-11-10,2015-01-29,OPTIDX,CNXPSE,3200.0,PE,0.0,0.0,0.0,9.4,6.0,0,0.0,0
2014-11-10,2015-01-29,OPTIDX,CNXPSE,3300.0,PE,0.0,0.0,0.0,17.9,12.55,0,0.0,0
2014-11-10,2015-01-29,OPTIDX,CNXPSE,3400.0,PE,0.0,0.0,0.0,31.55,23.85,0,0.0,0
2014-11-10,2015-01-29,OPTIDX,CNXPSE,3500.0,PE,0.0,0.0,0.0,51.9,41.85,0,0.0,0
2014-11-10,2015-01-29,OPTIDX,CNXPSE,3600.0,PE,0.0,0.0,0.0,80.3,68.25,0,0.0,0
2014-11-10,2015-01-29,OPTIDX,CNXPSE,3700.0,PE,0.0,0.0,0.0,117.95,104.45,0,0.0,0
2014-11-10,2015-01-29,OPTIDX,CNXPSE,3800.0,PE,0.0,0.0,0.0,165.05,151.05,0,0.0,0
2014-11-10,2015-01-29,OPTIDX,CNXPSE,3900.0,PE,0.0,0.0,0.0,221.65,208.0,0,0.0,0
2014-11-10,2015-01-29,OPTIDX,CNXPSE,4000.0,PE,0.0,0.0,0.0,286.95,274.5,0,0.0,0
2014-11-10,2015-01-29,OPTIDX,CNXPSE,4100.0,PE,0.0,0.0,0.0,360.1,349.4,0,0.0,0
2014-11-10,2015-01-29,OPTIDX,CNXPSE,4200.0,PE,0.0,0.0,0.0,439.65,431.0,0,0.0,0
2014-11-10,2015-01-29,OPTIDX,CNXPSE,4300.0,PE,0.0,0.0,0.0,524.4,517.8,0,0.0,0
2014-11-10,2015-01-29,OPTIDX,CNXPSE,4400.0,PE,0.0,0.0,0.0,613.1,608.5,0,0.0,0
2014-11-10,2015-01-29,OPTIDX,CNXPSE,4500.0,PE,0.0,0.0,0.0,704.8,701.85,0,0.0,0
2014-11-10,2015-01-29,OPTIDX,CNXPSE,4600.0,PE,0.0,0.0,0.0,730.35,797.1,0,0.0,0
2014-11-10,2014-11-21,OPTIDX,FTSE100,5400.0,CE,0.0,0.0,0.0,859.1,1181.05,0,0.0,0
2014-11-10,2014-11-21,OPTIDX,FTSE100,5500.0,CE,0.0,0.0,0.0,891.95,1081.3,0,0.0,0
2014-11-10,2014-11-21,OPTIDX,FTSE100,5600.0,CE,0.0,0.0,0.0,886.1,981.55,0,0.0,0
2014-11-10,2014-11-21,OPTIDX,FTSE100,5700.0,CE,0.0,0.0,0.0,856.5,881.85,0,0.0,0
2014-11-10,2014-11-21,OPTIDX,FTSE100,5800.0,CE,0.0,0.0,0.0,972.55,782.1,0,0.0,0
2014-11-10,2014-11-21,OPTIDX,FTSE100,5900.0,CE,0.0,0.0,0.0,875.4,682.35,0,0.0,0
2014-11-10,2014-11-21,OPTIDX,FTSE100,6000.0,CE,0.0,0.0,0.0,778.8,582.7,0,0.0,0
2014-11-10,2014-11-21,OPTIDX,FTSE100,6100.0,CE,0.0,0.0,0.0,683.35,483.35,0,0.0,0
2014-11-10,2014-11-21,OPTIDX,FTSE100,6200.0,CE,0.0,0.0,0.0,589.8,385.3,0,0.0,0
2014-11-10,2014-11-21,OPTIDX,FTSE100,6300.0,CE,0.0,0.0,0.0,499.35,290.85,0,0.0,0
2014-11-10,2014-11-21,OPTIDX,FTSE100,6400.0,CE,0.0,0.0,0.0,413.55,204.2,0,0.0,0
2014-11-10,2014-11-21,OPTIDX,FTSE100,6500.0,CE,0.0,0.0,0.0,334.05,130.75,0,0.0,0
2014-11-10,2014-11-21,OPTIDX,FTSE100,6600.0,CE,0.0,0.0,0.0,262.35,75.0,0,0.0,0
2014-11-10,2014-11-21,OPTIDX,FTSE100,6700.0,CE,0.0,0.0,0.0,199.95,37.95,0,0.0,0
2014-11-10,2014-11-21,OPTIDX,FTSE100,6800.0,CE,0.0,0.0,0.0,147.55,16.8,0,0.0,0
2014-11-10,2014-11-21,OPTIDX,FTSE100,6900.0,CE,0.0,0.0,0.0,105.2,6.45,0,0.0,0
2014-11-10,2014-11-21,OPTIDX,FTSE100,7000.0,CE,0.0,0.0,0.0,72.4,2.15,0,0.0,0
2014-11-10,2014-11-21,OPTIDX,FTSE100,7100.0,CE,0.0,0.0,0.0,48.15,0.6,0,0.0,0
2014-11-10,2014-11-21,OPTIDX,FTSE100,7200.0,CE,0.0,0.0,0.0,30.8,0.15,0,0.0,0
2014-11-10,2014-11-21,OPTIDX,FTSE100,7300.0,CE,0.0,0.0,0.0,19.0,0.05,0,0.0,0
2014-11-10,2014-11-21,OPTIDX,FTSE100,7400.0,CE,0.0,0.0,0.0,11.3,0.05,0,0.0,0
2014-11-10,2014-11-21,OPTIDX,FTSE100,7500.0,CE,0.0,0.0,0.0,6.0,0.0,0,0.0,0
2014-11-10,2014-11-21,OPTIDX,FTSE100,7600.0,CE,0.0,0.0,0.0,7.6,0.0,0,0.0,0
2014-11-10,2014-11-21,OPTIDX,FTSE100,7700.0,CE,0.0,0.0,0.0,1.4,0.0,0,0.0,0
2014-11-10,2014-11-21,OPTIDX,FTSE100,5400.0,PE,0.0,0.0,0.0,0.25,0.0,0,0.0,0
2014-11-10,2014-11-21,OPTIDX,FTSE100,5500.0,PE,0.0,0.0,0.0,0.05,0.0,0,0.0,0
2014-11-10,2014-11-21,OPTIDX,FTSE100,5600.0,PE,0.0,0.0,0.0,0.05,0.0,0,0.0,0
2014-11-10,2014-11-21,OPTIDX,FTSE100,5700.0,PE,0.0,0.0,0.0,0.05,0.0,0,0.0,0
2014-11-10,2014-11-21,OPTIDX,FTSE100,5800.0,PE,0.0,0.0,0.0,0.3,0.0,0,0.0,0
2014-11-10,2014-11-21,OPTIDX,FTSE100,5900.0,PE,0.0,0.0,0.0,0.7,0.05,0,0.0,0
2014-11-10,2014-11-21,OPTIDX,FTSE100,6000.0,PE,0.0,0.0,0.0,1.7,0.1,0,0.0,0
2014-11-10,2014-11-21,OPTIDX,FTSE100,6100.0,PE,0.0,0.0,0.0,3.8,0.55,0,0.0,0
2014-11-10,2014-11-21,OPTIDX,FTSE100,6200.0,PE,0.0,0.0,0.0,7.85,2.2,0,0.0,0
2014-11-10,2014-11-21,OPTIDX,FTSE100,6300.0,PE,0.0,0.0,0.0,15.0,7.5,0,0.0,0
2014-11-10,2014-11-21,OPTIDX,FTSE100,6400.0,PE,0.0,0.0,0.0,26.8,20.6,0,0.0,0
2014-11-10,2014-11-21,OPTIDX,FTSE100,6500.0,PE,0.0,0.0,0.0,44.85,46.9,0,0.0,0
2014-11-10,2014-11-21,OPTIDX,FTSE100,6600.0,PE,0.0,0.0,0.0,70.75,90.9,0,0.0,0
2014-11-10,2014-11-21,OPTIDX,FTSE100,6700.0,PE,0.0,0.0,0.0,105.95,153.6,0,0.0,0
2014-11-10,2014-11-21,OPTIDX,FTSE100,6800.0,PE,0.0,0.0,0.0,151.15,232.2,0,0.0,0
2014-11-10,2014-11-21,OPTIDX,FTSE100,6900.0,PE,0.0,0.0,0.0,206.4,321.55,0,0.0,0
2014-11-10,2014-11-21,OPTIDX,FTSE100,7000.0,PE,0.0,0.0,0.0,271.2,417.0,0,0.0,0
2014-11-10,2014-11-21,OPTIDX,FTSE100,7100.0,PE,0.0,0.0,0.0,344.5,515.25,0,0.0,0
2014-11-10,2014-11-21,OPTIDX,FTSE100,7200.0,PE,0.0,0.0,0.0,424.75,614.55,0,0.0,0
2014-11-10,2014-11-21,OPTIDX,FTSE100,7300.0,PE,0.0,0.0,0.0,510.55,714.15,0,0.0,0
2014-11-10,2014-11-21,OPTIDX,FTSE100,7400.0,PE,0.0,0.0,0.0,600.4,813.9,0,0.0,0
2014-11-10,2014-11-21,OPTIDX,FTSE100,7500.0,PE,0.0,0.0,0.0,675.05,913.6,0,0.0,0
2014-11-10,2014-11-21,OPTIDX,FTSE100,7600.0,PE,0.0,0.0,0.0,657.1,1013.35,0,0.0,0
2014-11-10,2014-11-21,OPTIDX,FTSE100,7700.0,PE,0.0,0.0,0.0,682.9,1113.1,0,0.0,0
2014-11-10,2014-12-19,OPTIDX,FTSE100,5400.0,CE,0.0,0.0,0.0,897.3,1217.4,0,0.0,0
2014-11-10,2014-12-19,OPTIDX,FTSE100,5500.0,CE,0.0,0.0,0.0,929.15,1118.4,0,0.0,0
2014-11-10,2014-12-19,OPTIDX,FTSE100,5600.0,CE,0.0,0.0,0.0,1299.9,1019.5,0,0.0,0
2014-11-10,2014-12-19,OPTIDX,FTSE100,5700.0,CE,0.0,0.0,0.0,1300.3,920.8,0,0.0,0
2014-11-10,2014-12-19,OPTIDX,FTSE100,5800.0,CE,0.0,0.0,0.0,1318.65,822.65,0,0.0,0
2014-11-10,2014-12-19,OPTIDX,FTSE100,5900.0,CE,0.0,0.0,0.0,1229.15,725.5,0,0.0,0
2014-11-10,2014-12-19,OPTIDX,FTSE100,6000.0,CE,0.0,0.0,0.0,1140.6,630.15,0,0.0,0
2014-11-10,2014-12-19,OPTIDX,FTSE100,6100.0,CE,0.0,0.0,0.0,1053.2,537.65,0,0.0,0
2014-11-10,2014-12-19,OPTIDX,FTSE100,6200.0,CE,0.0,0.0,0.0,967.35,449.45,0,0.0,0
2014-11-10,2014-12-19,OPTIDX,FTSE100,6300.0,CE,0.0,0.0,0.0,883.45,367.1,0,0.0,0
2014-11-10,2014-12-19,OPTIDX,FTSE100,6400.0,CE,0.0,0.0,0.0,801.95,292.15,0,0.0,0
2014-11-10,2014-12-19,OPTIDX,FTSE100,6500.0,CE,0.0,0.0,0.0,723.3,226.15,0,0.0,0
2014-11-10,2014-12-19,OPTIDX,FTSE100,6600.0,CE,0.0,0.0,0.0,647.9,169.9,0,0.0,0
2014-11-10,2014-12-19,OPTIDX,FTSE100,6700.0,CE,0.0,0.0,0.0,576.3,123.6,0,0.0,0
2014-11-10,2014-12-19,OPTIDX,FTSE100,6800.0,CE,0.0,0.0,0.0,508.95,87.0,0,0.0,0
2014-11-10,2014-12-19,OPTIDX,FTSE100,6900.0,CE,0.0,0.0,0.0,445.7,59.55,0,0.0,0
2014-11-10,2014-12-19,OPTIDX,FTSE100,7000.0,CE,0.0,0.0,0.0,387.45,39.0,0,0.0,0
2014-11-10,2014-12-19,OPTIDX,FTSE100,7100.0,CE,0.0,0.0,0.0,334.1,24.8,0,0.0,0
2014-11-10,2014-12-19,OPTIDX,FTSE100,7200.0,CE,0.0,0.0,0.0,285.8,15.2,0,0.0,0
2014-11-10,2014-12-19,OPTIDX,FTSE100,7300.0,CE,0.0,0.0,0.0,242.4,9.0,0,0.0,0
2014-11-10,2014-12-19,OPTIDX,FTSE100,7400.0,CE,0.0,0.0,0.0,203.95,5.15,0,0.0,0
2014-11-10,2014-12-19,OPTIDX,FTSE100,7500.0,CE,0.0,0.0,0.0,227.45,2.85,0,0.0,0
2014-11-10,2014-12-19,OPTIDX,FTSE100,7600.0,CE,0.0,0.0,0.0,182.8,1.55,0,0.0,0
2014-11-10,2014-12-19,OPTIDX,FTSE100,7700.0,CE,0.0,0.0,0.0,196.1,0.8,0,0.0,0
2014-11-10,2014-12-19,OPTIDX,FTSE100,5400.0,PE,0.0,0.0,0.0,2.05,0.05,0,0.0,0
2014-11-10,2014-12-19,OPTIDX,FTSE100,5500.0,PE,0.0,0.0,0.0,0.25,0.1,0,0.0,0
2014-11-10,2014-12-19,OPTIDX,FTSE100,5600.0,PE,0.0,0.0,0.0,5.8,0.25,0,0.0,0
2014-11-10,2014-12-19,OPTIDX,FTSE100,5700.0,PE,0.0,0.0,0.0,10.35,0.65,0,0.0,0
2014-11-10,2014-12-19,OPTIDX,FTSE100,5800.0,PE,0.0,0.0,0.0,3.1,1.55,0,0.0,0
2014-11-10,2014-12-19,OPTIDX,FTSE100,5900.0,PE,0.0,0.0,0.0,4.95,3.5,0,0.0,0
2014-11-10,2014-12-19,OPTIDX,FTSE100,6000.0,PE,0.0,0.0,0.0,7.7,7.2,0,0.0,0
2014-11-10,2014-12-19,OPTIDX,FTSE100,6100.0,PE,0.0,0.0,0.0,11.65,13.8,0,0.0,0
2014-11-10,2014-12-19,OPTIDX,FTSE100,6200.0,PE,0.0,0.0,0.0,17.1,24.65,0,0.0,0
2014-11-10,2014-12-19,OPTIDX,FTSE100,6300.0,PE,0.0,0.0,0.0,24.55,41.4,0,0.0,0
2014-11-10,2014-12-19,OPTIDX,FTSE100,6400.0,PE,0.0,0.0,0.0,34.35,65.5,0,0.0,0
2014-11-10,2014-12-19,OPTIDX,FTSE100,6500.0,PE,0.0,0.0,0.0,47.05,98.55,0,0.0,0
2014-11-10,2014-12-19,OPTIDX,FTSE100,6600.0,PE,0.0,0.0,0.0,63.0,141.35,0,0.0,0
2014-11-10,2014-12-19,OPTIDX,FTSE100,6700.0,PE,0.0,0.0,0.0,82.65,194.15,0,0.0,0
2014-11-10,2014-12-19,OPTIDX,FTSE100,6800.0,PE,0.0,0.0,0.0,106.65,256.65,0,0.0,0
2014-11-10,2014-12-19,OPTIDX,FTSE100,6900.0,PE,0.0,0.0,0.0,134.7,328.25,0,0.0,0
2014-11-10,2014-12-19,OPTIDX,FTSE100,7000.0,PE,0.0,0.0,0.0,167.8,406.8,0,0.0,0
2014-11-10,2014-12-19,OPTIDX,FTSE100,7100.0,PE,0.0,0.0,0.0,205.8,491.65,0,0.0,0
2014-11-10,2014-12-19,OPTIDX,FTSE100,7200.0,PE,0.0,0.0,0.0,248.8,581.15,0,0.0,0
2014-11-10,2014-12-19,OPTIDX,FTSE100,7300.0,PE,0.0,0.0,0.0,296.75,674.0,0,0.0,0
2014-11-10,2014-12-19,OPTIDX,FTSE100,7400.0,PE,0.0,0.0,0.0,349.6,769.2,0,0.0,0
2014-11-10,2014-12-19,OPTIDX,FTSE100,7500.0,PE,0.0,0.0,0.0,376.1,866.0,0,0.0,0
2014-11-10,2014-12-19,OPTIDX,FTSE100,7600.0,PE,0.0,0.0,0.0,390.75,963.75,0,0.0,0
2014-11-10,2014-12-19,OPTIDX,FTSE100,7700.0,PE,0.0,0.0,0.0,447.6,1062.05,0,0.0,0
2014-11-10,2015-01-16,OPTIDX,FTSE100,5400.0,CE,0.0,0.0,0.0,936.75,1253.55,0,0.0,0
2014-11-10,2015-01-16,OPTIDX,FTSE100,5500.0,CE,0.0,0.0,0.0,842.85,1155.65,0,0.0,0
2014-11-10,2015-01-16,OPTIDX,FTSE100,5600.0,CE,0.0,0.0,0.0,751.1,1058.25,0,0.0,0
2014-11-10,2015-01-16,OPTIDX,FTSE100,5700.0,CE,0.0,0.0,0.0,662.3,961.65,0,0.0,0
2014-11-10,2015-01-16,OPTIDX,FTSE100,5800.0,CE,0.0,0.0,0.0,577.2,866.25,0,0.0,0
2014-11-10,2015-01-16,OPTIDX,FTSE100,5900.0,CE,0.0,0.0,0.0,496.8,772.7,0,0.0,0
2014-11-10,2015-01-16,OPTIDX,FTSE100,6000.0,CE,0.0,0.0,0.0,422.1,681.8,0,0.0,0
2014-11-10,2015-01-16,OPTIDX,FTSE100,6100.0,CE,0.0,0.0,0.0,353.15,594.4,0,0.0,0
2014-11-10,2015-01-16,OPTIDX,FTSE100,6200.0,CE,0.0,0.0,0.0,291.35,511.4,0,0.0,0
2014-11-10,2015-01-16,OPTIDX,FTSE100,6300.0,CE,0.0,0.0,0.0,236.65,433.75,0,0.0,0
2014-11-10,2015-01-16,OPTIDX,FTSE100,6400.0,CE,0.0,0.0,0.0,189.2,362.3,0,0.0,0
2014-11-10,2015-01-16,OPTIDX,FTSE100,6500.0,CE,0.0,0.0,0.0,148.9,297.85,0,0.0,0
2014-11-10,2015-01-16,OPTIDX,FTSE100,6600.0,CE,0.0,0.0,0.0,115.25,240.85,0,0.0,0
2014-11-10,2015-01-16,OPTIDX,FTSE100,6700.0,CE,0.0,0.0,0.0,88.05,191.35,0,0.0,0
2014-11-10,2015-01-16,OPTIDX,FTSE100,6800.0,CE,0.0,0.0,0.0,65.85,149.4,0,0.0,0
2014-11-10,2015-01-16,OPTIDX,FTSE100,6900.0,CE,0.0,0.0,0.0,48.55,114.55,0,0.0,0
2014-11-10,2015-01-16,OPTIDX,FTSE100,7000.0,CE,0.0,0.0,0.0,35.2,86.2,0,0.0,0
2014-11-10,2015-01-16,OPTIDX,FTSE100,7100.0,CE,0.0,0.0,0.0,41.8,63.85,0,0.0,0
2014-11-10,2015-01-16,OPTIDX,FTSE100,7200.0,CE,0.0,0.0,0.0,42.55,46.35,0,0.0,0
2014-11-10,2015-01-16,OPTIDX,FTSE100,7300.0,CE,0.0,0.0,0.0,23.2,33.05,0,0.0,0
2014-11-10,2015-01-16,OPTIDX,FTSE100,7400.0,CE,0.0,0.0,0.0,25.05,23.15,0,0.0,0
2014-11-10,2015-01-16,OPTIDX,FTSE100,5400.0,PE,0.0,0.0,0.0,5.3,0.5,0,0.0,0
2014-11-10,2015-01-16,OPTIDX,FTSE100,5500.0,PE,0.0,0.0,0.0,9.2,1.0,0,0.0,0
2014-11-10,2015-01-16,OPTIDX,FTSE100,5600.0,PE,0.0,0.0,0.0,15.25,2.0,0,0.0,0
2014-11-10,2015-01-16,OPTIDX,FTSE100,5700.0,PE,0.0,0.0,0.0,24.2,3.75,0,0.0,0
2014-11-10,2015-01-16,OPTIDX,FTSE100,5800.0,PE,0.0,0.0,0.0,36.9,6.8,0,0.0,0
2014-11-10,2015-01-16,OPTIDX,FTSE100,5900.0,PE,0.0,0.0,0.0,54.3,11.7,0,0.0,0
2014-11-10,2015-01-16,OPTIDX,FTSE100,6000.0,PE,0.0,0.0,0.0,77.35,19.2,0,0.0,0
2014-11-10,2015-01-16,OPTIDX,FTSE100,6100.0,PE,0.0,0.0,0.0,106.2,30.15,0,0.0,0
2014-11-10,2015-01-16,OPTIDX,FTSE100,6200.0,PE,0.0,0.0,0.0,142.15,45.6,0,0.0,0
2014-11-10,2015-01-16,OPTIDX,FTSE100,6300.0,PE,0.0,0.0,0.0,185.25,66.35,0,0.0,0
2014-11-10,2015-01-16,OPTIDX,FTSE100,6400.0,PE,0.0,0.0,0.0,235.6,93.3,0,0.0,0
2014-11-10,2015-01-16,OPTIDX,FTSE100,6500.0,PE,0.0,0.0,0.0,293.05,127.3,0,0.0,0
2014-11-10,2015-01-16,OPTIDX,FTSE100,6600.0,PE,0.0,0.0,0.0,357.2,168.65,0,0.0,0
2014-11-10,2015-01-16,OPTIDX,FTSE100,6700.0,PE,0.0,0.0,0.0,427.75,217.6,0,0.0,0
2014-11-10,2015-01-16,OPTIDX,FTSE100,6800.0,PE,0.0,0.0,0.0,503.35,274.05,0,0.0,0
2014-11-10,2015-01-16,OPTIDX,FTSE100,6900.0,PE,0.0,0.0,0.0,583.85,337.6,0,0.0,0
2014-11-10,2015-01-16,OPTIDX,FTSE100,7000.0,PE,0.0,0.0,0.0,668.3,407.7,0,0.0,0
2014-11-10,2015-01-16,OPTIDX,FTSE100,7100.0,PE,0.0,0.0,0.0,681.1,483.7,0,0.0,0
2014-11-10,2015-01-16,OPTIDX,FTSE100,7200.0,PE,0.0,0.0,0.0,722.15,564.65,0,0.0,0
2014-11-10,2015-01-16,OPTIDX,FTSE100,7300.0,PE,0.0,0.0,0.0,734.1,649.75,0,0.0,0
2014-11-10,2015-01-16,OPTIDX,FTSE100,7400.0,PE,0.0,0.0,0.0,753.95,738.25,0,0.0,0
2014-11-10,2015-03-20,OPTIDX,FTSE100,5400.0,CE,0.0,0.0,0.0,1026.25,1336.8,0,0.0,0
2014-11-10,2015-03-20,OPTIDX,FTSE100,5500.0,CE,0.0,0.0,0.0,1050.65,1242.35,0,0.0,0
2014-11-10,2015-03-20,OPTIDX,FTSE100,5600.0,CE,0.0,0.0,0.0,1045.9,1149.05,0,0.0,0
2014-11-10,2015-03-20,OPTIDX,FTSE100,5700.0,CE,0.0,0.0,0.0,1398.85,1057.2,0,0.0,0
2014-11-10,2015-03-20,OPTIDX,FTSE100,5800.0,CE,0.0,0.0,0.0,1313.35,967.35,0,0.0,0
2014-11-10,2015-03-20,OPTIDX,FTSE100,5900.0,CE,0.0,0.0,0.0,1229.2,879.8,0,0.0,0
2014-11-10,2015-03-20,OPTIDX,FTSE100,6000.0,CE,0.0,0.0,0.0,1146.7,795.2,0,0.0,0
2014-11-10,2015-03-20,OPTIDX,FTSE100,6100.0,CE,0.0,0.0,0.0,1066.1,713.9,0,0.0,0
2014-11-10,2015-03-20,OPTIDX,FTSE100,6200.0,CE,0.0,0.0,0.0,987.65,636.45,0,0.0,0
2014-11-10,2015-03-20,OPTIDX,FTSE100,6300.0,CE,0.0,0.0,0.0,911.65,563.5,0,0.0,0
2014-11-10,2015-03-20,OPTIDX,FTSE100,6400.0,CE,0.0,0.0,0.0,838.3,494.7,0,0.0,0
2014-11-10,2015-03-20,OPTIDX,FTSE100,6500.0,CE,0.0,0.0,0.0,767.9,431.2,0,0.0,0
2014-11-10,2015-03-20,OPTIDX,FTSE100,6600.0,CE,0.0,0.0,0.0,700.85,372.9,0,0.0,0
2014-11-10,2015-03-20,OPTIDX,FTSE100,6700.0,CE,0.0,0.0,0.0,636.6,319.9,0,0.0,0
2014-11-10,2015-03-20,OPTIDX,FTSE100,6800.0,CE,0.0,0.0,0.0,576.15,272.2,0,0.0,0
2014-11-10,2015-03-20,OPTIDX,FTSE100,6900.0,CE,0.0,0.0,0.0,519.35,229.75,0,0.0,0
2014-11-10,2015-03-20,OPTIDX,FTSE100,7000.0,CE,0.0,0.0,0.0,466.2,192.35,0,0.0,0
2014-11-10,2015-03-20,OPTIDX,FTSE100,7100.0,CE,0.0,0.0,0.0,416.75,159.7,0,0.0,0
2014-11-10,2015-03-20,OPTIDX,FTSE100,7200.0,CE,0.0,0.0,0.0,370.95,131.5,0,0.0,0
2014-11-10,2015-03-20,OPTIDX,FTSE100,7300.0,CE,0.0,0.0,0.0,328.85,107.8,0,0.0,0
2014-11-10,2015-03-20,OPTIDX,FTSE100,7400.0,CE,0.0,0.0,0.0,271.05,87.2,0,0.0,0
2014-11-10,2015-03-20,OPTIDX,FTSE100,7500.0,CE,0.0,0.0,0.0,245.15,70.15,0,0.0,0
2014-11-10,2015-03-20,OPTIDX,FTSE100,7600.0,CE,0.0,0.0,0.0,225.7,56.0,0,0.0,0
2014-11-10,2015-03-20,OPTIDX,FTSE100,7700.0,CE,0.0,0.0,0.0,170.7,44.35,0,0.0,0
2014-11-10,2015-03-20,OPTIDX,FTSE100,5400.0,PE,0.0,0.0,0.0,14.3,4.25,0,0.0,0
2014-11-10,2015-03-20,OPTIDX,FTSE100,5500.0,PE,0.0,0.0,0.0,3.3,6.7,0,0.0,0
2014-11-10,2015-03-20,OPTIDX,FTSE100,5600.0,PE,0.0,0.0,0.0,1.6,10.35,0,0.0,0
2014-11-10,2015-03-20,OPTIDX,FTSE100,5700.0,PE,0.0,0.0,0.0,13.35,15.5,0,0.0,0
2014-11-10,2015-03-20,OPTIDX,FTSE100,5800.0,PE,0.0,0.0,0.0,18.3,22.55,0,0.0,0
2014-11-10,2015-03-20,OPTIDX,FTSE100,5900.0,PE,0.0,0.0,0.0,24.65,31.95,0,0.0,0
2014-11-10,2015-03-20,OPTIDX,FTSE100,6000.0,PE,0.0,0.0,0.0,32.6,44.25,0,0.0,0
2014-11-10,2015-03-20,OPTIDX,FTSE100,6100.0,PE,0.0,0.0,0.0,42.45,59.9,0,0.0,0
2014-11-10,2015-03-20,OPTIDX,FTSE100,6200.0,PE,0.0,0.0,0.0,54.5,79.4,0,0.0,0
2014-11-10,2015-03-20,OPTIDX,FTSE100,6300.0,PE,0.0,0.0,0.0,68.95,103.4,0,0.0,0
2014-11-10,2015-03-20,OPTIDX,FTSE100,6400.0,PE,0.0,0.0,0.0,86.1,131.5,0,0.0,0
2014-11-10,2015-03-20,OPTIDX,FTSE100,6500.0,PE,0.0,0.0,0.0,106.2,164.95,0,0.0,0
2014-11-10,2015-03-20,OPTIDX,FTSE100,6600.0,PE,0.0,0.0,0.0,129.6,203.6,0,0.0,0
2014-11-10,2015-03-20,OPTIDX,FTSE100,6700.0,PE,0.0,0.0,0.0,155.8,247.55,0,0.0,0
2014-11-10,2015-03-20,OPTIDX,FTSE100,6800.0,PE,0.0,0.0,0.0,185.85,296.8,0,0.0,0
2014-11-10,2015-03-20,OPTIDX,FTSE100,6900.0,PE,0.0,0.0,0.0,219.5,351.25,0,0.0,0
2014-11-10,2015-03-20,OPTIDX,FTSE100,7000.0,PE,0.0,0.0,0.0,256.8,410.8,0,0.0,0
2014-11-10,2015-03-20,OPTIDX,FTSE100,7100.0,PE,0.0,0.0,0.0,297.85,475.1,0,0.0,0
2014-11-10,2015-03-20,OPTIDX,FTSE100,7200.0,PE,0.0,0.0,0.0,342.55,543.85,0,0.0,0
2014-11-10,2015-03-20,OPTIDX,FTSE100,7300.0,PE,0.0,0.0,0.0,390.9,617.1,0,0.0,0
2014-11-10,2015-03-20,OPTIDX,FTSE100,7400.0,PE,0.0,0.0,0.0,419.65,693.4,0,0.0,0
2014-11-10,2015-03-20,OPTIDX,FTSE100,7500.0,PE,0.0,0.0,0.0,443.2,773.3,0,0.0,0
2014-11-10,2015-03-20,OPTIDX,FTSE100,7600.0,PE,0.0,0.0,0.0,459.7,856.05,0,0.0,0
2014-11-10,2015-03-20,OPTIDX,FTSE100,7700.0,PE,0.0,0.0,0.0,440.85,941.35,0,0.0,0
2014-11-10,2015-06-19,OPTIDX,FTSE100,5400.0,CE,0.0,0.0,0.0,1152.5,1458.3,0,0.0,0
2014-11-10,2015-06-19,OPTIDX,FTSE100,5500.0,CE,0.0,0.0,0.0,1170.6,1368.4,0,0.0,0
2014-11-10,2015-06-19,OPTIDX,FTSE100,5600.0,CE,0.0,0.0,0.0,1166.15,1280.0,0,0.0,0
2014-11-10,2015-06-19,OPTIDX,FTSE100,5700.0,CE,0.0,0.0,0.0,1143.4,1193.3,0,0.0,0
2014-11-10,2015-06-19,OPTIDX,FTSE100,5800.0,CE,0.0,0.0,0.0,1271.25,1108.65,0,0.0,0
2014-11-10,2015-06-19,OPTIDX,FTSE100,5900.0,CE,0.0,0.0,0.0,1322.2,1026.25,0,0.0,0
2014-11-10,2015-06-19,OPTIDX,FTSE100,6000.0,CE,0.0,0.0,0.0,1295.75,946.4,0,0.0,0
2014-11-10,2015-06-19,OPTIDX,FTSE100,6100.0,CE,0.0,0.0,0.0,1205.0,869.45,0,0.0,0
2014-11-10,2015-06-19,OPTIDX,FTSE100,6200.0,CE,0.0,0.0,0.0,1114.75,795.6,0,0.0,0
2014-11-10,2015-06-19,OPTIDX,FTSE100,6300.0,CE,0.0,0.0,0.0,1025.25,725.25,0,0.0,0
2014-11-10,2015-06-19,OPTIDX,FTSE100,6400.0,CE,0.0,0.0,0.0,936.75,657.95,0,0.0,0
2014-11-10,2015-06-19,OPTIDX,FTSE100,6500.0,CE,0.0,0.0,0.0,849.75,594.7,0,0.0,0
2014-11-10,2015-06-19,OPTIDX,FTSE100,6600.0,CE,0.0,0.0,0.0,764.8,535.3,0,0.0,0
2014-11-10,2015-06-19,OPTIDX,FTSE100,6700.0,CE,0.0,0.0,0.0,682.4,479.85,0,0.0,0
2014-11-10,2015-06-19,OPTIDX,FTSE100,6800.0,CE,0.0,0.0,0.0,603.2,428.3,0,0.0,0
2014-11-10,2015-06-19,OPTIDX,FTSE100,6900.0,CE,0.0,0.0,0.0,527.95,380.65,0,0.0,0
2014-11-10,2015-06-19,OPTIDX,FTSE100,7000.0,CE,0.0,0.0,0.0,457.15,336.9,0,0.0,0
2014-11-10,2015-06-19,OPTIDX,FTSE100,7100.0,CE,0.0,0.0,0.0,391.35,296.9,0,0.0,0
2014-11-10,2015-06-19,OPTIDX,FTSE100,7200.0,CE,0.0,0.0,0.0,331.25,260.6,0,0.0,0
2014-11-10,2015-06-19,OPTIDX,FTSE100,7300.0,CE,0.0,0.0,0.0,277.0,227.8,0,0.0,0
2014-11-10,2015-06-19,OPTIDX,FTSE100,7400.0,CE,0.0,0.0,0.0,228.75,198.3,0,0.0,0
2014-11-10,2015-06-19,OPTIDX,FTSE100,7500.0,CE,0.0,0.0,0.0,186.5,171.95,0,0.0,0
2014-11-10,2015-06-19,OPTIDX,FTSE100,7600.0,CE,0.0,0.0,0.0,150.1,148.85,0,0.0,0
2014-11-10,2015-06-19,OPTIDX,FTSE100,7700.0,CE,0.0,0.0,0.0,143.0,127.95,0,0.0,0
2014-11-10,2015-06-19,OPTIDX,FTSE100,5400.0,PE,0.0,0.0,0.0,26.5,13.0,0,0.0,0
2014-11-10,2015-06-19,OPTIDX,FTSE100,5500.0,PE,0.0,0.0,0.0,7.35,18.0,0,0.0,0
2014-11-10,2015-06-19,OPTIDX,FTSE100,5600.0,PE,0.0,0.0,0.0,3.85,24.45,0,0.0,0
2014-11-10,2015-06-19,OPTIDX,FTSE100,5700.0,PE,0.0,0.0,0.0,5.15,32.6,0,0.0,0
2014-11-10,2015-06-19,OPTIDX,FTSE100,5800.0,PE,0.0,0.0,0.0,3.1,42.8,0,0.0,0
2014-11-10,2015-06-19,OPTIDX,FTSE100,5900.0,PE,0.0,0.0,0.0,0.7,55.25,0,0.0,0
2014-11-10,2015-06-19,OPTIDX,FTSE100,6000.0,PE,0.0,0.0,0.0,0.75,70.25,0,0.0,0
2014-11-10,2015-06-19,OPTIDX,FTSE100,6100.0,PE,0.0,0.0,0.0,1.45,88.15,0,0.0,0
2014-11-10,2015-06-19,OPTIDX,FTSE100,6200.0,PE,0.0,0.0,0.0,2.55,109.15,0,0.0,0
2014-11-10,2015-06-19,OPTIDX,FTSE100,6300.0,PE,0.0,0.0,0.0,4.45,133.65,0,0.0,0
2014-11-10,2015-06-19,OPTIDX,FTSE100,6400.0,PE,0.0,0.0,0.0,7.35,161.2,0,0.0,0
2014-11-10,2015-06-19,OPTIDX,FTSE100,6500.0,PE,0.0,0.0,0.0,11.75,192.8,0,0.0,0
2014-11-10,2015-06-19,OPTIDX,FTSE100,6600.0,PE,0.0,0.0,0.0,18.15,228.25,0,0.0,0
2014-11-10,2015-06-19,OPTIDX,FTSE100,6700.0,PE,0.0,0.0,0.0,27.15,267.65,0,0.0,0
2014-11-10,2015-06-19,OPTIDX,FTSE100,6800.0,PE,0.0,0.0,0.0,39.4,310.95,0,0.0,0
2014-11-10,2015-06-19,OPTIDX,FTSE100,6900.0,PE,0.0,0.0,0.0,55.5,358.15,0,0.0,0
2014-11-10,2015-06-19,OPTIDX,FTSE100,7000.0,PE,0.0,0.0,0.0,76.1,409.25,0,0.0,0
2014-11-10,2015-06-19,OPTIDX,FTSE100,7100.0,PE,0.0,0.0,0.0,101.7,464.15,0,0.0,0
2014-11-10,2015-06-19,OPTIDX,FTSE100,7200.0,PE,0.0,0.0,0.0,133.0,522.65,0,0.0,0
2014-11-10,2015-06-19,OPTIDX,FTSE100,7300.0,PE,0.0,0.0,0.0,170.1,584.7,0,0.0,0
2014-11-10,2015-06-19,OPTIDX,FTSE100,7400.0,PE,0.0,0.0,0.0,213.25,650.05,0,0.0,0
2014-11-10,2015-06-19,OPTIDX,FTSE100,7500.0,PE,0.0,0.0,0.0,262.4,718.55,0,0.0,0
2014-11-10,2015-06-19,OPTIDX,FTSE100,7600.0,PE,0.0,0.0,0.0,317.4,790.35,0,0.0,0
2014-11-10,2015-06-19,OPTIDX,FTSE100,7700.0,PE,0.0,0.0,0.0,370.95,864.25,0,0.0,0
2014-11-10,2015-09-18,OPTIDX,FTSE100,5400.0,CE,0.0,0.0,0.0,1273.6,1577.45,0,0.0,0
2014-11-10,2015-09-18,OPTIDX,FTSE100,5500.0,CE,0.0,0.0,0.0,1287.4,1491.25,0,0.0,0
2014-11-10,2015-09-18,OPTIDX,FTSE100,5600.0,CE,0.0,0.0,0.0,1283.5,1406.5,0,0.0,0
2014-11-10,2015-09-18,OPTIDX,FTSE100,5700.0,CE,0.0,0.0,0.0,1263.35,1323.4,0,0.0,0
2014-11-10,2015-09-18,OPTIDX,FTSE100,5800.0,CE,0.0,0.0,0.0,1325.7,1242.2,0,0.0,0
2014-11-10,2015-09-18,OPTIDX,FTSE100,5900.0,CE,0.0,0.0,0.0,1274.95,1163.05,0,0.0,0
2014-11-10,2015-09-18,OPTIDX,FTSE100,6000.0,CE,0.0,0.0,0.0,1292.65,1086.2,0,0.0,0
2014-11-10,2015-09-18,OPTIDX,FTSE100,6100.0,CE,0.0,0.0,0.0,1201.45,1011.75,0,0.0,0
2014-11-10,2015-09-18,OPTIDX,FTSE100,6200.0,CE,0.0,0.0,0.0,1110.5,939.95,0,0.0,0
2014-11-10,2015-09-18,OPTIDX,FTSE100,6300.0,CE,0.0,0.0,0.0,1020.0,871.05,0,0.0,0
2014-11-10,2015-09-18,OPTIDX,FTSE100,6400.0,CE,0.0,0.0,0.0,930.2,804.85,0,0.0,0
2014-11-10,2015-09-18,OPTIDX,FTSE100,6500.0,CE,0.0,0.0,0.0,841.55,741.45,0,0.0,0
2014-11-10,2015-09-18,OPTIDX,FTSE100,6600.0,CE,0.0,0.0,0.0,754.55,681.45,0,0.0,0
2014-11-10,2015-09-18,OPTIDX,FTSE100,6700.0,CE,0.0,0.0,0.0,669.75,624.6,0,0.0,0
2014-11-10,2015-09-18,OPTIDX,FTSE100,6800.0,CE,0.0,0.0,0.0,588.0,570.95,0,0.0,0
2014-11-10,2015-09-18,OPTIDX,FTSE100,6900.0,CE,0.0,0.0,0.0,510.05,520.5,0,0.0,0
2014-11-10,2015-09-18,OPTIDX,FTSE100,7000.0,CE,0.0,0.0,0.0,436.7,473.2,0,0.0,0
2014-11-10,2015-09-18,OPTIDX,FTSE100,7100.0,CE,0.0,0.0,0.0,368.65,429.1,0,0.0,0
2014-11-10,2015-09-18,OPTIDX,FTSE100,7200.0,CE,0.0,0.0,0.0,306.75,388.05,0,0.0,0
2014-11-10,2015-09-18,OPTIDX,FTSE100,7300.0,CE,0.0,0.0,0.0,251.35,350.05,0,0.0,0
2014-11-10,2015-09-18,OPTIDX,FTSE100,7400.0,CE,0.0,0.0,0.0,202.65,314.95,0,0.0,0
2014-11-10,2015-09-18,OPTIDX,FTSE100,7500.0,CE,0.0,0.0,0.0,160.75,282.65,0,0.0,0
2014-11-10,2015-09-18,OPTIDX,FTSE100,7600.0,CE,0.0,0.0,0.0,125.35,253.0,0,0.0,0
2014-11-10,2015-09-18,OPTIDX,FTSE100,5400.0,PE,0.0,0.0,0.0,35.95,21.95,0,0.0,0
2014-11-10,2015-09-18,OPTIDX,FTSE100,5500.0,PE,0.0,0.0,0.0,10.8,28.5,0,0.0,0
2014-11-10,2015-09-18,OPTIDX,FTSE100,5600.0,PE,0.0,0.0,0.0,5.85,36.55,0,0.0,0
2014-11-10,2015-09-18,OPTIDX,FTSE100,5700.0,PE,0.0,0.0,0.0,7.4,46.3,0,0.0,0
2014-11-10,2015-09-18,OPTIDX,FTSE100,5800.0,PE,0.0,0.0,0.0,5.6,57.9,0,0.0,0
2014-11-10,2015-09-18,OPTIDX,FTSE100,5900.0,PE,0.0,0.0,0.0,5.4,71.55,0,0.0,0
2014-11-10,2015-09-18,OPTIDX,FTSE100,6000.0,PE,0.0,0.0,0.0,0.25,87.5,0,0.0,0
2014-11-10,2015-09-18,OPTIDX,FTSE100,6100.0,PE,0.0,0.0,0.0,0.55,105.85,0,0.0,0
2014-11-10,2015-09-18,OPTIDX,FTSE100,6200.0,PE,0.0,0.0,0.0,1.05,126.85,0,0.0,0
2014-11-10,2015-09-18,OPTIDX,FTSE100,6300.0,PE,0.0,0.0,0.0,2.05,150.8,0,0.0,0
2014-11-10,2015-09-18,OPTIDX,FTSE100,6400.0,PE,0.0,0.0,0.0,3.75,177.4,0,0.0,0
2014-11-10,2015-09-18,OPTIDX,FTSE100,6500.0,PE,0.0,0.0,0.0,6.55,206.8,0,0.0,0
2014-11-10,2015-09-18,OPTIDX,FTSE100,6600.0,PE,0.0,0.0,0.0,11.0,239.6,0,0.0,0
2014-11-10,2015-09-18,OPTIDX,FTSE100,6700.0,PE,0.0,0.0,0.0,17.7,275.55,0,0.0,0
2014-11-10,2015-09-18,OPTIDX,FTSE100,6800.0,PE,0.0,0.0,0.0,27.45,314.75,0,0.0,0
2014-11-10,2015-09-18,OPTIDX,FTSE100,6900.0,PE,0.0,0.0,0.0,40.95,357.1,0,0.0,0
2014-11-10,2015-09-18,OPTIDX,FTSE100,7000.0,PE,0.0,0.0,0.0,59.1,402.6,0,0.0,0
2014-11-10,2015-09-18,OPTIDX,FTSE100,7100.0,PE,0.0,0.0,0.0,82.5,451.3,0,0.0,0
2014-11-10,2015-09-18,OPTIDX,FTSE100,7200.0,PE,0.0,0.0,0.0,112.1,503.1,0,0.0,0
2014-11-10,2015-09-18,OPTIDX,FTSE100,7300.0,PE,0.0,0.0,0.0,148.15,557.9,0,0.0,0
2014-11-10,2015-09-18,OPTIDX,FTSE100,7400.0,PE,0.0,0.0,0.0,190.95,615.6,0,0.0,0
2014-11-10,2015-09-18,OPTIDX,FTSE100,7500.0,PE,0.0,0.0,0.0,240.5,676.1,0,0.0,0
2014-11-10,2015-09-18,OPTIDX,FTSE100,7600.0,PE,0.0,0.0,0.0,296.6,739.3,0,0.0,0
2014-11-10,2014-11-27,OPTIDX,NFTYMCAP50,2200.0,CE,0.0,0.0,0.0,859.15,1126.15,0,0.0,0
2014-11-10,2014-11-27,OPTIDX,NFTYMCAP50,2300.0,CE,0.0,0.0,0.0,881.05,1026.55,0,0.0,0
2014-11-10,2014-11-27,OPTIDX,NFTYMCAP50,2400.0,CE,0.0,0.0,0.0,784.35,926.95,0,0.0,0
2014-11-10,2014-11-27,OPTIDX,NFTYMCAP50,2500.0,CE,0.0,0.0,0.0,689.1,827.35,0,0.0,0
2014-11-10,2014-11-27,OPTIDX,NFTYMCAP50,2600.0,CE,0.0,0.0,0.0,596.2,727.75,0,0.0,0
2014-11-10,2014-11-27,OPTIDX,NFTYMCAP50,2700.0,CE,0.0,0.0,0.0,507.0,628.15,0,0.0,0
2014-11-10,2014-11-27,OPTIDX,NFTYMCAP50,2800.0,CE,0.0,0.0,0.0,423.05,528.55,0,0.0,0
2014-11-10,2014-11-27,OPTIDX,NFTYMCAP50,2900.0,CE,0.0,0.0,0.0,345.8,429.2,0,0.0,0
2014-11-10,2014-11-27,OPTIDX,NFTYMCAP50,3000.0,CE,0.0,0.0,0.0,276.55,330.95,0,0.0,0
2014-11-10,2014-11-27,OPTIDX,NFTYMCAP50,3100.0,CE,0.0,0.0,0.0,216.3,236.95,0,0.0,0
2014-11-10,2014-11-27,OPTIDX,NFTYMCAP50,3200.0,CE,0.0,0.0,0.0,165.35,153.2,0,0.0,0
2014-11-10,2014-11-27,OPTIDX,NFTYMCAP50,3300.0,CE,0.0,0.0,0.0,123.55,87.0,0,0.0,0
2014-11-10,2014-11-27,OPTIDX,NFTYMCAP50,3400.0,CE,0.0,0.0,0.0,90.25,42.45,0,0.0,0
2014-11-10,2014-11-27,OPTIDX,NFTYMCAP50,3500.0,CE,0.0,0.0,0.0,64.7,17.6,0,0.0,0
2014-11-10,2014-11-27,OPTIDX,NFTYMCAP50,3600.0,CE,0.0,0.0,0.0,45.2,6.15,0,0.0,0
2014-11-10,2014-11-27,OPTIDX,NFTYMCAP50,3700.0,CE,0.0,0.0,0.0,31.0,1.8,0,0.0,0
2014-11-10,2014-11-27,OPTIDX,NFTYMCAP50,3800.0,CE,0.0,0.0,0.0,20.8,0.45,0,0.0,0
2014-11-10,2014-11-27,OPTIDX,NFTYMCAP50,3900.0,CE,0.0,0.0,0.0,13.75,0.1,0,0.0,0
2014-11-10,2014-11-27,OPTIDX,NFTYMCAP50,4000.0,CE,0.0,0.0,0.0,21.3,0.05,0,0.0,0
2014-11-10,2014-11-27,OPTIDX,NFTYMCAP50,4100.0,CE,0.0,0.0,0.0,13.5,0.0,0,0.0,0
2014-11-10,2014-11-27,OPTIDX,NFTYMCAP50,4200.0,CE,0.0,0.0,0.0,6.05,0.0,0,0.0,0
2014-11-10,2014-11-27,OPTIDX,NFTYMCAP50,2200.0,PE,0.0,0.0,0.0,0.1,0.0,0,0.0,0
2014-11-10,2014-11-27,OPTIDX,NFTYMCAP50,2300.0,PE,0.0,0.0,0.0,0.75,0.0,0,0.0,0
2014-11-10,2014-11-27,OPTIDX,NFTYMCAP50,2400.0,PE,0.0,0.0,0.0,1.95,0.0,0,0.0,0
2014-11-10,2014-11-27,OPTIDX,NFTYMCAP50,2500.0,PE,0.0,0.0,0.0,4.55,0.0,0,0.0,0
2014-11-10,2014-11-27,OPTIDX,NFTYMCAP50,2600.0,PE,0.0,0.0,0.0,9.55,0.0,0,0.0,0
2014-11-10,2014-11-27,OPTIDX,NFTYMCAP50,2700.0,PE,0.0,0.0,0.0,18.2,0.0,0,0.0,0
2014-11-10,2014-11-27,OPTIDX,NFTYMCAP50,2800.0,PE,0.0,0.0,0.0,32.15,0.05,0,0.0,0
2014-11-10,2014-11-27,OPTIDX,NFTYMCAP50,2900.0,PE,0.0,0.0,0.0,52.75,0.3,0,0.0,0
2014-11-10,2014-11-27,OPTIDX,NFTYMCAP50,3000.0,PE,0.0,0.0,0.0,81.4,1.7,0,0.0,0
2014-11-10,2014-11-27,OPTIDX,NFTYMCAP50,3100.0,PE,0.0,0.0,0.0,119.0,7.3,0,0.0,0
2014-11-10,2014-11-27,OPTIDX,NFTYMCAP50,3200.0,PE,0.0,0.0,0.0,165.95,23.15,0,0.0,0
2014-11-10,2014-11-27,OPTIDX,NFTYMCAP50,3300.0,PE,0.0,0.0,0.0,222.05,56.55,0,0.0,0
2014-11-10,2014-11-27,OPTIDX,NFTYMCAP50,3400.0,PE,0.0,0.0,0.0,286.6,111.6,0,0.0,0
2014-11-10,2014-11-27,OPTIDX,NFTYMCAP50,3500.0,PE,0.0,0.0,0.0,358.9,186.3,0,0.0,0
2014-11-10,2014-11-27,OPTIDX,NFTYMCAP50,3600.0,PE,0.0,0.0,0.0,437.3,274.45,0,0.0,0
2014-11-10,2014-11-27,OPTIDX,NFTYMCAP50,3700.0,PE,0.0,0.0,0.0,520.95,369.75,0,0.0,0
2014-11-10,2014-11-27,OPTIDX,NFTYMCAP50,3800.0,PE,0.0,0.0,0.0,608.65,468.0,0,0.0,0
2014-11-10,2014-11-27,OPTIDX,NFTYMCAP50,3900.0,PE,0.0,0.0,0.0,699.45,567.25,0,0.0,0
2014-11-10,2014-11-27,OPTIDX,NFTYMCAP50,4000.0,PE,0.0,0.0,0.0,712.55,666.8,0,0.0,0
2014-11-10,2014-11-27,OPTIDX,NFTYMCAP50,4100.0,PE,0.0,0.0,0.0,765.6,766.4,0,0.0,0
2014-11-10,2014-11-27,OPTIDX,NFTYMCAP50,4200.0,PE,0.0,0.0,0.0,767.55,866.0,0,0.0,0
2014-11-10,2014-12-24,OPTIDX,NFTYMCAP50,2200.0,CE,0.0,0.0,0.0,874.15,1140.5,0,0.0,0
2014-11-10,2014-12-24,OPTIDX,NFTYMCAP50,2300.0,CE,0.0,0.0,0.0,812.95,1041.55,0,0.0,0
2014-11-10,2014-12-24,OPTIDX,NFTYMCAP50,2400.0,CE,0.0,0.0,0.0,720.35,942.6,0,0.0,0
2014-11-10,2014-12-24,OPTIDX,NFTYMCAP50,2500.0,CE,0.0,0.0,0.0,630.9,843.65,0,0.0,0
2014-11-10,2014-12-24,OPTIDX,NFTYMCAP50,2600.0,CE,0.0,0.0,0.0,545.7,744.8,0,0.0,0
2014-11-10,2014-12-24,OPTIDX,NFTYMCAP50,2700.0,CE,0.0,0.0,0.0,465.85,646.25,0,0.0,0
2014-11-10,2014-12-24,OPTIDX,NFTYMCAP50,2800.0,CE,0.0,0.0,0.0,392.35,548.55,0,0.0,0
2014-11-10,2014-12-24,OPTIDX,NFTYMCAP50,2900.0,CE,0.0,0.0,0.0,325.7,452.95,0,0.0,0
2014-11-10,2014-12-24,OPTIDX,NFTYMCAP50,3000.0,CE,0.0,0.0,0.0,266.7,361.6,0,0.0,0
2014-11-10,2014-12-24,OPTIDX,NFTYMCAP50,3100.0,CE,0.0,0.0,0.0,215.35,277.3,0,0.0,0
2014-11-10,2014-12-24,OPTIDX,NFTYMCAP50,3200.0,CE,0.0,0.0,0.0,171.55,203.0,0,0.0,0
2014-11-10,2014-12-24,OPTIDX,NFTYMCAP50,3300.0,CE,0.0,0.0,0.0,134.8,141.25,0,0.0,0
2014-11-10,2014-12-24,OPTIDX,NFTYMCAP50,3400.0,CE,0.0,0.0,0.0,104.55,93.1,0,0.0,0
2014-11-10,2014-12-24,OPTIDX,NFTYMCAP50,3500.0,CE,0.0,0.0,0.0,80.3,58.0,0,0.0,0
2014-11-10,2014-12-24,OPTIDX,NFTYMCAP50,3600.0,CE,0.0,0.0,0.0,60.7,34.2,0,0.0,0
2014-11-10,2014-12-24,OPTIDX,NFTYMCAP50,3700.0,CE,0.0,0.0,0.0,45.45,19.05,0,0.0,0
2014-11-10,2014-12-24,OPTIDX,NFTYMCAP50,3800.0,CE,0.0,0.0,0.0,33.65,10.05,0,0.0,0
2014-11-10,2014-12-24,OPTIDX,NFTYMCAP50,3900.0,CE,0.0,0.0,0.0,24.7,5.0,0,0.0,0
2014-11-10,2014-12-24,OPTIDX,NFTYMCAP50,4000.0,CE,0.0,0.0,0.0,12.8,2.4,0,0.0,0
2014-11-10,2014-12-24,OPTIDX,NFTYMCAP50,4100.0,CE,0.0,0.0,0.0,3.3,1.1,0,0.0,0
2014-11-10,2014-12-24,OPTIDX,NFTYMCAP50,2200.0,PE,0.0,0.0,0.0,0.75,0.0,0,0.0,0
2014-11-10,2014-12-24,OPTIDX,NFTYMCAP50,2300.0,PE,0.0,0.0,0.0,5.75,0.0,0,0.0,0
2014-11-10,2014-12-24,OPTIDX,NFTYMCAP50,2400.0,PE,0.0,0.0,0.0,10.95,0.0,0,0.0,0
2014-11-10,2014-12-24,OPTIDX,NFTYMCAP50,2500.0,PE,0.0,0.0,0.0,19.35,0.05,0,0.0,0
2014-11-10,2014-12-24,OPTIDX,NFTYMCAP50,2600.0,PE,0.0,0.0,0.0,32.0,0.15,0,0.0,0
2014-11-10,2014-12-24,OPTIDX,NFTYMCAP50,2700.0,PE,0.0,0.0,0.0,49.95,0.55,0,0.0,0
2014-11-10,2014-12-24,OPTIDX,NFTYMCAP50,2800.0,PE,0.0,0.0,0.0,74.3,1.8,0,0.0,0
2014-11-10,2014-12-24,OPTIDX,NFTYMCAP50,2900.0,PE,0.0,0.0,0.0,105.45,5.15,0,0.0,0
2014-11-10,2014-12-24,OPTIDX,NFTYMCAP50,3000.0,PE,0.0,0.0,0.0,144.25,12.75,0,0.0,0
2014-11-10,2014-12-24,OPTIDX,NFTYMCAP50,3100.0,PE,0.0,0.0,0.0,190.7,27.4,0,0.0,0
2014-11-10,2014-12-24,OPTIDX,NFTYMCAP50,3200.0,PE,0.0,0.0,0.0,244.7,52.05,0,0.0,0
2014-11-10,2014-12-24,OPTIDX,NFTYMCAP50,3300.0,PE,0.0,0.0,0.0,305.8,89.25,0,0.0,0
2014-11-10,2014-12-24,OPTIDX,NFTYMCAP50,3400.0,PE,0.0,0.0,0.0,373.35,140.05,0,0.0,0
2014-11-10,2014-12-24,OPTIDX,NFTYMCAP50,3500.0,PE,0.0,0.0,0.0,446.9,203.9,0,0.0,0
2014-11-10,2014-12-24,OPTIDX,NFTYMCAP50,3600.0,PE,0.0,0.0,0.0,525.2,279.05,0,0.0,0
2014-11-10,2014-12-24,OPTIDX,NFTYMCAP50,3700.0,PE,0.0,0.0,0.0,607.75,362.85,0,0.0,0
2014-11-10,2014-12-24,OPTIDX,NFTYMCAP50,3800.0,PE,0.0,0.0,0.0,693.75,452.8,0,0.0,0
2014-11-10,2014-12-24,OPTIDX,NFTYMCAP50,3900.0,PE,0.0,0.0,0.0,782.6,546.75,0,0.0,0
2014-11-10,2014-12-24,OPTIDX,NFTYMCAP50,4000.0,PE,0.0,0.0,0.0,763.6,643.05,0,0.0,0
2014-11-10,2014-12-24,OPTIDX,NFTYMCAP50,4100.0,PE,0.0,0.0,0.0,759.2,740.7,0,0.0,0
2014-11-10,2015-01-29,OPTIDX,NFTYMCAP50,2400.0,CE,0.0,0.0,0.0,878.1,963.1,0,0.0,0
2014-11-10,2015-01-29,OPTIDX,NFTYMCAP50,2500.0,CE,0.0,0.0,0.0,781.75,865.35,0,0.0,0
2014-11-10,2015-01-29,OPTIDX,NFTYMCAP50,2600.0,CE,0.0,0.0,0.0,686.95,768.15,0,0.0,0
2014-11-10,2015-01-29,OPTIDX,NFTYMCAP50,2700.0,CE,0.0,0.0,0.0,594.7,672.15,0,0.0,0
2014-11-10,2015-01-29,OPTIDX,NFTYMCAP50,2800.0,CE,0.0,0.0,0.0,506.35,578.35,0,0.0,0
2014-11-10,2015-01-29,OPTIDX,NFTYMCAP50,2900.0,CE,0.0,0.0,0.0,423.3,488.1,0,0.0,0
2014-11-10,2015-01-29,OPTIDX,NFTYMCAP50,3000.0,CE,0.0,0.0,0.0,347.1,403.1,0,0.0,0
2014-11-10,2015-01-29,OPTIDX,NFTYMCAP50,3100.0,CE,0.0,0.0,0.0,278.55,325.05,0,0.0,0
2014-11-10,2015-01-29,OPTIDX,NFTYMCAP50,3200.0,CE,0.0,0.0,0.0,219.0,255.45,0,0.0,0
2014-11-10,2015-01-29,OPTIDX,NFTYMCAP50,3300.0,CE,0.0,0.0,0.0,168.45,195.5,0,0.0,0
2014-11-10,2015-01-29,OPTIDX,NFTYMCAP50,3400.0,CE,0.0,0.0,0.0,126.8,145.55,0,0.0,0
2014-11-10,2015-01-29,OPTIDX,NFTYMCAP50,3500.0,CE,0.0,0.0,0.0,93.4,105.4,0,0.0,0
2014-11-10,2015-01-29,OPTIDX,NFTYMCAP50,3600.0,CE,0.0,0.0,0.0,67.55,74.25,0,0.0,0
2014-11-10,2015-01-29,OPTIDX,NFTYMCAP50,3700.0,CE,0.0,0.0,0.0,47.7,50.95,0,0.0,0
2014-11-10,2015-01-29,OPTIDX,NFTYMCAP50,3800.0,CE,0.0,0.0,0.0,33.1,34.05,0,0.0,0
2014-11-10,2015-01-29,OPTIDX,NFTYMCAP50,3900.0,CE,0.0,0.0,0.0,22.5,22.15,0,0.0,0
2014-11-10,2015-01-29,OPTIDX,NFTYMCAP50,4000.0,CE,0.0,0.0,0.0,15.05,14.1,0,0.0,0
2014-11-10,2015-01-29,OPTIDX,NFTYMCAP50,4100.0,CE,0.0,0.0,0.0,15.55,8.75,0,0.0,0
2014-11-10,2015-01-29,OPTIDX,NFTYMCAP50,2400.0,PE,0.0,0.0,0.0,1.0,0.15,0,0.0,0
2014-11-10,2015-01-29,OPTIDX,NFTYMCAP50,2500.0,PE,0.0,0.0,0.0,2.5,0.5,0,0.0,0
2014-11-10,2015-01-29,OPTIDX,NFTYMCAP50,2600.0,PE,0.0,0.0,0.0,5.5,1.45,0,0.0,0
2014-11-10,2015-01-29,OPTIDX,NFTYMCAP50,2700.0,PE,0.0,0.0,0.0,11.15,3.55,0,0.0,0
2014-11-10,2015-01-29,OPTIDX,NFTYMCAP50,2800.0,PE,0.0,0.0,0.0,20.6,7.85,0,0.0,0
2014-11-10,2015-01-29,OPTIDX,NFTYMCAP50,2900.0,PE,0.0,0.0,0.0,35.45,15.7,0,0.0,0
2014-11-10,2015-01-29,OPTIDX,NFTYMCAP50,3000.0,PE,0.0,0.0,0.0,57.1,28.8,0,0.0,0
2014-11-10,2015-01-29,OPTIDX,NFTYMCAP50,3100.0,PE,0.0,0.0,0.0,86.4,48.85,0,0.0,0
2014-11-10,2015-01-29,OPTIDX,NFTYMCAP50,3200.0,PE,0.0,0.0,0.0,124.6,77.35,0,0.0,0
2014-11-10,2015-01-29,OPTIDX,NFTYMCAP50,3300.0,PE,0.0,0.0,0.0,171.9,115.5,0,0.0,0
2014-11-10,2015-01-29,OPTIDX,NFTYMCAP50,3400.0,PE,0.0,0.0,0.0,228.1,163.65,0,0.0,0
2014-11-10,2015-01-29,OPTIDX,NFTYMCAP50,3500.0,PE,0.0,0.0,0.0,292.55,221.65,0,0.0,0
2014-11-10,2015-01-29,OPTIDX,NFTYMCAP50,3600.0,PE,0.0,0.0,0.0,364.55,288.55,0,0.0,0
2014-11-10,2015-01-29,OPTIDX,NFTYMCAP50,3700.0,PE,0.0,0.0,0.0,442.55,363.4,0,0.0,0
2014-11-10,2015-01-29,OPTIDX,NFTYMCAP50,3800.0,PE,0.0,0.0,0.0,525.8,444.6,0,0.0,0
2014-11-10,2015-01-29,OPTIDX,NFTYMCAP50,3900.0,PE,0.0,0.0,0.0,613.05,530.8,0,0.0,0
2014-11-10,2015-01-29,OPTIDX,NFTYMCAP50,4000.0,PE,0.0,0.0,0.0,703.45,620.8,0,0.0,0
2014-11-10,2015-01-29,OPTIDX,NFTYMCAP50,4100.0,PE,0.0,0.0,0.0,736.65,713.55,0,0.0,0
2014-11-10,2014-11-27,OPTIDX,NIFTY,6250.0,CE,0.0,0.0,0.0,2110.1,2118.95,0,0.0,50275
2014-11-10,2014-11-27,OPTIDX,NIFTY,6300.0,CE,2050.0,2075.05,2029.0,2072.85,2072.85,39,81.37,758325
2014-11-10,2014-11-27,OPTIDX,NIFTY,6350.0,CE,0.0,0.0,0.0,1800.0,2019.35,0,0.0,75
2014-11-10,2014-11-27,OPTIDX,NIFTY,6400.0,CE,0.0,0.0,0.0,1953.85,1969.55,0,0.0,84925
2014-11-10,2014-11-27,OPTIDX,NIFTY,6450.0,CE,0.0,0.0,0.0,1709.6,1919.7,0,0.0,50
2014-11-10,2014-11-27,OPTIDX,NIFTY,6500.0,CE,1855.7,1872.4,1836.5,1870.35,1870.35,117,244.43,325175
2014-11-10,2014-11-27,OPTIDX,NIFTY,6550.0,CE,0.0,0.0,0.0,1543.65,1820.1,0,0.0,0
2014-11-10,2014-11-27,OPTIDX,NIFTY,6600.0,CE,1758.0,1758.0,1732.0,1732.0,1732.0,5,10.42,80600
2014-11-10,2014-11-27,OPTIDX,NIFTY,6650.0,CE,0.0,0.0,0.0,1284.35,1720.5,0,0.0,5000
2014-11-10,2014-11-27,OPTIDX,NIFTY,6700.0,CE,1669.6,1669.6,1644.85,1644.85,1644.85,94,196.18,186150
2014-11-10,2014-11-27,OPTIDX,NIFTY,6750.0,CE,0.0,0.0,0.0,1297.65,1620.9,0,0.0,100
2014-11-10,2014-11-27,OPTIDX,NIFTY,6800.0,CE,1558.0,1558.0,1530.0,1530.0,1530.0,46,95.95,57225
2014-11-10,2014-11-27,OPTIDX,NIFTY,6850.0,CE,0.0,0.0,0.0,1510.0,1521.3,0,0.0,325
2014-11-10,2014-11-27,OPTIDX,NIFTY,6900.0,CE,1458.0,1476.8,1458.0,1470.3,1470.3,5,10.46,21775
2014-11-10,2014-11-27,OPTIDX,NIFTY,6950.0,CE,0.0,0.0,0.0,1185.25,1421.7,0,0.0,300
2014-11-10,2014-11-27,OPTIDX,NIFTY,7000.0,CE,1376.55,1400.0,1330.0,1366.6,1366.6,160,334.23,200475
2014-11-10,2014-11-27,OPTIDX,NIFTY,7050.0,CE,0.0,0.0,0.0,899.0,1322.1,0,0.0,1500
2014-11-10,2014-11-27,OPTIDX,NIFTY,7100.0,CE,1250.0,1250.0,1247.35,1247.35,1247.35,6,12.52,16275
2014-11-10,2014-11-27,OPTIDX,NIFTY,7150.0,CE,0.0,0.0,0.0,1299.0,1222.5,0,0.0,5250
2014-11-10,2014-11-27,OPTIDX,NIFTY,7200.0,CE,1190.75,1204.0,1129.0,1169.0,1169.0,395,824.4,89325
2014-11-10,2014-11-27,OPTIDX,NIFTY,7250.0,CE,0.0,0.0,0.0,949.0,1122.9,0,0.0,20750
2014-11-10,2014-11-27,OPTIDX,NIFTY,7300.0,CE,1072.35,1074.95,1039.2,1070.0,1070.0,135,282.43,25750
2014-11-10,2014-11-27,OPTIDX,NIFTY,7350.0,CE,0.0,0.0,0.0,774.2,1023.3,0,0.0,0
2014-11-10,2014-11-27,OPTIDX,NIFTY,7400.0,CE,989.75,1005.4,930.75,968.0,968.0,258,538.85,68225
2014-11-10,2014-11-27,OPTIDX,NIFTY,7450.0,CE,0.0,0.0,0.0,684.35,923.7,0,0.0,0
2014-11-10,2014-11-27,OPTIDX,NIFTY,7500.0,CE,882.9,906.65,834.0,871.65,871.65,143,299.01,224425
2014-11-10,2014-11-27,OPTIDX,NIFTY,7550.0,CE,0.0,0.0,0.0,598.0,824.15,0,0.0,0
2014-11-10,2014-11-27,OPTIDX,NIFTY,7600.0,CE,782.25,808.0,740.0,779.6,779.6,887,1853.6,251525
2014-11-10,2014-11-27,OPTIDX,NIFTY,7650.0,CE,0.0,0.0,0.0,500.0,724.7,0,0.0,0
2014-11-10,2014-11-27,OPTIDX,NIFTY,7700.0,CE,680.05,700.0,637.0,678.4,678.4,2490,5209.89,205225
2014-11-10,2014-11-27,OPTIDX,NIFTY,7750.0,CE,0.0,0.0,0.0,439.15,625.7,0,0.0,0
2014-11-10,2014-11-27,OPTIDX,NIFTY,7800.0,CE,586.95,610.0,540.0,576.6,576.6,1223,2559.54,384375
2014-11-10,2014-11-27,OPTIDX,NIFTY,7850.0,CE,0.0,0.0,0.0,506.2,527.75,0,0.0,450
2014-11-10,2014-11-27,OPTIDX,NIFTY,7900.0,CE,490.1,514.15,442.55,482.4,482.4,4357,9120.82,595575
2014-11-10,2014-11-27,OPTIDX,NIFTY,7950.0,CE,0.0,0.0,0.0,440.0,432.25,0,0.0,1275
2014-11-10,2014-11-27,OPTIDX,NIFTY,8000.0,CE,392.0,418.65,346.0,384.35,384.35,6658,13945.86,1601800
2014-11-10,2014-11-27,OPTIDX,NIFTY,8050.0,CE,361.9,361.9,305.0,337.3,337.3,69,144.53,13300
2014-11-10,2014-11-27,OPTIDX,NIFTY,8100.0,CE,311.25,325.4,256.5,292.6,292.6,9783,20502.65,1185200
2014-11-10,2014-11-27,OPTIDX,NIFTY,8150.0,CE,251.0,269.0,218.9,245.9,245.9,667,1398.91,31375
2014-11-10,2014-11-27,OPTIDX,NIFTY,8200.0,CE,220.55,238.0,175.35,204.55,204.55,30173,63387.6,1605850
2014-11-10,2014-11-27,OPTIDX,NIFTY,8250.0,CE,181.15,196.15,141.0,166.75,166.75,2249,4730.99,50575
2014-11-10,2014-11-27,OPTIDX,NIFTY,8300.0,CE,145.0,159.8,107.3,130.0,130.0,210462,443462.35,2799175
2014-11-10,2014-11-27,OPTIDX,NIFTY,8350.0,CE,100.8,125.2,81.0,98.35,98.35,34316,72472.41,303475
2014-11-10,2014-11-27,OPTIDX,NIFTY,8400.0,CE,74.0,94.7,56.2,71.05,71.05,714150,1512473.12,4397500
2014-11-10,2014-11-27,OPTIDX,NIFTY,8450.0,CE,50.4,69.65,38.95,49.95,49.95,42186,89663.79,484825
2014-11-10,2014-11-27,OPTIDX,NIFTY,8500.0,CE,37.15,48.6,25.7,32.9,32.9,574577,1225862.24,5019150
2014-11-10,2014-11-27,OPTIDX,NIFTY,8550.0,CE,27.1,32.45,16.15,20.5,20.5,21969,47080.44,252225
2014-11-10,2014-11-27,OPTIDX,NIFTY,8600.0,CE,16.35,21.2,10.0,12.85,12.85,349476,752579.34,3927575
2014-11-10,2014-11-27,OPTIDX,NIFTY,8650.0,CE,11.95,13.1,6.25,7.55,7.55,4995,10812.14,75875
2014-11-10,2014-11-27,OPTIDX,NIFTY,8700.0,CE,5.6,7.85,3.8,4.75,4.75,179871,391450.2,1641225
2014-11-10,2014-11-27,OPTIDX,NIFTY,8750.0,CE,5.0,6.75,3.1,3.55,3.55,211,461.76,8725
2014-11-10,2014-11-27,OPTIDX,NIFTY,8800.0,CE,2.75,3.25,2.05,2.4,2.4,84944,186928.88,684100
2014-11-10,2014-11-27,OPTIDX,NIFTY,8850.0,CE,0.0,0.0,0.0,25.0,5.8,0,0.0,0
2014-11-10,2014-11-27,OPTIDX,NIFTY,8900.0,CE,1.9,1.95,1.1,1.4,1.4,10429,23208.15,238325
2014-11-10,2014-11-27,OPTIDX,NIFTY,8950.0,CE,0.0,0.0,0.0,17.3,2.5,0,0.0,0
2014-11-10,2014-11-27,OPTIDX,NIFTY,9000.0,CE,1.05,1.25,0.85,1.0,1.0,16256,36579.93,466750
2014-11-10,2014-11-27,OPTIDX,NIFTY,9050.0,CE,0.0,0.0,0.0,0.05,1.0,0,0.0,0
2014-11-10,2014-11-27,OPTIDX,NIFTY,9100.0,CE,0.0,0.0,0.0,9.6,0.6,0,0.0,0
2014-11-10,2014-11-27,OPTIDX,NIFTY,9150.0,CE,0.0,0.0,0.0,7.85,0.35,0,0.0,0
2014-11-10,2014-11-27,OPTIDX,NIFTY,9200.0,CE,0.0,0.0,0.0,6.35,0.2,0,0.0,50
2014-11-10,2014-11-27,OPTIDX,NIFTY,9250.0,CE,0.0,0.0,0.0,0.4,0.15,0,0.0,0
2014-11-10,2014-11-27,OPTIDX,NIFTY,9300.0,CE,0.0,0.0,0.0,0.3,0.1,0,0.0,0
2014-11-10,2014-11-27,OPTIDX,NIFTY,9350.0,CE,0.0,0.0,0.0,3.3,0.05,0,0.0,0
2014-11-10,2014-11-27,OPTIDX,NIFTY,9400.0,CE,0.0,0.0,0.0,2.65,0.05,0,0.0,0
2014-11-10,2014-11-27,OPTIDX,NIFTY,9450.0,CE,0.0,0.0,0.0,2.1,0.05,0,0.0,0
2014-11-10,2014-11-27,OPTIDX,NIFTY,9500.0,CE,0.15,0.7,0.15,0.35,0.35,128,304.01,5250
2014-11-10,2014-11-27,OPTIDX,NIFTY,9550.0,CE,0.0,0.0,0.0,2.2,0.0,0,0.0,0
2014-11-10,2014-11-27,OPTIDX,NIFTY,9600.0,CE,0.0,0.0,0.0,2.25,0.0,0,0.0,0
2014-11-10,2014-11-27,OPTIDX,NIFTY,9650.0,CE,0.0,0.0,0.0,1.65,0.0,0,0.0,0
2014-11-10,2014-11-27,OPTIDX,NIFTY,9700.0,CE,0.0,0.0,0.0,0.1,0.0,0,0.0,0
2014-11-10,2014-11-27,OPTIDX,NIFTY,9750.0,CE,0.0,0.0,0.0,0.05,0.0,0,0.0,0
2014-11-10,2014-11-27,OPTIDX,NIFTY,9800.0,CE,0.0,0.0,0.0,0.05,0.0,0,0.0,0
2014-11-10,2014-11-27,OPTIDX,NIFTY,9850.0,CE,0.0,0.0,0.0,0.05,0.0,0,0.0,0
2014-11-10,2014-11-27,OPTIDX,NIFTY,6250.0,PE,0.0,0.0,0.0,0.25,0.0,0,0.0,0
2014-11-10,2014-11-27,OPTIDX,NIFTY,6300.0,PE,0.5,0.75,0.25,0.65,0.65,196,308.72,1375
2014-11-10,2014-11-27,OPTIDX,NIFTY,6350.0,PE,0.0,0.0,0.0,0.2,0.0,0,0.0,50
2014-11-10,2014-11-27,OPTIDX,NIFTY,6400.0,PE,0.5,0.5,0.5,0.5,0.5,19,30.4,150
2014-11-10,2014-11-27,OPTIDX,NIFTY,6450.0,PE,0.0,0.0,0.0,0.05,0.0,0,0.0,0
2014-11-10,2014-11-27,OPTIDX,NIFTY,6500.0,PE,0.6,0.75,0.45,0.5,0.5,517,840.21,24225
2014-11-10,2014-11-27,OPTIDX,NIFTY,6550.0,PE,0.0,0.0,0.0,0.1,0.0,0,0.0,0
2014-11-10,2014-11-27,OPTIDX,NIFTY,6600.0,PE,0.65,0.75,0.55,0.75,0.75,356,587.45,11725
2014-11-10,2014-11-27,OPTIDX,NIFTY,6650.0,PE,0.0,0.0,0.0,0.15,0.0,0,0.0,0
2014-11-10,2014-11-27,OPTIDX,NIFTY,6700.0,PE,0.8,0.8,0.55,0.6,0.6,329,551.12,21375
2014-11-10,2014-11-27,OPTIDX,NIFTY,6750.0,PE,0.0,0.0,0.0,0.35,0.0,0,0.0,0
2014-11-10,2014-11-27,OPTIDX,NIFTY,6800.0,PE,0.95,0.95,0.6,0.8,0.8,116,197.22,14125
2014-11-10,2014-11-27,OPTIDX,NIFTY,6850.0,PE,0.3,0.3,0.3,0.3,0.3,20,34.25,0
2014-11-10,2014-11-27,OPTIDX,NIFTY,6900.0,PE,0.75,1.2,0.75,0.95,0.95,25,43.13,18100
2014-11-10,2014-11-27,OPTIDX,NIFTY,6950.0,PE,0.0,0.0,0.0,1.4,0.0,0,0.0,0
2014-11-10,2014-11-27,OPTIDX,NIFTY,7000.0,PE,0.5,1.45,0.5,1.05,1.05,4797,8396.31,294950
2014-11-10,2014-11-27,OPTIDX,NIFTY,7050.0,PE,0.0,0.0,0.0,0.7,0.0,0,0.0,0
2014-11-10,2014-11-27,OPTIDX,NIFTY,7100.0,PE,1.3,1.5,1.1,1.2,1.2,159,282.27,48275
2014-11-10,2014-11-27,OPTIDX,NIFTY,7150.0,PE,0.0,0.0,0.0,0.2,0.0,0,0.0,0
2014-11-10,2014-11-27,OPTIDX,NIFTY,7200.0,PE,1.55,1.8,1.35,1.5,1.5,1440,2592.56,204725
2014-11-10,2014-11-27,OPTIDX,NIFTY,7250.0,PE,0.0,0.0,0.0,6.9,0.0,0,0.0,1000
2014-11-10,2014-11-27,OPTIDX,NIFTY,7300.0,PE,2.05,2.15,1.9,2.0,2.0,4278,7809.5,536900
2014-11-10,2014-11-27,OPTIDX,NIFTY,7350.0,PE,0.0,0.0,0.0,3.0,0.0,0,0.0,0
2014-11-10,2014-11-27,OPTIDX,NIFTY,7400.0,PE,2.4,2.7,2.15,2.5,2.5,23825,44091.36,1020000
2014-11-10,2014-11-27,OPTIDX,NIFTY,7450.0,PE,0.0,0.0,0.0,3.0,0.05,0,0.0,925
2014-11-10,2014-11-27,OPTIDX,NIFTY,7500.0,PE,3.0,3.0,2.5,2.75,2.75,17409,32653.91,1862000
2014-11-10,2014-11-27,OPTIDX,NIFTY,7550.0,PE,3.7,3.7,2.55,2.7,2.7,87,164.27,11475
2014-11-10,2014-11-27,OPTIDX,NIFTY,7600.0,PE,3.8,3.9,2.85,3.0,3.0,21727,41299.15,1293575
2014-11-10,2014-11-27,OPTIDX,NIFTY,7650.0,PE,0.0,0.0,0.0,4.45,0.25,0,0.0,106850
2014-11-10,2014-11-27,OPTIDX,NIFTY,7700.0,PE,4.5,4.65,3.5,3.65,3.65,64047,123354.93,2058100
2014-11-10,2014-11-27,OPTIDX,NIFTY,7750.0,PE,4.2,4.7,3.9,4.1,4.1,142,275.28,9350
2014-11-10,2014-11-27,OPTIDX,NIFTY,7800.0,PE,5.15,5.9,4.45,4.75,4.75,78179,152550.98,2669050
2014-11-10,2014-11-27,OPTIDX,NIFTY,7850.0,PE,6.05,7.45,5.0,5.55,5.55,1180,2317.56,76825
2014-11-10,2014-11-27,OPTIDX,NIFTY,7900.0,PE,8.7,9.25,6.65,7.0,7.0,107242,212011.43,2187850
2014-11-10,2014-11-27,OPTIDX,NIFTY,7950.0,PE,10.5,11.7,8.1,9.15,9.15,4466,8887.29,176800
2014-11-10,2014-11-27,OPTIDX,NIFTY,8000.0,PE,12.25,15.1,10.1,10.7,10.7,224530,449750.92,5733750
2014-11-10,2014-11-27,OPTIDX,NIFTY,8050.0,PE,14.55,19.15,12.6,13.55,13.55,10434,21039.91,211725
2014-11-10,2014-11-27,OPTIDX,NIFTY,8100.0,PE,21.0,24.9,16.1,17.15,17.15,293535,595899.76,4394725
2014-11-10,2014-11-27,OPTIDX,NIFTY,8150.0,PE,23.1,32.1,21.0,22.4,22.4,24596,50282.65,392950
2014-11-10,2014-11-27,OPTIDX,NIFTY,8200.0,PE,30.0,42.85,28.0,30.15,30.15,417769,860087.9,4898675
2014-11-10,2014-11-27,OPTIDX,NIFTY,8250.0,PE,49.9,56.5,37.65,40.95,40.95,24278,50357.29,513900
2014-11-10,2014-11-27,OPTIDX,NIFTY,8300.0,PE,56.95,74.0,48.9,53.75,53.75,661676,1383012.08,4319600
2014-11-10,2014-11-27,OPTIDX,NIFTY,8350.0,PE,73.4,94.2,63.75,72.45,72.45,32529,68536.54,363225
2014-11-10,2014-11-27,OPTIDX,NIFTY,8400.0,PE,90.05,120.0,81.3,92.85,92.85,323104,686584.46,2174275
2014-11-10,2014-11-27,OPTIDX,NIFTY,8450.0,PE,116.65,150.0,104.0,117.75,117.75,2090,4479.55,13850
2014-11-10,2014-11-27,OPTIDX,NIFTY,8500.0,PE,145.8,185.55,131.5,150.65,150.65,34990,75745.83,1231575
2014-11-10,2014-11-27,OPTIDX,NIFTY,8550.0,PE,182.75,222.0,167.75,181.95,181.95,124,271.03,3650
2014-11-10,2014-11-27,OPTIDX,NIFTY,8600.0,PE,223.6,266.6,202.5,228.05,228.05,4977,10995.68,154400
2014-11-10,2014-11-27,OPTIDX,NIFTY,8650.0,PE,0.0,0.0,0.0,289.05,296.6,0,0.0,300
2014-11-10,2014-11-27,OPTIDX,NIFTY,8700.0,PE,310.0,355.0,287.6,317.6,317.6,1855,4181.27,69975
2014-11-10,2014-11-27,OPTIDX,NIFTY,8750.0,PE,0.0,0.0,0.0,645.15,383.75,0,0.0,0
2014-11-10,2014-11-27,OPTIDX,NIFTY,8800.0,PE,409.15,445.85,386.8,410.55,410.55,38,87.55,725
2014-11-10,2014-11-27,OPTIDX,NIFTY,8850.0,PE,0.0,0.0,0.0,918.45,476.65,0,0.0,15550
2014-11-10,2014-11-27,OPTIDX,NIFTY,8900.0,PE,515.05,515.05,513.75,513.75,513.75,17,40.01,775
2014-11-10,2014-11-27,OPTIDX,NIFTY,8950.0,PE,0.0,0.0,0.0,1014.55,572.9,0,0.0,1000
2014-11-10,2014-11-27,OPTIDX,NIFTY,9000.0,PE,602.0,652.0,578.55,612.35,612.35,1592,3826.09,458250
2014-11-10,2014-11-27,OPTIDX,NIFTY,9050.0,PE,0.0,0.0,0.0,999.75,671.0,0,0.0,9500
2014-11-10,2014-11-27,OPTIDX,NIFTY,9100.0,PE,0.0,0.0,0.0,961.85,720.45,0,0.0,0
2014-11-10,2014-11-27,OPTIDX,NIFTY,9150.0,PE,0.0,0.0,0.0,1096.95,770.0,0,0.0,4050
2014-11-10,2014-11-27,OPTIDX,NIFTY,9200.0,PE,0.0,0.0,0.0,1056.5,819.65,0,0.0,0
2014-11-10,2014-11-27,OPTIDX,NIFTY,9250.0,PE,0.0,0.0,0.0,1016.25,869.4,0,0.0,2400
2014-11-10,2014-11-27,OPTIDX,NIFTY,9300.0,PE,0.0,0.0,0.0,1152.15,919.15,0,0.0,0
2014-11-10,2014-11-27,OPTIDX,NIFTY,9350.0,PE,0.0,0.0,0.0,1006.5,968.9,0,0.0,4000
2014-11-10,2014-11-27,OPTIDX,NIFTY,9400.0,PE,0.0,0.0,0.0,968.4,1018.7,0,0.0,25
2014-11-10,2014-11-27,OPTIDX,NIFTY,9450.0,PE,0.0,0.0,0.0,1296.9,1068.5,0,0.0,0
2014-11-10,2014-11-27,OPTIDX,NIFTY,9500.0,PE,1082.45,1141.7,1082.45,1107.8,1107.8,464,1230.92,282025
2014-11-10,2014-11-27,OPTIDX,NIFTY,9550.0,PE,0.0,0.0,0.0,1324.05,1168.1,0,0.0,0
2014-11-10,2014-11-27,OPTIDX,NIFTY,9600.0,PE,0.0,0.0,0.0,1018.05,1217.9,0,0.0,25
2014-11-10,2014-11-27,OPTIDX,NIFTY,9650.0,PE,0.0,0.0,0.0,1291.5,1267.7,0,0.0,0
2014-11-10,2014-11-27,OPTIDX,NIFTY,9700.0,PE,0.0,0.0,0.0,1321.3,1317.5,0,0.0,0
2014-11-10,2014-11-27,OPTIDX,NIFTY,9750.0,PE,0.0,0.0,0.0,1371.0,1367.3,0,0.0,0
2014-11-10,2014-11-27,OPTIDX,NIFTY,9800.0,PE,0.0,0.0,0.0,1420.7,1417.1,0,0.0,0
2014-11-10,2014-11-27,OPTIDX,NIFTY,9850.0,PE,0.0,0.0,0.0,1463.7,1466.9,0,0.0,0
2014-11-10,2014-12-24,OPTIDX,NIFTY,2700.0,CE,5640.0,5681.4,5615.4,5646.5,5646.5,40,83.47,112675
2014-11-10,2014-12-24,OPTIDX,NIFTY,2800.0,CE,0.0,0.0,0.0,2560.1,5573.6,0,0.0,0
2014-11-10,2014-12-24,OPTIDX,NIFTY,2900.0,CE,0.0,0.0,0.0,2652.85,5474.65,0,0.0,0
2014-11-10,2014-12-24,OPTIDX,NIFTY,3000.0,CE,5399.0,5399.0,5335.0,5360.3,5360.3,15,31.35,223750
2014-11-10,2014-12-24,OPTIDX,NIFTY,3100.0,CE,0.0,0.0,0.0,2702.3,5276.7,0,0.0,0
2014-11-10,2014-12-24,OPTIDX,NIFTY,3200.0,CE,0.0,0.0,0.0,2719.4,5177.75,0,0.0,0
2014-11-10,2014-12-24,OPTIDX,NIFTY,3300.0,CE,0.0,0.0,0.0,2742.1,5078.8,0,0.0,0
2014-11-10,2014-12-24,OPTIDX,NIFTY,3400.0,CE,0.0,0.0,0.0,2882.95,4979.85,0,0.0,0
2014-11-10,2014-12-24,OPTIDX,NIFTY,3500.0,CE,0.0,0.0,0.0,2919.75,4880.9,0,0.0,0
2014-11-10,2014-12-24,OPTIDX,NIFTY,3600.0,CE,0.0,0.0,0.0,3532.1,4781.95,0,0.0,0
2014-11-10,2014-12-24,OPTIDX,NIFTY,3700.0,CE,0.0,0.0,0.0,3518.95,4683.0,0,0.0,0
2014-11-10,2014-12-24,OPTIDX,NIFTY,3800.0,CE,0.0,0.0,0.0,3450.2,4584.05,0,0.0,0
2014-11-10,2014-12-24,OPTIDX,NIFTY,3900.0,CE,0.0,0.0,0.0,3381.7,4485.1,0,0.0,0
2014-11-10,2014-12-24,OPTIDX,NIFTY,4000.0,CE,4370.0,4385.0,4355.0,4385.0,4385.0,25,52.29,127875
2014-11-10,2014-12-24,OPTIDX,NIFTY,4100.0,CE,0.0,0.0,0.0,3245.5,4287.2,0,0.0,0
2014-11-10,2014-12-24,OPTIDX,NIFTY,4200.0,CE,0.0,0.0,0.0,3177.85,4188.25,0,0.0,0
2014-11-10,2014-12-24,OPTIDX,NIFTY,4300.0,CE,0.0,0.0,0.0,3110.6,4089.3,0,0.0,0
2014-11-10,2014-12-24,OPTIDX,NIFTY,4400.0,CE,0.0,0.0,0.0,1922.3,3990.35,0,0.0,0
2014-11-10,2014-12-24,OPTIDX,NIFTY,4500.0,CE,3850.0,3850.0,3840.0,3845.0,3845.0,20,41.72,500
2014-11-10,2014-12-24,OPTIDX,NIFTY,4600.0,CE,0.0,0.0,0.0,1825.5,3792.45,0,0.0,0
2014-11-10,2014-12-24,OPTIDX,NIFTY,4700.0,CE,0.0,0.0,0.0,1778.8,3693.45,0,0.0,0
2014-11-10,2014-12-24,OPTIDX,NIFTY,4800.0,CE,0.0,0.0,0.0,1493.1,3594.5,0,0.0,200000
2014-11-10,2014-12-24,OPTIDX,NIFTY,4900.0,CE,0.0,0.0,0.0,2822.35,3495.55,0,0.0,302250
2014-11-10,2014-12-24,OPTIDX,NIFTY,5000.0,CE,3420.0,3420.0,3350.1,3395.0,3395.0,34,71.28,693250
2014-11-10,2014-12-24,OPTIDX,NIFTY,5100.0,CE,0.0,0.0,0.0,2624.65,3297.65,0,0.0,127500
2014-11-10,2014-12-24,OPTIDX,NIFTY,5200.0,CE,0.0,0.0,0.0,2590.0,3198.7,0,0.0,662700
2014-11-10,2014-12-24,OPTIDX,NIFTY,5300.0,CE,0.0,0.0,0.0,1167.5,3099.75,0,0.0,852650
2014-11-10,2014-12-24,OPTIDX,NIFTY,5400.0,CE,0.0,0.0,0.0,2651.8,3000.8,0,0.0,395950
2014-11-10,2014-12-24,OPTIDX,NIFTY,5500.0,CE,2920.0,2920.0,2870.0,2910.0,2910.0,6,12.59,293575
2014-11-10,2014-12-24,OPTIDX,NIFTY,5600.0,CE,0.0,0.0,0.0,2610.0,2802.9,0,0.0,50
2014-11-10,2014-12-24,OPTIDX,NIFTY,5700.0,CE,0.0,0.0,0.0,1414.7,2703.95,0,0.0,0
2014-11-10,2014-12-24,OPTIDX,NIFTY,5800.0,CE,0.0,0.0,0.0,1750.0,2605.0,0,0.0,0
2014-11-10,2014-12-24,OPTIDX,NIFTY,5900.0,CE,0.0,0.0,0.0,2275.0,2506.05,0,0.0,25
2014-11-10,2014-12-24,OPTIDX,NIFTY,6000.0,CE,2410.0,2412.0,2366.05,2405.9,2405.9,96,201.29,295975
2014-11-10,2014-12-24,OPTIDX,NIFTY,6100.0,CE,0.0,0.0,0.0,2251.05,2308.15,0,0.0,25
2014-11-10,2014-12-24,OPTIDX,NIFTY,6200.0,CE,0.0,0.0,0.0,2151.05,2209.2,0,0.0,1075
2014-11-10,2014-12-24,OPTIDX,NIFTY,6250.0,CE,0.0,0.0,0.0,1602.6,2159.7,0,0.0,0
2014-11-10,2014-12-24,OPTIDX,NIFTY,6300.0,CE,0.0,0.0,0.0,1810.0,2110.2,0,0.0,50
2014-11-10,2014-12-24,OPTIDX,NIFTY,6350.0,CE,0.0,0.0,0.0,1405.0,2060.75,0,0.0,0
2014-11-10,2014-12-24,OPTIDX,NIFTY,6400.0,CE,0.0,0.0,0.0,1951.05,2011.25,0,0.0,75
2014-11-10,2014-12-24,OPTIDX,NIFTY,6450.0,CE,0.0,0.0,0.0,1602.85,1961.8,0,0.0,0
2014-11-10,2014-12-24,OPTIDX,NIFTY,6500.0,CE,1925.0,1925.0,1875.0,1875.0,1875.0,17,35.7,397600
2014-11-10,2014-12-24,OPTIDX,NIFTY,6550.0,CE,0.0,0.0,0.0,1505.35,1862.85,0,0.0,0
2014-11-10,2014-12-24,OPTIDX,NIFTY,6600.0,CE,0.0,0.0,0.0,1275.25,1813.35,0,0.0,1000
2014-11-10,2014-12-24,OPTIDX,NIFTY,6650.0,CE,0.0,0.0,0.0,1455.75,1763.9,0,0.0,5250
2014-11-10,2014-12-24,OPTIDX,NIFTY,6700.0,CE,0.0,0.0,0.0,1458.1,1714.4,0,0.0,0
2014-11-10,2014-12-24,OPTIDX,NIFTY,6750.0,CE,0.0,0.0,0.0,1549.25,1664.95,0,0.0,400
2014-11-10,2014-12-24,OPTIDX,NIFTY,6800.0,CE,0.0,0.0,0.0,1600.0,1615.45,0,0.0,150
2014-11-10,2014-12-24,OPTIDX,NIFTY,6850.0,CE,0.0,0.0,0.0,1320.35,1566.0,0,0.0,250
2014-11-10,2014-12-24,OPTIDX,NIFTY,6900.0,CE,1494.55,1510.0,1490.0,1510.0,1510.0,36,75.58,1600
2014-11-10,2014-12-24,OPTIDX,NIFTY,6950.0,CE,0.0,0.0,0.0,1222.25,1467.05,0,0.0,2700
2014-11-10,2014-12-24,OPTIDX,NIFTY,7000.0,CE,1441.0,1441.0,1380.0,1425.3,1425.3,73,153.25,465800
2014-11-10,2014-12-24,OPTIDX,NIFTY,7050.0,CE,0.0,0.0,0.0,1158.7,1368.1,0,0.0,5475
2014-11-10,2014-12-24,OPTIDX,NIFTY,7100.0,CE,0.0,0.0,0.0,260.0,1318.65,0,0.0,0
2014-11-10,2014-12-24,OPTIDX,NIFTY,7150.0,CE,0.0,0.0,0.0,1044.75,1269.25,0,0.0,2050
2014-11-10,2014-12-24,OPTIDX,NIFTY,7200.0,CE,0.0,0.0,0.0,1200.0,1219.8,0,0.0,175
2014-11-10,2014-12-24,OPTIDX,NIFTY,7250.0,CE,0.0,0.0,0.0,937.15,1170.45,0,0.0,3100
2014-11-10,2014-12-24,OPTIDX,NIFTY,7300.0,CE,0.0,0.0,0.0,1121.65,1121.1,0,0.0,500
2014-11-10,2014-12-24,OPTIDX,NIFTY,7350.0,CE,0.0,0.0,0.0,712.1,1071.85,0,0.0,5000
2014-11-10,2014-12-24,OPTIDX,NIFTY,7400.0,CE,0.0,0.0,0.0,995.0,1022.7,0,0.0,625
2014-11-10,2014-12-24,OPTIDX,NIFTY,7450.0,CE,1003.0,1003.75,1003.0,1003.75,1003.75,98,207.11,2450
2014-11-10,2014-12-24,OPTIDX,NIFTY,7500.0,CE,959.65,967.0,894.15,936.6,936.6,272,573.25,730025
2014-11-10,2014-12-24,OPTIDX,NIFTY,7550.0,CE,0.0,0.0,0.0,590.25,876.25,0,0.0,0
2014-11-10,2014-12-24,OPTIDX,NIFTY,7600.0,CE,0.0,0.0,0.0,847.7,827.95,0,0.0,2225
2014-11-10,2014-12-24,OPTIDX,NIFTY,7650.0,CE,0.0,0.0,0.0,514.65,780.05,0,0.0,0
2014-11-10,2014-12-24,OPTIDX,NIFTY,7700.0,CE,710.0,745.0,710.0,732.05,732.05,100,210.75,7200
2014-11-10,2014-12-24,OPTIDX,NIFTY,7750.0,CE,0.0,0.0,0.0,444.05,685.75,0,0.0,0
2014-11-10,2014-12-24,OPTIDX,NIFTY,7800.0,CE,658.0,658.0,610.0,650.0,650.0,46,96.98,37700
2014-11-10,2014-12-24,OPTIDX,NIFTY,7850.0,CE,0.0,0.0,0.0,285.0,594.35,0,0.0,500
2014-11-10,2014-12-24,OPTIDX,NIFTY,7900.0,CE,575.0,590.0,525.1,559.55,559.55,4876,10316.94,1776725
2014-11-10,2014-12-24,OPTIDX,NIFTY,7950.0,CE,0.0,0.0,0.0,320.35,506.9,0,0.0,0
2014-11-10,2014-12-24,OPTIDX,NIFTY,8000.0,CE,481.8,500.25,434.8,472.4,472.4,4287,9069.34,3293825
2014-11-10,2014-12-24,OPTIDX,NIFTY,8050.0,CE,0.0,0.0,0.0,267.55,424.65,0,0.0,0
2014-11-10,2014-12-24,OPTIDX,NIFTY,8100.0,CE,389.25,414.75,350.0,383.25,383.25,2234,4728.82,370775
2014-11-10,2014-12-24,OPTIDX,NIFTY,8150.0,CE,0.0,0.0,0.0,220.9,349.05,0,0.0,0
2014-11-10,2014-12-24,OPTIDX,NIFTY,8200.0,CE,315.55,330.15,274.7,308.2,308.2,3455,7339.74,546800
2014-11-10,2014-12-24,OPTIDX,NIFTY,8250.0,CE,247.0,247.0,241.05,241.05,241.05,2,4.24,500
2014-11-10,2014-12-24,OPTIDX,NIFTY,8300.0,CE,239.45,252.7,201.05,226.7,226.7,3941,8396.04,495700
2014-11-10,2014-12-24,OPTIDX,NIFTY,8350.0,CE,191.1,211.4,175.45,185.6,185.6,32,68.3,550
2014-11-10,2014-12-24,OPTIDX,NIFTY,8400.0,CE,173.15,184.9,142.05,162.95,162.95,8220,17589.95,843050
2014-11-10,2014-12-24,OPTIDX,NIFTY,8450.0,CE,0.0,0.0,0.0,104.05,169.05,0,0.0,50
2014-11-10,2014-12-24,OPTIDX,NIFTY,8500.0,CE,120.2,129.85,96.45,110.5,110.5,21016,45228.44,3366775
2014-11-10,2014-12-24,OPTIDX,NIFTY,8550.0,CE,100.0,100.0,91.2,91.2,91.2,3,6.48,350
2014-11-10,2014-12-24,OPTIDX,NIFTY,8600.0,CE,76.1,83.6,59.55,68.7,68.7,12594,27292.94,2055975
2014-11-10,2014-12-24,OPTIDX,NIFTY,8650.0,CE,0.0,0.0,0.0,70.95,92.2,0,0.0,0
2014-11-10,2014-12-24,OPTIDX,NIFTY,8700.0,CE,46.0,50.8,35.0,40.2,40.2,12056,26345.37,1685800
2014-11-10,2014-12-24,OPTIDX,NIFTY,8750.0,CE,0.0,0.0,0.0,54.55,65.5,0,0.0,0
2014-11-10,2014-12-24,OPTIDX,NIFTY,8800.0,CE,27.95,30.05,21.0,23.3,23.3,6510,14361.05,266000
2014-11-10,2014-12-24,OPTIDX,NIFTY,8850.0,CE,0.0,0.0,0.0,41.45,45.3,0,0.0,0
2014-11-10,2014-12-24,OPTIDX,NIFTY,8900.0,CE,17.15,18.5,13.3,14.2,14.2,2906,6476.82,154700
2014-11-10,2014-12-24,OPTIDX,NIFTY,8950.0,CE,0.0,0.0,0.0,31.1,30.45,0,0.0,0
2014-11-10,2014-12-24,OPTIDX,NIFTY,9000.0,CE,10.6,11.7,8.35,9.2,9.2,7427,16728.24,1723600
2014-11-10,2014-12-24,OPTIDX,NIFTY,9050.0,CE,0.0,0.0,0.0,23.05,19.95,0,0.0,0
2014-11-10,2014-12-24,OPTIDX,NIFTY,9100.0,CE,2.05,6.2,2.0,5.9,5.9,60,136.56,1050
2014-11-10,2014-12-24,OPTIDX,NIFTY,9150.0,CE,0.0,0.0,0.0,16.9,12.7,0,0.0,0
2014-11-10,2014-12-24,OPTIDX,NIFTY,9200.0,CE,0.0,0.0,0.0,16.2,10.0,0,0.0,0
2014-11-10,2014-12-24,OPTIDX,NIFTY,9250.0,CE,0.0,0.0,0.0,12.25,7.85,0,0.0,0
2014-11-10,2014-12-24,OPTIDX,NIFTY,9300.0,CE,0.0,0.0,0.0,18.45,6.1,0,0.0,0
2014-11-10,2014-12-24,OPTIDX,NIFTY,9350.0,CE,0.0,0.0,0.0,8.75,4.75,0,0.0,0
2014-11-10,2014-12-24,OPTIDX,NIFTY,9400.0,CE,0.0,0.0,0.0,39.8,3.65,0,0.0,0
2014-11-10,2014-12-24,OPTIDX,NIFTY,9450.0,CE,0.0,0.0,0.0,6.65,2.75,0,0.0,0
2014-11-10,2014-12-24,OPTIDX,NIFTY,9500.0,CE,1.95,1.95,1.95,1.95,1.95,4,9.5,3550
2014-11-10,2014-12-24,OPTIDX,NIFTY,9550.0,CE,0.0,0.0,0.0,0.7,1.6,0,0.0,0
2014-11-10,2014-12-24,OPTIDX,NIFTY,9600.0,CE,0.0,0.0,0.0,34.3,1.2,0,0.0,0
2014-11-10,2014-12-24,OPTIDX,NIFTY,9650.0,CE,0.0,0.0,0.0,0.9,0.9,0,0.0,0
2014-11-10,2014-12-24,OPTIDX,NIFTY,9700.0,CE,0.0,0.0,0.0,31.6,0.65,0,0.0,0
2014-11-10,2014-12-24,OPTIDX,NIFTY,9750.0,CE,0.0,0.0,0.0,2.65,0.5,0,0.0,0
2014-11-10,2014-12-24,OPTIDX,NIFTY,9800.0,CE,0.0,0.0,0.0,20.45,0.35,0,0.0,0
2014-11-10,2014-12-24,OPTIDX,NIFTY,9850.0,CE,0.0,0.0,0.0,0.75,0.25,0,0.0,0
2014-11-10,2014-12-24,OPTIDX,NIFTY,9900.0,CE,0.0,0.0,0.0,17.65,0.2,0,0.0,0
2014-11-10,2014-12-24,OPTIDX,NIFTY,10000.0,CE,0.0,0.0,0.0,1.0,0.1,0,0.0,1000
2014-11-10,2014-12-24,OPTIDX,NIFTY,10100.0,CE,0.0,0.0,0.0,22.2,0.05,0,0.0,0
2014-11-10,2014-12-24,OPTIDX,NIFTY,10200.0,CE,0.0,0.0,0.0,5.35,0.05,0,0.0,0
2014-11-10,2014-12-24,OPTIDX,NIFTY,10300.0,CE,0.0,0.0,0.0,2.4,0.05,0,0.0,0
2014-11-10,2014-12-24,OPTIDX,NIFTY,10400.0,CE,0.0,0.0,0.0,0.15,0.0,0,0.0,0
2014-11-10,2014-12-24,OPTIDX,NIFTY,10500.0,CE,0.0,0.0,0.0,0.2,0.0,0,0.0,0
2014-11-10,2014-12-24,OPTIDX,NIFTY,10600.0,CE,0.0,0.0,0.0,0.1,0.0,0,0.0,0
2014-11-10,2014-12-24,OPTIDX,NIFTY,2700.0,PE,1.0,1.0,1.0,1.0,1.0,8,5.4,3050
2014-11-10,2014-12-24,OPTIDX,NIFTY,2800.0,PE,0.0,0.0,0.0,34.85,0.0,0,0.0,0
2014-11-10,2014-12-24,OPTIDX,NIFTY,2900.0,PE,0.0,0.0,0.0,20.8,0.0,0,0.0,0
2014-11-10,2014-12-24,OPTIDX,NIFTY,3000.0,PE,1.0,1.25,1.0,1.0,1.0,8,6.0,4325
2014-11-10,2014-12-24,OPTIDX,NIFTY,3100.0,PE,0.0,0.0,0.0,19.2,0.0,0,0.0,0
2014-11-10,2014-12-24,OPTIDX,NIFTY,3200.0,PE,0.0,0.0,0.0,15.65,0.0,0,0.0,0
2014-11-10,2014-12-24,OPTIDX,NIFTY,3300.0,PE,0.0,0.0,0.0,19.5,0.0,0,0.0,0
2014-11-10,2014-12-24,OPTIDX,NIFTY,3400.0,PE,0.0,0.0,0.0,29.2,0.0,0,0.0,0
2014-11-10,2014-12-24,OPTIDX,NIFTY,3500.0,PE,0.0,0.0,0.0,1.5,0.0,0,0.0,15525
2014-11-10,2014-12-24,OPTIDX,NIFTY,3600.0,PE,0.0,0.0,0.0,1.95,0.0,0,0.0,0
2014-11-10,2014-12-24,OPTIDX,NIFTY,3700.0,PE,0.0,0.0,0.0,4.75,0.0,0,0.0,0
2014-11-10,2014-12-24,OPTIDX,NIFTY,3800.0,PE,0.0,0.0,0.0,5.95,0.0,0,0.0,0
2014-11-10,2014-12-24,OPTIDX,NIFTY,3900.0,PE,0.0,0.0,0.0,2.0,0.0,0,0.0,0
2014-11-10,2014-12-24,OPTIDX,NIFTY,4000.0,PE,0.0,0.0,0.0,2.0,0.0,0,0.0,92100
2014-11-10,2014-12-24,OPTIDX,NIFTY,4100.0,PE,0.0,0.0,0.0,11.05,0.0,0,0.0,0
2014-11-10,2014-12-24,OPTIDX,NIFTY,4200.0,PE,0.0,0.0,0.0,5.0,0.0,0,0.0,0
2014-11-10,2014-12-24,OPTIDX,NIFTY,4300.0,PE,0.0,0.0,0.0,1.0,0.0,0,0.0,37500
2014-11-10,2014-12-24,OPTIDX,NIFTY,4400.0,PE,0.0,0.0,0.0,392.95,0.0,0,0.0,0
2014-11-10,2014-12-24,OPTIDX,NIFTY,4500.0,PE,0.0,0.0,0.0,2.25,0.0,0,0.0,533300
2014-11-10,2014-12-24,OPTIDX,NIFTY,4600.0,PE,0.0,0.0,0.0,120.0,0.0,0,0.0,75000
2014-11-10,2014-12-24,OPTIDX,NIFTY,4700.0,PE,0.0,0.0,0.0,100.0,0.0,0,0.0,600
2014-11-10,2014-12-24,OPTIDX,NIFTY,4800.0,PE,0.0,0.0,0.0,108.0,0.0,0,0.0,700
2014-11-10,2014-12-24,OPTIDX,NIFTY,4900.0,PE,0.0,0.0,0.0,554.1,0.0,0,0.0,0
2014-11-10,2014-12-24,OPTIDX,NIFTY,5000.0,PE,1.35,1.35,1.35,1.35,1.35,1,1.25,813025
2014-11-10,2014-12-24,OPTIDX,NIFTY,5100.0,PE,0.0,0.0,0.0,626.25,0.0,0,0.0,0
2014-11-10,2014-12-24,OPTIDX,NIFTY,5200.0,PE,0.0,0.0,0.0,180.0,0.0,0,0.0,44000
2014-11-10,2014-12-24,OPTIDX,NIFTY,5300.0,PE,0.0,0.0,0.0,665.2,0.0,0,0.0,6500
2014-11-10,2014-12-24,OPTIDX,NIFTY,5400.0,PE,0.0,0.0,0.0,742.1,0.0,0,0.0,0
2014-11-10,2014-12-24,OPTIDX,NIFTY,5500.0,PE,0.0,0.0,0.0,2.4,0.0,0,0.0,216350
2014-11-10,2014-12-24,OPTIDX,NIFTY,5600.0,PE,0.0,0.0,0.0,824.5,0.0,0,0.0,0
2014-11-10,2014-12-24,OPTIDX,NIFTY,5700.0,PE,0.0,0.0,0.0,454.5,0.0,0,0.0,6500
2014-11-10,2014-12-24,OPTIDX,NIFTY,5800.0,PE,0.0,0.0,0.0,709.95,0.0,0,0.0,0
2014-11-10,2014-12-24,OPTIDX,NIFTY,5900.0,PE,0.0,0.0,0.0,349.0,0.0,0,0.0,500
2014-11-10,2014-12-24,OPTIDX,NIFTY,6000.0,PE,1.15,2.65,1.15,2.45,2.45,96,144.04,506750
2014-11-10,2014-12-24,OPTIDX,NIFTY,6100.0,PE,0.0,0.0,0.0,265.65,0.0,0,0.0,0
2014-11-10,2014-12-24,OPTIDX,NIFTY,6200.0,PE,0.0,0.0,0.0,273.35,0.0,0,0.0,0
2014-11-10,2014-12-24,OPTIDX,NIFTY,6250.0,PE,0.0,0.0,0.0,0.1,0.0,0,0.0,0
2014-11-10,2014-12-24,OPTIDX,NIFTY,6300.0,PE,0.0,0.0,0.0,3.05,0.0,0,0.0,900
2014-11-10,2014-12-24,OPTIDX,NIFTY,6350.0,PE,0.0,0.0,0.0,0.1,0.0,0,0.0,0
2014-11-10,2014-12-24,OPTIDX,NIFTY,6400.0,PE,0.0,0.0,0.0,39.95,0.0,0,0.0,200
2014-11-10,2014-12-24,OPTIDX,NIFTY,6450.0,PE,0.0,0.0,0.0,0.35,0.0,0,0.0,0
2014-11-10,2014-12-24,OPTIDX,NIFTY,6500.0,PE,3.8,3.8,2.3,3.45,3.45,10,16.25,578200
2014-11-10,2014-12-24,OPTIDX,NIFTY,6550.0,PE,0.0,0.0,0.0,0.65,0.0,0,0.0,0
2014-11-10,2014-12-24,OPTIDX,NIFTY,6600.0,PE,3.05,3.05,3.05,3.05,3.05,1,1.65,50
2014-11-10,2014-12-24,OPTIDX,NIFTY,6650.0,PE,0.0,0.0,0.0,1.25,0.0,0,0.0,0
2014-11-10,2014-12-24,OPTIDX,NIFTY,6700.0,PE,0.0,0.0,0.0,54.0,0.0,0,0.0,300
2014-11-10,2014-12-24,OPTIDX,NIFTY,6750.0,PE,0.0,0.0,0.0,2.15,0.0,0,0.0,0
2014-11-10,2014-12-24,OPTIDX,NIFTY,6800.0,PE,0.0,0.0,0.0,98.0,0.0,0,0.0,200
2014-11-10,2014-12-24,OPTIDX,NIFTY,6850.0,PE,0.0,0.0,0.0,3.7,0.0,0,0.0,0
2014-11-10,2014-12-24,OPTIDX,NIFTY,6900.0,PE,0.0,0.0,0.0,17.4,0.05,0,0.0,1200
2014-11-10,2014-12-24,OPTIDX,NIFTY,6950.0,PE,0.0,0.0,0.0,6.1,0.05,0,0.0,0
2014-11-10,2014-12-24,OPTIDX,NIFTY,7000.0,PE,5.1,5.75,5.05,5.2,5.2,699,1224.16,904900
2014-11-10,2014-12-24,OPTIDX,NIFTY,7050.0,PE,0.0,0.0,0.0,9.7,0.05,0,0.0,0
2014-11-10,2014-12-24,OPTIDX,NIFTY,7100.0,PE,3.15,3.15,3.15,3.15,3.15,4,7.1,150
2014-11-10,2014-12-24,OPTIDX,NIFTY,7150.0,PE,0.0,0.0,0.0,15.0,0.15,0,0.0,0
2014-11-10,2014-12-24,OPTIDX,NIFTY,7200.0,PE,5.75,5.75,5.15,5.45,5.45,58,104.47,516675
2014-11-10,2014-12-24,OPTIDX,NIFTY,7250.0,PE,0.0,0.0,0.0,22.45,0.3,0,0.0,0
2014-11-10,2014-12-24,OPTIDX,NIFTY,7300.0,PE,7.0,7.75,6.5,6.75,6.75,237,432.93,590975
2014-11-10,2014-12-24,OPTIDX,NIFTY,7350.0,PE,0.0,0.0,0.0,32.65,0.65,0,0.0,0
2014-11-10,2014-12-24,OPTIDX,NIFTY,7400.0,PE,9.8,10.5,9.1,9.6,9.6,2945,5455.46,353300
2014-11-10,2014-12-24,OPTIDX,NIFTY,7450.0,PE,0.0,0.0,0.0,46.2,1.45,0,0.0,0
2014-11-10,2014-12-24,OPTIDX,NIFTY,7500.0,PE,11.95,13.5,11.05,11.8,11.8,9420,17691.08,2893850
2014-11-10,2014-12-24,OPTIDX,NIFTY,7550.0,PE,0.0,0.0,0.0,63.1,2.95,0,0.0,50
2014-11-10,2014-12-24,OPTIDX,NIFTY,7600.0,PE,14.05,15.2,12.7,13.6,13.6,2830,5386.89,576025
2014-11-10,2014-12-24,OPTIDX,NIFTY,7650.0,PE,0.0,0.0,0.0,86.0,5.7,0,0.0,0
2014-11-10,2014-12-24,OPTIDX,NIFTY,7700.0,PE,18.45,20.0,16.3,17.65,17.65,4984,9616.87,477750
2014-11-10,2014-12-24,OPTIDX,NIFTY,7750.0,PE,0.0,0.0,0.0,113.25,10.35,0,0.0,0
2014-11-10,2014-12-24,OPTIDX,NIFTY,7800.0,PE,24.0,27.15,21.65,23.45,23.45,7811,15279.14,616200
2014-11-10,2014-12-24,OPTIDX,NIFTY,7850.0,PE,0.0,0.0,0.0,100.0,17.9,0,0.0,50
2014-11-10,2014-12-24,OPTIDX,NIFTY,7900.0,PE,30.0,36.4,28.8,31.6,31.6,23950,47499.29,751600
2014-11-10,2014-12-24,OPTIDX,NIFTY,7950.0,PE,0.0,0.0,0.0,185.15,29.4,0,0.0,0
2014-11-10,2014-12-24,OPTIDX,NIFTY,8000.0,PE,39.35,48.1,38.0,40.25,40.25,25520,51317.43,2122775
2014-11-10,2014-12-24,OPTIDX,NIFTY,8050.0,PE,0.0,0.0,0.0,230.2,46.1,0,0.0,0
2014-11-10,2014-12-24,OPTIDX,NIFTY,8100.0,PE,52.0,62.6,49.1,51.75,51.75,15443,31490.77,787000
2014-11-10,2014-12-24,OPTIDX,NIFTY,8150.0,PE,0.0,0.0,0.0,77.0,69.5,0,0.0,250
2014-11-10,2014-12-24,OPTIDX,NIFTY,8200.0,PE,70.8,84.0,65.5,70.0,70.0,20466,42339.6,769800
2014-11-10,2014-12-24,OPTIDX,NIFTY,8250.0,PE,0.0,0.0,0.0,80.45,99.8,0,0.0,1350
2014-11-10,2014-12-24,OPTIDX,NIFTY,8300.0,PE,93.3,112.0,86.7,94.35,94.35,17344,36422.97,373425
2014-11-10,2014-12-24,OPTIDX,NIFTY,8350.0,PE,0.0,0.0,0.0,401.4,138.7,0,0.0,0
2014-11-10,2014-12-24,OPTIDX,NIFTY,8400.0,PE,128.8,150.75,115.0,127.25,127.25,10395,22168.1,364475
2014-11-10,2014-12-24,OPTIDX,NIFTY,8450.0,PE,0.0,0.0,0.0,469.65,186.35,0,0.0,0
2014-11-10,2014-12-24,OPTIDX,NIFTY,8500.0,PE,170.0,201.85,160.0,172.8,172.8,3332,7230.36,779400
2014-11-10,2014-12-24,OPTIDX,NIFTY,8550.0,PE,0.0,0.0,0.0,542.95,242.75,0,0.0,0
2014-11-10,2014-12-24,OPTIDX,NIFTY,8600.0,PE,228.0,262.95,214.55,230.15,230.15,296,654.14,28475
2014-11-10,2014-12-24,OPTIDX,NIFTY,8650.0,PE,0.0,0.0,0.0,620.55,307.4,0,0.0,0
2014-11-10,2014-12-24,OPTIDX,NIFTY,8700.0,PE,292.0,324.0,292.0,299.75,299.75,34,76.57,3500
2014-11-10,2014-12-24,OPTIDX,NIFTY,8750.0,PE,0.0,0.0,0.0,912.35,379.65,0,0.0,6000
2014-11-10,2014-12-24,OPTIDX,NIFTY,8800.0,PE,412.0,412.55,408.55,408.55,408.55,66,151.97,46950
2014-11-10,2014-12-24,OPTIDX,NIFTY,8850.0,PE,0.0,0.0,0.0,928.1,458.4,0,0.0,7000
2014-11-10,2014-12-24,OPTIDX,NIFTY,8900.0,PE,0.0,0.0,0.0,451.0,499.85,0,0.0,50
2014-11-10,2014-12-24,OPTIDX,NIFTY,8950.0,PE,0.0,0.0,0.0,889.35,542.5,0,0.0,5000
2014-11-10,2014-12-24,OPTIDX,NIFTY,9000.0,PE,555.0,602.0,535.0,554.8,554.8,301,720.29,106850
2014-11-10,2014-12-24,OPTIDX,NIFTY,9050.0,PE,0.0,0.0,0.0,700.65,630.95,0,0.0,6750
2014-11-10,2014-12-24,OPTIDX,NIFTY,9100.0,PE,0.0,0.0,0.0,1779.15,676.45,0,0.0,0
2014-11-10,2014-12-24,OPTIDX,NIFTY,9150.0,PE,0.0,0.0,0.0,1041.5,722.65,0,0.0,8150
2014-11-10,2014-12-24,OPTIDX,NIFTY,9200.0,PE,0.0,0.0,0.0,1842.6,769.45,0,0.0,0
2014-11-10,2014-12-24,OPTIDX,NIFTY,9250.0,PE,0.0,0.0,0.0,1258.55,816.75,0,0.0,11800
2014-11-10,2014-12-24,OPTIDX,NIFTY,9300.0,PE,0.0,0.0,0.0,1944.1,864.5,0,0.0,0
2014-11-10,2014-12-24,OPTIDX,NIFTY,9350.0,PE,866.0,866.0,865.15,865.15,865.15,374,955.11,16650
2014-11-10,2014-12-24,OPTIDX,NIFTY,9400.0,PE,0.0,0.0,0.0,1907.25,961.0,0,0.0,0
2014-11-10,2014-12-24,OPTIDX,NIFTY,9450.0,PE,0.0,0.0,0.0,1289.65,1009.6,0,0.0,0
2014-11-10,2014-12-24,OPTIDX,NIFTY,9500.0,PE,1048.5,1048.5,1048.5,1048.5,1048.5,12,31.64,2050
2014-11-10,2014-12-24,OPTIDX,NIFTY,9550.0,PE,0.0,0.0,0.0,1392.45,1107.35,0,0.0,0
2014-11-10,2014-12-24,OPTIDX,NIFTY,9600.0,PE,0.0,0.0,0.0,1918.4,1156.45,0,0.0,0
2014-11-10,2014-12-24,OPTIDX,NIFTY,9650.0,PE,0.0,0.0,0.0,1355.3,1205.6,0,0.0,0
2014-11-10,2014-12-24,OPTIDX,NIFTY,9700.0,PE,0.0,0.0,0.0,1952.65,1254.85,0,0.0,0
2014-11-10,2014-12-24,OPTIDX,NIFTY,9750.0,PE,0.0,0.0,0.0,1309.7,1304.15,0,0.0,0
2014-11-10,2014-12-24,OPTIDX,NIFTY,9800.0,PE,0.0,0.0,0.0,1949.2,1353.5,0,0.0,0
2014-11-10,2014-12-24,OPTIDX,NIFTY,9850.0,PE,0.0,0.0,0.0,1399.25,1402.9,0,0.0,0
2014-11-10,2014-12-24,OPTIDX,NIFTY,9900.0,PE,0.0,0.0,0.0,1965.65,1452.3,0,0.0,0
2014-11-10,2014-12-24,OPTIDX,NIFTY,10000.0,PE,1540.0,1575.0,1526.25,1534.15,1534.15,42,121.28,51000
2014-11-10,2014-12-24,OPTIDX,NIFTY,10100.0,PE,0.0,0.0,0.0,1990.0,1650.1,0,0.0,0
2014-11-10,2014-12-24,OPTIDX,NIFTY,10200.0,PE,0.0,0.0,0.0,2050.5,1749.0,0,0.0,0
2014-11-10,2014-12-24,OPTIDX,NIFTY,10300.0,PE,0.0,0.0,0.0,2110.25,1847.95,0,0.0,0
2014-11-10,2014-12-24,OPTIDX,NIFTY,10400.0,PE,0.0,0.0,0.0,2157.9,1946.9,0,0.0,0
2014-11-10,2014-12-24,OPTIDX,NIFTY,10500.0,PE,0.0,0.0,0.0,2130.55,2045.85,0,0.0,0
2014-11-10,2014-12-24,OPTIDX,NIFTY,10600.0,PE,0.0,0.0,0.0,2153.55,2144.8,0,0.0,0
2014-11-10,2015-01-29,OPTIDX,NIFTY,6650.0,CE,0.0,0.0,0.0,1663.0,1820.35,0,0.0,0
2014-11-10,2015-01-29,OPTIDX,NIFTY,6700.0,CE,0.0,0.0,0.0,1614.15,1771.3,0,0.0,0
2014-11-10,2015-01-29,OPTIDX,NIFTY,6750.0,CE,0.0,0.0,0.0,1565.4,1722.3,0,0.0,0
2014-11-10,2015-01-29,OPTIDX,NIFTY,6800.0,CE,1824.85,1824.85,1824.85,1824.85,1824.85,1,2.15,0
2014-11-10,2015-01-29,OPTIDX,NIFTY,6850.0,CE,0.0,0.0,0.0,1468.0,1624.3,0,0.0,0
2014-11-10,2015-01-29,OPTIDX,NIFTY,6900.0,CE,0.0,0.0,0.0,1419.4,1575.3,0,0.0,0
2014-11-10,2015-01-29,OPTIDX,NIFTY,6950.0,CE,0.0,0.0,0.0,1370.9,1526.4,0,0.0,0
2014-11-10,2015-01-29,OPTIDX,NIFTY,7000.0,CE,0.0,0.0,0.0,1263.0,1477.5,0,0.0,25
2014-11-10,2015-01-29,OPTIDX,NIFTY,7050.0,CE,0.0,0.0,0.0,1274.3,1428.65,0,0.0,0
2014-11-10,2015-01-29,OPTIDX,NIFTY,7100.0,CE,0.0,0.0,0.0,1163.0,1379.9,0,0.0,25
2014-11-10,2015-01-29,OPTIDX,NIFTY,7150.0,CE,0.0,0.0,0.0,1178.4,1331.2,0,0.0,0
2014-11-10,2015-01-29,OPTIDX,NIFTY,7200.0,CE,0.0,0.0,0.0,1130.85,1282.65,0,0.0,0
2014-11-10,2015-01-29,OPTIDX,NIFTY,7250.0,CE,0.0,0.0,0.0,1083.55,1234.25,0,0.0,0
2014-11-10,2015-01-29,OPTIDX,NIFTY,7300.0,CE,0.0,0.0,0.0,980.0,1186.0,0,0.0,25
2014-11-10,2015-01-29,OPTIDX,NIFTY,7350.0,CE,0.0,0.0,0.0,1090.0,1137.95,0,0.0,8350
2014-11-10,2015-01-29,OPTIDX,NIFTY,7400.0,CE,0.0,0.0,0.0,944.1,1090.15,0,0.0,0
2014-11-10,2015-01-29,OPTIDX,NIFTY,7450.0,CE,946.0,946.0,945.25,945.25,945.25,106,222.47,2650
2014-11-10,2015-01-29,OPTIDX,NIFTY,7500.0,CE,950.0,950.0,950.0,950.0,950.0,2,4.22,50
2014-11-10,2015-01-29,OPTIDX,NIFTY,7550.0,CE,0.0,0.0,0.0,995.0,948.85,0,0.0,9150
2014-11-10,2015-01-29,OPTIDX,NIFTY,7600.0,CE,0.0,0.0,0.0,766.0,902.65,0,0.0,0
2014-11-10,2015-01-29,OPTIDX,NIFTY,7650.0,CE,0.0,0.0,0.0,723.35,856.95,0,0.0,0
2014-11-10,2015-01-29,OPTIDX,NIFTY,7700.0,CE,0.0,0.0,0.0,681.6,811.95,0,0.0,0
2014-11-10,2015-01-29,OPTIDX,NIFTY,7750.0,CE,0.0,0.0,0.0,640.85,767.6,0,0.0,0
2014-11-10,2015-01-29,OPTIDX,NIFTY,7800.0,CE,0.0,0.0,0.0,601.15,724.1,0,0.0,0
2014-11-10,2015-01-29,OPTIDX,NIFTY,7850.0,CE,660.0,660.0,660.0,660.0,660.0,2,4.25,125
2014-11-10,2015-01-29,OPTIDX,NIFTY,7900.0,CE,0.0,0.0,0.0,599.0,639.8,0,0.0,500
2014-11-10,2015-01-29,OPTIDX,NIFTY,7950.0,CE,0.0,0.0,0.0,489.35,599.15,0,0.0,0
2014-11-10,2015-01-29,OPTIDX,NIFTY,8000.0,CE,656.4,656.45,656.4,656.45,656.45,8,17.31,7000
2014-11-10,2015-01-29,OPTIDX,NIFTY,8050.0,CE,0.0,0.0,0.0,420.9,521.4,0,0.0,0
2014-11-10,2015-01-29,OPTIDX,NIFTY,8100.0,CE,0.0,0.0,0.0,450.0,484.7,0,0.0,25
2014-11-10,2015-01-29,OPTIDX,NIFTY,8150.0,CE,0.0,0.0,0.0,358.45,448.7,0,0.0,0
2014-11-10,2015-01-29,OPTIDX,NIFTY,8200.0,CE,400.0,400.0,370.0,375.0,375.0,5,10.72,6125
2014-11-10,2015-01-29,OPTIDX,NIFTY,8250.0,CE,0.0,0.0,0.0,302.0,381.8,0,0.0,0
2014-11-10,2015-01-29,OPTIDX,NIFTY,8300.0,CE,300.0,315.4,290.35,313.5,313.5,133,286.04,20425
2014-11-10,2015-01-29,OPTIDX,NIFTY,8350.0,CE,0.0,0.0,0.0,251.55,321.05,0,0.0,0
2014-11-10,2015-01-29,OPTIDX,NIFTY,8400.0,CE,265.8,270.9,227.4,249.6,249.6,254,548.93,29700
2014-11-10,2015-01-29,OPTIDX,NIFTY,8450.0,CE,0.0,0.0,0.0,219.9,266.6,0,0.0,25
2014-11-10,2015-01-29,OPTIDX,NIFTY,8500.0,CE,202.0,208.55,163.95,196.6,196.6,509,1105.67,47875
2014-11-10,2015-01-29,OPTIDX,NIFTY,8550.0,CE,0.0,0.0,0.0,168.65,218.6,0,0.0,0
2014-11-10,2015-01-29,OPTIDX,NIFTY,8600.0,CE,155.0,155.0,132.5,143.5,143.5,361,788.72,42525
2014-11-10,2015-01-29,OPTIDX,NIFTY,8650.0,CE,0.0,0.0,0.0,135.7,176.9,0,0.0,0
2014-11-10,2015-01-29,OPTIDX,NIFTY,8700.0,CE,112.65,119.0,98.0,105.2,105.2,917,2018.05,99775
2014-11-10,2015-01-29,OPTIDX,NIFTY,8750.0,CE,0.0,0.0,0.0,107.85,141.3,0,0.0,0
2014-11-10,2015-01-29,OPTIDX,NIFTY,8800.0,CE,79.0,85.0,67.15,74.45,74.45,3738,8292.15,119825
2014-11-10,2015-01-29,OPTIDX,NIFTY,8850.0,CE,0.0,0.0,0.0,84.85,111.35,0,0.0,0
2014-11-10,2015-01-29,OPTIDX,NIFTY,8900.0,CE,55.0,61.0,52.0,52.0,52.0,17,38.05,3250
2014-11-10,2015-01-29,OPTIDX,NIFTY,8950.0,CE,0.0,0.0,0.0,65.95,86.65,0,0.0,0
2014-11-10,2015-01-29,OPTIDX,NIFTY,9000.0,CE,41.3,41.8,33.65,35.35,35.35,2597,5866.39,93625
2014-11-10,2015-01-29,OPTIDX,NIFTY,9050.0,CE,0.0,0.0,0.0,50.6,66.5,0,0.0,0
2014-11-10,2015-01-29,OPTIDX,NIFTY,9100.0,CE,0.0,0.0,0.0,25.2,57.95,0,0.0,125
2014-11-10,2015-01-29,OPTIDX,NIFTY,9150.0,CE,0.0,0.0,0.0,38.4,50.35,0,0.0,0
2014-11-10,2015-01-29,OPTIDX,NIFTY,9200.0,CE,0.0,0.0,0.0,33.3,43.55,0,0.0,0
2014-11-10,2015-01-29,OPTIDX,NIFTY,9250.0,CE,0.0,0.0,0.0,28.8,37.6,0,0.0,0
2014-11-10,2015-01-29,OPTIDX,NIFTY,9300.0,CE,0.0,0.0,0.0,24.8,32.3,0,0.0,0
2014-11-10,2015-01-29,OPTIDX,NIFTY,9350.0,CE,0.0,0.0,0.0,21.3,27.7,0,0.0,0
2014-11-10,2015-01-29,OPTIDX,NIFTY,9400.0,CE,0.0,0.0,0.0,18.25,23.65,0,0.0,0
2014-11-10,2015-01-29,OPTIDX,NIFTY,9450.0,CE,0.0,0.0,0.0,15.6,20.15,0,0.0,0
2014-11-10,2015-01-29,OPTIDX,NIFTY,9500.0,CE,0.0,0.0,0.0,13.3,17.05,0,0.0,0
2014-11-10,2015-01-29,OPTIDX,NIFTY,9550.0,CE,0.0,0.0,0.0,11.3,14.45,0,0.0,0
2014-11-10,2015-01-29,OPTIDX,NIFTY,9600.0,CE,0.0,0.0,0.0,9.6,12.15,0,0.0,0
2014-11-10,2015-01-29,OPTIDX,NIFTY,9650.0,CE,0.0,0.0,0.0,8.1,10.2,0,0.0,0
2014-11-10,2015-01-29,OPTIDX,NIFTY,9700.0,CE,0.0,0.0,0.0,19.8,8.55,0,0.0,0
2014-11-10,2015-01-29,OPTIDX,NIFTY,9750.0,CE,0.0,0.0,0.0,17.25,7.15,0,0.0,0
2014-11-10,2015-01-29,OPTIDX,NIFTY,9800.0,CE,0.0,0.0,0.0,14.95,5.95,0,0.0,0
2014-11-10,2015-01-29,OPTIDX,NIFTY,9850.0,CE,0.0,0.0,0.0,8.45,4.95,0,0.0,0
2014-11-10,2015-01-29,OPTIDX,NIFTY,6650.0,PE,0.0,0.0,0.0,0.3,0.05,0,0.0,0
2014-11-10,2015-01-29,OPTIDX,NIFTY,6700.0,PE,0.0,0.0,0.0,0.4,0.1,0,0.0,0
2014-11-10,2015-01-29,OPTIDX,NIFTY,6750.0,PE,0.0,0.0,0.0,0.55,0.1,0,0.0,0
2014-11-10,2015-01-29,OPTIDX,NIFTY,6800.0,PE,0.0,0.0,0.0,0.7,0.15,0,0.0,0
2014-11-10,2015-01-29,OPTIDX,NIFTY,6850.0,PE,0.0,0.0,0.0,0.95,0.2,0,0.0,0
2014-11-10,2015-01-29,OPTIDX,NIFTY,6900.0,PE,0.0,0.0,0.0,1.3,0.3,0,0.0,0
2014-11-10,2015-01-29,OPTIDX,NIFTY,6950.0,PE,0.0,0.0,0.0,1.75,0.4,0,0.0,0
2014-11-10,2015-01-29,OPTIDX,NIFTY,7000.0,PE,0.0,0.0,0.0,2.25,0.6,0,0.0,0
2014-11-10,2015-01-29,OPTIDX,NIFTY,7050.0,PE,0.0,0.0,0.0,2.95,0.8,0,0.0,0
2014-11-10,2015-01-29,OPTIDX,NIFTY,7100.0,PE,0.0,0.0,0.0,3.85,1.1,0,0.0,0
2014-11-10,2015-01-29,OPTIDX,NIFTY,7150.0,PE,0.0,0.0,0.0,4.9,1.45,0,0.0,0
2014-11-10,2015-01-29,OPTIDX,NIFTY,7200.0,PE,0.0,0.0,0.0,6.25,1.95,0,0.0,0
2014-11-10,2015-01-29,OPTIDX,NIFTY,7250.0,PE,0.0,0.0,0.0,7.9,2.55,0,0.0,0
2014-11-10,2015-01-29,OPTIDX,NIFTY,7300.0,PE,0.0,0.0,0.0,14.0,3.35,0,0.0,500
2014-11-10,2015-01-29,OPTIDX,NIFTY,7350.0,PE,0.0,0.0,0.0,12.3,4.4,0,0.0,0
2014-11-10,2015-01-29,OPTIDX,NIFTY,7400.0,PE,0.0,0.0,0.0,15.2,5.65,0,0.0,0
2014-11-10,2015-01-29,OPTIDX,NIFTY,7450.0,PE,0.0,0.0,0.0,18.6,7.25,0,0.0,0
2014-11-10,2015-01-29,OPTIDX,NIFTY,7500.0,PE,20.45,22.65,20.45,21.4,21.4,100,188.04,53450
2014-11-10,2015-01-29,OPTIDX,NIFTY,7550.0,PE,0.0,0.0,0.0,27.35,11.5,0,0.0,0
2014-11-10,2015-01-29,OPTIDX,NIFTY,7600.0,PE,30.4,30.4,30.4,30.4,30.4,1,1.9,5450
2014-11-10,2015-01-29,OPTIDX,NIFTY,7650.0,PE,0.0,0.0,0.0,39.05,17.75,0,0.0,0
2014-11-10,2015-01-29,OPTIDX,NIFTY,7700.0,PE,31.5,32.0,29.7,29.9,29.9,19,36.72,20700
2014-11-10,2015-01-29,OPTIDX,NIFTY,7750.0,PE,0.0,0.0,0.0,54.4,26.5,0,0.0,0
2014-11-10,2015-01-29,OPTIDX,NIFTY,7800.0,PE,39.95,45.2,34.05,38.0,38.0,321,629.19,48700
2014-11-10,2015-01-29,OPTIDX,NIFTY,7850.0,PE,0.0,0.0,0.0,74.0,38.45,0,0.0,0
2014-11-10,2015-01-29,OPTIDX,NIFTY,7900.0,PE,48.0,55.9,46.5,47.5,47.5,3270,6497.96,129525
2014-11-10,2015-01-29,OPTIDX,NIFTY,7950.0,PE,0.0,0.0,0.0,98.6,54.25,0,0.0,0
2014-11-10,2015-01-29,OPTIDX,NIFTY,8000.0,PE,66.0,72.5,61.25,63.35,63.35,1194,2407.85,68550
2014-11-10,2015-01-29,OPTIDX,NIFTY,8050.0,PE,0.0,0.0,0.0,72.8,74.55,0,0.0,25
2014-11-10,2015-01-29,OPTIDX,NIFTY,8100.0,PE,81.85,89.4,75.0,78.4,78.4,268,548.18,27825
2014-11-10,2015-01-29,OPTIDX,NIFTY,8150.0,PE,0.0,0.0,0.0,163.4,100.0,0,0.0,0
2014-11-10,2015-01-29,OPTIDX,NIFTY,8200.0,PE,96.0,114.55,94.0,102.0,102.0,2356,4891.11,55800
2014-11-10,2015-01-29,OPTIDX,NIFTY,8250.0,PE,0.0,0.0,0.0,204.75,131.2,0,0.0,0
2014-11-10,2015-01-29,OPTIDX,NIFTY,8300.0,PE,125.0,145.0,122.0,128.05,128.05,739,1557.45,19525
2014-11-10,2015-01-29,OPTIDX,NIFTY,8350.0,PE,0.0,0.0,0.0,252.15,168.55,0,0.0,0
2014-11-10,2015-01-29,OPTIDX,NIFTY,8400.0,PE,137.35,180.0,137.35,163.8,163.8,32,68.53,350
2014-11-10,2015-01-29,OPTIDX,NIFTY,8450.0,PE,0.0,0.0,0.0,305.65,212.2,0,0.0,0
2014-11-10,2015-01-29,OPTIDX,NIFTY,8500.0,PE,210.0,229.0,200.0,207.15,207.15,58,126.44,15375
2014-11-10,2015-01-29,OPTIDX,NIFTY,8550.0,PE,0.0,0.0,0.0,364.95,262.3,0,0.0,0
2014-11-10,2015-01-29,OPTIDX,NIFTY,8600.0,PE,0.0,0.0,0.0,396.7,289.75,0,0.0,0
2014-11-10,2015-01-29,OPTIDX,NIFTY,8650.0,PE,0.0,0.0,0.0,429.85,318.7,0,0.0,0
2014-11-10,2015-01-29,OPTIDX,NIFTY,8700.0,PE,0.0,0.0,0.0,464.25,349.25,0,0.0,0
2014-11-10,2015-01-29,OPTIDX,NIFTY,8750.0,PE,0.0,0.0,0.0,499.85,381.2,0,0.0,0
2014-11-10,2015-01-29,OPTIDX,NIFTY,8800.0,PE,0.0,0.0,0.0,537.1,414.6,0,0.0,0
2014-11-10,2015-01-29,OPTIDX,NIFTY,8850.0,PE,0.0,0.0,0.0,574.7,449.35,0,0.0,0
2014-11-10,2015-01-29,OPTIDX,NIFTY,8900.0,PE,0.0,0.0,0.0,613.65,485.75,0,0.0,0
2014-11-10,2015-01-29,OPTIDX,NIFTY,8950.0,PE,0.0,0.0,0.0,653.6,522.8,0,0.0,0
2014-11-10,2015-01-29,OPTIDX,NIFTY,9000.0,PE,0.0,0.0,0.0,555.0,561.2,0,0.0,50
2014-11-10,2015-01-29,OPTIDX,NIFTY,9050.0,PE,0.0,0.0,0.0,736.1,600.75,0,0.0,0
2014-11-10,2015-01-29,OPTIDX,NIFTY,9100.0,PE,0.0,0.0,0.0,778.55,641.25,0,0.0,0
2014-11-10,2015-01-29,OPTIDX,NIFTY,9150.0,PE,0.0,0.0,0.0,821.75,682.65,0,0.0,0
2014-11-10,2015-01-29,OPTIDX,NIFTY,9200.0,PE,0.0,0.0,0.0,865.55,724.95,0,0.0,0
2014-11-10,2015-01-29,OPTIDX,NIFTY,9250.0,PE,0.0,0.0,0.0,909.95,768.05,0,0.0,0
2014-11-10,2015-01-29,OPTIDX,NIFTY,9300.0,PE,0.0,0.0,0.0,954.9,811.8,0,0.0,0
2014-11-10,2015-01-29,OPTIDX,NIFTY,9350.0,PE,0.0,0.0,0.0,803.0,856.25,0,0.0,9200
2014-11-10,2015-01-29,OPTIDX,NIFTY,9400.0,PE,0.0,0.0,0.0,1046.25,901.25,0,0.0,0
2014-11-10,2015-01-29,OPTIDX,NIFTY,9450.0,PE,1061.0,1061.35,1061.0,1061.35,1061.35,362,951.27,9050
2014-11-10,2015-01-29,OPTIDX,NIFTY,9500.0,PE,0.0,0.0,0.0,1139.1,992.8,0,0.0,0
2014-11-10,2015-01-29,OPTIDX,NIFTY,9550.0,PE,0.0,0.0,0.0,1186.05,1039.2,0,0.0,0
2014-11-10,2015-01-29,OPTIDX,NIFTY,9600.0,PE,0.0,0.0,0.0,1233.25,1085.95,0,0.0,0
2014-11-10,2015-01-29,OPTIDX,NIFTY,9650.0,PE,0.0,0.0,0.0,1280.65,1133.1,0,0.0,0
2014-11-10,2015-01-29,OPTIDX,NIFTY,9700.0,PE,0.0,0.0,0.0,1195.1,1180.45,0,0.0,0
2014-11-10,2015-01-29,OPTIDX,NIFTY,9750.0,PE,0.0,0.0,0.0,1241.5,1228.1,0,0.0,0
2014-11-10,2015-01-29,OPTIDX,NIFTY,9800.0,PE,0.0,0.0,0.0,1288.2,1275.95,0,0.0,0
2014-11-10,2015-01-29,OPTIDX,NIFTY,9850.0,PE,0.0,0.0,0.0,1322.9,1324.0,0,0.0,0
2014-11-10,2015-03-26,OPTIDX,NIFTY,4200.0,CE,0.0,0.0,0.0,2833.95,4278.7,0,0.0,0
2014-11-10,2015-03-26,OPTIDX,NIFTY,4300.0,CE,0.0,0.0,0.0,2743.3,4181.9,0,0.0,0
2014-11-10,2015-03-26,OPTIDX,NIFTY,4400.0,CE,0.0,0.0,0.0,2652.65,4085.1,0,0.0,0
2014-11-10,2015-03-26,OPTIDX,NIFTY,4500.0,CE,0.0,0.0,0.0,2562.0,3988.3,0,0.0,0
2014-11-10,2015-03-26,OPTIDX,NIFTY,4600.0,CE,0.0,0.0,0.0,2471.35,3891.5,0,0.0,0
2014-11-10,2015-03-26,OPTIDX,NIFTY,4700.0,CE,0.0,0.0,0.0,2380.75,3794.7,0,0.0,0
2014-11-10,2015-03-26,OPTIDX,NIFTY,4800.0,CE,0.0,0.0,0.0,2290.15,3697.9,0,0.0,0
2014-11-10,2015-03-26,OPTIDX,NIFTY,4900.0,CE,0.0,0.0,0.0,2199.6,3601.1,0,0.0,0
2014-11-10,2015-03-26,OPTIDX,NIFTY,5000.0,CE,3450.0,3450.0,3450.0,3450.0,3450.0,1,4.22,5800
2014-11-10,2015-03-26,OPTIDX,NIFTY,5100.0,CE,0.0,0.0,0.0,2018.8,3407.5,0,0.0,0
2014-11-10,2015-03-26,OPTIDX,NIFTY,5200.0,CE,0.0,0.0,0.0,1928.6,3310.7,0,0.0,0
2014-11-10,2015-03-26,OPTIDX,NIFTY,5300.0,CE,0.0,0.0,0.0,1838.7,3213.9,0,0.0,0
2014-11-10,2015-03-26,OPTIDX,NIFTY,5400.0,CE,0.0,0.0,0.0,1749.1,3117.1,0,0.0,0
2014-11-10,2015-03-26,OPTIDX,NIFTY,5500.0,CE,0.0,0.0,0.0,1659.9,3020.3,0,0.0,0
2014-11-10,2015-03-26,OPTIDX,NIFTY,5600.0,CE,0.0,0.0,0.0,1571.35,2923.5,0,0.0,0
2014-11-10,2015-03-26,OPTIDX,NIFTY,5700.0,CE,0.0,0.0,0.0,1483.5,2826.7,0,0.0,0
2014-11-10,2015-03-26,OPTIDX,NIFTY,5800.0,CE,0.0,0.0,0.0,1396.6,2729.9,0,0.0,0
2014-11-10,2015-03-26,OPTIDX,NIFTY,5900.0,CE,0.0,0.0,0.0,1310.85,2633.1,0,0.0,0
2014-11-10,2015-03-26,OPTIDX,NIFTY,6000.0,CE,0.0,0.0,0.0,1226.5,2536.3,0,0.0,0
2014-11-10,2015-03-26,OPTIDX,NIFTY,6100.0,CE,0.0,0.0,0.0,1143.8,2439.5,0,0.0,0
2014-11-10,2015-03-26,OPTIDX,NIFTY,6200.0,CE,0.0,0.0,0.0,1063.0,2342.75,0,0.0,0
2014-11-10,2015-03-26,OPTIDX,NIFTY,6300.0,CE,0.0,0.0,0.0,984.35,2245.95,0,0.0,0
2014-11-10,2015-03-26,OPTIDX,NIFTY,6400.0,CE,0.0,0.0,0.0,908.15,2149.25,0,0.0,0
2014-11-10,2015-03-26,OPTIDX,NIFTY,6500.0,CE,0.0,0.0,0.0,834.7,2052.55,0,0.0,0
2014-11-10,2015-03-26,OPTIDX,NIFTY,6600.0,CE,0.0,0.0,0.0,764.1,1955.95,0,0.0,0
2014-11-10,2015-03-26,OPTIDX,NIFTY,6700.0,CE,0.0,0.0,0.0,696.9,1859.45,0,0.0,0
2014-11-10,2015-03-26,OPTIDX,NIFTY,6800.0,CE,0.0,0.0,0.0,632.55,1763.15,0,0.0,0
2014-11-10,2015-03-26,OPTIDX,NIFTY,6900.0,CE,0.0,0.0,0.0,572.05,1667.15,0,0.0,0
2014-11-10,2015-03-26,OPTIDX,NIFTY,7000.0,CE,0.0,0.0,0.0,515.15,1571.55,0,0.0,0
2014-11-10,2015-03-26,OPTIDX,NIFTY,7100.0,CE,0.0,0.0,0.0,462.0,1476.5,0,0.0,0
2014-11-10,2015-03-26,OPTIDX,NIFTY,7200.0,CE,0.0,0.0,0.0,412.55,1382.2,0,0.0,0
2014-11-10,2015-03-26,OPTIDX,NIFTY,7300.0,CE,0.0,0.0,0.0,366.85,1288.9,0,0.0,0
2014-11-10,2015-03-26,OPTIDX,NIFTY,7400.0,CE,0.0,0.0,0.0,324.8,1196.9,0,0.0,0
2014-11-10,2015-03-26,OPTIDX,NIFTY,7500.0,CE,0.0,0.0,0.0,680.0,1106.45,0,0.0,100
2014-11-10,2015-03-26,OPTIDX,NIFTY,7600.0,CE,0.0,0.0,0.0,251.45,1018.0,0,0.0,0
2014-11-10,2015-03-26,OPTIDX,NIFTY,7700.0,CE,0.0,0.0,0.0,219.85,931.85,0,0.0,0
2014-11-10,2015-03-26,OPTIDX,NIFTY,7800.0,CE,0.0,0.0,0.0,191.45,848.5,0,0.0,0
2014-11-10,2015-03-26,OPTIDX,NIFTY,7900.0,CE,0.0,0.0,0.0,166.0,768.2,0,0.0,0
2014-11-10,2015-03-26,OPTIDX,NIFTY,8000.0,CE,691.45,691.55,645.0,645.0,645.0,16,69.32,16050
2014-11-10,2015-03-26,OPTIDX,NIFTY,8100.0,CE,0.0,0.0,0.0,123.5,618.85,0,0.0,0
2014-11-10,2015-03-26,OPTIDX,NIFTY,8200.0,CE,0.0,0.0,0.0,105.85,549.8,0,0.0,0
2014-11-10,2015-03-26,OPTIDX,NIFTY,8300.0,CE,399.05,429.9,362.0,429.9,429.9,18,78.32,500
2014-11-10,2015-03-26,OPTIDX,NIFTY,8400.0,CE,329.05,329.05,329.05,329.05,329.05,1,4.36,100
2014-11-10,2015-03-26,OPTIDX,NIFTY,8500.0,CE,346.1,346.1,303.0,316.4,316.4,215,947.36,226300
2014-11-10,2015-03-26,OPTIDX,NIFTY,8600.0,CE,0.0,0.0,0.0,399.0,321.25,0,0.0,3900
2014-11-10,2015-03-26,OPTIDX,NIFTY,8700.0,CE,0.0,0.0,0.0,240.0,276.1,0,0.0,5150
2014-11-10,2015-03-26,OPTIDX,NIFTY,8800.0,CE,174.65,182.5,162.0,164.0,164.0,12,53.83,8900
2014-11-10,2015-03-26,OPTIDX,NIFTY,8900.0,CE,149.5,149.5,149.5,149.5,149.5,4,18.09,800
2014-11-10,2015-03-26,OPTIDX,NIFTY,9000.0,CE,127.65,132.5,99.0,111.1,111.1,1073,4886.57,97100
2014-11-10,2015-03-26,OPTIDX,NIFTY,9100.0,CE,0.0,0.0,0.0,25.95,140.3,0,0.0,0
2014-11-10,2015-03-26,OPTIDX,NIFTY,9200.0,CE,0.0,0.0,0.0,15.8,116.8,0,0.0,0
2014-11-10,2015-03-26,OPTIDX,NIFTY,9300.0,CE,0.0,0.0,0.0,55.45,96.0,0,0.0,0
2014-11-10,2015-03-26,OPTIDX,NIFTY,9400.0,CE,0.0,0.0,0.0,98.3,78.55,0,0.0,0
2014-11-10,2015-03-26,OPTIDX,NIFTY,9500.0,CE,44.95,44.95,44.95,44.95,44.95,2,9.54,9850
2014-11-10,2015-03-26,OPTIDX,NIFTY,9600.0,CE,0.0,0.0,0.0,25.0,51.45,0,0.0,1900
2014-11-10,2015-03-26,OPTIDX,NIFTY,9700.0,CE,0.0,0.0,0.0,84.75,41.25,0,0.0,0
2014-11-10,2015-03-26,OPTIDX,NIFTY,9800.0,CE,0.0,0.0,0.0,62.8,32.8,0,0.0,0
2014-11-10,2015-03-26,OPTIDX,NIFTY,9900.0,CE,0.0,0.0,0.0,58.35,25.95,0,0.0,0
2014-11-10,2015-03-26,OPTIDX,NIFTY,10000.0,CE,0.0,0.0,0.0,27.95,20.35,0,0.0,2650
2014-11-10,2015-03-26,OPTIDX,NIFTY,10100.0,CE,0.0,0.0,0.0,69.95,15.9,0,0.0,0
2014-11-10,2015-03-26,OPTIDX,NIFTY,10200.0,CE,0.0,0.0,0.0,28.9,12.3,0,0.0,0
2014-11-10,2015-03-26,OPTIDX,NIFTY,10300.0,CE,0.0,0.0,0.0,23.15,9.5,0,0.0,0
2014-11-10,2015-03-26,OPTIDX,NIFTY,10400.0,CE,0.0,0.0,0.0,4.9,7.25,0,0.0,0
2014-11-10,2015-03-26,OPTIDX,NIFTY,10500.0,CE,0.0,0.0,0.0,6.45,5.55,0,0.0,0
2014-11-10,2015-03-26,OPTIDX,NIFTY,10600.0,CE,0.0,0.0,0.0,4.75,4.2,0,0.0,0
2014-11-10,2015-03-26,OPTIDX,NIFTY,10700.0,CE,0.0,0.0,0.0,8.85,3.15,0,0.0,0
2014-11-10,2015-03-26,OPTIDX,NIFTY,4200.0,PE,0.0,0.0,0.0,0.05,0.0,0,0.0,0
2014-11-10,2015-03-26,OPTIDX,NIFTY,4300.0,PE,0.0,0.0,0.0,0.05,0.0,0,0.0,0
2014-11-10,2015-03-26,OPTIDX,NIFTY,4400.0,PE,0.0,0.0,0.0,0.05,0.0,0,0.0,0
2014-11-10,2015-03-26,OPTIDX,NIFTY,4500.0,PE,0.0,0.0,0.0,0.05,0.0,0,0.0,0
2014-11-10,2015-03-26,OPTIDX,NIFTY,4600.0,PE,0.0,0.0,0.0,0.05,0.0,0,0.0,0
2014-11-10,2015-03-26,OPTIDX,NIFTY,4700.0,PE,0.0,0.0,0.0,0.1,0.0,0,0.0,0
2014-11-10,2015-03-26,OPTIDX,NIFTY,4800.0,PE,0.0,0.0,0.0,0.2,0.0,0,0.0,0
2014-11-10,2015-03-26,OPTIDX,NIFTY,4900.0,PE,0.0,0.0,0.0,0.3,0.0,0,0.0,0
2014-11-10,2015-03-26,OPTIDX,NIFTY,5000.0,PE,0.0,0.0,0.0,0.5,0.0,0,0.0,0
2014-11-10,2015-03-26,OPTIDX,NIFTY,5100.0,PE,0.0,0.0,0.0,0.8,0.0,0,0.0,0
2014-11-10,2015-03-26,OPTIDX,NIFTY,5200.0,PE,0.0,0.0,0.0,1.3,0.0,0,0.0,0
2014-11-10,2015-03-26,OPTIDX,NIFTY,5300.0,PE,0.0,0.0,0.0,2.05,0.0,0,0.0,0
2014-11-10,2015-03-26,OPTIDX,NIFTY,5400.0,PE,0.0,0.0,0.0,3.1,0.0,0,0.0,0
2014-11-10,2015-03-26,OPTIDX,NIFTY,5500.0,PE,0.0,0.0,0.0,4.6,0.0,0,0.0,0
2014-11-10,2015-03-26,OPTIDX,NIFTY,5600.0,PE,0.0,0.0,0.0,6.65,0.0,0,0.0,0
2014-11-10,2015-03-26,OPTIDX,NIFTY,5700.0,PE,0.0,0.0,0.0,9.5,0.0,0,0.0,0
2014-11-10,2015-03-26,OPTIDX,NIFTY,5800.0,PE,0.0,0.0,0.0,13.25,0.0,0,0.0,0
2014-11-10,2015-03-26,OPTIDX,NIFTY,5900.0,PE,0.0,0.0,0.0,18.2,0.0,0,0.0,0
2014-11-10,2015-03-26,OPTIDX,NIFTY,6000.0,PE,0.0,0.0,0.0,24.5,0.05,0,0.0,0
2014-11-10,2015-03-26,OPTIDX,NIFTY,6100.0,PE,0.0,0.0,0.0,32.45,0.05,0,0.0,0
2014-11-10,2015-03-26,OPTIDX,NIFTY,6200.0,PE,0.0,0.0,0.0,42.3,0.05,0,0.0,0
2014-11-10,2015-03-26,OPTIDX,NIFTY,6300.0,PE,0.0,0.0,0.0,54.35,0.1,0,0.0,0
2014-11-10,2015-03-26,OPTIDX,NIFTY,6400.0,PE,0.0,0.0,0.0,68.8,0.15,0,0.0,0
2014-11-10,2015-03-26,OPTIDX,NIFTY,6500.0,PE,0.0,0.0,0.0,85.95,0.25,0,0.0,0
2014-11-10,2015-03-26,OPTIDX,NIFTY,6600.0,PE,0.0,0.0,0.0,106.05,0.45,0,0.0,0
2014-11-10,2015-03-26,OPTIDX,NIFTY,6700.0,PE,0.0,0.0,0.0,129.55,0.8,0,0.0,0
2014-11-10,2015-03-26,OPTIDX,NIFTY,6800.0,PE,0.0,0.0,0.0,155.85,1.3,0,0.0,0
2014-11-10,2015-03-26,OPTIDX,NIFTY,6900.0,PE,0.0,0.0,0.0,186.0,2.1,0,0.0,0
2014-11-10,2015-03-26,OPTIDX,NIFTY,7000.0,PE,0.0,0.0,0.0,25.0,3.25,0,0.0,1150
2014-11-10,2015-03-26,OPTIDX,NIFTY,7100.0,PE,0.0,0.0,0.0,257.25,5.0,0,0.0,0
2014-11-10,2015-03-26,OPTIDX,NIFTY,7200.0,PE,0.0,0.0,0.0,298.5,7.5,0,0.0,0
2014-11-10,2015-03-26,OPTIDX,NIFTY,7300.0,PE,0.0,0.0,0.0,343.4,11.05,0,0.0,0
2014-11-10,2015-03-26,OPTIDX,NIFTY,7400.0,PE,0.0,0.0,0.0,392.05,15.8,0,0.0,0
2014-11-10,2015-03-26,OPTIDX,NIFTY,7500.0,PE,49.9,49.9,44.75,44.85,44.85,20,75.46,156250
2014-11-10,2015-03-26,OPTIDX,NIFTY,7600.0,PE,0.0,0.0,0.0,500.0,30.5,0,0.0,0
2014-11-10,2015-03-26,OPTIDX,NIFTY,7700.0,PE,0.0,0.0,0.0,76.0,41.2,0,0.0,1250
2014-11-10,2015-03-26,OPTIDX,NIFTY,7800.0,PE,0.0,0.0,0.0,621.35,54.6,0,0.0,0
2014-11-10,2015-03-26,OPTIDX,NIFTY,7900.0,PE,0.0,0.0,0.0,686.55,71.1,0,0.0,0
2014-11-10,2015-03-26,OPTIDX,NIFTY,8000.0,PE,110.9,119.0,110.9,112.0,112.0,83,336.77,202150
2014-11-10,2015-03-26,OPTIDX,NIFTY,8100.0,PE,0.0,0.0,0.0,225.8,115.35,0,0.0,100
2014-11-10,2015-03-26,OPTIDX,NIFTY,8200.0,PE,0.0,0.0,0.0,201.0,143.1,0,0.0,500
2014-11-10,2015-03-26,OPTIDX,NIFTY,8300.0,PE,0.0,0.0,0.0,195.0,175.7,0,0.0,150
2014-11-10,2015-03-26,OPTIDX,NIFTY,8400.0,PE,0.0,0.0,0.0,220.0,212.95,0,0.0,100
2014-11-10,2015-03-26,OPTIDX,NIFTY,8500.0,PE,250.0,264.0,245.0,250.0,250.0,36,157.52,22400
2014-11-10,2015-03-26,OPTIDX,NIFTY,8600.0,PE,0.0,0.0,0.0,1210.2,301.8,0,0.0,0
2014-11-10,2015-03-26,OPTIDX,NIFTY,8700.0,PE,0.0,0.0,0.0,1292.15,353.4,0,0.0,0
2014-11-10,2015-03-26,OPTIDX,NIFTY,8800.0,PE,0.0,0.0,0.0,1375.3,409.7,0,0.0,0
2014-11-10,2015-03-26,OPTIDX,NIFTY,8900.0,PE,0.0,0.0,0.0,1459.6,470.55,0,0.0,0
2014-11-10,2015-03-26,OPTIDX,NIFTY,9000.0,PE,0.0,0.0,0.0,500.0,535.65,0,0.0,350
2014-11-10,2015-03-26,OPTIDX,NIFTY,9100.0,PE,0.0,0.0,0.0,1591.9,604.8,0,0.0,0
2014-11-10,2015-03-26,OPTIDX,NIFTY,9200.0,PE,0.0,0.0,0.0,1653.8,678.15,0,0.0,0
2014-11-10,2015-03-26,OPTIDX,NIFTY,9300.0,PE,0.0,0.0,0.0,1780.4,754.1,0,0.0,0
2014-11-10,2015-03-26,OPTIDX,NIFTY,9400.0,PE,0.0,0.0,0.0,1763.05,833.45,0,0.0,0
2014-11-10,2015-03-26,OPTIDX,NIFTY,9500.0,PE,0.0,0.0,0.0,1772.05,915.5,0,0.0,0
2014-11-10,2015-03-26,OPTIDX,NIFTY,9600.0,PE,0.0,0.0,0.0,1767.45,999.95,0,0.0,0
2014-11-10,2015-03-26,OPTIDX,NIFTY,9700.0,PE,0.0,0.0,0.0,1797.55,1086.55,0,0.0,0
2014-11-10,2015-03-26,OPTIDX,NIFTY,9800.0,PE,0.0,0.0,0.0,1781.9,1174.9,0,0.0,0
2014-11-10,2015-03-26,OPTIDX,NIFTY,9900.0,PE,0.0,0.0,0.0,1796.4,1264.85,0,0.0,0
2014-11-10,2015-03-26,OPTIDX,NIFTY,10000.0,PE,0.0,0.0,0.0,1802.95,1356.1,0,0.0,0
2014-11-10,2015-03-26,OPTIDX,NIFTY,10100.0,PE,0.0,0.0,0.0,1823.55,1448.4,0,0.0,0
2014-11-10,2015-03-26,OPTIDX,NIFTY,10200.0,PE,0.0,0.0,0.0,1863.75,1541.65,0,0.0,0
2014-11-10,2015-03-26,OPTIDX,NIFTY,10300.0,PE,0.0,0.0,0.0,1908.6,1635.6,0,0.0,0
2014-11-10,2015-03-26,OPTIDX,NIFTY,10400.0,PE,0.0,0.0,0.0,1938.1,1730.15,0,0.0,0
2014-11-10,2015-03-26,OPTIDX,NIFTY,10500.0,PE,0.0,0.0,0.0,1909.2,1825.25,0,0.0,0
2014-11-10,2015-03-26,OPTIDX,NIFTY,10600.0,PE,0.0,0.0,0.0,1929.3,1920.7,0,0.0,0
2014-11-10,2015-03-26,OPTIDX,NIFTY,10700.0,PE,0.0,0.0,0.0,2023.6,2016.45,0,0.0,0
2014-11-10,2015-06-25,OPTIDX,NIFTY,2700.0,CE,5627.0,5627.0,5627.0,5627.0,5627.0,1,4.16,2250
2014-11-10,2015-06-25,OPTIDX,NIFTY,2800.0,CE,0.0,0.0,0.0,2663.7,5692.25,0,0.0,0
2014-11-10,2015-06-25,OPTIDX,NIFTY,2900.0,CE,0.0,0.0,0.0,2753.3,5597.5,0,0.0,0
2014-11-10,2015-06-25,OPTIDX,NIFTY,3000.0,CE,0.0,0.0,0.0,2781.6,5502.8,0,0.0,0
2014-11-10,2015-06-25,OPTIDX,NIFTY,3100.0,CE,0.0,0.0,0.0,2808.35,5408.1,0,0.0,0
2014-11-10,2015-06-25,OPTIDX,NIFTY,3200.0,CE,0.0,0.0,0.0,2828.5,5313.4,0,0.0,0
2014-11-10,2015-06-25,OPTIDX,NIFTY,3300.0,CE,0.0,0.0,0.0,2854.85,5218.65,0,0.0,0
2014-11-10,2015-06-25,OPTIDX,NIFTY,3400.0,CE,0.0,0.0,0.0,2992.5,5123.95,0,0.0,0
2014-11-10,2015-06-25,OPTIDX,NIFTY,3500.0,CE,0.0,0.0,0.0,3033.4,5029.25,0,0.0,0
2014-11-10,2015-06-25,OPTIDX,NIFTY,3600.0,CE,0.0,0.0,0.0,3643.55,4934.5,0,0.0,0
2014-11-10,2015-06-25,OPTIDX,NIFTY,3700.0,CE,0.0,0.0,0.0,3633.15,4839.8,0,0.0,0
2014-11-10,2015-06-25,OPTIDX,NIFTY,3800.0,CE,0.0,0.0,0.0,3567.55,4745.1,0,0.0,0
2014-11-10,2015-06-25,OPTIDX,NIFTY,3900.0,CE,0.0,0.0,0.0,3502.15,4650.35,0,0.0,0
2014-11-10,2015-06-25,OPTIDX,NIFTY,4000.0,CE,0.0,0.0,0.0,3436.95,4555.65,0,0.0,0
2014-11-10,2015-06-25,OPTIDX,NIFTY,4100.0,CE,0.0,0.0,0.0,3372.1,4460.95,0,0.0,0
2014-11-10,2015-06-25,OPTIDX,NIFTY,4200.0,CE,0.0,0.0,0.0,3307.5,4366.2,0,0.0,0
2014-11-10,2015-06-25,OPTIDX,NIFTY,4300.0,CE,0.0,0.0,0.0,3243.2,4271.5,0,0.0,0
2014-11-10,2015-06-25,OPTIDX,NIFTY,4400.0,CE,0.0,0.0,0.0,3179.3,4176.8,0,0.0,0
2014-11-10,2015-06-25,OPTIDX,NIFTY,4500.0,CE,0.0,0.0,0.0,1819.0,4082.1,0,0.0,50
2014-11-10,2015-06-25,OPTIDX,NIFTY,4600.0,CE,0.0,0.0,0.0,2102.1,3987.35,0,0.0,0
2014-11-10,2015-06-25,OPTIDX,NIFTY,4700.0,CE,0.0,0.0,0.0,2144.15,3892.65,0,0.0,0
2014-11-10,2015-06-25,OPTIDX,NIFTY,4800.0,CE,0.0,0.0,0.0,2091.2,3797.95,0,0.0,0
2014-11-10,2015-06-25,OPTIDX,NIFTY,4900.0,CE,0.0,0.0,0.0,1081.0,3703.2,0,0.0,72000
2014-11-10,2015-06-25,OPTIDX,NIFTY,5000.0,CE,0.0,0.0,0.0,1200.05,3608.5,0,0.0,50
2014-11-10,2015-06-25,OPTIDX,NIFTY,5100.0,CE,0.0,0.0,0.0,1266.0,3513.8,0,0.0,151000
2014-11-10,2015-06-25,OPTIDX,NIFTY,5200.0,CE,0.0,0.0,0.0,3315.5,3419.05,0,0.0,372150
2014-11-10,2015-06-25,OPTIDX,NIFTY,5300.0,CE,0.0,0.0,0.0,1222.0,3324.35,0,0.0,633700
2014-11-10,2015-06-25,OPTIDX,NIFTY,5400.0,CE,0.0,0.0,0.0,1161.6,3229.65,0,0.0,45450
2014-11-10,2015-06-25,OPTIDX,NIFTY,5500.0,CE,0.0,0.0,0.0,2975.0,3134.95,0,0.0,190550
2014-11-10,2015-06-25,OPTIDX,NIFTY,5600.0,CE,0.0,0.0,0.0,1079.6,3040.2,0,0.0,69500
2014-11-10,2015-06-25,OPTIDX,NIFTY,5700.0,CE,0.0,0.0,0.0,2514.8,2945.5,0,0.0,136250
2014-11-10,2015-06-25,OPTIDX,NIFTY,5800.0,CE,0.0,0.0,0.0,2742.1,2850.85,0,0.0,189600
2014-11-10,2015-06-25,OPTIDX,NIFTY,5900.0,CE,0.0,0.0,0.0,884.4,2756.15,0,0.0,52400
2014-11-10,2015-06-25,OPTIDX,NIFTY,6000.0,CE,0.0,0.0,0.0,2135.0,2661.5,0,0.0,19400
2014-11-10,2015-06-25,OPTIDX,NIFTY,6100.0,CE,0.0,0.0,0.0,945.65,2566.9,0,0.0,78100
2014-11-10,2015-06-25,OPTIDX,NIFTY,6200.0,CE,0.0,0.0,0.0,1084.5,2472.35,0,0.0,56000
2014-11-10,2015-06-25,OPTIDX,NIFTY,6300.0,CE,0.0,0.0,0.0,1546.8,2377.9,0,0.0,0
2014-11-10,2015-06-25,OPTIDX,NIFTY,6400.0,CE,0.0,0.0,0.0,1498.7,2283.6,0,0.0,0
2014-11-10,2015-06-25,OPTIDX,NIFTY,6500.0,CE,0.0,0.0,0.0,999.0,2189.45,0,0.0,21200
2014-11-10,2015-06-25,OPTIDX,NIFTY,6600.0,CE,0.0,0.0,0.0,585.7,2095.55,0,0.0,100
2014-11-10,2015-06-25,OPTIDX,NIFTY,6700.0,CE,0.0,0.0,0.0,1610.95,2001.95,0,0.0,0
2014-11-10,2015-06-25,OPTIDX,NIFTY,6800.0,CE,0.0,0.0,0.0,1674.4,1908.8,0,0.0,0
2014-11-10,2015-06-25,OPTIDX,NIFTY,6900.0,CE,0.0,0.0,0.0,1636.2,1816.15,0,0.0,0
2014-11-10,2015-06-25,OPTIDX,NIFTY,7000.0,CE,0.0,0.0,0.0,1841.7,1724.2,0,0.0,0
2014-11-10,2015-06-25,OPTIDX,NIFTY,7100.0,CE,0.0,0.0,0.0,1680.15,1633.05,0,0.0,0
2014-11-10,2015-06-25,OPTIDX,NIFTY,7200.0,CE,0.0,0.0,0.0,1635.5,1542.9,0,0.0,0
2014-11-10,2015-06-25,OPTIDX,NIFTY,7300.0,CE,0.0,0.0,0.0,764.15,1454.0,0,0.0,1700
2014-11-10,2015-06-25,OPTIDX,NIFTY,7400.0,CE,0.0,0.0,0.0,1548.85,1366.45,0,0.0,0
2014-11-10,2015-06-25,OPTIDX,NIFTY,7500.0,CE,0.0,0.0,0.0,410.0,1280.55,0,0.0,10000
2014-11-10,2015-06-25,OPTIDX,NIFTY,7600.0,CE,0.0,0.0,0.0,950.25,1196.5,0,0.0,1050
2014-11-10,2015-06-25,OPTIDX,NIFTY,7700.0,CE,0.0,0.0,0.0,810.65,1114.55,0,0.0,350
2014-11-10,2015-06-25,OPTIDX,NIFTY,7800.0,CE,0.0,0.0,0.0,1385.8,1034.9,0,0.0,0
2014-11-10,2015-06-25,OPTIDX,NIFTY,7900.0,CE,0.0,0.0,0.0,1347.3,957.85,0,0.0,0
2014-11-10,2015-06-25,OPTIDX,NIFTY,8000.0,CE,0.0,0.0,0.0,550.3,883.55,0,0.0,0
2014-11-10,2015-06-25,OPTIDX,NIFTY,8100.0,CE,0.0,0.0,0.0,1272.8,812.45,0,0.0,0
2014-11-10,2015-06-25,OPTIDX,NIFTY,8200.0,CE,0.0,0.0,0.0,190.75,743.85,0,0.0,16650
2014-11-10,2015-06-25,OPTIDX,NIFTY,8300.0,CE,0.0,0.0,0.0,180.0,678.95,0,0.0,11650
2014-11-10,2015-06-25,OPTIDX,NIFTY,8400.0,CE,0.0,0.0,0.0,1167.3,617.5,0,0.0,0
2014-11-10,2015-06-25,OPTIDX,NIFTY,8500.0,CE,0.0,0.0,0.0,438.9,559.55,0,0.0,21200
2014-11-10,2015-06-25,OPTIDX,NIFTY,8600.0,CE,0.0,0.0,0.0,157.95,505.2,0,0.0,28300
2014-11-10,2015-06-25,OPTIDX,NIFTY,8700.0,CE,0.0,0.0,0.0,351.75,454.4,0,0.0,0
2014-11-10,2015-06-25,OPTIDX,NIFTY,8800.0,CE,0.0,0.0,0.0,258.65,407.15,0,0.0,0
2014-11-10,2015-06-25,OPTIDX,NIFTY,8900.0,CE,0.0,0.0,0.0,137.4,363.5,0,0.0,0
2014-11-10,2015-06-25,OPTIDX,NIFTY,9000.0,CE,0.0,0.0,0.0,110.0,323.3,0,0.0,2300
2014-11-10,2015-06-25,OPTIDX,NIFTY,9100.0,CE,0.0,0.0,0.0,58.75,286.5,0,0.0,0
2014-11-10,2015-06-25,OPTIDX,NIFTY,9200.0,CE,0.0,0.0,0.0,39.75,252.95,0,0.0,0
2014-11-10,2015-06-25,OPTIDX,NIFTY,9300.0,CE,0.0,0.0,0.0,109.15,222.45,0,0.0,0
2014-11-10,2015-06-25,OPTIDX,NIFTY,9400.0,CE,0.0,0.0,0.0,150.25,194.95,0,0.0,1500
2014-11-10,2015-06-25,OPTIDX,NIFTY,9500.0,CE,0.0,0.0,0.0,186.35,170.6,0,0.0,0
2014-11-10,2015-06-25,OPTIDX,NIFTY,9600.0,CE,0.0,0.0,0.0,162.35,148.6,0,0.0,0
2014-11-10,2015-06-25,OPTIDX,NIFTY,9700.0,CE,0.0,0.0,0.0,155.6,128.6,0,0.0,0
2014-11-10,2015-06-25,OPTIDX,NIFTY,9800.0,CE,0.0,0.0,0.0,123.7,111.1,0,0.0,0
2014-11-10,2015-06-25,OPTIDX,NIFTY,9900.0,CE,0.0,0.0,0.0,118.3,95.65,0,0.0,0
2014-11-10,2015-06-25,OPTIDX,NIFTY,10000.0,CE,0.0,0.0,0.0,58.0,82.1,0,0.0,1000
2014-11-10,2015-06-25,OPTIDX,NIFTY,10100.0,CE,0.0,0.0,0.0,137.6,70.2,0,0.0,0
2014-11-10,2015-06-25,OPTIDX,NIFTY,10200.0,CE,0.0,0.0,0.0,72.2,59.85,0,0.0,0
2014-11-10,2015-06-25,OPTIDX,NIFTY,10300.0,CE,0.0,0.0,0.0,67.85,50.8,0,0.0,0
2014-11-10,2015-06-25,OPTIDX,NIFTY,10400.0,CE,0.0,0.0,0.0,23.75,43.05,0,0.0,0
2014-11-10,2015-06-25,OPTIDX,NIFTY,10500.0,CE,0.0,0.0,0.0,29.1,36.3,0,0.0,0
2014-11-10,2015-06-25,OPTIDX,NIFTY,10600.0,CE,0.0,0.0,0.0,24.1,30.55,0,0.0,0
2014-11-10,2015-06-25,OPTIDX,NIFTY,10700.0,CE,0.0,0.0,0.0,46.8,25.6,0,0.0,0
2014-11-10,2015-06-25,OPTIDX,NIFTY,2700.0,PE,0.0,0.0,0.0,34.45,0.0,0,0.0,0
2014-11-10,2015-06-25,OPTIDX,NIFTY,2800.0,PE,0.0,0.0,0.0,39.0,0.0,0,0.0,0
2014-11-10,2015-06-25,OPTIDX,NIFTY,2900.0,PE,0.0,0.0,0.0,23.0,0.0,0,0.0,0
2014-11-10,2015-06-25,OPTIDX,NIFTY,3000.0,PE,0.0,0.0,0.0,3.35,0.0,0,0.0,0
2014-11-10,2015-06-25,OPTIDX,NIFTY,3100.0,PE,0.0,0.0,0.0,21.1,0.0,0,0.0,0
2014-11-10,2015-06-25,OPTIDX,NIFTY,3200.0,PE,0.0,0.0,0.0,17.15,0.0,0,0.0,0
2014-11-10,2015-06-25,OPTIDX,NIFTY,3300.0,PE,0.0,0.0,0.0,21.15,0.0,0,0.0,0
2014-11-10,2015-06-25,OPTIDX,NIFTY,3400.0,PE,0.0,0.0,0.0,30.7,0.0,0,0.0,0
2014-11-10,2015-06-25,OPTIDX,NIFTY,3500.0,PE,0.0,0.0,0.0,38.05,0.0,0,0.0,0
2014-11-10,2015-06-25,OPTIDX,NIFTY,3600.0,PE,0.0,0.0,0.0,2.15,0.0,0,0.0,0
2014-11-10,2015-06-25,OPTIDX,NIFTY,3700.0,PE,0.0,0.0,0.0,5.2,0.0,0,0.0,0
2014-11-10,2015-06-25,OPTIDX,NIFTY,3800.0,PE,0.0,0.0,0.0,6.45,0.0,0,0.0,0
2014-11-10,2015-06-25,OPTIDX,NIFTY,3900.0,PE,0.0,0.0,0.0,7.9,0.0,0,0.0,0
2014-11-10,2015-06-25,OPTIDX,NIFTY,4000.0,PE,0.0,0.0,0.0,0.1,0.0,0,0.0,7150
2014-11-10,2015-06-25,OPTIDX,NIFTY,4100.0,PE,0.0,0.0,0.0,11.55,0.0,0,0.0,0
2014-11-10,2015-06-25,OPTIDX,NIFTY,4200.0,PE,0.0,0.0,0.0,214.0,0.0,0,0.0,10000
2014-11-10,2015-06-25,OPTIDX,NIFTY,4300.0,PE,0.0,0.0,0.0,237.0,0.0,0,0.0,7500
2014-11-10,2015-06-25,OPTIDX,NIFTY,4400.0,PE,0.0,0.0,0.0,19.35,0.0,0,0.0,0
2014-11-10,2015-06-25,OPTIDX,NIFTY,4500.0,PE,0.0,0.0,0.0,130.5,0.0,0,0.0,30000
2014-11-10,2015-06-25,OPTIDX,NIFTY,4600.0,PE,0.0,0.0,0.0,161.85,0.0,0,0.0,7750
2014-11-10,2015-06-25,OPTIDX,NIFTY,4700.0,PE,0.0,0.0,0.0,200.35,0.0,0,0.0,900
2014-11-10,2015-06-25,OPTIDX,NIFTY,4800.0,PE,0.0,0.0,0.0,215.0,0.0,0,0.0,24450
2014-11-10,2015-06-25,OPTIDX,NIFTY,4900.0,PE,0.0,0.0,0.0,513.6,0.0,0,0.0,24000
2014-11-10,2015-06-25,OPTIDX,NIFTY,5000.0,PE,0.0,0.0,0.0,15.0,0.0,0,0.0,172800
2014-11-10,2015-06-25,OPTIDX,NIFTY,5100.0,PE,0.0,0.0,0.0,488.0,0.0,0,0.0,21750
2014-11-10,2015-06-25,OPTIDX,NIFTY,5200.0,PE,0.0,0.0,0.0,23.2,0.0,0,0.0,61650
2014-11-10,2015-06-25,OPTIDX,NIFTY,5300.0,PE,0.0,0.0,0.0,338.6,0.0,0,0.0,125750
2014-11-10,2015-06-25,OPTIDX,NIFTY,5400.0,PE,0.0,0.0,0.0,436.6,0.0,0,0.0,15500
2014-11-10,2015-06-25,OPTIDX,NIFTY,5500.0,PE,0.0,0.0,0.0,610.0,0.05,0,0.0,7500
2014-11-10,2015-06-25,OPTIDX,NIFTY,5600.0,PE,0.0,0.0,0.0,419.35,0.05,0,0.0,0
2014-11-10,2015-06-25,OPTIDX,NIFTY,5700.0,PE,0.0,0.0,0.0,532.0,0.05,0,0.0,18800
2014-11-10,2015-06-25,OPTIDX,NIFTY,5800.0,PE,0.0,0.0,0.0,2.65,0.1,0,0.0,9450
2014-11-10,2015-06-25,OPTIDX,NIFTY,5900.0,PE,0.0,0.0,0.0,500.0,0.1,0,0.0,6150
2014-11-10,2015-06-25,OPTIDX,NIFTY,6000.0,PE,0.0,0.0,0.0,400.1,0.2,0,0.0,17900
2014-11-10,2015-06-25,OPTIDX,NIFTY,6100.0,PE,0.0,0.0,0.0,820.0,0.3,0,0.0,300
2014-11-10,2015-06-25,OPTIDX,NIFTY,6200.0,PE,0.0,0.0,0.0,252.6,0.5,0,0.0,0
2014-11-10,2015-06-25,OPTIDX,NIFTY,6300.0,PE,0.0,0.0,0.0,291.95,0.75,0,0.0,0
2014-11-10,2015-06-25,OPTIDX,NIFTY,6400.0,PE,0.0,0.0,0.0,315.35,1.15,0,0.0,0
2014-11-10,2015-06-25,OPTIDX,NIFTY,6500.0,PE,0.0,0.0,0.0,7.3,1.7,0,0.0,50
2014-11-10,2015-06-25,OPTIDX,NIFTY,6600.0,PE,0.0,0.0,0.0,331.4,2.5,0,0.0,0
2014-11-10,2015-06-25,OPTIDX,NIFTY,6700.0,PE,0.0,0.0,0.0,332.4,3.65,0,0.0,0
2014-11-10,2015-06-25,OPTIDX,NIFTY,6800.0,PE,0.0,0.0,0.0,311.9,5.2,0,0.0,0
2014-11-10,2015-06-25,OPTIDX,NIFTY,6900.0,PE,0.0,0.0,0.0,306.05,7.25,0,0.0,0
2014-11-10,2015-06-25,OPTIDX,NIFTY,7000.0,PE,0.0,0.0,0.0,40.0,10.0,0,0.0,100
2014-11-10,2015-06-25,OPTIDX,NIFTY,7100.0,PE,0.0,0.0,0.0,325.5,13.6,0,0.0,0
2014-11-10,2015-06-25,OPTIDX,NIFTY,7200.0,PE,0.0,0.0,0.0,347.7,18.2,0,0.0,0
2014-11-10,2015-06-25,OPTIDX,NIFTY,7300.0,PE,0.0,0.0,0.0,370.8,23.95,0,0.0,0
2014-11-10,2015-06-25,OPTIDX,NIFTY,7400.0,PE,0.0,0.0,0.0,394.75,31.15,0,0.0,0
2014-11-10,2015-06-25,OPTIDX,NIFTY,7500.0,PE,0.0,0.0,0.0,130.5,39.95,0,0.0,400
2014-11-10,2015-06-25,OPTIDX,NIFTY,7600.0,PE,0.0,0.0,0.0,445.35,50.6,0,0.0,0
2014-11-10,2015-06-25,OPTIDX,NIFTY,7700.0,PE,0.0,0.0,0.0,170.0,63.4,0,0.0,0
2014-11-10,2015-06-25,OPTIDX,NIFTY,7800.0,PE,0.0,0.0,0.0,499.15,78.45,0,0.0,0
2014-11-10,2015-06-25,OPTIDX,NIFTY,7900.0,PE,0.0,0.0,0.0,527.5,96.1,0,0.0,0
2014-11-10,2015-06-25,OPTIDX,NIFTY,8000.0,PE,0.0,0.0,0.0,556.7,116.5,0,0.0,0
2014-11-10,2015-06-25,OPTIDX,NIFTY,8100.0,PE,0.0,0.0,0.0,586.75,140.15,0,0.0,0
2014-11-10,2015-06-25,OPTIDX,NIFTY,8200.0,PE,0.0,0.0,0.0,617.6,166.25,0,0.0,0
2014-11-10,2015-06-25,OPTIDX,NIFTY,8300.0,PE,0.0,0.0,0.0,649.3,196.1,0,0.0,0
2014-11-10,2015-06-25,OPTIDX,NIFTY,8400.0,PE,0.0,0.0,0.0,681.85,229.35,0,0.0,0
2014-11-10,2015-06-25,OPTIDX,NIFTY,8500.0,PE,0.0,0.0,0.0,715.2,266.1,0,0.0,0
2014-11-10,2015-06-25,OPTIDX,NIFTY,8600.0,PE,0.0,0.0,0.0,691.55,306.45,0,0.0,0
2014-11-10,2015-06-25,OPTIDX,NIFTY,8700.0,PE,0.0,0.0,0.0,1579.5,350.4,0,0.0,0
2014-11-10,2015-06-25,OPTIDX,NIFTY,8800.0,PE,0.0,0.0,0.0,1554.1,397.9,0,0.0,0
2014-11-10,2015-06-25,OPTIDX,NIFTY,8900.0,PE,0.0,0.0,0.0,1442.15,448.95,0,0.0,0
2014-11-10,2015-06-25,OPTIDX,NIFTY,9000.0,PE,0.0,0.0,0.0,770.1,503.45,0,0.0,100
2014-11-10,2015-06-25,OPTIDX,NIFTY,9100.0,PE,0.0,0.0,0.0,1425.85,561.35,0,0.0,0
2014-11-10,2015-06-25,OPTIDX,NIFTY,9200.0,PE,0.0,0.0,0.0,1483.6,622.5,0,0.0,0
2014-11-10,2015-06-25,OPTIDX,NIFTY,9300.0,PE,0.0,0.0,0.0,1640.1,686.75,0,0.0,0
2014-11-10,2015-06-25,OPTIDX,NIFTY,9400.0,PE,0.0,0.0,0.0,1641.9,753.95,0,0.0,0
2014-11-10,2015-06-25,OPTIDX,NIFTY,9500.0,PE,0.0,0.0,0.0,1653.05,824.35,0,0.0,0
2014-11-10,2015-06-25,OPTIDX,NIFTY,9600.0,PE,0.0,0.0,0.0,1640.7,897.05,0,0.0,0
2014-11-10,2015-06-25,OPTIDX,NIFTY,9700.0,PE,0.0,0.0,0.0,1667.0,971.75,0,0.0,0
2014-11-10,2015-06-25,OPTIDX,NIFTY,9800.0,PE,0.0,0.0,0.0,1640.1,1048.95,0,0.0,0
2014-11-10,2015-06-25,OPTIDX,NIFTY,9900.0,PE,0.0,0.0,0.0,1653.3,1128.25,0,0.0,0
2014-11-10,2015-06-25,OPTIDX,NIFTY,10000.0,PE,0.0,0.0,0.0,1666.2,1209.4,0,0.0,0
2014-11-10,2015-06-25,OPTIDX,NIFTY,10100.0,PE,0.0,0.0,0.0,1684.1,1292.2,0,0.0,0
2014-11-10,2015-06-25,OPTIDX,NIFTY,10200.0,PE,0.0,0.0,0.0,1703.45,1376.55,0,0.0,0
2014-11-10,2015-06-25,OPTIDX,NIFTY,10300.0,PE,0.0,0.0,0.0,1738.15,1462.25,0,0.0,0
2014-11-10,2015-06-25,OPTIDX,NIFTY,10400.0,PE,0.0,0.0,0.0,1739.7,1549.2,0,0.0,0
2014-11-10,2015-06-25,OPTIDX,NIFTY,10500.0,PE,0.0,0.0,0.0,1711.75,1637.2,0,0.0,0
2014-11-10,2015-06-25,OPTIDX,NIFTY,10600.0,PE,0.0,0.0,0.0,1727.3,1726.15,0,0.0,0
2014-11-10,2015-06-25,OPTIDX,NIFTY,10700.0,PE,0.0,0.0,0.0,1838.45,1815.9,0,0.0,0
2014-11-10,2015-09-24,OPTIDX,NIFTY,5300.0,CE,0.0,0.0,0.0,2874.05,3432.45,0,0.0,0
2014-11-10,2015-09-24,OPTIDX,NIFTY,5400.0,CE,0.0,0.0,0.0,2886.3,3339.8,0,0.0,0
2014-11-10,2015-09-24,OPTIDX,NIFTY,5500.0,CE,0.0,0.0,0.0,2881.65,3247.15,0,0.0,0
2014-11-10,2015-09-24,OPTIDX,NIFTY,5600.0,CE,0.0,0.0,0.0,2790.45,3154.5,0,0.0,0
2014-11-10,2015-09-24,OPTIDX,NIFTY,5700.0,CE,0.0,0.0,0.0,2699.4,3061.9,0,0.0,0
2014-11-10,2015-09-24,OPTIDX,NIFTY,5800.0,CE,0.0,0.0,0.0,2608.55,2969.35,0,0.0,0
2014-11-10,2015-09-24,OPTIDX,NIFTY,5900.0,CE,0.0,0.0,0.0,2517.85,2876.8,0,0.0,0
2014-11-10,2015-09-24,OPTIDX,NIFTY,6000.0,CE,0.0,0.0,0.0,2427.45,2784.35,0,0.0,0
2014-11-10,2015-09-24,OPTIDX,NIFTY,6100.0,CE,0.0,0.0,0.0,2337.35,2692.0,0,0.0,0
2014-11-10,2015-09-24,OPTIDX,NIFTY,6200.0,CE,0.0,0.0,0.0,2247.65,2599.8,0,0.0,0
2014-11-10,2015-09-24,OPTIDX,NIFTY,6300.0,CE,0.0,0.0,0.0,2158.4,2507.75,0,0.0,0
2014-11-10,2015-09-24,OPTIDX,NIFTY,6400.0,CE,0.0,0.0,0.0,2069.8,2415.9,0,0.0,0
2014-11-10,2015-09-24,OPTIDX,NIFTY,6500.0,CE,0.0,0.0,0.0,1981.85,2324.35,0,0.0,0
2014-11-10,2015-09-24,OPTIDX,NIFTY,6600.0,CE,0.0,0.0,0.0,1894.7,2233.15,0,0.0,0
2014-11-10,2015-09-24,OPTIDX,NIFTY,6700.0,CE,0.0,0.0,0.0,1808.5,2142.4,0,0.0,0
2014-11-10,2015-09-24,OPTIDX,NIFTY,6800.0,CE,0.0,0.0,0.0,1723.4,2052.15,0,0.0,0
2014-11-10,2015-09-24,OPTIDX,NIFTY,6900.0,CE,0.0,0.0,0.0,1639.45,1962.55,0,0.0,0
2014-11-10,2015-09-24,OPTIDX,NIFTY,7000.0,CE,0.0,0.0,0.0,1556.9,1873.75,0,0.0,0
2014-11-10,2015-09-24,OPTIDX,NIFTY,7100.0,CE,0.0,0.0,0.0,1475.8,1785.8,0,0.0,0
2014-11-10,2015-09-24,OPTIDX,NIFTY,7200.0,CE,0.0,0.0,0.0,1396.35,1698.95,0,0.0,0
2014-11-10,2015-09-24,OPTIDX,NIFTY,7300.0,CE,0.0,0.0,0.0,1318.7,1613.2,0,0.0,0
2014-11-10,2015-09-24,OPTIDX,NIFTY,7400.0,CE,0.0,0.0,0.0,1243.0,1528.85,0,0.0,0
2014-11-10,2015-09-24,OPTIDX,NIFTY,7500.0,CE,0.0,0.0,0.0,1169.3,1446.0,0,0.0,0
2014-11-10,2015-09-24,OPTIDX,NIFTY,7600.0,CE,0.0,0.0,0.0,1097.8,1364.8,0,0.0,0
2014-11-10,2015-09-24,OPTIDX,NIFTY,7700.0,CE,0.0,0.0,0.0,1028.9,1285.45,0,0.0,0
2014-11-10,2015-09-24,OPTIDX,NIFTY,7800.0,CE,0.0,0.0,0.0,962.05,1208.05,0,0.0,0
2014-11-10,2015-09-24,OPTIDX,NIFTY,7900.0,CE,0.0,0.0,0.0,897.35,1132.8,0,0.0,0
2014-11-10,2015-09-24,OPTIDX,NIFTY,8000.0,CE,0.0,0.0,0.0,760.0,1059.85,0,0.0,5000
2014-11-10,2015-09-24,OPTIDX,NIFTY,8100.0,CE,0.0,0.0,0.0,776.65,989.3,0,0.0,0
2014-11-10,2015-09-24,OPTIDX,NIFTY,8200.0,CE,0.0,0.0,0.0,720.25,921.5,0,0.0,0
2014-11-10,2015-09-24,OPTIDX,NIFTY,8300.0,CE,0.0,0.0,0.0,666.6,855.8,0,0.0,0
2014-11-10,2015-09-24,OPTIDX,NIFTY,8400.0,CE,0.0,0.0,0.0,615.7,793.2,0,0.0,0
2014-11-10,2015-09-24,OPTIDX,NIFTY,8500.0,CE,0.0,0.0,0.0,567.5,733.45,0,0.0,0
2014-11-10,2015-09-24,OPTIDX,NIFTY,8600.0,CE,0.0,0.0,0.0,521.95,676.55,0,0.0,0
2014-11-10,2015-09-24,OPTIDX,NIFTY,8700.0,CE,0.0,0.0,0.0,479.1,622.6,0,0.0,0
2014-11-10,2015-09-24,OPTIDX,NIFTY,8800.0,CE,0.0,0.0,0.0,438.9,571.55,0,0.0,0
2014-11-10,2015-09-24,OPTIDX,NIFTY,8900.0,CE,0.0,0.0,0.0,401.25,523.4,0,0.0,0
2014-11-10,2015-09-24,OPTIDX,NIFTY,9000.0,CE,0.0,0.0,0.0,366.1,478.15,0,0.0,0
2014-11-10,2015-09-24,OPTIDX,NIFTY,9100.0,CE,0.0,0.0,0.0,333.4,435.75,0,0.0,0
2014-11-10,2015-09-24,OPTIDX,NIFTY,9200.0,CE,0.0,0.0,0.0,303.0,396.2,0,0.0,0
2014-11-10,2015-09-24,OPTIDX,NIFTY,9300.0,CE,0.0,0.0,0.0,274.85,359.35,0,0.0,0
2014-11-10,2015-09-24,OPTIDX,NIFTY,9400.0,CE,0.0,0.0,0.0,248.8,325.2,0,0.0,0
2014-11-10,2015-09-24,OPTIDX,NIFTY,9500.0,CE,0.0,0.0,0.0,225.2,293.55,0,0.0,0
2014-11-10,2015-09-24,OPTIDX,NIFTY,9600.0,CE,0.0,0.0,0.0,203.25,264.4,0,0.0,0
2014-11-10,2015-09-24,OPTIDX,NIFTY,9700.0,CE,0.0,0.0,0.0,183.15,237.6,0,0.0,0
2014-11-10,2015-09-24,OPTIDX,NIFTY,9800.0,CE,0.0,0.0,0.0,164.35,213.4,0,0.0,0
2014-11-10,2015-09-24,OPTIDX,NIFTY,9900.0,CE,0.0,0.0,0.0,147.5,191.0,0,0.0,0
2014-11-10,2015-09-24,OPTIDX,NIFTY,10000.0,CE,0.0,0.0,0.0,132.15,170.65,0,0.0,0
2014-11-10,2015-09-24,OPTIDX,NIFTY,10100.0,CE,0.0,0.0,0.0,118.15,151.7,0,0.0,0
2014-11-10,2015-09-24,OPTIDX,NIFTY,10200.0,CE,0.0,0.0,0.0,105.5,134.85,0,0.0,0
2014-11-10,2015-09-24,OPTIDX,NIFTY,10300.0,CE,0.0,0.0,0.0,94.0,119.6,0,0.0,0
2014-11-10,2015-09-24,OPTIDX,NIFTY,10400.0,CE,0.0,0.0,0.0,87.2,105.9,0,0.0,0
2014-11-10,2015-09-24,OPTIDX,NIFTY,10500.0,CE,0.0,0.0,0.0,65.35,93.55,0,0.0,0
2014-11-10,2015-09-24,OPTIDX,NIFTY,10600.0,CE,0.0,0.0,0.0,68.65,82.45,0,0.0,0
2014-11-10,2015-09-24,OPTIDX,NIFTY,10700.0,CE,0.0,0.0,0.0,111.15,72.55,0,0.0,0
2014-11-10,2015-09-24,OPTIDX,NIFTY,5300.0,PE,0.0,0.0,0.0,0.6,0.05,0,0.0,0
2014-11-10,2015-09-24,OPTIDX,NIFTY,5400.0,PE,0.0,0.0,0.0,0.2,0.05,0,0.0,0
2014-11-10,2015-09-24,OPTIDX,NIFTY,5500.0,PE,0.0,0.0,0.0,0.65,0.1,0,0.0,0
2014-11-10,2015-09-24,OPTIDX,NIFTY,5600.0,PE,0.0,0.0,0.0,0.95,0.15,0,0.0,0
2014-11-10,2015-09-24,OPTIDX,NIFTY,5700.0,PE,0.0,0.0,0.0,1.4,0.2,0,0.0,0
2014-11-10,2015-09-24,OPTIDX,NIFTY,5800.0,PE,0.0,0.0,0.0,1.95,0.3,0,0.0,0
2014-11-10,2015-09-24,OPTIDX,NIFTY,5900.0,PE,0.0,0.0,0.0,2.75,0.45,0,0.0,0
2014-11-10,2015-09-24,OPTIDX,NIFTY,6000.0,PE,0.0,0.0,0.0,3.8,0.7,0,0.0,0
2014-11-10,2015-09-24,OPTIDX,NIFTY,6100.0,PE,0.0,0.0,0.0,5.15,1.0,0,0.0,0
2014-11-10,2015-09-24,OPTIDX,NIFTY,6200.0,PE,0.0,0.0,0.0,6.95,1.45,0,0.0,0
2014-11-10,2015-09-24,OPTIDX,NIFTY,6300.0,PE,0.0,0.0,0.0,9.2,2.1,0,0.0,0
2014-11-10,2015-09-24,OPTIDX,NIFTY,6400.0,PE,0.0,0.0,0.0,12.05,2.9,0,0.0,0
2014-11-10,2015-09-24,OPTIDX,NIFTY,6500.0,PE,0.0,0.0,0.0,15.6,4.05,0,0.0,0
2014-11-10,2015-09-24,OPTIDX,NIFTY,6600.0,PE,0.0,0.0,0.0,19.9,5.5,0,0.0,0
2014-11-10,2015-09-24,OPTIDX,NIFTY,6700.0,PE,0.0,0.0,0.0,25.2,7.45,0,0.0,0
2014-11-10,2015-09-24,OPTIDX,NIFTY,6800.0,PE,0.0,0.0,0.0,31.55,9.9,0,0.0,0
2014-11-10,2015-09-24,OPTIDX,NIFTY,6900.0,PE,0.0,0.0,0.0,39.05,12.95,0,0.0,0
2014-11-10,2015-09-24,OPTIDX,NIFTY,7000.0,PE,0.0,0.0,0.0,47.95,16.85,0,0.0,0
2014-11-10,2015-09-24,OPTIDX,NIFTY,7100.0,PE,0.0,0.0,0.0,58.35,21.6,0,0.0,0
2014-11-10,2015-09-24,OPTIDX,NIFTY,7200.0,PE,0.0,0.0,0.0,70.4,27.35,0,0.0,0
2014-11-10,2015-09-24,OPTIDX,NIFTY,7300.0,PE,0.0,0.0,0.0,84.2,34.35,0,0.0,0
2014-11-10,2015-09-24,OPTIDX,NIFTY,7400.0,PE,0.0,0.0,0.0,99.95,42.65,0,0.0,0
2014-11-10,2015-09-24,OPTIDX,NIFTY,7500.0,PE,0.0,0.0,0.0,117.75,52.45,0,0.0,0
2014-11-10,2015-09-24,OPTIDX,NIFTY,7600.0,PE,0.0,0.0,0.0,137.7,63.95,0,0.0,0
2014-11-10,2015-09-24,OPTIDX,NIFTY,7700.0,PE,0.0,0.0,0.0,160.25,77.25,0,0.0,0
2014-11-10,2015-09-24,OPTIDX,NIFTY,7800.0,PE,0.0,0.0,0.0,184.9,92.55,0,0.0,0
2014-11-10,2015-09-24,OPTIDX,NIFTY,7900.0,PE,0.0,0.0,0.0,211.7,109.95,0,0.0,0
2014-11-10,2015-09-24,OPTIDX,NIFTY,8000.0,PE,0.0,0.0,0.0,241.45,129.7,0,0.0,0
2014-11-10,2015-09-24,OPTIDX,NIFTY,8100.0,PE,0.0,0.0,0.0,273.9,151.8,0,0.0,0
2014-11-10,2015-09-24,OPTIDX,NIFTY,8200.0,PE,0.0,0.0,0.0,309.0,176.7,0,0.0,0
2014-11-10,2015-09-24,OPTIDX,NIFTY,8300.0,PE,0.0,0.0,0.0,346.8,203.65,0,0.0,0
2014-11-10,2015-09-24,OPTIDX,NIFTY,8400.0,PE,0.0,0.0,0.0,387.35,233.75,0,0.0,0
2014-11-10,2015-09-24,OPTIDX,NIFTY,8500.0,PE,0.0,0.0,0.0,430.6,266.65,0,0.0,0
2014-11-10,2015-09-24,OPTIDX,NIFTY,8600.0,PE,0.0,0.0,0.0,476.55,302.45,0,0.0,0
2014-11-10,2015-09-24,OPTIDX,NIFTY,8700.0,PE,0.0,0.0,0.0,525.2,341.15,0,0.0,0
2014-11-10,2015-09-24,OPTIDX,NIFTY,8800.0,PE,0.0,0.0,0.0,576.45,382.8,0,0.0,0
2014-11-10,2015-09-24,OPTIDX,NIFTY,8900.0,PE,0.0,0.0,0.0,630.25,427.35,0,0.0,0
2014-11-10,2015-09-24,OPTIDX,NIFTY,9000.0,PE,0.0,0.0,0.0,686.6,474.75,0,0.0,0
2014-11-10,2015-09-24,OPTIDX,NIFTY,9100.0,PE,0.0,0.0,0.0,745.35,525.05,0,0.0,0
2014-11-10,2015-09-24,OPTIDX,NIFTY,9200.0,PE,0.0,0.0,0.0,806.4,578.15,0,0.0,0
2014-11-10,2015-09-24,OPTIDX,NIFTY,9300.0,PE,0.0,0.0,0.0,869.7,634.0,0,0.0,0
2014-11-10,2015-09-24,OPTIDX,NIFTY,9400.0,PE,0.0,0.0,0.0,935.2,692.5,0,0.0,0
2014-11-10,2015-09-24,OPTIDX,NIFTY,9500.0,PE,0.0,0.0,0.0,1003.05,753.55,0,0.0,0
2014-11-10,2015-09-24,OPTIDX,NIFTY,9600.0,PE,0.0,0.0,0.0,1072.55,817.05,0,0.0,0
2014-11-10,2015-09-24,OPTIDX,NIFTY,9700.0,PE,0.0,0.0,0.0,1143.9,882.95,0,0.0,0
2014-11-10,2015-09-24,OPTIDX,NIFTY,9800.0,PE,0.0,0.0,0.0,1216.6,951.4,0,0.0,0
2014-11-10,2015-09-24,OPTIDX,NIFTY,9900.0,PE,0.0,0.0,0.0,1291.2,1021.7,0,0.0,0
2014-11-10,2015-09-24,OPTIDX,NIFTY,10000.0,PE,0.0,0.0,0.0,1367.3,1094.0,0,0.0,0
2014-11-10,2015-09-24,OPTIDX,NIFTY,10100.0,PE,0.0,0.0,0.0,1444.8,1167.75,0,0.0,0
2014-11-10,2015-09-24,OPTIDX,NIFTY,10200.0,PE,0.0,0.0,0.0,1523.6,1243.6,0,0.0,0
2014-11-10,2015-09-24,OPTIDX,NIFTY,10300.0,PE,0.0,0.0,0.0,1603.6,1321.0,0,0.0,0
2014-11-10,2015-09-24,OPTIDX,NIFTY,10400.0,PE,0.0,0.0,0.0,1642.95,1399.95,0,0.0,0
2014-11-10,2015-09-24,OPTIDX,NIFTY,10500.0,PE,0.0,0.0,0.0,1673.65,1480.3,0,0.0,0
2014-11-10,2015-09-24,OPTIDX,NIFTY,10600.0,PE,0.0,0.0,0.0,1695.55,1561.9,0,0.0,0
2014-11-10,2015-09-24,OPTIDX,NIFTY,10700.0,PE,0.0,0.0,0.0,1684.6,1644.65,0,0.0,0
2014-11-10,2015-12-31,OPTIDX,NIFTY,2700.0,CE,0.0,0.0,0.0,2760.2,5900.0,0,0.0,0
2014-11-10,2015-12-31,OPTIDX,NIFTY,2800.0,CE,0.0,0.0,0.0,2764.55,5809.45,0,0.0,0
2014-11-10,2015-12-31,OPTIDX,NIFTY,2900.0,CE,0.0,0.0,0.0,2851.6,5718.9,0,0.0,0
2014-11-10,2015-12-31,OPTIDX,NIFTY,3000.0,CE,0.0,0.0,0.0,5468.0,5628.4,0,0.0,4950
2014-11-10,2015-12-31,OPTIDX,NIFTY,3100.0,CE,0.0,0.0,0.0,2912.3,5537.85,0,0.0,0
2014-11-10,2015-12-31,OPTIDX,NIFTY,3200.0,CE,0.0,0.0,0.0,2935.45,5447.35,0,0.0,0
2014-11-10,2015-12-31,OPTIDX,NIFTY,3300.0,CE,0.0,0.0,0.0,2965.3,5356.8,0,0.0,0
2014-11-10,2015-12-31,OPTIDX,NIFTY,3400.0,CE,0.0,0.0,0.0,3099.85,5266.3,0,0.0,0
2014-11-10,2015-12-31,OPTIDX,NIFTY,3500.0,CE,0.0,0.0,0.0,3144.65,5175.75,0,0.0,0
2014-11-10,2015-12-31,OPTIDX,NIFTY,3600.0,CE,0.0,0.0,0.0,3753.4,5085.2,0,0.0,0
2014-11-10,2015-12-31,OPTIDX,NIFTY,3700.0,CE,0.0,0.0,0.0,3745.75,4994.7,0,0.0,0
2014-11-10,2015-12-31,OPTIDX,NIFTY,3800.0,CE,0.0,0.0,0.0,3683.2,4904.15,0,0.0,0
2014-11-10,2015-12-31,OPTIDX,NIFTY,3900.0,CE,0.0,0.0,0.0,3620.8,4813.65,0,0.0,0
2014-11-10,2015-12-31,OPTIDX,NIFTY,4000.0,CE,0.0,0.0,0.0,3558.65,4723.1,0,0.0,0
2014-11-10,2015-12-31,OPTIDX,NIFTY,4100.0,CE,0.0,0.0,0.0,3496.7,4632.55,0,0.0,0
2014-11-10,2015-12-31,OPTIDX,NIFTY,4200.0,CE,0.0,0.0,0.0,3435.1,4542.05,0,0.0,0
2014-11-10,2015-12-31,OPTIDX,NIFTY,4300.0,CE,0.0,0.0,0.0,3373.75,4451.5,0,0.0,0
2014-11-10,2015-12-31,OPTIDX,NIFTY,4400.0,CE,0.0,0.0,0.0,3312.7,4361.0,0,0.0,0
2014-11-10,2015-12-31,OPTIDX,NIFTY,4500.0,CE,0.0,0.0,0.0,3252.05,4270.45,0,0.0,0
2014-11-10,2015-12-31,OPTIDX,NIFTY,4600.0,CE,0.0,0.0,0.0,3191.7,4179.95,0,0.0,0
2014-11-10,2015-12-31,OPTIDX,NIFTY,4700.0,CE,0.0,0.0,0.0,3131.8,4089.4,0,0.0,0
2014-11-10,2015-12-31,OPTIDX,NIFTY,4800.0,CE,0.0,0.0,0.0,3072.3,3998.9,0,0.0,0
2014-11-10,2015-12-31,OPTIDX,NIFTY,4900.0,CE,0.0,0.0,0.0,3013.25,3908.35,0,0.0,0
2014-11-10,2015-12-31,OPTIDX,NIFTY,5000.0,CE,0.0,0.0,0.0,2954.65,3817.85,0,0.0,0
2014-11-10,2015-12-31,OPTIDX,NIFTY,5100.0,CE,0.0,0.0,0.0,2896.5,3727.3,0,0.0,0
2014-11-10,2015-12-31,OPTIDX,NIFTY,5200.0,CE,0.0,0.0,0.0,2838.9,3636.8,0,0.0,0
2014-11-10,2015-12-31,OPTIDX,NIFTY,5300.0,CE,0.0,0.0,0.0,2781.8,3546.3,0,0.0,0
2014-11-10,2015-12-31,OPTIDX,NIFTY,5400.0,CE,0.0,0.0,0.0,2725.25,3455.85,0,0.0,0
2014-11-10,2015-12-31,OPTIDX,NIFTY,5500.0,CE,0.0,0.0,0.0,1545.0,3365.4,0,0.0,150
2014-11-10,2015-12-31,OPTIDX,NIFTY,5600.0,CE,0.0,0.0,0.0,2613.95,3275.0,0,0.0,0
2014-11-10,2015-12-31,OPTIDX,NIFTY,5700.0,CE,0.0,0.0,0.0,3003.1,3184.65,0,0.0,438350
2014-11-10,2015-12-31,OPTIDX,NIFTY,5800.0,CE,0.0,0.0,0.0,1081.85,3094.35,0,0.0,173700
2014-11-10,2015-12-31,OPTIDX,NIFTY,5900.0,CE,0.0,0.0,0.0,2822.2,3004.15,0,0.0,221800
2014-11-10,2015-12-31,OPTIDX,NIFTY,6000.0,CE,0.0,0.0,0.0,2550.0,2914.05,0,0.0,113800
2014-11-10,2015-12-31,OPTIDX,NIFTY,6100.0,CE,0.0,0.0,0.0,1066.8,2824.1,0,0.0,169400
2014-11-10,2015-12-31,OPTIDX,NIFTY,6200.0,CE,0.0,0.0,0.0,1700.25,2734.35,0,0.0,15950
2014-11-10,2015-12-31,OPTIDX,NIFTY,6300.0,CE,0.0,0.0,0.0,1182.0,2644.8,0,0.0,0
2014-11-10,2015-12-31,OPTIDX,NIFTY,6400.0,CE,0.0,0.0,0.0,1000.0,2555.6,0,0.0,0
2014-11-10,2015-12-31,OPTIDX,NIFTY,6500.0,CE,0.0,0.0,0.0,1724.4,2466.7,0,0.0,150
2014-11-10,2015-12-31,OPTIDX,NIFTY,6600.0,CE,0.0,0.0,0.0,2096.0,2378.25,0,0.0,0
2014-11-10,2015-12-31,OPTIDX,NIFTY,6700.0,CE,0.0,0.0,0.0,2048.25,2290.25,0,0.0,0
2014-11-10,2015-12-31,OPTIDX,NIFTY,6800.0,CE,0.0,0.0,0.0,2001.05,2202.85,0,0.0,0
2014-11-10,2015-12-31,OPTIDX,NIFTY,6900.0,CE,0.0,0.0,0.0,1954.6,2116.15,0,0.0,0
2014-11-10,2015-12-31,OPTIDX,NIFTY,7000.0,CE,0.0,0.0,0.0,1849.0,2030.2,0,0.0,6150
2014-11-10,2015-12-31,OPTIDX,NIFTY,7100.0,CE,0.0,0.0,0.0,1863.95,1945.15,0,0.0,0
2014-11-10,2015-12-31,OPTIDX,NIFTY,7200.0,CE,0.0,0.0,0.0,1819.8,1861.1,0,0.0,0
2014-11-10,2015-12-31,OPTIDX,NIFTY,7300.0,CE,0.0,0.0,0.0,930.3,1778.15,0,0.0,1700
2014-11-10,2015-12-31,OPTIDX,NIFTY,7400.0,CE,0.0,0.0,0.0,1733.7,1696.4,0,0.0,0
2014-11-10,2015-12-31,OPTIDX,NIFTY,7500.0,CE,1431.0,1442.05,1427.5,1440.65,1440.65,9,40.2,9100
2014-11-10,2015-12-31,OPTIDX,NIFTY,7600.0,CE,0.0,0.0,0.0,1650.7,1537.1,0,0.0,0
2014-11-10,2015-12-31,OPTIDX,NIFTY,7700.0,CE,0.0,0.0,0.0,1610.35,1459.8,0,0.0,0
2014-11-10,2015-12-31,OPTIDX,NIFTY,7800.0,CE,0.0,0.0,0.0,400.0,1384.15,0,0.0,17400
2014-11-10,2015-12-31,OPTIDX,NIFTY,7900.0,CE,0.0,0.0,0.0,1531.95,1310.35,0,0.0,0
2014-11-10,2015-12-31,OPTIDX,NIFTY,8000.0,CE,1080.0,1085.0,1075.0,1083.0,1083.0,9,40.84,69400
2014-11-10,2015-12-31,OPTIDX,NIFTY,8100.0,CE,0.0,0.0,0.0,1456.4,1168.6,0,0.0,0
2014-11-10,2015-12-31,OPTIDX,NIFTY,8200.0,CE,0.0,0.0,0.0,292.65,1101.15,0,0.0,16650
2014-11-10,2015-12-31,OPTIDX,NIFTY,8300.0,CE,0.0,0.0,0.0,266.4,1035.5,0,0.0,41050
2014-11-10,2015-12-31,OPTIDX,NIFTY,8400.0,CE,0.0,0.0,0.0,255.6,971.85,0,0.0,7400
2014-11-10,2015-12-31,OPTIDX,NIFTY,8500.0,CE,766.0,779.55,750.0,773.0,773.0,18,83.42,146500
2014-11-10,2015-12-31,OPTIDX,NIFTY,8600.0,CE,0.0,0.0,0.0,214.7,852.35,0,0.0,67600
2014-11-10,2015-12-31,OPTIDX,NIFTY,8700.0,CE,0.0,0.0,0.0,220.0,796.25,0,0.0,1500
2014-11-10,2015-12-31,OPTIDX,NIFTY,8800.0,CE,0.0,0.0,0.0,600.0,742.55,0,0.0,14950
2014-11-10,2015-12-31,OPTIDX,NIFTY,8900.0,CE,0.0,0.0,0.0,244.0,691.3,0,0.0,150
2014-11-10,2015-12-31,OPTIDX,NIFTY,9000.0,CE,500.0,518.5,500.0,515.0,515.0,15,71.32,144950
2014-11-10,2015-12-31,OPTIDX,NIFTY,9100.0,CE,0.0,0.0,0.0,248.0,596.15,0,0.0,100
2014-11-10,2015-12-31,OPTIDX,NIFTY,9200.0,CE,0.0,0.0,0.0,230.0,552.2,0,0.0,100
2014-11-10,2015-12-31,OPTIDX,NIFTY,9300.0,CE,0.0,0.0,0.0,258.7,510.7,0,0.0,0
2014-11-10,2015-12-31,OPTIDX,NIFTY,9400.0,CE,330.0,330.0,330.0,330.0,330.0,200,973.0,0
2014-11-10,2015-12-31,OPTIDX,NIFTY,9500.0,CE,305.05,312.0,300.0,310.25,310.25,180,882.87,55050
2014-11-10,2015-12-31,OPTIDX,NIFTY,9600.0,CE,0.0,0.0,0.0,347.75,399.95,0,0.0,0
2014-11-10,2015-12-31,OPTIDX,NIFTY,9700.0,CE,0.0,0.0,0.0,338.5,367.5,0,0.0,0
2014-11-10,2015-12-31,OPTIDX,NIFTY,9800.0,CE,0.0,0.0,0.0,290.55,337.15,0,0.0,0
2014-11-10,2015-12-31,OPTIDX,NIFTY,9900.0,CE,0.0,0.0,0.0,284.55,308.8,0,0.0,0
2014-11-10,2015-12-31,OPTIDX,NIFTY,10000.0,CE,178.0,178.0,165.0,171.4,171.4,77,391.47,64400
2014-11-10,2015-12-31,OPTIDX,NIFTY,10100.0,CE,0.0,0.0,0.0,319.15,257.85,0,0.0,0
2014-11-10,2015-12-31,OPTIDX,NIFTY,10200.0,CE,0.0,0.0,0.0,210.75,235.5,0,0.0,0
2014-11-10,2015-12-31,OPTIDX,NIFTY,10300.0,CE,0.0,0.0,0.0,217.9,214.55,0,0.0,0
2014-11-10,2015-12-31,OPTIDX,NIFTY,10400.0,CE,0.0,0.0,0.0,117.65,195.15,0,0.0,0
2014-11-10,2015-12-31,OPTIDX,NIFTY,10500.0,CE,0.0,0.0,0.0,120.0,176.9,0,0.0,1800
2014-11-10,2015-12-31,OPTIDX,NIFTY,10600.0,CE,0.0,0.0,0.0,122.0,160.4,0,0.0,0
2014-11-10,2015-12-31,OPTIDX,NIFTY,10700.0,CE,0.0,0.0,0.0,201.0,145.2,0,0.0,0
2014-11-10,2015-12-31,OPTIDX,NIFTY,2700.0,PE,0.0,0.0,0.0,37.5,0.0,0,0.0,0
2014-11-10,2015-12-31,OPTIDX,NIFTY,2800.0,PE,0.0,0.0,0.0,42.15,0.0,0,0.0,0
2014-11-10,2015-12-31,OPTIDX,NIFTY,2900.0,PE,0.0,0.0,0.0,24.7,0.0,0,0.0,0
2014-11-10,2015-12-31,OPTIDX,NIFTY,3000.0,PE,0.0,0.0,0.0,26.55,0.0,0,0.0,0
2014-11-10,2015-12-31,OPTIDX,NIFTY,3100.0,PE,0.0,0.0,0.0,22.5,0.0,0,0.0,0
2014-11-10,2015-12-31,OPTIDX,NIFTY,3200.0,PE,0.0,0.0,0.0,18.25,0.0,0,0.0,0
2014-11-10,2015-12-31,OPTIDX,NIFTY,3300.0,PE,0.0,0.0,0.0,22.3,0.0,0,0.0,0
2014-11-10,2015-12-31,OPTIDX,NIFTY,3400.0,PE,0.0,0.0,0.0,31.6,0.0,0,0.0,0
2014-11-10,2015-12-31,OPTIDX,NIFTY,3500.0,PE,0.0,0.0,0.0,38.95,0.0,0,0.0,0
2014-11-10,2015-12-31,OPTIDX,NIFTY,3600.0,PE,0.0,0.0,0.0,2.3,0.0,0,0.0,0
2014-11-10,2015-12-31,OPTIDX,NIFTY,3700.0,PE,0.0,0.0,0.0,5.55,0.0,0,0.0,0
2014-11-10,2015-12-31,OPTIDX,NIFTY,3800.0,PE,0.0,0.0,0.0,6.75,0.0,0,0.0,0
2014-11-10,2015-12-31,OPTIDX,NIFTY,3900.0,PE,0.0,0.0,0.0,8.2,0.0,0,0.0,0
2014-11-10,2015-12-31,OPTIDX,NIFTY,4000.0,PE,0.0,0.0,0.0,63.65,0.0,0,0.0,0
2014-11-10,2015-12-31,OPTIDX,NIFTY,4100.0,PE,0.0,0.0,0.0,11.8,0.0,0,0.0,0
2014-11-10,2015-12-31,OPTIDX,NIFTY,4200.0,PE,0.0,0.0,0.0,266.0,0.0,0,0.0,8750
2014-11-10,2015-12-31,OPTIDX,NIFTY,4300.0,PE,0.0,0.0,0.0,16.45,0.0,0,0.0,0
2014-11-10,2015-12-31,OPTIDX,NIFTY,4400.0,PE,0.0,0.0,0.0,19.25,0.0,0,0.0,0
2014-11-10,2015-12-31,OPTIDX,NIFTY,4500.0,PE,0.0,0.0,0.0,20.0,0.0,0,0.0,42150
2014-11-10,2015-12-31,OPTIDX,NIFTY,4600.0,PE,0.0,0.0,0.0,199.0,0.0,0,0.0,7750
2014-11-10,2015-12-31,OPTIDX,NIFTY,4700.0,PE,0.0,0.0,0.0,306.55,0.0,0,0.0,1050
2014-11-10,2015-12-31,OPTIDX,NIFTY,4800.0,PE,0.0,0.0,0.0,25.0,0.05,0,0.0,9800
2014-11-10,2015-12-31,OPTIDX,NIFTY,4900.0,PE,0.0,0.0,0.0,250.65,0.05,0,0.0,950
2014-11-10,2015-12-31,OPTIDX,NIFTY,5000.0,PE,0.0,0.0,0.0,28.75,0.05,0,0.0,53200
2014-11-10,2015-12-31,OPTIDX,NIFTY,5100.0,PE,0.0,0.0,0.0,45.0,0.05,0,0.0,14050
2014-11-10,2015-12-31,OPTIDX,NIFTY,5200.0,PE,0.0,0.0,0.0,255.0,0.1,0,0.0,2600
2014-11-10,2015-12-31,OPTIDX,NIFTY,5300.0,PE,0.0,0.0,0.0,383.45,0.1,0,0.0,28750
2014-11-10,2015-12-31,OPTIDX,NIFTY,5400.0,PE,0.0,0.0,0.0,283.0,0.15,0,0.0,2200
2014-11-10,2015-12-31,OPTIDX,NIFTY,5500.0,PE,0.0,0.0,0.0,339.6,0.25,0,0.0,27500
2014-11-10,2015-12-31,OPTIDX,NIFTY,5600.0,PE,0.0,0.0,0.0,275.0,0.35,0,0.0,10100
2014-11-10,2015-12-31,OPTIDX,NIFTY,5700.0,PE,0.0,0.0,0.0,593.8,0.55,0,0.0,6250
2014-11-10,2015-12-31,OPTIDX,NIFTY,5800.0,PE,0.0,0.0,0.0,465.2,0.8,0,0.0,81150
2014-11-10,2015-12-31,OPTIDX,NIFTY,5900.0,PE,0.0,0.0,0.0,400.0,1.1,0,0.0,240050
2014-11-10,2015-12-31,OPTIDX,NIFTY,6000.0,PE,0.0,0.0,0.0,41.0,1.55,0,0.0,144450
2014-11-10,2015-12-31,OPTIDX,NIFTY,6100.0,PE,0.0,0.0,0.0,30.0,2.15,0,0.0,96550
2014-11-10,2015-12-31,OPTIDX,NIFTY,6200.0,PE,0.0,0.0,0.0,465.5,2.9,0,0.0,9450
2014-11-10,2015-12-31,OPTIDX,NIFTY,6300.0,PE,0.0,0.0,0.0,525.0,3.9,0,0.0,40500
2014-11-10,2015-12-31,OPTIDX,NIFTY,6400.0,PE,0.0,0.0,0.0,393.3,5.2,0,0.0,64350
2014-11-10,2015-12-31,OPTIDX,NIFTY,6500.0,PE,0.0,0.0,0.0,109.95,6.85,0,0.0,279350
2014-11-10,2015-12-31,OPTIDX,NIFTY,6600.0,PE,0.0,0.0,0.0,752.8,8.9,0,0.0,26450
2014-11-10,2015-12-31,OPTIDX,NIFTY,6700.0,PE,0.0,0.0,0.0,222.85,11.45,0,0.0,0
2014-11-10,2015-12-31,OPTIDX,NIFTY,6800.0,PE,0.0,0.0,0.0,239.45,14.6,0,0.0,0
2014-11-10,2015-12-31,OPTIDX,NIFTY,6900.0,PE,0.0,0.0,0.0,110.0,18.4,0,0.0,10600
2014-11-10,2015-12-31,OPTIDX,NIFTY,7000.0,PE,0.0,0.0,0.0,89.9,23.0,0,0.0,58650
2014-11-10,2015-12-31,OPTIDX,NIFTY,7100.0,PE,0.0,0.0,0.0,293.85,28.45,0,0.0,0
2014-11-10,2015-12-31,OPTIDX,NIFTY,7200.0,PE,0.0,0.0,0.0,110.0,34.95,0,0.0,200000
2014-11-10,2015-12-31,OPTIDX,NIFTY,7300.0,PE,0.0,0.0,0.0,333.9,42.5,0,0.0,0
2014-11-10,2015-12-31,OPTIDX,NIFTY,7400.0,PE,0.0,0.0,0.0,355.1,51.3,0,0.0,0
2014-11-10,2015-12-31,OPTIDX,NIFTY,7500.0,PE,149.1,152.2,143.6,144.0,144.0,9,34.41,57000
2014-11-10,2015-12-31,OPTIDX,NIFTY,7600.0,PE,0.0,0.0,0.0,399.75,73.05,0,0.0,0
2014-11-10,2015-12-31,OPTIDX,NIFTY,7700.0,PE,0.0,0.0,0.0,423.2,86.3,0,0.0,0
2014-11-10,2015-12-31,OPTIDX,NIFTY,7800.0,PE,0.0,0.0,0.0,447.45,101.2,0,0.0,0
2014-11-10,2015-12-31,OPTIDX,NIFTY,7900.0,PE,220.0,220.0,220.0,220.0,220.0,200,812.0,0
2014-11-10,2015-12-31,OPTIDX,NIFTY,8000.0,PE,239.95,251.0,239.0,240.15,240.15,13,53.58,117550
2014-11-10,2015-12-31,OPTIDX,NIFTY,8100.0,PE,0.0,0.0,0.0,524.55,157.25,0,0.0,0
2014-11-10,2015-12-31,OPTIDX,NIFTY,8200.0,PE,0.0,0.0,0.0,551.85,180.3,0,0.0,0
2014-11-10,2015-12-31,OPTIDX,NIFTY,8300.0,PE,0.0,0.0,0.0,579.85,205.2,0,0.0,0
2014-11-10,2015-12-31,OPTIDX,NIFTY,8400.0,PE,0.0,0.0,0.0,608.65,232.05,0,0.0,0
2014-11-10,2015-12-31,OPTIDX,NIFTY,8500.0,PE,385.0,395.0,375.0,380.0,380.0,40,177.7,47700
2014-11-10,2015-12-31,OPTIDX,NIFTY,8600.0,PE,0.0,0.0,0.0,612.5,293.6,0,0.0,0
2014-11-10,2015-12-31,OPTIDX,NIFTY,8700.0,PE,0.0,0.0,0.0,1427.5,328.0,0,0.0,0
2014-11-10,2015-12-31,OPTIDX,NIFTY,8800.0,PE,0.0,0.0,0.0,1381.7,364.85,0,0.0,0
2014-11-10,2015-12-31,OPTIDX,NIFTY,8900.0,PE,0.0,0.0,0.0,1208.5,404.15,0,0.0,0
2014-11-10,2015-12-31,OPTIDX,NIFTY,9000.0,PE,573.0,610.0,573.0,584.55,584.55,28,134.19,9900
2014-11-10,2015-12-31,OPTIDX,NIFTY,9100.0,PE,0.0,0.0,0.0,1138.25,490.05,0,0.0,0
2014-11-10,2015-12-31,OPTIDX,NIFTY,9200.0,PE,0.0,0.0,0.0,1183.6,536.65,0,0.0,0
2014-11-10,2015-12-31,OPTIDX,NIFTY,9300.0,PE,0.0,0.0,0.0,1400.55,585.65,0,0.0,0
2014-11-10,2015-12-31,OPTIDX,NIFTY,9400.0,PE,0.0,0.0,0.0,1436.15,637.0,0,0.0,0
2014-11-10,2015-12-31,OPTIDX,NIFTY,9500.0,PE,0.0,0.0,0.0,1450.65,690.65,0,0.0,0
2014-11-10,2015-12-31,OPTIDX,NIFTY,9600.0,PE,0.0,0.0,0.0,1426.1,746.5,0,0.0,0
2014-11-10,2015-12-31,OPTIDX,NIFTY,9700.0,PE,0.0,0.0,0.0,1446.0,804.6,0,0.0,0
2014-11-10,2015-12-31,OPTIDX,NIFTY,9800.0,PE,0.0,0.0,0.0,1400.25,864.75,0,0.0,0
2014-11-10,2015-12-31,OPTIDX,NIFTY,9900.0,PE,0.0,0.0,0.0,1412.05,926.9,0,0.0,0
2014-11-10,2015-12-31,OPTIDX,NIFTY,10000.0,PE,0.0,0.0,0.0,1436.45,991.05,0,0.0,0
2014-11-10,2015-12-31,OPTIDX,NIFTY,10100.0,PE,0.0,0.0,0.0,1449.85,1057.05,0,0.0,0
2014-11-10,2015-12-31,OPTIDX,NIFTY,10200.0,PE,0.0,0.0,0.0,1432.85,1125.25,0,0.0,0
2014-11-10,2015-12-31,OPTIDX,NIFTY,10300.0,PE,0.0,0.0,0.0,1456.45,1194.8,0,0.0,0
2014-11-10,2015-12-31,OPTIDX,NIFTY,10400.0,PE,0.0,0.0,0.0,1397.6,1265.95,0,0.0,0
2014-11-10,2015-12-31,OPTIDX,NIFTY,10500.0,PE,0.0,0.0,0.0,1375.4,1338.2,0,0.0,0
2014-11-10,2015-12-31,OPTIDX,NIFTY,10600.0,PE,0.0,0.0,0.0,1380.85,1412.25,0,0.0,0
2014-11-10,2015-12-31,OPTIDX,NIFTY,10700.0,PE,0.0,0.0,0.0,1544.65,1487.6,0,0.0,0
2014-11-10,2016-06-30,OPTIDX,NIFTY,2700.0,CE,0.0,0.0,0.0,2848.85,6004.1,0,0.0,0
2014-11-10,2016-06-30,OPTIDX,NIFTY,2800.0,CE,0.0,0.0,0.0,2856.2,5917.45,0,0.0,0
2014-11-10,2016-06-30,OPTIDX,NIFTY,2900.0,CE,0.0,0.0,0.0,2941.35,5830.75,0,0.0,0
2014-11-10,2016-06-30,OPTIDX,NIFTY,3000.0,CE,0.0,0.0,0.0,2974.9,5744.1,0,0.0,0
2014-11-10,2016-06-30,OPTIDX,NIFTY,3100.0,CE,0.0,0.0,0.0,3007.3,5657.4,0,0.0,0
2014-11-10,2016-06-30,OPTIDX,NIFTY,3200.0,CE,0.0,0.0,0.0,3033.3,5570.75,0,0.0,0
2014-11-10,2016-06-30,OPTIDX,NIFTY,3300.0,CE,0.0,0.0,0.0,3066.25,5484.05,0,0.0,0
2014-11-10,2016-06-30,OPTIDX,NIFTY,3400.0,CE,0.0,0.0,0.0,3095.35,5397.4,0,0.0,0
2014-11-10,2016-06-30,OPTIDX,NIFTY,3500.0,CE,0.0,0.0,0.0,3152.25,5310.7,0,0.0,0
2014-11-10,2016-06-30,OPTIDX,NIFTY,3600.0,CE,0.0,0.0,0.0,3156.3,5224.05,0,0.0,0
2014-11-10,2016-06-30,OPTIDX,NIFTY,3700.0,CE,0.0,0.0,0.0,3212.75,5137.35,0,0.0,0
2014-11-10,2016-06-30,OPTIDX,NIFTY,3800.0,CE,0.0,0.0,0.0,3294.6,5050.7,0,0.0,0
2014-11-10,2016-06-30,OPTIDX,NIFTY,3900.0,CE,0.0,0.0,0.0,3649.6,4964.05,0,0.0,47300
2014-11-10,2016-06-30,OPTIDX,NIFTY,4000.0,CE,0.0,0.0,0.0,3176.3,4877.35,0,0.0,0
2014-11-10,2016-06-30,OPTIDX,NIFTY,4100.0,CE,0.0,0.0,0.0,3117.75,4790.7,0,0.0,0
2014-11-10,2016-06-30,OPTIDX,NIFTY,4200.0,CE,0.0,0.0,0.0,2200.0,4704.0,0,0.0,29200
2014-11-10,2016-06-30,OPTIDX,NIFTY,4300.0,CE,0.0,0.0,0.0,3001.95,4617.35,0,0.0,0
2014-11-10,2016-06-30,OPTIDX,NIFTY,4400.0,CE,0.0,0.0,0.0,2944.7,4530.65,0,0.0,0
2014-11-10,2016-06-30,OPTIDX,NIFTY,4500.0,CE,0.0,0.0,0.0,2888.0,4444.0,0,0.0,0
2014-11-10,2016-06-30,OPTIDX,NIFTY,4600.0,CE,0.0,0.0,0.0,2831.75,4357.35,0,0.0,0
2014-11-10,2016-06-30,OPTIDX,NIFTY,4700.0,CE,0.0,0.0,0.0,1870.8,4270.7,0,0.0,50000
2014-11-10,2016-06-30,OPTIDX,NIFTY,4800.0,CE,0.0,0.0,0.0,2720.95,4184.05,0,0.0,0
2014-11-10,2016-06-30,OPTIDX,NIFTY,4900.0,CE,0.0,0.0,0.0,2666.4,4097.4,0,0.0,0
2014-11-10,2016-06-30,OPTIDX,NIFTY,5000.0,CE,0.0,0.0,0.0,2612.45,4010.75,0,0.0,0
2014-11-10,2016-06-30,OPTIDX,NIFTY,5100.0,CE,0.0,0.0,0.0,2559.1,3924.15,0,0.0,0
2014-11-10,2016-06-30,OPTIDX,NIFTY,5200.0,CE,0.0,0.0,0.0,2506.4,3837.55,0,0.0,0
2014-11-10,2016-06-30,OPTIDX,NIFTY,5300.0,CE,0.0,0.0,0.0,2454.3,3751.0,0,0.0,0
2014-11-10,2016-06-30,OPTIDX,NIFTY,5400.0,CE,0.0,0.0,0.0,1338.1,3664.5,0,0.0,44650
2014-11-10,2016-06-30,OPTIDX,NIFTY,5500.0,CE,0.0,0.0,0.0,1410.0,3578.05,0,0.0,17500
2014-11-10,2016-06-30,OPTIDX,NIFTY,5600.0,CE,0.0,0.0,0.0,1345.0,3491.7,0,0.0,111000
2014-11-10,2016-06-30,OPTIDX,NIFTY,5700.0,CE,0.0,0.0,0.0,2056.7,3405.4,0,0.0,96350
2014-11-10,2016-06-30,OPTIDX,NIFTY,5800.0,CE,0.0,0.0,0.0,1491.6,3319.25,0,0.0,196700
2014-11-10,2016-06-30,OPTIDX,NIFTY,5900.0,CE,0.0,0.0,0.0,2439.8,3233.2,0,0.0,510550
2014-11-10,2016-06-30,OPTIDX,NIFTY,6000.0,CE,0.0,0.0,0.0,2866.3,3147.35,0,0.0,173450
2014-11-10,2016-06-30,OPTIDX,NIFTY,6100.0,CE,0.0,0.0,0.0,2781.2,3061.7,0,0.0,183600
2014-11-10,2016-06-30,OPTIDX,NIFTY,6200.0,CE,0.0,0.0,0.0,1265.65,2976.3,0,0.0,9700
2014-11-10,2016-06-30,OPTIDX,NIFTY,6300.0,CE,0.0,0.0,0.0,1376.35,2891.15,0,0.0,34000
2014-11-10,2016-06-30,OPTIDX,NIFTY,6400.0,CE,0.0,0.0,0.0,1927.1,2806.4,0,0.0,0
2014-11-10,2016-06-30,OPTIDX,NIFTY,6500.0,CE,0.0,0.0,0.0,1883.5,2722.0,0,0.0,0
2014-11-10,2016-06-30,OPTIDX,NIFTY,6600.0,CE,0.0,0.0,0.0,1840.6,2638.05,0,0.0,0
2014-11-10,2016-06-30,OPTIDX,NIFTY,6700.0,CE,0.0,0.0,0.0,1798.5,2554.6,0,0.0,0
2014-11-10,2016-06-30,OPTIDX,NIFTY,6800.0,CE,0.0,0.0,0.0,1757.1,2471.75,0,0.0,0
2014-11-10,2016-06-30,OPTIDX,NIFTY,6900.0,CE,0.0,0.0,0.0,1716.45,2389.55,0,0.0,0
2014-11-10,2016-06-30,OPTIDX,NIFTY,7000.0,CE,0.0,0.0,0.0,1676.55,2308.05,0,0.0,0
2014-11-10,2016-06-30,OPTIDX,NIFTY,7100.0,CE,0.0,0.0,0.0,1637.4,2227.3,0,0.0,0
2014-11-10,2016-06-30,OPTIDX,NIFTY,7200.0,CE,0.0,0.0,0.0,1598.95,2147.45,0,0.0,0
2014-11-10,2016-06-30,OPTIDX,NIFTY,7300.0,CE,0.0,0.0,0.0,1561.3,2068.55,0,0.0,0
2014-11-10,2016-06-30,OPTIDX,NIFTY,7400.0,CE,0.0,0.0,0.0,1524.3,1990.7,0,0.0,0
2014-11-10,2016-06-30,OPTIDX,NIFTY,7500.0,CE,0.0,0.0,0.0,1436.7,1913.9,0,0.0,0
2014-11-10,2016-06-30,OPTIDX,NIFTY,7600.0,CE,0.0,0.0,0.0,905.75,1838.3,0,0.0,0
2014-11-10,2016-06-30,OPTIDX,NIFTY,7700.0,CE,0.0,0.0,0.0,802.15,1763.95,0,0.0,0
2014-11-10,2016-06-30,OPTIDX,NIFTY,7800.0,CE,0.0,0.0,0.0,510.0,1690.9,0,0.0,7300
2014-11-10,2016-06-30,OPTIDX,NIFTY,7900.0,CE,0.0,0.0,0.0,1070.05,1619.3,0,0.0,4600
2014-11-10,2016-06-30,OPTIDX,NIFTY,8000.0,CE,0.0,0.0,0.0,1123.8,1549.1,0,0.0,0
2014-11-10,2016-06-30,OPTIDX,NIFTY,8100.0,CE,0.0,0.0,0.0,574.45,1480.5,0,0.0,0
2014-11-10,2016-06-30,OPTIDX,NIFTY,8200.0,CE,0.0,0.0,0.0,389.5,1413.5,0,0.0,29350
2014-11-10,2016-06-30,OPTIDX,NIFTY,8300.0,CE,0.0,0.0,0.0,507.5,1348.4,0,0.0,0
2014-11-10,2016-06-30,OPTIDX,NIFTY,8400.0,CE,0.0,0.0,0.0,350.6,1284.65,0,0.0,7300
2014-11-10,2016-06-30,OPTIDX,NIFTY,8500.0,CE,0.0,0.0,0.0,512.0,1222.7,0,0.0,29350
2014-11-10,2016-06-30,OPTIDX,NIFTY,8600.0,CE,0.0,0.0,0.0,719.8,1162.5,0,0.0,0
2014-11-10,2016-06-30,OPTIDX,NIFTY,8700.0,CE,0.0,0.0,0.0,690.45,1103.9,0,0.0,4800
2014-11-10,2016-06-30,OPTIDX,NIFTY,8800.0,CE,0.0,0.0,0.0,654.6,1047.45,0,0.0,300
2014-11-10,2016-06-30,OPTIDX,NIFTY,8900.0,CE,0.0,0.0,0.0,472.25,992.9,0,0.0,0
2014-11-10,2016-06-30,OPTIDX,NIFTY,9000.0,CE,0.0,0.0,0.0,570.6,940.25,0,0.0,1050
2014-11-10,2016-06-30,OPTIDX,NIFTY,9100.0,CE,0.0,0.0,0.0,556.95,889.5,0,0.0,400
2014-11-10,2016-06-30,OPTIDX,NIFTY,9200.0,CE,0.0,0.0,0.0,257.05,840.6,0,0.0,0
2014-11-10,2016-06-30,OPTIDX,NIFTY,9300.0,CE,0.0,0.0,0.0,432.15,793.65,0,0.0,0
2014-11-10,2016-06-30,OPTIDX,NIFTY,9400.0,CE,0.0,0.0,0.0,150.25,748.55,0,0.0,0
2014-11-10,2016-06-30,OPTIDX,NIFTY,9500.0,CE,0.0,0.0,0.0,589.6,705.3,0,0.0,0
2014-11-10,2016-06-30,OPTIDX,NIFTY,9600.0,CE,0.0,0.0,0.0,549.9,663.95,0,0.0,0
2014-11-10,2016-06-30,OPTIDX,NIFTY,9700.0,CE,0.0,0.0,0.0,539.5,624.45,0,0.0,0
2014-11-10,2016-06-30,OPTIDX,NIFTY,9800.0,CE,0.0,0.0,0.0,481.35,586.7,0,0.0,0
2014-11-10,2016-06-30,OPTIDX,NIFTY,9900.0,CE,0.0,0.0,0.0,475.65,550.7,0,0.0,0
2014-11-10,2016-06-30,OPTIDX,NIFTY,10000.0,CE,0.0,0.0,0.0,519.8,516.45,0,0.0,0
2014-11-10,2016-06-30,OPTIDX,NIFTY,10100.0,CE,0.0,0.0,0.0,522.85,483.9,0,0.0,0
2014-11-10,2016-06-30,OPTIDX,NIFTY,10200.0,CE,0.0,0.0,0.0,383.1,453.0,0,0.0,0
2014-11-10,2016-06-30,OPTIDX,NIFTY,10300.0,CE,0.0,0.0,0.0,405.7,423.7,0,0.0,0
2014-11-10,2016-06-30,OPTIDX,NIFTY,10400.0,CE,0.0,0.0,0.0,264.6,395.9,0,0.0,0
2014-11-10,2016-06-30,OPTIDX,NIFTY,10500.0,CE,0.0,0.0,0.0,292.65,369.65,0,0.0,0
2014-11-10,2016-06-30,OPTIDX,NIFTY,10600.0,CE,0.0,0.0,0.0,274.9,344.8,0,0.0,0
2014-11-10,2016-06-30,OPTIDX,NIFTY,10700.0,CE,0.0,0.0,0.0,402.1,321.4,0,0.0,0
2014-11-10,2016-06-30,OPTIDX,NIFTY,2700.0,PE,0.0,0.0,0.0,39.6,0.0,0,0.0,0
2014-11-10,2016-06-30,OPTIDX,NIFTY,2800.0,PE,0.0,0.0,0.0,44.3,0.0,0,0.0,0
2014-11-10,2016-06-30,OPTIDX,NIFTY,2900.0,PE,0.0,0.0,0.0,25.75,0.0,0,0.0,0
2014-11-10,2016-06-30,OPTIDX,NIFTY,3000.0,PE,0.0,0.0,0.0,27.65,0.0,0,0.0,0
2014-11-10,2016-06-30,OPTIDX,NIFTY,3100.0,PE,0.0,0.0,0.0,23.3,0.0,0,0.0,0
2014-11-10,2016-06-30,OPTIDX,NIFTY,3200.0,PE,0.0,0.0,0.0,18.85,0.0,0,0.0,0
2014-11-10,2016-06-30,OPTIDX,NIFTY,3300.0,PE,0.0,0.0,0.0,22.9,0.0,0,0.0,0
2014-11-10,2016-06-30,OPTIDX,NIFTY,3400.0,PE,0.0,0.0,0.0,19.45,0.0,0,0.0,0
2014-11-10,2016-06-30,OPTIDX,NIFTY,3500.0,PE,0.0,0.0,0.0,3.05,0.0,0,0.0,0
2014-11-10,2016-06-30,OPTIDX,NIFTY,3600.0,PE,0.0,0.0,0.0,10.1,0.0,0,0.0,0
2014-11-10,2016-06-30,OPTIDX,NIFTY,3700.0,PE,0.0,0.0,0.0,119.15,0.0,0,0.0,75600
2014-11-10,2016-06-30,OPTIDX,NIFTY,3800.0,PE,0.0,0.0,0.0,17.4,0.0,0,0.0,0
2014-11-10,2016-06-30,OPTIDX,NIFTY,3900.0,PE,0.0,0.0,0.0,20.45,0.0,0,0.0,0
2014-11-10,2016-06-30,OPTIDX,NIFTY,4000.0,PE,0.0,0.0,0.0,76.0,0.0,0,0.0,79000
2014-11-10,2016-06-30,OPTIDX,NIFTY,4100.0,PE,0.0,0.0,0.0,27.7,0.0,0,0.0,0
2014-11-10,2016-06-30,OPTIDX,NIFTY,4200.0,PE,0.0,0.0,0.0,20.0,0.0,0,0.0,9200
2014-11-10,2016-06-30,OPTIDX,NIFTY,4300.0,PE,0.0,0.0,0.0,178.0,0.0,0,0.0,6050
2014-11-10,2016-06-30,OPTIDX,NIFTY,4400.0,PE,0.0,0.0,0.0,27.0,0.05,0,0.0,17550
2014-11-10,2016-06-30,OPTIDX,NIFTY,4500.0,PE,0.0,0.0,0.0,252.0,0.05,0,0.0,6900
2014-11-10,2016-06-30,OPTIDX,NIFTY,4600.0,PE,0.0,0.0,0.0,248.8,0.05,0,0.0,21950
2014-11-10,2016-06-30,OPTIDX,NIFTY,4700.0,PE,0.0,0.0,0.0,300.0,0.05,0,0.0,55400
2014-11-10,2016-06-30,OPTIDX,NIFTY,4800.0,PE,0.0,0.0,0.0,378.85,0.1,0,0.0,50550
2014-11-10,2016-06-30,OPTIDX,NIFTY,4900.0,PE,0.0,0.0,0.0,170.3,0.1,0,0.0,88100
2014-11-10,2016-06-30,OPTIDX,NIFTY,5000.0,PE,0.0,0.0,0.0,40.55,0.15,0,0.0,68900
2014-11-10,2016-06-30,OPTIDX,NIFTY,5100.0,PE,0.0,0.0,0.0,120.0,0.2,0,0.0,19650
2014-11-10,2016-06-30,OPTIDX,NIFTY,5200.0,PE,0.0,0.0,0.0,102.45,0.3,0,0.0,0
2014-11-10,2016-06-30,OPTIDX,NIFTY,5300.0,PE,0.0,0.0,0.0,514.0,0.45,0,0.0,2500
2014-11-10,2016-06-30,OPTIDX,NIFTY,5400.0,PE,0.0,0.0,0.0,53.0,0.6,0,0.0,2300
2014-11-10,2016-06-30,OPTIDX,NIFTY,5500.0,PE,0.0,0.0,0.0,4.5,0.8,0,0.0,14850
2014-11-10,2016-06-30,OPTIDX,NIFTY,5600.0,PE,0.0,0.0,0.0,167.9,1.1,0,0.0,18100
2014-11-10,2016-06-30,OPTIDX,NIFTY,5700.0,PE,0.0,0.0,0.0,61.75,1.5,0,0.0,157500
2014-11-10,2016-06-30,OPTIDX,NIFTY,5800.0,PE,0.0,0.0,0.0,160.0,2.0,0,0.0,94150
2014-11-10,2016-06-30,OPTIDX,NIFTY,5900.0,PE,0.0,0.0,0.0,180.0,2.65,0,0.0,34200
2014-11-10,2016-06-30,OPTIDX,NIFTY,6000.0,PE,0.0,0.0,0.0,76.8,3.45,0,0.0,137600
2014-11-10,2016-06-30,OPTIDX,NIFTY,6100.0,PE,0.0,0.0,0.0,508.45,4.5,0,0.0,42850
2014-11-10,2016-06-30,OPTIDX,NIFTY,6200.0,PE,0.0,0.0,0.0,236.35,5.75,0,0.0,0
2014-11-10,2016-06-30,OPTIDX,NIFTY,6300.0,PE,0.0,0.0,0.0,161.45,7.3,0,0.0,20150
2014-11-10,2016-06-30,OPTIDX,NIFTY,6400.0,PE,0.0,0.0,0.0,271.65,9.2,0,0.0,0
2014-11-10,2016-06-30,OPTIDX,NIFTY,6500.0,PE,0.0,0.0,0.0,781.6,11.5,0,0.0,5150
2014-11-10,2016-06-30,OPTIDX,NIFTY,6600.0,PE,0.0,0.0,0.0,206.2,14.2,0,0.0,97000
2014-11-10,2016-06-30,OPTIDX,NIFTY,6700.0,PE,0.0,0.0,0.0,111.9,17.45,0,0.0,266150
2014-11-10,2016-06-30,OPTIDX,NIFTY,6800.0,PE,0.0,0.0,0.0,170.1,21.25,0,0.0,120000
2014-11-10,2016-06-30,OPTIDX,NIFTY,6900.0,PE,0.0,0.0,0.0,907.8,25.75,0,0.0,10450
2014-11-10,2016-06-30,OPTIDX,NIFTY,7000.0,PE,0.0,0.0,0.0,435.4,30.9,0,0.0,14500
2014-11-10,2016-06-30,OPTIDX,NIFTY,7100.0,PE,0.0,0.0,0.0,447.0,36.85,0,0.0,25900
2014-11-10,2016-06-30,OPTIDX,NIFTY,7200.0,PE,0.0,0.0,0.0,442.5,43.65,0,0.0,0
2014-11-10,2016-06-30,OPTIDX,NIFTY,7300.0,PE,0.0,0.0,0.0,970.0,51.45,0,0.0,24200
2014-11-10,2016-06-30,OPTIDX,NIFTY,7400.0,PE,0.0,0.0,0.0,492.6,60.2,0,0.0,0
2014-11-10,2016-06-30,OPTIDX,NIFTY,7500.0,PE,0.0,0.0,0.0,480.8,70.1,0,0.0,0
2014-11-10,2016-06-30,OPTIDX,NIFTY,7600.0,PE,0.0,0.0,0.0,230.1,81.15,0,0.0,50
2014-11-10,2016-06-30,OPTIDX,NIFTY,7700.0,PE,0.0,0.0,0.0,556.5,93.5,0,0.0,0
2014-11-10,2016-06-30,OPTIDX,NIFTY,7800.0,PE,0.0,0.0,0.0,424.2,107.15,0,0.0,0
2014-11-10,2016-06-30,OPTIDX,NIFTY,7900.0,PE,0.0,0.0,0.0,422.7,122.2,0,0.0,0
2014-11-10,2016-06-30,OPTIDX,NIFTY,8000.0,PE,0.0,0.0,0.0,458.45,138.7,0,0.0,0
2014-11-10,2016-06-30,OPTIDX,NIFTY,8100.0,PE,0.0,0.0,0.0,495.8,156.75,0,0.0,0
2014-11-10,2016-06-30,OPTIDX,NIFTY,8200.0,PE,0.0,0.0,0.0,534.75,176.4,0,0.0,0
2014-11-10,2016-06-30,OPTIDX,NIFTY,8300.0,PE,0.0,0.0,0.0,575.3,198.0,0,0.0,0
2014-11-10,2016-06-30,OPTIDX,NIFTY,8400.0,PE,0.0,0.0,0.0,617.4,220.95,0,0.0,0
2014-11-10,2016-06-30,OPTIDX,NIFTY,8500.0,PE,0.0,0.0,0.0,648.2,245.65,0,0.0,0
2014-11-10,2016-06-30,OPTIDX,NIFTY,8600.0,PE,0.0,0.0,0.0,1174.15,272.15,0,0.0,0
2014-11-10,2016-06-30,OPTIDX,NIFTY,8700.0,PE,0.0,0.0,0.0,1303.0,300.2,0,0.0,0
2014-11-10,2016-06-30,OPTIDX,NIFTY,8800.0,PE,0.0,0.0,0.0,1243.35,330.4,0,0.0,0
2014-11-10,2016-06-30,OPTIDX,NIFTY,8900.0,PE,0.0,0.0,0.0,1029.5,362.55,0,0.0,0
2014-11-10,2016-06-30,OPTIDX,NIFTY,9000.0,PE,0.0,0.0,0.0,937.7,396.55,0,0.0,0
2014-11-10,2016-06-30,OPTIDX,NIFTY,9100.0,PE,0.0,0.0,0.0,920.95,432.45,0,0.0,0
2014-11-10,2016-06-30,OPTIDX,NIFTY,9200.0,PE,0.0,0.0,0.0,954.75,470.3,0,0.0,0
2014-11-10,2016-06-30,OPTIDX,NIFTY,9300.0,PE,0.0,0.0,0.0,1216.4,510.0,0,0.0,0
2014-11-10,2016-06-30,OPTIDX,NIFTY,9400.0,PE,0.0,0.0,0.0,1276.5,551.55,0,0.0,0
2014-11-10,2016-06-30,OPTIDX,NIFTY,9500.0,PE,0.0,0.0,0.0,1293.9,595.0,0,0.0,0
2014-11-10,2016-06-30,OPTIDX,NIFTY,9600.0,PE,0.0,0.0,0.0,1260.45,640.3,0,0.0,0
2014-11-10,2016-06-30,OPTIDX,NIFTY,9700.0,PE,0.0,0.0,0.0,1275.65,687.45,0,0.0,0
2014-11-10,2016-06-30,OPTIDX,NIFTY,9800.0,PE,0.0,0.0,0.0,1217.0,736.4,0,0.0,0
2014-11-10,2016-06-30,OPTIDX,NIFTY,9900.0,PE,0.0,0.0,0.0,1228.1,787.1,0,0.0,0
2014-11-10,2016-06-30,OPTIDX,NIFTY,10000.0,PE,0.0,0.0,0.0,1260.75,839.5,0,0.0,0
2014-11-10,2016-06-30,OPTIDX,NIFTY,10100.0,PE,0.0,0.0,0.0,1270.95,893.65,0,0.0,0
2014-11-10,2016-06-30,OPTIDX,NIFTY,10200.0,PE,0.0,0.0,0.0,1228.1,949.4,0,0.0,0
2014-11-10,2016-06-30,OPTIDX,NIFTY,10300.0,PE,0.0,0.0,0.0,1246.9,1006.75,0,0.0,0
2014-11-10,2016-06-30,OPTIDX,NIFTY,10400.0,PE,0.0,0.0,0.0,1143.3,1065.65,0,0.0,0
2014-11-10,2016-06-30,OPTIDX,NIFTY,10500.0,PE,0.0,0.0,0.0,1127.05,1126.05,0,0.0,0
2014-11-10,2016-06-30,OPTIDX,NIFTY,10600.0,PE,0.0,0.0,0.0,1124.75,1187.9,0,0.0,0
2014-11-10,2016-06-30,OPTIDX,NIFTY,10700.0,PE,0.0,0.0,0.0,1333.15,1251.15,0,0.0,0
2014-11-10,2016-12-29,OPTIDX,NIFTY,2800.0,CE,0.0,0.0,0.0,2978.25,6020.8,0,0.0,0
2014-11-10,2016-12-29,OPTIDX,NIFTY,2900.0,CE,0.0,0.0,0.0,2923.75,5937.8,0,0.0,0
2014-11-10,2016-12-29,OPTIDX,NIFTY,3000.0,CE,0.0,0.0,0.0,2869.85,5854.85,0,0.0,0
2014-11-10,2016-12-29,OPTIDX,NIFTY,3100.0,CE,0.0,0.0,0.0,2816.65,5771.85,0,0.0,0
2014-11-10,2016-12-29,OPTIDX,NIFTY,3200.0,CE,0.0,0.0,0.0,2764.1,5688.9,0,0.0,0
2014-11-10,2016-12-29,OPTIDX,NIFTY,3300.0,CE,0.0,0.0,0.0,2712.3,5605.9,0,0.0,0
2014-11-10,2016-12-29,OPTIDX,NIFTY,3400.0,CE,0.0,0.0,0.0,2661.15,5522.9,0,0.0,0
2014-11-10,2016-12-29,OPTIDX,NIFTY,3500.0,CE,0.0,0.0,0.0,2610.7,5439.95,0,0.0,0
2014-11-10,2016-12-29,OPTIDX,NIFTY,3600.0,CE,0.0,0.0,0.0,2561.0,5356.95,0,0.0,0
2014-11-10,2016-12-29,OPTIDX,NIFTY,3700.0,CE,0.0,0.0,0.0,2512.0,5274.0,0,0.0,0
2014-11-10,2016-12-29,OPTIDX,NIFTY,3800.0,CE,0.0,0.0,0.0,2463.8,5191.0,0,0.0,0
2014-11-10,2016-12-29,OPTIDX,NIFTY,3900.0,CE,0.0,0.0,0.0,2416.3,5108.0,0,0.0,0
2014-11-10,2016-12-29,OPTIDX,NIFTY,4000.0,CE,0.0,0.0,0.0,2369.55,5025.05,0,0.0,0
2014-11-10,2016-12-29,OPTIDX,NIFTY,4100.0,CE,0.0,0.0,0.0,2323.55,4942.05,0,0.0,0
2014-11-10,2016-12-29,OPTIDX,NIFTY,4200.0,CE,0.0,0.0,0.0,2278.4,4859.1,0,0.0,0
2014-11-10,2016-12-29,OPTIDX,NIFTY,4300.0,CE,0.0,0.0,0.0,2233.9,4776.1,0,0.0,0
2014-11-10,2016-12-29,OPTIDX,NIFTY,4400.0,CE,0.0,0.0,0.0,2190.15,4693.15,0,0.0,0
2014-11-10,2016-12-29,OPTIDX,NIFTY,4500.0,CE,0.0,0.0,0.0,2147.15,4610.2,0,0.0,0
2014-11-10,2016-12-29,OPTIDX,NIFTY,4600.0,CE,0.0,0.0,0.0,2104.9,4527.2,0,0.0,0
2014-11-10,2016-12-29,OPTIDX,NIFTY,4700.0,CE,0.0,0.0,0.0,2063.4,4444.3,0,0.0,0
2014-11-10,2016-12-29,OPTIDX,NIFTY,4800.0,CE,0.0,0.0,0.0,2022.6,4361.35,0,0.0,0
2014-11-10,2016-12-29,OPTIDX,NIFTY,4900.0,CE,0.0,0.0,0.0,1982.6,4278.45,0,0.0,0
2014-11-10,2016-12-29,OPTIDX,NIFTY,5000.0,CE,0.0,0.0,0.0,1943.3,4195.55,0,0.0,0
2014-11-10,2016-12-29,OPTIDX,NIFTY,5100.0,CE,0.0,0.0,0.0,1904.75,4112.7,0,0.0,0
2014-11-10,2016-12-29,OPTIDX,NIFTY,5200.0,CE,0.0,0.0,0.0,1866.9,4029.9,0,0.0,0
2014-11-10,2016-12-29,OPTIDX,NIFTY,5300.0,CE,0.0,0.0,0.0,1829.75,3947.15,0,0.0,0
2014-11-10,2016-12-29,OPTIDX,NIFTY,5400.0,CE,0.0,0.0,0.0,1793.3,3864.45,0,0.0,0
2014-11-10,2016-12-29,OPTIDX,NIFTY,5500.0,CE,0.0,0.0,0.0,1757.6,3781.85,0,0.0,0
2014-11-10,2016-12-29,OPTIDX,NIFTY,5600.0,CE,0.0,0.0,0.0,1520.0,3699.3,0,0.0,25000
2014-11-10,2016-12-29,OPTIDX,NIFTY,5700.0,CE,0.0,0.0,0.0,1499.0,3616.95,0,0.0,55000
2014-11-10,2016-12-29,OPTIDX,NIFTY,5800.0,CE,0.0,0.0,0.0,1654.5,3534.65,0,0.0,0
2014-11-10,2016-12-29,OPTIDX,NIFTY,5900.0,CE,0.0,0.0,0.0,1295.0,3452.6,0,0.0,58350
2014-11-10,2016-12-29,OPTIDX,NIFTY,6000.0,CE,0.0,0.0,0.0,1447.55,3370.7,0,0.0,55450
2014-11-10,2016-12-29,OPTIDX,NIFTY,6100.0,CE,0.0,0.0,0.0,2923.0,3289.0,0,0.0,538600
2014-11-10,2016-12-29,OPTIDX,NIFTY,6200.0,CE,0.0,0.0,0.0,2843.8,3207.6,0,0.0,150000
2014-11-10,2016-12-29,OPTIDX,NIFTY,6300.0,CE,0.0,0.0,0.0,1549.7,3126.5,0,0.0,183850
2014-11-10,2016-12-29,OPTIDX,NIFTY,6400.0,CE,0.0,0.0,0.0,1380.0,3045.7,0,0.0,0
2014-11-10,2016-12-29,OPTIDX,NIFTY,6500.0,CE,0.0,0.0,0.0,1510.0,2965.3,0,0.0,26850
2014-11-10,2016-12-29,OPTIDX,NIFTY,6600.0,CE,0.0,0.0,0.0,1499.45,2885.35,0,0.0,0
2014-11-10,2016-12-29,OPTIDX,NIFTY,6700.0,CE,0.0,0.0,0.0,1500.5,2805.85,0,0.0,73300
2014-11-10,2016-12-29,OPTIDX,NIFTY,6800.0,CE,0.0,0.0,0.0,1430.8,2726.9,0,0.0,8750
2014-11-10,2016-12-29,OPTIDX,NIFTY,6900.0,CE,0.0,0.0,0.0,1443.85,2648.5,0,0.0,0
2014-11-10,2016-12-29,OPTIDX,NIFTY,7000.0,CE,0.0,0.0,0.0,1417.0,2570.7,0,0.0,0
2014-11-10,2016-12-29,OPTIDX,NIFTY,7100.0,CE,0.0,0.0,0.0,1543.3,2493.6,0,0.0,0
2014-11-10,2016-12-29,OPTIDX,NIFTY,7200.0,CE,0.0,0.0,0.0,1537.75,2417.3,0,0.0,0
2014-11-10,2016-12-29,OPTIDX,NIFTY,7300.0,CE,0.0,0.0,0.0,1580.3,2341.7,0,0.0,0
2014-11-10,2016-12-29,OPTIDX,NIFTY,7400.0,CE,0.0,0.0,0.0,699.0,2267.0,0,0.0,3350
2014-11-10,2016-12-29,OPTIDX,NIFTY,7500.0,CE,0.0,0.0,0.0,1490.0,2193.25,0,0.0,39250
2014-11-10,2016-12-29,OPTIDX,NIFTY,7600.0,CE,0.0,0.0,0.0,1072.75,2120.4,0,0.0,0
2014-11-10,2016-12-29,OPTIDX,NIFTY,7700.0,CE,0.0,0.0,0.0,971.3,2048.6,0,0.0,0
2014-11-10,2016-12-29,OPTIDX,NIFTY,7800.0,CE,0.0,0.0,0.0,612.0,1977.85,0,0.0,4850
2014-11-10,2016-12-29,OPTIDX,NIFTY,7900.0,CE,0.0,0.0,0.0,701.2,1908.2,0,0.0,4400
2014-11-10,2016-12-29,OPTIDX,NIFTY,8000.0,CE,0.0,0.0,0.0,782.05,1839.75,0,0.0,0
2014-11-10,2016-12-29,OPTIDX,NIFTY,8100.0,CE,0.0,0.0,0.0,743.0,1772.5,0,0.0,0
2014-11-10,2016-12-29,OPTIDX,NIFTY,8200.0,CE,0.0,0.0,0.0,705.35,1706.55,0,0.0,0
2014-11-10,2016-12-29,OPTIDX,NIFTY,8300.0,CE,0.0,0.0,0.0,669.1,1641.9,0,0.0,0
2014-11-10,2016-12-29,OPTIDX,NIFTY,8400.0,CE,0.0,0.0,0.0,634.25,1578.55,0,0.0,0
2014-11-10,2016-12-29,OPTIDX,NIFTY,8500.0,CE,0.0,0.0,0.0,580.05,1516.9,0,0.0,0
2014-11-10,2016-12-29,OPTIDX,NIFTY,8600.0,CE,0.0,0.0,0.0,889.7,1456.3,0,0.0,0
2014-11-10,2016-12-29,OPTIDX,NIFTY,8700.0,CE,0.0,0.0,0.0,409.5,1397.15,0,0.0,4400
2014-11-10,2016-12-29,OPTIDX,NIFTY,8800.0,CE,0.0,0.0,0.0,805.25,1339.5,0,0.0,0
2014-11-10,2016-12-29,OPTIDX,NIFTY,8900.0,CE,0.0,0.0,0.0,666.65,1283.0,0,0.0,0
2014-11-10,2016-12-29,OPTIDX,NIFTY,9000.0,CE,0.0,0.0,0.0,523.45,1228.4,0,0.0,0
2014-11-10,2016-12-29,OPTIDX,NIFTY,9100.0,CE,0.0,0.0,0.0,491.9,1175.35,0,0.0,0
2014-11-10,2016-12-29,OPTIDX,NIFTY,9200.0,CE,0.0,0.0,0.0,730.6,1123.8,0,0.0,400
2014-11-10,2016-12-29,OPTIDX,NIFTY,9300.0,CE,0.0,0.0,0.0,622.4,1073.8,0,0.0,0
2014-11-10,2016-12-29,OPTIDX,NIFTY,9400.0,CE,0.0,0.0,0.0,773.3,1025.35,0,0.0,0
2014-11-10,2016-12-29,OPTIDX,NIFTY,9500.0,CE,0.0,0.0,0.0,806.5,978.4,0,0.0,0
2014-11-10,2016-12-29,OPTIDX,NIFTY,9600.0,CE,0.0,0.0,0.0,763.45,933.05,0,0.0,0
2014-11-10,2016-12-29,OPTIDX,NIFTY,9700.0,CE,0.0,0.0,0.0,752.8,889.2,0,0.0,0
2014-11-10,2016-12-29,OPTIDX,NIFTY,9800.0,CE,0.0,0.0,0.0,688.55,846.85,0,0.0,0
2014-11-10,2016-12-29,OPTIDX,NIFTY,9900.0,CE,0.0,0.0,0.0,683.55,806.0,0,0.0,0
2014-11-10,2016-12-29,OPTIDX,NIFTY,10000.0,CE,0.0,0.0,0.0,735.8,766.65,0,0.0,0
2014-11-10,2016-12-29,OPTIDX,NIFTY,10100.0,CE,0.0,0.0,0.0,741.3,728.8,0,0.0,0
2014-11-10,2016-12-29,OPTIDX,NIFTY,10200.0,CE,0.0,0.0,0.0,578.8,692.4,0,0.0,0
2014-11-10,2016-12-29,OPTIDX,NIFTY,10300.0,CE,0.0,0.0,0.0,617.55,657.4,0,0.0,0
2014-11-10,2016-12-29,OPTIDX,NIFTY,10400.0,CE,0.0,0.0,0.0,448.25,623.8,0,0.0,0
2014-11-10,2016-12-29,OPTIDX,NIFTY,10500.0,CE,0.0,0.0,0.0,487.0,591.55,0,0.0,0
2014-11-10,2016-12-29,OPTIDX,NIFTY,10600.0,CE,0.0,0.0,0.0,466.25,560.65,0,0.0,0
2014-11-10,2016-12-29,OPTIDX,NIFTY,10700.0,CE,0.0,0.0,0.0,628.65,531.1,0,0.0,0
2014-11-10,2016-12-29,OPTIDX,NIFTY,2800.0,PE,0.0,0.0,0.0,41.25,0.0,0,0.0,0
2014-11-10,2016-12-29,OPTIDX,NIFTY,2900.0,PE,0.0,0.0,0.0,47.8,0.0,0,0.0,0
2014-11-10,2016-12-29,OPTIDX,NIFTY,3000.0,PE,0.0,0.0,0.0,59.85,0.0,0,0.0,22900
2014-11-10,2016-12-29,OPTIDX,NIFTY,3100.0,PE,0.0,0.0,0.0,62.85,0.0,0,0.0,0
2014-11-10,2016-12-29,OPTIDX,NIFTY,3200.0,PE,0.0,0.0,0.0,71.35,0.0,0,0.0,0
2014-11-10,2016-12-29,OPTIDX,NIFTY,3300.0,PE,0.0,0.0,0.0,80.55,0.0,0,0.0,0
2014-11-10,2016-12-29,OPTIDX,NIFTY,3400.0,PE,0.0,0.0,0.0,90.45,0.0,0,0.0,0
2014-11-10,2016-12-29,OPTIDX,NIFTY,3500.0,PE,0.0,0.0,0.0,101.05,0.0,0,0.0,0
2014-11-10,2016-12-29,OPTIDX,NIFTY,3600.0,PE,0.0,0.0,0.0,81.7,0.0,0,0.0,69800
2014-11-10,2016-12-29,OPTIDX,NIFTY,3700.0,PE,0.0,0.0,0.0,124.45,0.0,0,0.0,0
2014-11-10,2016-12-29,OPTIDX,NIFTY,3800.0,PE,0.0,0.0,0.0,137.3,0.0,0,0.0,0
2014-11-10,2016-12-29,OPTIDX,NIFTY,3900.0,PE,0.0,0.0,0.0,150.85,0.0,0,0.0,0
2014-11-10,2016-12-29,OPTIDX,NIFTY,4000.0,PE,0.0,0.0,0.0,118.0,0.05,0,0.0,9450
2014-11-10,2016-12-29,OPTIDX,NIFTY,4100.0,PE,0.0,0.0,0.0,180.2,0.05,0,0.0,0
2014-11-10,2016-12-29,OPTIDX,NIFTY,4200.0,PE,0.0,0.0,0.0,30.0,0.05,0,0.0,17050
2014-11-10,2016-12-29,OPTIDX,NIFTY,4300.0,PE,0.0,0.0,0.0,23.0,0.05,0,0.0,25300
2014-11-10,2016-12-29,OPTIDX,NIFTY,4400.0,PE,0.0,0.0,0.0,229.9,0.05,0,0.0,0
2014-11-10,2016-12-29,OPTIDX,NIFTY,4500.0,PE,0.0,0.0,0.0,231.25,0.05,0,0.0,50
2014-11-10,2016-12-29,OPTIDX,NIFTY,4600.0,PE,0.0,0.0,0.0,318.8,0.1,0,0.0,0
2014-11-10,2016-12-29,OPTIDX,NIFTY,4700.0,PE,0.0,0.0,0.0,45.0,0.15,0,0.0,18100
2014-11-10,2016-12-29,OPTIDX,NIFTY,4800.0,PE,0.0,0.0,0.0,50.0,0.2,0,0.0,98450
2014-11-10,2016-12-29,OPTIDX,NIFTY,4900.0,PE,0.0,0.0,0.0,281.55,0.25,0,0.0,7150
2014-11-10,2016-12-29,OPTIDX,NIFTY,5000.0,PE,0.0,0.0,0.0,195.25,0.35,0,0.0,41650
2014-11-10,2016-12-29,OPTIDX,NIFTY,5100.0,PE,0.0,0.0,0.0,143.0,0.5,0,0.0,19650
2014-11-10,2016-12-29,OPTIDX,NIFTY,5200.0,PE,0.0,0.0,0.0,395.05,0.65,0,0.0,0
2014-11-10,2016-12-29,OPTIDX,NIFTY,5300.0,PE,0.0,0.0,0.0,418.95,0.9,0,0.0,0
2014-11-10,2016-12-29,OPTIDX,NIFTY,5400.0,PE,0.0,0.0,0.0,443.55,1.15,0,0.0,0
2014-11-10,2016-12-29,OPTIDX,NIFTY,5500.0,PE,0.0,0.0,0.0,510.0,1.55,0,0.0,0
2014-11-10,2016-12-29,OPTIDX,NIFTY,5600.0,PE,0.0,0.0,0.0,191.75,2.0,0,0.0,31400
2014-11-10,2016-12-29,OPTIDX,NIFTY,5700.0,PE,0.0,0.0,0.0,198.0,2.6,0,0.0,8300
2014-11-10,2016-12-29,OPTIDX,NIFTY,5800.0,PE,0.0,0.0,0.0,548.9,3.3,0,0.0,0
2014-11-10,2016-12-29,OPTIDX,NIFTY,5900.0,PE,0.0,0.0,0.0,160.0,4.2,0,0.0,2100
2014-11-10,2016-12-29,OPTIDX,NIFTY,6000.0,PE,0.0,0.0,0.0,375.0,5.3,0,0.0,32650
2014-11-10,2016-12-29,OPTIDX,NIFTY,6100.0,PE,0.0,0.0,0.0,173.4,6.6,0,0.0,112050
2014-11-10,2016-12-29,OPTIDX,NIFTY,6200.0,PE,0.0,0.0,0.0,208.2,8.2,0,0.0,96250
2014-11-10,2016-12-29,OPTIDX,NIFTY,6300.0,PE,0.0,0.0,0.0,548.0,10.05,0,0.0,30850
2014-11-10,2016-12-29,OPTIDX,NIFTY,6400.0,PE,0.0,0.0,0.0,425.0,12.25,0,0.0,22250
2014-11-10,2016-12-29,OPTIDX,NIFTY,6500.0,PE,0.0,0.0,0.0,544.5,14.85,0,0.0,25000
2014-11-10,2016-12-29,OPTIDX,NIFTY,6600.0,PE,0.0,0.0,0.0,544.0,17.85,0,0.0,15000
2014-11-10,2016-12-29,OPTIDX,NIFTY,6700.0,PE,0.0,0.0,0.0,470.2,21.35,0,0.0,9500
2014-11-10,2016-12-29,OPTIDX,NIFTY,6800.0,PE,0.0,0.0,0.0,775.0,25.35,0,0.0,23750
2014-11-10,2016-12-29,OPTIDX,NIFTY,6900.0,PE,0.0,0.0,0.0,573.05,29.9,0,0.0,0
2014-11-10,2016-12-29,OPTIDX,NIFTY,7000.0,PE,0.0,0.0,0.0,225.25,35.15,0,0.0,40500
2014-11-10,2016-12-29,OPTIDX,NIFTY,7100.0,PE,0.0,0.0,0.0,467.0,41.0,0,0.0,25900
2014-11-10,2016-12-29,OPTIDX,NIFTY,7200.0,PE,0.0,0.0,0.0,607.1,47.65,0,0.0,0
2014-11-10,2016-12-29,OPTIDX,NIFTY,7300.0,PE,0.0,0.0,0.0,527.8,55.1,0,0.0,0
2014-11-10,2016-12-29,OPTIDX,NIFTY,7400.0,PE,0.0,0.0,0.0,990.8,63.35,0,0.0,2950
2014-11-10,2016-12-29,OPTIDX,NIFTY,7500.0,PE,0.0,0.0,0.0,1041.25,72.55,0,0.0,1200
2014-11-10,2016-12-29,OPTIDX,NIFTY,7600.0,PE,0.0,0.0,0.0,536.9,82.7,0,0.0,0
2014-11-10,2016-12-29,OPTIDX,NIFTY,7700.0,PE,0.0,0.0,0.0,485.6,93.85,0,0.0,0
2014-11-10,2016-12-29,OPTIDX,NIFTY,7800.0,PE,0.0,0.0,0.0,349.15,106.1,0,0.0,0
2014-11-10,2016-12-29,OPTIDX,NIFTY,7900.0,PE,0.0,0.0,0.0,345.6,119.45,0,0.0,0
2014-11-10,2016-12-29,OPTIDX,NIFTY,8000.0,PE,0.0,0.0,0.0,375.1,134.0,0,0.0,0
2014-11-10,2016-12-29,OPTIDX,NIFTY,8100.0,PE,0.0,0.0,0.0,406.05,149.75,0,0.0,0
2014-11-10,2016-12-29,OPTIDX,NIFTY,8200.0,PE,0.0,0.0,0.0,438.45,166.75,0,0.0,0
2014-11-10,2016-12-29,OPTIDX,NIFTY,8300.0,PE,0.0,0.0,0.0,472.25,185.05,0,0.0,0
2014-11-10,2016-12-29,OPTIDX,NIFTY,8400.0,PE,0.0,0.0,0.0,507.4,204.7,0,0.0,0
2014-11-10,2016-12-29,OPTIDX,NIFTY,8500.0,PE,0.0,0.0,0.0,531.55,226.0,0,0.0,0
2014-11-10,2016-12-29,OPTIDX,NIFTY,8600.0,PE,0.0,0.0,0.0,1073.9,248.4,0,0.0,0
2014-11-10,2016-12-29,OPTIDX,NIFTY,8700.0,PE,0.0,0.0,0.0,1193.9,272.25,0,0.0,0
2014-11-10,2016-12-29,OPTIDX,NIFTY,8800.0,PE,0.0,0.0,0.0,1124.4,297.6,0,0.0,0
2014-11-10,2016-12-29,OPTIDX,NIFTY,8900.0,PE,0.0,0.0,0.0,883.7,324.05,0,0.0,0
2014-11-10,2016-12-29,OPTIDX,NIFTY,9000.0,PE,0.0,0.0,0.0,770.1,352.45,0,0.0,0
2014-11-10,2016-12-29,OPTIDX,NIFTY,9100.0,PE,0.0,0.0,0.0,749.65,382.35,0,0.0,0
2014-11-10,2016-12-29,OPTIDX,NIFTY,9200.0,PE,0.0,0.0,0.0,773.4,413.8,0,0.0,0
2014-11-10,2016-12-29,OPTIDX,NIFTY,9300.0,PE,0.0,0.0,0.0,1065.1,446.75,0,0.0,0
2014-11-10,2016-12-29,OPTIDX,NIFTY,9400.0,PE,0.0,0.0,0.0,1142.85,481.3,0,0.0,0
2014-11-10,2016-12-29,OPTIDX,NIFTY,9500.0,PE,0.0,0.0,0.0,1162.0,517.35,0,0.0,0
2014-11-10,2016-12-29,OPTIDX,NIFTY,9600.0,PE,0.0,0.0,0.0,1122.6,554.95,0,0.0,0
2014-11-10,2016-12-29,OPTIDX,NIFTY,9700.0,PE,0.0,0.0,0.0,1134.1,594.1,0,0.0,0
2014-11-10,2016-12-29,OPTIDX,NIFTY,9800.0,PE,0.0,0.0,0.0,1066.7,634.75,0,0.0,0
2014-11-10,2016-12-29,OPTIDX,NIFTY,9900.0,PE,0.0,0.0,0.0,1077.3,676.85,0,0.0,0
2014-11-10,2016-12-29,OPTIDX,NIFTY,10000.0,PE,0.0,0.0,0.0,1115.8,720.5,0,0.0,0
2014-11-10,2016-12-29,OPTIDX,NIFTY,10100.0,PE,0.0,0.0,0.0,1123.45,765.6,0,0.0,0
2014-11-10,2016-12-29,OPTIDX,NIFTY,10200.0,PE,0.0,0.0,0.0,1062.55,812.2,0,0.0,0
2014-11-10,2016-12-29,OPTIDX,NIFTY,10300.0,PE,0.0,0.0,0.0,1078.8,860.15,0,0.0,0
2014-11-10,2016-12-29,OPTIDX,NIFTY,10400.0,PE,0.0,0.0,0.0,943.05,909.55,0,0.0,0
2014-11-10,2016-12-29,OPTIDX,NIFTY,10500.0,PE,0.0,0.0,0.0,932.55,960.3,0,0.0,0
2014-11-10,2016-12-29,OPTIDX,NIFTY,10600.0,PE,0.0,0.0,0.0,924.8,1012.4,0,0.0,0
2014-11-10,2016-12-29,OPTIDX,NIFTY,10700.0,PE,0.0,0.0,0.0,1164.6,1065.8,0,0.0,0
2014-11-10,2017-06-29,OPTIDX,NIFTY,3200.0,CE,0.0,0.0,0.0,3014.55,5802.0,0,0.0,0
2014-11-10,2017-06-29,OPTIDX,NIFTY,3300.0,CE,0.0,0.0,0.0,3096.8,5722.55,0,0.0,0
2014-11-10,2017-06-29,OPTIDX,NIFTY,3400.0,CE,0.0,0.0,0.0,3035.75,5643.1,0,0.0,0
2014-11-10,2017-06-29,OPTIDX,NIFTY,3500.0,CE,0.0,0.0,0.0,2974.95,5563.65,0,0.0,0
2014-11-10,2017-06-29,OPTIDX,NIFTY,3600.0,CE,0.0,0.0,0.0,2914.4,5484.2,0,0.0,0
2014-11-10,2017-06-29,OPTIDX,NIFTY,3700.0,CE,0.0,0.0,0.0,2854.15,5404.75,0,0.0,0
2014-11-10,2017-06-29,OPTIDX,NIFTY,3800.0,CE,0.0,0.0,0.0,2794.25,5325.3,0,0.0,0
2014-11-10,2017-06-29,OPTIDX,NIFTY,3900.0,CE,0.0,0.0,0.0,2734.7,5245.9,0,0.0,0
2014-11-10,2017-06-29,OPTIDX,NIFTY,4000.0,CE,0.0,0.0,0.0,2675.55,5166.45,0,0.0,0
2014-11-10,2017-06-29,OPTIDX,NIFTY,4100.0,CE,0.0,0.0,0.0,2616.85,5087.0,0,0.0,0
2014-11-10,2017-06-29,OPTIDX,NIFTY,4200.0,CE,0.0,0.0,0.0,2558.6,5007.55,0,0.0,0
2014-11-10,2017-06-29,OPTIDX,NIFTY,4300.0,CE,0.0,0.0,0.0,2500.8,4928.15,0,0.0,0
2014-11-10,2017-06-29,OPTIDX,NIFTY,4400.0,CE,0.0,0.0,0.0,2443.6,4848.7,0,0.0,0
2014-11-10,2017-06-29,OPTIDX,NIFTY,4500.0,CE,0.0,0.0,0.0,2386.9,4769.3,0,0.0,0
2014-11-10,2017-06-29,OPTIDX,NIFTY,4600.0,CE,0.0,0.0,0.0,2330.8,4689.9,0,0.0,0
2014-11-10,2017-06-29,OPTIDX,NIFTY,4700.0,CE,0.0,0.0,0.0,2275.3,4610.55,0,0.0,0
2014-11-10,2017-06-29,OPTIDX,NIFTY,4800.0,CE,0.0,0.0,0.0,2220.45,4531.15,0,0.0,0
2014-11-10,2017-06-29,OPTIDX,NIFTY,4900.0,CE,0.0,0.0,0.0,2166.25,4451.85,0,0.0,0
2014-11-10,2017-06-29,OPTIDX,NIFTY,5000.0,CE,0.0,0.0,0.0,2112.75,4372.55,0,0.0,0
2014-11-10,2017-06-29,OPTIDX,NIFTY,5100.0,CE,0.0,0.0,0.0,2060.0,4293.3,0,0.0,0
2014-11-10,2017-06-29,OPTIDX,NIFTY,5200.0,CE,0.0,0.0,0.0,2007.95,4214.1,0,0.0,0
2014-11-10,2017-06-29,OPTIDX,NIFTY,5300.0,CE,0.0,0.0,0.0,1956.65,4134.95,0,0.0,0
2014-11-10,2017-06-29,OPTIDX,NIFTY,5400.0,CE,0.0,0.0,0.0,1906.15,4055.9,0,0.0,0
2014-11-10,2017-06-29,OPTIDX,NIFTY,5500.0,CE,0.0,0.0,0.0,1856.4,3976.95,0,0.0,0
2014-11-10,2017-06-29,OPTIDX,NIFTY,5600.0,CE,0.0,0.0,0.0,1807.5,3898.1,0,0.0,0
2014-11-10,2017-06-29,OPTIDX,NIFTY,5700.0,CE,0.0,0.0,0.0,1759.4,3819.4,0,0.0,0
2014-11-10,2017-06-29,OPTIDX,NIFTY,5800.0,CE,0.0,0.0,0.0,1712.1,3740.8,0,0.0,0
2014-11-10,2017-06-29,OPTIDX,NIFTY,5900.0,CE,0.0,0.0,0.0,1665.85,3662.4,0,0.0,0
2014-11-10,2017-06-29,OPTIDX,NIFTY,6000.0,CE,0.0,0.0,0.0,1620.25,3584.2,0,0.0,0
2014-11-10,2017-06-29,OPTIDX,NIFTY,6100.0,CE,0.0,0.0,0.0,1615.85,3506.2,0,0.0,50000
2014-11-10,2017-06-29,OPTIDX,NIFTY,6200.0,CE,0.0,0.0,0.0,1641.0,3428.5,0,0.0,75000
2014-11-10,2017-06-29,OPTIDX,NIFTY,6300.0,CE,0.0,0.0,0.0,1488.7,3351.05,0,0.0,0
2014-11-10,2017-06-29,OPTIDX,NIFTY,6400.0,CE,0.0,0.0,0.0,1446.6,3273.95,0,0.0,0
2014-11-10,2017-06-29,OPTIDX,NIFTY,6500.0,CE,0.0,0.0,0.0,1405.35,3197.15,0,0.0,0
2014-11-10,2017-06-29,OPTIDX,NIFTY,6600.0,CE,0.0,0.0,0.0,1603.0,3120.8,0,0.0,100000
2014-11-10,2017-06-29,OPTIDX,NIFTY,6700.0,CE,0.0,0.0,0.0,1570.0,3044.8,0,0.0,14700
2014-11-10,2017-06-29,OPTIDX,NIFTY,6800.0,CE,0.0,0.0,0.0,2517.0,2969.35,0,0.0,127500
2014-11-10,2017-06-29,OPTIDX,NIFTY,6900.0,CE,0.0,0.0,0.0,1249.05,2894.35,0,0.0,0
2014-11-10,2017-06-29,OPTIDX,NIFTY,7000.0,CE,0.0,0.0,0.0,1415.6,2819.9,0,0.0,0
2014-11-10,2017-06-29,OPTIDX,NIFTY,7100.0,CE,0.0,0.0,0.0,1380.6,2746.05,0,0.0,0
2014-11-10,2017-06-29,OPTIDX,NIFTY,7200.0,CE,0.0,0.0,0.0,1601.0,2672.8,0,0.0,25000
2014-11-10,2017-06-29,OPTIDX,NIFTY,7300.0,CE,0.0,0.0,0.0,1580.7,2600.25,0,0.0,200000
2014-11-10,2017-06-29,OPTIDX,NIFTY,7400.0,CE,0.0,0.0,0.0,1630.0,2528.45,0,0.0,8400
2014-11-10,2017-06-29,OPTIDX,NIFTY,7500.0,CE,0.0,0.0,0.0,1624.35,2457.35,0,0.0,92500
2014-11-10,2017-06-29,OPTIDX,NIFTY,7600.0,CE,0.0,0.0,0.0,1238.3,2387.05,0,0.0,0
2014-11-10,2017-06-29,OPTIDX,NIFTY,7700.0,CE,0.0,0.0,0.0,1500.0,2317.65,0,0.0,371400
2014-11-10,2017-06-29,OPTIDX,NIFTY,7800.0,CE,0.0,0.0,0.0,1501.2,2249.05,0,0.0,41000
2014-11-10,2017-06-29,OPTIDX,NIFTY,7900.0,CE,0.0,0.0,0.0,1001.4,2181.4,0,0.0,0
2014-11-10,2017-06-29,OPTIDX,NIFTY,8000.0,CE,0.0,0.0,0.0,1549.15,2114.75,0,0.0,184000
2014-11-10,2017-06-29,OPTIDX,NIFTY,8100.0,CE,0.0,0.0,0.0,1643.7,2049.05,0,0.0,151250
2014-11-10,2017-06-29,OPTIDX,NIFTY,8200.0,CE,0.0,0.0,0.0,1585.0,1984.35,0,0.0,38500
2014-11-10,2017-06-29,OPTIDX,NIFTY,8300.0,CE,0.0,0.0,0.0,838.55,1920.75,0,0.0,0
2014-11-10,2017-06-29,OPTIDX,NIFTY,8400.0,CE,0.0,0.0,0.0,800.95,1858.25,0,0.0,0
2014-11-10,2017-06-29,OPTIDX,NIFTY,8500.0,CE,0.0,0.0,0.0,742.2,1796.85,0,0.0,0
2014-11-10,2017-06-29,OPTIDX,NIFTY,8600.0,CE,0.0,0.0,0.0,1059.65,1736.6,0,0.0,0
2014-11-10,2017-06-29,OPTIDX,NIFTY,8700.0,CE,0.0,0.0,0.0,1127.85,1677.75,0,0.0,0
2014-11-10,2017-06-29,OPTIDX,NIFTY,8800.0,CE,0.0,0.0,0.0,994.65,1619.8,0,0.0,0
2014-11-10,2017-06-29,OPTIDX,NIFTY,8900.0,CE,0.0,0.0,0.0,869.5,1563.1,0,0.0,0
2014-11-10,2017-06-29,OPTIDX,NIFTY,9000.0,CE,0.0,0.0,0.0,719.95,1507.65,0,0.0,0
2014-11-10,2017-06-29,OPTIDX,NIFTY,9100.0,CE,0.0,0.0,0.0,686.1,1453.4,0,0.0,0
2014-11-10,2017-06-29,OPTIDX,NIFTY,9200.0,CE,0.0,0.0,0.0,597.2,1400.1,0,0.0,0
2014-11-10,2017-06-29,OPTIDX,NIFTY,9300.0,CE,0.0,0.0,0.0,821.5,1348.5,0,0.0,0
2014-11-10,2017-06-29,OPTIDX,NIFTY,9400.0,CE,0.0,0.0,0.0,988.2,1298.1,0,0.0,0
2014-11-10,2017-06-29,OPTIDX,NIFTY,9500.0,CE,0.0,0.0,0.0,1026.1,1249.05,0,0.0,0
2014-11-10,2017-06-29,OPTIDX,NIFTY,9600.0,CE,0.0,0.0,0.0,981.55,1201.25,0,0.0,0
2014-11-10,2017-06-29,OPTIDX,NIFTY,9700.0,CE,0.0,0.0,0.0,971.3,1154.75,0,0.0,0
2014-11-10,2017-06-29,OPTIDX,NIFTY,9800.0,CE,0.0,0.0,0.0,903.9,1109.55,0,0.0,0
2014-11-10,2017-06-29,OPTIDX,NIFTY,9900.0,CE,0.0,0.0,0.0,899.8,1065.65,0,0.0,0
2014-11-10,2017-06-29,OPTIDX,NIFTY,10000.0,CE,0.0,0.0,0.0,958.25,1023.0,0,0.0,0
2014-11-10,2017-06-29,OPTIDX,NIFTY,10100.0,CE,0.0,0.0,0.0,966.45,981.6,0,0.0,0
2014-11-10,2017-06-29,OPTIDX,NIFTY,10200.0,CE,0.0,0.0,0.0,787.6,941.45,0,0.0,0
2014-11-10,2017-06-29,OPTIDX,NIFTY,10300.0,CE,0.0,0.0,0.0,842.05,902.6,0,0.0,0
2014-11-10,2017-06-29,OPTIDX,NIFTY,10400.0,CE,0.0,0.0,0.0,655.95,864.95,0,0.0,0
2014-11-10,2017-06-29,OPTIDX,NIFTY,10500.0,CE,0.0,0.0,0.0,703.6,828.5,0,0.0,0
2014-11-10,2017-06-29,OPTIDX,NIFTY,10600.0,CE,0.0,0.0,0.0,681.65,793.3,0,0.0,0
2014-11-10,2017-06-29,OPTIDX,NIFTY,10700.0,CE,0.0,0.0,0.0,867.45,759.25,0,0.0,0
2014-11-10,2017-06-29,OPTIDX,NIFTY,3200.0,PE,0.0,0.0,0.0,3.95,0.0,0,0.0,0
2014-11-10,2017-06-29,OPTIDX,NIFTY,3300.0,PE,0.0,0.0,0.0,5.0,0.0,0,0.0,0
2014-11-10,2017-06-29,OPTIDX,NIFTY,3400.0,PE,0.0,0.0,0.0,6.25,0.0,0,0.0,0
2014-11-10,2017-06-29,OPTIDX,NIFTY,3500.0,PE,0.0,0.0,0.0,7.8,0.0,0,0.0,0
2014-11-10,2017-06-29,OPTIDX,NIFTY,3600.0,PE,0.0,0.0,0.0,70.05,0.0,0,0.0,14950
2014-11-10,2017-06-29,OPTIDX,NIFTY,3700.0,PE,0.0,0.0,0.0,11.7,0.0,0,0.0,0
2014-11-10,2017-06-29,OPTIDX,NIFTY,3800.0,PE,0.0,0.0,0.0,14.15,0.05,0,0.0,0
2014-11-10,2017-06-29,OPTIDX,NIFTY,3900.0,PE,0.0,0.0,0.0,16.95,0.05,0,0.0,0
2014-11-10,2017-06-29,OPTIDX,NIFTY,4000.0,PE,0.0,0.0,0.0,148.35,0.05,0,0.0,13950
2014-11-10,2017-06-29,OPTIDX,NIFTY,4100.0,PE,0.0,0.0,0.0,23.75,0.05,0,0.0,0
2014-11-10,2017-06-29,OPTIDX,NIFTY,4200.0,PE,0.0,0.0,0.0,27.85,0.05,0,0.0,0
2014-11-10,2017-06-29,OPTIDX,NIFTY,4300.0,PE,0.0,0.0,0.0,114.4,0.1,0,0.0,17700
2014-11-10,2017-06-29,OPTIDX,NIFTY,4400.0,PE,0.0,0.0,0.0,37.55,0.1,0,0.0,0
2014-11-10,2017-06-29,OPTIDX,NIFTY,4500.0,PE,0.0,0.0,0.0,43.2,0.15,0,0.0,0
2014-11-10,2017-06-29,OPTIDX,NIFTY,4600.0,PE,0.0,0.0,0.0,49.45,0.2,0,0.0,0
2014-11-10,2017-06-29,OPTIDX,NIFTY,4700.0,PE,0.0,0.0,0.0,166.5,0.25,0,0.0,33300
2014-11-10,2017-06-29,OPTIDX,NIFTY,4800.0,PE,0.0,0.0,0.0,213.0,0.35,0,0.0,50
2014-11-10,2017-06-29,OPTIDX,NIFTY,4900.0,PE,0.0,0.0,0.0,71.95,0.45,0,0.0,0
2014-11-10,2017-06-29,OPTIDX,NIFTY,5000.0,PE,0.0,0.0,0.0,157.75,0.6,0,0.0,18500
2014-11-10,2017-06-29,OPTIDX,NIFTY,5100.0,PE,0.0,0.0,0.0,170.0,0.8,0,0.0,19650
2014-11-10,2017-06-29,OPTIDX,NIFTY,5200.0,PE,0.0,0.0,0.0,100.65,1.05,0,0.0,0
2014-11-10,2017-06-29,OPTIDX,NIFTY,5300.0,PE,0.0,0.0,0.0,115.0,1.35,0,0.0,38200
2014-11-10,2017-06-29,OPTIDX,NIFTY,5400.0,PE,0.0,0.0,0.0,240.0,1.75,0,0.0,33300
2014-11-10,2017-06-29,OPTIDX,NIFTY,5500.0,PE,0.0,0.0,0.0,132.65,2.25,0,0.0,16800
2014-11-10,2017-06-29,OPTIDX,NIFTY,5600.0,PE,0.0,0.0,0.0,212.9,2.85,0,0.0,900
2014-11-10,2017-06-29,OPTIDX,NIFTY,5700.0,PE,0.0,0.0,0.0,229.0,3.55,0,0.0,8300
2014-11-10,2017-06-29,OPTIDX,NIFTY,5800.0,PE,0.0,0.0,0.0,328.9,4.45,0,0.0,38400
2014-11-10,2017-06-29,OPTIDX,NIFTY,5900.0,PE,0.0,0.0,0.0,194.95,5.5,0,0.0,0
2014-11-10,2017-06-29,OPTIDX,NIFTY,6000.0,PE,0.0,0.0,0.0,362.3,6.75,0,0.0,16700
2014-11-10,2017-06-29,OPTIDX,NIFTY,6100.0,PE,0.0,0.0,0.0,229.3,8.2,0,0.0,0
2014-11-10,2017-06-29,OPTIDX,NIFTY,6200.0,PE,0.0,0.0,0.0,247.8,9.9,0,0.0,0
2014-11-10,2017-06-29,OPTIDX,NIFTY,6300.0,PE,0.0,0.0,0.0,467.8,11.9,0,0.0,42300
2014-11-10,2017-06-29,OPTIDX,NIFTY,6400.0,PE,0.0,0.0,0.0,287.4,14.25,0,0.0,0
2014-11-10,2017-06-29,OPTIDX,NIFTY,6500.0,PE,0.0,0.0,0.0,200.0,16.9,0,0.0,54300
2014-11-10,2017-06-29,OPTIDX,NIFTY,6600.0,PE,0.0,0.0,0.0,220.0,20.0,0,0.0,50000
2014-11-10,2017-06-29,OPTIDX,NIFTY,6700.0,PE,0.0,0.0,0.0,186.5,23.45,0,0.0,150850
2014-11-10,2017-06-29,OPTIDX,NIFTY,6800.0,PE,0.0,0.0,0.0,525.55,27.4,0,0.0,7600
2014-11-10,2017-06-29,OPTIDX,NIFTY,6900.0,PE,0.0,0.0,0.0,401.6,31.9,0,0.0,0
2014-11-10,2017-06-29,OPTIDX,NIFTY,7000.0,PE,0.0,0.0,0.0,470.95,36.9,0,0.0,14500
2014-11-10,2017-06-29,OPTIDX,NIFTY,7100.0,PE,0.0,0.0,0.0,498.0,42.5,0,0.0,27950
2014-11-10,2017-06-29,OPTIDX,NIFTY,7200.0,PE,0.0,0.0,0.0,385.45,48.7,0,0.0,0
2014-11-10,2017-06-29,OPTIDX,NIFTY,7300.0,PE,0.0,0.0,0.0,493.9,55.6,0,0.0,0
2014-11-10,2017-06-29,OPTIDX,NIFTY,7400.0,PE,0.0,0.0,0.0,720.0,63.2,0,0.0,16700
2014-11-10,2017-06-29,OPTIDX,NIFTY,7500.0,PE,0.0,0.0,0.0,459.65,71.55,0,0.0,50000
2014-11-10,2017-06-29,OPTIDX,NIFTY,7600.0,PE,0.0,0.0,0.0,479.0,80.75,0,0.0,0
2014-11-10,2017-06-29,OPTIDX,NIFTY,7700.0,PE,0.0,0.0,0.0,363.15,90.75,0,0.0,135400
2014-11-10,2017-06-29,OPTIDX,NIFTY,7800.0,PE,0.0,0.0,0.0,377.2,101.6,0,0.0,135350
2014-11-10,2017-06-29,OPTIDX,NIFTY,7900.0,PE,0.0,0.0,0.0,411.75,113.4,0,0.0,15150
2014-11-10,2017-06-29,OPTIDX,NIFTY,8000.0,PE,0.0,0.0,0.0,424.7,126.2,0,0.0,62550
2014-11-10,2017-06-29,OPTIDX,NIFTY,8100.0,PE,0.0,0.0,0.0,333.5,139.95,0,0.0,0
2014-11-10,2017-06-29,OPTIDX,NIFTY,8200.0,PE,0.0,0.0,0.0,360.4,154.7,0,0.0,0
2014-11-10,2017-06-29,OPTIDX,NIFTY,8300.0,PE,0.0,0.0,0.0,388.5,170.55,0,0.0,0
2014-11-10,2017-06-29,OPTIDX,NIFTY,8400.0,PE,0.0,0.0,0.0,417.9,187.45,0,0.0,0
2014-11-10,2017-06-29,OPTIDX,NIFTY,8500.0,PE,0.0,0.0,0.0,683.5,205.5,0,0.0,7500
2014-11-10,2017-06-29,OPTIDX,NIFTY,8600.0,PE,0.0,0.0,0.0,984.75,224.7,0,0.0,0
2014-11-10,2017-06-29,OPTIDX,NIFTY,8700.0,PE,0.0,0.0,0.0,1097.0,245.35,0,0.0,0
2014-11-10,2017-06-29,OPTIDX,NIFTY,8800.0,PE,0.0,0.0,0.0,833.0,266.85,0,0.0,228050
2014-11-10,2017-06-29,OPTIDX,NIFTY,8900.0,PE,0.0,0.0,0.0,762.7,289.6,0,0.0,0
2014-11-10,2017-06-29,OPTIDX,NIFTY,9000.0,PE,0.0,0.0,0.0,635.7,313.55,0,0.0,0
2014-11-10,2017-06-29,OPTIDX,NIFTY,9100.0,PE,0.0,0.0,0.0,613.2,338.75,0,0.0,0
2014-11-10,2017-06-29,OPTIDX,NIFTY,9200.0,PE,0.0,0.0,0.0,1044.0,364.9,0,0.0,2200
2014-11-10,2017-06-29,OPTIDX,NIFTY,9300.0,PE,0.0,0.0,0.0,949.75,392.75,0,0.0,132500
2014-11-10,2017-06-29,OPTIDX,NIFTY,9400.0,PE,0.0,0.0,0.0,1028.05,421.8,0,0.0,0
2014-11-10,2017-06-29,OPTIDX,NIFTY,9500.0,PE,0.0,0.0,0.0,1048.3,452.2,0,0.0,0
2014-11-10,2017-06-29,OPTIDX,NIFTY,9600.0,PE,0.0,0.0,0.0,1000.0,483.85,0,0.0,261700
2014-11-10,2017-06-29,OPTIDX,NIFTY,9700.0,PE,0.0,0.0,0.0,1031.0,516.8,0,0.0,238600
2014-11-10,2017-06-29,OPTIDX,NIFTY,9800.0,PE,0.0,0.0,0.0,940.3,551.05,0,0.0,0
2014-11-10,2017-06-29,OPTIDX,NIFTY,9900.0,PE,0.0,0.0,0.0,1127.4,586.55,0,0.0,72900
2014-11-10,2017-06-29,OPTIDX,NIFTY,10000.0,PE,0.0,0.0,0.0,992.95,623.35,0,0.0,0
2014-11-10,2017-06-29,OPTIDX,NIFTY,10100.0,PE,0.0,0.0,0.0,998.6,661.45,0,0.0,0
2014-11-10,2017-06-29,OPTIDX,NIFTY,10200.0,PE,0.0,0.0,0.0,925.3,700.7,0,0.0,0
2014-11-10,2017-06-29,OPTIDX,NIFTY,10300.0,PE,0.0,0.0,0.0,1340.7,741.3,0,0.0,114900
2014-11-10,2017-06-29,OPTIDX,NIFTY,10400.0,PE,0.0,0.0,0.0,783.6,783.1,0,0.0,0
2014-11-10,2017-06-29,OPTIDX,NIFTY,10500.0,PE,0.0,0.0,0.0,777.35,826.1,0,0.0,0
2014-11-10,2017-06-29,OPTIDX,NIFTY,10600.0,PE,0.0,0.0,0.0,765.95,870.35,0,0.0,0
2014-11-10,2017-06-29,OPTIDX,NIFTY,10700.0,PE,0.0,0.0,0.0,1025.2,915.75,0,0.0,0
2014-11-10,2017-12-28,OPTIDX,NIFTY,3500.0,CE,0.0,0.0,0.0,3201.55,5682.1,0,0.0,0
2014-11-10,2017-12-28,OPTIDX,NIFTY,3600.0,CE,0.0,0.0,0.0,3703.25,5606.05,0,0.0,0
2014-11-10,2017-12-28,OPTIDX,NIFTY,3700.0,CE,0.0,0.0,0.0,3639.2,5530.0,0,0.0,0
2014-11-10,2017-12-28,OPTIDX,NIFTY,3800.0,CE,0.0,0.0,0.0,3575.15,5453.9,0,0.0,0
2014-11-10,2017-12-28,OPTIDX,NIFTY,3900.0,CE,0.0,0.0,0.0,3511.15,5377.85,0,0.0,0
2014-11-10,2017-12-28,OPTIDX,NIFTY,4000.0,CE,0.0,0.0,0.0,3447.15,5301.8,0,0.0,0
2014-11-10,2017-12-28,OPTIDX,NIFTY,4100.0,CE,0.0,0.0,0.0,3249.9,5225.75,0,0.0,0
2014-11-10,2017-12-28,OPTIDX,NIFTY,4200.0,CE,0.0,0.0,0.0,3186.15,5149.75,0,0.0,0
2014-11-10,2017-12-28,OPTIDX,NIFTY,4300.0,CE,0.0,0.0,0.0,3122.55,5073.7,0,0.0,0
2014-11-10,2017-12-28,OPTIDX,NIFTY,4400.0,CE,0.0,0.0,0.0,3058.95,4997.7,0,0.0,0
2014-11-10,2017-12-28,OPTIDX,NIFTY,4500.0,CE,0.0,0.0,0.0,2995.5,4921.65,0,0.0,0
2014-11-10,2017-12-28,OPTIDX,NIFTY,4600.0,CE,0.0,0.0,0.0,2932.1,4845.7,0,0.0,0
2014-11-10,2017-12-28,OPTIDX,NIFTY,4700.0,CE,0.0,0.0,0.0,2868.9,4769.7,0,0.0,0
2014-11-10,2017-12-28,OPTIDX,NIFTY,4800.0,CE,0.0,0.0,0.0,2805.8,4693.8,0,0.0,0
2014-11-10,2017-12-28,OPTIDX,NIFTY,4900.0,CE,0.0,0.0,0.0,2742.9,4617.9,0,0.0,0
2014-11-10,2017-12-28,OPTIDX,NIFTY,5000.0,CE,0.0,0.0,0.0,2680.2,4542.0,0,0.0,0
2014-11-10,2017-12-28,OPTIDX,NIFTY,5100.0,CE,0.0,0.0,0.0,2617.7,4466.2,0,0.0,0
2014-11-10,2017-12-28,OPTIDX,NIFTY,5200.0,CE,0.0,0.0,0.0,2555.5,4390.45,0,0.0,0
2014-11-10,2017-12-28,OPTIDX,NIFTY,5300.0,CE,0.0,0.0,0.0,2493.55,4314.75,0,0.0,0
2014-11-10,2017-12-28,OPTIDX,NIFTY,5400.0,CE,0.0,0.0,0.0,2431.95,4239.2,0,0.0,0
2014-11-10,2017-12-28,OPTIDX,NIFTY,5500.0,CE,0.0,0.0,0.0,2370.7,4163.7,0,0.0,0
2014-11-10,2017-12-28,OPTIDX,NIFTY,5600.0,CE,0.0,0.0,0.0,2309.85,4088.3,0,0.0,0
2014-11-10,2017-12-28,OPTIDX,NIFTY,5700.0,CE,0.0,0.0,0.0,2249.4,4013.05,0,0.0,0
2014-11-10,2017-12-28,OPTIDX,NIFTY,5800.0,CE,0.0,0.0,0.0,2189.45,3937.95,0,0.0,0
2014-11-10,2017-12-28,OPTIDX,NIFTY,5900.0,CE,0.0,0.0,0.0,2130.0,3863.0,0,0.0,0
2014-11-10,2017-12-28,OPTIDX,NIFTY,6000.0,CE,0.0,0.0,0.0,2071.1,3788.25,0,0.0,0
2014-11-10,2017-12-28,OPTIDX,NIFTY,6100.0,CE,0.0,0.0,0.0,2012.8,3713.7,0,0.0,0
2014-11-10,2017-12-28,OPTIDX,NIFTY,6200.0,CE,0.0,0.0,0.0,1955.1,3639.4,0,0.0,0
2014-11-10,2017-12-28,OPTIDX,NIFTY,6300.0,CE,0.0,0.0,0.0,1898.05,3565.4,0,0.0,0
2014-11-10,2017-12-28,OPTIDX,NIFTY,6400.0,CE,0.0,0.0,0.0,1841.7,3491.65,0,0.0,0
2014-11-10,2017-12-28,OPTIDX,NIFTY,6500.0,CE,0.0,0.0,0.0,1786.05,3418.2,0,0.0,0
2014-11-10,2017-12-28,OPTIDX,NIFTY,6600.0,CE,0.0,0.0,0.0,1731.2,3345.15,0,0.0,0
2014-11-10,2017-12-28,OPTIDX,NIFTY,6700.0,CE,0.0,0.0,0.0,1677.15,3272.45,0,0.0,0
2014-11-10,2017-12-28,OPTIDX,NIFTY,6800.0,CE,0.0,0.0,0.0,1623.95,3200.15,0,0.0,0
2014-11-10,2017-12-28,OPTIDX,NIFTY,6900.0,CE,0.0,0.0,0.0,1571.6,3128.3,0,0.0,0
2014-11-10,2017-12-28,OPTIDX,NIFTY,7000.0,CE,0.0,0.0,0.0,1520.15,3056.95,0,0.0,0
2014-11-10,2017-12-28,OPTIDX,NIFTY,7100.0,CE,0.0,0.0,0.0,1469.6,2986.05,0,0.0,0
2014-11-10,2017-12-28,OPTIDX,NIFTY,7200.0,CE,0.0,0.0,0.0,1420.0,2915.7,0,0.0,0
2014-11-10,2017-12-28,OPTIDX,NIFTY,7300.0,CE,0.0,0.0,0.0,1371.4,2845.95,0,0.0,0
2014-11-10,2017-12-28,OPTIDX,NIFTY,7400.0,CE,0.0,0.0,0.0,1323.9,2776.8,0,0.0,0
2014-11-10,2017-12-28,OPTIDX,NIFTY,7500.0,CE,0.0,0.0,0.0,1751.4,2708.3,0,0.0,247500
2014-11-10,2017-12-28,OPTIDX,NIFTY,7600.0,CE,0.0,0.0,0.0,1805.0,2640.45,0,0.0,175000
2014-11-10,2017-12-28,OPTIDX,NIFTY,7700.0,CE,0.0,0.0,0.0,1800.7,2573.3,0,0.0,150000
2014-11-10,2017-12-28,OPTIDX,NIFTY,7800.0,CE,0.0,0.0,0.0,2004.0,2506.85,0,0.0,265000
2014-11-10,2017-12-28,OPTIDX,NIFTY,7900.0,CE,0.0,0.0,0.0,1181.9,2441.2,0,0.0,0
2014-11-10,2017-12-28,OPTIDX,NIFTY,8000.0,CE,0.0,0.0,0.0,1883.8,2376.35,0,0.0,356000
2014-11-10,2017-12-28,OPTIDX,NIFTY,8100.0,CE,0.0,0.0,0.0,1824.0,2312.35,0,0.0,610000
2014-11-10,2017-12-28,OPTIDX,NIFTY,8200.0,CE,0.0,0.0,0.0,1766.1,2249.15,0,0.0,50050
2014-11-10,2017-12-28,OPTIDX,NIFTY,8300.0,CE,0.0,0.0,0.0,1012.45,2186.85,0,0.0,0
2014-11-10,2017-12-28,OPTIDX,NIFTY,8400.0,CE,0.0,0.0,0.0,972.9,2125.45,0,0.0,0
2014-11-10,2017-12-28,OPTIDX,NIFTY,8500.0,CE,0.0,0.0,0.0,910.95,2064.95,0,0.0,0
2014-11-10,2017-12-28,OPTIDX,NIFTY,8600.0,CE,0.0,0.0,0.0,1228.3,2005.4,0,0.0,0
2014-11-10,2017-12-28,OPTIDX,NIFTY,8700.0,CE,0.0,0.0,0.0,1318.35,1946.85,0,0.0,0
2014-11-10,2017-12-28,OPTIDX,NIFTY,8800.0,CE,0.0,0.0,0.0,1183.2,1889.3,0,0.0,0
2014-11-10,2017-12-28,OPTIDX,NIFTY,8900.0,CE,0.0,0.0,0.0,1076.2,1832.95,0,0.0,0
2014-11-10,2017-12-28,OPTIDX,NIFTY,9000.0,CE,0.0,0.0,0.0,926.2,1777.4,0,0.0,0
2014-11-10,2017-12-28,OPTIDX,NIFTY,9100.0,CE,0.0,0.0,0.0,891.5,1722.85,0,0.0,0
2014-11-10,2017-12-28,OPTIDX,NIFTY,9200.0,CE,0.0,0.0,0.0,791.85,1669.35,0,0.0,0
2014-11-10,2017-12-28,OPTIDX,NIFTY,9300.0,CE,0.0,0.0,0.0,1024.7,1616.95,0,0.0,0
2014-11-10,2017-12-28,OPTIDX,NIFTY,9400.0,CE,0.0,0.0,0.0,1203.1,1565.6,0,0.0,0
2014-11-10,2017-12-28,OPTIDX,NIFTY,9500.0,CE,0.0,0.0,0.0,1245.05,1515.3,0,0.0,0
2014-11-10,2017-12-28,OPTIDX,NIFTY,9600.0,CE,0.0,0.0,0.0,1200.4,1465.85,0,0.0,0
2014-11-10,2017-12-28,OPTIDX,NIFTY,9700.0,CE,0.0,0.0,0.0,1191.0,1417.8,0,0.0,0
2014-11-10,2017-12-28,OPTIDX,NIFTY,9800.0,CE,0.0,0.0,0.0,1122.7,1370.85,0,0.0,0
2014-11-10,2017-12-28,OPTIDX,NIFTY,9900.0,CE,0.0,0.0,0.0,1119.65,1325.0,0,0.0,0
2014-11-10,2017-12-28,OPTIDX,NIFTY,10000.0,CE,0.0,0.0,0.0,1182.8,1280.25,0,0.0,0
2014-11-10,2017-12-28,OPTIDX,NIFTY,10100.0,CE,0.0,0.0,0.0,1193.9,1236.6,0,0.0,0
2014-11-10,2017-12-28,OPTIDX,NIFTY,10200.0,CE,0.0,0.0,0.0,1003.55,1194.05,0,0.0,0
2014-11-10,2017-12-28,OPTIDX,NIFTY,10300.0,CE,0.0,0.0,0.0,1072.8,1152.55,0,0.0,0
2014-11-10,2017-12-28,OPTIDX,NIFTY,10400.0,CE,0.0,0.0,0.0,878.25,1112.15,0,0.0,0
2014-11-10,2017-12-28,OPTIDX,NIFTY,10500.0,CE,0.0,0.0,0.0,933.65,1072.8,0,0.0,0
2014-11-10,2017-12-28,OPTIDX,NIFTY,10600.0,CE,0.0,0.0,0.0,911.85,1034.5,0,0.0,0
2014-11-10,2017-12-28,OPTIDX,NIFTY,10700.0,CE,0.0,0.0,0.0,1111.6,997.3,0,0.0,0
2014-11-10,2017-12-28,OPTIDX,NIFTY,3500.0,PE,0.0,0.0,0.0,53.35,0.0,0,0.0,0
2014-11-10,2017-12-28,OPTIDX,NIFTY,3600.0,PE,0.0,0.0,0.0,0.05,0.05,0,0.0,0
2014-11-10,2017-12-28,OPTIDX,NIFTY,3700.0,PE,0.0,0.0,0.0,0.1,0.05,0,0.0,0
2014-11-10,2017-12-28,OPTIDX,NIFTY,3800.0,PE,0.0,0.0,0.0,0.1,0.05,0,0.0,0
2014-11-10,2017-12-28,OPTIDX,NIFTY,3900.0,PE,0.0,0.0,0.0,0.15,0.05,0,0.0,0
2014-11-10,2017-12-28,OPTIDX,NIFTY,4000.0,PE,0.0,0.0,0.0,0.25,0.05,0,0.0,0
2014-11-10,2017-12-28,OPTIDX,NIFTY,4100.0,PE,0.0,0.0,0.0,0.6,0.05,0,0.0,0
2014-11-10,2017-12-28,OPTIDX,NIFTY,4200.0,PE,0.0,0.0,0.0,0.85,0.1,0,0.0,0
2014-11-10,2017-12-28,OPTIDX,NIFTY,4300.0,PE,0.0,0.0,0.0,1.1,0.1,0,0.0,0
2014-11-10,2017-12-28,OPTIDX,NIFTY,4400.0,PE,0.0,0.0,0.0,1.5,0.15,0,0.0,0
2014-11-10,2017-12-28,OPTIDX,NIFTY,4500.0,PE,0.0,0.0,0.0,1.9,0.2,0,0.0,0
2014-11-10,2017-12-28,OPTIDX,NIFTY,4600.0,PE,0.0,0.0,0.0,2.5,0.3,0,0.0,0
2014-11-10,2017-12-28,OPTIDX,NIFTY,4700.0,PE,0.0,0.0,0.0,3.15,0.4,0,0.0,0
2014-11-10,2017-12-28,OPTIDX,NIFTY,4800.0,PE,0.0,0.0,0.0,4.0,0.5,0,0.0,0
2014-11-10,2017-12-28,OPTIDX,NIFTY,4900.0,PE,0.0,0.0,0.0,5.0,0.65,0,0.0,0
2014-11-10,2017-12-28,OPTIDX,NIFTY,5000.0,PE,0.0,0.0,0.0,27.75,0.85,0,0.0,33200
2014-11-10,2017-12-28,OPTIDX,NIFTY,5100.0,PE,0.0,0.0,0.0,7.7,1.1,0,0.0,0
2014-11-10,2017-12-28,OPTIDX,NIFTY,5200.0,PE,0.0,0.0,0.0,9.4,1.45,0,0.0,0
2014-11-10,2017-12-28,OPTIDX,NIFTY,5300.0,PE,0.0,0.0,0.0,11.35,1.8,0,0.0,0
2014-11-10,2017-12-28,OPTIDX,NIFTY,5400.0,PE,0.0,0.0,0.0,13.7,2.3,0,0.0,0
2014-11-10,2017-12-28,OPTIDX,NIFTY,5500.0,PE,0.0,0.0,0.0,29.0,2.85,0,0.0,9800
2014-11-10,2017-12-28,OPTIDX,NIFTY,5600.0,PE,0.0,0.0,0.0,19.45,3.5,0,0.0,0
2014-11-10,2017-12-28,OPTIDX,NIFTY,5700.0,PE,0.0,0.0,0.0,22.95,4.35,0,0.0,0
2014-11-10,2017-12-28,OPTIDX,NIFTY,5800.0,PE,0.0,0.0,0.0,26.9,5.3,0,0.0,0
2014-11-10,2017-12-28,OPTIDX,NIFTY,5900.0,PE,0.0,0.0,0.0,31.35,6.4,0,0.0,0
2014-11-10,2017-12-28,OPTIDX,NIFTY,6000.0,PE,0.0,0.0,0.0,172.75,7.75,0,0.0,5100
2014-11-10,2017-12-28,OPTIDX,NIFTY,6100.0,PE,0.0,0.0,0.0,42.0,9.25,0,0.0,0
2014-11-10,2017-12-28,OPTIDX,NIFTY,6200.0,PE,0.0,0.0,0.0,48.2,11.0,0,0.0,0
2014-11-10,2017-12-28,OPTIDX,NIFTY,6300.0,PE,0.0,0.0,0.0,55.1,13.05,0,0.0,0
2014-11-10,2017-12-28,OPTIDX,NIFTY,6400.0,PE,0.0,0.0,0.0,62.65,15.35,0,0.0,0
2014-11-10,2017-12-28,OPTIDX,NIFTY,6500.0,PE,0.0,0.0,0.0,321.0,18.0,0,0.0,5000
2014-11-10,2017-12-28,OPTIDX,NIFTY,6600.0,PE,0.0,0.0,0.0,80.05,21.0,0,0.0,0
2014-11-10,2017-12-28,OPTIDX,NIFTY,6700.0,PE,0.0,0.0,0.0,89.9,24.35,0,0.0,0
2014-11-10,2017-12-28,OPTIDX,NIFTY,6800.0,PE,0.0,0.0,0.0,100.65,28.15,0,0.0,0
2014-11-10,2017-12-28,OPTIDX,NIFTY,6900.0,PE,0.0,0.0,0.0,112.2,32.35,0,0.0,0
2014-11-10,2017-12-28,OPTIDX,NIFTY,7000.0,PE,0.0,0.0,0.0,124.65,37.05,0,0.0,0
2014-11-10,2017-12-28,OPTIDX,NIFTY,7100.0,PE,0.0,0.0,0.0,138.05,42.2,0,0.0,0
2014-11-10,2017-12-28,OPTIDX,NIFTY,7200.0,PE,0.0,0.0,0.0,152.35,47.95,0,0.0,0
2014-11-10,2017-12-28,OPTIDX,NIFTY,7300.0,PE,0.0,0.0,0.0,167.65,54.25,0,0.0,0
2014-11-10,2017-12-28,OPTIDX,NIFTY,7400.0,PE,0.0,0.0,0.0,184.15,61.15,0,0.0,0
2014-11-10,2017-12-28,OPTIDX,NIFTY,7500.0,PE,0.0,0.0,0.0,201.4,68.7,0,0.0,0
2014-11-10,2017-12-28,OPTIDX,NIFTY,7600.0,PE,0.0,0.0,0.0,219.65,76.9,0,0.0,0
2014-11-10,2017-12-28,OPTIDX,NIFTY,7700.0,PE,0.0,0.0,0.0,239.0,85.8,0,0.0,0
2014-11-10,2017-12-28,OPTIDX,NIFTY,7800.0,PE,0.0,0.0,0.0,239.1,95.45,0,0.0,0
2014-11-10,2017-12-28,OPTIDX,NIFTY,7900.0,PE,0.0,0.0,0.0,233.5,105.9,0,0.0,0
2014-11-10,2017-12-28,OPTIDX,NIFTY,8000.0,PE,0.0,0.0,0.0,253.65,117.1,0,0.0,0
2014-11-10,2017-12-28,OPTIDX,NIFTY,8100.0,PE,0.0,0.0,0.0,274.85,129.1,0,0.0,0
2014-11-10,2017-12-28,OPTIDX,NIFTY,8200.0,PE,0.0,0.0,0.0,296.9,142.0,0,0.0,0
2014-11-10,2017-12-28,OPTIDX,NIFTY,8300.0,PE,0.0,0.0,0.0,320.35,155.75,0,0.0,0
2014-11-10,2017-12-28,OPTIDX,NIFTY,8400.0,PE,0.0,0.0,0.0,344.85,170.4,0,0.0,0
2014-11-10,2017-12-28,OPTIDX,NIFTY,8500.0,PE,0.0,0.0,0.0,359.3,186.0,0,0.0,0
2014-11-10,2017-12-28,OPTIDX,NIFTY,8600.0,PE,0.0,0.0,0.0,904.85,202.5,0,0.0,0
2014-11-10,2017-12-28,OPTIDX,NIFTY,8700.0,PE,0.0,0.0,0.0,1010.05,220.0,0,0.0,0
2014-11-10,2017-12-28,OPTIDX,NIFTY,8800.0,PE,0.0,0.0,0.0,928.65,238.5,0,0.0,0
2014-11-10,2017-12-28,OPTIDX,NIFTY,8900.0,PE,0.0,0.0,0.0,661.1,258.25,0,0.0,0
2014-11-10,2017-12-28,OPTIDX,NIFTY,9000.0,PE,0.0,0.0,0.0,527.05,278.7,0,0.0,0
2014-11-10,2017-12-28,OPTIDX,NIFTY,9100.0,PE,0.0,0.0,0.0,503.7,300.25,0,0.0,0
2014-11-10,2017-12-28,OPTIDX,NIFTY,9200.0,PE,0.0,0.0,0.0,513.25,322.8,0,0.0,0
2014-11-10,2017-12-28,OPTIDX,NIFTY,9300.0,PE,0.0,0.0,0.0,829.3,346.45,0,0.0,0
2014-11-10,2017-12-28,OPTIDX,NIFTY,9400.0,PE,0.0,0.0,0.0,928.05,371.15,0,0.0,0
2014-11-10,2017-12-28,OPTIDX,NIFTY,9500.0,PE,0.0,0.0,0.0,948.9,396.95,0,0.0,0
2014-11-10,2017-12-28,OPTIDX,NIFTY,9600.0,PE,0.0,0.0,0.0,902.8,423.55,0,0.0,0
2014-11-10,2017-12-28,OPTIDX,NIFTY,9700.0,PE,0.0,0.0,0.0,909.05,451.55,0,0.0,0
2014-11-10,2017-12-28,OPTIDX,NIFTY,9800.0,PE,0.0,0.0,0.0,832.45,480.7,0,0.0,0
2014-11-10,2017-12-28,OPTIDX,NIFTY,9900.0,PE,0.0,0.0,0.0,1080.0,510.9,0,0.0,126050
2014-11-10,2017-12-28,OPTIDX,NIFTY,10000.0,PE,0.0,0.0,0.0,887.2,542.2,0,0.0,0
2014-11-10,2017-12-28,OPTIDX,NIFTY,10100.0,PE,0.0,0.0,0.0,891.25,574.6,0,0.0,0
2014-11-10,2017-12-28,OPTIDX,NIFTY,10200.0,PE,0.0,0.0,0.0,809.65,608.1,0,0.0,0
2014-11-10,2017-12-28,OPTIDX,NIFTY,10300.0,PE,0.0,0.0,0.0,823.05,642.7,0,0.0,0
2014-11-10,2017-12-28,OPTIDX,NIFTY,10400.0,PE,0.0,0.0,0.0,654.7,678.35,0,0.0,0
2014-11-10,2017-12-28,OPTIDX,NIFTY,10500.0,PE,0.0,0.0,0.0,651.75,715.1,0,0.0,0
2014-11-10,2017-12-28,OPTIDX,NIFTY,10600.0,PE,0.0,0.0,0.0,638.05,752.85,0,0.0,0
2014-11-10,2017-12-28,OPTIDX,NIFTY,10700.0,PE,0.0,0.0,0.0,907.35,791.7,0,0.0,0
2014-11-10,2018-06-28,OPTIDX,NIFTY,3500.0,CE,0.0,0.0,0.0,3318.15,5795.5,0,0.0,0
2014-11-10,2018-06-28,OPTIDX,NIFTY,3600.0,CE,0.0,0.0,0.0,3653.75,5722.7,0,0.0,0
2014-11-10,2018-06-28,OPTIDX,NIFTY,3700.0,CE,0.0,0.0,0.0,3592.35,5649.85,0,0.0,0
2014-11-10,2018-06-28,OPTIDX,NIFTY,3800.0,CE,0.0,0.0,0.0,3531.4,5577.05,0,0.0,0
2014-11-10,2018-06-28,OPTIDX,NIFTY,3900.0,CE,0.0,0.0,0.0,3179.05,5504.25,0,0.0,0
2014-11-10,2018-06-28,OPTIDX,NIFTY,4000.0,CE,0.0,0.0,0.0,3119.6,5431.45,0,0.0,0
2014-11-10,2018-06-28,OPTIDX,NIFTY,4100.0,CE,0.0,0.0,0.0,3060.65,5358.65,0,0.0,0
2014-11-10,2018-06-28,OPTIDX,NIFTY,4200.0,CE,0.0,0.0,0.0,3002.3,5285.85,0,0.0,0
2014-11-10,2018-06-28,OPTIDX,NIFTY,4300.0,CE,0.0,0.0,0.0,2944.5,5213.05,0,0.0,0
2014-11-10,2018-06-28,OPTIDX,NIFTY,4400.0,CE,0.0,0.0,0.0,2887.35,5140.3,0,0.0,0
2014-11-10,2018-06-28,OPTIDX,NIFTY,4500.0,CE,0.0,0.0,0.0,2830.8,5067.55,0,0.0,0
2014-11-10,2018-06-28,OPTIDX,NIFTY,4600.0,CE,0.0,0.0,0.0,2774.9,4994.85,0,0.0,0
2014-11-10,2018-06-28,OPTIDX,NIFTY,4700.0,CE,0.0,0.0,0.0,2719.65,4922.15,0,0.0,0
2014-11-10,2018-06-28,OPTIDX,NIFTY,4800.0,CE,0.0,0.0,0.0,2665.1,4849.45,0,0.0,0
2014-11-10,2018-06-28,OPTIDX,NIFTY,4900.0,CE,0.0,0.0,0.0,2611.25,4776.85,0,0.0,0
2014-11-10,2018-06-28,OPTIDX,NIFTY,5000.0,CE,0.0,0.0,0.0,2558.05,4704.25,0,0.0,0
2014-11-10,2018-06-28,OPTIDX,NIFTY,5100.0,CE,0.0,0.0,0.0,2505.6,4631.7,0,0.0,0
2014-11-10,2018-06-28,OPTIDX,NIFTY,5200.0,CE,0.0,0.0,0.0,2453.9,4559.25,0,0.0,0
2014-11-10,2018-06-28,OPTIDX,NIFTY,5300.0,CE,0.0,0.0,0.0,2402.9,4486.85,0,0.0,0
2014-11-10,2018-06-28,OPTIDX,NIFTY,5400.0,CE,0.0,0.0,0.0,2352.65,4414.55,0,0.0,0
2014-11-10,2018-06-28,OPTIDX,NIFTY,5500.0,CE,0.0,0.0,0.0,2303.15,4342.35,0,0.0,0
2014-11-10,2018-06-28,OPTIDX,NIFTY,5600.0,CE,0.0,0.0,0.0,2254.55,4270.25,0,0.0,0
2014-11-10,2018-06-28,OPTIDX,NIFTY,5700.0,CE,0.0,0.0,0.0,2206.55,4198.25,0,0.0,0
2014-11-10,2018-06-28,OPTIDX,NIFTY,5800.0,CE,0.0,0.0,0.0,2159.3,4126.45,0,0.0,0
2014-11-10,2018-06-28,OPTIDX,NIFTY,5900.0,CE,0.0,0.0,0.0,2112.85,4054.75,0,0.0,0
2014-11-10,2018-06-28,OPTIDX,NIFTY,6000.0,CE,0.0,0.0,0.0,2067.15,3983.25,0,0.0,0
2014-11-10,2018-06-28,OPTIDX,NIFTY,6100.0,CE,0.0,0.0,0.0,2022.2,3911.95,0,0.0,0
2014-11-10,2018-06-28,OPTIDX,NIFTY,6200.0,CE,0.0,0.0,0.0,1978.05,3840.9,0,0.0,0
2014-11-10,2018-06-28,OPTIDX,NIFTY,6300.0,CE,0.0,0.0,0.0,1934.65,3770.05,0,0.0,0
2014-11-10,2018-06-28,OPTIDX,NIFTY,6400.0,CE,0.0,0.0,0.0,1892.05,3699.5,0,0.0,0
2014-11-10,2018-06-28,OPTIDX,NIFTY,6500.0,CE,0.0,0.0,0.0,1850.2,3629.2,0,0.0,0
2014-11-10,2018-06-28,OPTIDX,NIFTY,6600.0,CE,0.0,0.0,0.0,1809.1,3559.2,0,0.0,0
2014-11-10,2018-06-28,OPTIDX,NIFTY,6700.0,CE,0.0,0.0,0.0,1768.75,3489.55,0,0.0,0
2014-11-10,2018-06-28,OPTIDX,NIFTY,6800.0,CE,0.0,0.0,0.0,1729.2,3420.25,0,0.0,0
2014-11-10,2018-06-28,OPTIDX,NIFTY,6900.0,CE,0.0,0.0,0.0,1690.35,3351.35,0,0.0,0
2014-11-10,2018-06-28,OPTIDX,NIFTY,7000.0,CE,0.0,0.0,0.0,1652.25,3282.85,0,0.0,0
2014-11-10,2018-06-28,OPTIDX,NIFTY,7100.0,CE,0.0,0.0,0.0,1614.7,3214.8,0,0.0,0
2014-11-10,2018-06-28,OPTIDX,NIFTY,7200.0,CE,0.0,0.0,0.0,1578.1,3147.2,0,0.0,0
2014-11-10,2018-06-28,OPTIDX,NIFTY,7300.0,CE,0.0,0.0,0.0,1542.25,3080.05,0,0.0,0
2014-11-10,2018-06-28,OPTIDX,NIFTY,7400.0,CE,0.0,0.0,0.0,1507.1,3013.45,0,0.0,0
2014-11-10,2018-06-28,OPTIDX,NIFTY,7500.0,CE,0.0,0.0,0.0,1472.65,2947.4,0,0.0,0
2014-11-10,2018-06-28,OPTIDX,NIFTY,7600.0,CE,0.0,0.0,0.0,1677.9,2881.9,0,0.0,0
2014-11-10,2018-06-28,OPTIDX,NIFTY,7700.0,CE,0.0,0.0,0.0,1668.95,2817.0,0,0.0,0
2014-11-10,2018-06-28,OPTIDX,NIFTY,7800.0,CE,0.0,0.0,0.0,1631.5,2752.75,0,0.0,0
2014-11-10,2018-06-28,OPTIDX,NIFTY,7900.0,CE,0.0,0.0,0.0,1598.15,2689.1,0,0.0,0
2014-11-10,2018-06-28,OPTIDX,NIFTY,8000.0,CE,0.0,0.0,0.0,1565.5,2626.1,0,0.0,0
2014-11-10,2018-06-28,OPTIDX,NIFTY,8100.0,CE,0.0,0.0,0.0,1533.4,2563.85,0,0.0,0
2014-11-10,2018-06-28,OPTIDX,NIFTY,8200.0,CE,0.0,0.0,0.0,1502.0,2502.25,0,0.0,0
2014-11-10,2018-06-28,OPTIDX,NIFTY,8300.0,CE,0.0,0.0,0.0,1471.15,2441.45,0,0.0,0
2014-11-10,2018-06-28,OPTIDX,NIFTY,8400.0,CE,0.0,0.0,0.0,1440.95,2381.35,0,0.0,0
2014-11-10,2018-06-28,OPTIDX,NIFTY,8500.0,CE,0.0,0.0,0.0,1463.05,2322.05,0,0.0,0
2014-11-10,2018-06-28,OPTIDX,NIFTY,8600.0,CE,0.0,0.0,0.0,1726.25,2263.55,0,0.0,0
2014-11-10,2018-06-28,OPTIDX,NIFTY,8700.0,CE,0.0,0.0,0.0,1504.8,2205.85,0,0.0,0
2014-11-10,2018-06-28,OPTIDX,NIFTY,8800.0,CE,0.0,0.0,0.0,1369.6,2148.95,0,0.0,0
2014-11-10,2018-06-28,OPTIDX,NIFTY,8900.0,CE,0.0,0.0,0.0,1283.55,2092.95,0,0.0,0
2014-11-10,2018-06-28,OPTIDX,NIFTY,9000.0,CE,0.0,0.0,0.0,1137.3,2037.8,0,0.0,0
2014-11-10,2018-06-28,OPTIDX,NIFTY,9100.0,CE,0.0,0.0,0.0,1102.9,1983.75,0,0.0,0
2014-11-10,2018-06-28,OPTIDX,NIFTY,9200.0,CE,0.0,0.0,0.0,994.9,1930.3,0,0.0,0
2014-11-10,2018-06-28,OPTIDX,NIFTY,9300.0,CE,0.0,0.0,0.0,1228.95,1877.75,0,0.0,0
2014-11-10,2018-06-28,OPTIDX,NIFTY,9400.0,CE,0.0,0.0,0.0,1415.9,1826.15,0,0.0,0
2014-11-10,2018-06-28,OPTIDX,NIFTY,9500.0,CE,0.0,0.0,0.0,1461.4,1775.4,0,0.0,0
2014-11-10,2018-06-28,OPTIDX,NIFTY,9600.0,CE,0.0,0.0,0.0,1417.65,1725.6,0,0.0,0
2014-11-10,2018-06-28,OPTIDX,NIFTY,9700.0,CE,0.0,0.0,0.0,1409.5,1676.75,0,0.0,0
2014-11-10,2018-06-28,OPTIDX,NIFTY,9800.0,CE,0.0,0.0,0.0,1341.9,1628.85,0,0.0,0
2014-11-10,2018-06-28,OPTIDX,NIFTY,9900.0,CE,0.0,0.0,0.0,1340.05,1581.55,0,0.0,0
2014-11-10,2018-06-28,OPTIDX,NIFTY,10000.0,CE,0.0,0.0,0.0,1406.8,1535.55,0,0.0,0
2014-11-10,2018-06-28,OPTIDX,NIFTY,10100.0,CE,0.0,0.0,0.0,1420.75,1490.5,0,0.0,0
2014-11-10,2018-06-28,OPTIDX,NIFTY,10200.0,CE,0.0,0.0,0.0,1222.65,1446.4,0,0.0,0
2014-11-10,2018-06-28,OPTIDX,NIFTY,10300.0,CE,0.0,0.0,0.0,1305.75,1403.2,0,0.0,0
2014-11-10,2018-06-28,OPTIDX,NIFTY,10400.0,CE,0.0,0.0,0.0,1109.0,1361.0,0,0.0,0
2014-11-10,2018-06-28,OPTIDX,NIFTY,10500.0,CE,0.0,0.0,0.0,1170.9,1319.7,0,0.0,0
2014-11-10,2018-06-28,OPTIDX,NIFTY,10600.0,CE,0.0,0.0,0.0,1150.25,1279.35,0,0.0,0
2014-11-10,2018-06-28,OPTIDX,NIFTY,10700.0,CE,0.0,0.0,0.0,1357.05,1239.95,0,0.0,0
2014-11-10,2018-06-28,OPTIDX,NIFTY,3500.0,PE,0.0,0.0,0.0,53.5,0.05,0,0.0,0
2014-11-10,2018-06-28,OPTIDX,NIFTY,3600.0,PE,0.0,0.0,0.0,32.45,0.05,0,0.0,0
2014-11-10,2018-06-28,OPTIDX,NIFTY,3700.0,PE,0.0,0.0,0.0,37.35,0.05,0,0.0,0
2014-11-10,2018-06-28,OPTIDX,NIFTY,3800.0,PE,0.0,0.0,0.0,42.75,0.05,0,0.0,0
2014-11-10,2018-06-28,OPTIDX,NIFTY,3900.0,PE,0.0,0.0,0.0,40.1,0.05,0,0.0,0
2014-11-10,2018-06-28,OPTIDX,NIFTY,4000.0,PE,0.0,0.0,0.0,45.85,0.1,0,0.0,0
2014-11-10,2018-06-28,OPTIDX,NIFTY,4100.0,PE,0.0,0.0,0.0,52.15,0.1,0,0.0,0
2014-11-10,2018-06-28,OPTIDX,NIFTY,4200.0,PE,0.0,0.0,0.0,59.0,0.15,0,0.0,0
2014-11-10,2018-06-28,OPTIDX,NIFTY,4300.0,PE,0.0,0.0,0.0,66.45,0.2,0,0.0,0
2014-11-10,2018-06-28,OPTIDX,NIFTY,4400.0,PE,0.0,0.0,0.0,74.5,0.25,0,0.0,0
2014-11-10,2018-06-28,OPTIDX,NIFTY,4500.0,PE,0.0,0.0,0.0,83.15,0.3,0,0.0,0
2014-11-10,2018-06-28,OPTIDX,NIFTY,4600.0,PE,0.0,0.0,0.0,92.45,0.4,0,0.0,0
2014-11-10,2018-06-28,OPTIDX,NIFTY,4700.0,PE,0.0,0.0,0.0,102.45,0.5,0,0.0,0
2014-11-10,2018-06-28,OPTIDX,NIFTY,4800.0,PE,0.0,0.0,0.0,113.1,0.7,0,0.0,0
2014-11-10,2018-06-28,OPTIDX,NIFTY,4900.0,PE,0.0,0.0,0.0,124.45,0.85,0,0.0,0
2014-11-10,2018-06-28,OPTIDX,NIFTY,5000.0,PE,0.0,0.0,0.0,276.0,1.1,0,0.0,50
2014-11-10,2018-06-28,OPTIDX,NIFTY,5100.0,PE,0.0,0.0,0.0,149.25,1.4,0,0.0,0
2014-11-10,2018-06-28,OPTIDX,NIFTY,5200.0,PE,0.0,0.0,0.0,162.75,1.75,0,0.0,0
2014-11-10,2018-06-28,OPTIDX,NIFTY,5300.0,PE,0.0,0.0,0.0,177.0,2.2,0,0.0,0
2014-11-10,2018-06-28,OPTIDX,NIFTY,5400.0,PE,0.0,0.0,0.0,191.95,2.7,0,0.0,0
2014-11-10,2018-06-28,OPTIDX,NIFTY,5500.0,PE,0.0,0.0,0.0,207.65,3.3,0,0.0,0
2014-11-10,2018-06-28,OPTIDX,NIFTY,5600.0,PE,0.0,0.0,0.0,224.3,4.05,0,0.0,0
2014-11-10,2018-06-28,OPTIDX,NIFTY,5700.0,PE,0.0,0.0,0.0,241.5,4.9,0,0.0,0
2014-11-10,2018-06-28,OPTIDX,NIFTY,5800.0,PE,0.0,0.0,0.0,259.5,5.85,0,0.0,0
2014-11-10,2018-06-28,OPTIDX,NIFTY,5900.0,PE,0.0,0.0,0.0,278.25,7.0,0,0.0,0
2014-11-10,2018-06-28,OPTIDX,NIFTY,6000.0,PE,0.0,0.0,0.0,297.75,8.35,0,0.0,0
2014-11-10,2018-06-28,OPTIDX,NIFTY,6100.0,PE,0.0,0.0,0.0,318.05,9.85,0,0.0,0
2014-11-10,2018-06-28,OPTIDX,NIFTY,6200.0,PE,0.0,0.0,0.0,339.1,11.6,0,0.0,0
2014-11-10,2018-06-28,OPTIDX,NIFTY,6300.0,PE,0.0,0.0,0.0,360.9,13.6,0,0.0,0
2014-11-10,2018-06-28,OPTIDX,NIFTY,6400.0,PE,0.0,0.0,0.0,383.5,15.85,0,0.0,0
2014-11-10,2018-06-28,OPTIDX,NIFTY,6500.0,PE,0.0,0.0,0.0,406.85,18.4,0,0.0,0
2014-11-10,2018-06-28,OPTIDX,NIFTY,6600.0,PE,0.0,0.0,0.0,431.0,21.2,0,0.0,0
2014-11-10,2018-06-28,OPTIDX,NIFTY,6700.0,PE,0.0,0.0,0.0,455.85,24.4,0,0.0,0
2014-11-10,2018-06-28,OPTIDX,NIFTY,6800.0,PE,0.0,0.0,0.0,481.5,27.9,0,0.0,0
2014-11-10,2018-06-28,OPTIDX,NIFTY,6900.0,PE,0.0,0.0,0.0,507.9,31.8,0,0.0,0
2014-11-10,2018-06-28,OPTIDX,NIFTY,7000.0,PE,0.0,0.0,0.0,535.05,36.15,0,0.0,0
2014-11-10,2018-06-28,OPTIDX,NIFTY,7100.0,PE,0.0,0.0,0.0,562.65,40.9,0,0.0,0
2014-11-10,2018-06-28,OPTIDX,NIFTY,7200.0,PE,0.0,0.0,0.0,591.3,46.1,0,0.0,0
2014-11-10,2018-06-28,OPTIDX,NIFTY,7300.0,PE,0.0,0.0,0.0,620.65,51.85,0,0.0,0
2014-11-10,2018-06-28,OPTIDX,NIFTY,7400.0,PE,0.0,0.0,0.0,650.7,58.05,0,0.0,0
2014-11-10,2018-06-28,OPTIDX,NIFTY,7500.0,PE,0.0,0.0,0.0,681.5,64.8,0,0.0,0
2014-11-10,2018-06-28,OPTIDX,NIFTY,7600.0,PE,0.0,0.0,0.0,800.55,72.15,0,0.0,0
2014-11-10,2018-06-28,OPTIDX,NIFTY,7700.0,PE,0.0,0.0,0.0,801.45,80.05,0,0.0,0
2014-11-10,2018-06-28,OPTIDX,NIFTY,7800.0,PE,0.0,0.0,0.0,795.85,88.6,0,0.0,0
2014-11-10,2018-06-28,OPTIDX,NIFTY,7900.0,PE,0.0,0.0,0.0,828.85,97.8,0,0.0,0
2014-11-10,2018-06-28,OPTIDX,NIFTY,8000.0,PE,0.0,0.0,0.0,862.5,107.65,0,0.0,0
2014-11-10,2018-06-28,OPTIDX,NIFTY,8100.0,PE,0.0,0.0,0.0,896.8,118.2,0,0.0,0
2014-11-10,2018-06-28,OPTIDX,NIFTY,8200.0,PE,0.0,0.0,0.0,931.65,129.45,0,0.0,0
2014-11-10,2018-06-28,OPTIDX,NIFTY,8300.0,PE,0.0,0.0,0.0,967.15,141.4,0,0.0,0
2014-11-10,2018-06-28,OPTIDX,NIFTY,8400.0,PE,0.0,0.0,0.0,1003.25,154.15,0,0.0,0
2014-11-10,2018-06-28,OPTIDX,NIFTY,8500.0,PE,0.0,0.0,0.0,699.15,167.7,0,0.0,0
2014-11-10,2018-06-28,OPTIDX,NIFTY,8600.0,PE,0.0,0.0,0.0,1047.35,182.0,0,0.0,0
2014-11-10,2018-06-28,OPTIDX,NIFTY,8700.0,PE,0.0,0.0,0.0,931.45,197.1,0,0.0,0
2014-11-10,2018-06-28,OPTIDX,NIFTY,8800.0,PE,0.0,0.0,0.0,846.95,213.05,0,0.0,0
2014-11-10,2018-06-28,OPTIDX,NIFTY,8900.0,PE,0.0,0.0,0.0,574.95,229.85,0,0.0,0
2014-11-10,2018-06-28,OPTIDX,NIFTY,9000.0,PE,0.0,0.0,0.0,438.5,247.5,0,0.0,0
2014-11-10,2018-06-28,OPTIDX,NIFTY,9100.0,PE,0.0,0.0,0.0,415.15,266.3,0,0.0,0
2014-11-10,2018-06-28,OPTIDX,NIFTY,9200.0,PE,0.0,0.0,0.0,420.15,285.7,0,0.0,0
2014-11-10,2018-06-28,OPTIDX,NIFTY,9300.0,PE,0.0,0.0,0.0,735.75,305.95,0,0.0,0
2014-11-10,2018-06-28,OPTIDX,NIFTY,9400.0,PE,0.0,0.0,0.0,839.95,327.15,0,0.0,0
2014-11-10,2018-06-28,OPTIDX,NIFTY,9500.0,PE,0.0,0.0,0.0,861.05,349.25,0,0.0,0
2014-11-10,2018-06-28,OPTIDX,NIFTY,9600.0,PE,0.0,0.0,0.0,813.4,372.3,0,0.0,0
2014-11-10,2018-06-28,OPTIDX,NIFTY,9700.0,PE,0.0,0.0,0.0,817.85,396.25,0,0.0,0
2014-11-10,2018-06-28,OPTIDX,NIFTY,9800.0,PE,0.0,0.0,0.0,739.4,421.15,0,0.0,0
2014-11-10,2018-06-28,OPTIDX,NIFTY,9900.0,PE,0.0,0.0,0.0,748.95,446.7,0,0.0,0
2014-11-10,2018-06-28,OPTIDX,NIFTY,10000.0,PE,0.0,0.0,0.0,795.2,473.5,0,0.0,0
2014-11-10,2018-06-28,OPTIDX,NIFTY,10100.0,PE,0.0,0.0,0.0,797.95,501.25,0,0.0,0
2014-11-10,2018-06-28,OPTIDX,NIFTY,10200.0,PE,0.0,0.0,0.0,711.15,530.0,0,0.0,0
2014-11-10,2018-06-28,OPTIDX,NIFTY,10300.0,PE,0.0,0.0,0.0,723.6,559.65,0,0.0,0
2014-11-10,2018-06-28,OPTIDX,NIFTY,10400.0,PE,0.0,0.0,0.0,549.5,590.25,0,0.0,0
2014-11-10,2018-06-28,OPTIDX,NIFTY,10500.0,PE,0.0,0.0,0.0,548.9,621.8,0,0.0,0
2014-11-10,2018-06-28,OPTIDX,NIFTY,10600.0,PE,0.0,0.0,0.0,533.9,654.25,0,0.0,0
2014-11-10,2018-06-28,OPTIDX,NIFTY,10700.0,PE,0.0,0.0,0.0,806.25,687.65,0,0.0,0
2014-11-10,2018-12-27,OPTIDX,NIFTY,3600.0,CE,0.0,0.0,0.0,3755.8,5834.35,0,0.0,0
2014-11-10,2018-12-27,OPTIDX,NIFTY,3700.0,CE,0.0,0.0,0.0,3782.65,5764.65,0,0.0,0
2014-11-10,2018-12-27,OPTIDX,NIFTY,3800.0,CE,0.0,0.0,0.0,3803.5,5694.95,0,0.0,0
2014-11-10,2018-12-27,OPTIDX,NIFTY,3900.0,CE,0.0,0.0,0.0,3811.6,5625.25,0,0.0,0
2014-11-10,2018-12-27,OPTIDX,NIFTY,4000.0,CE,0.0,0.0,0.0,3749.6,5555.55,0,0.0,0
2014-11-10,2018-12-27,OPTIDX,NIFTY,4100.0,CE,0.0,0.0,0.0,3687.85,5485.85,0,0.0,0
2014-11-10,2018-12-27,OPTIDX,NIFTY,4200.0,CE,0.0,0.0,0.0,3626.3,5416.2,0,0.0,0
2014-11-10,2018-12-27,OPTIDX,NIFTY,4300.0,CE,0.0,0.0,0.0,3565.0,5346.5,0,0.0,0
2014-11-10,2018-12-27,OPTIDX,NIFTY,4400.0,CE,0.0,0.0,0.0,3504.0,5276.85,0,0.0,0
2014-11-10,2018-12-27,OPTIDX,NIFTY,4500.0,CE,0.0,0.0,0.0,3443.35,5207.25,0,0.0,0
2014-11-10,2018-12-27,OPTIDX,NIFTY,4600.0,CE,0.0,0.0,0.0,3382.95,5137.65,0,0.0,0
2014-11-10,2018-12-27,OPTIDX,NIFTY,4700.0,CE,0.0,0.0,0.0,3322.95,5068.05,0,0.0,0
2014-11-10,2018-12-27,OPTIDX,NIFTY,4800.0,CE,0.0,0.0,0.0,3263.3,4998.5,0,0.0,0
2014-11-10,2018-12-27,OPTIDX,NIFTY,4900.0,CE,0.0,0.0,0.0,3204.05,4929.0,0,0.0,0
2014-11-10,2018-12-27,OPTIDX,NIFTY,5000.0,CE,0.0,0.0,0.0,3145.2,4859.55,0,0.0,0
2014-11-10,2018-12-27,OPTIDX,NIFTY,5100.0,CE,0.0,0.0,0.0,3086.8,4790.15,0,0.0,0
2014-11-10,2018-12-27,OPTIDX,NIFTY,5200.0,CE,0.0,0.0,0.0,3028.85,4720.8,0,0.0,0
2014-11-10,2018-12-27,OPTIDX,NIFTY,5300.0,CE,0.0,0.0,0.0,2971.4,4651.55,0,0.0,0
2014-11-10,2018-12-27,OPTIDX,NIFTY,5400.0,CE,0.0,0.0,0.0,2914.4,4582.35,0,0.0,0
2014-11-10,2018-12-27,OPTIDX,NIFTY,5500.0,CE,0.0,0.0,0.0,2857.95,4513.25,0,0.0,0
2014-11-10,2018-12-27,OPTIDX,NIFTY,5600.0,CE,0.0,0.0,0.0,2802.05,4444.3,0,0.0,0
2014-11-10,2018-12-27,OPTIDX,NIFTY,5700.0,CE,0.0,0.0,0.0,2746.7,4375.4,0,0.0,0
2014-11-10,2018-12-27,OPTIDX,NIFTY,5800.0,CE,0.0,0.0,0.0,2691.9,4306.7,0,0.0,0
2014-11-10,2018-12-27,OPTIDX,NIFTY,5900.0,CE,0.0,0.0,0.0,2637.7,4238.1,0,0.0,0
2014-11-10,2018-12-27,OPTIDX,NIFTY,6000.0,CE,0.0,0.0,0.0,2584.05,4169.7,0,0.0,0
2014-11-10,2018-12-27,OPTIDX,NIFTY,6100.0,CE,0.0,0.0,0.0,2531.1,4101.45,0,0.0,0
2014-11-10,2018-12-27,OPTIDX,NIFTY,6200.0,CE,0.0,0.0,0.0,2478.7,4033.4,0,0.0,0
2014-11-10,2018-12-27,OPTIDX,NIFTY,6300.0,CE,0.0,0.0,0.0,2427.0,3965.6,0,0.0,0
2014-11-10,2018-12-27,OPTIDX,NIFTY,6400.0,CE,0.0,0.0,0.0,2375.95,3898.0,0,0.0,0
2014-11-10,2018-12-27,OPTIDX,NIFTY,6500.0,CE,0.0,0.0,0.0,2325.55,3830.65,0,0.0,0
2014-11-10,2018-12-27,OPTIDX,NIFTY,6600.0,CE,0.0,0.0,0.0,2275.85,3763.6,0,0.0,0
2014-11-10,2018-12-27,OPTIDX,NIFTY,6700.0,CE,0.0,0.0,0.0,2226.8,3696.8,0,0.0,0
2014-11-10,2018-12-27,OPTIDX,NIFTY,6800.0,CE,0.0,0.0,0.0,2178.45,3630.35,0,0.0,0
2014-11-10,2018-12-27,OPTIDX,NIFTY,6900.0,CE,0.0,0.0,0.0,2131.0,3564.25,0,0.0,0
2014-11-10,2018-12-27,OPTIDX,NIFTY,7000.0,CE,0.0,0.0,0.0,2084.05,3498.45,0,0.0,0
2014-11-10,2018-12-27,OPTIDX,NIFTY,7100.0,CE,0.0,0.0,0.0,2037.8,3433.05,0,0.0,0
2014-11-10,2018-12-27,OPTIDX,NIFTY,7200.0,CE,0.0,0.0,0.0,1992.3,3368.05,0,0.0,0
2014-11-10,2018-12-27,OPTIDX,NIFTY,7300.0,CE,0.0,0.0,0.0,1947.5,3303.5,0,0.0,0
2014-11-10,2018-12-27,OPTIDX,NIFTY,7400.0,CE,0.0,0.0,0.0,1903.4,3239.35,0,0.0,0
2014-11-10,2018-12-27,OPTIDX,NIFTY,7500.0,CE,0.0,0.0,0.0,1860.05,3175.7,0,0.0,0
2014-11-10,2018-12-27,OPTIDX,NIFTY,7600.0,CE,0.0,0.0,0.0,1817.45,3112.5,0,0.0,0
2014-11-10,2018-12-27,OPTIDX,NIFTY,7700.0,CE,0.0,0.0,0.0,1775.55,3049.8,0,0.0,0
2014-11-10,2018-12-27,OPTIDX,NIFTY,7800.0,CE,0.0,0.0,0.0,1734.4,2987.65,0,0.0,0
2014-11-10,2018-12-27,OPTIDX,NIFTY,7900.0,CE,0.0,0.0,0.0,1694.0,2926.0,0,0.0,0
2014-11-10,2018-12-27,OPTIDX,NIFTY,8000.0,CE,0.0,0.0,0.0,1654.3,2864.95,0,0.0,0
2014-11-10,2018-12-27,OPTIDX,NIFTY,8100.0,CE,0.0,0.0,0.0,1615.35,2804.5,0,0.0,0
2014-11-10,2018-12-27,OPTIDX,NIFTY,8200.0,CE,0.0,0.0,0.0,1576.85,2744.65,0,0.0,0
2014-11-10,2018-12-27,OPTIDX,NIFTY,8300.0,CE,0.0,0.0,0.0,1539.35,2685.4,0,0.0,0
2014-11-10,2018-12-27,OPTIDX,NIFTY,8400.0,CE,0.0,0.0,0.0,1502.55,2626.8,0,0.0,0
2014-11-10,2018-12-27,OPTIDX,NIFTY,8500.0,CE,0.0,0.0,0.0,1466.5,2568.85,0,0.0,0
2014-11-10,2018-12-27,OPTIDX,NIFTY,8600.0,CE,0.0,0.0,0.0,1431.15,2511.55,0,0.0,0
2014-11-10,2018-12-27,OPTIDX,NIFTY,8700.0,CE,0.0,0.0,0.0,2569.45,2454.95,0,0.0,50
2014-11-10,2018-12-27,OPTIDX,NIFTY,8800.0,CE,0.0,0.0,0.0,1367.2,2399.05,0,0.0,0
2014-11-10,2018-12-27,OPTIDX,NIFTY,8900.0,CE,0.0,0.0,0.0,1489.4,2343.9,0,0.0,0
2014-11-10,2018-12-27,OPTIDX,NIFTY,9000.0,CE,0.0,0.0,0.0,1350.15,2289.45,0,0.0,0
2014-11-10,2018-12-27,OPTIDX,NIFTY,9100.0,CE,0.0,0.0,0.0,1316.95,2235.75,0,0.0,0
2014-11-10,2018-12-27,OPTIDX,NIFTY,9200.0,CE,0.0,0.0,0.0,1202.15,2182.8,0,0.0,0
2014-11-10,2018-12-27,OPTIDX,NIFTY,9300.0,CE,0.0,0.0,0.0,1432.2,2130.85,0,0.0,0
2014-11-10,2018-12-27,OPTIDX,NIFTY,9400.0,CE,0.0,0.0,0.0,1625.2,2079.4,0,0.0,0
2014-11-10,2018-12-27,OPTIDX,NIFTY,9500.0,CE,0.0,0.0,0.0,1673.85,2028.75,0,0.0,0
2014-11-10,2018-12-27,OPTIDX,NIFTY,9600.0,CE,0.0,0.0,0.0,1631.75,1978.85,0,0.0,0
2014-11-10,2018-12-27,OPTIDX,NIFTY,9700.0,CE,0.0,0.0,0.0,1625.0,1929.8,0,0.0,0
2014-11-10,2018-12-27,OPTIDX,NIFTY,9800.0,CE,0.0,0.0,0.0,1559.45,1881.5,0,0.0,0
2014-11-10,2018-12-27,OPTIDX,NIFTY,9900.0,CE,0.0,0.0,0.0,1558.85,1834.05,0,0.0,0
2014-11-10,2018-12-27,OPTIDX,NIFTY,10000.0,CE,0.0,0.0,0.0,1628.35,1787.4,0,0.0,0
2014-11-10,2018-12-27,OPTIDX,NIFTY,10100.0,CE,0.0,0.0,0.0,1645.2,1741.55,0,0.0,0
2014-11-10,2018-12-27,OPTIDX,NIFTY,10200.0,CE,0.0,0.0,0.0,1442.3,1696.55,0,0.0,0
2014-11-10,2018-12-27,OPTIDX,NIFTY,10300.0,CE,0.0,0.0,0.0,1538.2,1652.05,0,0.0,0
2014-11-10,2018-12-27,OPTIDX,NIFTY,10400.0,CE,0.0,0.0,0.0,1343.7,1608.7,0,0.0,0
2014-11-10,2018-12-27,OPTIDX,NIFTY,10500.0,CE,0.0,0.0,0.0,1411.3,1566.2,0,0.0,0
2014-11-10,2018-12-27,OPTIDX,NIFTY,10600.0,CE,0.0,0.0,0.0,1392.5,1524.5,0,0.0,0
2014-11-10,2018-12-27,OPTIDX,NIFTY,10700.0,CE,0.0,0.0,0.0,1601.15,1483.6,0,0.0,0
2014-11-10,2018-12-27,OPTIDX,NIFTY,3600.0,PE,0.0,0.0,0.0,1.2,0.05,0,0.0,0
2014-11-10,2018-12-27,OPTIDX,NIFTY,3700.0,PE,0.0,0.0,0.0,3.75,0.05,0,0.0,0
2014-11-10,2018-12-27,OPTIDX,NIFTY,3800.0,PE,0.0,0.0,0.0,3.5,0.05,0,0.0,0
2014-11-10,2018-12-27,OPTIDX,NIFTY,3900.0,PE,0.0,0.0,0.0,7.05,0.1,0,0.0,0
2014-11-10,2018-12-27,OPTIDX,NIFTY,4000.0,PE,0.0,0.0,0.0,8.5,0.1,0,0.0,0
2014-11-10,2018-12-27,OPTIDX,NIFTY,4100.0,PE,0.0,0.0,0.0,10.2,0.15,0,0.0,0
2014-11-10,2018-12-27,OPTIDX,NIFTY,4200.0,PE,0.0,0.0,0.0,12.1,0.2,0,0.0,0
2014-11-10,2018-12-27,OPTIDX,NIFTY,4300.0,PE,0.0,0.0,0.0,14.25,0.25,0,0.0,0
2014-11-10,2018-12-27,OPTIDX,NIFTY,4400.0,PE,0.0,0.0,0.0,16.7,0.3,0,0.0,0
2014-11-10,2018-12-27,OPTIDX,NIFTY,4500.0,PE,0.0,0.0,0.0,19.45,0.4,0,0.0,0
2014-11-10,2018-12-27,OPTIDX,NIFTY,4600.0,PE,0.0,0.0,0.0,22.55,0.5,0,0.0,0
2014-11-10,2018-12-27,OPTIDX,NIFTY,4700.0,PE,0.0,0.0,0.0,25.95,0.65,0,0.0,0
2014-11-10,2018-12-27,OPTIDX,NIFTY,4800.0,PE,0.0,0.0,0.0,29.75,0.8,0,0.0,0
2014-11-10,2018-12-27,OPTIDX,NIFTY,4900.0,PE,0.0,0.0,0.0,33.95,1.05,0,0.0,0
2014-11-10,2018-12-27,OPTIDX,NIFTY,5000.0,PE,0.0,0.0,0.0,38.55,1.3,0,0.0,0
2014-11-10,2018-12-27,OPTIDX,NIFTY,5100.0,PE,0.0,0.0,0.0,43.6,1.6,0,0.0,0
2014-11-10,2018-12-27,OPTIDX,NIFTY,5200.0,PE,0.0,0.0,0.0,49.1,2.0,0,0.0,0
2014-11-10,2018-12-27,OPTIDX,NIFTY,5300.0,PE,0.0,0.0,0.0,55.1,2.45,0,0.0,0
2014-11-10,2018-12-27,OPTIDX,NIFTY,5400.0,PE,0.0,0.0,0.0,61.55,3.0,0,0.0,0
2014-11-10,2018-12-27,OPTIDX,NIFTY,5500.0,PE,0.0,0.0,0.0,68.55,3.6,0,0.0,0
2014-11-10,2018-12-27,OPTIDX,NIFTY,5600.0,PE,0.0,0.0,0.0,76.05,4.35,0,0.0,0
2014-11-10,2018-12-27,OPTIDX,NIFTY,5700.0,PE,0.0,0.0,0.0,84.15,5.2,0,0.0,0
2014-11-10,2018-12-27,OPTIDX,NIFTY,5800.0,PE,0.0,0.0,0.0,92.8,6.2,0,0.0,0
2014-11-10,2018-12-27,OPTIDX,NIFTY,5900.0,PE,0.0,0.0,0.0,102.05,7.35,0,0.0,0
2014-11-10,2018-12-27,OPTIDX,NIFTY,6000.0,PE,0.0,0.0,0.0,111.85,8.65,0,0.0,0
2014-11-10,2018-12-27,OPTIDX,NIFTY,6100.0,PE,0.0,0.0,0.0,122.3,10.15,0,0.0,0
2014-11-10,2018-12-27,OPTIDX,NIFTY,6200.0,PE,0.0,0.0,0.0,133.4,11.8,0,0.0,0
2014-11-10,2018-12-27,OPTIDX,NIFTY,6300.0,PE,0.0,0.0,0.0,145.15,13.7,0,0.0,0
2014-11-10,2018-12-27,OPTIDX,NIFTY,6400.0,PE,0.0,0.0,0.0,157.5,15.85,0,0.0,0
2014-11-10,2018-12-27,OPTIDX,NIFTY,6500.0,PE,0.0,0.0,0.0,170.55,18.2,0,0.0,0
2014-11-10,2018-12-27,OPTIDX,NIFTY,6600.0,PE,0.0,0.0,0.0,184.3,20.9,0,0.0,0
2014-11-10,2018-12-27,OPTIDX,NIFTY,6700.0,PE,0.0,0.0,0.0,198.7,23.8,0,0.0,0
2014-11-10,2018-12-27,OPTIDX,NIFTY,6800.0,PE,0.0,0.0,0.0,213.8,27.1,0,0.0,0
2014-11-10,2018-12-27,OPTIDX,NIFTY,6900.0,PE,0.0,0.0,0.0,229.8,30.7,0,0.0,0
2014-11-10,2018-12-27,OPTIDX,NIFTY,7000.0,PE,0.0,0.0,0.0,246.3,34.6,0,0.0,0
2014-11-10,2018-12-27,OPTIDX,NIFTY,7100.0,PE,0.0,0.0,0.0,263.5,38.95,0,0.0,0
2014-11-10,2018-12-27,OPTIDX,NIFTY,7200.0,PE,0.0,0.0,0.0,281.4,43.65,0,0.0,0
2014-11-10,2018-12-27,OPTIDX,NIFTY,7300.0,PE,0.0,0.0,0.0,300.05,48.8,0,0.0,0
2014-11-10,2018-12-27,OPTIDX,NIFTY,7400.0,PE,0.0,0.0,0.0,319.45,54.4,0,0.0,0
2014-11-10,2018-12-27,OPTIDX,NIFTY,7500.0,PE,0.0,0.0,0.0,339.55,60.45,0,0.0,0
2014-11-10,2018-12-27,OPTIDX,NIFTY,7600.0,PE,0.0,0.0,0.0,360.35,66.95,0,0.0,0
2014-11-10,2018-12-27,OPTIDX,NIFTY,7700.0,PE,0.0,0.0,0.0,381.9,74.0,0,0.0,0
2014-11-10,2018-12-27,OPTIDX,NIFTY,7800.0,PE,0.0,0.0,0.0,404.2,81.55,0,0.0,0
2014-11-10,2018-12-27,OPTIDX,NIFTY,7900.0,PE,0.0,0.0,0.0,427.25,89.65,0,0.0,0
2014-11-10,2018-12-27,OPTIDX,NIFTY,8000.0,PE,0.0,0.0,0.0,451.0,98.35,0,0.0,0
2014-11-10,2018-12-27,OPTIDX,NIFTY,8100.0,PE,0.0,0.0,0.0,475.45,107.6,0,0.0,0
2014-11-10,2018-12-27,OPTIDX,NIFTY,8200.0,PE,0.0,0.0,0.0,500.4,117.45,0,0.0,0
2014-11-10,2018-12-27,OPTIDX,NIFTY,8300.0,PE,0.0,0.0,0.0,526.4,127.9,0,0.0,0
2014-11-10,2018-12-27,OPTIDX,NIFTY,8400.0,PE,0.0,0.0,0.0,553.05,139.0,0,0.0,0
2014-11-10,2018-12-27,OPTIDX,NIFTY,8500.0,PE,0.0,0.0,0.0,580.45,150.8,0,0.0,0
2014-11-10,2018-12-27,OPTIDX,NIFTY,8600.0,PE,0.0,0.0,0.0,608.5,163.25,0,0.0,0
2014-11-10,2018-12-27,OPTIDX,NIFTY,8700.0,PE,0.0,0.0,0.0,637.3,176.35,0,0.0,0
2014-11-10,2018-12-27,OPTIDX,NIFTY,8800.0,PE,0.0,0.0,0.0,396.05,190.2,0,0.0,0
2014-11-10,2018-12-27,OPTIDX,NIFTY,8900.0,PE,0.0,0.0,0.0,501.4,204.75,0,0.0,0
2014-11-10,2018-12-27,OPTIDX,NIFTY,9000.0,PE,0.0,0.0,0.0,366.25,220.0,0,0.0,0
2014-11-10,2018-12-27,OPTIDX,NIFTY,9100.0,PE,0.0,0.0,0.0,343.5,236.05,0,0.0,0
2014-11-10,2018-12-27,OPTIDX,NIFTY,9200.0,PE,0.0,0.0,0.0,344.85,252.8,0,0.0,0
2014-11-10,2018-12-27,OPTIDX,NIFTY,9300.0,PE,0.0,0.0,0.0,654.45,270.6,0,0.0,0
2014-11-10,2018-12-27,OPTIDX,NIFTY,9400.0,PE,0.0,0.0,0.0,761.8,288.85,0,0.0,0
2014-11-10,2018-12-27,OPTIDX,NIFTY,9500.0,PE,0.0,0.0,0.0,782.95,307.9,0,0.0,0
2014-11-10,2018-12-27,OPTIDX,NIFTY,9600.0,PE,0.0,0.0,0.0,734.45,327.75,0,0.0,0
2014-11-10,2018-12-27,OPTIDX,NIFTY,9700.0,PE,0.0,0.0,0.0,737.35,348.4,0,0.0,0
2014-11-10,2018-12-27,OPTIDX,NIFTY,9800.0,PE,0.0,0.0,0.0,658.45,369.85,0,0.0,0
2014-11-10,2018-12-27,OPTIDX,NIFTY,9900.0,PE,0.0,0.0,0.0,667.65,392.1,0,0.0,0
2014-11-10,2018-12-27,OPTIDX,NIFTY,10000.0,PE,0.0,0.0,0.0,714.4,415.15,0,0.0,0
2014-11-10,2018-12-27,OPTIDX,NIFTY,10100.0,PE,0.0,0.0,0.0,716.15,439.05,0,0.0,0
2014-11-10,2018-12-27,OPTIDX,NIFTY,10200.0,PE,0.0,0.0,0.0,626.55,463.75,0,0.0,0
2014-11-10,2018-12-27,OPTIDX,NIFTY,10300.0,PE,0.0,0.0,0.0,638.15,488.95,0,0.0,0
2014-11-10,2018-12-27,OPTIDX,NIFTY,10400.0,PE,0.0,0.0,0.0,462.9,515.35,0,0.0,0
2014-11-10,2018-12-27,OPTIDX,NIFTY,10500.0,PE,0.0,0.0,0.0,464.0,542.55,0,0.0,0
2014-11-10,2018-12-27,OPTIDX,NIFTY,10600.0,PE,0.0,0.0,0.0,448.45,570.6,0,0.0,0
2014-11-10,2018-12-27,OPTIDX,NIFTY,10700.0,PE,0.0,0.0,0.0,718.55,599.45,0,0.0,0
2014-11-10,2019-06-27,OPTIDX,NIFTY,5100.0,CE,0.0,0.0,0.0,4218.1,4941.75,0,0.0,0
2014-11-10,2019-06-27,OPTIDX,NIFTY,5200.0,CE,0.0,0.0,0.0,4155.1,4875.4,0,0.0,0
2014-11-10,2019-06-27,OPTIDX,NIFTY,5300.0,CE,0.0,0.0,0.0,4092.3,4809.15,0,0.0,0
2014-11-10,2019-06-27,OPTIDX,NIFTY,5400.0,CE,0.0,0.0,0.0,4029.7,4742.9,0,0.0,0
2014-11-10,2019-06-27,OPTIDX,NIFTY,5500.0,CE,0.0,0.0,0.0,3967.3,4676.8,0,0.0,0
2014-11-10,2019-06-27,OPTIDX,NIFTY,5600.0,CE,0.0,0.0,0.0,3905.1,4610.8,0,0.0,0
2014-11-10,2019-06-27,OPTIDX,NIFTY,5700.0,CE,0.0,0.0,0.0,3843.2,4544.9,0,0.0,0
2014-11-10,2019-06-27,OPTIDX,NIFTY,5800.0,CE,0.0,0.0,0.0,3781.5,4479.1,0,0.0,0
2014-11-10,2019-06-27,OPTIDX,NIFTY,5900.0,CE,0.0,0.0,0.0,3720.15,4413.45,0,0.0,0
2014-11-10,2019-06-27,OPTIDX,NIFTY,6000.0,CE,0.0,0.0,0.0,3659.05,4347.95,0,0.0,0
2014-11-10,2019-06-27,OPTIDX,NIFTY,6100.0,CE,0.0,0.0,0.0,3598.25,4282.6,0,0.0,0
2014-11-10,2019-06-27,OPTIDX,NIFTY,6200.0,CE,0.0,0.0,0.0,3537.85,4217.45,0,0.0,0
2014-11-10,2019-06-27,OPTIDX,NIFTY,6300.0,CE,0.0,0.0,0.0,3477.75,4152.5,0,0.0,0
2014-11-10,2019-06-27,OPTIDX,NIFTY,6400.0,CE,0.0,0.0,0.0,3418.05,4087.75,0,0.0,0
2014-11-10,2019-06-27,OPTIDX,NIFTY,6500.0,CE,0.0,0.0,0.0,3358.7,4023.2,0,0.0,0
2014-11-10,2019-06-27,OPTIDX,NIFTY,6600.0,CE,0.0,0.0,0.0,3299.8,3958.9,0,0.0,0
2014-11-10,2019-06-27,OPTIDX,NIFTY,6700.0,CE,0.0,0.0,0.0,3241.3,3894.85,0,0.0,0
2014-11-10,2019-06-27,OPTIDX,NIFTY,6800.0,CE,0.0,0.0,0.0,3183.25,3831.1,0,0.0,0
2014-11-10,2019-06-27,OPTIDX,NIFTY,6900.0,CE,0.0,0.0,0.0,3125.65,3767.65,0,0.0,0
2014-11-10,2019-06-27,OPTIDX,NIFTY,7000.0,CE,0.0,0.0,0.0,3068.5,3704.45,0,0.0,0
2014-11-10,2019-06-27,OPTIDX,NIFTY,7100.0,CE,0.0,0.0,0.0,3011.85,3641.6,0,0.0,0
2014-11-10,2019-06-27,OPTIDX,NIFTY,7200.0,CE,0.0,0.0,0.0,2955.7,3579.15,0,0.0,0
2014-11-10,2019-06-27,OPTIDX,NIFTY,7300.0,CE,0.0,0.0,0.0,2900.05,3517.0,0,0.0,0
2014-11-10,2019-06-27,OPTIDX,NIFTY,7400.0,CE,0.0,0.0,0.0,2844.95,3455.25,0,0.0,0
2014-11-10,2019-06-27,OPTIDX,NIFTY,7500.0,CE,0.0,0.0,0.0,2790.4,3393.9,0,0.0,0
2014-11-10,2019-06-27,OPTIDX,NIFTY,7600.0,CE,0.0,0.0,0.0,2736.4,3332.95,0,0.0,0
2014-11-10,2019-06-27,OPTIDX,NIFTY,7700.0,CE,0.0,0.0,0.0,2683.0,3272.4,0,0.0,0
2014-11-10,2019-06-27,OPTIDX,NIFTY,7800.0,CE,0.0,0.0,0.0,2630.15,3212.35,0,0.0,0
2014-11-10,2019-06-27,OPTIDX,NIFTY,7900.0,CE,0.0,0.0,0.0,2577.9,3152.75,0,0.0,0
2014-11-10,2019-06-27,OPTIDX,NIFTY,8000.0,CE,0.0,0.0,0.0,2526.25,3093.65,0,0.0,0
2014-11-10,2019-06-27,OPTIDX,NIFTY,8100.0,CE,0.0,0.0,0.0,2475.2,3035.05,0,0.0,0
2014-11-10,2019-06-27,OPTIDX,NIFTY,8200.0,CE,0.0,0.0,0.0,2424.8,2976.9,0,0.0,0
2014-11-10,2019-06-27,OPTIDX,NIFTY,8300.0,CE,0.0,0.0,0.0,2375.0,2919.35,0,0.0,0
2014-11-10,2019-06-27,OPTIDX,NIFTY,8400.0,CE,0.0,0.0,0.0,2325.85,2862.3,0,0.0,0
2014-11-10,2019-06-27,OPTIDX,NIFTY,8500.0,CE,0.0,0.0,0.0,2277.4,2805.85,0,0.0,0
2014-11-10,2019-06-27,OPTIDX,NIFTY,8600.0,CE,0.0,0.0,0.0,2229.75,2749.95,0,0.0,0
2014-11-10,2019-06-27,OPTIDX,NIFTY,8700.0,CE,0.0,0.0,0.0,2182.55,2694.65,0,0.0,0
2014-11-10,2019-06-27,OPTIDX,NIFTY,8800.0,CE,0.0,0.0,0.0,2136.0,2639.9,0,0.0,0
2014-11-10,2019-06-27,OPTIDX,NIFTY,8900.0,CE,0.0,0.0,0.0,2090.1,2585.8,0,0.0,0
2014-11-10,2019-06-27,OPTIDX,NIFTY,9000.0,CE,0.0,0.0,0.0,2044.95,2532.35,0,0.0,0
2014-11-10,2019-06-27,OPTIDX,NIFTY,9100.0,CE,0.0,0.0,0.0,2000.4,2479.5,0,0.0,0
2014-11-10,2019-06-27,OPTIDX,NIFTY,9200.0,CE,0.0,0.0,0.0,1956.55,2427.3,0,0.0,0
2014-11-10,2019-06-27,OPTIDX,NIFTY,9300.0,CE,0.0,0.0,0.0,1913.4,2375.75,0,0.0,0
2014-11-10,2019-06-27,OPTIDX,NIFTY,9400.0,CE,0.0,0.0,0.0,1870.95,2324.85,0,0.0,0
2014-11-10,2019-06-27,OPTIDX,NIFTY,9500.0,CE,0.0,0.0,0.0,1829.15,2274.6,0,0.0,0
2014-11-10,2019-06-27,OPTIDX,NIFTY,9600.0,CE,0.0,0.0,0.0,1788.05,2225.3,0,0.0,0
2014-11-10,2019-06-27,OPTIDX,NIFTY,9700.0,CE,0.0,0.0,0.0,1747.65,2176.4,0,0.0,0
2014-11-10,2019-06-27,OPTIDX,NIFTY,9800.0,CE,0.0,0.0,0.0,1707.65,2128.2,0,0.0,0
2014-11-10,2019-06-27,OPTIDX,NIFTY,9900.0,CE,0.0,0.0,0.0,1668.6,2080.7,0,0.0,0
2014-11-10,2019-06-27,OPTIDX,NIFTY,10000.0,CE,0.0,0.0,0.0,1726.1,2033.95,0,0.0,0
2014-11-10,2019-06-27,OPTIDX,NIFTY,10100.0,CE,0.0,0.0,0.0,1749.95,1987.85,0,0.0,0
2014-11-10,2019-06-27,OPTIDX,NIFTY,10200.0,CE,0.0,0.0,0.0,1660.55,1942.45,0,0.0,0
2014-11-10,2019-06-27,OPTIDX,NIFTY,10300.0,CE,0.0,0.0,0.0,1768.3,1897.8,0,0.0,0
2014-11-10,2019-06-27,OPTIDX,NIFTY,10400.0,CE,0.0,0.0,0.0,1579.7,1853.85,0,0.0,0
2014-11-10,2019-06-27,OPTIDX,NIFTY,10500.0,CE,0.0,0.0,0.0,1652.2,1810.65,0,0.0,0
2014-11-10,2019-06-27,OPTIDX,NIFTY,10600.0,CE,0.0,0.0,0.0,1635.8,1768.1,0,0.0,0
2014-11-10,2019-06-27,OPTIDX,NIFTY,10700.0,CE,0.0,0.0,0.0,1842.15,1726.05,0,0.0,0
2014-11-10,2019-06-27,OPTIDX,NIFTY,5100.0,PE,0.0,0.0,0.0,7.9,1.8,0,0.0,0
2014-11-10,2019-06-27,OPTIDX,NIFTY,5200.0,PE,0.0,0.0,0.0,9.3,2.2,0,0.0,0
2014-11-10,2019-06-27,OPTIDX,NIFTY,5300.0,PE,0.0,0.0,0.0,10.85,2.65,0,0.0,0
2014-11-10,2019-06-27,OPTIDX,NIFTY,5400.0,PE,0.0,0.0,0.0,12.6,3.2,0,0.0,0
2014-11-10,2019-06-27,OPTIDX,NIFTY,5500.0,PE,0.0,0.0,0.0,14.55,3.8,0,0.0,0
2014-11-10,2019-06-27,OPTIDX,NIFTY,5600.0,PE,0.0,0.0,0.0,16.75,4.55,0,0.0,0
2014-11-10,2019-06-27,OPTIDX,NIFTY,5700.0,PE,0.0,0.0,0.0,19.2,5.4,0,0.0,0
2014-11-10,2019-06-27,OPTIDX,NIFTY,5800.0,PE,0.0,0.0,0.0,21.9,6.35,0,0.0,0
2014-11-10,2019-06-27,OPTIDX,NIFTY,5900.0,PE,0.0,0.0,0.0,24.9,7.45,0,0.0,0
2014-11-10,2019-06-27,OPTIDX,NIFTY,6000.0,PE,0.0,0.0,0.0,28.2,8.7,0,0.0,0
2014-11-10,2019-06-27,OPTIDX,NIFTY,6100.0,PE,0.0,0.0,0.0,31.8,10.15,0,0.0,0
2014-11-10,2019-06-27,OPTIDX,NIFTY,6200.0,PE,0.0,0.0,0.0,35.75,11.75,0,0.0,0
2014-11-10,2019-06-27,OPTIDX,NIFTY,6300.0,PE,0.0,0.0,0.0,40.05,13.5,0,0.0,0
2014-11-10,2019-06-27,OPTIDX,NIFTY,6400.0,PE,0.0,0.0,0.0,44.7,15.5,0,0.0,0
2014-11-10,2019-06-27,OPTIDX,NIFTY,6500.0,PE,0.0,0.0,0.0,49.75,17.7,0,0.0,0
2014-11-10,2019-06-27,OPTIDX,NIFTY,6600.0,PE,0.0,0.0,0.0,55.2,20.15,0,0.0,0
2014-11-10,2019-06-27,OPTIDX,NIFTY,6700.0,PE,0.0,0.0,0.0,61.05,22.9,0,0.0,0
2014-11-10,2019-06-27,OPTIDX,NIFTY,6800.0,PE,0.0,0.0,0.0,67.35,25.85,0,0.0,0
2014-11-10,2019-06-27,OPTIDX,NIFTY,6900.0,PE,0.0,0.0,0.0,74.15,29.15,0,0.0,0
2014-11-10,2019-06-27,OPTIDX,NIFTY,7000.0,PE,0.0,0.0,0.0,81.4,32.75,0,0.0,0
2014-11-10,2019-06-27,OPTIDX,NIFTY,7100.0,PE,0.0,0.0,0.0,89.1,36.65,0,0.0,0
2014-11-10,2019-06-27,OPTIDX,NIFTY,7200.0,PE,0.0,0.0,0.0,97.35,40.9,0,0.0,0
2014-11-10,2019-06-27,OPTIDX,NIFTY,7300.0,PE,0.0,0.0,0.0,106.05,45.5,0,0.0,0
2014-11-10,2019-06-27,OPTIDX,NIFTY,7400.0,PE,0.0,0.0,0.0,115.35,50.5,0,0.0,0
2014-11-10,2019-06-27,OPTIDX,NIFTY,7500.0,PE,0.0,0.0,0.0,125.15,55.9,0,0.0,0
2014-11-10,2019-06-27,OPTIDX,NIFTY,7600.0,PE,0.0,0.0,0.0,135.55,61.7,0,0.0,0
2014-11-10,2019-06-27,OPTIDX,NIFTY,7700.0,PE,0.0,0.0,0.0,146.5,67.95,0,0.0,0
2014-11-10,2019-06-27,OPTIDX,NIFTY,7800.0,PE,0.0,0.0,0.0,158.0,74.65,0,0.0,0
2014-11-10,2019-06-27,OPTIDX,NIFTY,7900.0,PE,0.0,0.0,0.0,170.15,81.8,0,0.0,0
2014-11-10,2019-06-27,OPTIDX,NIFTY,8000.0,PE,0.0,0.0,0.0,182.85,89.4,0,0.0,0
2014-11-10,2019-06-27,OPTIDX,NIFTY,8100.0,PE,0.0,0.0,0.0,196.2,97.55,0,0.0,0
2014-11-10,2019-06-27,OPTIDX,NIFTY,8200.0,PE,0.0,0.0,0.0,210.15,106.2,0,0.0,0
2014-11-10,2019-06-27,OPTIDX,NIFTY,8300.0,PE,0.0,0.0,0.0,224.75,115.4,0,0.0,0
2014-11-10,2019-06-27,OPTIDX,NIFTY,8400.0,PE,0.0,0.0,0.0,239.95,125.1,0,0.0,0
2014-11-10,2019-06-27,OPTIDX,NIFTY,8500.0,PE,0.0,0.0,0.0,255.85,135.4,0,0.0,0
2014-11-10,2019-06-27,OPTIDX,NIFTY,8600.0,PE,0.0,0.0,0.0,272.6,146.25,0,0.0,0
2014-11-10,2019-06-27,OPTIDX,NIFTY,8700.0,PE,0.0,0.0,0.0,289.75,157.65,0,0.0,0
2014-11-10,2019-06-27,OPTIDX,NIFTY,8800.0,PE,0.0,0.0,0.0,307.6,169.7,0,0.0,0
2014-11-10,2019-06-27,OPTIDX,NIFTY,8900.0,PE,0.0,0.0,0.0,326.1,182.35,0,0.0,0
2014-11-10,2019-06-27,OPTIDX,NIFTY,9000.0,PE,0.0,0.0,0.0,345.25,195.6,0,0.0,0
2014-11-10,2019-06-27,OPTIDX,NIFTY,9100.0,PE,0.0,0.0,0.0,365.1,209.5,0,0.0,0
2014-11-10,2019-06-27,OPTIDX,NIFTY,9200.0,PE,0.0,0.0,0.0,385.65,224.05,0,0.0,0
2014-11-10,2019-06-27,OPTIDX,NIFTY,9300.0,PE,0.0,0.0,0.0,406.85,239.25,0,0.0,0
2014-11-10,2019-06-27,OPTIDX,NIFTY,9400.0,PE,0.0,0.0,0.0,428.75,255.1,0,0.0,0
2014-11-10,2019-06-27,OPTIDX,NIFTY,9500.0,PE,0.0,0.0,0.0,451.35,271.65,0,0.0,0
2014-11-10,2019-06-27,OPTIDX,NIFTY,9600.0,PE,0.0,0.0,0.0,474.65,289.1,0,0.0,0
2014-11-10,2019-06-27,OPTIDX,NIFTY,9700.0,PE,0.0,0.0,0.0,498.6,306.95,0,0.0,0
2014-11-10,2019-06-27,OPTIDX,NIFTY,9800.0,PE,0.0,0.0,0.0,522.95,325.5,0,0.0,0
2014-11-10,2019-06-27,OPTIDX,NIFTY,9900.0,PE,0.0,0.0,0.0,548.3,344.75,0,0.0,0
2014-11-10,2019-06-27,OPTIDX,NIFTY,10000.0,PE,0.0,0.0,0.0,561.45,364.7,0,0.0,0
2014-11-10,2019-06-27,OPTIDX,NIFTY,10100.0,PE,0.0,0.0,0.0,568.4,385.35,0,0.0,0
2014-11-10,2019-06-27,OPTIDX,NIFTY,10200.0,PE,0.0,0.0,0.0,553.35,406.75,0,0.0,0
2014-11-10,2019-06-27,OPTIDX,NIFTY,10300.0,PE,0.0,0.0,0.0,564.15,428.85,0,0.0,0
2014-11-10,2019-06-27,OPTIDX,NIFTY,10400.0,PE,0.0,0.0,0.0,391.45,451.65,0,0.0,0
2014-11-10,2019-06-27,OPTIDX,NIFTY,10500.0,PE,0.0,0.0,0.0,393.8,475.15,0,0.0,0
2014-11-10,2019-06-27,OPTIDX,NIFTY,10600.0,PE,0.0,0.0,0.0,378.3,499.4,0,0.0,0
2014-11-10,2019-06-27,OPTIDX,NIFTY,10700.0,PE,0.0,0.0,0.0,641.95,524.05,0,0.0,0
2014-11-10,2014-11-21,OPTIDX,S&P500,1760.0,CE,0.0,0.0,0.0,125.1,276.45,0,0.0,0
2014-11-10,2014-11-21,OPTIDX,S&P500,1765.0,CE,0.0,0.0,0.0,118.3,271.45,0,0.0,0
2014-11-10,2014-11-21,OPTIDX,S&P500,1770.0,CE,0.0,0.0,0.0,116.7,266.45,0,0.0,0
2014-11-10,2014-11-21,OPTIDX,S&P500,1775.0,CE,0.0,0.0,0.0,124.2,261.5,0,0.0,0
2014-11-10,2014-11-21,OPTIDX,S&P500,1780.0,CE,0.0,0.0,0.0,108.55,256.5,0,0.0,0
2014-11-10,2014-11-21,OPTIDX,S&P500,1785.0,CE,0.0,0.0,0.0,115.95,251.5,0,0.0,0
2014-11-10,2014-11-21,OPTIDX,S&P500,1790.0,CE,0.0,0.0,0.0,100.6,246.5,0,0.0,0
2014-11-10,2014-11-21,OPTIDX,S&P500,1795.0,CE,0.0,0.0,0.0,107.9,241.55,0,0.0,0
2014-11-10,2014-11-21,OPTIDX,S&P500,1800.0,CE,0.0,0.0,0.0,92.95,236.55,0,0.0,0
2014-11-10,2014-11-21,OPTIDX,S&P500,1805.0,CE,0.0,0.0,0.0,125.9,231.55,0,0.0,0
2014-11-10,2014-11-21,OPTIDX,S&P500,1810.0,CE,0.0,0.0,0.0,85.6,226.55,0,0.0,0
2014-11-10,2014-11-21,OPTIDX,S&P500,1815.0,CE,0.0,0.0,0.0,117.55,221.6,0,0.0,0
2014-11-10,2014-11-21,OPTIDX,S&P500,1820.0,CE,0.0,0.0,0.0,89.05,216.6,0,0.0,0
2014-11-10,2014-11-21,OPTIDX,S&P500,1825.0,CE,0.0,0.0,0.0,109.4,211.6,0,0.0,0
2014-11-10,2014-11-21,OPTIDX,S&P500,1830.0,CE,0.0,0.0,0.0,124.2,206.6,0,0.0,0
2014-11-10,2014-11-21,OPTIDX,S&P500,1835.0,CE,0.0,0.0,0.0,123.1,201.65,0,0.0,0
2014-11-10,2014-11-21,OPTIDX,S&P500,1840.0,CE,0.0,0.0,0.0,115.9,196.65,0,0.0,0
2014-11-10,2014-11-21,OPTIDX,S&P500,1845.0,CE,0.0,0.0,0.0,151.65,191.65,0,0.0,0
2014-11-10,2014-11-21,OPTIDX,S&P500,1850.0,CE,0.0,0.0,0.0,107.85,186.7,0,0.0,0
2014-11-10,2014-11-21,OPTIDX,S&P500,1855.0,CE,0.0,0.0,0.0,143.2,181.7,0,0.0,0
2014-11-10,2014-11-21,OPTIDX,S&P500,1860.0,CE,0.0,0.0,0.0,100.05,176.7,0,0.0,0
2014-11-10,2014-11-21,OPTIDX,S&P500,1865.0,CE,0.0,0.0,0.0,134.9,171.75,0,0.0,0
2014-11-10,2014-11-21,OPTIDX,S&P500,1870.0,CE,0.0,0.0,0.0,151.55,166.75,0,0.0,0
2014-11-10,2014-11-21,OPTIDX,S&P500,1875.0,CE,0.0,0.0,0.0,126.8,161.8,0,0.0,0
2014-11-10,2014-11-21,OPTIDX,S&P500,1880.0,CE,0.0,0.0,0.0,143.1,156.85,0,0.0,0
2014-11-10,2014-11-21,OPTIDX,S&P500,1885.0,CE,0.0,0.0,0.0,118.95,151.85,0,0.0,0
2014-11-10,2014-11-21,OPTIDX,S&P500,1890.0,CE,0.0,0.0,0.0,115.1,146.9,0,0.0,0
2014-11-10,2014-11-21,OPTIDX,S&P500,1895.0,CE,0.0,0.0,0.0,111.3,141.95,0,0.0,0
2014-11-10,2014-11-21,OPTIDX,S&P500,1900.0,CE,0.0,0.0,0.0,107.55,137.05,0,0.0,0
2014-11-10,2014-11-21,OPTIDX,S&P500,1905.0,CE,0.0,0.0,0.0,103.95,132.1,0,0.0,0
2014-11-10,2014-11-21,OPTIDX,S&P500,1910.0,CE,0.0,0.0,0.0,100.3,127.2,0,0.0,0
2014-11-10,2014-11-21,OPTIDX,S&P500,1915.0,CE,0.0,0.0,0.0,96.7,122.35,0,0.0,0
2014-11-10,2014-11-21,OPTIDX,S&P500,1920.0,CE,0.0,0.0,0.0,93.2,117.45,0,0.0,0
2014-11-10,2014-11-21,OPTIDX,S&P500,1925.0,CE,0.0,0.0,0.0,89.8,112.65,0,0.0,0
2014-11-10,2014-11-21,OPTIDX,S&P500,1930.0,CE,0.0,0.0,0.0,86.45,107.85,0,0.0,0
2014-11-10,2014-11-21,OPTIDX,S&P500,1935.0,CE,0.0,0.0,0.0,83.15,103.05,0,0.0,0
2014-11-10,2014-11-21,OPTIDX,S&P500,1940.0,CE,0.0,0.0,0.0,79.95,98.35,0,0.0,0
2014-11-10,2014-11-21,OPTIDX,S&P500,1945.0,CE,0.0,0.0,0.0,76.85,93.65,0,0.0,0
2014-11-10,2014-11-21,OPTIDX,S&P500,1950.0,CE,0.0,0.0,0.0,73.8,89.05,0,0.0,0
2014-11-10,2014-11-21,OPTIDX,S&P500,1955.0,CE,0.0,0.0,0.0,70.8,84.5,0,0.0,0
2014-11-10,2014-11-21,OPTIDX,S&P500,1960.0,CE,0.0,0.0,0.0,67.9,80.0,0,0.0,0
2014-11-10,2014-11-21,OPTIDX,S&P500,1965.0,CE,0.0,0.0,0.0,65.05,75.6,0,0.0,0
2014-11-10,2014-11-21,OPTIDX,S&P500,1970.0,CE,0.0,0.0,0.0,62.25,71.25,0,0.0,0
2014-11-10,2014-11-21,OPTIDX,S&P500,1975.0,CE,0.0,0.0,0.0,59.6,67.0,0,0.0,0
2014-11-10,2014-11-21,OPTIDX,S&P500,1980.0,CE,0.0,0.0,0.0,56.95,62.85,0,0.0,0
2014-11-10,2014-11-21,OPTIDX,S&P500,1985.0,CE,0.0,0.0,0.0,54.45,58.85,0,0.0,0
2014-11-10,2014-11-21,OPTIDX,S&P500,1990.0,CE,0.0,0.0,0.0,51.95,54.9,0,0.0,0
2014-11-10,2014-11-21,OPTIDX,S&P500,1995.0,CE,0.0,0.0,0.0,49.6,51.15,0,0.0,0
2014-11-10,2014-11-21,OPTIDX,S&P500,2000.0,CE,0.0,0.0,0.0,47.25,47.45,0,0.0,0
2014-11-10,2014-11-21,OPTIDX,S&P500,2005.0,CE,0.0,0.0,0.0,45.05,43.95,0,0.0,0
2014-11-10,2014-11-21,OPTIDX,S&P500,2010.0,CE,0.0,0.0,0.0,45.4,40.55,0,0.0,0
2014-11-10,2014-11-21,OPTIDX,S&P500,2015.0,CE,0.0,0.0,0.0,40.8,37.3,0,0.0,0
2014-11-10,2014-11-21,OPTIDX,S&P500,2020.0,CE,0.0,0.0,0.0,49.65,34.25,0,0.0,0
2014-11-10,2014-11-21,OPTIDX,S&P500,2025.0,CE,0.0,0.0,0.0,36.8,31.3,0,0.0,0
2014-11-10,2014-11-21,OPTIDX,S&P500,2030.0,CE,0.0,0.0,0.0,45.1,28.55,0,0.0,0
2014-11-10,2014-11-21,OPTIDX,S&P500,2035.0,CE,0.0,0.0,0.0,33.15,25.95,0,0.0,0
2014-11-10,2014-11-21,OPTIDX,S&P500,2040.0,CE,0.0,0.0,0.0,40.9,23.45,0,0.0,0
2014-11-10,2014-11-21,OPTIDX,S&P500,2045.0,CE,0.0,0.0,0.0,29.75,21.15,0,0.0,0
2014-11-10,2014-11-21,OPTIDX,S&P500,2050.0,CE,0.0,0.0,0.0,36.9,19.05,0,0.0,0
2014-11-10,2014-11-21,OPTIDX,S&P500,2055.0,CE,0.0,0.0,0.0,28.2,17.05,0,0.0,0
2014-11-10,2014-11-21,OPTIDX,S&P500,2060.0,CE,0.0,0.0,0.0,33.25,15.25,0,0.0,0
2014-11-10,2014-11-21,OPTIDX,S&P500,2065.0,CE,0.0,0.0,0.0,34.55,13.55,0,0.0,0
2014-11-10,2014-11-21,OPTIDX,S&P500,2070.0,CE,0.0,0.0,0.0,29.85,12.0,0,0.0,0
2014-11-10,2014-11-21,OPTIDX,S&P500,2075.0,CE,0.0,0.0,0.0,30.9,10.6,0,0.0,0
2014-11-10,2014-11-21,OPTIDX,S&P500,2080.0,CE,0.0,0.0,0.0,29.05,9.35,0,0.0,0
2014-11-10,2014-11-21,OPTIDX,S&P500,2085.0,CE,0.0,0.0,0.0,27.6,8.2,0,0.0,0
2014-11-10,2014-11-21,OPTIDX,S&P500,2090.0,CE,0.0,0.0,0.0,25.75,7.15,0,0.0,0
2014-11-10,2014-11-21,OPTIDX,S&P500,2095.0,CE,0.0,0.0,0.0,19.7,6.2,0,0.0,0
2014-11-10,2014-11-21,OPTIDX,S&P500,2100.0,CE,0.0,0.0,0.0,22.1,5.4,0,0.0,0
2014-11-10,2014-11-21,OPTIDX,S&P500,2105.0,CE,0.0,0.0,0.0,16.9,4.65,0,0.0,0
2014-11-10,2014-11-21,OPTIDX,S&P500,2110.0,CE,0.0,0.0,0.0,11.15,4.0,0,0.0,0
2014-11-10,2014-11-21,OPTIDX,S&P500,2120.0,CE,0.0,0.0,0.0,5.5,2.9,0,0.0,0
2014-11-10,2014-11-21,OPTIDX,S&P500,2130.0,CE,0.0,0.0,0.0,2.8,2.1,0,0.0,0
2014-11-10,2014-11-21,OPTIDX,S&P500,1760.0,PE,0.0,0.0,0.0,7.25,0.0,0,0.0,0
2014-11-10,2014-11-21,OPTIDX,S&P500,1765.0,PE,0.0,0.0,0.0,6.45,0.0,0,0.0,0
2014-11-10,2014-11-21,OPTIDX,S&P500,1770.0,PE,0.0,0.0,0.0,8.75,0.0,0,0.0,0
2014-11-10,2014-11-21,OPTIDX,S&P500,1775.0,PE,0.0,0.0,0.0,8.5,0.0,0,0.0,0
2014-11-10,2014-11-21,OPTIDX,S&P500,1780.0,PE,0.0,0.0,0.0,10.5,0.0,0,0.0,0
2014-11-10,2014-11-21,OPTIDX,S&P500,1785.0,PE,0.0,0.0,0.0,10.15,0.0,0,0.0,0
2014-11-10,2014-11-21,OPTIDX,S&P500,1790.0,PE,0.0,0.0,0.0,12.45,0.0,0,0.0,0
2014-11-10,2014-11-21,OPTIDX,S&P500,1795.0,PE,0.0,0.0,0.0,12.0,0.0,0,0.0,0
2014-11-10,2014-11-21,OPTIDX,S&P500,1800.0,PE,0.0,0.0,0.0,14.75,0.0,0,0.0,0
2014-11-10,2014-11-21,OPTIDX,S&P500,1805.0,PE,0.0,0.0,0.0,7.7,0.0,0,0.0,0
2014-11-10,2014-11-21,OPTIDX,S&P500,1810.0,PE,0.0,0.0,0.0,17.25,0.0,0,0.0,0
2014-11-10,2014-11-21,OPTIDX,S&P500,1815.0,PE,0.0,0.0,0.0,9.25,0.0,0,0.0,0
2014-11-10,2014-11-21,OPTIDX,S&P500,1820.0,PE,0.0,0.0,0.0,17.95,0.0,0,0.0,0
2014-11-10,2014-11-21,OPTIDX,S&P500,1825.0,PE,0.0,0.0,0.0,11.05,0.0,0,0.0,0
2014-11-10,2014-11-21,OPTIDX,S&P500,1830.0,PE,0.0,0.0,0.0,8.25,0.0,0,0.0,0
2014-11-10,2014-11-21,OPTIDX,S&P500,1835.0,PE,0.0,0.0,0.0,3.4,0.0,0,0.0,0
2014-11-10,2014-11-21,OPTIDX,S&P500,1840.0,PE,0.0,0.0,0.0,9.9,0.05,0,0.0,0
2014-11-10,2014-11-21,OPTIDX,S&P500,1845.0,PE,0.0,0.0,0.0,7.05,0.05,0,0.0,0
2014-11-10,2014-11-21,OPTIDX,S&P500,1850.0,PE,0.0,0.0,0.0,11.75,0.05,0,0.0,0
2014-11-10,2014-11-21,OPTIDX,S&P500,1855.0,PE,0.0,0.0,0.0,8.35,0.05,0,0.0,0
2014-11-10,2014-11-21,OPTIDX,S&P500,1860.0,PE,0.0,0.0,0.0,13.85,0.05,0,0.0,0
2014-11-10,2014-11-21,OPTIDX,S&P500,1865.0,PE,0.0,0.0,0.0,9.85,0.05,0,0.0,0
2014-11-10,2014-11-21,OPTIDX,S&P500,1870.0,PE,0.0,0.0,0.0,7.2,0.05,0,0.0,0
2014-11-10,2014-11-21,OPTIDX,S&P500,1875.0,PE,0.0,0.0,0.0,11.5,0.1,0,0.0,0
2014-11-10,2014-11-21,OPTIDX,S&P500,1880.0,PE,0.0,0.0,0.0,8.55,0.1,0,0.0,0
2014-11-10,2014-11-21,OPTIDX,S&P500,1885.0,PE,0.0,0.0,0.0,13.4,0.15,0,0.0,0
2014-11-10,2014-11-21,OPTIDX,S&P500,1890.0,PE,0.0,0.0,0.0,14.45,0.15,0,0.0,0
2014-11-10,2014-11-21,OPTIDX,S&P500,1895.0,PE,0.0,0.0,0.0,15.55,0.2,0,0.0,0
2014-11-10,2014-11-21,OPTIDX,S&P500,1900.0,PE,0.0,0.0,0.0,16.65,0.25,0,0.0,0
2014-11-10,2014-11-21,OPTIDX,S&P500,1905.0,PE,0.0,0.0,0.0,17.95,0.35,0,0.0,0
2014-11-10,2014-11-21,OPTIDX,S&P500,1910.0,PE,0.0,0.0,0.0,19.2,0.4,0,0.0,0
2014-11-10,2014-11-21,OPTIDX,S&P500,1915.0,PE,0.0,0.0,0.0,20.45,0.5,0,0.0,0
2014-11-10,2014-11-21,OPTIDX,S&P500,1920.0,PE,0.0,0.0,0.0,21.85,0.65,0,0.0,0
2014-11-10,2014-11-21,OPTIDX,S&P500,1925.0,PE,0.0,0.0,0.0,23.35,0.8,0,0.0,0
2014-11-10,2014-11-21,OPTIDX,S&P500,1930.0,PE,0.0,0.0,0.0,24.9,0.95,0,0.0,0
2014-11-10,2014-11-21,OPTIDX,S&P500,1935.0,PE,0.0,0.0,0.0,26.5,1.2,0,0.0,0
2014-11-10,2014-11-21,OPTIDX,S&P500,1940.0,PE,0.0,0.0,0.0,28.15,1.45,0,0.0,0
2014-11-10,2014-11-21,OPTIDX,S&P500,1945.0,PE,0.0,0.0,0.0,29.9,1.75,0,0.0,0
2014-11-10,2014-11-21,OPTIDX,S&P500,1950.0,PE,0.0,0.0,0.0,31.75,2.15,0,0.0,0
2014-11-10,2014-11-21,OPTIDX,S&P500,1955.0,PE,0.0,0.0,0.0,33.65,2.55,0,0.0,0
2014-11-10,2014-11-21,OPTIDX,S&P500,1960.0,PE,0.0,0.0,0.0,35.6,3.05,0,0.0,0
2014-11-10,2014-11-21,OPTIDX,S&P500,1965.0,PE,0.0,0.0,0.0,37.65,3.65,0,0.0,0
2014-11-10,2014-11-21,OPTIDX,S&P500,1970.0,PE,0.0,0.0,0.0,39.75,4.3,0,0.0,0
2014-11-10,2014-11-21,OPTIDX,S&P500,1975.0,PE,0.0,0.0,0.0,41.95,5.05,0,0.0,0
2014-11-10,2014-11-21,OPTIDX,S&P500,1980.0,PE,0.0,0.0,0.0,44.25,5.9,0,0.0,0
2014-11-10,2014-11-21,OPTIDX,S&P500,1985.0,PE,0.0,0.0,0.0,46.6,6.85,0,0.0,0
2014-11-10,2014-11-21,OPTIDX,S&P500,1990.0,PE,0.0,0.0,0.0,49.0,7.9,0,0.0,0
2014-11-10,2014-11-21,OPTIDX,S&P500,1995.0,PE,0.0,0.0,0.0,51.5,9.1,0,0.0,0
2014-11-10,2014-11-21,OPTIDX,S&P500,2000.0,PE,0.0,0.0,0.0,54.05,10.45,0,0.0,0
2014-11-10,2014-11-21,OPTIDX,S&P500,2005.0,PE,0.0,0.0,0.0,56.7,11.9,0,0.0,0
2014-11-10,2014-11-21,OPTIDX,S&P500,2010.0,PE,0.0,0.0,0.0,54.15,13.5,0,0.0,0
2014-11-10,2014-11-21,OPTIDX,S&P500,2015.0,PE,0.0,0.0,0.0,62.25,15.25,0,0.0,0
2014-11-10,2014-11-21,OPTIDX,S&P500,2020.0,PE,0.0,0.0,0.0,51.9,17.15,0,0.0,0
2014-11-10,2014-11-21,OPTIDX,S&P500,2025.0,PE,0.0,0.0,0.0,68.05,19.2,0,0.0,0
2014-11-10,2014-11-21,OPTIDX,S&P500,2030.0,PE,0.0,0.0,0.0,57.15,21.45,0,0.0,0
2014-11-10,2014-11-21,OPTIDX,S&P500,2035.0,PE,0.0,0.0,0.0,74.15,23.8,0,0.0,0
2014-11-10,2014-11-21,OPTIDX,S&P500,2040.0,PE,0.0,0.0,0.0,62.65,26.35,0,0.0,0
2014-11-10,2014-11-21,OPTIDX,S&P500,2045.0,PE,0.0,0.0,0.0,80.5,29.05,0,0.0,0
2014-11-10,2014-11-21,OPTIDX,S&P500,2050.0,PE,0.0,0.0,0.0,68.45,31.9,0,0.0,0
2014-11-10,2014-11-21,OPTIDX,S&P500,2055.0,PE,0.0,0.0,0.0,80.9,34.9,0,0.0,0
2014-11-10,2014-11-21,OPTIDX,S&P500,2060.0,PE,0.0,0.0,0.0,74.55,38.05,0,0.0,0
2014-11-10,2014-11-21,OPTIDX,S&P500,2065.0,PE,0.0,0.0,0.0,66.9,41.35,0,0.0,0
2014-11-10,2014-11-21,OPTIDX,S&P500,2070.0,PE,0.0,0.0,0.0,80.95,44.8,0,0.0,0
2014-11-10,2014-11-21,OPTIDX,S&P500,2075.0,PE,0.0,0.0,0.0,73.05,48.35,0,0.0,0
2014-11-10,2014-11-21,OPTIDX,S&P500,2080.0,PE,0.0,0.0,0.0,80.6,52.1,0,0.0,0
2014-11-10,2014-11-21,OPTIDX,S&P500,2085.0,PE,0.0,0.0,0.0,79.5,55.95,0,0.0,0
2014-11-10,2014-11-21,OPTIDX,S&P500,2090.0,PE,0.0,0.0,0.0,78.2,59.9,0,0.0,0
2014-11-10,2014-11-21,OPTIDX,S&P500,2095.0,PE,0.0,0.0,0.0,70.35,63.95,0,0.0,0
2014-11-10,2014-11-21,OPTIDX,S&P500,2100.0,PE,0.0,0.0,0.0,79.95,68.1,0,0.0,0
2014-11-10,2014-11-21,OPTIDX,S&P500,2105.0,PE,0.0,0.0,0.0,77.4,72.35,0,0.0,0
2014-11-10,2014-11-21,OPTIDX,S&P500,2110.0,PE,0.0,0.0,0.0,75.75,76.7,0,0.0,0
2014-11-10,2014-11-21,OPTIDX,S&P500,2120.0,PE,0.0,0.0,0.0,99.1,85.6,0,0.0,0
2014-11-10,2014-11-21,OPTIDX,S&P500,2130.0,PE,0.0,0.0,0.0,95.65,94.75,0,0.0,0
2014-11-10,2014-12-19,OPTIDX,S&P500,1640.0,CE,0.0,0.0,0.0,262.75,407.15,0,0.0,0
2014-11-10,2014-12-19,OPTIDX,S&P500,1650.0,CE,0.0,0.0,0.0,255.6,397.25,0,0.0,0
2014-11-10,2014-12-19,OPTIDX,S&P500,1655.0,CE,0.0,0.0,0.0,261.4,392.3,0,0.0,0
2014-11-10,2014-12-19,OPTIDX,S&P500,1660.0,CE,0.0,0.0,0.0,248.6,387.35,0,0.0,0
2014-11-10,2014-12-19,OPTIDX,S&P500,1665.0,CE,0.0,0.0,0.0,254.25,382.4,0,0.0,0
2014-11-10,2014-12-19,OPTIDX,S&P500,1670.0,CE,0.0,0.0,0.0,241.65,377.45,0,0.0,0
2014-11-10,2014-12-19,OPTIDX,S&P500,1675.0,CE,0.0,0.0,0.0,248.3,372.5,0,0.0,0
2014-11-10,2014-12-19,OPTIDX,S&P500,1680.0,CE,0.0,0.0,0.0,251.85,367.55,0,0.0,0
2014-11-10,2014-12-19,OPTIDX,S&P500,1685.0,CE,0.0,0.0,0.0,240.7,362.6,0,0.0,0
2014-11-10,2014-12-19,OPTIDX,S&P500,1690.0,CE,0.0,0.0,0.0,251.55,357.65,0,0.0,0
2014-11-10,2014-12-19,OPTIDX,S&P500,1695.0,CE,0.0,0.0,0.0,249.0,352.7,0,0.0,0
2014-11-10,2014-12-19,OPTIDX,S&P500,1700.0,CE,0.0,0.0,0.0,243.95,347.75,0,0.0,0
2014-11-10,2014-12-19,OPTIDX,S&P500,1705.0,CE,0.0,0.0,0.0,241.35,342.8,0,0.0,0
2014-11-10,2014-12-19,OPTIDX,S&P500,1710.0,CE,0.0,0.0,0.0,261.5,337.85,0,0.0,0
2014-11-10,2014-12-19,OPTIDX,S&P500,1715.0,CE,0.0,0.0,0.0,233.8,332.9,0,0.0,0
2014-11-10,2014-12-19,OPTIDX,S&P500,1720.0,CE,0.0,0.0,0.0,253.65,327.95,0,0.0,0
2014-11-10,2014-12-19,OPTIDX,S&P500,1725.0,CE,0.0,0.0,0.0,250.6,323.0,0,0.0,0
2014-11-10,2014-12-19,OPTIDX,S&P500,1730.0,CE,0.0,0.0,0.0,245.95,318.05,0,0.0,0
2014-11-10,2014-12-19,OPTIDX,S&P500,1735.0,CE,0.0,0.0,0.0,258.25,313.1,0,0.0,0
2014-11-10,2014-12-19,OPTIDX,S&P500,1740.0,CE,0.0,0.0,0.0,238.35,308.15,0,0.0,0
2014-11-10,2014-12-19,OPTIDX,S&P500,1745.0,CE,0.0,0.0,0.0,250.35,303.2,0,0.0,0
2014-11-10,2014-12-19,OPTIDX,S&P500,1750.0,CE,0.0,0.0,0.0,230.85,298.3,0,0.0,0
2014-11-10,2014-12-19,OPTIDX,S&P500,1755.0,CE,0.0,0.0,0.0,227.1,293.35,0,0.0,0
2014-11-10,2014-12-19,OPTIDX,S&P500,1760.0,CE,0.0,0.0,0.0,223.45,288.4,0,0.0,0
2014-11-10,2014-12-19,OPTIDX,S&P500,1765.0,CE,0.0,0.0,0.0,219.75,283.5,0,0.0,0
2014-11-10,2014-12-19,OPTIDX,S&P500,1770.0,CE,0.0,0.0,0.0,216.15,278.55,0,0.0,0
2014-11-10,2014-12-19,OPTIDX,S&P500,1775.0,CE,0.0,0.0,0.0,212.55,273.65,0,0.0,0
2014-11-10,2014-12-19,OPTIDX,S&P500,1780.0,CE,0.0,0.0,0.0,208.95,268.7,0,0.0,0
2014-11-10,2014-12-19,OPTIDX,S&P500,1785.0,CE,0.0,0.0,0.0,205.4,263.8,0,0.0,0
2014-11-10,2014-12-19,OPTIDX,S&P500,1790.0,CE,0.0,0.0,0.0,201.9,258.9,0,0.0,0
2014-11-10,2014-12-19,OPTIDX,S&P500,1795.0,CE,0.0,0.0,0.0,198.4,254.0,0,0.0,0
2014-11-10,2014-12-19,OPTIDX,S&P500,1800.0,CE,0.0,0.0,0.0,194.95,249.1,0,0.0,0
2014-11-10,2014-12-19,OPTIDX,S&P500,1805.0,CE,0.0,0.0,0.0,191.6,244.2,0,0.0,0
2014-11-10,2014-12-19,OPTIDX,S&P500,1810.0,CE,0.0,0.0,0.0,188.2,239.35,0,0.0,0
2014-11-10,2014-12-19,OPTIDX,S&P500,1815.0,CE,0.0,0.0,0.0,184.85,234.45,0,0.0,0
2014-11-10,2014-12-19,OPTIDX,S&P500,1820.0,CE,0.0,0.0,0.0,181.5,229.6,0,0.0,0
2014-11-10,2014-12-19,OPTIDX,S&P500,1825.0,CE,0.0,0.0,0.0,178.2,224.75,0,0.0,0
2014-11-10,2014-12-19,OPTIDX,S&P500,1830.0,CE,0.0,0.0,0.0,174.95,219.95,0,0.0,0
2014-11-10,2014-12-19,OPTIDX,S&P500,1835.0,CE,0.0,0.0,0.0,171.65,215.1,0,0.0,0
2014-11-10,2014-12-19,OPTIDX,S&P500,1840.0,CE,0.0,0.0,0.0,168.45,210.3,0,0.0,0
2014-11-10,2014-12-19,OPTIDX,S&P500,1845.0,CE,0.0,0.0,0.0,165.3,205.55,0,0.0,0
2014-11-10,2014-12-19,OPTIDX,S&P500,1850.0,CE,0.0,0.0,0.0,162.15,200.75,0,0.0,0
2014-11-10,2014-12-19,OPTIDX,S&P500,1855.0,CE,0.0,0.0,0.0,159.05,196.0,0,0.0,0
2014-11-10,2014-12-19,OPTIDX,S&P500,1860.0,CE,0.0,0.0,0.0,156.0,191.3,0,0.0,0
2014-11-10,2014-12-19,OPTIDX,S&P500,1865.0,CE,0.0,0.0,0.0,153.0,186.6,0,0.0,0
2014-11-10,2014-12-19,OPTIDX,S&P500,1870.0,CE,0.0,0.0,0.0,150.0,181.9,0,0.0,0
2014-11-10,2014-12-19,OPTIDX,S&P500,1875.0,CE,0.0,0.0,0.0,150.85,177.25,0,0.0,0
2014-11-10,2014-12-19,OPTIDX,S&P500,1880.0,CE,0.0,0.0,0.0,144.1,172.65,0,0.0,0
2014-11-10,2014-12-19,OPTIDX,S&P500,1885.0,CE,0.0,0.0,0.0,150.2,168.05,0,0.0,0
2014-11-10,2014-12-19,OPTIDX,S&P500,1890.0,CE,0.0,0.0,0.0,138.4,163.5,0,0.0,0
2014-11-10,2014-12-19,OPTIDX,S&P500,1895.0,CE,0.0,0.0,0.0,145.35,158.95,0,0.0,0
2014-11-10,2014-12-19,OPTIDX,S&P500,1900.0,CE,0.0,0.0,0.0,132.8,154.45,0,0.0,0
2014-11-10,2014-12-19,OPTIDX,S&P500,1905.0,CE,0.0,0.0,0.0,139.45,150.0,0,0.0,0
2014-11-10,2014-12-19,OPTIDX,S&P500,1910.0,CE,0.0,0.0,0.0,127.35,145.6,0,0.0,0
2014-11-10,2014-12-19,OPTIDX,S&P500,1915.0,CE,0.0,0.0,0.0,133.65,141.25,0,0.0,0
2014-11-10,2014-12-19,OPTIDX,S&P500,1920.0,CE,0.0,0.0,0.0,125.3,136.9,0,0.0,0
2014-11-10,2014-12-19,OPTIDX,S&P500,1925.0,CE,0.0,0.0,0.0,128.05,132.65,0,0.0,0
2014-11-10,2014-12-19,OPTIDX,S&P500,1930.0,CE,0.0,0.0,0.0,124.55,128.45,0,0.0,0
2014-11-10,2014-12-19,OPTIDX,S&P500,1935.0,CE,0.0,0.0,0.0,122.55,124.25,0,0.0,0
2014-11-10,2014-12-19,OPTIDX,S&P500,1940.0,CE,0.0,0.0,0.0,122.7,120.15,0,0.0,0
2014-11-10,2014-12-19,OPTIDX,S&P500,1945.0,CE,0.0,0.0,0.0,112.85,116.1,0,0.0,0
2014-11-10,2014-12-19,OPTIDX,S&P500,1950.0,CE,0.0,0.0,0.0,113.9,112.1,0,0.0,0
2014-11-10,2014-12-19,OPTIDX,S&P500,1955.0,CE,0.0,0.0,0.0,116.05,108.15,0,0.0,0
2014-11-10,2014-12-19,OPTIDX,S&P500,1960.0,CE,0.0,0.0,0.0,113.3,104.25,0,0.0,0
2014-11-10,2014-12-19,OPTIDX,S&P500,1965.0,CE,0.0,0.0,0.0,129.7,100.45,0,0.0,0
2014-11-10,2014-12-19,OPTIDX,S&P500,1970.0,CE,0.0,0.0,0.0,119.95,96.7,0,0.0,0
2014-11-10,2014-12-19,OPTIDX,S&P500,1975.0,CE,0.0,0.0,0.0,124.55,93.1,0,0.0,0
2014-11-10,2014-12-19,OPTIDX,S&P500,1980.0,CE,0.0,0.0,0.0,114.7,89.45,0,0.0,0
2014-11-10,2014-12-19,OPTIDX,S&P500,1985.0,CE,0.0,0.0,0.0,91.9,85.9,0,0.0,0
2014-11-10,2014-12-19,OPTIDX,S&P500,1990.0,CE,0.0,0.0,0.0,89.85,82.45,0,0.0,0
2014-11-10,2014-12-19,OPTIDX,S&P500,1995.0,CE,0.0,0.0,0.0,78.1,79.05,0,0.0,0
2014-11-10,2014-12-19,OPTIDX,S&P500,2000.0,CE,0.0,0.0,0.0,66.35,75.75,0,0.0,0
2014-11-10,2014-12-19,OPTIDX,S&P500,2005.0,CE,0.0,0.0,0.0,68.2,72.55,0,0.0,0
2014-11-10,2014-12-19,OPTIDX,S&P500,2010.0,CE,0.0,0.0,0.0,65.2,69.4,0,0.0,0
2014-11-10,2014-12-19,OPTIDX,S&P500,2015.0,CE,0.0,0.0,0.0,63.35,66.35,0,0.0,0
2014-11-10,2014-12-19,OPTIDX,S&P500,2020.0,CE,0.0,0.0,0.0,61.35,63.35,0,0.0,0
2014-11-10,2014-12-19,OPTIDX,S&P500,2025.0,CE,0.0,0.0,0.0,58.7,60.5,0,0.0,0
2014-11-10,2014-12-19,OPTIDX,S&P500,2030.0,CE,0.0,0.0,0.0,52.15,57.65,0,0.0,0
2014-11-10,2014-12-19,OPTIDX,S&P500,2035.0,CE,0.0,0.0,0.0,51.55,54.95,0,0.0,0
2014-11-10,2014-12-19,OPTIDX,S&P500,2040.0,CE,0.0,0.0,0.0,53.65,52.3,0,0.0,0
2014-11-10,2014-12-19,OPTIDX,S&P500,2045.0,CE,0.0,0.0,0.0,47.05,49.75,0,0.0,0
2014-11-10,2014-12-19,OPTIDX,S&P500,2050.0,CE,0.0,0.0,0.0,53.1,47.25,0,0.0,0
2014-11-10,2014-12-19,OPTIDX,S&P500,2055.0,CE,0.0,0.0,0.0,47.85,44.85,0,0.0,0
2014-11-10,2014-12-19,OPTIDX,S&P500,2060.0,CE,0.0,0.0,0.0,43.65,42.55,0,0.0,0
2014-11-10,2014-12-19,OPTIDX,S&P500,2065.0,CE,0.0,0.0,0.0,41.45,40.3,0,0.0,0
2014-11-10,2014-12-19,OPTIDX,S&P500,2070.0,CE,0.0,0.0,0.0,36.6,38.15,0,0.0,0
2014-11-10,2014-12-19,OPTIDX,S&P500,2075.0,CE,0.0,0.0,0.0,36.7,36.1,0,0.0,0
2014-11-10,2014-12-19,OPTIDX,S&P500,2080.0,CE,0.0,0.0,0.0,32.55,34.1,0,0.0,0
2014-11-10,2014-12-19,OPTIDX,S&P500,2085.0,CE,0.0,0.0,0.0,35.8,32.2,0,0.0,0
2014-11-10,2014-12-19,OPTIDX,S&P500,2090.0,CE,0.0,0.0,0.0,35.1,30.4,0,0.0,0
2014-11-10,2014-12-19,OPTIDX,S&P500,2095.0,CE,0.0,0.0,0.0,30.2,28.65,0,0.0,0
2014-11-10,2014-12-19,OPTIDX,S&P500,2100.0,CE,0.0,0.0,0.0,32.9,26.95,0,0.0,0
2014-11-10,2014-12-19,OPTIDX,S&P500,2105.0,CE,0.0,0.0,0.0,26.8,25.35,0,0.0,0
2014-11-10,2014-12-19,OPTIDX,S&P500,2110.0,CE,0.0,0.0,0.0,19.7,23.85,0,0.0,0
2014-11-10,2014-12-19,OPTIDX,S&P500,2120.0,CE,0.0,0.0,0.0,23.4,21.0,0,0.0,0
2014-11-10,2014-12-19,OPTIDX,S&P500,2130.0,CE,0.0,0.0,0.0,20.1,18.5,0,0.0,0
2014-11-10,2014-12-19,OPTIDX,S&P500,1640.0,PE,0.0,0.0,0.0,29.65,0.0,0,0.0,0
2014-11-10,2014-12-19,OPTIDX,S&P500,1650.0,PE,0.0,0.0,0.0,31.75,0.0,0,0.0,0
2014-11-10,2014-12-19,OPTIDX,S&P500,1655.0,PE,0.0,0.0,0.0,29.7,0.0,0,0.0,0
2014-11-10,2014-12-19,OPTIDX,S&P500,1660.0,PE,0.0,0.0,0.0,33.9,0.0,0,0.0,0
2014-11-10,2014-12-19,OPTIDX,S&P500,1665.0,PE,0.0,0.0,0.0,31.8,0.0,0,0.0,0
2014-11-10,2014-12-19,OPTIDX,S&P500,1670.0,PE,0.0,0.0,0.0,36.2,0.0,0,0.0,0
2014-11-10,2014-12-19,OPTIDX,S&P500,1675.0,PE,0.0,0.0,0.0,18.1,0.05,0,0.0,0
2014-11-10,2014-12-19,OPTIDX,S&P500,1680.0,PE,0.0,0.0,0.0,16.75,0.05,0,0.0,0
2014-11-10,2014-12-19,OPTIDX,S&P500,1685.0,PE,0.0,0.0,0.0,19.75,0.05,0,0.0,0
2014-11-10,2014-12-19,OPTIDX,S&P500,1690.0,PE,0.0,0.0,0.0,18.35,0.05,0,0.0,0
2014-11-10,2014-12-19,OPTIDX,S&P500,1695.0,PE,0.0,0.0,0.0,17.05,0.05,0,0.0,0
2014-11-10,2014-12-19,OPTIDX,S&P500,1700.0,PE,0.0,0.0,0.0,20.0,0.05,0,0.0,0
2014-11-10,2014-12-19,OPTIDX,S&P500,1705.0,PE,0.0,0.0,0.0,18.6,0.05,0,0.0,0
2014-11-10,2014-12-19,OPTIDX,S&P500,1710.0,PE,0.0,0.0,0.0,13.55,0.05,0,0.0,0
2014-11-10,2014-12-19,OPTIDX,S&P500,1715.0,PE,0.0,0.0,0.0,20.3,0.05,0,0.0,0
2014-11-10,2014-12-19,OPTIDX,S&P500,1720.0,PE,0.0,0.0,0.0,14.85,0.05,0,0.0,0
2014-11-10,2014-12-19,OPTIDX,S&P500,1725.0,PE,0.0,0.0,0.0,6.9,0.05,0,0.0,0
2014-11-10,2014-12-19,OPTIDX,S&P500,1730.0,PE,0.0,0.0,0.0,16.3,0.05,0,0.0,0
2014-11-10,2014-12-19,OPTIDX,S&P500,1735.0,PE,0.0,0.0,0.0,11.95,0.1,0,0.0,0
2014-11-10,2014-12-19,OPTIDX,S&P500,1740.0,PE,0.0,0.0,0.0,17.8,0.1,0,0.0,0
2014-11-10,2014-12-19,OPTIDX,S&P500,1745.0,PE,0.0,0.0,0.0,13.2,0.1,0,0.0,0
2014-11-10,2014-12-19,OPTIDX,S&P500,1750.0,PE,0.0,0.0,0.0,19.4,0.1,0,0.0,0
2014-11-10,2014-12-19,OPTIDX,S&P500,1755.0,PE,0.0,0.0,0.0,20.25,0.15,0,0.0,0
2014-11-10,2014-12-19,OPTIDX,S&P500,1760.0,PE,0.0,0.0,0.0,21.15,0.15,0,0.0,0
2014-11-10,2014-12-19,OPTIDX,S&P500,1765.0,PE,0.0,0.0,0.0,22.05,0.2,0,0.0,0
2014-11-10,2014-12-19,OPTIDX,S&P500,1770.0,PE,0.0,0.0,0.0,23.0,0.2,0,0.0,0
2014-11-10,2014-12-19,OPTIDX,S&P500,1775.0,PE,0.0,0.0,0.0,23.95,0.25,0,0.0,0
2014-11-10,2014-12-19,OPTIDX,S&P500,1780.0,PE,0.0,0.0,0.0,24.95,0.25,0,0.0,0
2014-11-10,2014-12-19,OPTIDX,S&P500,1785.0,PE,0.0,0.0,0.0,25.95,0.3,0,0.0,0
2014-11-10,2014-12-19,OPTIDX,S&P500,1790.0,PE,0.0,0.0,0.0,27.0,0.35,0,0.0,0
2014-11-10,2014-12-19,OPTIDX,S&P500,1795.0,PE,0.0,0.0,0.0,28.1,0.4,0,0.0,0
2014-11-10,2014-12-19,OPTIDX,S&P500,1800.0,PE,0.0,0.0,0.0,29.2,0.45,0,0.0,0
2014-11-10,2014-12-19,OPTIDX,S&P500,1805.0,PE,0.0,0.0,0.0,30.4,0.55,0,0.0,0
2014-11-10,2014-12-19,OPTIDX,S&P500,1810.0,PE,0.0,0.0,0.0,31.6,0.6,0,0.0,0
2014-11-10,2014-12-19,OPTIDX,S&P500,1815.0,PE,0.0,0.0,0.0,32.8,0.7,0,0.0,0
2014-11-10,2014-12-19,OPTIDX,S&P500,1820.0,PE,0.0,0.0,0.0,34.0,0.8,0,0.0,0
2014-11-10,2014-12-19,OPTIDX,S&P500,1825.0,PE,0.0,0.0,0.0,35.3,0.9,0,0.0,0
2014-11-10,2014-12-19,OPTIDX,S&P500,1830.0,PE,0.0,0.0,0.0,36.6,1.05,0,0.0,0
2014-11-10,2014-12-19,OPTIDX,S&P500,1835.0,PE,0.0,0.0,0.0,37.85,1.15,0,0.0,0
2014-11-10,2014-12-19,OPTIDX,S&P500,1840.0,PE,0.0,0.0,0.0,39.2,1.3,0,0.0,0
2014-11-10,2014-12-19,OPTIDX,S&P500,1845.0,PE,0.0,0.0,0.0,40.6,1.5,0,0.0,0
2014-11-10,2014-12-19,OPTIDX,S&P500,1850.0,PE,0.0,0.0,0.0,42.05,1.65,0,0.0,0
2014-11-10,2014-12-19,OPTIDX,S&P500,1855.0,PE,0.0,0.0,0.0,43.55,1.85,0,0.0,0
2014-11-10,2014-12-19,OPTIDX,S&P500,1860.0,PE,0.0,0.0,0.0,45.05,2.1,0,0.0,0
2014-11-10,2014-12-19,OPTIDX,S&P500,1865.0,PE,0.0,0.0,0.0,46.6,2.35,0,0.0,0
2014-11-10,2014-12-19,OPTIDX,S&P500,1870.0,PE,0.0,0.0,0.0,48.15,2.65,0,0.0,0
2014-11-10,2014-12-19,OPTIDX,S&P500,1875.0,PE,0.0,0.0,0.0,46.35,2.95,0,0.0,0
2014-11-10,2014-12-19,OPTIDX,S&P500,1880.0,PE,0.0,0.0,0.0,51.45,3.25,0,0.0,0
2014-11-10,2014-12-19,OPTIDX,S&P500,1885.0,PE,0.0,0.0,0.0,45.65,3.6,0,0.0,0
2014-11-10,2014-12-19,OPTIDX,S&P500,1890.0,PE,0.0,0.0,0.0,54.85,4.0,0,0.0,0
2014-11-10,2014-12-19,OPTIDX,S&P500,1895.0,PE,0.0,0.0,0.0,45.4,4.45,0,0.0,0
2014-11-10,2014-12-19,OPTIDX,S&P500,1900.0,PE,0.0,0.0,0.0,58.4,4.9,0,0.0,0
2014-11-10,2014-12-19,OPTIDX,S&P500,1905.0,PE,0.0,0.0,0.0,48.6,5.4,0,0.0,0
2014-11-10,2014-12-19,OPTIDX,S&P500,1910.0,PE,0.0,0.0,0.0,62.05,5.95,0,0.0,0
2014-11-10,2014-12-19,OPTIDX,S&P500,1915.0,PE,0.0,0.0,0.0,52.0,6.55,0,0.0,0
2014-11-10,2014-12-19,OPTIDX,S&P500,1920.0,PE,0.0,0.0,0.0,61.9,7.2,0,0.0,0
2014-11-10,2014-12-19,OPTIDX,S&P500,1925.0,PE,0.0,0.0,0.0,55.5,7.85,0,0.0,0
2014-11-10,2014-12-19,OPTIDX,S&P500,1930.0,PE,0.0,0.0,0.0,61.15,8.6,0,0.0,0
2014-11-10,2014-12-19,OPTIDX,S&P500,1935.0,PE,0.0,0.0,0.0,59.2,9.35,0,0.0,0
2014-11-10,2014-12-19,OPTIDX,S&P500,1940.0,PE,0.0,0.0,0.0,57.2,10.2,0,0.0,0
2014-11-10,2014-12-19,OPTIDX,S&P500,1945.0,PE,0.0,0.0,0.0,53.95,11.1,0,0.0,0
2014-11-10,2014-12-19,OPTIDX,S&P500,1950.0,PE,0.0,0.0,0.0,52.75,12.05,0,0.0,0
2014-11-10,2014-12-19,OPTIDX,S&P500,1955.0,PE,0.0,0.0,0.0,71.05,13.1,0,0.0,0
2014-11-10,2014-12-19,OPTIDX,S&P500,1960.0,PE,0.0,0.0,0.0,69.15,14.15,0,0.0,0
2014-11-10,2014-12-19,OPTIDX,S&P500,1965.0,PE,0.0,0.0,0.0,72.8,15.3,0,0.0,0
2014-11-10,2014-12-19,OPTIDX,S&P500,1970.0,PE,0.0,0.0,0.0,64.6,16.5,0,0.0,0
2014-11-10,2014-12-19,OPTIDX,S&P500,1975.0,PE,0.0,0.0,0.0,76.9,17.85,0,0.0,0
2014-11-10,2014-12-19,OPTIDX,S&P500,1980.0,PE,0.0,0.0,0.0,68.6,19.1,0,0.0,0
2014-11-10,2014-12-19,OPTIDX,S&P500,1985.0,PE,0.0,0.0,0.0,62.5,20.55,0,0.0,0
2014-11-10,2014-12-19,OPTIDX,S&P500,1990.0,PE,0.0,0.0,0.0,61.0,22.05,0,0.0,0
2014-11-10,2014-12-19,OPTIDX,S&P500,1995.0,PE,0.0,0.0,0.0,69.3,23.65,0,0.0,0
2014-11-10,2014-12-19,OPTIDX,S&P500,2000.0,PE,0.0,0.0,0.0,67.4,25.3,0,0.0,0
2014-11-10,2014-12-19,OPTIDX,S&P500,2005.0,PE,0.0,0.0,0.0,53.25,27.0,0,0.0,0
2014-11-10,2014-12-19,OPTIDX,S&P500,2010.0,PE,0.0,0.0,0.0,64.65,28.85,0,0.0,0
2014-11-10,2014-12-19,OPTIDX,S&P500,2015.0,PE,0.0,0.0,0.0,57.9,30.7,0,0.0,0
2014-11-10,2014-12-19,OPTIDX,S&P500,2020.0,PE,0.0,0.0,0.0,63.55,32.7,0,0.0,0
2014-11-10,2014-12-19,OPTIDX,S&P500,2025.0,PE,0.0,0.0,0.0,62.8,34.75,0,0.0,0
2014-11-10,2014-12-19,OPTIDX,S&P500,2030.0,PE,0.0,0.0,0.0,58.65,36.9,0,0.0,0
2014-11-10,2014-12-19,OPTIDX,S&P500,2035.0,PE,0.0,0.0,0.0,51.15,39.1,0,0.0,0
2014-11-10,2014-12-19,OPTIDX,S&P500,2040.0,PE,0.0,0.0,0.0,59.05,41.45,0,0.0,0
2014-11-10,2014-12-19,OPTIDX,S&P500,2045.0,PE,0.0,0.0,0.0,56.2,43.8,0,0.0,0
2014-11-10,2014-12-19,OPTIDX,S&P500,2050.0,PE,0.0,0.0,0.0,59.15,46.3,0,0.0,0
2014-11-10,2014-12-19,OPTIDX,S&P500,2055.0,PE,0.0,0.0,0.0,55.2,48.85,0,0.0,0
2014-11-10,2014-12-19,OPTIDX,S&P500,2060.0,PE,0.0,0.0,0.0,56.3,51.5,0,0.0,0
2014-11-10,2014-12-19,OPTIDX,S&P500,2065.0,PE,0.0,0.0,0.0,56.05,54.2,0,0.0,0
2014-11-10,2014-12-19,OPTIDX,S&P500,2070.0,PE,0.0,0.0,0.0,49.7,57.05,0,0.0,0
2014-11-10,2014-12-19,OPTIDX,S&P500,2075.0,PE,0.0,0.0,0.0,55.95,59.9,0,0.0,0
2014-11-10,2014-12-19,OPTIDX,S&P500,2080.0,PE,0.0,0.0,0.0,55.25,62.9,0,0.0,0
2014-11-10,2014-12-19,OPTIDX,S&P500,2085.0,PE,0.0,0.0,0.0,55.3,65.95,0,0.0,0
2014-11-10,2014-12-19,OPTIDX,S&P500,2090.0,PE,0.0,0.0,0.0,64.65,69.05,0,0.0,0
2014-11-10,2014-12-19,OPTIDX,S&P500,2095.0,PE,0.0,0.0,0.0,66.9,72.25,0,0.0,0
2014-11-10,2014-12-19,OPTIDX,S&P500,2100.0,PE,0.0,0.0,0.0,76.7,75.55,0,0.0,0
2014-11-10,2014-12-19,OPTIDX,S&P500,2105.0,PE,0.0,0.0,0.0,73.2,78.9,0,0.0,0
2014-11-10,2014-12-19,OPTIDX,S&P500,2110.0,PE,0.0,0.0,0.0,70.2,82.3,0,0.0,0
2014-11-10,2014-12-19,OPTIDX,S&P500,2120.0,PE,0.0,0.0,0.0,102.55,89.4,0,0.0,0
2014-11-10,2014-12-19,OPTIDX,S&P500,2130.0,PE,0.0,0.0,0.0,98.5,96.8,0,0.0,0
2014-11-10,2015-01-16,OPTIDX,S&P500,1765.0,CE,0.0,0.0,0.0,153.7,296.0,0,0.0,0
2014-11-10,2015-01-16,OPTIDX,S&P500,1775.0,CE,0.0,0.0,0.0,146.05,286.35,0,0.0,0
2014-11-10,2015-01-16,OPTIDX,S&P500,1785.0,CE,0.0,0.0,0.0,138.65,276.8,0,0.0,0
2014-11-10,2015-01-16,OPTIDX,S&P500,1795.0,CE,0.0,0.0,0.0,131.5,267.3,0,0.0,0
2014-11-10,2015-01-16,OPTIDX,S&P500,1805.0,CE,0.0,0.0,0.0,124.35,257.8,0,0.0,0
2014-11-10,2015-01-16,OPTIDX,S&P500,1810.0,CE,0.0,0.0,0.0,120.95,253.1,0,0.0,0
2014-11-10,2015-01-16,OPTIDX,S&P500,1815.0,CE,0.0,0.0,0.0,117.55,248.4,0,0.0,0
2014-11-10,2015-01-16,OPTIDX,S&P500,1820.0,CE,0.0,0.0,0.0,114.2,243.75,0,0.0,0
2014-11-10,2015-01-16,OPTIDX,S&P500,1825.0,CE,0.0,0.0,0.0,110.95,239.1,0,0.0,0
2014-11-10,2015-01-16,OPTIDX,S&P500,1830.0,CE,0.0,0.0,0.0,107.75,234.45,0,0.0,0
2014-11-10,2015-01-16,OPTIDX,S&P500,1835.0,CE,0.0,0.0,0.0,104.55,229.8,0,0.0,0
2014-11-10,2015-01-16,OPTIDX,S&P500,1840.0,CE,0.0,0.0,0.0,101.45,225.25,0,0.0,0
2014-11-10,2015-01-16,OPTIDX,S&P500,1845.0,CE,0.0,0.0,0.0,98.4,220.65,0,0.0,0
2014-11-10,2015-01-16,OPTIDX,S&P500,1850.0,CE,0.0,0.0,0.0,95.4,216.1,0,0.0,0
2014-11-10,2015-01-16,OPTIDX,S&P500,1855.0,CE,0.0,0.0,0.0,92.45,211.6,0,0.0,0
2014-11-10,2015-01-16,OPTIDX,S&P500,1860.0,CE,0.0,0.0,0.0,89.55,207.1,0,0.0,0
2014-11-10,2015-01-16,OPTIDX,S&P500,1865.0,CE,0.0,0.0,0.0,86.75,202.65,0,0.0,0
2014-11-10,2015-01-16,OPTIDX,S&P500,1870.0,CE,0.0,0.0,0.0,83.95,198.2,0,0.0,0
2014-11-10,2015-01-16,OPTIDX,S&P500,1875.0,CE,0.0,0.0,0.0,81.25,193.8,0,0.0,0
2014-11-10,2015-01-16,OPTIDX,S&P500,1880.0,CE,0.0,0.0,0.0,78.6,189.45,0,0.0,0
2014-11-10,2015-01-16,OPTIDX,S&P500,1885.0,CE,0.0,0.0,0.0,76.0,185.1,0,0.0,0
2014-11-10,2015-01-16,OPTIDX,S&P500,1890.0,CE,0.0,0.0,0.0,73.45,180.8,0,0.0,0
2014-11-10,2015-01-16,OPTIDX,S&P500,1895.0,CE,0.0,0.0,0.0,70.95,176.5,0,0.0,0
2014-11-10,2015-01-16,OPTIDX,S&P500,1900.0,CE,0.0,0.0,0.0,68.55,172.3,0,0.0,0
2014-11-10,2015-01-16,OPTIDX,S&P500,1905.0,CE,0.0,0.0,0.0,66.15,168.1,0,0.0,0
2014-11-10,2015-01-16,OPTIDX,S&P500,1910.0,CE,0.0,0.0,0.0,63.85,163.95,0,0.0,0
2014-11-10,2015-01-16,OPTIDX,S&P500,1915.0,CE,0.0,0.0,0.0,61.6,159.85,0,0.0,0
2014-11-10,2015-01-16,OPTIDX,S&P500,1920.0,CE,0.0,0.0,0.0,59.4,155.75,0,0.0,0
2014-11-10,2015-01-16,OPTIDX,S&P500,1925.0,CE,0.0,0.0,0.0,57.25,151.75,0,0.0,0
2014-11-10,2015-01-16,OPTIDX,S&P500,1930.0,CE,0.0,0.0,0.0,67.85,147.75,0,0.0,0
2014-11-10,2015-01-16,OPTIDX,S&P500,1935.0,CE,0.0,0.0,0.0,53.1,143.85,0,0.0,0
2014-11-10,2015-01-16,OPTIDX,S&P500,1940.0,CE,0.0,0.0,0.0,63.3,139.95,0,0.0,0
2014-11-10,2015-01-16,OPTIDX,S&P500,1945.0,CE,0.0,0.0,0.0,49.2,136.15,0,0.0,0
2014-11-10,2015-01-16,OPTIDX,S&P500,1950.0,CE,0.0,0.0,0.0,66.3,132.35,0,0.0,0
2014-11-10,2015-01-16,OPTIDX,S&P500,1955.0,CE,0.0,0.0,0.0,45.55,128.6,0,0.0,0
2014-11-10,2015-01-16,OPTIDX,S&P500,1960.0,CE,0.0,0.0,0.0,61.8,125.0,0,0.0,0
2014-11-10,2015-01-16,OPTIDX,S&P500,1965.0,CE,0.0,0.0,0.0,42.05,121.35,0,0.0,0
2014-11-10,2015-01-16,OPTIDX,S&P500,1970.0,CE,0.0,0.0,0.0,81.65,117.7,0,0.0,0
2014-11-10,2015-01-16,OPTIDX,S&P500,1975.0,CE,0.0,0.0,0.0,49.05,114.2,0,0.0,0
2014-11-10,2015-01-16,OPTIDX,S&P500,1980.0,CE,0.0,0.0,0.0,76.8,110.75,0,0.0,0
2014-11-10,2015-01-16,OPTIDX,S&P500,1985.0,CE,0.0,0.0,0.0,45.45,107.35,0,0.0,0
2014-11-10,2015-01-16,OPTIDX,S&P500,1990.0,CE,0.0,0.0,0.0,72.15,104.0,0,0.0,0
2014-11-10,2015-01-16,OPTIDX,S&P500,1995.0,CE,0.0,0.0,0.0,47.8,100.7,0,0.0,0
2014-11-10,2015-01-16,OPTIDX,S&P500,2000.0,CE,0.0,0.0,0.0,67.7,97.45,0,0.0,0
2014-11-10,2015-01-16,OPTIDX,S&P500,2005.0,CE,0.0,0.0,0.0,44.25,94.3,0,0.0,0
2014-11-10,2015-01-16,OPTIDX,S&P500,2010.0,CE,0.0,0.0,0.0,63.45,91.2,0,0.0,0
2014-11-10,2015-01-16,OPTIDX,S&P500,2015.0,CE,0.0,0.0,0.0,67.7,88.15,0,0.0,0
2014-11-10,2015-01-16,OPTIDX,S&P500,2020.0,CE,0.0,0.0,0.0,59.4,85.2,0,0.0,0
2014-11-10,2015-01-16,OPTIDX,S&P500,2025.0,CE,0.0,0.0,0.0,63.3,82.25,0,0.0,0
2014-11-10,2015-01-16,OPTIDX,S&P500,2030.0,CE,0.0,0.0,0.0,55.5,79.4,0,0.0,0
2014-11-10,2015-01-16,OPTIDX,S&P500,2035.0,CE,0.0,0.0,0.0,59.15,76.6,0,0.0,0
2014-11-10,2015-01-16,OPTIDX,S&P500,2040.0,CE,0.0,0.0,0.0,51.85,73.9,0,0.0,0
2014-11-10,2015-01-16,OPTIDX,S&P500,2045.0,CE,0.0,0.0,0.0,55.15,71.2,0,0.0,0
2014-11-10,2015-01-16,OPTIDX,S&P500,2050.0,CE,0.0,0.0,0.0,49.25,68.6,0,0.0,0
2014-11-10,2015-01-16,OPTIDX,S&P500,2055.0,CE,0.0,0.0,0.0,51.4,66.05,0,0.0,0
2014-11-10,2015-01-16,OPTIDX,S&P500,2060.0,CE,0.0,0.0,0.0,45.7,63.6,0,0.0,0
2014-11-10,2015-01-16,OPTIDX,S&P500,2065.0,CE,0.0,0.0,0.0,47.8,61.15,0,0.0,0
2014-11-10,2015-01-16,OPTIDX,S&P500,2070.0,CE,0.0,0.0,0.0,47.75,58.8,0,0.0,0
2014-11-10,2015-01-16,OPTIDX,S&P500,2075.0,CE,0.0,0.0,0.0,49.75,56.55,0,0.0,0
2014-11-10,2015-01-16,OPTIDX,S&P500,2080.0,CE,0.0,0.0,0.0,44.2,54.3,0,0.0,0
2014-11-10,2015-01-16,OPTIDX,S&P500,2085.0,CE,0.0,0.0,0.0,46.2,52.15,0,0.0,0
2014-11-10,2015-01-16,OPTIDX,S&P500,2090.0,CE,0.0,0.0,0.0,51.7,50.05,0,0.0,0
2014-11-10,2015-01-16,OPTIDX,S&P500,2095.0,CE,0.0,0.0,0.0,40.8,48.0,0,0.0,0
2014-11-10,2015-01-16,OPTIDX,S&P500,2100.0,CE,0.0,0.0,0.0,47.85,46.0,0,0.0,0
2014-11-10,2015-01-16,OPTIDX,S&P500,2110.0,CE,0.0,0.0,0.0,44.25,42.25,0,0.0,0
2014-11-10,2015-01-16,OPTIDX,S&P500,2120.0,CE,0.0,0.0,0.0,40.8,38.7,0,0.0,0
2014-11-10,2015-01-16,OPTIDX,S&P500,2130.0,CE,0.0,0.0,0.0,37.55,35.35,0,0.0,0
2014-11-10,2015-01-16,OPTIDX,S&P500,1765.0,PE,0.0,0.0,0.0,18.1,1.0,0,0.0,0
2014-11-10,2015-01-16,OPTIDX,S&P500,1775.0,PE,0.0,0.0,0.0,20.3,1.25,0,0.0,0
2014-11-10,2015-01-16,OPTIDX,S&P500,1785.0,PE,0.0,0.0,0.0,22.65,1.5,0,0.0,0
2014-11-10,2015-01-16,OPTIDX,S&P500,1795.0,PE,0.0,0.0,0.0,25.25,1.8,0,0.0,0
2014-11-10,2015-01-16,OPTIDX,S&P500,1805.0,PE,0.0,0.0,0.0,27.95,2.2,0,0.0,0
2014-11-10,2015-01-16,OPTIDX,S&P500,1810.0,PE,0.0,0.0,0.0,29.4,2.4,0,0.0,0
2014-11-10,2015-01-16,OPTIDX,S&P500,1815.0,PE,0.0,0.0,0.0,30.9,2.65,0,0.0,0
2014-11-10,2015-01-16,OPTIDX,S&P500,1820.0,PE,0.0,0.0,0.0,32.5,2.9,0,0.0,0
2014-11-10,2015-01-16,OPTIDX,S&P500,1825.0,PE,0.0,0.0,0.0,34.1,3.15,0,0.0,0
2014-11-10,2015-01-16,OPTIDX,S&P500,1830.0,PE,0.0,0.0,0.0,35.75,3.45,0,0.0,0
2014-11-10,2015-01-16,OPTIDX,S&P500,1835.0,PE,0.0,0.0,0.0,37.5,3.75,0,0.0,0
2014-11-10,2015-01-16,OPTIDX,S&P500,1840.0,PE,0.0,0.0,0.0,39.3,4.05,0,0.0,0
2014-11-10,2015-01-16,OPTIDX,S&P500,1845.0,PE,0.0,0.0,0.0,41.1,4.4,0,0.0,0
2014-11-10,2015-01-16,OPTIDX,S&P500,1850.0,PE,0.0,0.0,0.0,43.0,4.8,0,0.0,0
2014-11-10,2015-01-16,OPTIDX,S&P500,1855.0,PE,0.0,0.0,0.0,44.95,5.2,0,0.0,0
2014-11-10,2015-01-16,OPTIDX,S&P500,1860.0,PE,0.0,0.0,0.0,46.95,5.6,0,0.0,0
2014-11-10,2015-01-16,OPTIDX,S&P500,1865.0,PE,0.0,0.0,0.0,49.05,6.05,0,0.0,0
2014-11-10,2015-01-16,OPTIDX,S&P500,1870.0,PE,0.0,0.0,0.0,51.15,6.55,0,0.0,0
2014-11-10,2015-01-16,OPTIDX,S&P500,1875.0,PE,0.0,0.0,0.0,53.35,7.05,0,0.0,0
2014-11-10,2015-01-16,OPTIDX,S&P500,1880.0,PE,0.0,0.0,0.0,55.55,7.6,0,0.0,0
2014-11-10,2015-01-16,OPTIDX,S&P500,1885.0,PE,0.0,0.0,0.0,57.85,8.2,0,0.0,0
2014-11-10,2015-01-16,OPTIDX,S&P500,1890.0,PE,0.0,0.0,0.0,60.2,8.8,0,0.0,0
2014-11-10,2015-01-16,OPTIDX,S&P500,1895.0,PE,0.0,0.0,0.0,62.6,9.5,0,0.0,0
2014-11-10,2015-01-16,OPTIDX,S&P500,1900.0,PE,0.0,0.0,0.0,65.05,10.15,0,0.0,0
2014-11-10,2015-01-16,OPTIDX,S&P500,1905.0,PE,0.0,0.0,0.0,67.6,10.9,0,0.0,0
2014-11-10,2015-01-16,OPTIDX,S&P500,1910.0,PE,0.0,0.0,0.0,70.15,11.65,0,0.0,0
2014-11-10,2015-01-16,OPTIDX,S&P500,1915.0,PE,0.0,0.0,0.0,72.8,12.5,0,0.0,0
2014-11-10,2015-01-16,OPTIDX,S&P500,1920.0,PE,0.0,0.0,0.0,75.5,13.35,0,0.0,0
2014-11-10,2015-01-16,OPTIDX,S&P500,1925.0,PE,0.0,0.0,0.0,78.25,14.25,0,0.0,0
2014-11-10,2015-01-16,OPTIDX,S&P500,1930.0,PE,0.0,0.0,0.0,70.2,15.15,0,0.0,0
2014-11-10,2015-01-16,OPTIDX,S&P500,1935.0,PE,0.0,0.0,0.0,83.9,16.15,0,0.0,0
2014-11-10,2015-01-16,OPTIDX,S&P500,1940.0,PE,0.0,0.0,0.0,75.4,17.2,0,0.0,0
2014-11-10,2015-01-16,OPTIDX,S&P500,1945.0,PE,0.0,0.0,0.0,89.8,18.3,0,0.0,0
2014-11-10,2015-01-16,OPTIDX,S&P500,1950.0,PE,0.0,0.0,0.0,71.75,19.4,0,0.0,0
2014-11-10,2015-01-16,OPTIDX,S&P500,1955.0,PE,0.0,0.0,0.0,95.9,20.6,0,0.0,0
2014-11-10,2015-01-16,OPTIDX,S&P500,1960.0,PE,0.0,0.0,0.0,77.05,21.9,0,0.0,0
2014-11-10,2015-01-16,OPTIDX,S&P500,1965.0,PE,0.0,0.0,0.0,102.2,23.2,0,0.0,0
2014-11-10,2015-01-16,OPTIDX,S&P500,1970.0,PE,0.0,0.0,0.0,69.85,24.45,0,0.0,0
2014-11-10,2015-01-16,OPTIDX,S&P500,1975.0,PE,0.0,0.0,0.0,95.45,25.85,0,0.0,0
2014-11-10,2015-01-16,OPTIDX,S&P500,1980.0,PE,0.0,0.0,0.0,74.75,27.35,0,0.0,0
2014-11-10,2015-01-16,OPTIDX,S&P500,1985.0,PE,0.0,0.0,0.0,101.65,28.85,0,0.0,0
2014-11-10,2015-01-16,OPTIDX,S&P500,1990.0,PE,0.0,0.0,0.0,79.9,30.45,0,0.0,0
2014-11-10,2015-01-16,OPTIDX,S&P500,1995.0,PE,0.0,0.0,0.0,97.35,32.05,0,0.0,0
2014-11-10,2015-01-16,OPTIDX,S&P500,2000.0,PE,0.0,0.0,0.0,85.25,33.75,0,0.0,0
2014-11-10,2015-01-16,OPTIDX,S&P500,2005.0,PE,0.0,0.0,0.0,103.6,35.5,0,0.0,0
2014-11-10,2015-01-16,OPTIDX,S&P500,2010.0,PE,0.0,0.0,0.0,90.8,37.35,0,0.0,0
2014-11-10,2015-01-16,OPTIDX,S&P500,2015.0,PE,0.0,0.0,0.0,78.95,39.2,0,0.0,0
2014-11-10,2015-01-16,OPTIDX,S&P500,2020.0,PE,0.0,0.0,0.0,96.55,41.15,0,0.0,0
2014-11-10,2015-01-16,OPTIDX,S&P500,2025.0,PE,0.0,0.0,0.0,84.4,43.15,0,0.0,0
2014-11-10,2015-01-16,OPTIDX,S&P500,2030.0,PE,0.0,0.0,0.0,102.5,45.2,0,0.0,0
2014-11-10,2015-01-16,OPTIDX,S&P500,2035.0,PE,0.0,0.0,0.0,90.05,47.35,0,0.0,0
2014-11-10,2015-01-16,OPTIDX,S&P500,2040.0,PE,0.0,0.0,0.0,108.6,49.55,0,0.0,0
2014-11-10,2015-01-16,OPTIDX,S&P500,2045.0,PE,0.0,0.0,0.0,95.85,51.8,0,0.0,0
2014-11-10,2015-01-16,OPTIDX,S&P500,2050.0,PE,0.0,0.0,0.0,98.4,54.1,0,0.0,0
2014-11-10,2015-01-16,OPTIDX,S&P500,2055.0,PE,0.0,0.0,0.0,101.9,56.5,0,0.0,0
2014-11-10,2015-01-16,OPTIDX,S&P500,2060.0,PE,0.0,0.0,0.0,104.6,58.9,0,0.0,0
2014-11-10,2015-01-16,OPTIDX,S&P500,2065.0,PE,0.0,0.0,0.0,108.1,61.45,0,0.0,0
2014-11-10,2015-01-16,OPTIDX,S&P500,2070.0,PE,0.0,0.0,0.0,97.1,64.0,0,0.0,0
2014-11-10,2015-01-16,OPTIDX,S&P500,2075.0,PE,0.0,0.0,0.0,100.65,66.65,0,0.0,0
2014-11-10,2015-01-16,OPTIDX,S&P500,2080.0,PE,0.0,0.0,0.0,103.35,69.3,0,0.0,0
2014-11-10,2015-01-16,OPTIDX,S&P500,2085.0,PE,0.0,0.0,0.0,106.9,72.1,0,0.0,0
2014-11-10,2015-01-16,OPTIDX,S&P500,2090.0,PE,0.0,0.0,0.0,87.35,74.9,0,0.0,0
2014-11-10,2015-01-16,OPTIDX,S&P500,2095.0,PE,0.0,0.0,0.0,103.85,77.75,0,0.0,0
2014-11-10,2015-01-16,OPTIDX,S&P500,2100.0,PE,0.0,0.0,0.0,93.35,80.7,0,0.0,0
2014-11-10,2015-01-16,OPTIDX,S&P500,2110.0,PE,0.0,0.0,0.0,99.55,86.75,0,0.0,0
2014-11-10,2015-01-16,OPTIDX,S&P500,2120.0,PE,0.0,0.0,0.0,105.95,93.05,0,0.0,0
2014-11-10,2015-01-16,OPTIDX,S&P500,2130.0,PE,0.0,0.0,0.0,101.8,99.55,0,0.0,0
2014-11-10,2015-03-20,OPTIDX,S&P500,1730.0,CE,0.0,0.0,0.0,266.95,357.55,0,0.0,0
2014-11-10,2015-03-20,OPTIDX,S&P500,1735.0,CE,0.0,0.0,0.0,269.0,352.9,0,0.0,0
2014-11-10,2015-03-20,OPTIDX,S&P500,1740.0,CE,0.0,0.0,0.0,259.6,348.25,0,0.0,0
2014-11-10,2015-03-20,OPTIDX,S&P500,1745.0,CE,0.0,0.0,0.0,261.75,343.6,0,0.0,0
2014-11-10,2015-03-20,OPTIDX,S&P500,1750.0,CE,0.0,0.0,0.0,267.45,339.0,0,0.0,0
2014-11-10,2015-03-20,OPTIDX,S&P500,1755.0,CE,0.0,0.0,0.0,276.85,334.4,0,0.0,0
2014-11-10,2015-03-20,OPTIDX,S&P500,1760.0,CE,0.0,0.0,0.0,259.4,329.8,0,0.0,0
2014-11-10,2015-03-20,OPTIDX,S&P500,1765.0,CE,0.0,0.0,0.0,278.45,325.2,0,0.0,0
2014-11-10,2015-03-20,OPTIDX,S&P500,1770.0,CE,0.0,0.0,0.0,284.25,320.65,0,0.0,0
2014-11-10,2015-03-20,OPTIDX,S&P500,1775.0,CE,0.0,0.0,0.0,270.5,316.1,0,0.0,0
2014-11-10,2015-03-20,OPTIDX,S&P500,1780.0,CE,0.0,0.0,0.0,276.45,311.6,0,0.0,0
2014-11-10,2015-03-20,OPTIDX,S&P500,1785.0,CE,0.0,0.0,0.0,262.7,307.05,0,0.0,0
2014-11-10,2015-03-20,OPTIDX,S&P500,1790.0,CE,0.0,0.0,0.0,268.75,302.6,0,0.0,0
2014-11-10,2015-03-20,OPTIDX,S&P500,1795.0,CE,0.0,0.0,0.0,254.95,298.1,0,0.0,0
2014-11-10,2015-03-20,OPTIDX,S&P500,1800.0,CE,0.0,0.0,0.0,261.15,293.65,0,0.0,0
2014-11-10,2015-03-20,OPTIDX,S&P500,1805.0,CE,0.0,0.0,0.0,247.25,289.2,0,0.0,0
2014-11-10,2015-03-20,OPTIDX,S&P500,1810.0,CE,0.0,0.0,0.0,253.6,284.8,0,0.0,0
2014-11-10,2015-03-20,OPTIDX,S&P500,1815.0,CE,0.0,0.0,0.0,249.9,280.4,0,0.0,0
2014-11-10,2015-03-20,OPTIDX,S&P500,1820.0,CE,0.0,0.0,0.0,246.15,276.0,0,0.0,0
2014-11-10,2015-03-20,OPTIDX,S&P500,1825.0,CE,0.0,0.0,0.0,242.5,271.65,0,0.0,0
2014-11-10,2015-03-20,OPTIDX,S&P500,1830.0,CE,0.0,0.0,0.0,238.85,267.3,0,0.0,0
2014-11-10,2015-03-20,OPTIDX,S&P500,1835.0,CE,0.0,0.0,0.0,235.2,263.0,0,0.0,0
2014-11-10,2015-03-20,OPTIDX,S&P500,1840.0,CE,0.0,0.0,0.0,231.6,258.7,0,0.0,0
2014-11-10,2015-03-20,OPTIDX,S&P500,1845.0,CE,0.0,0.0,0.0,228.05,254.45,0,0.0,0
2014-11-10,2015-03-20,OPTIDX,S&P500,1850.0,CE,0.0,0.0,0.0,224.5,250.2,0,0.0,0
2014-11-10,2015-03-20,OPTIDX,S&P500,1855.0,CE,0.0,0.0,0.0,220.95,246.0,0,0.0,0
2014-11-10,2015-03-20,OPTIDX,S&P500,1860.0,CE,0.0,0.0,0.0,217.5,241.85,0,0.0,0
2014-11-10,2015-03-20,OPTIDX,S&P500,1865.0,CE,0.0,0.0,0.0,214.0,237.7,0,0.0,0
2014-11-10,2015-03-20,OPTIDX,S&P500,1870.0,CE,0.0,0.0,0.0,210.55,233.55,0,0.0,0
2014-11-10,2015-03-20,OPTIDX,S&P500,1875.0,CE,0.0,0.0,0.0,207.15,229.45,0,0.0,0
2014-11-10,2015-03-20,OPTIDX,S&P500,1880.0,CE,0.0,0.0,0.0,203.85,225.4,0,0.0,0
2014-11-10,2015-03-20,OPTIDX,S&P500,1885.0,CE,0.0,0.0,0.0,200.5,221.35,0,0.0,0
2014-11-10,2015-03-20,OPTIDX,S&P500,1890.0,CE,0.0,0.0,0.0,197.15,217.35,0,0.0,0
2014-11-10,2015-03-20,OPTIDX,S&P500,1895.0,CE,0.0,0.0,0.0,193.85,213.35,0,0.0,0
2014-11-10,2015-03-20,OPTIDX,S&P500,1900.0,CE,0.0,0.0,0.0,190.6,209.4,0,0.0,0
2014-11-10,2015-03-20,OPTIDX,S&P500,1905.0,CE,0.0,0.0,0.0,187.35,205.5,0,0.0,0
2014-11-10,2015-03-20,OPTIDX,S&P500,1910.0,CE,0.0,0.0,0.0,184.15,201.6,0,0.0,0
2014-11-10,2015-03-20,OPTIDX,S&P500,1915.0,CE,0.0,0.0,0.0,180.9,197.8,0,0.0,0
2014-11-10,2015-03-20,OPTIDX,S&P500,1920.0,CE,0.0,0.0,0.0,177.8,193.95,0,0.0,0
2014-11-10,2015-03-20,OPTIDX,S&P500,1925.0,CE,0.0,0.0,0.0,174.65,190.2,0,0.0,0
2014-11-10,2015-03-20,OPTIDX,S&P500,1930.0,CE,0.0,0.0,0.0,171.6,186.45,0,0.0,0
2014-11-10,2015-03-20,OPTIDX,S&P500,1935.0,CE,0.0,0.0,0.0,157.85,182.75,0,0.0,0
2014-11-10,2015-03-20,OPTIDX,S&P500,1940.0,CE,0.0,0.0,0.0,165.55,179.1,0,0.0,0
2014-11-10,2015-03-20,OPTIDX,S&P500,1945.0,CE,0.0,0.0,0.0,151.85,175.55,0,0.0,0
2014-11-10,2015-03-20,OPTIDX,S&P500,1950.0,CE,0.0,0.0,0.0,159.6,171.95,0,0.0,0
2014-11-10,2015-03-20,OPTIDX,S&P500,1955.0,CE,0.0,0.0,0.0,146.0,168.35,0,0.0,0
2014-11-10,2015-03-20,OPTIDX,S&P500,1960.0,CE,0.0,0.0,0.0,153.8,164.85,0,0.0,0
2014-11-10,2015-03-20,OPTIDX,S&P500,1965.0,CE,0.0,0.0,0.0,140.25,161.4,0,0.0,0
2014-11-10,2015-03-20,OPTIDX,S&P500,1970.0,CE,0.0,0.0,0.0,148.15,157.85,0,0.0,0
2014-11-10,2015-03-20,OPTIDX,S&P500,1975.0,CE,0.0,0.0,0.0,134.05,154.45,0,0.0,0
2014-11-10,2015-03-20,OPTIDX,S&P500,1980.0,CE,0.0,0.0,0.0,131.8,151.1,0,0.0,0
2014-11-10,2015-03-20,OPTIDX,S&P500,1985.0,CE,0.0,0.0,0.0,128.45,147.8,0,0.0,0
2014-11-10,2015-03-20,OPTIDX,S&P500,1990.0,CE,0.0,0.0,0.0,126.15,144.55,0,0.0,0
2014-11-10,2015-03-20,OPTIDX,S&P500,1995.0,CE,0.0,0.0,0.0,114.65,141.3,0,0.0,0
2014-11-10,2015-03-20,OPTIDX,S&P500,2000.0,CE,0.0,0.0,0.0,101.35,138.1,0,0.0,0
2014-11-10,2015-03-20,OPTIDX,S&P500,2005.0,CE,0.0,0.0,0.0,104.3,135.0,0,0.0,0
2014-11-10,2015-03-20,OPTIDX,S&P500,2010.0,CE,0.0,0.0,0.0,100.4,131.9,0,0.0,0
2014-11-10,2015-03-20,OPTIDX,S&P500,2015.0,CE,0.0,0.0,0.0,98.75,128.8,0,0.0,0
2014-11-10,2015-03-20,OPTIDX,S&P500,2020.0,CE,0.0,0.0,0.0,96.4,125.8,0,0.0,0
2014-11-10,2015-03-20,OPTIDX,S&P500,2025.0,CE,0.0,0.0,0.0,93.4,122.85,0,0.0,0
2014-11-10,2015-03-20,OPTIDX,S&P500,2030.0,CE,0.0,0.0,0.0,85.85,119.9,0,0.0,0
2014-11-10,2015-03-20,OPTIDX,S&P500,2035.0,CE,0.0,0.0,0.0,85.5,117.05,0,0.0,0
2014-11-10,2015-03-20,OPTIDX,S&P500,2040.0,CE,0.0,0.0,0.0,87.75,114.2,0,0.0,0
2014-11-10,2015-03-20,OPTIDX,S&P500,2045.0,CE,0.0,0.0,0.0,80.1,111.4,0,0.0,0
2014-11-10,2015-03-20,OPTIDX,S&P500,2050.0,CE,0.0,0.0,0.0,87.4,108.65,0,0.0,0
2014-11-10,2015-03-20,OPTIDX,S&P500,2055.0,CE,0.0,0.0,0.0,82.05,105.95,0,0.0,0
2014-11-10,2015-03-20,OPTIDX,S&P500,2060.0,CE,0.0,0.0,0.0,76.75,103.3,0,0.0,0
2014-11-10,2015-03-20,OPTIDX,S&P500,2065.0,CE,0.0,0.0,0.0,74.1,100.65,0,0.0,0
2014-11-10,2015-03-20,OPTIDX,S&P500,2070.0,CE,0.0,0.0,0.0,68.95,98.1,0,0.0,0
2014-11-10,2015-03-20,OPTIDX,S&P500,2075.0,CE,0.0,0.0,0.0,68.5,95.55,0,0.0,0
2014-11-10,2015-03-20,OPTIDX,S&P500,2080.0,CE,0.0,0.0,0.0,63.65,93.05,0,0.0,0
2014-11-10,2015-03-20,OPTIDX,S&P500,2085.0,CE,0.0,0.0,0.0,67.55,90.6,0,0.0,0
2014-11-10,2015-03-20,OPTIDX,S&P500,2090.0,CE,0.0,0.0,0.0,68.7,88.2,0,0.0,0
2014-11-10,2015-03-20,OPTIDX,S&P500,2095.0,CE,0.0,0.0,0.0,66.05,85.85,0,0.0,0
2014-11-10,2015-03-20,OPTIDX,S&P500,2100.0,CE,0.0,0.0,0.0,69.2,83.55,0,0.0,0
2014-11-10,2015-03-20,OPTIDX,S&P500,2105.0,CE,0.0,0.0,0.0,61.35,81.3,0,0.0,0
2014-11-10,2015-03-20,OPTIDX,S&P500,2110.0,CE,0.0,0.0,0.0,51.7,79.05,0,0.0,0
2014-11-10,2015-03-20,OPTIDX,S&P500,2120.0,CE,0.0,0.0,0.0,76.85,74.75,0,0.0,0
2014-11-10,2015-03-20,OPTIDX,S&P500,2130.0,CE,0.0,0.0,0.0,73.6,70.6,0,0.0,0
2014-11-10,2015-03-20,OPTIDX,S&P500,1730.0,PE,0.0,0.0,0.0,24.2,2.65,0,0.0,0
2014-11-10,2015-03-20,OPTIDX,S&P500,1735.0,PE,0.0,0.0,0.0,26.5,2.85,0,0.0,0
2014-11-10,2015-03-20,OPTIDX,S&P500,1740.0,PE,0.0,0.0,0.0,26.05,3.05,0,0.0,0
2014-11-10,2015-03-20,OPTIDX,S&P500,1745.0,PE,0.0,0.0,0.0,28.45,3.25,0,0.0,0
2014-11-10,2015-03-20,OPTIDX,S&P500,1750.0,PE,0.0,0.0,0.0,9.75,3.5,0,0.0,0
2014-11-10,2015-03-20,OPTIDX,S&P500,1755.0,PE,0.0,0.0,0.0,10.65,3.75,0,0.0,0
2014-11-10,2015-03-20,OPTIDX,S&P500,1760.0,PE,0.0,0.0,0.0,10.8,4.0,0,0.0,0
2014-11-10,2015-03-20,OPTIDX,S&P500,1765.0,PE,0.0,0.0,0.0,11.35,4.25,0,0.0,0
2014-11-10,2015-03-20,OPTIDX,S&P500,1770.0,PE,0.0,0.0,0.0,13.6,4.55,0,0.0,0
2014-11-10,2015-03-20,OPTIDX,S&P500,1775.0,PE,0.0,0.0,0.0,12.5,4.85,0,0.0,0
2014-11-10,2015-03-20,OPTIDX,S&P500,1780.0,PE,0.0,0.0,0.0,14.85,5.15,0,0.0,0
2014-11-10,2015-03-20,OPTIDX,S&P500,1785.0,PE,0.0,0.0,0.0,13.7,5.5,0,0.0,0
2014-11-10,2015-03-20,OPTIDX,S&P500,1790.0,PE,0.0,0.0,0.0,16.2,5.85,0,0.0,0
2014-11-10,2015-03-20,OPTIDX,S&P500,1795.0,PE,0.0,0.0,0.0,15.0,6.2,0,0.0,0
2014-11-10,2015-03-20,OPTIDX,S&P500,1800.0,PE,0.0,0.0,0.0,17.6,6.6,0,0.0,0
2014-11-10,2015-03-20,OPTIDX,S&P500,1805.0,PE,0.0,0.0,0.0,16.4,7.0,0,0.0,0
2014-11-10,2015-03-20,OPTIDX,S&P500,1810.0,PE,0.0,0.0,0.0,19.15,7.45,0,0.0,0
2014-11-10,2015-03-20,OPTIDX,S&P500,1815.0,PE,0.0,0.0,0.0,19.95,7.9,0,0.0,0
2014-11-10,2015-03-20,OPTIDX,S&P500,1820.0,PE,0.0,0.0,0.0,20.75,8.35,0,0.0,0
2014-11-10,2015-03-20,OPTIDX,S&P500,1825.0,PE,0.0,0.0,0.0,21.6,8.85,0,0.0,0
2014-11-10,2015-03-20,OPTIDX,S&P500,1830.0,PE,0.0,0.0,0.0,22.5,9.35,0,0.0,0
2014-11-10,2015-03-20,OPTIDX,S&P500,1835.0,PE,0.0,0.0,0.0,23.35,9.9,0,0.0,0
2014-11-10,2015-03-20,OPTIDX,S&P500,1840.0,PE,0.0,0.0,0.0,24.3,10.45,0,0.0,0
2014-11-10,2015-03-20,OPTIDX,S&P500,1845.0,PE,0.0,0.0,0.0,25.25,11.05,0,0.0,0
2014-11-10,2015-03-20,OPTIDX,S&P500,1850.0,PE,0.0,0.0,0.0,26.2,11.65,0,0.0,0
2014-11-10,2015-03-20,OPTIDX,S&P500,1855.0,PE,0.0,0.0,0.0,27.2,12.3,0,0.0,0
2014-11-10,2015-03-20,OPTIDX,S&P500,1860.0,PE,0.0,0.0,0.0,28.25,12.95,0,0.0,0
2014-11-10,2015-03-20,OPTIDX,S&P500,1865.0,PE,0.0,0.0,0.0,29.3,13.65,0,0.0,0
2014-11-10,2015-03-20,OPTIDX,S&P500,1870.0,PE,0.0,0.0,0.0,30.4,14.4,0,0.0,0
2014-11-10,2015-03-20,OPTIDX,S&P500,1875.0,PE,0.0,0.0,0.0,31.5,15.15,0,0.0,0
2014-11-10,2015-03-20,OPTIDX,S&P500,1880.0,PE,0.0,0.0,0.0,32.7,15.9,0,0.0,0
2014-11-10,2015-03-20,OPTIDX,S&P500,1885.0,PE,0.0,0.0,0.0,33.9,16.7,0,0.0,0
2014-11-10,2015-03-20,OPTIDX,S&P500,1890.0,PE,0.0,0.0,0.0,35.1,17.55,0,0.0,0
2014-11-10,2015-03-20,OPTIDX,S&P500,1895.0,PE,0.0,0.0,0.0,36.3,18.4,0,0.0,0
2014-11-10,2015-03-20,OPTIDX,S&P500,1900.0,PE,0.0,0.0,0.0,37.55,19.35,0,0.0,0
2014-11-10,2015-03-20,OPTIDX,S&P500,1905.0,PE,0.0,0.0,0.0,38.85,20.25,0,0.0,0
2014-11-10,2015-03-20,OPTIDX,S&P500,1910.0,PE,0.0,0.0,0.0,40.2,21.25,0,0.0,0
2014-11-10,2015-03-20,OPTIDX,S&P500,1915.0,PE,0.0,0.0,0.0,41.45,22.25,0,0.0,0
2014-11-10,2015-03-20,OPTIDX,S&P500,1920.0,PE,0.0,0.0,0.0,42.85,23.25,0,0.0,0
2014-11-10,2015-03-20,OPTIDX,S&P500,1925.0,PE,0.0,0.0,0.0,44.25,24.35,0,0.0,0
2014-11-10,2015-03-20,OPTIDX,S&P500,1930.0,PE,0.0,0.0,0.0,45.7,25.45,0,0.0,0
2014-11-10,2015-03-20,OPTIDX,S&P500,1935.0,PE,0.0,0.0,0.0,44.8,26.6,0,0.0,0
2014-11-10,2015-03-20,OPTIDX,S&P500,1940.0,PE,0.0,0.0,0.0,48.7,27.75,0,0.0,0
2014-11-10,2015-03-20,OPTIDX,S&P500,1945.0,PE,0.0,0.0,0.0,47.85,29.05,0,0.0,0
2014-11-10,2015-03-20,OPTIDX,S&P500,1950.0,PE,0.0,0.0,0.0,51.8,30.3,0,0.0,0
2014-11-10,2015-03-20,OPTIDX,S&P500,1955.0,PE,0.0,0.0,0.0,51.05,31.6,0,0.0,0
2014-11-10,2015-03-20,OPTIDX,S&P500,1960.0,PE,0.0,0.0,0.0,55.05,32.95,0,0.0,0
2014-11-10,2015-03-20,OPTIDX,S&P500,1965.0,PE,0.0,0.0,0.0,54.4,34.3,0,0.0,0
2014-11-10,2015-03-20,OPTIDX,S&P500,1970.0,PE,0.0,0.0,0.0,58.45,35.65,0,0.0,0
2014-11-10,2015-03-20,OPTIDX,S&P500,1975.0,PE,0.0,0.0,0.0,52.55,37.1,0,0.0,0
2014-11-10,2015-03-20,OPTIDX,S&P500,1980.0,PE,0.0,0.0,0.0,51.0,38.6,0,0.0,0
2014-11-10,2015-03-20,OPTIDX,S&P500,1985.0,PE,0.0,0.0,0.0,56.1,40.1,0,0.0,0
2014-11-10,2015-03-20,OPTIDX,S&P500,1990.0,PE,0.0,0.0,0.0,54.5,41.7,0,0.0,0
2014-11-10,2015-03-20,OPTIDX,S&P500,1995.0,PE,0.0,0.0,0.0,63.2,43.3,0,0.0,0
2014-11-10,2015-03-20,OPTIDX,S&P500,2000.0,PE,0.0,0.0,0.0,60.65,44.95,0,0.0,0
2014-11-10,2015-03-20,OPTIDX,S&P500,2005.0,PE,0.0,0.0,0.0,47.05,46.7,0,0.0,0
2014-11-10,2015-03-20,OPTIDX,S&P500,2010.0,PE,0.0,0.0,0.0,57.65,48.4,0,0.0,0
2014-11-10,2015-03-20,OPTIDX,S&P500,2015.0,PE,0.0,0.0,0.0,50.8,50.2,0,0.0,0
2014-11-10,2015-03-20,OPTIDX,S&P500,2020.0,PE,0.0,0.0,0.0,55.9,52.05,0,0.0,0
2014-11-10,2015-03-20,OPTIDX,S&P500,2025.0,PE,0.0,0.0,0.0,54.75,53.9,0,0.0,0
2014-11-10,2015-03-20,OPTIDX,S&P500,2030.0,PE,0.0,0.0,0.0,49.7,55.85,0,0.0,0
2014-11-10,2015-03-20,OPTIDX,S&P500,2035.0,PE,0.0,0.0,0.0,42.75,57.8,0,0.0,0
2014-11-10,2015-03-20,OPTIDX,S&P500,2040.0,PE,0.0,0.0,0.0,50.5,59.8,0,0.0,0
2014-11-10,2015-03-20,OPTIDX,S&P500,2045.0,PE,0.0,0.0,0.0,46.65,61.85,0,0.0,0
2014-11-10,2015-03-20,OPTIDX,S&P500,2050.0,PE,0.0,0.0,0.0,50.35,63.95,0,0.0,0
2014-11-10,2015-03-20,OPTIDX,S&P500,2055.0,PE,0.0,0.0,0.0,45.8,66.1,0,0.0,0
2014-11-10,2015-03-20,OPTIDX,S&P500,2060.0,PE,0.0,0.0,0.0,46.4,68.3,0,0.0,0
2014-11-10,2015-03-20,OPTIDX,S&P500,2065.0,PE,0.0,0.0,0.0,45.65,70.5,0,0.0,0
2014-11-10,2015-03-20,OPTIDX,S&P500,2070.0,PE,0.0,0.0,0.0,39.35,72.8,0,0.0,0
2014-11-10,2015-03-20,OPTIDX,S&P500,2075.0,PE,0.0,0.0,0.0,45.05,75.1,0,0.0,0
2014-11-10,2015-03-20,OPTIDX,S&P500,2080.0,PE,0.0,0.0,0.0,43.5,77.45,0,0.0,0
2014-11-10,2015-03-20,OPTIDX,S&P500,2085.0,PE,0.0,0.0,0.0,44.45,79.85,0,0.0,0
2014-11-10,2015-03-20,OPTIDX,S&P500,2090.0,PE,0.0,0.0,0.0,54.1,82.3,0,0.0,0
2014-11-10,2015-03-20,OPTIDX,S&P500,2095.0,PE,0.0,0.0,0.0,58.0,84.8,0,0.0,0
2014-11-10,2015-03-20,OPTIDX,S&P500,2100.0,PE,0.0,0.0,0.0,68.1,87.35,0,0.0,0
2014-11-10,2015-03-20,OPTIDX,S&P500,2105.0,PE,0.0,0.0,0.0,62.8,89.95,0,0.0,0
2014-11-10,2015-03-20,OPTIDX,S&P500,2110.0,PE,0.0,0.0,0.0,57.1,92.55,0,0.0,0
2014-11-10,2015-03-20,OPTIDX,S&P500,2120.0,PE,0.0,0.0,0.0,110.7,97.95,0,0.0,0
2014-11-10,2015-03-20,OPTIDX,S&P500,2130.0,PE,0.0,0.0,0.0,106.4,103.5,0,0.0,0
2014-11-10,2015-06-19,OPTIDX,S&P500,1760.0,CE,0.0,0.0,0.0,240.2,371.25,0,0.0,0
2014-11-10,2015-06-19,OPTIDX,S&P500,1765.0,CE,0.0,0.0,0.0,232.8,366.9,0,0.0,0
2014-11-10,2015-06-19,OPTIDX,S&P500,1770.0,CE,0.0,0.0,0.0,233.25,362.6,0,0.0,0
2014-11-10,2015-06-19,OPTIDX,S&P500,1775.0,CE,0.0,0.0,0.0,241.55,358.3,0,0.0,0
2014-11-10,2015-06-19,OPTIDX,S&P500,1780.0,CE,0.0,0.0,0.0,226.35,354.05,0,0.0,0
2014-11-10,2015-06-19,OPTIDX,S&P500,1785.0,CE,0.0,0.0,0.0,234.6,349.8,0,0.0,0
2014-11-10,2015-06-19,OPTIDX,S&P500,1790.0,CE,0.0,0.0,0.0,219.55,345.55,0,0.0,0
2014-11-10,2015-06-19,OPTIDX,S&P500,1795.0,CE,0.0,0.0,0.0,227.75,341.3,0,0.0,0
2014-11-10,2015-06-19,OPTIDX,S&P500,1800.0,CE,0.0,0.0,0.0,212.85,337.1,0,0.0,0
2014-11-10,2015-06-19,OPTIDX,S&P500,1805.0,CE,0.0,0.0,0.0,241.05,332.95,0,0.0,0
2014-11-10,2015-06-19,OPTIDX,S&P500,1810.0,CE,0.0,0.0,0.0,247.65,328.75,0,0.0,0
2014-11-10,2015-06-19,OPTIDX,S&P500,1815.0,CE,0.0,0.0,0.0,234.0,324.6,0,0.0,0
2014-11-10,2015-06-19,OPTIDX,S&P500,1820.0,CE,0.0,0.0,0.0,252.2,320.5,0,0.0,0
2014-11-10,2015-06-19,OPTIDX,S&P500,1825.0,CE,0.0,0.0,0.0,250.65,316.4,0,0.0,0
2014-11-10,2015-06-19,OPTIDX,S&P500,1830.0,CE,0.0,0.0,0.0,253.4,312.3,0,0.0,0
2014-11-10,2015-06-19,OPTIDX,S&P500,1835.0,CE,0.0,0.0,0.0,242.8,308.25,0,0.0,0
2014-11-10,2015-06-19,OPTIDX,S&P500,1840.0,CE,0.0,0.0,0.0,245.65,304.2,0,0.0,0
2014-11-10,2015-06-19,OPTIDX,S&P500,1845.0,CE,0.0,0.0,0.0,235.1,300.15,0,0.0,0
2014-11-10,2015-06-19,OPTIDX,S&P500,1850.0,CE,0.0,0.0,0.0,257.75,296.15,0,0.0,0
2014-11-10,2015-06-19,OPTIDX,S&P500,1855.0,CE,0.0,0.0,0.0,257.8,292.2,0,0.0,0
2014-11-10,2015-06-19,OPTIDX,S&P500,1860.0,CE,0.0,0.0,0.0,259.9,288.25,0,0.0,0
2014-11-10,2015-06-19,OPTIDX,S&P500,1865.0,CE,0.0,0.0,0.0,257.75,284.3,0,0.0,0
2014-11-10,2015-06-19,OPTIDX,S&P500,1870.0,CE,0.0,0.0,0.0,251.35,280.4,0,0.0,0
2014-11-10,2015-06-19,OPTIDX,S&P500,1875.0,CE,0.0,0.0,0.0,249.15,276.5,0,0.0,0
2014-11-10,2015-06-19,OPTIDX,S&P500,1880.0,CE,0.0,0.0,0.0,242.95,272.65,0,0.0,0
2014-11-10,2015-06-19,OPTIDX,S&P500,1885.0,CE,0.0,0.0,0.0,240.7,268.8,0,0.0,0
2014-11-10,2015-06-19,OPTIDX,S&P500,1890.0,CE,0.0,0.0,0.0,234.55,265.0,0,0.0,0
2014-11-10,2015-06-19,OPTIDX,S&P500,1895.0,CE,0.0,0.0,0.0,232.3,261.25,0,0.0,0
2014-11-10,2015-06-19,OPTIDX,S&P500,1900.0,CE,0.0,0.0,0.0,226.3,257.45,0,0.0,0
2014-11-10,2015-06-19,OPTIDX,S&P500,1905.0,CE,0.0,0.0,0.0,222.2,253.75,0,0.0,0
2014-11-10,2015-06-19,OPTIDX,S&P500,1910.0,CE,0.0,0.0,0.0,218.1,250.05,0,0.0,0
2014-11-10,2015-06-19,OPTIDX,S&P500,1915.0,CE,0.0,0.0,0.0,214.05,246.35,0,0.0,0
2014-11-10,2015-06-19,OPTIDX,S&P500,1920.0,CE,0.0,0.0,0.0,210.05,242.7,0,0.0,0
2014-11-10,2015-06-19,OPTIDX,S&P500,1925.0,CE,0.0,0.0,0.0,206.05,239.1,0,0.0,0
2014-11-10,2015-06-19,OPTIDX,S&P500,1930.0,CE,0.0,0.0,0.0,202.05,235.5,0,0.0,0
2014-11-10,2015-06-19,OPTIDX,S&P500,1935.0,CE,0.0,0.0,0.0,198.1,231.9,0,0.0,0
2014-11-10,2015-06-19,OPTIDX,S&P500,1940.0,CE,0.0,0.0,0.0,194.2,228.45,0,0.0,0
2014-11-10,2015-06-19,OPTIDX,S&P500,1945.0,CE,0.0,0.0,0.0,190.35,224.95,0,0.0,0
2014-11-10,2015-06-19,OPTIDX,S&P500,1950.0,CE,0.0,0.0,0.0,186.45,221.45,0,0.0,0
2014-11-10,2015-06-19,OPTIDX,S&P500,1955.0,CE,0.0,0.0,0.0,182.65,218.0,0,0.0,0
2014-11-10,2015-06-19,OPTIDX,S&P500,1960.0,CE,0.0,0.0,0.0,178.85,214.55,0,0.0,0
2014-11-10,2015-06-19,OPTIDX,S&P500,1965.0,CE,0.0,0.0,0.0,175.1,211.15,0,0.0,0
2014-11-10,2015-06-19,OPTIDX,S&P500,1970.0,CE,0.0,0.0,0.0,171.4,207.8,0,0.0,0
2014-11-10,2015-06-19,OPTIDX,S&P500,1975.0,CE,0.0,0.0,0.0,167.7,204.35,0,0.0,0
2014-11-10,2015-06-19,OPTIDX,S&P500,1980.0,CE,0.0,0.0,0.0,164.05,201.05,0,0.0,0
2014-11-10,2015-06-19,OPTIDX,S&P500,1985.0,CE,0.0,0.0,0.0,160.45,197.8,0,0.0,0
2014-11-10,2015-06-19,OPTIDX,S&P500,1990.0,CE,0.0,0.0,0.0,156.9,194.55,0,0.0,0
2014-11-10,2015-06-19,OPTIDX,S&P500,1995.0,CE,0.0,0.0,0.0,153.35,191.35,0,0.0,0
2014-11-10,2015-06-19,OPTIDX,S&P500,2000.0,CE,0.0,0.0,0.0,149.85,188.15,0,0.0,0
2014-11-10,2015-06-19,OPTIDX,S&P500,2005.0,CE,0.0,0.0,0.0,146.4,185.0,0,0.0,0
2014-11-10,2015-06-19,OPTIDX,S&P500,2010.0,CE,0.0,0.0,0.0,143.05,181.9,0,0.0,0
2014-11-10,2015-06-19,OPTIDX,S&P500,2015.0,CE,0.0,0.0,0.0,139.65,178.8,0,0.0,0
2014-11-10,2015-06-19,OPTIDX,S&P500,2020.0,CE,0.0,0.0,0.0,136.35,175.75,0,0.0,0
2014-11-10,2015-06-19,OPTIDX,S&P500,2025.0,CE,0.0,0.0,0.0,133.55,172.75,0,0.0,0
2014-11-10,2015-06-19,OPTIDX,S&P500,2030.0,CE,0.0,0.0,0.0,129.7,169.75,0,0.0,0
2014-11-10,2015-06-19,OPTIDX,S&P500,2035.0,CE,0.0,0.0,0.0,126.9,166.8,0,0.0,0
2014-11-10,2015-06-19,OPTIDX,S&P500,2040.0,CE,0.0,0.0,0.0,123.35,163.9,0,0.0,0
2014-11-10,2015-06-19,OPTIDX,S&P500,2045.0,CE,0.0,0.0,0.0,120.55,161.0,0,0.0,0
2014-11-10,2015-06-19,OPTIDX,S&P500,2050.0,CE,0.0,0.0,0.0,117.15,158.15,0,0.0,0
2014-11-10,2015-06-19,OPTIDX,S&P500,2055.0,CE,0.0,0.0,0.0,114.3,155.3,0,0.0,0
2014-11-10,2015-06-19,OPTIDX,S&P500,2060.0,CE,0.0,0.0,0.0,111.15,152.5,0,0.0,0
2014-11-10,2015-06-19,OPTIDX,S&P500,2065.0,CE,0.0,0.0,0.0,108.3,149.75,0,0.0,0
2014-11-10,2015-06-19,OPTIDX,S&P500,2070.0,CE,0.0,0.0,0.0,103.1,147.0,0,0.0,0
2014-11-10,2015-06-19,OPTIDX,S&P500,2075.0,CE,0.0,0.0,0.0,102.2,144.35,0,0.0,0
2014-11-10,2015-06-19,OPTIDX,S&P500,2080.0,CE,0.0,0.0,0.0,97.05,141.65,0,0.0,0
2014-11-10,2015-06-19,OPTIDX,S&P500,2085.0,CE,0.0,0.0,0.0,101.15,139.05,0,0.0,0
2014-11-10,2015-06-19,OPTIDX,S&P500,2090.0,CE,0.0,0.0,0.0,103.75,136.45,0,0.0,0
2014-11-10,2015-06-19,OPTIDX,S&P500,2095.0,CE,0.0,0.0,0.0,102.7,133.85,0,0.0,0
2014-11-10,2015-06-19,OPTIDX,S&P500,2100.0,CE,0.0,0.0,0.0,106.05,131.35,0,0.0,0
2014-11-10,2015-06-19,OPTIDX,S&P500,2105.0,CE,0.0,0.0,0.0,97.3,128.85,0,0.0,0
2014-11-10,2015-06-19,OPTIDX,S&P500,2110.0,CE,0.0,0.0,0.0,86.4,126.35,0,0.0,0
2014-11-10,2015-06-19,OPTIDX,S&P500,2120.0,CE,0.0,0.0,0.0,123.8,121.55,0,0.0,0
2014-11-10,2015-06-19,OPTIDX,S&P500,2130.0,CE,0.0,0.0,0.0,120.6,116.85,0,0.0,0
2014-11-10,2015-06-19,OPTIDX,S&P500,1760.0,PE,0.0,0.0,0.0,35.25,8.7,0,0.0,0
2014-11-10,2015-06-19,OPTIDX,S&P500,1765.0,PE,0.0,0.0,0.0,33.75,9.1,0,0.0,0
2014-11-10,2015-06-19,OPTIDX,S&P500,1770.0,PE,0.0,0.0,0.0,37.7,9.55,0,0.0,0
2014-11-10,2015-06-19,OPTIDX,S&P500,1775.0,PE,0.0,0.0,0.0,37.8,10.0,0,0.0,0
2014-11-10,2015-06-19,OPTIDX,S&P500,1780.0,PE,0.0,0.0,0.0,40.2,10.5,0,0.0,0
2014-11-10,2015-06-19,OPTIDX,S&P500,1785.0,PE,0.0,0.0,0.0,40.3,10.95,0,0.0,0
2014-11-10,2015-06-19,OPTIDX,S&P500,1790.0,PE,0.0,0.0,0.0,42.85,11.45,0,0.0,0
2014-11-10,2015-06-19,OPTIDX,S&P500,1795.0,PE,0.0,0.0,0.0,42.85,12.0,0,0.0,0
2014-11-10,2015-06-19,OPTIDX,S&P500,1800.0,PE,0.0,0.0,0.0,45.55,12.5,0,0.0,0
2014-11-10,2015-06-19,OPTIDX,S&P500,1805.0,PE,0.0,0.0,0.0,33.8,13.1,0,0.0,0
2014-11-10,2015-06-19,OPTIDX,S&P500,1810.0,PE,0.0,0.0,0.0,14.1,13.65,0,0.0,0
2014-11-10,2015-06-19,OPTIDX,S&P500,1815.0,PE,0.0,0.0,0.0,36.2,14.25,0,0.0,0
2014-11-10,2015-06-19,OPTIDX,S&P500,1820.0,PE,0.0,0.0,0.0,16.15,14.85,0,0.0,0
2014-11-10,2015-06-19,OPTIDX,S&P500,1825.0,PE,0.0,0.0,0.0,14.65,15.5,0,0.0,0
2014-11-10,2015-06-19,OPTIDX,S&P500,1830.0,PE,0.0,0.0,0.0,15.85,16.15,0,0.0,0
2014-11-10,2015-06-19,OPTIDX,S&P500,1835.0,PE,0.0,0.0,0.0,16.1,16.85,0,0.0,0
2014-11-10,2015-06-19,OPTIDX,S&P500,1840.0,PE,0.0,0.0,0.0,17.3,17.55,0,0.0,0
2014-11-10,2015-06-19,OPTIDX,S&P500,1845.0,PE,0.0,0.0,0.0,17.6,18.25,0,0.0,0
2014-11-10,2015-06-19,OPTIDX,S&P500,1850.0,PE,0.0,0.0,0.0,3.75,19.0,0,0.0,0
2014-11-10,2015-06-19,OPTIDX,S&P500,1855.0,PE,0.0,0.0,0.0,3.25,19.75,0,0.0,0
2014-11-10,2015-06-19,OPTIDX,S&P500,1860.0,PE,0.0,0.0,0.0,4.3,20.55,0,0.0,0
2014-11-10,2015-06-19,OPTIDX,S&P500,1865.0,PE,0.0,0.0,0.0,3.9,21.35,0,0.0,0
2014-11-10,2015-06-19,OPTIDX,S&P500,1870.0,PE,0.0,0.0,0.0,4.95,22.2,0,0.0,0
2014-11-10,2015-06-19,OPTIDX,S&P500,1875.0,PE,0.0,0.0,0.0,4.5,23.05,0,0.0,0
2014-11-10,2015-06-19,OPTIDX,S&P500,1880.0,PE,0.0,0.0,0.0,5.65,23.95,0,0.0,0
2014-11-10,2015-06-19,OPTIDX,S&P500,1885.0,PE,0.0,0.0,0.0,5.2,24.85,0,0.0,0
2014-11-10,2015-06-19,OPTIDX,S&P500,1890.0,PE,0.0,0.0,0.0,6.45,25.8,0,0.0,0
2014-11-10,2015-06-19,OPTIDX,S&P500,1895.0,PE,0.0,0.0,0.0,5.95,26.75,0,0.0,0
2014-11-10,2015-06-19,OPTIDX,S&P500,1900.0,PE,0.0,0.0,0.0,7.3,27.75,0,0.0,0
2014-11-10,2015-06-19,OPTIDX,S&P500,1905.0,PE,0.0,0.0,0.0,7.8,28.75,0,0.0,0
2014-11-10,2015-06-19,OPTIDX,S&P500,1910.0,PE,0.0,0.0,0.0,8.3,29.8,0,0.0,0
2014-11-10,2015-06-19,OPTIDX,S&P500,1915.0,PE,0.0,0.0,0.0,8.85,30.85,0,0.0,0
2014-11-10,2015-06-19,OPTIDX,S&P500,1920.0,PE,0.0,0.0,0.0,9.4,31.95,0,0.0,0
2014-11-10,2015-06-19,OPTIDX,S&P500,1925.0,PE,0.0,0.0,0.0,9.95,33.05,0,0.0,0
2014-11-10,2015-06-19,OPTIDX,S&P500,1930.0,PE,0.0,0.0,0.0,10.6,34.2,0,0.0,0
2014-11-10,2015-06-19,OPTIDX,S&P500,1935.0,PE,0.0,0.0,0.0,11.2,35.35,0,0.0,0
2014-11-10,2015-06-19,OPTIDX,S&P500,1940.0,PE,0.0,0.0,0.0,11.9,36.65,0,0.0,0
2014-11-10,2015-06-19,OPTIDX,S&P500,1945.0,PE,0.0,0.0,0.0,12.6,37.85,0,0.0,0
2014-11-10,2015-06-19,OPTIDX,S&P500,1950.0,PE,0.0,0.0,0.0,13.3,39.15,0,0.0,0
2014-11-10,2015-06-19,OPTIDX,S&P500,1955.0,PE,0.0,0.0,0.0,14.05,40.4,0,0.0,0
2014-11-10,2015-06-19,OPTIDX,S&P500,1960.0,PE,0.0,0.0,0.0,14.85,41.75,0,0.0,0
2014-11-10,2015-06-19,OPTIDX,S&P500,1965.0,PE,0.0,0.0,0.0,15.7,43.05,0,0.0,0
2014-11-10,2015-06-19,OPTIDX,S&P500,1970.0,PE,0.0,0.0,0.0,16.55,44.45,0,0.0,0
2014-11-10,2015-06-19,OPTIDX,S&P500,1975.0,PE,0.0,0.0,0.0,17.45,45.75,0,0.0,0
2014-11-10,2015-06-19,OPTIDX,S&P500,1980.0,PE,0.0,0.0,0.0,18.4,47.2,0,0.0,0
2014-11-10,2015-06-19,OPTIDX,S&P500,1985.0,PE,0.0,0.0,0.0,19.35,48.7,0,0.0,0
2014-11-10,2015-06-19,OPTIDX,S&P500,1990.0,PE,0.0,0.0,0.0,20.35,50.2,0,0.0,0
2014-11-10,2015-06-19,OPTIDX,S&P500,1995.0,PE,0.0,0.0,0.0,21.4,51.7,0,0.0,0
2014-11-10,2015-06-19,OPTIDX,S&P500,2000.0,PE,0.0,0.0,0.0,22.5,53.3,0,0.0,0
2014-11-10,2015-06-19,OPTIDX,S&P500,2005.0,PE,0.0,0.0,0.0,23.6,54.85,0,0.0,0
2014-11-10,2015-06-19,OPTIDX,S&P500,2010.0,PE,0.0,0.0,0.0,24.85,56.5,0,0.0,0
2014-11-10,2015-06-19,OPTIDX,S&P500,2015.0,PE,0.0,0.0,0.0,26.05,58.15,0,0.0,0
2014-11-10,2015-06-19,OPTIDX,S&P500,2020.0,PE,0.0,0.0,0.0,27.3,59.85,0,0.0,0
2014-11-10,2015-06-19,OPTIDX,S&P500,2025.0,PE,0.0,0.0,0.0,26.35,61.55,0,0.0,0
2014-11-10,2015-06-19,OPTIDX,S&P500,2030.0,PE,0.0,0.0,0.0,29.85,63.3,0,0.0,0
2014-11-10,2015-06-19,OPTIDX,S&P500,2035.0,PE,0.0,0.0,0.0,28.85,65.1,0,0.0,0
2014-11-10,2015-06-19,OPTIDX,S&P500,2040.0,PE,0.0,0.0,0.0,32.6,66.95,0,0.0,0
2014-11-10,2015-06-19,OPTIDX,S&P500,2045.0,PE,0.0,0.0,0.0,31.65,68.8,0,0.0,0
2014-11-10,2015-06-19,OPTIDX,S&P500,2050.0,PE,0.0,0.0,0.0,35.6,70.65,0,0.0,0
2014-11-10,2015-06-19,OPTIDX,S&P500,2055.0,PE,0.0,0.0,0.0,34.6,72.6,0,0.0,0
2014-11-10,2015-06-19,OPTIDX,S&P500,2060.0,PE,0.0,0.0,0.0,38.75,74.55,0,0.0,0
2014-11-10,2015-06-19,OPTIDX,S&P500,2065.0,PE,0.0,0.0,0.0,37.75,76.5,0,0.0,0
2014-11-10,2015-06-19,OPTIDX,S&P500,2070.0,PE,0.0,0.0,0.0,31.75,78.55,0,0.0,0
2014-11-10,2015-06-19,OPTIDX,S&P500,2075.0,PE,0.0,0.0,0.0,36.85,80.55,0,0.0,0
2014-11-10,2015-06-19,OPTIDX,S&P500,2080.0,PE,0.0,0.0,0.0,34.95,82.65,0,0.0,0
2014-11-10,2015-06-19,OPTIDX,S&P500,2085.0,PE,0.0,0.0,0.0,36.4,84.75,0,0.0,0
2014-11-10,2015-06-19,OPTIDX,S&P500,2090.0,PE,0.0,0.0,0.0,45.95,86.9,0,0.0,0
2014-11-10,2015-06-19,OPTIDX,S&P500,2095.0,PE,0.0,0.0,0.0,50.85,89.1,0,0.0,0
2014-11-10,2015-06-19,OPTIDX,S&P500,2100.0,PE,0.0,0.0,0.0,60.95,91.3,0,0.0,0
2014-11-10,2015-06-19,OPTIDX,S&P500,2105.0,PE,0.0,0.0,0.0,54.7,93.55,0,0.0,0
2014-11-10,2015-06-19,OPTIDX,S&P500,2110.0,PE,0.0,0.0,0.0,47.7,95.8,0,0.0,0
2014-11-10,2015-06-19,OPTIDX,S&P500,2120.0,PE,0.0,0.0,0.0,113.35,100.45,0,0.0,0
2014-11-10,2015-06-19,OPTIDX,S&P500,2130.0,PE,0.0,0.0,0.0,108.75,105.25,0,0.0,0
2014-11-10,2015-09-18,OPTIDX,S&P500,1760.0,CE,0.0,0.0,0.0,281.2,411.0,0,0.0,0
2014-11-10,2015-09-18,OPTIDX,S&P500,1765.0,CE,0.0,0.0,0.0,273.6,406.85,0,0.0,0
2014-11-10,2015-09-18,OPTIDX,S&P500,1770.0,CE,0.0,0.0,0.0,274.4,402.7,0,0.0,0
2014-11-10,2015-09-18,OPTIDX,S&P500,1775.0,CE,0.0,0.0,0.0,283.1,398.6,0,0.0,0
2014-11-10,2015-09-18,OPTIDX,S&P500,1780.0,CE,0.0,0.0,0.0,267.6,394.5,0,0.0,0
2014-11-10,2015-09-18,OPTIDX,S&P500,1785.0,CE,0.0,0.0,0.0,276.3,390.4,0,0.0,0
2014-11-10,2015-09-18,OPTIDX,S&P500,1790.0,CE,0.0,0.0,0.0,260.9,386.35,0,0.0,0
2014-11-10,2015-09-18,OPTIDX,S&P500,1795.0,CE,0.0,0.0,0.0,269.55,382.3,0,0.0,0
2014-11-10,2015-09-18,OPTIDX,S&P500,1800.0,CE,0.0,0.0,0.0,254.35,378.25,0,0.0,0
2014-11-10,2015-09-18,OPTIDX,S&P500,1805.0,CE,0.0,0.0,0.0,282.4,374.25,0,0.0,0
2014-11-10,2015-09-18,OPTIDX,S&P500,1810.0,CE,0.0,0.0,0.0,247.85,370.25,0,0.0,0
2014-11-10,2015-09-18,OPTIDX,S&P500,1815.0,CE,0.0,0.0,0.0,275.45,366.25,0,0.0,0
2014-11-10,2015-09-18,OPTIDX,S&P500,1820.0,CE,0.0,0.0,0.0,253.2,362.3,0,0.0,0
2014-11-10,2015-09-18,OPTIDX,S&P500,1825.0,CE,0.0,0.0,0.0,268.7,358.35,0,0.0,0
2014-11-10,2015-09-18,OPTIDX,S&P500,1830.0,CE,0.0,0.0,0.0,281.8,354.4,0,0.0,0
2014-11-10,2015-09-18,OPTIDX,S&P500,1835.0,CE,0.0,0.0,0.0,265.85,350.5,0,0.0,0
2014-11-10,2015-09-18,OPTIDX,S&P500,1840.0,CE,0.0,0.0,0.0,274.85,346.6,0,0.0,0
2014-11-10,2015-09-18,OPTIDX,S&P500,1845.0,CE,0.0,0.0,0.0,258.2,342.7,0,0.0,0
2014-11-10,2015-09-18,OPTIDX,S&P500,1850.0,CE,0.0,0.0,0.0,268.05,338.85,0,0.0,0
2014-11-10,2015-09-18,OPTIDX,S&P500,1855.0,CE,0.0,0.0,0.0,250.65,335.05,0,0.0,0
2014-11-10,2015-09-18,OPTIDX,S&P500,1860.0,CE,0.0,0.0,0.0,261.3,331.2,0,0.0,0
2014-11-10,2015-09-18,OPTIDX,S&P500,1865.0,CE,0.0,0.0,0.0,269.05,327.4,0,0.0,0
2014-11-10,2015-09-18,OPTIDX,S&P500,1870.0,CE,0.0,0.0,0.0,265.5,323.65,0,0.0,0
2014-11-10,2015-09-18,OPTIDX,S&P500,1875.0,CE,0.0,0.0,0.0,261.2,319.9,0,0.0,0
2014-11-10,2015-09-18,OPTIDX,S&P500,1880.0,CE,0.0,0.0,0.0,266.85,316.15,0,0.0,0
2014-11-10,2015-09-18,OPTIDX,S&P500,1885.0,CE,0.0,0.0,0.0,260.8,312.45,0,0.0,0
2014-11-10,2015-09-18,OPTIDX,S&P500,1890.0,CE,0.0,0.0,0.0,259.0,308.75,0,0.0,0
2014-11-10,2015-09-18,OPTIDX,S&P500,1895.0,CE,0.0,0.0,0.0,263.25,305.05,0,0.0,0
2014-11-10,2015-09-18,OPTIDX,S&P500,1900.0,CE,0.0,0.0,0.0,264.25,301.4,0,0.0,0
2014-11-10,2015-09-18,OPTIDX,S&P500,1905.0,CE,0.0,0.0,0.0,254.8,297.8,0,0.0,0
2014-11-10,2015-09-18,OPTIDX,S&P500,1910.0,CE,0.0,0.0,0.0,266.65,294.15,0,0.0,0
2014-11-10,2015-09-18,OPTIDX,S&P500,1915.0,CE,0.0,0.0,0.0,246.45,290.6,0,0.0,0
2014-11-10,2015-09-18,OPTIDX,S&P500,1920.0,CE,0.0,0.0,0.0,258.15,287.05,0,0.0,0
2014-11-10,2015-09-18,OPTIDX,S&P500,1925.0,CE,0.0,0.0,0.0,238.15,283.5,0,0.0,0
2014-11-10,2015-09-18,OPTIDX,S&P500,1930.0,CE,0.0,0.0,0.0,249.7,279.95,0,0.0,0
2014-11-10,2015-09-18,OPTIDX,S&P500,1935.0,CE,0.0,0.0,0.0,229.95,276.5,0,0.0,0
2014-11-10,2015-09-18,OPTIDX,S&P500,1940.0,CE,0.0,0.0,0.0,241.35,273.1,0,0.0,0
2014-11-10,2015-09-18,OPTIDX,S&P500,1945.0,CE,0.0,0.0,0.0,221.85,269.65,0,0.0,0
2014-11-10,2015-09-18,OPTIDX,S&P500,1950.0,CE,0.0,0.0,0.0,233.05,266.2,0,0.0,0
2014-11-10,2015-09-18,OPTIDX,S&P500,1955.0,CE,0.0,0.0,0.0,228.95,262.8,0,0.0,0
2014-11-10,2015-09-18,OPTIDX,S&P500,1960.0,CE,0.0,0.0,0.0,224.9,259.4,0,0.0,0
2014-11-10,2015-09-18,OPTIDX,S&P500,1965.0,CE,0.0,0.0,0.0,220.85,256.05,0,0.0,0
2014-11-10,2015-09-18,OPTIDX,S&P500,1970.0,CE,0.0,0.0,0.0,216.8,252.75,0,0.0,0
2014-11-10,2015-09-18,OPTIDX,S&P500,1975.0,CE,0.0,0.0,0.0,212.8,249.45,0,0.0,0
2014-11-10,2015-09-18,OPTIDX,S&P500,1980.0,CE,0.0,0.0,0.0,208.85,246.15,0,0.0,0
2014-11-10,2015-09-18,OPTIDX,S&P500,1985.0,CE,0.0,0.0,0.0,204.9,242.9,0,0.0,0
2014-11-10,2015-09-18,OPTIDX,S&P500,1990.0,CE,0.0,0.0,0.0,200.95,239.65,0,0.0,0
2014-11-10,2015-09-18,OPTIDX,S&P500,1995.0,CE,0.0,0.0,0.0,197.05,236.35,0,0.0,0
2014-11-10,2015-09-18,OPTIDX,S&P500,2000.0,CE,0.0,0.0,0.0,193.2,233.2,0,0.0,0
2014-11-10,2015-09-18,OPTIDX,S&P500,2005.0,CE,0.0,0.0,0.0,189.4,230.05,0,0.0,0
2014-11-10,2015-09-18,OPTIDX,S&P500,2010.0,CE,0.0,0.0,0.0,185.6,226.9,0,0.0,0
2014-11-10,2015-09-18,OPTIDX,S&P500,2015.0,CE,0.0,0.0,0.0,181.8,223.8,0,0.0,0
2014-11-10,2015-09-18,OPTIDX,S&P500,2020.0,CE,0.0,0.0,0.0,178.1,220.75,0,0.0,0
2014-11-10,2015-09-18,OPTIDX,S&P500,2025.0,CE,0.0,0.0,0.0,174.4,217.7,0,0.0,0
2014-11-10,2015-09-18,OPTIDX,S&P500,2030.0,CE,0.0,0.0,0.0,170.7,214.65,0,0.0,0
2014-11-10,2015-09-18,OPTIDX,S&P500,2035.0,CE,0.0,0.0,0.0,167.1,211.65,0,0.0,0
2014-11-10,2015-09-18,OPTIDX,S&P500,2040.0,CE,0.0,0.0,0.0,163.5,208.7,0,0.0,0
2014-11-10,2015-09-18,OPTIDX,S&P500,2045.0,CE,0.0,0.0,0.0,159.95,205.75,0,0.0,0
2014-11-10,2015-09-18,OPTIDX,S&P500,2050.0,CE,0.0,0.0,0.0,156.4,202.85,0,0.0,0
2014-11-10,2015-09-18,OPTIDX,S&P500,2055.0,CE,0.0,0.0,0.0,152.95,199.95,0,0.0,0
2014-11-10,2015-09-18,OPTIDX,S&P500,2060.0,CE,0.0,0.0,0.0,149.5,197.1,0,0.0,0
2014-11-10,2015-09-18,OPTIDX,S&P500,2065.0,CE,0.0,0.0,0.0,146.15,194.25,0,0.0,0
2014-11-10,2015-09-18,OPTIDX,S&P500,2070.0,CE,0.0,0.0,0.0,142.8,191.45,0,0.0,0
2014-11-10,2015-09-18,OPTIDX,S&P500,2075.0,CE,0.0,0.0,0.0,127.85,188.65,0,0.0,0
2014-11-10,2015-09-18,OPTIDX,S&P500,2080.0,CE,0.0,0.0,0.0,136.1,185.9,0,0.0,0
2014-11-10,2015-09-18,OPTIDX,S&P500,2085.0,CE,0.0,0.0,0.0,121.7,183.15,0,0.0,0
2014-11-10,2015-09-18,OPTIDX,S&P500,2090.0,CE,0.0,0.0,0.0,129.65,180.45,0,0.0,0
2014-11-10,2015-09-18,OPTIDX,S&P500,2095.0,CE,0.0,0.0,0.0,115.7,177.75,0,0.0,0
2014-11-10,2015-09-18,OPTIDX,S&P500,2100.0,CE,0.0,0.0,0.0,123.4,175.1,0,0.0,0
2014-11-10,2015-09-18,OPTIDX,S&P500,2110.0,CE,0.0,0.0,0.0,117.3,169.9,0,0.0,0
2014-11-10,2015-09-18,OPTIDX,S&P500,2120.0,CE,0.0,0.0,0.0,167.3,164.75,0,0.0,0
2014-11-10,2015-09-18,OPTIDX,S&P500,2130.0,CE,0.0,0.0,0.0,164.15,159.75,0,0.0,0
2014-11-10,2015-09-18,OPTIDX,S&P500,1760.0,PE,0.0,0.0,0.0,39.9,12.55,0,0.0,0
2014-11-10,2015-09-18,OPTIDX,S&P500,1765.0,PE,0.0,0.0,0.0,38.1,13.0,0,0.0,0
2014-11-10,2015-09-18,OPTIDX,S&P500,1770.0,PE,0.0,0.0,0.0,42.3,13.55,0,0.0,0
2014-11-10,2015-09-18,OPTIDX,S&P500,1775.0,PE,0.0,0.0,0.0,42.65,14.05,0,0.0,0
2014-11-10,2015-09-18,OPTIDX,S&P500,1780.0,PE,0.0,0.0,0.0,44.7,14.6,0,0.0,0
2014-11-10,2015-09-18,OPTIDX,S&P500,1785.0,PE,0.0,0.0,0.0,45.05,15.15,0,0.0,0
2014-11-10,2015-09-18,OPTIDX,S&P500,1790.0,PE,0.0,0.0,0.0,47.25,15.7,0,0.0,0
2014-11-10,2015-09-18,OPTIDX,S&P500,1795.0,PE,0.0,0.0,0.0,47.5,16.3,0,0.0,0
2014-11-10,2015-09-18,OPTIDX,S&P500,1800.0,PE,0.0,0.0,0.0,49.85,16.9,0,0.0,0
2014-11-10,2015-09-18,OPTIDX,S&P500,1805.0,PE,0.0,0.0,0.0,38.0,17.55,0,0.0,0
2014-11-10,2015-09-18,OPTIDX,S&P500,1810.0,PE,0.0,0.0,0.0,52.55,18.15,0,0.0,0
2014-11-10,2015-09-18,OPTIDX,S&P500,1815.0,PE,0.0,0.0,0.0,40.25,18.8,0,0.0,0
2014-11-10,2015-09-18,OPTIDX,S&P500,1820.0,PE,0.0,0.0,0.0,54.15,19.5,0,0.0,0
2014-11-10,2015-09-18,OPTIDX,S&P500,1825.0,PE,0.0,0.0,0.0,42.65,20.2,0,0.0,0
2014-11-10,2015-09-18,OPTIDX,S&P500,1830.0,PE,0.0,0.0,0.0,37.9,20.9,0,0.0,0
2014-11-10,2015-09-18,OPTIDX,S&P500,1835.0,PE,0.0,0.0,0.0,17.55,21.6,0,0.0,0
2014-11-10,2015-09-18,OPTIDX,S&P500,1840.0,PE,0.0,0.0,0.0,40.15,22.35,0,0.0,0
2014-11-10,2015-09-18,OPTIDX,S&P500,1845.0,PE,0.0,0.0,0.0,19.1,23.15,0,0.0,0
2014-11-10,2015-09-18,OPTIDX,S&P500,1850.0,PE,0.0,0.0,0.0,42.55,23.9,0,0.0,0
2014-11-10,2015-09-18,OPTIDX,S&P500,1855.0,PE,0.0,0.0,0.0,20.7,24.7,0,0.0,0
2014-11-10,2015-09-18,OPTIDX,S&P500,1860.0,PE,0.0,0.0,0.0,45.0,25.55,0,0.0,0
2014-11-10,2015-09-18,OPTIDX,S&P500,1865.0,PE,0.0,0.0,0.0,13.6,26.4,0,0.0,0
2014-11-10,2015-09-18,OPTIDX,S&P500,1870.0,PE,0.0,0.0,0.0,12.3,27.25,0,0.0,0
2014-11-10,2015-09-18,OPTIDX,S&P500,1875.0,PE,0.0,0.0,0.0,14.9,28.15,0,0.0,0
2014-11-10,2015-09-18,OPTIDX,S&P500,1880.0,PE,0.0,0.0,0.0,14.0,29.05,0,0.0,0
2014-11-10,2015-09-18,OPTIDX,S&P500,1885.0,PE,0.0,0.0,0.0,5.4,29.95,0,0.0,0
2014-11-10,2015-09-18,OPTIDX,S&P500,1890.0,PE,0.0,0.0,0.0,15.3,30.9,0,0.0,0
2014-11-10,2015-09-18,OPTIDX,S&P500,1895.0,PE,0.0,0.0,0.0,5.05,31.9,0,0.0,0
2014-11-10,2015-09-18,OPTIDX,S&P500,1900.0,PE,0.0,0.0,0.0,6.45,32.85,0,0.0,0
2014-11-10,2015-09-18,OPTIDX,S&P500,1905.0,PE,0.0,0.0,0.0,5.75,33.9,0,0.0,0
2014-11-10,2015-09-18,OPTIDX,S&P500,1910.0,PE,0.0,0.0,0.0,4.45,34.9,0,0.0,0
2014-11-10,2015-09-18,OPTIDX,S&P500,1915.0,PE,0.0,0.0,0.0,6.55,35.95,0,0.0,0
2014-11-10,2015-09-18,OPTIDX,S&P500,1920.0,PE,0.0,0.0,0.0,5.1,37.05,0,0.0,0
2014-11-10,2015-09-18,OPTIDX,S&P500,1925.0,PE,0.0,0.0,0.0,7.4,38.15,0,0.0,0
2014-11-10,2015-09-18,OPTIDX,S&P500,1930.0,PE,0.0,0.0,0.0,5.8,39.25,0,0.0,0
2014-11-10,2015-09-18,OPTIDX,S&P500,1935.0,PE,0.0,0.0,0.0,8.4,40.4,0,0.0,0
2014-11-10,2015-09-18,OPTIDX,S&P500,1940.0,PE,0.0,0.0,0.0,6.6,41.65,0,0.0,0
2014-11-10,2015-09-18,OPTIDX,S&P500,1945.0,PE,0.0,0.0,0.0,9.45,42.85,0,0.0,0
2014-11-10,2015-09-18,OPTIDX,S&P500,1950.0,PE,0.0,0.0,0.0,7.5,44.05,0,0.0,0
2014-11-10,2015-09-18,OPTIDX,S&P500,1955.0,PE,0.0,0.0,0.0,7.95,45.3,0,0.0,0
2014-11-10,2015-09-18,OPTIDX,S&P500,1960.0,PE,0.0,0.0,0.0,8.45,46.55,0,0.0,0
2014-11-10,2015-09-18,OPTIDX,S&P500,1965.0,PE,0.0,0.0,0.0,9.0,47.85,0,0.0,0
2014-11-10,2015-09-18,OPTIDX,S&P500,1970.0,PE,0.0,0.0,0.0,9.55,49.15,0,0.0,0
2014-11-10,2015-09-18,OPTIDX,S&P500,1975.0,PE,0.0,0.0,0.0,10.1,50.5,0,0.0,0
2014-11-10,2015-09-18,OPTIDX,S&P500,1980.0,PE,0.0,0.0,0.0,10.75,51.85,0,0.0,0
2014-11-10,2015-09-18,OPTIDX,S&P500,1985.0,PE,0.0,0.0,0.0,11.35,53.25,0,0.0,0
2014-11-10,2015-09-18,OPTIDX,S&P500,1990.0,PE,0.0,0.0,0.0,12.0,54.65,0,0.0,0
2014-11-10,2015-09-18,OPTIDX,S&P500,1995.0,PE,0.0,0.0,0.0,12.7,56.0,0,0.0,0
2014-11-10,2015-09-18,OPTIDX,S&P500,2000.0,PE,0.0,0.0,0.0,13.4,57.45,0,0.0,0
2014-11-10,2015-09-18,OPTIDX,S&P500,2005.0,PE,0.0,0.0,0.0,14.15,58.95,0,0.0,0
2014-11-10,2015-09-18,OPTIDX,S&P500,2010.0,PE,0.0,0.0,0.0,14.95,60.45,0,0.0,0
2014-11-10,2015-09-18,OPTIDX,S&P500,2015.0,PE,0.0,0.0,0.0,15.75,62.0,0,0.0,0
2014-11-10,2015-09-18,OPTIDX,S&P500,2020.0,PE,0.0,0.0,0.0,16.6,63.55,0,0.0,0
2014-11-10,2015-09-18,OPTIDX,S&P500,2025.0,PE,0.0,0.0,0.0,17.5,65.15,0,0.0,0
2014-11-10,2015-09-18,OPTIDX,S&P500,2030.0,PE,0.0,0.0,0.0,18.4,66.8,0,0.0,0
2014-11-10,2015-09-18,OPTIDX,S&P500,2035.0,PE,0.0,0.0,0.0,19.35,68.4,0,0.0,0
2014-11-10,2015-09-18,OPTIDX,S&P500,2040.0,PE,0.0,0.0,0.0,20.35,70.1,0,0.0,0
2014-11-10,2015-09-18,OPTIDX,S&P500,2045.0,PE,0.0,0.0,0.0,21.35,71.8,0,0.0,0
2014-11-10,2015-09-18,OPTIDX,S&P500,2050.0,PE,0.0,0.0,0.0,22.45,73.5,0,0.0,0
2014-11-10,2015-09-18,OPTIDX,S&P500,2055.0,PE,0.0,0.0,0.0,23.55,75.25,0,0.0,0
2014-11-10,2015-09-18,OPTIDX,S&P500,2060.0,PE,0.0,0.0,0.0,24.65,77.05,0,0.0,0
2014-11-10,2015-09-18,OPTIDX,S&P500,2065.0,PE,0.0,0.0,0.0,25.9,78.85,0,0.0,0
2014-11-10,2015-09-18,OPTIDX,S&P500,2070.0,PE,0.0,0.0,0.0,27.1,80.65,0,0.0,0
2014-11-10,2015-09-18,OPTIDX,S&P500,2075.0,PE,0.0,0.0,0.0,34.55,82.5,0,0.0,0
2014-11-10,2015-09-18,OPTIDX,S&P500,2080.0,PE,0.0,0.0,0.0,29.6,84.4,0,0.0,0
2014-11-10,2015-09-18,OPTIDX,S&P500,2085.0,PE,0.0,0.0,0.0,37.55,86.3,0,0.0,0
2014-11-10,2015-09-18,OPTIDX,S&P500,2090.0,PE,0.0,0.0,0.0,32.3,88.25,0,0.0,0
2014-11-10,2015-09-18,OPTIDX,S&P500,2095.0,PE,0.0,0.0,0.0,40.75,90.2,0,0.0,0
2014-11-10,2015-09-18,OPTIDX,S&P500,2100.0,PE,0.0,0.0,0.0,35.2,92.2,0,0.0,0
2014-11-10,2015-09-18,OPTIDX,S&P500,2110.0,PE,0.0,0.0,0.0,38.25,96.25,0,0.0,0
2014-11-10,2015-09-18,OPTIDX,S&P500,2120.0,PE,0.0,0.0,0.0,113.45,100.4,0,0.0,0
2014-11-10,2015-09-18,OPTIDX,S&P500,2130.0,PE,0.0,0.0,0.0,108.6,104.65,0,0.0,0
2014-11-10,2014-11-27,OPTSTK,ABIRLANUVO,950.0,CE,0.0,0.0,0.0,524.25,775.7,0,0.0,0
2014-11-10,2014-11-27,OPTSTK,ABIRLANUVO,1000.0,CE,0.0,0.0,0.0,475.75,725.9,0,0.0,0
2014-11-10,2014-11-27,OPTSTK,ABIRLANUVO,1050.0,CE,0.0,0.0,0.0,427.7,676.1,0,0.0,0
2014-11-10,2014-11-27,OPTSTK,ABIRLANUVO,1100.0,CE,0.0,0.0,0.0,380.45,626.3,0,0.0,0
2014-11-10,2014-11-27,OPTSTK,ABIRLANUVO,1150.0,CE,0.0,0.0,0.0,334.45,576.5,0,0.0,0
2014-11-10,2014-11-27,OPTSTK,ABIRLANUVO,1200.0,CE,0.0,0.0,0.0,290.3,526.7,0,0.0,0
2014-11-10,2014-11-27,OPTSTK,ABIRLANUVO,1250.0,CE,0.0,0.0,0.0,248.55,476.9,0,0.0,0
2014-11-10,2014-11-27,OPTSTK,ABIRLANUVO,1300.0,CE,0.0,0.0,0.0,209.8,427.1,0,0.0,0
2014-11-10,2014-11-27,OPTSTK,ABIRLANUVO,1350.0,CE,0.0,0.0,0.0,174.4,377.3,0,0.0,0
2014-11-10,2014-11-27,OPTSTK,ABIRLANUVO,1400.0,CE,0.0,0.0,0.0,142.85,327.55,0,0.0,0
2014-11-10,2014-11-27,OPTSTK,ABIRLANUVO,1450.0,CE,0.0,0.0,0.0,115.25,278.0,0,0.0,0
2014-11-10,2014-11-27,OPTSTK,ABIRLANUVO,1500.0,CE,0.0,0.0,0.0,91.65,229.05,0,0.0,0
2014-11-10,2014-11-27,OPTSTK,ABIRLANUVO,1550.0,CE,0.0,0.0,0.0,71.8,181.65,0,0.0,0
2014-11-10,2014-11-27,OPTSTK,ABIRLANUVO,1600.0,CE,0.0,0.0,0.0,55.45,137.35,0,0.0,0
2014-11-10,2014-11-27,OPTSTK,ABIRLANUVO,1650.0,CE,0.0,0.0,0.0,59.2,98.1,0,0.0,500
2014-11-10,2014-11-27,OPTSTK,ABIRLANUVO,1700.0,CE,65.6,65.6,65.6,65.6,65.6,1,4.41,7250
2014-11-10,2014-11-27,OPTSTK,ABIRLANUVO,1750.0,CE,48.0,50.0,29.85,31.85,31.85,26,116.15,8750
2014-11-10,2014-11-27,OPTSTK,ABIRLANUVO,1800.0,CE,28.45,28.45,17.05,17.55,17.55,15,68.25,11750
2014-11-10,2014-11-27,OPTSTK,ABIRLANUVO,1850.0,CE,13.1,13.1,8.6,9.1,9.1,7,32.55,1000
2014-11-10,2014-11-27,OPTSTK,ABIRLANUVO,1900.0,CE,0.0,0.0,0.0,2.85,6.2,0,0.0,750
2014-11-10,2014-11-27,OPTSTK,ABIRLANUVO,1950.0,CE,0.0,0.0,0.0,2.4,2.85,0,0.0,1250
2014-11-10,2014-11-27,OPTSTK,ABIRLANUVO,2000.0,CE,0.0,0.0,0.0,4.6,1.2,0,0.0,0
2014-11-10,2014-11-27,OPTSTK,ABIRLANUVO,2050.0,CE,0.0,0.0,0.0,3.2,0.5,0,0.0,0
2014-11-10,2014-11-27,OPTSTK,ABIRLANUVO,2100.0,CE,0.0,0.0,0.0,1.25,0.2,0,0.0,0
2014-11-10,2014-11-27,OPTSTK,ABIRLANUVO,950.0,PE,0.0,0.0,0.0,0.3,0.0,0,0.0,0
2014-11-10,2014-11-27,OPTSTK,ABIRLANUVO,1000.0,PE,0.0,0.0,0.0,0.7,0.0,0,0.0,0
2014-11-10,2014-11-27,OPTSTK,ABIRLANUVO,1050.0,PE,0.0,0.0,0.0,1.55,0.0,0,0.0,0
2014-11-10,2014-11-27,OPTSTK,ABIRLANUVO,1100.0,PE,0.0,0.0,0.0,3.25,0.0,0,0.0,0
2014-11-10,2014-11-27,OPTSTK,ABIRLANUVO,1150.0,PE,0.0,0.0,0.0,6.25,0.0,0,0.0,0
2014-11-10,2014-11-27,OPTSTK,ABIRLANUVO,1200.0,PE,0.0,0.0,0.0,11.0,0.0,0,0.0,0
2014-11-10,2014-11-27,OPTSTK,ABIRLANUVO,1250.0,PE,0.0,0.0,0.0,18.2,0.0,0,0.0,0
2014-11-10,2014-11-27,OPTSTK,ABIRLANUVO,1300.0,PE,0.0,0.0,0.0,28.35,0.0,0,0.0,0
2014-11-10,2014-11-27,OPTSTK,ABIRLANUVO,1350.0,PE,0.0,0.0,0.0,41.9,0.05,0,0.0,0
2014-11-10,2014-11-27,OPTSTK,ABIRLANUVO,1400.0,PE,0.0,0.0,0.0,59.3,0.1,0,0.0,0
2014-11-10,2014-11-27,OPTSTK,ABIRLANUVO,1450.0,PE,0.0,0.0,0.0,80.65,0.35,0,0.0,0
2014-11-10,2014-11-27,OPTSTK,ABIRLANUVO,1500.0,PE,0.0,0.0,0.0,105.95,1.2,0,0.0,0
2014-11-10,2014-11-27,OPTSTK,ABIRLANUVO,1550.0,PE,0.0,0.0,0.0,2.7,3.6,0,0.0,1500
2014-11-10,2014-11-27,OPTSTK,ABIRLANUVO,1600.0,PE,0.0,0.0,0.0,5.0,9.1,0,0.0,2250
2014-11-10,2014-11-27,OPTSTK,ABIRLANUVO,1650.0,PE,12.0,18.0,9.25,16.0,16.0,7,29.1,2500
2014-11-10,2014-11-27,OPTSTK,ABIRLANUVO,1700.0,PE,0.0,0.0,0.0,32.05,36.85,0,0.0,1500
2014-11-10,2014-11-27,OPTSTK,ABIRLANUVO,1750.0,PE,37.4,58.55,37.4,58.55,58.55,6,27.03,750
2014-11-10,2014-11-27,OPTSTK,ABIRLANUVO,1800.0,PE,0.0,0.0,0.0,141.7,94.4,0,0.0,250
2014-11-10,2014-11-27,OPTSTK,ABIRLANUVO,1850.0,PE,127.55,127.6,127.55,127.6,127.6,4,19.77,1000
2014-11-10,2014-11-27,OPTSTK,ABIRLANUVO,1900.0,PE,0.0,0.0,0.0,414.95,176.75,0,0.0,0
2014-11-10,2014-11-27,OPTSTK,ABIRLANUVO,1950.0,PE,0.0,0.0,0.0,461.25,223.2,0,0.0,0
2014-11-10,2014-11-27,OPTSTK,ABIRLANUVO,2000.0,PE,0.0,0.0,0.0,508.3,271.35,0,0.0,0
2014-11-10,2014-11-27,OPTSTK,ABIRLANUVO,2050.0,PE,0.0,0.0,0.0,555.85,320.45,0,0.0,0
2014-11-10,2014-11-27,OPTSTK,ABIRLANUVO,2100.0,PE,0.0,0.0,0.0,580.95,369.95,0,0.0,0
2014-11-10,2014-12-24,OPTSTK,ABIRLANUVO,950.0,CE,0.0,0.0,0.0,733.45,781.9,0,0.0,0
2014-11-10,2014-12-24,OPTSTK,ABIRLANUVO,1000.0,CE,0.0,0.0,0.0,684.95,732.45,0,0.0,0
2014-11-10,2014-12-24,OPTSTK,ABIRLANUVO,1050.0,CE,0.0,0.0,0.0,636.75,682.95,0,0.0,0
2014-11-10,2014-12-24,OPTSTK,ABIRLANUVO,1100.0,CE,0.0,0.0,0.0,589.1,633.5,0,0.0,0
2014-11-10,2014-12-24,OPTSTK,ABIRLANUVO,1150.0,CE,0.0,0.0,0.0,542.1,584.0,0,0.0,0
2014-11-10,2014-12-24,OPTSTK,ABIRLANUVO,1200.0,CE,0.0,0.0,0.0,496.15,534.55,0,0.0,0
2014-11-10,2014-12-24,OPTSTK,ABIRLANUVO,1250.0,CE,0.0,0.0,0.0,451.4,485.2,0,0.0,0
2014-11-10,2014-12-24,OPTSTK,ABIRLANUVO,1300.0,CE,0.0,0.0,0.0,408.25,435.95,0,0.0,0
2014-11-10,2014-12-24,OPTSTK,ABIRLANUVO,1350.0,CE,0.0,0.0,0.0,366.9,387.1,0,0.0,0
2014-11-10,2014-12-24,OPTSTK,ABIRLANUVO,1400.0,CE,0.0,0.0,0.0,327.7,338.95,0,0.0,0
2014-11-10,2014-12-24,OPTSTK,ABIRLANUVO,1450.0,CE,0.0,0.0,0.0,290.9,292.0,0,0.0,0
2014-11-10,2014-12-24,OPTSTK,ABIRLANUVO,1500.0,CE,0.0,0.0,0.0,256.5,247.0,0,0.0,0
2014-11-10,2014-12-24,OPTSTK,ABIRLANUVO,1550.0,CE,0.0,0.0,0.0,224.75,204.7,0,0.0,0
2014-11-10,2014-12-24,OPTSTK,ABIRLANUVO,1600.0,CE,0.0,0.0,0.0,195.8,165.95,0,0.0,0
2014-11-10,2014-12-24,OPTSTK,ABIRLANUVO,1650.0,CE,0.0,0.0,0.0,169.5,131.3,0,0.0,0
2014-11-10,2014-12-24,OPTSTK,ABIRLANUVO,1700.0,CE,0.0,0.0,0.0,145.95,101.4,0,0.0,0
2014-11-10,2014-12-24,OPTSTK,ABIRLANUVO,1750.0,CE,0.0,0.0,0.0,124.95,76.35,0,0.0,0
2014-11-10,2014-12-24,OPTSTK,ABIRLANUVO,1800.0,CE,0.0,0.0,0.0,106.35,56.0,0,0.0,0
2014-11-10,2014-12-24,OPTSTK,ABIRLANUVO,1850.0,CE,0.0,0.0,0.0,90.1,40.1,0,0.0,0
2014-11-10,2014-12-24,OPTSTK,ABIRLANUVO,1900.0,CE,0.0,0.0,0.0,75.95,28.0,0,0.0,0
2014-11-10,2014-12-24,OPTSTK,ABIRLANUVO,1950.0,CE,0.0,0.0,0.0,63.8,19.1,0,0.0,0
2014-11-10,2014-12-24,OPTSTK,ABIRLANUVO,2000.0,CE,0.0,0.0,0.0,53.35,12.7,0,0.0,0
2014-11-10,2014-12-24,OPTSTK,ABIRLANUVO,2050.0,CE,0.0,0.0,0.0,44.35,8.25,0,0.0,0
2014-11-10,2014-12-24,OPTSTK,ABIRLANUVO,2100.0,CE,0.0,0.0,0.0,36.75,5.25,0,0.0,0
2014-11-10,2014-12-24,OPTSTK,ABIRLANUVO,950.0,PE,0.0,0.0,0.0,0.4,0.0,0,0.0,0
2014-11-10,2014-12-24,OPTSTK,ABIRLANUVO,1000.0,PE,0.0,0.0,0.0,0.8,0.0,0,0.0,0
2014-11-10,2014-12-24,OPTSTK,ABIRLANUVO,1050.0,PE,0.0,0.0,0.0,1.5,0.0,0,0.0,0
2014-11-10,2014-12-24,OPTSTK,ABIRLANUVO,1100.0,PE,0.0,0.0,0.0,2.75,0.0,0,0.0,0
2014-11-10,2014-12-24,OPTSTK,ABIRLANUVO,1150.0,PE,0.0,0.0,0.0,4.7,0.05,0,0.0,0
2014-11-10,2014-12-24,OPTSTK,ABIRLANUVO,1200.0,PE,0.0,0.0,0.0,7.6,0.05,0,0.0,0
2014-11-10,2014-12-24,OPTSTK,ABIRLANUVO,1250.0,PE,0.0,0.0,0.0,11.8,0.15,0,0.0,0
2014-11-10,2014-12-24,OPTSTK,ABIRLANUVO,1300.0,PE,0.0,0.0,0.0,17.55,0.4,0,0.0,0
2014-11-10,2014-12-24,OPTSTK,ABIRLANUVO,1350.0,PE,0.0,0.0,0.0,25.15,1.0,0,0.0,0
2014-11-10,2014-12-24,OPTSTK,ABIRLANUVO,1400.0,PE,0.0,0.0,0.0,34.85,2.35,0,0.0,0
2014-11-10,2014-12-24,OPTSTK,ABIRLANUVO,1450.0,PE,0.0,0.0,0.0,46.9,4.9,0,0.0,0
2014-11-10,2014-12-24,OPTSTK,ABIRLANUVO,1500.0,PE,0.0,0.0,0.0,61.45,9.35,0,0.0,0
2014-11-10,2014-12-24,OPTSTK,ABIRLANUVO,1550.0,PE,0.0,0.0,0.0,78.6,16.55,0,0.0,0
2014-11-10,2014-12-24,OPTSTK,ABIRLANUVO,1600.0,PE,0.0,0.0,0.0,98.55,27.25,0,0.0,0
2014-11-10,2014-12-24,OPTSTK,ABIRLANUVO,1650.0,PE,0.0,0.0,0.0,121.2,42.05,0,0.0,0
2014-11-10,2014-12-24,OPTSTK,ABIRLANUVO,1700.0,PE,0.0,0.0,0.0,146.5,61.65,0,0.0,0
2014-11-10,2014-12-24,OPTSTK,ABIRLANUVO,1750.0,PE,0.0,0.0,0.0,174.45,86.05,0,0.0,0
2014-11-10,2014-12-24,OPTSTK,ABIRLANUVO,1800.0,PE,0.0,0.0,0.0,204.8,115.25,0,0.0,0
2014-11-10,2014-12-24,OPTSTK,ABIRLANUVO,1850.0,PE,0.0,0.0,0.0,237.4,148.75,0,0.0,0
2014-11-10,2014-12-24,OPTSTK,ABIRLANUVO,1900.0,PE,0.0,0.0,0.0,272.2,186.15,0,0.0,0
2014-11-10,2014-12-24,OPTSTK,ABIRLANUVO,1950.0,PE,0.0,0.0,0.0,308.95,226.75,0,0.0,0
2014-11-10,2014-12-24,OPTSTK,ABIRLANUVO,2000.0,PE,0.0,0.0,0.0,347.4,269.8,0,0.0,0
2014-11-10,2014-12-24,OPTSTK,ABIRLANUVO,2050.0,PE,0.0,0.0,0.0,387.3,314.85,0,0.0,0
2014-11-10,2014-12-24,OPTSTK,ABIRLANUVO,2100.0,PE,0.0,0.0,0.0,428.6,361.35,0,0.0,0
2014-11-10,2015-01-29,OPTSTK,ABIRLANUVO,950.0,CE,0.0,0.0,0.0,714.2,790.0,0,0.0,0
2014-11-10,2015-01-29,OPTSTK,ABIRLANUVO,1000.0,CE,0.0,0.0,0.0,665.35,740.95,0,0.0,0
2014-11-10,2015-01-29,OPTSTK,ABIRLANUVO,1050.0,CE,0.0,0.0,0.0,616.55,691.9,0,0.0,0
2014-11-10,2015-01-29,OPTSTK,ABIRLANUVO,1100.0,CE,0.0,0.0,0.0,567.95,642.9,0,0.0,0
2014-11-10,2015-01-29,OPTSTK,ABIRLANUVO,1150.0,CE,0.0,0.0,0.0,519.7,594.05,0,0.0,0
2014-11-10,2015-01-29,OPTSTK,ABIRLANUVO,1200.0,CE,0.0,0.0,0.0,471.95,545.35,0,0.0,0
2014-11-10,2015-01-29,OPTSTK,ABIRLANUVO,1250.0,CE,0.0,0.0,0.0,425.05,497.0,0,0.0,0
2014-11-10,2015-01-29,OPTSTK,ABIRLANUVO,1300.0,CE,0.0,0.0,0.0,379.4,449.3,0,0.0,0
2014-11-10,2015-01-29,OPTSTK,ABIRLANUVO,1350.0,CE,0.0,0.0,0.0,335.4,402.5,0,0.0,0
2014-11-10,2015-01-29,OPTSTK,ABIRLANUVO,1400.0,CE,0.0,0.0,0.0,293.45,357.0,0,0.0,0
2014-11-10,2015-01-29,OPTSTK,ABIRLANUVO,1450.0,CE,0.0,0.0,0.0,254.05,313.35,0,0.0,0
2014-11-10,2015-01-29,OPTSTK,ABIRLANUVO,1500.0,CE,0.0,0.0,0.0,217.55,271.9,0,0.0,0
2014-11-10,2015-01-29,OPTSTK,ABIRLANUVO,1550.0,CE,0.0,0.0,0.0,184.15,233.15,0,0.0,0
2014-11-10,2015-01-29,OPTSTK,ABIRLANUVO,1600.0,CE,0.0,0.0,0.0,154.2,197.5,0,0.0,0
2014-11-10,2015-01-29,OPTSTK,ABIRLANUVO,1650.0,CE,0.0,0.0,0.0,127.7,165.25,0,0.0,0
2014-11-10,2015-01-29,OPTSTK,ABIRLANUVO,1700.0,CE,0.0,0.0,0.0,104.55,136.55,0,0.0,0
2014-11-10,2015-01-29,OPTSTK,ABIRLANUVO,1750.0,CE,0.0,0.0,0.0,84.75,111.4,0,0.0,0
2014-11-10,2015-01-29,OPTSTK,ABIRLANUVO,1800.0,CE,0.0,0.0,0.0,67.95,89.8,0,0.0,0
2014-11-10,2015-01-29,OPTSTK,ABIRLANUVO,1850.0,CE,0.0,0.0,0.0,53.95,71.5,0,0.0,0
2014-11-10,2015-01-29,OPTSTK,ABIRLANUVO,1900.0,CE,0.0,0.0,0.0,42.5,56.3,0,0.0,0
2014-11-10,2015-01-29,OPTSTK,ABIRLANUVO,1950.0,CE,0.0,0.0,0.0,33.1,43.9,0,0.0,0
2014-11-10,2015-01-29,OPTSTK,ABIRLANUVO,2000.0,CE,0.0,0.0,0.0,25.55,33.75,0,0.0,0
2014-11-10,2015-01-29,OPTSTK,ABIRLANUVO,2050.0,CE,0.0,0.0,0.0,19.6,25.7,0,0.0,0
2014-11-10,2015-01-29,OPTSTK,ABIRLANUVO,2100.0,CE,0.0,0.0,0.0,14.9,19.4,0,0.0,0
2014-11-10,2015-01-29,OPTSTK,ABIRLANUVO,950.0,PE,0.0,0.0,0.0,0.05,0.0,0,0.0,0
2014-11-10,2015-01-29,OPTSTK,ABIRLANUVO,1000.0,PE,0.0,0.0,0.0,0.1,0.05,0,0.0,0
2014-11-10,2015-01-29,OPTSTK,ABIRLANUVO,1050.0,PE,0.0,0.0,0.0,0.25,0.05,0,0.0,0
2014-11-10,2015-01-29,OPTSTK,ABIRLANUVO,1100.0,PE,0.0,0.0,0.0,0.55,0.1,0,0.0,0
2014-11-10,2015-01-29,OPTSTK,ABIRLANUVO,1150.0,PE,0.0,0.0,0.0,1.2,0.3,0,0.0,0
2014-11-10,2015-01-29,OPTSTK,ABIRLANUVO,1200.0,PE,0.0,0.0,0.0,2.4,0.65,0,0.0,0
2014-11-10,2015-01-29,OPTSTK,ABIRLANUVO,1250.0,PE,0.0,0.0,0.0,4.45,1.35,0,0.0,0
2014-11-10,2015-01-29,OPTSTK,ABIRLANUVO,1300.0,PE,0.0,0.0,0.0,7.7,2.7,0,0.0,0
2014-11-10,2015-01-29,OPTSTK,ABIRLANUVO,1350.0,PE,0.0,0.0,0.0,12.6,4.95,0,0.0,0
2014-11-10,2015-01-29,OPTSTK,ABIRLANUVO,1400.0,PE,0.0,0.0,0.0,19.6,8.55,0,0.0,0
2014-11-10,2015-01-29,OPTSTK,ABIRLANUVO,1450.0,PE,0.0,0.0,0.0,29.1,13.9,0,0.0,0
2014-11-10,2015-01-29,OPTSTK,ABIRLANUVO,1500.0,PE,0.0,0.0,0.0,41.55,21.5,0,0.0,0
2014-11-10,2015-01-29,OPTSTK,ABIRLANUVO,1550.0,PE,0.0,0.0,0.0,57.05,31.85,0,0.0,0
2014-11-10,2015-01-29,OPTSTK,ABIRLANUVO,1600.0,PE,0.0,0.0,0.0,76.0,45.2,0,0.0,0
2014-11-10,2015-01-29,OPTSTK,ABIRLANUVO,1650.0,PE,0.0,0.0,0.0,98.45,62.0,0,0.0,0
2014-11-10,2015-01-29,OPTSTK,ABIRLANUVO,1700.0,PE,0.0,0.0,0.0,124.25,82.35,0,0.0,0
2014-11-10,2015-01-29,OPTSTK,ABIRLANUVO,1750.0,PE,0.0,0.0,0.0,153.3,106.3,0,0.0,0
2014-11-10,2015-01-29,OPTSTK,ABIRLANUVO,1800.0,PE,0.0,0.0,0.0,185.45,133.75,0,0.0,0
2014-11-10,2015-01-29,OPTSTK,ABIRLANUVO,1850.0,PE,0.0,0.0,0.0,220.35,164.5,0,0.0,0
2014-11-10,2015-01-29,OPTSTK,ABIRLANUVO,1900.0,PE,0.0,0.0,0.0,257.85,198.3,0,0.0,0
2014-11-10,2015-01-29,OPTSTK,ABIRLANUVO,1950.0,PE,0.0,0.0,0.0,297.35,235.0,0,0.0,0
2014-11-10,2015-01-29,OPTSTK,ABIRLANUVO,2000.0,PE,0.0,0.0,0.0,338.75,273.9,0,0.0,0
2014-11-10,2015-01-29,OPTSTK,ABIRLANUVO,2050.0,PE,0.0,0.0,0.0,381.7,314.9,0,0.0,0
2014-11-10,2015-01-29,OPTSTK,ABIRLANUVO,2100.0,PE,0.0,0.0,0.0,425.9,357.65,0,0.0,0
2014-11-10,2014-11-27,OPTSTK,ACC,1000.0,CE,0.0,0.0,0.0,513.95,503.2,0,0.0,0
2014-11-10,2014-11-27,OPTSTK,ACC,1020.0,CE,0.0,0.0,0.0,394.85,483.3,0,0.0,0
2014-11-10,2014-11-27,OPTSTK,ACC,1040.0,CE,0.0,0.0,0.0,375.25,463.35,0,0.0,0
2014-11-10,2014-11-27,OPTSTK,ACC,1050.0,CE,0.0,0.0,0.0,465.25,453.4,0,0.0,0
2014-11-10,2014-11-27,OPTSTK,ACC,1060.0,CE,0.0,0.0,0.0,355.7,443.45,0,0.0,0
2014-11-10,2014-11-27,OPTSTK,ACC,1080.0,CE,0.0,0.0,0.0,336.2,423.55,0,0.0,0
2014-11-10,2014-11-27,OPTSTK,ACC,1100.0,CE,0.0,0.0,0.0,416.9,403.6,0,0.0,0
2014-11-10,2014-11-27,OPTSTK,ACC,1120.0,CE,0.0,0.0,0.0,297.65,383.7,0,0.0,0
2014-11-10,2014-11-27,OPTSTK,ACC,1140.0,CE,0.0,0.0,0.0,278.6,363.75,0,0.0,0
2014-11-10,2014-11-27,OPTSTK,ACC,1150.0,CE,0.0,0.0,0.0,369.25,353.8,0,0.0,0
2014-11-10,2014-11-27,OPTSTK,ACC,1160.0,CE,0.0,0.0,0.0,259.85,343.85,0,0.0,0
2014-11-10,2014-11-27,OPTSTK,ACC,1180.0,CE,0.0,0.0,0.0,241.35,323.95,0,0.0,0
2014-11-10,2014-11-27,OPTSTK,ACC,1200.0,CE,0.0,0.0,0.0,322.65,304.0,0,0.0,0
2014-11-10,2014-11-27,OPTSTK,ACC,1220.0,CE,0.0,0.0,0.0,205.6,284.1,0,0.0,0
2014-11-10,2014-11-27,OPTSTK,ACC,1240.0,CE,0.0,0.0,0.0,188.45,264.15,0,0.0,0
2014-11-10,2014-11-27,OPTSTK,ACC,1250.0,CE,0.0,0.0,0.0,277.8,254.2,0,0.0,0
2014-11-10,2014-11-27,OPTSTK,ACC,1260.0,CE,0.0,0.0,0.0,171.9,244.25,0,0.0,0
2014-11-10,2014-11-27,OPTSTK,ACC,1280.0,CE,0.0,0.0,0.0,156.05,224.35,0,0.0,0
2014-11-10,2014-11-27,OPTSTK,ACC,1300.0,CE,0.0,0.0,0.0,235.3,204.5,0,0.0,0
2014-11-10,2014-11-27,OPTSTK,ACC,1320.0,CE,0.0,0.0,0.0,126.55,184.75,0,0.0,0
2014-11-10,2014-11-27,OPTSTK,ACC,1340.0,CE,0.0,0.0,0.0,113.0,165.1,0,0.0,0
2014-11-10,2014-11-27,OPTSTK,ACC,1350.0,CE,0.0,0.0,0.0,195.9,155.4,0,0.0,0
2014-11-10,2014-11-27,OPTSTK,ACC,1360.0,CE,0.0,0.0,0.0,100.4,145.75,0,0.0,0
2014-11-10,2014-11-27,OPTSTK,ACC,1380.0,CE,0.0,0.0,0.0,88.7,126.8,0,0.0,0
2014-11-10,2014-11-27,OPTSTK,ACC,1400.0,CE,0.0,0.0,0.0,117.0,108.55,0,0.0,500
2014-11-10,2014-11-27,OPTSTK,ACC,1420.0,CE,0.0,0.0,0.0,68.0,91.2,0,0.0,0
2014-11-10,2014-11-27,OPTSTK,ACC,1440.0,CE,0.0,0.0,0.0,59.05,75.0,0,0.0,0
2014-11-10,2014-11-27,OPTSTK,ACC,1450.0,CE,0.0,0.0,0.0,81.05,67.5,0,0.0,1000
2014-11-10,2014-11-27,OPTSTK,ACC,1460.0,CE,0.0,0.0,0.0,40.0,60.3,0,0.0,500
2014-11-10,2014-11-27,OPTSTK,ACC,1480.0,CE,0.0,0.0,0.0,53.0,47.3,0,0.0,4500
2014-11-10,2014-11-27,OPTSTK,ACC,1500.0,CE,43.5,45.0,32.6,34.4,34.4,96,369.29,54500
2014-11-10,2014-11-27,OPTSTK,ACC,1520.0,CE,32.0,33.45,23.0,24.25,24.25,82,316.99,65250
2014-11-10,2014-11-27,OPTSTK,ACC,1540.0,CE,20.8,20.8,16.0,19.1,19.1,12,46.75,6750
2014-11-10,2014-11-27,OPTSTK,ACC,1550.0,CE,19.3,21.35,14.3,14.7,14.7,35,137.02,13500
2014-11-10,2014-11-27,OPTSTK,ACC,1560.0,CE,16.0,16.0,12.0,12.35,12.35,15,59.01,22250
2014-11-10,2014-11-27,OPTSTK,ACC,1580.0,CE,9.0,9.5,8.1,8.95,8.95,9,35.74,2500
2014-11-10,2014-11-27,OPTSTK,ACC,1600.0,CE,7.4,7.5,5.0,5.15,5.15,41,164.61,12000
2014-11-10,2014-11-27,OPTSTK,ACC,1620.0,CE,9.65,9.65,9.65,9.65,9.65,1,4.07,4500
2014-11-10,2014-11-27,OPTSTK,ACC,1640.0,CE,0.0,0.0,0.0,10.6,2.4,0,0.0,0
2014-11-10,2014-11-27,OPTSTK,ACC,1650.0,CE,0.0,0.0,0.0,44.0,1.9,0,0.0,0
2014-11-10,2014-11-27,OPTSTK,ACC,1660.0,CE,0.0,0.0,0.0,8.7,1.45,0,0.0,0
2014-11-10,2014-11-27,OPTSTK,ACC,1680.0,CE,0.0,0.0,0.0,7.05,0.85,0,0.0,0
2014-11-10,2014-11-27,OPTSTK,ACC,1700.0,CE,0.0,0.0,0.0,32.3,0.5,0,0.0,0
2014-11-10,2014-11-27,OPTSTK,ACC,1720.0,CE,0.0,0.0,0.0,4.6,0.3,0,0.0,0
2014-11-10,2014-11-27,OPTSTK,ACC,1740.0,CE,0.0,0.0,0.0,3.7,0.15,0,0.0,0
2014-11-10,2014-11-27,OPTSTK,ACC,1750.0,CE,0.0,0.0,0.0,23.2,0.1,0,0.0,0
2014-11-10,2014-11-27,OPTSTK,ACC,1760.0,CE,0.0,0.0,0.0,2.95,0.1,0,0.0,0
2014-11-10,2014-11-27,OPTSTK,ACC,1780.0,CE,0.0,0.0,0.0,2.35,0.05,0,0.0,0
2014-11-10,2014-11-27,OPTSTK,ACC,1800.0,CE,0.0,0.0,0.0,16.4,0.05,0,0.0,0
2014-11-10,2014-11-27,OPTSTK,ACC,1850.0,CE,0.0,0.0,0.0,11.45,0.0,0,0.0,0
2014-11-10,2014-11-27,OPTSTK,ACC,1000.0,PE,0.0,0.0,0.0,0.15,0.0,0,0.0,0
2014-11-10,2014-11-27,OPTSTK,ACC,1020.0,PE,0.0,0.0,0.0,0.15,0.0,0,0.0,0
2014-11-10,2014-11-27,OPTSTK,ACC,1040.0,PE,0.0,0.0,0.0,0.25,0.0,0,0.0,0
2014-11-10,2014-11-27,OPTSTK,ACC,1050.0,PE,0.0,0.0,0.0,0.4,0.0,0,0.0,0
2014-11-10,2014-11-27,OPTSTK,ACC,1060.0,PE,0.0,0.0,0.0,0.4,0.0,0,0.0,0
2014-11-10,2014-11-27,OPTSTK,ACC,1080.0,PE,0.0,0.0,0.0,0.65,0.0,0,0.0,0
2014-11-10,2014-11-27,OPTSTK,ACC,1100.0,PE,0.0,0.0,0.0,1.0,0.0,0,0.0,0
2014-11-10,2014-11-27,OPTSTK,ACC,1120.0,PE,0.0,0.0,0.0,1.45,0.0,0,0.0,0
2014-11-10,2014-11-27,OPTSTK,ACC,1140.0,PE,0.0,0.0,0.0,2.1,0.0,0,0.0,0
2014-11-10,2014-11-27,OPTSTK,ACC,1150.0,PE,0.0,0.0,0.0,2.25,0.0,0,0.0,0
2014-11-10,2014-11-27,OPTSTK,ACC,1160.0,PE,0.0,0.0,0.0,3.0,0.0,0,0.0,0
2014-11-10,2014-11-27,OPTSTK,ACC,1180.0,PE,0.0,0.0,0.0,4.25,0.0,0,0.0,0
2014-11-10,2014-11-27,OPTSTK,ACC,1200.0,PE,0.0,0.0,0.0,4.6,0.0,0,0.0,0
2014-11-10,2014-11-27,OPTSTK,ACC,1220.0,PE,0.0,0.0,0.0,7.85,0.0,0,0.0,0
2014-11-10,2014-11-27,OPTSTK,ACC,1240.0,PE,0.0,0.0,0.0,10.45,0.05,0,0.0,0
2014-11-10,2014-11-27,OPTSTK,ACC,1250.0,PE,0.0,0.0,0.0,8.7,0.05,0,0.0,0
2014-11-10,2014-11-27,OPTSTK,ACC,1260.0,PE,0.0,0.0,0.0,13.6,0.05,0,0.0,0
2014-11-10,2014-11-27,OPTSTK,ACC,1280.0,PE,0.0,0.0,0.0,12.8,0.05,0,0.0,250
2014-11-10,2014-11-27,OPTSTK,ACC,1300.0,PE,0.0,0.0,0.0,15.15,0.15,0,0.0,0
2014-11-10,2014-11-27,OPTSTK,ACC,1320.0,PE,0.0,0.0,0.0,27.3,0.25,0,0.0,0
2014-11-10,2014-11-27,OPTSTK,ACC,1340.0,PE,0.0,0.0,0.0,33.45,0.55,0,0.0,0
2014-11-10,2014-11-27,OPTSTK,ACC,1350.0,PE,0.0,0.0,0.0,24.65,0.8,0,0.0,0
2014-11-10,2014-11-27,OPTSTK,ACC,1360.0,PE,0.0,0.0,0.0,40.5,1.15,0,0.0,0
2014-11-10,2014-11-27,OPTSTK,ACC,1380.0,PE,0.0,0.0,0.0,48.5,2.15,0,0.0,0
2014-11-10,2014-11-27,OPTSTK,ACC,1400.0,PE,4.95,4.95,3.0,3.0,3.0,3,10.53,9000
2014-11-10,2014-11-27,OPTSTK,ACC,1420.0,PE,5.7,5.7,5.7,5.7,5.7,1,3.56,1250
2014-11-10,2014-11-27,OPTSTK,ACC,1440.0,PE,0.0,0.0,0.0,13.55,10.05,0,0.0,1000
2014-11-10,2014-11-27,OPTSTK,ACC,1450.0,PE,9.0,11.25,9.0,10.0,10.0,64,233.61,15500
2014-11-10,2014-11-27,OPTSTK,ACC,1460.0,PE,12.3,13.0,12.3,12.7,12.7,5,18.4,1250
2014-11-10,2014-11-27,OPTSTK,ACC,1480.0,PE,17.0,21.2,17.0,19.65,19.65,20,74.97,5500
2014-11-10,2014-11-27,OPTSTK,ACC,1500.0,PE,24.0,31.0,20.65,26.6,26.6,65,248.17,19500
2014-11-10,2014-11-27,OPTSTK,ACC,1520.0,PE,30.7,38.6,30.7,37.0,37.0,7,27.23,4250
2014-11-10,2014-11-27,OPTSTK,ACC,1540.0,PE,0.0,0.0,0.0,64.5,54.0,0,0.0,250
2014-11-10,2014-11-27,OPTSTK,ACC,1550.0,PE,0.0,0.0,0.0,130.0,60.9,0,0.0,0
2014-11-10,2014-11-27,OPTSTK,ACC,1560.0,PE,0.0,0.0,0.0,159.55,68.2,0,0.0,0
2014-11-10,2014-11-27,OPTSTK,ACC,1580.0,PE,0.0,0.0,0.0,175.55,83.75,0,0.0,0
2014-11-10,2014-11-27,OPTSTK,ACC,1600.0,PE,0.0,0.0,0.0,102.5,100.5,0,0.0,1000
2014-11-10,2014-11-27,OPTSTK,ACC,1620.0,PE,0.0,0.0,0.0,209.05,118.25,0,0.0,0
2014-11-10,2014-11-27,OPTSTK,ACC,1640.0,PE,0.0,0.0,0.0,226.45,136.7,0,0.0,0
2014-11-10,2014-11-27,OPTSTK,ACC,1650.0,PE,0.0,0.0,0.0,166.4,146.1,0,0.0,0
2014-11-10,2014-11-27,OPTSTK,ACC,1660.0,PE,0.0,0.0,0.0,244.2,155.65,0,0.0,0
2014-11-10,2014-11-27,OPTSTK,ACC,1680.0,PE,0.0,0.0,0.0,262.3,175.0,0,0.0,0
2014-11-10,2014-11-27,OPTSTK,ACC,1700.0,PE,0.0,0.0,0.0,203.6,194.55,0,0.0,0
2014-11-10,2014-11-27,OPTSTK,ACC,1720.0,PE,0.0,0.0,0.0,299.25,214.25,0,0.0,0
2014-11-10,2014-11-27,OPTSTK,ACC,1740.0,PE,0.0,0.0,0.0,318.0,234.05,0,0.0,0
2014-11-10,2014-11-27,OPTSTK,ACC,1750.0,PE,0.0,0.0,0.0,243.45,243.95,0,0.0,0
2014-11-10,2014-11-27,OPTSTK,ACC,1760.0,PE,0.0,0.0,0.0,336.95,253.9,0,0.0,0
2014-11-10,2014-11-27,OPTSTK,ACC,1780.0,PE,0.0,0.0,0.0,356.05,273.8,0,0.0,0
2014-11-10,2014-11-27,OPTSTK,ACC,1800.0,PE,0.0,0.0,0.0,285.6,293.7,0,0.0,0
2014-11-10,2014-11-27,OPTSTK,ACC,1850.0,PE,0.0,0.0,0.0,329.55,343.45,0,0.0,0
2014-11-10,2014-12-24,OPTSTK,ACC,1000.0,CE,0.0,0.0,0.0,421.25,509.75,0,0.0,0
2014-11-10,2014-12-24,OPTSTK,ACC,1020.0,CE,0.0,0.0,0.0,401.9,489.95,0,0.0,0
2014-11-10,2014-12-24,OPTSTK,ACC,1040.0,CE,0.0,0.0,0.0,382.6,470.15,0,0.0,0
2014-11-10,2014-12-24,OPTSTK,ACC,1060.0,CE,0.0,0.0,0.0,363.4,450.35,0,0.0,0
2014-11-10,2014-12-24,OPTSTK,ACC,1080.0,CE,0.0,0.0,0.0,344.4,430.6,0,0.0,0
2014-11-10,2014-12-24,OPTSTK,ACC,1100.0,CE,0.0,0.0,0.0,325.5,410.8,0,0.0,0
2014-11-10,2014-12-24,OPTSTK,ACC,1120.0,CE,0.0,0.0,0.0,306.9,391.0,0,0.0,0
2014-11-10,2014-12-24,OPTSTK,ACC,1140.0,CE,0.0,0.0,0.0,288.5,371.25,0,0.0,0
2014-11-10,2014-12-24,OPTSTK,ACC,1160.0,CE,0.0,0.0,0.0,270.45,351.45,0,0.0,0
2014-11-10,2014-12-24,OPTSTK,ACC,1180.0,CE,0.0,0.0,0.0,252.7,331.7,0,0.0,0
2014-11-10,2014-12-24,OPTSTK,ACC,1200.0,CE,0.0,0.0,0.0,235.45,312.0,0,0.0,0
2014-11-10,2014-12-24,OPTSTK,ACC,1220.0,CE,0.0,0.0,0.0,218.6,292.35,0,0.0,0
2014-11-10,2014-12-24,OPTSTK,ACC,1240.0,CE,0.0,0.0,0.0,202.3,272.8,0,0.0,0
2014-11-10,2014-12-24,OPTSTK,ACC,1260.0,CE,0.0,0.0,0.0,186.55,253.4,0,0.0,0
2014-11-10,2014-12-24,OPTSTK,ACC,1280.0,CE,0.0,0.0,0.0,171.45,234.15,0,0.0,0
2014-11-10,2014-12-24,OPTSTK,ACC,1300.0,CE,0.0,0.0,0.0,157.05,215.2,0,0.0,0
2014-11-10,2014-12-24,OPTSTK,ACC,1320.0,CE,0.0,0.0,0.0,143.2,196.55,0,0.0,0
2014-11-10,2014-12-24,OPTSTK,ACC,1340.0,CE,0.0,0.0,0.0,130.15,178.35,0,0.0,0
2014-11-10,2014-12-24,OPTSTK,ACC,1360.0,CE,0.0,0.0,0.0,117.9,160.75,0,0.0,0
2014-11-10,2014-12-24,OPTSTK,ACC,1380.0,CE,0.0,0.0,0.0,106.35,143.75,0,0.0,0
2014-11-10,2014-12-24,OPTSTK,ACC,1400.0,CE,0.0,0.0,0.0,95.6,127.55,0,0.0,0
2014-11-10,2014-12-24,OPTSTK,ACC,1420.0,CE,0.0,0.0,0.0,85.65,112.2,0,0.0,0
2014-11-10,2014-12-24,OPTSTK,ACC,1440.0,CE,0.0,0.0,0.0,76.4,97.85,0,0.0,0
2014-11-10,2014-12-24,OPTSTK,ACC,1460.0,CE,0.0,0.0,0.0,67.9,84.6,0,0.0,0
2014-11-10,2014-12-24,OPTSTK,ACC,1480.0,CE,0.0,0.0,0.0,60.15,72.45,0,0.0,0
2014-11-10,2014-12-24,OPTSTK,ACC,1500.0,CE,0.0,0.0,0.0,53.1,61.45,0,0.0,0
2014-11-10,2014-12-24,OPTSTK,ACC,1520.0,CE,0.0,0.0,0.0,46.7,51.6,0,0.0,0
2014-11-10,2014-12-24,OPTSTK,ACC,1540.0,CE,0.0,0.0,0.0,40.9,42.9,0,0.0,0
2014-11-10,2014-12-24,OPTSTK,ACC,1560.0,CE,0.0,0.0,0.0,35.8,35.3,0,0.0,0
2014-11-10,2014-12-24,OPTSTK,ACC,1580.0,CE,0.0,0.0,0.0,31.15,28.8,0,0.0,0
2014-11-10,2014-12-24,OPTSTK,ACC,1600.0,CE,0.0,0.0,0.0,27.0,23.25,0,0.0,0
2014-11-10,2014-12-24,OPTSTK,ACC,1620.0,CE,0.0,0.0,0.0,23.35,18.6,0,0.0,0
2014-11-10,2014-12-24,OPTSTK,ACC,1640.0,CE,0.0,0.0,0.0,20.1,14.7,0,0.0,0
2014-11-10,2014-12-24,OPTSTK,ACC,1660.0,CE,0.0,0.0,0.0,17.25,11.5,0,0.0,0
2014-11-10,2014-12-24,OPTSTK,ACC,1680.0,CE,0.0,0.0,0.0,14.8,8.95,0,0.0,0
2014-11-10,2014-12-24,OPTSTK,ACC,1700.0,CE,0.0,0.0,0.0,12.65,6.85,0,0.0,0
2014-11-10,2014-12-24,OPTSTK,ACC,1720.0,CE,0.0,0.0,0.0,10.75,5.2,0,0.0,0
2014-11-10,2014-12-24,OPTSTK,ACC,1740.0,CE,0.0,0.0,0.0,9.1,3.95,0,0.0,0
2014-11-10,2014-12-24,OPTSTK,ACC,1760.0,CE,0.0,0.0,0.0,7.7,2.95,0,0.0,0
2014-11-10,2014-12-24,OPTSTK,ACC,1780.0,CE,0.0,0.0,0.0,6.5,2.2,0,0.0,0
2014-11-10,2014-12-24,OPTSTK,ACC,1800.0,CE,0.0,0.0,0.0,5.5,1.6,0,0.0,0
2014-11-10,2014-12-24,OPTSTK,ACC,1000.0,PE,0.0,0.0,0.0,0.4,0.0,0,0.0,0
2014-11-10,2014-12-24,OPTSTK,ACC,1020.0,PE,0.0,0.0,0.0,0.6,0.0,0,0.0,0
2014-11-10,2014-12-24,OPTSTK,ACC,1040.0,PE,0.0,0.0,0.0,0.85,0.0,0,0.0,0
2014-11-10,2014-12-24,OPTSTK,ACC,1060.0,PE,0.0,0.0,0.0,1.25,0.0,0,0.0,0
2014-11-10,2014-12-24,OPTSTK,ACC,1080.0,PE,0.0,0.0,0.0,1.8,0.0,0,0.0,0
2014-11-10,2014-12-24,OPTSTK,ACC,1100.0,PE,0.0,0.0,0.0,2.5,0.05,0,0.0,0
2014-11-10,2014-12-24,OPTSTK,ACC,1120.0,PE,0.0,0.0,0.0,3.4,0.05,0,0.0,0
2014-11-10,2014-12-24,OPTSTK,ACC,1140.0,PE,0.0,0.0,0.0,4.6,0.05,0,0.0,0
2014-11-10,2014-12-24,OPTSTK,ACC,1160.0,PE,0.0,0.0,0.0,6.1,0.05,0,0.0,0
2014-11-10,2014-12-24,OPTSTK,ACC,1180.0,PE,0.0,0.0,0.0,7.95,0.1,0,0.0,0
2014-11-10,2014-12-24,OPTSTK,ACC,1200.0,PE,0.0,0.0,0.0,10.2,0.2,0,0.0,0
2014-11-10,2014-12-24,OPTSTK,ACC,1220.0,PE,0.0,0.0,0.0,12.95,0.35,0,0.0,0
2014-11-10,2014-12-24,OPTSTK,ACC,1240.0,PE,0.0,0.0,0.0,16.2,0.6,0,0.0,0
2014-11-10,2014-12-24,OPTSTK,ACC,1260.0,PE,0.0,0.0,0.0,20.05,0.95,0,0.0,0
2014-11-10,2014-12-24,OPTSTK,ACC,1280.0,PE,0.0,0.0,0.0,24.5,1.5,0,0.0,0
2014-11-10,2014-12-24,OPTSTK,ACC,1300.0,PE,0.0,0.0,0.0,29.65,2.3,0,0.0,0
2014-11-10,2014-12-24,OPTSTK,ACC,1320.0,PE,0.0,0.0,0.0,35.35,3.5,0,0.0,0
2014-11-10,2014-12-24,OPTSTK,ACC,1340.0,PE,0.0,0.0,0.0,41.9,5.1,0,0.0,0
2014-11-10,2014-12-24,OPTSTK,ACC,1360.0,PE,0.0,0.0,0.0,49.2,7.25,0,0.0,0
2014-11-10,2014-12-24,OPTSTK,ACC,1380.0,PE,0.0,0.0,0.0,57.25,10.05,0,0.0,0
2014-11-10,2014-12-24,OPTSTK,ACC,1400.0,PE,0.0,0.0,0.0,66.05,13.65,0,0.0,0
2014-11-10,2014-12-24,OPTSTK,ACC,1420.0,PE,0.0,0.0,0.0,75.6,18.1,0,0.0,0
2014-11-10,2014-12-24,OPTSTK,ACC,1440.0,PE,0.0,0.0,0.0,85.95,23.55,0,0.0,0
2014-11-10,2014-12-24,OPTSTK,ACC,1460.0,PE,0.0,0.0,0.0,97.05,30.05,0,0.0,0
2014-11-10,2014-12-24,OPTSTK,ACC,1480.0,PE,0.0,0.0,0.0,108.85,37.7,0,0.0,0
2014-11-10,2014-12-24,OPTSTK,ACC,1500.0,PE,0.0,0.0,0.0,121.35,46.5,0,0.0,0
2014-11-10,2014-12-24,OPTSTK,ACC,1520.0,PE,0.0,0.0,0.0,134.5,56.45,0,0.0,0
2014-11-10,2014-12-24,OPTSTK,ACC,1540.0,PE,0.0,0.0,0.0,148.3,67.55,0,0.0,0
2014-11-10,2014-12-24,OPTSTK,ACC,1560.0,PE,0.0,0.0,0.0,162.7,79.75,0,0.0,0
2014-11-10,2014-12-24,OPTSTK,ACC,1580.0,PE,0.0,0.0,0.0,177.65,93.0,0,0.0,0
2014-11-10,2014-12-24,OPTSTK,ACC,1600.0,PE,0.0,0.0,0.0,193.05,107.25,0,0.0,0
2014-11-10,2014-12-24,OPTSTK,ACC,1620.0,PE,0.0,0.0,0.0,208.95,122.35,0,0.0,0
2014-11-10,2014-12-24,OPTSTK,ACC,1640.0,PE,0.0,0.0,0.0,225.3,138.3,0,0.0,0
2014-11-10,2014-12-24,OPTSTK,ACC,1660.0,PE,0.0,0.0,0.0,242.05,154.9,0,0.0,0
2014-11-10,2014-12-24,OPTSTK,ACC,1680.0,PE,0.0,0.0,0.0,259.1,172.1,0,0.0,0
2014-11-10,2014-12-24,OPTSTK,ACC,1700.0,PE,0.0,0.0,0.0,276.5,189.8,0,0.0,0
2014-11-10,2014-12-24,OPTSTK,ACC,1720.0,PE,0.0,0.0,0.0,294.2,207.95,0,0.0,0
2014-11-10,2014-12-24,OPTSTK,ACC,1740.0,PE,0.0,0.0,0.0,312.15,226.45,0,0.0,0
2014-11-10,2014-12-24,OPTSTK,ACC,1760.0,PE,0.0,0.0,0.0,330.3,245.25,0,0.0,0
2014-11-10,2014-12-24,OPTSTK,ACC,1780.0,PE,0.0,0.0,0.0,348.65,264.3,0,0.0,0
2014-11-10,2014-12-24,OPTSTK,ACC,1800.0,PE,0.0,0.0,0.0,367.2,283.5,0,0.0,0
2014-11-10,2015-01-29,OPTSTK,ACC,1100.0,CE,0.0,0.0,0.0,421.4,420.3,0,0.0,0
2014-11-10,2015-01-29,OPTSTK,ACC,1120.0,CE,0.0,0.0,0.0,402.1,400.75,0,0.0,0
2014-11-10,2015-01-29,OPTSTK,ACC,1140.0,CE,0.0,0.0,0.0,382.95,381.3,0,0.0,0
2014-11-10,2015-01-29,OPTSTK,ACC,1160.0,CE,0.0,0.0,0.0,363.95,361.9,0,0.0,0
2014-11-10,2015-01-29,OPTSTK,ACC,1180.0,CE,0.0,0.0,0.0,345.1,342.6,0,0.0,0
2014-11-10,2015-01-29,OPTSTK,ACC,1200.0,CE,0.0,0.0,0.0,326.45,323.4,0,0.0,0
2014-11-10,2015-01-29,OPTSTK,ACC,1220.0,CE,0.0,0.0,0.0,308.05,304.4,0,0.0,0
2014-11-10,2015-01-29,OPTSTK,ACC,1240.0,CE,0.0,0.0,0.0,289.95,285.65,0,0.0,0
2014-11-10,2015-01-29,OPTSTK,ACC,1260.0,CE,0.0,0.0,0.0,272.15,267.1,0,0.0,0
2014-11-10,2015-01-29,OPTSTK,ACC,1280.0,CE,0.0,0.0,0.0,254.75,248.9,0,0.0,0
2014-11-10,2015-01-29,OPTSTK,ACC,1300.0,CE,0.0,0.0,0.0,237.75,231.1,0,0.0,0
2014-11-10,2015-01-29,OPTSTK,ACC,1320.0,CE,0.0,0.0,0.0,221.25,213.7,0,0.0,0
2014-11-10,2015-01-29,OPTSTK,ACC,1340.0,CE,0.0,0.0,0.0,205.3,196.8,0,0.0,0
2014-11-10,2015-01-29,OPTSTK,ACC,1360.0,CE,0.0,0.0,0.0,189.9,180.5,0,0.0,0
2014-11-10,2015-01-29,OPTSTK,ACC,1380.0,CE,0.0,0.0,0.0,175.1,164.85,0,0.0,0
2014-11-10,2015-01-29,OPTSTK,ACC,1400.0,CE,0.0,0.0,0.0,160.9,149.9,0,0.0,0
2014-11-10,2015-01-29,OPTSTK,ACC,1420.0,CE,0.0,0.0,0.0,147.35,135.6,0,0.0,0
2014-11-10,2015-01-29,OPTSTK,ACC,1440.0,CE,0.0,0.0,0.0,134.55,122.1,0,0.0,0
2014-11-10,2015-01-29,OPTSTK,ACC,1460.0,CE,0.0,0.0,0.0,122.45,109.45,0,0.0,0
2014-11-10,2015-01-29,OPTSTK,ACC,1480.0,CE,0.0,0.0,0.0,111.05,97.6,0,0.0,0
2014-11-10,2015-01-29,OPTSTK,ACC,1500.0,CE,0.0,0.0,0.0,100.4,86.65,0,0.0,0
2014-11-10,2015-01-29,OPTSTK,ACC,1520.0,CE,0.0,0.0,0.0,90.45,76.55,0,0.0,0
2014-11-10,2015-01-29,OPTSTK,ACC,1540.0,CE,0.0,0.0,0.0,81.2,67.3,0,0.0,0
2014-11-10,2015-01-29,OPTSTK,ACC,1560.0,CE,0.0,0.0,0.0,72.7,58.85,0,0.0,0
2014-11-10,2015-01-29,OPTSTK,ACC,1580.0,CE,0.0,0.0,0.0,64.85,51.2,0,0.0,0
2014-11-10,2015-01-29,OPTSTK,ACC,1600.0,CE,0.0,0.0,0.0,57.7,44.35,0,0.0,0
2014-11-10,2015-01-29,OPTSTK,ACC,1620.0,CE,0.0,0.0,0.0,51.1,38.25,0,0.0,0
2014-11-10,2015-01-29,OPTSTK,ACC,1640.0,CE,0.0,0.0,0.0,45.15,32.8,0,0.0,0
2014-11-10,2015-01-29,OPTSTK,ACC,1660.0,CE,0.0,0.0,0.0,39.8,28.1,0,0.0,0
2014-11-10,2015-01-29,OPTSTK,ACC,1680.0,CE,0.0,0.0,0.0,35.0,23.85,0,0.0,0
2014-11-10,2015-01-29,OPTSTK,ACC,1700.0,CE,0.0,0.0,0.0,30.7,20.15,0,0.0,0
2014-11-10,2015-01-29,OPTSTK,ACC,1720.0,CE,0.0,0.0,0.0,26.75,17.0,0,0.0,0
2014-11-10,2015-01-29,OPTSTK,ACC,1740.0,CE,0.0,0.0,0.0,23.25,14.25,0,0.0,0
2014-11-10,2015-01-29,OPTSTK,ACC,1760.0,CE,0.0,0.0,0.0,20.2,11.9,0,0.0,0
2014-11-10,2015-01-29,OPTSTK,ACC,1780.0,CE,0.0,0.0,0.0,17.5,9.85,0,0.0,0
2014-11-10,2015-01-29,OPTSTK,ACC,1800.0,CE,0.0,0.0,0.0,15.1,8.15,0,0.0,0
2014-11-10,2015-01-29,OPTSTK,ACC,1100.0,PE,0.0,0.0,0.0,0.7,0.2,0,0.0,0
2014-11-10,2015-01-29,OPTSTK,ACC,1120.0,PE,0.0,0.0,0.0,1.0,0.3,0,0.0,0
2014-11-10,2015-01-29,OPTSTK,ACC,1140.0,PE,0.0,0.0,0.0,1.4,0.45,0,0.0,0
2014-11-10,2015-01-29,OPTSTK,ACC,1160.0,PE,0.0,0.0,0.0,1.95,0.65,0,0.0,0
2014-11-10,2015-01-29,OPTSTK,ACC,1180.0,PE,0.0,0.0,0.0,2.7,1.0,0,0.0,0
2014-11-10,2015-01-29,OPTSTK,ACC,1200.0,PE,0.0,0.0,0.0,3.6,1.45,0,0.0,0
2014-11-10,2015-01-29,OPTSTK,ACC,1220.0,PE,0.0,0.0,0.0,4.75,2.05,0,0.0,0
2014-11-10,2015-01-29,OPTSTK,ACC,1240.0,PE,0.0,0.0,0.0,6.2,2.9,0,0.0,0
2014-11-10,2015-01-29,OPTSTK,ACC,1260.0,PE,0.0,0.0,0.0,8.0,4.0,0,0.0,0
2014-11-10,2015-01-29,OPTSTK,ACC,1280.0,PE,0.0,0.0,0.0,10.15,5.4,0,0.0,0
2014-11-10,2015-01-29,OPTSTK,ACC,1300.0,PE,0.0,0.0,0.0,12.75,7.2,0,0.0,0
2014-11-10,2015-01-29,OPTSTK,ACC,1320.0,PE,0.0,0.0,0.0,15.85,9.45,0,0.0,0
2014-11-10,2015-01-29,OPTSTK,ACC,1340.0,PE,0.0,0.0,0.0,19.45,12.15,0,0.0,0
2014-11-10,2015-01-29,OPTSTK,ACC,1360.0,PE,0.0,0.0,0.0,23.6,15.5,0,0.0,0
2014-11-10,2015-01-29,OPTSTK,ACC,1380.0,PE,0.0,0.0,0.0,28.4,19.4,0,0.0,0
2014-11-10,2015-01-29,OPTSTK,ACC,1400.0,PE,0.0,0.0,0.0,33.75,24.1,0,0.0,0
2014-11-10,2015-01-29,OPTSTK,ACC,1420.0,PE,0.0,0.0,0.0,39.75,29.45,0,0.0,0
2014-11-10,2015-01-29,OPTSTK,ACC,1440.0,PE,0.0,0.0,0.0,46.5,35.55,0,0.0,0
2014-11-10,2015-01-29,OPTSTK,ACC,1460.0,PE,0.0,0.0,0.0,54.0,42.5,0,0.0,0
2014-11-10,2015-01-29,OPTSTK,ACC,1480.0,PE,0.0,0.0,0.0,62.15,50.3,0,0.0,0
2014-11-10,2015-01-29,OPTSTK,ACC,1500.0,PE,0.0,0.0,0.0,71.05,58.95,0,0.0,0
2014-11-10,2015-01-29,OPTSTK,ACC,1520.0,PE,0.0,0.0,0.0,80.7,68.5,0,0.0,0
2014-11-10,2015-01-29,OPTSTK,ACC,1540.0,PE,0.0,0.0,0.0,91.05,78.85,0,0.0,0
2014-11-10,2015-01-29,OPTSTK,ACC,1560.0,PE,0.0,0.0,0.0,102.1,90.05,0,0.0,0
2014-11-10,2015-01-29,OPTSTK,ACC,1580.0,PE,0.0,0.0,0.0,113.8,102.0,0,0.0,0
2014-11-10,2015-01-29,OPTSTK,ACC,1600.0,PE,0.0,0.0,0.0,126.2,114.8,0,0.0,0
2014-11-10,2015-01-29,OPTSTK,ACC,1620.0,PE,0.0,0.0,0.0,139.2,128.3,0,0.0,0
2014-11-10,2015-01-29,OPTSTK,ACC,1640.0,PE,0.0,0.0,0.0,152.85,142.45,0,0.0,0
2014-11-10,2015-01-29,OPTSTK,ACC,1660.0,PE,0.0,0.0,0.0,167.0,157.4,0,0.0,0
2014-11-10,2015-01-29,OPTSTK,ACC,1680.0,PE,0.0,0.0,0.0,181.8,172.75,0,0.0,0
2014-11-10,2015-01-29,OPTSTK,ACC,1700.0,PE,0.0,0.0,0.0,197.05,188.7,0,0.0,0
2014-11-10,2015-01-29,OPTSTK,ACC,1720.0,PE,0.0,0.0,0.0,212.65,205.15,0,0.0,0
2014-11-10,2015-01-29,OPTSTK,ACC,1740.0,PE,0.0,0.0,0.0,228.8,222.0,0,0.0,0
2014-11-10,2015-01-29,OPTSTK,ACC,1760.0,PE,0.0,0.0,0.0,245.25,239.25,0,0.0,0
2014-11-10,2015-01-29,OPTSTK,ACC,1780.0,PE,0.0,0.0,0.0,262.1,256.9,0,0.0,0
2014-11-10,2015-01-29,OPTSTK,ACC,1800.0,PE,0.0,0.0,0.0,279.3,274.8,0,0.0,0
2014-11-10,2014-11-27,OPTSTK,ADANIENT,320.0,CE,0.0,0.0,0.0,150.0,149.9,0,0.0,4000
2014-11-10,2014-11-27,OPTSTK,ADANIENT,340.0,CE,0.0,0.0,0.0,147.4,129.95,0,0.0,0
2014-11-10,2014-11-27,OPTSTK,ADANIENT,360.0,CE,0.0,0.0,0.0,129.1,110.05,0,0.0,0
2014-11-10,2014-11-27,OPTSTK,ADANIENT,380.0,CE,0.0,0.0,0.0,111.6,90.15,0,0.0,0
2014-11-10,2014-11-27,OPTSTK,ADANIENT,400.0,CE,0.0,0.0,0.0,89.8,70.3,0,0.0,500
2014-11-10,2014-11-27,OPTSTK,ADANIENT,420.0,CE,0.0,0.0,0.0,64.3,50.9,0,0.0,1000
2014-11-10,2014-11-27,OPTSTK,ADANIENT,440.0,CE,0.0,0.0,0.0,55.65,33.05,0,0.0,5000
2014-11-10,2014-11-27,OPTSTK,ADANIENT,460.0,CE,22.5,25.65,21.45,22.3,22.3,20,48.33,25500
2014-11-10,2014-11-27,OPTSTK,ADANIENT,480.0,CE,16.65,18.0,12.25,13.05,13.05,187,462.1,93500
2014-11-10,2014-11-27,OPTSTK,ADANIENT,500.0,CE,9.4,10.6,6.9,7.2,7.2,255,648.47,247500
2014-11-10,2014-11-27,OPTSTK,ADANIENT,520.0,CE,5.25,5.5,3.55,3.95,3.95,53,138.93,68500
2014-11-10,2014-11-27,OPTSTK,ADANIENT,540.0,CE,2.6,2.65,2.05,2.05,2.05,9,24.4,41500
2014-11-10,2014-11-27,OPTSTK,ADANIENT,560.0,CE,1.3,1.3,1.15,1.15,1.15,11,30.86,12500
2014-11-10,2014-11-27,OPTSTK,ADANIENT,580.0,CE,0.0,0.0,0.0,0.85,0.05,0,0.0,3000
2014-11-10,2014-11-27,OPTSTK,ADANIENT,600.0,CE,0.0,0.0,0.0,9.25,0.0,0,0.0,0
2014-11-10,2014-11-27,OPTSTK,ADANIENT,620.0,CE,0.0,0.0,0.0,6.9,0.0,0,0.0,0
2014-11-10,2014-11-27,OPTSTK,ADANIENT,320.0,PE,0.0,0.0,0.0,0.6,0.0,0,0.0,0
2014-11-10,2014-11-27,OPTSTK,ADANIENT,340.0,PE,0.0,0.0,0.0,1.3,0.0,0,0.0,0
2014-11-10,2014-11-27,OPTSTK,ADANIENT,360.0,PE,0.0,0.0,0.0,2.55,0.0,0,0.0,0
2014-11-10,2014-11-27,OPTSTK,ADANIENT,380.0,PE,0.0,0.0,0.0,4.6,0.05,0,0.0,0
2014-11-10,2014-11-27,OPTSTK,ADANIENT,400.0,PE,0.9,1.0,0.9,1.0,1.0,3,6.01,19500
2014-11-10,2014-11-27,OPTSTK,ADANIENT,420.0,PE,1.8,2.65,1.8,2.3,2.3,22,46.44,33000
2014-11-10,2014-11-27,OPTSTK,ADANIENT,440.0,PE,4.1,5.95,4.1,5.95,5.95,52,115.68,35500
2014-11-10,2014-11-27,OPTSTK,ADANIENT,460.0,PE,9.65,12.9,9.65,11.9,11.9,74,174.42,48000
2014-11-10,2014-11-27,OPTSTK,ADANIENT,480.0,PE,19.85,23.7,19.45,22.45,22.45,71,178.06,58000
2014-11-10,2014-11-27,OPTSTK,ADANIENT,500.0,PE,34.75,35.1,34.75,35.1,35.1,5,13.37,13000
2014-11-10,2014-11-27,OPTSTK,ADANIENT,520.0,PE,0.0,0.0,0.0,60.85,50.45,0,0.0,2000
2014-11-10,2014-11-27,OPTSTK,ADANIENT,540.0,PE,0.0,0.0,0.0,64.0,69.55,0,0.0,4000
2014-11-10,2014-11-27,OPTSTK,ADANIENT,560.0,PE,0.0,0.0,0.0,85.45,89.25,0,0.0,0
2014-11-10,2014-11-27,OPTSTK,ADANIENT,580.0,PE,0.0,0.0,0.0,101.1,109.15,0,0.0,0
2014-11-10,2014-11-27,OPTSTK,ADANIENT,600.0,PE,0.0,0.0,0.0,117.6,129.05,0,0.0,0
2014-11-10,2014-11-27,OPTSTK,ADANIENT,620.0,PE,0.0,0.0,0.0,134.85,148.95,0,0.0,0
2014-11-10,2014-12-24,OPTSTK,ADANIENT,320.0,CE,0.0,0.0,0.0,158.6,151.95,0,0.0,0
2014-11-10,2014-12-24,OPTSTK,ADANIENT,340.0,CE,0.0,0.0,0.0,139.45,132.2,0,0.0,0
2014-11-10,2014-12-24,OPTSTK,ADANIENT,360.0,CE,0.0,0.0,0.0,120.85,112.5,0,0.0,0
2014-11-10,2014-12-24,OPTSTK,ADANIENT,380.0,CE,0.0,0.0,0.0,102.95,93.0,0,0.0,0
2014-11-10,2014-12-24,OPTSTK,ADANIENT,400.0,CE,0.0,0.0,0.0,86.15,74.1,0,0.0,0
2014-11-10,2014-12-24,OPTSTK,ADANIENT,420.0,CE,0.0,0.0,0.0,70.75,56.4,0,0.0,0
2014-11-10,2014-12-24,OPTSTK,ADANIENT,440.0,CE,0.0,0.0,0.0,56.95,40.7,0,0.0,0
2014-11-10,2014-12-24,OPTSTK,ADANIENT,460.0,CE,0.0,0.0,0.0,44.95,27.65,0,0.0,0
2014-11-10,2014-12-24,OPTSTK,ADANIENT,480.0,CE,0.0,0.0,0.0,34.8,17.65,0,0.0,0
2014-11-10,2014-12-24,OPTSTK,ADANIENT,500.0,CE,0.0,0.0,0.0,26.4,10.55,0,0.0,0
2014-11-10,2014-12-24,OPTSTK,ADANIENT,520.0,CE,0.0,0.0,0.0,19.7,5.95,0,0.0,0
2014-11-10,2014-12-24,OPTSTK,ADANIENT,540.0,CE,0.0,0.0,0.0,14.5,3.15,0,0.0,0
2014-11-10,2014-12-24,OPTSTK,ADANIENT,560.0,CE,0.0,0.0,0.0,10.45,1.55,0,0.0,0
2014-11-10,2014-12-24,OPTSTK,ADANIENT,580.0,CE,0.0,0.0,0.0,7.45,0.75,0,0.0,0
2014-11-10,2014-12-24,OPTSTK,ADANIENT,600.0,CE,0.0,0.0,0.0,5.2,0.35,0,0.0,0
2014-11-10,2014-12-24,OPTSTK,ADANIENT,620.0,CE,0.0,0.0,0.0,3.6,0.15,0,0.0,0
2014-11-10,2014-12-24,OPTSTK,ADANIENT,320.0,PE,0.0,0.0,0.0,0.3,0.0,0,0.0,0
2014-11-10,2014-12-24,OPTSTK,ADANIENT,340.0,PE,0.0,0.0,0.0,0.75,0.05,0,0.0,0
2014-11-10,2014-12-24,OPTSTK,ADANIENT,360.0,PE,0.0,0.0,0.0,1.7,0.1,0,0.0,0
2014-11-10,2014-12-24,OPTSTK,ADANIENT,380.0,PE,0.0,0.0,0.0,3.35,0.4,0,0.0,0
2014-11-10,2014-12-24,OPTSTK,ADANIENT,400.0,PE,0.0,0.0,0.0,6.15,1.3,0,0.0,0
2014-11-10,2014-12-24,OPTSTK,ADANIENT,420.0,PE,0.0,0.0,0.0,10.25,3.4,0,0.0,0
2014-11-10,2014-12-24,OPTSTK,ADANIENT,440.0,PE,0.0,0.0,0.0,16.05,7.5,0,0.0,0
2014-11-10,2014-12-24,OPTSTK,ADANIENT,460.0,PE,0.0,0.0,0.0,23.6,14.25,0,0.0,0
2014-11-10,2014-12-24,OPTSTK,ADANIENT,480.0,PE,0.0,0.0,0.0,33.0,24.0,0,0.0,0
2014-11-10,2014-12-24,OPTSTK,ADANIENT,500.0,PE,0.0,0.0,0.0,44.2,36.7,0,0.0,0
2014-11-10,2014-12-24,OPTSTK,ADANIENT,520.0,PE,0.0,0.0,0.0,57.05,51.9,0,0.0,0
2014-11-10,2014-12-24,OPTSTK,ADANIENT,540.0,PE,0.0,0.0,0.0,71.4,68.9,0,0.0,0
2014-11-10,2014-12-24,OPTSTK,ADANIENT,560.0,PE,0.0,0.0,0.0,86.95,87.1,0,0.0,0
2014-11-10,2014-12-24,OPTSTK,ADANIENT,580.0,PE,0.0,0.0,0.0,103.5,106.05,0,0.0,0
2014-11-10,2014-12-24,OPTSTK,ADANIENT,600.0,PE,0.0,0.0,0.0,120.8,125.45,0,0.0,0
2014-11-10,2014-12-24,OPTSTK,ADANIENT,620.0,PE,0.0,0.0,0.0,138.8,145.05,0,0.0,0
2014-11-10,2015-01-29,OPTSTK,ADANIENT,320.0,CE,0.0,0.0,0.0,157.75,154.75,0,0.0,0
2014-11-10,2015-01-29,OPTSTK,ADANIENT,340.0,CE,0.0,0.0,0.0,138.4,135.3,0,0.0,0
2014-11-10,2015-01-29,OPTSTK,ADANIENT,360.0,CE,0.0,0.0,0.0,119.4,116.1,0,0.0,0
2014-11-10,2015-01-29,OPTSTK,ADANIENT,380.0,CE,0.0,0.0,0.0,101.0,97.45,0,0.0,0
2014-11-10,2015-01-29,OPTSTK,ADANIENT,400.0,CE,0.0,0.0,0.0,83.6,79.8,0,0.0,0
2014-11-10,2015-01-29,OPTSTK,ADANIENT,420.0,CE,0.0,0.0,0.0,67.5,63.5,0,0.0,0
2014-11-10,2015-01-29,OPTSTK,ADANIENT,440.0,CE,0.0,0.0,0.0,53.15,49.0,0,0.0,0
2014-11-10,2015-01-29,OPTSTK,ADANIENT,460.0,CE,0.0,0.0,0.0,40.8,36.7,0,0.0,0
2014-11-10,2015-01-29,OPTSTK,ADANIENT,480.0,CE,0.0,0.0,0.0,30.5,26.6,0,0.0,0
2014-11-10,2015-01-29,OPTSTK,ADANIENT,500.0,CE,0.0,0.0,0.0,22.2,18.7,0,0.0,0
2014-11-10,2015-01-29,OPTSTK,ADANIENT,520.0,CE,0.0,0.0,0.0,15.8,12.75,0,0.0,0
2014-11-10,2015-01-29,OPTSTK,ADANIENT,540.0,CE,0.0,0.0,0.0,11.0,8.45,0,0.0,0
2014-11-10,2015-01-29,OPTSTK,ADANIENT,560.0,CE,0.0,0.0,0.0,7.45,5.45,0,0.0,0
2014-11-10,2015-01-29,OPTSTK,ADANIENT,580.0,CE,0.0,0.0,0.0,4.95,3.4,0,0.0,0
2014-11-10,2015-01-29,OPTSTK,ADANIENT,600.0,CE,0.0,0.0,0.0,3.25,2.1,0,0.0,0
2014-11-10,2015-01-29,OPTSTK,ADANIENT,620.0,CE,0.0,0.0,0.0,2.05,1.25,0,0.0,0
2014-11-10,2015-01-29,OPTSTK,ADANIENT,320.0,PE,0.0,0.0,0.0,0.15,0.1,0,0.0,0
2014-11-10,2015-01-29,OPTSTK,ADANIENT,340.0,PE,0.0,0.0,0.0,0.35,0.25,0,0.0,0
2014-11-10,2015-01-29,OPTSTK,ADANIENT,360.0,PE,0.0,0.0,0.0,0.9,0.65,0,0.0,0
2014-11-10,2015-01-29,OPTSTK,ADANIENT,380.0,PE,0.0,0.0,0.0,2.1,1.65,0,0.0,0
2014-11-10,2015-01-29,OPTSTK,ADANIENT,400.0,PE,0.0,0.0,0.0,4.25,3.6,0,0.0,0
2014-11-10,2015-01-29,OPTSTK,ADANIENT,420.0,PE,0.0,0.0,0.0,7.75,6.95,0,0.0,0
2014-11-10,2015-01-29,OPTSTK,ADANIENT,440.0,PE,0.0,0.0,0.0,13.0,12.1,0,0.0,0
2014-11-10,2015-01-29,OPTSTK,ADANIENT,460.0,PE,0.0,0.0,0.0,20.2,19.35,0,0.0,0
2014-11-10,2015-01-29,OPTSTK,ADANIENT,480.0,PE,0.0,0.0,0.0,29.45,28.9,0,0.0,0
2014-11-10,2015-01-29,OPTSTK,ADANIENT,500.0,PE,0.0,0.0,0.0,40.75,40.6,0,0.0,0
2014-11-10,2015-01-29,OPTSTK,ADANIENT,520.0,PE,0.0,0.0,0.0,53.85,54.3,0,0.0,0
2014-11-10,2015-01-29,OPTSTK,ADANIENT,540.0,PE,0.0,0.0,0.0,68.65,69.6,0,0.0,0
2014-11-10,2015-01-29,OPTSTK,ADANIENT,560.0,PE,0.0,0.0,0.0,84.65,86.25,0,0.0,0
2014-11-10,2015-01-29,OPTSTK,ADANIENT,580.0,PE,0.0,0.0,0.0,101.75,103.85,0,0.0,0
2014-11-10,2015-01-29,OPTSTK,ADANIENT,600.0,PE,0.0,0.0,0.0,119.6,122.15,0,0.0,0
2014-11-10,2015-01-29,OPTSTK,ADANIENT,620.0,PE,0.0,0.0,0.0,138.0,140.9,0,0.0,0
2014-11-10,2014-11-27,OPTSTK,ADANIPORTS,180.0,CE,0.0,0.0,0.0,107.1,111.45,0,0.0,0
2014-11-10,2014-11-27,OPTSTK,ADANIPORTS,190.0,CE,0.0,0.0,0.0,97.65,101.45,0,0.0,0
2014-11-10,2014-11-27,OPTSTK,ADANIPORTS,200.0,CE,0.0,0.0,0.0,88.45,91.5,0,0.0,0
2014-11-10,2014-11-27,OPTSTK,ADANIPORTS,210.0,CE,0.0,0.0,0.0,79.5,81.55,0,0.0,0
2014-11-10,2014-11-27,OPTSTK,ADANIPORTS,220.0,CE,0.0,0.0,0.0,70.95,71.6,0,0.0,0
2014-11-10,2014-11-27,OPTSTK,ADANIPORTS,230.0,CE,0.0,0.0,0.0,62.8,61.7,0,0.0,0
2014-11-10,2014-11-27,OPTSTK,ADANIPORTS,240.0,CE,0.0,0.0,0.0,55.2,51.9,0,0.0,0
2014-11-10,2014-11-27,OPTSTK,ADANIPORTS,250.0,CE,0.0,0.0,0.0,48.1,42.4,0,0.0,0
2014-11-10,2014-11-27,OPTSTK,ADANIPORTS,260.0,CE,32.0,33.4,32.0,33.4,33.4,4,11.7,0
2014-11-10,2014-11-27,OPTSTK,ADANIPORTS,270.0,CE,26.2,30.0,24.35,25.4,25.4,32,95.52,48000
2014-11-10,2014-11-27,OPTSTK,ADANIPORTS,280.0,CE,20.25,24.05,15.5,17.4,17.4,72,215.36,96000
2014-11-10,2014-11-27,OPTSTK,ADANIPORTS,290.0,CE,14.6,17.25,8.85,11.25,11.25,437,1322.45,112000
2014-11-10,2014-11-27,OPTSTK,ADANIPORTS,300.0,CE,10.0,11.5,6.0,6.95,6.95,1811,5592.01,409000
2014-11-10,2014-11-27,OPTSTK,ADANIPORTS,310.0,CE,5.6,7.2,3.5,4.1,4.1,658,2075.21,166000
2014-11-10,2014-11-27,OPTSTK,ADANIPORTS,320.0,CE,3.35,4.35,2.1,2.4,2.4,307,991.88,120000
2014-11-10,2014-11-27,OPTSTK,ADANIPORTS,330.0,CE,2.0,2.6,1.25,1.45,1.45,116,384.99,64000
2014-11-10,2014-11-27,OPTSTK,ADANIPORTS,340.0,CE,1.2,1.45,0.85,0.85,0.85,34,115.99,26000
2014-11-10,2014-11-27,OPTSTK,ADANIPORTS,350.0,CE,1.05,1.05,0.8,0.8,0.8,8,28.08,7000
2014-11-10,2014-11-27,OPTSTK,ADANIPORTS,180.0,PE,0.0,0.0,0.0,0.4,0.0,0,0.0,0
2014-11-10,2014-11-27,OPTSTK,ADANIPORTS,190.0,PE,0.0,0.0,0.0,0.8,0.0,0,0.0,0
2014-11-10,2014-11-27,OPTSTK,ADANIPORTS,200.0,PE,0.0,0.0,0.0,1.35,0.0,0,0.0,0
2014-11-10,2014-11-27,OPTSTK,ADANIPORTS,210.0,PE,0.0,0.0,0.0,2.2,0.0,0,0.0,0
2014-11-10,2014-11-27,OPTSTK,ADANIPORTS,220.0,PE,0.0,0.0,0.0,3.45,0.05,0,0.0,0
2014-11-10,2014-11-27,OPTSTK,ADANIPORTS,230.0,PE,2.0,2.0,0.2,0.2,0.2,2,4.62,1000
2014-11-10,2014-11-27,OPTSTK,ADANIPORTS,240.0,PE,0.5,0.5,0.5,0.5,0.5,1,2.4,9000
2014-11-10,2014-11-27,OPTSTK,ADANIPORTS,250.0,PE,0.9,0.9,0.45,0.6,0.6,5,12.53,65000
2014-11-10,2014-11-27,OPTSTK,ADANIPORTS,260.0,PE,1.4,1.8,0.75,1.3,1.3,120,313.38,94000
2014-11-10,2014-11-27,OPTSTK,ADANIPORTS,270.0,PE,2.85,3.75,1.45,2.45,2.45,198,539.4,100000
2014-11-10,2014-11-27,OPTSTK,ADANIPORTS,280.0,PE,5.1,6.5,2.75,4.75,4.75,305,867.43,113000
2014-11-10,2014-11-27,OPTSTK,ADANIPORTS,290.0,PE,8.0,11.15,5.25,8.6,8.6,377,1123.73,84000
2014-11-10,2014-11-27,OPTSTK,ADANIPORTS,300.0,PE,13.7,17.25,9.0,14.25,14.25,390,1215.21,62000
2014-11-10,2014-11-27,OPTSTK,ADANIPORTS,310.0,PE,21.8,22.8,15.45,17.2,17.2,7,22.96,4000
2014-11-10,2014-11-27,OPTSTK,ADANIPORTS,320.0,PE,29.0,29.0,29.0,29.0,29.0,2,6.98,2000
2014-11-10,2014-11-27,OPTSTK,ADANIPORTS,330.0,PE,38.45,38.45,38.45,38.45,38.45,2,7.36,2000
2014-11-10,2014-11-27,OPTSTK,ADANIPORTS,340.0,PE,47.6,47.6,47.6,47.6,47.6,2,7.75,2000
2014-11-10,2014-11-27,OPTSTK,ADANIPORTS,350.0,PE,0.0,0.0,0.0,68.05,58.4,0,0.0,0
2014-11-10,2014-12-24,OPTSTK,ADANIPORTS,180.0,CE,0.0,0.0,0.0,92.45,112.6,0,0.0,0
2014-11-10,2014-12-24,OPTSTK,ADANIPORTS,190.0,CE,0.0,0.0,0.0,83.15,102.75,0,0.0,0
2014-11-10,2014-12-24,OPTSTK,ADANIPORTS,200.0,CE,0.0,0.0,0.0,74.2,92.9,0,0.0,0
2014-11-10,2014-12-24,OPTSTK,ADANIPORTS,210.0,CE,0.0,0.0,0.0,65.6,83.2,0,0.0,0
2014-11-10,2014-12-24,OPTSTK,ADANIPORTS,220.0,CE,0.0,0.0,0.0,57.45,73.6,0,0.0,0
2014-11-10,2014-12-24,OPTSTK,ADANIPORTS,230.0,CE,0.0,0.0,0.0,49.9,64.3,0,0.0,0
2014-11-10,2014-12-24,OPTSTK,ADANIPORTS,240.0,CE,0.0,0.0,0.0,42.9,55.35,0,0.0,0
2014-11-10,2014-12-24,OPTSTK,ADANIPORTS,250.0,CE,0.0,0.0,0.0,36.55,46.95,0,0.0,0
2014-11-10,2014-12-24,OPTSTK,ADANIPORTS,260.0,CE,0.0,0.0,0.0,30.85,39.15,0,0.0,0
2014-11-10,2014-12-24,OPTSTK,ADANIPORTS,270.0,CE,0.0,0.0,0.0,25.85,32.1,0,0.0,0
2014-11-10,2014-12-24,OPTSTK,ADANIPORTS,280.0,CE,0.0,0.0,0.0,21.45,25.9,0,0.0,0
2014-11-10,2014-12-24,OPTSTK,ADANIPORTS,290.0,CE,0.0,0.0,0.0,17.65,20.5,0,0.0,0
2014-11-10,2014-12-24,OPTSTK,ADANIPORTS,300.0,CE,0.0,0.0,0.0,14.45,16.0,0,0.0,0
2014-11-10,2014-12-24,OPTSTK,ADANIPORTS,310.0,CE,0.0,0.0,0.0,11.75,12.25,0,0.0,0
2014-11-10,2014-12-24,OPTSTK,ADANIPORTS,320.0,CE,9.2,9.2,9.2,9.2,9.2,1,3.29,1000
2014-11-10,2014-12-24,OPTSTK,ADANIPORTS,330.0,CE,0.0,0.0,0.0,7.6,6.85,0,0.0,0
2014-11-10,2014-12-24,OPTSTK,ADANIPORTS,340.0,CE,0.0,0.0,0.0,6.05,5.05,0,0.0,0
2014-11-10,2014-12-24,OPTSTK,ADANIPORTS,350.0,CE,0.0,0.0,0.0,4.8,3.65,0,0.0,0
2014-11-10,2014-12-24,OPTSTK,ADANIPORTS,180.0,PE,0.0,0.0,0.0,0.6,0.05,0,0.0,0
2014-11-10,2014-12-24,OPTSTK,ADANIPORTS,190.0,PE,0.0,0.0,0.0,1.15,0.05,0,0.0,0
2014-11-10,2014-12-24,OPTSTK,ADANIPORTS,200.0,PE,0.0,0.0,0.0,1.95,0.15,0,0.0,0
2014-11-10,2014-12-24,OPTSTK,ADANIPORTS,210.0,PE,0.0,0.0,0.0,3.1,0.3,0,0.0,0
2014-11-10,2014-12-24,OPTSTK,ADANIPORTS,220.0,PE,0.0,0.0,0.0,4.75,0.6,0,0.0,0
2014-11-10,2014-12-24,OPTSTK,ADANIPORTS,230.0,PE,0.0,0.0,0.0,6.95,1.2,0,0.0,0
2014-11-10,2014-12-24,OPTSTK,ADANIPORTS,240.0,PE,0.0,0.0,0.0,9.75,2.15,0,0.0,0
2014-11-10,2014-12-24,OPTSTK,ADANIPORTS,250.0,PE,0.0,0.0,0.0,13.2,3.6,0,0.0,0
2014-11-10,2014-12-24,OPTSTK,ADANIPORTS,260.0,PE,0.0,0.0,0.0,17.3,5.75,0,0.0,0
2014-11-10,2014-12-24,OPTSTK,ADANIPORTS,270.0,PE,0.0,0.0,0.0,22.05,8.55,0,0.0,0
2014-11-10,2014-12-24,OPTSTK,ADANIPORTS,280.0,PE,0.0,0.0,0.0,27.45,12.25,0,0.0,0
2014-11-10,2014-12-24,OPTSTK,ADANIPORTS,290.0,PE,0.0,0.0,0.0,33.45,16.75,0,0.0,0
2014-11-10,2014-12-24,OPTSTK,ADANIPORTS,300.0,PE,0.0,0.0,0.0,40.0,22.15,0,0.0,0
2014-11-10,2014-12-24,OPTSTK,ADANIPORTS,310.0,PE,0.0,0.0,0.0,47.05,28.3,0,0.0,0
2014-11-10,2014-12-24,OPTSTK,ADANIPORTS,320.0,PE,0.0,0.0,0.0,54.6,35.2,0,0.0,0
2014-11-10,2014-12-24,OPTSTK,ADANIPORTS,330.0,PE,0.0,0.0,0.0,62.5,42.7,0,0.0,0
2014-11-10,2014-12-24,OPTSTK,ADANIPORTS,340.0,PE,0.0,0.0,0.0,70.75,50.75,0,0.0,0
2014-11-10,2014-12-24,OPTSTK,ADANIPORTS,350.0,PE,0.0,0.0,0.0,79.3,59.25,0,0.0,0
2014-11-10,2015-01-29,OPTSTK,ADANIPORTS,180.0,CE,0.0,0.0,0.0,96.35,114.3,0,0.0,0
2014-11-10,2015-01-29,OPTSTK,ADANIPORTS,190.0,CE,0.0,0.0,0.0,87.1,104.7,0,0.0,0
2014-11-10,2015-01-29,OPTSTK,ADANIPORTS,200.0,CE,0.0,0.0,0.0,78.1,95.25,0,0.0,0
2014-11-10,2015-01-29,OPTSTK,ADANIPORTS,210.0,CE,0.0,0.0,0.0,69.45,86.0,0,0.0,0
2014-11-10,2015-01-29,OPTSTK,ADANIPORTS,220.0,CE,0.0,0.0,0.0,61.25,77.0,0,0.0,0
2014-11-10,2015-01-29,OPTSTK,ADANIPORTS,230.0,CE,0.0,0.0,0.0,53.55,68.45,0,0.0,0
2014-11-10,2015-01-29,OPTSTK,ADANIPORTS,240.0,CE,0.0,0.0,0.0,46.45,60.3,0,0.0,0
2014-11-10,2015-01-29,OPTSTK,ADANIPORTS,250.0,CE,0.0,0.0,0.0,39.95,52.65,0,0.0,0
2014-11-10,2015-01-29,OPTSTK,ADANIPORTS,260.0,CE,0.0,0.0,0.0,34.1,45.6,0,0.0,0
2014-11-10,2015-01-29,OPTSTK,ADANIPORTS,270.0,CE,0.0,0.0,0.0,28.85,39.15,0,0.0,0
2014-11-10,2015-01-29,OPTSTK,ADANIPORTS,280.0,CE,0.0,0.0,0.0,24.25,33.3,0,0.0,0
2014-11-10,2015-01-29,OPTSTK,ADANIPORTS,290.0,CE,0.0,0.0,0.0,20.2,28.15,0,0.0,0
2014-11-10,2015-01-29,OPTSTK,ADANIPORTS,300.0,CE,0.0,0.0,0.0,16.75,23.55,0,0.0,0
2014-11-10,2015-01-29,OPTSTK,ADANIPORTS,310.0,CE,0.0,0.0,0.0,13.8,19.6,0,0.0,0
2014-11-10,2015-01-29,OPTSTK,ADANIPORTS,320.0,CE,0.0,0.0,0.0,11.3,16.2,0,0.0,0
2014-11-10,2015-01-29,OPTSTK,ADANIPORTS,330.0,CE,0.0,0.0,0.0,9.2,13.25,0,0.0,0
2014-11-10,2015-01-29,OPTSTK,ADANIPORTS,340.0,CE,0.0,0.0,0.0,7.45,10.85,0,0.0,0
2014-11-10,2015-01-29,OPTSTK,ADANIPORTS,350.0,CE,0.0,0.0,0.0,6.0,8.8,0,0.0,0
2014-11-10,2015-01-29,OPTSTK,ADANIPORTS,180.0,PE,0.0,0.0,0.0,0.65,0.2,0,0.0,0
2014-11-10,2015-01-29,OPTSTK,ADANIPORTS,190.0,PE,0.0,0.0,0.0,1.15,0.4,0,0.0,0
2014-11-10,2015-01-29,OPTSTK,ADANIPORTS,200.0,PE,0.0,0.0,0.0,1.9,0.75,0,0.0,0
2014-11-10,2015-01-29,OPTSTK,ADANIPORTS,210.0,PE,0.0,0.0,0.0,3.05,1.3,0,0.0,0
2014-11-10,2015-01-29,OPTSTK,ADANIPORTS,220.0,PE,0.0,0.0,0.0,4.65,2.15,0,0.0,0
2014-11-10,2015-01-29,OPTSTK,ADANIPORTS,230.0,PE,0.0,0.0,0.0,6.75,3.35,0,0.0,0
2014-11-10,2015-01-29,OPTSTK,ADANIPORTS,240.0,PE,0.0,0.0,0.0,9.45,5.05,0,0.0,0
2014-11-10,2015-01-29,OPTSTK,ADANIPORTS,250.0,PE,0.0,0.0,0.0,12.7,7.2,0,0.0,0
2014-11-10,2015-01-29,OPTSTK,ADANIPORTS,260.0,PE,0.0,0.0,0.0,16.6,9.95,0,0.0,0
2014-11-10,2015-01-29,OPTSTK,ADANIPORTS,270.0,PE,0.0,0.0,0.0,21.15,13.3,0,0.0,0
2014-11-10,2015-01-29,OPTSTK,ADANIPORTS,280.0,PE,0.0,0.0,0.0,26.35,17.3,0,0.0,0
2014-11-10,2015-01-29,OPTSTK,ADANIPORTS,290.0,PE,0.0,0.0,0.0,32.1,21.95,0,0.0,0
2014-11-10,2015-01-29,OPTSTK,ADANIPORTS,300.0,PE,0.0,0.0,0.0,38.4,27.2,0,0.0,0
2014-11-10,2015-01-29,OPTSTK,ADANIPORTS,310.0,PE,0.0,0.0,0.0,45.25,33.05,0,0.0,0
2014-11-10,2015-01-29,OPTSTK,ADANIPORTS,320.0,PE,0.0,0.0,0.0,52.55,39.4,0,0.0,0
2014-11-10,2015-01-29,OPTSTK,ADANIPORTS,330.0,PE,0.0,0.0,0.0,60.25,46.3,0,0.0,0
2014-11-10,2015-01-29,OPTSTK,ADANIPORTS,340.0,PE,0.0,0.0,0.0,68.25,53.7,0,0.0,0
2014-11-10,2015-01-29,OPTSTK,ADANIPORTS,350.0,PE,0.0,0.0,0.0,76.6,61.45,0,0.0,0
2014-11-10,2014-11-27,OPTSTK,ADANIPOWER,30.0,CE,0.0,0.0,0.0,18.0,16.6,0,0.0,0
2014-11-10,2014-11-27,OPTSTK,ADANIPOWER,32.5,CE,0.0,0.0,0.0,15.7,14.1,0,0.0,0
2014-11-10,2014-11-27,OPTSTK,ADANIPOWER,35.0,CE,0.0,0.0,0.0,13.25,11.6,0,0.0,0
2014-11-10,2014-11-27,OPTSTK,ADANIPOWER,37.5,CE,0.0,0.0,0.0,11.5,9.15,0,0.0,0
2014-11-10,2014-11-27,OPTSTK,ADANIPOWER,40.0,CE,0.0,0.0,0.0,6.45,6.85,0,0.0,16000
2014-11-10,2014-11-27,OPTSTK,ADANIPOWER,42.5,CE,0.0,0.0,0.0,2.75,4.75,0,0.0,8000
2014-11-10,2014-11-27,OPTSTK,ADANIPOWER,45.0,CE,3.7,4.25,2.3,2.6,2.6,28,107.92,528000
2014-11-10,2014-11-27,OPTSTK,ADANIPOWER,47.5,CE,2.25,2.65,1.05,1.2,1.2,359,1414.16,1032000
2014-11-10,2014-11-27,OPTSTK,ADANIPOWER,50.0,CE,1.2,1.45,0.5,0.6,0.6,757,3084.54,3584000
2014-11-10,2014-11-27,OPTSTK,ADANIPOWER,52.5,CE,0.75,0.75,0.2,0.3,0.3,138,585.12,1440000
2014-11-10,2014-11-27,OPTSTK,ADANIPOWER,55.0,CE,0.4,0.45,0.1,0.15,0.15,121,534.89,1256000
2014-11-10,2014-11-27,OPTSTK,ADANIPOWER,57.5,CE,0.2,0.2,0.1,0.1,0.1,43,198.36,224000
2014-11-10,2014-11-27,OPTSTK,ADANIPOWER,60.0,CE,0.15,0.15,0.05,0.05,0.05,21,100.93,1392000
2014-11-10,2014-11-27,OPTSTK,ADANIPOWER,62.5,CE,0.0,0.0,0.0,1.2,0.05,0,0.0,0
2014-11-10,2014-11-27,OPTSTK,ADANIPOWER,65.0,CE,0.0,0.0,0.0,0.1,0.0,0,0.0,40000
2014-11-10,2014-11-27,OPTSTK,ADANIPOWER,67.5,CE,0.05,0.05,0.05,0.05,0.05,1,5.4,8000
2014-11-10,2014-11-27,OPTSTK,ADANIPOWER,70.0,CE,0.0,0.0,0.0,0.55,0.0,0,0.0,0
2014-11-10,2014-11-27,OPTSTK,ADANIPOWER,72.5,CE,0.0,0.0,0.0,0.4,0.0,0,0.0,0
2014-11-10,2014-11-27,OPTSTK,ADANIPOWER,30.0,PE,0.0,0.0,0.0,0.15,0.0,0,0.0,0
2014-11-10,2014-11-27,OPTSTK,ADANIPOWER,32.5,PE,0.0,0.0,0.0,0.3,0.0,0,0.0,0
2014-11-10,2014-11-27,OPTSTK,ADANIPOWER,35.0,PE,0.0,0.0,0.0,0.6,0.05,0,0.0,0
2014-11-10,2014-11-27,OPTSTK,ADANIPOWER,37.5,PE,0.0,0.0,0.0,1.0,0.05,0,0.0,0
2014-11-10,2014-11-27,OPTSTK,ADANIPOWER,40.0,PE,0.2,0.2,0.1,0.15,0.15,43,138.12,520000
2014-11-10,2014-11-27,OPTSTK,ADANIPOWER,42.5,PE,0.25,0.45,0.25,0.4,0.4,210,720.0,1128000
2014-11-10,2014-11-27,OPTSTK,ADANIPOWER,45.0,PE,0.75,1.15,0.7,1.05,1.05,329,1208.86,1176000
2014-11-10,2014-11-27,OPTSTK,ADANIPOWER,47.5,PE,1.25,2.5,1.25,2.25,2.25,291,1149.14,672000
2014-11-10,2014-11-27,OPTSTK,ADANIPOWER,50.0,PE,2.8,4.25,2.7,4.05,4.05,15,64.36,328000
2014-11-10,2014-11-27,OPTSTK,ADANIPOWER,52.5,PE,0.0,0.0,0.0,4.3,6.3,0,0.0,8000
2014-11-10,2014-11-27,OPTSTK,ADANIPOWER,55.0,PE,0.0,0.0,0.0,8.9,8.55,0,0.0,144000
2014-11-10,2014-11-27,OPTSTK,ADANIPOWER,57.5,PE,0.0,0.0,0.0,11.05,10.9,0,0.0,8000
2014-11-10,2014-11-27,OPTSTK,ADANIPOWER,60.0,PE,0.0,0.0,0.0,13.85,13.35,0,0.0,48000
2014-11-10,2014-11-27,OPTSTK,ADANIPOWER,62.5,PE,0.0,0.0,0.0,15.2,15.85,0,0.0,0
2014-11-10,2014-11-27,OPTSTK,ADANIPOWER,65.0,PE,0.0,0.0,0.0,18.4,18.3,0,0.0,8000
2014-11-10,2014-11-27,OPTSTK,ADANIPOWER,67.5,PE,0.0,0.0,0.0,19.6,20.8,0,0.0,0
2014-11-10,2014-11-27,OPTSTK,ADANIPOWER,70.0,PE,0.0,0.0,0.0,21.85,23.3,0,0.0,0
2014-11-10,2014-11-27,OPTSTK,ADANIPOWER,72.5,PE,0.0,0.0,0.0,24.15,25.8,0,0.0,0
2014-11-10,2014-12-24,OPTSTK,ADANIPOWER,30.0,CE,0.0,0.0,0.0,14.2,16.8,0,0.0,0
2014-11-10,2014-12-24,OPTSTK,ADANIPOWER,32.5,CE,0.0,0.0,0.0,12.3,14.35,0,0.0,0
2014-11-10,2014-12-24,OPTSTK,ADANIPOWER,35.0,CE,0.0,0.0,0.0,10.65,12.0,0,0.0,0
2014-11-10,2014-12-24,OPTSTK,ADANIPOWER,37.5,CE,0.0,0.0,0.0,9.1,9.75,0,0.0,0
2014-11-10,2014-12-24,OPTSTK,ADANIPOWER,40.0,CE,0.0,0.0,0.0,7.75,7.7,0,0.0,0
2014-11-10,2014-12-24,OPTSTK,ADANIPOWER,42.5,CE,0.0,0.0,0.0,6.6,5.9,0,0.0,0
2014-11-10,2014-12-24,OPTSTK,ADANIPOWER,45.0,CE,0.0,0.0,0.0,5.55,4.4,0,0.0,0
2014-11-10,2014-12-24,OPTSTK,ADANIPOWER,47.5,CE,2.4,2.4,2.4,2.4,2.4,1,3.99,8000
2014-11-10,2014-12-24,OPTSTK,ADANIPOWER,50.0,CE,0.0,0.0,0.0,3.9,2.2,0,0.0,0
2014-11-10,2014-12-24,OPTSTK,ADANIPOWER,52.5,CE,0.0,0.0,0.0,3.3,1.5,0,0.0,0
2014-11-10,2014-12-24,OPTSTK,ADANIPOWER,55.0,CE,0.0,0.0,0.0,3.75,1.0,0,0.0,0
2014-11-10,2014-12-24,OPTSTK,ADANIPOWER,57.5,CE,0.0,0.0,0.0,2.3,0.65,0,0.0,0
2014-11-10,2014-12-24,OPTSTK,ADANIPOWER,60.0,CE,0.0,0.0,0.0,1.9,0.4,0,0.0,0
2014-11-10,2014-12-24,OPTSTK,ADANIPOWER,62.5,CE,0.0,0.0,0.0,1.6,0.25,0,0.0,0
2014-11-10,2014-12-24,OPTSTK,ADANIPOWER,65.0,CE,0.0,0.0,0.0,1.3,0.15,0,0.0,0
2014-11-10,2014-12-24,OPTSTK,ADANIPOWER,67.5,CE,0.0,0.0,0.0,1.1,0.1,0,0.0,0
2014-11-10,2014-12-24,OPTSTK,ADANIPOWER,30.0,PE,0.0,0.0,0.0,1.1,0.05,0,0.0,0
2014-11-10,2014-12-24,OPTSTK,ADANIPOWER,32.5,PE,0.0,0.0,0.0,1.65,0.1,0,0.0,0
2014-11-10,2014-12-24,OPTSTK,ADANIPOWER,35.0,PE,0.0,0.0,0.0,2.4,0.2,0,0.0,0
2014-11-10,2014-12-24,OPTSTK,ADANIPOWER,37.5,PE,0.0,0.0,0.0,3.35,0.45,0,0.0,0
2014-11-10,2014-12-24,OPTSTK,ADANIPOWER,40.0,PE,0.0,0.0,0.0,4.45,0.85,0,0.0,0
2014-11-10,2014-12-24,OPTSTK,ADANIPOWER,42.5,PE,0.0,0.0,0.0,5.7,1.5,0,0.0,0
2014-11-10,2014-12-24,OPTSTK,ADANIPOWER,45.0,PE,1.6,1.9,1.5,1.9,1.9,12,44.7,80000
2014-11-10,2014-12-24,OPTSTK,ADANIPOWER,47.5,PE,2.05,2.95,2.05,2.7,2.7,25,100.09,88000
2014-11-10,2014-12-24,OPTSTK,ADANIPOWER,50.0,PE,0.0,0.0,0.0,10.4,5.25,0,0.0,0
2014-11-10,2014-12-24,OPTSTK,ADANIPOWER,52.5,PE,0.0,0.0,0.0,12.2,7.0,0,0.0,0
2014-11-10,2014-12-24,OPTSTK,ADANIPOWER,55.0,PE,0.0,0.0,0.0,14.1,9.0,0,0.0,0
2014-11-10,2014-12-24,OPTSTK,ADANIPOWER,57.5,PE,0.0,0.0,0.0,16.1,11.1,0,0.0,0
2014-11-10,2014-12-24,OPTSTK,ADANIPOWER,60.0,PE,0.0,0.0,0.0,18.15,13.35,0,0.0,0
2014-11-10,2014-12-24,OPTSTK,ADANIPOWER,62.5,PE,0.0,0.0,0.0,20.25,15.65,0,0.0,0
2014-11-10,2014-12-24,OPTSTK,ADANIPOWER,65.0,PE,0.0,0.0,0.0,22.45,18.05,0,0.0,0
2014-11-10,2014-12-24,OPTSTK,ADANIPOWER,67.5,PE,0.0,0.0,0.0,24.65,20.45,0,0.0,0
2014-11-10,2015-01-29,OPTSTK,ADANIPOWER,30.0,CE,0.0,0.0,0.0,16.5,17.15,0,0.0,0
2014-11-10,2015-01-29,OPTSTK,ADANIPOWER,32.5,CE,0.0,0.0,0.0,14.2,14.85,0,0.0,0
2014-11-10,2015-01-29,OPTSTK,ADANIPOWER,35.0,CE,0.0,0.0,0.0,12.1,12.65,0,0.0,0
2014-11-10,2015-01-29,OPTSTK,ADANIPOWER,37.5,CE,0.0,0.0,0.0,10.1,10.65,0,0.0,0
2014-11-10,2015-01-29,OPTSTK,ADANIPOWER,40.0,CE,0.0,0.0,0.0,8.35,8.8,0,0.0,0
2014-11-10,2015-01-29,OPTSTK,ADANIPOWER,42.5,CE,0.0,0.0,0.0,6.75,7.15,0,0.0,0
2014-11-10,2015-01-29,OPTSTK,ADANIPOWER,45.0,CE,0.0,0.0,0.0,5.45,5.7,0,0.0,0
2014-11-10,2015-01-29,OPTSTK,ADANIPOWER,47.5,CE,0.0,0.0,0.0,4.3,4.5,0,0.0,0
2014-11-10,2015-01-29,OPTSTK,ADANIPOWER,50.0,CE,0.0,0.0,0.0,3.35,3.55,0,0.0,0
2014-11-10,2015-01-29,OPTSTK,ADANIPOWER,52.5,CE,0.0,0.0,0.0,2.6,2.7,0,0.0,0
2014-11-10,2015-01-29,OPTSTK,ADANIPOWER,55.0,CE,0.0,0.0,0.0,2.0,2.1,0,0.0,0
2014-11-10,2015-01-29,OPTSTK,ADANIPOWER,57.5,CE,0.0,0.0,0.0,1.5,1.6,0,0.0,0
2014-11-10,2015-01-29,OPTSTK,ADANIPOWER,60.0,CE,0.0,0.0,0.0,1.15,1.2,0,0.0,0
2014-11-10,2015-01-29,OPTSTK,ADANIPOWER,62.5,CE,0.0,0.0,0.0,0.85,0.9,0,0.0,0
2014-11-10,2015-01-29,OPTSTK,ADANIPOWER,65.0,CE,0.0,0.0,0.0,0.95,0.65,0,0.0,0
2014-11-10,2015-01-29,OPTSTK,ADANIPOWER,67.5,CE,0.0,0.0,0.0,0.5,0.5,0,0.0,0
2014-11-10,2015-01-29,OPTSTK,ADANIPOWER,30.0,PE,0.0,0.0,0.0,0.2,0.15,0,0.0,0
2014-11-10,2015-01-29,OPTSTK,ADANIPOWER,32.5,PE,0.0,0.0,0.0,0.35,0.3,0,0.0,0
2014-11-10,2015-01-29,OPTSTK,ADANIPOWER,35.0,PE,0.0,0.0,0.0,0.65,0.55,0,0.0,0
2014-11-10,2015-01-29,OPTSTK,ADANIPOWER,37.5,PE,0.0,0.0,0.0,1.15,0.95,0,0.0,0
2014-11-10,2015-01-29,OPTSTK,ADANIPOWER,40.0,PE,0.0,0.0,0.0,1.8,1.55,0,0.0,0
2014-11-10,2015-01-29,OPTSTK,ADANIPOWER,42.5,PE,0.0,0.0,0.0,2.7,2.4,0,0.0,0
2014-11-10,2015-01-29,OPTSTK,ADANIPOWER,45.0,PE,0.0,0.0,0.0,3.8,3.4,0,0.0,0
2014-11-10,2015-01-29,OPTSTK,ADANIPOWER,47.5,PE,0.0,0.0,0.0,5.1,4.65,0,0.0,0
2014-11-10,2015-01-29,OPTSTK,ADANIPOWER,50.0,PE,0.0,0.0,0.0,6.65,6.15,0,0.0,0
2014-11-10,2015-01-29,OPTSTK,ADANIPOWER,52.5,PE,0.0,0.0,0.0,8.3,7.8,0,0.0,0
2014-11-10,2015-01-29,OPTSTK,ADANIPOWER,55.0,PE,0.0,0.0,0.0,10.15,9.6,0,0.0,0
2014-11-10,2015-01-29,OPTSTK,ADANIPOWER,57.5,PE,0.0,0.0,0.0,12.15,11.55,0,0.0,0
2014-11-10,2015-01-29,OPTSTK,ADANIPOWER,60.0,PE,0.0,0.0,0.0,14.2,13.6,0,0.0,0
2014-11-10,2015-01-29,OPTSTK,ADANIPOWER,62.5,PE,0.0,0.0,0.0,16.35,15.75,0,0.0,0
2014-11-10,2015-01-29,OPTSTK,ADANIPOWER,65.0,PE,0.0,0.0,0.0,18.6,17.95,0,0.0,0
2014-11-10,2015-01-29,OPTSTK,ADANIPOWER,67.5,PE,0.0,0.0,0.0,20.85,20.25,0,0.0,0
2014-11-10,2014-11-27,OPTSTK,ALBK,70.0,CE,0.0,0.0,0.0,45.55,45.15,0,0.0,0
2014-11-10,2014-11-27,OPTSTK,ALBK,75.0,CE,0.0,0.0,0.0,40.75,40.15,0,0.0,0
2014-11-10,2014-11-27,OPTSTK,ALBK,80.0,CE,0.0,0.0,0.0,36.1,35.2,0,0.0,0
2014-11-10,2014-11-27,OPTSTK,ALBK,85.0,CE,0.0,0.0,0.0,31.6,30.25,0,0.0,0
2014-11-10,2014-11-27,OPTSTK,ALBK,90.0,CE,0.0,0.0,0.0,27.2,25.3,0,0.0,2000
2014-11-10,2014-11-27,OPTSTK,ALBK,95.0,CE,0.0,0.0,0.0,19.8,20.55,0,0.0,2000
2014-11-10,2014-11-27,OPTSTK,ALBK,100.0,CE,0.0,0.0,0.0,19.0,16.0,0,0.0,4000
2014-11-10,2014-11-27,OPTSTK,ALBK,105.0,CE,12.55,12.6,10.4,11.0,11.0,10,23.41,110000
2014-11-10,2014-11-27,OPTSTK,ALBK,110.0,CE,9.7,9.7,7.15,7.25,7.25,16,37.8,148000
2014-11-10,2014-11-27,OPTSTK,ALBK,115.0,CE,6.2,6.2,4.3,4.45,4.45,82,196.57,254000
2014-11-10,2014-11-27,OPTSTK,ALBK,120.0,CE,3.0,3.85,2.3,2.45,2.45,252,619.01,818000
2014-11-10,2014-11-27,OPTSTK,ALBK,125.0,CE,1.9,1.9,1.15,1.25,1.25,75,189.76,288000
2014-11-10,2014-11-27,OPTSTK,ALBK,130.0,CE,1.2,1.3,0.6,0.7,0.7,51,133.56,198000
2014-11-10,2014-11-27,OPTSTK,ALBK,135.0,CE,0.75,0.75,0.4,0.4,0.4,9,24.39,52000
2014-11-10,2014-11-27,OPTSTK,ALBK,140.0,CE,0.3,0.3,0.2,0.2,0.2,6,16.82,62000
2014-11-10,2014-11-27,OPTSTK,ALBK,145.0,CE,0.0,0.0,0.0,2.55,0.2,0,0.0,0
2014-11-10,2014-11-27,OPTSTK,ALBK,150.0,CE,0.0,0.0,0.0,0.15,0.1,0,0.0,24000
2014-11-10,2014-11-27,OPTSTK,ALBK,155.0,CE,0.0,0.0,0.0,1.5,0.05,0,0.0,0
2014-11-10,2014-11-27,OPTSTK,ALBK,160.0,CE,0.0,0.0,0.0,1.1,0.05,0,0.0,0
2014-11-10,2014-11-27,OPTSTK,ALBK,165.0,CE,0.0,0.0,0.0,0.85,0.05,0,0.0,0
2014-11-10,2014-11-27,OPTSTK,ALBK,170.0,CE,0.0,0.0,0.0,0.65,0.0,0,0.0,0
2014-11-10,2014-11-27,OPTSTK,ALBK,175.0,CE,0.0,0.0,0.0,0.1,0.0,0,0.0,10000
2014-11-10,2014-11-27,OPTSTK,ALBK,70.0,PE,0.0,0.0,0.0,0.1,0.0,0,0.0,0
2014-11-10,2014-11-27,OPTSTK,ALBK,75.0,PE,0.0,0.0,0.0,0.25,0.0,0,0.0,0
2014-11-10,2014-11-27,OPTSTK,ALBK,80.0,PE,0.0,0.0,0.0,0.45,0.0,0,0.0,0
2014-11-10,2014-11-27,OPTSTK,ALBK,85.0,PE,0.0,0.0,0.0,0.85,0.05,0,0.0,0
2014-11-10,2014-11-27,OPTSTK,ALBK,90.0,PE,0.0,0.0,0.0,0.2,0.1,0,0.0,60000
2014-11-10,2014-11-27,OPTSTK,ALBK,95.0,PE,0.0,0.0,0.0,0.25,0.3,0,0.0,48000
2014-11-10,2014-11-27,OPTSTK,ALBK,100.0,PE,0.35,0.6,0.35,0.6,0.6,9,18.09,236000
2014-11-10,2014-11-27,OPTSTK,ALBK,105.0,PE,0.8,1.2,0.75,1.15,1.15,21,44.49,202000
2014-11-10,2014-11-27,OPTSTK,ALBK,110.0,PE,1.7,2.3,1.7,2.2,2.2,86,192.79,260000
2014-11-10,2014-11-27,OPTSTK,ALBK,115.0,PE,3.6,4.3,3.15,4.15,4.15,95,226.02,264000
2014-11-10,2014-11-27,OPTSTK,ALBK,120.0,PE,6.35,6.8,6.25,6.8,6.8,10,25.27,194000
2014-11-10,2014-11-27,OPTSTK,ALBK,125.0,PE,9.8,9.8,9.8,9.8,9.8,6,16.17,142000
2014-11-10,2014-11-27,OPTSTK,ALBK,130.0,PE,14.0,14.0,14.0,14.0,14.0,6,17.28,28000
2014-11-10,2014-11-27,OPTSTK,ALBK,135.0,PE,0.0,0.0,0.0,22.5,20.3,0,0.0,0
2014-11-10,2014-11-27,OPTSTK,ALBK,140.0,PE,0.0,0.0,0.0,25.95,24.95,0,0.0,64000
2014-11-10,2014-11-27,OPTSTK,ALBK,145.0,PE,0.0,0.0,0.0,30.55,29.75,0,0.0,0
2014-11-10,2014-11-27,OPTSTK,ALBK,150.0,PE,0.0,0.0,0.0,31.0,34.65,0,0.0,2000
2014-11-10,2014-11-27,OPTSTK,ALBK,155.0,PE,0.0,0.0,0.0,39.25,39.6,0,0.0,0
2014-11-10,2014-11-27,OPTSTK,ALBK,160.0,PE,0.0,0.0,0.0,43.75,44.55,0,0.0,0
2014-11-10,2014-11-27,OPTSTK,ALBK,165.0,PE,0.0,0.0,0.0,48.4,49.55,0,0.0,0
2014-11-10,2014-11-27,OPTSTK,ALBK,170.0,PE,0.0,0.0,0.0,53.05,54.5,0,0.0,0
2014-11-10,2014-11-27,OPTSTK,ALBK,175.0,PE,0.0,0.0,0.0,57.8,59.5,0,0.0,0
2014-11-10,2014-12-24,OPTSTK,ALBK,70.0,CE,0.0,0.0,0.0,31.7,45.65,0,0.0,0
2014-11-10,2014-12-24,OPTSTK,ALBK,75.0,CE,0.0,0.0,0.0,28.15,40.75,0,0.0,0
2014-11-10,2014-12-24,OPTSTK,ALBK,80.0,CE,0.0,0.0,0.0,24.9,35.9,0,0.0,0
2014-11-10,2014-12-24,OPTSTK,ALBK,85.0,CE,0.0,0.0,0.0,21.95,31.2,0,0.0,0
2014-11-10,2014-12-24,OPTSTK,ALBK,90.0,CE,0.0,0.0,0.0,19.25,26.65,0,0.0,0
2014-11-10,2014-12-24,OPTSTK,ALBK,95.0,CE,0.0,0.0,0.0,16.85,22.4,0,0.0,0
2014-11-10,2014-12-24,OPTSTK,ALBK,100.0,CE,0.0,0.0,0.0,14.7,18.5,0,0.0,0
2014-11-10,2014-12-24,OPTSTK,ALBK,105.0,CE,0.0,0.0,0.0,12.8,15.0,0,0.0,0
2014-11-10,2014-12-24,OPTSTK,ALBK,110.0,CE,12.45,12.45,12.45,12.45,12.45,1,2.44,2000
2014-11-10,2014-12-24,OPTSTK,ALBK,115.0,CE,0.0,0.0,0.0,9.65,9.35,0,0.0,0
2014-11-10,2014-12-24,OPTSTK,ALBK,120.0,CE,0.0,0.0,0.0,8.4,7.2,0,0.0,0
2014-11-10,2014-12-24,OPTSTK,ALBK,125.0,CE,0.0,0.0,0.0,7.25,5.45,0,0.0,0
2014-11-10,2014-12-24,OPTSTK,ALBK,130.0,CE,0.0,0.0,0.0,6.25,4.05,0,0.0,0
2014-11-10,2014-12-24,OPTSTK,ALBK,135.0,CE,0.0,0.0,0.0,5.4,2.95,0,0.0,0
2014-11-10,2014-12-24,OPTSTK,ALBK,140.0,CE,0.0,0.0,0.0,2.45,2.15,0,0.0,4000
2014-11-10,2014-12-24,OPTSTK,ALBK,145.0,CE,0.0,0.0,0.0,4.05,1.55,0,0.0,0
2014-11-10,2014-12-24,OPTSTK,ALBK,70.0,PE,0.0,0.0,0.0,3.3,0.05,0,0.0,0
2014-11-10,2014-12-24,OPTSTK,ALBK,75.0,PE,0.0,0.0,0.0,4.65,0.1,0,0.0,0
2014-11-10,2014-12-24,OPTSTK,ALBK,80.0,PE,0.0,0.0,0.0,6.25,0.2,0,0.0,0
2014-11-10,2014-12-24,OPTSTK,ALBK,85.0,PE,0.0,0.0,0.0,8.2,0.45,0,0.0,0
2014-11-10,2014-12-24,OPTSTK,ALBK,90.0,PE,0.0,0.0,0.0,10.4,0.85,0,0.0,0
2014-11-10,2014-12-24,OPTSTK,ALBK,95.0,PE,0.0,0.0,0.0,12.9,1.55,0,0.0,0
2014-11-10,2014-12-24,OPTSTK,ALBK,100.0,PE,0.0,0.0,0.0,15.65,2.6,0,0.0,0
2014-11-10,2014-12-24,OPTSTK,ALBK,105.0,PE,0.0,0.0,0.0,18.65,4.05,0,0.0,0
2014-11-10,2014-12-24,OPTSTK,ALBK,110.0,PE,0.0,0.0,0.0,21.85,5.95,0,0.0,0
2014-11-10,2014-12-24,OPTSTK,ALBK,115.0,PE,0.0,0.0,0.0,25.25,8.3,0,0.0,0
2014-11-10,2014-12-24,OPTSTK,ALBK,120.0,PE,0.0,0.0,0.0,28.85,11.05,0,0.0,0
2014-11-10,2014-12-24,OPTSTK,ALBK,125.0,PE,0.0,0.0,0.0,32.65,14.25,0,0.0,0
2014-11-10,2014-12-24,OPTSTK,ALBK,130.0,PE,0.0,0.0,0.0,36.55,17.85,0,0.0,0
2014-11-10,2014-12-24,OPTSTK,ALBK,135.0,PE,0.0,0.0,0.0,40.6,21.7,0,0.0,0
2014-11-10,2014-12-24,OPTSTK,ALBK,140.0,PE,0.0,0.0,0.0,44.75,25.85,0,0.0,0
2014-11-10,2014-12-24,OPTSTK,ALBK,145.0,PE,0.0,0.0,0.0,49.0,30.2,0,0.0,0
2014-11-10,2015-01-29,OPTSTK,ALBK,70.0,CE,0.0,0.0,0.0,45.3,46.4,0,0.0,0
2014-11-10,2015-01-29,OPTSTK,ALBK,75.0,CE,0.0,0.0,0.0,40.85,41.7,0,0.0,0
2014-11-10,2015-01-29,OPTSTK,ALBK,80.0,CE,0.0,0.0,0.0,36.6,37.15,0,0.0,0
2014-11-10,2015-01-29,OPTSTK,ALBK,85.0,CE,0.0,0.0,0.0,32.55,32.8,0,0.0,0
2014-11-10,2015-01-29,OPTSTK,ALBK,90.0,CE,0.0,0.0,0.0,28.75,28.7,0,0.0,0
2014-11-10,2015-01-29,OPTSTK,ALBK,95.0,CE,0.0,0.0,0.0,25.25,24.85,0,0.0,0
2014-11-10,2015-01-29,OPTSTK,ALBK,100.0,CE,0.0,0.0,0.0,22.05,21.35,0,0.0,0
2014-11-10,2015-01-29,OPTSTK,ALBK,105.0,CE,0.0,0.0,0.0,19.15,18.15,0,0.0,0
2014-11-10,2015-01-29,OPTSTK,ALBK,110.0,CE,0.0,0.0,0.0,16.55,15.35,0,0.0,0
2014-11-10,2015-01-29,OPTSTK,ALBK,115.0,CE,0.0,0.0,0.0,14.2,12.85,0,0.0,0
2014-11-10,2015-01-29,OPTSTK,ALBK,120.0,CE,0.0,0.0,0.0,12.15,10.65,0,0.0,0
2014-11-10,2015-01-29,OPTSTK,ALBK,125.0,CE,0.0,0.0,0.0,10.35,8.8,0,0.0,0
2014-11-10,2015-01-29,OPTSTK,ALBK,130.0,CE,0.0,0.0,0.0,8.8,7.2,0,0.0,0
2014-11-10,2015-01-29,OPTSTK,ALBK,135.0,CE,0.0,0.0,0.0,7.45,5.9,0,0.0,0
2014-11-10,2015-01-29,OPTSTK,ALBK,140.0,CE,0.0,0.0,0.0,6.3,4.75,0,0.0,0
2014-11-10,2015-01-29,OPTSTK,ALBK,145.0,CE,0.0,0.0,0.0,5.3,3.85,0,0.0,0
2014-11-10,2015-01-29,OPTSTK,ALBK,70.0,PE,0.0,0.0,0.0,0.6,0.25,0,0.0,0
2014-11-10,2015-01-29,OPTSTK,ALBK,75.0,PE,0.0,0.0,0.0,1.05,0.45,0,0.0,0
2014-11-10,2015-01-29,OPTSTK,ALBK,80.0,PE,0.0,0.0,0.0,1.65,0.8,0,0.0,0
2014-11-10,2015-01-29,OPTSTK,ALBK,85.0,PE,0.0,0.0,0.0,2.5,1.35,0,0.0,0
2014-11-10,2015-01-29,OPTSTK,ALBK,90.0,PE,0.0,0.0,0.0,3.6,2.15,0,0.0,0
2014-11-10,2015-01-29,OPTSTK,ALBK,95.0,PE,0.0,0.0,0.0,5.0,3.2,0,0.0,0
2014-11-10,2015-01-29,OPTSTK,ALBK,100.0,PE,0.0,0.0,0.0,6.7,4.6,0,0.0,0
2014-11-10,2015-01-29,OPTSTK,ALBK,105.0,PE,0.0,0.0,0.0,8.65,6.35,0,0.0,0
2014-11-10,2015-01-29,OPTSTK,ALBK,110.0,PE,0.0,0.0,0.0,10.95,8.4,0,0.0,0
2014-11-10,2015-01-29,OPTSTK,ALBK,115.0,PE,0.0,0.0,0.0,13.5,10.8,0,0.0,0
2014-11-10,2015-01-29,OPTSTK,ALBK,120.0,PE,0.0,0.0,0.0,16.35,13.55,0,0.0,0
2014-11-10,2015-01-29,OPTSTK,ALBK,125.0,PE,0.0,0.0,0.0,19.45,16.6,0,0.0,0
2014-11-10,2015-01-29,OPTSTK,ALBK,130.0,PE,0.0,0.0,0.0,22.8,19.9,0,0.0,0
2014-11-10,2015-01-29,OPTSTK,ALBK,135.0,PE,0.0,0.0,0.0,26.35,23.45,0,0.0,0
2014-11-10,2015-01-29,OPTSTK,ALBK,140.0,PE,0.0,0.0,0.0,30.05,27.25,0,0.0,0
2014-11-10,2015-01-29,OPTSTK,ALBK,145.0,PE,0.0,0.0,0.0,33.95,31.25,0,0.0,0
2014-11-10,2014-11-27,OPTSTK,AMBUJACEM,140.0,CE,0.0,0.0,0.0,69.35,82.1,0,0.0,0
2014-11-10,2014-11-27,OPTSTK,AMBUJACEM,145.0,CE,0.0,0.0,0.0,64.2,77.15,0,0.0,0
2014-11-10,2014-11-27,OPTSTK,AMBUJACEM,150.0,CE,0.0,0.0,0.0,59.65,72.15,0,0.0,0
2014-11-10,2014-11-27,OPTSTK,AMBUJACEM,155.0,CE,0.0,0.0,0.0,54.4,67.2,0,0.0,0
2014-11-10,2014-11-27,OPTSTK,AMBUJACEM,160.0,CE,0.0,0.0,0.0,50.15,62.2,0,0.0,0
2014-11-10,2014-11-27,OPTSTK,AMBUJACEM,165.0,CE,0.0,0.0,0.0,44.7,57.2,0,0.0,0
2014-11-10,2014-11-27,OPTSTK,AMBUJACEM,170.0,CE,0.0,0.0,0.0,41.05,52.25,0,0.0,0
2014-11-10,2014-11-27,OPTSTK,AMBUJACEM,175.0,CE,0.0,0.0,0.0,35.35,47.25,0,0.0,0
2014-11-10,2014-11-27,OPTSTK,AMBUJACEM,180.0,CE,0.0,0.0,0.0,32.55,42.3,0,0.0,0
2014-11-10,2014-11-27,OPTSTK,AMBUJACEM,185.0,CE,0.0,0.0,0.0,26.65,37.3,0,0.0,0
2014-11-10,2014-11-27,OPTSTK,AMBUJACEM,190.0,CE,0.0,0.0,0.0,25.0,32.35,0,0.0,0
2014-11-10,2014-11-27,OPTSTK,AMBUJACEM,195.0,CE,0.0,0.0,0.0,19.05,27.4,0,0.0,0
2014-11-10,2014-11-27,OPTSTK,AMBUJACEM,200.0,CE,0.0,0.0,0.0,18.5,22.55,0,0.0,0
2014-11-10,2014-11-27,OPTSTK,AMBUJACEM,205.0,CE,0.0,0.0,0.0,12.8,17.85,0,0.0,0
2014-11-10,2014-11-27,OPTSTK,AMBUJACEM,210.0,CE,0.0,0.0,0.0,6.7,13.5,0,0.0,6000
2014-11-10,2014-11-27,OPTSTK,AMBUJACEM,215.0,CE,0.0,0.0,0.0,14.25,9.65,0,0.0,6000
2014-11-10,2014-11-27,OPTSTK,AMBUJACEM,220.0,CE,8.0,8.1,5.65,6.55,6.55,27,61.13,90000
2014-11-10,2014-11-27,OPTSTK,AMBUJACEM,225.0,CE,5.0,5.0,3.45,4.3,4.3,33,75.61,84000
2014-11-10,2014-11-27,OPTSTK,AMBUJACEM,230.0,CE,3.25,3.5,2.15,2.65,2.65,64,148.82,244000
2014-11-10,2014-11-27,OPTSTK,AMBUJACEM,235.0,CE,1.55,1.6,1.25,1.6,1.6,23,54.38,51000
2014-11-10,2014-11-27,OPTSTK,AMBUJACEM,240.0,CE,1.1,1.1,0.8,1.0,1.0,30,72.28,181000
2014-11-10,2014-11-27,OPTSTK,AMBUJACEM,245.0,CE,0.0,0.0,0.0,0.7,0.3,0,0.0,22000
2014-11-10,2014-11-27,OPTSTK,AMBUJACEM,250.0,CE,0.45,0.45,0.4,0.4,0.4,49,122.71,84000
2014-11-10,2014-11-27,OPTSTK,AMBUJACEM,255.0,CE,0.0,0.0,0.0,0.7,0.05,0,0.0,0
2014-11-10,2014-11-27,OPTSTK,AMBUJACEM,260.0,CE,0.0,0.0,0.0,1.5,0.05,0,0.0,0
2014-11-10,2014-11-27,OPTSTK,AMBUJACEM,265.0,CE,0.0,0.0,0.0,0.35,0.05,0,0.0,0
2014-11-10,2014-11-27,OPTSTK,AMBUJACEM,270.0,CE,0.0,0.0,0.0,0.9,0.0,0,0.0,0
2014-11-10,2014-11-27,OPTSTK,AMBUJACEM,275.0,CE,0.0,0.0,0.0,0.15,0.0,0,0.0,0
2014-11-10,2014-11-27,OPTSTK,AMBUJACEM,280.0,CE,0.0,0.0,0.0,0.55,0.0,0,0.0,0
2014-11-10,2014-11-27,OPTSTK,AMBUJACEM,140.0,PE,0.0,0.0,0.0,0.05,0.0,0,0.0,0
2014-11-10,2014-11-27,OPTSTK,AMBUJACEM,145.0,PE,0.0,0.0,0.0,0.05,0.0,0,0.0,0
2014-11-10,2014-11-27,OPTSTK,AMBUJACEM,150.0,PE,0.0,0.0,0.0,0.15,0.0,0,0.0,0
2014-11-10,2014-11-27,OPTSTK,AMBUJACEM,155.0,PE,0.0,0.0,0.0,0.05,0.0,0,0.0,0
2014-11-10,2014-11-27,OPTSTK,AMBUJACEM,160.0,PE,0.0,0.0,0.0,0.45,0.0,0,0.0,0
2014-11-10,2014-11-27,OPTSTK,AMBUJACEM,165.0,PE,0.0,0.0,0.0,0.25,0.0,0,0.0,0
2014-11-10,2014-11-27,OPTSTK,AMBUJACEM,170.0,PE,0.0,0.0,0.0,1.15,0.0,0,0.0,0
2014-11-10,2014-11-27,OPTSTK,AMBUJACEM,175.0,PE,0.0,0.0,0.0,0.7,0.0,0,0.0,0
2014-11-10,2014-11-27,OPTSTK,AMBUJACEM,180.0,PE,0.0,0.0,0.0,2.45,0.0,0,0.0,0
2014-11-10,2014-11-27,OPTSTK,AMBUJACEM,185.0,PE,0.0,0.0,0.0,1.9,0.0,0,0.0,0
2014-11-10,2014-11-27,OPTSTK,AMBUJACEM,190.0,PE,0.0,0.0,0.0,2.5,0.05,0,0.0,2000
2014-11-10,2014-11-27,OPTSTK,AMBUJACEM,195.0,PE,0.0,0.0,0.0,4.1,0.05,0,0.0,0
2014-11-10,2014-11-27,OPTSTK,AMBUJACEM,200.0,PE,0.0,0.0,0.0,0.5,0.2,0,0.0,12000
2014-11-10,2014-11-27,OPTSTK,AMBUJACEM,205.0,PE,0.65,0.75,0.65,0.75,0.75,6,12.34,11000
2014-11-10,2014-11-27,OPTSTK,AMBUJACEM,210.0,PE,1.25,1.45,0.95,1.1,1.1,22,46.47,140000
2014-11-10,2014-11-27,OPTSTK,AMBUJACEM,215.0,PE,1.7,2.7,1.7,2.5,2.5,9,19.56,35000
2014-11-10,2014-11-27,OPTSTK,AMBUJACEM,220.0,PE,3.8,4.6,3.65,3.75,3.75,41,91.91,88000
2014-11-10,2014-11-27,OPTSTK,AMBUJACEM,225.0,PE,7.15,7.7,6.15,6.4,6.4,30,69.57,32000
2014-11-10,2014-11-27,OPTSTK,AMBUJACEM,230.0,PE,0.0,0.0,0.0,9.5,9.9,0,0.0,13000
2014-11-10,2014-11-27,OPTSTK,AMBUJACEM,235.0,PE,0.0,0.0,0.0,12.25,13.8,0,0.0,9000
2014-11-10,2014-11-27,OPTSTK,AMBUJACEM,240.0,PE,0.0,0.0,0.0,17.9,18.15,0,0.0,4000
2014-11-10,2014-11-27,OPTSTK,AMBUJACEM,245.0,PE,0.0,0.0,0.0,19.0,22.8,0,0.0,5000
2014-11-10,2014-11-27,OPTSTK,AMBUJACEM,250.0,PE,0.0,0.0,0.0,23.0,27.6,0,0.0,2000
2014-11-10,2014-11-27,OPTSTK,AMBUJACEM,255.0,PE,0.0,0.0,0.0,44.85,32.5,0,0.0,0
2014-11-10,2014-11-27,OPTSTK,AMBUJACEM,260.0,PE,0.0,0.0,0.0,49.7,37.45,0,0.0,0
2014-11-10,2014-11-27,OPTSTK,AMBUJACEM,265.0,PE,0.0,0.0,0.0,54.35,42.45,0,0.0,0
2014-11-10,2014-11-27,OPTSTK,AMBUJACEM,270.0,PE,0.0,0.0,0.0,58.85,47.4,0,0.0,0
2014-11-10,2014-11-27,OPTSTK,AMBUJACEM,275.0,PE,0.0,0.0,0.0,64.0,52.4,0,0.0,0
2014-11-10,2014-11-27,OPTSTK,AMBUJACEM,280.0,PE,0.0,0.0,0.0,68.3,57.35,0,0.0,0
2014-11-10,2014-12-24,OPTSTK,AMBUJACEM,140.0,CE,0.0,0.0,0.0,70.05,83.05,0,0.0,0
2014-11-10,2014-12-24,OPTSTK,AMBUJACEM,145.0,CE,0.0,0.0,0.0,65.15,78.1,0,0.0,0
2014-11-10,2014-12-24,OPTSTK,AMBUJACEM,150.0,CE,0.0,0.0,0.0,60.3,73.15,0,0.0,0
2014-11-10,2014-12-24,OPTSTK,AMBUJACEM,155.0,CE,0.0,0.0,0.0,55.5,68.2,0,0.0,0
2014-11-10,2014-12-24,OPTSTK,AMBUJACEM,160.0,CE,0.0,0.0,0.0,50.75,63.25,0,0.0,0
2014-11-10,2014-12-24,OPTSTK,AMBUJACEM,165.0,CE,0.0,0.0,0.0,46.05,58.3,0,0.0,0
2014-11-10,2014-12-24,OPTSTK,AMBUJACEM,170.0,CE,0.0,0.0,0.0,41.5,53.35,0,0.0,0
2014-11-10,2014-12-24,OPTSTK,AMBUJACEM,175.0,CE,0.0,0.0,0.0,37.05,48.45,0,0.0,0
2014-11-10,2014-12-24,OPTSTK,AMBUJACEM,180.0,CE,0.0,0.0,0.0,32.85,43.5,0,0.0,0
2014-11-10,2014-12-24,OPTSTK,AMBUJACEM,185.0,CE,0.0,0.0,0.0,28.8,38.65,0,0.0,0
2014-11-10,2014-12-24,OPTSTK,AMBUJACEM,190.0,CE,0.0,0.0,0.0,25.05,33.9,0,0.0,0
2014-11-10,2014-12-24,OPTSTK,AMBUJACEM,195.0,CE,0.0,0.0,0.0,21.5,29.25,0,0.0,0
2014-11-10,2014-12-24,OPTSTK,AMBUJACEM,200.0,CE,0.0,0.0,0.0,18.3,24.8,0,0.0,0
2014-11-10,2014-12-24,OPTSTK,AMBUJACEM,205.0,CE,0.0,0.0,0.0,15.45,20.6,0,0.0,0
2014-11-10,2014-12-24,OPTSTK,AMBUJACEM,210.0,CE,0.0,0.0,0.0,12.9,16.8,0,0.0,0
2014-11-10,2014-12-24,OPTSTK,AMBUJACEM,215.0,CE,0.0,0.0,0.0,10.65,13.35,0,0.0,0
2014-11-10,2014-12-24,OPTSTK,AMBUJACEM,220.0,CE,0.0,0.0,0.0,8.7,10.35,0,0.0,0
2014-11-10,2014-12-24,OPTSTK,AMBUJACEM,225.0,CE,0.0,0.0,0.0,7.05,7.85,0,0.0,0
2014-11-10,2014-12-24,OPTSTK,AMBUJACEM,230.0,CE,0.0,0.0,0.0,5.65,5.8,0,0.0,0
2014-11-10,2014-12-24,OPTSTK,AMBUJACEM,235.0,CE,0.0,0.0,0.0,4.5,4.2,0,0.0,0
2014-11-10,2014-12-24,OPTSTK,AMBUJACEM,240.0,CE,0.0,0.0,0.0,3.55,2.95,0,0.0,0
2014-11-10,2014-12-24,OPTSTK,AMBUJACEM,245.0,CE,0.0,0.0,0.0,2.75,2.0,0,0.0,0
2014-11-10,2014-12-24,OPTSTK,AMBUJACEM,250.0,CE,0.0,0.0,0.0,2.15,1.35,0,0.0,0
2014-11-10,2014-12-24,OPTSTK,AMBUJACEM,255.0,CE,0.0,0.0,0.0,1.65,0.9,0,0.0,0
2014-11-10,2014-12-24,OPTSTK,AMBUJACEM,260.0,CE,0.0,0.0,0.0,1.25,0.55,0,0.0,0
2014-11-10,2014-12-24,OPTSTK,AMBUJACEM,265.0,CE,0.0,0.0,0.0,0.95,0.35,0,0.0,0
2014-11-10,2014-12-24,OPTSTK,AMBUJACEM,270.0,CE,0.0,0.0,0.0,0.7,0.25,0,0.0,0
2014-11-10,2014-12-24,OPTSTK,AMBUJACEM,275.0,CE,0.0,0.0,0.0,0.55,0.15,0,0.0,0
2014-11-10,2014-12-24,OPTSTK,AMBUJACEM,280.0,CE,0.0,0.0,0.0,0.4,0.1,0,0.0,0
2014-11-10,2014-12-24,OPTSTK,AMBUJACEM,140.0,PE,0.0,0.0,0.0,0.05,0.0,0,0.0,0
2014-11-10,2014-12-24,OPTSTK,AMBUJACEM,145.0,PE,0.0,0.0,0.0,0.05,0.0,0,0.0,0
2014-11-10,2014-12-24,OPTSTK,AMBUJACEM,150.0,PE,0.0,0.0,0.0,0.1,0.0,0,0.0,0
2014-11-10,2014-12-24,OPTSTK,AMBUJACEM,155.0,PE,0.0,0.0,0.0,0.2,0.0,0,0.0,0
2014-11-10,2014-12-24,OPTSTK,AMBUJACEM,160.0,PE,0.0,0.0,0.0,0.3,0.0,0,0.0,0
2014-11-10,2014-12-24,OPTSTK,AMBUJACEM,165.0,PE,0.0,0.0,0.0,0.5,0.0,0,0.0,0
2014-11-10,2014-12-24,OPTSTK,AMBUJACEM,170.0,PE,0.0,0.0,0.0,0.85,0.05,0,0.0,0
2014-11-10,2014-12-24,OPTSTK,AMBUJACEM,175.0,PE,0.0,0.0,0.0,1.3,0.05,0,0.0,0
2014-11-10,2014-12-24,OPTSTK,AMBUJACEM,180.0,PE,0.0,0.0,0.0,1.95,0.1,0,0.0,0
2014-11-10,2014-12-24,OPTSTK,AMBUJACEM,185.0,PE,0.0,0.0,0.0,2.8,0.15,0,0.0,0
2014-11-10,2014-12-24,OPTSTK,AMBUJACEM,190.0,PE,0.0,0.0,0.0,3.95,0.35,0,0.0,0
2014-11-10,2014-12-24,OPTSTK,AMBUJACEM,195.0,PE,0.0,0.0,0.0,5.3,0.65,0,0.0,0
2014-11-10,2014-12-24,OPTSTK,AMBUJACEM,200.0,PE,0.0,0.0,0.0,7.0,1.15,0,0.0,0
2014-11-10,2014-12-24,OPTSTK,AMBUJACEM,205.0,PE,0.0,0.0,0.0,9.0,1.9,0,0.0,0
2014-11-10,2014-12-24,OPTSTK,AMBUJACEM,210.0,PE,0.0,0.0,0.0,11.35,3.05,0,0.0,0
2014-11-10,2014-12-24,OPTSTK,AMBUJACEM,215.0,PE,0.0,0.0,0.0,14.0,4.55,0,0.0,0
2014-11-10,2014-12-24,OPTSTK,AMBUJACEM,220.0,PE,0.0,0.0,0.0,16.95,6.5,0,0.0,0
2014-11-10,2014-12-24,OPTSTK,AMBUJACEM,225.0,PE,0.0,0.0,0.0,20.2,8.95,0,0.0,0
2014-11-10,2014-12-24,OPTSTK,AMBUJACEM,230.0,PE,0.0,0.0,0.0,23.7,11.85,0,0.0,0
2014-11-10,2014-12-24,OPTSTK,AMBUJACEM,235.0,PE,0.0,0.0,0.0,27.4,15.15,0,0.0,0
2014-11-10,2014-12-24,OPTSTK,AMBUJACEM,240.0,PE,0.0,0.0,0.0,31.35,18.9,0,0.0,0
2014-11-10,2014-12-24,OPTSTK,AMBUJACEM,245.0,PE,0.0,0.0,0.0,35.45,22.9,0,0.0,0
2014-11-10,2014-12-24,OPTSTK,AMBUJACEM,250.0,PE,0.0,0.0,0.0,39.75,27.2,0,0.0,0
2014-11-10,2014-12-24,OPTSTK,AMBUJACEM,255.0,PE,0.0,0.0,0.0,44.15,31.65,0,0.0,0
2014-11-10,2014-12-24,OPTSTK,AMBUJACEM,260.0,PE,0.0,0.0,0.0,48.65,36.3,0,0.0,0
2014-11-10,2014-12-24,OPTSTK,AMBUJACEM,265.0,PE,0.0,0.0,0.0,53.2,41.05,0,0.0,0
2014-11-10,2014-12-24,OPTSTK,AMBUJACEM,270.0,PE,0.0,0.0,0.0,57.9,45.85,0,0.0,0
2014-11-10,2014-12-24,OPTSTK,AMBUJACEM,275.0,PE,0.0,0.0,0.0,62.6,50.7,0,0.0,0
2014-11-10,2014-12-24,OPTSTK,AMBUJACEM,280.0,PE,0.0,0.0,0.0,67.35,55.6,0,0.0,0
2014-11-10,2015-01-29,OPTSTK,AMBUJACEM,140.0,CE,0.0,0.0,0.0,86.75,84.2,0,0.0,0
2014-11-10,2015-01-29,OPTSTK,AMBUJACEM,145.0,CE,0.0,0.0,0.0,81.85,79.3,0,0.0,0
2014-11-10,2015-01-29,OPTSTK,AMBUJACEM,150.0,CE,0.0,0.0,0.0,76.95,74.4,0,0.0,0
2014-11-10,2015-01-29,OPTSTK,AMBUJACEM,155.0,CE,0.0,0.0,0.0,72.1,69.5,0,0.0,0
2014-11-10,2015-01-29,OPTSTK,AMBUJACEM,160.0,CE,0.0,0.0,0.0,67.2,64.65,0,0.0,0
2014-11-10,2015-01-29,OPTSTK,AMBUJACEM,165.0,CE,0.0,0.0,0.0,62.4,59.75,0,0.0,0
2014-11-10,2015-01-29,OPTSTK,AMBUJACEM,170.0,CE,0.0,0.0,0.0,57.55,54.9,0,0.0,0
2014-11-10,2015-01-29,OPTSTK,AMBUJACEM,175.0,CE,0.0,0.0,0.0,52.8,50.1,0,0.0,0
2014-11-10,2015-01-29,OPTSTK,AMBUJACEM,180.0,CE,0.0,0.0,0.0,48.15,45.35,0,0.0,0
2014-11-10,2015-01-29,OPTSTK,AMBUJACEM,185.0,CE,0.0,0.0,0.0,43.55,40.75,0,0.0,0
2014-11-10,2015-01-29,OPTSTK,AMBUJACEM,190.0,CE,0.0,0.0,0.0,39.15,36.2,0,0.0,0
2014-11-10,2015-01-29,OPTSTK,AMBUJACEM,195.0,CE,0.0,0.0,0.0,34.85,31.9,0,0.0,0
2014-11-10,2015-01-29,OPTSTK,AMBUJACEM,200.0,CE,0.0,0.0,0.0,30.8,27.8,0,0.0,0
2014-11-10,2015-01-29,OPTSTK,AMBUJACEM,205.0,CE,0.0,0.0,0.0,26.95,23.95,0,0.0,0
2014-11-10,2015-01-29,OPTSTK,AMBUJACEM,210.0,CE,0.0,0.0,0.0,23.4,20.35,0,0.0,0
2014-11-10,2015-01-29,OPTSTK,AMBUJACEM,215.0,CE,0.0,0.0,0.0,20.1,17.15,0,0.0,0
2014-11-10,2015-01-29,OPTSTK,AMBUJACEM,220.0,CE,0.0,0.0,0.0,17.15,14.25,0,0.0,0
2014-11-10,2015-01-29,OPTSTK,AMBUJACEM,225.0,CE,0.0,0.0,0.0,14.45,11.65,0,0.0,0
2014-11-10,2015-01-29,OPTSTK,AMBUJACEM,230.0,CE,0.0,0.0,0.0,12.05,9.45,0,0.0,0
2014-11-10,2015-01-29,OPTSTK,AMBUJACEM,235.0,CE,0.0,0.0,0.0,10.0,7.55,0,0.0,0
2014-11-10,2015-01-29,OPTSTK,AMBUJACEM,240.0,CE,0.0,0.0,0.0,8.2,6.0,0,0.0,0
2014-11-10,2015-01-29,OPTSTK,AMBUJACEM,245.0,CE,0.0,0.0,0.0,6.65,4.7,0,0.0,0
2014-11-10,2015-01-29,OPTSTK,AMBUJACEM,250.0,CE,0.0,0.0,0.0,5.35,3.6,0,0.0,0
2014-11-10,2015-01-29,OPTSTK,AMBUJACEM,255.0,CE,0.0,0.0,0.0,4.3,2.75,0,0.0,0
2014-11-10,2015-01-29,OPTSTK,AMBUJACEM,260.0,CE,0.0,0.0,0.0,3.4,2.1,0,0.0,0
2014-11-10,2015-01-29,OPTSTK,AMBUJACEM,265.0,CE,0.0,0.0,0.0,2.65,1.55,0,0.0,0
2014-11-10,2015-01-29,OPTSTK,AMBUJACEM,270.0,CE,0.0,0.0,0.0,2.1,1.15,0,0.0,0
2014-11-10,2015-01-29,OPTSTK,AMBUJACEM,275.0,CE,0.0,0.0,0.0,1.6,0.85,0,0.0,0
2014-11-10,2015-01-29,OPTSTK,AMBUJACEM,280.0,CE,0.0,0.0,0.0,1.25,0.6,0,0.0,0
2014-11-10,2015-01-29,OPTSTK,AMBUJACEM,140.0,PE,0.0,0.0,0.0,0.05,0.0,0,0.0,0
2014-11-10,2015-01-29,OPTSTK,AMBUJACEM,145.0,PE,0.0,0.0,0.0,0.05,0.0,0,0.0,0
2014-11-10,2015-01-29,OPTSTK,AMBUJACEM,150.0,PE,0.0,0.0,0.0,0.05,0.0,0,0.0,0
2014-11-10,2015-01-29,OPTSTK,AMBUJACEM,155.0,PE,0.0,0.0,0.0,0.05,0.05,0,0.0,0
2014-11-10,2015-01-29,OPTSTK,AMBUJACEM,160.0,PE,0.0,0.0,0.0,0.05,0.05,0,0.0,0
2014-11-10,2015-01-29,OPTSTK,AMBUJACEM,165.0,PE,0.0,0.0,0.0,0.1,0.05,0,0.0,0
2014-11-10,2015-01-29,OPTSTK,AMBUJACEM,170.0,PE,0.0,0.0,0.0,0.2,0.15,0,0.0,0
2014-11-10,2015-01-29,OPTSTK,AMBUJACEM,175.0,PE,0.0,0.0,0.0,0.35,0.25,0,0.0,0
2014-11-10,2015-01-29,OPTSTK,AMBUJACEM,180.0,PE,0.0,0.0,0.0,0.55,0.4,0,0.0,0
2014-11-10,2015-01-29,OPTSTK,AMBUJACEM,185.0,PE,0.0,0.0,0.0,0.9,0.65,0,0.0,0
2014-11-10,2015-01-29,OPTSTK,AMBUJACEM,190.0,PE,0.0,0.0,0.0,1.35,1.05,0,0.0,0
2014-11-10,2015-01-29,OPTSTK,AMBUJACEM,195.0,PE,0.0,0.0,0.0,1.95,1.65,0,0.0,0
2014-11-10,2015-01-29,OPTSTK,AMBUJACEM,200.0,PE,0.0,0.0,0.0,2.8,2.45,0,0.0,0
2014-11-10,2015-01-29,OPTSTK,AMBUJACEM,205.0,PE,0.0,0.0,0.0,3.85,3.5,0,0.0,0
2014-11-10,2015-01-29,OPTSTK,AMBUJACEM,210.0,PE,0.0,0.0,0.0,5.2,4.85,0,0.0,0
2014-11-10,2015-01-29,OPTSTK,AMBUJACEM,215.0,PE,0.0,0.0,0.0,6.75,6.5,0,0.0,0
2014-11-10,2015-01-29,OPTSTK,AMBUJACEM,220.0,PE,0.0,0.0,0.0,8.7,8.5,0,0.0,0
2014-11-10,2015-01-29,OPTSTK,AMBUJACEM,225.0,PE,0.0,0.0,0.0,10.9,10.85,0,0.0,0
2014-11-10,2015-01-29,OPTSTK,AMBUJACEM,230.0,PE,0.0,0.0,0.0,13.4,13.55,0,0.0,0
2014-11-10,2015-01-29,OPTSTK,AMBUJACEM,235.0,PE,0.0,0.0,0.0,16.2,16.55,0,0.0,0
2014-11-10,2015-01-29,OPTSTK,AMBUJACEM,240.0,PE,0.0,0.0,0.0,19.3,19.9,0,0.0,0
2014-11-10,2015-01-29,OPTSTK,AMBUJACEM,245.0,PE,0.0,0.0,0.0,22.65,23.5,0,0.0,0
2014-11-10,2015-01-29,OPTSTK,AMBUJACEM,250.0,PE,0.0,0.0,0.0,26.3,27.3,0,0.0,0
2014-11-10,2015-01-29,OPTSTK,AMBUJACEM,255.0,PE,0.0,0.0,0.0,30.1,31.4,0,0.0,0
2014-11-10,2015-01-29,OPTSTK,AMBUJACEM,260.0,PE,0.0,0.0,0.0,34.1,35.6,0,0.0,0
2014-11-10,2015-01-29,OPTSTK,AMBUJACEM,265.0,PE,0.0,0.0,0.0,38.25,40.0,0,0.0,0
2014-11-10,2015-01-29,OPTSTK,AMBUJACEM,270.0,PE,0.0,0.0,0.0,42.55,44.5,0,0.0,0
2014-11-10,2015-01-29,OPTSTK,AMBUJACEM,275.0,PE,0.0,0.0,0.0,47.0,49.1,0,0.0,0
2014-11-10,2015-01-29,OPTSTK,AMBUJACEM,280.0,PE,0.0,0.0,0.0,51.5,53.75,0,0.0,0
2014-11-10,2014-11-27,OPTSTK,ANDHRABANK,45.0,CE,0.0,0.0,0.0,28.05,39.85,0,0.0,0
2014-11-10,2014-11-27,OPTSTK,ANDHRABANK,47.5,CE,0.0,0.0,0.0,18.45,37.35,0,0.0,0
2014-11-10,2014-11-27,OPTSTK,ANDHRABANK,50.0,CE,0.0,0.0,0.0,23.5,34.85,0,0.0,0
2014-11-10,2014-11-27,OPTSTK,ANDHRABANK,52.5,CE,0.0,0.0,0.0,15.0,32.4,0,0.0,0
2014-11-10,2014-11-27,OPTSTK,ANDHRABANK,55.0,CE,0.0,0.0,0.0,19.3,29.9,0,0.0,0
2014-11-10,2014-11-27,OPTSTK,ANDHRABANK,57.5,CE,0.0,0.0,0.0,12.0,27.4,0,0.0,0
2014-11-10,2014-11-27,OPTSTK,ANDHRABANK,60.0,CE,0.0,0.0,0.0,15.5,24.9,0,0.0,0
2014-11-10,2014-11-27,OPTSTK,ANDHRABANK,62.5,CE,0.0,0.0,0.0,9.5,22.45,0,0.0,0
2014-11-10,2014-11-27,OPTSTK,ANDHRABANK,65.0,CE,0.0,0.0,0.0,12.2,20.0,0,0.0,0
2014-11-10,2014-11-27,OPTSTK,ANDHRABANK,67.5,CE,0.0,0.0,0.0,7.45,17.65,0,0.0,0
2014-11-10,2014-11-27,OPTSTK,ANDHRABANK,70.0,CE,0.0,0.0,0.0,11.9,15.3,0,0.0,20000
2014-11-10,2014-11-27,OPTSTK,ANDHRABANK,72.5,CE,0.0,0.0,0.0,13.0,13.1,0,0.0,8000
2014-11-10,2014-11-27,OPTSTK,ANDHRABANK,75.0,CE,11.0,11.0,11.0,11.0,11.0,1,3.44,96000
2014-11-10,2014-11-27,OPTSTK,ANDHRABANK,77.5,CE,0.0,0.0,0.0,9.9,9.1,0,0.0,4000
2014-11-10,2014-11-27,OPTSTK,ANDHRABANK,80.0,CE,7.0,7.55,6.25,6.3,6.3,9,31.19,556000
2014-11-10,2014-11-27,OPTSTK,ANDHRABANK,82.5,CE,5.0,5.35,5.0,5.35,5.35,4,14.02,80000
2014-11-10,2014-11-27,OPTSTK,ANDHRABANK,85.0,CE,4.1,4.4,3.15,3.4,3.4,78,277.22,648000
2014-11-10,2014-11-27,OPTSTK,ANDHRABANK,87.5,CE,3.35,3.35,2.6,2.6,2.6,8,28.94,80000
2014-11-10,2014-11-27,OPTSTK,ANDHRABANK,90.0,CE,2.05,2.3,1.55,1.65,1.65,116,426.41,980000
2014-11-10,2014-11-27,OPTSTK,ANDHRABANK,92.5,CE,1.55,1.55,1.1,1.1,1.1,7,26.25,56000
2014-11-10,2014-11-27,OPTSTK,ANDHRABANK,95.0,CE,1.1,1.1,0.7,0.75,0.75,30,115.03,372000
2014-11-10,2014-11-27,OPTSTK,ANDHRABANK,97.5,CE,0.0,0.0,0.0,0.75,1.05,0,0.0,20000
2014-11-10,2014-11-27,OPTSTK,ANDHRABANK,100.0,CE,0.45,0.45,0.35,0.35,0.35,14,56.21,208000
2014-11-10,2014-11-27,OPTSTK,ANDHRABANK,102.5,CE,0.0,0.0,0.0,0.3,0.5,0,0.0,12000
2014-11-10,2014-11-27,OPTSTK,ANDHRABANK,105.0,CE,0.0,0.0,0.0,0.2,0.35,0,0.0,44000
2014-11-10,2014-11-27,OPTSTK,ANDHRABANK,110.0,CE,0.0,0.0,0.0,0.75,0.15,0,0.0,0
2014-11-10,2014-11-27,OPTSTK,ANDHRABANK,115.0,CE,0.0,0.0,0.0,0.55,0.1,0,0.0,0
2014-11-10,2014-11-27,OPTSTK,ANDHRABANK,120.0,CE,0.0,0.0,0.0,0.35,0.05,0,0.0,0
2014-11-10,2014-11-27,OPTSTK,ANDHRABANK,45.0,PE,0.0,0.0,0.0,0.25,0.0,0,0.0,0
2014-11-10,2014-11-27,OPTSTK,ANDHRABANK,47.5,PE,0.0,0.0,0.0,2.05,0.0,0,0.0,0
2014-11-10,2014-11-27,OPTSTK,ANDHRABANK,50.0,PE,0.0,0.0,0.0,0.6,0.0,0,0.0,0
2014-11-10,2014-11-27,OPTSTK,ANDHRABANK,52.5,PE,0.0,0.0,0.0,3.55,0.0,0,0.0,0
2014-11-10,2014-11-27,OPTSTK,ANDHRABANK,55.0,PE,0.0,0.0,0.0,1.25,0.0,0,0.0,0
2014-11-10,2014-11-27,OPTSTK,ANDHRABANK,57.5,PE,0.0,0.0,0.0,5.45,0.05,0,0.0,0
2014-11-10,2014-11-27,OPTSTK,ANDHRABANK,60.0,PE,0.0,0.0,0.0,2.35,0.05,0,0.0,0
2014-11-10,2014-11-27,OPTSTK,ANDHRABANK,62.5,PE,0.0,0.0,0.0,1.8,0.05,0,0.0,0
2014-11-10,2014-11-27,OPTSTK,ANDHRABANK,65.0,PE,0.05,0.05,0.05,0.05,0.05,10,26.02,52000
2014-11-10,2014-11-27,OPTSTK,ANDHRABANK,67.5,PE,0.0,0.0,0.0,0.2,0.2,0,0.0,4000
2014-11-10,2014-11-27,OPTSTK,ANDHRABANK,70.0,PE,0.2,0.25,0.15,0.15,0.15,11,30.89,180000
2014-11-10,2014-11-27,OPTSTK,ANDHRABANK,72.5,PE,0.25,0.25,0.25,0.25,0.25,1,2.91,36000
2014-11-10,2014-11-27,OPTSTK,ANDHRABANK,75.0,PE,0.55,0.6,0.5,0.6,0.6,13,39.29,520000
2014-11-10,2014-11-27,OPTSTK,ANDHRABANK,77.5,PE,1.3,1.3,1.3,1.3,1.3,1,3.15,20000
2014-11-10,2014-11-27,OPTSTK,ANDHRABANK,80.0,PE,1.1,1.6,1.05,1.5,1.5,74,240.7,508000
2014-11-10,2014-11-27,OPTSTK,ANDHRABANK,82.5,PE,1.8,2.3,1.8,2.3,2.3,4,13.53,44000
2014-11-10,2014-11-27,OPTSTK,ANDHRABANK,85.0,PE,2.8,3.6,2.65,3.45,3.45,77,271.44,468000
2014-11-10,2014-11-27,OPTSTK,ANDHRABANK,87.5,PE,4.0,4.0,4.0,4.0,4.0,1,3.66,12000
2014-11-10,2014-11-27,OPTSTK,ANDHRABANK,90.0,PE,6.35,6.35,5.85,5.95,5.95,3,11.52,44000
2014-11-10,2014-11-27,OPTSTK,ANDHRABANK,92.5,PE,0.0,0.0,0.0,29.95,9.5,0,0.0,0
2014-11-10,2014-11-27,OPTSTK,ANDHRABANK,95.0,PE,0.0,0.0,0.0,17.8,11.45,0,0.0,4000
2014-11-10,2014-11-27,OPTSTK,ANDHRABANK,97.5,PE,0.0,0.0,0.0,34.4,13.5,0,0.0,0
2014-11-10,2014-11-27,OPTSTK,ANDHRABANK,100.0,PE,0.0,0.0,0.0,27.5,15.7,0,0.0,0
2014-11-10,2014-11-27,OPTSTK,ANDHRABANK,102.5,PE,0.0,0.0,0.0,35.6,17.95,0,0.0,0
2014-11-10,2014-11-27,OPTSTK,ANDHRABANK,105.0,PE,0.0,0.0,0.0,31.95,20.3,0,0.0,0
2014-11-10,2014-11-27,OPTSTK,ANDHRABANK,110.0,PE,0.0,0.0,0.0,36.55,25.1,0,0.0,0
2014-11-10,2014-11-27,OPTSTK,ANDHRABANK,115.0,PE,0.0,0.0,0.0,41.25,30.0,0,0.0,0
2014-11-10,2014-11-27,OPTSTK,ANDHRABANK,120.0,PE,0.0,0.0,0.0,45.95,34.9,0,0.0,0
2014-11-10,2014-12-24,OPTSTK,ANDHRABANK,45.0,CE,0.0,0.0,0.0,21.5,40.15,0,0.0,0
2014-11-10,2014-12-24,OPTSTK,ANDHRABANK,47.5,CE,0.0,0.0,0.0,19.75,37.7,0,0.0,0
2014-11-10,2014-12-24,OPTSTK,ANDHRABANK,50.0,CE,0.0,0.0,0.0,18.05,35.25,0,0.0,0
2014-11-10,2014-12-24,OPTSTK,ANDHRABANK,52.5,CE,0.0,0.0,0.0,16.5,32.8,0,0.0,0
2014-11-10,2014-12-24,OPTSTK,ANDHRABANK,55.0,CE,0.0,0.0,0.0,15.05,30.35,0,0.0,0
2014-11-10,2014-12-24,OPTSTK,ANDHRABANK,57.5,CE,0.0,0.0,0.0,13.75,28.0,0,0.0,0
2014-11-10,2014-12-24,OPTSTK,ANDHRABANK,60.0,CE,0.0,0.0,0.0,12.5,25.65,0,0.0,0
2014-11-10,2014-12-24,OPTSTK,ANDHRABANK,62.5,CE,0.0,0.0,0.0,11.35,23.35,0,0.0,0
2014-11-10,2014-12-24,OPTSTK,ANDHRABANK,65.0,CE,0.0,0.0,0.0,10.3,21.15,0,0.0,0
2014-11-10,2014-12-24,OPTSTK,ANDHRABANK,67.5,CE,0.0,0.0,0.0,9.35,19.05,0,0.0,0
2014-11-10,2014-12-24,OPTSTK,ANDHRABANK,70.0,CE,0.0,0.0,0.0,8.45,17.05,0,0.0,0
2014-11-10,2014-12-24,OPTSTK,ANDHRABANK,72.5,CE,0.0,0.0,0.0,7.65,15.15,0,0.0,0
2014-11-10,2014-12-24,OPTSTK,ANDHRABANK,75.0,CE,0.0,0.0,0.0,6.95,13.4,0,0.0,0
2014-11-10,2014-12-24,OPTSTK,ANDHRABANK,77.5,CE,0.0,0.0,0.0,6.25,11.75,0,0.0,0
2014-11-10,2014-12-24,OPTSTK,ANDHRABANK,80.0,CE,0.0,0.0,0.0,5.65,10.25,0,0.0,0
2014-11-10,2014-12-24,OPTSTK,ANDHRABANK,82.5,CE,0.0,0.0,0.0,5.1,8.9,0,0.0,0
2014-11-10,2014-12-24,OPTSTK,ANDHRABANK,85.0,CE,0.0,0.0,0.0,4.6,7.7,0,0.0,0
2014-11-10,2014-12-24,OPTSTK,ANDHRABANK,87.5,CE,0.0,0.0,0.0,4.15,6.6,0,0.0,0
2014-11-10,2014-12-24,OPTSTK,ANDHRABANK,90.0,CE,0.0,0.0,0.0,3.75,5.6,0,0.0,0
2014-11-10,2014-12-24,OPTSTK,ANDHRABANK,92.5,CE,0.0,0.0,0.0,3.4,4.75,0,0.0,0
2014-11-10,2014-12-24,OPTSTK,ANDHRABANK,95.0,CE,0.0,0.0,0.0,3.05,4.05,0,0.0,0
2014-11-10,2014-12-24,OPTSTK,ANDHRABANK,97.5,CE,0.0,0.0,0.0,2.75,3.4,0,0.0,0
2014-11-10,2014-12-24,OPTSTK,ANDHRABANK,100.0,CE,0.0,0.0,0.0,3.5,2.85,0,0.0,0
2014-11-10,2014-12-24,OPTSTK,ANDHRABANK,102.5,CE,0.0,0.0,0.0,3.2,2.35,0,0.0,0
2014-11-10,2014-12-24,OPTSTK,ANDHRABANK,105.0,CE,0.0,0.0,0.0,1.2,1.95,0,0.0,0
2014-11-10,2014-12-24,OPTSTK,ANDHRABANK,45.0,PE,0.0,0.0,0.0,0.2,0.05,0,0.0,0
2014-11-10,2014-12-24,OPTSTK,ANDHRABANK,47.5,PE,0.0,0.0,0.0,3.05,0.05,0,0.0,0
2014-11-10,2014-12-24,OPTSTK,ANDHRABANK,50.0,PE,0.0,0.0,0.0,3.85,0.05,0,0.0,0
2014-11-10,2014-12-24,OPTSTK,ANDHRABANK,52.5,PE,0.0,0.0,0.0,4.75,0.1,0,0.0,0
2014-11-10,2014-12-24,OPTSTK,ANDHRABANK,55.0,PE,0.0,0.0,0.0,5.75,0.15,0,0.0,0
2014-11-10,2014-12-24,OPTSTK,ANDHRABANK,57.5,PE,0.0,0.0,0.0,6.85,0.25,0,0.0,0
2014-11-10,2014-12-24,OPTSTK,ANDHRABANK,60.0,PE,0.0,0.0,0.0,8.05,0.35,0,0.0,0
2014-11-10,2014-12-24,OPTSTK,ANDHRABANK,62.5,PE,0.0,0.0,0.0,9.35,0.55,0,0.0,0
2014-11-10,2014-12-24,OPTSTK,ANDHRABANK,65.0,PE,0.0,0.0,0.0,10.75,0.85,0,0.0,0
2014-11-10,2014-12-24,OPTSTK,ANDHRABANK,67.5,PE,0.0,0.0,0.0,12.2,1.2,0,0.0,0
2014-11-10,2014-12-24,OPTSTK,ANDHRABANK,70.0,PE,0.0,0.0,0.0,13.8,1.65,0,0.0,0
2014-11-10,2014-12-24,OPTSTK,ANDHRABANK,72.5,PE,0.0,0.0,0.0,1.85,2.25,0,0.0,0
2014-11-10,2014-12-24,OPTSTK,ANDHRABANK,75.0,PE,0.0,0.0,0.0,17.15,2.95,0,0.0,0
2014-11-10,2014-12-24,OPTSTK,ANDHRABANK,77.5,PE,0.0,0.0,0.0,18.95,3.8,0,0.0,0
2014-11-10,2014-12-24,OPTSTK,ANDHRABANK,80.0,PE,0.0,0.0,0.0,20.75,4.75,0,0.0,0
2014-11-10,2014-12-24,OPTSTK,ANDHRABANK,82.5,PE,0.0,0.0,0.0,22.65,5.9,0,0.0,0
2014-11-10,2014-12-24,OPTSTK,ANDHRABANK,85.0,PE,0.0,0.0,0.0,24.6,7.15,0,0.0,0
2014-11-10,2014-12-24,OPTSTK,ANDHRABANK,87.5,PE,0.0,0.0,0.0,26.6,8.5,0,0.0,0
2014-11-10,2014-12-24,OPTSTK,ANDHRABANK,90.0,PE,0.0,0.0,0.0,28.65,10.05,0,0.0,0
2014-11-10,2014-12-24,OPTSTK,ANDHRABANK,92.5,PE,0.0,0.0,0.0,30.75,11.65,0,0.0,0
2014-11-10,2014-12-24,OPTSTK,ANDHRABANK,95.0,PE,0.0,0.0,0.0,32.85,13.4,0,0.0,0
2014-11-10,2014-12-24,OPTSTK,ANDHRABANK,97.5,PE,0.0,0.0,0.0,35.0,15.2,0,0.0,0
2014-11-10,2014-12-24,OPTSTK,ANDHRABANK,100.0,PE,0.0,0.0,0.0,34.2,17.15,0,0.0,0
2014-11-10,2014-12-24,OPTSTK,ANDHRABANK,102.5,PE,0.0,0.0,0.0,36.35,19.15,0,0.0,0
2014-11-10,2014-12-24,OPTSTK,ANDHRABANK,105.0,PE,0.0,0.0,0.0,35.3,21.2,0,0.0,0
2014-11-10,2015-01-29,OPTSTK,ANDHRABANK,47.5,CE,0.0,0.0,0.0,35.45,38.2,0,0.0,0
2014-11-10,2015-01-29,OPTSTK,ANDHRABANK,50.0,CE,0.0,0.0,0.0,33.15,35.85,0,0.0,0
2014-11-10,2015-01-29,OPTSTK,ANDHRABANK,52.5,CE,0.0,0.0,0.0,30.95,33.55,0,0.0,0
2014-11-10,2015-01-29,OPTSTK,ANDHRABANK,55.0,CE,0.0,0.0,0.0,28.8,31.25,0,0.0,0
2014-11-10,2015-01-29,OPTSTK,ANDHRABANK,57.5,CE,0.0,0.0,0.0,26.75,29.05,0,0.0,0
2014-11-10,2015-01-29,OPTSTK,ANDHRABANK,60.0,CE,0.0,0.0,0.0,24.75,26.9,0,0.0,0
2014-11-10,2015-01-29,OPTSTK,ANDHRABANK,62.5,CE,0.0,0.0,0.0,22.85,24.85,0,0.0,0
2014-11-10,2015-01-29,OPTSTK,ANDHRABANK,65.0,CE,0.0,0.0,0.0,21.05,22.85,0,0.0,0
2014-11-10,2015-01-29,OPTSTK,ANDHRABANK,67.5,CE,0.0,0.0,0.0,19.35,20.95,0,0.0,0
2014-11-10,2015-01-29,OPTSTK,ANDHRABANK,70.0,CE,0.0,0.0,0.0,17.75,19.2,0,0.0,0
2014-11-10,2015-01-29,OPTSTK,ANDHRABANK,72.5,CE,0.0,0.0,0.0,16.2,17.5,0,0.0,0
2014-11-10,2015-01-29,OPTSTK,ANDHRABANK,75.0,CE,0.0,0.0,0.0,14.8,15.9,0,0.0,0
2014-11-10,2015-01-29,OPTSTK,ANDHRABANK,77.5,CE,0.0,0.0,0.0,13.5,14.4,0,0.0,0
2014-11-10,2015-01-29,OPTSTK,ANDHRABANK,80.0,CE,0.0,0.0,0.0,12.25,13.0,0,0.0,0
2014-11-10,2015-01-29,OPTSTK,ANDHRABANK,82.5,CE,0.0,0.0,0.0,11.15,11.75,0,0.0,0
2014-11-10,2015-01-29,OPTSTK,ANDHRABANK,85.0,CE,0.0,0.0,0.0,10.1,10.55,0,0.0,0
2014-11-10,2015-01-29,OPTSTK,ANDHRABANK,87.5,CE,0.0,0.0,0.0,9.1,9.5,0,0.0,0
2014-11-10,2015-01-29,OPTSTK,ANDHRABANK,90.0,CE,0.0,0.0,0.0,8.25,8.5,0,0.0,0
2014-11-10,2015-01-29,OPTSTK,ANDHRABANK,92.5,CE,0.0,0.0,0.0,7.45,7.6,0,0.0,0
2014-11-10,2015-01-29,OPTSTK,ANDHRABANK,95.0,CE,0.0,0.0,0.0,6.7,6.75,0,0.0,0
2014-11-10,2015-01-29,OPTSTK,ANDHRABANK,97.5,CE,0.0,0.0,0.0,6.0,6.0,0,0.0,0
2014-11-10,2015-01-29,OPTSTK,ANDHRABANK,100.0,CE,0.0,0.0,0.0,5.4,5.35,0,0.0,0
2014-11-10,2015-01-29,OPTSTK,ANDHRABANK,102.5,CE,0.0,0.0,0.0,4.85,4.75,0,0.0,0
2014-11-10,2015-01-29,OPTSTK,ANDHRABANK,105.0,CE,0.0,0.0,0.0,4.35,4.2,0,0.0,0
2014-11-10,2015-01-29,OPTSTK,ANDHRABANK,47.5,PE,0.0,0.0,0.0,0.4,0.15,0,0.0,0
2014-11-10,2015-01-29,OPTSTK,ANDHRABANK,50.0,PE,0.0,0.0,0.0,0.6,0.25,0,0.0,0
2014-11-10,2015-01-29,OPTSTK,ANDHRABANK,52.5,PE,0.0,0.0,0.0,0.85,0.4,0,0.0,0
2014-11-10,2015-01-29,OPTSTK,ANDHRABANK,55.0,PE,0.0,0.0,0.0,1.15,0.6,0,0.0,0
2014-11-10,2015-01-29,OPTSTK,ANDHRABANK,57.5,PE,0.0,0.0,0.0,1.5,0.8,0,0.0,0
2014-11-10,2015-01-29,OPTSTK,ANDHRABANK,60.0,PE,0.0,0.0,0.0,1.95,1.15,0,0.0,0
2014-11-10,2015-01-29,OPTSTK,ANDHRABANK,62.5,PE,0.0,0.0,0.0,2.5,1.5,0,0.0,0
2014-11-10,2015-01-29,OPTSTK,ANDHRABANK,65.0,PE,0.0,0.0,0.0,3.15,2.0,0,0.0,0
2014-11-10,2015-01-29,OPTSTK,ANDHRABANK,67.5,PE,0.0,0.0,0.0,3.9,2.55,0,0.0,0
2014-11-10,2015-01-29,OPTSTK,ANDHRABANK,70.0,PE,0.0,0.0,0.0,4.6,3.2,0,0.0,28000
2014-11-10,2015-01-29,OPTSTK,ANDHRABANK,72.5,PE,0.0,0.0,0.0,5.65,3.95,0,0.0,0
2014-11-10,2015-01-29,OPTSTK,ANDHRABANK,75.0,PE,0.0,0.0,0.0,6.7,4.8,0,0.0,0
2014-11-10,2015-01-29,OPTSTK,ANDHRABANK,77.5,PE,0.0,0.0,0.0,7.8,5.8,0,0.0,0
2014-11-10,2015-01-29,OPTSTK,ANDHRABANK,80.0,PE,0.0,0.0,0.0,9.05,6.85,0,0.0,0
2014-11-10,2015-01-29,OPTSTK,ANDHRABANK,82.5,PE,0.0,0.0,0.0,10.35,8.05,0,0.0,0
2014-11-10,2015-01-29,OPTSTK,ANDHRABANK,85.0,PE,0.0,0.0,0.0,11.75,9.3,0,0.0,0
2014-11-10,2015-01-29,OPTSTK,ANDHRABANK,87.5,PE,0.0,0.0,0.0,13.25,10.65,0,0.0,0
2014-11-10,2015-01-29,OPTSTK,ANDHRABANK,90.0,PE,0.0,0.0,0.0,14.8,12.15,0,0.0,0
2014-11-10,2015-01-29,OPTSTK,ANDHRABANK,92.5,PE,0.0,0.0,0.0,16.45,13.7,0,0.0,0
2014-11-10,2015-01-29,OPTSTK,ANDHRABANK,95.0,PE,0.0,0.0,0.0,18.15,15.3,0,0.0,0
2014-11-10,2015-01-29,OPTSTK,ANDHRABANK,97.5,PE,0.0,0.0,0.0,19.9,17.0,0,0.0,0
2014-11-10,2015-01-29,OPTSTK,ANDHRABANK,100.0,PE,0.0,0.0,0.0,21.75,18.8,0,0.0,0
2014-11-10,2015-01-29,OPTSTK,ANDHRABANK,102.5,PE,0.0,0.0,0.0,23.65,20.65,0,0.0,0
2014-11-10,2015-01-29,OPTSTK,ANDHRABANK,105.0,PE,0.0,0.0,0.0,25.6,22.55,0,0.0,0
2014-11-10,2014-11-27,OPTSTK,APOLLOHOSP,780.0,CE,0.0,0.0,0.0,412.2,373.2,0,0.0,0
2014-11-10,2014-11-27,OPTSTK,APOLLOHOSP,800.0,CE,0.0,0.0,0.0,393.45,353.3,0,0.0,0
2014-11-10,2014-11-27,OPTSTK,APOLLOHOSP,820.0,CE,0.0,0.0,0.0,374.9,333.35,0,0.0,0
2014-11-10,2014-11-27,OPTSTK,APOLLOHOSP,840.0,CE,0.0,0.0,0.0,356.6,313.45,0,0.0,0
2014-11-10,2014-11-27,OPTSTK,APOLLOHOSP,860.0,CE,0.0,0.0,0.0,338.6,293.5,0,0.0,0
2014-11-10,2014-11-27,OPTSTK,APOLLOHOSP,880.0,CE,0.0,0.0,0.0,320.9,273.6,0,0.0,0
2014-11-10,2014-11-27,OPTSTK,APOLLOHOSP,900.0,CE,0.0,0.0,0.0,303.6,253.7,0,0.0,0
2014-11-10,2014-11-27,OPTSTK,APOLLOHOSP,920.0,CE,0.0,0.0,0.0,286.65,233.8,0,0.0,0
2014-11-10,2014-11-27,OPTSTK,APOLLOHOSP,940.0,CE,0.0,0.0,0.0,270.15,213.95,0,0.0,0
2014-11-10,2014-11-27,OPTSTK,APOLLOHOSP,960.0,CE,0.0,0.0,0.0,254.1,194.2,0,0.0,0
2014-11-10,2014-11-27,OPTSTK,APOLLOHOSP,980.0,CE,0.0,0.0,0.0,238.55,174.65,0,0.0,0
2014-11-10,2014-11-27,OPTSTK,APOLLOHOSP,1000.0,CE,0.0,0.0,0.0,223.55,155.3,0,0.0,0
2014-11-10,2014-11-27,OPTSTK,APOLLOHOSP,1020.0,CE,0.0,0.0,0.0,209.1,136.45,0,0.0,0
2014-11-10,2014-11-27,OPTSTK,APOLLOHOSP,1040.0,CE,0.0,0.0,0.0,195.15,118.2,0,0.0,0
2014-11-10,2014-11-27,OPTSTK,APOLLOHOSP,1060.0,CE,0.0,0.0,0.0,181.75,100.8,0,0.0,0
2014-11-10,2014-11-27,OPTSTK,APOLLOHOSP,1080.0,CE,0.0,0.0,0.0,169.0,84.5,0,0.0,0
2014-11-10,2014-11-27,OPTSTK,APOLLOHOSP,1100.0,CE,0.0,0.0,0.0,56.55,69.5,0,0.0,1000
2014-11-10,2014-11-27,OPTSTK,APOLLOHOSP,1120.0,CE,0.0,0.0,0.0,52.8,56.1,0,0.0,250
2014-11-10,2014-11-27,OPTSTK,APOLLOHOSP,1140.0,CE,0.0,0.0,0.0,43.0,44.3,0,0.0,1500
2014-11-10,2014-11-27,OPTSTK,APOLLOHOSP,1160.0,CE,0.0,0.0,0.0,39.0,34.25,0,0.0,1250
2014-11-10,2014-11-27,OPTSTK,APOLLOHOSP,1180.0,CE,0.0,0.0,0.0,30.35,25.9,0,0.0,250
2014-11-10,2014-11-27,OPTSTK,APOLLOHOSP,1200.0,CE,14.5,14.5,9.5,9.5,9.5,2,6.06,3750
2014-11-10,2014-11-27,OPTSTK,APOLLOHOSP,1220.0,CE,10.0,10.0,10.0,10.0,10.0,1,3.07,250
2014-11-10,2014-11-27,OPTSTK,APOLLOHOSP,1240.0,CE,5.8,6.0,5.8,6.0,6.0,2,6.22,750
2014-11-10,2014-11-27,OPTSTK,APOLLOHOSP,1260.0,CE,0.0,0.0,0.0,9.4,6.8,0,0.0,250
2014-11-10,2014-11-27,OPTSTK,APOLLOHOSP,1280.0,CE,0.0,0.0,0.0,74.05,4.6,0,0.0,0
2014-11-10,2014-11-27,OPTSTK,APOLLOHOSP,1300.0,CE,0.0,0.0,0.0,67.6,3.05,0,0.0,0
2014-11-10,2014-11-27,OPTSTK,APOLLOHOSP,1320.0,CE,0.0,0.0,0.0,61.6,1.95,0,0.0,0
2014-11-10,2014-11-27,OPTSTK,APOLLOHOSP,1340.0,CE,0.0,0.0,0.0,56.05,1.25,0,0.0,0
2014-11-10,2014-11-27,OPTSTK,APOLLOHOSP,1360.0,CE,0.0,0.0,0.0,50.95,0.8,0,0.0,0
2014-11-10,2014-11-27,OPTSTK,APOLLOHOSP,1380.0,CE,0.0,0.0,0.0,46.25,0.5,0,0.0,0
2014-11-10,2014-11-27,OPTSTK,APOLLOHOSP,1400.0,CE,0.0,0.0,0.0,41.95,0.3,0,0.0,0
2014-11-10,2014-11-27,OPTSTK,APOLLOHOSP,780.0,PE,0.0,0.0,0.0,2.4,0.0,0,0.0,0
2014-11-10,2014-11-27,OPTSTK,APOLLOHOSP,800.0,PE,0.0,0.0,0.0,3.2,0.0,0,0.0,0
2014-11-10,2014-11-27,OPTSTK,APOLLOHOSP,820.0,PE,0.0,0.0,0.0,4.25,0.0,0,0.0,0
2014-11-10,2014-11-27,OPTSTK,APOLLOHOSP,840.0,PE,0.0,0.0,0.0,5.55,0.0,0,0.0,0
2014-11-10,2014-11-27,OPTSTK,APOLLOHOSP,860.0,PE,0.0,0.0,0.0,7.1,0.0,0,0.0,0
2014-11-10,2014-11-27,OPTSTK,APOLLOHOSP,880.0,PE,0.0,0.0,0.0,9.0,0.05,0,0.0,0
2014-11-10,2014-11-27,OPTSTK,APOLLOHOSP,900.0,PE,0.0,0.0,0.0,11.25,0.05,0,0.0,0
2014-11-10,2014-11-27,OPTSTK,APOLLOHOSP,920.0,PE,0.0,0.0,0.0,13.9,0.1,0,0.0,0
2014-11-10,2014-11-27,OPTSTK,APOLLOHOSP,940.0,PE,0.0,0.0,0.0,17.0,0.15,0,0.0,0
2014-11-10,2014-11-27,OPTSTK,APOLLOHOSP,960.0,PE,0.0,0.0,0.0,20.5,0.35,0,0.0,0
2014-11-10,2014-11-27,OPTSTK,APOLLOHOSP,980.0,PE,0.0,0.0,0.0,24.55,0.65,0,0.0,0
2014-11-10,2014-11-27,OPTSTK,APOLLOHOSP,1000.0,PE,0.0,0.0,0.0,29.1,1.25,0,0.0,0
2014-11-10,2014-11-27,OPTSTK,APOLLOHOSP,1020.0,PE,0.0,0.0,0.0,34.2,2.3,0,0.0,0
2014-11-10,2014-11-27,OPTSTK,APOLLOHOSP,1040.0,PE,0.0,0.0,0.0,39.85,4.0,0,0.0,0
2014-11-10,2014-11-27,OPTSTK,APOLLOHOSP,1060.0,PE,0.0,0.0,0.0,18.4,6.5,0,0.0,250
2014-11-10,2014-11-27,OPTSTK,APOLLOHOSP,1080.0,PE,0.0,0.0,0.0,28.65,10.15,0,0.0,250
2014-11-10,2014-11-27,OPTSTK,APOLLOHOSP,1100.0,PE,17.05,17.65,17.05,17.65,17.65,3,8.38,1500
2014-11-10,2014-11-27,OPTSTK,APOLLOHOSP,1120.0,PE,0.0,0.0,0.0,15.7,21.55,0,0.0,500
2014-11-10,2014-11-27,OPTSTK,APOLLOHOSP,1140.0,PE,0.0,0.0,0.0,50.05,29.7,0,0.0,500
2014-11-10,2014-11-27,OPTSTK,APOLLOHOSP,1160.0,PE,0.0,0.0,0.0,39.75,39.6,0,0.0,500
2014-11-10,2014-11-27,OPTSTK,APOLLOHOSP,1180.0,PE,0.0,0.0,0.0,50.15,51.15,0,0.0,250
2014-11-10,2014-11-27,OPTSTK,APOLLOHOSP,1200.0,PE,0.0,0.0,0.0,87.5,64.35,0,0.0,500
2014-11-10,2014-11-27,OPTSTK,APOLLOHOSP,1220.0,PE,0.0,0.0,0.0,117.45,79.0,0,0.0,0
2014-11-10,2014-11-27,OPTSTK,APOLLOHOSP,1240.0,PE,0.0,0.0,0.0,129.0,94.8,0,0.0,0
2014-11-10,2014-11-27,OPTSTK,APOLLOHOSP,1260.0,PE,0.0,0.0,0.0,141.05,111.7,0,0.0,0
2014-11-10,2014-11-27,OPTSTK,APOLLOHOSP,1280.0,PE,0.0,0.0,0.0,153.65,129.45,0,0.0,0
2014-11-10,2014-11-27,OPTSTK,APOLLOHOSP,1300.0,PE,0.0,0.0,0.0,166.75,147.8,0,0.0,0
2014-11-10,2014-11-27,OPTSTK,APOLLOHOSP,1320.0,PE,0.0,0.0,0.0,180.35,166.65,0,0.0,0
2014-11-10,2014-11-27,OPTSTK,APOLLOHOSP,1340.0,PE,0.0,0.0,0.0,194.35,185.85,0,0.0,0
2014-11-10,2014-11-27,OPTSTK,APOLLOHOSP,1360.0,PE,0.0,0.0,0.0,208.85,205.3,0,0.0,0
2014-11-10,2014-11-27,OPTSTK,APOLLOHOSP,1380.0,PE,0.0,0.0,0.0,223.75,224.95,0,0.0,0
2014-11-10,2014-11-27,OPTSTK,APOLLOHOSP,1400.0,PE,0.0,0.0,0.0,239.0,244.65,0,0.0,0
2014-11-10,2014-12-24,OPTSTK,APOLLOHOSP,780.0,CE,0.0,0.0,0.0,287.1,378.3,0,0.0,0
2014-11-10,2014-12-24,OPTSTK,APOLLOHOSP,800.0,CE,0.0,0.0,0.0,269.35,358.55,0,0.0,0
2014-11-10,2014-12-24,OPTSTK,APOLLOHOSP,820.0,CE,0.0,0.0,0.0,252.1,338.85,0,0.0,0
2014-11-10,2014-12-24,OPTSTK,APOLLOHOSP,840.0,CE,0.0,0.0,0.0,235.25,319.15,0,0.0,0
2014-11-10,2014-12-24,OPTSTK,APOLLOHOSP,860.0,CE,0.0,0.0,0.0,218.95,299.55,0,0.0,0
2014-11-10,2014-12-24,OPTSTK,APOLLOHOSP,880.0,CE,0.0,0.0,0.0,203.2,280.05,0,0.0,0
2014-11-10,2014-12-24,OPTSTK,APOLLOHOSP,900.0,CE,0.0,0.0,0.0,188.1,260.7,0,0.0,0
2014-11-10,2014-12-24,OPTSTK,APOLLOHOSP,920.0,CE,0.0,0.0,0.0,173.6,241.6,0,0.0,0
2014-11-10,2014-12-24,OPTSTK,APOLLOHOSP,940.0,CE,0.0,0.0,0.0,159.75,222.75,0,0.0,0
2014-11-10,2014-12-24,OPTSTK,APOLLOHOSP,960.0,CE,0.0,0.0,0.0,146.55,204.3,0,0.0,0
2014-11-10,2014-12-24,OPTSTK,APOLLOHOSP,980.0,CE,0.0,0.0,0.0,134.15,186.3,0,0.0,0
2014-11-10,2014-12-24,OPTSTK,APOLLOHOSP,1000.0,CE,0.0,0.0,0.0,122.45,168.9,0,0.0,0
2014-11-10,2014-12-24,OPTSTK,APOLLOHOSP,1020.0,CE,0.0,0.0,0.0,111.45,152.1,0,0.0,0
2014-11-10,2014-12-24,OPTSTK,APOLLOHOSP,1040.0,CE,0.0,0.0,0.0,101.15,136.1,0,0.0,0
2014-11-10,2014-12-24,OPTSTK,APOLLOHOSP,1060.0,CE,0.0,0.0,0.0,91.6,121.0,0,0.0,0
2014-11-10,2014-12-24,OPTSTK,APOLLOHOSP,1080.0,CE,0.0,0.0,0.0,82.75,106.75,0,0.0,0
2014-11-10,2014-12-24,OPTSTK,APOLLOHOSP,1100.0,CE,0.0,0.0,0.0,74.55,93.55,0,0.0,0
2014-11-10,2014-12-24,OPTSTK,APOLLOHOSP,1120.0,CE,0.0,0.0,0.0,67.0,81.35,0,0.0,0
2014-11-10,2014-12-24,OPTSTK,APOLLOHOSP,1140.0,CE,0.0,0.0,0.0,60.05,70.25,0,0.0,0
2014-11-10,2014-12-24,OPTSTK,APOLLOHOSP,1160.0,CE,0.0,0.0,0.0,53.7,60.2,0,0.0,0
2014-11-10,2014-12-24,OPTSTK,APOLLOHOSP,1180.0,CE,0.0,0.0,0.0,47.95,51.25,0,0.0,0
2014-11-10,2014-12-24,OPTSTK,APOLLOHOSP,1200.0,CE,0.0,0.0,0.0,42.7,43.25,0,0.0,0
2014-11-10,2014-12-24,OPTSTK,APOLLOHOSP,1220.0,CE,0.0,0.0,0.0,38.0,36.25,0,0.0,0
2014-11-10,2014-12-24,OPTSTK,APOLLOHOSP,1240.0,CE,0.0,0.0,0.0,33.7,30.2,0,0.0,0
2014-11-10,2014-12-24,OPTSTK,APOLLOHOSP,1260.0,CE,0.0,0.0,0.0,29.8,25.0,0,0.0,0
2014-11-10,2014-12-24,OPTSTK,APOLLOHOSP,1280.0,CE,0.0,0.0,0.0,26.35,20.5,0,0.0,0
2014-11-10,2014-12-24,OPTSTK,APOLLOHOSP,1300.0,CE,0.0,0.0,0.0,23.25,16.7,0,0.0,0
2014-11-10,2014-12-24,OPTSTK,APOLLOHOSP,1320.0,CE,0.0,0.0,0.0,20.45,13.55,0,0.0,0
2014-11-10,2014-12-24,OPTSTK,APOLLOHOSP,1340.0,CE,0.0,0.0,0.0,18.0,10.9,0,0.0,0
2014-11-10,2014-12-24,OPTSTK,APOLLOHOSP,1360.0,CE,0.0,0.0,0.0,15.8,8.7,0,0.0,0
2014-11-10,2014-12-24,OPTSTK,APOLLOHOSP,1380.0,CE,0.0,0.0,0.0,13.85,6.9,0,0.0,0
2014-11-10,2014-12-24,OPTSTK,APOLLOHOSP,1400.0,CE,0.0,0.0,0.0,12.1,5.45,0,0.0,0
2014-11-10,2014-12-24,OPTSTK,APOLLOHOSP,780.0,PE,0.0,0.0,0.0,5.85,0.05,0,0.0,0
2014-11-10,2014-12-24,OPTSTK,APOLLOHOSP,800.0,PE,0.0,0.0,0.0,7.7,0.1,0,0.0,0
2014-11-10,2014-12-24,OPTSTK,APOLLOHOSP,820.0,PE,0.0,0.0,0.0,9.95,0.15,0,0.0,0
2014-11-10,2014-12-24,OPTSTK,APOLLOHOSP,840.0,PE,0.0,0.0,0.0,12.7,0.25,0,0.0,0
2014-11-10,2014-12-24,OPTSTK,APOLLOHOSP,860.0,PE,0.0,0.0,0.0,15.95,0.45,0,0.0,0
2014-11-10,2014-12-24,OPTSTK,APOLLOHOSP,880.0,PE,0.0,0.0,0.0,19.8,0.75,0,0.0,0
2014-11-10,2014-12-24,OPTSTK,APOLLOHOSP,900.0,PE,0.0,0.0,0.0,24.2,1.2,0,0.0,0
2014-11-10,2014-12-24,OPTSTK,APOLLOHOSP,920.0,PE,0.0,0.0,0.0,29.3,1.85,0,0.0,0
2014-11-10,2014-12-24,OPTSTK,APOLLOHOSP,940.0,PE,0.0,0.0,0.0,35.0,2.8,0,0.0,0
2014-11-10,2014-12-24,OPTSTK,APOLLOHOSP,960.0,PE,0.0,0.0,0.0,41.4,4.15,0,0.0,0
2014-11-10,2014-12-24,OPTSTK,APOLLOHOSP,980.0,PE,0.0,0.0,0.0,48.55,5.95,0,0.0,0
2014-11-10,2014-12-24,OPTSTK,APOLLOHOSP,1000.0,PE,0.0,0.0,0.0,56.4,8.3,0,0.0,0
2014-11-10,2014-12-24,OPTSTK,APOLLOHOSP,1020.0,PE,0.0,0.0,0.0,64.95,11.35,0,0.0,0
2014-11-10,2014-12-24,OPTSTK,APOLLOHOSP,1040.0,PE,0.0,0.0,0.0,74.25,15.15,0,0.0,0
2014-11-10,2014-12-24,OPTSTK,APOLLOHOSP,1060.0,PE,0.0,0.0,0.0,84.25,19.8,0,0.0,0
2014-11-10,2014-12-24,OPTSTK,APOLLOHOSP,1080.0,PE,0.0,0.0,0.0,94.95,25.35,0,0.0,0
2014-11-10,2014-12-24,OPTSTK,APOLLOHOSP,1100.0,PE,0.0,0.0,0.0,106.3,31.9,0,0.0,0
2014-11-10,2014-12-24,OPTSTK,APOLLOHOSP,1120.0,PE,0.0,0.0,0.0,118.3,39.55,0,0.0,0
2014-11-10,2014-12-24,OPTSTK,APOLLOHOSP,1140.0,PE,0.0,0.0,0.0,130.95,48.2,0,0.0,0
2014-11-10,2014-12-24,OPTSTK,APOLLOHOSP,1160.0,PE,0.0,0.0,0.0,144.15,57.95,0,0.0,0
2014-11-10,2014-12-24,OPTSTK,APOLLOHOSP,1180.0,PE,0.0,0.0,0.0,157.95,68.8,0,0.0,0
2014-11-10,2014-12-24,OPTSTK,APOLLOHOSP,1200.0,PE,0.0,0.0,0.0,172.3,80.6,0,0.0,0
2014-11-10,2014-12-24,OPTSTK,APOLLOHOSP,1220.0,PE,0.0,0.0,0.0,187.15,93.4,0,0.0,0
2014-11-10,2014-12-24,OPTSTK,APOLLOHOSP,1240.0,PE,0.0,0.0,0.0,202.45,107.1,0,0.0,0
2014-11-10,2014-12-24,OPTSTK,APOLLOHOSP,1260.0,PE,0.0,0.0,0.0,218.1,121.7,0,0.0,0
2014-11-10,2014-12-24,OPTSTK,APOLLOHOSP,1280.0,PE,0.0,0.0,0.0,234.2,137.0,0,0.0,0
2014-11-10,2014-12-24,OPTSTK,APOLLOHOSP,1300.0,PE,0.0,0.0,0.0,250.65,153.0,0,0.0,0
2014-11-10,2014-12-24,OPTSTK,APOLLOHOSP,1320.0,PE,0.0,0.0,0.0,267.45,169.6,0,0.0,0
2014-11-10,2014-12-24,OPTSTK,APOLLOHOSP,1340.0,PE,0.0,0.0,0.0,284.5,186.75,0,0.0,0
2014-11-10,2014-12-24,OPTSTK,APOLLOHOSP,1360.0,PE,0.0,0.0,0.0,301.9,204.35,0,0.0,0
2014-11-10,2014-12-24,OPTSTK,APOLLOHOSP,1380.0,PE,0.0,0.0,0.0,319.5,222.35,0,0.0,0
2014-11-10,2014-12-24,OPTSTK,APOLLOHOSP,1400.0,PE,0.0,0.0,0.0,337.3,240.7,0,0.0,0
2014-11-10,2015-01-29,OPTSTK,APOLLOHOSP,780.0,CE,0.0,0.0,0.0,354.0,385.45,0,0.0,0
2014-11-10,2015-01-29,OPTSTK,APOLLOHOSP,800.0,CE,0.0,0.0,0.0,335.3,366.1,0,0.0,0
2014-11-10,2015-01-29,OPTSTK,APOLLOHOSP,820.0,CE,0.0,0.0,0.0,316.8,346.9,0,0.0,0
2014-11-10,2015-01-29,OPTSTK,APOLLOHOSP,840.0,CE,0.0,0.0,0.0,298.65,327.85,0,0.0,0
2014-11-10,2015-01-29,OPTSTK,APOLLOHOSP,860.0,CE,0.0,0.0,0.0,280.8,309.0,0,0.0,0
2014-11-10,2015-01-29,OPTSTK,APOLLOHOSP,880.0,CE,0.0,0.0,0.0,263.35,290.4,0,0.0,0
2014-11-10,2015-01-29,OPTSTK,APOLLOHOSP,900.0,CE,0.0,0.0,0.0,246.35,272.1,0,0.0,0
2014-11-10,2015-01-29,OPTSTK,APOLLOHOSP,920.0,CE,0.0,0.0,0.0,229.8,254.15,0,0.0,0
2014-11-10,2015-01-29,OPTSTK,APOLLOHOSP,940.0,CE,0.0,0.0,0.0,213.8,236.65,0,0.0,0
2014-11-10,2015-01-29,OPTSTK,APOLLOHOSP,960.0,CE,0.0,0.0,0.0,198.35,219.6,0,0.0,0
2014-11-10,2015-01-29,OPTSTK,APOLLOHOSP,980.0,CE,0.0,0.0,0.0,183.6,203.05,0,0.0,0
2014-11-10,2015-01-29,OPTSTK,APOLLOHOSP,1000.0,CE,0.0,0.0,0.0,169.4,187.15,0,0.0,0
2014-11-10,2015-01-29,OPTSTK,APOLLOHOSP,1020.0,CE,0.0,0.0,0.0,155.8,171.85,0,0.0,0
2014-11-10,2015-01-29,OPTSTK,APOLLOHOSP,1040.0,CE,0.0,0.0,0.0,142.95,157.25,0,0.0,0
2014-11-10,2015-01-29,OPTSTK,APOLLOHOSP,1060.0,CE,0.0,0.0,0.0,130.85,143.35,0,0.0,0
2014-11-10,2015-01-29,OPTSTK,APOLLOHOSP,1080.0,CE,0.0,0.0,0.0,119.4,130.2,0,0.0,0
2014-11-10,2015-01-29,OPTSTK,APOLLOHOSP,1100.0,CE,0.0,0.0,0.0,108.7,117.8,0,0.0,0
2014-11-10,2015-01-29,OPTSTK,APOLLOHOSP,1120.0,CE,0.0,0.0,0.0,98.65,106.25,0,0.0,0
2014-11-10,2015-01-29,OPTSTK,APOLLOHOSP,1140.0,CE,0.0,0.0,0.0,89.35,95.45,0,0.0,0
2014-11-10,2015-01-29,OPTSTK,APOLLOHOSP,1160.0,CE,0.0,0.0,0.0,80.7,85.45,0,0.0,0
2014-11-10,2015-01-29,OPTSTK,APOLLOHOSP,1180.0,CE,0.0,0.0,0.0,72.7,76.25,0,0.0,0
2014-11-10,2015-01-29,OPTSTK,APOLLOHOSP,1200.0,CE,0.0,0.0,0.0,65.35,67.8,0,0.0,0
2014-11-10,2015-01-29,OPTSTK,APOLLOHOSP,1220.0,CE,0.0,0.0,0.0,58.6,60.05,0,0.0,0
2014-11-10,2015-01-29,OPTSTK,APOLLOHOSP,1240.0,CE,0.0,0.0,0.0,52.4,53.0,0,0.0,0
2014-11-10,2015-01-29,OPTSTK,APOLLOHOSP,1260.0,CE,0.0,0.0,0.0,46.75,46.65,0,0.0,0
2014-11-10,2015-01-29,OPTSTK,APOLLOHOSP,1280.0,CE,0.0,0.0,0.0,41.7,40.9,0,0.0,0
2014-11-10,2015-01-29,OPTSTK,APOLLOHOSP,1300.0,CE,0.0,0.0,0.0,37.1,35.85,0,0.0,0
2014-11-10,2015-01-29,OPTSTK,APOLLOHOSP,1320.0,CE,0.0,0.0,0.0,32.9,31.25,0,0.0,0
2014-11-10,2015-01-29,OPTSTK,APOLLOHOSP,1340.0,CE,0.0,0.0,0.0,29.1,27.15,0,0.0,0
2014-11-10,2015-01-29,OPTSTK,APOLLOHOSP,1360.0,CE,0.0,0.0,0.0,25.7,23.5,0,0.0,0
2014-11-10,2015-01-29,OPTSTK,APOLLOHOSP,1380.0,CE,0.0,0.0,0.0,22.65,20.35,0,0.0,0
2014-11-10,2015-01-29,OPTSTK,APOLLOHOSP,1400.0,CE,0.0,0.0,0.0,19.95,17.5,0,0.0,0
2014-11-10,2015-01-29,OPTSTK,APOLLOHOSP,780.0,PE,0.0,0.0,0.0,2.2,0.55,0,0.0,0
2014-11-10,2015-01-29,OPTSTK,APOLLOHOSP,800.0,PE,0.0,0.0,0.0,3.05,0.85,0,0.0,0
2014-11-10,2015-01-29,OPTSTK,APOLLOHOSP,820.0,PE,0.0,0.0,0.0,4.1,1.25,0,0.0,0
2014-11-10,2015-01-29,OPTSTK,APOLLOHOSP,840.0,PE,0.0,0.0,0.0,5.5,1.8,0,0.0,0
2014-11-10,2015-01-29,OPTSTK,APOLLOHOSP,860.0,PE,0.0,0.0,0.0,7.25,2.6,0,0.0,0
2014-11-10,2015-01-29,OPTSTK,APOLLOHOSP,880.0,PE,0.0,0.0,0.0,9.35,3.6,0,0.0,0
2014-11-10,2015-01-29,OPTSTK,APOLLOHOSP,900.0,PE,0.0,0.0,0.0,11.9,4.95,0,0.0,0
2014-11-10,2015-01-29,OPTSTK,APOLLOHOSP,920.0,PE,0.0,0.0,0.0,14.95,6.6,0,0.0,0
2014-11-10,2015-01-29,OPTSTK,APOLLOHOSP,940.0,PE,0.0,0.0,0.0,18.5,8.7,0,0.0,0
2014-11-10,2015-01-29,OPTSTK,APOLLOHOSP,960.0,PE,0.0,0.0,0.0,22.65,11.3,0,0.0,0
2014-11-10,2015-01-29,OPTSTK,APOLLOHOSP,980.0,PE,0.0,0.0,0.0,27.45,14.4,0,0.0,0
2014-11-10,2015-01-29,OPTSTK,APOLLOHOSP,1000.0,PE,0.0,0.0,0.0,32.8,18.1,0,0.0,0
2014-11-10,2015-01-29,OPTSTK,APOLLOHOSP,1020.0,PE,0.0,0.0,0.0,38.8,22.4,0,0.0,0
2014-11-10,2015-01-29,OPTSTK,APOLLOHOSP,1040.0,PE,0.0,0.0,0.0,45.55,27.45,0,0.0,0
2014-11-10,2015-01-29,OPTSTK,APOLLOHOSP,1060.0,PE,0.0,0.0,0.0,52.95,33.15,0,0.0,0
2014-11-10,2015-01-29,OPTSTK,APOLLOHOSP,1080.0,PE,0.0,0.0,0.0,61.1,39.6,0,0.0,0
2014-11-10,2015-01-29,OPTSTK,APOLLOHOSP,1100.0,PE,0.0,0.0,0.0,69.95,46.85,0,0.0,0
2014-11-10,2015-01-29,OPTSTK,APOLLOHOSP,1120.0,PE,0.0,0.0,0.0,79.5,54.9,0,0.0,0
2014-11-10,2015-01-29,OPTSTK,APOLLOHOSP,1140.0,PE,0.0,0.0,0.0,89.75,63.75,0,0.0,0
2014-11-10,2015-01-29,OPTSTK,APOLLOHOSP,1160.0,PE,0.0,0.0,0.0,100.65,73.4,0,0.0,0
2014-11-10,2015-01-29,OPTSTK,APOLLOHOSP,1180.0,PE,0.0,0.0,0.0,112.25,83.8,0,0.0,0
2014-11-10,2015-01-29,OPTSTK,APOLLOHOSP,1200.0,PE,0.0,0.0,0.0,124.45,94.95,0,0.0,0
2014-11-10,2015-01-29,OPTSTK,APOLLOHOSP,1220.0,PE,0.0,0.0,0.0,137.25,106.85,0,0.0,0
2014-11-10,2015-01-29,OPTSTK,APOLLOHOSP,1240.0,PE,0.0,0.0,0.0,150.65,119.4,0,0.0,0
2014-11-10,2015-01-29,OPTSTK,APOLLOHOSP,1260.0,PE,0.0,0.0,0.0,164.6,132.7,0,0.0,0
2014-11-10,2015-01-29,OPTSTK,APOLLOHOSP,1280.0,PE,0.0,0.0,0.0,179.1,146.55,0,0.0,0
2014-11-10,2015-01-29,OPTSTK,APOLLOHOSP,1300.0,PE,0.0,0.0,0.0,194.0,161.1,0,0.0,0
2014-11-10,2015-01-29,OPTSTK,APOLLOHOSP,1320.0,PE,0.0,0.0,0.0,209.4,176.15,0,0.0,0
2014-11-10,2015-01-29,OPTSTK,APOLLOHOSP,1340.0,PE,0.0,0.0,0.0,225.15,191.65,0,0.0,0
2014-11-10,2015-01-29,OPTSTK,APOLLOHOSP,1360.0,PE,0.0,0.0,0.0,241.35,207.65,0,0.0,0
2014-11-10,2015-01-29,OPTSTK,APOLLOHOSP,1380.0,PE,0.0,0.0,0.0,257.9,224.1,0,0.0,0
2014-11-10,2015-01-29,OPTSTK,APOLLOHOSP,1400.0,PE,0.0,0.0,0.0,274.75,240.9,0,0.0,0
2014-11-10,2014-11-27,OPTSTK,APOLLOTYRE,110.0,CE,0.0,0.0,0.0,58.3,126.75,0,0.0,0
2014-11-10,2014-11-27,OPTSTK,APOLLOTYRE,120.0,CE,0.0,0.0,0.0,49.35,116.8,0,0.0,0
2014-11-10,2014-11-27,OPTSTK,APOLLOTYRE,130.0,CE,0.0,0.0,0.0,41.0,106.85,0,0.0,0
2014-11-10,2014-11-27,OPTSTK,APOLLOTYRE,140.0,CE,0.0,0.0,0.0,33.4,96.85,0,0.0,0
2014-11-10,2014-11-27,OPTSTK,APOLLOTYRE,150.0,CE,0.0,0.0,0.0,26.75,86.9,0,0.0,0
2014-11-10,2014-11-27,OPTSTK,APOLLOTYRE,160.0,CE,0.0,0.0,0.0,21.0,76.95,0,0.0,0
2014-11-10,2014-11-27,OPTSTK,APOLLOTYRE,170.0,CE,0.0,0.0,0.0,16.25,67.0,0,0.0,0
2014-11-10,2014-11-27,OPTSTK,APOLLOTYRE,180.0,CE,0.0,0.0,0.0,36.0,57.1,0,0.0,8000
2014-11-10,2014-11-27,OPTSTK,APOLLOTYRE,190.0,CE,0.0,0.0,0.0,32.2,47.25,0,0.0,6000
2014-11-10,2014-11-27,OPTSTK,APOLLOTYRE,200.0,CE,36.0,36.5,36.0,36.5,36.5,2,9.45,56000
2014-11-10,2014-11-27,OPTSTK,APOLLOTYRE,210.0,CE,30.9,31.25,30.55,30.55,30.55,3,14.45,106000
2014-11-10,2014-11-27,OPTSTK,APOLLOTYRE,220.0,CE,19.55,23.0,18.65,20.55,20.55,43,206.88,218000
2014-11-10,2014-11-27,OPTSTK,APOLLOTYRE,230.0,CE,11.45,16.15,11.45,13.7,13.7,410,1998.13,416000
2014-11-10,2014-11-27,OPTSTK,APOLLOTYRE,240.0,CE,6.6,10.2,6.6,8.5,8.5,1625,8078.34,1180000
2014-11-10,2014-11-27,OPTSTK,APOLLOTYRE,250.0,CE,4.4,6.3,3.95,5.1,5.1,1156,5896.86,764000
2014-11-10,2014-11-27,OPTSTK,APOLLOTYRE,260.0,CE,2.8,3.5,2.15,3.05,3.05,501,2634.3,454000
2014-11-10,2014-11-27,OPTSTK,APOLLOTYRE,270.0,CE,1.7,1.85,1.25,1.7,1.7,180,977.78,270000
2014-11-10,2014-11-27,OPTSTK,APOLLOTYRE,280.0,CE,1.0,1.1,0.75,1.0,1.0,76,426.97,168000
2014-11-10,2014-11-27,OPTSTK,APOLLOTYRE,290.0,CE,0.45,0.55,0.45,0.55,0.55,22,127.82,40000
2014-11-10,2014-11-27,OPTSTK,APOLLOTYRE,110.0,PE,0.0,0.0,0.0,0.65,0.0,0,0.0,0
2014-11-10,2014-11-27,OPTSTK,APOLLOTYRE,120.0,PE,0.0,0.0,0.0,1.5,0.0,0,0.0,0
2014-11-10,2014-11-27,OPTSTK,APOLLOTYRE,130.0,PE,0.0,0.0,0.0,2.9,0.0,0,0.0,0
2014-11-10,2014-11-27,OPTSTK,APOLLOTYRE,140.0,PE,0.0,0.0,0.0,5.15,0.0,0,0.0,0
2014-11-10,2014-11-27,OPTSTK,APOLLOTYRE,150.0,PE,0.0,0.0,0.0,8.25,0.0,0,0.0,0
2014-11-10,2014-11-27,OPTSTK,APOLLOTYRE,160.0,PE,0.0,0.0,0.0,0.25,0.0,0,0.0,4000
2014-11-10,2014-11-27,OPTSTK,APOLLOTYRE,170.0,PE,0.0,0.0,0.0,3.65,0.05,0,0.0,2000
2014-11-10,2014-11-27,OPTSTK,APOLLOTYRE,180.0,PE,0.0,0.0,0.0,0.4,0.05,0,0.0,30000
2014-11-10,2014-11-27,OPTSTK,APOLLOTYRE,190.0,PE,0.4,0.6,0.4,0.55,0.55,39,148.62,82000
2014-11-10,2014-11-27,OPTSTK,APOLLOTYRE,200.0,PE,1.0,1.2,0.75,1.05,1.05,107,430.19,256000
2014-11-10,2014-11-27,OPTSTK,APOLLOTYRE,210.0,PE,1.7,2.25,1.45,2.05,2.05,284,1203.92,350000
2014-11-10,2014-11-27,OPTSTK,APOLLOTYRE,220.0,PE,3.9,4.3,2.55,3.8,3.8,549,2455.89,646000
2014-11-10,2014-11-27,OPTSTK,APOLLOTYRE,230.0,PE,8.05,8.05,5.3,7.0,7.0,747,3537.66,520000
2014-11-10,2014-11-27,OPTSTK,APOLLOTYRE,240.0,PE,11.1,16.9,9.15,11.4,11.4,206,1034.93,102000
2014-11-10,2014-11-27,OPTSTK,APOLLOTYRE,250.0,PE,18.0,18.65,17.75,18.05,18.05,11,59.0,24000
2014-11-10,2014-11-27,OPTSTK,APOLLOTYRE,260.0,PE,25.65,25.65,25.6,25.6,25.6,2,11.42,0
2014-11-10,2014-11-27,OPTSTK,APOLLOTYRE,270.0,PE,0.0,0.0,0.0,99.65,34.3,0,0.0,0
2014-11-10,2014-11-27,OPTSTK,APOLLOTYRE,280.0,PE,0.0,0.0,0.0,97.55,43.45,0,0.0,0
2014-11-10,2014-11-27,OPTSTK,APOLLOTYRE,290.0,PE,0.0,0.0,0.0,100.95,52.95,0,0.0,0
2014-11-10,2014-12-24,OPTSTK,APOLLOTYRE,110.0,CE,0.0,0.0,0.0,83.65,127.45,0,0.0,0
2014-11-10,2014-12-24,OPTSTK,APOLLOTYRE,120.0,CE,0.0,0.0,0.0,74.35,117.6,0,0.0,0
2014-11-10,2014-12-24,OPTSTK,APOLLOTYRE,130.0,CE,0.0,0.0,0.0,65.4,107.7,0,0.0,0
2014-11-10,2014-12-24,OPTSTK,APOLLOTYRE,140.0,CE,0.0,0.0,0.0,56.95,97.8,0,0.0,0
2014-11-10,2014-12-24,OPTSTK,APOLLOTYRE,150.0,CE,0.0,0.0,0.0,49.1,87.95,0,0.0,0
2014-11-10,2014-12-24,OPTSTK,APOLLOTYRE,160.0,CE,0.0,0.0,0.0,41.9,78.15,0,0.0,0
2014-11-10,2014-12-24,OPTSTK,APOLLOTYRE,170.0,CE,0.0,0.0,0.0,35.4,68.5,0,0.0,0
2014-11-10,2014-12-24,OPTSTK,APOLLOTYRE,180.0,CE,0.0,0.0,0.0,29.65,59.1,0,0.0,0
2014-11-10,2014-12-24,OPTSTK,APOLLOTYRE,190.0,CE,0.0,0.0,0.0,24.6,50.05,0,0.0,0
2014-11-10,2014-12-24,OPTSTK,APOLLOTYRE,200.0,CE,0.0,0.0,0.0,20.3,41.65,0,0.0,0
2014-11-10,2014-12-24,OPTSTK,APOLLOTYRE,210.0,CE,0.0,0.0,0.0,16.6,33.95,0,0.0,0
2014-11-10,2014-12-24,OPTSTK,APOLLOTYRE,220.0,CE,0.0,0.0,0.0,13.5,27.1,0,0.0,0
2014-11-10,2014-12-24,OPTSTK,APOLLOTYRE,230.0,CE,0.0,0.0,0.0,10.95,21.2,0,0.0,0
2014-11-10,2014-12-24,OPTSTK,APOLLOTYRE,240.0,CE,0.0,0.0,0.0,13.0,16.2,0,0.0,4000
2014-11-10,2014-12-24,OPTSTK,APOLLOTYRE,250.0,CE,0.0,0.0,0.0,7.05,12.2,0,0.0,0
2014-11-10,2014-12-24,OPTSTK,APOLLOTYRE,260.0,CE,0.0,0.0,0.0,5.65,9.0,0,0.0,0
2014-11-10,2014-12-24,OPTSTK,APOLLOTYRE,270.0,CE,0.0,0.0,0.0,4.5,6.5,0,0.0,0
2014-11-10,2014-12-24,OPTSTK,APOLLOTYRE,280.0,CE,0.0,0.0,0.0,3.55,4.65,0,0.0,0
2014-11-10,2014-12-24,OPTSTK,APOLLOTYRE,290.0,CE,0.0,0.0,0.0,2.85,3.25,0,0.0,0
2014-11-10,2014-12-24,OPTSTK,APOLLOTYRE,110.0,PE,0.0,0.0,0.0,0.45,0.0,0,0.0,0
2014-11-10,2014-12-24,OPTSTK,APOLLOTYRE,120.0,PE,0.0,0.0,0.0,0.95,0.0,0,0.0,0
2014-11-10,2014-12-24,OPTSTK,APOLLOTYRE,130.0,PE,0.0,0.0,0.0,1.8,0.0,0,0.0,0
2014-11-10,2014-12-24,OPTSTK,APOLLOTYRE,140.0,PE,0.0,0.0,0.0,3.1,0.05,0,0.0,0
2014-11-10,2014-12-24,OPTSTK,APOLLOTYRE,150.0,PE,0.0,0.0,0.0,5.0,0.05,0,0.0,0
2014-11-10,2014-12-24,OPTSTK,APOLLOTYRE,160.0,PE,0.0,0.0,0.0,7.6,0.15,0,0.0,0
2014-11-10,2014-12-24,OPTSTK,APOLLOTYRE,170.0,PE,0.0,0.0,0.0,10.9,0.4,0,0.0,0
2014-11-10,2014-12-24,OPTSTK,APOLLOTYRE,180.0,PE,0.0,0.0,0.0,14.9,0.9,0,0.0,0
2014-11-10,2014-12-24,OPTSTK,APOLLOTYRE,190.0,PE,0.0,0.0,0.0,19.7,1.8,0,0.0,0
2014-11-10,2014-12-24,OPTSTK,APOLLOTYRE,200.0,PE,0.0,0.0,0.0,25.15,3.25,0,0.0,0
2014-11-10,2014-12-24,OPTSTK,APOLLOTYRE,210.0,PE,0.0,0.0,0.0,31.25,5.45,0,0.0,0
2014-11-10,2014-12-24,OPTSTK,APOLLOTYRE,220.0,PE,0.0,0.0,0.0,37.9,8.5,0,0.0,0
2014-11-10,2014-12-24,OPTSTK,APOLLOTYRE,230.0,PE,7.0,11.0,7.0,11.0,11.0,2,9.56,0
2014-11-10,2014-12-24,OPTSTK,APOLLOTYRE,240.0,PE,0.0,0.0,0.0,52.8,17.4,0,0.0,0
2014-11-10,2014-12-24,OPTSTK,APOLLOTYRE,250.0,PE,0.0,0.0,0.0,60.8,23.25,0,0.0,0
2014-11-10,2014-12-24,OPTSTK,APOLLOTYRE,260.0,PE,0.0,0.0,0.0,69.2,29.95,0,0.0,0
2014-11-10,2014-12-24,OPTSTK,APOLLOTYRE,270.0,PE,0.0,0.0,0.0,77.8,37.4,0,0.0,0
2014-11-10,2014-12-24,OPTSTK,APOLLOTYRE,280.0,PE,0.0,0.0,0.0,86.65,45.4,0,0.0,0
2014-11-10,2014-12-24,OPTSTK,APOLLOTYRE,290.0,PE,0.0,0.0,0.0,95.7,53.9,0,0.0,0
2014-11-10,2015-01-29,OPTSTK,APOLLOTYRE,120.0,CE,0.0,0.0,0.0,98.85,118.6,0,0.0,0
2014-11-10,2015-01-29,OPTSTK,APOLLOTYRE,130.0,CE,0.0,0.0,0.0,89.25,108.85,0,0.0,0
2014-11-10,2015-01-29,OPTSTK,APOLLOTYRE,140.0,CE,0.0,0.0,0.0,79.85,99.15,0,0.0,0
2014-11-10,2015-01-29,OPTSTK,APOLLOTYRE,150.0,CE,0.0,0.0,0.0,70.75,89.55,0,0.0,0
2014-11-10,2015-01-29,OPTSTK,APOLLOTYRE,160.0,CE,0.0,0.0,0.0,62.0,80.2,0,0.0,0
2014-11-10,2015-01-29,OPTSTK,APOLLOTYRE,170.0,CE,0.0,0.0,0.0,53.8,71.1,0,0.0,0
2014-11-10,2015-01-29,OPTSTK,APOLLOTYRE,180.0,CE,0.0,0.0,0.0,46.2,62.4,0,0.0,0
2014-11-10,2015-01-29,OPTSTK,APOLLOTYRE,190.0,CE,0.0,0.0,0.0,39.25,54.2,0,0.0,0
2014-11-10,2015-01-29,OPTSTK,APOLLOTYRE,200.0,CE,0.0,0.0,0.0,33.0,46.6,0,0.0,0
2014-11-10,2015-01-29,OPTSTK,APOLLOTYRE,210.0,CE,0.0,0.0,0.0,27.5,39.6,0,0.0,0
2014-11-10,2015-01-29,OPTSTK,APOLLOTYRE,220.0,CE,0.0,0.0,0.0,22.7,33.35,0,0.0,0
2014-11-10,2015-01-29,OPTSTK,APOLLOTYRE,230.0,CE,0.0,0.0,0.0,18.55,27.8,0,0.0,0
2014-11-10,2015-01-29,OPTSTK,APOLLOTYRE,240.0,CE,0.0,0.0,0.0,15.1,22.95,0,0.0,0
2014-11-10,2015-01-29,OPTSTK,APOLLOTYRE,250.0,CE,0.0,0.0,0.0,12.15,18.8,0,0.0,0
2014-11-10,2015-01-29,OPTSTK,APOLLOTYRE,260.0,CE,0.0,0.0,0.0,9.75,15.25,0,0.0,0
2014-11-10,2015-01-29,OPTSTK,APOLLOTYRE,270.0,CE,0.0,0.0,0.0,7.8,12.3,0,0.0,0
2014-11-10,2015-01-29,OPTSTK,APOLLOTYRE,280.0,CE,0.0,0.0,0.0,6.15,9.85,0,0.0,0
2014-11-10,2015-01-29,OPTSTK,APOLLOTYRE,290.0,CE,0.0,0.0,0.0,4.85,7.85,0,0.0,0
2014-11-10,2015-01-29,OPTSTK,APOLLOTYRE,120.0,PE,0.0,0.0,0.0,0.15,0.05,0,0.0,0
2014-11-10,2015-01-29,OPTSTK,APOLLOTYRE,130.0,PE,0.0,0.0,0.0,0.35,0.1,0,0.0,0
2014-11-10,2015-01-29,OPTSTK,APOLLOTYRE,140.0,PE,0.0,0.0,0.0,0.7,0.2,0,0.0,0
2014-11-10,2015-01-29,OPTSTK,APOLLOTYRE,150.0,PE,0.0,0.0,0.0,1.4,0.45,0,0.0,0
2014-11-10,2015-01-29,OPTSTK,APOLLOTYRE,160.0,PE,0.0,0.0,0.0,2.45,0.85,0,0.0,0
2014-11-10,2015-01-29,OPTSTK,APOLLOTYRE,170.0,PE,0.0,0.0,0.0,4.05,1.55,0,0.0,0
2014-11-10,2015-01-29,OPTSTK,APOLLOTYRE,180.0,PE,0.0,0.0,0.0,6.2,2.7,0,0.0,0
2014-11-10,2015-01-29,OPTSTK,APOLLOTYRE,190.0,PE,0.0,0.0,0.0,9.05,4.3,0,0.0,0
2014-11-10,2015-01-29,OPTSTK,APOLLOTYRE,200.0,PE,0.0,0.0,0.0,12.55,6.5,0,0.0,0
2014-11-10,2015-01-29,OPTSTK,APOLLOTYRE,210.0,PE,0.0,0.0,0.0,16.85,9.35,0,0.0,0
2014-11-10,2015-01-29,OPTSTK,APOLLOTYRE,220.0,PE,0.0,0.0,0.0,21.85,12.9,0,0.0,0
2014-11-10,2015-01-29,OPTSTK,APOLLOTYRE,230.0,PE,0.0,0.0,0.0,27.5,17.15,0,0.0,0
2014-11-10,2015-01-29,OPTSTK,APOLLOTYRE,240.0,PE,0.0,0.0,0.0,33.8,22.1,0,0.0,0
2014-11-10,2015-01-29,OPTSTK,APOLLOTYRE,250.0,PE,0.0,0.0,0.0,40.65,27.75,0,0.0,0
2014-11-10,2015-01-29,OPTSTK,APOLLOTYRE,260.0,PE,0.0,0.0,0.0,48.05,34.05,0,0.0,0
2014-11-10,2015-01-29,OPTSTK,APOLLOTYRE,270.0,PE,0.0,0.0,0.0,55.85,40.9,0,0.0,0
2014-11-10,2015-01-29,OPTSTK,APOLLOTYRE,280.0,PE,0.0,0.0,0.0,64.0,48.25,0,0.0,0
2014-11-10,2015-01-29,OPTSTK,APOLLOTYRE,290.0,PE,0.0,0.0,0.0,72.5,56.05,0,0.0,0
2014-11-10,2014-11-27,OPTSTK,ARVIND,190.0,CE,0.0,0.0,0.0,104.4,100.55,0,0.0,0
2014-11-10,2014-11-27,OPTSTK,ARVIND,200.0,CE,0.0,0.0,0.0,96.1,90.6,0,0.0,0
2014-11-10,2014-11-27,OPTSTK,ARVIND,210.0,CE,0.0,0.0,0.0,88.15,80.65,0,0.0,0
2014-11-10,2014-11-27,OPTSTK,ARVIND,220.0,CE,0.0,0.0,0.0,80.6,70.75,0,0.0,0
2014-11-10,2014-11-27,OPTSTK,ARVIND,230.0,CE,0.0,0.0,0.0,73.45,60.9,0,0.0,0
2014-11-10,2014-11-27,OPTSTK,ARVIND,240.0,CE,0.0,0.0,0.0,65.0,51.2,0,0.0,2000
2014-11-10,2014-11-27,OPTSTK,ARVIND,250.0,CE,0.0,0.0,0.0,46.15,41.9,0,0.0,12000
2014-11-10,2014-11-27,OPTSTK,ARVIND,260.0,CE,0.0,0.0,0.0,37.85,33.2,0,0.0,4000
2014-11-10,2014-11-27,OPTSTK,ARVIND,270.0,CE,0.0,0.0,0.0,29.25,25.35,0,0.0,4000
2014-11-10,2014-11-27,OPTSTK,ARVIND,280.0,CE,19.0,19.0,16.0,17.7,17.7,26,77.28,31000
2014-11-10,2014-11-27,OPTSTK,ARVIND,290.0,CE,13.95,13.95,10.15,10.85,10.85,368,1108.51,219000
2014-11-10,2014-11-27,OPTSTK,ARVIND,300.0,CE,11.45,11.45,6.3,6.9,6.9,1080,3319.49,752000
2014-11-10,2014-11-27,OPTSTK,ARVIND,310.0,CE,6.9,6.9,3.8,4.15,4.15,719,2261.42,959000
2014-11-10,2014-11-27,OPTSTK,ARVIND,320.0,CE,3.55,3.55,2.35,2.6,2.6,707,2282.51,760000
2014-11-10,2014-11-27,OPTSTK,ARVIND,330.0,CE,2.3,2.3,1.45,1.65,1.65,240,796.25,365000
2014-11-10,2014-11-27,OPTSTK,ARVIND,340.0,CE,1.25,1.35,0.95,1.15,1.15,138,470.72,328000
2014-11-10,2014-11-27,OPTSTK,ARVIND,350.0,CE,0.55,0.95,0.55,0.7,0.7,68,238.49,156000
2014-11-10,2014-11-27,OPTSTK,ARVIND,360.0,CE,0.45,0.5,0.45,0.5,0.5,29,104.53,87000
2014-11-10,2014-11-27,OPTSTK,ARVIND,370.0,CE,0.5,0.5,0.35,0.45,0.45,22,81.48,45000
2014-11-10,2014-11-27,OPTSTK,ARVIND,380.0,CE,0.2,0.25,0.2,0.25,0.25,5,19.01,35000
2014-11-10,2014-11-27,OPTSTK,ARVIND,390.0,CE,0.0,0.0,0.0,12.25,0.05,0,0.0,0
2014-11-10,2014-11-27,OPTSTK,ARVIND,190.0,PE,0.0,0.0,0.0,3.65,0.0,0,0.0,0
2014-11-10,2014-11-27,OPTSTK,ARVIND,200.0,PE,0.0,0.0,0.0,5.15,0.0,0,0.0,0
2014-11-10,2014-11-27,OPTSTK,ARVIND,210.0,PE,0.0,0.0,0.0,7.0,0.05,0,0.0,0
2014-11-10,2014-11-27,OPTSTK,ARVIND,220.0,PE,0.0,0.0,0.0,2.9,0.05,0,0.0,0
2014-11-10,2014-11-27,OPTSTK,ARVIND,230.0,PE,0.0,0.0,0.0,11.85,0.2,0,0.0,0
2014-11-10,2014-11-27,OPTSTK,ARVIND,240.0,PE,0.0,0.0,0.0,0.65,0.45,0,0.0,4000
2014-11-10,2014-11-27,OPTSTK,ARVIND,250.0,PE,1.0,1.1,0.7,0.8,0.8,37,92.82,25000
2014-11-10,2014-11-27,OPTSTK,ARVIND,260.0,PE,1.65,1.95,1.25,1.55,1.55,118,308.64,91000
2014-11-10,2014-11-27,OPTSTK,ARVIND,270.0,PE,2.95,3.5,2.45,2.8,2.8,139,379.46,133000
2014-11-10,2014-11-27,OPTSTK,ARVIND,280.0,PE,5.2,6.3,4.4,5.25,5.25,388,1107.12,128000
2014-11-10,2014-11-27,OPTSTK,ARVIND,290.0,PE,7.7,10.8,7.7,9.15,9.15,503,1505.67,257000
2014-11-10,2014-11-27,OPTSTK,ARVIND,300.0,PE,11.95,17.0,11.95,15.35,15.35,532,1675.31,353000
2014-11-10,2014-11-27,OPTSTK,ARVIND,310.0,PE,19.4,23.9,19.4,21.55,21.55,32,106.27,27000
2014-11-10,2014-11-27,OPTSTK,ARVIND,320.0,PE,30.0,32.4,29.2,29.25,29.25,21,73.65,23000
2014-11-10,2014-11-27,OPTSTK,ARVIND,330.0,PE,0.0,0.0,0.0,29.75,41.0,0,0.0,10000
2014-11-10,2014-11-27,OPTSTK,ARVIND,340.0,PE,0.0,0.0,0.0,35.0,50.05,0,0.0,1000
2014-11-10,2014-11-27,OPTSTK,ARVIND,350.0,PE,0.0,0.0,0.0,75.8,59.5,0,0.0,0
2014-11-10,2014-11-27,OPTSTK,ARVIND,360.0,PE,0.0,0.0,0.0,83.3,69.15,0,0.0,0
2014-11-10,2014-11-27,OPTSTK,ARVIND,370.0,PE,0.0,0.0,0.0,91.1,78.95,0,0.0,0
2014-11-10,2014-11-27,OPTSTK,ARVIND,380.0,PE,0.0,0.0,0.0,99.1,88.8,0,0.0,0
2014-11-10,2014-11-27,OPTSTK,ARVIND,390.0,PE,0.0,0.0,0.0,107.25,98.7,0,0.0,0
2014-11-10,2014-12-24,OPTSTK,ARVIND,190.0,CE,0.0,0.0,0.0,107.85,101.9,0,0.0,0
2014-11-10,2014-12-24,OPTSTK,ARVIND,200.0,CE,0.0,0.0,0.0,99.35,92.15,0,0.0,0
2014-11-10,2014-12-24,OPTSTK,ARVIND,210.0,CE,0.0,0.0,0.0,91.2,82.5,0,0.0,0
2014-11-10,2014-12-24,OPTSTK,ARVIND,220.0,CE,0.0,0.0,0.0,83.45,73.05,0,0.0,0
2014-11-10,2014-12-24,OPTSTK,ARVIND,230.0,CE,0.0,0.0,0.0,76.1,63.95,0,0.0,0
2014-11-10,2014-12-24,OPTSTK,ARVIND,240.0,CE,0.0,0.0,0.0,69.2,55.25,0,0.0,0
2014-11-10,2014-12-24,OPTSTK,ARVIND,250.0,CE,0.0,0.0,0.0,62.7,47.15,0,0.0,0
2014-11-10,2014-12-24,OPTSTK,ARVIND,260.0,CE,0.0,0.0,0.0,56.65,39.65,0,0.0,0
2014-11-10,2014-12-24,OPTSTK,ARVIND,270.0,CE,0.0,0.0,0.0,51.05,32.85,0,0.0,0
2014-11-10,2014-12-24,OPTSTK,ARVIND,280.0,CE,0.0,0.0,0.0,45.9,26.85,0,0.0,0
2014-11-10,2014-12-24,OPTSTK,ARVIND,290.0,CE,0.0,0.0,0.0,41.15,21.6,0,0.0,0
2014-11-10,2014-12-24,OPTSTK,ARVIND,300.0,CE,0.0,0.0,0.0,36.8,17.15,0,0.0,0
2014-11-10,2014-12-24,OPTSTK,ARVIND,310.0,CE,0.0,0.0,0.0,24.55,13.45,0,0.0,1000
2014-11-10,2014-12-24,OPTSTK,ARVIND,320.0,CE,0.0,0.0,0.0,29.25,10.4,0,0.0,0
2014-11-10,2014-12-24,OPTSTK,ARVIND,330.0,CE,0.0,0.0,0.0,26.05,8.0,0,0.0,0
2014-11-10,2014-12-24,OPTSTK,ARVIND,340.0,CE,0.0,0.0,0.0,23.1,6.0,0,0.0,0
2014-11-10,2014-12-24,OPTSTK,ARVIND,350.0,CE,0.0,0.0,0.0,20.5,4.5,0,0.0,0
2014-11-10,2014-12-24,OPTSTK,ARVIND,360.0,CE,0.0,0.0,0.0,18.15,3.35,0,0.0,0
2014-11-10,2014-12-24,OPTSTK,ARVIND,370.0,CE,0.0,0.0,0.0,16.05,2.45,0,0.0,0
2014-11-10,2014-12-24,OPTSTK,ARVIND,380.0,CE,0.0,0.0,0.0,14.2,1.75,0,0.0,0
2014-11-10,2014-12-24,OPTSTK,ARVIND,390.0,CE,0.0,0.0,0.0,12.55,1.3,0,0.0,0
2014-11-10,2014-12-24,OPTSTK,ARVIND,190.0,PE,0.0,0.0,0.0,3.1,0.1,0,0.0,0
2014-11-10,2014-12-24,OPTSTK,ARVIND,200.0,PE,0.0,0.0,0.0,4.4,0.25,0,0.0,0
2014-11-10,2014-12-24,OPTSTK,ARVIND,210.0,PE,0.0,0.0,0.0,6.05,0.5,0,0.0,0
2014-11-10,2014-12-24,OPTSTK,ARVIND,220.0,PE,0.0,0.0,0.0,8.05,0.95,0,0.0,0
2014-11-10,2014-12-24,OPTSTK,ARVIND,230.0,PE,0.0,0.0,0.0,10.5,1.75,0,0.0,0
2014-11-10,2014-12-24,OPTSTK,ARVIND,240.0,PE,0.0,0.0,0.0,13.35,2.95,0,0.0,0
2014-11-10,2014-12-24,OPTSTK,ARVIND,250.0,PE,0.0,0.0,0.0,16.65,4.7,0,0.0,0
2014-11-10,2014-12-24,OPTSTK,ARVIND,260.0,PE,0.0,0.0,0.0,20.35,7.1,0,0.0,0
2014-11-10,2014-12-24,OPTSTK,ARVIND,270.0,PE,0.0,0.0,0.0,24.55,10.2,0,0.0,0
2014-11-10,2014-12-24,OPTSTK,ARVIND,280.0,PE,0.0,0.0,0.0,29.15,14.1,0,0.0,0
2014-11-10,2014-12-24,OPTSTK,ARVIND,290.0,PE,0.0,0.0,0.0,34.2,18.8,0,0.0,0
2014-11-10,2014-12-24,OPTSTK,ARVIND,300.0,PE,0.0,0.0,0.0,39.65,24.25,0,0.0,0
2014-11-10,2014-12-24,OPTSTK,ARVIND,310.0,PE,0.0,0.0,0.0,45.5,30.4,0,0.0,0
2014-11-10,2014-12-24,OPTSTK,ARVIND,320.0,PE,0.0,0.0,0.0,51.7,37.25,0,0.0,0
2014-11-10,2014-12-24,OPTSTK,ARVIND,330.0,PE,0.0,0.0,0.0,58.25,44.7,0,0.0,0
2014-11-10,2014-12-24,OPTSTK,ARVIND,340.0,PE,0.0,0.0,0.0,65.1,52.65,0,0.0,0
2014-11-10,2014-12-24,OPTSTK,ARVIND,350.0,PE,0.0,0.0,0.0,72.25,61.05,0,0.0,0
2014-11-10,2014-12-24,OPTSTK,ARVIND,360.0,PE,0.0,0.0,0.0,79.7,69.75,0,0.0,0
2014-11-10,2014-12-24,OPTSTK,ARVIND,370.0,PE,0.0,0.0,0.0,87.4,78.75,0,0.0,0
2014-11-10,2014-12-24,OPTSTK,ARVIND,380.0,PE,0.0,0.0,0.0,95.3,88.0,0,0.0,0
2014-11-10,2014-12-24,OPTSTK,ARVIND,390.0,PE,0.0,0.0,0.0,103.45,97.4,0,0.0,0
2014-11-10,2015-01-29,OPTSTK,ARVIND,190.0,CE,0.0,0.0,0.0,112.15,104.1,0,0.0,0
2014-11-10,2015-01-29,OPTSTK,ARVIND,200.0,CE,0.0,0.0,0.0,102.9,94.75,0,0.0,0
2014-11-10,2015-01-29,OPTSTK,ARVIND,210.0,CE,0.0,0.0,0.0,93.95,85.7,0,0.0,0
2014-11-10,2015-01-29,OPTSTK,ARVIND,220.0,CE,0.0,0.0,0.0,85.3,77.0,0,0.0,0
2014-11-10,2015-01-29,OPTSTK,ARVIND,230.0,CE,0.0,0.0,0.0,77.05,68.65,0,0.0,0
2014-11-10,2015-01-29,OPTSTK,ARVIND,240.0,CE,0.0,0.0,0.0,69.15,60.8,0,0.0,0
2014-11-10,2015-01-29,OPTSTK,ARVIND,250.0,CE,0.0,0.0,0.0,61.75,53.45,0,0.0,0
2014-11-10,2015-01-29,OPTSTK,ARVIND,260.0,CE,0.0,0.0,0.0,54.85,46.65,0,0.0,0
2014-11-10,2015-01-29,OPTSTK,ARVIND,270.0,CE,0.0,0.0,0.0,48.45,40.45,0,0.0,0
2014-11-10,2015-01-29,OPTSTK,ARVIND,280.0,CE,0.0,0.0,0.0,42.6,34.8,0,0.0,0
2014-11-10,2015-01-29,OPTSTK,ARVIND,290.0,CE,0.0,0.0,0.0,37.25,29.75,0,0.0,0
2014-11-10,2015-01-29,OPTSTK,ARVIND,300.0,CE,0.0,0.0,0.0,32.4,25.3,0,0.0,0
2014-11-10,2015-01-29,OPTSTK,ARVIND,310.0,CE,0.0,0.0,0.0,28.1,21.35,0,0.0,0
2014-11-10,2015-01-29,OPTSTK,ARVIND,320.0,CE,0.0,0.0,0.0,24.25,17.95,0,0.0,0
2014-11-10,2015-01-29,OPTSTK,ARVIND,330.0,CE,0.0,0.0,0.0,20.85,15.0,0,0.0,0
2014-11-10,2015-01-29,OPTSTK,ARVIND,340.0,CE,0.0,0.0,0.0,17.85,12.5,0,0.0,0
2014-11-10,2015-01-29,OPTSTK,ARVIND,350.0,CE,0.0,0.0,0.0,15.25,10.35,0,0.0,0
2014-11-10,2015-01-29,OPTSTK,ARVIND,360.0,CE,0.0,0.0,0.0,12.95,8.5,0,0.0,0
2014-11-10,2015-01-29,OPTSTK,ARVIND,370.0,CE,0.0,0.0,0.0,11.0,7.0,0,0.0,0
2014-11-10,2015-01-29,OPTSTK,ARVIND,380.0,CE,0.0,0.0,0.0,9.3,5.7,0,0.0,0
2014-11-10,2015-01-29,OPTSTK,ARVIND,390.0,CE,0.0,0.0,0.0,7.85,4.65,0,0.0,0
2014-11-10,2015-01-29,OPTSTK,ARVIND,190.0,PE,0.0,0.0,0.0,0.9,0.7,0,0.0,0
2014-11-10,2015-01-29,OPTSTK,ARVIND,200.0,PE,0.0,0.0,0.0,1.45,1.2,0,0.0,0
2014-11-10,2015-01-29,OPTSTK,ARVIND,210.0,PE,0.0,0.0,0.0,2.3,1.95,0,0.0,0
2014-11-10,2015-01-29,OPTSTK,ARVIND,220.0,PE,0.0,0.0,0.0,3.4,3.05,0,0.0,0
2014-11-10,2015-01-29,OPTSTK,ARVIND,230.0,PE,0.0,0.0,0.0,4.9,4.5,0,0.0,0
2014-11-10,2015-01-29,OPTSTK,ARVIND,240.0,PE,0.0,0.0,0.0,6.85,6.45,0,0.0,0
2014-11-10,2015-01-29,OPTSTK,ARVIND,250.0,PE,0.0,0.0,0.0,9.2,8.9,0,0.0,0
2014-11-10,2015-01-29,OPTSTK,ARVIND,260.0,PE,0.0,0.0,0.0,12.1,11.9,0,0.0,0
2014-11-10,2015-01-29,OPTSTK,ARVIND,270.0,PE,0.0,0.0,0.0,15.45,15.5,0,0.0,0
2014-11-10,2015-01-29,OPTSTK,ARVIND,280.0,PE,0.0,0.0,0.0,19.4,19.7,0,0.0,0
2014-11-10,2015-01-29,OPTSTK,ARVIND,290.0,PE,0.0,0.0,0.0,23.85,24.45,0,0.0,0
2014-11-10,2015-01-29,OPTSTK,ARVIND,300.0,PE,0.0,0.0,0.0,28.8,29.8,0,0.0,0
2014-11-10,2015-01-29,OPTSTK,ARVIND,310.0,PE,0.0,0.0,0.0,34.25,35.7,0,0.0,0
2014-11-10,2015-01-29,OPTSTK,ARVIND,320.0,PE,0.0,0.0,0.0,40.2,42.1,0,0.0,0
2014-11-10,2015-01-29,OPTSTK,ARVIND,330.0,PE,0.0,0.0,0.0,46.55,48.95,0,0.0,0
2014-11-10,2015-01-29,OPTSTK,ARVIND,340.0,PE,0.0,0.0,0.0,53.35,56.25,0,0.0,0
2014-11-10,2015-01-29,OPTSTK,ARVIND,350.0,PE,0.0,0.0,0.0,60.55,63.9,0,0.0,0
2014-11-10,2015-01-29,OPTSTK,ARVIND,360.0,PE,0.0,0.0,0.0,68.05,71.9,0,0.0,0
2014-11-10,2015-01-29,OPTSTK,ARVIND,370.0,PE,0.0,0.0,0.0,75.85,80.2,0,0.0,0
2014-11-10,2015-01-29,OPTSTK,ARVIND,380.0,PE,0.0,0.0,0.0,83.95,88.7,0,0.0,0
2014-11-10,2015-01-29,OPTSTK,ARVIND,390.0,PE,0.0,0.0,0.0,92.25,97.45,0,0.0,0
2014-11-10,2014-11-27,OPTSTK,ASHOKLEY,12.5,CE,0.0,0.0,0.0,24.25,36.9,0,0.0,0
2014-11-10,2014-11-27,OPTSTK,ASHOKLEY,15.0,CE,0.0,0.0,0.0,21.8,34.45,0,0.0,0
2014-11-10,2014-11-27,OPTSTK,ASHOKLEY,17.5,CE,0.0,0.0,0.0,19.35,31.95,0,0.0,0
2014-11-10,2014-11-27,OPTSTK,ASHOKLEY,20.0,CE,0.0,0.0,0.0,16.9,29.45,0,0.0,0
2014-11-10,2014-11-27,OPTSTK,ASHOKLEY,22.5,CE,0.0,0.0,0.0,14.5,26.95,0,0.0,0
2014-11-10,2014-11-27,OPTSTK,ASHOKLEY,25.0,CE,0.0,0.0,0.0,12.2,24.45,0,0.0,0
2014-11-10,2014-11-27,OPTSTK,ASHOKLEY,27.5,CE,0.0,0.0,0.0,10.0,22.0,0,0.0,0
2014-11-10,2014-11-27,OPTSTK,ASHOKLEY,30.0,CE,0.0,0.0,0.0,8.0,19.5,0,0.0,0
2014-11-10,2014-11-27,OPTSTK,ASHOKLEY,32.5,CE,0.0,0.0,0.0,6.25,17.0,0,0.0,0
2014-11-10,2014-11-27,OPTSTK,ASHOKLEY,35.0,CE,0.0,0.0,0.0,4.8,14.5,0,0.0,0
2014-11-10,2014-11-27,OPTSTK,ASHOKLEY,37.5,CE,0.0,0.0,0.0,3.6,12.0,0,0.0,0
2014-11-10,2014-11-27,OPTSTK,ASHOKLEY,40.0,CE,9.5,9.5,9.35,9.45,9.45,3,16.31,99000
2014-11-10,2014-11-27,OPTSTK,ASHOKLEY,42.5,CE,5.7,5.7,5.7,5.7,5.7,1,5.3,121000
2014-11-10,2014-11-27,OPTSTK,ASHOKLEY,45.0,CE,3.8,4.85,3.25,4.7,4.7,96,518.75,1221000
2014-11-10,2014-11-27,OPTSTK,ASHOKLEY,47.5,CE,2.2,2.95,1.9,2.85,2.85,747,4103.72,3289000
2014-11-10,2014-11-27,OPTSTK,ASHOKLEY,50.0,CE,1.2,1.55,1.0,1.5,1.5,2005,11315.35,6534000
2014-11-10,2014-11-27,OPTSTK,ASHOKLEY,52.5,CE,0.6,0.8,0.45,0.75,0.75,754,4408.38,2673000
2014-11-10,2014-11-27,OPTSTK,ASHOKLEY,55.0,CE,0.25,0.4,0.2,0.35,0.35,250,1520.99,2431000
2014-11-10,2014-11-27,OPTSTK,ASHOKLEY,57.5,CE,0.1,0.15,0.1,0.15,0.15,34,215.53,374000
2014-11-10,2014-11-27,OPTSTK,ASHOKLEY,60.0,CE,0.1,0.1,0.05,0.1,0.1,18,118.93,363000
2014-11-10,2014-11-27,OPTSTK,ASHOKLEY,12.5,PE,0.0,0.0,0.0,0.05,0.0,0,0.0,0
2014-11-10,2014-11-27,OPTSTK,ASHOKLEY,15.0,PE,0.0,0.0,0.0,0.05,0.0,0,0.0,0
2014-11-10,2014-11-27,OPTSTK,ASHOKLEY,17.5,PE,0.0,0.0,0.0,0.05,0.0,0,0.0,0
2014-11-10,2014-11-27,OPTSTK,ASHOKLEY,20.0,PE,0.0,0.0,0.0,0.05,0.0,0,0.0,0
2014-11-10,2014-11-27,OPTSTK,ASHOKLEY,22.5,PE,0.0,0.0,0.0,0.1,0.0,0,0.0,0
2014-11-10,2014-11-27,OPTSTK,ASHOKLEY,25.0,PE,0.0,0.0,0.0,0.2,0.0,0,0.0,0
2014-11-10,2014-11-27,OPTSTK,ASHOKLEY,27.5,PE,0.0,0.0,0.0,0.45,0.0,0,0.0,0
2014-11-10,2014-11-27,OPTSTK,ASHOKLEY,30.0,PE,0.0,0.0,0.0,0.95,0.0,0,0.0,0
2014-11-10,2014-11-27,OPTSTK,ASHOKLEY,32.5,PE,0.0,0.0,0.0,1.65,0.0,0,0.0,0
2014-11-10,2014-11-27,OPTSTK,ASHOKLEY,35.0,PE,0.0,0.0,0.0,0.05,0.0,0,0.0,22000
2014-11-10,2014-11-27,OPTSTK,ASHOKLEY,37.5,PE,0.05,0.05,0.05,0.05,0.05,6,24.78,198000
2014-11-10,2014-11-27,OPTSTK,ASHOKLEY,40.0,PE,0.1,0.15,0.05,0.1,0.1,58,255.77,979000
2014-11-10,2014-11-27,OPTSTK,ASHOKLEY,42.5,PE,0.35,0.35,0.15,0.15,0.15,112,526.26,891000
2014-11-10,2014-11-27,OPTSTK,ASHOKLEY,45.0,PE,0.8,0.9,0.4,0.45,0.45,391,1961.31,2761000
2014-11-10,2014-11-27,OPTSTK,ASHOKLEY,47.5,PE,1.9,1.95,1.0,1.1,1.1,193,1036.38,1232000
2014-11-10,2014-11-27,OPTSTK,ASHOKLEY,50.0,PE,3.2,3.2,2.15,2.25,2.25,31,178.76,275000
2014-11-10,2014-11-27,OPTSTK,ASHOKLEY,52.5,PE,3.8,4.1,3.8,3.95,3.95,5,31.03,33000
2014-11-10,2014-11-27,OPTSTK,ASHOKLEY,55.0,PE,0.0,0.0,0.0,17.7,5.8,0,0.0,0
2014-11-10,2014-11-27,OPTSTK,ASHOKLEY,57.5,PE,0.0,0.0,0.0,20.05,8.1,0,0.0,0
2014-11-10,2014-11-27,OPTSTK,ASHOKLEY,60.0,PE,0.0,0.0,0.0,22.45,10.5,0,0.0,0
2014-11-10,2014-12-24,OPTSTK,ASHOKLEY,12.5,CE,0.0,0.0,0.0,26.2,37.0,0,0.0,0
2014-11-10,2014-12-24,OPTSTK,ASHOKLEY,15.0,CE,0.0,0.0,0.0,23.75,34.55,0,0.0,0
2014-11-10,2014-12-24,OPTSTK,ASHOKLEY,17.5,CE,0.0,0.0,0.0,21.3,32.05,0,0.0,0
2014-11-10,2014-12-24,OPTSTK,ASHOKLEY,20.0,CE,0.0,0.0,0.0,18.9,29.6,0,0.0,0
2014-11-10,2014-12-24,OPTSTK,ASHOKLEY,22.5,CE,0.0,0.0,0.0,16.5,27.1,0,0.0,0
2014-11-10,2014-12-24,OPTSTK,ASHOKLEY,25.0,CE,0.0,0.0,0.0,14.25,24.65,0,0.0,0
2014-11-10,2014-12-24,OPTSTK,ASHOKLEY,27.5,CE,0.0,0.0,0.0,12.1,22.15,0,0.0,0
2014-11-10,2014-12-24,OPTSTK,ASHOKLEY,30.0,CE,0.0,0.0,0.0,10.1,19.7,0,0.0,0
2014-11-10,2014-12-24,OPTSTK,ASHOKLEY,32.5,CE,0.0,0.0,0.0,8.3,17.2,0,0.0,0
2014-11-10,2014-12-24,OPTSTK,ASHOKLEY,35.0,CE,0.0,0.0,0.0,6.75,14.75,0,0.0,0
2014-11-10,2014-12-24,OPTSTK,ASHOKLEY,37.5,CE,0.0,0.0,0.0,5.4,12.35,0,0.0,0
2014-11-10,2014-12-24,OPTSTK,ASHOKLEY,40.0,CE,0.0,0.0,0.0,4.3,10.05,0,0.0,0
2014-11-10,2014-12-24,OPTSTK,ASHOKLEY,42.5,CE,0.0,0.0,0.0,3.35,7.85,0,0.0,0
2014-11-10,2014-12-24,OPTSTK,ASHOKLEY,45.0,CE,0.0,0.0,0.0,2.65,5.95,0,0.0,0
2014-11-10,2014-12-24,OPTSTK,ASHOKLEY,47.5,CE,3.5,3.6,3.5,3.6,3.6,2,11.23,22000
2014-11-10,2014-12-24,OPTSTK,ASHOKLEY,50.0,CE,0.0,0.0,0.0,1.55,3.0,0,0.0,0
2014-11-10,2014-12-24,OPTSTK,ASHOKLEY,52.5,CE,0.0,0.0,0.0,1.2,2.0,0,0.0,0
2014-11-10,2014-12-24,OPTSTK,ASHOKLEY,55.0,CE,0.0,0.0,0.0,0.9,1.3,0,0.0,0
2014-11-10,2014-12-24,OPTSTK,ASHOKLEY,57.5,CE,0.0,0.0,0.0,0.7,0.8,0,0.0,0
2014-11-10,2014-12-24,OPTSTK,ASHOKLEY,60.0,CE,0.0,0.0,0.0,0.55,0.5,0,0.0,0
2014-11-10,2014-12-24,OPTSTK,ASHOKLEY,12.5,PE,0.0,0.0,0.0,0.05,0.0,0,0.0,0
2014-11-10,2014-12-24,OPTSTK,ASHOKLEY,15.0,PE,0.0,0.0,0.0,0.05,0.0,0,0.0,0
2014-11-10,2014-12-24,OPTSTK,ASHOKLEY,17.5,PE,0.0,0.0,0.0,0.05,0.0,0,0.0,0
2014-11-10,2014-12-24,OPTSTK,ASHOKLEY,20.0,PE,0.0,0.0,0.0,0.05,0.0,0,0.0,0
2014-11-10,2014-12-24,OPTSTK,ASHOKLEY,22.5,PE,0.0,0.0,0.0,0.15,0.0,0,0.0,0
2014-11-10,2014-12-24,OPTSTK,ASHOKLEY,25.0,PE,0.0,0.0,0.0,0.3,0.0,0,0.0,0
2014-11-10,2014-12-24,OPTSTK,ASHOKLEY,27.5,PE,0.0,0.0,0.0,0.6,0.0,0,0.0,0
2014-11-10,2014-12-24,OPTSTK,ASHOKLEY,30.0,PE,0.0,0.0,0.0,1.05,0.0,0,0.0,0
2014-11-10,2014-12-24,OPTSTK,ASHOKLEY,32.5,PE,0.0,0.0,0.0,1.7,0.05,0,0.0,0
2014-11-10,2014-12-24,OPTSTK,ASHOKLEY,35.0,PE,0.0,0.0,0.0,2.6,0.05,0,0.0,0
2014-11-10,2014-12-24,OPTSTK,ASHOKLEY,37.5,PE,0.0,0.0,0.0,3.7,0.1,0,0.0,0
2014-11-10,2014-12-24,OPTSTK,ASHOKLEY,40.0,PE,0.0,0.0,0.0,5.0,0.25,0,0.0,0
2014-11-10,2014-12-24,OPTSTK,ASHOKLEY,42.5,PE,0.0,0.0,0.0,6.55,0.55,0,0.0,0
2014-11-10,2014-12-24,OPTSTK,ASHOKLEY,45.0,PE,0.0,0.0,0.0,8.25,1.1,0,0.0,0
2014-11-10,2014-12-24,OPTSTK,ASHOKLEY,47.5,PE,0.0,0.0,0.0,10.1,1.95,0,0.0,0
2014-11-10,2014-12-24,OPTSTK,ASHOKLEY,50.0,PE,0.0,0.0,0.0,12.1,3.15,0,0.0,0
2014-11-10,2014-12-24,OPTSTK,ASHOKLEY,52.5,PE,0.0,0.0,0.0,14.15,4.6,0,0.0,0
2014-11-10,2014-12-24,OPTSTK,ASHOKLEY,55.0,PE,0.0,0.0,0.0,16.3,6.4,0,0.0,0
2014-11-10,2014-12-24,OPTSTK,ASHOKLEY,57.5,PE,0.0,0.0,0.0,18.55,8.35,0,0.0,0
2014-11-10,2014-12-24,OPTSTK,ASHOKLEY,60.0,PE,0.0,0.0,0.0,20.8,10.5,0,0.0,0
2014-11-10,2015-01-29,OPTSTK,ASHOKLEY,22.5,CE,0.0,0.0,0.0,24.3,27.3,0,0.0,0
2014-11-10,2015-01-29,OPTSTK,ASHOKLEY,25.0,CE,0.0,0.0,0.0,21.85,24.85,0,0.0,0
2014-11-10,2015-01-29,OPTSTK,ASHOKLEY,27.5,CE,0.0,0.0,0.0,19.45,22.4,0,0.0,0
2014-11-10,2015-01-29,OPTSTK,ASHOKLEY,30.0,CE,0.0,0.0,0.0,17.05,19.95,0,0.0,0
2014-11-10,2015-01-29,OPTSTK,ASHOKLEY,32.5,CE,0.0,0.0,0.0,14.7,17.55,0,0.0,0
2014-11-10,2015-01-29,OPTSTK,ASHOKLEY,35.0,CE,0.0,0.0,0.0,12.5,15.2,0,0.0,0
2014-11-10,2015-01-29,OPTSTK,ASHOKLEY,37.5,CE,0.0,0.0,0.0,10.45,12.9,0,0.0,0
2014-11-10,2015-01-29,OPTSTK,ASHOKLEY,40.0,CE,0.0,0.0,0.0,8.55,10.75,0,0.0,0
2014-11-10,2015-01-29,OPTSTK,ASHOKLEY,42.5,CE,0.0,0.0,0.0,6.85,8.8,0,0.0,0
2014-11-10,2015-01-29,OPTSTK,ASHOKLEY,45.0,CE,0.0,0.0,0.0,5.45,7.05,0,0.0,0
2014-11-10,2015-01-29,OPTSTK,ASHOKLEY,47.5,CE,0.0,0.0,0.0,4.25,5.55,0,0.0,0
2014-11-10,2015-01-29,OPTSTK,ASHOKLEY,50.0,CE,0.0,0.0,0.0,3.25,4.25,0,0.0,0
2014-11-10,2015-01-29,OPTSTK,ASHOKLEY,52.5,CE,0.0,0.0,0.0,2.45,3.2,0,0.0,0
2014-11-10,2015-01-29,OPTSTK,ASHOKLEY,55.0,CE,0.0,0.0,0.0,1.85,2.4,0,0.0,0
2014-11-10,2015-01-29,OPTSTK,ASHOKLEY,57.5,CE,0.0,0.0,0.0,1.35,1.75,0,0.0,0
2014-11-10,2015-01-29,OPTSTK,ASHOKLEY,60.0,CE,0.0,0.0,0.0,1.0,1.25,0,0.0,0
2014-11-10,2015-01-29,OPTSTK,ASHOKLEY,22.5,PE,0.0,0.0,0.0,0.05,0.0,0,0.0,0
2014-11-10,2015-01-29,OPTSTK,ASHOKLEY,25.0,PE,0.0,0.0,0.0,0.05,0.0,0,0.0,0
2014-11-10,2015-01-29,OPTSTK,ASHOKLEY,27.5,PE,0.0,0.0,0.0,0.05,0.0,0,0.0,0
2014-11-10,2015-01-29,OPTSTK,ASHOKLEY,30.0,PE,0.0,0.0,0.0,0.1,0.05,0,0.0,0
2014-11-10,2015-01-29,OPTSTK,ASHOKLEY,32.5,PE,0.0,0.0,0.0,0.2,0.05,0,0.0,0
2014-11-10,2015-01-29,OPTSTK,ASHOKLEY,35.0,PE,0.0,0.0,0.0,0.45,0.15,0,0.0,0
2014-11-10,2015-01-29,OPTSTK,ASHOKLEY,37.5,PE,0.0,0.0,0.0,0.8,0.35,0,0.0,0
2014-11-10,2015-01-29,OPTSTK,ASHOKLEY,40.0,PE,0.0,0.0,0.0,1.4,0.65,0,0.0,0
2014-11-10,2015-01-29,OPTSTK,ASHOKLEY,42.5,PE,0.0,0.0,0.0,2.15,1.15,0,0.0,0
2014-11-10,2015-01-29,OPTSTK,ASHOKLEY,45.0,PE,0.0,0.0,0.0,3.15,1.85,0,0.0,0
2014-11-10,2015-01-29,OPTSTK,ASHOKLEY,47.5,PE,0.0,0.0,0.0,4.4,2.8,0,0.0,0
2014-11-10,2015-01-29,OPTSTK,ASHOKLEY,50.0,PE,0.0,0.0,0.0,5.85,3.95,0,0.0,0
2014-11-10,2015-01-29,OPTSTK,ASHOKLEY,52.5,PE,0.0,0.0,0.0,7.5,5.35,0,0.0,0
2014-11-10,2015-01-29,OPTSTK,ASHOKLEY,55.0,PE,0.0,0.0,0.0,9.35,7.0,0,0.0,0
2014-11-10,2015-01-29,OPTSTK,ASHOKLEY,57.5,PE,0.0,0.0,0.0,11.3,8.8,0,0.0,0
2014-11-10,2015-01-29,OPTSTK,ASHOKLEY,60.0,PE,0.0,0.0,0.0,13.4,10.8,0,0.0,0
2014-11-10,2014-11-27,OPTSTK,ASIANPAINT,430.0,CE,0.0,0.0,0.0,203.35,220.6,0,0.0,0
2014-11-10,2014-11-27,OPTSTK,ASIANPAINT,440.0,CE,0.0,0.0,0.0,193.6,210.65,0,0.0,0
2014-11-10,2014-11-27,OPTSTK,ASIANPAINT,450.0,CE,0.0,0.0,0.0,183.8,200.7,0,0.0,0
2014-11-10,2014-11-27,OPTSTK,ASIANPAINT,460.0,CE,0.0,0.0,0.0,174.05,190.75,0,0.0,0
2014-11-10,2014-11-27,OPTSTK,ASIANPAINT,470.0,CE,0.0,0.0,0.0,164.3,180.75,0,0.0,0
2014-11-10,2014-11-27,OPTSTK,ASIANPAINT,480.0,CE,0.0,0.0,0.0,154.55,170.8,0,0.0,0
2014-11-10,2014-11-27,OPTSTK,ASIANPAINT,490.0,CE,0.0,0.0,0.0,144.85,160.85,0,0.0,0
2014-11-10,2014-11-27,OPTSTK,ASIANPAINT,500.0,CE,0.0,0.0,0.0,135.25,150.9,0,0.0,0
2014-11-10,2014-11-27,OPTSTK,ASIANPAINT,510.0,CE,0.0,0.0,0.0,125.7,140.95,0,0.0,0
2014-11-10,2014-11-27,OPTSTK,ASIANPAINT,520.0,CE,0.0,0.0,0.0,116.25,130.95,0,0.0,0
2014-11-10,2014-11-27,OPTSTK,ASIANPAINT,530.0,CE,0.0,0.0,0.0,106.95,121.0,0,0.0,0
2014-11-10,2014-11-27,OPTSTK,ASIANPAINT,540.0,CE,0.0,0.0,0.0,97.9,111.05,0,0.0,0
2014-11-10,2014-11-27,OPTSTK,ASIANPAINT,550.0,CE,0.0,0.0,0.0,89.0,101.1,0,0.0,0
2014-11-10,2014-11-27,OPTSTK,ASIANPAINT,560.0,CE,0.0,0.0,0.0,80.45,91.15,0,0.0,0
2014-11-10,2014-11-27,OPTSTK,ASIANPAINT,570.0,CE,0.0,0.0,0.0,72.25,81.3,0,0.0,0
2014-11-10,2014-11-27,OPTSTK,ASIANPAINT,580.0,CE,0.0,0.0,0.0,64.4,71.5,0,0.0,0
2014-11-10,2014-11-27,OPTSTK,ASIANPAINT,590.0,CE,0.0,0.0,0.0,57.0,61.85,0,0.0,0
2014-11-10,2014-11-27,OPTSTK,ASIANPAINT,600.0,CE,0.0,0.0,0.0,50.0,52.5,0,0.0,1000
2014-11-10,2014-11-27,OPTSTK,ASIANPAINT,610.0,CE,0.0,0.0,0.0,38.65,43.55,0,0.0,500
2014-11-10,2014-11-27,OPTSTK,ASIANPAINT,620.0,CE,0.0,0.0,0.0,40.0,35.25,0,0.0,500
2014-11-10,2014-11-27,OPTSTK,ASIANPAINT,630.0,CE,0.0,0.0,0.0,32.4,27.7,0,0.0,0
2014-11-10,2014-11-27,OPTSTK,ASIANPAINT,640.0,CE,20.0,20.7,15.25,20.7,20.7,4,13.16,5500
2014-11-10,2014-11-27,OPTSTK,ASIANPAINT,650.0,CE,17.0,17.0,13.6,14.9,14.9,33,109.73,26000
2014-11-10,2014-11-27,OPTSTK,ASIANPAINT,660.0,CE,11.0,11.6,9.0,10.6,10.6,39,130.71,64000
2014-11-10,2014-11-27,OPTSTK,ASIANPAINT,670.0,CE,7.1,8.45,6.75,7.6,7.6,43,145.64,42000
2014-11-10,2014-11-27,OPTSTK,ASIANPAINT,680.0,CE,5.6,6.0,4.55,5.05,5.05,21,71.93,52000
2014-11-10,2014-11-27,OPTSTK,ASIANPAINT,690.0,CE,3.65,3.75,3.1,3.35,3.35,8,27.73,12500
2014-11-10,2014-11-27,OPTSTK,ASIANPAINT,700.0,CE,2.3,2.4,2.1,2.4,2.4,14,49.15,45000
2014-11-10,2014-11-27,OPTSTK,ASIANPAINT,710.0,CE,0.0,0.0,0.0,1.8,1.15,0,0.0,500
2014-11-10,2014-11-27,OPTSTK,ASIANPAINT,720.0,CE,0.0,0.0,0.0,1.25,0.65,0,0.0,500
2014-11-10,2014-11-27,OPTSTK,ASIANPAINT,730.0,CE,0.0,0.0,0.0,4.55,0.35,0,0.0,0
2014-11-10,2014-11-27,OPTSTK,ASIANPAINT,740.0,CE,0.0,0.0,0.0,3.6,0.2,0,0.0,0
2014-11-10,2014-11-27,OPTSTK,ASIANPAINT,750.0,CE,0.0,0.0,0.0,2.8,0.1,0,0.0,0
2014-11-10,2014-11-27,OPTSTK,ASIANPAINT,760.0,CE,0.0,0.0,0.0,2.2,0.05,0,0.0,0
2014-11-10,2014-11-27,OPTSTK,ASIANPAINT,770.0,CE,0.0,0.0,0.0,1.7,0.05,0,0.0,0
2014-11-10,2014-11-27,OPTSTK,ASIANPAINT,780.0,CE,0.0,0.0,0.0,1.3,0.05,0,0.0,0
2014-11-10,2014-11-27,OPTSTK,ASIANPAINT,430.0,PE,0.0,0.0,0.0,0.05,0.0,0,0.0,0
2014-11-10,2014-11-27,OPTSTK,ASIANPAINT,440.0,PE,0.0,0.0,0.0,0.05,0.0,0,0.0,0
2014-11-10,2014-11-27,OPTSTK,ASIANPAINT,450.0,PE,0.0,0.0,0.0,0.05,0.0,0,0.0,0
2014-11-10,2014-11-27,OPTSTK,ASIANPAINT,460.0,PE,0.0,0.0,0.0,0.05,0.0,0,0.0,0
2014-11-10,2014-11-27,OPTSTK,ASIANPAINT,470.0,PE,0.0,0.0,0.0,0.1,0.0,0,0.0,0
2014-11-10,2014-11-27,OPTSTK,ASIANPAINT,480.0,PE,0.0,0.0,0.0,0.15,0.0,0,0.0,0
2014-11-10,2014-11-27,OPTSTK,ASIANPAINT,490.0,PE,0.0,0.0,0.0,0.25,0.0,0,0.0,0
2014-11-10,2014-11-27,OPTSTK,ASIANPAINT,500.0,PE,0.0,0.0,0.0,0.4,0.0,0,0.0,0
2014-11-10,2014-11-27,OPTSTK,ASIANPAINT,510.0,PE,0.0,0.0,0.0,0.65,0.0,0,0.0,0
2014-11-10,2014-11-27,OPTSTK,ASIANPAINT,520.0,PE,0.0,0.0,0.0,1.0,0.0,0,0.0,0
2014-11-10,2014-11-27,OPTSTK,ASIANPAINT,530.0,PE,0.0,0.0,0.0,1.5,0.0,0,0.0,0
2014-11-10,2014-11-27,OPTSTK,ASIANPAINT,540.0,PE,0.0,0.0,0.0,2.2,0.0,0,0.0,0
2014-11-10,2014-11-27,OPTSTK,ASIANPAINT,550.0,PE,0.0,0.0,0.0,3.15,0.05,0,0.0,0
2014-11-10,2014-11-27,OPTSTK,ASIANPAINT,560.0,PE,0.0,0.0,0.0,4.35,0.05,0,0.0,0
2014-11-10,2014-11-27,OPTSTK,ASIANPAINT,570.0,PE,0.0,0.0,0.0,5.9,0.15,0,0.0,0
2014-11-10,2014-11-27,OPTSTK,ASIANPAINT,580.0,PE,0.0,0.0,0.0,7.9,0.3,0,0.0,0
2014-11-10,2014-11-27,OPTSTK,ASIANPAINT,590.0,PE,0.0,0.0,0.0,10.3,0.6,0,0.0,0
2014-11-10,2014-11-27,OPTSTK,ASIANPAINT,600.0,PE,0.0,0.0,0.0,1.05,1.2,0,0.0,1000
2014-11-10,2014-11-27,OPTSTK,ASIANPAINT,610.0,PE,1.5,2.15,1.45,1.9,1.9,13,39.76,9000
2014-11-10,2014-11-27,OPTSTK,ASIANPAINT,620.0,PE,3.15,4.2,3.05,3.05,3.05,8,24.93,17000
2014-11-10,2014-11-27,OPTSTK,ASIANPAINT,630.0,PE,6.0,6.6,5.0,6.35,6.35,11,34.98,14500
2014-11-10,2014-11-27,OPTSTK,ASIANPAINT,640.0,PE,8.1,11.25,7.3,9.25,9.25,14,45.42,21000
2014-11-10,2014-11-27,OPTSTK,ASIANPAINT,650.0,PE,14.85,14.85,13.4,13.6,13.6,8,26.56,26500
2014-11-10,2014-11-27,OPTSTK,ASIANPAINT,660.0,PE,22.0,22.0,19.15,19.3,19.3,5,16.99,13000
2014-11-10,2014-11-27,OPTSTK,ASIANPAINT,670.0,PE,25.8,26.5,25.8,26.2,26.2,4,13.92,4000
2014-11-10,2014-11-27,OPTSTK,ASIANPAINT,680.0,PE,0.0,0.0,0.0,26.0,33.4,0,0.0,4000
2014-11-10,2014-11-27,OPTSTK,ASIANPAINT,690.0,PE,0.0,0.0,0.0,62.1,41.55,0,0.0,0
2014-11-10,2014-11-27,OPTSTK,ASIANPAINT,700.0,PE,0.0,0.0,0.0,69.8,50.3,0,0.0,0
2014-11-10,2014-11-27,OPTSTK,ASIANPAINT,710.0,PE,0.0,0.0,0.0,77.9,59.45,0,0.0,0
2014-11-10,2014-11-27,OPTSTK,ASIANPAINT,720.0,PE,0.0,0.0,0.0,86.25,68.9,0,0.0,0
2014-11-10,2014-11-27,OPTSTK,ASIANPAINT,730.0,PE,0.0,0.0,0.0,94.85,78.6,0,0.0,0
2014-11-10,2014-11-27,OPTSTK,ASIANPAINT,740.0,PE,0.0,0.0,0.0,103.65,88.4,0,0.0,0
2014-11-10,2014-11-27,OPTSTK,ASIANPAINT,750.0,PE,0.0,0.0,0.0,112.65,98.25,0,0.0,0
2014-11-10,2014-11-27,OPTSTK,ASIANPAINT,760.0,PE,0.0,0.0,0.0,121.85,108.15,0,0.0,0
2014-11-10,2014-11-27,OPTSTK,ASIANPAINT,770.0,PE,0.0,0.0,0.0,131.15,118.1,0,0.0,0
2014-11-10,2014-11-27,OPTSTK,ASIANPAINT,780.0,PE,0.0,0.0,0.0,140.5,128.05,0,0.0,0
2014-11-10,2014-12-24,OPTSTK,ASIANPAINT,430.0,CE,0.0,0.0,0.0,200.4,223.4,0,0.0,0
2014-11-10,2014-12-24,OPTSTK,ASIANPAINT,440.0,CE,0.0,0.0,0.0,190.75,213.55,0,0.0,0
2014-11-10,2014-12-24,OPTSTK,ASIANPAINT,450.0,CE,0.0,0.0,0.0,181.2,203.65,0,0.0,0
2014-11-10,2014-12-24,OPTSTK,ASIANPAINT,460.0,CE,0.0,0.0,0.0,171.75,193.75,0,0.0,0
2014-11-10,2014-12-24,OPTSTK,ASIANPAINT,470.0,CE,0.0,0.0,0.0,162.35,183.85,0,0.0,0
2014-11-10,2014-12-24,OPTSTK,ASIANPAINT,480.0,CE,0.0,0.0,0.0,153.1,173.95,0,0.0,0
2014-11-10,2014-12-24,OPTSTK,ASIANPAINT,490.0,CE,0.0,0.0,0.0,144.0,164.05,0,0.0,0
2014-11-10,2014-12-24,OPTSTK,ASIANPAINT,500.0,CE,0.0,0.0,0.0,135.05,154.2,0,0.0,0
2014-11-10,2014-12-24,OPTSTK,ASIANPAINT,510.0,CE,0.0,0.0,0.0,126.3,144.3,0,0.0,0
2014-11-10,2014-12-24,OPTSTK,ASIANPAINT,520.0,CE,0.0,0.0,0.0,117.75,134.45,0,0.0,0
2014-11-10,2014-12-24,OPTSTK,ASIANPAINT,530.0,CE,0.0,0.0,0.0,109.45,124.65,0,0.0,0
2014-11-10,2014-12-24,OPTSTK,ASIANPAINT,540.0,CE,0.0,0.0,0.0,101.45,114.9,0,0.0,0
2014-11-10,2014-12-24,OPTSTK,ASIANPAINT,550.0,CE,0.0,0.0,0.0,93.7,105.25,0,0.0,0
2014-11-10,2014-12-24,OPTSTK,ASIANPAINT,560.0,CE,0.0,0.0,0.0,86.3,95.75,0,0.0,0
2014-11-10,2014-12-24,OPTSTK,ASIANPAINT,570.0,CE,0.0,0.0,0.0,79.2,86.45,0,0.0,0
2014-11-10,2014-12-24,OPTSTK,ASIANPAINT,580.0,CE,0.0,0.0,0.0,72.45,77.35,0,0.0,0
2014-11-10,2014-12-24,OPTSTK,ASIANPAINT,590.0,CE,0.0,0.0,0.0,66.05,68.6,0,0.0,0
2014-11-10,2014-12-24,OPTSTK,ASIANPAINT,600.0,CE,0.0,0.0,0.0,60.05,60.25,0,0.0,0
2014-11-10,2014-12-24,OPTSTK,ASIANPAINT,610.0,CE,0.0,0.0,0.0,54.4,52.4,0,0.0,0
2014-11-10,2014-12-24,OPTSTK,ASIANPAINT,620.0,CE,0.0,0.0,0.0,49.15,45.05,0,0.0,0
2014-11-10,2014-12-24,OPTSTK,ASIANPAINT,630.0,CE,0.0,0.0,0.0,44.25,38.25,0,0.0,0
2014-11-10,2014-12-24,OPTSTK,ASIANPAINT,640.0,CE,0.0,0.0,0.0,39.7,32.15,0,0.0,0
2014-11-10,2014-12-24,OPTSTK,ASIANPAINT,650.0,CE,0.0,0.0,0.0,35.5,26.65,0,0.0,0
2014-11-10,2014-12-24,OPTSTK,ASIANPAINT,660.0,CE,0.0,0.0,0.0,31.65,21.85,0,0.0,0
2014-11-10,2014-12-24,OPTSTK,ASIANPAINT,670.0,CE,0.0,0.0,0.0,28.15,17.7,0,0.0,0
2014-11-10,2014-12-24,OPTSTK,ASIANPAINT,680.0,CE,0.0,0.0,0.0,24.95,14.1,0,0.0,0
2014-11-10,2014-12-24,OPTSTK,ASIANPAINT,690.0,CE,0.0,0.0,0.0,22.05,11.15,0,0.0,0
2014-11-10,2014-12-24,OPTSTK,ASIANPAINT,700.0,CE,0.0,0.0,0.0,19.45,8.7,0,0.0,0
2014-11-10,2014-12-24,OPTSTK,ASIANPAINT,710.0,CE,0.0,0.0,0.0,17.1,6.7,0,0.0,0
2014-11-10,2014-12-24,OPTSTK,ASIANPAINT,720.0,CE,0.0,0.0,0.0,15.0,5.1,0,0.0,0
2014-11-10,2014-12-24,OPTSTK,ASIANPAINT,730.0,CE,0.0,0.0,0.0,13.1,3.8,0,0.0,0
2014-11-10,2014-12-24,OPTSTK,ASIANPAINT,740.0,CE,0.0,0.0,0.0,11.45,2.85,0,0.0,0
2014-11-10,2014-12-24,OPTSTK,ASIANPAINT,750.0,CE,0.0,0.0,0.0,9.95,2.05,0,0.0,0
2014-11-10,2014-12-24,OPTSTK,ASIANPAINT,760.0,CE,0.0,0.0,0.0,8.6,1.5,0,0.0,0
2014-11-10,2014-12-24,OPTSTK,ASIANPAINT,770.0,CE,0.0,0.0,0.0,7.45,1.1,0,0.0,0
2014-11-10,2014-12-24,OPTSTK,ASIANPAINT,780.0,CE,0.0,0.0,0.0,6.45,0.75,0,0.0,0
2014-11-10,2014-12-24,OPTSTK,ASIANPAINT,430.0,PE,0.0,0.0,0.0,0.35,0.0,0,0.0,0
2014-11-10,2014-12-24,OPTSTK,ASIANPAINT,440.0,PE,0.0,0.0,0.0,0.5,0.0,0,0.0,0
2014-11-10,2014-12-24,OPTSTK,ASIANPAINT,450.0,PE,0.0,0.0,0.0,0.75,0.0,0,0.0,0
2014-11-10,2014-12-24,OPTSTK,ASIANPAINT,460.0,PE,0.0,0.0,0.0,1.05,0.0,0,0.0,0
2014-11-10,2014-12-24,OPTSTK,ASIANPAINT,470.0,PE,0.0,0.0,0.0,1.45,0.0,0,0.0,0
2014-11-10,2014-12-24,OPTSTK,ASIANPAINT,480.0,PE,0.0,0.0,0.0,2.0,0.0,0,0.0,0
2014-11-10,2014-12-24,OPTSTK,ASIANPAINT,490.0,PE,0.0,0.0,0.0,2.65,0.05,0,0.0,0
2014-11-10,2014-12-24,OPTSTK,ASIANPAINT,500.0,PE,0.0,0.0,0.0,3.5,0.05,0,0.0,0
2014-11-10,2014-12-24,OPTSTK,ASIANPAINT,510.0,PE,0.0,0.0,0.0,4.5,0.05,0,0.0,0
2014-11-10,2014-12-24,OPTSTK,ASIANPAINT,520.0,PE,0.0,0.0,0.0,5.75,0.1,0,0.0,0
2014-11-10,2014-12-24,OPTSTK,ASIANPAINT,530.0,PE,0.0,0.0,0.0,7.25,0.2,0,0.0,0
2014-11-10,2014-12-24,OPTSTK,ASIANPAINT,540.0,PE,0.0,0.0,0.0,9.0,0.35,0,0.0,0
2014-11-10,2014-12-24,OPTSTK,ASIANPAINT,550.0,PE,0.0,0.0,0.0,11.05,0.6,0,0.0,0
2014-11-10,2014-12-24,OPTSTK,ASIANPAINT,560.0,PE,0.0,0.0,0.0,13.45,1.0,0,0.0,0
2014-11-10,2014-12-24,OPTSTK,ASIANPAINT,570.0,PE,0.0,0.0,0.0,16.15,1.55,0,0.0,0
2014-11-10,2014-12-24,OPTSTK,ASIANPAINT,580.0,PE,0.0,0.0,0.0,19.15,2.4,0,0.0,0
2014-11-10,2014-12-24,OPTSTK,ASIANPAINT,590.0,PE,0.0,0.0,0.0,22.55,3.55,0,0.0,0
2014-11-10,2014-12-24,OPTSTK,ASIANPAINT,600.0,PE,0.0,0.0,0.0,26.3,5.1,0,0.0,0
2014-11-10,2014-12-24,OPTSTK,ASIANPAINT,610.0,PE,0.0,0.0,0.0,30.45,7.1,0,0.0,0
2014-11-10,2014-12-24,OPTSTK,ASIANPAINT,620.0,PE,0.0,0.0,0.0,34.95,9.65,0,0.0,0
2014-11-10,2014-12-24,OPTSTK,ASIANPAINT,630.0,PE,0.0,0.0,0.0,39.85,12.8,0,0.0,0
2014-11-10,2014-12-24,OPTSTK,ASIANPAINT,640.0,PE,0.0,0.0,0.0,45.1,16.55,0,0.0,0
2014-11-10,2014-12-24,OPTSTK,ASIANPAINT,650.0,PE,0.0,0.0,0.0,50.7,20.95,0,0.0,0
2014-11-10,2014-12-24,OPTSTK,ASIANPAINT,660.0,PE,0.0,0.0,0.0,56.6,26.05,0,0.0,0
2014-11-10,2014-12-24,OPTSTK,ASIANPAINT,670.0,PE,0.0,0.0,0.0,62.9,31.75,0,0.0,0
2014-11-10,2014-12-24,OPTSTK,ASIANPAINT,680.0,PE,0.0,0.0,0.0,69.5,38.1,0,0.0,0
2014-11-10,2014-12-24,OPTSTK,ASIANPAINT,690.0,PE,0.0,0.0,0.0,76.35,45.0,0,0.0,0
2014-11-10,2014-12-24,OPTSTK,ASIANPAINT,700.0,PE,0.0,0.0,0.0,83.5,52.45,0,0.0,0
2014-11-10,2014-12-24,OPTSTK,ASIANPAINT,710.0,PE,0.0,0.0,0.0,91.0,60.35,0,0.0,0
2014-11-10,2014-12-24,OPTSTK,ASIANPAINT,720.0,PE,0.0,0.0,0.0,98.65,68.65,0,0.0,0
2014-11-10,2014-12-24,OPTSTK,ASIANPAINT,730.0,PE,0.0,0.0,0.0,106.55,77.25,0,0.0,0
2014-11-10,2014-12-24,OPTSTK,ASIANPAINT,740.0,PE,0.0,0.0,0.0,114.65,86.2,0,0.0,0
2014-11-10,2014-12-24,OPTSTK,ASIANPAINT,750.0,PE,0.0,0.0,0.0,122.95,95.3,0,0.0,0
2014-11-10,2014-12-24,OPTSTK,ASIANPAINT,760.0,PE,0.0,0.0,0.0,131.4,104.65,0,0.0,0
2014-11-10,2014-12-24,OPTSTK,ASIANPAINT,770.0,PE,0.0,0.0,0.0,140.0,114.1,0,0.0,0
2014-11-10,2014-12-24,OPTSTK,ASIANPAINT,780.0,PE,0.0,0.0,0.0,148.8,123.7,0,0.0,0
2014-11-10,2015-01-29,OPTSTK,ASIANPAINT,440.0,CE,0.0,0.0,0.0,214.25,217.25,0,0.0,0
2014-11-10,2015-01-29,OPTSTK,ASIANPAINT,450.0,CE,0.0,0.0,0.0,204.5,207.45,0,0.0,0
2014-11-10,2015-01-29,OPTSTK,ASIANPAINT,460.0,CE,0.0,0.0,0.0,194.75,197.65,0,0.0,0
2014-11-10,2015-01-29,OPTSTK,ASIANPAINT,470.0,CE,0.0,0.0,0.0,185.05,187.9,0,0.0,0
2014-11-10,2015-01-29,OPTSTK,ASIANPAINT,480.0,CE,0.0,0.0,0.0,175.35,178.1,0,0.0,0
2014-11-10,2015-01-29,OPTSTK,ASIANPAINT,490.0,CE,0.0,0.0,0.0,165.75,168.4,0,0.0,0
2014-11-10,2015-01-29,OPTSTK,ASIANPAINT,500.0,CE,0.0,0.0,0.0,156.2,158.7,0,0.0,0
2014-11-10,2015-01-29,OPTSTK,ASIANPAINT,510.0,CE,0.0,0.0,0.0,146.7,149.05,0,0.0,0
2014-11-10,2015-01-29,OPTSTK,ASIANPAINT,520.0,CE,0.0,0.0,0.0,137.35,139.5,0,0.0,0
2014-11-10,2015-01-29,OPTSTK,ASIANPAINT,530.0,CE,0.0,0.0,0.0,128.15,130.05,0,0.0,0
2014-11-10,2015-01-29,OPTSTK,ASIANPAINT,540.0,CE,0.0,0.0,0.0,119.1,120.7,0,0.0,0
2014-11-10,2015-01-29,OPTSTK,ASIANPAINT,550.0,CE,0.0,0.0,0.0,110.25,111.55,0,0.0,0
2014-11-10,2015-01-29,OPTSTK,ASIANPAINT,560.0,CE,0.0,0.0,0.0,101.65,102.6,0,0.0,0
2014-11-10,2015-01-29,OPTSTK,ASIANPAINT,570.0,CE,0.0,0.0,0.0,93.35,93.9,0,0.0,0
2014-11-10,2015-01-29,OPTSTK,ASIANPAINT,580.0,CE,0.0,0.0,0.0,85.3,85.5,0,0.0,0
2014-11-10,2015-01-29,OPTSTK,ASIANPAINT,590.0,CE,0.0,0.0,0.0,77.65,77.45,0,0.0,0
2014-11-10,2015-01-29,OPTSTK,ASIANPAINT,600.0,CE,0.0,0.0,0.0,70.35,69.75,0,0.0,0
2014-11-10,2015-01-29,OPTSTK,ASIANPAINT,610.0,CE,0.0,0.0,0.0,63.4,62.45,0,0.0,0
2014-11-10,2015-01-29,OPTSTK,ASIANPAINT,620.0,CE,0.0,0.0,0.0,56.85,55.55,0,0.0,0
2014-11-10,2015-01-29,OPTSTK,ASIANPAINT,630.0,CE,0.0,0.0,0.0,50.75,49.15,0,0.0,0
2014-11-10,2015-01-29,OPTSTK,ASIANPAINT,640.0,CE,0.0,0.0,0.0,45.1,43.2,0,0.0,0
2014-11-10,2015-01-29,OPTSTK,ASIANPAINT,650.0,CE,0.0,0.0,0.0,39.9,37.75,0,0.0,0
2014-11-10,2015-01-29,OPTSTK,ASIANPAINT,660.0,CE,0.0,0.0,0.0,35.1,32.75,0,0.0,0
2014-11-10,2015-01-29,OPTSTK,ASIANPAINT,670.0,CE,0.0,0.0,0.0,30.75,28.25,0,0.0,0
2014-11-10,2015-01-29,OPTSTK,ASIANPAINT,680.0,CE,0.0,0.0,0.0,26.8,24.25,0,0.0,0
2014-11-10,2015-01-29,OPTSTK,ASIANPAINT,690.0,CE,0.0,0.0,0.0,23.2,20.65,0,0.0,0
2014-11-10,2015-01-29,OPTSTK,ASIANPAINT,700.0,CE,0.0,0.0,0.0,20.05,17.5,0,0.0,0
2014-11-10,2015-01-29,OPTSTK,ASIANPAINT,710.0,CE,0.0,0.0,0.0,17.2,14.7,0,0.0,0
2014-11-10,2015-01-29,OPTSTK,ASIANPAINT,720.0,CE,0.0,0.0,0.0,14.75,12.35,0,0.0,0
2014-11-10,2015-01-29,OPTSTK,ASIANPAINT,730.0,CE,0.0,0.0,0.0,12.55,10.25,0,0.0,0
2014-11-10,2015-01-29,OPTSTK,ASIANPAINT,740.0,CE,0.0,0.0,0.0,10.65,8.5,0,0.0,0
2014-11-10,2015-01-29,OPTSTK,ASIANPAINT,750.0,CE,0.0,0.0,0.0,9.0,7.0,0,0.0,0
2014-11-10,2015-01-29,OPTSTK,ASIANPAINT,760.0,CE,0.0,0.0,0.0,7.55,5.7,0,0.0,0
2014-11-10,2015-01-29,OPTSTK,ASIANPAINT,770.0,CE,0.0,0.0,0.0,6.3,4.65,0,0.0,0
2014-11-10,2015-01-29,OPTSTK,ASIANPAINT,780.0,CE,0.0,0.0,0.0,5.25,3.75,0,0.0,0
2014-11-10,2015-01-29,OPTSTK,ASIANPAINT,440.0,PE,0.0,0.0,0.0,0.05,0.05,0,0.0,0
2014-11-10,2015-01-29,OPTSTK,ASIANPAINT,450.0,PE,0.0,0.0,0.0,0.1,0.05,0,0.0,0
2014-11-10,2015-01-29,OPTSTK,ASIANPAINT,460.0,PE,0.0,0.0,0.0,0.15,0.05,0,0.0,0
2014-11-10,2015-01-29,OPTSTK,ASIANPAINT,470.0,PE,0.0,0.0,0.0,0.2,0.1,0,0.0,0
2014-11-10,2015-01-29,OPTSTK,ASIANPAINT,480.0,PE,0.0,0.0,0.0,0.3,0.1,0,0.0,0
2014-11-10,2015-01-29,OPTSTK,ASIANPAINT,490.0,PE,0.0,0.0,0.0,0.45,0.2,0,0.0,0
2014-11-10,2015-01-29,OPTSTK,ASIANPAINT,500.0,PE,0.0,0.0,0.0,0.7,0.3,0,0.0,0
2014-11-10,2015-01-29,OPTSTK,ASIANPAINT,510.0,PE,0.0,0.0,0.0,1.0,0.5,0,0.0,0
2014-11-10,2015-01-29,OPTSTK,ASIANPAINT,520.0,PE,0.0,0.0,0.0,1.45,0.75,0,0.0,0
2014-11-10,2015-01-29,OPTSTK,ASIANPAINT,530.0,PE,0.0,0.0,0.0,2.0,1.1,0,0.0,0
2014-11-10,2015-01-29,OPTSTK,ASIANPAINT,540.0,PE,0.0,0.0,0.0,2.75,1.6,0,0.0,0
2014-11-10,2015-01-29,OPTSTK,ASIANPAINT,550.0,PE,0.0,0.0,0.0,3.7,2.25,0,0.0,0
2014-11-10,2015-01-29,OPTSTK,ASIANPAINT,560.0,PE,0.0,0.0,0.0,4.9,3.1,0,0.0,0
2014-11-10,2015-01-29,OPTSTK,ASIANPAINT,570.0,PE,0.0,0.0,0.0,6.35,4.2,0,0.0,0
2014-11-10,2015-01-29,OPTSTK,ASIANPAINT,580.0,PE,0.0,0.0,0.0,8.1,5.6,0,0.0,0
2014-11-10,2015-01-29,OPTSTK,ASIANPAINT,590.0,PE,0.0,0.0,0.0,10.2,7.35,0,0.0,0
2014-11-10,2015-01-29,OPTSTK,ASIANPAINT,600.0,PE,0.0,0.0,0.0,12.7,9.45,0,0.0,0
2014-11-10,2015-01-29,OPTSTK,ASIANPAINT,610.0,PE,0.0,0.0,0.0,15.5,12.0,0,0.0,0
2014-11-10,2015-01-29,OPTSTK,ASIANPAINT,620.0,PE,0.0,0.0,0.0,18.8,14.9,0,0.0,0
2014-11-10,2015-01-29,OPTSTK,ASIANPAINT,630.0,PE,0.0,0.0,0.0,22.45,18.3,0,0.0,0
2014-11-10,2015-01-29,OPTSTK,ASIANPAINT,640.0,PE,0.0,0.0,0.0,26.6,22.15,0,0.0,0
2014-11-10,2015-01-29,OPTSTK,ASIANPAINT,650.0,PE,0.0,0.0,0.0,31.15,26.5,0,0.0,0
2014-11-10,2015-01-29,OPTSTK,ASIANPAINT,660.0,PE,0.0,0.0,0.0,36.15,31.35,0,0.0,0
2014-11-10,2015-01-29,OPTSTK,ASIANPAINT,670.0,PE,0.0,0.0,0.0,41.55,36.65,0,0.0,0
2014-11-10,2015-01-29,OPTSTK,ASIANPAINT,680.0,PE,0.0,0.0,0.0,47.4,42.45,0,0.0,0
2014-11-10,2015-01-29,OPTSTK,ASIANPAINT,690.0,PE,0.0,0.0,0.0,53.65,48.7,0,0.0,0
2014-11-10,2015-01-29,OPTSTK,ASIANPAINT,700.0,PE,0.0,0.0,0.0,60.25,55.35,0,0.0,0
2014-11-10,2015-01-29,OPTSTK,ASIANPAINT,710.0,PE,0.0,0.0,0.0,67.2,62.35,0,0.0,0
2014-11-10,2015-01-29,OPTSTK,ASIANPAINT,720.0,PE,0.0,0.0,0.0,74.5,69.8,0,0.0,0
2014-11-10,2015-01-29,OPTSTK,ASIANPAINT,730.0,PE,0.0,0.0,0.0,82.1,77.55,0,0.0,0
2014-11-10,2015-01-29,OPTSTK,ASIANPAINT,740.0,PE,0.0,0.0,0.0,89.95,85.55,0,0.0,0
2014-11-10,2015-01-29,OPTSTK,ASIANPAINT,750.0,PE,0.0,0.0,0.0,98.1,93.85,0,0.0,0
2014-11-10,2015-01-29,OPTSTK,ASIANPAINT,760.0,PE,0.0,0.0,0.0,106.45,102.4,0,0.0,0
2014-11-10,2015-01-29,OPTSTK,ASIANPAINT,770.0,PE,0.0,0.0,0.0,115.0,111.15,0,0.0,0
2014-11-10,2015-01-29,OPTSTK,ASIANPAINT,780.0,PE,0.0,0.0,0.0,123.75,120.1,0,0.0,0
2014-11-10,2014-11-27,OPTSTK,AUROPHARMA,540.0,CE,0.0,0.0,0.0,411.2,483.3,0,0.0,1000
2014-11-10,2014-11-27,OPTSTK,AUROPHARMA,560.0,CE,0.0,0.0,0.0,270.7,463.4,0,0.0,0
2014-11-10,2014-11-27,OPTSTK,AUROPHARMA,580.0,CE,0.0,0.0,0.0,251.9,443.45,0,0.0,0
2014-11-10,2014-11-27,OPTSTK,AUROPHARMA,600.0,CE,0.0,0.0,0.0,233.35,423.55,0,0.0,0
2014-11-10,2014-11-27,OPTSTK,AUROPHARMA,620.0,CE,0.0,0.0,0.0,215.25,403.6,0,0.0,0
2014-11-10,2014-11-27,OPTSTK,AUROPHARMA,640.0,CE,0.0,0.0,0.0,318.0,383.7,0,0.0,500
2014-11-10,2014-11-27,OPTSTK,AUROPHARMA,660.0,CE,0.0,0.0,0.0,180.55,363.75,0,0.0,0
2014-11-10,2014-11-27,OPTSTK,AUROPHARMA,680.0,CE,0.0,0.0,0.0,164.15,343.85,0,0.0,0
2014-11-10,2014-11-27,OPTSTK,AUROPHARMA,700.0,CE,0.0,0.0,0.0,148.5,323.95,0,0.0,0
2014-11-10,2014-11-27,OPTSTK,AUROPHARMA,720.0,CE,0.0,0.0,0.0,133.7,304.0,0,0.0,0
2014-11-10,2014-11-27,OPTSTK,AUROPHARMA,740.0,CE,0.0,0.0,0.0,119.7,284.1,0,0.0,0
2014-11-10,2014-11-27,OPTSTK,AUROPHARMA,760.0,CE,0.0,0.0,0.0,106.65,264.2,0,0.0,0
2014-11-10,2014-11-27,OPTSTK,AUROPHARMA,780.0,CE,0.0,0.0,0.0,94.55,244.35,0,0.0,0
2014-11-10,2014-11-27,OPTSTK,AUROPHARMA,800.0,CE,0.0,0.0,0.0,154.75,224.55,0,0.0,500
2014-11-10,2014-11-27,OPTSTK,AUROPHARMA,820.0,CE,0.0,0.0,0.0,73.25,204.85,0,0.0,0
2014-11-10,2014-11-27,OPTSTK,AUROPHARMA,840.0,CE,0.0,0.0,0.0,64.0,185.35,0,0.0,0
2014-11-10,2014-11-27,OPTSTK,AUROPHARMA,860.0,CE,0.0,0.0,0.0,150.95,166.15,0,0.0,3000
2014-11-10,2014-11-27,OPTSTK,AUROPHARMA,880.0,CE,0.0,0.0,0.0,95.6,147.4,0,0.0,8000
2014-11-10,2014-11-27,OPTSTK,AUROPHARMA,900.0,CE,0.0,0.0,0.0,150.0,129.3,0,0.0,14500
2014-11-10,2014-11-27,OPTSTK,AUROPHARMA,920.0,CE,0.0,0.0,0.0,80.65,112.0,0,0.0,3000
2014-11-10,2014-11-27,OPTSTK,AUROPHARMA,940.0,CE,96.05,98.3,88.0,92.55,92.55,9,23.24,20500
2014-11-10,2014-11-27,OPTSTK,AUROPHARMA,960.0,CE,79.25,82.65,62.1,74.2,74.2,24,62.01,53250
2014-11-10,2014-11-27,OPTSTK,AUROPHARMA,980.0,CE,62.15,74.0,54.5,62.25,62.25,17,44.33,25250
2014-11-10,2014-11-27,OPTSTK,AUROPHARMA,1000.0,CE,52.0,60.7,38.0,46.9,46.9,223,585.42,108500
2014-11-10,2014-11-27,OPTSTK,AUROPHARMA,1020.0,CE,43.4,47.95,27.4,35.5,35.5,492,1299.3,54000
2014-11-10,2014-11-27,OPTSTK,AUROPHARMA,1040.0,CE,29.9,37.6,20.45,26.3,26.3,898,2398.8,114250
2014-11-10,2014-11-27,OPTSTK,AUROPHARMA,1060.0,CE,22.45,27.7,14.05,18.9,18.9,736,1987.71,240750
2014-11-10,2014-11-27,OPTSTK,AUROPHARMA,1080.0,CE,17.0,20.1,10.0,13.35,13.35,283,774.46,51750
2014-11-10,2014-11-27,OPTSTK,AUROPHARMA,1100.0,CE,12.45,14.5,6.95,9.1,9.1,819,2272.54,123000
2014-11-10,2014-11-27,OPTSTK,AUROPHARMA,1120.0,CE,8.0,10.1,5.05,6.45,6.45,103,290.41,30500
2014-11-10,2014-11-27,OPTSTK,AUROPHARMA,1140.0,CE,5.0,7.05,4.0,4.05,4.05,53,151.76,41000
2014-11-10,2014-11-27,OPTSTK,AUROPHARMA,1160.0,CE,4.0,4.05,2.65,3.0,3.0,31,90.16,34750
2014-11-10,2014-11-27,OPTSTK,AUROPHARMA,1180.0,CE,2.2,2.45,2.0,2.1,2.1,25,73.89,7000
2014-11-10,2014-11-27,OPTSTK,AUROPHARMA,1200.0,CE,0.0,0.0,0.0,11.95,2.95,0,0.0,0
2014-11-10,2014-11-27,OPTSTK,AUROPHARMA,540.0,PE,0.0,0.0,0.0,0.75,0.0,0,0.0,0
2014-11-10,2014-11-27,OPTSTK,AUROPHARMA,560.0,PE,0.0,0.0,0.0,1.25,0.0,0,0.0,0
2014-11-10,2014-11-27,OPTSTK,AUROPHARMA,580.0,PE,0.0,0.0,0.0,2.0,0.0,0,0.0,0
2014-11-10,2014-11-27,OPTSTK,AUROPHARMA,600.0,PE,0.0,0.0,0.0,3.05,0.0,0,0.0,0
2014-11-10,2014-11-27,OPTSTK,AUROPHARMA,620.0,PE,0.0,0.0,0.0,4.5,0.0,0,0.0,0
2014-11-10,2014-11-27,OPTSTK,AUROPHARMA,640.0,PE,0.0,0.0,0.0,6.45,0.0,0,0.0,0
2014-11-10,2014-11-27,OPTSTK,AUROPHARMA,660.0,PE,0.0,0.0,0.0,8.95,0.0,0,0.0,0
2014-11-10,2014-11-27,OPTSTK,AUROPHARMA,680.0,PE,0.0,0.0,0.0,12.15,0.0,0,0.0,0
2014-11-10,2014-11-27,OPTSTK,AUROPHARMA,700.0,PE,0.0,0.0,0.0,16.1,0.0,0,0.0,0
2014-11-10,2014-11-27,OPTSTK,AUROPHARMA,720.0,PE,0.0,0.0,0.0,20.85,0.05,0,0.0,0
2014-11-10,2014-11-27,OPTSTK,AUROPHARMA,740.0,PE,0.0,0.0,0.0,26.45,0.05,0,0.0,0
2014-11-10,2014-11-27,OPTSTK,AUROPHARMA,760.0,PE,0.0,0.0,0.0,32.95,0.05,0,0.0,0
2014-11-10,2014-11-27,OPTSTK,AUROPHARMA,780.0,PE,0.0,0.0,0.0,40.4,0.1,0,0.0,0
2014-11-10,2014-11-27,OPTSTK,AUROPHARMA,800.0,PE,0.0,0.0,0.0,3.5,0.25,0,0.0,500
2014-11-10,2014-11-27,OPTSTK,AUROPHARMA,820.0,PE,0.0,0.0,0.0,0.5,0.45,0,0.0,3750
2014-11-10,2014-11-27,OPTSTK,AUROPHARMA,840.0,PE,1.25,1.25,1.25,1.25,1.25,1,2.1,8000
2014-11-10,2014-11-27,OPTSTK,AUROPHARMA,860.0,PE,1.25,1.25,1.2,1.2,1.2,11,23.68,9750
2014-11-10,2014-11-27,OPTSTK,AUROPHARMA,880.0,PE,1.7,1.7,1.7,1.7,1.7,1,2.2,11500
2014-11-10,2014-11-27,OPTSTK,AUROPHARMA,900.0,PE,2.9,3.85,2.9,3.15,3.15,66,149.07,98000
2014-11-10,2014-11-27,OPTSTK,AUROPHARMA,920.0,PE,4.5,5.05,4.1,4.55,4.55,36,83.22,19000
2014-11-10,2014-11-27,OPTSTK,AUROPHARMA,940.0,PE,6.7,9.5,5.45,6.8,6.8,201,476.04,91500
2014-11-10,2014-11-27,OPTSTK,AUROPHARMA,960.0,PE,9.5,13.8,7.75,10.1,10.1,263,638.18,69000
2014-11-10,2014-11-27,OPTSTK,AUROPHARMA,980.0,PE,12.0,19.8,11.65,14.9,14.9,245,609.57,57000
2014-11-10,2014-11-27,OPTSTK,AUROPHARMA,1000.0,PE,19.45,28.05,16.3,21.25,21.25,851,2173.0,125250
2014-11-10,2014-11-27,OPTSTK,AUROPHARMA,1020.0,PE,26.95,38.75,22.85,29.55,29.55,612,1606.2,79500
2014-11-10,2014-11-27,OPTSTK,AUROPHARMA,1040.0,PE,38.0,51.0,32.2,40.0,40.0,224,605.14,26000
2014-11-10,2014-11-27,OPTSTK,AUROPHARMA,1060.0,PE,46.7,60.7,43.15,47.45,47.45,14,38.91,1250
2014-11-10,2014-11-27,OPTSTK,AUROPHARMA,1080.0,PE,74.0,74.0,74.0,74.0,74.0,1,2.88,500
2014-11-10,2014-11-27,OPTSTK,AUROPHARMA,1100.0,PE,74.8,74.8,74.8,74.8,74.8,1,2.93,250
2014-11-10,2014-11-27,OPTSTK,AUROPHARMA,1120.0,PE,0.0,0.0,0.0,270.65,105.9,0,0.0,0
2014-11-10,2014-11-27,OPTSTK,AUROPHARMA,1140.0,PE,0.0,0.0,0.0,254.85,122.7,0,0.0,0
2014-11-10,2014-11-27,OPTSTK,AUROPHARMA,1160.0,PE,0.0,0.0,0.0,273.2,140.25,0,0.0,0
2014-11-10,2014-11-27,OPTSTK,AUROPHARMA,1180.0,PE,0.0,0.0,0.0,269.0,158.4,0,0.0,0
2014-11-10,2014-11-27,OPTSTK,AUROPHARMA,1200.0,PE,0.0,0.0,0.0,326.15,177.05,0,0.0,0
2014-11-10,2014-12-24,OPTSTK,AUROPHARMA,540.0,CE,0.0,0.0,0.0,342.8,486.8,0,0.0,0
2014-11-10,2014-12-24,OPTSTK,AUROPHARMA,560.0,CE,0.0,0.0,0.0,324.55,467.05,0,0.0,0
2014-11-10,2014-12-24,OPTSTK,AUROPHARMA,580.0,CE,0.0,0.0,0.0,306.65,447.25,0,0.0,0
2014-11-10,2014-12-24,OPTSTK,AUROPHARMA,600.0,CE,0.0,0.0,0.0,289.15,427.45,0,0.0,0
2014-11-10,2014-12-24,OPTSTK,AUROPHARMA,620.0,CE,0.0,0.0,0.0,272.1,407.7,0,0.0,0
2014-11-10,2014-12-24,OPTSTK,AUROPHARMA,640.0,CE,0.0,0.0,0.0,255.5,387.95,0,0.0,0
2014-11-10,2014-12-24,OPTSTK,AUROPHARMA,660.0,CE,0.0,0.0,0.0,239.4,368.2,0,0.0,0
2014-11-10,2014-12-24,OPTSTK,AUROPHARMA,680.0,CE,0.0,0.0,0.0,223.9,348.5,0,0.0,0
2014-11-10,2014-12-24,OPTSTK,AUROPHARMA,700.0,CE,0.0,0.0,0.0,208.95,328.9,0,0.0,0
2014-11-10,2014-12-24,OPTSTK,AUROPHARMA,720.0,CE,0.0,0.0,0.0,194.65,309.35,0,0.0,0
2014-11-10,2014-12-24,OPTSTK,AUROPHARMA,740.0,CE,0.0,0.0,0.0,180.95,290.0,0,0.0,0
2014-11-10,2014-12-24,OPTSTK,AUROPHARMA,760.0,CE,0.0,0.0,0.0,167.9,270.8,0,0.0,0
2014-11-10,2014-12-24,OPTSTK,AUROPHARMA,780.0,CE,0.0,0.0,0.0,155.5,251.9,0,0.0,0
2014-11-10,2014-12-24,OPTSTK,AUROPHARMA,800.0,CE,0.0,0.0,0.0,143.75,233.3,0,0.0,0
2014-11-10,2014-12-24,OPTSTK,AUROPHARMA,820.0,CE,0.0,0.0,0.0,132.7,215.1,0,0.0,0
2014-11-10,2014-12-24,OPTSTK,AUROPHARMA,840.0,CE,0.0,0.0,0.0,122.3,197.4,0,0.0,0
2014-11-10,2014-12-24,OPTSTK,AUROPHARMA,860.0,CE,0.0,0.0,0.0,112.5,180.25,0,0.0,0
2014-11-10,2014-12-24,OPTSTK,AUROPHARMA,880.0,CE,0.0,0.0,0.0,103.35,163.75,0,0.0,0
2014-11-10,2014-12-24,OPTSTK,AUROPHARMA,900.0,CE,0.0,0.0,0.0,94.8,148.05,0,0.0,0
2014-11-10,2014-12-24,OPTSTK,AUROPHARMA,920.0,CE,0.0,0.0,0.0,86.8,133.1,0,0.0,0
2014-11-10,2014-12-24,OPTSTK,AUROPHARMA,940.0,CE,0.0,0.0,0.0,79.4,119.0,0,0.0,0
2014-11-10,2014-12-24,OPTSTK,AUROPHARMA,960.0,CE,0.0,0.0,0.0,72.55,105.85,0,0.0,0
2014-11-10,2014-12-24,OPTSTK,AUROPHARMA,980.0,CE,0.0,0.0,0.0,66.15,93.6,0,0.0,0
2014-11-10,2014-12-24,OPTSTK,AUROPHARMA,1000.0,CE,0.0,0.0,0.0,88.65,82.35,0,0.0,500
2014-11-10,2014-12-24,OPTSTK,AUROPHARMA,1020.0,CE,0.0,0.0,0.0,54.9,72.05,0,0.0,0
2014-11-10,2014-12-24,OPTSTK,AUROPHARMA,1040.0,CE,0.0,0.0,0.0,49.95,62.7,0,0.0,0
2014-11-10,2014-12-24,OPTSTK,AUROPHARMA,1060.0,CE,0.0,0.0,0.0,45.4,54.3,0,0.0,0
2014-11-10,2014-12-24,OPTSTK,AUROPHARMA,1080.0,CE,0.0,0.0,0.0,41.2,46.75,0,0.0,0
2014-11-10,2014-12-24,OPTSTK,AUROPHARMA,1100.0,CE,0.0,0.0,0.0,33.05,40.05,0,0.0,0
2014-11-10,2014-12-24,OPTSTK,AUROPHARMA,1120.0,CE,0.0,0.0,0.0,33.85,34.15,0,0.0,0
2014-11-10,2014-12-24,OPTSTK,AUROPHARMA,1140.0,CE,0.0,0.0,0.0,30.6,29.0,0,0.0,0
2014-11-10,2014-12-24,OPTSTK,AUROPHARMA,1160.0,CE,0.0,0.0,0.0,27.7,24.55,0,0.0,0
2014-11-10,2014-12-24,OPTSTK,AUROPHARMA,1180.0,CE,0.0,0.0,0.0,25.05,20.6,0,0.0,0
2014-11-10,2014-12-24,OPTSTK,AUROPHARMA,1200.0,CE,0.0,0.0,0.0,22.6,17.25,0,0.0,0
2014-11-10,2014-12-24,OPTSTK,AUROPHARMA,540.0,PE,0.0,0.0,0.0,3.55,0.0,0,0.0,0
2014-11-10,2014-12-24,OPTSTK,AUROPHARMA,560.0,PE,0.0,0.0,0.0,4.9,0.0,0,0.0,0
2014-11-10,2014-12-24,OPTSTK,AUROPHARMA,580.0,PE,0.0,0.0,0.0,6.55,0.05,0,0.0,0
2014-11-10,2014-12-24,OPTSTK,AUROPHARMA,600.0,PE,0.0,0.0,0.0,8.6,0.05,0,0.0,0
2014-11-10,2014-12-24,OPTSTK,AUROPHARMA,620.0,PE,0.0,0.0,0.0,11.1,0.05,0,0.0,0
2014-11-10,2014-12-24,OPTSTK,AUROPHARMA,640.0,PE,0.0,0.0,0.0,14.1,0.1,0,0.0,0
2014-11-10,2014-12-24,OPTSTK,AUROPHARMA,660.0,PE,0.0,0.0,0.0,17.6,0.15,0,0.0,0
2014-11-10,2014-12-24,OPTSTK,AUROPHARMA,680.0,PE,0.0,0.0,0.0,21.6,0.25,0,0.0,0
2014-11-10,2014-12-24,OPTSTK,AUROPHARMA,700.0,PE,0.0,0.0,0.0,26.25,0.4,0,0.0,0
2014-11-10,2014-12-24,OPTSTK,AUROPHARMA,720.0,PE,0.0,0.0,0.0,31.5,0.7,0,0.0,0
2014-11-10,2014-12-24,OPTSTK,AUROPHARMA,740.0,PE,0.0,0.0,0.0,37.4,1.1,0,0.0,0
2014-11-10,2014-12-24,OPTSTK,AUROPHARMA,760.0,PE,0.0,0.0,0.0,43.9,1.7,0,0.0,0
2014-11-10,2014-12-24,OPTSTK,AUROPHARMA,780.0,PE,0.0,0.0,0.0,51.05,2.55,0,0.0,0
2014-11-10,2014-12-24,OPTSTK,AUROPHARMA,800.0,PE,0.0,0.0,0.0,58.9,3.75,0,0.0,0
2014-11-10,2014-12-24,OPTSTK,AUROPHARMA,820.0,PE,0.0,0.0,0.0,67.35,5.35,0,0.0,0
2014-11-10,2014-12-24,OPTSTK,AUROPHARMA,840.0,PE,0.0,0.0,0.0,76.5,7.45,0,0.0,0
2014-11-10,2014-12-24,OPTSTK,AUROPHARMA,860.0,PE,0.0,0.0,0.0,86.3,10.1,0,0.0,0
2014-11-10,2014-12-24,OPTSTK,AUROPHARMA,880.0,PE,0.0,0.0,0.0,96.7,13.4,0,0.0,0
2014-11-10,2014-12-24,OPTSTK,AUROPHARMA,900.0,PE,0.0,0.0,0.0,107.7,17.45,0,0.0,0
2014-11-10,2014-12-24,OPTSTK,AUROPHARMA,920.0,PE,0.0,0.0,0.0,119.3,22.35,0,0.0,0
2014-11-10,2014-12-24,OPTSTK,AUROPHARMA,940.0,PE,0.0,0.0,0.0,131.45,28.0,0,0.0,0
2014-11-10,2014-12-24,OPTSTK,AUROPHARMA,960.0,PE,0.0,0.0,0.0,144.15,34.65,0,0.0,0
2014-11-10,2014-12-24,OPTSTK,AUROPHARMA,980.0,PE,0.0,0.0,0.0,157.35,42.2,0,0.0,0
2014-11-10,2014-12-24,OPTSTK,AUROPHARMA,1000.0,PE,0.0,0.0,0.0,171.05,50.75,0,0.0,0
2014-11-10,2014-12-24,OPTSTK,AUROPHARMA,1020.0,PE,0.0,0.0,0.0,185.2,60.25,0,0.0,0
2014-11-10,2014-12-24,OPTSTK,AUROPHARMA,1040.0,PE,0.0,0.0,0.0,199.8,70.7,0,0.0,0
2014-11-10,2014-12-24,OPTSTK,AUROPHARMA,1060.0,PE,0.0,0.0,0.0,214.8,82.05,0,0.0,0
2014-11-10,2014-12-24,OPTSTK,AUROPHARMA,1080.0,PE,0.0,0.0,0.0,230.2,94.3,0,0.0,0
2014-11-10,2014-12-24,OPTSTK,AUROPHARMA,1100.0,PE,0.0,0.0,0.0,245.95,107.4,0,0.0,0
2014-11-10,2014-12-24,OPTSTK,AUROPHARMA,1120.0,PE,0.0,0.0,0.0,262.0,121.3,0,0.0,0
2014-11-10,2014-12-24,OPTSTK,AUROPHARMA,1140.0,PE,0.0,0.0,0.0,278.3,135.95,0,0.0,0
2014-11-10,2014-12-24,OPTSTK,AUROPHARMA,1160.0,PE,0.0,0.0,0.0,294.95,151.25,0,0.0,0
2014-11-10,2014-12-24,OPTSTK,AUROPHARMA,1180.0,PE,0.0,0.0,0.0,311.85,167.1,0,0.0,0
2014-11-10,2014-12-24,OPTSTK,AUROPHARMA,1200.0,PE,0.0,0.0,0.0,329.0,183.5,0,0.0,0
2014-11-10,2015-01-29,OPTSTK,AUROPHARMA,600.0,CE,0.0,0.0,0.0,366.6,432.9,0,0.0,0
2014-11-10,2015-01-29,OPTSTK,AUROPHARMA,620.0,CE,0.0,0.0,0.0,347.8,413.45,0,0.0,0
2014-11-10,2015-01-29,OPTSTK,AUROPHARMA,640.0,CE,0.0,0.0,0.0,329.2,394.15,0,0.0,0
2014-11-10,2015-01-29,OPTSTK,AUROPHARMA,660.0,CE,0.0,0.0,0.0,310.9,374.95,0,0.0,0
2014-11-10,2015-01-29,OPTSTK,AUROPHARMA,680.0,CE,0.0,0.0,0.0,292.9,355.9,0,0.0,0
2014-11-10,2015-01-29,OPTSTK,AUROPHARMA,700.0,CE,0.0,0.0,0.0,275.35,337.05,0,0.0,0
2014-11-10,2015-01-29,OPTSTK,AUROPHARMA,720.0,CE,0.0,0.0,0.0,258.2,318.45,0,0.0,0
2014-11-10,2015-01-29,OPTSTK,AUROPHARMA,740.0,CE,0.0,0.0,0.0,241.5,300.1,0,0.0,0
2014-11-10,2015-01-29,OPTSTK,AUROPHARMA,760.0,CE,0.0,0.0,0.0,225.35,282.15,0,0.0,0
2014-11-10,2015-01-29,OPTSTK,AUROPHARMA,780.0,CE,0.0,0.0,0.0,209.75,264.55,0,0.0,0
2014-11-10,2015-01-29,OPTSTK,AUROPHARMA,800.0,CE,0.0,0.0,0.0,194.8,247.45,0,0.0,0
2014-11-10,2015-01-29,OPTSTK,AUROPHARMA,820.0,CE,0.0,0.0,0.0,180.45,230.8,0,0.0,0
2014-11-10,2015-01-29,OPTSTK,AUROPHARMA,840.0,CE,0.0,0.0,0.0,166.75,214.7,0,0.0,0
2014-11-10,2015-01-29,OPTSTK,AUROPHARMA,860.0,CE,0.0,0.0,0.0,153.65,199.15,0,0.0,0
2014-11-10,2015-01-29,OPTSTK,AUROPHARMA,880.0,CE,0.0,0.0,0.0,141.35,184.25,0,0.0,0
2014-11-10,2015-01-29,OPTSTK,AUROPHARMA,900.0,CE,0.0,0.0,0.0,129.7,170.0,0,0.0,0
2014-11-10,2015-01-29,OPTSTK,AUROPHARMA,920.0,CE,0.0,0.0,0.0,118.75,156.4,0,0.0,0
2014-11-10,2015-01-29,OPTSTK,AUROPHARMA,940.0,CE,0.0,0.0,0.0,108.5,143.5,0,0.0,0
2014-11-10,2015-01-29,OPTSTK,AUROPHARMA,960.0,CE,0.0,0.0,0.0,98.9,131.35,0,0.0,0
2014-11-10,2015-01-29,OPTSTK,AUROPHARMA,980.0,CE,0.0,0.0,0.0,89.95,119.9,0,0.0,0
2014-11-10,2015-01-29,OPTSTK,AUROPHARMA,1000.0,CE,0.0,0.0,0.0,81.7,109.15,0,0.0,0
2014-11-10,2015-01-29,OPTSTK,AUROPHARMA,1020.0,CE,0.0,0.0,0.0,74.0,99.1,0,0.0,0
2014-11-10,2015-01-29,OPTSTK,AUROPHARMA,1040.0,CE,0.0,0.0,0.0,66.95,89.8,0,0.0,0
2014-11-10,2015-01-29,OPTSTK,AUROPHARMA,1060.0,CE,0.0,0.0,0.0,60.45,81.15,0,0.0,0
2014-11-10,2015-01-29,OPTSTK,AUROPHARMA,1080.0,CE,0.0,0.0,0.0,54.45,73.15,0,0.0,0
2014-11-10,2015-01-29,OPTSTK,AUROPHARMA,1100.0,CE,0.0,0.0,0.0,49.0,65.8,0,0.0,0
2014-11-10,2015-01-29,OPTSTK,AUROPHARMA,1120.0,CE,0.0,0.0,0.0,44.05,59.05,0,0.0,0
2014-11-10,2015-01-29,OPTSTK,AUROPHARMA,1140.0,CE,0.0,0.0,0.0,39.55,52.9,0,0.0,0
2014-11-10,2015-01-29,OPTSTK,AUROPHARMA,1160.0,CE,0.0,0.0,0.0,35.45,47.3,0,0.0,0
2014-11-10,2015-01-29,OPTSTK,AUROPHARMA,1180.0,CE,0.0,0.0,0.0,31.65,42.2,0,0.0,0
2014-11-10,2015-01-29,OPTSTK,AUROPHARMA,1200.0,CE,0.0,0.0,0.0,28.3,37.6,0,0.0,0
2014-11-10,2015-01-29,OPTSTK,AUROPHARMA,600.0,PE,0.0,0.0,0.0,1.7,0.35,0,0.0,0
2014-11-10,2015-01-29,OPTSTK,AUROPHARMA,620.0,PE,0.0,0.0,0.0,2.45,0.55,0,0.0,0
2014-11-10,2015-01-29,OPTSTK,AUROPHARMA,640.0,PE,0.0,0.0,0.0,3.45,0.85,0,0.0,0
2014-11-10,2015-01-29,OPTSTK,AUROPHARMA,660.0,PE,0.0,0.0,0.0,4.7,1.25,0,0.0,0
2014-11-10,2015-01-29,OPTSTK,AUROPHARMA,680.0,PE,0.0,0.0,0.0,6.3,1.85,0,0.0,0
2014-11-10,2015-01-29,OPTSTK,AUROPHARMA,700.0,PE,0.0,0.0,0.0,8.3,2.6,0,0.0,0
2014-11-10,2015-01-29,OPTSTK,AUROPHARMA,720.0,PE,0.0,0.0,0.0,10.7,3.65,0,0.0,0
2014-11-10,2015-01-29,OPTSTK,AUROPHARMA,740.0,PE,0.0,0.0,0.0,13.6,4.95,0,0.0,0
2014-11-10,2015-01-29,OPTSTK,AUROPHARMA,760.0,PE,0.0,0.0,0.0,17.0,6.6,0,0.0,0
2014-11-10,2015-01-29,OPTSTK,AUROPHARMA,780.0,PE,0.0,0.0,0.0,21.0,8.65,0,0.0,0
2014-11-10,2015-01-29,OPTSTK,AUROPHARMA,800.0,PE,0.0,0.0,0.0,25.55,11.1,0,0.0,0
2014-11-10,2015-01-29,OPTSTK,AUROPHARMA,820.0,PE,0.0,0.0,0.0,30.8,14.1,0,0.0,0
2014-11-10,2015-01-29,OPTSTK,AUROPHARMA,840.0,PE,0.0,0.0,0.0,36.65,17.6,0,0.0,0
2014-11-10,2015-01-29,OPTSTK,AUROPHARMA,860.0,PE,0.0,0.0,0.0,43.15,21.7,0,0.0,0
2014-11-10,2015-01-29,OPTSTK,AUROPHARMA,880.0,PE,0.0,0.0,0.0,50.4,26.45,0,0.0,0
2014-11-10,2015-01-29,OPTSTK,AUROPHARMA,900.0,PE,0.0,0.0,0.0,58.3,31.8,0,0.0,0
2014-11-10,2015-01-29,OPTSTK,AUROPHARMA,920.0,PE,0.0,0.0,0.0,66.95,37.85,0,0.0,0
2014-11-10,2015-01-29,OPTSTK,AUROPHARMA,940.0,PE,0.0,0.0,0.0,76.25,44.55,0,0.0,0
2014-11-10,2015-01-29,OPTSTK,AUROPHARMA,960.0,PE,0.0,0.0,0.0,86.25,52.0,0,0.0,0
2014-11-10,2015-01-29,OPTSTK,AUROPHARMA,980.0,PE,0.0,0.0,0.0,96.85,60.15,0,0.0,0
2014-11-10,2015-01-29,OPTSTK,AUROPHARMA,1000.0,PE,0.0,0.0,0.0,108.15,69.05,0,0.0,0
2014-11-10,2015-01-29,OPTSTK,AUROPHARMA,1020.0,PE,0.0,0.0,0.0,120.05,78.65,0,0.0,0
2014-11-10,2015-01-29,OPTSTK,AUROPHARMA,1040.0,PE,0.0,0.0,0.0,132.55,88.95,0,0.0,0
2014-11-10,2015-01-29,OPTSTK,AUROPHARMA,1060.0,PE,0.0,0.0,0.0,145.6,99.9,0,0.0,0
2014-11-10,2015-01-29,OPTSTK,AUROPHARMA,1080.0,PE,0.0,0.0,0.0,159.2,111.55,0,0.0,0
2014-11-10,2015-01-29,OPTSTK,AUROPHARMA,1100.0,PE,0.0,0.0,0.0,173.3,123.8,0,0.0,0
2014-11-10,2015-01-29,OPTSTK,AUROPHARMA,1120.0,PE,0.0,0.0,0.0,187.95,136.7,0,0.0,0
2014-11-10,2015-01-29,OPTSTK,AUROPHARMA,1140.0,PE,0.0,0.0,0.0,203.0,150.15,0,0.0,0
2014-11-10,2015-01-29,OPTSTK,AUROPHARMA,1160.0,PE,0.0,0.0,0.0,218.45,164.15,0,0.0,0
2014-11-10,2015-01-29,OPTSTK,AUROPHARMA,1180.0,PE,0.0,0.0,0.0,234.25,178.7,0,0.0,0
2014-11-10,2015-01-29,OPTSTK,AUROPHARMA,1200.0,PE,0.0,0.0,0.0,250.45,193.7,0,0.0,0
2014-11-10,2014-11-27,OPTSTK,AXISBANK,280.0,CE,0.0,0.0,0.0,123.3,181.65,0,0.0,0
2014-11-10,2014-11-27,OPTSTK,AXISBANK,290.0,CE,0.0,0.0,0.0,113.6,171.65,0,0.0,0
2014-11-10,2014-11-27,OPTSTK,AXISBANK,300.0,CE,0.0,0.0,0.0,124.0,161.7,0,0.0,335000
2014-11-10,2014-11-27,OPTSTK,AXISBANK,310.0,CE,0.0,0.0,0.0,94.55,151.75,0,0.0,0
2014-11-10,2014-11-27,OPTSTK,AXISBANK,320.0,CE,0.0,0.0,0.0,104.75,141.8,0,0.0,33750
2014-11-10,2014-11-27,OPTSTK,AXISBANK,330.0,CE,0.0,0.0,0.0,76.2,131.8,0,0.0,0
2014-11-10,2014-11-27,OPTSTK,AXISBANK,340.0,CE,0.0,0.0,0.0,85.0,121.85,0,0.0,91250
2014-11-10,2014-11-27,OPTSTK,AXISBANK,350.0,CE,0.0,0.0,0.0,72.35,111.9,0,0.0,7500
2014-11-10,2014-11-27,OPTSTK,AXISBANK,360.0,CE,0.0,0.0,0.0,80.8,101.95,0,0.0,8750
2014-11-10,2014-11-27,OPTSTK,AXISBANK,370.0,CE,0.0,0.0,0.0,44.1,92.0,0,0.0,0
2014-11-10,2014-11-27,OPTSTK,AXISBANK,380.0,CE,0.0,0.0,0.0,17.65,82.05,0,0.0,1250
2014-11-10,2014-11-27,OPTSTK,AXISBANK,390.0,CE,0.0,0.0,0.0,68.7,72.2,0,0.0,10000
2014-11-10,2014-11-27,OPTSTK,AXISBANK,400.0,CE,0.0,0.0,0.0,70.0,62.45,0,0.0,50000
2014-11-10,2014-11-27,OPTSTK,AXISBANK,410.0,CE,0.0,0.0,0.0,62.0,52.95,0,0.0,8750
2014-11-10,2014-11-27,OPTSTK,AXISBANK,420.0,CE,53.9,53.9,45.1,45.75,45.75,7,41.13,121250
2014-11-10,2014-11-27,OPTSTK,AXISBANK,430.0,CE,45.55,45.55,33.9,35.75,35.75,18,105.48,107500
2014-11-10,2014-11-27,OPTSTK,AXISBANK,440.0,CE,36.4,38.0,25.8,26.9,26.9,34,200.19,192500
2014-11-10,2014-11-27,OPTSTK,AXISBANK,450.0,CE,28.95,30.05,18.85,19.75,19.75,71,419.47,322500
2014-11-10,2014-11-27,OPTSTK,AXISBANK,460.0,CE,21.7,22.75,12.9,13.65,13.65,255,1517.2,317500
2014-11-10,2014-11-27,OPTSTK,AXISBANK,470.0,CE,15.6,16.45,8.2,8.85,8.85,847,5094.68,605000
2014-11-10,2014-11-27,OPTSTK,AXISBANK,480.0,CE,10.2,11.0,5.05,5.4,5.4,895,5455.23,528750
2014-11-10,2014-11-27,OPTSTK,AXISBANK,490.0,CE,5.95,6.85,2.9,3.15,3.15,411,2540.34,305000
2014-11-10,2014-11-27,OPTSTK,AXISBANK,500.0,CE,3.4,4.2,1.65,1.8,1.8,386,2426.41,437500
2014-11-10,2014-11-27,OPTSTK,AXISBANK,510.0,CE,2.2,2.45,0.95,1.0,1.0,201,1285.68,168750
2014-11-10,2014-11-27,OPTSTK,AXISBANK,520.0,CE,1.1,1.4,0.6,0.65,0.65,145,944.31,136250
2014-11-10,2014-11-27,OPTSTK,AXISBANK,530.0,CE,0.35,0.35,0.35,0.35,0.35,1,6.62,8750
2014-11-10,2014-11-27,OPTSTK,AXISBANK,540.0,CE,0.0,0.0,0.0,0.7,0.3,0,0.0,0
2014-11-10,2014-11-27,OPTSTK,AXISBANK,550.0,CE,0.0,0.0,0.0,0.5,0.15,0,0.0,0
2014-11-10,2014-11-27,OPTSTK,AXISBANK,560.0,CE,0.0,0.0,0.0,0.35,0.1,0,0.0,0
2014-11-10,2014-11-27,OPTSTK,AXISBANK,280.0,PE,0.0,0.0,0.0,0.1,0.0,0,0.0,0
2014-11-10,2014-11-27,OPTSTK,AXISBANK,290.0,PE,0.0,0.0,0.0,0.2,0.0,0,0.0,0
2014-11-10,2014-11-27,OPTSTK,AXISBANK,300.0,PE,0.0,0.0,0.0,0.6,0.0,0,0.0,3750
2014-11-10,2014-11-27,OPTSTK,AXISBANK,310.0,PE,0.0,0.0,0.0,0.7,0.0,0,0.0,0
2014-11-10,2014-11-27,OPTSTK,AXISBANK,320.0,PE,0.0,0.0,0.0,0.05,0.0,0,0.0,2500
2014-11-10,2014-11-27,OPTSTK,AXISBANK,330.0,PE,0.0,0.0,0.0,0.5,0.0,0,0.0,1250
2014-11-10,2014-11-27,OPTSTK,AXISBANK,340.0,PE,0.0,0.0,0.0,3.0,0.0,0,0.0,0
2014-11-10,2014-11-27,OPTSTK,AXISBANK,350.0,PE,0.0,0.0,0.0,4.5,0.0,0,0.0,0
2014-11-10,2014-11-27,OPTSTK,AXISBANK,360.0,PE,0.0,0.0,0.0,6.45,0.0,0,0.0,0
2014-11-10,2014-11-27,OPTSTK,AXISBANK,370.0,PE,0.0,0.0,0.0,2.25,0.05,0,0.0,1250
2014-11-10,2014-11-27,OPTSTK,AXISBANK,380.0,PE,0.25,0.4,0.25,0.35,0.35,5,23.77,106250
2014-11-10,2014-11-27,OPTSTK,AXISBANK,390.0,PE,0.6,0.6,0.6,0.6,0.6,3,14.64,87500
2014-11-10,2014-11-27,OPTSTK,AXISBANK,400.0,PE,0.75,0.9,0.7,0.7,0.7,28,140.29,417500
2014-11-10,2014-11-27,OPTSTK,AXISBANK,410.0,PE,1.0,1.35,0.8,1.2,1.2,71,364.94,237500
2014-11-10,2014-11-27,OPTSTK,AXISBANK,420.0,PE,1.55,2.15,1.25,1.85,1.85,285,1503.1,760000
2014-11-10,2014-11-27,OPTSTK,AXISBANK,430.0,PE,2.1,3.2,2.0,2.9,2.9,304,1644.92,446250
2014-11-10,2014-11-27,OPTSTK,AXISBANK,440.0,PE,3.5,5.05,2.9,4.45,4.45,479,2660.36,612500
2014-11-10,2014-11-27,OPTSTK,AXISBANK,450.0,PE,4.5,7.6,4.35,6.9,6.9,543,3098.08,653750
2014-11-10,2014-11-27,OPTSTK,AXISBANK,460.0,PE,5.7,11.55,5.7,10.6,10.6,846,4966.96,328750
2014-11-10,2014-11-27,OPTSTK,AXISBANK,470.0,PE,9.85,16.9,9.85,15.85,15.85,587,3545.49,168750
2014-11-10,2014-11-27,OPTSTK,AXISBANK,480.0,PE,15.1,21.8,14.5,21.35,21.35,19,118.14,25000
2014-11-10,2014-11-27,OPTSTK,AXISBANK,490.0,PE,0.0,0.0,0.0,23.5,32.2,0,0.0,5000
2014-11-10,2014-11-27,OPTSTK,AXISBANK,500.0,PE,0.0,0.0,0.0,41.0,40.45,0,0.0,1250
2014-11-10,2014-11-27,OPTSTK,AXISBANK,510.0,PE,0.0,0.0,0.0,103.65,49.25,0,0.0,0
2014-11-10,2014-11-27,OPTSTK,AXISBANK,520.0,PE,0.0,0.0,0.0,113.0,58.45,0,0.0,0
2014-11-10,2014-11-27,OPTSTK,AXISBANK,530.0,PE,0.0,0.0,0.0,122.45,67.95,0,0.0,0
2014-11-10,2014-11-27,OPTSTK,AXISBANK,540.0,PE,0.0,0.0,0.0,131.95,77.7,0,0.0,0
2014-11-10,2014-11-27,OPTSTK,AXISBANK,550.0,PE,0.0,0.0,0.0,141.55,87.5,0,0.0,0
2014-11-10,2014-11-27,OPTSTK,AXISBANK,560.0,PE,0.0,0.0,0.0,151.2,97.4,0,0.0,0
2014-11-10,2014-12-24,OPTSTK,AXISBANK,280.0,CE,0.0,0.0,0.0,104.65,183.45,0,0.0,0
2014-11-10,2014-12-24,OPTSTK,AXISBANK,290.0,CE,0.0,0.0,0.0,95.35,173.55,0,0.0,0
2014-11-10,2014-12-24,OPTSTK,AXISBANK,300.0,CE,0.0,0.0,0.0,86.25,163.65,0,0.0,0
2014-11-10,2014-12-24,OPTSTK,AXISBANK,310.0,CE,0.0,0.0,0.0,77.45,153.75,0,0.0,0
2014-11-10,2014-12-24,OPTSTK,AXISBANK,320.0,CE,0.0,0.0,0.0,69.0,143.9,0,0.0,0
2014-11-10,2014-12-24,OPTSTK,AXISBANK,330.0,CE,0.0,0.0,0.0,61.0,134.0,0,0.0,0
2014-11-10,2014-12-24,OPTSTK,AXISBANK,340.0,CE,0.0,0.0,0.0,53.45,124.15,0,0.0,0
2014-11-10,2014-12-24,OPTSTK,AXISBANK,350.0,CE,0.0,0.0,0.0,46.45,114.35,0,0.0,0
2014-11-10,2014-12-24,OPTSTK,AXISBANK,360.0,CE,0.0,0.0,0.0,40.0,104.6,0,0.0,0
2014-11-10,2014-12-24,OPTSTK,AXISBANK,370.0,CE,0.0,0.0,0.0,34.2,95.0,0,0.0,0
2014-11-10,2014-12-24,OPTSTK,AXISBANK,380.0,CE,0.0,0.0,0.0,28.95,85.55,0,0.0,0
2014-11-10,2014-12-24,OPTSTK,AXISBANK,390.0,CE,0.0,0.0,0.0,24.35,76.35,0,0.0,0
2014-11-10,2014-12-24,OPTSTK,AXISBANK,400.0,CE,0.0,0.0,0.0,20.3,67.45,0,0.0,0
2014-11-10,2014-12-24,OPTSTK,AXISBANK,410.0,CE,0.0,0.0,0.0,16.75,58.95,0,0.0,0
2014-11-10,2014-12-24,OPTSTK,AXISBANK,420.0,CE,0.0,0.0,0.0,13.75,50.95,0,0.0,0
2014-11-10,2014-12-24,OPTSTK,AXISBANK,430.0,CE,0.0,0.0,0.0,11.2,43.55,0,0.0,0
2014-11-10,2014-12-24,OPTSTK,AXISBANK,440.0,CE,0.0,0.0,0.0,9.05,36.7,0,0.0,0
2014-11-10,2014-12-24,OPTSTK,AXISBANK,450.0,CE,0.0,0.0,0.0,7.3,30.55,0,0.0,0
2014-11-10,2014-12-24,OPTSTK,AXISBANK,460.0,CE,0.0,0.0,0.0,5.8,25.15,0,0.0,0
2014-11-10,2014-12-24,OPTSTK,AXISBANK,470.0,CE,20.7,20.7,17.5,17.5,17.5,3,18.33,2500
2014-11-10,2014-12-24,OPTSTK,AXISBANK,480.0,CE,15.75,15.75,15.75,15.75,15.75,1,6.19,1250
2014-11-10,2014-12-24,OPTSTK,AXISBANK,490.0,CE,0.0,0.0,0.0,11.0,12.95,0,0.0,3750
2014-11-10,2014-12-24,OPTSTK,AXISBANK,500.0,CE,0.0,0.0,0.0,2.2,10.1,0,0.0,0
2014-11-10,2014-12-24,OPTSTK,AXISBANK,510.0,CE,0.0,0.0,0.0,1.7,7.8,0,0.0,0
2014-11-10,2014-12-24,OPTSTK,AXISBANK,520.0,CE,0.0,0.0,0.0,1.35,5.95,0,0.0,0
2014-11-10,2014-12-24,OPTSTK,AXISBANK,530.0,CE,0.0,0.0,0.0,1.0,4.5,0,0.0,0
2014-11-10,2014-12-24,OPTSTK,AXISBANK,540.0,CE,0.0,0.0,0.0,0.8,3.35,0,0.0,0
2014-11-10,2014-12-24,OPTSTK,AXISBANK,550.0,CE,0.0,0.0,0.0,0.6,2.45,0,0.0,0
2014-11-10,2014-12-24,OPTSTK,AXISBANK,560.0,CE,0.0,0.0,0.0,0.45,1.8,0,0.0,0
2014-11-10,2014-12-24,OPTSTK,AXISBANK,280.0,PE,0.0,0.0,0.0,0.7,0.0,0,0.0,0
2014-11-10,2014-12-24,OPTSTK,AXISBANK,290.0,PE,0.0,0.0,0.0,1.15,0.0,0,0.0,0
2014-11-10,2014-12-24,OPTSTK,AXISBANK,300.0,PE,0.0,0.0,0.0,1.85,0.0,0,0.0,0
2014-11-10,2014-12-24,OPTSTK,AXISBANK,310.0,PE,0.0,0.0,0.0,2.85,0.05,0,0.0,0
2014-11-10,2014-12-24,OPTSTK,AXISBANK,320.0,PE,0.0,0.0,0.0,4.15,0.05,0,0.0,0
2014-11-10,2014-12-24,OPTSTK,AXISBANK,330.0,PE,0.0,0.0,0.0,5.95,0.05,0,0.0,0
2014-11-10,2014-12-24,OPTSTK,AXISBANK,340.0,PE,0.0,0.0,0.0,8.2,0.1,0,0.0,0
2014-11-10,2014-12-24,OPTSTK,AXISBANK,350.0,PE,0.0,0.0,0.0,10.95,0.2,0,0.0,0
2014-11-10,2014-12-24,OPTSTK,AXISBANK,360.0,PE,0.0,0.0,0.0,14.3,0.35,0,0.0,0
2014-11-10,2014-12-24,OPTSTK,AXISBANK,370.0,PE,0.0,0.0,0.0,18.3,0.6,0,0.0,0
2014-11-10,2014-12-24,OPTSTK,AXISBANK,380.0,PE,0.0,0.0,0.0,22.85,1.05,0,0.0,0
2014-11-10,2014-12-24,OPTSTK,AXISBANK,390.0,PE,0.0,0.0,0.0,28.0,1.75,0,0.0,0
2014-11-10,2014-12-24,OPTSTK,AXISBANK,400.0,PE,0.0,0.0,0.0,33.7,2.75,0,0.0,0
2014-11-10,2014-12-24,OPTSTK,AXISBANK,410.0,PE,0.0,0.0,0.0,40.0,4.15,0,0.0,0
2014-11-10,2014-12-24,OPTSTK,AXISBANK,420.0,PE,0.0,0.0,0.0,46.75,6.05,0,0.0,0
2014-11-10,2014-12-24,OPTSTK,AXISBANK,430.0,PE,0.0,0.0,0.0,54.0,8.5,0,0.0,0
2014-11-10,2014-12-24,OPTSTK,AXISBANK,440.0,PE,0.0,0.0,0.0,61.6,11.6,0,0.0,0
2014-11-10,2014-12-24,OPTSTK,AXISBANK,450.0,PE,0.0,0.0,0.0,69.6,15.35,0,0.0,0
2014-11-10,2014-12-24,OPTSTK,AXISBANK,460.0,PE,14.0,14.0,14.0,14.0,14.0,1,5.92,1250
2014-11-10,2014-12-24,OPTSTK,AXISBANK,470.0,PE,0.0,0.0,0.0,86.5,25.0,0,0.0,0
2014-11-10,2014-12-24,OPTSTK,AXISBANK,480.0,PE,0.0,0.0,0.0,95.3,30.8,0,0.0,0
2014-11-10,2014-12-24,OPTSTK,AXISBANK,490.0,PE,0.0,0.0,0.0,104.3,37.3,0,0.0,0
2014-11-10,2014-12-24,OPTSTK,AXISBANK,500.0,PE,0.0,0.0,0.0,113.45,44.35,0,0.0,0
2014-11-10,2014-12-24,OPTSTK,AXISBANK,510.0,PE,0.0,0.0,0.0,122.75,51.95,0,0.0,0
2014-11-10,2014-12-24,OPTSTK,AXISBANK,520.0,PE,0.0,0.0,0.0,132.15,60.0,0,0.0,0
2014-11-10,2014-12-24,OPTSTK,AXISBANK,530.0,PE,0.0,0.0,0.0,141.6,68.45,0,0.0,0
2014-11-10,2014-12-24,OPTSTK,AXISBANK,540.0,PE,0.0,0.0,0.0,151.15,77.2,0,0.0,0
2014-11-10,2014-12-24,OPTSTK,AXISBANK,550.0,PE,0.0,0.0,0.0,160.75,86.2,0,0.0,0
2014-11-10,2014-12-24,OPTSTK,AXISBANK,560.0,PE,0.0,0.0,0.0,170.4,95.45,0,0.0,0
2014-11-10,2015-01-29,OPTSTK,AXISBANK,280.0,CE,0.0,0.0,0.0,156.3,185.85,0,0.0,0
2014-11-10,2015-01-29,OPTSTK,AXISBANK,290.0,CE,0.0,0.0,0.0,146.6,176.05,0,0.0,0
2014-11-10,2015-01-29,OPTSTK,AXISBANK,300.0,CE,0.0,0.0,0.0,136.9,166.25,0,0.0,0
2014-11-10,2015-01-29,OPTSTK,AXISBANK,310.0,CE,0.0,0.0,0.0,127.25,156.5,0,0.0,0
2014-11-10,2015-01-29,OPTSTK,AXISBANK,320.0,CE,0.0,0.0,0.0,117.75,146.8,0,0.0,0
2014-11-10,2015-01-29,OPTSTK,AXISBANK,330.0,CE,0.0,0.0,0.0,108.35,137.15,0,0.0,0
2014-11-10,2015-01-29,OPTSTK,AXISBANK,340.0,CE,0.0,0.0,0.0,99.1,127.6,0,0.0,0
2014-11-10,2015-01-29,OPTSTK,AXISBANK,350.0,CE,0.0,0.0,0.0,90.15,118.15,0,0.0,0
2014-11-10,2015-01-29,OPTSTK,AXISBANK,360.0,CE,0.0,0.0,0.0,81.45,108.85,0,0.0,0
2014-11-10,2015-01-29,OPTSTK,AXISBANK,370.0,CE,0.0,0.0,0.0,73.1,99.8,0,0.0,0
2014-11-10,2015-01-29,OPTSTK,AXISBANK,380.0,CE,0.0,0.0,0.0,65.15,91.0,0,0.0,0
2014-11-10,2015-01-29,OPTSTK,AXISBANK,390.0,CE,0.0,0.0,0.0,57.65,82.45,0,0.0,0
2014-11-10,2015-01-29,OPTSTK,AXISBANK,400.0,CE,0.0,0.0,0.0,50.6,74.3,0,0.0,0
2014-11-10,2015-01-29,OPTSTK,AXISBANK,410.0,CE,0.0,0.0,0.0,44.1,66.55,0,0.0,0
2014-11-10,2015-01-29,OPTSTK,AXISBANK,420.0,CE,0.0,0.0,0.0,38.2,59.25,0,0.0,0
2014-11-10,2015-01-29,OPTSTK,AXISBANK,430.0,CE,0.0,0.0,0.0,32.8,52.35,0,0.0,0
2014-11-10,2015-01-29,OPTSTK,AXISBANK,440.0,CE,0.0,0.0,0.0,28.0,46.0,0,0.0,0
2014-11-10,2015-01-29,OPTSTK,AXISBANK,450.0,CE,0.0,0.0,0.0,23.7,40.2,0,0.0,0
2014-11-10,2015-01-29,OPTSTK,AXISBANK,460.0,CE,0.0,0.0,0.0,19.9,34.85,0,0.0,0
2014-11-10,2015-01-29,OPTSTK,AXISBANK,470.0,CE,0.0,0.0,0.0,16.65,30.05,0,0.0,0
2014-11-10,2015-01-29,OPTSTK,AXISBANK,480.0,CE,0.0,0.0,0.0,13.8,25.75,0,0.0,0
2014-11-10,2015-01-29,OPTSTK,AXISBANK,490.0,CE,0.0,0.0,0.0,11.4,21.95,0,0.0,0
2014-11-10,2015-01-29,OPTSTK,AXISBANK,500.0,CE,0.0,0.0,0.0,9.3,18.55,0,0.0,0
2014-11-10,2015-01-29,OPTSTK,AXISBANK,510.0,CE,0.0,0.0,0.0,7.6,15.6,0,0.0,0
2014-11-10,2015-01-29,OPTSTK,AXISBANK,520.0,CE,0.0,0.0,0.0,6.15,13.1,0,0.0,0
2014-11-10,2015-01-29,OPTSTK,AXISBANK,530.0,CE,0.0,0.0,0.0,4.95,10.9,0,0.0,0
2014-11-10,2015-01-29,OPTSTK,AXISBANK,540.0,CE,0.0,0.0,0.0,3.95,9.0,0,0.0,0
2014-11-10,2015-01-29,OPTSTK,AXISBANK,550.0,CE,0.0,0.0,0.0,3.15,7.45,0,0.0,0
2014-11-10,2015-01-29,OPTSTK,AXISBANK,560.0,CE,0.0,0.0,0.0,2.5,6.1,0,0.0,0
2014-11-10,2015-01-29,OPTSTK,AXISBANK,280.0,PE,0.0,0.0,0.0,0.05,0.05,0,0.0,0
2014-11-10,2015-01-29,OPTSTK,AXISBANK,290.0,PE,0.0,0.0,0.0,0.1,0.05,0,0.0,0
2014-11-10,2015-01-29,OPTSTK,AXISBANK,300.0,PE,0.0,0.0,0.0,0.2,0.1,0,0.0,0
2014-11-10,2015-01-29,OPTSTK,AXISBANK,310.0,PE,0.0,0.0,0.0,0.35,0.15,0,0.0,0
2014-11-10,2015-01-29,OPTSTK,AXISBANK,320.0,PE,0.0,0.0,0.0,0.6,0.25,0,0.0,0
2014-11-10,2015-01-29,OPTSTK,AXISBANK,330.0,PE,0.0,0.0,0.0,1.0,0.4,0,0.0,0
2014-11-10,2015-01-29,OPTSTK,AXISBANK,340.0,PE,0.0,0.0,0.0,1.6,0.65,0,0.0,0
2014-11-10,2015-01-29,OPTSTK,AXISBANK,350.0,PE,0.0,0.0,0.0,2.35,1.0,0,0.0,0
2014-11-10,2015-01-29,OPTSTK,AXISBANK,360.0,PE,0.0,0.0,0.0,3.45,1.55,0,0.0,0
2014-11-10,2015-01-29,OPTSTK,AXISBANK,370.0,PE,0.0,0.0,0.0,4.9,2.3,0,0.0,0
2014-11-10,2015-01-29,OPTSTK,AXISBANK,380.0,PE,0.0,0.0,0.0,6.75,3.3,0,0.0,0
2014-11-10,2015-01-29,OPTSTK,AXISBANK,390.0,PE,0.0,0.0,0.0,9.0,4.6,0,0.0,0
2014-11-10,2015-01-29,OPTSTK,AXISBANK,400.0,PE,0.0,0.0,0.0,11.75,6.25,0,0.0,0
2014-11-10,2015-01-29,OPTSTK,AXISBANK,410.0,PE,0.0,0.0,0.0,15.1,8.3,0,0.0,0
2014-11-10,2015-01-29,OPTSTK,AXISBANK,420.0,PE,0.0,0.0,0.0,18.95,10.8,0,0.0,0
2014-11-10,2015-01-29,OPTSTK,AXISBANK,430.0,PE,0.0,0.0,0.0,23.35,13.7,0,0.0,0
2014-11-10,2015-01-29,OPTSTK,AXISBANK,440.0,PE,0.0,0.0,0.0,28.3,17.2,0,0.0,0
2014-11-10,2015-01-29,OPTSTK,AXISBANK,450.0,PE,0.0,0.0,0.0,33.8,21.15,0,0.0,0
2014-11-10,2015-01-29,OPTSTK,AXISBANK,460.0,PE,0.0,0.0,0.0,39.8,25.65,0,0.0,0
2014-11-10,2015-01-29,OPTSTK,AXISBANK,470.0,PE,0.0,0.0,0.0,46.3,30.65,0,0.0,0
2014-11-10,2015-01-29,OPTSTK,AXISBANK,480.0,PE,0.0,0.0,0.0,53.25,36.15,0,0.0,0
2014-11-10,2015-01-29,OPTSTK,AXISBANK,490.0,PE,0.0,0.0,0.0,60.6,42.15,0,0.0,0
2014-11-10,2015-01-29,OPTSTK,AXISBANK,500.0,PE,0.0,0.0,0.0,68.3,48.6,0,0.0,0
2014-11-10,2015-01-29,OPTSTK,AXISBANK,510.0,PE,0.0,0.0,0.0,76.35,55.45,0,0.0,0
2014-11-10,2015-01-29,OPTSTK,AXISBANK,520.0,PE,0.0,0.0,0.0,84.7,62.75,0,0.0,0
2014-11-10,2015-01-29,OPTSTK,AXISBANK,530.0,PE,0.0,0.0,0.0,93.3,70.35,0,0.0,0
2014-11-10,2015-01-29,OPTSTK,AXISBANK,540.0,PE,0.0,0.0,0.0,102.1,78.3,0,0.0,0
2014-11-10,2015-01-29,OPTSTK,AXISBANK,550.0,PE,0.0,0.0,0.0,111.05,86.5,0,0.0,0
2014-11-10,2015-01-29,OPTSTK,AXISBANK,560.0,PE,0.0,0.0,0.0,120.2,94.95,0,0.0,0
2014-11-10,2014-11-27,OPTSTK,BAJAJ-AUTO,1400.0,CE,0.0,0.0,0.0,888.45,1148.95,0,0.0,0
2014-11-10,2014-11-27,OPTSTK,BAJAJ-AUTO,1450.0,CE,0.0,0.0,0.0,839.55,1099.15,0,0.0,0
2014-11-10,2014-11-27,OPTSTK,BAJAJ-AUTO,1500.0,CE,0.0,0.0,0.0,790.6,1049.35,0,0.0,0
2014-11-10,2014-11-27,OPTSTK,BAJAJ-AUTO,1550.0,CE,0.0,0.0,0.0,741.7,999.55,0,0.0,0
2014-11-10,2014-11-27,OPTSTK,BAJAJ-AUTO,1600.0,CE,0.0,0.0,0.0,692.8,949.75,0,0.0,0
2014-11-10,2014-11-27,OPTSTK,BAJAJ-AUTO,1650.0,CE,0.0,0.0,0.0,644.0,899.95,0,0.0,0
2014-11-10,2014-11-27,OPTSTK,BAJAJ-AUTO,1700.0,CE,0.0,0.0,0.0,595.3,850.15,0,0.0,0
2014-11-10,2014-11-27,OPTSTK,BAJAJ-AUTO,1750.0,CE,0.0,0.0,0.0,546.9,800.35,0,0.0,0
2014-11-10,2014-11-27,OPTSTK,BAJAJ-AUTO,1800.0,CE,0.0,0.0,0.0,498.85,750.5,0,0.0,0
2014-11-10,2014-11-27,OPTSTK,BAJAJ-AUTO,1850.0,CE,0.0,0.0,0.0,451.5,700.7,0,0.0,0
2014-11-10,2014-11-27,OPTSTK,BAJAJ-AUTO,1900.0,CE,0.0,0.0,0.0,405.05,650.9,0,0.0,0
2014-11-10,2014-11-27,OPTSTK,BAJAJ-AUTO,1950.0,CE,0.0,0.0,0.0,359.95,601.1,0,0.0,0
2014-11-10,2014-11-27,OPTSTK,BAJAJ-AUTO,2000.0,CE,0.0,0.0,0.0,316.55,551.3,0,0.0,0
2014-11-10,2014-11-27,OPTSTK,BAJAJ-AUTO,2050.0,CE,0.0,0.0,0.0,275.3,501.5,0,0.0,0
2014-11-10,2014-11-27,OPTSTK,BAJAJ-AUTO,2100.0,CE,0.0,0.0,0.0,236.6,451.7,0,0.0,0
2014-11-10,2014-11-27,OPTSTK,BAJAJ-AUTO,2150.0,CE,0.0,0.0,0.0,200.8,401.95,0,0.0,0
2014-11-10,2014-11-27,OPTSTK,BAJAJ-AUTO,2200.0,CE,0.0,0.0,0.0,168.3,352.25,0,0.0,0
2014-11-10,2014-11-27,OPTSTK,BAJAJ-AUTO,2250.0,CE,0.0,0.0,0.0,139.25,302.85,0,0.0,0
2014-11-10,2014-11-27,OPTSTK,BAJAJ-AUTO,2300.0,CE,0.0,0.0,0.0,113.7,254.1,0,0.0,0
2014-11-10,2014-11-27,OPTSTK,BAJAJ-AUTO,2350.0,CE,0.0,0.0,0.0,200.6,206.85,0,0.0,1375
2014-11-10,2014-11-27,OPTSTK,BAJAJ-AUTO,2400.0,CE,0.0,0.0,0.0,135.0,162.25,0,0.0,750
2014-11-10,2014-11-27,OPTSTK,BAJAJ-AUTO,2450.0,CE,0.0,0.0,0.0,120.0,121.75,0,0.0,500
2014-11-10,2014-11-27,OPTSTK,BAJAJ-AUTO,2500.0,CE,83.05,95.0,81.1,95.0,95.0,5,16.15,2500
2014-11-10,2014-11-27,OPTSTK,BAJAJ-AUTO,2550.0,CE,58.9,63.05,50.4,57.85,57.85,31,100.98,6000
2014-11-10,2014-11-27,OPTSTK,BAJAJ-AUTO,2600.0,CE,44.0,47.4,30.5,37.45,37.45,105,346.09,13625
2014-11-10,2014-11-27,OPTSTK,BAJAJ-AUTO,2650.0,CE,28.5,28.5,17.5,22.5,22.5,54,180.29,14500
2014-11-10,2014-11-27,OPTSTK,BAJAJ-AUTO,2700.0,CE,15.55,15.55,9.35,13.5,13.5,20,67.78,4500
2014-11-10,2014-11-27,OPTSTK,BAJAJ-AUTO,2750.0,CE,8.15,8.15,5.65,5.75,5.75,16,55.12,2375
2014-11-10,2014-11-27,OPTSTK,BAJAJ-AUTO,2800.0,CE,0.0,0.0,0.0,3.05,3.1,0,0.0,625
2014-11-10,2014-11-27,OPTSTK,BAJAJ-AUTO,2850.0,CE,0.0,0.0,0.0,5.3,1.45,0,0.0,0
2014-11-10,2014-11-27,OPTSTK,BAJAJ-AUTO,2900.0,CE,0.0,0.0,0.0,3.75,0.6,0,0.0,0
2014-11-10,2014-11-27,OPTSTK,BAJAJ-AUTO,2950.0,CE,0.0,0.0,0.0,2.6,0.25,0,0.0,0
2014-11-10,2014-11-27,OPTSTK,BAJAJ-AUTO,3000.0,CE,0.0,0.0,0.0,1.8,0.1,0,0.0,0
2014-11-10,2014-11-27,OPTSTK,BAJAJ-AUTO,3050.0,CE,0.0,0.0,0.0,1.25,0.05,0,0.0,0
2014-11-10,2014-11-27,OPTSTK,BAJAJ-AUTO,3100.0,CE,0.0,0.0,0.0,0.85,0.05,0,0.0,0
2014-11-10,2014-11-27,OPTSTK,BAJAJ-AUTO,1400.0,PE,0.0,0.0,0.0,0.05,0.0,0,0.0,0
2014-11-10,2014-11-27,OPTSTK,BAJAJ-AUTO,1450.0,PE,0.0,0.0,0.0,0.05,0.0,0,0.0,0
2014-11-10,2014-11-27,OPTSTK,BAJAJ-AUTO,1500.0,PE,0.0,0.0,0.0,0.05,0.0,0,0.0,0
2014-11-10,2014-11-27,OPTSTK,BAJAJ-AUTO,1550.0,PE,0.0,0.0,0.0,0.05,0.0,0,0.0,0
2014-11-10,2014-11-27,OPTSTK,BAJAJ-AUTO,1600.0,PE,0.0,0.0,0.0,0.1,0.0,0,0.0,0
2014-11-10,2014-11-27,OPTSTK,BAJAJ-AUTO,1650.0,PE,0.0,0.0,0.0,0.25,0.0,0,0.0,0
2014-11-10,2014-11-27,OPTSTK,BAJAJ-AUTO,1700.0,PE,0.0,0.0,0.0,0.5,0.0,0,0.0,0
2014-11-10,2014-11-27,OPTSTK,BAJAJ-AUTO,1750.0,PE,0.0,0.0,0.0,1.0,0.0,0,0.0,0
2014-11-10,2014-11-27,OPTSTK,BAJAJ-AUTO,1800.0,PE,0.0,0.0,0.0,1.9,0.0,0,0.0,0
2014-11-10,2014-11-27,OPTSTK,BAJAJ-AUTO,1850.0,PE,0.0,0.0,0.0,3.45,0.0,0,0.0,0
2014-11-10,2014-11-27,OPTSTK,BAJAJ-AUTO,1900.0,PE,0.0,0.0,0.0,6.0,0.0,0,0.0,0
2014-11-10,2014-11-27,OPTSTK,BAJAJ-AUTO,1950.0,PE,0.0,0.0,0.0,9.8,0.0,0,0.0,0
2014-11-10,2014-11-27,OPTSTK,BAJAJ-AUTO,2000.0,PE,0.0,0.0,0.0,15.3,0.0,0,0.0,0
2014-11-10,2014-11-27,OPTSTK,BAJAJ-AUTO,2050.0,PE,0.0,0.0,0.0,23.0,0.0,0,0.0,0
2014-11-10,2014-11-27,OPTSTK,BAJAJ-AUTO,2100.0,PE,0.0,0.0,0.0,33.25,0.05,0,0.0,0
2014-11-10,2014-11-27,OPTSTK,BAJAJ-AUTO,2150.0,PE,0.0,0.0,0.0,46.4,0.05,0,0.0,0
2014-11-10,2014-11-27,OPTSTK,BAJAJ-AUTO,2200.0,PE,0.0,0.0,0.0,5.5,0.2,0,0.0,750
2014-11-10,2014-11-27,OPTSTK,BAJAJ-AUTO,2250.0,PE,0.0,0.0,0.0,82.75,0.55,0,0.0,0
2014-11-10,2014-11-27,OPTSTK,BAJAJ-AUTO,2300.0,PE,0.0,0.0,0.0,5.0,1.65,0,0.0,5625
2014-11-10,2014-11-27,OPTSTK,BAJAJ-AUTO,2350.0,PE,0.0,0.0,0.0,7.55,4.2,0,0.0,2500
2014-11-10,2014-11-27,OPTSTK,BAJAJ-AUTO,2400.0,PE,9.3,14.0,9.3,11.0,11.0,13,39.19,7875
2014-11-10,2014-11-27,OPTSTK,BAJAJ-AUTO,2450.0,PE,16.0,27.95,16.0,19.8,19.8,21,64.92,6750
2014-11-10,2014-11-27,OPTSTK,BAJAJ-AUTO,2500.0,PE,27.5,46.2,27.5,32.55,32.55,122,387.13,13875
2014-11-10,2014-11-27,OPTSTK,BAJAJ-AUTO,2550.0,PE,51.55,67.35,51.15,53.3,53.3,66,215.43,5000
2014-11-10,2014-11-27,OPTSTK,BAJAJ-AUTO,2600.0,PE,65.35,98.6,65.35,91.0,91.0,8,26.87,1625
2014-11-10,2014-11-27,OPTSTK,BAJAJ-AUTO,2650.0,PE,126.15,126.15,126.15,126.15,126.15,1,3.47,2000
2014-11-10,2014-11-27,OPTSTK,BAJAJ-AUTO,2700.0,PE,0.0,0.0,0.0,398.0,158.25,0,0.0,0
2014-11-10,2014-11-27,OPTSTK,BAJAJ-AUTO,2750.0,PE,0.0,0.0,0.0,443.1,202.15,0,0.0,0
2014-11-10,2014-11-27,OPTSTK,BAJAJ-AUTO,2800.0,PE,0.0,0.0,0.0,489.2,248.65,0,0.0,0
2014-11-10,2014-11-27,OPTSTK,BAJAJ-AUTO,2850.0,PE,0.0,0.0,0.0,536.0,296.8,0,0.0,0
2014-11-10,2014-11-27,OPTSTK,BAJAJ-AUTO,2900.0,PE,0.0,0.0,0.0,583.4,345.75,0,0.0,0
2014-11-10,2014-11-27,OPTSTK,BAJAJ-AUTO,2950.0,PE,0.0,0.0,0.0,631.2,395.2,0,0.0,0
2014-11-10,2014-11-27,OPTSTK,BAJAJ-AUTO,3000.0,PE,0.0,0.0,0.0,679.35,444.85,0,0.0,0
2014-11-10,2014-11-27,OPTSTK,BAJAJ-AUTO,3050.0,PE,0.0,0.0,0.0,727.7,494.6,0,0.0,0
2014-11-10,2014-11-27,OPTSTK,BAJAJ-AUTO,3100.0,PE,0.0,0.0,0.0,776.25,544.4,0,0.0,0
2014-11-10,2014-12-24,OPTSTK,BAJAJ-AUTO,1400.0,CE,0.0,0.0,0.0,981.4,1158.1,0,0.0,0
2014-11-10,2014-12-24,OPTSTK,BAJAJ-AUTO,1450.0,CE,0.0,0.0,0.0,932.5,1108.6,0,0.0,0
2014-11-10,2014-12-24,OPTSTK,BAJAJ-AUTO,1500.0,CE,0.0,0.0,0.0,883.6,1059.1,0,0.0,0
2014-11-10,2014-12-24,OPTSTK,BAJAJ-AUTO,1550.0,CE,0.0,0.0,0.0,834.7,1009.65,0,0.0,0
2014-11-10,2014-12-24,OPTSTK,BAJAJ-AUTO,1600.0,CE,0.0,0.0,0.0,785.8,960.15,0,0.0,0
2014-11-10,2014-12-24,OPTSTK,BAJAJ-AUTO,1650.0,CE,0.0,0.0,0.0,736.95,910.7,0,0.0,0
2014-11-10,2014-12-24,OPTSTK,BAJAJ-AUTO,1700.0,CE,0.0,0.0,0.0,688.2,861.2,0,0.0,0
2014-11-10,2014-12-24,OPTSTK,BAJAJ-AUTO,1750.0,CE,0.0,0.0,0.0,639.55,811.75,0,0.0,0
2014-11-10,2014-12-24,OPTSTK,BAJAJ-AUTO,1800.0,CE,0.0,0.0,0.0,591.1,762.25,0,0.0,0
2014-11-10,2014-12-24,OPTSTK,BAJAJ-AUTO,1850.0,CE,0.0,0.0,0.0,543.1,712.8,0,0.0,0
2014-11-10,2014-12-24,OPTSTK,BAJAJ-AUTO,1900.0,CE,0.0,0.0,0.0,495.6,663.35,0,0.0,0
2014-11-10,2014-12-24,OPTSTK,BAJAJ-AUTO,1950.0,CE,0.0,0.0,0.0,448.95,613.9,0,0.0,0
2014-11-10,2014-12-24,OPTSTK,BAJAJ-AUTO,2000.0,CE,0.0,0.0,0.0,403.45,564.5,0,0.0,0
2014-11-10,2014-12-24,OPTSTK,BAJAJ-AUTO,2050.0,CE,0.0,0.0,0.0,359.4,515.3,0,0.0,0
2014-11-10,2014-12-24,OPTSTK,BAJAJ-AUTO,2100.0,CE,0.0,0.0,0.0,317.25,466.3,0,0.0,0
2014-11-10,2014-12-24,OPTSTK,BAJAJ-AUTO,2150.0,CE,0.0,0.0,0.0,277.25,417.8,0,0.0,0
2014-11-10,2014-12-24,OPTSTK,BAJAJ-AUTO,2200.0,CE,0.0,0.0,0.0,239.9,370.1,0,0.0,0
2014-11-10,2014-12-24,OPTSTK,BAJAJ-AUTO,2250.0,CE,0.0,0.0,0.0,205.2,323.6,0,0.0,0
2014-11-10,2014-12-24,OPTSTK,BAJAJ-AUTO,2300.0,CE,0.0,0.0,0.0,173.7,278.85,0,0.0,0
2014-11-10,2014-12-24,OPTSTK,BAJAJ-AUTO,2350.0,CE,0.0,0.0,0.0,145.45,236.45,0,0.0,0
2014-11-10,2014-12-24,OPTSTK,BAJAJ-AUTO,2400.0,CE,0.0,0.0,0.0,120.4,197.0,0,0.0,0
2014-11-10,2014-12-24,OPTSTK,BAJAJ-AUTO,2450.0,CE,0.0,0.0,0.0,98.55,161.05,0,0.0,0
2014-11-10,2014-12-24,OPTSTK,BAJAJ-AUTO,2500.0,CE,0.0,0.0,0.0,79.75,129.1,0,0.0,0
2014-11-10,2014-12-24,OPTSTK,BAJAJ-AUTO,2550.0,CE,0.0,0.0,0.0,63.85,101.35,0,0.0,0
2014-11-10,2014-12-24,OPTSTK,BAJAJ-AUTO,2600.0,CE,0.0,0.0,0.0,50.65,77.9,0,0.0,0
2014-11-10,2014-12-24,OPTSTK,BAJAJ-AUTO,2650.0,CE,0.0,0.0,0.0,39.65,58.55,0,0.0,0
2014-11-10,2014-12-24,OPTSTK,BAJAJ-AUTO,2700.0,CE,0.0,0.0,0.0,30.75,43.1,0,0.0,0
2014-11-10,2014-12-24,OPTSTK,BAJAJ-AUTO,2750.0,CE,0.0,0.0,0.0,23.6,31.05,0,0.0,0
2014-11-10,2014-12-24,OPTSTK,BAJAJ-AUTO,2800.0,CE,0.0,0.0,0.0,17.95,21.9,0,0.0,0
2014-11-10,2014-12-24,OPTSTK,BAJAJ-AUTO,2850.0,CE,0.0,0.0,0.0,13.5,15.1,0,0.0,0
2014-11-10,2014-12-24,OPTSTK,BAJAJ-AUTO,2900.0,CE,0.0,0.0,0.0,10.05,10.2,0,0.0,0
2014-11-10,2014-12-24,OPTSTK,BAJAJ-AUTO,2950.0,CE,0.0,0.0,0.0,7.45,6.75,0,0.0,0
2014-11-10,2014-12-24,OPTSTK,BAJAJ-AUTO,3000.0,CE,0.0,0.0,0.0,5.45,4.35,0,0.0,0
2014-11-10,2014-12-24,OPTSTK,BAJAJ-AUTO,3050.0,CE,0.0,0.0,0.0,3.95,2.8,0,0.0,0
2014-11-10,2014-12-24,OPTSTK,BAJAJ-AUTO,3100.0,CE,0.0,0.0,0.0,2.85,1.75,0,0.0,0
2014-11-10,2014-12-24,OPTSTK,BAJAJ-AUTO,1400.0,PE,0.0,0.0,0.0,0.05,0.0,0,0.0,0
2014-11-10,2014-12-24,OPTSTK,BAJAJ-AUTO,1450.0,PE,0.0,0.0,0.0,0.05,0.0,0,0.0,0
2014-11-10,2014-12-24,OPTSTK,BAJAJ-AUTO,1500.0,PE,0.0,0.0,0.0,0.05,0.0,0,0.0,0
2014-11-10,2014-12-24,OPTSTK,BAJAJ-AUTO,1550.0,PE,0.0,0.0,0.0,0.05,0.0,0,0.0,0
2014-11-10,2014-12-24,OPTSTK,BAJAJ-AUTO,1600.0,PE,0.0,0.0,0.0,0.05,0.0,0,0.0,0
2014-11-10,2014-12-24,OPTSTK,BAJAJ-AUTO,1650.0,PE,0.0,0.0,0.0,0.15,0.0,0,0.0,0
2014-11-10,2014-12-24,OPTSTK,BAJAJ-AUTO,1700.0,PE,0.0,0.0,0.0,0.25,0.0,0,0.0,0
2014-11-10,2014-12-24,OPTSTK,BAJAJ-AUTO,1750.0,PE,0.0,0.0,0.0,0.55,0.0,0,0.0,0
2014-11-10,2014-12-24,OPTSTK,BAJAJ-AUTO,1800.0,PE,0.0,0.0,0.0,1.05,0.0,0,0.0,0
2014-11-10,2014-12-24,OPTSTK,BAJAJ-AUTO,1850.0,PE,0.0,0.0,0.0,1.9,0.05,0,0.0,0
2014-11-10,2014-12-24,OPTSTK,BAJAJ-AUTO,1900.0,PE,0.0,0.0,0.0,3.35,0.05,0,0.0,0
2014-11-10,2014-12-24,OPTSTK,BAJAJ-AUTO,1950.0,PE,0.0,0.0,0.0,5.6,0.1,0,0.0,0
2014-11-10,2014-12-24,OPTSTK,BAJAJ-AUTO,2000.0,PE,0.0,0.0,0.0,9.0,0.2,0,0.0,0
2014-11-10,2014-12-24,OPTSTK,BAJAJ-AUTO,2050.0,PE,0.0,0.0,0.0,13.9,0.4,0,0.0,0
2014-11-10,2014-12-24,OPTSTK,BAJAJ-AUTO,2100.0,PE,0.0,0.0,0.0,20.6,0.9,0,0.0,0
2014-11-10,2014-12-24,OPTSTK,BAJAJ-AUTO,2150.0,PE,0.0,0.0,0.0,29.55,1.9,0,0.0,0
2014-11-10,2014-12-24,OPTSTK,BAJAJ-AUTO,2200.0,PE,0.0,0.0,0.0,41.1,3.65,0,0.0,0
2014-11-10,2014-12-24,OPTSTK,BAJAJ-AUTO,2250.0,PE,0.0,0.0,0.0,55.3,6.65,0,0.0,0
2014-11-10,2014-12-24,OPTSTK,BAJAJ-AUTO,2300.0,PE,0.0,0.0,0.0,72.75,11.35,0,0.0,0
2014-11-10,2014-12-24,OPTSTK,BAJAJ-AUTO,2350.0,PE,0.0,0.0,0.0,93.35,18.45,0,0.0,0
2014-11-10,2014-12-24,OPTSTK,BAJAJ-AUTO,2400.0,PE,0.0,0.0,0.0,117.2,28.5,0,0.0,0
2014-11-10,2014-12-24,OPTSTK,BAJAJ-AUTO,2450.0,PE,0.0,0.0,0.0,144.3,42.0,0,0.0,0
2014-11-10,2014-12-24,OPTSTK,BAJAJ-AUTO,2500.0,PE,0.0,0.0,0.0,174.4,59.5,0,0.0,0
2014-11-10,2014-12-24,OPTSTK,BAJAJ-AUTO,2550.0,PE,74.6,74.6,74.6,74.6,74.6,2,6.56,250
2014-11-10,2014-12-24,OPTSTK,BAJAJ-AUTO,2600.0,PE,0.0,0.0,0.0,243.1,107.25,0,0.0,0
2014-11-10,2014-12-24,OPTSTK,BAJAJ-AUTO,2650.0,PE,0.0,0.0,0.0,281.05,137.4,0,0.0,0
2014-11-10,2014-12-24,OPTSTK,BAJAJ-AUTO,2700.0,PE,0.0,0.0,0.0,321.05,171.4,0,0.0,0
2014-11-10,2014-12-24,OPTSTK,BAJAJ-AUTO,2750.0,PE,0.0,0.0,0.0,362.8,208.85,0,0.0,0
2014-11-10,2014-12-24,OPTSTK,BAJAJ-AUTO,2800.0,PE,0.0,0.0,0.0,406.05,249.15,0,0.0,0
2014-11-10,2014-12-24,OPTSTK,BAJAJ-AUTO,2850.0,PE,0.0,0.0,0.0,450.5,291.85,0,0.0,0
2014-11-10,2014-12-24,OPTSTK,BAJAJ-AUTO,2900.0,PE,0.0,0.0,0.0,496.0,336.45,0,0.0,0
2014-11-10,2014-12-24,OPTSTK,BAJAJ-AUTO,2950.0,PE,0.0,0.0,0.0,542.25,382.45,0,0.0,0
2014-11-10,2014-12-24,OPTSTK,BAJAJ-AUTO,3000.0,PE,0.0,0.0,0.0,589.2,429.55,0,0.0,0
2014-11-10,2014-12-24,OPTSTK,BAJAJ-AUTO,3050.0,PE,0.0,0.0,0.0,636.6,477.45,0,0.0,0
2014-11-10,2014-12-24,OPTSTK,BAJAJ-AUTO,3100.0,PE,0.0,0.0,0.0,684.4,525.9,0,0.0,0
2014-11-10,2015-01-29,OPTSTK,BAJAJ-AUTO,1600.0,CE,0.0,0.0,0.0,1012.05,973.75,0,0.0,0
2014-11-10,2015-01-29,OPTSTK,BAJAJ-AUTO,1650.0,CE,0.0,0.0,0.0,963.15,924.7,0,0.0,0
2014-11-10,2015-01-29,OPTSTK,BAJAJ-AUTO,1700.0,CE,0.0,0.0,0.0,914.25,875.65,0,0.0,0
2014-11-10,2015-01-29,OPTSTK,BAJAJ-AUTO,1750.0,CE,0.0,0.0,0.0,865.45,826.65,0,0.0,0
2014-11-10,2015-01-29,OPTSTK,BAJAJ-AUTO,1800.0,CE,0.0,0.0,0.0,816.65,777.65,0,0.0,0
2014-11-10,2015-01-29,OPTSTK,BAJAJ-AUTO,1850.0,CE,0.0,0.0,0.0,768.0,728.7,0,0.0,0
2014-11-10,2015-01-29,OPTSTK,BAJAJ-AUTO,1900.0,CE,0.0,0.0,0.0,719.55,679.85,0,0.0,0
2014-11-10,2015-01-29,OPTSTK,BAJAJ-AUTO,1950.0,CE,0.0,0.0,0.0,671.35,631.25,0,0.0,0
2014-11-10,2015-01-29,OPTSTK,BAJAJ-AUTO,2000.0,CE,0.0,0.0,0.0,623.55,582.9,0,0.0,0
2014-11-10,2015-01-29,OPTSTK,BAJAJ-AUTO,2050.0,CE,0.0,0.0,0.0,576.4,535.05,0,0.0,0
2014-11-10,2015-01-29,OPTSTK,BAJAJ-AUTO,2100.0,CE,0.0,0.0,0.0,529.95,487.9,0,0.0,0
2014-11-10,2015-01-29,OPTSTK,BAJAJ-AUTO,2150.0,CE,0.0,0.0,0.0,484.55,441.65,0,0.0,0
2014-11-10,2015-01-29,OPTSTK,BAJAJ-AUTO,2200.0,CE,0.0,0.0,0.0,440.4,396.7,0,0.0,0
2014-11-10,2015-01-29,OPTSTK,BAJAJ-AUTO,2250.0,CE,0.0,0.0,0.0,397.7,353.3,0,0.0,0
2014-11-10,2015-01-29,OPTSTK,BAJAJ-AUTO,2300.0,CE,0.0,0.0,0.0,356.85,311.9,0,0.0,0
2014-11-10,2015-01-29,OPTSTK,BAJAJ-AUTO,2350.0,CE,0.0,0.0,0.0,317.95,272.7,0,0.0,0
2014-11-10,2015-01-29,OPTSTK,BAJAJ-AUTO,2400.0,CE,0.0,0.0,0.0,281.4,236.2,0,0.0,0
2014-11-10,2015-01-29,OPTSTK,BAJAJ-AUTO,2450.0,CE,0.0,0.0,0.0,247.05,202.35,0,0.0,0
2014-11-10,2015-01-29,OPTSTK,BAJAJ-AUTO,2500.0,CE,0.0,0.0,0.0,215.4,171.65,0,0.0,0
2014-11-10,2015-01-29,OPTSTK,BAJAJ-AUTO,2550.0,CE,0.0,0.0,0.0,186.45,144.05,0,0.0,0
2014-11-10,2015-01-29,OPTSTK,BAJAJ-AUTO,2600.0,CE,0.0,0.0,0.0,160.15,119.6,0,0.0,0
2014-11-10,2015-01-29,OPTSTK,BAJAJ-AUTO,2650.0,CE,0.0,0.0,0.0,136.55,98.25,0,0.0,0
2014-11-10,2015-01-29,OPTSTK,BAJAJ-AUTO,2700.0,CE,0.0,0.0,0.0,115.55,79.85,0,0.0,0
2014-11-10,2015-01-29,OPTSTK,BAJAJ-AUTO,2750.0,CE,0.0,0.0,0.0,97.1,64.2,0,0.0,0
2014-11-10,2015-01-29,OPTSTK,BAJAJ-AUTO,2800.0,CE,0.0,0.0,0.0,81.0,51.25,0,0.0,0
2014-11-10,2015-01-29,OPTSTK,BAJAJ-AUTO,2850.0,CE,0.0,0.0,0.0,67.05,40.3,0,0.0,0
2014-11-10,2015-01-29,OPTSTK,BAJAJ-AUTO,2900.0,CE,0.0,0.0,0.0,55.3,31.45,0,0.0,0
2014-11-10,2015-01-29,OPTSTK,BAJAJ-AUTO,2950.0,CE,0.0,0.0,0.0,45.1,24.3,0,0.0,0
2014-11-10,2015-01-29,OPTSTK,BAJAJ-AUTO,3000.0,CE,0.0,0.0,0.0,36.6,18.55,0,0.0,0
2014-11-10,2015-01-29,OPTSTK,BAJAJ-AUTO,3050.0,CE,0.0,0.0,0.0,29.5,14.05,0,0.0,0
2014-11-10,2015-01-29,OPTSTK,BAJAJ-AUTO,3100.0,CE,0.0,0.0,0.0,23.65,10.55,0,0.0,0
2014-11-10,2015-01-29,OPTSTK,BAJAJ-AUTO,1600.0,PE,0.0,0.0,0.0,0.05,0.0,0,0.0,0
2014-11-10,2015-01-29,OPTSTK,BAJAJ-AUTO,1650.0,PE,0.0,0.0,0.0,0.05,0.05,0,0.0,0
2014-11-10,2015-01-29,OPTSTK,BAJAJ-AUTO,1700.0,PE,0.0,0.0,0.0,0.1,0.05,0,0.0,0
2014-11-10,2015-01-29,OPTSTK,BAJAJ-AUTO,1750.0,PE,0.0,0.0,0.0,0.15,0.05,0,0.0,0
2014-11-10,2015-01-29,OPTSTK,BAJAJ-AUTO,1800.0,PE,0.0,0.0,0.0,0.3,0.1,0,0.0,0
2014-11-10,2015-01-29,OPTSTK,BAJAJ-AUTO,1850.0,PE,0.0,0.0,0.0,0.6,0.25,0,0.0,0
2014-11-10,2015-01-29,OPTSTK,BAJAJ-AUTO,1900.0,PE,0.0,0.0,0.0,1.05,0.45,0,0.0,0
2014-11-10,2015-01-29,OPTSTK,BAJAJ-AUTO,1950.0,PE,0.0,0.0,0.0,1.75,0.9,0,0.0,0
2014-11-10,2015-01-29,OPTSTK,BAJAJ-AUTO,2000.0,PE,0.0,0.0,0.0,2.9,1.6,0,0.0,0
2014-11-10,2015-01-29,OPTSTK,BAJAJ-AUTO,2050.0,PE,0.0,0.0,0.0,4.65,2.8,0,0.0,0
2014-11-10,2015-01-29,OPTSTK,BAJAJ-AUTO,2100.0,PE,0.0,0.0,0.0,7.15,4.7,0,0.0,0
2014-11-10,2015-01-29,OPTSTK,BAJAJ-AUTO,2150.0,PE,0.0,0.0,0.0,10.65,7.5,0,0.0,0
2014-11-10,2015-01-29,OPTSTK,BAJAJ-AUTO,2200.0,PE,0.0,0.0,0.0,15.4,11.6,0,0.0,0
2014-11-10,2015-01-29,OPTSTK,BAJAJ-AUTO,2250.0,PE,0.0,0.0,0.0,21.65,17.3,0,0.0,0
2014-11-10,2015-01-29,OPTSTK,BAJAJ-AUTO,2300.0,PE,0.0,0.0,0.0,29.7,24.9,0,0.0,0
2014-11-10,2015-01-29,OPTSTK,BAJAJ-AUTO,2350.0,PE,0.0,0.0,0.0,39.75,34.8,0,0.0,0
2014-11-10,2015-01-29,OPTSTK,BAJAJ-AUTO,2400.0,PE,0.0,0.0,0.0,52.1,47.3,0,0.0,0
2014-11-10,2015-01-29,OPTSTK,BAJAJ-AUTO,2450.0,PE,0.0,0.0,0.0,66.65,62.5,0,0.0,0
2014-11-10,2015-01-29,OPTSTK,BAJAJ-AUTO,2500.0,PE,0.0,0.0,0.0,83.95,80.85,0,0.0,0
2014-11-10,2015-01-29,OPTSTK,BAJAJ-AUTO,2550.0,PE,0.0,0.0,0.0,103.9,102.35,0,0.0,0
2014-11-10,2015-01-29,OPTSTK,BAJAJ-AUTO,2600.0,PE,0.0,0.0,0.0,126.55,126.95,0,0.0,0
2014-11-10,2015-01-29,OPTSTK,BAJAJ-AUTO,2650.0,PE,0.0,0.0,0.0,151.85,154.65,0,0.0,0
2014-11-10,2015-01-29,OPTSTK,BAJAJ-AUTO,2700.0,PE,0.0,0.0,0.0,179.8,185.3,0,0.0,0
2014-11-10,2015-01-29,OPTSTK,BAJAJ-AUTO,2750.0,PE,0.0,0.0,0.0,210.25,218.7,0,0.0,0
2014-11-10,2015-01-29,OPTSTK,BAJAJ-AUTO,2800.0,PE,0.0,0.0,0.0,243.05,254.75,0,0.0,0
2014-11-10,2015-01-29,OPTSTK,BAJAJ-AUTO,2850.0,PE,0.0,0.0,0.0,278.05,292.9,0,0.0,0
2014-11-10,2015-01-29,OPTSTK,BAJAJ-AUTO,2900.0,PE,0.0,0.0,0.0,315.2,333.1,0,0.0,0
2014-11-10,2015-01-29,OPTSTK,BAJAJ-AUTO,2950.0,PE,0.0,0.0,0.0,353.95,374.95,0,0.0,0
2014-11-10,2015-01-29,OPTSTK,BAJAJ-AUTO,3000.0,PE,0.0,0.0,0.0,394.35,418.3,0,0.0,0
2014-11-10,2015-01-29,OPTSTK,BAJAJ-AUTO,3050.0,PE,0.0,0.0,0.0,436.2,462.85,0,0.0,0
2014-11-10,2015-01-29,OPTSTK,BAJAJ-AUTO,3100.0,PE,0.0,0.0,0.0,479.25,508.4,0,0.0,0
2014-11-10,2014-11-27,OPTSTK,BANKBARODA,600.0,CE,0.0,0.0,0.0,285.3,387.45,0,0.0,0
2014-11-10,2014-11-27,OPTSTK,BANKBARODA,620.0,CE,0.0,0.0,0.0,266.35,367.5,0,0.0,0
2014-11-10,2014-11-27,OPTSTK,BANKBARODA,640.0,CE,0.0,0.0,0.0,247.65,347.6,0,0.0,0
2014-11-10,2014-11-27,OPTSTK,BANKBARODA,660.0,CE,0.0,0.0,0.0,229.3,327.65,0,0.0,0
2014-11-10,2014-11-27,OPTSTK,BANKBARODA,680.0,CE,0.0,0.0,0.0,211.4,307.75,0,0.0,0
2014-11-10,2014-11-27,OPTSTK,BANKBARODA,700.0,CE,0.0,0.0,0.0,194.0,287.85,0,0.0,0
2014-11-10,2014-11-27,OPTSTK,BANKBARODA,720.0,CE,0.0,0.0,0.0,177.2,267.9,0,0.0,0
2014-11-10,2014-11-27,OPTSTK,BANKBARODA,740.0,CE,0.0,0.0,0.0,161.05,248.0,0,0.0,0
2014-11-10,2014-11-27,OPTSTK,BANKBARODA,760.0,CE,0.0,0.0,0.0,145.65,228.05,0,0.0,0
2014-11-10,2014-11-27,OPTSTK,BANKBARODA,780.0,CE,0.0,0.0,0.0,131.1,208.15,0,0.0,0
2014-11-10,2014-11-27,OPTSTK,BANKBARODA,800.0,CE,0.0,0.0,0.0,113.75,188.25,0,0.0,500
2014-11-10,2014-11-27,OPTSTK,BANKBARODA,820.0,CE,0.0,0.0,0.0,104.6,168.35,0,0.0,0
2014-11-10,2014-11-27,OPTSTK,BANKBARODA,840.0,CE,0.0,0.0,0.0,92.75,148.45,0,0.0,0
2014-11-10,2014-11-27,OPTSTK,BANKBARODA,860.0,CE,0.0,0.0,0.0,81.85,128.75,0,0.0,0
2014-11-10,2014-11-27,OPTSTK,BANKBARODA,880.0,CE,0.0,0.0,0.0,39.0,109.25,0,0.0,500
2014-11-10,2014-11-27,OPTSTK,BANKBARODA,900.0,CE,91.95,101.15,84.1,101.15,101.15,14,34.69,39500
2014-11-10,2014-11-27,OPTSTK,BANKBARODA,920.0,CE,71.1,82.25,71.0,81.95,81.95,14,34.9,28750
2014-11-10,2014-11-27,OPTSTK,BANKBARODA,940.0,CE,48.5,65.1,48.5,55.7,55.7,85,211.75,92750
2014-11-10,2014-11-27,OPTSTK,BANKBARODA,960.0,CE,33.95,50.0,33.95,42.6,42.6,324,812.39,93000
2014-11-10,2014-11-27,OPTSTK,BANKBARODA,980.0,CE,25.4,37.75,23.0,31.0,31.0,642,1622.62,47250
2014-11-10,2014-11-27,OPTSTK,BANKBARODA,1000.0,CE,15.55,27.1,15.55,21.15,21.15,1176,3004.71,103750
2014-11-10,2014-11-27,OPTSTK,BANKBARODA,1020.0,CE,13.35,18.35,11.45,13.9,13.9,290,750.23,31500
2014-11-10,2014-11-27,OPTSTK,BANKBARODA,1040.0,CE,9.9,11.55,7.8,8.95,8.95,114,299.11,24750
2014-11-10,2014-11-27,OPTSTK,BANKBARODA,1060.0,CE,6.55,7.8,4.7,5.7,5.7,47,125.27,20500
2014-11-10,2014-11-27,OPTSTK,BANKBARODA,1080.0,CE,0.0,0.0,0.0,5.0,2.4,0,0.0,1750
2014-11-10,2014-11-27,OPTSTK,BANKBARODA,1100.0,CE,2.5,2.95,2.45,2.55,2.55,20,55.13,4750
2014-11-10,2014-11-27,OPTSTK,BANKBARODA,1120.0,CE,0.0,0.0,0.0,10.85,0.6,0,0.0,0
2014-11-10,2014-11-27,OPTSTK,BANKBARODA,1140.0,CE,0.0,0.0,0.0,9.05,0.3,0,0.0,0
2014-11-10,2014-11-27,OPTSTK,BANKBARODA,1160.0,CE,0.0,0.0,0.0,7.55,0.15,0,0.0,0
2014-11-10,2014-11-27,OPTSTK,BANKBARODA,600.0,PE,0.0,0.0,0.0,1.05,0.0,0,0.0,0
2014-11-10,2014-11-27,OPTSTK,BANKBARODA,620.0,PE,0.0,0.0,0.0,1.7,0.0,0,0.0,0
2014-11-10,2014-11-27,OPTSTK,BANKBARODA,640.0,PE,0.0,0.0,0.0,2.55,0.0,0,0.0,0
2014-11-10,2014-11-27,OPTSTK,BANKBARODA,660.0,PE,0.0,0.0,0.0,3.8,0.0,0,0.0,0
2014-11-10,2014-11-27,OPTSTK,BANKBARODA,680.0,PE,0.0,0.0,0.0,5.45,0.0,0,0.0,0
2014-11-10,2014-11-27,OPTSTK,BANKBARODA,700.0,PE,0.0,0.0,0.0,7.6,0.0,0,0.0,0
2014-11-10,2014-11-27,OPTSTK,BANKBARODA,720.0,PE,0.0,0.0,0.0,10.4,0.0,0,0.0,0
2014-11-10,2014-11-27,OPTSTK,BANKBARODA,740.0,PE,0.0,0.0,0.0,13.85,0.0,0,0.0,0
2014-11-10,2014-11-27,OPTSTK,BANKBARODA,760.0,PE,0.0,0.0,0.0,18.0,0.0,0,0.0,0
2014-11-10,2014-11-27,OPTSTK,BANKBARODA,780.0,PE,0.0,0.0,0.0,23.05,0.0,0,0.0,0
2014-11-10,2014-11-27,OPTSTK,BANKBARODA,800.0,PE,0.0,0.0,0.0,0.95,0.05,0,0.0,21500
2014-11-10,2014-11-27,OPTSTK,BANKBARODA,820.0,PE,0.0,0.0,0.0,35.65,0.05,0,0.0,0
2014-11-10,2014-11-27,OPTSTK,BANKBARODA,840.0,PE,1.0,1.0,0.75,0.75,0.75,17,35.73,30750
2014-11-10,2014-11-27,OPTSTK,BANKBARODA,860.0,PE,1.75,1.75,1.3,1.3,1.3,18,38.76,23750
2014-11-10,2014-11-27,OPTSTK,BANKBARODA,880.0,PE,2.2,2.9,2.05,2.8,2.8,47,103.69,15000
2014-11-10,2014-11-27,OPTSTK,BANKBARODA,900.0,PE,4.05,4.6,3.05,4.0,4.0,157,354.81,74500
2014-11-10,2014-11-27,OPTSTK,BANKBARODA,920.0,PE,7.85,7.85,5.3,6.35,6.35,415,961.08,75500
2014-11-10,2014-11-27,OPTSTK,BANKBARODA,940.0,PE,11.95,13.0,8.4,10.1,10.1,572,1358.53,86750
2014-11-10,2014-11-27,OPTSTK,BANKBARODA,960.0,PE,18.0,19.8,13.0,15.4,15.4,687,1674.95,87750
2014-11-10,2014-11-27,OPTSTK,BANKBARODA,980.0,PE,26.05,27.5,20.05,22.95,22.95,434,1088.44,28500
2014-11-10,2014-11-27,OPTSTK,BANKBARODA,1000.0,PE,33.0,38.1,28.5,33.45,33.45,60,154.85,5250
2014-11-10,2014-11-27,OPTSTK,BANKBARODA,1020.0,PE,0.0,0.0,0.0,115.8,43.55,0,0.0,1000
2014-11-10,2014-11-27,OPTSTK,BANKBARODA,1040.0,PE,0.0,0.0,0.0,168.05,58.5,0,0.0,0
2014-11-10,2014-11-27,OPTSTK,BANKBARODA,1060.0,PE,0.0,0.0,0.0,149.0,75.15,0,0.0,2500
2014-11-10,2014-11-27,OPTSTK,BANKBARODA,1080.0,PE,0.0,0.0,0.0,168.0,93.1,0,0.0,2500
2014-11-10,2014-11-27,OPTSTK,BANKBARODA,1100.0,PE,0.0,0.0,0.0,218.1,111.85,0,0.0,0
2014-11-10,2014-11-27,OPTSTK,BANKBARODA,1120.0,PE,0.0,0.0,0.0,235.55,131.15,0,0.0,0
2014-11-10,2014-11-27,OPTSTK,BANKBARODA,1140.0,PE,0.0,0.0,0.0,253.35,150.75,0,0.0,0
2014-11-10,2014-11-27,OPTSTK,BANKBARODA,1160.0,PE,0.0,0.0,0.0,271.4,170.5,0,0.0,0
2014-11-10,2014-12-24,OPTSTK,BANKBARODA,600.0,CE,0.0,0.0,0.0,300.9,391.35,0,0.0,0
2014-11-10,2014-12-24,OPTSTK,BANKBARODA,620.0,CE,0.0,0.0,0.0,281.65,371.55,0,0.0,0
2014-11-10,2014-12-24,OPTSTK,BANKBARODA,640.0,CE,0.0,0.0,0.0,262.6,351.75,0,0.0,0
2014-11-10,2014-12-24,OPTSTK,BANKBARODA,660.0,CE,0.0,0.0,0.0,243.8,332.0,0,0.0,0
2014-11-10,2014-12-24,OPTSTK,BANKBARODA,680.0,CE,0.0,0.0,0.0,225.35,312.2,0,0.0,0
2014-11-10,2014-12-24,OPTSTK,BANKBARODA,700.0,CE,0.0,0.0,0.0,207.25,292.4,0,0.0,0
2014-11-10,2014-12-24,OPTSTK,BANKBARODA,720.0,CE,0.0,0.0,0.0,189.7,272.6,0,0.0,0
2014-11-10,2014-12-24,OPTSTK,BANKBARODA,740.0,CE,0.0,0.0,0.0,172.7,252.85,0,0.0,0
2014-11-10,2014-12-24,OPTSTK,BANKBARODA,760.0,CE,0.0,0.0,0.0,156.4,233.15,0,0.0,0
2014-11-10,2014-12-24,OPTSTK,BANKBARODA,780.0,CE,0.0,0.0,0.0,140.9,213.45,0,0.0,0
2014-11-10,2014-12-24,OPTSTK,BANKBARODA,800.0,CE,0.0,0.0,0.0,126.2,193.95,0,0.0,0
2014-11-10,2014-12-24,OPTSTK,BANKBARODA,820.0,CE,0.0,0.0,0.0,112.35,174.6,0,0.0,0
2014-11-10,2014-12-24,OPTSTK,BANKBARODA,840.0,CE,0.0,0.0,0.0,99.5,155.65,0,0.0,0
2014-11-10,2014-12-24,OPTSTK,BANKBARODA,860.0,CE,0.0,0.0,0.0,87.65,137.15,0,0.0,0
2014-11-10,2014-12-24,OPTSTK,BANKBARODA,880.0,CE,0.0,0.0,0.0,76.75,119.35,0,0.0,0
2014-11-10,2014-12-24,OPTSTK,BANKBARODA,900.0,CE,0.0,0.0,0.0,66.85,102.45,0,0.0,0
2014-11-10,2014-12-24,OPTSTK,BANKBARODA,920.0,CE,0.0,0.0,0.0,57.9,86.65,0,0.0,0
2014-11-10,2014-12-24,OPTSTK,BANKBARODA,940.0,CE,0.0,0.0,0.0,49.9,72.1,0,0.0,0
2014-11-10,2014-12-24,OPTSTK,BANKBARODA,960.0,CE,0.0,0.0,0.0,42.75,59.05,0,0.0,0
2014-11-10,2014-12-24,OPTSTK,BANKBARODA,980.0,CE,0.0,0.0,0.0,36.45,47.55,0,0.0,0
2014-11-10,2014-12-24,OPTSTK,BANKBARODA,1000.0,CE,0.0,0.0,0.0,30.95,37.6,0,0.0,0
2014-11-10,2014-12-24,OPTSTK,BANKBARODA,1020.0,CE,0.0,0.0,0.0,26.15,29.25,0,0.0,0
2014-11-10,2014-12-24,OPTSTK,BANKBARODA,1040.0,CE,0.0,0.0,0.0,22.0,22.35,0,0.0,0
2014-11-10,2014-12-24,OPTSTK,BANKBARODA,1060.0,CE,0.0,0.0,0.0,18.4,16.8,0,0.0,0
2014-11-10,2014-12-24,OPTSTK,BANKBARODA,1080.0,CE,0.0,0.0,0.0,15.35,12.35,0,0.0,0
2014-11-10,2014-12-24,OPTSTK,BANKBARODA,1100.0,CE,0.0,0.0,0.0,12.75,8.95,0,0.0,0
2014-11-10,2014-12-24,OPTSTK,BANKBARODA,1120.0,CE,0.0,0.0,0.0,10.55,6.4,0,0.0,0
2014-11-10,2014-12-24,OPTSTK,BANKBARODA,1140.0,CE,0.0,0.0,0.0,8.65,4.5,0,0.0,0
2014-11-10,2014-12-24,OPTSTK,BANKBARODA,1160.0,CE,0.0,0.0,0.0,7.1,3.1,0,0.0,0
2014-11-10,2014-12-24,OPTSTK,BANKBARODA,600.0,PE,0.0,0.0,0.0,0.5,0.0,0,0.0,0
2014-11-10,2014-12-24,OPTSTK,BANKBARODA,620.0,PE,0.0,0.0,0.0,0.85,0.0,0,0.0,0
2014-11-10,2014-12-24,OPTSTK,BANKBARODA,640.0,PE,0.0,0.0,0.0,1.35,0.0,0,0.0,0
2014-11-10,2014-12-24,OPTSTK,BANKBARODA,660.0,PE,0.0,0.0,0.0,2.1,0.0,0,0.0,0
2014-11-10,2014-12-24,OPTSTK,BANKBARODA,680.0,PE,0.0,0.0,0.0,3.2,0.0,0,0.0,0
2014-11-10,2014-12-24,OPTSTK,BANKBARODA,700.0,PE,0.0,0.0,0.0,4.7,0.05,0,0.0,0
2014-11-10,2014-12-24,OPTSTK,BANKBARODA,720.0,PE,0.0,0.0,0.0,6.7,0.05,0,0.0,0
2014-11-10,2014-12-24,OPTSTK,BANKBARODA,740.0,PE,0.0,0.0,0.0,9.3,0.05,0,0.0,0
2014-11-10,2014-12-24,OPTSTK,BANKBARODA,760.0,PE,0.0,0.0,0.0,12.55,0.1,0,0.0,0
2014-11-10,2014-12-24,OPTSTK,BANKBARODA,780.0,PE,0.0,0.0,0.0,16.6,0.25,0,0.0,0
2014-11-10,2014-12-24,OPTSTK,BANKBARODA,800.0,PE,0.0,0.0,0.0,21.45,0.5,0,0.0,0
2014-11-10,2014-12-24,OPTSTK,BANKBARODA,820.0,PE,0.0,0.0,0.0,27.2,1.0,0,0.0,0
2014-11-10,2014-12-24,OPTSTK,BANKBARODA,840.0,PE,0.0,0.0,0.0,33.9,1.8,0,0.0,0
2014-11-10,2014-12-24,OPTSTK,BANKBARODA,860.0,PE,0.0,0.0,0.0,41.6,3.1,0,0.0,0
2014-11-10,2014-12-24,OPTSTK,BANKBARODA,880.0,PE,0.0,0.0,0.0,50.25,5.1,0,0.0,0
2014-11-10,2014-12-24,OPTSTK,BANKBARODA,900.0,PE,0.0,0.0,0.0,59.9,7.95,0,0.0,0
2014-11-10,2014-12-24,OPTSTK,BANKBARODA,920.0,PE,0.0,0.0,0.0,70.55,11.95,0,0.0,0
2014-11-10,2014-12-24,OPTSTK,BANKBARODA,940.0,PE,0.0,0.0,0.0,82.1,17.2,0,0.0,0
2014-11-10,2014-12-24,OPTSTK,BANKBARODA,960.0,PE,0.0,0.0,0.0,94.5,23.95,0,0.0,0
2014-11-10,2014-12-24,OPTSTK,BANKBARODA,980.0,PE,0.0,0.0,0.0,107.8,32.25,0,0.0,0
2014-11-10,2014-12-24,OPTSTK,BANKBARODA,1000.0,PE,0.0,0.0,0.0,121.85,42.1,0,0.0,0
2014-11-10,2014-12-24,OPTSTK,BANKBARODA,1020.0,PE,0.0,0.0,0.0,136.65,53.5,0,0.0,0
2014-11-10,2014-12-24,OPTSTK,BANKBARODA,1040.0,PE,0.0,0.0,0.0,152.0,66.4,0,0.0,0
2014-11-10,2014-12-24,OPTSTK,BANKBARODA,1060.0,PE,0.0,0.0,0.0,168.0,80.65,0,0.0,0
2014-11-10,2014-12-24,OPTSTK,BANKBARODA,1080.0,PE,0.0,0.0,0.0,184.5,96.0,0,0.0,0
2014-11-10,2014-12-24,OPTSTK,BANKBARODA,1100.0,PE,0.0,0.0,0.0,201.45,112.4,0,0.0,0
2014-11-10,2014-12-24,OPTSTK,BANKBARODA,1120.0,PE,0.0,0.0,0.0,218.8,129.6,0,0.0,0
2014-11-10,2014-12-24,OPTSTK,BANKBARODA,1140.0,PE,0.0,0.0,0.0,236.5,147.5,0,0.0,0
2014-11-10,2014-12-24,OPTSTK,BANKBARODA,1160.0,PE,0.0,0.0,0.0,254.55,165.9,0,0.0,0
2014-11-10,2015-01-29,OPTSTK,BANKBARODA,600.0,CE,0.0,0.0,0.0,324.8,396.45,0,0.0,0
2014-11-10,2015-01-29,OPTSTK,BANKBARODA,620.0,CE,0.0,0.0,0.0,305.25,376.85,0,0.0,0
2014-11-10,2015-01-29,OPTSTK,BANKBARODA,640.0,CE,0.0,0.0,0.0,285.75,357.2,0,0.0,0
2014-11-10,2015-01-29,OPTSTK,BANKBARODA,660.0,CE,0.0,0.0,0.0,266.25,337.6,0,0.0,0
2014-11-10,2015-01-29,OPTSTK,BANKBARODA,680.0,CE,0.0,0.0,0.0,246.9,318.05,0,0.0,0
2014-11-10,2015-01-29,OPTSTK,BANKBARODA,700.0,CE,0.0,0.0,0.0,227.65,298.5,0,0.0,0
2014-11-10,2015-01-29,OPTSTK,BANKBARODA,720.0,CE,0.0,0.0,0.0,208.65,279.0,0,0.0,0
2014-11-10,2015-01-29,OPTSTK,BANKBARODA,740.0,CE,0.0,0.0,0.0,189.95,259.6,0,0.0,0
2014-11-10,2015-01-29,OPTSTK,BANKBARODA,760.0,CE,0.0,0.0,0.0,171.7,240.35,0,0.0,0
2014-11-10,2015-01-29,OPTSTK,BANKBARODA,780.0,CE,0.0,0.0,0.0,153.95,221.35,0,0.0,0
2014-11-10,2015-01-29,OPTSTK,BANKBARODA,800.0,CE,0.0,0.0,0.0,136.9,202.6,0,0.0,0
2014-11-10,2015-01-29,OPTSTK,BANKBARODA,820.0,CE,0.0,0.0,0.0,120.7,184.3,0,0.0,0
2014-11-10,2015-01-29,OPTSTK,BANKBARODA,840.0,CE,0.0,0.0,0.0,105.45,166.5,0,0.0,0
2014-11-10,2015-01-29,OPTSTK,BANKBARODA,860.0,CE,0.0,0.0,0.0,91.2,149.3,0,0.0,0
2014-11-10,2015-01-29,OPTSTK,BANKBARODA,880.0,CE,0.0,0.0,0.0,78.15,132.9,0,0.0,0
2014-11-10,2015-01-29,OPTSTK,BANKBARODA,900.0,CE,0.0,0.0,0.0,66.3,117.35,0,0.0,0
2014-11-10,2015-01-29,OPTSTK,BANKBARODA,920.0,CE,0.0,0.0,0.0,55.75,102.8,0,0.0,0
2014-11-10,2015-01-29,OPTSTK,BANKBARODA,940.0,CE,0.0,0.0,0.0,46.35,89.2,0,0.0,0
2014-11-10,2015-01-29,OPTSTK,BANKBARODA,960.0,CE,0.0,0.0,0.0,38.2,76.8,0,0.0,0
2014-11-10,2015-01-29,OPTSTK,BANKBARODA,980.0,CE,0.0,0.0,0.0,31.15,65.55,0,0.0,0
2014-11-10,2015-01-29,OPTSTK,BANKBARODA,1000.0,CE,0.0,0.0,0.0,25.15,55.45,0,0.0,0
2014-11-10,2015-01-29,OPTSTK,BANKBARODA,1020.0,CE,0.0,0.0,0.0,20.2,46.5,0,0.0,0
2014-11-10,2015-01-29,OPTSTK,BANKBARODA,1040.0,CE,0.0,0.0,0.0,16.0,38.7,0,0.0,0
2014-11-10,2015-01-29,OPTSTK,BANKBARODA,1060.0,CE,0.0,0.0,0.0,12.6,31.9,0,0.0,0
2014-11-10,2015-01-29,OPTSTK,BANKBARODA,1080.0,CE,0.0,0.0,0.0,9.8,26.05,0,0.0,0
2014-11-10,2015-01-29,OPTSTK,BANKBARODA,1100.0,CE,0.0,0.0,0.0,7.6,21.2,0,0.0,0
2014-11-10,2015-01-29,OPTSTK,BANKBARODA,1120.0,CE,0.0,0.0,0.0,5.8,17.05,0,0.0,0
2014-11-10,2015-01-29,OPTSTK,BANKBARODA,1140.0,CE,0.0,0.0,0.0,4.4,13.6,0,0.0,0
2014-11-10,2015-01-29,OPTSTK,BANKBARODA,1160.0,CE,0.0,0.0,0.0,3.35,10.75,0,0.0,0
2014-11-10,2015-01-29,OPTSTK,BANKBARODA,600.0,PE,0.0,0.0,0.0,0.05,0.0,0,0.0,0
2014-11-10,2015-01-29,OPTSTK,BANKBARODA,620.0,PE,0.0,0.0,0.0,0.05,0.05,0,0.0,0
2014-11-10,2015-01-29,OPTSTK,BANKBARODA,640.0,PE,0.0,0.0,0.0,0.1,0.05,0,0.0,0
2014-11-10,2015-01-29,OPTSTK,BANKBARODA,660.0,PE,0.0,0.0,0.0,0.25,0.05,0,0.0,0
2014-11-10,2015-01-29,OPTSTK,BANKBARODA,680.0,PE,0.0,0.0,0.0,0.4,0.1,0,0.0,0
2014-11-10,2015-01-29,OPTSTK,BANKBARODA,700.0,PE,0.0,0.0,0.0,0.75,0.15,0,0.0,0
2014-11-10,2015-01-29,OPTSTK,BANKBARODA,720.0,PE,0.0,0.0,0.0,1.3,0.3,0,0.0,0
2014-11-10,2015-01-29,OPTSTK,BANKBARODA,740.0,PE,0.0,0.0,0.0,2.2,0.55,0,0.0,0
2014-11-10,2015-01-29,OPTSTK,BANKBARODA,760.0,PE,0.0,0.0,0.0,3.5,0.9,0,0.0,0
2014-11-10,2015-01-29,OPTSTK,BANKBARODA,780.0,PE,0.0,0.0,0.0,5.3,1.5,0,0.0,0
2014-11-10,2015-01-29,OPTSTK,BANKBARODA,800.0,PE,0.0,0.0,0.0,7.85,2.4,0,0.0,0
2014-11-10,2015-01-29,OPTSTK,BANKBARODA,820.0,PE,0.0,0.0,0.0,11.2,3.7,0,0.0,0
2014-11-10,2015-01-29,OPTSTK,BANKBARODA,840.0,PE,0.0,0.0,0.0,15.5,5.5,0,0.0,0
2014-11-10,2015-01-29,OPTSTK,BANKBARODA,860.0,PE,0.0,0.0,0.0,20.85,7.95,0,0.0,0
2014-11-10,2015-01-29,OPTSTK,BANKBARODA,880.0,PE,0.0,0.0,0.0,27.35,11.15,0,0.0,0
2014-11-10,2015-01-29,OPTSTK,BANKBARODA,900.0,PE,0.0,0.0,0.0,35.1,15.25,0,0.0,0
2014-11-10,2015-01-29,OPTSTK,BANKBARODA,920.0,PE,0.0,0.0,0.0,44.1,20.3,0,0.0,0
2014-11-10,2015-01-29,OPTSTK,BANKBARODA,940.0,PE,0.0,0.0,0.0,54.25,26.35,0,0.0,0
2014-11-10,2015-01-29,OPTSTK,BANKBARODA,960.0,PE,0.0,0.0,0.0,65.65,33.55,0,0.0,0
2014-11-10,2015-01-29,OPTSTK,BANKBARODA,980.0,PE,0.0,0.0,0.0,78.2,41.95,0,0.0,0
2014-11-10,2015-01-29,OPTSTK,BANKBARODA,1000.0,PE,0.0,0.0,0.0,91.8,51.45,0,0.0,0
2014-11-10,2015-01-29,OPTSTK,BANKBARODA,1020.0,PE,0.0,0.0,0.0,106.4,62.15,0,0.0,0
2014-11-10,2015-01-29,OPTSTK,BANKBARODA,1040.0,PE,0.0,0.0,0.0,121.75,73.9,0,0.0,0
2014-11-10,2015-01-29,OPTSTK,BANKBARODA,1060.0,PE,0.0,0.0,0.0,137.9,86.75,0,0.0,0
2014-11-10,2015-01-29,OPTSTK,BANKBARODA,1080.0,PE,0.0,0.0,0.0,154.7,100.55,0,0.0,0
2014-11-10,2015-01-29,OPTSTK,BANKBARODA,1100.0,PE,0.0,0.0,0.0,172.05,115.3,0,0.0,0
2014-11-10,2015-01-29,OPTSTK,BANKBARODA,1120.0,PE,0.0,0.0,0.0,189.85,130.75,0,0.0,0
2014-11-10,2015-01-29,OPTSTK,BANKBARODA,1140.0,PE,0.0,0.0,0.0,208.0,146.95,0,0.0,0
2014-11-10,2015-01-29,OPTSTK,BANKBARODA,1160.0,PE,0.0,0.0,0.0,226.5,163.75,0,0.0,0
2014-11-10,2014-11-27,OPTSTK,BANKINDIA,170.0,CE,0.0,0.0,0.0,111.3,117.1,0,0.0,0
2014-11-10,2014-11-27,OPTSTK,BANKINDIA,180.0,CE,0.0,0.0,0.0,101.75,107.15,0,0.0,0
2014-11-10,2014-11-27,OPTSTK,BANKINDIA,190.0,CE,0.0,0.0,0.0,92.35,97.15,0,0.0,0
2014-11-10,2014-11-27,OPTSTK,BANKINDIA,200.0,CE,0.0,0.0,0.0,83.2,87.2,0,0.0,0
2014-11-10,2014-11-27,OPTSTK,BANKINDIA,210.0,CE,0.0,0.0,0.0,74.4,77.25,0,0.0,0
2014-11-10,2014-11-27,OPTSTK,BANKINDIA,220.0,CE,0.0,0.0,0.0,65.95,67.3,0,0.0,0
2014-11-10,2014-11-27,OPTSTK,BANKINDIA,230.0,CE,0.0,0.0,0.0,57.95,57.4,0,0.0,0
2014-11-10,2014-11-27,OPTSTK,BANKINDIA,240.0,CE,0.0,0.0,0.0,33.0,47.65,0,0.0,1000
2014-11-10,2014-11-27,OPTSTK,BANKINDIA,250.0,CE,0.0,0.0,0.0,39.25,38.25,0,0.0,2000
2014-11-10,2014-11-27,OPTSTK,BANKINDIA,260.0,CE,30.5,30.5,26.8,26.8,26.8,2,5.77,20000
2014-11-10,2014-11-27,OPTSTK,BANKINDIA,270.0,CE,20.0,22.0,17.1,19.0,19.0,10,29.03,75000
2014-11-10,2014-11-27,OPTSTK,BANKINDIA,280.0,CE,14.35,15.0,10.8,13.85,13.85,41,120.09,179000
2014-11-10,2014-11-27,OPTSTK,BANKINDIA,290.0,CE,9.7,9.95,6.6,8.45,8.45,261,777.73,386000
2014-11-10,2014-11-27,OPTSTK,BANKINDIA,300.0,CE,5.6,5.85,3.55,4.65,4.65,373,1135.34,483000
2014-11-10,2014-11-27,OPTSTK,BANKINDIA,310.0,CE,2.85,3.25,1.75,2.4,2.4,174,543.28,410000
2014-11-10,2014-11-27,OPTSTK,BANKINDIA,320.0,CE,1.8,1.8,0.95,1.2,1.2,61,195.94,143000
2014-11-10,2014-11-27,OPTSTK,BANKINDIA,330.0,CE,0.75,0.75,0.5,0.55,0.55,31,102.5,58000
2014-11-10,2014-11-27,OPTSTK,BANKINDIA,340.0,CE,0.5,0.5,0.4,0.4,0.4,9,30.64,34000
2014-11-10,2014-11-27,OPTSTK,BANKINDIA,350.0,CE,0.15,0.15,0.15,0.15,0.15,1,3.5,7000
2014-11-10,2014-11-27,OPTSTK,BANKINDIA,360.0,CE,0.0,0.0,0.0,0.6,0.1,0,0.0,1000
2014-11-10,2014-11-27,OPTSTK,BANKINDIA,370.0,CE,0.0,0.0,0.0,4.4,0.05,0,0.0,0
2014-11-10,2014-11-27,OPTSTK,BANKINDIA,380.0,CE,0.0,0.0,0.0,3.5,0.05,0,0.0,0
2014-11-10,2014-11-27,OPTSTK,BANKINDIA,390.0,CE,0.0,0.0,0.0,2.8,0.05,0,0.0,0
2014-11-10,2014-11-27,OPTSTK,BANKINDIA,170.0,PE,0.0,0.0,0.0,0.25,0.0,0,0.0,0
2014-11-10,2014-11-27,OPTSTK,BANKINDIA,180.0,PE,0.0,0.0,0.0,0.45,0.0,0,0.0,0
2014-11-10,2014-11-27,OPTSTK,BANKINDIA,190.0,PE,0.0,0.0,0.0,0.85,0.0,0,0.0,0
2014-11-10,2014-11-27,OPTSTK,BANKINDIA,200.0,PE,0.0,0.0,0.0,1.5,0.0,0,0.0,0
2014-11-10,2014-11-27,OPTSTK,BANKINDIA,210.0,PE,0.0,0.0,0.0,2.45,0.0,0,0.0,0
2014-11-10,2014-11-27,OPTSTK,BANKINDIA,220.0,PE,0.0,0.0,0.0,0.85,0.05,0,0.0,1000
2014-11-10,2014-11-27,OPTSTK,BANKINDIA,230.0,PE,0.0,0.0,0.0,0.8,0.1,0,0.0,36000
2014-11-10,2014-11-27,OPTSTK,BANKINDIA,240.0,PE,0.7,0.75,0.7,0.75,0.75,2,4.81,50000
2014-11-10,2014-11-27,OPTSTK,BANKINDIA,250.0,PE,1.25,1.5,1.1,1.15,1.15,22,55.28,125000
2014-11-10,2014-11-27,OPTSTK,BANKINDIA,260.0,PE,2.0,2.65,1.9,2.0,2.0,121,317.35,195000
2014-11-10,2014-11-27,OPTSTK,BANKINDIA,270.0,PE,3.6,4.75,3.4,3.6,3.6,99,271.35,345000
2014-11-10,2014-11-27,OPTSTK,BANKINDIA,280.0,PE,6.6,8.4,5.9,6.55,6.55,306,879.33,400000
2014-11-10,2014-11-27,OPTSTK,BANKINDIA,290.0,PE,11.0,13.5,10.5,10.9,10.9,48,144.85,73000
2014-11-10,2014-11-27,OPTSTK,BANKINDIA,300.0,PE,16.6,20.0,16.6,20.0,20.0,7,22.34,31000
2014-11-10,2014-11-27,OPTSTK,BANKINDIA,310.0,PE,0.0,0.0,0.0,41.75,25.95,0,0.0,1000
2014-11-10,2014-11-27,OPTSTK,BANKINDIA,320.0,PE,0.0,0.0,0.0,48.5,34.3,0,0.0,0
2014-11-10,2014-11-27,OPTSTK,BANKINDIA,330.0,PE,0.0,0.0,0.0,55.95,43.35,0,0.0,0
2014-11-10,2014-11-27,OPTSTK,BANKINDIA,340.0,PE,0.0,0.0,0.0,63.8,52.75,0,0.0,0
2014-11-10,2014-11-27,OPTSTK,BANKINDIA,350.0,PE,0.0,0.0,0.0,71.95,62.45,0,0.0,0
2014-11-10,2014-11-27,OPTSTK,BANKINDIA,360.0,PE,0.0,0.0,0.0,80.4,72.3,0,0.0,0
2014-11-10,2014-11-27,OPTSTK,BANKINDIA,370.0,PE,0.0,0.0,0.0,89.1,82.2,0,0.0,0
2014-11-10,2014-11-27,OPTSTK,BANKINDIA,380.0,PE,0.0,0.0,0.0,98.0,92.15,0,0.0,0
2014-11-10,2014-11-27,OPTSTK,BANKINDIA,390.0,PE,0.0,0.0,0.0,107.05,102.1,0,0.0,0
2014-11-10,2014-12-24,OPTSTK,BANKINDIA,170.0,CE,0.0,0.0,0.0,79.3,118.2,0,0.0,0
2014-11-10,2014-12-24,OPTSTK,BANKINDIA,180.0,CE,0.0,0.0,0.0,71.2,108.3,0,0.0,0
2014-11-10,2014-12-24,OPTSTK,BANKINDIA,190.0,CE,0.0,0.0,0.0,63.55,98.45,0,0.0,0
2014-11-10,2014-12-24,OPTSTK,BANKINDIA,200.0,CE,0.0,0.0,0.0,56.45,88.6,0,0.0,0
2014-11-10,2014-12-24,OPTSTK,BANKINDIA,210.0,CE,0.0,0.0,0.0,49.9,78.9,0,0.0,0
2014-11-10,2014-12-24,OPTSTK,BANKINDIA,220.0,CE,0.0,0.0,0.0,43.85,69.3,0,0.0,0
2014-11-10,2014-12-24,OPTSTK,BANKINDIA,230.0,CE,0.0,0.0,0.0,38.4,60.05,0,0.0,0
2014-11-10,2014-12-24,OPTSTK,BANKINDIA,240.0,CE,0.0,0.0,0.0,33.45,51.15,0,0.0,0
2014-11-10,2014-12-24,OPTSTK,BANKINDIA,250.0,CE,0.0,0.0,0.0,29.05,42.85,0,0.0,0
2014-11-10,2014-12-24,OPTSTK,BANKINDIA,260.0,CE,0.0,0.0,0.0,25.0,35.2,0,0.0,1000
2014-11-10,2014-12-24,OPTSTK,BANKINDIA,270.0,CE,0.0,0.0,0.0,21.7,28.4,0,0.0,0
2014-11-10,2014-12-24,OPTSTK,BANKINDIA,280.0,CE,0.0,0.0,0.0,18.65,22.45,0,0.0,0
2014-11-10,2014-12-24,OPTSTK,BANKINDIA,290.0,CE,0.0,0.0,0.0,16.0,17.4,0,0.0,0
2014-11-10,2014-12-24,OPTSTK,BANKINDIA,300.0,CE,0.0,0.0,0.0,13.05,13.25,0,0.0,1000
2014-11-10,2014-12-24,OPTSTK,BANKINDIA,310.0,CE,0.0,0.0,0.0,11.7,9.9,0,0.0,0
2014-11-10,2014-12-24,OPTSTK,BANKINDIA,320.0,CE,0.0,0.0,0.0,9.95,7.3,0,0.0,0
2014-11-10,2014-12-24,OPTSTK,BANKINDIA,330.0,CE,0.0,0.0,0.0,8.45,5.25,0,0.0,0
2014-11-10,2014-12-24,OPTSTK,BANKINDIA,340.0,CE,0.0,0.0,0.0,7.2,3.7,0,0.0,0
2014-11-10,2014-12-24,OPTSTK,BANKINDIA,350.0,CE,0.0,0.0,0.0,6.1,2.6,0,0.0,0
2014-11-10,2014-12-24,OPTSTK,BANKINDIA,360.0,CE,0.0,0.0,0.0,5.15,1.8,0,0.0,0
2014-11-10,2014-12-24,OPTSTK,BANKINDIA,170.0,PE,0.0,0.0,0.0,3.55,0.0,0,0.0,0
2014-11-10,2014-12-24,OPTSTK,BANKINDIA,180.0,PE,0.0,0.0,0.0,5.2,0.05,0,0.0,0
2014-11-10,2014-12-24,OPTSTK,BANKINDIA,190.0,PE,0.0,0.0,0.0,7.35,0.05,0,0.0,0
2014-11-10,2014-12-24,OPTSTK,BANKINDIA,200.0,PE,0.0,0.0,0.0,10.05,0.1,0,0.0,0
2014-11-10,2014-12-24,OPTSTK,BANKINDIA,210.0,PE,0.0,0.0,0.0,13.25,0.3,0,0.0,0
2014-11-10,2014-12-24,OPTSTK,BANKINDIA,220.0,PE,0.0,0.0,0.0,17.0,0.6,0,0.0,0
2014-11-10,2014-12-24,OPTSTK,BANKINDIA,230.0,PE,0.0,0.0,0.0,21.35,1.2,0,0.0,0
2014-11-10,2014-12-24,OPTSTK,BANKINDIA,240.0,PE,0.0,0.0,0.0,26.2,2.25,0,0.0,0
2014-11-10,2014-12-24,OPTSTK,BANKINDIA,250.0,PE,0.0,0.0,0.0,31.55,3.8,0,0.0,0
2014-11-10,2014-12-24,OPTSTK,BANKINDIA,260.0,PE,0.0,0.0,0.0,37.45,6.1,0,0.0,0
2014-11-10,2014-12-24,OPTSTK,BANKINDIA,270.0,PE,0.0,0.0,0.0,10.1,9.15,0,0.0,1000
2014-11-10,2014-12-24,OPTSTK,BANKINDIA,280.0,PE,0.0,0.0,0.0,13.0,13.15,0,0.0,1000
2014-11-10,2014-12-24,OPTSTK,BANKINDIA,290.0,PE,0.0,0.0,0.0,57.65,18.0,0,0.0,0
2014-11-10,2014-12-24,OPTSTK,BANKINDIA,300.0,PE,0.0,0.0,0.0,65.1,23.7,0,0.0,0
2014-11-10,2014-12-24,OPTSTK,BANKINDIA,310.0,PE,0.0,0.0,0.0,72.9,30.25,0,0.0,0
2014-11-10,2014-12-24,OPTSTK,BANKINDIA,320.0,PE,0.0,0.0,0.0,80.95,37.55,0,0.0,0
2014-11-10,2014-12-24,OPTSTK,BANKINDIA,330.0,PE,0.0,0.0,0.0,89.2,45.4,0,0.0,0
2014-11-10,2014-12-24,OPTSTK,BANKINDIA,340.0,PE,0.0,0.0,0.0,97.7,53.75,0,0.0,0
2014-11-10,2014-12-24,OPTSTK,BANKINDIA,350.0,PE,0.0,0.0,0.0,106.4,62.55,0,0.0,0
2014-11-10,2014-12-24,OPTSTK,BANKINDIA,360.0,PE,0.0,0.0,0.0,115.25,71.65,0,0.0,0
2014-11-10,2015-01-29,OPTSTK,BANKINDIA,170.0,CE,0.0,0.0,0.0,108.05,119.7,0,0.0,0
2014-11-10,2015-01-29,OPTSTK,BANKINDIA,180.0,CE,0.0,0.0,0.0,98.6,110.0,0,0.0,0
2014-11-10,2015-01-29,OPTSTK,BANKINDIA,190.0,CE,0.0,0.0,0.0,89.35,100.35,0,0.0,0
2014-11-10,2015-01-29,OPTSTK,BANKINDIA,200.0,CE,0.0,0.0,0.0,80.4,90.9,0,0.0,0
2014-11-10,2015-01-29,OPTSTK,BANKINDIA,210.0,CE,0.0,0.0,0.0,71.75,81.65,0,0.0,0
2014-11-10,2015-01-29,OPTSTK,BANKINDIA,220.0,CE,0.0,0.0,0.0,63.6,72.7,0,0.0,0
2014-11-10,2015-01-29,OPTSTK,BANKINDIA,230.0,CE,0.0,0.0,0.0,55.9,64.1,0,0.0,0
2014-11-10,2015-01-29,OPTSTK,BANKINDIA,240.0,CE,0.0,0.0,0.0,48.8,56.05,0,0.0,0
2014-11-10,2015-01-29,OPTSTK,BANKINDIA,250.0,CE,0.0,0.0,0.0,42.25,48.5,0,0.0,0
2014-11-10,2015-01-29,OPTSTK,BANKINDIA,260.0,CE,0.0,0.0,0.0,36.3,41.55,0,0.0,0
2014-11-10,2015-01-29,OPTSTK,BANKINDIA,270.0,CE,0.0,0.0,0.0,31.0,35.25,0,0.0,0
2014-11-10,2015-01-29,OPTSTK,BANKINDIA,280.0,CE,0.0,0.0,0.0,26.25,29.65,0,0.0,0
2014-11-10,2015-01-29,OPTSTK,BANKINDIA,290.0,CE,0.0,0.0,0.0,22.1,24.7,0,0.0,0
2014-11-10,2015-01-29,OPTSTK,BANKINDIA,300.0,CE,0.0,0.0,0.0,18.5,20.4,0,0.0,0
2014-11-10,2015-01-29,OPTSTK,BANKINDIA,310.0,CE,0.0,0.0,0.0,15.4,16.7,0,0.0,0
2014-11-10,2015-01-29,OPTSTK,BANKINDIA,320.0,CE,0.0,0.0,0.0,12.75,13.55,0,0.0,0
2014-11-10,2015-01-29,OPTSTK,BANKINDIA,330.0,CE,0.0,0.0,0.0,10.55,10.95,0,0.0,0
2014-11-10,2015-01-29,OPTSTK,BANKINDIA,340.0,CE,0.0,0.0,0.0,8.6,8.75,0,0.0,0
2014-11-10,2015-01-29,OPTSTK,BANKINDIA,350.0,CE,0.0,0.0,0.0,7.05,6.95,0,0.0,0
2014-11-10,2015-01-29,OPTSTK,BANKINDIA,360.0,CE,0.0,0.0,0.0,5.75,5.5,0,0.0,0
2014-11-10,2015-01-29,OPTSTK,BANKINDIA,170.0,PE,0.0,0.0,0.0,0.4,0.1,0,0.0,0
2014-11-10,2015-01-29,OPTSTK,BANKINDIA,180.0,PE,0.0,0.0,0.0,0.7,0.2,0,0.0,0
2014-11-10,2015-01-29,OPTSTK,BANKINDIA,190.0,PE,0.0,0.0,0.0,1.25,0.35,0,0.0,0
2014-11-10,2015-01-29,OPTSTK,BANKINDIA,200.0,PE,0.0,0.0,0.0,2.05,0.7,0,0.0,0
2014-11-10,2015-01-29,OPTSTK,BANKINDIA,210.0,PE,0.0,0.0,0.0,3.25,1.25,0,0.0,0
2014-11-10,2015-01-29,OPTSTK,BANKINDIA,220.0,PE,0.0,0.0,0.0,4.85,2.1,0,0.0,0
2014-11-10,2015-01-29,OPTSTK,BANKINDIA,230.0,PE,0.0,0.0,0.0,6.95,3.35,0,0.0,0
2014-11-10,2015-01-29,OPTSTK,BANKINDIA,240.0,PE,0.0,0.0,0.0,9.6,5.1,0,0.0,0
2014-11-10,2015-01-29,OPTSTK,BANKINDIA,250.0,PE,0.0,0.0,0.0,12.85,7.35,0,0.0,0
2014-11-10,2015-01-29,OPTSTK,BANKINDIA,260.0,PE,0.0,0.0,0.0,16.7,10.2,0,0.0,0
2014-11-10,2015-01-29,OPTSTK,BANKINDIA,270.0,PE,0.0,0.0,0.0,21.15,13.75,0,0.0,0
2014-11-10,2015-01-29,OPTSTK,BANKINDIA,280.0,PE,0.0,0.0,0.0,26.2,17.95,0,0.0,0
2014-11-10,2015-01-29,OPTSTK,BANKINDIA,290.0,PE,0.0,0.0,0.0,31.85,22.8,0,0.0,0
2014-11-10,2015-01-29,OPTSTK,BANKINDIA,300.0,PE,0.0,0.0,0.0,38.05,28.3,0,0.0,0
2014-11-10,2015-01-29,OPTSTK,BANKINDIA,310.0,PE,0.0,0.0,0.0,44.7,34.4,0,0.0,0
2014-11-10,2015-01-29,OPTSTK,BANKINDIA,320.0,PE,0.0,0.0,0.0,51.85,41.1,0,0.0,0
2014-11-10,2015-01-29,OPTSTK,BANKINDIA,330.0,PE,0.0,0.0,0.0,59.4,48.3,0,0.0,0
2014-11-10,2015-01-29,OPTSTK,BANKINDIA,340.0,PE,0.0,0.0,0.0,67.3,55.9,0,0.0,0
2014-11-10,2015-01-29,OPTSTK,BANKINDIA,350.0,PE,0.0,0.0,0.0,75.5,63.95,0,0.0,0
2014-11-10,2015-01-29,OPTSTK,BANKINDIA,360.0,PE,0.0,0.0,0.0,83.95,72.25,0,0.0,0
2014-11-10,2014-11-27,OPTSTK,BATAINDIA,800.0,CE,0.0,0.0,0.0,495.1,442.2,0,0.0,0
2014-11-10,2014-11-27,OPTSTK,BATAINDIA,850.0,CE,0.0,0.0,0.0,446.3,392.35,0,0.0,0
2014-11-10,2014-11-27,OPTSTK,BATAINDIA,900.0,CE,0.0,0.0,0.0,397.75,342.55,0,0.0,0
2014-11-10,2014-11-27,OPTSTK,BATAINDIA,950.0,CE,0.0,0.0,0.0,349.8,292.75,0,0.0,0
2014-11-10,2014-11-27,OPTSTK,BATAINDIA,1000.0,CE,0.0,0.0,0.0,302.95,243.0,0,0.0,0
2014-11-10,2014-11-27,OPTSTK,BATAINDIA,1050.0,CE,0.0,0.0,0.0,257.9,193.4,0,0.0,0
2014-11-10,2014-11-27,OPTSTK,BATAINDIA,1100.0,CE,0.0,0.0,0.0,176.1,144.8,0,0.0,250
2014-11-10,2014-11-27,OPTSTK,BATAINDIA,1150.0,CE,0.0,0.0,0.0,176.25,99.45,0,0.0,0
2014-11-10,2014-11-27,OPTSTK,BATAINDIA,1200.0,CE,0.0,0.0,0.0,102.2,60.85,0,0.0,500
2014-11-10,2014-11-27,OPTSTK,BATAINDIA,1250.0,CE,35.3,42.0,32.0,32.0,32.0,31,99.55,6750
2014-11-10,2014-11-27,OPTSTK,BATAINDIA,1300.0,CE,20.05,20.05,14.65,14.65,14.65,24,79.03,11000
2014-11-10,2014-11-27,OPTSTK,BATAINDIA,1350.0,CE,9.0,9.9,7.5,7.5,7.5,18,61.13,9000
2014-11-10,2014-11-27,OPTSTK,BATAINDIA,1400.0,CE,3.0,3.0,2.75,2.75,2.75,2,7.01,2750
2014-11-10,2014-11-27,OPTSTK,BATAINDIA,1450.0,CE,0.0,0.0,0.0,2.5,0.55,0,0.0,250
2014-11-10,2014-11-27,OPTSTK,BATAINDIA,1500.0,CE,0.0,0.0,0.0,23.9,0.15,0,0.0,0
2014-11-10,2014-11-27,OPTSTK,BATAINDIA,1550.0,CE,0.0,0.0,0.0,16.6,0.05,0,0.0,0
2014-11-10,2014-11-27,OPTSTK,BATAINDIA,1600.0,CE,0.0,0.0,0.0,11.35,0.05,0,0.0,0
2014-11-10,2014-11-27,OPTSTK,BATAINDIA,1650.0,CE,0.0,0.0,0.0,7.6,0.0,0,0.0,0
2014-11-10,2014-11-27,OPTSTK,BATAINDIA,1700.0,CE,0.0,0.0,0.0,5.05,0.0,0,0.0,0
2014-11-10,2014-11-27,OPTSTK,BATAINDIA,800.0,PE,0.0,0.0,0.0,0.05,0.0,0,0.0,0
2014-11-10,2014-11-27,OPTSTK,BATAINDIA,850.0,PE,0.0,0.0,0.0,0.2,0.0,0,0.0,0
2014-11-10,2014-11-27,OPTSTK,BATAINDIA,900.0,PE,0.0,0.0,0.0,0.65,0.0,0,0.0,0
2014-11-10,2014-11-27,OPTSTK,BATAINDIA,950.0,PE,0.0,0.0,0.0,1.65,0.0,0,0.0,0
2014-11-10,2014-11-27,OPTSTK,BATAINDIA,1000.0,PE,0.0,0.0,0.0,3.7,0.05,0,0.0,0
2014-11-10,2014-11-27,OPTSTK,BATAINDIA,1050.0,PE,0.0,0.0,0.0,7.55,0.25,0,0.0,0
2014-11-10,2014-11-27,OPTSTK,BATAINDIA,1100.0,PE,2.0,2.0,2.0,2.0,2.0,2,5.51,250
2014-11-10,2014-11-27,OPTSTK,BATAINDIA,1150.0,PE,6.0,8.0,6.0,6.7,6.7,10,28.92,3500
2014-11-10,2014-11-27,OPTSTK,BATAINDIA,1200.0,PE,15.0,21.1,15.0,17.2,17.2,21,63.98,7250
2014-11-10,2014-11-27,OPTSTK,BATAINDIA,1250.0,PE,40.0,43.0,36.0,38.7,38.7,30,96.64,5500
2014-11-10,2014-11-27,OPTSTK,BATAINDIA,1300.0,PE,0.0,0.0,0.0,66.1,70.75,0,0.0,1500
2014-11-10,2014-11-27,OPTSTK,BATAINDIA,1350.0,PE,0.0,0.0,0.0,93.45,111.5,0,0.0,1250
2014-11-10,2014-11-27,OPTSTK,BATAINDIA,1400.0,PE,0.0,0.0,0.0,139.05,157.4,0,0.0,0
2014-11-10,2014-11-27,OPTSTK,BATAINDIA,1450.0,PE,0.0,0.0,0.0,175.0,205.85,0,0.0,0
2014-11-10,2014-11-27,OPTSTK,BATAINDIA,1500.0,PE,0.0,0.0,0.0,214.0,255.25,0,0.0,0
2014-11-10,2014-11-27,OPTSTK,BATAINDIA,1550.0,PE,0.0,0.0,0.0,255.65,304.95,0,0.0,0
2014-11-10,2014-11-27,OPTSTK,BATAINDIA,1600.0,PE,0.0,0.0,0.0,299.35,354.7,0,0.0,0
2014-11-10,2014-11-27,OPTSTK,BATAINDIA,1650.0,PE,0.0,0.0,0.0,344.55,404.5,0,0.0,0
2014-11-10,2014-11-27,OPTSTK,BATAINDIA,1700.0,PE,0.0,0.0,0.0,390.9,454.3,0,0.0,0
2014-11-10,2014-12-24,OPTSTK,BATAINDIA,800.0,CE,0.0,0.0,0.0,475.35,447.4,0,0.0,0
2014-11-10,2014-12-24,OPTSTK,BATAINDIA,850.0,CE,0.0,0.0,0.0,426.55,397.95,0,0.0,0
2014-11-10,2014-12-24,OPTSTK,BATAINDIA,900.0,CE,0.0,0.0,0.0,378.05,348.5,0,0.0,0
2014-11-10,2014-12-24,OPTSTK,BATAINDIA,950.0,CE,0.0,0.0,0.0,330.1,299.3,0,0.0,0
2014-11-10,2014-12-24,OPTSTK,BATAINDIA,1000.0,CE,0.0,0.0,0.0,283.3,250.7,0,0.0,0
2014-11-10,2014-12-24,OPTSTK,BATAINDIA,1050.0,CE,0.0,0.0,0.0,238.4,203.6,0,0.0,0
2014-11-10,2014-12-24,OPTSTK,BATAINDIA,1100.0,CE,0.0,0.0,0.0,196.25,159.25,0,0.0,0
2014-11-10,2014-12-24,OPTSTK,BATAINDIA,1150.0,CE,0.0,0.0,0.0,157.9,119.3,0,0.0,0
2014-11-10,2014-12-24,OPTSTK,BATAINDIA,1200.0,CE,0.0,0.0,0.0,123.85,85.15,0,0.0,0
2014-11-10,2014-12-24,OPTSTK,BATAINDIA,1250.0,CE,0.0,0.0,0.0,94.75,57.8,0,0.0,0
2014-11-10,2014-12-24,OPTSTK,BATAINDIA,1300.0,CE,0.0,0.0,0.0,70.7,37.25,0,0.0,0
2014-11-10,2014-12-24,OPTSTK,BATAINDIA,1350.0,CE,0.0,0.0,0.0,51.45,22.85,0,0.0,0
2014-11-10,2014-12-24,OPTSTK,BATAINDIA,1400.0,CE,0.0,0.0,0.0,36.6,13.3,0,0.0,0
2014-11-10,2014-12-24,OPTSTK,BATAINDIA,1450.0,CE,0.0,0.0,0.0,25.45,7.35,0,0.0,0
2014-11-10,2014-12-24,OPTSTK,BATAINDIA,1500.0,CE,0.0,0.0,0.0,17.3,3.9,0,0.0,0
2014-11-10,2014-12-24,OPTSTK,BATAINDIA,1550.0,CE,0.0,0.0,0.0,11.55,2.0,0,0.0,0
2014-11-10,2014-12-24,OPTSTK,BATAINDIA,1600.0,CE,0.0,0.0,0.0,7.55,0.95,0,0.0,0
2014-11-10,2014-12-24,OPTSTK,BATAINDIA,1650.0,CE,0.0,0.0,0.0,4.85,0.45,0,0.0,0
2014-11-10,2014-12-24,OPTSTK,BATAINDIA,1700.0,CE,0.0,0.0,0.0,3.05,0.2,0,0.0,0
2014-11-10,2014-12-24,OPTSTK,BATAINDIA,800.0,PE,0.0,0.0,0.0,0.05,0.0,0,0.0,0
2014-11-10,2014-12-24,OPTSTK,BATAINDIA,850.0,PE,0.0,0.0,0.0,0.2,0.05,0,0.0,0
2014-11-10,2014-12-24,OPTSTK,BATAINDIA,900.0,PE,0.0,0.0,0.0,0.55,0.1,0,0.0,0
2014-11-10,2014-12-24,OPTSTK,BATAINDIA,950.0,PE,0.0,0.0,0.0,1.55,0.35,0,0.0,0
2014-11-10,2014-12-24,OPTSTK,BATAINDIA,1000.0,PE,0.0,0.0,0.0,3.65,1.25,0,0.0,0
2014-11-10,2014-12-24,OPTSTK,BATAINDIA,1050.0,PE,0.0,0.0,0.0,7.65,3.6,0,0.0,0
2014-11-10,2014-12-24,OPTSTK,BATAINDIA,1100.0,PE,0.0,0.0,0.0,14.45,8.75,0,0.0,0
2014-11-10,2014-12-24,OPTSTK,BATAINDIA,1150.0,PE,0.0,0.0,0.0,24.95,18.25,0,0.0,0
2014-11-10,2014-12-24,OPTSTK,BATAINDIA,1200.0,PE,0.0,0.0,0.0,39.8,33.6,0,0.0,0
2014-11-10,2014-12-24,OPTSTK,BATAINDIA,1250.0,PE,0.0,0.0,0.0,59.65,55.7,0,0.0,0
2014-11-10,2014-12-24,OPTSTK,BATAINDIA,1300.0,PE,0.0,0.0,0.0,84.5,84.65,0,0.0,0
2014-11-10,2014-12-24,OPTSTK,BATAINDIA,1350.0,PE,0.0,0.0,0.0,114.2,119.7,0,0.0,0
2014-11-10,2014-12-24,OPTSTK,BATAINDIA,1400.0,PE,0.0,0.0,0.0,148.2,159.65,0,0.0,0
2014-11-10,2014-12-24,OPTSTK,BATAINDIA,1450.0,PE,0.0,0.0,0.0,186.0,203.2,0,0.0,0
2014-11-10,2014-12-24,OPTSTK,BATAINDIA,1500.0,PE,0.0,0.0,0.0,226.75,249.2,0,0.0,0
2014-11-10,2014-12-24,OPTSTK,BATAINDIA,1550.0,PE,0.0,0.0,0.0,269.9,296.75,0,0.0,0
2014-11-10,2014-12-24,OPTSTK,BATAINDIA,1600.0,PE,0.0,0.0,0.0,314.8,345.2,0,0.0,0
2014-11-10,2014-12-24,OPTSTK,BATAINDIA,1650.0,PE,0.0,0.0,0.0,361.0,394.2,0,0.0,0
2014-11-10,2014-12-24,OPTSTK,BATAINDIA,1700.0,PE,0.0,0.0,0.0,408.15,443.4,0,0.0,0
2014-11-10,2015-01-29,OPTSTK,BATAINDIA,800.0,CE,0.0,0.0,0.0,473.5,454.25,0,0.0,0
2014-11-10,2015-01-29,OPTSTK,BATAINDIA,850.0,CE,0.0,0.0,0.0,425.0,405.4,0,0.0,0
2014-11-10,2015-01-29,OPTSTK,BATAINDIA,900.0,CE,0.0,0.0,0.0,377.1,356.9,0,0.0,0
2014-11-10,2015-01-29,OPTSTK,BATAINDIA,950.0,CE,0.0,0.0,0.0,330.2,309.2,0,0.0,0
2014-11-10,2015-01-29,OPTSTK,BATAINDIA,1000.0,CE,0.0,0.0,0.0,284.9,262.9,0,0.0,0
2014-11-10,2015-01-29,OPTSTK,BATAINDIA,1050.0,CE,0.0,0.0,0.0,241.95,218.95,0,0.0,0
2014-11-10,2015-01-29,OPTSTK,BATAINDIA,1100.0,CE,0.0,0.0,0.0,202.0,178.15,0,0.0,0
2014-11-10,2015-01-29,OPTSTK,BATAINDIA,1150.0,CE,0.0,0.0,0.0,165.7,141.5,0,0.0,0
2014-11-10,2015-01-29,OPTSTK,BATAINDIA,1200.0,CE,0.0,0.0,0.0,133.5,109.55,0,0.0,0
2014-11-10,2015-01-29,OPTSTK,BATAINDIA,1250.0,CE,0.0,0.0,0.0,105.7,82.7,0,0.0,0
2014-11-10,2015-01-29,OPTSTK,BATAINDIA,1300.0,CE,0.0,0.0,0.0,82.2,60.85,0,0.0,0
2014-11-10,2015-01-29,OPTSTK,BATAINDIA,1350.0,CE,0.0,0.0,0.0,62.9,43.7,0,0.0,0
2014-11-10,2015-01-29,OPTSTK,BATAINDIA,1400.0,CE,0.0,0.0,0.0,47.3,30.7,0,0.0,0
2014-11-10,2015-01-29,OPTSTK,BATAINDIA,1450.0,CE,0.0,0.0,0.0,35.15,21.05,0,0.0,0
2014-11-10,2015-01-29,OPTSTK,BATAINDIA,1500.0,CE,0.0,0.0,0.0,25.65,14.1,0,0.0,0
2014-11-10,2015-01-29,OPTSTK,BATAINDIA,1550.0,CE,0.0,0.0,0.0,18.5,9.3,0,0.0,0
2014-11-10,2015-01-29,OPTSTK,BATAINDIA,1600.0,CE,0.0,0.0,0.0,13.15,6.0,0,0.0,0
2014-11-10,2015-01-29,OPTSTK,BATAINDIA,1650.0,CE,0.0,0.0,0.0,9.25,3.8,0,0.0,0
2014-11-10,2015-01-29,OPTSTK,BATAINDIA,1700.0,CE,0.0,0.0,0.0,6.45,2.4,0,0.0,0
2014-11-10,2015-01-29,OPTSTK,BATAINDIA,800.0,PE,0.0,0.0,0.0,0.25,0.1,0,0.0,0
2014-11-10,2015-01-29,OPTSTK,BATAINDIA,850.0,PE,0.0,0.0,0.0,0.65,0.3,0,0.0,0
2014-11-10,2015-01-29,OPTSTK,BATAINDIA,900.0,PE,0.0,0.0,0.0,1.65,0.85,0,0.0,0
2014-11-10,2015-01-29,OPTSTK,BATAINDIA,950.0,PE,0.0,0.0,0.0,3.7,2.2,0,0.0,0
2014-11-10,2015-01-29,OPTSTK,BATAINDIA,1000.0,PE,0.0,0.0,0.0,7.3,4.95,0,0.0,0
2014-11-10,2015-01-29,OPTSTK,BATAINDIA,1050.0,PE,0.0,0.0,0.0,13.25,10.05,0,0.0,0
2014-11-10,2015-01-29,OPTSTK,BATAINDIA,1100.0,PE,0.0,0.0,0.0,22.25,18.3,0,0.0,0
2014-11-10,2015-01-29,OPTSTK,BATAINDIA,1150.0,PE,0.0,0.0,0.0,34.9,30.7,0,0.0,0
2014-11-10,2015-01-29,OPTSTK,BATAINDIA,1200.0,PE,0.0,0.0,0.0,51.6,47.8,0,0.0,0
2014-11-10,2015-01-29,OPTSTK,BATAINDIA,1250.0,PE,0.0,0.0,0.0,72.7,70.0,0,0.0,0
2014-11-10,2015-01-29,OPTSTK,BATAINDIA,1300.0,PE,0.0,0.0,0.0,98.15,97.2,0,0.0,0
2014-11-10,2015-01-29,OPTSTK,BATAINDIA,1350.0,PE,0.0,0.0,0.0,127.75,129.1,0,0.0,0
2014-11-10,2015-01-29,OPTSTK,BATAINDIA,1400.0,PE,0.0,0.0,0.0,161.1,165.15,0,0.0,0
2014-11-10,2015-01-29,OPTSTK,BATAINDIA,1450.0,PE,0.0,0.0,0.0,197.85,204.55,0,0.0,0
2014-11-10,2015-01-29,OPTSTK,BATAINDIA,1500.0,PE,0.0,0.0,0.0,237.25,246.7,0,0.0,0
2014-11-10,2015-01-29,OPTSTK,BATAINDIA,1550.0,PE,0.0,0.0,0.0,279.05,290.9,0,0.0,0
2014-11-10,2015-01-29,OPTSTK,BATAINDIA,1600.0,PE,0.0,0.0,0.0,322.6,336.65,0,0.0,0
2014-11-10,2015-01-29,OPTSTK,BATAINDIA,1650.0,PE,0.0,0.0,0.0,367.65,383.55,0,0.0,0
2014-11-10,2015-01-29,OPTSTK,BATAINDIA,1700.0,PE,0.0,0.0,0.0,413.75,431.15,0,0.0,0
2014-11-10,2014-11-27,OPTSTK,BHARATFORG,560.0,CE,0.0,0.0,0.0,244.05,327.25,0,0.0,0
2014-11-10,2014-11-27,OPTSTK,BHARATFORG,580.0,CE,0.0,0.0,0.0,224.8,307.3,0,0.0,0
2014-11-10,2014-11-27,OPTSTK,BHARATFORG,600.0,CE,0.0,0.0,0.0,205.85,287.4,0,0.0,0
2014-11-10,2014-11-27,OPTSTK,BHARATFORG,620.0,CE,0.0,0.0,0.0,187.2,267.5,0,0.0,0
2014-11-10,2014-11-27,OPTSTK,BHARATFORG,640.0,CE,0.0,0.0,0.0,169.05,247.55,0,0.0,0
2014-11-10,2014-11-27,OPTSTK,BHARATFORG,660.0,CE,0.0,0.0,0.0,151.45,227.7,0,0.0,0
2014-11-10,2014-11-27,OPTSTK,BHARATFORG,680.0,CE,0.0,0.0,0.0,134.6,207.9,0,0.0,0
2014-11-10,2014-11-27,OPTSTK,BHARATFORG,700.0,CE,0.0,0.0,0.0,150.0,188.2,0,0.0,1000
2014-11-10,2014-11-27,OPTSTK,BHARATFORG,720.0,CE,0.0,0.0,0.0,54.9,168.7,0,0.0,1000
2014-11-10,2014-11-27,OPTSTK,BHARATFORG,740.0,CE,0.0,0.0,0.0,47.05,149.6,0,0.0,1000
2014-11-10,2014-11-27,OPTSTK,BHARATFORG,760.0,CE,0.0,0.0,0.0,46.15,130.95,0,0.0,1000
2014-11-10,2014-11-27,OPTSTK,BHARATFORG,780.0,CE,66.35,99.9,61.6,92.85,92.85,22,47.19,25500
2014-11-10,2014-11-27,OPTSTK,BHARATFORG,800.0,CE,55.75,96.0,47.15,92.3,92.3,70,152.31,26000
2014-11-10,2014-11-27,OPTSTK,BHARATFORG,820.0,CE,47.0,75.8,36.0,73.95,73.95,179,390.88,41250
2014-11-10,2014-11-27,OPTSTK,BHARATFORG,840.0,CE,32.35,62.0,25.25,58.3,58.3,952,2090.18,54000
2014-11-10,2014-11-27,OPTSTK,BHARATFORG,860.0,CE,22.85,46.8,16.75,44.45,44.45,1988,4422.99,72750
2014-11-10,2014-11-27,OPTSTK,BHARATFORG,880.0,CE,16.0,34.9,11.35,32.9,32.9,1893,4279.35,66750
2014-11-10,2014-11-27,OPTSTK,BHARATFORG,900.0,CE,11.15,25.6,7.95,23.55,23.55,1888,4330.9,128250
2014-11-10,2014-11-27,OPTSTK,BHARATFORG,920.0,CE,8.0,17.95,6.0,16.05,16.05,416,970.31,29500
2014-11-10,2014-11-27,OPTSTK,BHARATFORG,940.0,CE,6.9,12.95,6.9,11.35,11.35,97,230.31,12250
2014-11-10,2014-11-27,OPTSTK,BHARATFORG,960.0,CE,5.5,8.8,4.5,7.9,7.9,27,65.24,4750
2014-11-10,2014-11-27,OPTSTK,BHARATFORG,980.0,CE,0.0,0.0,0.0,8.05,10.0,0,0.0,0
2014-11-10,2014-11-27,OPTSTK,BHARATFORG,1000.0,CE,0.0,0.0,0.0,6.3,7.1,0,0.0,0
2014-11-10,2014-11-27,OPTSTK,BHARATFORG,1020.0,CE,0.0,0.0,0.0,4.85,4.95,0,0.0,0
2014-11-10,2014-11-27,OPTSTK,BHARATFORG,1040.0,CE,0.0,0.0,0.0,3.75,3.4,0,0.0,0
2014-11-10,2014-11-27,OPTSTK,BHARATFORG,560.0,PE,0.0,0.0,0.0,0.45,0.0,0,0.0,0
2014-11-10,2014-11-27,OPTSTK,BHARATFORG,580.0,PE,0.0,0.0,0.0,0.8,0.0,0,0.0,0
2014-11-10,2014-11-27,OPTSTK,BHARATFORG,600.0,PE,0.0,0.0,0.0,1.4,0.0,0,0.0,0
2014-11-10,2014-11-27,OPTSTK,BHARATFORG,620.0,PE,0.0,0.0,0.0,2.35,0.05,0,0.0,0
2014-11-10,2014-11-27,OPTSTK,BHARATFORG,640.0,PE,0.0,0.0,0.0,9.0,0.05,0,0.0,0
2014-11-10,2014-11-27,OPTSTK,BHARATFORG,660.0,PE,0.0,0.0,0.0,5.7,0.1,0,0.0,0
2014-11-10,2014-11-27,OPTSTK,BHARATFORG,680.0,PE,0.0,0.0,0.0,8.45,0.2,0,0.0,0
2014-11-10,2014-11-27,OPTSTK,BHARATFORG,700.0,PE,1.0,1.0,1.0,1.0,1.0,1,1.75,10000
2014-11-10,2014-11-27,OPTSTK,BHARATFORG,720.0,PE,1.5,1.5,1.2,1.2,1.2,4,7.21,17000
2014-11-10,2014-11-27,OPTSTK,BHARATFORG,740.0,PE,1.0,2.25,1.0,2.25,2.25,5,9.26,10500
2014-11-10,2014-11-27,OPTSTK,BHARATFORG,760.0,PE,3.5,4.5,1.0,1.1,1.1,45,85.75,17250
2014-11-10,2014-11-27,OPTSTK,BHARATFORG,780.0,PE,7.8,9.4,1.65,2.0,2.0,99,194.06,34500
2014-11-10,2014-11-27,OPTSTK,BHARATFORG,800.0,PE,11.05,13.9,2.75,3.55,3.55,424,854.72,49250
2014-11-10,2014-11-27,OPTSTK,BHARATFORG,820.0,PE,15.6,19.4,5.0,5.45,5.45,359,745.12,43750
2014-11-10,2014-11-27,OPTSTK,BHARATFORG,840.0,PE,24.4,32.0,7.95,8.9,8.9,982,2102.16,66750
2014-11-10,2014-11-27,OPTSTK,BHARATFORG,860.0,PE,26.65,31.4,13.1,14.5,14.5,361,793.26,32750
2014-11-10,2014-11-27,OPTSTK,BHARATFORG,880.0,PE,53.3,54.05,20.3,22.05,22.05,203,459.54,19000
2014-11-10,2014-11-27,OPTSTK,BHARATFORG,900.0,PE,0.0,0.0,0.0,89.0,44.4,0,0.0,250
2014-11-10,2014-11-27,OPTSTK,BHARATFORG,920.0,PE,85.0,85.0,85.0,85.0,85.0,2,5.02,1000
2014-11-10,2014-11-27,OPTSTK,BHARATFORG,940.0,PE,0.0,0.0,0.0,141.4,70.1,0,0.0,0
2014-11-10,2014-11-27,OPTSTK,BHARATFORG,960.0,PE,0.0,0.0,0.0,158.2,85.1,0,0.0,0
2014-11-10,2014-11-27,OPTSTK,BHARATFORG,980.0,PE,0.0,0.0,0.0,175.55,101.15,0,0.0,0
2014-11-10,2014-11-27,OPTSTK,BHARATFORG,1000.0,PE,0.0,0.0,0.0,193.35,118.15,0,0.0,0
2014-11-10,2014-11-27,OPTSTK,BHARATFORG,1020.0,PE,0.0,0.0,0.0,211.5,135.9,0,0.0,0
2014-11-10,2014-11-27,OPTSTK,BHARATFORG,1040.0,PE,0.0,0.0,0.0,229.95,154.25,0,0.0,0
2014-11-10,2014-12-24,OPTSTK,BHARATFORG,560.0,CE,0.0,0.0,0.0,248.95,331.0,0,0.0,0
2014-11-10,2014-12-24,OPTSTK,BHARATFORG,580.0,CE,0.0,0.0,0.0,231.0,311.35,0,0.0,0
2014-11-10,2014-12-24,OPTSTK,BHARATFORG,600.0,CE,0.0,0.0,0.0,213.55,291.75,0,0.0,0
2014-11-10,2014-12-24,OPTSTK,BHARATFORG,620.0,CE,0.0,0.0,0.0,196.6,272.35,0,0.0,0
2014-11-10,2014-12-24,OPTSTK,BHARATFORG,640.0,CE,0.0,0.0,0.0,180.35,253.05,0,0.0,0
2014-11-10,2014-12-24,OPTSTK,BHARATFORG,660.0,CE,0.0,0.0,0.0,164.75,234.1,0,0.0,0
2014-11-10,2014-12-24,OPTSTK,BHARATFORG,680.0,CE,0.0,0.0,0.0,149.95,215.45,0,0.0,0
2014-11-10,2014-12-24,OPTSTK,BHARATFORG,700.0,CE,0.0,0.0,0.0,135.9,197.25,0,0.0,0
2014-11-10,2014-12-24,OPTSTK,BHARATFORG,720.0,CE,0.0,0.0,0.0,122.65,179.6,0,0.0,0
2014-11-10,2014-12-24,OPTSTK,BHARATFORG,740.0,CE,0.0,0.0,0.0,110.3,162.6,0,0.0,0
2014-11-10,2014-12-24,OPTSTK,BHARATFORG,760.0,CE,0.0,0.0,0.0,98.85,146.3,0,0.0,0
2014-11-10,2014-12-24,OPTSTK,BHARATFORG,780.0,CE,0.0,0.0,0.0,88.25,130.85,0,0.0,0
2014-11-10,2014-12-24,OPTSTK,BHARATFORG,800.0,CE,0.0,0.0,0.0,78.5,116.35,0,0.0,0
2014-11-10,2014-12-24,OPTSTK,BHARATFORG,820.0,CE,0.0,0.0,0.0,69.6,102.75,0,0.0,0
2014-11-10,2014-12-24,OPTSTK,BHARATFORG,840.0,CE,0.0,0.0,0.0,61.5,90.2,0,0.0,0
2014-11-10,2014-12-24,OPTSTK,BHARATFORG,860.0,CE,0.0,0.0,0.0,54.15,78.7,0,0.0,0
2014-11-10,2014-12-24,OPTSTK,BHARATFORG,880.0,CE,0.0,0.0,0.0,47.55,68.2,0,0.0,0
2014-11-10,2014-12-24,OPTSTK,BHARATFORG,900.0,CE,38.0,38.0,38.0,38.0,38.0,2,4.69,500
2014-11-10,2014-12-24,OPTSTK,BHARATFORG,920.0,CE,0.0,0.0,0.0,36.35,50.35,0,0.0,0
2014-11-10,2014-12-24,OPTSTK,BHARATFORG,940.0,CE,0.0,0.0,0.0,31.7,42.9,0,0.0,0
2014-11-10,2014-12-24,OPTSTK,BHARATFORG,960.0,CE,0.0,0.0,0.0,27.55,36.3,0,0.0,0
2014-11-10,2014-12-24,OPTSTK,BHARATFORG,980.0,CE,0.0,0.0,0.0,23.85,30.55,0,0.0,0
2014-11-10,2014-12-24,OPTSTK,BHARATFORG,1000.0,CE,0.0,0.0,0.0,20.6,25.65,0,0.0,0
2014-11-10,2014-12-24,OPTSTK,BHARATFORG,1020.0,CE,0.0,0.0,0.0,17.8,21.35,0,0.0,0
2014-11-10,2014-12-24,OPTSTK,BHARATFORG,1040.0,CE,0.0,0.0,0.0,15.3,17.7,0,0.0,0
2014-11-10,2014-12-24,OPTSTK,BHARATFORG,560.0,PE,0.0,0.0,0.0,3.7,0.15,0,0.0,0
2014-11-10,2014-12-24,OPTSTK,BHARATFORG,580.0,PE,0.0,0.0,0.0,5.3,0.3,0,0.0,0
2014-11-10,2014-12-24,OPTSTK,BHARATFORG,600.0,PE,0.0,0.0,0.0,7.4,0.5,0,0.0,0
2014-11-10,2014-12-24,OPTSTK,BHARATFORG,620.0,PE,0.0,0.0,0.0,10.05,0.85,0,0.0,0
2014-11-10,2014-12-24,OPTSTK,BHARATFORG,640.0,PE,0.0,0.0,0.0,13.3,1.35,0,0.0,0
2014-11-10,2014-12-24,OPTSTK,BHARATFORG,660.0,PE,0.0,0.0,0.0,17.3,2.2,0,0.0,0
2014-11-10,2014-12-24,OPTSTK,BHARATFORG,680.0,PE,0.0,0.0,0.0,22.05,3.35,0,0.0,0
2014-11-10,2014-12-24,OPTSTK,BHARATFORG,700.0,PE,0.0,0.0,0.0,27.55,4.9,0,0.0,0
2014-11-10,2014-12-24,OPTSTK,BHARATFORG,720.0,PE,0.0,0.0,0.0,33.9,7.05,0,0.0,0
2014-11-10,2014-12-24,OPTSTK,BHARATFORG,740.0,PE,0.0,0.0,0.0,41.1,9.85,0,0.0,0
2014-11-10,2014-12-24,OPTSTK,BHARATFORG,760.0,PE,0.0,0.0,0.0,49.2,13.35,0,0.0,0
2014-11-10,2014-12-24,OPTSTK,BHARATFORG,780.0,PE,0.0,0.0,0.0,58.2,17.7,0,0.0,0
2014-11-10,2014-12-24,OPTSTK,BHARATFORG,800.0,PE,0.0,0.0,0.0,68.0,22.95,0,0.0,0
2014-11-10,2014-12-24,OPTSTK,BHARATFORG,820.0,PE,0.0,0.0,0.0,78.65,29.15,0,0.0,0
2014-11-10,2014-12-24,OPTSTK,BHARATFORG,840.0,PE,0.0,0.0,0.0,90.15,36.4,0,0.0,0
2014-11-10,2014-12-24,OPTSTK,BHARATFORG,860.0,PE,0.0,0.0,0.0,102.35,44.7,0,0.0,0
2014-11-10,2014-12-24,OPTSTK,BHARATFORG,880.0,PE,0.0,0.0,0.0,115.35,54.0,0,0.0,0
2014-11-10,2014-12-24,OPTSTK,BHARATFORG,900.0,PE,0.0,0.0,0.0,128.95,64.35,0,0.0,0
2014-11-10,2014-12-24,OPTSTK,BHARATFORG,920.0,PE,0.0,0.0,0.0,143.25,75.7,0,0.0,0
2014-11-10,2014-12-24,OPTSTK,BHARATFORG,940.0,PE,0.0,0.0,0.0,158.15,88.05,0,0.0,0
2014-11-10,2014-12-24,OPTSTK,BHARATFORG,960.0,PE,0.0,0.0,0.0,173.55,101.25,0,0.0,0
2014-11-10,2014-12-24,OPTSTK,BHARATFORG,980.0,PE,0.0,0.0,0.0,189.45,115.3,0,0.0,0
2014-11-10,2014-12-24,OPTSTK,BHARATFORG,1000.0,PE,0.0,0.0,0.0,205.75,130.15,0,0.0,0
2014-11-10,2014-12-24,OPTSTK,BHARATFORG,1020.0,PE,0.0,0.0,0.0,222.5,145.65,0,0.0,0
2014-11-10,2014-12-24,OPTSTK,BHARATFORG,1040.0,PE,0.0,0.0,0.0,239.55,161.8,0,0.0,0
2014-11-10,2015-01-29,OPTSTK,BHARATFORG,560.0,CE,0.0,0.0,0.0,256.1,336.9,0,0.0,0
2014-11-10,2015-01-29,OPTSTK,BHARATFORG,580.0,CE,0.0,0.0,0.0,237.8,317.95,0,0.0,0
2014-11-10,2015-01-29,OPTSTK,BHARATFORG,600.0,CE,0.0,0.0,0.0,219.95,299.2,0,0.0,0
2014-11-10,2015-01-29,OPTSTK,BHARATFORG,620.0,CE,0.0,0.0,0.0,202.6,280.8,0,0.0,0
2014-11-10,2015-01-29,OPTSTK,BHARATFORG,640.0,CE,0.0,0.0,0.0,185.8,262.7,0,0.0,0
2014-11-10,2015-01-29,OPTSTK,BHARATFORG,660.0,CE,0.0,0.0,0.0,169.7,245.05,0,0.0,0
2014-11-10,2015-01-29,OPTSTK,BHARATFORG,680.0,CE,0.0,0.0,0.0,154.3,227.9,0,0.0,0
2014-11-10,2015-01-29,OPTSTK,BHARATFORG,700.0,CE,0.0,0.0,0.0,139.75,211.25,0,0.0,0
2014-11-10,2015-01-29,OPTSTK,BHARATFORG,720.0,CE,0.0,0.0,0.0,126.0,195.25,0,0.0,0
2014-11-10,2015-01-29,OPTSTK,BHARATFORG,740.0,CE,0.0,0.0,0.0,113.05,179.85,0,0.0,0
2014-11-10,2015-01-29,OPTSTK,BHARATFORG,760.0,CE,0.0,0.0,0.0,101.1,165.2,0,0.0,0
2014-11-10,2015-01-29,OPTSTK,BHARATFORG,780.0,CE,0.0,0.0,0.0,90.0,151.25,0,0.0,0
2014-11-10,2015-01-29,OPTSTK,BHARATFORG,800.0,CE,0.0,0.0,0.0,79.8,138.0,0,0.0,0
2014-11-10,2015-01-29,OPTSTK,BHARATFORG,820.0,CE,0.0,0.0,0.0,70.5,125.55,0,0.0,0
2014-11-10,2015-01-29,OPTSTK,BHARATFORG,840.0,CE,0.0,0.0,0.0,62.05,113.9,0,0.0,0
2014-11-10,2015-01-29,OPTSTK,BHARATFORG,860.0,CE,0.0,0.0,0.0,54.4,103.0,0,0.0,0
2014-11-10,2015-01-29,OPTSTK,BHARATFORG,880.0,CE,0.0,0.0,0.0,47.5,92.9,0,0.0,0
2014-11-10,2015-01-29,OPTSTK,BHARATFORG,900.0,CE,0.0,0.0,0.0,41.4,83.55,0,0.0,0
2014-11-10,2015-01-29,OPTSTK,BHARATFORG,920.0,CE,0.0,0.0,0.0,35.9,74.95,0,0.0,0
2014-11-10,2015-01-29,OPTSTK,BHARATFORG,940.0,CE,0.0,0.0,0.0,31.1,67.05,0,0.0,0
2014-11-10,2015-01-29,OPTSTK,BHARATFORG,960.0,CE,0.0,0.0,0.0,26.85,59.85,0,0.0,0
2014-11-10,2015-01-29,OPTSTK,BHARATFORG,980.0,CE,0.0,0.0,0.0,23.1,53.25,0,0.0,0
2014-11-10,2015-01-29,OPTSTK,BHARATFORG,1000.0,CE,0.0,0.0,0.0,19.8,47.3,0,0.0,0
2014-11-10,2015-01-29,OPTSTK,BHARATFORG,1020.0,CE,0.0,0.0,0.0,16.95,41.9,0,0.0,0
2014-11-10,2015-01-29,OPTSTK,BHARATFORG,1040.0,CE,0.0,0.0,0.0,14.45,37.1,0,0.0,0
2014-11-10,2015-01-29,OPTSTK,BHARATFORG,560.0,PE,0.0,0.0,0.0,2.65,1.3,0,0.0,0
2014-11-10,2015-01-29,OPTSTK,BHARATFORG,580.0,PE,0.0,0.0,0.0,3.9,1.95,0,0.0,0
2014-11-10,2015-01-29,OPTSTK,BHARATFORG,600.0,PE,0.0,0.0,0.0,5.6,2.85,0,0.0,0
2014-11-10,2015-01-29,OPTSTK,BHARATFORG,620.0,PE,0.0,0.0,0.0,7.8,4.05,0,0.0,0
2014-11-10,2015-01-29,OPTSTK,BHARATFORG,640.0,PE,0.0,0.0,0.0,10.6,5.6,0,0.0,0
2014-11-10,2015-01-29,OPTSTK,BHARATFORG,660.0,PE,0.0,0.0,0.0,14.05,7.55,0,0.0,0
2014-11-10,2015-01-29,OPTSTK,BHARATFORG,680.0,PE,0.0,0.0,0.0,18.25,10.0,0,0.0,0
2014-11-10,2015-01-29,OPTSTK,BHARATFORG,700.0,PE,0.0,0.0,0.0,23.25,13.0,0,0.0,0
2014-11-10,2015-01-29,OPTSTK,BHARATFORG,720.0,PE,0.0,0.0,0.0,29.05,16.6,0,0.0,0
2014-11-10,2015-01-29,OPTSTK,BHARATFORG,740.0,PE,0.0,0.0,0.0,35.7,20.85,0,0.0,0
2014-11-10,2015-01-29,OPTSTK,BHARATFORG,760.0,PE,0.0,0.0,0.0,43.3,25.8,0,0.0,0
2014-11-10,2015-01-29,OPTSTK,BHARATFORG,780.0,PE,0.0,0.0,0.0,51.75,31.45,0,0.0,0
2014-11-10,2015-01-29,OPTSTK,BHARATFORG,800.0,PE,0.0,0.0,0.0,61.15,37.8,0,0.0,0
2014-11-10,2015-01-29,OPTSTK,BHARATFORG,820.0,PE,0.0,0.0,0.0,71.4,45.0,0,0.0,0
2014-11-10,2015-01-29,OPTSTK,BHARATFORG,840.0,PE,0.0,0.0,0.0,82.5,52.95,0,0.0,0
2014-11-10,2015-01-29,OPTSTK,BHARATFORG,860.0,PE,0.0,0.0,0.0,94.45,61.7,0,0.0,0
2014-11-10,2015-01-29,OPTSTK,BHARATFORG,880.0,PE,0.0,0.0,0.0,107.15,71.25,0,0.0,0
2014-11-10,2015-01-29,OPTSTK,BHARATFORG,900.0,PE,0.0,0.0,0.0,120.55,81.5,0,0.0,0
2014-11-10,2015-01-29,OPTSTK,BHARATFORG,920.0,PE,0.0,0.0,0.0,134.65,92.5,0,0.0,0
2014-11-10,2015-01-29,OPTSTK,BHARATFORG,940.0,PE,0.0,0.0,0.0,149.45,104.25,0,0.0,0
2014-11-10,2015-01-29,OPTSTK,BHARATFORG,960.0,PE,0.0,0.0,0.0,164.75,116.65,0,0.0,0
2014-11-10,2015-01-29,OPTSTK,BHARATFORG,980.0,PE,0.0,0.0,0.0,180.55,129.7,0,0.0,0
2014-11-10,2015-01-29,OPTSTK,BHARATFORG,1000.0,PE,0.0,0.0,0.0,196.85,143.35,0,0.0,0
2014-11-10,2015-01-29,OPTSTK,BHARATFORG,1020.0,PE,0.0,0.0,0.0,213.55,157.6,0,0.0,0
2014-11-10,2015-01-29,OPTSTK,BHARATFORG,1040.0,PE,0.0,0.0,0.0,230.65,172.4,0,0.0,0
2014-11-10,2014-11-27,OPTSTK,BHARTIARTL,240.0,CE,0.0,0.0,0.0,134.9,152.2,0,0.0,0
2014-11-10,2014-11-27,OPTSTK,BHARTIARTL,250.0,CE,0.0,0.0,0.0,125.15,142.25,0,0.0,0
2014-11-10,2014-11-27,OPTSTK,BHARTIARTL,260.0,CE,0.0,0.0,0.0,115.4,132.3,0,0.0,0
2014-11-10,2014-11-27,OPTSTK,BHARTIARTL,270.0,CE,0.0,0.0,0.0,105.65,122.35,0,0.0,0
2014-11-10,2014-11-27,OPTSTK,BHARTIARTL,280.0,CE,0.0,0.0,0.0,96.0,112.4,0,0.0,0
2014-11-10,2014-11-27,OPTSTK,BHARTIARTL,290.0,CE,0.0,0.0,0.0,86.4,102.4,0,0.0,0
2014-11-10,2014-11-27,OPTSTK,BHARTIARTL,300.0,CE,0.0,0.0,0.0,77.0,92.45,0,0.0,0
2014-11-10,2014-11-27,OPTSTK,BHARTIARTL,310.0,CE,0.0,0.0,0.0,67.9,82.5,0,0.0,0
2014-11-10,2014-11-27,OPTSTK,BHARTIARTL,320.0,CE,0.0,0.0,0.0,59.1,72.55,0,0.0,0
2014-11-10,2014-11-27,OPTSTK,BHARTIARTL,330.0,CE,60.85,60.9,60.85,60.9,60.9,6,11.72,3000
2014-11-10,2014-11-27,OPTSTK,BHARTIARTL,340.0,CE,0.0,0.0,0.0,43.0,52.7,0,0.0,0
2014-11-10,2014-11-27,OPTSTK,BHARTIARTL,350.0,CE,0.0,0.0,0.0,56.5,42.9,0,0.0,1000
2014-11-10,2014-11-27,OPTSTK,BHARTIARTL,360.0,CE,0.0,0.0,0.0,31.15,33.5,0,0.0,11500
2014-11-10,2014-11-27,OPTSTK,BHARTIARTL,370.0,CE,25.3,25.8,25.3,25.5,25.5,16,31.64,24000
2014-11-10,2014-11-27,OPTSTK,BHARTIARTL,380.0,CE,18.75,20.2,14.75,17.7,17.7,101,200.71,70500
2014-11-10,2014-11-27,OPTSTK,BHARTIARTL,390.0,CE,13.0,13.8,9.5,11.35,11.35,620,1244.71,181000
2014-11-10,2014-11-27,OPTSTK,BHARTIARTL,400.0,CE,7.75,9.2,5.85,7.25,7.25,1331,2711.14,1066500
2014-11-10,2014-11-27,OPTSTK,BHARTIARTL,410.0,CE,5.1,5.6,3.6,4.35,4.35,882,1826.71,896500
2014-11-10,2014-11-27,OPTSTK,BHARTIARTL,420.0,CE,3.0,3.35,2.2,2.6,2.6,474,1001.7,761500
2014-11-10,2014-11-27,OPTSTK,BHARTIARTL,430.0,CE,1.8,2.0,1.3,1.5,1.5,161,347.39,266000
2014-11-10,2014-11-27,OPTSTK,BHARTIARTL,440.0,CE,0.85,1.1,0.75,0.95,0.95,65,143.28,182000
2014-11-10,2014-11-27,OPTSTK,BHARTIARTL,450.0,CE,0.65,0.7,0.5,0.7,0.7,16,36.05,87000
2014-11-10,2014-11-27,OPTSTK,BHARTIARTL,460.0,CE,0.5,0.5,0.5,0.5,0.5,1,2.3,10000
2014-11-10,2014-11-27,OPTSTK,BHARTIARTL,470.0,CE,0.0,0.0,0.0,1.3,0.05,0,0.0,0
2014-11-10,2014-11-27,OPTSTK,BHARTIARTL,480.0,CE,0.0,0.0,0.0,0.9,0.0,0,0.0,0
2014-11-10,2014-11-27,OPTSTK,BHARTIARTL,490.0,CE,0.0,0.0,0.0,0.65,0.0,0,0.0,0
2014-11-10,2014-11-27,OPTSTK,BHARTIARTL,500.0,CE,0.0,0.0,0.0,1.0,0.0,0,0.0,1000
2014-11-10,2014-11-27,OPTSTK,BHARTIARTL,240.0,PE,0.0,0.0,0.0,0.05,0.0,0,0.0,0
2014-11-10,2014-11-27,OPTSTK,BHARTIARTL,250.0,PE,0.0,0.0,0.0,0.05,0.0,0,0.0,0
2014-11-10,2014-11-27,OPTSTK,BHARTIARTL,260.0,PE,0.0,0.0,0.0,0.05,0.0,0,0.0,0
2014-11-10,2014-11-27,OPTSTK,BHARTIARTL,270.0,PE,0.0,0.0,0.0,0.1,0.0,0,0.0,0
2014-11-10,2014-11-27,OPTSTK,BHARTIARTL,280.0,PE,0.0,0.0,0.0,0.25,0.0,0,0.0,0
2014-11-10,2014-11-27,OPTSTK,BHARTIARTL,290.0,PE,0.0,0.0,0.0,0.45,0.0,0,0.0,0
2014-11-10,2014-11-27,OPTSTK,BHARTIARTL,300.0,PE,0.0,0.0,0.0,0.85,0.0,0,0.0,0
2014-11-10,2014-11-27,OPTSTK,BHARTIARTL,310.0,PE,0.0,0.0,0.0,1.5,0.0,0,0.0,0
2014-11-10,2014-11-27,OPTSTK,BHARTIARTL,320.0,PE,0.0,0.0,0.0,2.5,0.0,0,0.0,0
2014-11-10,2014-11-27,OPTSTK,BHARTIARTL,330.0,PE,2.75,2.75,0.3,0.3,0.3,24,39.81,7500
2014-11-10,2014-11-27,OPTSTK,BHARTIARTL,340.0,PE,0.0,0.0,0.0,0.65,0.1,0,0.0,500
2014-11-10,2014-11-27,OPTSTK,BHARTIARTL,350.0,PE,0.9,0.9,0.9,0.9,0.9,1,1.75,25000
2014-11-10,2014-11-27,OPTSTK,BHARTIARTL,360.0,PE,1.65,1.95,1.05,1.3,1.3,67,121.1,123500
2014-11-10,2014-11-27,OPTSTK,BHARTIARTL,370.0,PE,2.55,3.9,2.15,2.75,2.75,202,376.79,186500
2014-11-10,2014-11-27,OPTSTK,BHARTIARTL,380.0,PE,5.45,7.0,4.0,5.1,5.1,269,518.56,211500
2014-11-10,2014-11-27,OPTSTK,BHARTIARTL,390.0,PE,9.2,11.7,7.6,8.85,8.85,197,393.4,174500
2014-11-10,2014-11-27,OPTSTK,BHARTIARTL,400.0,PE,15.0,18.0,12.5,14.5,14.5,91,188.81,189500
2014-11-10,2014-11-27,OPTSTK,BHARTIARTL,410.0,PE,22.9,24.35,22.45,24.35,24.35,4,8.66,44500
2014-11-10,2014-11-27,OPTSTK,BHARTIARTL,420.0,PE,28.4,31.4,28.4,31.4,31.4,3,6.74,26000
2014-11-10,2014-11-27,OPTSTK,BHARTIARTL,430.0,PE,39.9,40.0,39.9,40.0,40.0,2,4.69,5000
2014-11-10,2014-11-27,OPTSTK,BHARTIARTL,440.0,PE,51.9,51.9,51.9,51.9,51.9,1,2.45,500
2014-11-10,2014-11-27,OPTSTK,BHARTIARTL,450.0,PE,0.0,0.0,0.0,73.2,57.1,0,0.0,0
2014-11-10,2014-11-27,OPTSTK,BHARTIARTL,460.0,PE,0.0,0.0,0.0,82.25,67.0,0,0.0,0
2014-11-10,2014-11-27,OPTSTK,BHARTIARTL,470.0,PE,0.0,0.0,0.0,91.5,76.95,0,0.0,0
2014-11-10,2014-11-27,OPTSTK,BHARTIARTL,480.0,PE,0.0,0.0,0.0,100.9,86.9,0,0.0,0
2014-11-10,2014-11-27,OPTSTK,BHARTIARTL,490.0,PE,0.0,0.0,0.0,110.4,96.85,0,0.0,0
2014-11-10,2014-11-27,OPTSTK,BHARTIARTL,500.0,PE,0.0,0.0,0.0,120.0,106.8,0,0.0,0
2014-11-10,2014-12-24,OPTSTK,BHARTIARTL,240.0,CE,0.0,0.0,0.0,171.5,153.8,0,0.0,0
2014-11-10,2014-12-24,OPTSTK,BHARTIARTL,250.0,CE,0.0,0.0,0.0,161.7,143.9,0,0.0,0
2014-11-10,2014-12-24,OPTSTK,BHARTIARTL,260.0,CE,0.0,0.0,0.0,151.95,134.0,0,0.0,0
2014-11-10,2014-12-24,OPTSTK,BHARTIARTL,270.0,CE,0.0,0.0,0.0,142.15,124.1,0,0.0,0
2014-11-10,2014-12-24,OPTSTK,BHARTIARTL,280.0,CE,0.0,0.0,0.0,132.4,114.2,0,0.0,0
2014-11-10,2014-12-24,OPTSTK,BHARTIARTL,290.0,CE,0.0,0.0,0.0,122.6,104.3,0,0.0,0
2014-11-10,2014-12-24,OPTSTK,BHARTIARTL,300.0,CE,0.0,0.0,0.0,112.9,94.45,0,0.0,0
2014-11-10,2014-12-24,OPTSTK,BHARTIARTL,310.0,CE,0.0,0.0,0.0,103.2,84.6,0,0.0,0
2014-11-10,2014-12-24,OPTSTK,BHARTIARTL,320.0,CE,0.0,0.0,0.0,93.6,74.8,0,0.0,0
2014-11-10,2014-12-24,OPTSTK,BHARTIARTL,330.0,CE,0.0,0.0,0.0,84.1,65.2,0,0.0,0
2014-11-10,2014-12-24,OPTSTK,BHARTIARTL,340.0,CE,0.0,0.0,0.0,74.85,55.85,0,0.0,0
2014-11-10,2014-12-24,OPTSTK,BHARTIARTL,350.0,CE,0.0,0.0,0.0,65.9,46.85,0,0.0,0
2014-11-10,2014-12-24,OPTSTK,BHARTIARTL,360.0,CE,0.0,0.0,0.0,57.3,38.45,0,0.0,0
2014-11-10,2014-12-24,OPTSTK,BHARTIARTL,370.0,CE,0.0,0.0,0.0,49.2,30.8,0,0.0,0
2014-11-10,2014-12-24,OPTSTK,BHARTIARTL,380.0,CE,0.0,0.0,0.0,41.7,24.0,0,0.0,0
2014-11-10,2014-12-24,OPTSTK,BHARTIARTL,390.0,CE,0.0,0.0,0.0,14.65,18.2,0,0.0,2500
2014-11-10,2014-12-24,OPTSTK,BHARTIARTL,400.0,CE,11.0,14.65,11.0,13.0,13.0,14,28.86,72500
2014-11-10,2014-12-24,OPTSTK,BHARTIARTL,410.0,CE,0.0,0.0,0.0,8.65,9.55,0,0.0,5000
2014-11-10,2014-12-24,OPTSTK,BHARTIARTL,420.0,CE,5.25,7.95,5.25,7.95,7.95,13,27.66,37500
2014-11-10,2014-12-24,OPTSTK,BHARTIARTL,430.0,CE,5.0,5.0,5.0,5.0,5.0,1,2.17,500
2014-11-10,2014-12-24,OPTSTK,BHARTIARTL,440.0,CE,0.0,0.0,0.0,11.35,2.95,0,0.0,0
2014-11-10,2014-12-24,OPTSTK,BHARTIARTL,450.0,CE,0.0,0.0,0.0,8.7,1.9,0,0.0,0
2014-11-10,2014-12-24,OPTSTK,BHARTIARTL,460.0,CE,0.0,0.0,0.0,6.55,1.15,0,0.0,0
2014-11-10,2014-12-24,OPTSTK,BHARTIARTL,470.0,CE,0.0,0.0,0.0,4.9,0.7,0,0.0,0
2014-11-10,2014-12-24,OPTSTK,BHARTIARTL,480.0,CE,0.0,0.0,0.0,3.6,0.45,0,0.0,0
2014-11-10,2014-12-24,OPTSTK,BHARTIARTL,490.0,CE,0.0,0.0,0.0,2.6,0.25,0,0.0,0
2014-11-10,2014-12-24,OPTSTK,BHARTIARTL,500.0,CE,0.0,0.0,0.0,1.85,0.15,0,0.0,0
2014-11-10,2014-12-24,OPTSTK,BHARTIARTL,240.0,PE,0.0,0.0,0.0,0.05,0.0,0,0.0,0
2014-11-10,2014-12-24,OPTSTK,BHARTIARTL,250.0,PE,0.0,0.0,0.0,0.05,0.0,0,0.0,0
2014-11-10,2014-12-24,OPTSTK,BHARTIARTL,260.0,PE,0.0,0.0,0.0,0.05,0.0,0,0.0,0
2014-11-10,2014-12-24,OPTSTK,BHARTIARTL,270.0,PE,0.0,0.0,0.0,0.05,0.0,0,0.0,0
2014-11-10,2014-12-24,OPTSTK,BHARTIARTL,280.0,PE,0.0,0.0,0.0,0.05,0.0,0,0.0,0
2014-11-10,2014-12-24,OPTSTK,BHARTIARTL,290.0,PE,0.0,0.0,0.0,0.05,0.05,0,0.0,0
2014-11-10,2014-12-24,OPTSTK,BHARTIARTL,300.0,PE,0.0,0.0,0.0,0.1,0.05,0,0.0,0
2014-11-10,2014-12-24,OPTSTK,BHARTIARTL,310.0,PE,0.0,0.0,0.0,0.2,0.1,0,0.0,0
2014-11-10,2014-12-24,OPTSTK,BHARTIARTL,320.0,PE,0.0,0.0,0.0,0.35,0.2,0,0.0,0
2014-11-10,2014-12-24,OPTSTK,BHARTIARTL,330.0,PE,0.0,0.0,0.0,0.7,0.5,0,0.0,0
2014-11-10,2014-12-24,OPTSTK,BHARTIARTL,340.0,PE,0.0,0.0,0.0,1.2,1.0,0,0.0,0
2014-11-10,2014-12-24,OPTSTK,BHARTIARTL,350.0,PE,0.0,0.0,0.0,2.0,1.95,0,0.0,0
2014-11-10,2014-12-24,OPTSTK,BHARTIARTL,360.0,PE,4.0,4.0,4.0,4.0,4.0,1,1.82,47000
2014-11-10,2014-12-24,OPTSTK,BHARTIARTL,370.0,PE,0.0,0.0,0.0,4.9,5.65,0,0.0,0
2014-11-10,2014-12-24,OPTSTK,BHARTIARTL,380.0,PE,10.75,10.75,10.75,10.75,10.75,1,1.95,39500
2014-11-10,2014-12-24,OPTSTK,BHARTIARTL,390.0,PE,0.0,0.0,0.0,12.75,12.85,0,0.0,22500
2014-11-10,2014-12-24,OPTSTK,BHARTIARTL,400.0,PE,0.0,0.0,0.0,13.7,17.95,0,0.0,0
2014-11-10,2014-12-24,OPTSTK,BHARTIARTL,410.0,PE,0.0,0.0,0.0,18.05,24.05,0,0.0,0
2014-11-10,2014-12-24,OPTSTK,BHARTIARTL,420.0,PE,0.0,0.0,0.0,23.15,31.0,0,0.0,0
2014-11-10,2014-12-24,OPTSTK,BHARTIARTL,430.0,PE,0.0,0.0,0.0,29.0,38.75,0,0.0,0
2014-11-10,2014-12-24,OPTSTK,BHARTIARTL,440.0,PE,0.0,0.0,0.0,35.5,47.1,0,0.0,0
2014-11-10,2014-12-24,OPTSTK,BHARTIARTL,450.0,PE,0.0,0.0,0.0,42.65,55.9,0,0.0,0
2014-11-10,2014-12-24,OPTSTK,BHARTIARTL,460.0,PE,0.0,0.0,0.0,50.3,65.1,0,0.0,0
2014-11-10,2014-12-24,OPTSTK,BHARTIARTL,470.0,PE,0.0,0.0,0.0,58.4,74.55,0,0.0,0
2014-11-10,2014-12-24,OPTSTK,BHARTIARTL,480.0,PE,0.0,0.0,0.0,66.9,84.15,0,0.0,0
2014-11-10,2014-12-24,OPTSTK,BHARTIARTL,490.0,PE,0.0,0.0,0.0,75.65,93.85,0,0.0,0
2014-11-10,2014-12-24,OPTSTK,BHARTIARTL,500.0,PE,0.0,0.0,0.0,84.7,103.65,0,0.0,0
2014-11-10,2015-01-29,OPTSTK,BHARTIARTL,240.0,CE,0.0,0.0,0.0,172.7,155.8,0,0.0,0
2014-11-10,2015-01-29,OPTSTK,BHARTIARTL,250.0,CE,0.0,0.0,0.0,162.9,146.0,0,0.0,0
2014-11-10,2015-01-29,OPTSTK,BHARTIARTL,260.0,CE,0.0,0.0,0.0,153.15,136.2,0,0.0,0
2014-11-10,2015-01-29,OPTSTK,BHARTIARTL,270.0,CE,0.0,0.0,0.0,143.35,126.4,0,0.0,0
2014-11-10,2015-01-29,OPTSTK,BHARTIARTL,280.0,CE,0.0,0.0,0.0,133.6,116.65,0,0.0,0
2014-11-10,2015-01-29,OPTSTK,BHARTIARTL,290.0,CE,0.0,0.0,0.0,123.8,106.9,0,0.0,0
2014-11-10,2015-01-29,OPTSTK,BHARTIARTL,300.0,CE,0.0,0.0,0.0,114.1,97.2,0,0.0,0
2014-11-10,2015-01-29,OPTSTK,BHARTIARTL,310.0,CE,0.0,0.0,0.0,104.4,87.65,0,0.0,0
2014-11-10,2015-01-29,OPTSTK,BHARTIARTL,320.0,CE,0.0,0.0,0.0,94.8,78.3,0,0.0,0
2014-11-10,2015-01-29,OPTSTK,BHARTIARTL,330.0,CE,0.0,0.0,0.0,85.4,69.2,0,0.0,0
2014-11-10,2015-01-29,OPTSTK,BHARTIARTL,340.0,CE,0.0,0.0,0.0,76.15,60.45,0,0.0,0
2014-11-10,2015-01-29,OPTSTK,BHARTIARTL,350.0,CE,0.0,0.0,0.0,67.2,52.15,0,0.0,0
2014-11-10,2015-01-29,OPTSTK,BHARTIARTL,360.0,CE,0.0,0.0,0.0,58.65,44.4,0,0.0,0
2014-11-10,2015-01-29,OPTSTK,BHARTIARTL,370.0,CE,0.0,0.0,0.0,50.6,37.3,0,0.0,0
2014-11-10,2015-01-29,OPTSTK,BHARTIARTL,380.0,CE,0.0,0.0,0.0,43.1,30.9,0,0.0,0
2014-11-10,2015-01-29,OPTSTK,BHARTIARTL,390.0,CE,0.0,0.0,0.0,36.2,25.2,0,0.0,0
2014-11-10,2015-01-29,OPTSTK,BHARTIARTL,400.0,CE,0.0,0.0,0.0,30.05,20.3,0,0.0,0
2014-11-10,2015-01-29,OPTSTK,BHARTIARTL,410.0,CE,0.0,0.0,0.0,24.55,16.1,0,0.0,0
2014-11-10,2015-01-29,OPTSTK,BHARTIARTL,420.0,CE,0.0,0.0,0.0,19.8,12.6,0,0.0,0
2014-11-10,2015-01-29,OPTSTK,BHARTIARTL,430.0,CE,9.1,9.1,9.1,9.1,9.1,4,8.78,123000
2014-11-10,2015-01-29,OPTSTK,BHARTIARTL,440.0,CE,0.0,0.0,0.0,12.4,7.4,0,0.0,0
2014-11-10,2015-01-29,OPTSTK,BHARTIARTL,450.0,CE,0.0,0.0,0.0,9.6,5.55,0,0.0,0
2014-11-10,2015-01-29,OPTSTK,BHARTIARTL,460.0,CE,0.0,0.0,0.0,7.35,4.1,0,0.0,0
2014-11-10,2015-01-29,OPTSTK,BHARTIARTL,470.0,CE,0.0,0.0,0.0,5.55,3.0,0,0.0,0
2014-11-10,2015-01-29,OPTSTK,BHARTIARTL,480.0,CE,0.0,0.0,0.0,4.15,2.2,0,0.0,0
2014-11-10,2015-01-29,OPTSTK,BHARTIARTL,490.0,CE,0.0,0.0,0.0,3.05,1.55,0,0.0,0
2014-11-10,2015-01-29,OPTSTK,BHARTIARTL,500.0,CE,0.0,0.0,0.0,2.25,1.1,0,0.0,0
2014-11-10,2015-01-29,OPTSTK,BHARTIARTL,240.0,PE,0.0,0.0,0.0,0.05,0.0,0,0.0,0
2014-11-10,2015-01-29,OPTSTK,BHARTIARTL,250.0,PE,0.0,0.0,0.0,0.05,0.0,0,0.0,0
2014-11-10,2015-01-29,OPTSTK,BHARTIARTL,260.0,PE,0.0,0.0,0.0,0.05,0.05,0,0.0,0
2014-11-10,2015-01-29,OPTSTK,BHARTIARTL,270.0,PE,0.0,0.0,0.0,0.05,0.05,0,0.0,0
2014-11-10,2015-01-29,OPTSTK,BHARTIARTL,280.0,PE,0.0,0.0,0.0,0.05,0.05,0,0.0,0
2014-11-10,2015-01-29,OPTSTK,BHARTIARTL,290.0,PE,0.0,0.0,0.0,0.05,0.15,0,0.0,0
2014-11-10,2015-01-29,OPTSTK,BHARTIARTL,300.0,PE,0.0,0.0,0.0,0.1,0.3,0,0.0,0
2014-11-10,2015-01-29,OPTSTK,BHARTIARTL,310.0,PE,0.0,0.0,0.0,0.2,0.55,0,0.0,0
2014-11-10,2015-01-29,OPTSTK,BHARTIARTL,320.0,PE,0.0,0.0,0.0,0.4,1.0,0,0.0,0
2014-11-10,2015-01-29,OPTSTK,BHARTIARTL,330.0,PE,0.0,0.0,0.0,0.75,1.7,0,0.0,0
2014-11-10,2015-01-29,OPTSTK,BHARTIARTL,340.0,PE,0.0,0.0,0.0,1.3,2.75,0,0.0,0
2014-11-10,2015-01-29,OPTSTK,BHARTIARTL,350.0,PE,0.0,0.0,0.0,2.15,4.3,0,0.0,0
2014-11-10,2015-01-29,OPTSTK,BHARTIARTL,360.0,PE,0.0,0.0,0.0,3.4,6.35,0,0.0,0
2014-11-10,2015-01-29,OPTSTK,BHARTIARTL,370.0,PE,0.0,0.0,0.0,5.1,9.05,0,0.0,0
2014-11-10,2015-01-29,OPTSTK,BHARTIARTL,380.0,PE,0.0,0.0,0.0,7.4,12.45,0,0.0,0
2014-11-10,2015-01-29,OPTSTK,BHARTIARTL,390.0,PE,0.0,0.0,0.0,10.3,16.6,0,0.0,0
2014-11-10,2015-01-29,OPTSTK,BHARTIARTL,400.0,PE,0.0,0.0,0.0,13.9,21.45,0,0.0,0
2014-11-10,2015-01-29,OPTSTK,BHARTIARTL,410.0,PE,0.0,0.0,0.0,18.2,27.1,0,0.0,0
2014-11-10,2015-01-29,OPTSTK,BHARTIARTL,420.0,PE,0.0,0.0,0.0,23.25,33.4,0,0.0,0
2014-11-10,2015-01-29,OPTSTK,BHARTIARTL,430.0,PE,0.0,0.0,0.0,29.0,40.3,0,0.0,0
2014-11-10,2015-01-29,OPTSTK,BHARTIARTL,440.0,PE,0.0,0.0,0.0,35.4,47.8,0,0.0,0
2014-11-10,2015-01-29,OPTSTK,BHARTIARTL,450.0,PE,0.0,0.0,0.0,42.4,55.75,0,0.0,0
2014-11-10,2015-01-29,OPTSTK,BHARTIARTL,460.0,PE,0.0,0.0,0.0,49.95,64.15,0,0.0,0
2014-11-10,2015-01-29,OPTSTK,BHARTIARTL,470.0,PE,0.0,0.0,0.0,57.9,72.85,0,0.0,0
2014-11-10,2015-01-29,OPTSTK,BHARTIARTL,480.0,PE,0.0,0.0,0.0,66.3,81.85,0,0.0,0
2014-11-10,2015-01-29,OPTSTK,BHARTIARTL,490.0,PE,0.0,0.0,0.0,75.0,91.05,0,0.0,0
2014-11-10,2015-01-29,OPTSTK,BHARTIARTL,500.0,PE,0.0,0.0,0.0,83.95,100.4,0,0.0,0
2014-11-10,2014-11-27,OPTSTK,BHEL,150.0,CE,0.0,0.0,0.0,94.65,101.5,0,0.0,0
2014-11-10,2014-11-27,OPTSTK,BHEL,160.0,CE,0.0,0.0,0.0,85.35,91.55,0,0.0,0
2014-11-10,2014-11-27,OPTSTK,BHEL,170.0,CE,0.0,0.0,0.0,76.0,81.6,0,0.0,2000
2014-11-10,2014-11-27,OPTSTK,BHEL,180.0,CE,0.0,0.0,0.0,61.85,71.65,0,0.0,4000
2014-11-10,2014-11-27,OPTSTK,BHEL,190.0,CE,0.0,0.0,0.0,59.55,61.7,0,0.0,0
2014-11-10,2014-11-27,OPTSTK,BHEL,200.0,CE,0.0,0.0,0.0,49.5,51.8,0,0.0,8000
2014-11-10,2014-11-27,OPTSTK,BHEL,210.0,CE,0.0,0.0,0.0,25.5,42.15,0,0.0,2000
2014-11-10,2014-11-27,OPTSTK,BHEL,220.0,CE,29.65,29.65,29.65,29.65,29.65,1,2.49,40000
2014-11-10,2014-11-27,OPTSTK,BHEL,230.0,CE,21.8,24.65,18.0,19.5,19.5,19,47.85,68000
2014-11-10,2014-11-27,OPTSTK,BHEL,240.0,CE,13.9,16.55,13.5,14.1,14.1,32,81.46,106000
2014-11-10,2014-11-27,OPTSTK,BHEL,250.0,CE,8.7,11.0,7.75,8.75,8.75,684,1775.72,542000
2014-11-10,2014-11-27,OPTSTK,BHEL,260.0,CE,5.1,6.5,4.6,5.3,5.3,745,1979.98,706000
2014-11-10,2014-11-27,OPTSTK,BHEL,270.0,CE,3.1,3.8,2.75,3.05,3.05,532,1454.0,683000
2014-11-10,2014-11-27,OPTSTK,BHEL,280.0,CE,1.65,2.05,1.5,1.65,1.65,204,574.93,517000
2014-11-10,2014-11-27,OPTSTK,BHEL,290.0,CE,0.9,1.15,0.8,0.95,0.95,95,276.45,145000
2014-11-10,2014-11-27,OPTSTK,BHEL,300.0,CE,0.6,0.75,0.55,0.6,0.6,110,330.66,178000
2014-11-10,2014-11-27,OPTSTK,BHEL,310.0,CE,0.0,0.0,0.0,0.45,0.3,0,0.0,2000
2014-11-10,2014-11-27,OPTSTK,BHEL,320.0,CE,0.0,0.0,0.0,0.25,0.15,0,0.0,7000
2014-11-10,2014-11-27,OPTSTK,BHEL,150.0,PE,0.5,0.5,0.5,0.5,0.5,1,1.5,1000
2014-11-10,2014-11-27,OPTSTK,BHEL,160.0,PE,0.0,0.0,0.0,1.05,0.0,0,0.0,0
2014-11-10,2014-11-27,OPTSTK,BHEL,170.0,PE,0.0,0.0,0.0,1.8,0.0,0,0.0,0
2014-11-10,2014-11-27,OPTSTK,BHEL,180.0,PE,0.0,0.0,0.0,0.25,0.0,0,0.0,7000
2014-11-10,2014-11-27,OPTSTK,BHEL,190.0,PE,0.3,0.3,0.3,0.3,0.3,2,3.8,10000
2014-11-10,2014-11-27,OPTSTK,BHEL,200.0,PE,0.6,0.65,0.5,0.6,0.6,36,72.21,104000
2014-11-10,2014-11-27,OPTSTK,BHEL,210.0,PE,1.3,1.3,0.9,1.0,1.0,87,183.63,245000
2014-11-10,2014-11-27,OPTSTK,BHEL,220.0,PE,1.75,2.05,1.5,1.9,1.9,225,499.19,505000
2014-11-10,2014-11-27,OPTSTK,BHEL,230.0,PE,3.4,3.75,2.65,3.4,3.4,403,939.27,621000
2014-11-10,2014-11-27,OPTSTK,BHEL,240.0,PE,6.2,7.0,5.0,6.25,6.25,323,793.96,379000
2014-11-10,2014-11-27,OPTSTK,BHEL,250.0,PE,11.0,12.0,8.8,10.75,10.75,350,910.09,308000
2014-11-10,2014-11-27,OPTSTK,BHEL,260.0,PE,14.15,17.1,14.15,14.45,14.45,10,27.57,93000
2014-11-10,2014-11-27,OPTSTK,BHEL,270.0,PE,22.5,24.0,22.5,24.0,24.0,3,8.8,39000
2014-11-10,2014-11-27,OPTSTK,BHEL,280.0,PE,31.5,31.5,31.5,31.5,31.5,2,6.23,154000
2014-11-10,2014-11-27,OPTSTK,BHEL,290.0,PE,0.0,0.0,0.0,45.6,39.15,0,0.0,14000
2014-11-10,2014-11-27,OPTSTK,BHEL,300.0,PE,0.0,0.0,0.0,61.55,48.5,0,0.0,0
2014-11-10,2014-11-27,OPTSTK,BHEL,310.0,PE,0.0,0.0,0.0,69.65,58.15,0,0.0,0
2014-11-10,2014-11-27,OPTSTK,BHEL,320.0,PE,0.0,0.0,0.0,78.1,67.95,0,0.0,0
2014-11-10,2014-12-24,OPTSTK,BHEL,150.0,CE,0.0,0.0,0.0,57.8,102.5,0,0.0,0
2014-11-10,2014-12-24,OPTSTK,BHEL,160.0,CE,0.0,0.0,0.0,49.25,92.65,0,0.0,0
2014-11-10,2014-12-24,OPTSTK,BHEL,170.0,CE,0.0,0.0,0.0,41.35,82.8,0,0.0,0
2014-11-10,2014-12-24,OPTSTK,BHEL,180.0,CE,0.0,0.0,0.0,34.2,73.1,0,0.0,0
2014-11-10,2014-12-24,OPTSTK,BHEL,190.0,CE,0.0,0.0,0.0,27.85,63.55,0,0.0,0
2014-11-10,2014-12-24,OPTSTK,BHEL,200.0,CE,0.0,0.0,0.0,22.35,54.35,0,0.0,0
2014-11-10,2014-12-24,OPTSTK,BHEL,210.0,CE,0.0,0.0,0.0,17.7,45.65,0,0.0,0
2014-11-10,2014-12-24,OPTSTK,BHEL,220.0,CE,0.0,0.0,0.0,13.85,37.55,0,0.0,0
2014-11-10,2014-12-24,OPTSTK,BHEL,230.0,CE,0.0,0.0,0.0,10.7,30.3,0,0.0,0
2014-11-10,2014-12-24,OPTSTK,BHEL,240.0,CE,0.0,0.0,0.0,8.2,23.95,0,0.0,0
2014-11-10,2014-12-24,OPTSTK,BHEL,250.0,CE,0.0,0.0,0.0,14.2,18.5,0,0.0,2000
2014-11-10,2014-12-24,OPTSTK,BHEL,260.0,CE,0.0,0.0,0.0,8.55,14.0,0,0.0,1000
2014-11-10,2014-12-24,OPTSTK,BHEL,270.0,CE,0.0,0.0,0.0,3.45,10.4,0,0.0,0
2014-11-10,2014-12-24,OPTSTK,BHEL,280.0,CE,0.0,0.0,0.0,2.55,7.6,0,0.0,0
2014-11-10,2014-12-24,OPTSTK,BHEL,290.0,CE,0.0,0.0,0.0,1.85,5.45,0,0.0,0
2014-11-10,2014-12-24,OPTSTK,BHEL,300.0,CE,2.6,2.6,2.0,2.0,2.0,4,12.08,4000
2014-11-10,2014-12-24,OPTSTK,BHEL,310.0,CE,0.0,0.0,0.0,0.9,2.65,0,0.0,0
2014-11-10,2014-12-24,OPTSTK,BHEL,150.0,PE,0.0,0.0,0.0,1.5,0.05,0,0.0,0
2014-11-10,2014-12-24,OPTSTK,BHEL,160.0,PE,0.0,0.0,0.0,2.7,0.05,0,0.0,0
2014-11-10,2014-12-24,OPTSTK,BHEL,170.0,PE,0.0,0.0,0.0,4.6,0.1,0,0.0,0
2014-11-10,2014-12-24,OPTSTK,BHEL,180.0,PE,0.0,0.0,0.0,7.2,0.3,0,0.0,0
2014-11-10,2014-12-24,OPTSTK,BHEL,190.0,PE,0.0,0.0,0.0,10.65,0.65,0,0.0,0
2014-11-10,2014-12-24,OPTSTK,BHEL,200.0,PE,0.0,0.0,0.0,14.95,1.35,0,0.0,0
2014-11-10,2014-12-24,OPTSTK,BHEL,210.0,PE,0.0,0.0,0.0,20.05,2.55,0,0.0,0
2014-11-10,2014-12-24,OPTSTK,BHEL,220.0,PE,0.0,0.0,0.0,26.0,4.35,0,0.0,0
2014-11-10,2014-12-24,OPTSTK,BHEL,230.0,PE,7.0,7.1,7.0,7.1,7.1,3,7.11,3000
2014-11-10,2014-12-24,OPTSTK,BHEL,240.0,PE,10.4,10.5,10.4,10.5,10.5,2,5.0,2000
2014-11-10,2014-12-24,OPTSTK,BHEL,250.0,PE,16.55,16.55,16.55,16.55,16.55,1,2.66,8000
2014-11-10,2014-12-24,OPTSTK,BHEL,260.0,PE,0.0,0.0,0.0,55.9,20.4,0,0.0,0
2014-11-10,2014-12-24,OPTSTK,BHEL,270.0,PE,0.0,0.0,0.0,64.5,26.7,0,0.0,0
2014-11-10,2014-12-24,OPTSTK,BHEL,280.0,PE,0.0,0.0,0.0,73.4,33.75,0,0.0,0
2014-11-10,2014-12-24,OPTSTK,BHEL,290.0,PE,0.0,0.0,0.0,82.5,41.5,0,0.0,0
2014-11-10,2014-12-24,OPTSTK,BHEL,300.0,PE,0.0,0.0,0.0,91.8,49.8,0,0.0,0
2014-11-10,2014-12-24,OPTSTK,BHEL,310.0,PE,0.0,0.0,0.0,99.05,58.5,0,0.0,0
2014-11-10,2015-01-29,OPTSTK,BHEL,160.0,CE,0.0,0.0,0.0,99.15,94.25,0,0.0,0
2014-11-10,2015-01-29,OPTSTK,BHEL,170.0,CE,0.0,0.0,0.0,89.9,84.8,0,0.0,0
2014-11-10,2015-01-29,OPTSTK,BHEL,180.0,CE,0.0,0.0,0.0,80.85,75.55,0,0.0,0
2014-11-10,2015-01-29,OPTSTK,BHEL,190.0,CE,0.0,0.0,0.0,72.2,66.7,0,0.0,0
2014-11-10,2015-01-29,OPTSTK,BHEL,200.0,CE,0.0,0.0,0.0,64.0,58.25,0,0.0,0
2014-11-10,2015-01-29,OPTSTK,BHEL,210.0,CE,0.0,0.0,0.0,56.3,50.35,0,0.0,0
2014-11-10,2015-01-29,OPTSTK,BHEL,220.0,CE,0.0,0.0,0.0,49.15,43.05,0,0.0,0
2014-11-10,2015-01-29,OPTSTK,BHEL,230.0,CE,0.0,0.0,0.0,42.6,36.45,0,0.0,0
2014-11-10,2015-01-29,OPTSTK,BHEL,240.0,CE,0.0,0.0,0.0,36.65,30.5,0,0.0,0
2014-11-10,2015-01-29,OPTSTK,BHEL,250.0,CE,0.0,0.0,0.0,31.3,25.3,0,0.0,0
2014-11-10,2015-01-29,OPTSTK,BHEL,260.0,CE,0.0,0.0,0.0,26.6,20.8,0,0.0,0
2014-11-10,2015-01-29,OPTSTK,BHEL,270.0,CE,0.0,0.0,0.0,22.45,16.95,0,0.0,0
2014-11-10,2015-01-29,OPTSTK,BHEL,280.0,CE,0.0,0.0,0.0,18.85,13.65,0,0.0,0
2014-11-10,2015-01-29,OPTSTK,BHEL,290.0,CE,0.0,0.0,0.0,15.7,10.95,0,0.0,0
2014-11-10,2015-01-29,OPTSTK,BHEL,300.0,CE,0.0,0.0,0.0,13.05,8.7,0,0.0,0
2014-11-10,2015-01-29,OPTSTK,BHEL,310.0,CE,0.0,0.0,0.0,10.8,6.9,0,0.0,0
2014-11-10,2015-01-29,OPTSTK,BHEL,160.0,PE,0.0,0.0,0.0,0.6,0.35,0,0.0,0
2014-11-10,2015-01-29,OPTSTK,BHEL,170.0,PE,0.0,0.0,0.0,1.1,0.65,0,0.0,0
2014-11-10,2015-01-29,OPTSTK,BHEL,180.0,PE,0.0,0.0,0.0,1.9,1.25,0,0.0,0
2014-11-10,2015-01-29,OPTSTK,BHEL,190.0,PE,0.0,0.0,0.0,3.0,2.2,0,0.0,0
2014-11-10,2015-01-29,OPTSTK,BHEL,200.0,PE,0.0,0.0,0.0,4.6,3.55,0,0.0,0
2014-11-10,2015-01-29,OPTSTK,BHEL,210.0,PE,0.0,0.0,0.0,6.65,5.45,0,0.0,0
2014-11-10,2015-01-29,OPTSTK,BHEL,220.0,PE,0.0,0.0,0.0,9.3,8.0,0,0.0,0
2014-11-10,2015-01-29,OPTSTK,BHEL,230.0,PE,0.0,0.0,0.0,12.5,11.15,0,0.0,0
2014-11-10,2015-01-29,OPTSTK,BHEL,240.0,PE,0.0,0.0,0.0,16.35,15.05,0,0.0,0
2014-11-10,2015-01-29,OPTSTK,BHEL,250.0,PE,0.0,0.0,0.0,20.8,19.65,0,0.0,0
2014-11-10,2015-01-29,OPTSTK,BHEL,260.0,PE,0.0,0.0,0.0,25.9,24.95,0,0.0,0
2014-11-10,2015-01-29,OPTSTK,BHEL,270.0,PE,0.0,0.0,0.0,31.5,30.9,0,0.0,0
2014-11-10,2015-01-29,OPTSTK,BHEL,280.0,PE,0.0,0.0,0.0,37.7,37.45,0,0.0,0
2014-11-10,2015-01-29,OPTSTK,BHEL,290.0,PE,0.0,0.0,0.0,44.35,44.55,0,0.0,0
2014-11-10,2015-01-29,OPTSTK,BHEL,300.0,PE,0.0,0.0,0.0,51.5,52.15,0,0.0,0
2014-11-10,2015-01-29,OPTSTK,BHEL,310.0,PE,0.0,0.0,0.0,59.0,60.1,0,0.0,0
2014-11-10,2014-11-27,OPTSTK,BIOCON,320.0,CE,0.0,0.0,0.0,151.1,134.25,0,0.0,0
2014-11-10,2014-11-27,OPTSTK,BIOCON,330.0,CE,0.0,0.0,0.0,158.0,124.25,0,0.0,0
2014-11-10,2014-11-27,OPTSTK,BIOCON,340.0,CE,0.0,0.0,0.0,131.9,114.3,0,0.0,0
2014-11-10,2014-11-27,OPTSTK,BIOCON,350.0,CE,0.0,0.0,0.0,138.45,104.35,0,0.0,0
2014-11-10,2014-11-27,OPTSTK,BIOCON,360.0,CE,0.0,0.0,0.0,113.15,94.4,0,0.0,0
2014-11-10,2014-11-27,OPTSTK,BIOCON,370.0,CE,0.0,0.0,0.0,119.15,84.45,0,0.0,0
2014-11-10,2014-11-27,OPTSTK,BIOCON,380.0,CE,0.0,0.0,0.0,95.2,74.5,0,0.0,0
2014-11-10,2014-11-27,OPTSTK,BIOCON,390.0,CE,0.0,0.0,0.0,100.4,64.6,0,0.0,0
2014-11-10,2014-11-27,OPTSTK,BIOCON,400.0,CE,0.0,0.0,0.0,54.75,54.8,0,0.0,500
2014-11-10,2014-11-27,OPTSTK,BIOCON,410.0,CE,41.0,41.0,41.0,41.0,41.0,1,2.25,500
2014-11-10,2014-11-27,OPTSTK,BIOCON,420.0,CE,0.0,0.0,0.0,34.4,36.1,0,0.0,0
2014-11-10,2014-11-27,OPTSTK,BIOCON,430.0,CE,0.0,0.0,0.0,28.95,27.65,0,0.0,500
2014-11-10,2014-11-27,OPTSTK,BIOCON,440.0,CE,22.5,22.7,22.5,22.7,22.7,2,4.62,4000
2014-11-10,2014-11-27,OPTSTK,BIOCON,450.0,CE,17.75,18.9,13.95,14.25,14.25,54,125.85,68000
2014-11-10,2014-11-27,OPTSTK,BIOCON,460.0,CE,13.5,13.7,9.95,10.45,10.45,85,200.38,189500
2014-11-10,2014-11-27,OPTSTK,BIOCON,470.0,CE,8.35,9.1,7.0,8.05,8.05,25,59.74,55500
2014-11-10,2014-11-27,OPTSTK,BIOCON,480.0,CE,6.1,6.1,4.9,5.0,5.0,26,63.08,86000
2014-11-10,2014-11-27,OPTSTK,BIOCON,490.0,CE,4.6,4.6,3.85,3.85,3.85,3,7.41,25500
2014-11-10,2014-11-27,OPTSTK,BIOCON,500.0,CE,2.0,2.75,2.0,2.3,2.3,14,35.16,110000
2014-11-10,2014-11-27,OPTSTK,BIOCON,510.0,CE,0.0,0.0,0.0,11.45,0.5,0,0.0,1000
2014-11-10,2014-11-27,OPTSTK,BIOCON,520.0,CE,0.85,0.85,0.85,0.85,0.85,1,2.6,1500
2014-11-10,2014-11-27,OPTSTK,BIOCON,530.0,CE,0.0,0.0,0.0,13.7,0.1,0,0.0,0
2014-11-10,2014-11-27,OPTSTK,BIOCON,540.0,CE,0.0,0.0,0.0,10.5,0.05,0,0.0,0
2014-11-10,2014-11-27,OPTSTK,BIOCON,550.0,CE,0.0,0.0,0.0,9.15,0.05,0,0.0,0
2014-11-10,2014-11-27,OPTSTK,BIOCON,560.0,CE,0.0,0.0,0.0,7.2,0.05,0,0.0,0
2014-11-10,2014-11-27,OPTSTK,BIOCON,570.0,CE,0.0,0.0,0.0,5.95,0.0,0,0.0,0
2014-11-10,2014-11-27,OPTSTK,BIOCON,580.0,CE,0.0,0.0,0.0,4.85,0.0,0,0.0,0
2014-11-10,2014-11-27,OPTSTK,BIOCON,590.0,CE,0.0,0.0,0.0,3.75,0.0,0,0.0,0
2014-11-10,2014-11-27,OPTSTK,BIOCON,600.0,CE,0.0,0.0,0.0,0.75,0.0,0,0.0,2000
2014-11-10,2014-11-27,OPTSTK,BIOCON,610.0,CE,0.0,0.0,0.0,2.3,0.0,0,0.0,0
2014-11-10,2014-11-27,OPTSTK,BIOCON,620.0,CE,0.0,0.0,0.0,2.1,0.0,0,0.0,0
2014-11-10,2014-11-27,OPTSTK,BIOCON,630.0,CE,0.0,0.0,0.0,1.4,0.0,0,0.0,0
2014-11-10,2014-11-27,OPTSTK,BIOCON,640.0,CE,0.0,0.0,0.0,1.35,0.0,0,0.0,0
2014-11-10,2014-11-27,OPTSTK,BIOCON,320.0,PE,0.0,0.0,0.0,0.25,0.0,0,0.0,0
2014-11-10,2014-11-27,OPTSTK,BIOCON,330.0,PE,0.0,0.0,0.0,0.1,0.0,0,0.0,0
2014-11-10,2014-11-27,OPTSTK,BIOCON,340.0,PE,0.0,0.0,0.0,0.6,0.0,0,0.0,0
2014-11-10,2014-11-27,OPTSTK,BIOCON,350.0,PE,0.0,0.0,0.0,0.25,0.0,0,0.0,0
2014-11-10,2014-11-27,OPTSTK,BIOCON,360.0,PE,0.0,0.0,0.0,1.45,0.0,0,0.0,0
2014-11-10,2014-11-27,OPTSTK,BIOCON,370.0,PE,0.0,0.0,0.0,0.65,0.0,0,0.0,0
2014-11-10,2014-11-27,OPTSTK,BIOCON,380.0,PE,0.0,0.0,0.0,3.1,0.05,0,0.0,0
2014-11-10,2014-11-27,OPTSTK,BIOCON,390.0,PE,0.0,0.0,0.0,1.6,0.1,0,0.0,0
2014-11-10,2014-11-27,OPTSTK,BIOCON,400.0,PE,0.0,0.0,0.0,5.85,0.25,0,0.0,0
2014-11-10,2014-11-27,OPTSTK,BIOCON,410.0,PE,0.1,0.1,0.1,0.1,0.1,1,2.05,500
2014-11-10,2014-11-27,OPTSTK,BIOCON,420.0,PE,2.3,2.9,2.1,2.5,2.5,16,33.78,14000
2014-11-10,2014-11-27,OPTSTK,BIOCON,430.0,PE,4.0,4.0,3.25,3.25,3.25,11,23.86,49000
2014-11-10,2014-11-27,OPTSTK,BIOCON,440.0,PE,7.0,7.6,5.65,6.0,6.0,20,44.66,67500
2014-11-10,2014-11-27,OPTSTK,BIOCON,450.0,PE,9.0,12.3,9.0,10.7,10.7,30,69.1,39000
2014-11-10,2014-11-27,OPTSTK,BIOCON,460.0,PE,16.45,17.8,14.5,14.5,14.5,7,16.66,70000
2014-11-10,2014-11-27,OPTSTK,BIOCON,470.0,PE,22.0,22.9,22.0,22.9,22.9,3,7.38,2500
2014-11-10,2014-11-27,OPTSTK,BIOCON,480.0,PE,30.5,30.5,30.5,30.5,30.5,2,5.1,28000
2014-11-10,2014-11-27,OPTSTK,BIOCON,490.0,PE,0.0,0.0,0.0,23.95,36.95,0,0.0,500
2014-11-10,2014-11-27,OPTSTK,BIOCON,500.0,PE,0.0,0.0,0.0,52.35,46.05,0,0.0,10500
2014-11-10,2014-11-27,OPTSTK,BIOCON,510.0,PE,0.0,0.0,0.0,39.3,55.5,0,0.0,0
2014-11-10,2014-11-27,OPTSTK,BIOCON,520.0,PE,0.0,0.0,0.0,59.85,65.25,0,0.0,0
2014-11-10,2014-11-27,OPTSTK,BIOCON,530.0,PE,0.0,0.0,0.0,52.75,75.05,0,0.0,0
2014-11-10,2014-11-27,OPTSTK,BIOCON,540.0,PE,0.0,0.0,0.0,63.6,85.0,0,0.0,500
2014-11-10,2014-11-27,OPTSTK,BIOCON,550.0,PE,0.0,0.0,0.0,67.9,94.9,0,0.0,0
2014-11-10,2014-11-27,OPTSTK,BIOCON,560.0,PE,0.0,0.0,0.0,91.25,104.85,0,0.0,0
2014-11-10,2014-11-27,OPTSTK,BIOCON,570.0,PE,0.0,0.0,0.0,84.35,114.8,0,0.0,0
2014-11-10,2014-11-27,OPTSTK,BIOCON,580.0,PE,0.0,0.0,0.0,108.5,124.8,0,0.0,0
2014-11-10,2014-11-27,OPTSTK,BIOCON,590.0,PE,0.0,0.0,0.0,101.9,134.75,0,0.0,0
2014-11-10,2014-11-27,OPTSTK,BIOCON,600.0,PE,0.0,0.0,0.0,126.45,144.7,0,0.0,0
2014-11-10,2014-11-27,OPTSTK,BIOCON,610.0,PE,0.0,0.0,0.0,120.15,154.65,0,0.0,0
2014-11-10,2014-11-27,OPTSTK,BIOCON,620.0,PE,0.0,0.0,0.0,144.9,164.6,0,0.0,0
2014-11-10,2014-11-27,OPTSTK,BIOCON,630.0,PE,0.0,0.0,0.0,138.9,174.6,0,0.0,0
2014-11-10,2014-11-27,OPTSTK,BIOCON,640.0,PE,0.0,0.0,0.0,163.7,184.55,0,0.0,0
2014-11-10,2014-12-24,OPTSTK,BIOCON,320.0,CE,0.0,0.0,0.0,170.0,136.3,0,0.0,0
2014-11-10,2014-12-24,OPTSTK,BIOCON,330.0,CE,0.0,0.0,0.0,160.3,126.45,0,0.0,0
2014-11-10,2014-12-24,OPTSTK,BIOCON,340.0,CE,0.0,0.0,0.0,150.7,116.55,0,0.0,0
2014-11-10,2014-12-24,OPTSTK,BIOCON,350.0,CE,0.0,0.0,0.0,141.15,106.7,0,0.0,0
2014-11-10,2014-12-24,OPTSTK,BIOCON,360.0,CE,0.0,0.0,0.0,131.7,96.9,0,0.0,0
2014-11-10,2014-12-24,OPTSTK,BIOCON,370.0,CE,0.0,0.0,0.0,122.4,87.15,0,0.0,0
2014-11-10,2014-12-24,OPTSTK,BIOCON,380.0,CE,0.0,0.0,0.0,113.3,77.55,0,0.0,0
2014-11-10,2014-12-24,OPTSTK,BIOCON,390.0,CE,0.0,0.0,0.0,104.4,68.2,0,0.0,0
2014-11-10,2014-12-24,OPTSTK,BIOCON,400.0,CE,0.0,0.0,0.0,95.75,59.15,0,0.0,0
2014-11-10,2014-12-24,OPTSTK,BIOCON,410.0,CE,0.0,0.0,0.0,87.4,50.5,0,0.0,0
2014-11-10,2014-12-24,OPTSTK,BIOCON,420.0,CE,0.0,0.0,0.0,79.4,42.45,0,0.0,0
2014-11-10,2014-12-24,OPTSTK,BIOCON,430.0,CE,0.0,0.0,0.0,71.8,35.05,0,0.0,0
2014-11-10,2014-12-24,OPTSTK,BIOCON,440.0,CE,0.0,0.0,0.0,64.55,28.4,0,0.0,0
2014-11-10,2014-12-24,OPTSTK,BIOCON,450.0,CE,0.0,0.0,0.0,57.75,22.6,0,0.0,0
2014-11-10,2014-12-24,OPTSTK,BIOCON,460.0,CE,21.9,21.9,21.9,21.9,21.9,1,2.4,500
2014-11-10,2014-12-24,OPTSTK,BIOCON,470.0,CE,0.0,0.0,0.0,45.55,13.45,0,0.0,0
2014-11-10,2014-12-24,OPTSTK,BIOCON,480.0,CE,0.0,0.0,0.0,40.1,10.1,0,0.0,0
2014-11-10,2014-12-24,OPTSTK,BIOCON,490.0,CE,0.0,0.0,0.0,35.15,7.45,0,0.0,0
2014-11-10,2014-12-24,OPTSTK,BIOCON,500.0,CE,0.0,0.0,0.0,30.7,5.35,0,0.0,0
2014-11-10,2014-12-24,OPTSTK,BIOCON,510.0,CE,0.0,0.0,0.0,26.65,3.8,0,0.0,0
2014-11-10,2014-12-24,OPTSTK,BIOCON,520.0,CE,0.0,0.0,0.0,23.0,2.65,0,0.0,0
2014-11-10,2014-12-24,OPTSTK,BIOCON,530.0,CE,0.0,0.0,0.0,19.8,1.8,0,0.0,0
2014-11-10,2014-12-24,OPTSTK,BIOCON,540.0,CE,0.0,0.0,0.0,16.95,1.2,0,0.0,0
2014-11-10,2014-12-24,OPTSTK,BIOCON,550.0,CE,0.0,0.0,0.0,14.45,0.8,0,0.0,0
2014-11-10,2014-12-24,OPTSTK,BIOCON,560.0,CE,0.0,0.0,0.0,12.3,0.5,0,0.0,0
2014-11-10,2014-12-24,OPTSTK,BIOCON,570.0,CE,0.0,0.0,0.0,10.35,0.35,0,0.0,0
2014-11-10,2014-12-24,OPTSTK,BIOCON,580.0,CE,0.0,0.0,0.0,8.7,0.2,0,0.0,0
2014-11-10,2014-12-24,OPTSTK,BIOCON,590.0,CE,0.0,0.0,0.0,7.3,0.15,0,0.0,0
2014-11-10,2014-12-24,OPTSTK,BIOCON,600.0,CE,0.0,0.0,0.0,6.1,0.1,0,0.0,0
2014-11-10,2014-12-24,OPTSTK,BIOCON,610.0,CE,0.0,0.0,0.0,5.1,0.05,0,0.0,0
2014-11-10,2014-12-24,OPTSTK,BIOCON,620.0,CE,0.0,0.0,0.0,4.2,0.05,0,0.0,0
2014-11-10,2014-12-24,OPTSTK,BIOCON,630.0,CE,0.0,0.0,0.0,3.5,0.05,0,0.0,0
2014-11-10,2014-12-24,OPTSTK,BIOCON,640.0,CE,0.0,0.0,0.0,2.85,0.05,0,0.0,0
2014-11-10,2014-12-24,OPTSTK,BIOCON,320.0,PE,0.0,0.0,0.0,0.15,0.0,0,0.0,0
2014-11-10,2014-12-24,OPTSTK,BIOCON,330.0,PE,0.0,0.0,0.0,0.25,0.05,0,0.0,0
2014-11-10,2014-12-24,OPTSTK,BIOCON,340.0,PE,0.0,0.0,0.0,0.4,0.05,0,0.0,0
2014-11-10,2014-12-24,OPTSTK,BIOCON,350.0,PE,0.0,0.0,0.0,0.65,0.1,0,0.0,0
2014-11-10,2014-12-24,OPTSTK,BIOCON,360.0,PE,0.0,0.0,0.0,1.0,0.15,0,0.0,0
2014-11-10,2014-12-24,OPTSTK,BIOCON,370.0,PE,0.0,0.0,0.0,1.5,0.3,0,0.0,0
2014-11-10,2014-12-24,OPTSTK,BIOCON,380.0,PE,0.0,0.0,0.0,2.15,0.65,0,0.0,0
2014-11-10,2014-12-24,OPTSTK,BIOCON,390.0,PE,0.0,0.0,0.0,3.05,1.15,0,0.0,0
2014-11-10,2014-12-24,OPTSTK,BIOCON,400.0,PE,0.0,0.0,0.0,4.2,2.0,0,0.0,0
2014-11-10,2014-12-24,OPTSTK,BIOCON,410.0,PE,0.0,0.0,0.0,5.65,3.25,0,0.0,0
2014-11-10,2014-12-24,OPTSTK,BIOCON,420.0,PE,0.0,0.0,0.0,7.4,5.1,0,0.0,0
2014-11-10,2014-12-24,OPTSTK,BIOCON,430.0,PE,0.0,0.0,0.0,9.55,7.6,0,0.0,0
2014-11-10,2014-12-24,OPTSTK,BIOCON,440.0,PE,0.0,0.0,0.0,12.15,10.85,0,0.0,0
2014-11-10,2014-12-24,OPTSTK,BIOCON,450.0,PE,0.0,0.0,0.0,15.1,14.95,0,0.0,0
2014-11-10,2014-12-24,OPTSTK,BIOCON,460.0,PE,0.0,0.0,0.0,18.55,19.85,0,0.0,0
2014-11-10,2014-12-24,OPTSTK,BIOCON,470.0,PE,0.0,0.0,0.0,22.45,25.6,0,0.0,0
2014-11-10,2014-12-24,OPTSTK,BIOCON,480.0,PE,0.0,0.0,0.0,26.8,32.1,0,0.0,0
2014-11-10,2014-12-24,OPTSTK,BIOCON,490.0,PE,0.0,0.0,0.0,31.65,39.35,0,0.0,0
2014-11-10,2014-12-24,OPTSTK,BIOCON,500.0,PE,0.0,0.0,0.0,36.95,47.15,0,0.0,0
2014-11-10,2014-12-24,OPTSTK,BIOCON,510.0,PE,0.0,0.0,0.0,42.65,55.5,0,0.0,0
2014-11-10,2014-12-24,OPTSTK,BIOCON,520.0,PE,0.0,0.0,0.0,48.8,64.25,0,0.0,0
2014-11-10,2014-12-24,OPTSTK,BIOCON,530.0,PE,0.0,0.0,0.0,55.4,73.3,0,0.0,0
2014-11-10,2014-12-24,OPTSTK,BIOCON,540.0,PE,0.0,0.0,0.0,62.3,82.6,0,0.0,0
2014-11-10,2014-12-24,OPTSTK,BIOCON,550.0,PE,0.0,0.0,0.0,69.6,92.1,0,0.0,0
2014-11-10,2014-12-24,OPTSTK,BIOCON,560.0,PE,0.0,0.0,0.0,77.2,101.7,0,0.0,0
2014-11-10,2014-12-24,OPTSTK,BIOCON,570.0,PE,0.0,0.0,0.0,85.1,111.4,0,0.0,0
2014-11-10,2014-12-24,OPTSTK,BIOCON,580.0,PE,0.0,0.0,0.0,93.25,121.2,0,0.0,0
2014-11-10,2014-12-24,OPTSTK,BIOCON,590.0,PE,0.0,0.0,0.0,101.6,131.0,0,0.0,0
2014-11-10,2014-12-24,OPTSTK,BIOCON,600.0,PE,0.0,0.0,0.0,110.2,140.85,0,0.0,0
2014-11-10,2014-12-24,OPTSTK,BIOCON,610.0,PE,0.0,0.0,0.0,118.95,150.75,0,0.0,0
2014-11-10,2014-12-24,OPTSTK,BIOCON,620.0,PE,0.0,0.0,0.0,127.85,160.6,0,0.0,0
2014-11-10,2014-12-24,OPTSTK,BIOCON,630.0,PE,0.0,0.0,0.0,136.9,170.5,0,0.0,0
2014-11-10,2014-12-24,OPTSTK,BIOCON,640.0,PE,0.0,0.0,0.0,146.05,180.4,0,0.0,0
2014-11-10,2015-01-29,OPTSTK,BIOCON,320.0,CE,0.0,0.0,0.0,134.85,139.1,0,0.0,0
2014-11-10,2015-01-29,OPTSTK,BIOCON,330.0,CE,0.0,0.0,0.0,125.3,129.35,0,0.0,0
2014-11-10,2015-01-29,OPTSTK,BIOCON,340.0,CE,0.0,0.0,0.0,115.85,119.7,0,0.0,0
2014-11-10,2015-01-29,OPTSTK,BIOCON,350.0,CE,0.0,0.0,0.0,106.6,110.1,0,0.0,0
2014-11-10,2015-01-29,OPTSTK,BIOCON,360.0,CE,0.0,0.0,0.0,97.55,100.6,0,0.0,0
2014-11-10,2015-01-29,OPTSTK,BIOCON,370.0,CE,0.0,0.0,0.0,88.8,91.35,0,0.0,0
2014-11-10,2015-01-29,OPTSTK,BIOCON,380.0,CE,0.0,0.0,0.0,80.3,82.3,0,0.0,0
2014-11-10,2015-01-29,OPTSTK,BIOCON,390.0,CE,0.0,0.0,0.0,72.2,73.55,0,0.0,0
2014-11-10,2015-01-29,OPTSTK,BIOCON,400.0,CE,0.0,0.0,0.0,64.5,65.15,0,0.0,0
2014-11-10,2015-01-29,OPTSTK,BIOCON,410.0,CE,0.0,0.0,0.0,57.25,57.25,0,0.0,0
2014-11-10,2015-01-29,OPTSTK,BIOCON,420.0,CE,0.0,0.0,0.0,50.45,49.85,0,0.0,0
2014-11-10,2015-01-29,OPTSTK,BIOCON,430.0,CE,0.0,0.0,0.0,44.2,42.95,0,0.0,0
2014-11-10,2015-01-29,OPTSTK,BIOCON,440.0,CE,0.0,0.0,0.0,38.45,36.65,0,0.0,0
2014-11-10,2015-01-29,OPTSTK,BIOCON,450.0,CE,0.0,0.0,0.0,33.25,31.0,0,0.0,0
2014-11-10,2015-01-29,OPTSTK,BIOCON,460.0,CE,0.0,0.0,0.0,28.55,25.95,0,0.0,0
2014-11-10,2015-01-29,OPTSTK,BIOCON,470.0,CE,0.0,0.0,0.0,24.35,21.5,0,0.0,0
2014-11-10,2015-01-29,OPTSTK,BIOCON,480.0,CE,0.0,0.0,0.0,20.65,17.65,0,0.0,0
2014-11-10,2015-01-29,OPTSTK,BIOCON,490.0,CE,0.0,0.0,0.0,17.4,14.35,0,0.0,0
2014-11-10,2015-01-29,OPTSTK,BIOCON,500.0,CE,0.0,0.0,0.0,14.6,11.6,0,0.0,0
2014-11-10,2015-01-29,OPTSTK,BIOCON,510.0,CE,0.0,0.0,0.0,12.2,9.3,0,0.0,0
2014-11-10,2015-01-29,OPTSTK,BIOCON,520.0,CE,0.0,0.0,0.0,10.1,7.35,0,0.0,0
2014-11-10,2015-01-29,OPTSTK,BIOCON,530.0,CE,0.0,0.0,0.0,8.3,5.75,0,0.0,0
2014-11-10,2015-01-29,OPTSTK,BIOCON,540.0,CE,0.0,0.0,0.0,6.8,4.5,0,0.0,0
2014-11-10,2015-01-29,OPTSTK,BIOCON,550.0,CE,0.0,0.0,0.0,5.55,3.45,0,0.0,0
2014-11-10,2015-01-29,OPTSTK,BIOCON,560.0,CE,0.0,0.0,0.0,4.5,2.65,0,0.0,0
2014-11-10,2015-01-29,OPTSTK,BIOCON,570.0,CE,0.0,0.0,0.0,3.65,2.0,0,0.0,0
2014-11-10,2015-01-29,OPTSTK,BIOCON,580.0,CE,0.0,0.0,0.0,2.95,1.5,0,0.0,0
2014-11-10,2015-01-29,OPTSTK,BIOCON,590.0,CE,0.0,0.0,0.0,2.35,1.15,0,0.0,0
2014-11-10,2015-01-29,OPTSTK,BIOCON,600.0,CE,0.0,0.0,0.0,1.85,0.85,0,0.0,0
2014-11-10,2015-01-29,OPTSTK,BIOCON,610.0,CE,0.0,0.0,0.0,1.5,0.65,0,0.0,0
2014-11-10,2015-01-29,OPTSTK,BIOCON,620.0,CE,0.0,0.0,0.0,1.2,0.45,0,0.0,0
2014-11-10,2015-01-29,OPTSTK,BIOCON,630.0,CE,0.0,0.0,0.0,0.95,0.35,0,0.0,0
2014-11-10,2015-01-29,OPTSTK,BIOCON,640.0,CE,0.0,0.0,0.0,0.75,0.25,0,0.0,0
2014-11-10,2015-01-29,OPTSTK,BIOCON,320.0,PE,0.0,0.0,0.0,0.4,0.1,0,0.0,0
2014-11-10,2015-01-29,OPTSTK,BIOCON,330.0,PE,0.0,0.0,0.0,0.6,0.15,0,0.0,0
2014-11-10,2015-01-29,OPTSTK,BIOCON,340.0,PE,0.0,0.0,0.0,1.0,0.3,0,0.0,0
2014-11-10,2015-01-29,OPTSTK,BIOCON,350.0,PE,0.0,0.0,0.0,1.5,0.5,0,0.0,0
2014-11-10,2015-01-29,OPTSTK,BIOCON,360.0,PE,0.0,0.0,0.0,2.25,0.85,0,0.0,0
2014-11-10,2015-01-29,OPTSTK,BIOCON,370.0,PE,0.0,0.0,0.0,3.25,1.35,0,0.0,0
2014-11-10,2015-01-29,OPTSTK,BIOCON,380.0,PE,0.0,0.0,0.0,4.55,2.15,0,0.0,0
2014-11-10,2015-01-29,OPTSTK,BIOCON,390.0,PE,0.0,0.0,0.0,6.25,3.2,0,0.0,0
2014-11-10,2015-01-29,OPTSTK,BIOCON,400.0,PE,0.0,0.0,0.0,8.3,4.65,0,0.0,0
2014-11-10,2015-01-29,OPTSTK,BIOCON,410.0,PE,0.0,0.0,0.0,10.85,6.5,0,0.0,0
2014-11-10,2015-01-29,OPTSTK,BIOCON,420.0,PE,0.0,0.0,0.0,13.85,8.9,0,0.0,0
2014-11-10,2015-01-29,OPTSTK,BIOCON,430.0,PE,0.0,0.0,0.0,17.35,11.85,0,0.0,0
2014-11-10,2015-01-29,OPTSTK,BIOCON,440.0,PE,0.0,0.0,0.0,21.4,15.4,0,0.0,0
2014-11-10,2015-01-29,OPTSTK,BIOCON,450.0,PE,0.0,0.0,0.0,26.0,19.5,0,0.0,0
2014-11-10,2015-01-29,OPTSTK,BIOCON,460.0,PE,0.0,0.0,0.0,31.1,24.3,0,0.0,0
2014-11-10,2015-01-29,OPTSTK,BIOCON,470.0,PE,0.0,0.0,0.0,36.7,29.65,0,0.0,0
2014-11-10,2015-01-29,OPTSTK,BIOCON,480.0,PE,0.0,0.0,0.0,42.75,35.6,0,0.0,0
2014-11-10,2015-01-29,OPTSTK,BIOCON,490.0,PE,0.0,0.0,0.0,49.3,42.15,0,0.0,0
2014-11-10,2015-01-29,OPTSTK,BIOCON,500.0,PE,0.0,0.0,0.0,56.25,49.15,0,0.0,0
2014-11-10,2015-01-29,OPTSTK,BIOCON,510.0,PE,0.0,0.0,0.0,63.65,56.65,0,0.0,0
2014-11-10,2015-01-29,OPTSTK,BIOCON,520.0,PE,0.0,0.0,0.0,71.3,64.5,0,0.0,0
2014-11-10,2015-01-29,OPTSTK,BIOCON,530.0,PE,0.0,0.0,0.0,79.3,72.75,0,0.0,0
2014-11-10,2015-01-29,OPTSTK,BIOCON,540.0,PE,0.0,0.0,0.0,87.6,81.3,0,0.0,0
2014-11-10,2015-01-29,OPTSTK,BIOCON,550.0,PE,0.0,0.0,0.0,96.15,90.1,0,0.0,0
2014-11-10,2015-01-29,OPTSTK,BIOCON,560.0,PE,0.0,0.0,0.0,104.9,99.1,0,0.0,0
2014-11-10,2015-01-29,OPTSTK,BIOCON,570.0,PE,0.0,0.0,0.0,113.8,108.25,0,0.0,0
2014-11-10,2015-01-29,OPTSTK,BIOCON,580.0,PE,0.0,0.0,0.0,122.85,117.6,0,0.0,0
2014-11-10,2015-01-29,OPTSTK,BIOCON,590.0,PE,0.0,0.0,0.0,132.05,127.0,0,0.0,0
2014-11-10,2015-01-29,OPTSTK,BIOCON,600.0,PE,0.0,0.0,0.0,141.4,136.55,0,0.0,0
2014-11-10,2015-01-29,OPTSTK,BIOCON,610.0,PE,0.0,0.0,0.0,150.8,146.15,0,0.0,0
2014-11-10,2015-01-29,OPTSTK,BIOCON,620.0,PE,0.0,0.0,0.0,160.25,155.75,0,0.0,0
2014-11-10,2015-01-29,OPTSTK,BIOCON,630.0,PE,0.0,0.0,0.0,169.8,165.45,0,0.0,0
2014-11-10,2015-01-29,OPTSTK,BIOCON,640.0,PE,0.0,0.0,0.0,179.4,175.2,0,0.0,0
2014-11-10,2014-11-27,OPTSTK,BPCL,460.0,CE,0.0,0.0,0.0,245.35,307.85,0,0.0,0
2014-11-10,2014-11-27,OPTSTK,BPCL,480.0,CE,0.0,0.0,0.0,226.6,287.9,0,0.0,0
2014-11-10,2014-11-27,OPTSTK,BPCL,500.0,CE,0.0,0.0,0.0,208.2,268.0,0,0.0,0
2014-11-10,2014-11-27,OPTSTK,BPCL,520.0,CE,0.0,0.0,0.0,190.35,248.05,0,0.0,0
2014-11-10,2014-11-27,OPTSTK,BPCL,540.0,CE,0.0,0.0,0.0,173.05,228.15,0,0.0,0
2014-11-10,2014-11-27,OPTSTK,BPCL,560.0,CE,0.0,0.0,0.0,156.45,208.25,0,0.0,0
2014-11-10,2014-11-27,OPTSTK,BPCL,580.0,CE,0.0,0.0,0.0,140.65,188.3,0,0.0,0
2014-11-10,2014-11-27,OPTSTK,BPCL,600.0,CE,0.0,0.0,0.0,99.0,168.4,0,0.0,1500
2014-11-10,2014-11-27,OPTSTK,BPCL,620.0,CE,0.0,0.0,0.0,80.0,148.55,0,0.0,500
2014-11-10,2014-11-27,OPTSTK,BPCL,640.0,CE,0.0,0.0,0.0,60.0,128.75,0,0.0,1000
2014-11-10,2014-11-27,OPTSTK,BPCL,660.0,CE,0.0,0.0,0.0,52.0,109.25,0,0.0,2500
2014-11-10,2014-11-27,OPTSTK,BPCL,680.0,CE,90.0,90.0,86.55,86.55,86.55,2,7.68,8000
2014-11-10,2014-11-27,OPTSTK,BPCL,700.0,CE,71.2,73.0,71.0,71.0,71.0,6,23.16,30500
2014-11-10,2014-11-27,OPTSTK,BPCL,720.0,CE,57.65,57.65,48.55,51.25,51.25,15,57.97,66000
2014-11-10,2014-11-27,OPTSTK,BPCL,740.0,CE,40.15,41.0,34.0,36.8,36.8,32,124.48,80500
2014-11-10,2014-11-27,OPTSTK,BPCL,760.0,CE,29.0,31.0,23.8,26.05,26.05,120,471.59,65000
2014-11-10,2014-11-27,OPTSTK,BPCL,780.0,CE,18.2,21.45,15.1,17.35,17.35,176,702.11,50500
2014-11-10,2014-11-27,OPTSTK,BPCL,800.0,CE,13.0,13.1,9.65,10.65,10.65,152,616.56,98500
2014-11-10,2014-11-27,OPTSTK,BPCL,820.0,CE,6.85,7.95,5.7,5.8,5.8,36,148.78,13000
2014-11-10,2014-11-27,OPTSTK,BPCL,840.0,CE,3.4,4.75,3.4,3.5,3.5,13,54.84,6000
2014-11-10,2014-11-27,OPTSTK,BPCL,860.0,CE,0.0,0.0,0.0,1.9,2.45,0,0.0,2000
2014-11-10,2014-11-27,OPTSTK,BPCL,880.0,CE,0.0,0.0,0.0,2.0,1.3,0,0.0,2000
2014-11-10,2014-11-27,OPTSTK,BPCL,900.0,CE,1.0,1.0,1.0,1.0,1.0,4,18.02,2000
2014-11-10,2014-11-27,OPTSTK,BPCL,460.0,PE,0.0,0.0,0.0,1.25,0.0,0,0.0,0
2014-11-10,2014-11-27,OPTSTK,BPCL,480.0,PE,0.0,0.0,0.0,2.1,0.0,0,0.0,0
2014-11-10,2014-11-27,OPTSTK,BPCL,500.0,PE,0.0,0.0,0.0,3.3,0.0,0,0.0,0
2014-11-10,2014-11-27,OPTSTK,BPCL,520.0,PE,0.0,0.0,0.0,5.0,0.0,0,0.0,0
2014-11-10,2014-11-27,OPTSTK,BPCL,540.0,PE,0.0,0.0,0.0,7.25,0.0,0,0.0,0
2014-11-10,2014-11-27,OPTSTK,BPCL,560.0,PE,0.0,0.0,0.0,0.5,0.0,0,0.0,2000
2014-11-10,2014-11-27,OPTSTK,BPCL,580.0,PE,0.0,0.0,0.0,0.5,0.0,0,0.0,2000
2014-11-10,2014-11-27,OPTSTK,BPCL,600.0,PE,0.0,0.0,0.0,2.1,0.05,0,0.0,3000
2014-11-10,2014-11-27,OPTSTK,BPCL,620.0,PE,0.0,0.0,0.0,1.15,0.1,0,0.0,5000
2014-11-10,2014-11-27,OPTSTK,BPCL,640.0,PE,0.0,0.0,0.0,1.0,0.25,0,0.0,66000
2014-11-10,2014-11-27,OPTSTK,BPCL,660.0,PE,0.65,0.65,0.65,0.65,0.65,1,3.3,13500
2014-11-10,2014-11-27,OPTSTK,BPCL,680.0,PE,1.2,2.4,1.2,1.5,1.5,10,34.08,49500
2014-11-10,2014-11-27,OPTSTK,BPCL,700.0,PE,3.45,5.05,2.8,3.5,3.5,32,112.55,72000
2014-11-10,2014-11-27,OPTSTK,BPCL,720.0,PE,5.1,6.65,5.1,5.95,5.95,48,174.25,46000
2014-11-10,2014-11-27,OPTSTK,BPCL,740.0,PE,9.9,12.5,9.25,11.4,11.4,86,322.99,66000
2014-11-10,2014-11-27,OPTSTK,BPCL,760.0,PE,18.1,21.05,16.3,18.45,18.45,104,405.17,22500
2014-11-10,2014-11-27,OPTSTK,BPCL,780.0,PE,28.4,32.35,27.0,31.25,31.25,38,153.78,13500
2014-11-10,2014-11-27,OPTSTK,BPCL,800.0,PE,0.0,0.0,0.0,119.3,43.45,0,0.0,0
2014-11-10,2014-11-27,OPTSTK,BPCL,820.0,PE,0.0,0.0,0.0,134.2,58.45,0,0.0,0
2014-11-10,2014-11-27,OPTSTK,BPCL,840.0,PE,0.0,0.0,0.0,149.7,75.15,0,0.0,0
2014-11-10,2014-11-27,OPTSTK,BPCL,860.0,PE,0.0,0.0,0.0,165.75,93.05,0,0.0,0
2014-11-10,2014-11-27,OPTSTK,BPCL,880.0,PE,0.0,0.0,0.0,182.35,111.8,0,0.0,0
2014-11-10,2014-11-27,OPTSTK,BPCL,900.0,PE,0.0,0.0,0.0,199.4,131.1,0,0.0,0
2014-11-10,2014-12-24,OPTSTK,BPCL,460.0,CE,0.0,0.0,0.0,173.9,310.85,0,0.0,0
2014-11-10,2014-12-24,OPTSTK,BPCL,480.0,CE,0.0,0.0,0.0,156.35,291.05,0,0.0,0
2014-11-10,2014-12-24,OPTSTK,BPCL,500.0,CE,0.0,0.0,0.0,139.6,271.25,0,0.0,0
2014-11-10,2014-12-24,OPTSTK,BPCL,520.0,CE,0.0,0.0,0.0,123.65,251.5,0,0.0,0
2014-11-10,2014-12-24,OPTSTK,BPCL,540.0,CE,0.0,0.0,0.0,108.75,231.75,0,0.0,0
2014-11-10,2014-12-24,OPTSTK,BPCL,560.0,CE,0.0,0.0,0.0,94.9,212.05,0,0.0,0
2014-11-10,2014-12-24,OPTSTK,BPCL,580.0,CE,0.0,0.0,0.0,82.2,192.45,0,0.0,0
2014-11-10,2014-12-24,OPTSTK,BPCL,600.0,CE,0.0,0.0,0.0,70.7,173.1,0,0.0,0
2014-11-10,2014-12-24,OPTSTK,BPCL,620.0,CE,0.0,0.0,0.0,60.4,154.05,0,0.0,0
2014-11-10,2014-12-24,OPTSTK,BPCL,640.0,CE,0.0,0.0,0.0,51.2,135.55,0,0.0,0
2014-11-10,2014-12-24,OPTSTK,BPCL,660.0,CE,0.0,0.0,0.0,43.15,117.7,0,0.0,0
2014-11-10,2014-12-24,OPTSTK,BPCL,680.0,CE,0.0,0.0,0.0,36.1,100.85,0,0.0,0
2014-11-10,2014-12-24,OPTSTK,BPCL,700.0,CE,0.0,0.0,0.0,30.05,85.1,0,0.0,0
2014-11-10,2014-12-24,OPTSTK,BPCL,720.0,CE,0.0,0.0,0.0,24.9,70.7,0,0.0,0
2014-11-10,2014-12-24,OPTSTK,BPCL,740.0,CE,0.0,0.0,0.0,20.5,57.8,0,0.0,0
2014-11-10,2014-12-24,OPTSTK,BPCL,760.0,CE,0.0,0.0,0.0,16.8,46.5,0,0.0,0
2014-11-10,2014-12-24,OPTSTK,BPCL,780.0,CE,0.0,0.0,0.0,13.7,36.8,0,0.0,0
2014-11-10,2014-12-24,OPTSTK,BPCL,800.0,CE,0.0,0.0,0.0,11.1,28.6,0,0.0,0
2014-11-10,2014-12-24,OPTSTK,BPCL,820.0,CE,0.0,0.0,0.0,8.95,21.9,0,0.0,0
2014-11-10,2014-12-24,OPTSTK,BPCL,840.0,CE,0.0,0.0,0.0,7.2,16.55,0,0.0,0
2014-11-10,2014-12-24,OPTSTK,BPCL,860.0,CE,0.0,0.0,0.0,5.8,12.25,0,0.0,0
2014-11-10,2014-12-24,OPTSTK,BPCL,880.0,CE,0.0,0.0,0.0,4.65,8.95,0,0.0,0
2014-11-10,2014-12-24,OPTSTK,BPCL,900.0,CE,0.0,0.0,0.0,3.7,6.45,0,0.0,0
2014-11-10,2014-12-24,OPTSTK,BPCL,460.0,PE,0.0,0.0,0.0,3.6,0.0,0,0.0,0
2014-11-10,2014-12-24,OPTSTK,BPCL,480.0,PE,0.0,0.0,0.0,5.6,0.0,0,0.0,0
2014-11-10,2014-12-24,OPTSTK,BPCL,500.0,PE,0.0,0.0,0.0,8.4,0.05,0,0.0,0
2014-11-10,2014-12-24,OPTSTK,BPCL,520.0,PE,0.0,0.0,0.0,12.05,0.05,0,0.0,0
2014-11-10,2014-12-24,OPTSTK,BPCL,540.0,PE,0.0,0.0,0.0,16.7,0.1,0,0.0,0
2014-11-10,2014-12-24,OPTSTK,BPCL,560.0,PE,0.0,0.0,0.0,22.4,0.2,0,0.0,0
2014-11-10,2014-12-24,OPTSTK,BPCL,580.0,PE,0.0,0.0,0.0,29.25,0.4,0,0.0,0
2014-11-10,2014-12-24,OPTSTK,BPCL,600.0,PE,0.0,0.0,0.0,37.3,0.8,0,0.0,0
2014-11-10,2014-12-24,OPTSTK,BPCL,620.0,PE,0.0,0.0,0.0,46.55,1.6,0,0.0,0
2014-11-10,2014-12-24,OPTSTK,BPCL,640.0,PE,0.0,0.0,0.0,56.95,2.85,0,0.0,0
2014-11-10,2014-12-24,OPTSTK,BPCL,660.0,PE,0.0,0.0,0.0,68.45,4.8,0,0.0,0
2014-11-10,2014-12-24,OPTSTK,BPCL,680.0,PE,0.0,0.0,0.0,81.0,7.7,0,0.0,0
2014-11-10,2014-12-24,OPTSTK,BPCL,700.0,PE,0.0,0.0,0.0,94.5,11.75,0,0.0,0
2014-11-10,2014-12-24,OPTSTK,BPCL,720.0,PE,0.0,0.0,0.0,108.9,17.15,0,0.0,0
2014-11-10,2014-12-24,OPTSTK,BPCL,740.0,PE,0.0,0.0,0.0,124.1,24.05,0,0.0,0
2014-11-10,2014-12-24,OPTSTK,BPCL,760.0,PE,0.0,0.0,0.0,31.0,32.55,0,0.0,1000
2014-11-10,2014-12-24,OPTSTK,BPCL,780.0,PE,0.0,0.0,0.0,156.4,42.6,0,0.0,0
2014-11-10,2014-12-24,OPTSTK,BPCL,800.0,PE,0.0,0.0,0.0,173.35,54.25,0,0.0,0
2014-11-10,2014-12-24,OPTSTK,BPCL,820.0,PE,0.0,0.0,0.0,190.8,67.3,0,0.0,0
2014-11-10,2014-12-24,OPTSTK,BPCL,840.0,PE,0.0,0.0,0.0,208.6,81.75,0,0.0,0
2014-11-10,2014-12-24,OPTSTK,BPCL,860.0,PE,0.0,0.0,0.0,226.75,97.25,0,0.0,0
2014-11-10,2014-12-24,OPTSTK,BPCL,880.0,PE,0.0,0.0,0.0,245.15,113.75,0,0.0,0
2014-11-10,2014-12-24,OPTSTK,BPCL,900.0,PE,0.0,0.0,0.0,263.75,131.05,0,0.0,0
2014-11-10,2015-01-29,OPTSTK,BPCL,460.0,CE,0.0,0.0,0.0,252.25,314.75,0,0.0,0
2014-11-10,2015-01-29,OPTSTK,BPCL,480.0,CE,0.0,0.0,0.0,232.9,295.2,0,0.0,0
2014-11-10,2015-01-29,OPTSTK,BPCL,500.0,CE,0.0,0.0,0.0,213.8,275.7,0,0.0,0
2014-11-10,2015-01-29,OPTSTK,BPCL,520.0,CE,0.0,0.0,0.0,194.95,256.25,0,0.0,0
2014-11-10,2015-01-29,OPTSTK,BPCL,540.0,CE,0.0,0.0,0.0,176.5,236.95,0,0.0,0
2014-11-10,2015-01-29,OPTSTK,BPCL,560.0,CE,0.0,0.0,0.0,158.6,217.85,0,0.0,0
2014-11-10,2015-01-29,OPTSTK,BPCL,580.0,CE,0.0,0.0,0.0,141.4,199.1,0,0.0,0
2014-11-10,2015-01-29,OPTSTK,BPCL,600.0,CE,0.0,0.0,0.0,125.0,180.75,0,0.0,0
2014-11-10,2015-01-29,OPTSTK,BPCL,620.0,CE,0.0,0.0,0.0,109.55,162.95,0,0.0,0
2014-11-10,2015-01-29,OPTSTK,BPCL,640.0,CE,0.0,0.0,0.0,95.2,145.8,0,0.0,0
2014-11-10,2015-01-29,OPTSTK,BPCL,660.0,CE,0.0,0.0,0.0,81.95,129.45,0,0.0,0
2014-11-10,2015-01-29,OPTSTK,BPCL,680.0,CE,0.0,0.0,0.0,69.95,114.05,0,0.0,0
2014-11-10,2015-01-29,OPTSTK,BPCL,700.0,CE,0.0,0.0,0.0,59.2,99.7,0,0.0,0
2014-11-10,2015-01-29,OPTSTK,BPCL,720.0,CE,0.0,0.0,0.0,49.65,86.35,0,0.0,0
2014-11-10,2015-01-29,OPTSTK,BPCL,740.0,CE,0.0,0.0,0.0,41.3,74.25,0,0.0,0
2014-11-10,2015-01-29,OPTSTK,BPCL,760.0,CE,0.0,0.0,0.0,34.1,63.35,0,0.0,0
2014-11-10,2015-01-29,OPTSTK,BPCL,780.0,CE,0.0,0.0,0.0,27.9,53.55,0,0.0,0
2014-11-10,2015-01-29,OPTSTK,BPCL,800.0,CE,0.0,0.0,0.0,22.7,44.95,0,0.0,0
2014-11-10,2015-01-29,OPTSTK,BPCL,820.0,CE,0.0,0.0,0.0,18.35,37.45,0,0.0,0
2014-11-10,2015-01-29,OPTSTK,BPCL,840.0,CE,0.0,0.0,0.0,14.65,30.95,0,0.0,0
2014-11-10,2015-01-29,OPTSTK,BPCL,860.0,CE,0.0,0.0,0.0,11.7,25.4,0,0.0,0
2014-11-10,2015-01-29,OPTSTK,BPCL,880.0,CE,0.0,0.0,0.0,9.25,20.75,0,0.0,0
2014-11-10,2015-01-29,OPTSTK,BPCL,900.0,CE,0.0,0.0,0.0,7.25,16.8,0,0.0,0
2014-11-10,2015-01-29,OPTSTK,BPCL,460.0,PE,0.0,0.0,0.0,0.25,0.05,0,0.0,0
2014-11-10,2015-01-29,OPTSTK,BPCL,480.0,PE,0.0,0.0,0.0,0.5,0.1,0,0.0,0
2014-11-10,2015-01-29,OPTSTK,BPCL,500.0,PE,0.0,0.0,0.0,0.95,0.2,0,0.0,0
2014-11-10,2015-01-29,OPTSTK,BPCL,520.0,PE,0.0,0.0,0.0,1.65,0.4,0,0.0,0
2014-11-10,2015-01-29,OPTSTK,BPCL,540.0,PE,0.0,0.0,0.0,2.8,0.7,0,0.0,0
2014-11-10,2015-01-29,OPTSTK,BPCL,560.0,PE,0.0,0.0,0.0,4.45,1.25,0,0.0,0
2014-11-10,2015-01-29,OPTSTK,BPCL,580.0,PE,0.0,0.0,0.0,6.8,2.1,0,0.0,0
2014-11-10,2015-01-29,OPTSTK,BPCL,600.0,PE,0.0,0.0,0.0,10.0,3.35,0,0.0,0
2014-11-10,2015-01-29,OPTSTK,BPCL,620.0,PE,0.0,0.0,0.0,14.1,5.2,0,0.0,0
2014-11-10,2015-01-29,OPTSTK,BPCL,640.0,PE,0.0,0.0,0.0,19.35,7.65,0,0.0,0
2014-11-10,2015-01-29,OPTSTK,BPCL,660.0,PE,0.0,0.0,0.0,25.65,10.95,0,0.0,0
2014-11-10,2015-01-29,OPTSTK,BPCL,680.0,PE,0.0,0.0,0.0,33.25,15.15,0,0.0,0
2014-11-10,2015-01-29,OPTSTK,BPCL,700.0,PE,0.0,0.0,0.0,42.05,20.4,0,0.0,0
2014-11-10,2015-01-29,OPTSTK,BPCL,720.0,PE,0.0,0.0,0.0,52.05,26.75,0,0.0,0
2014-11-10,2015-01-29,OPTSTK,BPCL,740.0,PE,0.0,0.0,0.0,63.3,34.25,0,0.0,0
2014-11-10,2015-01-29,OPTSTK,BPCL,760.0,PE,0.0,0.0,0.0,75.65,42.9,0,0.0,0
2014-11-10,2015-01-29,OPTSTK,BPCL,780.0,PE,0.0,0.0,0.0,89.05,52.8,0,0.0,0
2014-11-10,2015-01-29,OPTSTK,BPCL,800.0,PE,0.0,0.0,0.0,103.4,63.8,0,0.0,0
2014-11-10,2015-01-29,OPTSTK,BPCL,820.0,PE,0.0,0.0,0.0,118.6,75.9,0,0.0,0
2014-11-10,2015-01-29,OPTSTK,BPCL,840.0,PE,0.0,0.0,0.0,134.5,89.05,0,0.0,0
2014-11-10,2015-01-29,OPTSTK,BPCL,860.0,PE,0.0,0.0,0.0,151.05,103.1,0,0.0,0
2014-11-10,2015-01-29,OPTSTK,BPCL,880.0,PE,0.0,0.0,0.0,168.2,118.05,0,0.0,0
2014-11-10,2015-01-29,OPTSTK,BPCL,900.0,PE,0.0,0.0,0.0,185.8,133.7,0,0.0,0
2014-11-10,2014-11-27,OPTSTK,CAIRN,225.0,CE,0.0,0.0,0.0,82.45,53.75,0,0.0,0
2014-11-10,2014-11-27,OPTSTK,CAIRN,230.0,CE,0.0,0.0,0.0,101.2,48.85,0,0.0,0
2014-11-10,2014-11-27,OPTSTK,CAIRN,235.0,CE,0.0,0.0,0.0,72.7,44.0,0,0.0,0
2014-11-10,2014-11-27,OPTSTK,CAIRN,240.0,CE,0.0,0.0,0.0,91.5,39.3,0,0.0,0
2014-11-10,2014-11-27,OPTSTK,CAIRN,245.0,CE,0.0,0.0,0.0,63.15,34.7,0,0.0,0
2014-11-10,2014-11-27,OPTSTK,CAIRN,250.0,CE,0.0,0.0,0.0,81.85,30.25,0,0.0,0
2014-11-10,2014-11-27,OPTSTK,CAIRN,255.0,CE,0.0,0.0,0.0,53.85,26.05,0,0.0,0
2014-11-10,2014-11-27,OPTSTK,CAIRN,260.0,CE,0.0,0.0,0.0,23.2,22.15,0,0.0,5000
2014-11-10,2014-11-27,OPTSTK,CAIRN,265.0,CE,13.25,13.3,13.25,13.3,13.3,11,30.61,11000
2014-11-10,2014-11-27,OPTSTK,CAIRN,270.0,CE,10.7,14.5,9.0,14.5,14.5,94,265.59,76000
2014-11-10,2014-11-27,OPTSTK,CAIRN,275.0,CE,9.35,10.15,6.8,8.9,8.9,74,209.45,57000
2014-11-10,2014-11-27,OPTSTK,CAIRN,280.0,CE,6.4,8.2,4.75,6.55,6.55,463,1327.36,441000
2014-11-10,2014-11-27,OPTSTK,CAIRN,285.0,CE,3.85,5.8,3.25,4.75,4.75,65,188.3,85000
2014-11-10,2014-11-27,OPTSTK,CAIRN,290.0,CE,3.3,4.0,2.35,3.35,3.35,351,1028.6,494000
2014-11-10,2014-11-27,OPTSTK,CAIRN,295.0,CE,2.0,2.55,1.95,2.15,2.15,22,65.36,98000
2014-11-10,2014-11-27,OPTSTK,CAIRN,300.0,CE,1.6,1.9,1.2,1.45,1.45,174,524.56,767000
2014-11-10,2014-11-27,OPTSTK,CAIRN,305.0,CE,1.1,1.15,1.0,1.05,1.05,11,33.66,28000
2014-11-10,2014-11-27,OPTSTK,CAIRN,310.0,CE,1.35,1.35,0.6,0.7,0.7,70,217.5,156000
2014-11-10,2014-11-27,OPTSTK,CAIRN,315.0,CE,0.0,0.0,0.0,0.4,1.3,0,0.0,13000
2014-11-10,2014-11-27,OPTSTK,CAIRN,320.0,CE,0.3,0.35,0.2,0.25,0.25,9,28.82,91000
2014-11-10,2014-11-27,OPTSTK,CAIRN,325.0,CE,0.0,0.0,0.0,9.0,0.65,0,0.0,0
2014-11-10,2014-11-27,OPTSTK,CAIRN,330.0,CE,0.0,0.0,0.0,0.25,0.45,0,0.0,12000
2014-11-10,2014-11-27,OPTSTK,CAIRN,335.0,CE,0.0,0.0,0.0,6.3,0.3,0,0.0,0
2014-11-10,2014-11-27,OPTSTK,CAIRN,340.0,CE,0.3,0.3,0.3,0.3,0.3,1,3.4,4000
2014-11-10,2014-11-27,OPTSTK,CAIRN,345.0,CE,0.0,0.0,0.0,4.25,0.15,0,0.0,0
2014-11-10,2014-11-27,OPTSTK,CAIRN,350.0,CE,0.0,0.0,0.0,0.3,0.1,0,0.0,12000
2014-11-10,2014-11-27,OPTSTK,CAIRN,355.0,CE,0.0,0.0,0.0,2.85,0.05,0,0.0,0
2014-11-10,2014-11-27,OPTSTK,CAIRN,360.0,CE,0.0,0.0,0.0,8.65,0.05,0,0.0,0
2014-11-10,2014-11-27,OPTSTK,CAIRN,365.0,CE,0.0,0.0,0.0,1.85,0.05,0,0.0,0
2014-11-10,2014-11-27,OPTSTK,CAIRN,370.0,CE,0.0,0.0,0.0,6.35,0.05,0,0.0,0
2014-11-10,2014-11-27,OPTSTK,CAIRN,375.0,CE,0.0,0.0,0.0,1.15,0.05,0,0.0,0
2014-11-10,2014-11-27,OPTSTK,CAIRN,380.0,CE,0.0,0.0,0.0,4.6,0.0,0,0.0,0
2014-11-10,2014-11-27,OPTSTK,CAIRN,385.0,CE,0.0,0.0,0.0,0.7,0.0,0,0.0,0
2014-11-10,2014-11-27,OPTSTK,CAIRN,390.0,CE,0.0,0.0,0.0,2.5,0.0,0,0.0,1000
2014-11-10,2014-11-27,OPTSTK,CAIRN,400.0,CE,0.0,0.0,0.0,2.25,0.0,0,0.0,0
2014-11-10,2014-11-27,OPTSTK,CAIRN,410.0,CE,0.0,0.0,0.0,1.55,0.0,0,0.0,0
2014-11-10,2014-11-27,OPTSTK,CAIRN,420.0,CE,0.0,0.0,0.0,1.05,0.0,0,0.0,0
2014-11-10,2014-11-27,OPTSTK,CAIRN,430.0,CE,0.0,0.0,0.0,0.7,0.0,0,0.0,0
2014-11-10,2014-11-27,OPTSTK,CAIRN,440.0,CE,0.0,0.0,0.0,0.5,0.0,0,0.0,0
2014-11-10,2014-11-27,OPTSTK,CAIRN,450.0,CE,0.0,0.0,0.0,0.3,0.0,0,0.0,0
2014-11-10,2014-11-27,OPTSTK,CAIRN,225.0,PE,0.0,0.0,0.0,0.1,0.1,0,0.0,0
2014-11-10,2014-11-27,OPTSTK,CAIRN,230.0,PE,0.0,0.0,0.0,0.05,0.2,0,0.0,0
2014-11-10,2014-11-27,OPTSTK,CAIRN,235.0,PE,0.0,0.0,0.0,0.2,0.35,0,0.0,0
2014-11-10,2014-11-27,OPTSTK,CAIRN,240.0,PE,0.2,0.2,0.15,0.15,0.15,2,4.8,2000
2014-11-10,2014-11-27,OPTSTK,CAIRN,245.0,PE,0.0,0.0,0.0,0.5,0.95,0,0.0,0
2014-11-10,2014-11-27,OPTSTK,CAIRN,250.0,PE,0.6,0.75,0.4,0.45,0.45,19,47.6,24000
2014-11-10,2014-11-27,OPTSTK,CAIRN,255.0,PE,0.0,0.0,0.0,1.05,2.3,0,0.0,0
2014-11-10,2014-11-27,OPTSTK,CAIRN,260.0,PE,1.35,1.7,1.0,1.05,1.05,51,133.22,137000
2014-11-10,2014-11-27,OPTSTK,CAIRN,265.0,PE,2.0,2.65,1.55,1.9,1.9,39,104.16,37000
2014-11-10,2014-11-27,OPTSTK,CAIRN,270.0,PE,3.5,4.7,2.35,2.8,2.8,142,387.98,167000
2014-11-10,2014-11-27,OPTSTK,CAIRN,275.0,PE,5.3,6.75,4.0,5.15,5.15,60,168.46,39000
2014-11-10,2014-11-27,OPTSTK,CAIRN,280.0,PE,7.55,9.4,5.85,7.35,7.35,136,391.03,173000
2014-11-10,2014-11-27,OPTSTK,CAIRN,285.0,PE,12.55,12.55,9.15,9.75,9.75,8,23.64,53000
2014-11-10,2014-11-27,OPTSTK,CAIRN,290.0,PE,16.3,16.3,12.5,13.55,13.55,26,79.04,97000
2014-11-10,2014-11-27,OPTSTK,CAIRN,295.0,PE,18.5,18.5,18.5,18.5,18.5,1,3.13,12000
2014-11-10,2014-11-27,OPTSTK,CAIRN,300.0,PE,25.5,25.5,21.7,21.7,21.7,7,22.61,56000
2014-11-10,2014-11-27,OPTSTK,CAIRN,305.0,PE,0.0,0.0,0.0,26.0,28.55,0,0.0,2000
2014-11-10,2014-11-27,OPTSTK,CAIRN,310.0,PE,30.0,30.0,30.0,30.0,30.0,1,3.4,32000
2014-11-10,2014-11-27,OPTSTK,CAIRN,315.0,PE,0.0,0.0,0.0,18.85,37.3,0,0.0,0
2014-11-10,2014-11-27,OPTSTK,CAIRN,320.0,PE,39.5,41.0,39.5,41.0,41.0,2,7.2,35000
2014-11-10,2014-11-27,OPTSTK,CAIRN,325.0,PE,0.0,0.0,0.0,25.1,46.6,0,0.0,0
2014-11-10,2014-11-27,OPTSTK,CAIRN,330.0,PE,0.0,0.0,0.0,43.95,51.4,0,0.0,15000
2014-11-10,2014-11-27,OPTSTK,CAIRN,335.0,PE,0.0,0.0,0.0,32.25,56.2,0,0.0,0
2014-11-10,2014-11-27,OPTSTK,CAIRN,340.0,PE,0.0,0.0,0.0,58.0,61.1,0,0.0,18000
2014-11-10,2014-11-27,OPTSTK,CAIRN,345.0,PE,0.0,0.0,0.0,40.1,66.05,0,0.0,0
2014-11-10,2014-11-27,OPTSTK,CAIRN,350.0,PE,0.0,0.0,0.0,65.45,70.95,0,0.0,1000
2014-11-10,2014-11-27,OPTSTK,CAIRN,355.0,PE,0.0,0.0,0.0,48.5,75.9,0,0.0,0
2014-11-10,2014-11-27,OPTSTK,CAIRN,360.0,PE,0.0,0.0,0.0,34.75,80.9,0,0.0,0
2014-11-10,2014-11-27,OPTSTK,CAIRN,365.0,PE,0.0,0.0,0.0,57.35,85.85,0,0.0,0
2014-11-10,2014-11-27,OPTSTK,CAIRN,370.0,PE,0.0,0.0,0.0,42.25,90.8,0,0.0,0
2014-11-10,2014-11-27,OPTSTK,CAIRN,375.0,PE,0.0,0.0,0.0,66.5,95.8,0,0.0,0
2014-11-10,2014-11-27,OPTSTK,CAIRN,380.0,PE,0.0,0.0,0.0,50.25,100.75,0,0.0,0
2014-11-10,2014-11-27,OPTSTK,CAIRN,385.0,PE,0.0,0.0,0.0,75.95,105.75,0,0.0,0
2014-11-10,2014-11-27,OPTSTK,CAIRN,390.0,PE,0.0,0.0,0.0,58.7,110.75,0,0.0,0
2014-11-10,2014-11-27,OPTSTK,CAIRN,400.0,PE,0.0,0.0,0.0,67.5,120.7,0,0.0,0
2014-11-10,2014-11-27,OPTSTK,CAIRN,410.0,PE,0.0,0.0,0.0,76.6,130.65,0,0.0,0
2014-11-10,2014-11-27,OPTSTK,CAIRN,420.0,PE,0.0,0.0,0.0,85.9,140.6,0,0.0,0
2014-11-10,2014-11-27,OPTSTK,CAIRN,430.0,PE,0.0,0.0,0.0,95.35,150.55,0,0.0,0
2014-11-10,2014-11-27,OPTSTK,CAIRN,440.0,PE,0.0,0.0,0.0,104.9,160.55,0,0.0,0
2014-11-10,2014-11-27,OPTSTK,CAIRN,450.0,PE,0.0,0.0,0.0,114.5,170.5,0,0.0,0
2014-11-10,2014-12-24,OPTSTK,CAIRN,225.0,CE,0.0,0.0,0.0,84.05,56.3,0,0.0,0
2014-11-10,2014-12-24,OPTSTK,CAIRN,230.0,CE,0.0,0.0,0.0,79.3,51.85,0,0.0,0
2014-11-10,2014-12-24,OPTSTK,CAIRN,235.0,CE,0.0,0.0,0.0,74.55,47.5,0,0.0,0
2014-11-10,2014-12-24,OPTSTK,CAIRN,240.0,CE,0.0,0.0,0.0,69.9,43.3,0,0.0,0
2014-11-10,2014-12-24,OPTSTK,CAIRN,245.0,CE,0.0,0.0,0.0,65.3,39.25,0,0.0,0
2014-11-10,2014-12-24,OPTSTK,CAIRN,250.0,CE,0.0,0.0,0.0,60.75,35.45,0,0.0,0
2014-11-10,2014-12-24,OPTSTK,CAIRN,255.0,CE,0.0,0.0,0.0,56.35,31.8,0,0.0,0
2014-11-10,2014-12-24,OPTSTK,CAIRN,260.0,CE,0.0,0.0,0.0,52.05,28.4,0,0.0,0
2014-11-10,2014-12-24,OPTSTK,CAIRN,265.0,CE,0.0,0.0,0.0,47.9,25.2,0,0.0,0
2014-11-10,2014-12-24,OPTSTK,CAIRN,270.0,CE,0.0,0.0,0.0,43.9,22.25,0,0.0,0
2014-11-10,2014-12-24,OPTSTK,CAIRN,275.0,CE,0.0,0.0,0.0,40.05,19.55,0,0.0,0
2014-11-10,2014-12-24,OPTSTK,CAIRN,280.0,CE,0.0,0.0,0.0,9.0,17.05,0,0.0,1000
2014-11-10,2014-12-24,OPTSTK,CAIRN,285.0,CE,0.0,0.0,0.0,32.9,14.8,0,0.0,0
2014-11-10,2014-12-24,OPTSTK,CAIRN,290.0,CE,0.0,0.0,0.0,6.0,12.8,0,0.0,1000
2014-11-10,2014-12-24,OPTSTK,CAIRN,295.0,CE,0.0,0.0,0.0,26.6,11.0,0,0.0,0
2014-11-10,2014-12-24,OPTSTK,CAIRN,300.0,CE,0.0,0.0,0.0,4.0,9.4,0,0.0,6000
2014-11-10,2014-12-24,OPTSTK,CAIRN,305.0,CE,0.0,0.0,0.0,21.1,8.0,0,0.0,0
2014-11-10,2014-12-24,OPTSTK,CAIRN,310.0,CE,0.0,0.0,0.0,18.65,6.8,0,0.0,0
2014-11-10,2014-12-24,OPTSTK,CAIRN,315.0,CE,0.0,0.0,0.0,16.45,5.7,0,0.0,0
2014-11-10,2014-12-24,OPTSTK,CAIRN,320.0,CE,0.0,0.0,0.0,14.4,4.8,0,0.0,0
2014-11-10,2014-12-24,OPTSTK,CAIRN,325.0,CE,0.0,0.0,0.0,12.6,4.0,0,0.0,0
2014-11-10,2014-12-24,OPTSTK,CAIRN,330.0,CE,0.0,0.0,0.0,10.95,3.35,0,0.0,0
2014-11-10,2014-12-24,OPTSTK,CAIRN,335.0,CE,0.0,0.0,0.0,9.5,2.75,0,0.0,0
2014-11-10,2014-12-24,OPTSTK,CAIRN,340.0,CE,0.0,0.0,0.0,8.2,2.25,0,0.0,0
2014-11-10,2014-12-24,OPTSTK,CAIRN,345.0,CE,0.0,0.0,0.0,7.05,1.85,0,0.0,0
2014-11-10,2014-12-24,OPTSTK,CAIRN,350.0,CE,0.0,0.0,0.0,6.0,1.5,0,0.0,0
2014-11-10,2014-12-24,OPTSTK,CAIRN,355.0,CE,0.0,0.0,0.0,5.15,1.25,0,0.0,0
2014-11-10,2014-12-24,OPTSTK,CAIRN,360.0,CE,0.0,0.0,0.0,4.35,1.0,0,0.0,0
2014-11-10,2014-12-24,OPTSTK,CAIRN,365.0,CE,0.0,0.0,0.0,3.7,0.8,0,0.0,0
2014-11-10,2014-12-24,OPTSTK,CAIRN,370.0,CE,0.0,0.0,0.0,3.1,0.65,0,0.0,0
2014-11-10,2014-12-24,OPTSTK,CAIRN,375.0,CE,0.0,0.0,0.0,2.6,0.55,0,0.0,0
2014-11-10,2014-12-24,OPTSTK,CAIRN,380.0,CE,0.0,0.0,0.0,2.2,0.45,0,0.0,0
2014-11-10,2014-12-24,OPTSTK,CAIRN,385.0,CE,0.0,0.0,0.0,1.85,0.35,0,0.0,0
2014-11-10,2014-12-24,OPTSTK,CAIRN,390.0,CE,0.0,0.0,0.0,1.55,0.3,0,0.0,0
2014-11-10,2014-12-24,OPTSTK,CAIRN,395.0,CE,0.0,0.0,0.0,1.25,0.2,0,0.0,0
2014-11-10,2014-12-24,OPTSTK,CAIRN,400.0,CE,0.0,0.0,0.0,1.05,0.2,0,0.0,0
2014-11-10,2014-12-24,OPTSTK,CAIRN,405.0,CE,0.0,0.0,0.0,0.85,0.15,0,0.0,0
2014-11-10,2014-12-24,OPTSTK,CAIRN,225.0,PE,0.0,0.0,0.0,0.25,1.2,0,0.0,0
2014-11-10,2014-12-24,OPTSTK,CAIRN,230.0,PE,0.0,0.0,0.0,0.35,1.7,0,0.0,0
2014-11-10,2014-12-24,OPTSTK,CAIRN,235.0,PE,0.0,0.0,0.0,0.55,2.3,0,0.0,0
2014-11-10,2014-12-24,OPTSTK,CAIRN,240.0,PE,0.0,0.0,0.0,0.75,3.05,0,0.0,0
2014-11-10,2014-12-24,OPTSTK,CAIRN,245.0,PE,0.0,0.0,0.0,1.05,3.95,0,0.0,0
2014-11-10,2014-12-24,OPTSTK,CAIRN,250.0,PE,0.0,0.0,0.0,1.4,5.05,0,0.0,0
2014-11-10,2014-12-24,OPTSTK,CAIRN,255.0,PE,0.0,0.0,0.0,1.9,6.4,0,0.0,0
2014-11-10,2014-12-24,OPTSTK,CAIRN,260.0,PE,0.0,0.0,0.0,2.5,7.9,0,0.0,0
2014-11-10,2014-12-24,OPTSTK,CAIRN,265.0,PE,0.0,0.0,0.0,3.25,9.7,0,0.0,0
2014-11-10,2014-12-24,OPTSTK,CAIRN,270.0,PE,0.0,0.0,0.0,4.1,11.65,0,0.0,0
2014-11-10,2014-12-24,OPTSTK,CAIRN,275.0,PE,0.0,0.0,0.0,5.15,13.9,0,0.0,0
2014-11-10,2014-12-24,OPTSTK,CAIRN,280.0,PE,0.0,0.0,0.0,6.4,16.4,0,0.0,0
2014-11-10,2014-12-24,OPTSTK,CAIRN,285.0,PE,0.0,0.0,0.0,7.8,19.1,0,0.0,0
2014-11-10,2014-12-24,OPTSTK,CAIRN,290.0,PE,0.0,0.0,0.0,9.45,22.0,0,0.0,0
2014-11-10,2014-12-24,OPTSTK,CAIRN,295.0,PE,0.0,0.0,0.0,11.25,25.15,0,0.0,0
2014-11-10,2014-12-24,OPTSTK,CAIRN,300.0,PE,0.0,0.0,0.0,13.3,28.5,0,0.0,0
2014-11-10,2014-12-24,OPTSTK,CAIRN,305.0,PE,0.0,0.0,0.0,15.55,32.05,0,0.0,0
2014-11-10,2014-12-24,OPTSTK,CAIRN,310.0,PE,0.0,0.0,0.0,18.0,35.8,0,0.0,0
2014-11-10,2014-12-24,OPTSTK,CAIRN,315.0,PE,0.0,0.0,0.0,20.65,39.65,0,0.0,0
2014-11-10,2014-12-24,OPTSTK,CAIRN,320.0,PE,0.0,0.0,0.0,23.55,43.7,0,0.0,0
2014-11-10,2014-12-24,OPTSTK,CAIRN,325.0,PE,0.0,0.0,0.0,26.6,47.85,0,0.0,0
2014-11-10,2014-12-24,OPTSTK,CAIRN,330.0,PE,0.0,0.0,0.0,29.85,52.1,0,0.0,0
2014-11-10,2014-12-24,OPTSTK,CAIRN,335.0,PE,0.0,0.0,0.0,33.3,56.5,0,0.0,0
2014-11-10,2014-12-24,OPTSTK,CAIRN,340.0,PE,0.0,0.0,0.0,36.9,60.95,0,0.0,0
2014-11-10,2014-12-24,OPTSTK,CAIRN,345.0,PE,0.0,0.0,0.0,40.6,65.5,0,0.0,0
2014-11-10,2014-12-24,OPTSTK,CAIRN,350.0,PE,0.0,0.0,0.0,44.5,70.1,0,0.0,0
2014-11-10,2014-12-24,OPTSTK,CAIRN,355.0,PE,0.0,0.0,0.0,48.5,74.8,0,0.0,0
2014-11-10,2014-12-24,OPTSTK,CAIRN,360.0,PE,0.0,0.0,0.0,52.6,79.5,0,0.0,0
2014-11-10,2014-12-24,OPTSTK,CAIRN,365.0,PE,0.0,0.0,0.0,56.85,84.25,0,0.0,0
2014-11-10,2014-12-24,OPTSTK,CAIRN,370.0,PE,0.0,0.0,0.0,61.15,89.05,0,0.0,0
2014-11-10,2014-12-24,OPTSTK,CAIRN,375.0,PE,0.0,0.0,0.0,65.55,93.85,0,0.0,0
2014-11-10,2014-12-24,OPTSTK,CAIRN,380.0,PE,0.0,0.0,0.0,70.0,98.7,0,0.0,0
2014-11-10,2014-12-24,OPTSTK,CAIRN,385.0,PE,0.0,0.0,0.0,74.55,103.55,0,0.0,0
2014-11-10,2014-12-24,OPTSTK,CAIRN,390.0,PE,0.0,0.0,0.0,79.1,108.45,0,0.0,0
2014-11-10,2014-12-24,OPTSTK,CAIRN,395.0,PE,0.0,0.0,0.0,83.75,113.35,0,0.0,0
2014-11-10,2014-12-24,OPTSTK,CAIRN,400.0,PE,0.0,0.0,0.0,88.45,118.25,0,0.0,0
2014-11-10,2014-12-24,OPTSTK,CAIRN,405.0,PE,0.0,0.0,0.0,93.15,123.15,0,0.0,0
2014-11-10,2015-01-29,OPTSTK,CAIRN,225.0,CE,0.0,0.0,0.0,65.2,60.3,0,0.0,0
2014-11-10,2015-01-29,OPTSTK,CAIRN,230.0,CE,0.0,0.0,0.0,61.05,56.2,0,0.0,0
2014-11-10,2015-01-29,OPTSTK,CAIRN,235.0,CE,0.0,0.0,0.0,57.0,52.25,0,0.0,0
2014-11-10,2015-01-29,OPTSTK,CAIRN,240.0,CE,0.0,0.0,0.0,53.1,48.45,0,0.0,0
2014-11-10,2015-01-29,OPTSTK,CAIRN,245.0,CE,0.0,0.0,0.0,49.35,44.8,0,0.0,0
2014-11-10,2015-01-29,OPTSTK,CAIRN,250.0,CE,0.0,0.0,0.0,45.75,41.3,0,0.0,0
2014-11-10,2015-01-29,OPTSTK,CAIRN,255.0,CE,0.0,0.0,0.0,42.3,37.95,0,0.0,0
2014-11-10,2015-01-29,OPTSTK,CAIRN,260.0,CE,0.0,0.0,0.0,39.0,34.85,0,0.0,0
2014-11-10,2015-01-29,OPTSTK,CAIRN,265.0,CE,0.0,0.0,0.0,35.9,31.85,0,0.0,0
2014-11-10,2015-01-29,OPTSTK,CAIRN,270.0,CE,0.0,0.0,0.0,32.95,29.05,0,0.0,0
2014-11-10,2015-01-29,OPTSTK,CAIRN,275.0,CE,0.0,0.0,0.0,30.2,26.45,0,0.0,0
2014-11-10,2015-01-29,OPTSTK,CAIRN,280.0,CE,0.0,0.0,0.0,27.6,24.0,0,0.0,0
2014-11-10,2015-01-29,OPTSTK,CAIRN,285.0,CE,0.0,0.0,0.0,25.15,21.7,0,0.0,0
2014-11-10,2015-01-29,OPTSTK,CAIRN,290.0,CE,0.0,0.0,0.0,22.85,19.6,0,0.0,0
2014-11-10,2015-01-29,OPTSTK,CAIRN,295.0,CE,0.0,0.0,0.0,20.75,17.65,0,0.0,0
2014-11-10,2015-01-29,OPTSTK,CAIRN,300.0,CE,0.0,0.0,0.0,18.75,15.85,0,0.0,0
2014-11-10,2015-01-29,OPTSTK,CAIRN,305.0,CE,0.0,0.0,0.0,16.95,14.25,0,0.0,0
2014-11-10,2015-01-29,OPTSTK,CAIRN,310.0,CE,0.0,0.0,0.0,15.3,12.75,0,0.0,0
2014-11-10,2015-01-29,OPTSTK,CAIRN,315.0,CE,0.0,0.0,0.0,13.75,11.35,0,0.0,0
2014-11-10,2015-01-29,OPTSTK,CAIRN,320.0,CE,0.0,0.0,0.0,12.35,10.15,0,0.0,0
2014-11-10,2015-01-29,OPTSTK,CAIRN,325.0,CE,0.0,0.0,0.0,11.1,9.0,0,0.0,0
2014-11-10,2015-01-29,OPTSTK,CAIRN,330.0,CE,0.0,0.0,0.0,9.9,8.0,0,0.0,0
2014-11-10,2015-01-29,OPTSTK,CAIRN,335.0,CE,0.0,0.0,0.0,8.85,7.05,0,0.0,0
2014-11-10,2015-01-29,OPTSTK,CAIRN,340.0,CE,0.0,0.0,0.0,7.9,6.25,0,0.0,0
2014-11-10,2015-01-29,OPTSTK,CAIRN,345.0,CE,0.0,0.0,0.0,7.0,5.5,0,0.0,0
2014-11-10,2015-01-29,OPTSTK,CAIRN,350.0,CE,0.0,0.0,0.0,6.25,4.85,0,0.0,0
2014-11-10,2015-01-29,OPTSTK,CAIRN,355.0,CE,0.0,0.0,0.0,5.55,4.25,0,0.0,0
2014-11-10,2015-01-29,OPTSTK,CAIRN,360.0,CE,0.0,0.0,0.0,4.9,3.75,0,0.0,0
2014-11-10,2015-01-29,OPTSTK,CAIRN,365.0,CE,0.0,0.0,0.0,4.35,3.3,0,0.0,0
2014-11-10,2015-01-29,OPTSTK,CAIRN,370.0,CE,0.0,0.0,0.0,3.85,2.9,0,0.0,0
2014-11-10,2015-01-29,OPTSTK,CAIRN,375.0,CE,0.0,0.0,0.0,3.4,2.5,0,0.0,0
2014-11-10,2015-01-29,OPTSTK,CAIRN,380.0,CE,0.0,0.0,0.0,3.0,2.2,0,0.0,0
2014-11-10,2015-01-29,OPTSTK,CAIRN,225.0,PE,0.0,0.0,0.0,3.0,3.3,0,0.0,0
2014-11-10,2015-01-29,OPTSTK,CAIRN,230.0,PE,0.0,0.0,0.0,3.7,4.1,0,0.0,0
2014-11-10,2015-01-29,OPTSTK,CAIRN,235.0,PE,0.0,0.0,0.0,4.6,5.05,0,0.0,0
2014-11-10,2015-01-29,OPTSTK,CAIRN,240.0,PE,0.0,0.0,0.0,5.6,6.15,0,0.0,0
2014-11-10,2015-01-29,OPTSTK,CAIRN,245.0,PE,0.0,0.0,0.0,6.7,7.4,0,0.0,0
2014-11-10,2015-01-29,OPTSTK,CAIRN,250.0,PE,0.0,0.0,0.0,8.0,8.8,0,0.0,0
2014-11-10,2015-01-29,OPTSTK,CAIRN,255.0,PE,0.0,0.0,0.0,9.45,10.4,0,0.0,0
2014-11-10,2015-01-29,OPTSTK,CAIRN,260.0,PE,0.0,0.0,0.0,11.05,12.15,0,0.0,0
2014-11-10,2015-01-29,OPTSTK,CAIRN,265.0,PE,0.0,0.0,0.0,12.85,14.1,0,0.0,0
2014-11-10,2015-01-29,OPTSTK,CAIRN,270.0,PE,0.0,0.0,0.0,14.8,16.2,0,0.0,0
2014-11-10,2015-01-29,OPTSTK,CAIRN,275.0,PE,0.0,0.0,0.0,16.9,18.45,0,0.0,0
2014-11-10,2015-01-29,OPTSTK,CAIRN,280.0,PE,0.0,0.0,0.0,19.2,20.95,0,0.0,0
2014-11-10,2015-01-29,OPTSTK,CAIRN,285.0,PE,0.0,0.0,0.0,21.65,23.55,0,0.0,0
2014-11-10,2015-01-29,OPTSTK,CAIRN,290.0,PE,0.0,0.0,0.0,24.25,26.35,0,0.0,0
2014-11-10,2015-01-29,OPTSTK,CAIRN,295.0,PE,0.0,0.0,0.0,27.0,29.3,0,0.0,0
2014-11-10,2015-01-29,OPTSTK,CAIRN,300.0,PE,0.0,0.0,0.0,29.95,32.45,0,0.0,0
2014-11-10,2015-01-29,OPTSTK,CAIRN,305.0,PE,0.0,0.0,0.0,33.05,35.7,0,0.0,0
2014-11-10,2015-01-29,OPTSTK,CAIRN,310.0,PE,0.0,0.0,0.0,36.25,39.1,0,0.0,0
2014-11-10,2015-01-29,OPTSTK,CAIRN,315.0,PE,0.0,0.0,0.0,39.6,42.65,0,0.0,0
2014-11-10,2015-01-29,OPTSTK,CAIRN,320.0,PE,0.0,0.0,0.0,43.1,46.3,0,0.0,0
2014-11-10,2015-01-29,OPTSTK,CAIRN,325.0,PE,0.0,0.0,0.0,46.7,50.1,0,0.0,0
2014-11-10,2015-01-29,OPTSTK,CAIRN,330.0,PE,0.0,0.0,0.0,50.45,54.0,0,0.0,0
2014-11-10,2015-01-29,OPTSTK,CAIRN,335.0,PE,0.0,0.0,0.0,54.3,57.95,0,0.0,0
2014-11-10,2015-01-29,OPTSTK,CAIRN,340.0,PE,0.0,0.0,0.0,58.2,62.05,0,0.0,0
2014-11-10,2015-01-29,OPTSTK,CAIRN,345.0,PE,0.0,0.0,0.0,62.25,66.25,0,0.0,0
2014-11-10,2015-01-29,OPTSTK,CAIRN,350.0,PE,0.0,0.0,0.0,66.35,70.5,0,0.0,0
2014-11-10,2015-01-29,OPTSTK,CAIRN,355.0,PE,0.0,0.0,0.0,70.55,74.8,0,0.0,0
2014-11-10,2015-01-29,OPTSTK,CAIRN,360.0,PE,0.0,0.0,0.0,74.8,79.2,0,0.0,0
2014-11-10,2015-01-29,OPTSTK,CAIRN,365.0,PE,0.0,0.0,0.0,79.1,83.6,0,0.0,0
2014-11-10,2015-01-29,OPTSTK,CAIRN,370.0,PE,0.0,0.0,0.0,83.5,88.1,0,0.0,0
2014-11-10,2015-01-29,OPTSTK,CAIRN,375.0,PE,0.0,0.0,0.0,87.95,92.65,0,0.0,0
2014-11-10,2015-01-29,OPTSTK,CAIRN,380.0,PE,0.0,0.0,0.0,92.45,97.25,0,0.0,0
2014-11-10,2014-11-27,OPTSTK,CANBK,250.0,CE,0.0,0.0,0.0,97.4,146.2,0,0.0,0
2014-11-10,2014-11-27,OPTSTK,CANBK,260.0,CE,0.0,0.0,0.0,124.5,136.25,0,0.0,0
2014-11-10,2014-11-27,OPTSTK,CANBK,270.0,CE,0.0,0.0,0.0,80.05,126.3,0,0.0,0
2014-11-10,2014-11-27,OPTSTK,CANBK,280.0,CE,0.0,0.0,0.0,106.1,116.35,0,0.0,0
2014-11-10,2014-11-27,OPTSTK,CANBK,290.0,CE,0.0,0.0,0.0,64.2,106.35,0,0.0,0
2014-11-10,2014-11-27,OPTSTK,CANBK,300.0,CE,0.0,0.0,0.0,88.65,96.4,0,0.0,0
2014-11-10,2014-11-27,OPTSTK,CANBK,310.0,CE,0.0,0.0,0.0,50.3,86.45,0,0.0,0
2014-11-10,2014-11-27,OPTSTK,CANBK,320.0,CE,0.0,0.0,0.0,72.6,76.55,0,0.0,0
2014-11-10,2014-11-27,OPTSTK,CANBK,330.0,CE,0.0,0.0,0.0,38.45,66.7,0,0.0,0
2014-11-10,2014-11-27,OPTSTK,CANBK,340.0,CE,0.0,0.0,0.0,58.2,57.05,0,0.0,0
2014-11-10,2014-11-27,OPTSTK,CANBK,350.0,CE,0.0,0.0,0.0,28.75,47.65,0,0.0,0
2014-11-10,2014-11-27,OPTSTK,CANBK,360.0,CE,0.0,0.0,0.0,29.25,38.8,0,0.0,0
2014-11-10,2014-11-27,OPTSTK,CANBK,370.0,CE,30.85,30.9,29.3,29.3,29.3,8,32.03,2000
2014-11-10,2014-11-27,OPTSTK,CANBK,380.0,CE,29.5,29.5,22.15,22.25,22.25,4,16.2,10000
2014-11-10,2014-11-27,OPTSTK,CANBK,390.0,CE,20.6,21.0,14.15,15.9,15.9,33,134.18,26000
2014-11-10,2014-11-27,OPTSTK,CANBK,400.0,CE,15.7,16.6,10.15,11.3,11.3,233,959.54,107000
2014-11-10,2014-11-27,OPTSTK,CANBK,410.0,CE,11.6,11.85,6.7,7.45,7.45,208,869.8,97000
2014-11-10,2014-11-27,OPTSTK,CANBK,420.0,CE,7.75,8.15,4.4,4.95,4.95,218,927.88,199000
2014-11-10,2014-11-27,OPTSTK,CANBK,430.0,CE,4.25,5.45,2.8,3.2,3.2,70,303.64,90000
2014-11-10,2014-11-27,OPTSTK,CANBK,440.0,CE,3.1,3.2,1.75,2.0,2.0,33,145.97,82000
2014-11-10,2014-11-27,OPTSTK,CANBK,450.0,CE,0.8,2.35,0.8,1.25,1.25,57,257.39,44000
2014-11-10,2014-11-27,OPTSTK,CANBK,460.0,CE,1.45,1.45,1.4,1.4,1.4,3,13.84,37000
2014-11-10,2014-11-27,OPTSTK,CANBK,470.0,CE,0.7,0.7,0.45,0.45,0.45,3,14.11,18000
2014-11-10,2014-11-27,OPTSTK,CANBK,480.0,CE,0.0,0.0,0.0,0.9,0.2,0,0.0,5000
2014-11-10,2014-11-27,OPTSTK,CANBK,490.0,CE,0.25,0.25,0.25,0.25,0.25,2,9.8,9000
2014-11-10,2014-11-27,OPTSTK,CANBK,500.0,CE,0.0,0.0,0.0,0.5,0.05,0,0.0,2000
2014-11-10,2014-11-27,OPTSTK,CANBK,510.0,CE,0.0,0.0,0.0,1.55,0.05,0,0.0,0
2014-11-10,2014-11-27,OPTSTK,CANBK,520.0,CE,0.0,0.0,0.0,3.55,0.05,0,0.0,0
2014-11-10,2014-11-27,OPTSTK,CANBK,530.0,CE,0.0,0.0,0.0,2.25,0.0,0,0.0,0
2014-11-10,2014-11-27,OPTSTK,CANBK,540.0,CE,0.0,0.0,0.0,2.4,0.0,0,0.0,0
2014-11-10,2014-11-27,OPTSTK,CANBK,550.0,CE,0.0,0.0,0.0,0.7,0.0,0,0.0,0
2014-11-10,2014-11-27,OPTSTK,CANBK,560.0,CE,0.0,0.0,0.0,1.65,0.0,0,0.0,0
2014-11-10,2014-11-27,OPTSTK,CANBK,250.0,PE,0.0,0.0,0.0,2.0,0.0,0,0.0,0
2014-11-10,2014-11-27,OPTSTK,CANBK,260.0,PE,0.0,0.0,0.0,0.85,0.0,0,0.0,0
2014-11-10,2014-11-27,OPTSTK,CANBK,270.0,PE,0.0,0.0,0.0,4.3,0.0,0,0.0,0
2014-11-10,2014-11-27,OPTSTK,CANBK,280.0,PE,0.0,0.0,0.0,2.0,0.0,0,0.0,0
2014-11-10,2014-11-27,OPTSTK,CANBK,290.0,PE,0.0,0.0,0.0,8.2,0.0,0,0.0,0
2014-11-10,2014-11-27,OPTSTK,CANBK,300.0,PE,0.0,0.0,0.0,4.15,0.05,0,0.0,0
2014-11-10,2014-11-27,OPTSTK,CANBK,310.0,PE,0.0,0.0,0.0,13.95,0.05,0,0.0,0
2014-11-10,2014-11-27,OPTSTK,CANBK,320.0,PE,0.0,0.0,0.0,7.65,0.1,0,0.0,0
2014-11-10,2014-11-27,OPTSTK,CANBK,330.0,PE,0.45,0.45,0.45,0.45,0.45,1,3.3,34000
2014-11-10,2014-11-27,OPTSTK,CANBK,340.0,PE,1.0,1.1,1.0,1.1,1.1,2,6.82,10000
2014-11-10,2014-11-27,OPTSTK,CANBK,350.0,PE,1.55,1.8,1.4,1.5,1.5,19,66.79,63000
2014-11-10,2014-11-27,OPTSTK,CANBK,360.0,PE,1.85,2.9,1.85,2.55,2.55,24,87.02,48000
2014-11-10,2014-11-27,OPTSTK,CANBK,370.0,PE,2.85,4.7,2.8,3.85,3.85,50,186.93,39000
2014-11-10,2014-11-27,OPTSTK,CANBK,380.0,PE,4.8,7.9,4.7,6.8,6.8,97,375.19,81000
2014-11-10,2014-11-27,OPTSTK,CANBK,390.0,PE,8.3,12.0,7.5,10.15,10.15,147,588.4,80000
2014-11-10,2014-11-27,OPTSTK,CANBK,400.0,PE,10.65,17.15,10.65,15.4,15.4,268,1111.01,91000
2014-11-10,2014-11-27,OPTSTK,CANBK,410.0,PE,16.9,23.6,16.9,21.45,21.45,54,232.72,27000
2014-11-10,2014-11-27,OPTSTK,CANBK,420.0,PE,25.05,31.25,25.05,28.7,28.7,30,134.58,35000
2014-11-10,2014-11-27,OPTSTK,CANBK,430.0,PE,36.1,38.3,36.1,38.3,38.3,8,37.31,8000
2014-11-10,2014-11-27,OPTSTK,CANBK,440.0,PE,0.0,0.0,0.0,32.2,45.15,0,0.0,1000
2014-11-10,2014-11-27,OPTSTK,CANBK,450.0,PE,0.0,0.0,0.0,106.6,54.25,0,0.0,0
2014-11-10,2014-11-27,OPTSTK,CANBK,460.0,PE,0.0,0.0,0.0,82.35,63.65,0,0.0,0
2014-11-10,2014-11-27,OPTSTK,CANBK,470.0,PE,0.0,0.0,0.0,124.65,73.35,0,0.0,0
2014-11-10,2014-11-27,OPTSTK,CANBK,480.0,PE,0.0,0.0,0.0,98.95,83.1,0,0.0,0
2014-11-10,2014-11-27,OPTSTK,CANBK,490.0,PE,0.0,0.0,0.0,143.2,93.0,0,0.0,0
2014-11-10,2014-11-27,OPTSTK,CANBK,500.0,PE,0.0,0.0,0.0,116.35,102.9,0,0.0,0
2014-11-10,2014-11-27,OPTSTK,CANBK,510.0,PE,0.0,0.0,0.0,162.15,112.85,0,0.0,0
2014-11-10,2014-11-27,OPTSTK,CANBK,520.0,PE,0.0,0.0,0.0,134.35,122.8,0,0.0,0
2014-11-10,2014-11-27,OPTSTK,CANBK,530.0,PE,0.0,0.0,0.0,165.15,132.75,0,0.0,0
2014-11-10,2014-11-27,OPTSTK,CANBK,540.0,PE,0.0,0.0,0.0,152.8,142.7,0,0.0,0
2014-11-10,2014-11-27,OPTSTK,CANBK,550.0,PE,0.0,0.0,0.0,175.05,152.65,0,0.0,0
2014-11-10,2014-11-27,OPTSTK,CANBK,560.0,PE,0.0,0.0,0.0,171.6,162.6,0,0.0,0
2014-11-10,2014-12-24,OPTSTK,CANBK,250.0,CE,0.0,0.0,0.0,100.85,147.85,0,0.0,0
2014-11-10,2014-12-24,OPTSTK,CANBK,260.0,CE,0.0,0.0,0.0,92.45,137.95,0,0.0,0
2014-11-10,2014-12-24,OPTSTK,CANBK,270.0,CE,0.0,0.0,0.0,84.45,128.1,0,0.0,0
2014-11-10,2014-12-24,OPTSTK,CANBK,280.0,CE,0.0,0.0,0.0,76.85,118.25,0,0.0,0
2014-11-10,2014-12-24,OPTSTK,CANBK,290.0,CE,0.0,0.0,0.0,69.65,108.45,0,0.0,0
2014-11-10,2014-12-24,OPTSTK,CANBK,300.0,CE,0.0,0.0,0.0,62.85,98.7,0,0.0,0
2014-11-10,2014-12-24,OPTSTK,CANBK,310.0,CE,0.0,0.0,0.0,56.5,89.15,0,0.0,0
2014-11-10,2014-12-24,OPTSTK,CANBK,320.0,CE,0.0,0.0,0.0,50.6,79.75,0,0.0,0
2014-11-10,2014-12-24,OPTSTK,CANBK,330.0,CE,0.0,0.0,0.0,45.2,70.65,0,0.0,0
2014-11-10,2014-12-24,OPTSTK,CANBK,340.0,CE,0.0,0.0,0.0,40.2,61.9,0,0.0,0
2014-11-10,2014-12-24,OPTSTK,CANBK,350.0,CE,0.0,0.0,0.0,35.65,53.65,0,0.0,0
2014-11-10,2014-12-24,OPTSTK,CANBK,360.0,CE,0.0,0.0,0.0,31.5,45.95,0,0.0,0
2014-11-10,2014-12-24,OPTSTK,CANBK,370.0,CE,0.0,0.0,0.0,27.75,38.8,0,0.0,0
2014-11-10,2014-12-24,OPTSTK,CANBK,380.0,CE,0.0,0.0,0.0,24.4,32.4,0,0.0,0
2014-11-10,2014-12-24,OPTSTK,CANBK,390.0,CE,0.0,0.0,0.0,21.4,26.7,0,0.0,0
2014-11-10,2014-12-24,OPTSTK,CANBK,400.0,CE,0.0,0.0,0.0,18.7,21.7,0,0.0,0
2014-11-10,2014-12-24,OPTSTK,CANBK,410.0,CE,0.0,0.0,0.0,16.3,17.45,0,0.0,0
2014-11-10,2014-12-24,OPTSTK,CANBK,420.0,CE,0.0,0.0,0.0,14.2,13.8,0,0.0,0
2014-11-10,2014-12-24,OPTSTK,CANBK,430.0,CE,0.0,0.0,0.0,12.35,10.8,0,0.0,0
2014-11-10,2014-12-24,OPTSTK,CANBK,440.0,CE,0.0,0.0,0.0,10.7,8.4,0,0.0,0
2014-11-10,2014-12-24,OPTSTK,CANBK,450.0,CE,0.0,0.0,0.0,9.25,6.4,0,0.0,0
2014-11-10,2014-12-24,OPTSTK,CANBK,460.0,CE,0.0,0.0,0.0,8.0,4.85,0,0.0,0
2014-11-10,2014-12-24,OPTSTK,CANBK,470.0,CE,0.0,0.0,0.0,6.9,3.6,0,0.0,0
2014-11-10,2014-12-24,OPTSTK,CANBK,480.0,CE,0.0,0.0,0.0,5.95,2.7,0,0.0,0
2014-11-10,2014-12-24,OPTSTK,CANBK,490.0,CE,0.0,0.0,0.0,5.1,1.95,0,0.0,0
2014-11-10,2014-12-24,OPTSTK,CANBK,500.0,CE,0.0,0.0,0.0,4.4,1.4,0,0.0,0
2014-11-10,2014-12-24,OPTSTK,CANBK,510.0,CE,0.0,0.0,0.0,3.75,1.05,0,0.0,0
2014-11-10,2014-12-24,OPTSTK,CANBK,520.0,CE,0.0,0.0,0.0,3.2,0.75,0,0.0,0
2014-11-10,2014-12-24,OPTSTK,CANBK,250.0,PE,0.0,0.0,0.0,3.8,0.0,0,0.0,0
2014-11-10,2014-12-24,OPTSTK,CANBK,260.0,PE,0.0,0.0,0.0,5.2,0.05,0,0.0,0
2014-11-10,2014-12-24,OPTSTK,CANBK,270.0,PE,0.0,0.0,0.0,7.0,0.05,0,0.0,0
2014-11-10,2014-12-24,OPTSTK,CANBK,280.0,PE,0.0,0.0,0.0,9.15,0.1,0,0.0,0
2014-11-10,2014-12-24,OPTSTK,CANBK,290.0,PE,0.0,0.0,0.0,11.7,0.2,0,0.0,0
2014-11-10,2014-12-24,OPTSTK,CANBK,300.0,PE,0.0,0.0,0.0,14.7,0.4,0,0.0,0
2014-11-10,2014-12-24,OPTSTK,CANBK,310.0,PE,0.0,0.0,0.0,18.15,0.7,0,0.0,0
2014-11-10,2014-12-24,OPTSTK,CANBK,320.0,PE,0.0,0.0,0.0,22.05,1.2,0,0.0,0
2014-11-10,2014-12-24,OPTSTK,CANBK,330.0,PE,0.0,0.0,0.0,26.4,2.0,0,0.0,0
2014-11-10,2014-12-24,OPTSTK,CANBK,340.0,PE,0.0,0.0,0.0,31.2,3.15,0,0.0,0
2014-11-10,2014-12-24,OPTSTK,CANBK,350.0,PE,0.0,0.0,0.0,36.4,4.8,0,0.0,0
2014-11-10,2014-12-24,OPTSTK,CANBK,360.0,PE,0.0,0.0,0.0,42.05,6.95,0,0.0,0
2014-11-10,2014-12-24,OPTSTK,CANBK,370.0,PE,0.0,0.0,0.0,48.1,9.75,0,0.0,0
2014-11-10,2014-12-24,OPTSTK,CANBK,380.0,PE,0.0,0.0,0.0,54.5,13.25,0,0.0,0
2014-11-10,2014-12-24,OPTSTK,CANBK,390.0,PE,0.0,0.0,0.0,61.3,17.4,0,0.0,0
2014-11-10,2014-12-24,OPTSTK,CANBK,400.0,PE,0.0,0.0,0.0,68.35,22.35,0,0.0,0
2014-11-10,2014-12-24,OPTSTK,CANBK,410.0,PE,0.0,0.0,0.0,75.8,27.95,0,0.0,0
2014-11-10,2014-12-24,OPTSTK,CANBK,420.0,PE,0.0,0.0,0.0,83.45,34.2,0,0.0,0
2014-11-10,2014-12-24,OPTSTK,CANBK,430.0,PE,0.0,0.0,0.0,91.35,41.1,0,0.0,0
2014-11-10,2014-12-24,OPTSTK,CANBK,440.0,PE,0.0,0.0,0.0,99.5,48.6,0,0.0,0
2014-11-10,2014-12-24,OPTSTK,CANBK,450.0,PE,0.0,0.0,0.0,107.85,56.5,0,0.0,0
2014-11-10,2014-12-24,OPTSTK,CANBK,460.0,PE,0.0,0.0,0.0,116.35,64.8,0,0.0,0
2014-11-10,2014-12-24,OPTSTK,CANBK,470.0,PE,0.0,0.0,0.0,125.05,73.5,0,0.0,0
2014-11-10,2014-12-24,OPTSTK,CANBK,480.0,PE,0.0,0.0,0.0,133.85,82.45,0,0.0,0
2014-11-10,2014-12-24,OPTSTK,CANBK,490.0,PE,0.0,0.0,0.0,142.8,91.65,0,0.0,0
2014-11-10,2014-12-24,OPTSTK,CANBK,500.0,PE,0.0,0.0,0.0,151.85,101.0,0,0.0,0
2014-11-10,2014-12-24,OPTSTK,CANBK,510.0,PE,0.0,0.0,0.0,161.05,110.5,0,0.0,0
2014-11-10,2014-12-24,OPTSTK,CANBK,520.0,PE,0.0,0.0,0.0,170.3,120.1,0,0.0,0
2014-11-10,2015-01-29,OPTSTK,CANBK,250.0,CE,0.0,0.0,0.0,142.8,150.05,0,0.0,0
2014-11-10,2015-01-29,OPTSTK,CANBK,260.0,CE,0.0,0.0,0.0,133.15,140.35,0,0.0,0
2014-11-10,2015-01-29,OPTSTK,CANBK,270.0,CE,0.0,0.0,0.0,123.65,130.7,0,0.0,0
2014-11-10,2015-01-29,OPTSTK,CANBK,280.0,CE,0.0,0.0,0.0,114.25,121.15,0,0.0,0
2014-11-10,2015-01-29,OPTSTK,CANBK,290.0,CE,0.0,0.0,0.0,105.05,111.75,0,0.0,0
2014-11-10,2015-01-29,OPTSTK,CANBK,300.0,CE,0.0,0.0,0.0,96.1,102.5,0,0.0,0
2014-11-10,2015-01-29,OPTSTK,CANBK,310.0,CE,0.0,0.0,0.0,87.45,93.55,0,0.0,0
2014-11-10,2015-01-29,OPTSTK,CANBK,320.0,CE,0.0,0.0,0.0,79.1,84.85,0,0.0,0
2014-11-10,2015-01-29,OPTSTK,CANBK,330.0,CE,0.0,0.0,0.0,71.1,76.45,0,0.0,0
2014-11-10,2015-01-29,OPTSTK,CANBK,340.0,CE,0.0,0.0,0.0,63.6,68.5,0,0.0,0
2014-11-10,2015-01-29,OPTSTK,CANBK,350.0,CE,0.0,0.0,0.0,56.5,61.0,0,0.0,0
2014-11-10,2015-01-29,OPTSTK,CANBK,360.0,CE,0.0,0.0,0.0,49.9,53.95,0,0.0,0
2014-11-10,2015-01-29,OPTSTK,CANBK,370.0,CE,0.0,0.0,0.0,43.85,47.4,0,0.0,0
2014-11-10,2015-01-29,OPTSTK,CANBK,380.0,CE,0.0,0.0,0.0,38.25,41.35,0,0.0,0
2014-11-10,2015-01-29,OPTSTK,CANBK,390.0,CE,0.0,0.0,0.0,33.2,35.9,0,0.0,0
2014-11-10,2015-01-29,OPTSTK,CANBK,400.0,CE,0.0,0.0,0.0,28.7,30.95,0,0.0,0
2014-11-10,2015-01-29,OPTSTK,CANBK,410.0,CE,0.0,0.0,0.0,24.65,26.5,0,0.0,0
2014-11-10,2015-01-29,OPTSTK,CANBK,420.0,CE,0.0,0.0,0.0,21.05,22.6,0,0.0,0
2014-11-10,2015-01-29,OPTSTK,CANBK,430.0,CE,0.0,0.0,0.0,17.85,19.15,0,0.0,0
2014-11-10,2015-01-29,OPTSTK,CANBK,440.0,CE,0.0,0.0,0.0,15.1,16.1,0,0.0,0
2014-11-10,2015-01-29,OPTSTK,CANBK,450.0,CE,0.0,0.0,0.0,12.75,13.5,0,0.0,0
2014-11-10,2015-01-29,OPTSTK,CANBK,460.0,CE,0.0,0.0,0.0,10.7,11.25,0,0.0,0
2014-11-10,2015-01-29,OPTSTK,CANBK,470.0,CE,0.0,0.0,0.0,8.9,9.35,0,0.0,0
2014-11-10,2015-01-29,OPTSTK,CANBK,480.0,CE,0.0,0.0,0.0,7.4,7.7,0,0.0,0
2014-11-10,2015-01-29,OPTSTK,CANBK,490.0,CE,0.0,0.0,0.0,6.15,6.35,0,0.0,0
2014-11-10,2015-01-29,OPTSTK,CANBK,500.0,CE,0.0,0.0,0.0,5.05,5.2,0,0.0,0
2014-11-10,2015-01-29,OPTSTK,CANBK,510.0,CE,0.0,0.0,0.0,4.15,4.2,0,0.0,0
2014-11-10,2015-01-29,OPTSTK,CANBK,520.0,CE,0.0,0.0,0.0,3.4,3.45,0,0.0,0
2014-11-10,2015-01-29,OPTSTK,CANBK,250.0,PE,0.0,0.0,0.0,0.25,0.15,0,0.0,0
2014-11-10,2015-01-29,OPTSTK,CANBK,260.0,PE,0.0,0.0,0.0,0.4,0.2,0,0.0,0
2014-11-10,2015-01-29,OPTSTK,CANBK,270.0,PE,0.0,0.0,0.0,0.65,0.4,0,0.0,0
2014-11-10,2015-01-29,OPTSTK,CANBK,280.0,PE,0.0,0.0,0.0,1.1,0.65,0,0.0,0
2014-11-10,2015-01-29,OPTSTK,CANBK,290.0,PE,0.0,0.0,0.0,1.65,1.05,0,0.0,0
2014-11-10,2015-01-29,OPTSTK,CANBK,300.0,PE,0.0,0.0,0.0,2.5,1.65,0,0.0,0
2014-11-10,2015-01-29,OPTSTK,CANBK,310.0,PE,0.0,0.0,0.0,3.6,2.45,0,0.0,0
2014-11-10,2015-01-29,OPTSTK,CANBK,320.0,PE,0.0,0.0,0.0,5.05,3.55,0,0.0,0
2014-11-10,2015-01-29,OPTSTK,CANBK,330.0,PE,0.0,0.0,0.0,6.85,5.0,0,0.0,0
2014-11-10,2015-01-29,OPTSTK,CANBK,340.0,PE,0.0,0.0,0.0,9.1,6.85,0,0.0,0
2014-11-10,2015-01-29,OPTSTK,CANBK,350.0,PE,0.0,0.0,0.0,11.8,9.15,0,0.0,0
2014-11-10,2015-01-29,OPTSTK,CANBK,360.0,PE,0.0,0.0,0.0,15.0,11.9,0,0.0,0
2014-11-10,2015-01-29,OPTSTK,CANBK,370.0,PE,0.0,0.0,0.0,18.7,15.15,0,0.0,0
2014-11-10,2015-01-29,OPTSTK,CANBK,380.0,PE,0.0,0.0,0.0,22.9,18.95,0,0.0,0
2014-11-10,2015-01-29,OPTSTK,CANBK,390.0,PE,0.0,0.0,0.0,27.65,23.3,0,0.0,0
2014-11-10,2015-01-29,OPTSTK,CANBK,400.0,PE,0.0,0.0,0.0,32.9,28.15,0,0.0,0
2014-11-10,2015-01-29,OPTSTK,CANBK,410.0,PE,0.0,0.0,0.0,38.65,33.55,0,0.0,0
2014-11-10,2015-01-29,OPTSTK,CANBK,420.0,PE,0.0,0.0,0.0,44.8,39.45,0,0.0,0
2014-11-10,2015-01-29,OPTSTK,CANBK,430.0,PE,0.0,0.0,0.0,51.45,45.8,0,0.0,0
2014-11-10,2015-01-29,OPTSTK,CANBK,440.0,PE,0.0,0.0,0.0,58.45,52.55,0,0.0,0
2014-11-10,2015-01-29,OPTSTK,CANBK,450.0,PE,0.0,0.0,0.0,65.9,59.8,0,0.0,0
2014-11-10,2015-01-29,OPTSTK,CANBK,460.0,PE,0.0,0.0,0.0,73.6,67.35,0,0.0,0
2014-11-10,2015-01-29,OPTSTK,CANBK,470.0,PE,0.0,0.0,0.0,81.6,75.25,0,0.0,0
2014-11-10,2015-01-29,OPTSTK,CANBK,480.0,PE,0.0,0.0,0.0,89.9,83.4,0,0.0,0
2014-11-10,2015-01-29,OPTSTK,CANBK,490.0,PE,0.0,0.0,0.0,98.4,91.85,0,0.0,0
2014-11-10,2015-01-29,OPTSTK,CANBK,500.0,PE,0.0,0.0,0.0,107.1,100.5,0,0.0,0
2014-11-10,2015-01-29,OPTSTK,CANBK,510.0,PE,0.0,0.0,0.0,116.0,109.35,0,0.0,0
2014-11-10,2015-01-29,OPTSTK,CANBK,520.0,PE,0.0,0.0,0.0,125.05,118.35,0,0.0,0
2014-11-10,2014-11-27,OPTSTK,CENTURYTEX,360.0,CE,0.0,0.0,0.0,241.3,223.4,0,0.0,0
2014-11-10,2014-11-27,OPTSTK,CENTURYTEX,380.0,CE,0.0,0.0,0.0,221.95,203.45,0,0.0,0
2014-11-10,2014-11-27,OPTSTK,CENTURYTEX,400.0,CE,0.0,0.0,0.0,202.75,183.55,0,0.0,0
2014-11-10,2014-11-27,OPTSTK,CENTURYTEX,420.0,CE,0.0,0.0,0.0,183.9,163.65,0,0.0,0
2014-11-10,2014-11-27,OPTSTK,CENTURYTEX,440.0,CE,0.0,0.0,0.0,165.5,143.8,0,0.0,0
2014-11-10,2014-11-27,OPTSTK,CENTURYTEX,460.0,CE,0.0,0.0,0.0,147.7,124.1,0,0.0,0
2014-11-10,2014-11-27,OPTSTK,CENTURYTEX,480.0,CE,0.0,0.0,0.0,81.45,104.7,0,0.0,1000
2014-11-10,2014-11-27,OPTSTK,CENTURYTEX,500.0,CE,0.0,0.0,0.0,94.5,86.05,0,0.0,5000
2014-11-10,2014-11-27,OPTSTK,CENTURYTEX,520.0,CE,0.0,0.0,0.0,71.5,68.5,0,0.0,21000
2014-11-10,2014-11-27,OPTSTK,CENTURYTEX,540.0,CE,0.0,0.0,0.0,55.0,52.7,0,0.0,65500
2014-11-10,2014-11-27,OPTSTK,CENTURYTEX,560.0,CE,40.0,40.0,28.05,31.05,31.05,38,112.02,74500
2014-11-10,2014-11-27,OPTSTK,CENTURYTEX,580.0,CE,24.0,28.0,17.05,19.15,19.15,204,611.11,73000
2014-11-10,2014-11-27,OPTSTK,CENTURYTEX,600.0,CE,12.8,16.95,9.0,10.65,10.65,208,635.65,156000
2014-11-10,2014-11-27,OPTSTK,CENTURYTEX,620.0,CE,9.3,9.7,4.5,5.4,5.4,148,462.93,86000
2014-11-10,2014-11-27,OPTSTK,CENTURYTEX,640.0,CE,3.8,3.8,2.3,2.6,2.6,27,86.76,46500
2014-11-10,2014-11-27,OPTSTK,CENTURYTEX,660.0,CE,1.45,1.45,1.4,1.4,1.4,5,16.53,20000
2014-11-10,2014-11-27,OPTSTK,CENTURYTEX,680.0,CE,0.0,0.0,0.0,1.7,2.65,0,0.0,1000
2014-11-10,2014-11-27,OPTSTK,CENTURYTEX,700.0,CE,0.0,0.0,0.0,18.85,1.5,0,0.0,0
2014-11-10,2014-11-27,OPTSTK,CENTURYTEX,720.0,CE,0.0,0.0,0.0,15.05,0.8,0,0.0,0
2014-11-10,2014-11-27,OPTSTK,CENTURYTEX,740.0,CE,0.0,0.0,0.0,11.95,0.45,0,0.0,0
2014-11-10,2014-11-27,OPTSTK,CENTURYTEX,760.0,CE,0.0,0.0,0.0,9.45,0.2,0,0.0,0
2014-11-10,2014-11-27,OPTSTK,CENTURYTEX,360.0,PE,0.0,0.0,0.0,0.2,0.0,0,0.0,0
2014-11-10,2014-11-27,OPTSTK,CENTURYTEX,380.0,PE,0.0,0.0,0.0,0.4,0.0,0,0.0,0
2014-11-10,2014-11-27,OPTSTK,CENTURYTEX,400.0,PE,0.0,0.0,0.0,0.8,0.0,0,0.0,0
2014-11-10,2014-11-27,OPTSTK,CENTURYTEX,420.0,PE,0.0,0.0,0.0,1.55,0.05,0,0.0,0
2014-11-10,2014-11-27,OPTSTK,CENTURYTEX,440.0,PE,0.0,0.0,0.0,2.7,0.1,0,0.0,0
2014-11-10,2014-11-27,OPTSTK,CENTURYTEX,460.0,PE,0.0,0.0,0.0,1.6,0.3,0,0.0,10000
2014-11-10,2014-11-27,OPTSTK,CENTURYTEX,480.0,PE,0.0,0.0,0.0,1.0,0.9,0,0.0,15500
2014-11-10,2014-11-27,OPTSTK,CENTURYTEX,500.0,PE,0.0,0.0,0.0,1.0,2.1,0,0.0,59000
2014-11-10,2014-11-27,OPTSTK,CENTURYTEX,520.0,PE,1.9,2.25,1.5,1.8,1.8,19,49.57,50000
2014-11-10,2014-11-27,OPTSTK,CENTURYTEX,540.0,PE,3.0,4.5,3.0,3.8,3.8,111,301.91,128500
2014-11-10,2014-11-27,OPTSTK,CENTURYTEX,560.0,PE,6.45,9.0,5.0,7.85,7.85,102,289.58,123000
2014-11-10,2014-11-27,OPTSTK,CENTURYTEX,580.0,PE,13.45,18.25,11.65,15.1,15.1,118,351.37,97500
2014-11-10,2014-11-27,OPTSTK,CENTURYTEX,600.0,PE,21.05,28.9,19.0,26.65,26.65,27,84.2,42000
2014-11-10,2014-11-27,OPTSTK,CENTURYTEX,620.0,PE,33.1,41.35,33.1,41.35,41.35,6,19.74,6000
2014-11-10,2014-11-27,OPTSTK,CENTURYTEX,640.0,PE,0.0,0.0,0.0,57.5,63.2,0,0.0,1000
2014-11-10,2014-11-27,OPTSTK,CENTURYTEX,660.0,PE,0.0,0.0,0.0,81.3,80.05,0,0.0,0
2014-11-10,2014-11-27,OPTSTK,CENTURYTEX,680.0,PE,0.0,0.0,0.0,95.45,98.05,0,0.0,0
2014-11-10,2014-11-27,OPTSTK,CENTURYTEX,700.0,PE,0.0,0.0,0.0,110.5,116.8,0,0.0,0
2014-11-10,2014-11-27,OPTSTK,CENTURYTEX,720.0,PE,0.0,0.0,0.0,126.3,136.0,0,0.0,0
2014-11-10,2014-11-27,OPTSTK,CENTURYTEX,740.0,PE,0.0,0.0,0.0,142.8,155.55,0,0.0,0
2014-11-10,2014-11-27,OPTSTK,CENTURYTEX,760.0,PE,0.0,0.0,0.0,159.85,175.25,0,0.0,0
2014-11-10,2014-12-24,OPTSTK,CENTURYTEX,360.0,CE,0.0,0.0,0.0,182.9,225.8,0,0.0,0
2014-11-10,2014-12-24,OPTSTK,CENTURYTEX,380.0,CE,0.0,0.0,0.0,164.3,206.15,0,0.0,0
2014-11-10,2014-12-24,OPTSTK,CENTURYTEX,400.0,CE,0.0,0.0,0.0,146.25,186.6,0,0.0,0
2014-11-10,2014-12-24,OPTSTK,CENTURYTEX,420.0,CE,0.0,0.0,0.0,129.0,167.3,0,0.0,0
2014-11-10,2014-12-24,OPTSTK,CENTURYTEX,440.0,CE,0.0,0.0,0.0,112.65,148.45,0,0.0,0
2014-11-10,2014-12-24,OPTSTK,CENTURYTEX,460.0,CE,0.0,0.0,0.0,97.35,130.2,0,0.0,0
2014-11-10,2014-12-24,OPTSTK,CENTURYTEX,480.0,CE,0.0,0.0,0.0,83.35,112.8,0,0.0,0
2014-11-10,2014-12-24,OPTSTK,CENTURYTEX,500.0,CE,0.0,0.0,0.0,70.65,96.45,0,0.0,0
2014-11-10,2014-12-24,OPTSTK,CENTURYTEX,520.0,CE,0.0,0.0,0.0,59.3,81.35,0,0.0,0
2014-11-10,2014-12-24,OPTSTK,CENTURYTEX,540.0,CE,0.0,0.0,0.0,49.3,67.65,0,0.0,0
2014-11-10,2014-12-24,OPTSTK,CENTURYTEX,560.0,CE,0.0,0.0,0.0,40.65,55.5,0,0.0,0
2014-11-10,2014-12-24,OPTSTK,CENTURYTEX,580.0,CE,0.0,0.0,0.0,33.2,44.9,0,0.0,0
2014-11-10,2014-12-24,OPTSTK,CENTURYTEX,600.0,CE,0.0,0.0,0.0,26.9,35.85,0,0.0,0
2014-11-10,2014-12-24,OPTSTK,CENTURYTEX,620.0,CE,0.0,0.0,0.0,21.7,28.2,0,0.0,0
2014-11-10,2014-12-24,OPTSTK,CENTURYTEX,640.0,CE,0.0,0.0,0.0,17.35,21.95,0,0.0,0
2014-11-10,2014-12-24,OPTSTK,CENTURYTEX,660.0,CE,0.0,0.0,0.0,13.75,16.9,0,0.0,0
2014-11-10,2014-12-24,OPTSTK,CENTURYTEX,680.0,CE,0.0,0.0,0.0,10.85,12.85,0,0.0,0
2014-11-10,2014-12-24,OPTSTK,CENTURYTEX,700.0,CE,0.0,0.0,0.0,8.5,9.65,0,0.0,0
2014-11-10,2014-12-24,OPTSTK,CENTURYTEX,720.0,CE,0.0,0.0,0.0,6.65,7.2,0,0.0,0
2014-11-10,2014-12-24,OPTSTK,CENTURYTEX,740.0,CE,0.0,0.0,0.0,5.15,5.3,0,0.0,0
2014-11-10,2014-12-24,OPTSTK,CENTURYTEX,760.0,CE,0.0,0.0,0.0,4.0,3.85,0,0.0,0
2014-11-10,2014-12-24,OPTSTK,CENTURYTEX,360.0,PE,0.0,0.0,0.0,1.05,0.1,0,0.0,0
2014-11-10,2014-12-24,OPTSTK,CENTURYTEX,380.0,PE,0.0,0.0,0.0,2.0,0.2,0,0.0,0
2014-11-10,2014-12-24,OPTSTK,CENTURYTEX,400.0,PE,0.0,0.0,0.0,3.55,0.45,0,0.0,0
2014-11-10,2014-12-24,OPTSTK,CENTURYTEX,420.0,PE,0.0,0.0,0.0,5.8,1.0,0,0.0,0
2014-11-10,2014-12-24,OPTSTK,CENTURYTEX,440.0,PE,0.0,0.0,0.0,9.05,1.9,0,0.0,0
2014-11-10,2014-12-24,OPTSTK,CENTURYTEX,460.0,PE,0.0,0.0,0.0,13.35,3.45,0,0.0,0
2014-11-10,2014-12-24,OPTSTK,CENTURYTEX,480.0,PE,0.0,0.0,0.0,18.9,5.8,0,0.0,0
2014-11-10,2014-12-24,OPTSTK,CENTURYTEX,500.0,PE,0.0,0.0,0.0,25.75,9.25,0,0.0,0
2014-11-10,2014-12-24,OPTSTK,CENTURYTEX,520.0,PE,0.0,0.0,0.0,33.95,13.95,0,0.0,0
2014-11-10,2014-12-24,OPTSTK,CENTURYTEX,540.0,PE,0.0,0.0,0.0,43.55,20.05,0,0.0,0
2014-11-10,2014-12-24,OPTSTK,CENTURYTEX,560.0,PE,0.0,0.0,0.0,54.45,27.65,0,0.0,0
2014-11-10,2014-12-24,OPTSTK,CENTURYTEX,580.0,PE,0.0,0.0,0.0,66.55,36.85,0,0.0,0
2014-11-10,2014-12-24,OPTSTK,CENTURYTEX,600.0,PE,0.0,0.0,0.0,79.85,47.6,0,0.0,0
2014-11-10,2014-12-24,OPTSTK,CENTURYTEX,620.0,PE,0.0,0.0,0.0,94.15,59.8,0,0.0,0
2014-11-10,2014-12-24,OPTSTK,CENTURYTEX,640.0,PE,0.0,0.0,0.0,109.4,73.3,0,0.0,0
2014-11-10,2014-12-24,OPTSTK,CENTURYTEX,660.0,PE,0.0,0.0,0.0,125.35,88.05,0,0.0,0
2014-11-10,2014-12-24,OPTSTK,CENTURYTEX,680.0,PE,0.0,0.0,0.0,142.0,103.75,0,0.0,0
2014-11-10,2014-12-24,OPTSTK,CENTURYTEX,700.0,PE,0.0,0.0,0.0,159.25,120.4,0,0.0,0
2014-11-10,2014-12-24,OPTSTK,CENTURYTEX,720.0,PE,0.0,0.0,0.0,176.95,137.7,0,0.0,0
2014-11-10,2014-12-24,OPTSTK,CENTURYTEX,740.0,PE,0.0,0.0,0.0,195.0,155.6,0,0.0,0
2014-11-10,2014-12-24,OPTSTK,CENTURYTEX,760.0,PE,0.0,0.0,0.0,213.4,173.95,0,0.0,0
2014-11-10,2015-01-29,OPTSTK,CENTURYTEX,360.0,CE,0.0,0.0,0.0,208.95,229.5,0,0.0,0
2014-11-10,2015-01-29,OPTSTK,CENTURYTEX,380.0,CE,0.0,0.0,0.0,190.6,210.5,0,0.0,0
2014-11-10,2015-01-29,OPTSTK,CENTURYTEX,400.0,CE,0.0,0.0,0.0,172.75,191.9,0,0.0,0
2014-11-10,2015-01-29,OPTSTK,CENTURYTEX,420.0,CE,0.0,0.0,0.0,155.6,173.8,0,0.0,0
2014-11-10,2015-01-29,OPTSTK,CENTURYTEX,440.0,CE,0.0,0.0,0.0,139.3,156.3,0,0.0,0
2014-11-10,2015-01-29,OPTSTK,CENTURYTEX,460.0,CE,0.0,0.0,0.0,123.85,139.65,0,0.0,0
2014-11-10,2015-01-29,OPTSTK,CENTURYTEX,480.0,CE,0.0,0.0,0.0,109.5,123.85,0,0.0,0
2014-11-10,2015-01-29,OPTSTK,CENTURYTEX,500.0,CE,0.0,0.0,0.0,96.15,109.1,0,0.0,0
2014-11-10,2015-01-29,OPTSTK,CENTURYTEX,520.0,CE,0.0,0.0,0.0,83.95,95.45,0,0.0,0
2014-11-10,2015-01-29,OPTSTK,CENTURYTEX,540.0,CE,0.0,0.0,0.0,72.9,82.9,0,0.0,0
2014-11-10,2015-01-29,OPTSTK,CENTURYTEX,560.0,CE,0.0,0.0,0.0,62.95,71.55,0,0.0,0
2014-11-10,2015-01-29,OPTSTK,CENTURYTEX,580.0,CE,0.0,0.0,0.0,54.05,61.35,0,0.0,0
2014-11-10,2015-01-29,OPTSTK,CENTURYTEX,600.0,CE,0.0,0.0,0.0,46.2,52.3,0,0.0,0
2014-11-10,2015-01-29,OPTSTK,CENTURYTEX,620.0,CE,0.0,0.0,0.0,39.3,44.35,0,0.0,0
2014-11-10,2015-01-29,OPTSTK,CENTURYTEX,640.0,CE,0.0,0.0,0.0,33.3,37.35,0,0.0,0
2014-11-10,2015-01-29,OPTSTK,CENTURYTEX,660.0,CE,0.0,0.0,0.0,28.1,31.3,0,0.0,0
2014-11-10,2015-01-29,OPTSTK,CENTURYTEX,680.0,CE,0.0,0.0,0.0,23.65,26.15,0,0.0,0
2014-11-10,2015-01-29,OPTSTK,CENTURYTEX,700.0,CE,0.0,0.0,0.0,19.8,21.75,0,0.0,0
2014-11-10,2015-01-29,OPTSTK,CENTURYTEX,720.0,CE,0.0,0.0,0.0,16.55,17.95,0,0.0,0
2014-11-10,2015-01-29,OPTSTK,CENTURYTEX,740.0,CE,0.0,0.0,0.0,13.75,14.8,0,0.0,0
2014-11-10,2015-01-29,OPTSTK,CENTURYTEX,760.0,CE,0.0,0.0,0.0,11.4,12.15,0,0.0,0
2014-11-10,2015-01-29,OPTSTK,CENTURYTEX,360.0,PE,0.0,0.0,0.0,1.7,0.75,0,0.0,0
2014-11-10,2015-01-29,OPTSTK,CENTURYTEX,380.0,PE,0.0,0.0,0.0,2.9,1.35,0,0.0,0
2014-11-10,2015-01-29,OPTSTK,CENTURYTEX,400.0,PE,0.0,0.0,0.0,4.6,2.35,0,0.0,0
2014-11-10,2015-01-29,OPTSTK,CENTURYTEX,420.0,PE,0.0,0.0,0.0,7.05,3.85,0,0.0,0
2014-11-10,2015-01-29,OPTSTK,CENTURYTEX,440.0,PE,0.0,0.0,0.0,10.3,6.05,0,0.0,0
2014-11-10,2015-01-29,OPTSTK,CENTURYTEX,460.0,PE,0.0,0.0,0.0,14.45,8.95,0,0.0,0
2014-11-10,2015-01-29,OPTSTK,CENTURYTEX,480.0,PE,0.0,0.0,0.0,19.65,12.8,0,0.0,0
2014-11-10,2015-01-29,OPTSTK,CENTURYTEX,500.0,PE,0.0,0.0,0.0,25.85,17.7,0,0.0,0
2014-11-10,2015-01-29,OPTSTK,CENTURYTEX,520.0,PE,0.0,0.0,0.0,33.25,23.65,0,0.0,0
2014-11-10,2015-01-29,OPTSTK,CENTURYTEX,540.0,PE,0.0,0.0,0.0,41.75,30.7,0,0.0,0
2014-11-10,2015-01-29,OPTSTK,CENTURYTEX,560.0,PE,0.0,0.0,0.0,51.35,39.0,0,0.0,0
2014-11-10,2015-01-29,OPTSTK,CENTURYTEX,580.0,PE,0.0,0.0,0.0,62.05,48.4,0,0.0,0
2014-11-10,2015-01-29,OPTSTK,CENTURYTEX,600.0,PE,0.0,0.0,0.0,73.75,59.0,0,0.0,0
2014-11-10,2015-01-29,OPTSTK,CENTURYTEX,620.0,PE,0.0,0.0,0.0,86.45,70.65,0,0.0,0
2014-11-10,2015-01-29,OPTSTK,CENTURYTEX,640.0,PE,0.0,0.0,0.0,100.0,83.3,0,0.0,0
2014-11-10,2015-01-29,OPTSTK,CENTURYTEX,660.0,PE,0.0,0.0,0.0,114.35,96.85,0,0.0,0
2014-11-10,2015-01-29,OPTSTK,CENTURYTEX,680.0,PE,0.0,0.0,0.0,129.45,111.3,0,0.0,0
2014-11-10,2015-01-29,OPTSTK,CENTURYTEX,700.0,PE,0.0,0.0,0.0,145.2,126.5,0,0.0,0
2014-11-10,2015-01-29,OPTSTK,CENTURYTEX,720.0,PE,0.0,0.0,0.0,161.5,142.35,0,0.0,0
2014-11-10,2015-01-29,OPTSTK,CENTURYTEX,740.0,PE,0.0,0.0,0.0,178.3,158.85,0,0.0,0
2014-11-10,2015-01-29,OPTSTK,CENTURYTEX,760.0,PE,0.0,0.0,0.0,195.5,175.8,0,0.0,0
2014-11-10,2014-11-27,OPTSTK,CESC,400.0,CE,0.0,0.0,0.0,346.15,264.6,0,0.0,0
2014-11-10,2014-11-27,OPTSTK,CESC,450.0,CE,0.0,0.0,0.0,297.5,214.8,0,0.0,0
2014-11-10,2014-11-27,OPTSTK,CESC,460.0,CE,0.0,0.0,0.0,247.15,204.85,0,0.0,0
2014-11-10,2014-11-27,OPTSTK,CESC,480.0,CE,0.0,0.0,0.0,228.6,184.9,0,0.0,0
2014-11-10,2014-11-27,OPTSTK,CESC,500.0,CE,0.0,0.0,0.0,210.55,165.0,0,0.0,0
2014-11-10,2014-11-27,OPTSTK,CESC,520.0,CE,0.0,0.0,0.0,193.0,145.1,0,0.0,0
2014-11-10,2014-11-27,OPTSTK,CESC,540.0,CE,0.0,0.0,0.0,176.05,125.35,0,0.0,0
2014-11-10,2014-11-27,OPTSTK,CESC,550.0,CE,0.0,0.0,0.0,205.0,115.55,0,0.0,0
2014-11-10,2014-11-27,OPTSTK,CESC,560.0,CE,0.0,0.0,0.0,159.85,105.8,0,0.0,0
2014-11-10,2014-11-27,OPTSTK,CESC,580.0,CE,0.0,0.0,0.0,144.4,86.85,0,0.0,0
2014-11-10,2014-11-27,OPTSTK,CESC,600.0,CE,0.0,0.0,0.0,129.85,68.9,0,0.0,0
2014-11-10,2014-11-27,OPTSTK,CESC,620.0,CE,0.0,0.0,0.0,116.2,52.55,0,0.0,0
2014-11-10,2014-11-27,OPTSTK,CESC,640.0,CE,0.0,0.0,0.0,48.0,38.3,0,0.0,500
2014-11-10,2014-11-27,OPTSTK,CESC,650.0,CE,0.0,0.0,0.0,40.5,32.15,0,0.0,500
2014-11-10,2014-11-27,OPTSTK,CESC,660.0,CE,46.0,46.0,30.45,30.55,30.55,14,48.7,8500
2014-11-10,2014-11-27,OPTSTK,CESC,680.0,CE,28.0,30.0,22.5,23.05,23.05,42,148.33,20500
2014-11-10,2014-11-27,OPTSTK,CESC,700.0,CE,28.7,29.85,15.55,15.9,15.9,88,317.13,67000
2014-11-10,2014-11-27,OPTSTK,CESC,720.0,CE,17.45,19.8,11.0,11.25,11.25,31,113.85,20000
2014-11-10,2014-11-27,OPTSTK,CESC,740.0,CE,12.0,12.0,7.0,7.0,7.0,17,63.63,11500
2014-11-10,2014-11-27,OPTSTK,CESC,750.0,CE,9.4,9.4,8.0,8.6,8.6,4,15.17,2500
2014-11-10,2014-11-27,OPTSTK,CESC,760.0,CE,4.0,4.05,4.0,4.05,4.05,2,7.64,3000
2014-11-10,2014-11-27,OPTSTK,CESC,780.0,CE,0.0,0.0,0.0,40.75,1.05,0,0.0,0
2014-11-10,2014-11-27,OPTSTK,CESC,800.0,CE,0.0,0.0,0.0,35.1,0.5,0,0.0,0
2014-11-10,2014-11-27,OPTSTK,CESC,820.0,CE,0.0,0.0,0.0,30.2,0.25,0,0.0,0
2014-11-10,2014-11-27,OPTSTK,CESC,840.0,CE,0.0,0.0,0.0,25.9,0.1,0,0.0,0
2014-11-10,2014-11-27,OPTSTK,CESC,850.0,CE,0.0,0.0,0.0,35.9,0.1,0,0.0,0
2014-11-10,2014-11-27,OPTSTK,CESC,860.0,CE,0.0,0.0,0.0,22.1,0.05,0,0.0,0
2014-11-10,2014-11-27,OPTSTK,CESC,880.0,CE,0.0,0.0,0.0,18.8,0.05,0,0.0,0
2014-11-10,2014-11-27,OPTSTK,CESC,900.0,CE,0.0,0.0,0.0,16.0,0.05,0,0.0,0
2014-11-10,2014-11-27,OPTSTK,CESC,920.0,CE,0.0,0.0,0.0,13.55,0.0,0,0.0,0
2014-11-10,2014-11-27,OPTSTK,CESC,940.0,CE,0.0,0.0,0.0,11.45,0.0,0,0.0,0
2014-11-10,2014-11-27,OPTSTK,CESC,950.0,CE,0.0,0.0,0.0,16.95,0.0,0,0.0,0
2014-11-10,2014-11-27,OPTSTK,CESC,1000.0,CE,0.0,0.0,0.0,13.05,0.0,0,0.0,0
2014-11-10,2014-11-27,OPTSTK,CESC,400.0,PE,0.0,0.0,0.0,0.2,0.0,0,0.0,0
2014-11-10,2014-11-27,OPTSTK,CESC,450.0,PE,0.0,0.0,0.0,0.8,0.0,0,0.0,0
2014-11-10,2014-11-27,OPTSTK,CESC,460.0,PE,0.0,0.0,0.0,1.85,0.0,0,0.0,0
2014-11-10,2014-11-27,OPTSTK,CESC,480.0,PE,0.0,0.0,0.0,2.9,0.0,0,0.0,0
2014-11-10,2014-11-27,OPTSTK,CESC,500.0,PE,0.0,0.0,0.0,4.4,0.05,0,0.0,0
2014-11-10,2014-11-27,OPTSTK,CESC,520.0,PE,0.0,0.0,0.0,6.45,0.05,0,0.0,0
2014-11-10,2014-11-27,OPTSTK,CESC,540.0,PE,0.0,0.0,0.0,9.1,0.2,0,0.0,0
2014-11-10,2014-11-27,OPTSTK,CESC,550.0,PE,0.0,0.0,0.0,6.7,0.35,0,0.0,0
2014-11-10,2014-11-27,OPTSTK,CESC,560.0,PE,0.0,0.0,0.0,12.45,0.6,0,0.0,0
2014-11-10,2014-11-27,OPTSTK,CESC,580.0,PE,0.0,0.0,0.0,16.6,1.55,0,0.0,0
2014-11-10,2014-11-27,OPTSTK,CESC,600.0,PE,6.0,7.0,6.0,7.0,7.0,2,6.06,3500
2014-11-10,2014-11-27,OPTSTK,CESC,620.0,PE,0.0,0.0,0.0,5.05,7.1,0,0.0,1000
2014-11-10,2014-11-27,OPTSTK,CESC,640.0,PE,14.0,17.9,14.0,17.9,17.9,9,29.51,7500
2014-11-10,2014-11-27,OPTSTK,CESC,650.0,PE,0.0,0.0,0.0,19.3,16.6,0,0.0,1000
2014-11-10,2014-11-27,OPTSTK,CESC,660.0,PE,19.0,25.7,17.95,24.9,24.9,21,71.73,8500
2014-11-10,2014-11-27,OPTSTK,CESC,680.0,PE,30.85,35.95,30.85,35.95,35.95,5,17.84,1000
2014-11-10,2014-11-27,OPTSTK,CESC,700.0,PE,0.0,0.0,0.0,46.0,45.3,0,0.0,500
2014-11-10,2014-11-27,OPTSTK,CESC,720.0,PE,0.0,0.0,0.0,46.25,60.75,0,0.0,1000
2014-11-10,2014-11-27,OPTSTK,CESC,740.0,PE,0.0,0.0,0.0,83.0,77.8,0,0.0,0
2014-11-10,2014-11-27,OPTSTK,CESC,750.0,PE,0.0,0.0,0.0,69.4,86.8,0,0.0,0
2014-11-10,2014-11-27,OPTSTK,CESC,760.0,PE,0.0,0.0,0.0,95.45,96.0,0,0.0,0
2014-11-10,2014-11-27,OPTSTK,CESC,780.0,PE,0.0,0.0,0.0,108.65,114.95,0,0.0,0
2014-11-10,2014-11-27,OPTSTK,CESC,800.0,PE,0.0,0.0,0.0,122.6,134.35,0,0.0,0
2014-11-10,2014-11-27,OPTSTK,CESC,820.0,PE,0.0,0.0,0.0,137.3,154.0,0,0.0,0
2014-11-10,2014-11-27,OPTSTK,CESC,840.0,PE,0.0,0.0,0.0,152.55,173.8,0,0.0,0
2014-11-10,2014-11-27,OPTSTK,CESC,850.0,PE,0.0,0.0,0.0,133.0,183.75,0,0.0,0
2014-11-10,2014-11-27,OPTSTK,CESC,860.0,PE,0.0,0.0,0.0,168.3,193.65,0,0.0,0
2014-11-10,2014-11-27,OPTSTK,CESC,880.0,PE,0.0,0.0,0.0,184.6,213.55,0,0.0,0
2014-11-10,2014-11-27,OPTSTK,CESC,900.0,PE,0.0,0.0,0.0,201.35,233.5,0,0.0,0
2014-11-10,2014-11-27,OPTSTK,CESC,920.0,PE,0.0,0.0,0.0,218.5,253.4,0,0.0,0
2014-11-10,2014-11-27,OPTSTK,CESC,940.0,PE,0.0,0.0,0.0,236.0,273.3,0,0.0,0
2014-11-10,2014-11-27,OPTSTK,CESC,950.0,PE,0.0,0.0,0.0,212.55,283.25,0,0.0,0
2014-11-10,2014-11-27,OPTSTK,CESC,1000.0,PE,0.0,0.0,0.0,236.15,333.05,0,0.0,0
2014-11-10,2014-12-24,OPTSTK,CESC,400.0,CE,0.0,0.0,0.0,349.25,267.2,0,0.0,0
2014-11-10,2014-12-24,OPTSTK,CESC,450.0,CE,0.0,0.0,0.0,301.85,217.8,0,0.0,0
2014-11-10,2014-12-24,OPTSTK,CESC,500.0,CE,0.0,0.0,0.0,256.3,168.9,0,0.0,0
2014-11-10,2014-12-24,OPTSTK,CESC,550.0,CE,0.0,0.0,0.0,213.65,122.25,0,0.0,0
2014-11-10,2014-12-24,OPTSTK,CESC,600.0,CE,0.0,0.0,0.0,174.85,81.0,0,0.0,0
2014-11-10,2014-12-24,OPTSTK,CESC,650.0,CE,0.0,0.0,0.0,140.55,48.45,0,0.0,0
2014-11-10,2014-12-24,OPTSTK,CESC,700.0,CE,0.0,0.0,0.0,111.1,26.1,0,0.0,0
2014-11-10,2014-12-24,OPTSTK,CESC,750.0,CE,0.0,0.0,0.0,86.5,12.7,0,0.0,0
2014-11-10,2014-12-24,OPTSTK,CESC,800.0,CE,0.0,0.0,0.0,66.4,5.65,0,0.0,0
2014-11-10,2014-12-24,OPTSTK,CESC,850.0,CE,0.0,0.0,0.0,50.4,2.3,0,0.0,0
2014-11-10,2014-12-24,OPTSTK,CESC,900.0,CE,0.0,0.0,0.0,37.9,0.9,0,0.0,0
2014-11-10,2014-12-24,OPTSTK,CESC,950.0,CE,0.0,0.0,0.0,28.2,0.3,0,0.0,0
2014-11-10,2014-12-24,OPTSTK,CESC,1000.0,CE,0.0,0.0,0.0,20.8,0.1,0,0.0,0
2014-11-10,2014-12-24,OPTSTK,CESC,400.0,PE,0.0,0.0,0.0,0.7,0.0,0,0.0,0
2014-11-10,2014-12-24,OPTSTK,CESC,450.0,PE,0.0,0.0,0.0,2.2,0.1,0,0.0,0
2014-11-10,2014-12-24,OPTSTK,CESC,500.0,PE,0.0,0.0,0.0,5.55,0.7,0,0.0,0
2014-11-10,2014-12-24,OPTSTK,CESC,550.0,PE,0.0,0.0,0.0,11.8,3.5,0,0.0,0
2014-11-10,2014-12-24,OPTSTK,CESC,600.0,PE,0.0,0.0,0.0,21.9,11.7,0,0.0,0
2014-11-10,2014-12-24,OPTSTK,CESC,650.0,PE,23.15,27.0,23.15,27.0,27.0,5,16.87,2500
2014-11-10,2014-12-24,OPTSTK,CESC,700.0,PE,0.0,0.0,0.0,56.0,55.75,0,0.0,0
2014-11-10,2014-12-24,OPTSTK,CESC,750.0,PE,0.0,0.0,0.0,80.3,91.85,0,0.0,0
2014-11-10,2014-12-24,OPTSTK,CESC,800.0,PE,0.0,0.0,0.0,109.15,134.25,0,0.0,0
2014-11-10,2014-12-24,OPTSTK,CESC,850.0,PE,0.0,0.0,0.0,142.0,180.4,0,0.0,0
2014-11-10,2014-12-24,OPTSTK,CESC,900.0,PE,0.0,0.0,0.0,178.4,228.45,0,0.0,0
2014-11-10,2014-12-24,OPTSTK,CESC,950.0,PE,0.0,0.0,0.0,217.65,277.4,0,0.0,0
2014-11-10,2014-12-24,OPTSTK,CESC,1000.0,PE,0.0,0.0,0.0,259.15,326.65,0,0.0,0
2014-11-10,2015-01-29,OPTSTK,CESC,400.0,CE,0.0,0.0,0.0,267.7,270.7,0,0.0,0
2014-11-10,2015-01-29,OPTSTK,CESC,450.0,CE,0.0,0.0,0.0,219.55,222.25,0,0.0,0
2014-11-10,2015-01-29,OPTSTK,CESC,500.0,CE,0.0,0.0,0.0,173.3,175.45,0,0.0,0
2014-11-10,2015-01-29,OPTSTK,CESC,550.0,CE,0.0,0.0,0.0,130.8,132.2,0,0.0,0
2014-11-10,2015-01-29,OPTSTK,CESC,600.0,CE,0.0,0.0,0.0,94.05,94.65,0,0.0,0
2014-11-10,2015-01-29,OPTSTK,CESC,650.0,CE,0.0,0.0,0.0,64.4,64.3,0,0.0,0
2014-11-10,2015-01-29,OPTSTK,CESC,700.0,CE,0.0,0.0,0.0,42.1,41.5,0,0.0,0
2014-11-10,2015-01-29,OPTSTK,CESC,750.0,CE,0.0,0.0,0.0,26.35,25.55,0,0.0,0
2014-11-10,2015-01-29,OPTSTK,CESC,800.0,CE,0.0,0.0,0.0,15.9,15.15,0,0.0,0
2014-11-10,2015-01-29,OPTSTK,CESC,850.0,CE,0.0,0.0,0.0,9.3,8.6,0,0.0,0
2014-11-10,2015-01-29,OPTSTK,CESC,900.0,CE,0.0,0.0,0.0,5.25,4.75,0,0.0,0
2014-11-10,2015-01-29,OPTSTK,CESC,950.0,CE,0.0,0.0,0.0,2.9,2.55,0,0.0,0
2014-11-10,2015-01-29,OPTSTK,CESC,1000.0,CE,0.0,0.0,0.0,1.55,1.35,0,0.0,0
2014-11-10,2015-01-29,OPTSTK,CESC,400.0,PE,0.0,0.0,0.0,0.2,0.15,0,0.0,0
2014-11-10,2015-01-29,OPTSTK,CESC,450.0,PE,0.0,0.0,0.0,0.95,0.75,0,0.0,0
2014-11-10,2015-01-29,OPTSTK,CESC,500.0,PE,0.0,0.0,0.0,3.6,3.0,0,0.0,0
2014-11-10,2015-01-29,OPTSTK,CESC,550.0,PE,0.0,0.0,0.0,10.0,8.8,0,0.0,0
2014-11-10,2015-01-29,OPTSTK,CESC,600.0,PE,0.0,0.0,0.0,22.2,20.3,0,0.0,0
2014-11-10,2015-01-29,OPTSTK,CESC,650.0,PE,0.0,0.0,0.0,41.5,38.95,0,0.0,0
2014-11-10,2015-01-29,OPTSTK,CESC,700.0,PE,0.0,0.0,0.0,68.1,65.25,0,0.0,0
2014-11-10,2015-01-29,OPTSTK,CESC,750.0,PE,0.0,0.0,0.0,101.3,98.35,0,0.0,0
2014-11-10,2015-01-29,OPTSTK,CESC,800.0,PE,0.0,0.0,0.0,139.75,136.95,0,0.0,0
2014-11-10,2015-01-29,OPTSTK,CESC,850.0,PE,0.0,0.0,0.0,182.05,179.5,0,0.0,0
2014-11-10,2015-01-29,OPTSTK,CESC,900.0,PE,0.0,0.0,0.0,226.95,224.7,0,0.0,0
2014-11-10,2015-01-29,OPTSTK,CESC,950.0,PE,0.0,0.0,0.0,273.5,271.55,0,0.0,0
2014-11-10,2015-01-29,OPTSTK,CESC,1000.0,PE,0.0,0.0,0.0,321.1,319.4,0,0.0,0
2014-11-10,2014-11-27,OPTSTK,CIPLA,330.0,CE,0.0,0.0,0.0,191.25,314.3,0,0.0,0
2014-11-10,2014-11-27,OPTSTK,CIPLA,340.0,CE,0.0,0.0,0.0,181.5,304.35,0,0.0,0
2014-11-10,2014-11-27,OPTSTK,CIPLA,350.0,CE,0.0,0.0,0.0,171.7,294.4,0,0.0,0
2014-11-10,2014-11-27,OPTSTK,CIPLA,360.0,CE,0.0,0.0,0.0,162.0,284.45,0,0.0,0
2014-11-10,2014-11-27,OPTSTK,CIPLA,370.0,CE,0.0,0.0,0.0,152.3,274.5,0,0.0,0
2014-11-10,2014-11-27,OPTSTK,CIPLA,380.0,CE,0.0,0.0,0.0,142.65,264.5,0,0.0,0
2014-11-10,2014-11-27,OPTSTK,CIPLA,390.0,CE,0.0,0.0,0.0,133.1,254.55,0,0.0,0
2014-11-10,2014-11-27,OPTSTK,CIPLA,400.0,CE,0.0,0.0,0.0,123.65,244.6,0,0.0,0
2014-11-10,2014-11-27,OPTSTK,CIPLA,410.0,CE,0.0,0.0,0.0,114.35,234.65,0,0.0,0
2014-11-10,2014-11-27,OPTSTK,CIPLA,420.0,CE,0.0,0.0,0.0,105.2,224.7,0,0.0,0
2014-11-10,2014-11-27,OPTSTK,CIPLA,430.0,CE,0.0,0.0,0.0,96.3,214.7,0,0.0,0
2014-11-10,2014-11-27,OPTSTK,CIPLA,440.0,CE,0.0,0.0,0.0,87.7,204.75,0,0.0,0
2014-11-10,2014-11-27,OPTSTK,CIPLA,450.0,CE,0.0,0.0,0.0,79.4,194.8,0,0.0,0
2014-11-10,2014-11-27,OPTSTK,CIPLA,460.0,CE,0.0,0.0,0.0,71.45,184.85,0,0.0,0
2014-11-10,2014-11-27,OPTSTK,CIPLA,470.0,CE,0.0,0.0,0.0,63.9,174.85,0,0.0,0
2014-11-10,2014-11-27,OPTSTK,CIPLA,480.0,CE,0.0,0.0,0.0,56.85,164.9,0,0.0,0
2014-11-10,2014-11-27,OPTSTK,CIPLA,490.0,CE,0.0,0.0,0.0,50.2,154.95,0,0.0,0
2014-11-10,2014-11-27,OPTSTK,CIPLA,500.0,CE,0.0,0.0,0.0,44.05,145.0,0,0.0,0
2014-11-10,2014-11-27,OPTSTK,CIPLA,510.0,CE,0.0,0.0,0.0,38.45,135.05,0,0.0,0
2014-11-10,2014-11-27,OPTSTK,CIPLA,520.0,CE,0.0,0.0,0.0,33.3,125.1,0,0.0,0
2014-11-10,2014-11-27,OPTSTK,CIPLA,530.0,CE,0.0,0.0,0.0,28.7,115.2,0,0.0,0
2014-11-10,2014-11-27,OPTSTK,CIPLA,540.0,CE,0.0,0.0,0.0,24.55,105.3,0,0.0,0
2014-11-10,2014-11-27,OPTSTK,CIPLA,550.0,CE,0.0,0.0,0.0,20.9,95.5,0,0.0,0
2014-11-10,2014-11-27,OPTSTK,CIPLA,560.0,CE,0.0,0.0,0.0,17.65,85.8,0,0.0,0
2014-11-10,2014-11-27,OPTSTK,CIPLA,570.0,CE,0.0,0.0,0.0,14.85,76.3,0,0.0,0
2014-11-10,2014-11-27,OPTSTK,CIPLA,580.0,CE,0.0,0.0,0.0,12.45,67.05,0,0.0,0
2014-11-10,2014-11-27,OPTSTK,CIPLA,590.0,CE,0.0,0.0,0.0,10.3,58.15,0,0.0,0
2014-11-10,2014-11-27,OPTSTK,CIPLA,600.0,CE,0.0,0.0,0.0,63.85,49.7,0,0.0,4000
2014-11-10,2014-11-27,OPTSTK,CIPLA,610.0,CE,0.0,0.0,0.0,53.1,41.8,0,0.0,2000
2014-11-10,2014-11-27,OPTSTK,CIPLA,620.0,CE,0.0,0.0,0.0,43.65,34.6,0,0.0,2000
2014-11-10,2014-11-27,OPTSTK,CIPLA,630.0,CE,28.25,28.9,28.25,28.9,28.9,3,9.87,6000
2014-11-10,2014-11-27,OPTSTK,CIPLA,640.0,CE,21.45,25.9,20.2,23.15,23.15,50,165.46,21000
2014-11-10,2014-11-27,OPTSTK,CIPLA,650.0,CE,17.0,20.5,16.15,18.6,18.6,120,401.05,62500
2014-11-10,2014-11-27,OPTSTK,CIPLA,660.0,CE,17.0,17.0,12.65,14.6,14.6,181,610.21,114000
2014-11-10,2014-11-27,OPTSTK,CIPLA,670.0,CE,10.05,12.35,9.75,11.1,11.1,75,255.45,67500
2014-11-10,2014-11-27,OPTSTK,CIPLA,680.0,CE,10.0,10.0,7.45,8.7,8.7,82,282.33,94000
2014-11-10,2014-11-27,OPTSTK,CIPLA,690.0,CE,5.95,7.55,5.55,6.75,6.75,45,156.69,35000
2014-11-10,2014-11-27,OPTSTK,CIPLA,700.0,CE,6.0,6.0,4.05,4.9,4.9,134,472.31,96500
2014-11-10,2014-11-27,OPTSTK,CIPLA,710.0,CE,4.1,4.15,3.55,3.8,3.8,33,117.79,42000
2014-11-10,2014-11-27,OPTSTK,CIPLA,720.0,CE,2.55,3.0,2.55,3.0,3.0,24,86.72,60500
2014-11-10,2014-11-27,OPTSTK,CIPLA,740.0,CE,1.6,1.75,1.55,1.75,1.75,26,96.4,75500
2014-11-10,2014-11-27,OPTSTK,CIPLA,760.0,CE,0.0,0.0,0.0,2.55,0.35,0,0.0,0
2014-11-10,2014-11-27,OPTSTK,CIPLA,780.0,CE,0.0,0.0,0.0,9.0,0.15,0,0.0,0
2014-11-10,2014-11-27,OPTSTK,CIPLA,800.0,CE,0.0,0.0,0.0,9.7,0.05,0,0.0,0
2014-11-10,2014-11-27,OPTSTK,CIPLA,330.0,PE,0.0,0.0,0.0,0.05,0.0,0,0.0,0
2014-11-10,2014-11-27,OPTSTK,CIPLA,340.0,PE,0.0,0.0,0.0,0.05,0.0,0,0.0,0
2014-11-10,2014-11-27,OPTSTK,CIPLA,350.0,PE,0.0,0.0,0.0,0.1,0.0,0,0.0,0
2014-11-10,2014-11-27,OPTSTK,CIPLA,360.0,PE,0.0,0.0,0.0,0.15,0.0,0,0.0,0
2014-11-10,2014-11-27,OPTSTK,CIPLA,370.0,PE,0.0,0.0,0.0,0.25,0.0,0,0.0,0
2014-11-10,2014-11-27,OPTSTK,CIPLA,380.0,PE,0.0,0.0,0.0,0.4,0.0,0,0.0,0
2014-11-10,2014-11-27,OPTSTK,CIPLA,390.0,PE,0.0,0.0,0.0,0.6,0.0,0,0.0,0
2014-11-10,2014-11-27,OPTSTK,CIPLA,400.0,PE,0.0,0.0,0.0,0.95,0.0,0,0.0,0
2014-11-10,2014-11-27,OPTSTK,CIPLA,410.0,PE,0.0,0.0,0.0,1.4,0.0,0,0.0,0
2014-11-10,2014-11-27,OPTSTK,CIPLA,420.0,PE,0.0,0.0,0.0,2.1,0.0,0,0.0,0
2014-11-10,2014-11-27,OPTSTK,CIPLA,430.0,PE,0.0,0.0,0.0,3.0,0.0,0,0.0,0
2014-11-10,2014-11-27,OPTSTK,CIPLA,440.0,PE,0.0,0.0,0.0,4.15,0.0,0,0.0,0
2014-11-10,2014-11-27,OPTSTK,CIPLA,450.0,PE,0.0,0.0,0.0,5.6,0.0,0,0.0,0
2014-11-10,2014-11-27,OPTSTK,CIPLA,460.0,PE,0.0,0.0,0.0,7.45,0.0,0,0.0,0
2014-11-10,2014-11-27,OPTSTK,CIPLA,470.0,PE,0.0,0.0,0.0,9.7,0.0,0,0.0,0
2014-11-10,2014-11-27,OPTSTK,CIPLA,480.0,PE,0.0,0.0,0.0,12.45,0.0,0,0.0,0
2014-11-10,2014-11-27,OPTSTK,CIPLA,490.0,PE,0.0,0.0,0.0,15.55,0.0,0,0.0,0
2014-11-10,2014-11-27,OPTSTK,CIPLA,500.0,PE,0.0,0.0,0.0,19.25,0.0,0,0.0,0
2014-11-10,2014-11-27,OPTSTK,CIPLA,510.0,PE,0.0,0.0,0.0,23.4,0.05,0,0.0,0
2014-11-10,2014-11-27,OPTSTK,CIPLA,520.0,PE,0.0,0.0,0.0,28.05,0.05,0,0.0,0
2014-11-10,2014-11-27,OPTSTK,CIPLA,530.0,PE,0.0,0.0,0.0,33.25,0.1,0,0.0,0
2014-11-10,2014-11-27,OPTSTK,CIPLA,540.0,PE,0.0,0.0,0.0,38.9,0.15,0,0.0,0
2014-11-10,2014-11-27,OPTSTK,CIPLA,550.0,PE,0.0,0.0,0.0,45.0,0.3,0,0.0,0
2014-11-10,2014-11-27,OPTSTK,CIPLA,560.0,PE,0.0,0.0,0.0,51.55,0.6,0,0.0,0
2014-11-10,2014-11-27,OPTSTK,CIPLA,570.0,PE,0.0,0.0,0.0,58.55,1.05,0,0.0,0
2014-11-10,2014-11-27,OPTSTK,CIPLA,580.0,PE,2.5,2.5,2.3,2.35,2.35,13,37.85,13000
2014-11-10,2014-11-27,OPTSTK,CIPLA,590.0,PE,4.0,4.0,2.95,3.25,3.25,73,216.52,47500
2014-11-10,2014-11-27,OPTSTK,CIPLA,600.0,PE,4.3,5.25,4.1,4.75,4.75,103,311.37,90500
2014-11-10,2014-11-27,OPTSTK,CIPLA,610.0,PE,6.65,7.75,6.0,6.55,6.55,39,120.26,29000
2014-11-10,2014-11-27,OPTSTK,CIPLA,620.0,PE,8.8,10.55,8.15,9.15,9.15,71,223.42,75000
2014-11-10,2014-11-27,OPTSTK,CIPLA,630.0,PE,12.6,14.05,11.0,12.45,12.45,98,314.61,51000
2014-11-10,2014-11-27,OPTSTK,CIPLA,640.0,PE,15.0,18.5,14.45,16.7,16.7,153,502.53,77000
2014-11-10,2014-11-27,OPTSTK,CIPLA,650.0,PE,21.3,23.45,19.7,21.35,21.35,83,278.83,59000
2014-11-10,2014-11-27,OPTSTK,CIPLA,660.0,PE,28.3,30.05,26.05,27.45,27.45,34,116.97,65000
2014-11-10,2014-11-27,OPTSTK,CIPLA,670.0,PE,37.1,37.1,33.3,33.55,33.55,10,35.25,15000
2014-11-10,2014-11-27,OPTSTK,CIPLA,680.0,PE,0.0,0.0,0.0,30.8,41.85,0,0.0,3000
2014-11-10,2014-11-27,OPTSTK,CIPLA,690.0,PE,0.0,0.0,0.0,37.15,49.7,0,0.0,2500
2014-11-10,2014-11-27,OPTSTK,CIPLA,700.0,PE,0.0,0.0,0.0,52.2,58.1,0,0.0,4000
2014-11-10,2014-11-27,OPTSTK,CIPLA,710.0,PE,0.0,0.0,0.0,54.65,66.85,0,0.0,3000
2014-11-10,2014-11-27,OPTSTK,CIPLA,720.0,PE,0.0,0.0,0.0,154.4,76.0,0,0.0,0
2014-11-10,2014-11-27,OPTSTK,CIPLA,740.0,PE,0.0,0.0,0.0,172.4,94.9,0,0.0,0
2014-11-10,2014-11-27,OPTSTK,CIPLA,760.0,PE,0.0,0.0,0.0,170.9,114.35,0,0.0,0
2014-11-10,2014-11-27,OPTSTK,CIPLA,780.0,PE,0.0,0.0,0.0,162.25,134.05,0,0.0,0
2014-11-10,2014-11-27,OPTSTK,CIPLA,800.0,PE,0.0,0.0,0.0,165.3,153.9,0,0.0,0
2014-11-10,2014-12-24,OPTSTK,CIPLA,340.0,CE,0.0,0.0,0.0,276.0,306.6,0,0.0,0
2014-11-10,2014-12-24,OPTSTK,CIPLA,360.0,CE,0.0,0.0,0.0,256.6,286.8,0,0.0,0
2014-11-10,2014-12-24,OPTSTK,CIPLA,380.0,CE,0.0,0.0,0.0,237.35,267.0,0,0.0,0
2014-11-10,2014-12-24,OPTSTK,CIPLA,400.0,CE,0.0,0.0,0.0,218.3,247.2,0,0.0,0
2014-11-10,2014-12-24,OPTSTK,CIPLA,420.0,CE,0.0,0.0,0.0,199.6,227.4,0,0.0,0
2014-11-10,2014-12-24,OPTSTK,CIPLA,440.0,CE,0.0,0.0,0.0,181.35,207.65,0,0.0,0
2014-11-10,2014-12-24,OPTSTK,CIPLA,460.0,CE,0.0,0.0,0.0,163.7,187.9,0,0.0,0
2014-11-10,2014-12-24,OPTSTK,CIPLA,480.0,CE,0.0,0.0,0.0,146.7,168.2,0,0.0,0
2014-11-10,2014-12-24,OPTSTK,CIPLA,500.0,CE,0.0,0.0,0.0,130.6,148.65,0,0.0,0
2014-11-10,2014-12-24,OPTSTK,CIPLA,520.0,CE,0.0,0.0,0.0,115.45,129.45,0,0.0,0
2014-11-10,2014-12-24,OPTSTK,CIPLA,540.0,CE,0.0,0.0,0.0,101.35,110.8,0,0.0,0
2014-11-10,2014-12-24,OPTSTK,CIPLA,560.0,CE,0.0,0.0,0.0,88.3,92.95,0,0.0,0
2014-11-10,2014-12-24,OPTSTK,CIPLA,580.0,CE,0.0,0.0,0.0,76.45,76.3,0,0.0,0
2014-11-10,2014-12-24,OPTSTK,CIPLA,600.0,CE,56.35,56.35,56.35,56.35,56.35,1,3.28,500
2014-11-10,2014-12-24,OPTSTK,CIPLA,620.0,CE,0.0,0.0,0.0,56.2,47.8,0,0.0,0
2014-11-10,2014-12-24,OPTSTK,CIPLA,640.0,CE,0.0,0.0,0.0,47.7,36.45,0,0.0,0
2014-11-10,2014-12-24,OPTSTK,CIPLA,660.0,CE,0.0,0.0,0.0,40.3,27.05,0,0.0,0
2014-11-10,2014-12-24,OPTSTK,CIPLA,680.0,CE,0.0,0.0,0.0,23.95,19.55,0,0.0,1000
2014-11-10,2014-12-24,OPTSTK,CIPLA,700.0,CE,0.0,0.0,0.0,16.2,13.8,0,0.0,4000
2014-11-10,2014-12-24,OPTSTK,CIPLA,720.0,CE,0.0,0.0,0.0,23.5,9.45,0,0.0,0
2014-11-10,2014-12-24,OPTSTK,CIPLA,740.0,CE,0.0,0.0,0.0,19.5,6.35,0,0.0,0
2014-11-10,2014-12-24,OPTSTK,CIPLA,760.0,CE,0.0,0.0,0.0,16.05,4.15,0,0.0,0
2014-11-10,2014-12-24,OPTSTK,CIPLA,780.0,CE,0.0,0.0,0.0,13.15,2.65,0,0.0,0
2014-11-10,2014-12-24,OPTSTK,CIPLA,800.0,CE,0.0,0.0,0.0,10.75,1.65,0,0.0,0
2014-11-10,2014-12-24,OPTSTK,CIPLA,340.0,PE,0.0,0.0,0.0,0.15,0.0,0,0.0,0
2014-11-10,2014-12-24,OPTSTK,CIPLA,360.0,PE,0.0,0.0,0.0,0.3,0.0,0,0.0,0
2014-11-10,2014-12-24,OPTSTK,CIPLA,380.0,PE,0.0,0.0,0.0,0.6,0.0,0,0.0,0
2014-11-10,2014-12-24,OPTSTK,CIPLA,400.0,PE,0.0,0.0,0.0,1.15,0.0,0,0.0,0
2014-11-10,2014-12-24,OPTSTK,CIPLA,420.0,PE,0.0,0.0,0.0,2.0,0.0,0,0.0,0
2014-11-10,2014-12-24,OPTSTK,CIPLA,440.0,PE,0.0,0.0,0.0,3.3,0.05,0,0.0,0
2014-11-10,2014-12-24,OPTSTK,CIPLA,460.0,PE,0.0,0.0,0.0,5.2,0.05,0,0.0,0
2014-11-10,2014-12-24,OPTSTK,CIPLA,480.0,PE,0.0,0.0,0.0,7.8,0.15,0,0.0,0
2014-11-10,2014-12-24,OPTSTK,CIPLA,500.0,PE,0.0,0.0,0.0,11.25,0.45,0,0.0,0
2014-11-10,2014-12-24,OPTSTK,CIPLA,520.0,PE,0.0,0.0,0.0,15.65,1.0,0,0.0,0
2014-11-10,2014-12-24,OPTSTK,CIPLA,540.0,PE,0.0,0.0,0.0,21.1,2.1,0,0.0,0
2014-11-10,2014-12-24,OPTSTK,CIPLA,560.0,PE,0.0,0.0,0.0,27.65,4.1,0,0.0,0
2014-11-10,2014-12-24,OPTSTK,CIPLA,580.0,PE,0.0,0.0,0.0,35.35,7.2,0,0.0,0
2014-11-10,2014-12-24,OPTSTK,CIPLA,600.0,PE,0.0,0.0,0.0,44.2,11.9,0,0.0,0
2014-11-10,2014-12-24,OPTSTK,CIPLA,620.0,PE,0.0,0.0,0.0,54.2,18.3,0,0.0,0
2014-11-10,2014-12-24,OPTSTK,CIPLA,640.0,PE,0.0,0.0,0.0,22.0,26.75,0,0.0,500
2014-11-10,2014-12-24,OPTSTK,CIPLA,660.0,PE,0.0,0.0,0.0,22.0,37.1,0,0.0,5000
2014-11-10,2014-12-24,OPTSTK,CIPLA,680.0,PE,0.0,0.0,0.0,30.75,49.4,0,0.0,1000
2014-11-10,2014-12-24,OPTSTK,CIPLA,700.0,PE,0.0,0.0,0.0,104.55,63.45,0,0.0,0
2014-11-10,2014-12-24,OPTSTK,CIPLA,720.0,PE,0.0,0.0,0.0,119.4,78.95,0,0.0,0
2014-11-10,2014-12-24,OPTSTK,CIPLA,740.0,PE,0.0,0.0,0.0,134.9,95.6,0,0.0,0
2014-11-10,2014-12-24,OPTSTK,CIPLA,760.0,PE,0.0,0.0,0.0,151.0,113.2,0,0.0,0
2014-11-10,2014-12-24,OPTSTK,CIPLA,780.0,PE,0.0,0.0,0.0,167.7,131.5,0,0.0,0
2014-11-10,2014-12-24,OPTSTK,CIPLA,800.0,PE,0.0,0.0,0.0,184.85,150.3,0,0.0,0
2014-11-10,2015-01-29,OPTSTK,CIPLA,380.0,CE,0.0,0.0,0.0,278.85,270.25,0,0.0,0
2014-11-10,2015-01-29,OPTSTK,CIPLA,400.0,CE,0.0,0.0,0.0,259.35,250.65,0,0.0,0
2014-11-10,2015-01-29,OPTSTK,CIPLA,420.0,CE,0.0,0.0,0.0,239.95,231.1,0,0.0,0
2014-11-10,2015-01-29,OPTSTK,CIPLA,440.0,CE,0.0,0.0,0.0,220.7,211.6,0,0.0,0
2014-11-10,2015-01-29,OPTSTK,CIPLA,460.0,CE,0.0,0.0,0.0,201.65,192.25,0,0.0,0
2014-11-10,2015-01-29,OPTSTK,CIPLA,480.0,CE,0.0,0.0,0.0,182.9,173.2,0,0.0,0
2014-11-10,2015-01-29,OPTSTK,CIPLA,500.0,CE,0.0,0.0,0.0,164.65,154.5,0,0.0,0
2014-11-10,2015-01-29,OPTSTK,CIPLA,520.0,CE,0.0,0.0,0.0,147.05,136.4,0,0.0,0
2014-11-10,2015-01-29,OPTSTK,CIPLA,540.0,CE,0.0,0.0,0.0,130.2,119.05,0,0.0,0
2014-11-10,2015-01-29,OPTSTK,CIPLA,560.0,CE,0.0,0.0,0.0,114.25,102.7,0,0.0,0
2014-11-10,2015-01-29,OPTSTK,CIPLA,580.0,CE,0.0,0.0,0.0,99.4,87.5,0,0.0,0
2014-11-10,2015-01-29,OPTSTK,CIPLA,600.0,CE,0.0,0.0,0.0,85.65,73.55,0,0.0,0
2014-11-10,2015-01-29,OPTSTK,CIPLA,620.0,CE,0.0,0.0,0.0,73.15,61.05,0,0.0,0
2014-11-10,2015-01-29,OPTSTK,CIPLA,640.0,CE,0.0,0.0,0.0,61.95,50.05,0,0.0,0
2014-11-10,2015-01-29,OPTSTK,CIPLA,660.0,CE,0.0,0.0,0.0,51.95,40.5,0,0.0,0
2014-11-10,2015-01-29,OPTSTK,CIPLA,680.0,CE,0.0,0.0,0.0,43.25,32.35,0,0.0,0
2014-11-10,2015-01-29,OPTSTK,CIPLA,700.0,CE,0.0,0.0,0.0,35.65,25.5,0,0.0,0
2014-11-10,2015-01-29,OPTSTK,CIPLA,720.0,CE,0.0,0.0,0.0,29.2,19.9,0,0.0,0
2014-11-10,2015-01-29,OPTSTK,CIPLA,740.0,CE,0.0,0.0,0.0,23.7,15.4,0,0.0,0
2014-11-10,2015-01-29,OPTSTK,CIPLA,760.0,CE,0.0,0.0,0.0,19.15,11.75,0,0.0,0
2014-11-10,2015-01-29,OPTSTK,CIPLA,780.0,CE,0.0,0.0,0.0,15.35,8.85,0,0.0,0
2014-11-10,2015-01-29,OPTSTK,CIPLA,800.0,CE,0.0,0.0,0.0,12.2,6.65,0,0.0,0
2014-11-10,2015-01-29,OPTSTK,CIPLA,380.0,PE,0.0,0.0,0.0,0.05,0.05,0,0.0,0
2014-11-10,2015-01-29,OPTSTK,CIPLA,400.0,PE,0.0,0.0,0.0,0.15,0.05,0,0.0,0
2014-11-10,2015-01-29,OPTSTK,CIPLA,420.0,PE,0.0,0.0,0.0,0.3,0.1,0,0.0,0
2014-11-10,2015-01-29,OPTSTK,CIPLA,440.0,PE,0.0,0.0,0.0,0.6,0.25,0,0.0,0
2014-11-10,2015-01-29,OPTSTK,CIPLA,460.0,PE,0.0,0.0,0.0,1.1,0.55,0,0.0,0
2014-11-10,2015-01-29,OPTSTK,CIPLA,480.0,PE,0.0,0.0,0.0,1.95,1.1,0,0.0,0
2014-11-10,2015-01-29,OPTSTK,CIPLA,500.0,PE,0.0,0.0,0.0,3.3,2.05,0,0.0,0
2014-11-10,2015-01-29,OPTSTK,CIPLA,520.0,PE,0.0,0.0,0.0,5.25,3.55,0,0.0,0
2014-11-10,2015-01-29,OPTSTK,CIPLA,540.0,PE,0.0,0.0,0.0,7.95,5.85,0,0.0,0
2014-11-10,2015-01-29,OPTSTK,CIPLA,560.0,PE,0.0,0.0,0.0,11.6,9.1,0,0.0,0
2014-11-10,2015-01-29,OPTSTK,CIPLA,580.0,PE,0.0,0.0,0.0,16.3,13.5,0,0.0,0
2014-11-10,2015-01-29,OPTSTK,CIPLA,600.0,PE,0.0,0.0,0.0,22.1,19.2,0,0.0,0
2014-11-10,2015-01-29,OPTSTK,CIPLA,620.0,PE,0.0,0.0,0.0,29.2,26.3,0,0.0,0
2014-11-10,2015-01-29,OPTSTK,CIPLA,640.0,PE,0.0,0.0,0.0,37.5,34.9,0,0.0,0
2014-11-10,2015-01-29,OPTSTK,CIPLA,660.0,PE,0.0,0.0,0.0,47.15,44.95,0,0.0,0
2014-11-10,2015-01-29,OPTSTK,CIPLA,680.0,PE,0.0,0.0,0.0,57.95,56.45,0,0.0,0
2014-11-10,2015-01-29,OPTSTK,CIPLA,700.0,PE,0.0,0.0,0.0,69.95,69.25,0,0.0,0
2014-11-10,2015-01-29,OPTSTK,CIPLA,720.0,PE,0.0,0.0,0.0,83.05,83.25,0,0.0,0
2014-11-10,2015-01-29,OPTSTK,CIPLA,740.0,PE,0.0,0.0,0.0,97.15,98.35,0,0.0,0
2014-11-10,2015-01-29,OPTSTK,CIPLA,760.0,PE,0.0,0.0,0.0,112.15,114.35,0,0.0,0
2014-11-10,2015-01-29,OPTSTK,CIPLA,780.0,PE,0.0,0.0,0.0,127.9,131.1,0,0.0,0
2014-11-10,2015-01-29,OPTSTK,CIPLA,800.0,PE,0.0,0.0,0.0,144.35,148.45,0,0.0,0
2014-11-10,2014-11-27,OPTSTK,COALINDIA,260.0,CE,0.0,0.0,0.0,101.85,90.15,0,0.0,0
2014-11-10,2014-11-27,OPTSTK,COALINDIA,270.0,CE,0.0,0.0,0.0,92.3,80.2,0,0.0,0
2014-11-10,2014-11-27,OPTSTK,COALINDIA,280.0,CE,0.0,0.0,0.0,82.9,70.25,0,0.0,0
2014-11-10,2014-11-27,OPTSTK,COALINDIA,290.0,CE,0.0,0.0,0.0,73.7,60.3,0,0.0,0
2014-11-10,2014-11-27,OPTSTK,COALINDIA,300.0,CE,0.0,0.0,0.0,60.1,50.45,0,0.0,11000
2014-11-10,2014-11-27,OPTSTK,COALINDIA,310.0,CE,0.0,0.0,0.0,54.95,40.8,0,0.0,1000
2014-11-10,2014-11-27,OPTSTK,COALINDIA,320.0,CE,0.0,0.0,0.0,41.0,31.65,0,0.0,6000
2014-11-10,2014-11-27,OPTSTK,COALINDIA,330.0,CE,24.45,24.45,20.6,20.6,20.6,5,17.68,4000
2014-11-10,2014-11-27,OPTSTK,COALINDIA,340.0,CE,10.8,17.45,10.8,13.9,13.9,67,237.74,36000
2014-11-10,2014-11-27,OPTSTK,COALINDIA,350.0,CE,5.8,10.7,5.8,8.05,8.05,808,2898.82,325000
2014-11-10,2014-11-27,OPTSTK,COALINDIA,360.0,CE,3.2,6.15,3.2,4.55,4.55,524,1912.19,482000
2014-11-10,2014-11-27,OPTSTK,COALINDIA,370.0,CE,2.0,3.25,1.65,2.45,2.45,300,1118.1,504000
2014-11-10,2014-11-27,OPTSTK,COALINDIA,380.0,CE,1.05,1.75,1.05,1.25,1.25,166,633.19,362000
2014-11-10,2014-11-27,OPTSTK,COALINDIA,390.0,CE,0.75,0.9,0.6,0.7,0.7,74,289.17,133000
2014-11-10,2014-11-27,OPTSTK,COALINDIA,400.0,CE,0.5,0.55,0.4,0.4,0.4,99,396.46,210000
2014-11-10,2014-11-27,OPTSTK,COALINDIA,410.0,CE,0.3,0.3,0.25,0.3,0.3,5,20.51,41000
2014-11-10,2014-11-27,OPTSTK,COALINDIA,420.0,CE,0.0,0.0,0.0,5.35,0.1,0,0.0,0
2014-11-10,2014-11-27,OPTSTK,COALINDIA,430.0,CE,0.0,0.0,0.0,4.05,0.05,0,0.0,0
2014-11-10,2014-11-27,OPTSTK,COALINDIA,440.0,CE,0.0,0.0,0.0,3.0,0.05,0,0.0,0
2014-11-10,2014-11-27,OPTSTK,COALINDIA,450.0,CE,0.0,0.0,0.0,2.2,0.0,0,0.0,0
2014-11-10,2014-11-27,OPTSTK,COALINDIA,460.0,CE,0.0,0.0,0.0,1.6,0.0,0,0.0,0
2014-11-10,2014-11-27,OPTSTK,COALINDIA,470.0,CE,0.0,0.0,0.0,1.15,0.0,0,0.0,0
2014-11-10,2014-11-27,OPTSTK,COALINDIA,480.0,CE,0.0,0.0,0.0,0.85,0.0,0,0.0,0
2014-11-10,2014-11-27,OPTSTK,COALINDIA,260.0,PE,0.0,0.0,0.0,0.25,0.0,0,0.0,0
2014-11-10,2014-11-27,OPTSTK,COALINDIA,270.0,PE,0.0,0.0,0.0,0.45,0.0,0,0.0,0
2014-11-10,2014-11-27,OPTSTK,COALINDIA,280.0,PE,0.0,0.0,0.0,0.85,0.05,0,0.0,0
2014-11-10,2014-11-27,OPTSTK,COALINDIA,290.0,PE,0.0,0.0,0.0,1.45,0.05,0,0.0,0
2014-11-10,2014-11-27,OPTSTK,COALINDIA,300.0,PE,0.65,0.95,0.3,0.3,0.3,22,66.1,26000
2014-11-10,2014-11-27,OPTSTK,COALINDIA,310.0,PE,1.25,1.25,0.55,0.7,0.7,17,52.81,15000
2014-11-10,2014-11-27,OPTSTK,COALINDIA,320.0,PE,3.55,3.55,1.0,1.1,1.1,117,375.96,99000
2014-11-10,2014-11-27,OPTSTK,COALINDIA,330.0,PE,4.75,4.75,1.95,2.3,2.3,204,678.57,185000
2014-11-10,2014-11-27,OPTSTK,COALINDIA,340.0,PE,8.0,8.2,3.75,4.7,4.7,564,1945.15,295000
2014-11-10,2014-11-27,OPTSTK,COALINDIA,350.0,PE,11.9,11.9,7.1,8.85,8.85,492,1765.03,205000
2014-11-10,2014-11-27,OPTSTK,COALINDIA,360.0,PE,19.0,19.0,12.5,14.15,14.15,36,134.98,108000
2014-11-10,2014-11-27,OPTSTK,COALINDIA,370.0,PE,20.25,21.7,20.25,21.7,21.7,3,11.73,45000
2014-11-10,2014-11-27,OPTSTK,COALINDIA,380.0,PE,0.0,0.0,0.0,21.65,31.25,0,0.0,24000
2014-11-10,2014-11-27,OPTSTK,COALINDIA,390.0,PE,0.0,0.0,0.0,29.7,40.25,0,0.0,15000
2014-11-10,2014-11-27,OPTSTK,COALINDIA,400.0,PE,0.0,0.0,0.0,32.0,49.75,0,0.0,15000
2014-11-10,2014-11-27,OPTSTK,COALINDIA,410.0,PE,0.0,0.0,0.0,52.25,59.45,0,0.0,0
2014-11-10,2014-11-27,OPTSTK,COALINDIA,420.0,PE,0.0,0.0,0.0,60.35,69.3,0,0.0,0
2014-11-10,2014-11-27,OPTSTK,COALINDIA,430.0,PE,0.0,0.0,0.0,62.1,79.25,0,0.0,1000
2014-11-10,2014-11-27,OPTSTK,COALINDIA,440.0,PE,0.0,0.0,0.0,77.55,89.2,0,0.0,0
2014-11-10,2014-11-27,OPTSTK,COALINDIA,450.0,PE,0.0,0.0,0.0,86.55,99.15,0,0.0,0
2014-11-10,2014-11-27,OPTSTK,COALINDIA,460.0,PE,0.0,0.0,0.0,95.75,109.1,0,0.0,0
2014-11-10,2014-11-27,OPTSTK,COALINDIA,470.0,PE,0.0,0.0,0.0,105.1,119.05,0,0.0,0
2014-11-10,2014-11-27,OPTSTK,COALINDIA,480.0,PE,0.0,0.0,0.0,114.55,129.05,0,0.0,0
2014-11-10,2014-12-24,OPTSTK,COALINDIA,260.0,CE,0.0,0.0,0.0,93.75,91.9,0,0.0,0
2014-11-10,2014-12-24,OPTSTK,COALINDIA,270.0,CE,0.0,0.0,0.0,84.75,82.1,0,0.0,0
2014-11-10,2014-12-24,OPTSTK,COALINDIA,280.0,CE,0.0,0.0,0.0,76.1,72.4,0,0.0,0
2014-11-10,2014-12-24,OPTSTK,COALINDIA,290.0,CE,0.0,0.0,0.0,67.8,62.9,0,0.0,0
2014-11-10,2014-12-24,OPTSTK,COALINDIA,300.0,CE,0.0,0.0,0.0,59.95,53.7,0,0.0,0
2014-11-10,2014-12-24,OPTSTK,COALINDIA,310.0,CE,0.0,0.0,0.0,52.6,45.0,0,0.0,0
2014-11-10,2014-12-24,OPTSTK,COALINDIA,320.0,CE,0.0,0.0,0.0,45.75,36.95,0,0.0,0
2014-11-10,2014-12-24,OPTSTK,COALINDIA,330.0,CE,0.0,0.0,0.0,39.5,29.65,0,0.0,0
2014-11-10,2014-12-24,OPTSTK,COALINDIA,340.0,CE,0.0,0.0,0.0,33.85,23.2,0,0.0,0
2014-11-10,2014-12-24,OPTSTK,COALINDIA,350.0,CE,0.0,0.0,0.0,28.8,17.75,0,0.0,0
2014-11-10,2014-12-24,OPTSTK,COALINDIA,360.0,CE,0.0,0.0,0.0,24.3,13.25,0,0.0,0
2014-11-10,2014-12-24,OPTSTK,COALINDIA,370.0,CE,0.0,0.0,0.0,20.4,9.65,0,0.0,0
2014-11-10,2014-12-24,OPTSTK,COALINDIA,380.0,CE,0.0,0.0,0.0,16.95,6.85,0,0.0,0
2014-11-10,2014-12-24,OPTSTK,COALINDIA,390.0,CE,0.0,0.0,0.0,14.05,4.75,0,0.0,0
2014-11-10,2014-12-24,OPTSTK,COALINDIA,400.0,CE,0.0,0.0,0.0,11.55,3.25,0,0.0,0
2014-11-10,2014-12-24,OPTSTK,COALINDIA,410.0,CE,0.0,0.0,0.0,9.45,2.15,0,0.0,0
2014-11-10,2014-12-24,OPTSTK,COALINDIA,420.0,CE,0.0,0.0,0.0,7.65,1.4,0,0.0,0
2014-11-10,2014-12-24,OPTSTK,COALINDIA,430.0,CE,0.0,0.0,0.0,6.2,0.9,0,0.0,0
2014-11-10,2014-12-24,OPTSTK,COALINDIA,440.0,CE,0.0,0.0,0.0,4.95,0.55,0,0.0,0
2014-11-10,2014-12-24,OPTSTK,COALINDIA,450.0,CE,0.0,0.0,0.0,3.95,0.35,0,0.0,0
2014-11-10,2014-12-24,OPTSTK,COALINDIA,460.0,CE,0.0,0.0,0.0,3.15,0.2,0,0.0,0
2014-11-10,2014-12-24,OPTSTK,COALINDIA,470.0,CE,0.0,0.0,0.0,2.5,0.15,0,0.0,0
2014-11-10,2014-12-24,OPTSTK,COALINDIA,480.0,CE,0.0,0.0,0.0,2.0,0.1,0,0.0,0
2014-11-10,2014-12-24,OPTSTK,COALINDIA,260.0,PE,0.0,0.0,0.0,1.35,0.05,0,0.0,0
2014-11-10,2014-12-24,OPTSTK,COALINDIA,270.0,PE,0.0,0.0,0.0,2.15,0.15,0,0.0,0
2014-11-10,2014-12-24,OPTSTK,COALINDIA,280.0,PE,0.0,0.0,0.0,3.25,0.35,0,0.0,0
2014-11-10,2014-12-24,OPTSTK,COALINDIA,290.0,PE,0.0,0.0,0.0,4.7,0.75,0,0.0,0
2014-11-10,2014-12-24,OPTSTK,COALINDIA,300.0,PE,0.0,0.0,0.0,6.65,1.5,0,0.0,0
2014-11-10,2014-12-24,OPTSTK,COALINDIA,310.0,PE,0.0,0.0,0.0,9.1,2.65,0,0.0,0
2014-11-10,2014-12-24,OPTSTK,COALINDIA,320.0,PE,0.0,0.0,0.0,12.05,4.5,0,0.0,0
2014-11-10,2014-12-24,OPTSTK,COALINDIA,330.0,PE,0.0,0.0,0.0,15.55,7.05,0,0.0,0
2014-11-10,2014-12-24,OPTSTK,COALINDIA,340.0,PE,7.9,7.9,7.9,7.9,7.9,1,3.47,1000
2014-11-10,2014-12-24,OPTSTK,COALINDIA,350.0,PE,10.9,10.9,10.9,10.9,10.9,1,3.6,1000
2014-11-10,2014-12-24,OPTSTK,COALINDIA,360.0,PE,0.0,0.0,0.0,29.7,20.35,0,0.0,0
2014-11-10,2014-12-24,OPTSTK,COALINDIA,370.0,PE,0.0,0.0,0.0,35.55,26.65,0,0.0,0
2014-11-10,2014-12-24,OPTSTK,COALINDIA,380.0,PE,0.0,0.0,0.0,41.95,33.8,0,0.0,0
2014-11-10,2014-12-24,OPTSTK,COALINDIA,390.0,PE,0.0,0.0,0.0,48.8,41.55,0,0.0,0
2014-11-10,2014-12-24,OPTSTK,COALINDIA,400.0,PE,0.0,0.0,0.0,56.05,49.95,0,0.0,0
2014-11-10,2014-12-24,OPTSTK,COALINDIA,410.0,PE,0.0,0.0,0.0,63.75,58.75,0,0.0,0
2014-11-10,2014-12-24,OPTSTK,COALINDIA,420.0,PE,0.0,0.0,0.0,71.75,67.9,0,0.0,0
2014-11-10,2014-12-24,OPTSTK,COALINDIA,430.0,PE,0.0,0.0,0.0,80.05,77.3,0,0.0,0
2014-11-10,2014-12-24,OPTSTK,COALINDIA,440.0,PE,0.0,0.0,0.0,88.65,86.85,0,0.0,0
2014-11-10,2014-12-24,OPTSTK,COALINDIA,450.0,PE,0.0,0.0,0.0,97.4,96.55,0,0.0,0
2014-11-10,2014-12-24,OPTSTK,COALINDIA,460.0,PE,0.0,0.0,0.0,106.4,106.3,0,0.0,0
2014-11-10,2014-12-24,OPTSTK,COALINDIA,470.0,PE,0.0,0.0,0.0,115.5,116.1,0,0.0,0
2014-11-10,2014-12-24,OPTSTK,COALINDIA,480.0,PE,0.0,0.0,0.0,124.75,125.95,0,0.0,0
2014-11-10,2015-01-29,OPTSTK,COALINDIA,260.0,CE,0.0,0.0,0.0,105.65,94.5,0,0.0,0
2014-11-10,2015-01-29,OPTSTK,COALINDIA,270.0,CE,0.0,0.0,0.0,96.0,85.05,0,0.0,0
2014-11-10,2015-01-29,OPTSTK,COALINDIA,280.0,CE,0.0,0.0,0.0,86.45,75.85,0,0.0,0
2014-11-10,2015-01-29,OPTSTK,COALINDIA,290.0,CE,0.0,0.0,0.0,77.05,66.95,0,0.0,0
2014-11-10,2015-01-29,OPTSTK,COALINDIA,300.0,CE,0.0,0.0,0.0,68.0,58.45,0,0.0,0
2014-11-10,2015-01-29,OPTSTK,COALINDIA,310.0,CE,0.0,0.0,0.0,59.25,50.5,0,0.0,0
2014-11-10,2015-01-29,OPTSTK,COALINDIA,320.0,CE,0.0,0.0,0.0,50.95,43.1,0,0.0,0
2014-11-10,2015-01-29,OPTSTK,COALINDIA,330.0,CE,0.0,0.0,0.0,43.25,36.3,0,0.0,0
2014-11-10,2015-01-29,OPTSTK,COALINDIA,340.0,CE,0.0,0.0,0.0,36.2,30.25,0,0.0,0
2014-11-10,2015-01-29,OPTSTK,COALINDIA,350.0,CE,0.0,0.0,0.0,29.85,24.9,0,0.0,0
2014-11-10,2015-01-29,OPTSTK,COALINDIA,360.0,CE,0.0,0.0,0.0,24.3,20.25,0,0.0,0
2014-11-10,2015-01-29,OPTSTK,COALINDIA,370.0,CE,0.0,0.0,0.0,19.45,16.25,0,0.0,0
2014-11-10,2015-01-29,OPTSTK,COALINDIA,380.0,CE,0.0,0.0,0.0,15.35,12.9,0,0.0,0
2014-11-10,2015-01-29,OPTSTK,COALINDIA,390.0,CE,0.0,0.0,0.0,11.95,10.15,0,0.0,0
2014-11-10,2015-01-29,OPTSTK,COALINDIA,400.0,CE,0.0,0.0,0.0,9.2,7.9,0,0.0,0
2014-11-10,2015-01-29,OPTSTK,COALINDIA,410.0,CE,0.0,0.0,0.0,6.95,6.05,0,0.0,0
2014-11-10,2015-01-29,OPTSTK,COALINDIA,420.0,CE,0.0,0.0,0.0,5.2,4.6,0,0.0,0
2014-11-10,2015-01-29,OPTSTK,COALINDIA,430.0,CE,0.0,0.0,0.0,3.85,3.5,0,0.0,0
2014-11-10,2015-01-29,OPTSTK,COALINDIA,440.0,CE,0.0,0.0,0.0,2.8,2.6,0,0.0,0
2014-11-10,2015-01-29,OPTSTK,COALINDIA,450.0,CE,0.0,0.0,0.0,2.05,1.95,0,0.0,0
2014-11-10,2015-01-29,OPTSTK,COALINDIA,460.0,CE,0.0,0.0,0.0,1.45,1.45,0,0.0,0
2014-11-10,2015-01-29,OPTSTK,COALINDIA,470.0,CE,0.0,0.0,0.0,1.05,1.05,0,0.0,0
2014-11-10,2015-01-29,OPTSTK,COALINDIA,480.0,CE,0.0,0.0,0.0,0.7,0.75,0,0.0,0
2014-11-10,2015-01-29,OPTSTK,COALINDIA,260.0,PE,0.0,0.0,0.0,0.1,0.45,0,0.0,0
2014-11-10,2015-01-29,OPTSTK,COALINDIA,270.0,PE,0.0,0.0,0.0,0.25,0.8,0,0.0,0
2014-11-10,2015-01-29,OPTSTK,COALINDIA,280.0,PE,0.0,0.0,0.0,0.5,1.45,0,0.0,0
2014-11-10,2015-01-29,OPTSTK,COALINDIA,290.0,PE,0.0,0.0,0.0,0.9,2.35,0,0.0,0
2014-11-10,2015-01-29,OPTSTK,COALINDIA,300.0,PE,0.0,0.0,0.0,1.6,3.7,0,0.0,0
2014-11-10,2015-01-29,OPTSTK,COALINDIA,310.0,PE,0.0,0.0,0.0,2.65,5.5,0,0.0,0
2014-11-10,2015-01-29,OPTSTK,COALINDIA,320.0,PE,0.0,0.0,0.0,4.15,7.95,0,0.0,0
2014-11-10,2015-01-29,OPTSTK,COALINDIA,330.0,PE,0.0,0.0,0.0,6.25,10.95,0,0.0,0
2014-11-10,2015-01-29,OPTSTK,COALINDIA,340.0,PE,0.0,0.0,0.0,8.95,14.7,0,0.0,0
2014-11-10,2015-01-29,OPTSTK,COALINDIA,350.0,PE,0.0,0.0,0.0,12.4,19.15,0,0.0,0
2014-11-10,2015-01-29,OPTSTK,COALINDIA,360.0,PE,0.0,0.0,0.0,16.6,24.3,0,0.0,0
2014-11-10,2015-01-29,OPTSTK,COALINDIA,370.0,PE,0.0,0.0,0.0,21.6,30.15,0,0.0,0
2014-11-10,2015-01-29,OPTSTK,COALINDIA,380.0,PE,0.0,0.0,0.0,27.25,36.6,0,0.0,0
2014-11-10,2015-01-29,OPTSTK,COALINDIA,390.0,PE,0.0,0.0,0.0,33.65,43.65,0,0.0,0
2014-11-10,2015-01-29,OPTSTK,COALINDIA,400.0,PE,0.0,0.0,0.0,40.65,51.2,0,0.0,0
2014-11-10,2015-01-29,OPTSTK,COALINDIA,410.0,PE,0.0,0.0,0.0,48.2,59.2,0,0.0,0
2014-11-10,2015-01-29,OPTSTK,COALINDIA,420.0,PE,0.0,0.0,0.0,56.25,67.55,0,0.0,0
2014-11-10,2015-01-29,OPTSTK,COALINDIA,430.0,PE,0.0,0.0,0.0,64.65,76.25,0,0.0,0
2014-11-10,2015-01-29,OPTSTK,COALINDIA,440.0,PE,0.0,0.0,0.0,73.4,85.15,0,0.0,0
2014-11-10,2015-01-29,OPTSTK,COALINDIA,450.0,PE,0.0,0.0,0.0,82.4,94.3,0,0.0,0
2014-11-10,2015-01-29,OPTSTK,COALINDIA,460.0,PE,0.0,0.0,0.0,91.6,103.6,0,0.0,0
2014-11-10,2015-01-29,OPTSTK,COALINDIA,470.0,PE,0.0,0.0,0.0,101.0,113.05,0,0.0,0
2014-11-10,2015-01-29,OPTSTK,COALINDIA,480.0,PE,0.0,0.0,0.0,110.45,122.55,0,0.0,0
2014-11-10,2014-11-27,OPTSTK,COLPAL,1160.0,CE,0.0,0.0,0.0,401.45,721.9,0,0.0,0
2014-11-10,2014-11-27,OPTSTK,COLPAL,1180.0,CE,0.0,0.0,0.0,382.2,702.0,0,0.0,0
2014-11-10,2014-11-27,OPTSTK,COLPAL,1200.0,CE,0.0,0.0,0.0,363.05,682.05,0,0.0,0
2014-11-10,2014-11-27,OPTSTK,COLPAL,1220.0,CE,0.0,0.0,0.0,344.05,662.15,0,0.0,0
2014-11-10,2014-11-27,OPTSTK,COLPAL,1240.0,CE,0.0,0.0,0.0,325.2,642.2,0,0.0,0
2014-11-10,2014-11-27,OPTSTK,COLPAL,1250.0,CE,0.0,0.0,0.0,406.45,632.25,0,0.0,0
2014-11-10,2014-11-27,OPTSTK,COLPAL,1260.0,CE,0.0,0.0,0.0,306.6,622.3,0,0.0,0
2014-11-10,2014-11-27,OPTSTK,COLPAL,1280.0,CE,0.0,0.0,0.0,288.25,602.35,0,0.0,0
2014-11-10,2014-11-27,OPTSTK,COLPAL,1300.0,CE,0.0,0.0,0.0,270.25,582.45,0,0.0,0
2014-11-10,2014-11-27,OPTSTK,COLPAL,1320.0,CE,0.0,0.0,0.0,252.55,562.55,0,0.0,0
2014-11-10,2014-11-27,OPTSTK,COLPAL,1340.0,CE,0.0,0.0,0.0,235.3,542.6,0,0.0,0
2014-11-10,2014-11-27,OPTSTK,COLPAL,1350.0,CE,0.0,0.0,0.0,310.4,532.65,0,0.0,0
2014-11-10,2014-11-27,OPTSTK,COLPAL,1360.0,CE,0.0,0.0,0.0,218.55,522.7,0,0.0,0
2014-11-10,2014-11-27,OPTSTK,COLPAL,1380.0,CE,0.0,0.0,0.0,202.25,502.75,0,0.0,0
2014-11-10,2014-11-27,OPTSTK,COLPAL,1400.0,CE,0.0,0.0,0.0,186.55,482.85,0,0.0,0
2014-11-10,2014-11-27,OPTSTK,COLPAL,1420.0,CE,0.0,0.0,0.0,171.45,462.95,0,0.0,0
2014-11-10,2014-11-27,OPTSTK,COLPAL,1440.0,CE,0.0,0.0,0.0,157.05,443.0,0,0.0,0
2014-11-10,2014-11-27,OPTSTK,COLPAL,1450.0,CE,0.0,0.0,0.0,220.55,433.05,0,0.0,0
2014-11-10,2014-11-27,OPTSTK,COLPAL,1460.0,CE,0.0,0.0,0.0,143.25,423.1,0,0.0,0
2014-11-10,2014-11-27,OPTSTK,COLPAL,1480.0,CE,0.0,0.0,0.0,130.2,403.2,0,0.0,0
2014-11-10,2014-11-27,OPTSTK,COLPAL,1500.0,CE,0.0,0.0,0.0,117.9,383.3,0,0.0,0
2014-11-10,2014-11-27,OPTSTK,COLPAL,1520.0,CE,0.0,0.0,0.0,106.4,363.45,0,0.0,0
2014-11-10,2014-11-27,OPTSTK,COLPAL,1540.0,CE,0.0,0.0,0.0,95.6,343.6,0,0.0,0
2014-11-10,2014-11-27,OPTSTK,COLPAL,1550.0,CE,0.0,0.0,0.0,143.15,333.7,0,0.0,0
2014-11-10,2014-11-27,OPTSTK,COLPAL,1560.0,CE,0.0,0.0,0.0,85.6,323.8,0,0.0,0
2014-11-10,2014-11-27,OPTSTK,COLPAL,1580.0,CE,0.0,0.0,0.0,76.35,304.1,0,0.0,0
2014-11-10,2014-11-27,OPTSTK,COLPAL,1600.0,CE,0.0,0.0,0.0,67.85,284.55,0,0.0,0
2014-11-10,2014-11-27,OPTSTK,COLPAL,1620.0,CE,0.0,0.0,0.0,60.05,265.1,0,0.0,0
2014-11-10,2014-11-27,OPTSTK,COLPAL,1640.0,CE,0.0,0.0,0.0,52.95,245.85,0,0.0,0
2014-11-10,2014-11-27,OPTSTK,COLPAL,1650.0,CE,0.0,0.0,0.0,86.85,236.35,0,0.0,1250
2014-11-10,2014-11-27,OPTSTK,COLPAL,1660.0,CE,0.0,0.0,0.0,46.55,226.95,0,0.0,0
2014-11-10,2014-11-27,OPTSTK,COLPAL,1680.0,CE,0.0,0.0,0.0,40.75,208.35,0,0.0,0
2014-11-10,2014-11-27,OPTSTK,COLPAL,1700.0,CE,0.0,0.0,0.0,94.0,190.15,0,0.0,3250
2014-11-10,2014-11-27,OPTSTK,COLPAL,1720.0,CE,0.0,0.0,0.0,71.5,172.55,0,0.0,375
2014-11-10,2014-11-27,OPTSTK,COLPAL,1740.0,CE,0.0,0.0,0.0,77.6,155.5,0,0.0,1375
2014-11-10,2014-11-27,OPTSTK,COLPAL,1750.0,CE,80.0,115.0,80.0,110.0,110.0,25,58.13,4500
2014-11-10,2014-11-27,OPTSTK,COLPAL,1760.0,CE,0.0,0.0,0.0,26.85,139.2,0,0.0,2000
2014-11-10,2014-11-27,OPTSTK,COLPAL,1780.0,CE,100.0,100.0,100.0,100.0,100.0,1,2.35,2125
2014-11-10,2014-11-27,OPTSTK,COLPAL,1800.0,CE,39.0,95.0,39.0,93.45,93.45,129,301.16,5750
2014-11-10,2014-11-27,OPTSTK,COLPAL,1820.0,CE,0.0,0.0,0.0,14.55,95.5,0,0.0,0
2014-11-10,2014-11-27,OPTSTK,COLPAL,1840.0,CE,0.0,0.0,0.0,12.4,82.9,0,0.0,0
2014-11-10,2014-11-27,OPTSTK,COLPAL,1850.0,CE,32.25,61.6,18.7,60.75,60.75,30,71.11,2250
2014-11-10,2014-11-27,OPTSTK,COLPAL,1860.0,CE,36.65,36.65,36.65,36.65,36.65,1,2.37,125
2014-11-10,2014-11-27,OPTSTK,COLPAL,1880.0,CE,17.7,45.0,17.7,44.0,44.0,37,88.6,1250
2014-11-10,2014-11-27,OPTSTK,COLPAL,1900.0,CE,29.5,39.95,29.0,36.55,36.55,115,278.04,6000
2014-11-10,2014-11-27,OPTSTK,COLPAL,1950.0,CE,0.0,0.0,0.0,8.95,32.7,0,0.0,0
2014-11-10,2014-11-27,OPTSTK,COLPAL,2000.0,CE,7.4,10.0,5.0,9.35,9.35,19,47.7,2250
2014-11-10,2014-11-27,OPTSTK,COLPAL,2050.0,CE,0.0,0.0,0.0,3.05,11.1,0,0.0,250
2014-11-10,2014-11-27,OPTSTK,COLPAL,2100.0,CE,0.0,0.0,0.0,2.1,5.95,0,0.0,0
2014-11-10,2014-11-27,OPTSTK,COLPAL,2150.0,CE,0.0,0.0,0.0,1.25,3.05,0,0.0,0
2014-11-10,2014-11-27,OPTSTK,COLPAL,1160.0,PE,0.0,0.0,0.0,0.7,0.0,0,0.0,0
2014-11-10,2014-11-27,OPTSTK,COLPAL,1180.0,PE,0.0,0.0,0.0,1.0,0.0,0,0.0,0
2014-11-10,2014-11-27,OPTSTK,COLPAL,1200.0,PE,0.0,0.0,0.0,1.45,0.0,0,0.0,0
2014-11-10,2014-11-27,OPTSTK,COLPAL,1220.0,PE,0.0,0.0,0.0,2.0,0.0,0,0.0,0
2014-11-10,2014-11-27,OPTSTK,COLPAL,1240.0,PE,0.0,0.0,0.0,2.75,0.0,0,0.0,0
2014-11-10,2014-11-27,OPTSTK,COLPAL,1250.0,PE,0.0,0.0,0.0,0.5,0.0,0,0.0,0
2014-11-10,2014-11-27,OPTSTK,COLPAL,1260.0,PE,0.0,0.0,0.0,3.7,0.0,0,0.0,0
2014-11-10,2014-11-27,OPTSTK,COLPAL,1280.0,PE,0.0,0.0,0.0,4.95,0.0,0,0.0,0
2014-11-10,2014-11-27,OPTSTK,COLPAL,1300.0,PE,0.0,0.0,0.0,6.5,0.0,0,0.0,0
2014-11-10,2014-11-27,OPTSTK,COLPAL,1320.0,PE,0.0,0.0,0.0,8.4,0.0,0,0.0,0
2014-11-10,2014-11-27,OPTSTK,COLPAL,1340.0,PE,0.0,0.0,0.0,10.75,0.0,0,0.0,0
2014-11-10,2014-11-27,OPTSTK,COLPAL,1350.0,PE,0.0,0.0,0.0,2.95,0.0,0,0.0,0
2014-11-10,2014-11-27,OPTSTK,COLPAL,1360.0,PE,0.0,0.0,0.0,13.55,0.0,0,0.0,0
2014-11-10,2014-11-27,OPTSTK,COLPAL,1380.0,PE,0.0,0.0,0.0,16.85,0.0,0,0.0,0
2014-11-10,2014-11-27,OPTSTK,COLPAL,1400.0,PE,0.0,0.0,0.0,20.7,0.0,0,0.0,0
2014-11-10,2014-11-27,OPTSTK,COLPAL,1420.0,PE,0.0,0.0,0.0,25.2,0.0,0,0.0,0
2014-11-10,2014-11-27,OPTSTK,COLPAL,1440.0,PE,0.0,0.0,0.0,30.35,0.05,0,0.0,0
2014-11-10,2014-11-27,OPTSTK,COLPAL,1450.0,PE,0.0,0.0,0.0,11.55,0.05,0,0.0,0
2014-11-10,2014-11-27,OPTSTK,COLPAL,1460.0,PE,0.0,0.0,0.0,36.1,0.05,0,0.0,0
2014-11-10,2014-11-27,OPTSTK,COLPAL,1480.0,PE,0.0,0.0,0.0,42.65,0.05,0,0.0,0
2014-11-10,2014-11-27,OPTSTK,COLPAL,1500.0,PE,0.0,0.0,0.0,49.95,0.1,0,0.0,0
2014-11-10,2014-11-27,OPTSTK,COLPAL,1520.0,PE,0.0,0.0,0.0,58.0,0.15,0,0.0,0
2014-11-10,2014-11-27,OPTSTK,COLPAL,1540.0,PE,0.0,0.0,0.0,66.8,0.25,0,0.0,0
2014-11-10,2014-11-27,OPTSTK,COLPAL,1550.0,PE,0.0,0.0,0.0,32.6,0.3,0,0.0,0
2014-11-10,2014-11-27,OPTSTK,COLPAL,1560.0,PE,0.0,0.0,0.0,76.35,0.35,0,0.0,0
2014-11-10,2014-11-27,OPTSTK,COLPAL,1580.0,PE,0.0,0.0,0.0,86.7,0.6,0,0.0,0
2014-11-10,2014-11-27,OPTSTK,COLPAL,1600.0,PE,0.0,0.0,0.0,97.75,0.9,0,0.0,0
2014-11-10,2014-11-27,OPTSTK,COLPAL,1620.0,PE,0.0,0.0,0.0,109.55,1.4,0,0.0,0
2014-11-10,2014-11-27,OPTSTK,COLPAL,1640.0,PE,2.15,2.15,2.15,2.15,2.15,1,2.05,125
2014-11-10,2014-11-27,OPTSTK,COLPAL,1650.0,PE,2.15,2.15,2.15,2.15,2.15,2,4.13,1250
2014-11-10,2014-11-27,OPTSTK,COLPAL,1660.0,PE,0.0,0.0,0.0,13.9,3.05,0,0.0,625
2014-11-10,2014-11-27,OPTSTK,COLPAL,1680.0,PE,0.0,0.0,0.0,33.0,4.4,0,0.0,125
2014-11-10,2014-11-27,OPTSTK,COLPAL,1700.0,PE,8.3,9.4,2.55,2.55,2.55,11,23.47,2375
2014-11-10,2014-11-27,OPTSTK,COLPAL,1720.0,PE,0.0,0.0,0.0,63.35,8.45,0,0.0,500
2014-11-10,2014-11-27,OPTSTK,COLPAL,1740.0,PE,20.35,20.35,5.55,5.55,5.55,5,10.93,625
2014-11-10,2014-11-27,OPTSTK,COLPAL,1750.0,PE,24.25,24.25,6.0,6.4,6.4,30,66.01,3125
2014-11-10,2014-11-27,OPTSTK,COLPAL,1760.0,PE,0.0,0.0,0.0,62.35,15.0,0,0.0,1750
2014-11-10,2014-11-27,OPTSTK,COLPAL,1780.0,PE,30.0,30.0,10.25,10.25,10.25,4,8.98,375
2014-11-10,2014-11-27,OPTSTK,COLPAL,1800.0,PE,21.0,21.0,14.05,14.7,14.7,8,18.16,625
2014-11-10,2014-11-27,OPTSTK,COLPAL,1820.0,PE,38.0,38.0,20.8,21.9,21.9,12,27.66,1000
2014-11-10,2014-11-27,OPTSTK,COLPAL,1840.0,PE,0.0,0.0,0.0,277.2,38.35,0,0.0,0
2014-11-10,2014-11-27,OPTSTK,COLPAL,1850.0,PE,33.0,34.25,32.0,33.25,33.25,11,25.89,1250
2014-11-10,2014-11-27,OPTSTK,COLPAL,1860.0,PE,0.0,0.0,0.0,294.9,46.75,0,0.0,0
2014-11-10,2014-11-27,OPTSTK,COLPAL,1880.0,PE,52.0,52.0,45.0,45.25,45.25,9,21.67,875
2014-11-10,2014-11-27,OPTSTK,COLPAL,1900.0,PE,59.5,59.5,59.0,59.0,59.0,2,4.89,250
2014-11-10,2014-11-27,OPTSTK,COLPAL,1950.0,PE,0.0,0.0,0.0,292.3,97.7,0,0.0,0
2014-11-10,2014-11-27,OPTSTK,COLPAL,2000.0,PE,0.0,0.0,0.0,375.15,134.4,0,0.0,0
2014-11-10,2014-11-27,OPTSTK,COLPAL,2050.0,PE,0.0,0.0,0.0,385.3,175.75,0,0.0,0
2014-11-10,2014-11-27,OPTSTK,COLPAL,2100.0,PE,0.0,0.0,0.0,433.15,220.35,0,0.0,0
2014-11-10,2014-11-27,OPTSTK,COLPAL,2150.0,PE,0.0,0.0,0.0,481.55,267.25,0,0.0,0
2014-11-10,2014-12-24,OPTSTK,COLPAL,1200.0,CE,0.0,0.0,0.0,463.65,689.9,0,0.0,0
2014-11-10,2014-12-24,OPTSTK,COLPAL,1250.0,CE,0.0,0.0,0.0,415.6,640.45,0,0.0,0
2014-11-10,2014-12-24,OPTSTK,COLPAL,1300.0,CE,0.0,0.0,0.0,368.35,591.0,0,0.0,0
2014-11-10,2014-12-24,OPTSTK,COLPAL,1350.0,CE,0.0,0.0,0.0,322.4,541.65,0,0.0,0
2014-11-10,2014-12-24,OPTSTK,COLPAL,1400.0,CE,0.0,0.0,0.0,278.2,492.5,0,0.0,0
2014-11-10,2014-12-24,OPTSTK,COLPAL,1450.0,CE,0.0,0.0,0.0,236.5,443.7,0,0.0,0
2014-11-10,2014-12-24,OPTSTK,COLPAL,1500.0,CE,0.0,0.0,0.0,197.8,395.55,0,0.0,0
2014-11-10,2014-12-24,OPTSTK,COLPAL,1550.0,CE,0.0,0.0,0.0,162.6,348.45,0,0.0,0
2014-11-10,2014-12-24,OPTSTK,COLPAL,1600.0,CE,0.0,0.0,0.0,131.45,302.9,0,0.0,0
2014-11-10,2014-12-24,OPTSTK,COLPAL,1650.0,CE,0.0,0.0,0.0,104.4,259.5,0,0.0,0
2014-11-10,2014-12-24,OPTSTK,COLPAL,1700.0,CE,0.0,0.0,0.0,81.45,218.8,0,0.0,0
2014-11-10,2014-12-24,OPTSTK,COLPAL,1750.0,CE,0.0,0.0,0.0,62.45,181.5,0,0.0,0
2014-11-10,2014-12-24,OPTSTK,COLPAL,1800.0,CE,0.0,0.0,0.0,47.1,147.8,0,0.0,0
2014-11-10,2014-12-24,OPTSTK,COLPAL,1850.0,CE,0.0,0.0,0.0,35.0,118.3,0,0.0,0
2014-11-10,2014-12-24,OPTSTK,COLPAL,1900.0,CE,0.0,0.0,0.0,25.5,92.95,0,0.0,0
2014-11-10,2014-12-24,OPTSTK,COLPAL,1950.0,CE,0.0,0.0,0.0,18.35,71.7,0,0.0,0
2014-11-10,2014-12-24,OPTSTK,COLPAL,2000.0,CE,0.0,0.0,0.0,13.0,54.3,0,0.0,0
2014-11-10,2014-12-24,OPTSTK,COLPAL,2050.0,CE,0.0,0.0,0.0,9.1,40.5,0,0.0,0
2014-11-10,2014-12-24,OPTSTK,COLPAL,2100.0,CE,0.0,0.0,0.0,6.25,29.6,0,0.0,0
2014-11-10,2014-12-24,OPTSTK,COLPAL,2150.0,CE,0.0,0.0,0.0,4.25,21.25,0,0.0,0
2014-11-10,2014-12-24,OPTSTK,COLPAL,1200.0,PE,0.0,0.0,0.0,0.7,0.05,0,0.0,0
2014-11-10,2014-12-24,OPTSTK,COLPAL,1250.0,PE,0.0,0.0,0.0,1.55,0.05,0,0.0,0
2014-11-10,2014-12-24,OPTSTK,COLPAL,1300.0,PE,0.0,0.0,0.0,3.2,0.1,0,0.0,0
2014-11-10,2014-12-24,OPTSTK,COLPAL,1350.0,PE,0.0,0.0,0.0,6.15,0.25,0,0.0,0
2014-11-10,2014-12-24,OPTSTK,COLPAL,1400.0,PE,0.0,0.0,0.0,10.9,0.55,0,0.0,0
2014-11-10,2014-12-24,OPTSTK,COLPAL,1450.0,PE,0.0,0.0,0.0,18.05,1.25,0,0.0,0
2014-11-10,2014-12-24,OPTSTK,COLPAL,1500.0,PE,0.0,0.0,0.0,28.3,2.55,0,0.0,0
2014-11-10,2014-12-24,OPTSTK,COLPAL,1550.0,PE,0.0,0.0,0.0,42.05,4.95,0,0.0,0
2014-11-10,2014-12-24,OPTSTK,COLPAL,1600.0,PE,0.0,0.0,0.0,59.75,8.85,0,0.0,0
2014-11-10,2014-12-24,OPTSTK,COLPAL,1650.0,PE,0.0,0.0,0.0,81.6,14.9,0,0.0,0
2014-11-10,2014-12-24,OPTSTK,COLPAL,1700.0,PE,0.0,0.0,0.0,107.6,23.7,0,0.0,0
2014-11-10,2014-12-24,OPTSTK,COLPAL,1750.0,PE,0.0,0.0,0.0,137.5,35.85,0,0.0,0
2014-11-10,2014-12-24,OPTSTK,COLPAL,1800.0,PE,0.0,0.0,0.0,171.05,51.65,0,0.0,0
2014-11-10,2014-12-24,OPTSTK,COLPAL,1850.0,PE,0.0,0.0,0.0,207.9,71.6,0,0.0,0
2014-11-10,2014-12-24,OPTSTK,COLPAL,1900.0,PE,0.0,0.0,0.0,247.3,95.75,0,0.0,0
2014-11-10,2014-12-24,OPTSTK,COLPAL,1950.0,PE,0.0,0.0,0.0,289.05,124.0,0,0.0,0
2014-11-10,2014-12-24,OPTSTK,COLPAL,2000.0,PE,0.0,0.0,0.0,332.6,156.05,0,0.0,0
2014-11-10,2014-12-24,OPTSTK,COLPAL,2050.0,PE,0.0,0.0,0.0,377.6,191.75,0,0.0,0
2014-11-10,2014-12-24,OPTSTK,COLPAL,2100.0,PE,0.0,0.0,0.0,423.65,230.3,0,0.0,0
2014-11-10,2014-12-24,OPTSTK,COLPAL,2150.0,PE,0.0,0.0,0.0,470.6,271.45,0,0.0,0
2014-11-10,2015-01-29,OPTSTK,COLPAL,1200.0,CE,0.0,0.0,0.0,515.4,700.3,0,0.0,0
2014-11-10,2015-01-29,OPTSTK,COLPAL,1250.0,CE,0.0,0.0,0.0,466.55,651.5,0,0.0,0
2014-11-10,2015-01-29,OPTSTK,COLPAL,1300.0,CE,0.0,0.0,0.0,417.9,603.0,0,0.0,0
2014-11-10,2015-01-29,OPTSTK,COLPAL,1350.0,CE,0.0,0.0,0.0,369.65,554.85,0,0.0,0
2014-11-10,2015-01-29,OPTSTK,COLPAL,1400.0,CE,0.0,0.0,0.0,322.15,507.4,0,0.0,0
2014-11-10,2015-01-29,OPTSTK,COLPAL,1450.0,CE,0.0,0.0,0.0,275.95,460.75,0,0.0,0
2014-11-10,2015-01-29,OPTSTK,COLPAL,1500.0,CE,0.0,0.0,0.0,231.75,415.35,0,0.0,0
2014-11-10,2015-01-29,OPTSTK,COLPAL,1550.0,CE,0.0,0.0,0.0,190.5,371.5,0,0.0,0
2014-11-10,2015-01-29,OPTSTK,COLPAL,1600.0,CE,0.0,0.0,0.0,152.9,329.55,0,0.0,0
2014-11-10,2015-01-29,OPTSTK,COLPAL,1650.0,CE,0.0,0.0,0.0,119.6,289.85,0,0.0,0
2014-11-10,2015-01-29,OPTSTK,COLPAL,1700.0,CE,0.0,0.0,0.0,91.2,252.7,0,0.0,0
2014-11-10,2015-01-29,OPTSTK,COLPAL,1750.0,CE,0.0,0.0,0.0,67.7,218.25,0,0.0,0
2014-11-10,2015-01-29,OPTSTK,COLPAL,1800.0,CE,0.0,0.0,0.0,48.9,186.85,0,0.0,0
2014-11-10,2015-01-29,OPTSTK,COLPAL,1850.0,CE,0.0,0.0,0.0,34.4,158.55,0,0.0,0
2014-11-10,2015-01-29,OPTSTK,COLPAL,1900.0,CE,0.0,0.0,0.0,23.6,133.35,0,0.0,0
2014-11-10,2015-01-29,OPTSTK,COLPAL,1950.0,CE,0.0,0.0,0.0,15.75,111.15,0,0.0,0
2014-11-10,2015-01-29,OPTSTK,COLPAL,2000.0,CE,0.0,0.0,0.0,10.3,91.85,0,0.0,0
2014-11-10,2015-01-29,OPTSTK,COLPAL,2050.0,CE,0.0,0.0,0.0,6.55,75.3,0,0.0,0
2014-11-10,2015-01-29,OPTSTK,COLPAL,2100.0,CE,0.0,0.0,0.0,4.05,61.2,0,0.0,0
2014-11-10,2015-01-29,OPTSTK,COLPAL,2150.0,CE,0.0,0.0,0.0,2.5,49.45,0,0.0,0
2014-11-10,2015-01-29,OPTSTK,COLPAL,1200.0,PE,0.0,0.0,0.0,0.05,0.25,0,0.0,0
2014-11-10,2015-01-29,OPTSTK,COLPAL,1250.0,PE,0.0,0.0,0.0,0.15,0.5,0,0.0,0
2014-11-10,2015-01-29,OPTSTK,COLPAL,1300.0,PE,0.0,0.0,0.0,0.4,1.05,0,0.0,0
2014-11-10,2015-01-29,OPTSTK,COLPAL,1350.0,PE,0.0,0.0,0.0,1.05,2.0,0,0.0,0
2014-11-10,2015-01-29,OPTSTK,COLPAL,1400.0,PE,0.0,0.0,0.0,2.45,3.55,0,0.0,0
2014-11-10,2015-01-29,OPTSTK,COLPAL,1450.0,PE,0.0,0.0,0.0,5.2,6.0,0,0.0,0
2014-11-10,2015-01-29,OPTSTK,COLPAL,1500.0,PE,0.0,0.0,0.0,9.95,9.65,0,0.0,0
2014-11-10,2015-01-29,OPTSTK,COLPAL,1550.0,PE,0.0,0.0,0.0,17.6,14.85,0,0.0,0
2014-11-10,2015-01-29,OPTSTK,COLPAL,1600.0,PE,0.0,0.0,0.0,28.95,21.9,0,0.0,0
2014-11-10,2015-01-29,OPTSTK,COLPAL,1650.0,PE,0.0,0.0,0.0,44.55,31.25,0,0.0,0
2014-11-10,2015-01-29,OPTSTK,COLPAL,1700.0,PE,0.0,0.0,0.0,65.05,43.2,0,0.0,0
2014-11-10,2015-01-29,OPTSTK,COLPAL,1750.0,PE,0.0,0.0,0.0,90.45,57.8,0,0.0,0
2014-11-10,2015-01-29,OPTSTK,COLPAL,1800.0,PE,0.0,0.0,0.0,120.6,75.45,0,0.0,0
2014-11-10,2015-01-29,OPTSTK,COLPAL,1850.0,PE,0.0,0.0,0.0,155.0,96.2,0,0.0,0
2014-11-10,2015-01-29,OPTSTK,COLPAL,1900.0,PE,0.0,0.0,0.0,193.15,120.05,0,0.0,0
2014-11-10,2015-01-29,OPTSTK,COLPAL,1950.0,PE,0.0,0.0,0.0,234.25,146.9,0,0.0,0
2014-11-10,2015-01-29,OPTSTK,COLPAL,2000.0,PE,0.0,0.0,0.0,277.65,176.65,0,0.0,0
2014-11-10,2015-01-29,OPTSTK,COLPAL,2050.0,PE,0.0,0.0,0.0,322.85,209.15,0,0.0,0
2014-11-10,2015-01-29,OPTSTK,COLPAL,2100.0,PE,0.0,0.0,0.0,369.3,244.1,0,0.0,0
2014-11-10,2015-01-29,OPTSTK,COLPAL,2150.0,PE,0.0,0.0,0.0,416.65,281.4,0,0.0,0
2014-11-10,2014-11-27,OPTSTK,CROMPGREAV,120.0,CE,0.0,0.0,0.0,77.85,73.75,0,0.0,0
2014-11-10,2014-11-27,OPTSTK,CROMPGREAV,130.0,CE,0.0,0.0,0.0,68.65,63.8,0,0.0,0
2014-11-10,2014-11-27,OPTSTK,CROMPGREAV,140.0,CE,0.0,0.0,0.0,59.9,53.85,0,0.0,0
2014-11-10,2014-11-27,OPTSTK,CROMPGREAV,150.0,CE,0.0,0.0,0.0,51.65,43.9,0,0.0,0
2014-11-10,2014-11-27,OPTSTK,CROMPGREAV,160.0,CE,0.0,0.0,0.0,44.0,34.2,0,0.0,0
2014-11-10,2014-11-27,OPTSTK,CROMPGREAV,170.0,CE,25.0,26.25,24.8,25.15,25.15,6,11.72,15000
2014-11-10,2014-11-27,OPTSTK,CROMPGREAV,180.0,CE,14.05,17.8,13.55,16.05,16.05,76,148.94,131000
2014-11-10,2014-11-27,OPTSTK,CROMPGREAV,190.0,CE,8.5,11.0,7.9,9.45,9.45,730,1457.01,419000
2014-11-10,2014-11-27,OPTSTK,CROMPGREAV,200.0,CE,4.85,6.25,4.05,5.1,5.1,1793,3682.14,1126000
2014-11-10,2014-11-27,OPTSTK,CROMPGREAV,210.0,CE,2.6,3.3,1.95,2.55,2.55,411,874.49,441000
2014-11-10,2014-11-27,OPTSTK,CROMPGREAV,220.0,CE,1.05,1.7,1.0,1.45,1.45,187,414.04,217000
2014-11-10,2014-11-27,OPTSTK,CROMPGREAV,230.0,CE,0.5,0.9,0.5,0.8,0.8,60,138.46,69000
2014-11-10,2014-11-27,OPTSTK,CROMPGREAV,240.0,CE,0.3,0.5,0.3,0.45,0.45,23,55.3,40000
2014-11-10,2014-11-27,OPTSTK,CROMPGREAV,250.0,CE,0.0,0.0,0.0,0.35,0.1,0,0.0,2000
2014-11-10,2014-11-27,OPTSTK,CROMPGREAV,260.0,CE,0.0,0.0,0.0,0.5,0.05,0,0.0,0
2014-11-10,2014-11-27,OPTSTK,CROMPGREAV,270.0,CE,0.0,0.0,0.0,0.55,0.05,0,0.0,0
2014-11-10,2014-11-27,OPTSTK,CROMPGREAV,280.0,CE,0.0,0.0,0.0,0.9,0.0,0,0.0,0
2014-11-10,2014-11-27,OPTSTK,CROMPGREAV,120.0,PE,0.0,0.0,0.0,0.55,0.0,0,0.0,0
2014-11-10,2014-11-27,OPTSTK,CROMPGREAV,130.0,PE,0.0,0.0,0.0,1.15,0.0,0,0.0,0
2014-11-10,2014-11-27,OPTSTK,CROMPGREAV,140.0,PE,0.0,0.0,0.0,2.15,0.05,0,0.0,0
2014-11-10,2014-11-27,OPTSTK,CROMPGREAV,150.0,PE,0.0,0.0,0.0,0.45,0.1,0,0.0,8000
2014-11-10,2014-11-27,OPTSTK,CROMPGREAV,160.0,PE,0.5,0.5,0.35,0.4,0.4,15,24.06,118000
2014-11-10,2014-11-27,OPTSTK,CROMPGREAV,170.0,PE,1.15,1.4,0.8,0.85,0.85,55,94.08,280000
2014-11-10,2014-11-27,OPTSTK,CROMPGREAV,180.0,PE,3.05,3.35,2.15,2.35,2.35,245,447.14,251000
2014-11-10,2014-11-27,OPTSTK,CROMPGREAV,190.0,PE,7.0,7.2,5.0,5.55,5.55,353,691.44,235000
2014-11-10,2014-11-27,OPTSTK,CROMPGREAV,200.0,PE,13.65,13.65,10.0,11.1,11.1,42,88.73,82000
2014-11-10,2014-11-27,OPTSTK,CROMPGREAV,210.0,PE,21.0,21.0,21.0,21.0,21.0,1,2.31,12000
2014-11-10,2014-11-27,OPTSTK,CROMPGREAV,220.0,PE,0.0,0.0,0.0,38.0,27.35,0,0.0,2000
2014-11-10,2014-11-27,OPTSTK,CROMPGREAV,230.0,PE,0.0,0.0,0.0,33.1,36.5,0,0.0,1000
2014-11-10,2014-11-27,OPTSTK,CROMPGREAV,240.0,PE,0.0,0.0,0.0,48.85,46.05,0,0.0,0
2014-11-10,2014-11-27,OPTSTK,CROMPGREAV,250.0,PE,0.0,0.0,0.0,56.8,55.85,0,0.0,0
2014-11-10,2014-11-27,OPTSTK,CROMPGREAV,260.0,PE,0.0,0.0,0.0,65.1,65.75,0,0.0,0
2014-11-10,2014-11-27,OPTSTK,CROMPGREAV,270.0,PE,0.0,0.0,0.0,73.75,75.7,0,0.0,0
2014-11-10,2014-11-27,OPTSTK,CROMPGREAV,280.0,PE,0.0,0.0,0.0,82.6,85.65,0,0.0,0
2014-11-10,2014-12-24,OPTSTK,CROMPGREAV,120.0,CE,0.0,0.0,0.0,80.85,74.55,0,0.0,0
2014-11-10,2014-12-24,OPTSTK,CROMPGREAV,130.0,CE,0.0,0.0,0.0,71.6,64.75,0,0.0,0
2014-11-10,2014-12-24,OPTSTK,CROMPGREAV,140.0,CE,0.0,0.0,0.0,62.8,55.1,0,0.0,0
2014-11-10,2014-12-24,OPTSTK,CROMPGREAV,150.0,CE,0.0,0.0,0.0,54.45,45.75,0,0.0,0
2014-11-10,2014-12-24,OPTSTK,CROMPGREAV,160.0,CE,0.0,0.0,0.0,46.7,37.0,0,0.0,0
2014-11-10,2014-12-24,OPTSTK,CROMPGREAV,170.0,CE,0.0,0.0,0.0,39.65,29.0,0,0.0,0
2014-11-10,2014-12-24,OPTSTK,CROMPGREAV,180.0,CE,0.0,0.0,0.0,33.3,22.1,0,0.0,0
2014-11-10,2014-12-24,OPTSTK,CROMPGREAV,190.0,CE,14.5,15.6,14.5,15.6,15.6,2,4.1,1000
2014-11-10,2014-12-24,OPTSTK,CROMPGREAV,200.0,CE,0.0,0.0,0.0,22.85,11.65,0,0.0,0
2014-11-10,2014-12-24,OPTSTK,CROMPGREAV,210.0,CE,0.0,0.0,0.0,18.7,8.1,0,0.0,0
2014-11-10,2014-12-24,OPTSTK,CROMPGREAV,220.0,CE,0.0,0.0,0.0,15.2,5.5,0,0.0,0
2014-11-10,2014-12-24,OPTSTK,CROMPGREAV,230.0,CE,0.0,0.0,0.0,12.25,3.6,0,0.0,0
2014-11-10,2014-12-24,OPTSTK,CROMPGREAV,240.0,CE,0.0,0.0,0.0,9.85,2.35,0,0.0,0
2014-11-10,2014-12-24,OPTSTK,CROMPGREAV,250.0,CE,0.0,0.0,0.0,7.85,1.45,0,0.0,0
2014-11-10,2014-12-24,OPTSTK,CROMPGREAV,260.0,CE,0.0,0.0,0.0,6.2,0.9,0,0.0,0
2014-11-10,2014-12-24,OPTSTK,CROMPGREAV,270.0,CE,0.0,0.0,0.0,4.9,0.55,0,0.0,0
2014-11-10,2014-12-24,OPTSTK,CROMPGREAV,280.0,CE,0.0,0.0,0.0,3.85,0.35,0,0.0,0
2014-11-10,2014-12-24,OPTSTK,CROMPGREAV,120.0,PE,0.0,0.0,0.0,0.5,0.05,0,0.0,0
2014-11-10,2014-12-24,OPTSTK,CROMPGREAV,130.0,PE,0.0,0.0,0.0,1.1,0.1,0,0.0,0
2014-11-10,2014-12-24,OPTSTK,CROMPGREAV,140.0,PE,0.0,0.0,0.0,2.0,0.35,0,0.0,0
2014-11-10,2014-12-24,OPTSTK,CROMPGREAV,150.0,PE,0.0,0.0,0.0,3.45,0.95,0,0.0,0
2014-11-10,2014-12-24,OPTSTK,CROMPGREAV,160.0,PE,0.0,0.0,0.0,5.5,2.05,0,0.0,0
2014-11-10,2014-12-24,OPTSTK,CROMPGREAV,170.0,PE,0.0,0.0,0.0,8.2,4.0,0,0.0,0
2014-11-10,2014-12-24,OPTSTK,CROMPGREAV,180.0,PE,0.0,0.0,0.0,11.65,6.95,0,0.0,0
2014-11-10,2014-12-24,OPTSTK,CROMPGREAV,190.0,PE,0.0,0.0,0.0,15.85,11.05,0,0.0,0
2014-11-10,2014-12-24,OPTSTK,CROMPGREAV,200.0,PE,0.0,0.0,0.0,20.8,16.3,0,0.0,0
2014-11-10,2014-12-24,OPTSTK,CROMPGREAV,210.0,PE,0.0,0.0,0.0,26.4,22.65,0,0.0,0
2014-11-10,2014-12-24,OPTSTK,CROMPGREAV,220.0,PE,0.0,0.0,0.0,32.7,29.95,0,0.0,0
2014-11-10,2014-12-24,OPTSTK,CROMPGREAV,230.0,PE,0.0,0.0,0.0,39.55,37.95,0,0.0,0
2014-11-10,2014-12-24,OPTSTK,CROMPGREAV,240.0,PE,0.0,0.0,0.0,46.9,46.55,0,0.0,0
2014-11-10,2014-12-24,OPTSTK,CROMPGREAV,250.0,PE,0.0,0.0,0.0,54.7,55.6,0,0.0,0
2014-11-10,2014-12-24,OPTSTK,CROMPGREAV,260.0,PE,0.0,0.0,0.0,62.85,64.95,0,0.0,0
2014-11-10,2014-12-24,OPTSTK,CROMPGREAV,270.0,PE,0.0,0.0,0.0,71.35,74.5,0,0.0,0
2014-11-10,2014-12-24,OPTSTK,CROMPGREAV,280.0,PE,0.0,0.0,0.0,80.05,84.15,0,0.0,0
2014-11-10,2015-01-29,OPTSTK,CROMPGREAV,120.0,CE,0.0,0.0,0.0,67.65,75.8,0,0.0,0
2014-11-10,2015-01-29,OPTSTK,CROMPGREAV,130.0,CE,0.0,0.0,0.0,58.7,66.35,0,0.0,0
2014-11-10,2015-01-29,OPTSTK,CROMPGREAV,140.0,CE,0.0,0.0,0.0,50.3,57.25,0,0.0,0
2014-11-10,2015-01-29,OPTSTK,CROMPGREAV,150.0,CE,0.0,0.0,0.0,42.5,48.7,0,0.0,0
2014-11-10,2015-01-29,OPTSTK,CROMPGREAV,160.0,CE,0.0,0.0,0.0,35.5,40.7,0,0.0,0
2014-11-10,2015-01-29,OPTSTK,CROMPGREAV,170.0,CE,0.0,0.0,0.0,29.25,33.55,0,0.0,0
2014-11-10,2015-01-29,OPTSTK,CROMPGREAV,180.0,CE,0.0,0.0,0.0,23.85,27.2,0,0.0,0
2014-11-10,2015-01-29,OPTSTK,CROMPGREAV,190.0,CE,0.0,0.0,0.0,19.25,21.75,0,0.0,0
2014-11-10,2015-01-29,OPTSTK,CROMPGREAV,200.0,CE,0.0,0.0,0.0,15.35,17.15,0,0.0,0
2014-11-10,2015-01-29,OPTSTK,CROMPGREAV,210.0,CE,0.0,0.0,0.0,12.15,13.35,0,0.0,0
2014-11-10,2015-01-29,OPTSTK,CROMPGREAV,220.0,CE,0.0,0.0,0.0,9.55,10.25,0,0.0,0
2014-11-10,2015-01-29,OPTSTK,CROMPGREAV,230.0,CE,0.0,0.0,0.0,7.45,7.8,0,0.0,0
2014-11-10,2015-01-29,OPTSTK,CROMPGREAV,240.0,CE,0.0,0.0,0.0,5.8,5.9,0,0.0,0
2014-11-10,2015-01-29,OPTSTK,CROMPGREAV,250.0,CE,0.0,0.0,0.0,4.45,4.4,0,0.0,0
2014-11-10,2015-01-29,OPTSTK,CROMPGREAV,260.0,CE,0.0,0.0,0.0,3.4,3.25,0,0.0,0
2014-11-10,2015-01-29,OPTSTK,CROMPGREAV,270.0,CE,0.0,0.0,0.0,2.6,2.4,0,0.0,0
2014-11-10,2015-01-29,OPTSTK,CROMPGREAV,280.0,CE,0.0,0.0,0.0,2.0,1.75,0,0.0,0
2014-11-10,2015-01-29,OPTSTK,CROMPGREAV,120.0,PE,0.0,0.0,0.0,0.85,0.25,0,0.0,0
2014-11-10,2015-01-29,OPTSTK,CROMPGREAV,130.0,PE,0.0,0.0,0.0,1.7,0.65,0,0.0,0
2014-11-10,2015-01-29,OPTSTK,CROMPGREAV,140.0,PE,0.0,0.0,0.0,3.05,1.35,0,0.0,0
2014-11-10,2015-01-29,OPTSTK,CROMPGREAV,150.0,PE,0.0,0.0,0.0,5.05,2.6,0,0.0,0
2014-11-10,2015-01-29,OPTSTK,CROMPGREAV,160.0,PE,0.0,0.0,0.0,7.85,4.45,0,0.0,0
2014-11-10,2015-01-29,OPTSTK,CROMPGREAV,170.0,PE,0.0,0.0,0.0,11.4,7.05,0,0.0,0
2014-11-10,2015-01-29,OPTSTK,CROMPGREAV,180.0,PE,0.0,0.0,0.0,15.75,10.55,0,0.0,0
2014-11-10,2015-01-29,OPTSTK,CROMPGREAV,190.0,PE,0.0,0.0,0.0,20.95,14.9,0,0.0,0
2014-11-10,2015-01-29,OPTSTK,CROMPGREAV,200.0,PE,0.0,0.0,0.0,26.85,20.1,0,0.0,0
2014-11-10,2015-01-29,OPTSTK,CROMPGREAV,210.0,PE,0.0,0.0,0.0,33.45,26.1,0,0.0,0
2014-11-10,2015-01-29,OPTSTK,CROMPGREAV,220.0,PE,0.0,0.0,0.0,40.6,32.8,0,0.0,0
2014-11-10,2015-01-29,OPTSTK,CROMPGREAV,230.0,PE,0.0,0.0,0.0,48.3,40.2,0,0.0,0
2014-11-10,2015-01-29,OPTSTK,CROMPGREAV,240.0,PE,0.0,0.0,0.0,56.4,48.1,0,0.0,0
2014-11-10,2015-01-29,OPTSTK,CROMPGREAV,250.0,PE,0.0,0.0,0.0,64.85,56.4,0,0.0,0
2014-11-10,2015-01-29,OPTSTK,CROMPGREAV,260.0,PE,0.0,0.0,0.0,73.6,65.05,0,0.0,0
2014-11-10,2015-01-29,OPTSTK,CROMPGREAV,270.0,PE,0.0,0.0,0.0,82.6,74.05,0,0.0,0
2014-11-10,2015-01-29,OPTSTK,CROMPGREAV,280.0,PE,0.0,0.0,0.0,91.75,83.2,0,0.0,0
2014-11-10,2014-11-27,OPTSTK,DABUR,155.0,CE,0.0,0.0,0.0,80.95,72.2,0,0.0,0
2014-11-10,2014-11-27,OPTSTK,DABUR,160.0,CE,0.0,0.0,0.0,76.1,67.2,0,0.0,0
2014-11-10,2014-11-27,OPTSTK,DABUR,165.0,CE,0.0,0.0,0.0,71.25,62.2,0,0.0,0
2014-11-10,2014-11-27,OPTSTK,DABUR,170.0,CE,0.0,0.0,0.0,66.4,57.25,0,0.0,0
2014-11-10,2014-11-27,OPTSTK,DABUR,175.0,CE,0.0,0.0,0.0,61.65,52.25,0,0.0,0
2014-11-10,2014-11-27,OPTSTK,DABUR,180.0,CE,0.0,0.0,0.0,56.95,47.3,0,0.0,0
2014-11-10,2014-11-27,OPTSTK,DABUR,185.0,CE,0.0,0.0,0.0,52.35,42.3,0,0.0,0
2014-11-10,2014-11-27,OPTSTK,DABUR,190.0,CE,0.0,0.0,0.0,47.8,37.35,0,0.0,0
2014-11-10,2014-11-27,OPTSTK,DABUR,195.0,CE,0.0,0.0,0.0,43.45,32.4,0,0.0,0
2014-11-10,2014-11-27,OPTSTK,DABUR,200.0,CE,0.0,0.0,0.0,21.05,27.5,0,0.0,2000
2014-11-10,2014-11-27,OPTSTK,DABUR,205.0,CE,0.0,0.0,0.0,35.2,22.7,0,0.0,0
2014-11-10,2014-11-27,OPTSTK,DABUR,210.0,CE,0.0,0.0,0.0,18.2,18.15,0,0.0,46000
2014-11-10,2014-11-27,OPTSTK,DABUR,215.0,CE,14.8,14.8,14.8,14.8,14.8,2,4.59,21000
2014-11-10,2014-11-27,OPTSTK,DABUR,220.0,CE,11.5,11.5,10.05,10.15,10.15,11,25.4,50000
2014-11-10,2014-11-27,OPTSTK,DABUR,225.0,CE,0.0,0.0,0.0,8.5,7.1,0,0.0,28000
2014-11-10,2014-11-27,OPTSTK,DABUR,230.0,CE,6.0,6.05,4.1,4.1,4.1,68,159.56,154000
2014-11-10,2014-11-27,OPTSTK,DABUR,235.0,CE,3.45,4.0,2.5,2.55,2.55,15,35.68,67000
2014-11-10,2014-11-27,OPTSTK,DABUR,240.0,CE,2.0,2.1,1.2,1.2,1.2,25,60.41,174000
2014-11-10,2014-11-27,OPTSTK,DABUR,245.0,CE,0.55,0.85,0.55,0.85,0.85,2,4.91,19000
2014-11-10,2014-11-27,OPTSTK,DABUR,250.0,CE,0.6,0.7,0.55,0.55,0.55,40,100.26,63000
2014-11-10,2014-11-27,OPTSTK,DABUR,255.0,CE,0.0,0.0,0.0,8.2,0.25,0,0.0,0
2014-11-10,2014-11-27,OPTSTK,DABUR,260.0,CE,0.0,0.0,0.0,0.8,0.15,0,0.0,1000
2014-11-10,2014-11-27,OPTSTK,DABUR,265.0,CE,0.0,0.0,0.0,5.65,0.05,0,0.0,0
2014-11-10,2014-11-27,OPTSTK,DABUR,270.0,CE,0.0,0.0,0.0,4.65,0.05,0,0.0,0
2014-11-10,2014-11-27,OPTSTK,DABUR,275.0,CE,0.0,0.0,0.0,3.8,0.05,0,0.0,0
2014-11-10,2014-11-27,OPTSTK,DABUR,155.0,PE,0.0,0.0,0.0,0.05,0.0,0,0.0,0
2014-11-10,2014-11-27,OPTSTK,DABUR,160.0,PE,0.0,0.0,0.0,0.1,0.0,0,0.0,0
2014-11-10,2014-11-27,OPTSTK,DABUR,165.0,PE,0.0,0.0,0.0,0.15,0.0,0,0.0,0
2014-11-10,2014-11-27,OPTSTK,DABUR,170.0,PE,0.0,0.0,0.0,0.55,0.0,0,0.0,12000
2014-11-10,2014-11-27,OPTSTK,DABUR,175.0,PE,0.0,0.0,0.0,0.35,0.0,0,0.0,0
2014-11-10,2014-11-27,OPTSTK,DABUR,180.0,PE,0.0,0.0,0.0,0.4,0.0,0,0.0,29000
2014-11-10,2014-11-27,OPTSTK,DABUR,185.0,PE,0.0,0.0,0.0,1.5,0.0,0,0.0,14000
2014-11-10,2014-11-27,OPTSTK,DABUR,190.0,PE,0.0,0.0,0.0,0.5,0.05,0,0.0,49000
2014-11-10,2014-11-27,OPTSTK,DABUR,195.0,PE,0.0,0.0,0.0,1.7,0.05,0,0.0,0
2014-11-10,2014-11-27,OPTSTK,DABUR,200.0,PE,0.45,0.45,0.4,0.4,0.4,2,4.0,169000
2014-11-10,2014-11-27,OPTSTK,DABUR,205.0,PE,0.0,0.0,0.0,3.25,0.35,0,0.0,0
2014-11-10,2014-11-27,OPTSTK,DABUR,210.0,PE,0.8,0.8,0.8,0.8,0.8,3,6.32,78000
2014-11-10,2014-11-27,OPTSTK,DABUR,215.0,PE,0.95,1.6,0.95,1.6,1.6,2,4.32,30000
2014-11-10,2014-11-27,OPTSTK,DABUR,220.0,PE,2.35,2.9,1.7,2.45,2.45,16,35.58,97000
2014-11-10,2014-11-27,OPTSTK,DABUR,225.0,PE,2.65,4.55,2.65,4.4,4.4,15,34.34,41000
2014-11-10,2014-11-27,OPTSTK,DABUR,230.0,PE,4.5,6.95,4.5,6.35,6.35,11,25.97,38000
2014-11-10,2014-11-27,OPTSTK,DABUR,235.0,PE,0.0,0.0,0.0,9.15,10.45,0,0.0,2000
2014-11-10,2014-11-27,OPTSTK,DABUR,240.0,PE,0.0,0.0,0.0,21.0,14.2,0,0.0,4000
2014-11-10,2014-11-27,OPTSTK,DABUR,245.0,PE,0.0,0.0,0.0,18.75,18.45,0,0.0,0
2014-11-10,2014-11-27,OPTSTK,DABUR,250.0,PE,0.0,0.0,0.0,21.85,22.95,0,0.0,0
2014-11-10,2014-11-27,OPTSTK,DABUR,255.0,PE,0.0,0.0,0.0,25.15,27.7,0,0.0,0
2014-11-10,2014-11-27,OPTSTK,DABUR,260.0,PE,0.0,0.0,0.0,28.7,32.55,0,0.0,0
2014-11-10,2014-11-27,OPTSTK,DABUR,265.0,PE,0.0,0.0,0.0,32.45,37.45,0,0.0,0
2014-11-10,2014-11-27,OPTSTK,DABUR,270.0,PE,0.0,0.0,0.0,36.3,42.4,0,0.0,0
2014-11-10,2014-11-27,OPTSTK,DABUR,275.0,PE,0.0,0.0,0.0,40.35,47.4,0,0.0,0
2014-11-10,2014-12-24,OPTSTK,DABUR,155.0,CE,0.0,0.0,0.0,74.0,73.2,0,0.0,0
2014-11-10,2014-12-24,OPTSTK,DABUR,160.0,CE,0.0,0.0,0.0,69.1,68.25,0,0.0,0
2014-11-10,2014-12-24,OPTSTK,DABUR,165.0,CE,0.0,0.0,0.0,64.25,63.3,0,0.0,0
2014-11-10,2014-12-24,OPTSTK,DABUR,170.0,CE,0.0,0.0,0.0,59.35,58.35,0,0.0,0
2014-11-10,2014-12-24,OPTSTK,DABUR,175.0,CE,0.0,0.0,0.0,54.55,53.45,0,0.0,0
2014-11-10,2014-12-24,OPTSTK,DABUR,180.0,CE,0.0,0.0,0.0,49.7,48.55,0,0.0,0
2014-11-10,2014-12-24,OPTSTK,DABUR,185.0,CE,0.0,0.0,0.0,45.0,43.65,0,0.0,0
2014-11-10,2014-12-24,OPTSTK,DABUR,190.0,CE,0.0,0.0,0.0,40.35,38.85,0,0.0,0
2014-11-10,2014-12-24,OPTSTK,DABUR,195.0,CE,0.0,0.0,0.0,35.8,34.2,0,0.0,0
2014-11-10,2014-12-24,OPTSTK,DABUR,200.0,CE,0.0,0.0,0.0,31.45,29.65,0,0.0,0
2014-11-10,2014-12-24,OPTSTK,DABUR,205.0,CE,0.0,0.0,0.0,27.3,25.35,0,0.0,0
2014-11-10,2014-12-24,OPTSTK,DABUR,210.0,CE,0.0,0.0,0.0,23.45,21.3,0,0.0,0
2014-11-10,2014-12-24,OPTSTK,DABUR,215.0,CE,0.0,0.0,0.0,19.85,17.6,0,0.0,0
2014-11-10,2014-12-24,OPTSTK,DABUR,220.0,CE,0.0,0.0,0.0,16.6,14.3,0,0.0,0
2014-11-10,2014-12-24,OPTSTK,DABUR,225.0,CE,0.0,0.0,0.0,13.7,11.4,0,0.0,0
2014-11-10,2014-12-24,OPTSTK,DABUR,230.0,CE,0.0,0.0,0.0,11.15,8.9,0,0.0,0
2014-11-10,2014-12-24,OPTSTK,DABUR,235.0,CE,0.0,0.0,0.0,8.95,6.8,0,0.0,0
2014-11-10,2014-12-24,OPTSTK,DABUR,240.0,CE,0.0,0.0,0.0,7.1,5.1,0,0.0,0
2014-11-10,2014-12-24,OPTSTK,DABUR,245.0,CE,0.0,0.0,0.0,5.55,3.8,0,0.0,0
2014-11-10,2014-12-24,OPTSTK,DABUR,250.0,CE,0.0,0.0,0.0,4.3,2.75,0,0.0,0
2014-11-10,2014-12-24,OPTSTK,DABUR,255.0,CE,0.0,0.0,0.0,3.25,1.95,0,0.0,0
2014-11-10,2014-12-24,OPTSTK,DABUR,260.0,CE,0.0,0.0,0.0,2.45,1.35,0,0.0,0
2014-11-10,2014-12-24,OPTSTK,DABUR,265.0,CE,0.0,0.0,0.0,1.85,0.95,0,0.0,0
2014-11-10,2014-12-24,OPTSTK,DABUR,270.0,CE,0.0,0.0,0.0,1.35,0.65,0,0.0,0
2014-11-10,2014-12-24,OPTSTK,DABUR,275.0,CE,0.0,0.0,0.0,1.0,0.4,0,0.0,0
2014-11-10,2014-12-24,OPTSTK,DABUR,155.0,PE,0.0,0.0,0.0,0.05,0.0,0,0.0,0
2014-11-10,2014-12-24,OPTSTK,DABUR,160.0,PE,0.0,0.0,0.0,0.05,0.0,0,0.0,0
2014-11-10,2014-12-24,OPTSTK,DABUR,165.0,PE,0.0,0.0,0.0,0.05,0.0,0,0.0,0
2014-11-10,2014-12-24,OPTSTK,DABUR,170.0,PE,0.0,0.0,0.0,0.05,0.05,0,0.0,0
2014-11-10,2014-12-24,OPTSTK,DABUR,175.0,PE,0.0,0.0,0.0,0.1,0.05,0,0.0,0
2014-11-10,2014-12-24,OPTSTK,DABUR,180.0,PE,0.0,0.0,0.0,0.2,0.1,0,0.0,0
2014-11-10,2014-12-24,OPTSTK,DABUR,185.0,PE,0.0,0.0,0.0,0.35,0.15,0,0.0,0
2014-11-10,2014-12-24,OPTSTK,DABUR,190.0,PE,0.0,0.0,0.0,0.6,0.35,0,0.0,0
2014-11-10,2014-12-24,OPTSTK,DABUR,195.0,PE,0.0,0.0,0.0,0.95,0.6,0,0.0,0
2014-11-10,2014-12-24,OPTSTK,DABUR,200.0,PE,0.0,0.0,0.0,1.5,1.0,0,0.0,0
2014-11-10,2014-12-24,OPTSTK,DABUR,205.0,PE,0.0,0.0,0.0,2.25,1.65,0,0.0,0
2014-11-10,2014-12-24,OPTSTK,DABUR,210.0,PE,0.0,0.0,0.0,3.25,2.55,0,0.0,0
2014-11-10,2014-12-24,OPTSTK,DABUR,215.0,PE,0.0,0.0,0.0,4.6,3.8,0,0.0,0
2014-11-10,2014-12-24,OPTSTK,DABUR,220.0,PE,0.0,0.0,0.0,6.2,5.45,0,0.0,0
2014-11-10,2014-12-24,OPTSTK,DABUR,225.0,PE,0.0,0.0,0.0,8.2,7.5,0,0.0,0
2014-11-10,2014-12-24,OPTSTK,DABUR,230.0,PE,0.0,0.0,0.0,10.55,9.95,0,0.0,0
2014-11-10,2014-12-24,OPTSTK,DABUR,235.0,PE,0.0,0.0,0.0,13.25,12.8,0,0.0,0
2014-11-10,2014-12-24,OPTSTK,DABUR,240.0,PE,0.0,0.0,0.0,16.25,16.05,0,0.0,0
2014-11-10,2014-12-24,OPTSTK,DABUR,245.0,PE,0.0,0.0,0.0,19.6,19.65,0,0.0,0
2014-11-10,2014-12-24,OPTSTK,DABUR,250.0,PE,0.0,0.0,0.0,23.25,23.55,0,0.0,0
2014-11-10,2014-12-24,OPTSTK,DABUR,255.0,PE,0.0,0.0,0.0,27.1,27.7,0,0.0,0
2014-11-10,2014-12-24,OPTSTK,DABUR,260.0,PE,0.0,0.0,0.0,31.2,32.1,0,0.0,0
2014-11-10,2014-12-24,OPTSTK,DABUR,265.0,PE,0.0,0.0,0.0,35.45,36.6,0,0.0,0
2014-11-10,2014-12-24,OPTSTK,DABUR,270.0,PE,0.0,0.0,0.0,39.85,41.25,0,0.0,0
2014-11-10,2014-12-24,OPTSTK,DABUR,275.0,PE,0.0,0.0,0.0,44.4,46.0,0,0.0,0
2014-11-10,2015-01-29,OPTSTK,DABUR,155.0,CE,0.0,0.0,0.0,68.6,74.5,0,0.0,0
2014-11-10,2015-01-29,OPTSTK,DABUR,160.0,CE,0.0,0.0,0.0,63.75,69.65,0,0.0,0
2014-11-10,2015-01-29,OPTSTK,DABUR,165.0,CE,0.0,0.0,0.0,58.95,64.75,0,0.0,0
2014-11-10,2015-01-29,OPTSTK,DABUR,170.0,CE,0.0,0.0,0.0,54.15,59.95,0,0.0,0
2014-11-10,2015-01-29,OPTSTK,DABUR,175.0,CE,0.0,0.0,0.0,49.45,55.15,0,0.0,0
2014-11-10,2015-01-29,OPTSTK,DABUR,180.0,CE,0.0,0.0,0.0,44.85,50.4,0,0.0,0
2014-11-10,2015-01-29,OPTSTK,DABUR,185.0,CE,0.0,0.0,0.0,40.35,45.75,0,0.0,0
2014-11-10,2015-01-29,OPTSTK,DABUR,190.0,CE,0.0,0.0,0.0,36.05,41.25,0,0.0,0
2014-11-10,2015-01-29,OPTSTK,DABUR,195.0,CE,0.0,0.0,0.0,31.9,36.85,0,0.0,0
2014-11-10,2015-01-29,OPTSTK,DABUR,200.0,CE,0.0,0.0,0.0,28.0,32.7,0,0.0,0
2014-11-10,2015-01-29,OPTSTK,DABUR,205.0,CE,0.0,0.0,0.0,24.4,28.75,0,0.0,0
2014-11-10,2015-01-29,OPTSTK,DABUR,210.0,CE,0.0,0.0,0.0,21.0,25.0,0,0.0,0
2014-11-10,2015-01-29,OPTSTK,DABUR,215.0,CE,0.0,0.0,0.0,17.95,21.6,0,0.0,0
2014-11-10,2015-01-29,OPTSTK,DABUR,220.0,CE,0.0,0.0,0.0,15.15,18.45,0,0.0,0
2014-11-10,2015-01-29,OPTSTK,DABUR,225.0,CE,0.0,0.0,0.0,12.7,15.6,0,0.0,0
2014-11-10,2015-01-29,OPTSTK,DABUR,230.0,CE,0.0,0.0,0.0,10.55,13.1,0,0.0,0
2014-11-10,2015-01-29,OPTSTK,DABUR,235.0,CE,0.0,0.0,0.0,8.65,10.85,0,0.0,0
2014-11-10,2015-01-29,OPTSTK,DABUR,240.0,CE,0.0,0.0,0.0,7.05,8.95,0,0.0,0
2014-11-10,2015-01-29,OPTSTK,DABUR,245.0,CE,0.0,0.0,0.0,5.7,7.25,0,0.0,0
2014-11-10,2015-01-29,OPTSTK,DABUR,250.0,CE,0.0,0.0,0.0,4.6,5.85,0,0.0,0
2014-11-10,2015-01-29,OPTSTK,DABUR,255.0,CE,0.0,0.0,0.0,3.65,4.7,0,0.0,0
2014-11-10,2015-01-29,OPTSTK,DABUR,260.0,CE,0.0,0.0,0.0,2.85,3.75,0,0.0,0
2014-11-10,2015-01-29,OPTSTK,DABUR,265.0,CE,0.0,0.0,0.0,2.25,2.95,0,0.0,0
2014-11-10,2015-01-29,OPTSTK,DABUR,270.0,CE,0.0,0.0,0.0,1.75,2.3,0,0.0,0
2014-11-10,2015-01-29,OPTSTK,DABUR,275.0,CE,0.0,0.0,0.0,1.35,1.75,0,0.0,0
2014-11-10,2015-01-29,OPTSTK,DABUR,155.0,PE,0.0,0.0,0.0,0.05,0.05,0,0.0,0
2014-11-10,2015-01-29,OPTSTK,DABUR,160.0,PE,0.0,0.0,0.0,0.1,0.05,0,0.0,0
2014-11-10,2015-01-29,OPTSTK,DABUR,165.0,PE,0.0,0.0,0.0,0.15,0.1,0,0.0,0
2014-11-10,2015-01-29,OPTSTK,DABUR,170.0,PE,0.0,0.0,0.0,0.3,0.15,0,0.0,0
2014-11-10,2015-01-29,OPTSTK,DABUR,175.0,PE,0.0,0.0,0.0,0.5,0.25,0,0.0,0
2014-11-10,2015-01-29,OPTSTK,DABUR,180.0,PE,0.0,0.0,0.0,0.75,0.45,0,0.0,0
2014-11-10,2015-01-29,OPTSTK,DABUR,185.0,PE,0.0,0.0,0.0,1.2,0.7,0,0.0,0
2014-11-10,2015-01-29,OPTSTK,DABUR,190.0,PE,0.0,0.0,0.0,1.75,1.1,0,0.0,0
2014-11-10,2015-01-29,OPTSTK,DABUR,195.0,PE,0.0,0.0,0.0,2.5,1.6,0,0.0,0
2014-11-10,2015-01-29,OPTSTK,DABUR,200.0,PE,0.0,0.0,0.0,3.5,2.35,0,0.0,0
2014-11-10,2015-01-29,OPTSTK,DABUR,205.0,PE,0.0,0.0,0.0,4.75,3.3,0,0.0,0
2014-11-10,2015-01-29,OPTSTK,DABUR,210.0,PE,0.0,0.0,0.0,6.25,4.5,0,0.0,0
2014-11-10,2015-01-29,OPTSTK,DABUR,215.0,PE,0.0,0.0,0.0,8.1,5.95,0,0.0,0
2014-11-10,2015-01-29,OPTSTK,DABUR,220.0,PE,0.0,0.0,0.0,10.2,7.7,0,0.0,0
2014-11-10,2015-01-29,OPTSTK,DABUR,225.0,PE,0.0,0.0,0.0,12.65,9.8,0,0.0,0
2014-11-10,2015-01-29,OPTSTK,DABUR,230.0,PE,0.0,0.0,0.0,15.4,12.15,0,0.0,0
2014-11-10,2015-01-29,OPTSTK,DABUR,235.0,PE,0.0,0.0,0.0,18.4,14.85,0,0.0,0
2014-11-10,2015-01-29,OPTSTK,DABUR,240.0,PE,0.0,0.0,0.0,21.7,17.85,0,0.0,0
2014-11-10,2015-01-29,OPTSTK,DABUR,245.0,PE,0.0,0.0,0.0,25.2,21.1,0,0.0,0
2014-11-10,2015-01-29,OPTSTK,DABUR,250.0,PE,0.0,0.0,0.0,29.0,24.6,0,0.0,0
2014-11-10,2015-01-29,OPTSTK,DABUR,255.0,PE,0.0,0.0,0.0,32.95,28.35,0,0.0,0
2014-11-10,2015-01-29,OPTSTK,DABUR,260.0,PE,0.0,0.0,0.0,37.05,32.25,0,0.0,0
2014-11-10,2015-01-29,OPTSTK,DABUR,265.0,PE,0.0,0.0,0.0,41.3,36.35,0,0.0,0
2014-11-10,2015-01-29,OPTSTK,DABUR,270.0,PE,0.0,0.0,0.0,45.7,40.6,0,0.0,0
2014-11-10,2015-01-29,OPTSTK,DABUR,275.0,PE,0.0,0.0,0.0,50.2,45.0,0,0.0,0
2014-11-10,2014-11-27,OPTSTK,DISHTV,32.5,CE,0.0,0.0,0.0,21.9,26.35,0,0.0,0
2014-11-10,2014-11-27,OPTSTK,DISHTV,35.0,CE,0.0,0.0,0.0,19.5,23.85,0,0.0,0
2014-11-10,2014-11-27,OPTSTK,DISHTV,37.5,CE,0.0,0.0,0.0,17.1,21.35,0,0.0,0
2014-11-10,2014-11-27,OPTSTK,DISHTV,40.0,CE,0.0,0.0,0.0,17.1,18.9,0,0.0,0
2014-11-10,2014-11-27,OPTSTK,DISHTV,42.5,CE,0.0,0.0,0.0,12.6,16.4,0,0.0,0
2014-11-10,2014-11-27,OPTSTK,DISHTV,45.0,CE,0.0,0.0,0.0,10.55,13.9,0,0.0,0
2014-11-10,2014-11-27,OPTSTK,DISHTV,47.5,CE,0.0,0.0,0.0,8.65,11.4,0,0.0,0
2014-11-10,2014-11-27,OPTSTK,DISHTV,50.0,CE,0.0,0.0,0.0,7.0,8.95,0,0.0,0
2014-11-10,2014-11-27,OPTSTK,DISHTV,52.5,CE,0.0,0.0,0.0,6.95,6.55,0,0.0,16000
2014-11-10,2014-11-27,OPTSTK,DISHTV,55.0,CE,4.6,4.7,4.6,4.7,4.7,2,4.77,148000
2014-11-10,2014-11-27,OPTSTK,DISHTV,57.5,CE,2.85,3.05,2.35,2.55,2.55,21,50.65,304000
2014-11-10,2014-11-27,OPTSTK,DISHTV,60.0,CE,1.95,2.2,1.35,1.45,1.45,227,559.69,1220000
2014-11-10,2014-11-27,OPTSTK,DISHTV,62.5,CE,1.2,1.2,0.75,0.8,0.8,41,103.99,284000
2014-11-10,2014-11-27,OPTSTK,DISHTV,65.0,CE,0.75,0.75,0.4,0.4,0.4,22,57.65,320000
2014-11-10,2014-11-27,OPTSTK,DISHTV,67.5,CE,0.0,0.0,0.0,0.35,0.1,0,0.0,8000
2014-11-10,2014-11-27,OPTSTK,DISHTV,70.0,CE,0.2,0.2,0.2,0.2,0.2,1,2.8,4000
2014-11-10,2014-11-27,OPTSTK,DISHTV,72.5,CE,0.0,0.0,0.0,0.05,0.0,0,0.0,0
2014-11-10,2014-11-27,OPTSTK,DISHTV,75.0,CE,0.0,0.0,0.0,0.35,0.0,0,0.0,0
2014-11-10,2014-11-27,OPTSTK,DISHTV,32.5,PE,0.0,0.0,0.0,0.05,0.0,0,0.0,0
2014-11-10,2014-11-27,OPTSTK,DISHTV,35.0,PE,0.0,0.0,0.0,0.05,0.0,0,0.0,0
2014-11-10,2014-11-27,OPTSTK,DISHTV,37.5,PE,0.0,0.0,0.0,0.9,0.0,0,0.0,0
2014-11-10,2014-11-27,OPTSTK,DISHTV,40.0,PE,0.05,0.05,0.05,0.05,0.05,1,1.6,12000
2014-11-10,2014-11-27,OPTSTK,DISHTV,42.5,PE,0.0,0.0,0.0,0.5,0.0,0,0.0,0
2014-11-10,2014-11-27,OPTSTK,DISHTV,45.0,PE,0.0,0.0,0.0,0.35,0.0,0,0.0,32000
2014-11-10,2014-11-27,OPTSTK,DISHTV,47.5,PE,0.0,0.0,0.0,0.15,0.0,0,0.0,16000
2014-11-10,2014-11-27,OPTSTK,DISHTV,50.0,PE,0.1,0.1,0.1,0.1,0.1,1,2.0,96000
2014-11-10,2014-11-27,OPTSTK,DISHTV,52.5,PE,0.1,0.2,0.1,0.15,0.15,3,6.31,124000
2014-11-10,2014-11-27,OPTSTK,DISHTV,55.0,PE,0.45,0.7,0.45,0.55,0.55,21,46.66,448000
2014-11-10,2014-11-27,OPTSTK,DISHTV,57.5,PE,1.55,1.55,1.2,1.3,1.3,28,65.87,348000
2014-11-10,2014-11-27,OPTSTK,DISHTV,60.0,PE,2.15,2.15,2.15,2.15,2.15,1,2.48,92000
2014-11-10,2014-11-27,OPTSTK,DISHTV,62.5,PE,0.0,0.0,0.0,6.35,4.15,0,0.0,8000
2014-11-10,2014-11-27,OPTSTK,DISHTV,65.0,PE,0.0,0.0,0.0,7.5,6.25,0,0.0,8000
2014-11-10,2014-11-27,OPTSTK,DISHTV,67.5,PE,0.0,0.0,0.0,13.35,8.6,0,0.0,0
2014-11-10,2014-11-27,OPTSTK,DISHTV,70.0,PE,0.0,0.0,0.0,15.5,11.05,0,0.0,0
2014-11-10,2014-11-27,OPTSTK,DISHTV,72.5,PE,0.0,0.0,0.0,17.75,13.55,0,0.0,0
2014-11-10,2014-11-27,OPTSTK,DISHTV,75.0,PE,0.0,0.0,0.0,20.05,16.0,0,0.0,0
2014-11-10,2014-12-24,OPTSTK,DISHTV,32.5,CE,0.0,0.0,0.0,21.95,26.55,0,0.0,0
2014-11-10,2014-12-24,OPTSTK,DISHTV,35.0,CE,0.0,0.0,0.0,19.5,24.1,0,0.0,0
2014-11-10,2014-12-24,OPTSTK,DISHTV,37.5,CE,0.0,0.0,0.0,17.1,21.6,0,0.0,0
2014-11-10,2014-12-24,OPTSTK,DISHTV,40.0,CE,0.0,0.0,0.0,14.75,19.15,0,0.0,0
2014-11-10,2014-12-24,OPTSTK,DISHTV,42.5,CE,0.0,0.0,0.0,12.5,16.65,0,0.0,0
2014-11-10,2014-12-24,OPTSTK,DISHTV,45.0,CE,0.0,0.0,0.0,10.35,14.2,0,0.0,0
2014-11-10,2014-12-24,OPTSTK,DISHTV,47.5,CE,0.0,0.0,0.0,8.45,11.8,0,0.0,0
2014-11-10,2014-12-24,OPTSTK,DISHTV,50.0,CE,0.0,0.0,0.0,6.7,9.45,0,0.0,0
2014-11-10,2014-12-24,OPTSTK,DISHTV,52.5,CE,0.0,0.0,0.0,5.2,7.3,0,0.0,0
2014-11-10,2014-12-24,OPTSTK,DISHTV,55.0,CE,0.0,0.0,0.0,3.95,5.4,0,0.0,0
2014-11-10,2014-12-24,OPTSTK,DISHTV,57.5,CE,0.0,0.0,0.0,2.95,3.8,0,0.0,0
2014-11-10,2014-12-24,OPTSTK,DISHTV,60.0,CE,0.0,0.0,0.0,2.15,2.55,0,0.0,0
2014-11-10,2014-12-24,OPTSTK,DISHTV,62.5,CE,0.0,0.0,0.0,1.55,1.6,0,0.0,0
2014-11-10,2014-12-24,OPTSTK,DISHTV,65.0,CE,0.0,0.0,0.0,1.1,0.95,0,0.0,0
2014-11-10,2014-12-24,OPTSTK,DISHTV,67.5,CE,0.0,0.0,0.0,0.8,0.55,0,0.0,0
2014-11-10,2014-12-24,OPTSTK,DISHTV,70.0,CE,0.0,0.0,0.0,0.55,0.3,0,0.0,0
2014-11-10,2014-12-24,OPTSTK,DISHTV,72.5,CE,0.0,0.0,0.0,0.35,0.15,0,0.0,0
2014-11-10,2014-12-24,OPTSTK,DISHTV,75.0,CE,0.0,0.0,0.0,0.25,0.1,0,0.0,0
2014-11-10,2014-12-24,OPTSTK,DISHTV,32.5,PE,0.0,0.0,0.0,0.05,0.0,0,0.0,0
2014-11-10,2014-12-24,OPTSTK,DISHTV,35.0,PE,0.0,0.0,0.0,0.05,0.0,0,0.0,0
2014-11-10,2014-12-24,OPTSTK,DISHTV,37.5,PE,0.0,0.0,0.0,0.1,0.0,0,0.0,0
2014-11-10,2014-12-24,OPTSTK,DISHTV,40.0,PE,0.0,0.0,0.0,0.2,0.0,0,0.0,0
2014-11-10,2014-12-24,OPTSTK,DISHTV,42.5,PE,0.0,0.0,0.0,0.35,0.05,0,0.0,0
2014-11-10,2014-12-24,OPTSTK,DISHTV,45.0,PE,0.0,0.0,0.0,0.7,0.05,0,0.0,0
2014-11-10,2014-12-24,OPTSTK,DISHTV,47.5,PE,0.0,0.0,0.0,1.2,0.1,0,0.0,0
2014-11-10,2014-12-24,OPTSTK,DISHTV,50.0,PE,0.0,0.0,0.0,1.9,0.25,0,0.0,0
2014-11-10,2014-12-24,OPTSTK,DISHTV,52.5,PE,0.0,0.0,0.0,2.85,0.55,0,0.0,0
2014-11-10,2014-12-24,OPTSTK,DISHTV,55.0,PE,0.0,0.0,0.0,4.1,1.1,0,0.0,0
2014-11-10,2014-12-24,OPTSTK,DISHTV,57.5,PE,0.0,0.0,0.0,5.5,2.0,0,0.0,0
2014-11-10,2014-12-24,OPTSTK,DISHTV,60.0,PE,0.0,0.0,0.0,7.15,3.2,0,0.0,0
2014-11-10,2014-12-24,OPTSTK,DISHTV,62.5,PE,0.0,0.0,0.0,9.0,4.75,0,0.0,0
2014-11-10,2014-12-24,OPTSTK,DISHTV,65.0,PE,0.0,0.0,0.0,11.0,6.6,0,0.0,0
2014-11-10,2014-12-24,OPTSTK,DISHTV,67.5,PE,0.0,0.0,0.0,13.1,8.65,0,0.0,0
2014-11-10,2014-12-24,OPTSTK,DISHTV,70.0,PE,0.0,0.0,0.0,15.3,10.9,0,0.0,0
2014-11-10,2014-12-24,OPTSTK,DISHTV,72.5,PE,0.0,0.0,0.0,17.6,13.2,0,0.0,0
2014-11-10,2014-12-24,OPTSTK,DISHTV,75.0,PE,0.0,0.0,0.0,19.9,15.6,0,0.0,0
2014-11-10,2015-01-29,OPTSTK,DISHTV,32.5,CE,0.0,0.0,0.0,24.05,26.85,0,0.0,0
2014-11-10,2015-01-29,OPTSTK,DISHTV,35.0,CE,0.0,0.0,0.0,21.65,24.4,0,0.0,0
2014-11-10,2015-01-29,OPTSTK,DISHTV,37.5,CE,0.0,0.0,0.0,19.2,21.95,0,0.0,0
2014-11-10,2015-01-29,OPTSTK,DISHTV,40.0,CE,0.0,0.0,0.0,16.8,19.5,0,0.0,0
2014-11-10,2015-01-29,OPTSTK,DISHTV,42.5,CE,0.0,0.0,0.0,14.4,17.1,0,0.0,0
2014-11-10,2015-01-29,OPTSTK,DISHTV,45.0,CE,0.0,0.0,0.0,12.15,14.7,0,0.0,0
2014-11-10,2015-01-29,OPTSTK,DISHTV,47.5,CE,0.0,0.0,0.0,10.0,12.4,0,0.0,0
2014-11-10,2015-01-29,OPTSTK,DISHTV,50.0,CE,0.0,0.0,0.0,8.0,10.25,0,0.0,0
2014-11-10,2015-01-29,OPTSTK,DISHTV,52.5,CE,0.0,0.0,0.0,6.25,8.3,0,0.0,0
2014-11-10,2015-01-29,OPTSTK,DISHTV,55.0,CE,0.0,0.0,0.0,4.8,6.5,0,0.0,0
2014-11-10,2015-01-29,OPTSTK,DISHTV,57.5,CE,0.0,0.0,0.0,3.55,5.0,0,0.0,0
2014-11-10,2015-01-29,OPTSTK,DISHTV,60.0,CE,0.0,0.0,0.0,2.6,3.75,0,0.0,0
2014-11-10,2015-01-29,OPTSTK,DISHTV,62.5,CE,0.0,0.0,0.0,1.85,2.75,0,0.0,0
2014-11-10,2015-01-29,OPTSTK,DISHTV,65.0,CE,0.0,0.0,0.0,1.25,1.95,0,0.0,0
2014-11-10,2015-01-29,OPTSTK,DISHTV,67.5,CE,0.0,0.0,0.0,0.85,1.35,0,0.0,0
2014-11-10,2015-01-29,OPTSTK,DISHTV,70.0,CE,0.0,0.0,0.0,0.6,0.95,0,0.0,0
2014-11-10,2015-01-29,OPTSTK,DISHTV,72.5,CE,0.0,0.0,0.0,0.4,0.65,0,0.0,0
2014-11-10,2015-01-29,OPTSTK,DISHTV,75.0,CE,0.0,0.0,0.0,0.25,0.4,0,0.0,0
2014-11-10,2015-01-29,OPTSTK,DISHTV,32.5,PE,0.0,0.0,0.0,0.05,0.0,0,0.0,0
2014-11-10,2015-01-29,OPTSTK,DISHTV,35.0,PE,0.0,0.0,0.0,0.05,0.0,0,0.0,0
2014-11-10,2015-01-29,OPTSTK,DISHTV,37.5,PE,0.0,0.0,0.0,0.05,0.0,0,0.0,0
2014-11-10,2015-01-29,OPTSTK,DISHTV,40.0,PE,0.0,0.0,0.0,0.05,0.05,0,0.0,0
2014-11-10,2015-01-29,OPTSTK,DISHTV,42.5,PE,0.0,0.0,0.0,0.15,0.05,0,0.0,0
2014-11-10,2015-01-29,OPTSTK,DISHTV,45.0,PE,0.0,0.0,0.0,0.3,0.15,0,0.0,0
2014-11-10,2015-01-29,OPTSTK,DISHTV,47.5,PE,0.0,0.0,0.0,0.6,0.3,0,0.0,0
2014-11-10,2015-01-29,OPTSTK,DISHTV,50.0,PE,0.0,0.0,0.0,1.1,0.6,0,0.0,0
2014-11-10,2015-01-29,OPTSTK,DISHTV,52.5,PE,0.0,0.0,0.0,1.8,1.1,0,0.0,0
2014-11-10,2015-01-29,OPTSTK,DISHTV,55.0,PE,0.0,0.0,0.0,2.75,1.75,0,0.0,0
2014-11-10,2015-01-29,OPTSTK,DISHTV,57.5,PE,0.0,0.0,0.0,3.95,2.7,0,0.0,0
2014-11-10,2015-01-29,OPTSTK,DISHTV,60.0,PE,0.0,0.0,0.0,5.45,3.9,0,0.0,0
2014-11-10,2015-01-29,OPTSTK,DISHTV,62.5,PE,0.0,0.0,0.0,7.15,5.35,0,0.0,0
2014-11-10,2015-01-29,OPTSTK,DISHTV,65.0,PE,0.0,0.0,0.0,9.0,7.0,0,0.0,0
2014-11-10,2015-01-29,OPTSTK,DISHTV,67.5,PE,0.0,0.0,0.0,11.05,8.9,0,0.0,0
2014-11-10,2015-01-29,OPTSTK,DISHTV,70.0,PE,0.0,0.0,0.0,13.2,10.9,0,0.0,0
2014-11-10,2015-01-29,OPTSTK,DISHTV,72.5,PE,0.0,0.0,0.0,15.45,13.05,0,0.0,0
2014-11-10,2015-01-29,OPTSTK,DISHTV,75.0,PE,0.0,0.0,0.0,17.8,15.3,0,0.0,0
2014-11-10,2014-11-27,OPTSTK,DIVISLAB,1160.0,CE,0.0,0.0,0.0,429.65,585.05,0,0.0,0
2014-11-10,2014-11-27,OPTSTK,DIVISLAB,1180.0,CE,0.0,0.0,0.0,410.25,565.15,0,0.0,0
2014-11-10,2014-11-27,OPTSTK,DIVISLAB,1200.0,CE,0.0,0.0,0.0,390.85,545.2,0,0.0,0
2014-11-10,2014-11-27,OPTSTK,DIVISLAB,1220.0,CE,0.0,0.0,0.0,371.55,525.3,0,0.0,0
2014-11-10,2014-11-27,OPTSTK,DIVISLAB,1240.0,CE,0.0,0.0,0.0,352.4,505.35,0,0.0,0
2014-11-10,2014-11-27,OPTSTK,DIVISLAB,1250.0,CE,0.0,0.0,0.0,492.9,495.4,0,0.0,0
2014-11-10,2014-11-27,OPTSTK,DIVISLAB,1260.0,CE,0.0,0.0,0.0,333.35,485.45,0,0.0,0
2014-11-10,2014-11-27,OPTSTK,DIVISLAB,1280.0,CE,0.0,0.0,0.0,314.45,465.55,0,0.0,0
2014-11-10,2014-11-27,OPTSTK,DIVISLAB,1300.0,CE,0.0,0.0,0.0,295.85,445.6,0,0.0,0
2014-11-10,2014-11-27,OPTSTK,DIVISLAB,1320.0,CE,0.0,0.0,0.0,277.45,425.7,0,0.0,0
2014-11-10,2014-11-27,OPTSTK,DIVISLAB,1340.0,CE,0.0,0.0,0.0,259.4,405.8,0,0.0,0
2014-11-10,2014-11-27,OPTSTK,DIVISLAB,1350.0,CE,0.0,0.0,0.0,395.5,395.85,0,0.0,0
2014-11-10,2014-11-27,OPTSTK,DIVISLAB,1360.0,CE,0.0,0.0,0.0,241.7,385.9,0,0.0,0
2014-11-10,2014-11-27,OPTSTK,DIVISLAB,1380.0,CE,0.0,0.0,0.0,224.45,366.05,0,0.0,0
2014-11-10,2014-11-27,OPTSTK,DIVISLAB,1400.0,CE,0.0,0.0,0.0,207.65,346.25,0,0.0,0
2014-11-10,2014-11-27,OPTSTK,DIVISLAB,1420.0,CE,0.0,0.0,0.0,191.4,326.45,0,0.0,0
2014-11-10,2014-11-27,OPTSTK,DIVISLAB,1440.0,CE,0.0,0.0,0.0,175.8,306.75,0,0.0,0
2014-11-10,2014-11-27,OPTSTK,DIVISLAB,1450.0,CE,0.0,0.0,0.0,301.3,296.95,0,0.0,0
2014-11-10,2014-11-27,OPTSTK,DIVISLAB,1460.0,CE,0.0,0.0,0.0,160.75,287.2,0,0.0,0
2014-11-10,2014-11-27,OPTSTK,DIVISLAB,1480.0,CE,0.0,0.0,0.0,146.5,267.8,0,0.0,0
2014-11-10,2014-11-27,OPTSTK,DIVISLAB,1500.0,CE,0.0,0.0,0.0,132.85,248.6,0,0.0,0
2014-11-10,2014-11-27,OPTSTK,DIVISLAB,1520.0,CE,0.0,0.0,0.0,120.0,229.7,0,0.0,0
2014-11-10,2014-11-27,OPTSTK,DIVISLAB,1540.0,CE,0.0,0.0,0.0,107.95,211.15,0,0.0,0
2014-11-10,2014-11-27,OPTSTK,DIVISLAB,1550.0,CE,0.0,0.0,0.0,214.85,202.05,0,0.0,0
2014-11-10,2014-11-27,OPTSTK,DIVISLAB,1560.0,CE,0.0,0.0,0.0,96.7,193.05,0,0.0,0
2014-11-10,2014-11-27,OPTSTK,DIVISLAB,1580.0,CE,0.0,0.0,0.0,86.25,175.5,0,0.0,0
2014-11-10,2014-11-27,OPTSTK,DIVISLAB,1600.0,CE,0.0,0.0,0.0,76.6,158.5,0,0.0,0
2014-11-10,2014-11-27,OPTSTK,DIVISLAB,1620.0,CE,0.0,0.0,0.0,150.0,142.25,0,0.0,500
2014-11-10,2014-11-27,OPTSTK,DIVISLAB,1640.0,CE,0.0,0.0,0.0,59.65,126.8,0,0.0,0
2014-11-10,2014-11-27,OPTSTK,DIVISLAB,1650.0,CE,0.0,0.0,0.0,141.55,119.5,0,0.0,0
2014-11-10,2014-11-27,OPTSTK,DIVISLAB,1660.0,CE,0.0,0.0,0.0,52.3,112.2,0,0.0,0
2014-11-10,2014-11-27,OPTSTK,DIVISLAB,1680.0,CE,0.0,0.0,0.0,45.65,98.6,0,0.0,0
2014-11-10,2014-11-27,OPTSTK,DIVISLAB,1700.0,CE,0.0,0.0,0.0,81.0,86.0,0,0.0,1750
2014-11-10,2014-11-27,OPTSTK,DIVISLAB,1720.0,CE,0.0,0.0,0.0,34.35,74.4,0,0.0,0
2014-11-10,2014-11-27,OPTSTK,DIVISLAB,1740.0,CE,0.0,0.0,0.0,60.0,63.9,0,0.0,625
2014-11-10,2014-11-27,OPTSTK,DIVISLAB,1750.0,CE,46.8,46.8,41.1,41.1,41.1,2,4.48,3375
2014-11-10,2014-11-27,OPTSTK,DIVISLAB,1760.0,CE,31.0,31.0,31.0,31.0,31.0,1,2.23,875
2014-11-10,2014-11-27,OPTSTK,DIVISLAB,1780.0,CE,0.0,0.0,0.0,39.35,45.95,0,0.0,625
2014-11-10,2014-11-27,OPTSTK,DIVISLAB,1800.0,CE,30.25,30.25,17.0,25.0,25.0,21,47.83,3750
2014-11-10,2014-11-27,OPTSTK,DIVISLAB,1820.0,CE,0.0,0.0,0.0,15.75,32.0,0,0.0,0
2014-11-10,2014-11-27,OPTSTK,DIVISLAB,1840.0,CE,0.0,0.0,0.0,15.25,26.35,0,0.0,1625
2014-11-10,2014-11-27,OPTSTK,DIVISLAB,1850.0,CE,0.0,0.0,0.0,6.0,23.95,0,0.0,375
2014-11-10,2014-11-27,OPTSTK,DIVISLAB,1860.0,CE,0.0,0.0,0.0,16.8,21.55,0,0.0,1375
2014-11-10,2014-11-27,OPTSTK,DIVISLAB,1880.0,CE,0.0,0.0,0.0,9.4,17.5,0,0.0,0
2014-11-10,2014-11-27,OPTSTK,DIVISLAB,1900.0,CE,5.0,5.0,5.0,5.0,5.0,1,2.38,3375
2014-11-10,2014-11-27,OPTSTK,DIVISLAB,1920.0,CE,0.0,0.0,0.0,6.55,11.25,0,0.0,0
2014-11-10,2014-11-27,OPTSTK,DIVISLAB,1940.0,CE,0.0,0.0,0.0,5.45,8.9,0,0.0,0
2014-11-10,2014-11-27,OPTSTK,DIVISLAB,1950.0,CE,0.0,0.0,0.0,32.75,7.9,0,0.0,125
2014-11-10,2014-11-27,OPTSTK,DIVISLAB,1960.0,CE,0.0,0.0,0.0,4.5,7.0,0,0.0,0
2014-11-10,2014-11-27,OPTSTK,DIVISLAB,2000.0,CE,0.0,0.0,0.0,4.85,4.2,0,0.0,0
2014-11-10,2014-11-27,OPTSTK,DIVISLAB,2050.0,CE,0.0,0.0,0.0,11.25,2.15,0,0.0,0
2014-11-10,2014-11-27,OPTSTK,DIVISLAB,2100.0,CE,0.0,0.0,0.0,9.75,1.05,0,0.0,0
2014-11-10,2014-11-27,OPTSTK,DIVISLAB,2150.0,CE,0.0,0.0,0.0,4.9,0.5,0,0.0,0
2014-11-10,2014-11-27,OPTSTK,DIVISLAB,2200.0,CE,0.0,0.0,0.0,3.15,0.25,0,0.0,0
2014-11-10,2014-11-27,OPTSTK,DIVISLAB,2250.0,CE,0.0,0.0,0.0,2.0,0.1,0,0.0,0
2014-11-10,2014-11-27,OPTSTK,DIVISLAB,1160.0,PE,0.0,0.0,0.0,0.25,0.0,0,0.0,0
2014-11-10,2014-11-27,OPTSTK,DIVISLAB,1180.0,PE,0.0,0.0,0.0,0.4,0.0,0,0.0,0
2014-11-10,2014-11-27,OPTSTK,DIVISLAB,1200.0,PE,0.0,0.0,0.0,0.6,0.0,0,0.0,0
2014-11-10,2014-11-27,OPTSTK,DIVISLAB,1220.0,PE,0.0,0.0,0.0,0.9,0.0,0,0.0,0
2014-11-10,2014-11-27,OPTSTK,DIVISLAB,1240.0,PE,0.0,0.0,0.0,1.3,0.0,0,0.0,0
2014-11-10,2014-11-27,OPTSTK,DIVISLAB,1250.0,PE,0.0,0.0,0.0,0.2,0.0,0,0.0,0
2014-11-10,2014-11-27,OPTSTK,DIVISLAB,1260.0,PE,0.0,0.0,0.0,1.8,0.0,0,0.0,0
2014-11-10,2014-11-27,OPTSTK,DIVISLAB,1280.0,PE,0.0,0.0,0.0,2.5,0.05,0,0.0,0
2014-11-10,2014-11-27,OPTSTK,DIVISLAB,1300.0,PE,0.0,0.0,0.0,3.45,0.05,0,0.0,0
2014-11-10,2014-11-27,OPTSTK,DIVISLAB,1320.0,PE,0.0,0.0,0.0,4.65,0.05,0,0.0,0
2014-11-10,2014-11-27,OPTSTK,DIVISLAB,1340.0,PE,0.0,0.0,0.0,6.15,0.05,0,0.0,0
2014-11-10,2014-11-27,OPTSTK,DIVISLAB,1350.0,PE,0.0,0.0,0.0,1.3,0.1,0,0.0,0
2014-11-10,2014-11-27,OPTSTK,DIVISLAB,1360.0,PE,0.0,0.0,0.0,8.05,0.1,0,0.0,0
2014-11-10,2014-11-27,OPTSTK,DIVISLAB,1380.0,PE,0.0,0.0,0.0,10.35,0.15,0,0.0,0
2014-11-10,2014-11-27,OPTSTK,DIVISLAB,1400.0,PE,0.0,0.0,0.0,13.15,0.25,0,0.0,0
2014-11-10,2014-11-27,OPTSTK,DIVISLAB,1420.0,PE,0.0,0.0,0.0,16.5,0.4,0,0.0,0
2014-11-10,2014-11-27,OPTSTK,DIVISLAB,1440.0,PE,0.0,0.0,0.0,20.4,0.65,0,0.0,0
2014-11-10,2014-11-27,OPTSTK,DIVISLAB,1450.0,PE,0.0,0.0,0.0,5.55,0.8,0,0.0,0
2014-11-10,2014-11-27,OPTSTK,DIVISLAB,1460.0,PE,0.0,0.0,0.0,25.0,1.0,0,0.0,0
2014-11-10,2014-11-27,OPTSTK,DIVISLAB,1480.0,PE,0.0,0.0,0.0,30.3,1.5,0,0.0,0
2014-11-10,2014-11-27,OPTSTK,DIVISLAB,1500.0,PE,0.0,0.0,0.0,36.2,2.25,0,0.0,0
2014-11-10,2014-11-27,OPTSTK,DIVISLAB,1520.0,PE,0.0,0.0,0.0,42.95,3.25,0,0.0,0
2014-11-10,2014-11-27,OPTSTK,DIVISLAB,1540.0,PE,0.0,0.0,0.0,50.5,4.65,0,0.0,0
2014-11-10,2014-11-27,OPTSTK,DIVISLAB,1550.0,PE,0.0,0.0,0.0,17.55,5.5,0,0.0,0
2014-11-10,2014-11-27,OPTSTK,DIVISLAB,1560.0,PE,0.0,0.0,0.0,58.8,6.45,0,0.0,0
2014-11-10,2014-11-27,OPTSTK,DIVISLAB,1580.0,PE,0.0,0.0,0.0,67.95,8.8,0,0.0,0
2014-11-10,2014-11-27,OPTSTK,DIVISLAB,1600.0,PE,0.0,0.0,0.0,77.85,11.75,0,0.0,0
2014-11-10,2014-11-27,OPTSTK,DIVISLAB,1620.0,PE,5.0,6.0,4.9,6.0,6.0,4,8.12,750
2014-11-10,2014-11-27,OPTSTK,DIVISLAB,1640.0,PE,0.0,0.0,0.0,15.0,19.9,0,0.0,500
2014-11-10,2014-11-27,OPTSTK,DIVISLAB,1650.0,PE,0.0,0.0,0.0,12.0,22.5,0,0.0,125
2014-11-10,2014-11-27,OPTSTK,DIVISLAB,1660.0,PE,0.0,0.0,0.0,27.4,25.2,0,0.0,1000
2014-11-10,2014-11-27,OPTSTK,DIVISLAB,1680.0,PE,22.5,22.5,22.5,22.5,22.5,1,2.12,1000
2014-11-10,2014-11-27,OPTSTK,DIVISLAB,1700.0,PE,0.0,0.0,0.0,19.3,38.85,0,0.0,1875
2014-11-10,2014-11-27,OPTSTK,DIVISLAB,1720.0,PE,0.0,0.0,0.0,39.0,47.15,0,0.0,125
2014-11-10,2014-11-27,OPTSTK,DIVISLAB,1740.0,PE,0.0,0.0,0.0,30.2,56.55,0,0.0,375
2014-11-10,2014-11-27,OPTSTK,DIVISLAB,1750.0,PE,36.25,36.25,36.25,36.25,36.25,1,2.23,375
2014-11-10,2014-11-27,OPTSTK,DIVISLAB,1760.0,PE,0.0,0.0,0.0,22.65,67.0,0,0.0,250
2014-11-10,2014-11-27,OPTSTK,DIVISLAB,1780.0,PE,0.0,0.0,0.0,38.95,78.45,0,0.0,375
2014-11-10,2014-11-27,OPTSTK,DIVISLAB,1800.0,PE,99.0,99.0,99.0,99.0,99.0,1,2.37,250
2014-11-10,2014-11-27,OPTSTK,DIVISLAB,1820.0,PE,0.0,0.0,0.0,232.3,104.35,0,0.0,0
2014-11-10,2014-11-27,OPTSTK,DIVISLAB,1840.0,PE,0.0,0.0,0.0,69.75,118.65,0,0.0,1250
2014-11-10,2014-11-27,OPTSTK,DIVISLAB,1850.0,PE,0.0,0.0,0.0,98.0,126.2,0,0.0,125
2014-11-10,2014-11-27,OPTSTK,DIVISLAB,1860.0,PE,0.0,0.0,0.0,266.95,133.8,0,0.0,0
2014-11-10,2014-11-27,OPTSTK,DIVISLAB,1880.0,PE,0.0,0.0,0.0,284.7,149.6,0,0.0,0
2014-11-10,2014-11-27,OPTSTK,DIVISLAB,1900.0,PE,0.0,0.0,0.0,74.55,166.1,0,0.0,125
2014-11-10,2014-11-27,OPTSTK,DIVISLAB,1920.0,PE,0.0,0.0,0.0,321.0,183.2,0,0.0,0
2014-11-10,2014-11-27,OPTSTK,DIVISLAB,1940.0,PE,0.0,0.0,0.0,339.45,200.8,0,0.0,0
2014-11-10,2014-11-27,OPTSTK,DIVISLAB,1950.0,PE,0.0,0.0,0.0,220.65,209.75,0,0.0,0
2014-11-10,2014-11-27,OPTSTK,DIVISLAB,1960.0,PE,0.0,0.0,0.0,358.1,218.8,0,0.0,0
2014-11-10,2014-11-27,OPTSTK,DIVISLAB,2000.0,PE,0.0,0.0,0.0,363.35,255.85,0,0.0,0
2014-11-10,2014-11-27,OPTSTK,DIVISLAB,2050.0,PE,0.0,0.0,0.0,306.3,303.6,0,0.0,0
2014-11-10,2014-11-27,OPTSTK,DIVISLAB,2100.0,PE,0.0,0.0,0.0,349.0,352.3,0,0.0,0
2014-11-10,2014-11-27,OPTSTK,DIVISLAB,2150.0,PE,0.0,0.0,0.0,398.4,401.55,0,0.0,0
2014-11-10,2014-11-27,OPTSTK,DIVISLAB,2200.0,PE,0.0,0.0,0.0,445.9,451.1,0,0.0,0
2014-11-10,2014-11-27,OPTSTK,DIVISLAB,2250.0,PE,0.0,0.0,0.0,494.0,500.8,0,0.0,0
2014-11-10,2014-12-24,OPTSTK,DIVISLAB,1200.0,CE,0.0,0.0,0.0,550.05,553.2,0,0.0,0
2014-11-10,2014-12-24,OPTSTK,DIVISLAB,1250.0,CE,0.0,0.0,0.0,501.6,504.05,0,0.0,0
2014-11-10,2014-12-24,OPTSTK,DIVISLAB,1300.0,CE,0.0,0.0,0.0,453.55,455.2,0,0.0,0
2014-11-10,2014-12-24,OPTSTK,DIVISLAB,1350.0,CE,0.0,0.0,0.0,406.25,407.0,0,0.0,0
2014-11-10,2014-12-24,OPTSTK,DIVISLAB,1400.0,CE,0.0,0.0,0.0,360.1,359.8,0,0.0,0
2014-11-10,2014-12-24,OPTSTK,DIVISLAB,1450.0,CE,0.0,0.0,0.0,315.5,314.05,0,0.0,0
2014-11-10,2014-12-24,OPTSTK,DIVISLAB,1500.0,CE,0.0,0.0,0.0,273.05,270.4,0,0.0,0
2014-11-10,2014-12-24,OPTSTK,DIVISLAB,1550.0,CE,0.0,0.0,0.0,233.2,229.4,0,0.0,0
2014-11-10,2014-12-24,OPTSTK,DIVISLAB,1600.0,CE,0.0,0.0,0.0,196.45,191.65,0,0.0,0
2014-11-10,2014-12-24,OPTSTK,DIVISLAB,1650.0,CE,0.0,0.0,0.0,163.1,157.4,0,0.0,0
2014-11-10,2014-12-24,OPTSTK,DIVISLAB,1700.0,CE,0.0,0.0,0.0,133.5,127.2,0,0.0,0
2014-11-10,2014-12-24,OPTSTK,DIVISLAB,1750.0,CE,0.0,0.0,0.0,107.7,101.1,0,0.0,0
2014-11-10,2014-12-24,OPTSTK,DIVISLAB,1800.0,CE,0.0,0.0,0.0,85.65,79.0,0,0.0,0
2014-11-10,2014-12-24,OPTSTK,DIVISLAB,1850.0,CE,0.0,0.0,0.0,67.15,60.75,0,0.0,0
2014-11-10,2014-12-24,OPTSTK,DIVISLAB,1900.0,CE,0.0,0.0,0.0,51.9,45.95,0,0.0,0
2014-11-10,2014-12-24,OPTSTK,DIVISLAB,1950.0,CE,0.0,0.0,0.0,39.7,34.25,0,0.0,0
2014-11-10,2014-12-24,OPTSTK,DIVISLAB,2000.0,CE,0.0,0.0,0.0,29.85,25.1,0,0.0,0
2014-11-10,2014-12-24,OPTSTK,DIVISLAB,2050.0,CE,0.0,0.0,0.0,22.25,18.15,0,0.0,0
2014-11-10,2014-12-24,OPTSTK,DIVISLAB,2100.0,CE,0.0,0.0,0.0,16.35,12.95,0,0.0,0
2014-11-10,2014-12-24,OPTSTK,DIVISLAB,2150.0,CE,0.0,0.0,0.0,11.85,9.1,0,0.0,0
2014-11-10,2014-12-24,OPTSTK,DIVISLAB,2200.0,CE,0.0,0.0,0.0,8.55,6.3,0,0.0,0
2014-11-10,2014-12-24,OPTSTK,DIVISLAB,2250.0,CE,0.0,0.0,0.0,6.05,4.35,0,0.0,0
2014-11-10,2014-12-24,OPTSTK,DIVISLAB,1200.0,PE,0.0,0.0,0.0,0.35,0.2,0,0.0,0
2014-11-10,2014-12-24,OPTSTK,DIVISLAB,1250.0,PE,0.0,0.0,0.0,0.8,0.5,0,0.0,0
2014-11-10,2014-12-24,OPTSTK,DIVISLAB,1300.0,PE,0.0,0.0,0.0,1.65,1.15,0,0.0,0
2014-11-10,2014-12-24,OPTSTK,DIVISLAB,1350.0,PE,0.0,0.0,0.0,3.3,2.4,0,0.0,0
2014-11-10,2014-12-24,OPTSTK,DIVISLAB,1400.0,PE,0.0,0.0,0.0,6.05,4.7,0,0.0,0
2014-11-10,2014-12-24,OPTSTK,DIVISLAB,1450.0,PE,0.0,0.0,0.0,10.35,8.45,0,0.0,0
2014-11-10,2014-12-24,OPTSTK,DIVISLAB,1500.0,PE,0.0,0.0,0.0,16.8,14.25,0,0.0,0
2014-11-10,2014-12-24,OPTSTK,DIVISLAB,1550.0,PE,0.0,0.0,0.0,25.85,22.75,0,0.0,0
2014-11-10,2014-12-24,OPTSTK,DIVISLAB,1600.0,PE,0.0,0.0,0.0,38.05,34.45,0,0.0,0
2014-11-10,2014-12-24,OPTSTK,DIVISLAB,1650.0,PE,0.0,0.0,0.0,53.55,49.7,0,0.0,0
2014-11-10,2014-12-24,OPTSTK,DIVISLAB,1700.0,PE,0.0,0.0,0.0,72.9,68.95,0,0.0,0
2014-11-10,2014-12-24,OPTSTK,DIVISLAB,1750.0,PE,0.0,0.0,0.0,96.0,92.35,0,0.0,0
2014-11-10,2014-12-24,OPTSTK,DIVISLAB,1800.0,PE,0.0,0.0,0.0,122.85,119.7,0,0.0,0
2014-11-10,2014-12-24,OPTSTK,DIVISLAB,1850.0,PE,0.0,0.0,0.0,153.25,150.9,0,0.0,0
2014-11-10,2014-12-24,OPTSTK,DIVISLAB,1900.0,PE,0.0,0.0,0.0,186.95,185.6,0,0.0,0
2014-11-10,2014-12-24,OPTSTK,DIVISLAB,1950.0,PE,0.0,0.0,0.0,223.65,223.4,0,0.0,0
2014-11-10,2014-12-24,OPTSTK,DIVISLAB,2000.0,PE,0.0,0.0,0.0,262.7,263.75,0,0.0,0
2014-11-10,2014-12-24,OPTSTK,DIVISLAB,2050.0,PE,0.0,0.0,0.0,304.0,306.25,0,0.0,0
2014-11-10,2014-12-24,OPTSTK,DIVISLAB,2100.0,PE,0.0,0.0,0.0,347.0,350.5,0,0.0,0
2014-11-10,2014-12-24,OPTSTK,DIVISLAB,2150.0,PE,0.0,0.0,0.0,391.45,396.15,0,0.0,0
2014-11-10,2014-12-24,OPTSTK,DIVISLAB,2200.0,PE,0.0,0.0,0.0,437.0,442.85,0,0.0,0
2014-11-10,2014-12-24,OPTSTK,DIVISLAB,2250.0,PE,0.0,0.0,0.0,483.45,490.35,0,0.0,0
2014-11-10,2015-01-29,OPTSTK,DIVISLAB,1200.0,CE,0.0,0.0,0.0,657.25,565.1,0,0.0,0
2014-11-10,2015-01-29,OPTSTK,DIVISLAB,1250.0,CE,0.0,0.0,0.0,608.55,517.55,0,0.0,0
2014-11-10,2015-01-29,OPTSTK,DIVISLAB,1300.0,CE,0.0,0.0,0.0,560.1,470.9,0,0.0,0
2014-11-10,2015-01-29,OPTSTK,DIVISLAB,1350.0,CE,0.0,0.0,0.0,512.1,425.45,0,0.0,0
2014-11-10,2015-01-29,OPTSTK,DIVISLAB,1400.0,CE,0.0,0.0,0.0,464.7,381.5,0,0.0,0
2014-11-10,2015-01-29,OPTSTK,DIVISLAB,1450.0,CE,0.0,0.0,0.0,418.3,339.45,0,0.0,0
2014-11-10,2015-01-29,OPTSTK,DIVISLAB,1500.0,CE,0.0,0.0,0.0,373.2,299.65,0,0.0,0
2014-11-10,2015-01-29,OPTSTK,DIVISLAB,1550.0,CE,0.0,0.0,0.0,329.85,262.35,0,0.0,0
2014-11-10,2015-01-29,OPTSTK,DIVISLAB,1600.0,CE,0.0,0.0,0.0,288.6,227.7,0,0.0,0
2014-11-10,2015-01-29,OPTSTK,DIVISLAB,1650.0,CE,0.0,0.0,0.0,249.9,196.05,0,0.0,0
2014-11-10,2015-01-29,OPTSTK,DIVISLAB,1700.0,CE,0.0,0.0,0.0,214.1,167.45,0,0.0,0
2014-11-10,2015-01-29,OPTSTK,DIVISLAB,1750.0,CE,0.0,0.0,0.0,181.35,141.85,0,0.0,0
2014-11-10,2015-01-29,OPTSTK,DIVISLAB,1800.0,CE,0.0,0.0,0.0,151.95,119.2,0,0.0,0
2014-11-10,2015-01-29,OPTSTK,DIVISLAB,1850.0,CE,0.0,0.0,0.0,125.95,99.4,0,0.0,0
2014-11-10,2015-01-29,OPTSTK,DIVISLAB,1900.0,CE,0.0,0.0,0.0,103.25,82.25,0,0.0,0
2014-11-10,2015-01-29,OPTSTK,DIVISLAB,1950.0,CE,0.0,0.0,0.0,83.75,67.6,0,0.0,0
2014-11-10,2015-01-29,OPTSTK,DIVISLAB,2000.0,CE,0.0,0.0,0.0,67.2,55.25,0,0.0,0
2014-11-10,2015-01-29,OPTSTK,DIVISLAB,2050.0,CE,0.0,0.0,0.0,53.4,44.8,0,0.0,0
2014-11-10,2015-01-29,OPTSTK,DIVISLAB,2100.0,CE,0.0,0.0,0.0,42.15,36.1,0,0.0,0
2014-11-10,2015-01-29,OPTSTK,DIVISLAB,2150.0,CE,0.0,0.0,0.0,32.8,28.9,0,0.0,0
2014-11-10,2015-01-29,OPTSTK,DIVISLAB,2200.0,CE,0.0,0.0,0.0,25.3,23.0,0,0.0,0
2014-11-10,2015-01-29,OPTSTK,DIVISLAB,2250.0,CE,0.0,0.0,0.0,19.4,18.25,0,0.0,0
2014-11-10,2015-01-29,OPTSTK,DIVISLAB,1200.0,PE,0.0,0.0,0.0,0.2,1.9,0,0.0,0
2014-11-10,2015-01-29,OPTSTK,DIVISLAB,1250.0,PE,0.0,0.0,0.0,0.45,3.4,0,0.0,0
2014-11-10,2015-01-29,OPTSTK,DIVISLAB,1300.0,PE,0.0,0.0,0.0,0.9,5.8,0,0.0,0
2014-11-10,2015-01-29,OPTSTK,DIVISLAB,1350.0,PE,0.0,0.0,0.0,1.8,9.4,0,0.0,0
2014-11-10,2015-01-29,OPTSTK,DIVISLAB,1400.0,PE,0.0,0.0,0.0,3.35,14.5,0,0.0,0
2014-11-10,2015-01-29,OPTSTK,DIVISLAB,1450.0,PE,0.0,0.0,0.0,5.85,21.55,0,0.0,0
2014-11-10,2015-01-29,OPTSTK,DIVISLAB,1500.0,PE,0.0,0.0,0.0,9.7,30.75,0,0.0,0
2014-11-10,2015-01-29,OPTSTK,DIVISLAB,1550.0,PE,0.0,0.0,0.0,15.25,42.55,0,0.0,0
2014-11-10,2015-01-29,OPTSTK,DIVISLAB,1600.0,PE,0.0,0.0,0.0,22.9,56.9,0,0.0,0
2014-11-10,2015-01-29,OPTSTK,DIVISLAB,1650.0,PE,0.0,0.0,0.0,33.15,74.35,0,0.0,0
2014-11-10,2015-01-29,OPTSTK,DIVISLAB,1700.0,PE,0.0,0.0,0.0,46.25,94.75,0,0.0,0
2014-11-10,2015-01-29,OPTSTK,DIVISLAB,1750.0,PE,0.0,0.0,0.0,62.45,118.2,0,0.0,0
2014-11-10,2015-01-29,OPTSTK,DIVISLAB,1800.0,PE,0.0,0.0,0.0,82.0,144.65,0,0.0,0
2014-11-10,2015-01-29,OPTSTK,DIVISLAB,1850.0,PE,0.0,0.0,0.0,104.9,173.9,0,0.0,0
2014-11-10,2015-01-29,OPTSTK,DIVISLAB,1900.0,PE,0.0,0.0,0.0,131.1,205.8,0,0.0,0
2014-11-10,2015-01-29,OPTSTK,DIVISLAB,1950.0,PE,0.0,0.0,0.0,160.5,240.2,0,0.0,0
2014-11-10,2015-01-29,OPTSTK,DIVISLAB,2000.0,PE,0.0,0.0,0.0,192.9,276.9,0,0.0,0
2014-11-10,2015-01-29,OPTSTK,DIVISLAB,2050.0,PE,0.0,0.0,0.0,228.0,315.5,0,0.0,0
2014-11-10,2015-01-29,OPTSTK,DIVISLAB,2100.0,PE,0.0,0.0,0.0,265.65,355.85,0,0.0,0
2014-11-10,2015-01-29,OPTSTK,DIVISLAB,2150.0,PE,0.0,0.0,0.0,305.25,397.7,0,0.0,0
2014-11-10,2015-01-29,OPTSTK,DIVISLAB,2200.0,PE,0.0,0.0,0.0,346.7,440.85,0,0.0,0
2014-11-10,2015-01-29,OPTSTK,DIVISLAB,2250.0,PE,0.0,0.0,0.0,389.7,485.15,0,0.0,0
2014-11-10,2014-11-27,OPTSTK,DLF,70.0,CE,0.0,0.0,0.0,98.95,66.2,0,0.0,0
2014-11-10,2014-11-27,OPTSTK,DLF,75.0,CE,0.0,0.0,0.0,67.6,61.25,0,0.0,0
2014-11-10,2014-11-27,OPTSTK,DLF,80.0,CE,0.0,0.0,0.0,99.05,56.4,0,0.0,0
2014-11-10,2014-11-27,OPTSTK,DLF,85.0,CE,0.0,0.0,0.0,72.0,51.6,0,0.0,0
2014-11-10,2014-11-27,OPTSTK,DLF,90.0,CE,0.0,0.0,0.0,24.0,46.95,0,0.0,2000
2014-11-10,2014-11-27,OPTSTK,DLF,95.0,CE,0.0,0.0,0.0,62.3,42.4,0,0.0,0
2014-11-10,2014-11-27,OPTSTK,DLF,100.0,CE,0.0,0.0,0.0,29.1,38.05,0,0.0,18000
2014-11-10,2014-11-27,OPTSTK,DLF,105.0,CE,0.0,0.0,0.0,27.0,33.95,0,0.0,20000
2014-11-10,2014-11-27,OPTSTK,DLF,110.0,CE,27.25,27.5,27.0,27.0,27.0,5,13.73,264000
2014-11-10,2014-11-27,OPTSTK,DLF,115.0,CE,21.35,23.4,21.35,22.3,22.3,9,24.68,142000
2014-11-10,2014-11-27,OPTSTK,DLF,120.0,CE,17.15,19.5,16.5,18.4,18.4,86,238.27,894000
2014-11-10,2014-11-27,OPTSTK,DLF,125.0,CE,13.05,15.45,12.4,14.15,14.15,42,116.71,598000
2014-11-10,2014-11-27,OPTSTK,DLF,130.0,CE,10.25,11.8,8.6,10.7,10.7,493,1384.91,1236000
2014-11-10,2014-11-27,OPTSTK,DLF,135.0,CE,6.65,8.85,6.5,7.6,7.6,502,1432.37,430000
2014-11-10,2014-11-27,OPTSTK,DLF,140.0,CE,4.35,6.25,4.3,5.3,5.3,1253,3644.84,1990000
2014-11-10,2014-11-27,OPTSTK,DLF,145.0,CE,3.25,4.25,2.95,3.45,3.45,206,612.46,440000
2014-11-10,2014-11-27,OPTSTK,DLF,150.0,CE,2.1,2.85,1.95,2.25,2.25,592,1804.33,1300000
2014-11-10,2014-11-27,OPTSTK,DLF,155.0,CE,1.35,1.8,1.3,1.45,1.45,66,206.64,102000
2014-11-10,2014-11-27,OPTSTK,DLF,160.0,CE,1.05,1.2,0.85,0.95,0.95,282,908.22,570000
2014-11-10,2014-11-27,OPTSTK,DLF,165.0,CE,0.75,0.8,0.6,0.65,0.65,21,69.59,54000
2014-11-10,2014-11-27,OPTSTK,DLF,170.0,CE,0.5,0.55,0.4,0.45,0.45,99,337.56,218000
2014-11-10,2014-11-27,OPTSTK,DLF,175.0,CE,0.0,0.0,0.0,0.25,3.75,0,0.0,2000
2014-11-10,2014-11-27,OPTSTK,DLF,180.0,CE,0.3,0.3,0.25,0.25,0.25,7,25.23,170000
2014-11-10,2014-11-27,OPTSTK,DLF,185.0,CE,0.0,0.0,0.0,6.9,2.55,0,0.0,0
2014-11-10,2014-11-27,OPTSTK,DLF,190.0,CE,0.0,0.0,0.0,0.2,2.1,0,0.0,10000
2014-11-10,2014-11-27,OPTSTK,DLF,195.0,CE,0.0,0.0,0.0,4.95,1.75,0,0.0,0
2014-11-10,2014-11-27,OPTSTK,DLF,200.0,CE,0.0,0.0,0.0,0.1,1.45,0,0.0,98000
2014-11-10,2014-11-27,OPTSTK,DLF,205.0,CE,0.0,0.0,0.0,3.55,1.2,0,0.0,0
2014-11-10,2014-11-27,OPTSTK,DLF,210.0,CE,0.0,0.0,0.0,0.1,0.95,0,0.0,2000
2014-11-10,2014-11-27,OPTSTK,DLF,215.0,CE,0.0,0.0,0.0,2.5,0.8,0,0.0,0
2014-11-10,2014-11-27,OPTSTK,DLF,220.0,CE,0.0,0.0,0.0,0.1,0.65,0,0.0,12000
2014-11-10,2014-11-27,OPTSTK,DLF,230.0,CE,0.0,0.0,0.0,0.2,0.45,0,0.0,2000
2014-11-10,2014-11-27,OPTSTK,DLF,240.0,CE,0.0,0.0,0.0,3.85,0.3,0,0.0,0
2014-11-10,2014-11-27,OPTSTK,DLF,250.0,CE,0.0,0.0,0.0,2.9,0.2,0,0.0,0
2014-11-10,2014-11-27,OPTSTK,DLF,260.0,CE,0.0,0.0,0.0,2.15,0.15,0,0.0,0
2014-11-10,2014-11-27,OPTSTK,DLF,270.0,CE,0.0,0.0,0.0,1.6,0.1,0,0.0,0
2014-11-10,2014-11-27,OPTSTK,DLF,280.0,CE,0.0,0.0,0.0,1.15,0.05,0,0.0,0
2014-11-10,2014-11-27,OPTSTK,DLF,70.0,PE,0.1,0.1,0.05,0.05,0.05,4,5.6,266000
2014-11-10,2014-11-27,OPTSTK,DLF,75.0,PE,0.0,0.0,0.0,0.2,0.15,0,0.0,46000
2014-11-10,2014-11-27,OPTSTK,DLF,80.0,PE,0.2,0.25,0.2,0.2,0.2,30,48.13,680000
2014-11-10,2014-11-27,OPTSTK,DLF,85.0,PE,0.2,0.2,0.2,0.2,0.2,1,1.7,100000
2014-11-10,2014-11-27,OPTSTK,DLF,90.0,PE,0.55,0.55,0.35,0.35,0.35,107,193.48,610000
2014-11-10,2014-11-27,OPTSTK,DLF,95.0,PE,0.65,0.75,0.5,0.6,0.6,27,51.62,120000
2014-11-10,2014-11-27,OPTSTK,DLF,100.0,PE,0.85,1.0,0.65,0.75,0.75,413,832.68,1892000
2014-11-10,2014-11-27,OPTSTK,DLF,105.0,PE,1.25,1.25,0.9,1.0,1.0,76,161.2,354000
2014-11-10,2014-11-27,OPTSTK,DLF,110.0,PE,1.55,1.75,1.25,1.4,1.4,523,1165.95,1392000
2014-11-10,2014-11-27,OPTSTK,DLF,115.0,PE,2.4,2.4,1.75,1.85,1.85,232,543.05,570000
2014-11-10,2014-11-27,OPTSTK,DLF,120.0,PE,3.1,3.35,2.4,2.55,2.55,599,1470.51,2112000
2014-11-10,2014-11-27,OPTSTK,DLF,125.0,PE,4.55,4.55,3.25,3.45,3.45,282,726.48,946000
2014-11-10,2014-11-27,OPTSTK,DLF,130.0,PE,6.25,6.25,4.5,4.8,4.8,707,1910.84,1008000
2014-11-10,2014-11-27,OPTSTK,DLF,135.0,PE,7.95,8.4,6.4,6.8,6.8,309,877.52,264000
2014-11-10,2014-11-27,OPTSTK,DLF,140.0,PE,10.5,11.25,8.65,9.45,9.45,235,704.28,296000
2014-11-10,2014-11-27,OPTSTK,DLF,145.0,PE,14.35,14.35,12.35,12.5,12.5,5,15.8,30000
2014-11-10,2014-11-27,OPTSTK,DLF,150.0,PE,0.0,0.0,0.0,25.75,22.7,0,0.0,44000
2014-11-10,2014-11-27,OPTSTK,DLF,155.0,PE,0.0,0.0,0.0,31.3,26.25,0,0.0,6000
2014-11-10,2014-11-27,OPTSTK,DLF,160.0,PE,0.0,0.0,0.0,30.0,30.0,0,0.0,88000
2014-11-10,2014-11-27,OPTSTK,DLF,165.0,PE,0.0,0.0,0.0,19.7,33.9,0,0.0,0
2014-11-10,2014-11-27,OPTSTK,DLF,170.0,PE,0.0,0.0,0.0,45.5,38.0,0,0.0,14000
2014-11-10,2014-11-27,OPTSTK,DLF,175.0,PE,0.0,0.0,0.0,50.75,42.2,0,0.0,2000
2014-11-10,2014-11-27,OPTSTK,DLF,180.0,PE,0.0,0.0,0.0,54.7,46.55,0,0.0,138000
2014-11-10,2014-11-27,OPTSTK,DLF,185.0,PE,0.0,0.0,0.0,33.45,51.0,0,0.0,0
2014-11-10,2014-11-27,OPTSTK,DLF,190.0,PE,0.0,0.0,0.0,23.6,55.5,0,0.0,0
2014-11-10,2014-11-27,OPTSTK,DLF,195.0,PE,0.0,0.0,0.0,41.4,60.15,0,0.0,0
2014-11-10,2014-11-27,OPTSTK,DLF,200.0,PE,0.0,0.0,0.0,76.2,64.8,0,0.0,40000
2014-11-10,2014-11-27,OPTSTK,DLF,205.0,PE,0.0,0.0,0.0,49.8,69.5,0,0.0,0
2014-11-10,2014-11-27,OPTSTK,DLF,210.0,PE,0.0,0.0,0.0,37.15,74.3,0,0.0,0
2014-11-10,2014-11-27,OPTSTK,DLF,215.0,PE,0.0,0.0,0.0,58.6,79.1,0,0.0,0
2014-11-10,2014-11-27,OPTSTK,DLF,220.0,PE,0.0,0.0,0.0,95.0,83.95,0,0.0,16000
2014-11-10,2014-11-27,OPTSTK,DLF,230.0,PE,0.0,0.0,0.0,104.0,93.7,0,0.0,10000
2014-11-10,2014-11-27,OPTSTK,DLF,240.0,PE,0.0,0.0,0.0,61.45,103.5,0,0.0,0
2014-11-10,2014-11-27,OPTSTK,DLF,250.0,PE,0.0,0.0,0.0,70.25,113.35,0,0.0,0
2014-11-10,2014-11-27,OPTSTK,DLF,260.0,PE,0.0,0.0,0.0,79.3,123.25,0,0.0,0
2014-11-10,2014-11-27,OPTSTK,DLF,270.0,PE,0.0,0.0,0.0,88.55,133.2,0,0.0,0
2014-11-10,2014-11-27,OPTSTK,DLF,280.0,PE,0.0,0.0,0.0,97.9,143.1,0,0.0,0
2014-11-10,2014-12-24,OPTSTK,DLF,70.0,CE,0.0,0.0,0.0,73.05,67.6,0,0.0,0
2014-11-10,2014-12-24,OPTSTK,DLF,75.0,CE,0.0,0.0,0.0,68.2,63.1,0,0.0,0
2014-11-10,2014-12-24,OPTSTK,DLF,80.0,CE,0.0,0.0,0.0,72.7,58.8,0,0.0,0
2014-11-10,2014-12-24,OPTSTK,DLF,85.0,CE,0.0,0.0,0.0,72.7,54.65,0,0.0,0
2014-11-10,2014-12-24,OPTSTK,DLF,90.0,CE,0.0,0.0,0.0,68.0,50.7,0,0.0,0
2014-11-10,2014-12-24,OPTSTK,DLF,95.0,CE,0.0,0.0,0.0,63.35,46.9,0,0.0,0
2014-11-10,2014-12-24,OPTSTK,DLF,100.0,CE,0.0,0.0,0.0,58.8,43.35,0,0.0,0
2014-11-10,2014-12-24,OPTSTK,DLF,105.0,CE,0.0,0.0,0.0,54.4,39.95,0,0.0,0
2014-11-10,2014-12-24,OPTSTK,DLF,110.0,CE,0.0,0.0,0.0,50.1,36.75,0,0.0,0
2014-11-10,2014-12-24,OPTSTK,DLF,115.0,CE,0.0,0.0,0.0,46.0,33.8,0,0.0,0
2014-11-10,2014-12-24,OPTSTK,DLF,120.0,CE,0.0,0.0,0.0,42.1,31.0,0,0.0,0
2014-11-10,2014-12-24,OPTSTK,DLF,125.0,CE,19.0,19.0,19.0,19.0,19.0,1,2.88,4000
2014-11-10,2014-12-24,OPTSTK,DLF,130.0,CE,0.0,0.0,0.0,34.85,26.0,0,0.0,0
2014-11-10,2014-12-24,OPTSTK,DLF,135.0,CE,0.0,0.0,0.0,31.55,23.8,0,0.0,0
2014-11-10,2014-12-24,OPTSTK,DLF,140.0,CE,0.0,0.0,0.0,28.45,21.75,0,0.0,0
2014-11-10,2014-12-24,OPTSTK,DLF,145.0,CE,8.55,8.55,8.55,8.55,8.55,1,3.07,2000
2014-11-10,2014-12-24,OPTSTK,DLF,150.0,CE,0.0,0.0,0.0,3.85,18.1,0,0.0,20000
2014-11-10,2014-12-24,OPTSTK,DLF,155.0,CE,0.0,0.0,0.0,20.5,16.5,0,0.0,0
2014-11-10,2014-12-24,OPTSTK,DLF,160.0,CE,0.0,0.0,0.0,4.4,15.05,0,0.0,10000
2014-11-10,2014-12-24,OPTSTK,DLF,165.0,CE,0.0,0.0,0.0,16.3,13.7,0,0.0,0
2014-11-10,2014-12-24,OPTSTK,DLF,170.0,CE,0.0,0.0,0.0,3.85,12.5,0,0.0,14000
2014-11-10,2014-12-24,OPTSTK,DLF,175.0,CE,0.5,0.5,0.45,0.45,0.45,25,87.72,0
2014-11-10,2014-12-24,OPTSTK,DLF,180.0,CE,2.8,2.8,2.7,2.8,2.8,3,10.96,6000
2014-11-10,2014-12-24,OPTSTK,DLF,185.0,CE,0.0,0.0,0.0,10.0,9.4,0,0.0,0
2014-11-10,2014-12-24,OPTSTK,DLF,190.0,CE,0.0,0.0,0.0,8.8,8.55,0,0.0,0
2014-11-10,2014-12-24,OPTSTK,DLF,195.0,CE,0.0,0.0,0.0,7.75,7.8,0,0.0,0
2014-11-10,2014-12-24,OPTSTK,DLF,200.0,CE,0.0,0.0,0.0,6.8,7.1,0,0.0,0
2014-11-10,2014-12-24,OPTSTK,DLF,205.0,CE,0.0,0.0,0.0,5.95,6.45,0,0.0,0
2014-11-10,2014-12-24,OPTSTK,DLF,210.0,CE,0.0,0.0,0.0,5.25,5.85,0,0.0,0
2014-11-10,2014-12-24,OPTSTK,DLF,215.0,CE,0.0,0.0,0.0,4.55,5.35,0,0.0,0
2014-11-10,2014-12-24,OPTSTK,DLF,220.0,CE,0.0,0.0,0.0,4.0,4.85,0,0.0,0
2014-11-10,2014-12-24,OPTSTK,DLF,225.0,CE,0.0,0.0,0.0,3.5,4.4,0,0.0,0
2014-11-10,2014-12-24,OPTSTK,DLF,70.0,PE,0.5,0.5,0.5,0.5,0.5,1,1.41,12000
2014-11-10,2014-12-24,OPTSTK,DLF,75.0,PE,0.0,0.0,0.0,0.65,1.5,0,0.0,0
2014-11-10,2014-12-24,OPTSTK,DLF,80.0,PE,0.0,0.0,0.0,1.05,2.1,0,0.0,4000
2014-11-10,2014-12-24,OPTSTK,DLF,85.0,PE,0.0,0.0,0.0,1.05,2.9,0,0.0,2000
2014-11-10,2014-12-24,OPTSTK,DLF,90.0,PE,0.0,0.0,0.0,1.25,3.9,0,0.0,8000
2014-11-10,2014-12-24,OPTSTK,DLF,95.0,PE,0.0,0.0,0.0,0.65,5.05,0,0.0,0
2014-11-10,2014-12-24,OPTSTK,DLF,100.0,PE,3.85,3.85,1.25,1.25,1.25,51,105.87,100000
2014-11-10,2014-12-24,OPTSTK,DLF,105.0,PE,0.0,0.0,0.0,1.5,8.0,0,0.0,0
2014-11-10,2014-12-24,OPTSTK,DLF,110.0,PE,0.0,0.0,0.0,2.1,9.75,0,0.0,0
2014-11-10,2014-12-24,OPTSTK,DLF,115.0,PE,0.0,0.0,0.0,2.9,11.75,0,0.0,0
2014-11-10,2014-12-24,OPTSTK,DLF,120.0,PE,0.0,0.0,0.0,8.0,13.9,0,0.0,2000
2014-11-10,2014-12-24,OPTSTK,DLF,125.0,PE,0.0,0.0,0.0,5.05,16.25,0,0.0,0
2014-11-10,2014-12-24,OPTSTK,DLF,130.0,PE,0.0,0.0,0.0,6.4,18.8,0,0.0,0
2014-11-10,2014-12-24,OPTSTK,DLF,135.0,PE,0.0,0.0,0.0,8.0,21.55,0,0.0,0
2014-11-10,2014-12-24,OPTSTK,DLF,140.0,PE,0.0,0.0,0.0,9.8,24.45,0,0.0,0
2014-11-10,2014-12-24,OPTSTK,DLF,145.0,PE,0.0,0.0,0.0,11.8,27.5,0,0.0,0
2014-11-10,2014-12-24,OPTSTK,DLF,150.0,PE,0.0,0.0,0.0,14.05,30.7,0,0.0,0
2014-11-10,2014-12-24,OPTSTK,DLF,155.0,PE,0.0,0.0,0.0,16.55,34.05,0,0.0,0
2014-11-10,2014-12-24,OPTSTK,DLF,160.0,PE,0.0,0.0,0.0,19.2,37.55,0,0.0,0
2014-11-10,2014-12-24,OPTSTK,DLF,165.0,PE,0.0,0.0,0.0,22.1,41.15,0,0.0,0
2014-11-10,2014-12-24,OPTSTK,DLF,170.0,PE,0.0,0.0,0.0,25.15,44.85,0,0.0,0
2014-11-10,2014-12-24,OPTSTK,DLF,175.0,PE,0.0,0.0,0.0,28.4,48.7,0,0.0,0
2014-11-10,2014-12-24,OPTSTK,DLF,180.0,PE,0.0,0.0,0.0,31.8,52.6,0,0.0,0
2014-11-10,2014-12-24,OPTSTK,DLF,185.0,PE,0.0,0.0,0.0,35.35,56.65,0,0.0,0
2014-11-10,2014-12-24,OPTSTK,DLF,190.0,PE,0.0,0.0,0.0,39.05,60.75,0,0.0,0
2014-11-10,2014-12-24,OPTSTK,DLF,195.0,PE,0.0,0.0,0.0,42.9,64.9,0,0.0,0
2014-11-10,2014-12-24,OPTSTK,DLF,200.0,PE,0.0,0.0,0.0,46.85,69.15,0,0.0,0
2014-11-10,2014-12-24,OPTSTK,DLF,205.0,PE,0.0,0.0,0.0,50.9,73.45,0,0.0,0
2014-11-10,2014-12-24,OPTSTK,DLF,210.0,PE,0.0,0.0,0.0,55.05,77.8,0,0.0,0
2014-11-10,2014-12-24,OPTSTK,DLF,215.0,PE,0.0,0.0,0.0,59.3,82.25,0,0.0,0
2014-11-10,2014-12-24,OPTSTK,DLF,220.0,PE,0.0,0.0,0.0,63.6,86.7,0,0.0,0
2014-11-10,2014-12-24,OPTSTK,DLF,225.0,PE,0.0,0.0,0.0,68.0,91.2,0,0.0,0
2014-11-10,2015-01-29,OPTSTK,DLF,70.0,CE,0.0,0.0,0.0,62.3,70.25,0,0.0,0
2014-11-10,2015-01-29,OPTSTK,DLF,75.0,CE,0.0,0.0,0.0,58.95,66.35,0,0.0,0
2014-11-10,2015-01-29,OPTSTK,DLF,80.0,CE,0.0,0.0,0.0,55.8,62.6,0,0.0,0
2014-11-10,2015-01-29,OPTSTK,DLF,85.0,CE,0.0,0.0,0.0,52.8,59.0,0,0.0,0
2014-11-10,2015-01-29,OPTSTK,DLF,90.0,CE,0.0,0.0,0.0,50.0,55.55,0,0.0,0
2014-11-10,2015-01-29,OPTSTK,DLF,95.0,CE,0.0,0.0,0.0,47.3,52.3,0,0.0,0
2014-11-10,2015-01-29,OPTSTK,DLF,100.0,CE,0.0,0.0,0.0,44.8,49.25,0,0.0,0
2014-11-10,2015-01-29,OPTSTK,DLF,105.0,CE,0.0,0.0,0.0,42.4,46.3,0,0.0,0
2014-11-10,2015-01-29,OPTSTK,DLF,110.0,CE,0.0,0.0,0.0,40.15,43.55,0,0.0,0
2014-11-10,2015-01-29,OPTSTK,DLF,115.0,CE,0.0,0.0,0.0,38.05,40.95,0,0.0,0
2014-11-10,2015-01-29,OPTSTK,DLF,120.0,CE,0.0,0.0,0.0,36.05,38.5,0,0.0,0
2014-11-10,2015-01-29,OPTSTK,DLF,125.0,CE,0.0,0.0,0.0,34.15,36.2,0,0.0,0
2014-11-10,2015-01-29,OPTSTK,DLF,130.0,CE,0.0,0.0,0.0,32.4,34.0,0,0.0,0
2014-11-10,2015-01-29,OPTSTK,DLF,135.0,CE,0.0,0.0,0.0,30.7,31.95,0,0.0,0
2014-11-10,2015-01-29,OPTSTK,DLF,140.0,CE,0.0,0.0,0.0,29.15,30.05,0,0.0,0
2014-11-10,2015-01-29,OPTSTK,DLF,145.0,CE,0.0,0.0,0.0,27.65,28.2,0,0.0,0
2014-11-10,2015-01-29,OPTSTK,DLF,150.0,CE,0.0,0.0,0.0,26.25,26.5,0,0.0,0
2014-11-10,2015-01-29,OPTSTK,DLF,155.0,CE,0.0,0.0,0.0,24.95,24.95,0,0.0,0
2014-11-10,2015-01-29,OPTSTK,DLF,160.0,CE,0.0,0.0,0.0,23.7,23.45,0,0.0,0
2014-11-10,2015-01-29,OPTSTK,DLF,165.0,CE,0.0,0.0,0.0,22.5,22.05,0,0.0,0
2014-11-10,2015-01-29,OPTSTK,DLF,170.0,CE,0.0,0.0,0.0,21.4,20.7,0,0.0,0
2014-11-10,2015-01-29,OPTSTK,DLF,175.0,CE,0.0,0.0,0.0,20.35,19.5,0,0.0,0
2014-11-10,2015-01-29,OPTSTK,DLF,180.0,CE,0.0,0.0,0.0,19.35,18.35,0,0.0,0
2014-11-10,2015-01-29,OPTSTK,DLF,185.0,CE,0.0,0.0,0.0,18.4,17.25,0,0.0,0
2014-11-10,2015-01-29,OPTSTK,DLF,190.0,CE,0.0,0.0,0.0,17.55,16.25,0,0.0,0
2014-11-10,2015-01-29,OPTSTK,DLF,195.0,CE,0.0,0.0,0.0,16.7,15.3,0,0.0,0
2014-11-10,2015-01-29,OPTSTK,DLF,70.0,PE,0.0,0.0,0.0,6.6,3.1,0,0.0,0
2014-11-10,2015-01-29,OPTSTK,DLF,75.0,PE,0.0,0.0,0.0,8.2,4.05,0,0.0,0
2014-11-10,2015-01-29,OPTSTK,DLF,80.0,PE,0.0,0.0,0.0,9.9,5.2,0,0.0,0
2014-11-10,2015-01-29,OPTSTK,DLF,85.0,PE,0.0,0.0,0.0,11.8,6.55,0,0.0,0
2014-11-10,2015-01-29,OPTSTK,DLF,90.0,PE,0.0,0.0,0.0,13.9,8.0,0,0.0,0
2014-11-10,2015-01-29,OPTSTK,DLF,95.0,PE,0.0,0.0,0.0,16.1,9.65,0,0.0,0
2014-11-10,2015-01-29,OPTSTK,DLF,100.0,PE,0.0,0.0,0.0,18.5,11.5,0,0.0,0
2014-11-10,2015-01-29,OPTSTK,DLF,105.0,PE,0.0,0.0,0.0,21.0,13.45,0,0.0,0
2014-11-10,2015-01-29,OPTSTK,DLF,110.0,PE,0.0,0.0,0.0,23.65,15.6,0,0.0,0
2014-11-10,2015-01-29,OPTSTK,DLF,115.0,PE,0.0,0.0,0.0,26.4,17.9,0,0.0,0
2014-11-10,2015-01-29,OPTSTK,DLF,120.0,PE,0.0,0.0,0.0,29.3,20.35,0,0.0,0
2014-11-10,2015-01-29,OPTSTK,DLF,125.0,PE,0.0,0.0,0.0,32.3,22.95,0,0.0,0
2014-11-10,2015-01-29,OPTSTK,DLF,130.0,PE,0.0,0.0,0.0,35.45,25.7,0,0.0,0
2014-11-10,2015-01-29,OPTSTK,DLF,135.0,PE,0.0,0.0,0.0,38.65,28.55,0,0.0,0
2014-11-10,2015-01-29,OPTSTK,DLF,140.0,PE,0.0,0.0,0.0,41.95,31.55,0,0.0,0
2014-11-10,2015-01-29,OPTSTK,DLF,145.0,PE,0.0,0.0,0.0,45.35,34.6,0,0.0,0
2014-11-10,2015-01-29,OPTSTK,DLF,150.0,PE,0.0,0.0,0.0,48.85,37.85,0,0.0,0
2014-11-10,2015-01-29,OPTSTK,DLF,155.0,PE,0.0,0.0,0.0,52.45,41.15,0,0.0,0
2014-11-10,2015-01-29,OPTSTK,DLF,160.0,PE,0.0,0.0,0.0,56.1,44.55,0,0.0,0
2014-11-10,2015-01-29,OPTSTK,DLF,165.0,PE,0.0,0.0,0.0,59.8,48.05,0,0.0,0
2014-11-10,2015-01-29,OPTSTK,DLF,170.0,PE,0.0,0.0,0.0,63.6,51.65,0,0.0,0
2014-11-10,2015-01-29,OPTSTK,DLF,175.0,PE,0.0,0.0,0.0,67.4,55.35,0,0.0,0
2014-11-10,2015-01-29,OPTSTK,DLF,180.0,PE,0.0,0.0,0.0,71.3,59.1,0,0.0,0
2014-11-10,2015-01-29,OPTSTK,DLF,185.0,PE,0.0,0.0,0.0,75.3,62.9,0,0.0,0
2014-11-10,2015-01-29,OPTSTK,DLF,190.0,PE,0.0,0.0,0.0,79.3,66.8,0,0.0,0
2014-11-10,2015-01-29,OPTSTK,DLF,195.0,PE,0.0,0.0,0.0,83.35,70.75,0,0.0,0
2014-11-10,2014-11-27,OPTSTK,DRREDDY,1950.0,CE,0.0,0.0,0.0,1039.35,1499.95,0,0.0,0
2014-11-10,2014-11-27,OPTSTK,DRREDDY,2000.0,CE,0.0,0.0,0.0,990.45,1450.15,0,0.0,0
2014-11-10,2014-11-27,OPTSTK,DRREDDY,2050.0,CE,0.0,0.0,0.0,941.55,1400.35,0,0.0,0
2014-11-10,2014-11-27,OPTSTK,DRREDDY,2100.0,CE,0.0,0.0,0.0,892.65,1350.55,0,0.0,0
2014-11-10,2014-11-27,OPTSTK,DRREDDY,2150.0,CE,0.0,0.0,0.0,843.85,1300.75,0,0.0,0
2014-11-10,2014-11-27,OPTSTK,DRREDDY,2200.0,CE,0.0,0.0,0.0,795.1,1250.95,0,0.0,0
2014-11-10,2014-11-27,OPTSTK,DRREDDY,2250.0,CE,0.0,0.0,0.0,746.5,1201.15,0,0.0,0
2014-11-10,2014-11-27,OPTSTK,DRREDDY,2300.0,CE,0.0,0.0,0.0,698.1,1151.35,0,0.0,0
2014-11-10,2014-11-27,OPTSTK,DRREDDY,2350.0,CE,0.0,0.0,0.0,650.05,1101.55,0,0.0,0
2014-11-10,2014-11-27,OPTSTK,DRREDDY,2400.0,CE,0.0,0.0,0.0,602.45,1051.75,0,0.0,0
2014-11-10,2014-11-27,OPTSTK,DRREDDY,2450.0,CE,0.0,0.0,0.0,555.5,1001.95,0,0.0,0
2014-11-10,2014-11-27,OPTSTK,DRREDDY,2500.0,CE,0.0,0.0,0.0,509.4,952.15,0,0.0,0
2014-11-10,2014-11-27,OPTSTK,DRREDDY,2550.0,CE,0.0,0.0,0.0,464.35,902.35,0,0.0,0
2014-11-10,2014-11-27,OPTSTK,DRREDDY,2600.0,CE,0.0,0.0,0.0,420.6,852.55,0,0.0,0
2014-11-10,2014-11-27,OPTSTK,DRREDDY,2650.0,CE,0.0,0.0,0.0,378.45,802.75,0,0.0,0
2014-11-10,2014-11-27,OPTSTK,DRREDDY,2700.0,CE,0.0,0.0,0.0,338.15,752.95,0,0.0,0
2014-11-10,2014-11-27,OPTSTK,DRREDDY,2750.0,CE,0.0,0.0,0.0,299.95,703.2,0,0.0,0
2014-11-10,2014-11-27,OPTSTK,DRREDDY,2800.0,CE,0.0,0.0,0.0,264.1,653.55,0,0.0,0
2014-11-10,2014-11-27,OPTSTK,DRREDDY,2850.0,CE,0.0,0.0,0.0,230.6,604.0,0,0.0,0
2014-11-10,2014-11-27,OPTSTK,DRREDDY,2900.0,CE,0.0,0.0,0.0,199.8,554.65,0,0.0,0
2014-11-10,2014-11-27,OPTSTK,DRREDDY,2950.0,CE,0.0,0.0,0.0,171.75,505.65,0,0.0,0
2014-11-10,2014-11-27,OPTSTK,DRREDDY,3000.0,CE,0.0,0.0,0.0,113.8,457.25,0,0.0,250
2014-11-10,2014-11-27,OPTSTK,DRREDDY,3050.0,CE,0.0,0.0,0.0,205.8,409.7,0,0.0,625
2014-11-10,2014-11-27,OPTSTK,DRREDDY,3100.0,CE,0.0,0.0,0.0,298.5,363.35,0,0.0,4125
2014-11-10,2014-11-27,OPTSTK,DRREDDY,3150.0,CE,0.0,0.0,0.0,251.1,318.65,0,0.0,18750
2014-11-10,2014-11-27,OPTSTK,DRREDDY,3200.0,CE,228.0,250.0,228.0,244.65,244.65,4,17.21,6750
2014-11-10,2014-11-27,OPTSTK,DRREDDY,3250.0,CE,210.0,210.0,209.95,210.0,210.0,2,8.64,5625
2014-11-10,2014-11-27,OPTSTK,DRREDDY,3300.0,CE,167.0,181.5,161.0,181.5,181.5,5,21.67,6125
2014-11-10,2014-11-27,OPTSTK,DRREDDY,3350.0,CE,131.75,144.35,117.65,144.35,144.35,26,112.98,4250
2014-11-10,2014-11-27,OPTSTK,DRREDDY,3400.0,CE,109.15,118.3,86.6,108.95,108.95,125,547.23,9875
2014-11-10,2014-11-27,OPTSTK,DRREDDY,3450.0,CE,85.0,85.65,63.25,80.2,80.2,176,775.99,9250
2014-11-10,2014-11-27,OPTSTK,DRREDDY,3500.0,CE,60.3,62.0,45.05,59.65,59.65,235,1044.57,17750
2014-11-10,2014-11-27,OPTSTK,DRREDDY,3550.0,CE,40.0,45.0,31.4,43.0,43.0,34,152.53,6125
2014-11-10,2014-11-27,OPTSTK,DRREDDY,3600.0,CE,30.1,32.1,22.3,28.05,28.05,154,698.38,13875
2014-11-10,2014-11-27,OPTSTK,DRREDDY,3650.0,CE,21.35,21.35,15.8,19.8,19.8,75,343.92,6625
2014-11-10,2014-11-27,OPTSTK,DRREDDY,3700.0,CE,14.0,14.55,10.4,12.7,12.7,83,385.16,12625
2014-11-10,2014-11-27,OPTSTK,DRREDDY,3750.0,CE,8.25,9.15,7.55,7.55,7.55,31,145.63,5000
2014-11-10,2014-11-27,OPTSTK,DRREDDY,3800.0,CE,7.35,7.4,5.0,5.0,5.0,16,76.12,2625
2014-11-10,2014-11-27,OPTSTK,DRREDDY,3850.0,CE,0.0,0.0,0.0,3.0,10.1,0,0.0,0
2014-11-10,2014-11-27,OPTSTK,DRREDDY,3900.0,CE,0.0,0.0,0.0,2.25,6.95,0,0.0,0
2014-11-10,2014-11-27,OPTSTK,DRREDDY,1950.0,PE,0.0,0.0,0.0,0.05,0.0,0,0.0,0
2014-11-10,2014-11-27,OPTSTK,DRREDDY,2000.0,PE,0.0,0.0,0.0,0.05,0.0,0,0.0,0
2014-11-10,2014-11-27,OPTSTK,DRREDDY,2050.0,PE,0.0,0.0,0.0,0.05,0.0,0,0.0,0
2014-11-10,2014-11-27,OPTSTK,DRREDDY,2100.0,PE,0.0,0.0,0.0,0.15,0.0,0,0.0,0
2014-11-10,2014-11-27,OPTSTK,DRREDDY,2150.0,PE,0.0,0.0,0.0,0.25,0.0,0,0.0,0
2014-11-10,2014-11-27,OPTSTK,DRREDDY,2200.0,PE,0.0,0.0,0.0,0.45,0.0,0,0.0,0
2014-11-10,2014-11-27,OPTSTK,DRREDDY,2250.0,PE,0.0,0.0,0.0,0.75,0.0,0,0.0,0
2014-11-10,2014-11-27,OPTSTK,DRREDDY,2300.0,PE,0.0,0.0,0.0,1.35,0.0,0,0.0,0
2014-11-10,2014-11-27,OPTSTK,DRREDDY,2350.0,PE,0.0,0.0,0.0,2.2,0.0,0,0.0,0
2014-11-10,2014-11-27,OPTSTK,DRREDDY,2400.0,PE,0.0,0.0,0.0,3.55,0.0,0,0.0,0
2014-11-10,2014-11-27,OPTSTK,DRREDDY,2450.0,PE,0.0,0.0,0.0,5.55,0.0,0,0.0,0
2014-11-10,2014-11-27,OPTSTK,DRREDDY,2500.0,PE,0.0,0.0,0.0,8.35,0.0,0,0.0,0
2014-11-10,2014-11-27,OPTSTK,DRREDDY,2550.0,PE,0.0,0.0,0.0,12.25,0.0,0,0.0,0
2014-11-10,2014-11-27,OPTSTK,DRREDDY,2600.0,PE,0.0,0.0,0.0,17.45,0.05,0,0.0,0
2014-11-10,2014-11-27,OPTSTK,DRREDDY,2650.0,PE,0.0,0.0,0.0,24.25,0.05,0,0.0,0
2014-11-10,2014-11-27,OPTSTK,DRREDDY,2700.0,PE,0.0,0.0,0.0,5.0,0.05,0,0.0,750
2014-11-10,2014-11-27,OPTSTK,DRREDDY,2750.0,PE,0.0,0.0,0.0,43.6,0.1,0,0.0,0
2014-11-10,2014-11-27,OPTSTK,DRREDDY,2800.0,PE,0.0,0.0,0.0,1.8,0.25,0,0.0,3625
2014-11-10,2014-11-27,OPTSTK,DRREDDY,2850.0,PE,0.0,0.0,0.0,2.25,0.5,0,0.0,5375
2014-11-10,2014-11-27,OPTSTK,DRREDDY,2900.0,PE,0.0,0.0,0.0,2.1,0.95,0,0.0,13500
2014-11-10,2014-11-27,OPTSTK,DRREDDY,2950.0,PE,0.0,0.0,0.0,3.05,1.75,0,0.0,7500
2014-11-10,2014-11-27,OPTSTK,DRREDDY,3000.0,PE,2.3,3.6,2.3,3.5,3.5,7,26.27,17875
2014-11-10,2014-11-27,OPTSTK,DRREDDY,3050.0,PE,4.7,6.4,4.7,6.4,6.4,24,91.65,11500
2014-11-10,2014-11-27,OPTSTK,DRREDDY,3100.0,PE,8.7,8.9,6.3,6.8,6.8,29,112.66,20500
2014-11-10,2014-11-27,OPTSTK,DRREDDY,3150.0,PE,11.7,11.95,9.15,9.95,9.95,9,35.55,16125
2014-11-10,2014-11-27,OPTSTK,DRREDDY,3200.0,PE,18.0,20.0,13.95,14.35,14.35,38,152.76,18000
2014-11-10,2014-11-27,OPTSTK,DRREDDY,3250.0,PE,23.0,28.45,19.35,20.5,20.5,74,302.82,11250
2014-11-10,2014-11-27,OPTSTK,DRREDDY,3300.0,PE,34.5,41.65,26.25,29.45,29.45,192,800.35,26750
2014-11-10,2014-11-27,OPTSTK,DRREDDY,3350.0,PE,43.95,58.75,40.75,44.0,44.0,59,250.9,16500
2014-11-10,2014-11-27,OPTSTK,DRREDDY,3400.0,PE,60.85,80.5,57.0,59.75,59.75,170,736.97,14375
2014-11-10,2014-11-27,OPTSTK,DRREDDY,3450.0,PE,79.35,100.85,79.35,81.4,81.4,31,137.02,2500
2014-11-10,2014-11-27,OPTSTK,DRREDDY,3500.0,PE,0.0,0.0,0.0,496.9,129.35,0,0.0,0
2014-11-10,2014-11-27,OPTSTK,DRREDDY,3550.0,PE,0.0,0.0,0.0,541.65,160.05,0,0.0,0
2014-11-10,2014-11-27,OPTSTK,DRREDDY,3600.0,PE,0.0,0.0,0.0,587.25,194.15,0,0.0,0
2014-11-10,2014-11-27,OPTSTK,DRREDDY,3650.0,PE,0.0,0.0,0.0,633.55,231.3,0,0.0,0
2014-11-10,2014-11-27,OPTSTK,DRREDDY,3700.0,PE,0.0,0.0,0.0,680.35,271.15,0,0.0,0
2014-11-10,2014-11-27,OPTSTK,DRREDDY,3750.0,PE,0.0,0.0,0.0,727.65,313.2,0,0.0,0
2014-11-10,2014-11-27,OPTSTK,DRREDDY,3800.0,PE,0.0,0.0,0.0,775.3,357.15,0,0.0,0
2014-11-10,2014-11-27,OPTSTK,DRREDDY,3850.0,PE,0.0,0.0,0.0,823.3,402.65,0,0.0,0
2014-11-10,2014-11-27,OPTSTK,DRREDDY,3900.0,PE,0.0,0.0,0.0,871.45,449.3,0,0.0,0
2014-11-10,2014-12-24,OPTSTK,DRREDDY,2300.0,CE,0.0,0.0,0.0,1060.75,1166.4,0,0.0,0
2014-11-10,2014-12-24,OPTSTK,DRREDDY,2350.0,CE,0.0,0.0,0.0,1011.95,1116.95,0,0.0,0
2014-11-10,2014-12-24,OPTSTK,DRREDDY,2400.0,CE,0.0,0.0,0.0,963.25,1067.55,0,0.0,0
2014-11-10,2014-12-24,OPTSTK,DRREDDY,2450.0,CE,0.0,0.0,0.0,914.65,1018.15,0,0.0,0
2014-11-10,2014-12-24,OPTSTK,DRREDDY,2500.0,CE,0.0,0.0,0.0,866.25,968.85,0,0.0,0
2014-11-10,2014-12-24,OPTSTK,DRREDDY,2550.0,CE,0.0,0.0,0.0,818.1,919.65,0,0.0,0
2014-11-10,2014-12-24,OPTSTK,DRREDDY,2600.0,CE,0.0,0.0,0.0,770.25,870.6,0,0.0,0
2014-11-10,2014-12-24,OPTSTK,DRREDDY,2650.0,CE,0.0,0.0,0.0,722.85,821.8,0,0.0,0
2014-11-10,2014-12-24,OPTSTK,DRREDDY,2700.0,CE,0.0,0.0,0.0,676.0,773.3,0,0.0,0
2014-11-10,2014-12-24,OPTSTK,DRREDDY,2750.0,CE,0.0,0.0,0.0,629.85,725.2,0,0.0,0
2014-11-10,2014-12-24,OPTSTK,DRREDDY,2800.0,CE,0.0,0.0,0.0,584.55,677.65,0,0.0,0
2014-11-10,2014-12-24,OPTSTK,DRREDDY,2850.0,CE,0.0,0.0,0.0,540.3,630.75,0,0.0,0
2014-11-10,2014-12-24,OPTSTK,DRREDDY,2900.0,CE,0.0,0.0,0.0,497.25,584.7,0,0.0,0
2014-11-10,2014-12-24,OPTSTK,DRREDDY,2950.0,CE,0.0,0.0,0.0,455.55,539.65,0,0.0,0
2014-11-10,2014-12-24,OPTSTK,DRREDDY,3000.0,CE,0.0,0.0,0.0,415.45,495.85,0,0.0,0
2014-11-10,2014-12-24,OPTSTK,DRREDDY,3050.0,CE,0.0,0.0,0.0,377.05,453.4,0,0.0,0
2014-11-10,2014-12-24,OPTSTK,DRREDDY,3100.0,CE,0.0,0.0,0.0,340.6,412.55,0,0.0,0
2014-11-10,2014-12-24,OPTSTK,DRREDDY,3150.0,CE,0.0,0.0,0.0,305.85,373.45,0,0.0,0
2014-11-10,2014-12-24,OPTSTK,DRREDDY,3200.0,CE,0.0,0.0,0.0,273.45,336.4,0,0.0,0
2014-11-10,2014-12-24,OPTSTK,DRREDDY,3250.0,CE,0.0,0.0,0.0,243.15,301.1,0,0.0,0
2014-11-10,2014-12-24,OPTSTK,DRREDDY,3300.0,CE,0.0,0.0,0.0,215.15,268.2,0,0.0,0
2014-11-10,2014-12-24,OPTSTK,DRREDDY,3350.0,CE,0.0,0.0,0.0,189.35,237.55,0,0.0,0
2014-11-10,2014-12-24,OPTSTK,DRREDDY,3400.0,CE,0.0,0.0,0.0,165.75,209.2,0,0.0,0
2014-11-10,2014-12-24,OPTSTK,DRREDDY,3450.0,CE,0.0,0.0,0.0,144.35,183.2,0,0.0,0
2014-11-10,2014-12-24,OPTSTK,DRREDDY,3500.0,CE,0.0,0.0,0.0,125.05,159.5,0,0.0,0
2014-11-10,2014-12-24,OPTSTK,DRREDDY,3550.0,CE,0.0,0.0,0.0,107.75,138.05,0,0.0,0
2014-11-10,2014-12-24,OPTSTK,DRREDDY,3600.0,CE,61.05,61.05,61.05,61.05,61.05,1,4.57,125
2014-11-10,2014-12-24,OPTSTK,DRREDDY,3650.0,CE,0.0,0.0,0.0,78.8,101.7,0,0.0,0
2014-11-10,2014-12-24,OPTSTK,DRREDDY,3700.0,CE,0.0,0.0,0.0,67.05,86.55,0,0.0,0
2014-11-10,2014-12-24,OPTSTK,DRREDDY,3750.0,CE,0.0,0.0,0.0,56.55,73.4,0,0.0,0
2014-11-10,2014-12-24,OPTSTK,DRREDDY,3800.0,CE,0.0,0.0,0.0,47.55,61.85,0,0.0,0
2014-11-10,2014-12-24,OPTSTK,DRREDDY,3850.0,CE,0.0,0.0,0.0,39.8,51.7,0,0.0,0
2014-11-10,2014-12-24,OPTSTK,DRREDDY,3900.0,CE,0.0,0.0,0.0,33.15,43.05,0,0.0,0
2014-11-10,2014-12-24,OPTSTK,DRREDDY,2300.0,PE,0.0,0.0,0.0,0.2,0.05,0,0.0,0
2014-11-10,2014-12-24,OPTSTK,DRREDDY,2350.0,PE,0.0,0.0,0.0,0.3,0.1,0,0.0,0
2014-11-10,2014-12-24,OPTSTK,DRREDDY,2400.0,PE,0.0,0.0,0.0,0.5,0.15,0,0.0,0
2014-11-10,2014-12-24,OPTSTK,DRREDDY,2450.0,PE,0.0,0.0,0.0,0.85,0.25,0,0.0,0
2014-11-10,2014-12-24,OPTSTK,DRREDDY,2500.0,PE,0.0,0.0,0.0,1.35,0.45,0,0.0,0
2014-11-10,2014-12-24,OPTSTK,DRREDDY,2550.0,PE,0.0,0.0,0.0,2.1,0.7,0,0.0,0
2014-11-10,2014-12-24,OPTSTK,DRREDDY,2600.0,PE,0.0,0.0,0.0,3.15,1.15,0,0.0,0
2014-11-10,2014-12-24,OPTSTK,DRREDDY,2650.0,PE,0.0,0.0,0.0,4.65,1.8,0,0.0,0
2014-11-10,2014-12-24,OPTSTK,DRREDDY,2700.0,PE,0.0,0.0,0.0,6.75,2.75,0,0.0,0
2014-11-10,2014-12-24,OPTSTK,DRREDDY,2750.0,PE,0.0,0.0,0.0,9.5,4.15,0,0.0,0
2014-11-10,2014-12-24,OPTSTK,DRREDDY,2800.0,PE,0.0,0.0,0.0,13.1,6.05,0,0.0,0
2014-11-10,2014-12-24,OPTSTK,DRREDDY,2850.0,PE,0.0,0.0,0.0,17.75,8.65,0,0.0,0
2014-11-10,2014-12-24,OPTSTK,DRREDDY,2900.0,PE,0.0,0.0,0.0,23.6,12.1,0,0.0,0
2014-11-10,2014-12-24,OPTSTK,DRREDDY,2950.0,PE,0.0,0.0,0.0,30.85,16.55,0,0.0,0
2014-11-10,2014-12-24,OPTSTK,DRREDDY,3000.0,PE,0.0,0.0,0.0,39.65,22.2,0,0.0,0
2014-11-10,2014-12-24,OPTSTK,DRREDDY,3050.0,PE,0.0,0.0,0.0,50.15,29.25,0,0.0,0
2014-11-10,2014-12-24,OPTSTK,DRREDDY,3100.0,PE,0.0,0.0,0.0,62.6,37.85,0,0.0,0
2014-11-10,2014-12-24,OPTSTK,DRREDDY,3150.0,PE,0.0,0.0,0.0,76.8,48.25,0,0.0,0
2014-11-10,2014-12-24,OPTSTK,DRREDDY,3200.0,PE,0.0,0.0,0.0,93.25,60.65,0,0.0,0
2014-11-10,2014-12-24,OPTSTK,DRREDDY,3250.0,PE,0.0,0.0,0.0,111.9,74.85,0,0.0,0
2014-11-10,2014-12-24,OPTSTK,DRREDDY,3300.0,PE,0.0,0.0,0.0,128.5,91.4,0,0.0,250
2014-11-10,2014-12-24,OPTSTK,DRREDDY,3350.0,PE,0.0,0.0,0.0,90.0,110.2,0,0.0,1125
2014-11-10,2014-12-24,OPTSTK,DRREDDY,3400.0,PE,107.55,112.1,96.65,100.0,100.0,11,48.16,1500
2014-11-10,2014-12-24,OPTSTK,DRREDDY,3450.0,PE,0.0,0.0,0.0,208.7,154.85,0,0.0,0
2014-11-10,2014-12-24,OPTSTK,DRREDDY,3500.0,PE,0.0,0.0,0.0,238.3,180.6,0,0.0,0
2014-11-10,2014-12-24,OPTSTK,DRREDDY,3550.0,PE,0.0,0.0,0.0,269.95,208.65,0,0.0,0
2014-11-10,2014-12-24,OPTSTK,DRREDDY,3600.0,PE,0.0,0.0,0.0,303.5,238.9,0,0.0,0
2014-11-10,2014-12-24,OPTSTK,DRREDDY,3650.0,PE,0.0,0.0,0.0,338.8,271.25,0,0.0,0
2014-11-10,2014-12-24,OPTSTK,DRREDDY,3700.0,PE,0.0,0.0,0.0,376.0,305.55,0,0.0,0
2014-11-10,2014-12-24,OPTSTK,DRREDDY,3750.0,PE,0.0,0.0,0.0,414.4,341.9,0,0.0,0
2014-11-10,2014-12-24,OPTSTK,DRREDDY,3800.0,PE,0.0,0.0,0.0,454.3,379.85,0,0.0,0
2014-11-10,2014-12-24,OPTSTK,DRREDDY,3850.0,PE,0.0,0.0,0.0,495.45,419.15,0,0.0,0
2014-11-10,2014-12-24,OPTSTK,DRREDDY,3900.0,PE,0.0,0.0,0.0,537.7,459.95,0,0.0,0
2014-11-10,2015-01-29,OPTSTK,DRREDDY,2300.0,CE,0.0,0.0,0.0,846.7,1186.7,0,0.0,0
2014-11-10,2015-01-29,OPTSTK,DRREDDY,2350.0,CE,0.0,0.0,0.0,798.85,1138.05,0,0.0,0
2014-11-10,2015-01-29,OPTSTK,DRREDDY,2400.0,CE,0.0,0.0,0.0,751.45,1089.6,0,0.0,0
2014-11-10,2015-01-29,OPTSTK,DRREDDY,2450.0,CE,0.0,0.0,0.0,704.6,1041.35,0,0.0,0
2014-11-10,2015-01-29,OPTSTK,DRREDDY,2500.0,CE,0.0,0.0,0.0,658.45,993.35,0,0.0,0
2014-11-10,2015-01-29,OPTSTK,DRREDDY,2550.0,CE,0.0,0.0,0.0,613.15,945.75,0,0.0,0
2014-11-10,2015-01-29,OPTSTK,DRREDDY,2600.0,CE,0.0,0.0,0.0,568.8,898.55,0,0.0,0
2014-11-10,2015-01-29,OPTSTK,DRREDDY,2650.0,CE,0.0,0.0,0.0,525.65,851.9,0,0.0,0
2014-11-10,2015-01-29,OPTSTK,DRREDDY,2700.0,CE,0.0,0.0,0.0,483.8,805.85,0,0.0,0
2014-11-10,2015-01-29,OPTSTK,DRREDDY,2750.0,CE,0.0,0.0,0.0,443.4,760.5,0,0.0,0
2014-11-10,2015-01-29,OPTSTK,DRREDDY,2800.0,CE,0.0,0.0,0.0,404.65,716.0,0,0.0,0
2014-11-10,2015-01-29,OPTSTK,DRREDDY,2850.0,CE,0.0,0.0,0.0,367.8,672.4,0,0.0,0
2014-11-10,2015-01-29,OPTSTK,DRREDDY,2900.0,CE,0.0,0.0,0.0,332.55,629.9,0,0.0,0
2014-11-10,2015-01-29,OPTSTK,DRREDDY,2950.0,CE,0.0,0.0,0.0,299.5,588.5,0,0.0,0
2014-11-10,2015-01-29,OPTSTK,DRREDDY,3000.0,CE,0.0,0.0,0.0,268.5,548.35,0,0.0,0
2014-11-10,2015-01-29,OPTSTK,DRREDDY,3050.0,CE,0.0,0.0,0.0,239.6,509.6,0,0.0,0
2014-11-10,2015-01-29,OPTSTK,DRREDDY,3100.0,CE,0.0,0.0,0.0,212.85,472.35,0,0.0,0
2014-11-10,2015-01-29,OPTSTK,DRREDDY,3150.0,CE,0.0,0.0,0.0,188.2,436.5,0,0.0,0
2014-11-10,2015-01-29,OPTSTK,DRREDDY,3200.0,CE,0.0,0.0,0.0,165.7,402.1,0,0.0,0
2014-11-10,2015-01-29,OPTSTK,DRREDDY,3250.0,CE,0.0,0.0,0.0,145.2,369.55,0,0.0,0
2014-11-10,2015-01-29,OPTSTK,DRREDDY,3300.0,CE,0.0,0.0,0.0,126.65,338.65,0,0.0,0
2014-11-10,2015-01-29,OPTSTK,DRREDDY,3350.0,CE,0.0,0.0,0.0,110.0,309.45,0,0.0,0
2014-11-10,2015-01-29,OPTSTK,DRREDDY,3400.0,CE,0.0,0.0,0.0,95.15,282.0,0,0.0,0
2014-11-10,2015-01-29,OPTSTK,DRREDDY,3450.0,CE,0.0,0.0,0.0,81.95,256.25,0,0.0,0
2014-11-10,2015-01-29,OPTSTK,DRREDDY,3500.0,CE,0.0,0.0,0.0,70.45,232.2,0,0.0,0
2014-11-10,2015-01-29,OPTSTK,DRREDDY,3550.0,CE,0.0,0.0,0.0,60.1,209.85,0,0.0,0
2014-11-10,2015-01-29,OPTSTK,DRREDDY,3600.0,CE,0.0,0.0,0.0,51.1,189.1,0,0.0,0
2014-11-10,2015-01-29,OPTSTK,DRREDDY,3650.0,CE,0.0,0.0,0.0,43.3,170.0,0,0.0,0
2014-11-10,2015-01-29,OPTSTK,DRREDDY,3700.0,CE,0.0,0.0,0.0,36.55,152.4,0,0.0,0
2014-11-10,2015-01-29,OPTSTK,DRREDDY,3750.0,CE,0.0,0.0,0.0,30.75,136.25,0,0.0,0
2014-11-10,2015-01-29,OPTSTK,DRREDDY,3800.0,CE,0.0,0.0,0.0,25.75,121.5,0,0.0,0
2014-11-10,2015-01-29,OPTSTK,DRREDDY,3850.0,CE,0.0,0.0,0.0,21.5,108.05,0,0.0,0
2014-11-10,2015-01-29,OPTSTK,DRREDDY,3900.0,CE,0.0,0.0,0.0,17.9,96.1,0,0.0,0
2014-11-10,2015-01-29,OPTSTK,DRREDDY,2300.0,PE,0.0,0.0,0.0,2.15,0.85,0,0.0,0
2014-11-10,2015-01-29,OPTSTK,DRREDDY,2350.0,PE,0.0,0.0,0.0,3.25,1.25,0,0.0,0
2014-11-10,2015-01-29,OPTSTK,DRREDDY,2400.0,PE,0.0,0.0,0.0,4.8,1.85,0,0.0,0
2014-11-10,2015-01-29,OPTSTK,DRREDDY,2450.0,PE,0.0,0.0,0.0,6.85,2.65,0,0.0,0
2014-11-10,2015-01-29,OPTSTK,DRREDDY,2500.0,PE,0.0,0.0,0.0,9.6,3.75,0,0.0,0
2014-11-10,2015-01-29,OPTSTK,DRREDDY,2550.0,PE,0.0,0.0,0.0,13.2,5.15,0,0.0,0
2014-11-10,2015-01-29,OPTSTK,DRREDDY,2600.0,PE,0.0,0.0,0.0,17.8,7.05,0,0.0,0
2014-11-10,2015-01-29,OPTSTK,DRREDDY,2650.0,PE,0.0,0.0,0.0,23.55,9.4,0,0.0,0
2014-11-10,2015-01-29,OPTSTK,DRREDDY,2700.0,PE,0.0,0.0,0.0,30.6,12.4,0,0.0,0
2014-11-10,2015-01-29,OPTSTK,DRREDDY,2750.0,PE,0.0,0.0,0.0,39.15,16.15,0,0.0,0
2014-11-10,2015-01-29,OPTSTK,DRREDDY,2800.0,PE,0.0,0.0,0.0,49.35,20.7,0,0.0,0
2014-11-10,2015-01-29,OPTSTK,DRREDDY,2850.0,PE,0.0,0.0,0.0,61.4,26.15,0,0.0,0
2014-11-10,2015-01-29,OPTSTK,DRREDDY,2900.0,PE,0.0,0.0,0.0,75.1,32.65,0,0.0,0
2014-11-10,2015-01-29,OPTSTK,DRREDDY,2950.0,PE,0.0,0.0,0.0,90.95,40.35,0,0.0,0
2014-11-10,2015-01-29,OPTSTK,DRREDDY,3000.0,PE,0.0,0.0,0.0,108.85,49.25,0,0.0,0
2014-11-10,2015-01-29,OPTSTK,DRREDDY,3050.0,PE,0.0,0.0,0.0,128.9,59.55,0,0.0,0
2014-11-10,2015-01-29,OPTSTK,DRREDDY,3100.0,PE,0.0,0.0,0.0,151.05,71.35,0,0.0,0
2014-11-10,2015-01-29,OPTSTK,DRREDDY,3150.0,PE,0.0,0.0,0.0,175.35,84.55,0,0.0,0
2014-11-10,2015-01-29,OPTSTK,DRREDDY,3200.0,PE,0.0,0.0,0.0,201.75,99.2,0,0.0,0
2014-11-10,2015-01-29,OPTSTK,DRREDDY,3250.0,PE,0.0,0.0,0.0,230.15,115.7,0,0.0,0
2014-11-10,2015-01-29,OPTSTK,DRREDDY,3300.0,PE,0.0,0.0,0.0,260.55,133.85,0,0.0,0
2014-11-10,2015-01-29,OPTSTK,DRREDDY,3350.0,PE,0.0,0.0,0.0,292.85,153.7,0,0.0,0
2014-11-10,2015-01-29,OPTSTK,DRREDDY,3400.0,PE,0.0,0.0,0.0,326.9,175.3,0,0.0,0
2014-11-10,2015-01-29,OPTSTK,DRREDDY,3450.0,PE,0.0,0.0,0.0,362.6,198.6,0,0.0,0
2014-11-10,2015-01-29,OPTSTK,DRREDDY,3500.0,PE,0.0,0.0,0.0,400.0,223.6,0,0.0,0
2014-11-10,2015-01-29,OPTSTK,DRREDDY,3550.0,PE,0.0,0.0,0.0,438.6,250.3,0,0.0,0
2014-11-10,2015-01-29,OPTSTK,DRREDDY,3600.0,PE,0.0,0.0,0.0,478.55,278.65,0,0.0,0
2014-11-10,2015-01-29,OPTSTK,DRREDDY,3650.0,PE,0.0,0.0,0.0,519.65,308.55,0,0.0,0
2014-11-10,2015-01-29,OPTSTK,DRREDDY,3700.0,PE,0.0,0.0,0.0,561.85,340.0,0,0.0,0
2014-11-10,2015-01-29,OPTSTK,DRREDDY,3750.0,PE,0.0,0.0,0.0,604.95,372.9,0,0.0,0
2014-11-10,2015-01-29,OPTSTK,DRREDDY,3800.0,PE,0.0,0.0,0.0,648.85,407.2,0,0.0,0
2014-11-10,2015-01-29,OPTSTK,DRREDDY,3850.0,PE,0.0,0.0,0.0,693.55,442.85,0,0.0,0
2014-11-10,2015-01-29,OPTSTK,DRREDDY,3900.0,PE,0.0,0.0,0.0,738.85,479.9,0,0.0,0
2014-11-10,2014-11-27,OPTSTK,EICHERMOT,10450.0,CE,0.0,0.0,0.0,1485.4,2322.85,0,0.0,0
2014-11-10,2014-11-27,OPTSTK,EICHERMOT,10500.0,CE,0.0,0.0,0.0,1458.55,2273.4,0,0.0,0
2014-11-10,2014-11-27,OPTSTK,EICHERMOT,10550.0,CE,0.0,0.0,0.0,1432.05,2224.05,0,0.0,0
2014-11-10,2014-11-27,OPTSTK,EICHERMOT,10600.0,CE,0.0,0.0,0.0,1405.95,2174.8,0,0.0,0
2014-11-10,2014-11-27,OPTSTK,EICHERMOT,10650.0,CE,0.0,0.0,0.0,1380.15,2125.6,0,0.0,0
2014-11-10,2014-11-27,OPTSTK,EICHERMOT,10700.0,CE,0.0,0.0,0.0,1354.75,2076.5,0,0.0,0
2014-11-10,2014-11-27,OPTSTK,EICHERMOT,10750.0,CE,0.0,0.0,0.0,1329.7,2027.5,0,0.0,0
2014-11-10,2014-11-27,OPTSTK,EICHERMOT,10800.0,CE,0.0,0.0,0.0,1304.95,1978.65,0,0.0,0
2014-11-10,2014-11-27,OPTSTK,EICHERMOT,10850.0,CE,0.0,0.0,0.0,1280.55,1929.95,0,0.0,0
2014-11-10,2014-11-27,OPTSTK,EICHERMOT,10900.0,CE,0.0,0.0,0.0,1256.55,1881.35,0,0.0,0
2014-11-10,2014-11-27,OPTSTK,EICHERMOT,10950.0,CE,0.0,0.0,0.0,1232.85,1833.0,0,0.0,0
2014-11-10,2014-11-27,OPTSTK,EICHERMOT,11000.0,CE,0.0,0.0,0.0,1209.55,1784.8,0,0.0,0
2014-11-10,2014-11-27,OPTSTK,EICHERMOT,11050.0,CE,0.0,0.0,0.0,1186.55,1736.8,0,0.0,0
2014-11-10,2014-11-27,OPTSTK,EICHERMOT,11100.0,CE,0.0,0.0,0.0,1163.9,1689.05,0,0.0,0
2014-11-10,2014-11-27,OPTSTK,EICHERMOT,11150.0,CE,0.0,0.0,0.0,1141.6,1641.6,0,0.0,0
2014-11-10,2014-11-27,OPTSTK,EICHERMOT,11200.0,CE,0.0,0.0,0.0,1119.6,1594.4,0,0.0,0
2014-11-10,2014-11-27,OPTSTK,EICHERMOT,11250.0,CE,0.0,0.0,0.0,1098.0,1547.5,0,0.0,0
2014-11-10,2014-11-27,OPTSTK,EICHERMOT,11300.0,CE,0.0,0.0,0.0,1076.65,1500.95,0,0.0,0
2014-11-10,2014-11-27,OPTSTK,EICHERMOT,11350.0,CE,0.0,0.0,0.0,1055.7,1454.75,0,0.0,0
2014-11-10,2014-11-27,OPTSTK,EICHERMOT,11400.0,CE,0.0,0.0,0.0,1035.05,1408.95,0,0.0,0
2014-11-10,2014-11-27,OPTSTK,EICHERMOT,11450.0,CE,0.0,0.0,0.0,1014.7,1363.55,0,0.0,0
2014-11-10,2014-11-27,OPTSTK,EICHERMOT,11500.0,CE,0.0,0.0,0.0,994.7,1318.6,0,0.0,0
2014-11-10,2014-11-27,OPTSTK,EICHERMOT,11550.0,CE,0.0,0.0,0.0,975.0,1274.15,0,0.0,0
2014-11-10,2014-11-27,OPTSTK,EICHERMOT,11600.0,CE,0.0,0.0,0.0,955.6,1230.2,0,0.0,0
2014-11-10,2014-11-27,OPTSTK,EICHERMOT,11650.0,CE,0.0,0.0,0.0,936.55,1186.8,0,0.0,0
2014-11-10,2014-11-27,OPTSTK,EICHERMOT,11700.0,CE,0.0,0.0,0.0,917.8,1143.95,0,0.0,0
2014-11-10,2014-11-27,OPTSTK,EICHERMOT,11750.0,CE,0.0,0.0,0.0,899.35,1101.7,0,0.0,0
2014-11-10,2014-11-27,OPTSTK,EICHERMOT,11800.0,CE,0.0,0.0,0.0,881.2,1060.1,0,0.0,0
2014-11-10,2014-11-27,OPTSTK,EICHERMOT,11850.0,CE,0.0,0.0,0.0,863.35,1019.15,0,0.0,0
2014-11-10,2014-11-27,OPTSTK,EICHERMOT,11900.0,CE,0.0,0.0,0.0,845.85,978.9,0,0.0,0
2014-11-10,2014-11-27,OPTSTK,EICHERMOT,11950.0,CE,0.0,0.0,0.0,828.6,939.35,0,0.0,0
2014-11-10,2014-11-27,OPTSTK,EICHERMOT,12000.0,CE,0.0,0.0,0.0,807.65,900.6,0,0.0,0
2014-11-10,2014-11-27,OPTSTK,EICHERMOT,12050.0,CE,0.0,0.0,0.0,790.6,862.55,0,0.0,0
2014-11-10,2014-11-27,OPTSTK,EICHERMOT,12100.0,CE,0.0,0.0,0.0,1119.6,825.85,0,0.0,0
2014-11-10,2014-11-27,OPTSTK,EICHERMOT,12150.0,CE,0.0,0.0,0.0,1099.35,789.35,0,0.0,0
2014-11-10,2014-11-27,OPTSTK,EICHERMOT,12200.0,CE,0.0,0.0,0.0,1079.4,753.35,0,0.0,0
2014-11-10,2014-11-27,OPTSTK,EICHERMOT,12250.0,CE,0.0,0.0,0.0,1059.75,718.7,0,0.0,0
2014-11-10,2014-11-27,OPTSTK,EICHERMOT,12300.0,CE,0.0,0.0,0.0,1040.35,685.0,0,0.0,0
2014-11-10,2014-11-27,OPTSTK,EICHERMOT,12350.0,CE,0.0,0.0,0.0,1021.3,652.15,0,0.0,0
2014-11-10,2014-11-27,OPTSTK,EICHERMOT,12400.0,CE,0.0,0.0,0.0,1002.5,620.25,0,0.0,0
2014-11-10,2014-11-27,OPTSTK,EICHERMOT,12450.0,CE,0.0,0.0,0.0,984.0,589.3,0,0.0,0
2014-11-10,2014-11-27,OPTSTK,EICHERMOT,12500.0,CE,0.0,0.0,0.0,586.05,559.3,0,0.0,125
2014-11-10,2014-11-27,OPTSTK,EICHERMOT,12550.0,CE,0.0,0.0,0.0,947.8,530.25,0,0.0,0
2014-11-10,2014-11-27,OPTSTK,EICHERMOT,12600.0,CE,0.0,0.0,0.0,930.15,502.2,0,0.0,0
2014-11-10,2014-11-27,OPTSTK,EICHERMOT,12650.0,CE,0.0,0.0,0.0,1085.4,475.1,0,0.0,0
2014-11-10,2014-11-27,OPTSTK,EICHERMOT,12700.0,CE,0.0,0.0,0.0,480.0,448.95,0,0.0,125
2014-11-10,2014-11-27,OPTSTK,EICHERMOT,12750.0,CE,0.0,0.0,0.0,1046.8,423.75,0,0.0,0
2014-11-10,2014-11-27,OPTSTK,EICHERMOT,12800.0,CE,0.0,0.0,0.0,350.0,399.55,0,0.0,125
2014-11-10,2014-11-27,OPTSTK,EICHERMOT,12850.0,CE,0.0,0.0,0.0,1009.3,376.3,0,0.0,0
2014-11-10,2014-11-27,OPTSTK,EICHERMOT,12900.0,CE,0.0,0.0,0.0,990.95,354.0,0,0.0,0
2014-11-10,2014-11-27,OPTSTK,EICHERMOT,12950.0,CE,0.0,0.0,0.0,972.9,332.65,0,0.0,0
2014-11-10,2014-11-27,OPTSTK,EICHERMOT,13000.0,CE,311.0,311.0,299.0,299.0,299.0,2,33.26,2125
2014-11-10,2014-11-27,OPTSTK,EICHERMOT,13050.0,CE,0.0,0.0,0.0,983.25,292.75,0,0.0,0
2014-11-10,2014-11-27,OPTSTK,EICHERMOT,13100.0,CE,0.0,0.0,0.0,350.0,274.2,0,0.0,375
2014-11-10,2014-11-27,OPTSTK,EICHERMOT,13150.0,CE,0.0,0.0,0.0,947.0,256.5,0,0.0,0
2014-11-10,2014-11-27,OPTSTK,EICHERMOT,13200.0,CE,0.0,0.0,0.0,929.3,239.65,0,0.0,0
2014-11-10,2014-11-27,OPTSTK,EICHERMOT,13250.0,CE,0.0,0.0,0.0,303.05,223.65,0,0.0,0
2014-11-10,2014-11-27,OPTSTK,EICHERMOT,13300.0,CE,0.0,0.0,0.0,308.15,208.5,0,0.0,0
2014-11-10,2014-11-27,OPTSTK,EICHERMOT,13350.0,CE,0.0,0.0,0.0,294.35,194.15,0,0.0,0
2014-11-10,2014-11-27,OPTSTK,EICHERMOT,13400.0,CE,0.0,0.0,0.0,281.05,180.55,0,0.0,0
2014-11-10,2014-11-27,OPTSTK,EICHERMOT,10450.0,PE,0.0,0.0,0.0,776.6,1.9,0,0.0,0
2014-11-10,2014-11-27,OPTSTK,EICHERMOT,10500.0,PE,0.0,0.0,0.0,798.8,2.25,0,0.0,0
2014-11-10,2014-11-27,OPTSTK,EICHERMOT,10550.0,PE,0.0,0.0,0.0,821.4,2.7,0,0.0,0
2014-11-10,2014-11-27,OPTSTK,EICHERMOT,10600.0,PE,0.0,0.0,0.0,844.3,3.25,0,0.0,0
2014-11-10,2014-11-27,OPTSTK,EICHERMOT,10650.0,PE,0.0,0.0,0.0,867.6,3.85,0,0.0,0
2014-11-10,2014-11-27,OPTSTK,EICHERMOT,10700.0,PE,0.0,0.0,0.0,891.2,4.55,0,0.0,0
2014-11-10,2014-11-27,OPTSTK,EICHERMOT,10750.0,PE,0.0,0.0,0.0,915.2,5.4,0,0.0,0
2014-11-10,2014-11-27,OPTSTK,EICHERMOT,10800.0,PE,0.0,0.0,0.0,939.5,6.3,0,0.0,0
2014-11-10,2014-11-27,OPTSTK,EICHERMOT,10850.0,PE,0.0,0.0,0.0,964.15,7.4,0,0.0,0
2014-11-10,2014-11-27,OPTSTK,EICHERMOT,10900.0,PE,0.0,0.0,0.0,989.2,8.65,0,0.0,0
2014-11-10,2014-11-27,OPTSTK,EICHERMOT,10950.0,PE,0.0,0.0,0.0,1014.55,10.05,0,0.0,0
2014-11-10,2014-11-27,OPTSTK,EICHERMOT,11000.0,PE,0.0,0.0,0.0,1040.25,11.7,0,0.0,0
2014-11-10,2014-11-27,OPTSTK,EICHERMOT,11050.0,PE,0.0,0.0,0.0,1066.35,13.5,0,0.0,0
2014-11-10,2014-11-27,OPTSTK,EICHERMOT,11100.0,PE,0.0,0.0,0.0,1092.75,15.55,0,0.0,0
2014-11-10,2014-11-27,OPTSTK,EICHERMOT,11150.0,PE,0.0,0.0,0.0,1119.45,17.9,0,0.0,0
2014-11-10,2014-11-27,OPTSTK,EICHERMOT,11200.0,PE,0.0,0.0,0.0,1146.55,20.5,0,0.0,0
2014-11-10,2014-11-27,OPTSTK,EICHERMOT,11250.0,PE,0.0,0.0,0.0,1173.95,23.4,0,0.0,0
2014-11-10,2014-11-27,OPTSTK,EICHERMOT,11300.0,PE,0.0,0.0,0.0,1201.7,26.65,0,0.0,0
2014-11-10,2014-11-27,OPTSTK,EICHERMOT,11350.0,PE,0.0,0.0,0.0,1229.75,30.25,0,0.0,0
2014-11-10,2014-11-27,OPTSTK,EICHERMOT,11400.0,PE,0.0,0.0,0.0,1258.15,34.25,0,0.0,0
2014-11-10,2014-11-27,OPTSTK,EICHERMOT,11450.0,PE,0.0,0.0,0.0,1286.85,38.65,0,0.0,0
2014-11-10,2014-11-27,OPTSTK,EICHERMOT,11500.0,PE,0.0,0.0,0.0,1315.9,43.5,0,0.0,0
2014-11-10,2014-11-27,OPTSTK,EICHERMOT,11550.0,PE,0.0,0.0,0.0,1345.25,48.85,0,0.0,0
2014-11-10,2014-11-27,OPTSTK,EICHERMOT,11600.0,PE,0.0,0.0,0.0,1374.9,54.7,0,0.0,0
2014-11-10,2014-11-27,OPTSTK,EICHERMOT,11650.0,PE,0.0,0.0,0.0,1404.9,61.1,0,0.0,0
2014-11-10,2014-11-27,OPTSTK,EICHERMOT,11700.0,PE,0.0,0.0,0.0,1435.2,68.05,0,0.0,0
2014-11-10,2014-11-27,OPTSTK,EICHERMOT,11750.0,PE,0.0,0.0,0.0,1465.8,75.6,0,0.0,0
2014-11-10,2014-11-27,OPTSTK,EICHERMOT,11800.0,PE,0.0,0.0,0.0,1496.7,83.8,0,0.0,0
2014-11-10,2014-11-27,OPTSTK,EICHERMOT,11850.0,PE,0.0,0.0,0.0,1527.9,92.65,0,0.0,0
2014-11-10,2014-11-27,OPTSTK,EICHERMOT,11900.0,PE,0.0,0.0,0.0,1559.4,102.2,0,0.0,0
2014-11-10,2014-11-27,OPTSTK,EICHERMOT,11950.0,PE,0.0,0.0,0.0,1591.2,112.5,0,0.0,0
2014-11-10,2014-11-27,OPTSTK,EICHERMOT,12000.0,PE,0.0,0.0,0.0,196.0,123.5,0,0.0,250
2014-11-10,2014-11-27,OPTSTK,EICHERMOT,12050.0,PE,0.0,0.0,0.0,1572.85,135.3,0,0.0,0
2014-11-10,2014-11-27,OPTSTK,EICHERMOT,12100.0,PE,0.0,0.0,0.0,1370.2,148.4,0,0.0,0
2014-11-10,2014-11-27,OPTSTK,EICHERMOT,12150.0,PE,0.0,0.0,0.0,1399.05,161.7,0,0.0,0
2014-11-10,2014-11-27,OPTSTK,EICHERMOT,12200.0,PE,0.0,0.0,0.0,1428.15,175.5,0,0.0,0
2014-11-10,2014-11-27,OPTSTK,EICHERMOT,12250.0,PE,0.0,0.0,0.0,1457.55,190.65,0,0.0,0
2014-11-10,2014-11-27,OPTSTK,EICHERMOT,12300.0,PE,0.0,0.0,0.0,1487.3,206.75,0,0.0,0
2014-11-10,2014-11-27,OPTSTK,EICHERMOT,12350.0,PE,0.0,0.0,0.0,1517.25,223.7,0,0.0,0
2014-11-10,2014-11-27,OPTSTK,EICHERMOT,12400.0,PE,0.0,0.0,0.0,1547.55,241.65,0,0.0,0
2014-11-10,2014-11-27,OPTSTK,EICHERMOT,12450.0,PE,0.0,0.0,0.0,1578.1,260.5,0,0.0,0
2014-11-10,2014-11-27,OPTSTK,EICHERMOT,12500.0,PE,0.0,0.0,0.0,260.0,280.3,0,0.0,125
2014-11-10,2014-11-27,OPTSTK,EICHERMOT,12550.0,PE,0.0,0.0,0.0,1640.05,301.05,0,0.0,0
2014-11-10,2014-11-27,OPTSTK,EICHERMOT,12600.0,PE,0.0,0.0,0.0,1671.45,322.75,0,0.0,0
2014-11-10,2014-11-27,OPTSTK,EICHERMOT,12650.0,PE,0.0,0.0,0.0,1484.4,345.45,0,0.0,0
2014-11-10,2014-11-27,OPTSTK,EICHERMOT,12700.0,PE,0.0,0.0,0.0,315.0,369.15,0,0.0,125
2014-11-10,2014-11-27,OPTSTK,EICHERMOT,12750.0,PE,0.0,0.0,0.0,1544.0,393.7,0,0.0,0
2014-11-10,2014-11-27,OPTSTK,EICHERMOT,12800.0,PE,0.0,0.0,0.0,400.0,419.3,0,0.0,125
2014-11-10,2014-11-27,OPTSTK,EICHERMOT,12850.0,PE,0.0,0.0,0.0,1604.7,445.9,0,0.0,0
2014-11-10,2014-11-27,OPTSTK,EICHERMOT,12900.0,PE,0.0,0.0,0.0,1635.45,473.4,0,0.0,0
2014-11-10,2014-11-27,OPTSTK,EICHERMOT,12950.0,PE,0.0,0.0,0.0,1666.5,501.85,0,0.0,0
2014-11-10,2014-11-27,OPTSTK,EICHERMOT,13000.0,PE,0.0,0.0,0.0,450.0,531.25,0,0.0,125
2014-11-10,2014-11-27,OPTSTK,EICHERMOT,13050.0,PE,0.0,0.0,0.0,1596.95,561.55,0,0.0,0
2014-11-10,2014-11-27,OPTSTK,EICHERMOT,13100.0,PE,0.0,0.0,0.0,1627.8,592.8,0,0.0,0
2014-11-10,2014-11-27,OPTSTK,EICHERMOT,13150.0,PE,0.0,0.0,0.0,1658.95,624.9,0,0.0,0
2014-11-10,2014-11-27,OPTSTK,EICHERMOT,13200.0,PE,0.0,0.0,0.0,1690.35,657.85,0,0.0,0
2014-11-10,2014-11-27,OPTSTK,EICHERMOT,13250.0,PE,0.0,0.0,0.0,1191.55,691.65,0,0.0,0
2014-11-10,2014-11-27,OPTSTK,EICHERMOT,13300.0,PE,0.0,0.0,0.0,1118.1,726.3,0,0.0,0
2014-11-10,2014-11-27,OPTSTK,EICHERMOT,13350.0,PE,0.0,0.0,0.0,1153.95,761.75,0,0.0,0
2014-11-10,2014-11-27,OPTSTK,EICHERMOT,13400.0,PE,0.0,0.0,0.0,1190.25,798.0,0,0.0,0
2014-11-10,2014-12-24,OPTSTK,EICHERMOT,10450.0,CE,0.0,0.0,0.0,1768.45,2423.5,0,0.0,0
2014-11-10,2014-12-24,OPTSTK,EICHERMOT,10500.0,CE,0.0,0.0,0.0,1738.75,2377.2,0,0.0,0
2014-11-10,2014-12-24,OPTSTK,EICHERMOT,10550.0,CE,0.0,0.0,0.0,1709.35,2331.15,0,0.0,0
2014-11-10,2014-12-24,OPTSTK,EICHERMOT,10600.0,CE,0.0,0.0,0.0,1680.35,2285.35,0,0.0,0
2014-11-10,2014-12-24,OPTSTK,EICHERMOT,10650.0,CE,0.0,0.0,0.0,1651.65,2239.8,0,0.0,0
2014-11-10,2014-12-24,OPTSTK,EICHERMOT,10700.0,CE,0.0,0.0,0.0,1623.35,2194.5,0,0.0,0
2014-11-10,2014-12-24,OPTSTK,EICHERMOT,10750.0,CE,0.0,0.0,0.0,1595.35,2149.5,0,0.0,0
2014-11-10,2014-12-24,OPTSTK,EICHERMOT,10800.0,CE,0.0,0.0,0.0,1567.75,2104.8,0,0.0,0
2014-11-10,2014-12-24,OPTSTK,EICHERMOT,10850.0,CE,0.0,0.0,0.0,1540.45,2060.45,0,0.0,0
2014-11-10,2014-12-24,OPTSTK,EICHERMOT,10900.0,CE,0.0,0.0,0.0,1513.5,2016.35,0,0.0,0
2014-11-10,2014-12-24,OPTSTK,EICHERMOT,10950.0,CE,0.0,0.0,0.0,1486.9,1972.65,0,0.0,0
2014-11-10,2014-12-24,OPTSTK,EICHERMOT,11000.0,CE,0.0,0.0,0.0,1460.65,1929.25,0,0.0,0
2014-11-10,2014-12-24,OPTSTK,EICHERMOT,11050.0,CE,0.0,0.0,0.0,1434.75,1886.2,0,0.0,0
2014-11-10,2014-12-24,OPTSTK,EICHERMOT,11100.0,CE,0.0,0.0,0.0,1409.2,1843.55,0,0.0,0
2014-11-10,2014-12-24,OPTSTK,EICHERMOT,11150.0,CE,0.0,0.0,0.0,1383.95,1801.3,0,0.0,0
2014-11-10,2014-12-24,OPTSTK,EICHERMOT,11200.0,CE,0.0,0.0,0.0,1359.1,1759.4,0,0.0,0
2014-11-10,2014-12-24,OPTSTK,EICHERMOT,11250.0,CE,0.0,0.0,0.0,1334.5,1717.95,0,0.0,0
2014-11-10,2014-12-24,OPTSTK,EICHERMOT,11300.0,CE,0.0,0.0,0.0,1310.3,1676.9,0,0.0,0
2014-11-10,2014-12-24,OPTSTK,EICHERMOT,11350.0,CE,0.0,0.0,0.0,1286.4,1636.3,0,0.0,0
2014-11-10,2014-12-24,OPTSTK,EICHERMOT,11400.0,CE,0.0,0.0,0.0,1262.85,1596.15,0,0.0,0
2014-11-10,2014-12-24,OPTSTK,EICHERMOT,11450.0,CE,0.0,0.0,0.0,1239.65,1556.45,0,0.0,0
2014-11-10,2014-12-24,OPTSTK,EICHERMOT,11500.0,CE,0.0,0.0,0.0,1216.75,1517.2,0,0.0,0
2014-11-10,2014-12-24,OPTSTK,EICHERMOT,11550.0,CE,0.0,0.0,0.0,1194.2,1478.45,0,0.0,0
2014-11-10,2014-12-24,OPTSTK,EICHERMOT,11600.0,CE,0.0,0.0,0.0,1172.0,1440.15,0,0.0,0
2014-11-10,2014-12-24,OPTSTK,EICHERMOT,11650.0,CE,0.0,0.0,0.0,1150.1,1402.4,0,0.0,0
2014-11-10,2014-12-24,OPTSTK,EICHERMOT,11700.0,CE,0.0,0.0,0.0,1128.5,1365.15,0,0.0,0
2014-11-10,2014-12-24,OPTSTK,EICHERMOT,11750.0,CE,0.0,0.0,0.0,1107.25,1328.8,0,0.0,0
2014-11-10,2014-12-24,OPTSTK,EICHERMOT,11800.0,CE,0.0,0.0,0.0,1086.3,1292.55,0,0.0,0
2014-11-10,2014-12-24,OPTSTK,EICHERMOT,11850.0,CE,0.0,0.0,0.0,1065.7,1256.85,0,0.0,0
2014-11-10,2014-12-24,OPTSTK,EICHERMOT,11900.0,CE,0.0,0.0,0.0,1045.35,1221.65,0,0.0,0
2014-11-10,2014-12-24,OPTSTK,EICHERMOT,11950.0,CE,0.0,0.0,0.0,1025.35,1186.55,0,0.0,0
2014-11-10,2014-12-24,OPTSTK,EICHERMOT,12000.0,CE,0.0,0.0,0.0,1005.65,1152.55,0,0.0,0
2014-11-10,2014-12-24,OPTSTK,EICHERMOT,12050.0,CE,0.0,0.0,0.0,986.3,1119.15,0,0.0,0
2014-11-10,2014-12-24,OPTSTK,EICHERMOT,12100.0,CE,0.0,0.0,0.0,967.2,1086.25,0,0.0,0
2014-11-10,2014-12-24,OPTSTK,EICHERMOT,12150.0,CE,0.0,0.0,0.0,948.4,1054.0,0,0.0,0
2014-11-10,2014-12-24,OPTSTK,EICHERMOT,12200.0,CE,0.0,0.0,0.0,929.9,1022.3,0,0.0,0
2014-11-10,2014-12-24,OPTSTK,EICHERMOT,12250.0,CE,0.0,0.0,0.0,911.75,991.2,0,0.0,0
2014-11-10,2014-12-24,OPTSTK,EICHERMOT,12300.0,CE,0.0,0.0,0.0,893.85,960.65,0,0.0,0
2014-11-10,2014-12-24,OPTSTK,EICHERMOT,12350.0,CE,0.0,0.0,0.0,876.2,930.75,0,0.0,0
2014-11-10,2014-12-24,OPTSTK,EICHERMOT,12400.0,CE,0.0,0.0,0.0,1186.75,901.45,0,0.0,0
2014-11-10,2014-12-24,OPTSTK,EICHERMOT,12450.0,CE,0.0,0.0,0.0,1166.05,872.7,0,0.0,0
2014-11-10,2014-12-24,OPTSTK,EICHERMOT,12500.0,CE,0.0,0.0,0.0,1145.65,844.6,0,0.0,0
2014-11-10,2014-12-24,OPTSTK,EICHERMOT,12550.0,CE,0.0,0.0,0.0,1125.5,817.05,0,0.0,0
2014-11-10,2014-12-24,OPTSTK,EICHERMOT,12600.0,CE,0.0,0.0,0.0,1105.65,790.15,0,0.0,0
2014-11-10,2014-12-24,OPTSTK,EICHERMOT,12650.0,CE,0.0,0.0,0.0,1086.1,763.8,0,0.0,0
2014-11-10,2014-12-24,OPTSTK,EICHERMOT,12700.0,CE,0.0,0.0,0.0,1066.8,738.1,0,0.0,0
2014-11-10,2014-12-24,OPTSTK,EICHERMOT,12750.0,CE,0.0,0.0,0.0,1047.8,713.0,0,0.0,0
2014-11-10,2014-12-24,OPTSTK,EICHERMOT,12800.0,CE,0.0,0.0,0.0,1029.1,688.4,0,0.0,0
2014-11-10,2014-12-24,OPTSTK,EICHERMOT,12850.0,CE,0.0,0.0,0.0,1010.65,664.5,0,0.0,0
2014-11-10,2014-12-24,OPTSTK,EICHERMOT,12900.0,CE,0.0,0.0,0.0,992.45,641.15,0,0.0,0
2014-11-10,2014-12-24,OPTSTK,EICHERMOT,12950.0,CE,0.0,0.0,0.0,974.55,618.4,0,0.0,0
2014-11-10,2014-12-24,OPTSTK,EICHERMOT,13000.0,CE,0.0,0.0,0.0,631.45,596.25,0,0.0,0
2014-11-10,2014-12-24,OPTSTK,EICHERMOT,13050.0,CE,0.0,0.0,0.0,613.55,574.65,0,0.0,0
2014-11-10,2014-12-24,OPTSTK,EICHERMOT,13100.0,CE,0.0,0.0,0.0,596.05,553.65,0,0.0,0
2014-11-10,2014-12-24,OPTSTK,EICHERMOT,13150.0,CE,0.0,0.0,0.0,578.95,533.2,0,0.0,0
2014-11-10,2014-12-24,OPTSTK,EICHERMOT,13200.0,CE,0.0,0.0,0.0,562.25,513.35,0,0.0,0
2014-11-10,2014-12-24,OPTSTK,EICHERMOT,13250.0,CE,0.0,0.0,0.0,545.9,494.0,0,0.0,0
2014-11-10,2014-12-24,OPTSTK,EICHERMOT,13300.0,CE,0.0,0.0,0.0,554.75,475.25,0,0.0,0
2014-11-10,2014-12-24,OPTSTK,EICHERMOT,13350.0,CE,0.0,0.0,0.0,538.25,457.05,0,0.0,0
2014-11-10,2014-12-24,OPTSTK,EICHERMOT,13400.0,CE,0.0,0.0,0.0,522.15,439.35,0,0.0,0
2014-11-10,2014-12-24,OPTSTK,EICHERMOT,10450.0,PE,0.0,0.0,0.0,626.4,34.4,0,0.0,0
2014-11-10,2014-12-24,OPTSTK,EICHERMOT,10500.0,PE,0.0,0.0,0.0,645.55,37.55,0,0.0,0
2014-11-10,2014-12-24,OPTSTK,EICHERMOT,10550.0,PE,0.0,0.0,0.0,665.1,41.0,0,0.0,0
2014-11-10,2014-12-24,OPTSTK,EICHERMOT,10600.0,PE,0.0,0.0,0.0,685.0,44.65,0,0.0,0
2014-11-10,2014-12-24,OPTSTK,EICHERMOT,10650.0,PE,0.0,0.0,0.0,705.25,48.6,0,0.0,0
2014-11-10,2014-12-24,OPTSTK,EICHERMOT,10700.0,PE,0.0,0.0,0.0,725.8,52.8,0,0.0,0
2014-11-10,2014-12-24,OPTSTK,EICHERMOT,10750.0,PE,0.0,0.0,0.0,746.75,57.25,0,0.0,0
2014-11-10,2014-12-24,OPTSTK,EICHERMOT,10800.0,PE,0.0,0.0,0.0,768.0,62.05,0,0.0,0
2014-11-10,2014-12-24,OPTSTK,EICHERMOT,10850.0,PE,0.0,0.0,0.0,789.65,67.15,0,0.0,0
2014-11-10,2014-12-24,OPTSTK,EICHERMOT,10900.0,PE,0.0,0.0,0.0,811.6,72.55,0,0.0,0
2014-11-10,2014-12-24,OPTSTK,EICHERMOT,10950.0,PE,0.0,0.0,0.0,833.9,78.3,0,0.0,0
2014-11-10,2014-12-24,OPTSTK,EICHERMOT,11000.0,PE,0.0,0.0,0.0,856.6,84.4,0,0.0,0
2014-11-10,2014-12-24,OPTSTK,EICHERMOT,11050.0,PE,0.0,0.0,0.0,879.6,90.85,0,0.0,0
2014-11-10,2014-12-24,OPTSTK,EICHERMOT,11100.0,PE,0.0,0.0,0.0,902.95,97.65,0,0.0,0
2014-11-10,2014-12-24,OPTSTK,EICHERMOT,11150.0,PE,0.0,0.0,0.0,926.6,104.85,0,0.0,0
2014-11-10,2014-12-24,OPTSTK,EICHERMOT,11200.0,PE,0.0,0.0,0.0,950.65,112.45,0,0.0,0
2014-11-10,2014-12-24,OPTSTK,EICHERMOT,11250.0,PE,0.0,0.0,0.0,974.95,120.5,0,0.0,0
2014-11-10,2014-12-24,OPTSTK,EICHERMOT,11300.0,PE,0.0,0.0,0.0,999.65,128.9,0,0.0,0
2014-11-10,2014-12-24,OPTSTK,EICHERMOT,11350.0,PE,0.0,0.0,0.0,1024.7,137.8,0,0.0,0
2014-11-10,2014-12-24,OPTSTK,EICHERMOT,11400.0,PE,0.0,0.0,0.0,1050.05,147.1,0,0.0,0
2014-11-10,2014-12-24,OPTSTK,EICHERMOT,11450.0,PE,0.0,0.0,0.0,1075.75,156.85,0,0.0,0
2014-11-10,2014-12-24,OPTSTK,EICHERMOT,11500.0,PE,0.0,0.0,0.0,1101.8,167.1,0,0.0,0
2014-11-10,2014-12-24,OPTSTK,EICHERMOT,11550.0,PE,0.0,0.0,0.0,1128.15,177.8,0,0.0,0
2014-11-10,2014-12-24,OPTSTK,EICHERMOT,11600.0,PE,0.0,0.0,0.0,1154.85,189.05,0,0.0,0
2014-11-10,2014-12-24,OPTSTK,EICHERMOT,11650.0,PE,0.0,0.0,0.0,1181.85,200.75,0,0.0,0
2014-11-10,2014-12-24,OPTSTK,EICHERMOT,11700.0,PE,0.0,0.0,0.0,1209.15,212.95,0,0.0,0
2014-11-10,2014-12-24,OPTSTK,EICHERMOT,11750.0,PE,0.0,0.0,0.0,1236.8,226.1,0,0.0,0
2014-11-10,2014-12-24,OPTSTK,EICHERMOT,11800.0,PE,0.0,0.0,0.0,1264.8,239.35,0,0.0,0
2014-11-10,2014-12-24,OPTSTK,EICHERMOT,11850.0,PE,0.0,0.0,0.0,1293.05,253.1,0,0.0,0
2014-11-10,2014-12-24,OPTSTK,EICHERMOT,11900.0,PE,0.0,0.0,0.0,1321.65,267.4,0,0.0,0
2014-11-10,2014-12-24,OPTSTK,EICHERMOT,11950.0,PE,0.0,0.0,0.0,1350.55,281.75,0,0.0,0
2014-11-10,2014-12-24,OPTSTK,EICHERMOT,12000.0,PE,0.0,0.0,0.0,1379.8,297.25,0,0.0,0
2014-11-10,2014-12-24,OPTSTK,EICHERMOT,12050.0,PE,0.0,0.0,0.0,1409.3,313.3,0,0.0,0
2014-11-10,2014-12-24,OPTSTK,EICHERMOT,12100.0,PE,0.0,0.0,0.0,1439.15,329.9,0,0.0,0
2014-11-10,2014-12-24,OPTSTK,EICHERMOT,12150.0,PE,0.0,0.0,0.0,1469.25,347.1,0,0.0,0
2014-11-10,2014-12-24,OPTSTK,EICHERMOT,12200.0,PE,0.0,0.0,0.0,1499.7,364.9,0,0.0,0
2014-11-10,2014-12-24,OPTSTK,EICHERMOT,12250.0,PE,0.0,0.0,0.0,1530.4,383.25,0,0.0,0
2014-11-10,2014-12-24,OPTSTK,EICHERMOT,12300.0,PE,0.0,0.0,0.0,1561.4,402.2,0,0.0,0
2014-11-10,2014-12-24,OPTSTK,EICHERMOT,12350.0,PE,0.0,0.0,0.0,1592.7,421.75,0,0.0,0
2014-11-10,2014-12-24,OPTSTK,EICHERMOT,12400.0,PE,0.0,0.0,0.0,1360.4,441.9,0,0.0,0
2014-11-10,2014-12-24,OPTSTK,EICHERMOT,12450.0,PE,0.0,0.0,0.0,1388.7,462.65,0,0.0,0
2014-11-10,2014-12-24,OPTSTK,EICHERMOT,12500.0,PE,0.0,0.0,0.0,1417.25,484.0,0,0.0,0
2014-11-10,2014-12-24,OPTSTK,EICHERMOT,12550.0,PE,0.0,0.0,0.0,1446.05,506.0,0,0.0,0
2014-11-10,2014-12-24,OPTSTK,EICHERMOT,12600.0,PE,0.0,0.0,0.0,1475.2,528.55,0,0.0,0
2014-11-10,2014-12-24,OPTSTK,EICHERMOT,12650.0,PE,0.0,0.0,0.0,1504.6,551.7,0,0.0,0
2014-11-10,2014-12-24,OPTSTK,EICHERMOT,12700.0,PE,0.0,0.0,0.0,1534.3,575.45,0,0.0,0
2014-11-10,2014-12-24,OPTSTK,EICHERMOT,12750.0,PE,0.0,0.0,0.0,1564.25,599.8,0,0.0,0
2014-11-10,2014-12-24,OPTSTK,EICHERMOT,12800.0,PE,0.0,0.0,0.0,1594.5,624.7,0,0.0,0
2014-11-10,2014-12-24,OPTSTK,EICHERMOT,12850.0,PE,0.0,0.0,0.0,1625.05,650.25,0,0.0,0
2014-11-10,2014-12-24,OPTSTK,EICHERMOT,12900.0,PE,0.0,0.0,0.0,1655.85,676.4,0,0.0,0
2014-11-10,2014-12-24,OPTSTK,EICHERMOT,12950.0,PE,0.0,0.0,0.0,1686.9,703.15,0,0.0,0
2014-11-10,2014-12-24,OPTSTK,EICHERMOT,13000.0,PE,0.0,0.0,0.0,1187.7,730.45,0,0.0,0
2014-11-10,2014-12-24,OPTSTK,EICHERMOT,13050.0,PE,0.0,0.0,0.0,1219.1,758.35,0,0.0,0
2014-11-10,2014-12-24,OPTSTK,EICHERMOT,13100.0,PE,0.0,0.0,0.0,1250.9,786.8,0,0.0,0
2014-11-10,2014-12-24,OPTSTK,EICHERMOT,13150.0,PE,0.0,0.0,0.0,1283.1,815.85,0,0.0,0
2014-11-10,2014-12-24,OPTSTK,EICHERMOT,13200.0,PE,0.0,0.0,0.0,1315.7,845.45,0,0.0,0
2014-11-10,2014-12-24,OPTSTK,EICHERMOT,13250.0,PE,0.0,0.0,0.0,1348.7,875.6,0,0.0,0
2014-11-10,2014-12-24,OPTSTK,EICHERMOT,13300.0,PE,0.0,0.0,0.0,1276.1,906.3,0,0.0,0
2014-11-10,2014-12-24,OPTSTK,EICHERMOT,13350.0,PE,0.0,0.0,0.0,1308.95,937.55,0,0.0,0
2014-11-10,2014-12-24,OPTSTK,EICHERMOT,13400.0,PE,0.0,0.0,0.0,1342.15,969.35,0,0.0,0
2014-11-10,2015-01-29,OPTSTK,EICHERMOT,11550.0,CE,0.0,0.0,0.0,1715.45,1716.25,0,0.0,0
2014-11-10,2015-01-29,OPTSTK,EICHERMOT,11600.0,CE,0.0,0.0,0.0,1683.65,1681.15,0,0.0,0
2014-11-10,2015-01-29,OPTSTK,EICHERMOT,11650.0,CE,0.0,0.0,0.0,1652.2,1646.45,0,0.0,0
2014-11-10,2015-01-29,OPTSTK,EICHERMOT,11700.0,CE,0.0,0.0,0.0,1621.1,1612.2,0,0.0,0
2014-11-10,2015-01-29,OPTSTK,EICHERMOT,11750.0,CE,0.0,0.0,0.0,1590.4,1577.85,0,0.0,0
2014-11-10,2015-01-29,OPTSTK,EICHERMOT,11800.0,CE,0.0,0.0,0.0,1560.1,1544.5,0,0.0,0
2014-11-10,2015-01-29,OPTSTK,EICHERMOT,11850.0,CE,0.0,0.0,0.0,1530.2,1511.55,0,0.0,0
2014-11-10,2015-01-29,OPTSTK,EICHERMOT,11900.0,CE,0.0,0.0,0.0,1500.65,1479.05,0,0.0,0
2014-11-10,2015-01-29,OPTSTK,EICHERMOT,11950.0,CE,0.0,0.0,0.0,1471.5,1447.0,0,0.0,0
2014-11-10,2015-01-29,OPTSTK,EICHERMOT,12000.0,CE,0.0,0.0,0.0,1442.7,1415.35,0,0.0,0
2014-11-10,2015-01-29,OPTSTK,EICHERMOT,12050.0,CE,0.0,0.0,0.0,1414.3,1384.15,0,0.0,0
2014-11-10,2015-01-29,OPTSTK,EICHERMOT,12100.0,CE,0.0,0.0,0.0,1386.3,1353.4,0,0.0,0
2014-11-10,2015-01-29,OPTSTK,EICHERMOT,12150.0,CE,0.0,0.0,0.0,1358.7,1323.05,0,0.0,0
2014-11-10,2015-01-29,OPTSTK,EICHERMOT,12200.0,CE,0.0,0.0,0.0,1331.45,1293.2,0,0.0,0
2014-11-10,2015-01-29,OPTSTK,EICHERMOT,12250.0,CE,0.0,0.0,0.0,1304.6,1263.75,0,0.0,0
2014-11-10,2015-01-29,OPTSTK,EICHERMOT,12300.0,CE,0.0,0.0,0.0,1278.15,1234.75,0,0.0,0
2014-11-10,2015-01-29,OPTSTK,EICHERMOT,12350.0,CE,0.0,0.0,0.0,1252.05,1206.2,0,0.0,0
2014-11-10,2015-01-29,OPTSTK,EICHERMOT,12400.0,CE,0.0,0.0,0.0,1226.35,1178.1,0,0.0,0
2014-11-10,2015-01-29,OPTSTK,EICHERMOT,12450.0,CE,0.0,0.0,0.0,1201.05,1150.45,0,0.0,0
2014-11-10,2015-01-29,OPTSTK,EICHERMOT,12500.0,CE,0.0,0.0,0.0,1176.1,1123.25,0,0.0,0
2014-11-10,2015-01-29,OPTSTK,EICHERMOT,12550.0,CE,0.0,0.0,0.0,1151.5,1096.45,0,0.0,0
2014-11-10,2015-01-29,OPTSTK,EICHERMOT,12600.0,CE,0.0,0.0,0.0,1127.3,1070.15,0,0.0,0
2014-11-10,2015-01-29,OPTSTK,EICHERMOT,12650.0,CE,0.0,0.0,0.0,1103.5,1044.25,0,0.0,0
2014-11-10,2015-01-29,OPTSTK,EICHERMOT,12700.0,CE,0.0,0.0,0.0,1080.05,1018.8,0,0.0,0
2014-11-10,2015-01-29,OPTSTK,EICHERMOT,12750.0,CE,0.0,0.0,0.0,1057.0,993.8,0,0.0,0
2014-11-10,2015-01-29,OPTSTK,EICHERMOT,12800.0,CE,0.0,0.0,0.0,1034.3,969.2,0,0.0,0
2014-11-10,2015-01-29,OPTSTK,EICHERMOT,12850.0,CE,0.0,0.0,0.0,1011.95,945.1,0,0.0,0
2014-11-10,2015-01-29,OPTSTK,EICHERMOT,12900.0,CE,0.0,0.0,0.0,990.0,921.4,0,0.0,0
2014-11-10,2015-01-29,OPTSTK,EICHERMOT,12950.0,CE,0.0,0.0,0.0,968.4,898.15,0,0.0,0
2014-11-10,2015-01-29,OPTSTK,EICHERMOT,13000.0,CE,0.0,0.0,0.0,947.15,875.3,0,0.0,0
2014-11-10,2015-01-29,OPTSTK,EICHERMOT,13050.0,CE,0.0,0.0,0.0,926.3,852.9,0,0.0,0
2014-11-10,2015-01-29,OPTSTK,EICHERMOT,13100.0,CE,0.0,0.0,0.0,905.75,830.95,0,0.0,0
2014-11-10,2015-01-29,OPTSTK,EICHERMOT,13150.0,CE,0.0,0.0,0.0,885.6,809.4,0,0.0,0
2014-11-10,2015-01-29,OPTSTK,EICHERMOT,13200.0,CE,0.0,0.0,0.0,865.75,788.3,0,0.0,0
2014-11-10,2015-01-29,OPTSTK,EICHERMOT,13250.0,CE,0.0,0.0,0.0,846.3,767.55,0,0.0,0
2014-11-10,2015-01-29,OPTSTK,EICHERMOT,13300.0,CE,0.0,0.0,0.0,827.15,747.3,0,0.0,0
2014-11-10,2015-01-29,OPTSTK,EICHERMOT,13350.0,CE,0.0,0.0,0.0,808.35,727.4,0,0.0,0
2014-11-10,2015-01-29,OPTSTK,EICHERMOT,13400.0,CE,0.0,0.0,0.0,789.9,707.9,0,0.0,0
2014-11-10,2015-01-29,OPTSTK,EICHERMOT,11550.0,PE,0.0,0.0,0.0,484.0,317.65,0,0.0,0
2014-11-10,2015-01-29,OPTSTK,EICHERMOT,11600.0,PE,0.0,0.0,0.0,501.05,331.6,0,0.0,0
2014-11-10,2015-01-29,OPTSTK,EICHERMOT,11650.0,PE,0.0,0.0,0.0,518.55,345.95,0,0.0,0
2014-11-10,2015-01-29,OPTSTK,EICHERMOT,11700.0,PE,0.0,0.0,0.0,536.4,360.75,0,0.0,0
2014-11-10,2015-01-29,OPTSTK,EICHERMOT,11750.0,PE,0.0,0.0,0.0,554.6,375.5,0,0.0,0
2014-11-10,2015-01-29,OPTSTK,EICHERMOT,11800.0,PE,0.0,0.0,0.0,573.2,391.15,0,0.0,0
2014-11-10,2015-01-29,OPTSTK,EICHERMOT,11850.0,PE,0.0,0.0,0.0,592.2,407.3,0,0.0,0
2014-11-10,2015-01-29,OPTSTK,EICHERMOT,11900.0,PE,0.0,0.0,0.0,611.6,423.85,0,0.0,0
2014-11-10,2015-01-29,OPTSTK,EICHERMOT,11950.0,PE,0.0,0.0,0.0,631.35,440.8,0,0.0,0
2014-11-10,2015-01-29,OPTSTK,EICHERMOT,12000.0,PE,0.0,0.0,0.0,651.5,458.2,0,0.0,0
2014-11-10,2015-01-29,OPTSTK,EICHERMOT,12050.0,PE,0.0,0.0,0.0,672.05,476.05,0,0.0,0
2014-11-10,2015-01-29,OPTSTK,EICHERMOT,12100.0,PE,0.0,0.0,0.0,692.95,494.35,0,0.0,0
2014-11-10,2015-01-29,OPTSTK,EICHERMOT,12150.0,PE,0.0,0.0,0.0,714.25,513.1,0,0.0,0
2014-11-10,2015-01-29,OPTSTK,EICHERMOT,12200.0,PE,0.0,0.0,0.0,735.95,532.25,0,0.0,0
2014-11-10,2015-01-29,OPTSTK,EICHERMOT,12250.0,PE,0.0,0.0,0.0,758.05,551.9,0,0.0,0
2014-11-10,2015-01-29,OPTSTK,EICHERMOT,12300.0,PE,0.0,0.0,0.0,780.5,571.95,0,0.0,0
2014-11-10,2015-01-29,OPTSTK,EICHERMOT,12350.0,PE,0.0,0.0,0.0,803.35,592.45,0,0.0,0
2014-11-10,2015-01-29,OPTSTK,EICHERMOT,12400.0,PE,0.0,0.0,0.0,826.55,613.4,0,0.0,0
2014-11-10,2015-01-29,OPTSTK,EICHERMOT,12450.0,PE,0.0,0.0,0.0,850.15,634.8,0,0.0,0
2014-11-10,2015-01-29,OPTSTK,EICHERMOT,12500.0,PE,0.0,0.0,0.0,874.15,656.65,0,0.0,0
2014-11-10,2015-01-29,OPTSTK,EICHERMOT,12550.0,PE,0.0,0.0,0.0,898.45,678.9,0,0.0,0
2014-11-10,2015-01-29,OPTSTK,EICHERMOT,12600.0,PE,0.0,0.0,0.0,923.15,701.65,0,0.0,0
2014-11-10,2015-01-29,OPTSTK,EICHERMOT,12650.0,PE,0.0,0.0,0.0,948.3,724.8,0,0.0,0
2014-11-10,2015-01-29,OPTSTK,EICHERMOT,12700.0,PE,0.0,0.0,0.0,973.75,748.45,0,0.0,0
2014-11-10,2015-01-29,OPTSTK,EICHERMOT,12750.0,PE,0.0,0.0,0.0,999.6,772.5,0,0.0,0
2014-11-10,2015-01-29,OPTSTK,EICHERMOT,12800.0,PE,0.0,0.0,0.0,1025.85,796.9,0,0.0,0
2014-11-10,2015-01-29,OPTSTK,EICHERMOT,12850.0,PE,0.0,0.0,0.0,1052.45,821.85,0,0.0,0
2014-11-10,2015-01-29,OPTSTK,EICHERMOT,12900.0,PE,0.0,0.0,0.0,1079.4,847.2,0,0.0,0
2014-11-10,2015-01-29,OPTSTK,EICHERMOT,12950.0,PE,0.0,0.0,0.0,1106.7,873.0,0,0.0,0
2014-11-10,2015-01-29,OPTSTK,EICHERMOT,13000.0,PE,0.0,0.0,0.0,1134.4,899.25,0,0.0,0
2014-11-10,2015-01-29,OPTSTK,EICHERMOT,13050.0,PE,0.0,0.0,0.0,1162.45,925.9,0,0.0,0
2014-11-10,2015-01-29,OPTSTK,EICHERMOT,13100.0,PE,0.0,0.0,0.0,1190.8,953.0,0,0.0,0
2014-11-10,2015-01-29,OPTSTK,EICHERMOT,13150.0,PE,0.0,0.0,0.0,1219.55,980.5,0,0.0,0
2014-11-10,2015-01-29,OPTSTK,EICHERMOT,13200.0,PE,0.0,0.0,0.0,1248.65,1008.4,0,0.0,0
2014-11-10,2015-01-29,OPTSTK,EICHERMOT,13250.0,PE,0.0,0.0,0.0,1278.1,1036.75,0,0.0,0
2014-11-10,2015-01-29,OPTSTK,EICHERMOT,13300.0,PE,0.0,0.0,0.0,1307.9,1065.5,0,0.0,0
2014-11-10,2015-01-29,OPTSTK,EICHERMOT,13350.0,PE,0.0,0.0,0.0,1338.05,1094.7,0,0.0,0
2014-11-10,2015-01-29,OPTSTK,EICHERMOT,13400.0,PE,0.0,0.0,0.0,1368.5,1124.25,0,0.0,0
2014-11-10,2014-11-27,OPTSTK,EXIDEIND,105.0,CE,0.0,0.0,0.0,60.2,58.3,0,0.0,0
2014-11-10,2014-11-27,OPTSTK,EXIDEIND,110.0,CE,0.0,0.0,0.0,55.4,53.3,0,0.0,0
2014-11-10,2014-11-27,OPTSTK,EXIDEIND,115.0,CE,0.0,0.0,0.0,50.6,48.3,0,0.0,0
2014-11-10,2014-11-27,OPTSTK,EXIDEIND,120.0,CE,0.0,0.0,0.0,45.9,43.35,0,0.0,0
2014-11-10,2014-11-27,OPTSTK,EXIDEIND,125.0,CE,0.0,0.0,0.0,41.3,38.35,0,0.0,0
2014-11-10,2014-11-27,OPTSTK,EXIDEIND,130.0,CE,0.0,0.0,0.0,36.85,33.4,0,0.0,0
2014-11-10,2014-11-27,OPTSTK,EXIDEIND,135.0,CE,0.0,0.0,0.0,32.6,28.45,0,0.0,0
2014-11-10,2014-11-27,OPTSTK,EXIDEIND,140.0,CE,0.0,0.0,0.0,28.6,23.55,0,0.0,0
2014-11-10,2014-11-27,OPTSTK,EXIDEIND,145.0,CE,0.0,0.0,0.0,24.85,18.8,0,0.0,0
2014-11-10,2014-11-27,OPTSTK,EXIDEIND,150.0,CE,0.0,0.0,0.0,12.5,14.35,0,0.0,2000
2014-11-10,2014-11-27,OPTSTK,EXIDEIND,155.0,CE,9.5,10.35,9.5,9.9,9.9,3,9.89,22000
2014-11-10,2014-11-27,OPTSTK,EXIDEIND,160.0,CE,6.35,7.15,5.95,6.35,6.35,73,243.16,226000
2014-11-10,2014-11-27,OPTSTK,EXIDEIND,165.0,CE,3.8,4.5,3.7,3.8,3.8,105,355.0,240000
2014-11-10,2014-11-27,OPTSTK,EXIDEIND,170.0,CE,2.25,2.75,2.1,2.2,2.2,53,182.78,298000
2014-11-10,2014-11-27,OPTSTK,EXIDEIND,175.0,CE,1.4,1.6,1.2,1.2,1.2,34,119.96,160000
2014-11-10,2014-11-27,OPTSTK,EXIDEIND,180.0,CE,1.1,1.1,0.8,0.8,0.8,29,104.94,118000
2014-11-10,2014-11-27,OPTSTK,EXIDEIND,185.0,CE,0.0,0.0,0.0,0.8,0.35,0,0.0,2000
2014-11-10,2014-11-27,OPTSTK,EXIDEIND,190.0,CE,0.0,0.0,0.0,4.65,0.15,0,0.0,0
2014-11-10,2014-11-27,OPTSTK,EXIDEIND,195.0,CE,0.0,0.0,0.0,0.2,0.1,0,0.0,8000
2014-11-10,2014-11-27,OPTSTK,EXIDEIND,200.0,CE,0.0,0.0,0.0,2.95,0.05,0,0.0,0
2014-11-10,2014-11-27,OPTSTK,EXIDEIND,205.0,CE,0.0,0.0,0.0,2.3,0.05,0,0.0,0
2014-11-10,2014-11-27,OPTSTK,EXIDEIND,210.0,CE,0.0,0.0,0.0,1.8,0.0,0,0.0,0
2014-11-10,2014-11-27,OPTSTK,EXIDEIND,105.0,PE,0.0,0.0,0.0,0.1,0.0,0,0.0,0
2014-11-10,2014-11-27,OPTSTK,EXIDEIND,110.0,PE,0.0,0.0,0.0,0.15,0.0,0,0.0,0
2014-11-10,2014-11-27,OPTSTK,EXIDEIND,115.0,PE,0.0,0.0,0.0,0.25,0.0,0,0.0,0
2014-11-10,2014-11-27,OPTSTK,EXIDEIND,120.0,PE,0.0,0.0,0.0,0.45,0.0,0,0.0,0
2014-11-10,2014-11-27,OPTSTK,EXIDEIND,125.0,PE,0.0,0.0,0.0,0.75,0.0,0,0.0,0
2014-11-10,2014-11-27,OPTSTK,EXIDEIND,130.0,PE,0.0,0.0,0.0,1.2,0.05,0,0.0,0
2014-11-10,2014-11-27,OPTSTK,EXIDEIND,135.0,PE,0.0,0.0,0.0,1.85,0.05,0,0.0,0
2014-11-10,2014-11-27,OPTSTK,EXIDEIND,140.0,PE,0.0,0.0,0.0,0.75,0.15,0,0.0,6000
2014-11-10,2014-11-27,OPTSTK,EXIDEIND,145.0,PE,0.3,0.3,0.25,0.25,0.25,16,46.48,54000
2014-11-10,2014-11-27,OPTSTK,EXIDEIND,150.0,PE,0.9,0.9,0.7,0.8,0.8,15,45.23,86000
2014-11-10,2014-11-27,OPTSTK,EXIDEIND,155.0,PE,2.0,2.0,1.45,1.6,1.6,22,68.93,94000
2014-11-10,2014-11-27,OPTSTK,EXIDEIND,160.0,PE,3.55,3.9,3.0,3.1,3.1,38,124.03,236000
2014-11-10,2014-11-27,OPTSTK,EXIDEIND,165.0,PE,0.0,0.0,0.0,7.0,5.95,0,0.0,12000
2014-11-10,2014-11-27,OPTSTK,EXIDEIND,170.0,PE,0.0,0.0,0.0,11.85,9.1,0,0.0,4000
2014-11-10,2014-11-27,OPTSTK,EXIDEIND,175.0,PE,0.0,0.0,0.0,17.85,12.9,0,0.0,4000
2014-11-10,2014-11-27,OPTSTK,EXIDEIND,180.0,PE,0.0,0.0,0.0,18.45,17.2,0,0.0,2000
2014-11-10,2014-11-27,OPTSTK,EXIDEIND,185.0,PE,0.0,0.0,0.0,23.95,21.8,0,0.0,0
2014-11-10,2014-11-27,OPTSTK,EXIDEIND,190.0,PE,0.0,0.0,0.0,27.7,26.55,0,0.0,0
2014-11-10,2014-11-27,OPTSTK,EXIDEIND,195.0,PE,0.0,0.0,0.0,31.65,31.45,0,0.0,0
2014-11-10,2014-11-27,OPTSTK,EXIDEIND,200.0,PE,0.0,0.0,0.0,35.75,36.4,0,0.0,0
2014-11-10,2014-11-27,OPTSTK,EXIDEIND,205.0,PE,0.0,0.0,0.0,40.05,41.35,0,0.0,0
2014-11-10,2014-11-27,OPTSTK,EXIDEIND,210.0,PE,0.0,0.0,0.0,44.45,46.35,0,0.0,0
2014-11-10,2014-12-24,OPTSTK,EXIDEIND,105.0,CE,0.0,0.0,0.0,63.2,58.95,0,0.0,0
2014-11-10,2014-12-24,OPTSTK,EXIDEIND,110.0,CE,0.0,0.0,0.0,58.4,54.05,0,0.0,0
2014-11-10,2014-12-24,OPTSTK,EXIDEIND,115.0,CE,0.0,0.0,0.0,53.65,49.1,0,0.0,0
2014-11-10,2014-12-24,OPTSTK,EXIDEIND,120.0,CE,0.0,0.0,0.0,49.05,44.15,0,0.0,0
2014-11-10,2014-12-24,OPTSTK,EXIDEIND,125.0,CE,0.0,0.0,0.0,44.55,39.3,0,0.0,0
2014-11-10,2014-12-24,OPTSTK,EXIDEIND,130.0,CE,0.0,0.0,0.0,40.2,34.45,0,0.0,0
2014-11-10,2014-12-24,OPTSTK,EXIDEIND,135.0,CE,0.0,0.0,0.0,36.0,29.75,0,0.0,0
2014-11-10,2014-12-24,OPTSTK,EXIDEIND,140.0,CE,0.0,0.0,0.0,32.05,25.25,0,0.0,0
2014-11-10,2014-12-24,OPTSTK,EXIDEIND,145.0,CE,0.0,0.0,0.0,28.35,21.05,0,0.0,0
2014-11-10,2014-12-24,OPTSTK,EXIDEIND,150.0,CE,0.0,0.0,0.0,24.9,17.15,0,0.0,0
2014-11-10,2014-12-24,OPTSTK,EXIDEIND,155.0,CE,0.0,0.0,0.0,21.7,13.65,0,0.0,0
2014-11-10,2014-12-24,OPTSTK,EXIDEIND,160.0,CE,0.0,0.0,0.0,18.8,10.65,0,0.0,0
2014-11-10,2014-12-24,OPTSTK,EXIDEIND,165.0,CE,0.0,0.0,0.0,16.15,8.1,0,0.0,0
2014-11-10,2014-12-24,OPTSTK,EXIDEIND,170.0,CE,6.1,6.1,6.1,6.1,6.1,1,3.52,2000
2014-11-10,2014-12-24,OPTSTK,EXIDEIND,175.0,CE,0.0,0.0,0.0,11.75,4.35,0,0.0,0
2014-11-10,2014-12-24,OPTSTK,EXIDEIND,180.0,CE,0.0,0.0,0.0,4.7,3.1,0,0.0,0
2014-11-10,2014-12-24,OPTSTK,EXIDEIND,185.0,CE,0.0,0.0,0.0,8.35,2.15,0,0.0,0
2014-11-10,2014-12-24,OPTSTK,EXIDEIND,190.0,CE,0.0,0.0,0.0,6.95,1.45,0,0.0,0
2014-11-10,2014-12-24,OPTSTK,EXIDEIND,195.0,CE,0.0,0.0,0.0,5.8,1.0,0,0.0,0
2014-11-10,2014-12-24,OPTSTK,EXIDEIND,200.0,CE,0.0,0.0,0.0,4.8,0.65,0,0.0,0
2014-11-10,2014-12-24,OPTSTK,EXIDEIND,205.0,CE,0.0,0.0,0.0,3.95,0.4,0,0.0,0
2014-11-10,2014-12-24,OPTSTK,EXIDEIND,210.0,CE,0.0,0.0,0.0,3.25,0.25,0,0.0,0
2014-11-10,2014-12-24,OPTSTK,EXIDEIND,105.0,PE,0.0,0.0,0.0,0.15,0.0,0,0.0,0
2014-11-10,2014-12-24,OPTSTK,EXIDEIND,110.0,PE,0.0,0.0,0.0,0.25,0.0,0,0.0,0
2014-11-10,2014-12-24,OPTSTK,EXIDEIND,115.0,PE,0.0,0.0,0.0,0.4,0.05,0,0.0,0
2014-11-10,2014-12-24,OPTSTK,EXIDEIND,120.0,PE,0.0,0.0,0.0,0.7,0.05,0,0.0,0
2014-11-10,2014-12-24,OPTSTK,EXIDEIND,125.0,PE,0.0,0.0,0.0,1.05,0.1,0,0.0,0
2014-11-10,2014-12-24,OPTSTK,EXIDEIND,130.0,PE,0.0,0.0,0.0,1.6,0.25,0,0.0,0
2014-11-10,2014-12-24,OPTSTK,EXIDEIND,135.0,PE,0.0,0.0,0.0,2.35,0.5,0,0.0,0
2014-11-10,2014-12-24,OPTSTK,EXIDEIND,140.0,PE,0.0,0.0,0.0,3.25,0.95,0,0.0,0
2014-11-10,2014-12-24,OPTSTK,EXIDEIND,145.0,PE,0.0,0.0,0.0,4.45,1.65,0,0.0,0
2014-11-10,2014-12-24,OPTSTK,EXIDEIND,150.0,PE,0.0,0.0,0.0,5.85,2.7,0,0.0,0
2014-11-10,2014-12-24,OPTSTK,EXIDEIND,155.0,PE,0.0,0.0,0.0,7.55,4.2,0,0.0,0
2014-11-10,2014-12-24,OPTSTK,EXIDEIND,160.0,PE,0.0,0.0,0.0,9.55,6.1,0,0.0,0
2014-11-10,2014-12-24,OPTSTK,EXIDEIND,165.0,PE,0.0,0.0,0.0,11.85,8.5,0,0.0,0
2014-11-10,2014-12-24,OPTSTK,EXIDEIND,170.0,PE,0.0,0.0,0.0,14.35,11.35,0,0.0,0
2014-11-10,2014-12-24,OPTSTK,EXIDEIND,175.0,PE,0.0,0.0,0.0,17.2,14.65,0,0.0,0
2014-11-10,2014-12-24,OPTSTK,EXIDEIND,180.0,PE,0.0,0.0,0.0,20.25,18.35,0,0.0,0
2014-11-10,2014-12-24,OPTSTK,EXIDEIND,185.0,PE,0.0,0.0,0.0,23.55,22.35,0,0.0,0
2014-11-10,2014-12-24,OPTSTK,EXIDEIND,190.0,PE,0.0,0.0,0.0,27.1,26.65,0,0.0,0
2014-11-10,2014-12-24,OPTSTK,EXIDEIND,195.0,PE,0.0,0.0,0.0,30.8,31.1,0,0.0,0
2014-11-10,2014-12-24,OPTSTK,EXIDEIND,200.0,PE,0.0,0.0,0.0,34.7,35.7,0,0.0,0
2014-11-10,2014-12-24,OPTSTK,EXIDEIND,205.0,PE,0.0,0.0,0.0,38.75,40.4,0,0.0,0
2014-11-10,2014-12-24,OPTSTK,EXIDEIND,210.0,PE,0.0,0.0,0.0,42.9,45.2,0,0.0,0
2014-11-10,2015-01-29,OPTSTK,EXIDEIND,105.0,CE,0.0,0.0,0.0,53.95,59.9,0,0.0,0
2014-11-10,2015-01-29,OPTSTK,EXIDEIND,110.0,CE,0.0,0.0,0.0,49.2,55.0,0,0.0,0
2014-11-10,2015-01-29,OPTSTK,EXIDEIND,115.0,CE,0.0,0.0,0.0,44.6,50.2,0,0.0,0
2014-11-10,2015-01-29,OPTSTK,EXIDEIND,120.0,CE,0.0,0.0,0.0,40.1,45.4,0,0.0,0
2014-11-10,2015-01-29,OPTSTK,EXIDEIND,125.0,CE,0.0,0.0,0.0,35.8,40.75,0,0.0,0
2014-11-10,2015-01-29,OPTSTK,EXIDEIND,130.0,CE,0.0,0.0,0.0,31.7,36.2,0,0.0,0
2014-11-10,2015-01-29,OPTSTK,EXIDEIND,135.0,CE,0.0,0.0,0.0,27.85,31.85,0,0.0,0
2014-11-10,2015-01-29,OPTSTK,EXIDEIND,140.0,CE,0.0,0.0,0.0,24.25,27.7,0,0.0,0
2014-11-10,2015-01-29,OPTSTK,EXIDEIND,145.0,CE,0.0,0.0,0.0,20.95,23.8,0,0.0,0
2014-11-10,2015-01-29,OPTSTK,EXIDEIND,150.0,CE,0.0,0.0,0.0,17.95,20.25,0,0.0,0
2014-11-10,2015-01-29,OPTSTK,EXIDEIND,155.0,CE,0.0,0.0,0.0,15.25,17.0,0,0.0,0
2014-11-10,2015-01-29,OPTSTK,EXIDEIND,160.0,CE,0.0,0.0,0.0,12.85,14.15,0,0.0,0
2014-11-10,2015-01-29,OPTSTK,EXIDEIND,165.0,CE,0.0,0.0,0.0,10.75,11.6,0,0.0,0
2014-11-10,2015-01-29,OPTSTK,EXIDEIND,170.0,CE,0.0,0.0,0.0,8.95,9.45,0,0.0,0
2014-11-10,2015-01-29,OPTSTK,EXIDEIND,175.0,CE,0.0,0.0,0.0,7.4,7.55,0,0.0,0
2014-11-10,2015-01-29,OPTSTK,EXIDEIND,180.0,CE,0.0,0.0,0.0,6.05,6.0,0,0.0,0
2014-11-10,2015-01-29,OPTSTK,EXIDEIND,185.0,CE,0.0,0.0,0.0,4.95,4.75,0,0.0,0
2014-11-10,2015-01-29,OPTSTK,EXIDEIND,190.0,CE,0.0,0.0,0.0,4.0,3.7,0,0.0,0
2014-11-10,2015-01-29,OPTSTK,EXIDEIND,195.0,CE,0.0,0.0,0.0,3.25,2.85,0,0.0,0
2014-11-10,2015-01-29,OPTSTK,EXIDEIND,200.0,CE,0.0,0.0,0.0,2.6,2.2,0,0.0,0
2014-11-10,2015-01-29,OPTSTK,EXIDEIND,205.0,CE,0.0,0.0,0.0,2.05,1.65,0,0.0,0
2014-11-10,2015-01-29,OPTSTK,EXIDEIND,210.0,CE,0.0,0.0,0.0,1.65,1.25,0,0.0,0
2014-11-10,2015-01-29,OPTSTK,EXIDEIND,105.0,PE,0.0,0.0,0.0,0.2,0.05,0,0.0,0
2014-11-10,2015-01-29,OPTSTK,EXIDEIND,110.0,PE,0.0,0.0,0.0,0.4,0.1,0,0.0,0
2014-11-10,2015-01-29,OPTSTK,EXIDEIND,115.0,PE,0.0,0.0,0.0,0.65,0.15,0,0.0,0
2014-11-10,2015-01-29,OPTSTK,EXIDEIND,120.0,PE,0.0,0.0,0.0,1.1,0.3,0,0.0,0
2014-11-10,2015-01-29,OPTSTK,EXIDEIND,125.0,PE,0.0,0.0,0.0,1.65,0.5,0,0.0,0
2014-11-10,2015-01-29,OPTSTK,EXIDEIND,130.0,PE,0.0,0.0,0.0,2.45,0.9,0,0.0,0
2014-11-10,2015-01-29,OPTSTK,EXIDEIND,135.0,PE,0.0,0.0,0.0,3.5,1.4,0,0.0,0
2014-11-10,2015-01-29,OPTSTK,EXIDEIND,140.0,PE,0.0,0.0,0.0,4.8,2.2,0,0.0,0
2014-11-10,2015-01-29,OPTSTK,EXIDEIND,145.0,PE,0.0,0.0,0.0,6.35,3.2,0,0.0,0
2014-11-10,2015-01-29,OPTSTK,EXIDEIND,150.0,PE,0.0,0.0,0.0,8.25,4.55,0,0.0,0
2014-11-10,2015-01-29,OPTSTK,EXIDEIND,155.0,PE,0.0,0.0,0.0,10.45,6.25,0,0.0,0
2014-11-10,2015-01-29,OPTSTK,EXIDEIND,160.0,PE,0.0,0.0,0.0,12.95,8.25,0,0.0,0
2014-11-10,2015-01-29,OPTSTK,EXIDEIND,165.0,PE,0.0,0.0,0.0,15.75,10.65,0,0.0,0
2014-11-10,2015-01-29,OPTSTK,EXIDEIND,170.0,PE,0.0,0.0,0.0,18.85,13.35,0,0.0,0
2014-11-10,2015-01-29,OPTSTK,EXIDEIND,175.0,PE,0.0,0.0,0.0,22.15,16.4,0,0.0,0
2014-11-10,2015-01-29,OPTSTK,EXIDEIND,180.0,PE,0.0,0.0,0.0,25.75,19.75,0,0.0,0
2014-11-10,2015-01-29,OPTSTK,EXIDEIND,185.0,PE,0.0,0.0,0.0,29.5,23.4,0,0.0,0
2014-11-10,2015-01-29,OPTSTK,EXIDEIND,190.0,PE,0.0,0.0,0.0,33.45,27.25,0,0.0,0
2014-11-10,2015-01-29,OPTSTK,EXIDEIND,195.0,PE,0.0,0.0,0.0,37.6,31.3,0,0.0,0
2014-11-10,2015-01-29,OPTSTK,EXIDEIND,200.0,PE,0.0,0.0,0.0,41.85,35.55,0,0.0,0
2014-11-10,2015-01-29,OPTSTK,EXIDEIND,205.0,PE,0.0,0.0,0.0,46.2,39.9,0,0.0,0
2014-11-10,2015-01-29,OPTSTK,EXIDEIND,210.0,PE,0.0,0.0,0.0,50.65,44.4,0,0.0,0
2014-11-10,2014-11-27,OPTSTK,FEDERALBNK,80.0,CE,0.0,0.0,0.0,42.7,65.7,0,0.0,0
2014-11-10,2014-11-27,OPTSTK,FEDERALBNK,85.0,CE,0.0,0.0,0.0,38.05,60.7,0,0.0,0
2014-11-10,2014-11-27,OPTSTK,FEDERALBNK,90.0,CE,0.0,0.0,0.0,33.5,55.75,0,0.0,0
2014-11-10,2014-11-27,OPTSTK,FEDERALBNK,95.0,CE,0.0,0.0,0.0,29.2,50.75,0,0.0,0
2014-11-10,2014-11-27,OPTSTK,FEDERALBNK,100.0,CE,0.0,0.0,0.0,25.2,45.75,0,0.0,0
2014-11-10,2014-11-27,OPTSTK,FEDERALBNK,105.0,CE,0.0,0.0,0.0,21.45,40.8,0,0.0,0
2014-11-10,2014-11-27,OPTSTK,FEDERALBNK,110.0,CE,0.0,0.0,0.0,18.05,35.8,0,0.0,0
2014-11-10,2014-11-27,OPTSTK,FEDERALBNK,115.0,CE,0.0,0.0,0.0,15.05,30.85,0,0.0,0
2014-11-10,2014-11-27,OPTSTK,FEDERALBNK,120.0,CE,0.0,0.0,0.0,22.8,25.95,0,0.0,6000
2014-11-10,2014-11-27,OPTSTK,FEDERALBNK,125.0,CE,0.0,0.0,0.0,10.1,21.15,0,0.0,0
2014-11-10,2014-11-27,OPTSTK,FEDERALBNK,130.0,CE,0.0,0.0,0.0,15.0,16.55,0,0.0,6000
2014-11-10,2014-11-27,OPTSTK,FEDERALBNK,135.0,CE,0.0,0.0,0.0,12.3,12.4,0,0.0,20000
2014-11-10,2014-11-27,OPTSTK,FEDERALBNK,140.0,CE,7.55,8.6,6.35,8.2,8.2,18,53.07,220000
2014-11-10,2014-11-27,OPTSTK,FEDERALBNK,145.0,CE,5.35,5.5,4.0,5.3,5.3,89,266.39,324000
2014-11-10,2014-11-27,OPTSTK,FEDERALBNK,150.0,CE,3.25,3.25,2.2,3.05,3.05,96,293.22,454000
2014-11-10,2014-11-27,OPTSTK,FEDERALBNK,155.0,CE,1.6,1.8,1.2,1.6,1.6,46,143.97,322000
2014-11-10,2014-11-27,OPTSTK,FEDERALBNK,160.0,CE,1.0,1.0,0.6,0.8,0.8,25,80.33,126000
2014-11-10,2014-11-27,OPTSTK,FEDERALBNK,165.0,CE,0.65,0.65,0.65,0.65,0.65,1,3.31,18000
2014-11-10,2014-11-27,OPTSTK,FEDERALBNK,170.0,CE,0.0,0.0,0.0,0.4,0.35,0,0.0,12000
2014-11-10,2014-11-27,OPTSTK,FEDERALBNK,175.0,CE,0.0,0.0,0.0,1.2,0.15,0,0.0,0
2014-11-10,2014-11-27,OPTSTK,FEDERALBNK,80.0,PE,0.0,0.0,0.0,0.25,0.0,0,0.0,0
2014-11-10,2014-11-27,OPTSTK,FEDERALBNK,85.0,PE,0.0,0.0,0.0,0.45,0.0,0,0.0,0
2014-11-10,2014-11-27,OPTSTK,FEDERALBNK,90.0,PE,0.0,0.0,0.0,0.85,0.0,0,0.0,0
2014-11-10,2014-11-27,OPTSTK,FEDERALBNK,95.0,PE,0.0,0.0,0.0,1.45,0.0,0,0.0,0
2014-11-10,2014-11-27,OPTSTK,FEDERALBNK,100.0,PE,0.0,0.0,0.0,2.3,0.0,0,0.0,0
2014-11-10,2014-11-27,OPTSTK,FEDERALBNK,105.0,PE,0.0,0.0,0.0,3.45,0.0,0,0.0,0
2014-11-10,2014-11-27,OPTSTK,FEDERALBNK,110.0,PE,0.0,0.0,0.0,0.2,0.0,0,0.0,12000
2014-11-10,2014-11-27,OPTSTK,FEDERALBNK,115.0,PE,0.0,0.0,0.0,6.85,0.05,0,0.0,0
2014-11-10,2014-11-27,OPTSTK,FEDERALBNK,120.0,PE,0.15,0.15,0.1,0.1,0.1,2,4.8,26000
2014-11-10,2014-11-27,OPTSTK,FEDERALBNK,125.0,PE,0.0,0.0,0.0,0.55,0.3,0,0.0,48000
2014-11-10,2014-11-27,OPTSTK,FEDERALBNK,130.0,PE,0.85,0.9,0.6,0.6,0.6,10,26.15,158000
2014-11-10,2014-11-27,OPTSTK,FEDERALBNK,135.0,PE,1.4,1.85,1.25,1.25,1.25,8,21.85,78000
2014-11-10,2014-11-27,OPTSTK,FEDERALBNK,140.0,PE,3.0,3.5,2.15,2.35,2.35,36,102.8,246000
2014-11-10,2014-11-27,OPTSTK,FEDERALBNK,145.0,PE,5.5,5.8,4.1,4.25,4.25,34,101.81,96000
2014-11-10,2014-11-27,OPTSTK,FEDERALBNK,150.0,PE,8.6,8.6,7.0,7.0,7.0,2,6.31,22000
2014-11-10,2014-11-27,OPTSTK,FEDERALBNK,155.0,PE,0.0,0.0,0.0,14.5,11.3,0,0.0,2000
2014-11-10,2014-11-27,OPTSTK,FEDERALBNK,160.0,PE,0.0,0.0,0.0,37.75,15.3,0,0.0,0
2014-11-10,2014-11-27,OPTSTK,FEDERALBNK,165.0,PE,0.0,0.0,0.0,42.2,19.7,0,0.0,0
2014-11-10,2014-11-27,OPTSTK,FEDERALBNK,170.0,PE,0.0,0.0,0.0,46.75,24.35,0,0.0,0
2014-11-10,2014-11-27,OPTSTK,FEDERALBNK,175.0,PE,0.0,0.0,0.0,48.15,29.15,0,0.0,0
2014-11-10,2014-12-24,OPTSTK,FEDERALBNK,80.0,CE,0.0,0.0,0.0,44.0,66.2,0,0.0,0
2014-11-10,2014-12-24,OPTSTK,FEDERALBNK,85.0,CE,0.0,0.0,0.0,39.25,61.25,0,0.0,0
2014-11-10,2014-12-24,OPTSTK,FEDERALBNK,90.0,CE,0.0,0.0,0.0,34.65,56.3,0,0.0,0
2014-11-10,2014-12-24,OPTSTK,FEDERALBNK,95.0,CE,0.0,0.0,0.0,30.2,51.4,0,0.0,0
2014-11-10,2014-12-24,OPTSTK,FEDERALBNK,100.0,CE,0.0,0.0,0.0,25.95,46.45,0,0.0,0
2014-11-10,2014-12-24,OPTSTK,FEDERALBNK,105.0,CE,0.0,0.0,0.0,22.05,41.55,0,0.0,0
2014-11-10,2014-12-24,OPTSTK,FEDERALBNK,110.0,CE,0.0,0.0,0.0,18.45,36.75,0,0.0,0
2014-11-10,2014-12-24,OPTSTK,FEDERALBNK,115.0,CE,0.0,0.0,0.0,15.2,32.0,0,0.0,0
2014-11-10,2014-12-24,OPTSTK,FEDERALBNK,120.0,CE,0.0,0.0,0.0,12.4,27.45,0,0.0,0
2014-11-10,2014-12-24,OPTSTK,FEDERALBNK,125.0,CE,0.0,0.0,0.0,9.95,23.2,0,0.0,0
2014-11-10,2014-12-24,OPTSTK,FEDERALBNK,130.0,CE,0.0,0.0,0.0,7.9,19.2,0,0.0,0
2014-11-10,2014-12-24,OPTSTK,FEDERALBNK,135.0,CE,0.0,0.0,0.0,6.2,15.6,0,0.0,0
2014-11-10,2014-12-24,OPTSTK,FEDERALBNK,140.0,CE,0.0,0.0,0.0,4.85,12.45,0,0.0,0
2014-11-10,2014-12-24,OPTSTK,FEDERALBNK,145.0,CE,0.0,0.0,0.0,3.7,9.7,0,0.0,0
2014-11-10,2014-12-24,OPTSTK,FEDERALBNK,150.0,CE,0.0,0.0,0.0,2.85,7.45,0,0.0,0
2014-11-10,2014-12-24,OPTSTK,FEDERALBNK,155.0,CE,0.0,0.0,0.0,2.15,5.6,0,0.0,0
2014-11-10,2014-12-24,OPTSTK,FEDERALBNK,160.0,CE,0.0,0.0,0.0,1.6,4.15,0,0.0,0
2014-11-10,2014-12-24,OPTSTK,FEDERALBNK,165.0,CE,0.0,0.0,0.0,1.2,3.0,0,0.0,0
2014-11-10,2014-12-24,OPTSTK,FEDERALBNK,170.0,CE,0.0,0.0,0.0,0.9,2.15,0,0.0,0
2014-11-10,2014-12-24,OPTSTK,FEDERALBNK,175.0,CE,0.0,0.0,0.0,0.65,1.5,0,0.0,0
2014-11-10,2014-12-24,OPTSTK,FEDERALBNK,80.0,PE,0.0,0.0,0.0,0.15,0.0,0,0.0,0
2014-11-10,2014-12-24,OPTSTK,FEDERALBNK,85.0,PE,0.0,0.0,0.0,0.25,0.0,0,0.0,0
2014-11-10,2014-12-24,OPTSTK,FEDERALBNK,90.0,PE,0.0,0.0,0.0,0.55,0.0,0,0.0,0
2014-11-10,2014-12-24,OPTSTK,FEDERALBNK,95.0,PE,0.0,0.0,0.0,0.95,0.05,0,0.0,0
2014-11-10,2014-12-24,OPTSTK,FEDERALBNK,100.0,PE,0.0,0.0,0.0,1.65,0.05,0,0.0,0
2014-11-10,2014-12-24,OPTSTK,FEDERALBNK,105.0,PE,0.0,0.0,0.0,2.6,0.1,0,0.0,0
2014-11-10,2014-12-24,OPTSTK,FEDERALBNK,110.0,PE,0.0,0.0,0.0,3.9,0.25,0,0.0,0
2014-11-10,2014-12-24,OPTSTK,FEDERALBNK,115.0,PE,0.0,0.0,0.0,5.55,0.45,0,0.0,0
2014-11-10,2014-12-24,OPTSTK,FEDERALBNK,120.0,PE,0.0,0.0,0.0,7.65,0.85,0,0.0,0
2014-11-10,2014-12-24,OPTSTK,FEDERALBNK,125.0,PE,0.0,0.0,0.0,10.1,1.5,0,0.0,0
2014-11-10,2014-12-24,OPTSTK,FEDERALBNK,130.0,PE,0.0,0.0,0.0,4.5,2.5,0,0.0,2000
2014-11-10,2014-12-24,OPTSTK,FEDERALBNK,135.0,PE,0.0,0.0,0.0,16.15,3.85,0,0.0,0
2014-11-10,2014-12-24,OPTSTK,FEDERALBNK,140.0,PE,0.0,0.0,0.0,19.65,5.6,0,0.0,0
2014-11-10,2014-12-24,OPTSTK,FEDERALBNK,145.0,PE,0.0,0.0,0.0,23.4,7.85,0,0.0,0
2014-11-10,2014-12-24,OPTSTK,FEDERALBNK,150.0,PE,0.0,0.0,0.0,27.4,10.5,0,0.0,0
2014-11-10,2014-12-24,OPTSTK,FEDERALBNK,155.0,PE,0.0,0.0,0.0,31.6,13.6,0,0.0,0
2014-11-10,2014-12-24,OPTSTK,FEDERALBNK,160.0,PE,0.0,0.0,0.0,35.95,17.1,0,0.0,0
2014-11-10,2014-12-24,OPTSTK,FEDERALBNK,165.0,PE,0.0,0.0,0.0,40.45,20.9,0,0.0,0
2014-11-10,2014-12-24,OPTSTK,FEDERALBNK,170.0,PE,0.0,0.0,0.0,45.05,25.0,0,0.0,0
2014-11-10,2014-12-24,OPTSTK,FEDERALBNK,175.0,PE,0.0,0.0,0.0,49.7,29.3,0,0.0,0
2014-11-10,2015-01-29,OPTSTK,FEDERALBNK,80.0,CE,0.0,0.0,0.0,61.4,66.9,0,0.0,0
2014-11-10,2015-01-29,OPTSTK,FEDERALBNK,85.0,CE,0.0,0.0,0.0,56.6,62.0,0,0.0,0
2014-11-10,2015-01-29,OPTSTK,FEDERALBNK,90.0,CE,0.0,0.0,0.0,51.9,57.15,0,0.0,0
2014-11-10,2015-01-29,OPTSTK,FEDERALBNK,95.0,CE,0.0,0.0,0.0,47.25,52.3,0,0.0,0
2014-11-10,2015-01-29,OPTSTK,FEDERALBNK,100.0,CE,0.0,0.0,0.0,42.7,47.5,0,0.0,0
2014-11-10,2015-01-29,OPTSTK,FEDERALBNK,105.0,CE,0.0,0.0,0.0,38.35,42.85,0,0.0,0
2014-11-10,2015-01-29,OPTSTK,FEDERALBNK,110.0,CE,0.0,0.0,0.0,34.2,38.3,0,0.0,0
2014-11-10,2015-01-29,OPTSTK,FEDERALBNK,115.0,CE,0.0,0.0,0.0,30.3,33.9,0,0.0,0
2014-11-10,2015-01-29,OPTSTK,FEDERALBNK,120.0,CE,0.0,0.0,0.0,26.65,29.75,0,0.0,0
2014-11-10,2015-01-29,OPTSTK,FEDERALBNK,125.0,CE,0.0,0.0,0.0,23.25,25.85,0,0.0,0
2014-11-10,2015-01-29,OPTSTK,FEDERALBNK,130.0,CE,0.0,0.0,0.0,20.15,22.25,0,0.0,0
2014-11-10,2015-01-29,OPTSTK,FEDERALBNK,135.0,CE,0.0,0.0,0.0,17.35,18.95,0,0.0,0
2014-11-10,2015-01-29,OPTSTK,FEDERALBNK,140.0,CE,0.0,0.0,0.0,14.85,15.95,0,0.0,0
2014-11-10,2015-01-29,OPTSTK,FEDERALBNK,145.0,CE,0.0,0.0,0.0,12.65,13.35,0,0.0,0
2014-11-10,2015-01-29,OPTSTK,FEDERALBNK,150.0,CE,0.0,0.0,0.0,10.7,11.05,0,0.0,0
2014-11-10,2015-01-29,OPTSTK,FEDERALBNK,155.0,CE,0.0,0.0,0.0,9.0,9.05,0,0.0,0
2014-11-10,2015-01-29,OPTSTK,FEDERALBNK,160.0,CE,0.0,0.0,0.0,7.5,7.4,0,0.0,0
2014-11-10,2015-01-29,OPTSTK,FEDERALBNK,165.0,CE,0.0,0.0,0.0,6.25,5.95,0,0.0,0
2014-11-10,2015-01-29,OPTSTK,FEDERALBNK,170.0,CE,0.0,0.0,0.0,5.2,4.8,0,0.0,0
2014-11-10,2015-01-29,OPTSTK,FEDERALBNK,175.0,CE,0.0,0.0,0.0,4.3,3.8,0,0.0,0
2014-11-10,2015-01-29,OPTSTK,FEDERALBNK,80.0,PE,0.0,0.0,0.0,0.1,0.05,0,0.0,0
2014-11-10,2015-01-29,OPTSTK,FEDERALBNK,85.0,PE,0.0,0.0,0.0,0.2,0.05,0,0.0,0
2014-11-10,2015-01-29,OPTSTK,FEDERALBNK,90.0,PE,0.0,0.0,0.0,0.35,0.1,0,0.0,0
2014-11-10,2015-01-29,OPTSTK,FEDERALBNK,95.0,PE,0.0,0.0,0.0,0.6,0.15,0,0.0,0
2014-11-10,2015-01-29,OPTSTK,FEDERALBNK,100.0,PE,0.0,0.0,0.0,0.95,0.25,0,0.0,0
2014-11-10,2015-01-29,OPTSTK,FEDERALBNK,105.0,PE,0.0,0.0,0.0,1.5,0.5,0,0.0,0
2014-11-10,2015-01-29,OPTSTK,FEDERALBNK,110.0,PE,0.0,0.0,0.0,2.25,0.85,0,0.0,0
2014-11-10,2015-01-29,OPTSTK,FEDERALBNK,115.0,PE,0.0,0.0,0.0,3.2,1.35,0,0.0,0
2014-11-10,2015-01-29,OPTSTK,FEDERALBNK,120.0,PE,0.0,0.0,0.0,4.45,2.1,0,0.0,0
2014-11-10,2015-01-29,OPTSTK,FEDERALBNK,125.0,PE,0.0,0.0,0.0,5.95,3.1,0,0.0,0
2014-11-10,2015-01-29,OPTSTK,FEDERALBNK,130.0,PE,0.0,0.0,0.0,7.75,4.4,0,0.0,0
2014-11-10,2015-01-29,OPTSTK,FEDERALBNK,135.0,PE,0.0,0.0,0.0,9.85,6.0,0,0.0,0
2014-11-10,2015-01-29,OPTSTK,FEDERALBNK,140.0,PE,0.0,0.0,0.0,12.25,7.95,0,0.0,0
2014-11-10,2015-01-29,OPTSTK,FEDERALBNK,145.0,PE,0.0,0.0,0.0,14.9,10.25,0,0.0,0
2014-11-10,2015-01-29,OPTSTK,FEDERALBNK,150.0,PE,0.0,0.0,0.0,17.85,12.85,0,0.0,0
2014-11-10,2015-01-29,OPTSTK,FEDERALBNK,155.0,PE,0.0,0.0,0.0,21.05,15.8,0,0.0,0
2014-11-10,2015-01-29,OPTSTK,FEDERALBNK,160.0,PE,0.0,0.0,0.0,24.45,19.0,0,0.0,0
2014-11-10,2015-01-29,OPTSTK,FEDERALBNK,165.0,PE,0.0,0.0,0.0,28.1,22.5,0,0.0,0
2014-11-10,2015-01-29,OPTSTK,FEDERALBNK,170.0,PE,0.0,0.0,0.0,31.95,26.2,0,0.0,0
2014-11-10,2015-01-29,OPTSTK,FEDERALBNK,175.0,PE,0.0,0.0,0.0,35.9,30.15,0,0.0,0
2014-11-10,2014-11-27,OPTSTK,GAIL,280.0,CE,0.0,0.0,0.0,169.45,202.25,0,0.0,0
2014-11-10,2014-11-27,OPTSTK,GAIL,290.0,CE,0.0,0.0,0.0,159.75,192.25,0,0.0,0
2014-11-10,2014-11-27,OPTSTK,GAIL,300.0,CE,0.0,0.0,0.0,150.1,182.3,0,0.0,0
2014-11-10,2014-11-27,OPTSTK,GAIL,310.0,CE,0.0,0.0,0.0,140.5,172.35,0,0.0,0
2014-11-10,2014-11-27,OPTSTK,GAIL,320.0,CE,0.0,0.0,0.0,131.0,162.4,0,0.0,0
2014-11-10,2014-11-27,OPTSTK,GAIL,330.0,CE,0.0,0.0,0.0,121.65,152.4,0,0.0,0
2014-11-10,2014-11-27,OPTSTK,GAIL,340.0,CE,0.0,0.0,0.0,112.5,142.45,0,0.0,0
2014-11-10,2014-11-27,OPTSTK,GAIL,350.0,CE,0.0,0.0,0.0,103.55,132.5,0,0.0,0
2014-11-10,2014-11-27,OPTSTK,GAIL,360.0,CE,0.0,0.0,0.0,94.8,122.55,0,0.0,0
2014-11-10,2014-11-27,OPTSTK,GAIL,370.0,CE,0.0,0.0,0.0,86.4,112.6,0,0.0,0
2014-11-10,2014-11-27,OPTSTK,GAIL,380.0,CE,0.0,0.0,0.0,78.35,102.65,0,0.0,0
2014-11-10,2014-11-27,OPTSTK,GAIL,390.0,CE,0.0,0.0,0.0,70.65,92.75,0,0.0,0
2014-11-10,2014-11-27,OPTSTK,GAIL,400.0,CE,0.0,0.0,0.0,63.4,82.95,0,0.0,0
2014-11-10,2014-11-27,OPTSTK,GAIL,410.0,CE,0.0,0.0,0.0,56.6,73.25,0,0.0,0
2014-11-10,2014-11-27,OPTSTK,GAIL,420.0,CE,0.0,0.0,0.0,50.25,63.8,0,0.0,0
2014-11-10,2014-11-27,OPTSTK,GAIL,430.0,CE,0.0,0.0,0.0,88.05,54.7,0,0.0,1000
2014-11-10,2014-11-27,OPTSTK,GAIL,440.0,CE,0.0,0.0,0.0,70.85,46.05,0,0.0,4000
2014-11-10,2014-11-27,OPTSTK,GAIL,450.0,CE,0.0,0.0,0.0,46.0,38.0,0,0.0,1000
2014-11-10,2014-11-27,OPTSTK,GAIL,460.0,CE,26.0,30.0,26.0,30.0,30.0,3,7.31,1000
2014-11-10,2014-11-27,OPTSTK,GAIL,470.0,CE,25.0,25.0,20.6,22.8,22.8,3,7.39,11000
2014-11-10,2014-11-27,OPTSTK,GAIL,480.0,CE,17.8,18.4,13.0,15.7,15.7,156,386.24,30000
2014-11-10,2014-11-27,OPTSTK,GAIL,490.0,CE,16.2,16.3,9.0,11.35,11.35,268,671.24,81500
2014-11-10,2014-11-27,OPTSTK,GAIL,500.0,CE,11.5,12.35,6.35,8.1,8.1,496,1260.6,263500
2014-11-10,2014-11-27,OPTSTK,GAIL,510.0,CE,7.4,7.75,4.7,5.75,5.75,102,263.12,118000
2014-11-10,2014-11-27,OPTSTK,GAIL,520.0,CE,7.0,7.0,3.4,4.1,4.1,212,555.9,196500
2014-11-10,2014-11-27,OPTSTK,GAIL,530.0,CE,3.25,4.3,2.35,2.95,2.95,84,223.8,119000
2014-11-10,2014-11-27,OPTSTK,GAIL,540.0,CE,3.0,3.0,1.65,2.15,2.15,65,176.19,94000
2014-11-10,2014-11-27,OPTSTK,GAIL,550.0,CE,2.0,2.1,1.25,1.7,1.7,53,146.16,234500
2014-11-10,2014-11-27,OPTSTK,GAIL,560.0,CE,1.3,1.35,0.75,1.0,1.0,22,61.7,125000
2014-11-10,2014-11-27,OPTSTK,GAIL,570.0,CE,0.0,0.0,0.0,1.1,0.6,0,0.0,20500
2014-11-10,2014-11-27,OPTSTK,GAIL,580.0,CE,0.6,0.6,0.6,0.6,0.6,1,2.9,23500
2014-11-10,2014-11-27,OPTSTK,GAIL,590.0,CE,0.0,0.0,0.0,1.2,0.25,0,0.0,8500
2014-11-10,2014-11-27,OPTSTK,GAIL,600.0,CE,0.25,0.5,0.1,0.5,0.5,4,12.0,32000
2014-11-10,2014-11-27,OPTSTK,GAIL,610.0,CE,0.0,0.0,0.0,0.1,0.1,0,0.0,5000
2014-11-10,2014-11-27,OPTSTK,GAIL,620.0,CE,0.0,0.0,0.0,1.8,0.05,0,0.0,0
2014-11-10,2014-11-27,OPTSTK,GAIL,630.0,CE,0.0,0.0,0.0,3.2,0.05,0,0.0,0
2014-11-10,2014-11-27,OPTSTK,GAIL,280.0,PE,0.0,0.0,0.0,0.1,0.0,0,0.0,0
2014-11-10,2014-11-27,OPTSTK,GAIL,290.0,PE,0.0,0.0,0.0,0.2,0.0,0,0.0,0
2014-11-10,2014-11-27,OPTSTK,GAIL,300.0,PE,0.0,0.0,0.0,0.3,0.0,0,0.0,0
2014-11-10,2014-11-27,OPTSTK,GAIL,310.0,PE,0.0,0.0,0.0,0.5,0.0,0,0.0,0
2014-11-10,2014-11-27,OPTSTK,GAIL,320.0,PE,0.0,0.0,0.0,0.8,0.0,0,0.0,0
2014-11-10,2014-11-27,OPTSTK,GAIL,330.0,PE,0.0,0.0,0.0,1.25,0.0,0,0.0,0
2014-11-10,2014-11-27,OPTSTK,GAIL,340.0,PE,0.0,0.0,0.0,1.85,0.0,0,0.0,0
2014-11-10,2014-11-27,OPTSTK,GAIL,350.0,PE,0.0,0.0,0.0,2.7,0.0,0,0.0,0
2014-11-10,2014-11-27,OPTSTK,GAIL,360.0,PE,0.0,0.0,0.0,3.75,0.05,0,0.0,0
2014-11-10,2014-11-27,OPTSTK,GAIL,370.0,PE,0.0,0.0,0.0,5.15,0.05,0,0.0,0
2014-11-10,2014-11-27,OPTSTK,GAIL,380.0,PE,0.0,0.0,0.0,6.9,0.05,0,0.0,0
2014-11-10,2014-11-27,OPTSTK,GAIL,390.0,PE,0.0,0.0,0.0,9.0,0.15,0,0.0,0
2014-11-10,2014-11-27,OPTSTK,GAIL,400.0,PE,0.0,0.0,0.0,11.5,0.25,0,0.0,0
2014-11-10,2014-11-27,OPTSTK,GAIL,410.0,PE,0.0,0.0,0.0,14.45,0.55,0,0.0,0
2014-11-10,2014-11-27,OPTSTK,GAIL,420.0,PE,0.0,0.0,0.0,0.75,1.05,0,0.0,1000
2014-11-10,2014-11-27,OPTSTK,GAIL,430.0,PE,0.0,0.0,0.0,21.8,1.9,0,0.0,0
2014-11-10,2014-11-27,OPTSTK,GAIL,440.0,PE,1.2,2.1,1.2,1.4,1.4,8,17.66,6500
2014-11-10,2014-11-27,OPTSTK,GAIL,450.0,PE,2.65,4.0,2.55,2.7,2.7,41,92.92,38000
2014-11-10,2014-11-27,OPTSTK,GAIL,460.0,PE,4.8,7.0,4.05,4.95,4.95,111,258.33,44500
2014-11-10,2014-11-27,OPTSTK,GAIL,470.0,PE,8.0,11.1,6.75,8.2,8.2,116,277.9,43000
2014-11-10,2014-11-27,OPTSTK,GAIL,480.0,PE,10.5,15.75,9.9,12.45,12.45,244,601.94,84000
2014-11-10,2014-11-27,OPTSTK,GAIL,490.0,PE,16.7,21.9,14.6,17.75,17.75,112,284.66,47000
2014-11-10,2014-11-27,OPTSTK,GAIL,500.0,PE,20.25,29.1,20.25,25.05,25.05,80,210.14,55500
2014-11-10,2014-11-27,OPTSTK,GAIL,510.0,PE,31.05,36.05,29.45,31.8,31.8,22,59.71,48000
2014-11-10,2014-11-27,OPTSTK,GAIL,520.0,PE,36.35,43.45,36.35,39.15,39.15,18,50.32,26000
2014-11-10,2014-11-27,OPTSTK,GAIL,530.0,PE,0.0,0.0,0.0,35.8,50.35,0,0.0,14000
2014-11-10,2014-11-27,OPTSTK,GAIL,540.0,PE,56.45,60.4,56.45,58.85,58.85,10,29.89,25500
2014-11-10,2014-11-27,OPTSTK,GAIL,550.0,PE,0.0,0.0,0.0,63.0,68.25,0,0.0,15500
2014-11-10,2014-11-27,OPTSTK,GAIL,560.0,PE,0.0,0.0,0.0,31.25,77.65,0,0.0,500
2014-11-10,2014-11-27,OPTSTK,GAIL,570.0,PE,0.0,0.0,0.0,119.25,87.25,0,0.0,0
2014-11-10,2014-11-27,OPTSTK,GAIL,580.0,PE,0.0,0.0,0.0,128.2,97.0,0,0.0,0
2014-11-10,2014-11-27,OPTSTK,GAIL,590.0,PE,0.0,0.0,0.0,137.3,106.8,0,0.0,0
2014-11-10,2014-11-27,OPTSTK,GAIL,600.0,PE,0.0,0.0,0.0,146.5,116.7,0,0.0,0
2014-11-10,2014-11-27,OPTSTK,GAIL,610.0,PE,0.0,0.0,0.0,155.8,126.6,0,0.0,0
2014-11-10,2014-11-27,OPTSTK,GAIL,620.0,PE,0.0,0.0,0.0,165.2,136.5,0,0.0,0
2014-11-10,2014-11-27,OPTSTK,GAIL,630.0,PE,0.0,0.0,0.0,159.9,146.45,0,0.0,0
2014-11-10,2014-12-24,OPTSTK,GAIL,280.0,CE,0.0,0.0,0.0,178.0,204.05,0,0.0,0
2014-11-10,2014-12-24,OPTSTK,GAIL,290.0,CE,0.0,0.0,0.0,168.2,194.15,0,0.0,0
2014-11-10,2014-12-24,OPTSTK,GAIL,300.0,CE,0.0,0.0,0.0,158.45,184.25,0,0.0,0
2014-11-10,2014-12-24,OPTSTK,GAIL,310.0,CE,0.0,0.0,0.0,148.7,174.4,0,0.0,0
2014-11-10,2014-12-24,OPTSTK,GAIL,320.0,CE,0.0,0.0,0.0,139.0,164.5,0,0.0,0
2014-11-10,2014-12-24,OPTSTK,GAIL,330.0,CE,0.0,0.0,0.0,129.35,154.65,0,0.0,0
2014-11-10,2014-12-24,OPTSTK,GAIL,340.0,CE,0.0,0.0,0.0,119.8,144.8,0,0.0,0
2014-11-10,2014-12-24,OPTSTK,GAIL,350.0,CE,0.0,0.0,0.0,110.4,135.0,0,0.0,0
2014-11-10,2014-12-24,OPTSTK,GAIL,360.0,CE,0.0,0.0,0.0,101.1,125.3,0,0.0,0
2014-11-10,2014-12-24,OPTSTK,GAIL,370.0,CE,0.0,0.0,0.0,92.05,115.7,0,0.0,0
2014-11-10,2014-12-24,OPTSTK,GAIL,380.0,CE,0.0,0.0,0.0,83.3,106.2,0,0.0,0
2014-11-10,2014-12-24,OPTSTK,GAIL,390.0,CE,0.0,0.0,0.0,74.85,96.9,0,0.0,0
2014-11-10,2014-12-24,OPTSTK,GAIL,400.0,CE,0.0,0.0,0.0,66.75,87.85,0,0.0,0
2014-11-10,2014-12-24,OPTSTK,GAIL,410.0,CE,0.0,0.0,0.0,59.15,79.15,0,0.0,0
2014-11-10,2014-12-24,OPTSTK,GAIL,420.0,CE,0.0,0.0,0.0,52.0,70.75,0,0.0,0
2014-11-10,2014-12-24,OPTSTK,GAIL,430.0,CE,0.0,0.0,0.0,45.35,62.8,0,0.0,0
2014-11-10,2014-12-24,OPTSTK,GAIL,440.0,CE,0.0,0.0,0.0,39.25,55.3,0,0.0,0
2014-11-10,2014-12-24,OPTSTK,GAIL,450.0,CE,0.0,0.0,0.0,33.7,48.3,0,0.0,0
2014-11-10,2014-12-24,OPTSTK,GAIL,460.0,CE,0.0,0.0,0.0,28.75,41.85,0,0.0,0
2014-11-10,2014-12-24,OPTSTK,GAIL,470.0,CE,0.0,0.0,0.0,24.35,35.95,0,0.0,0
2014-11-10,2014-12-24,OPTSTK,GAIL,480.0,CE,0.0,0.0,0.0,20.45,30.65,0,0.0,0
2014-11-10,2014-12-24,OPTSTK,GAIL,490.0,CE,0.0,0.0,0.0,17.05,25.95,0,0.0,0
2014-11-10,2014-12-24,OPTSTK,GAIL,500.0,CE,0.0,0.0,0.0,14.1,21.75,0,0.0,0
2014-11-10,2014-12-24,OPTSTK,GAIL,510.0,CE,0.0,0.0,0.0,11.6,18.1,0,0.0,0
2014-11-10,2014-12-24,OPTSTK,GAIL,520.0,CE,0.0,0.0,0.0,9.45,14.95,0,0.0,0
2014-11-10,2014-12-24,OPTSTK,GAIL,530.0,CE,0.0,0.0,0.0,7.7,12.3,0,0.0,0
2014-11-10,2014-12-24,OPTSTK,GAIL,540.0,CE,0.0,0.0,0.0,6.2,10.0,0,0.0,0
2014-11-10,2014-12-24,OPTSTK,GAIL,550.0,CE,0.0,0.0,0.0,4.95,8.05,0,0.0,0
2014-11-10,2014-12-24,OPTSTK,GAIL,560.0,CE,0.0,0.0,0.0,3.95,6.45,0,0.0,0
2014-11-10,2014-12-24,OPTSTK,GAIL,570.0,CE,0.0,0.0,0.0,3.15,5.15,0,0.0,0
2014-11-10,2014-12-24,OPTSTK,GAIL,580.0,CE,0.0,0.0,0.0,2.45,4.1,0,0.0,0
2014-11-10,2014-12-24,OPTSTK,GAIL,590.0,CE,0.0,0.0,0.0,1.95,3.2,0,0.0,0
2014-11-10,2014-12-24,OPTSTK,GAIL,600.0,CE,0.0,0.0,0.0,1.5,2.5,0,0.0,0
2014-11-10,2014-12-24,OPTSTK,GAIL,610.0,CE,0.0,0.0,0.0,1.15,1.95,0,0.0,0
2014-11-10,2014-12-24,OPTSTK,GAIL,620.0,CE,0.0,0.0,0.0,0.9,1.5,0,0.0,0
2014-11-10,2014-12-24,OPTSTK,GAIL,630.0,CE,0.0,0.0,0.0,0.7,1.15,0,0.0,0
2014-11-10,2014-12-24,OPTSTK,GAIL,280.0,PE,0.0,0.0,0.0,0.05,0.0,0,0.0,0
2014-11-10,2014-12-24,OPTSTK,GAIL,290.0,PE,0.0,0.0,0.0,0.05,0.0,0,0.0,0
2014-11-10,2014-12-24,OPTSTK,GAIL,300.0,PE,0.0,0.0,0.0,0.05,0.05,0,0.0,0
2014-11-10,2014-12-24,OPTSTK,GAIL,310.0,PE,0.0,0.0,0.0,0.1,0.05,0,0.0,0
2014-11-10,2014-12-24,OPTSTK,GAIL,320.0,PE,0.0,0.0,0.0,0.2,0.05,0,0.0,0
2014-11-10,2014-12-24,OPTSTK,GAIL,330.0,PE,0.0,0.0,0.0,0.35,0.1,0,0.0,0
2014-11-10,2014-12-24,OPTSTK,GAIL,340.0,PE,0.0,0.0,0.0,0.55,0.15,0,0.0,0
2014-11-10,2014-12-24,OPTSTK,GAIL,350.0,PE,0.0,0.0,0.0,0.9,0.25,0,0.0,0
2014-11-10,2014-12-24,OPTSTK,GAIL,360.0,PE,0.0,0.0,0.0,1.4,0.45,0,0.0,0
2014-11-10,2014-12-24,OPTSTK,GAIL,370.0,PE,0.0,0.0,0.0,2.15,0.7,0,0.0,0
2014-11-10,2014-12-24,OPTSTK,GAIL,380.0,PE,0.0,0.0,0.0,3.15,1.1,0,0.0,0
2014-11-10,2014-12-24,OPTSTK,GAIL,390.0,PE,0.0,0.0,0.0,4.45,1.75,0,0.0,0
2014-11-10,2014-12-24,OPTSTK,GAIL,400.0,PE,0.0,0.0,0.0,6.2,2.6,0,0.0,0
2014-11-10,2014-12-24,OPTSTK,GAIL,410.0,PE,0.0,0.0,0.0,8.35,3.75,0,0.0,0
2014-11-10,2014-12-24,OPTSTK,GAIL,420.0,PE,0.0,0.0,0.0,11.0,5.25,0,0.0,0
2014-11-10,2014-12-24,OPTSTK,GAIL,430.0,PE,0.0,0.0,0.0,14.1,7.2,0,0.0,0
2014-11-10,2014-12-24,OPTSTK,GAIL,440.0,PE,0.0,0.0,0.0,17.8,9.6,0,0.0,0
2014-11-10,2014-12-24,OPTSTK,GAIL,450.0,PE,0.0,0.0,0.0,22.05,12.5,0,0.0,0
2014-11-10,2014-12-24,OPTSTK,GAIL,460.0,PE,0.0,0.0,0.0,26.85,15.95,0,0.0,0
2014-11-10,2014-12-24,OPTSTK,GAIL,470.0,PE,0.0,0.0,0.0,32.25,19.95,0,0.0,0
2014-11-10,2014-12-24,OPTSTK,GAIL,480.0,PE,0.0,0.0,0.0,38.1,24.55,0,0.0,0
2014-11-10,2014-12-24,OPTSTK,GAIL,490.0,PE,0.0,0.0,0.0,44.5,29.7,0,0.0,0
2014-11-10,2014-12-24,OPTSTK,GAIL,500.0,PE,0.0,0.0,0.0,51.35,35.45,0,0.0,0
2014-11-10,2014-12-24,OPTSTK,GAIL,510.0,PE,0.0,0.0,0.0,58.65,41.65,0,0.0,0
2014-11-10,2014-12-24,OPTSTK,GAIL,520.0,PE,0.0,0.0,0.0,66.3,48.4,0,0.0,0
2014-11-10,2014-12-24,OPTSTK,GAIL,530.0,PE,0.0,0.0,0.0,74.3,55.65,0,0.0,0
2014-11-10,2014-12-24,OPTSTK,GAIL,540.0,PE,0.0,0.0,0.0,82.55,63.25,0,0.0,0
2014-11-10,2014-12-24,OPTSTK,GAIL,550.0,PE,0.0,0.0,0.0,91.1,71.2,0,0.0,0
2014-11-10,2014-12-24,OPTSTK,GAIL,560.0,PE,0.0,0.0,0.0,99.9,79.5,0,0.0,0
2014-11-10,2014-12-24,OPTSTK,GAIL,570.0,PE,0.0,0.0,0.0,108.85,88.1,0,0.0,0
2014-11-10,2014-12-24,OPTSTK,GAIL,580.0,PE,0.0,0.0,0.0,117.95,96.9,0,0.0,0
2014-11-10,2014-12-24,OPTSTK,GAIL,590.0,PE,0.0,0.0,0.0,127.2,105.95,0,0.0,0
2014-11-10,2014-12-24,OPTSTK,GAIL,600.0,PE,0.0,0.0,0.0,136.6,115.15,0,0.0,0
2014-11-10,2014-12-24,OPTSTK,GAIL,610.0,PE,0.0,0.0,0.0,146.0,124.45,0,0.0,0
2014-11-10,2014-12-24,OPTSTK,GAIL,620.0,PE,0.0,0.0,0.0,155.55,133.9,0,0.0,0
2014-11-10,2014-12-24,OPTSTK,GAIL,630.0,PE,0.0,0.0,0.0,165.1,143.45,0,0.0,0
2014-11-10,2015-01-29,OPTSTK,GAIL,310.0,CE,0.0,0.0,0.0,207.35,177.2,0,0.0,0
2014-11-10,2015-01-29,OPTSTK,GAIL,320.0,CE,0.0,0.0,0.0,197.6,167.55,0,0.0,0
2014-11-10,2015-01-29,OPTSTK,GAIL,330.0,CE,0.0,0.0,0.0,187.85,157.95,0,0.0,0
2014-11-10,2015-01-29,OPTSTK,GAIL,340.0,CE,0.0,0.0,0.0,178.1,148.45,0,0.0,0
2014-11-10,2015-01-29,OPTSTK,GAIL,350.0,CE,0.0,0.0,0.0,168.35,139.1,0,0.0,0
2014-11-10,2015-01-29,OPTSTK,GAIL,360.0,CE,0.0,0.0,0.0,158.7,129.85,0,0.0,0
2014-11-10,2015-01-29,OPTSTK,GAIL,370.0,CE,0.0,0.0,0.0,149.05,120.8,0,0.0,0
2014-11-10,2015-01-29,OPTSTK,GAIL,380.0,CE,0.0,0.0,0.0,139.5,112.0,0,0.0,0
2014-11-10,2015-01-29,OPTSTK,GAIL,390.0,CE,0.0,0.0,0.0,130.1,103.4,0,0.0,0
2014-11-10,2015-01-29,OPTSTK,GAIL,400.0,CE,0.0,0.0,0.0,120.8,95.1,0,0.0,0
2014-11-10,2015-01-29,OPTSTK,GAIL,410.0,CE,0.0,0.0,0.0,111.65,87.15,0,0.0,0
2014-11-10,2015-01-29,OPTSTK,GAIL,420.0,CE,0.0,0.0,0.0,102.75,79.55,0,0.0,0
2014-11-10,2015-01-29,OPTSTK,GAIL,430.0,CE,0.0,0.0,0.0,94.1,72.3,0,0.0,0
2014-11-10,2015-01-29,OPTSTK,GAIL,440.0,CE,0.0,0.0,0.0,85.8,65.45,0,0.0,0
2014-11-10,2015-01-29,OPTSTK,GAIL,450.0,CE,0.0,0.0,0.0,77.8,59.0,0,0.0,0
2014-11-10,2015-01-29,OPTSTK,GAIL,460.0,CE,0.0,0.0,0.0,70.15,52.95,0,0.0,0
2014-11-10,2015-01-29,OPTSTK,GAIL,470.0,CE,0.0,0.0,0.0,62.95,47.4,0,0.0,0
2014-11-10,2015-01-29,OPTSTK,GAIL,480.0,CE,0.0,0.0,0.0,56.15,42.2,0,0.0,0
2014-11-10,2015-01-29,OPTSTK,GAIL,490.0,CE,0.0,0.0,0.0,49.8,37.45,0,0.0,0
2014-11-10,2015-01-29,OPTSTK,GAIL,500.0,CE,0.0,0.0,0.0,43.95,33.15,0,0.0,0
2014-11-10,2015-01-29,OPTSTK,GAIL,510.0,CE,0.0,0.0,0.0,38.6,29.2,0,0.0,0
2014-11-10,2015-01-29,OPTSTK,GAIL,520.0,CE,0.0,0.0,0.0,33.7,25.6,0,0.0,0
2014-11-10,2015-01-29,OPTSTK,GAIL,530.0,CE,0.0,0.0,0.0,29.25,22.4,0,0.0,0
2014-11-10,2015-01-29,OPTSTK,GAIL,540.0,CE,0.0,0.0,0.0,25.25,19.55,0,0.0,0
2014-11-10,2015-01-29,OPTSTK,GAIL,550.0,CE,0.0,0.0,0.0,21.7,17.0,0,0.0,0
2014-11-10,2015-01-29,OPTSTK,GAIL,560.0,CE,0.0,0.0,0.0,18.55,14.75,0,0.0,0
2014-11-10,2015-01-29,OPTSTK,GAIL,570.0,CE,0.0,0.0,0.0,15.8,12.7,0,0.0,0
2014-11-10,2015-01-29,OPTSTK,GAIL,580.0,CE,0.0,0.0,0.0,13.4,10.95,0,0.0,0
2014-11-10,2015-01-29,OPTSTK,GAIL,590.0,CE,0.0,0.0,0.0,11.25,9.4,0,0.0,0
2014-11-10,2015-01-29,OPTSTK,GAIL,600.0,CE,0.0,0.0,0.0,9.45,8.05,0,0.0,0
2014-11-10,2015-01-29,OPTSTK,GAIL,610.0,CE,0.0,0.0,0.0,7.9,6.85,0,0.0,0
2014-11-10,2015-01-29,OPTSTK,GAIL,620.0,CE,0.0,0.0,0.0,6.55,5.85,0,0.0,0
2014-11-10,2015-01-29,OPTSTK,GAIL,630.0,CE,0.0,0.0,0.0,5.45,4.95,0,0.0,0
2014-11-10,2015-01-29,OPTSTK,GAIL,310.0,PE,0.0,0.0,0.0,0.05,0.25,0,0.0,0
2014-11-10,2015-01-29,OPTSTK,GAIL,320.0,PE,0.0,0.0,0.0,0.05,0.4,0,0.0,0
2014-11-10,2015-01-29,OPTSTK,GAIL,330.0,PE,0.0,0.0,0.0,0.05,0.6,0,0.0,0
2014-11-10,2015-01-29,OPTSTK,GAIL,340.0,PE,0.0,0.0,0.0,0.1,0.9,0,0.0,0
2014-11-10,2015-01-29,OPTSTK,GAIL,350.0,PE,0.0,0.0,0.0,0.15,1.35,0,0.0,0
2014-11-10,2015-01-29,OPTSTK,GAIL,360.0,PE,0.0,0.0,0.0,0.25,1.95,0,0.0,0
2014-11-10,2015-01-29,OPTSTK,GAIL,370.0,PE,0.0,0.0,0.0,0.45,2.7,0,0.0,0
2014-11-10,2015-01-29,OPTSTK,GAIL,380.0,PE,0.0,0.0,0.0,0.65,3.7,0,0.0,0
2014-11-10,2015-01-29,OPTSTK,GAIL,390.0,PE,0.0,0.0,0.0,1.0,4.9,0,0.0,0
2014-11-10,2015-01-29,OPTSTK,GAIL,400.0,PE,0.0,0.0,0.0,1.5,6.45,0,0.0,0
2014-11-10,2015-01-29,OPTSTK,GAIL,410.0,PE,0.0,0.0,0.0,2.15,8.3,0,0.0,0
2014-11-10,2015-01-29,OPTSTK,GAIL,420.0,PE,0.0,0.0,0.0,3.05,10.5,0,0.0,0
2014-11-10,2015-01-29,OPTSTK,GAIL,430.0,PE,0.0,0.0,0.0,4.2,13.05,0,0.0,0
2014-11-10,2015-01-29,OPTSTK,GAIL,440.0,PE,0.0,0.0,0.0,5.65,16.0,0,0.0,0
2014-11-10,2015-01-29,OPTSTK,GAIL,450.0,PE,0.0,0.0,0.0,7.4,19.35,0,0.0,0
2014-11-10,2015-01-29,OPTSTK,GAIL,460.0,PE,0.0,0.0,0.0,9.55,23.15,0,0.0,0
2014-11-10,2015-01-29,OPTSTK,GAIL,470.0,PE,0.0,0.0,0.0,12.15,27.35,0,0.0,0
2014-11-10,2015-01-29,OPTSTK,GAIL,480.0,PE,0.0,0.0,0.0,15.15,32.0,0,0.0,0
2014-11-10,2015-01-29,OPTSTK,GAIL,490.0,PE,0.0,0.0,0.0,18.6,37.1,0,0.0,0
2014-11-10,2015-01-29,OPTSTK,GAIL,500.0,PE,0.0,0.0,0.0,22.55,42.55,0,0.0,0
2014-11-10,2015-01-29,OPTSTK,GAIL,510.0,PE,0.0,0.0,0.0,26.95,48.4,0,0.0,0
2014-11-10,2015-01-29,OPTSTK,GAIL,520.0,PE,0.0,0.0,0.0,31.8,54.65,0,0.0,0
2014-11-10,2015-01-29,OPTSTK,GAIL,530.0,PE,0.0,0.0,0.0,37.15,61.25,0,0.0,0
2014-11-10,2015-01-29,OPTSTK,GAIL,540.0,PE,0.0,0.0,0.0,42.95,68.2,0,0.0,0
2014-11-10,2015-01-29,OPTSTK,GAIL,550.0,PE,0.0,0.0,0.0,49.2,75.45,0,0.0,0
2014-11-10,2015-01-29,OPTSTK,GAIL,560.0,PE,0.0,0.0,0.0,55.85,83.0,0,0.0,0
2014-11-10,2015-01-29,OPTSTK,GAIL,570.0,PE,0.0,0.0,0.0,62.85,90.8,0,0.0,0
2014-11-10,2015-01-29,OPTSTK,GAIL,580.0,PE,0.0,0.0,0.0,70.25,98.85,0,0.0,0
2014-11-10,2015-01-29,OPTSTK,GAIL,590.0,PE,0.0,0.0,0.0,77.9,107.1,0,0.0,0
2014-11-10,2015-01-29,OPTSTK,GAIL,600.0,PE,0.0,0.0,0.0,85.85,115.55,0,0.0,0
2014-11-10,2015-01-29,OPTSTK,GAIL,610.0,PE,0.0,0.0,0.0,94.1,124.2,0,0.0,0
2014-11-10,2015-01-29,OPTSTK,GAIL,620.0,PE,0.0,0.0,0.0,102.55,133.0,0,0.0,0
2014-11-10,2015-01-29,OPTSTK,GAIL,630.0,PE,0.0,0.0,0.0,111.2,141.95,0,0.0,0
2014-11-10,2014-11-27,OPTSTK,GLENMARK,480.0,CE,0.0,0.0,0.0,247.65,292.85,0,0.0,0
2014-11-10,2014-11-27,OPTSTK,GLENMARK,500.0,CE,0.0,0.0,0.0,228.55,272.95,0,0.0,0
2014-11-10,2014-11-27,OPTSTK,GLENMARK,520.0,CE,0.0,0.0,0.0,209.7,253.0,0,0.0,0
2014-11-10,2014-11-27,OPTSTK,GLENMARK,540.0,CE,0.0,0.0,0.0,191.25,233.1,0,0.0,0
2014-11-10,2014-11-27,OPTSTK,GLENMARK,560.0,CE,0.0,0.0,0.0,173.25,213.2,0,0.0,0
2014-11-10,2014-11-27,OPTSTK,GLENMARK,580.0,CE,0.0,0.0,0.0,155.95,193.3,0,0.0,0
2014-11-10,2014-11-27,OPTSTK,GLENMARK,600.0,CE,0.0,0.0,0.0,139.35,173.4,0,0.0,0
2014-11-10,2014-11-27,OPTSTK,GLENMARK,620.0,CE,0.0,0.0,0.0,123.6,153.65,0,0.0,0
2014-11-10,2014-11-27,OPTSTK,GLENMARK,640.0,CE,0.0,0.0,0.0,108.85,134.05,0,0.0,0
2014-11-10,2014-11-27,OPTSTK,GLENMARK,660.0,CE,0.0,0.0,0.0,95.1,114.85,0,0.0,0
2014-11-10,2014-11-27,OPTSTK,GLENMARK,680.0,CE,0.0,0.0,0.0,82.5,96.35,0,0.0,0
2014-11-10,2014-11-27,OPTSTK,GLENMARK,700.0,CE,0.0,0.0,0.0,33.05,78.9,0,0.0,0
2014-11-10,2014-11-27,OPTSTK,GLENMARK,720.0,CE,0.0,0.0,0.0,52.0,62.85,0,0.0,6500
2014-11-10,2014-11-27,OPTSTK,GLENMARK,740.0,CE,0.0,0.0,0.0,64.05,48.6,0,0.0,7500
2014-11-10,2014-11-27,OPTSTK,GLENMARK,760.0,CE,36.0,36.0,36.0,36.0,36.0,1,3.98,11000
2014-11-10,2014-11-27,OPTSTK,GLENMARK,780.0,CE,26.0,26.55,22.2,22.35,22.35,23,92.48,10000
2014-11-10,2014-11-27,OPTSTK,GLENMARK,800.0,CE,18.65,20.0,14.5,15.15,15.15,30,122.48,19500
2014-11-10,2014-11-27,OPTSTK,GLENMARK,820.0,CE,15.75,15.75,9.7,9.7,9.7,13,54.03,7000
2014-11-10,2014-11-27,OPTSTK,GLENMARK,840.0,CE,0.0,0.0,0.0,12.8,8.2,0,0.0,2000
2014-11-10,2014-11-27,OPTSTK,GLENMARK,860.0,CE,4.05,4.1,4.05,4.1,4.1,2,8.64,1500
2014-11-10,2014-11-27,OPTSTK,GLENMARK,880.0,CE,0.0,0.0,0.0,13.7,3.2,0,0.0,0
2014-11-10,2014-11-27,OPTSTK,GLENMARK,900.0,CE,0.0,0.0,0.0,11.1,1.9,0,0.0,0
2014-11-10,2014-11-27,OPTSTK,GLENMARK,920.0,CE,0.0,0.0,0.0,8.95,1.1,0,0.0,0
2014-11-10,2014-11-27,OPTSTK,GLENMARK,940.0,CE,0.0,0.0,0.0,7.15,0.6,0,0.0,0
2014-11-10,2014-11-27,OPTSTK,GLENMARK,960.0,CE,0.0,0.0,0.0,5.7,0.35,0,0.0,0
2014-11-10,2014-11-27,OPTSTK,GLENMARK,480.0,PE,0.0,0.0,0.0,0.55,0.0,0,0.0,0
2014-11-10,2014-11-27,OPTSTK,GLENMARK,500.0,PE,0.0,0.0,0.0,1.0,0.0,0,0.0,0
2014-11-10,2014-11-27,OPTSTK,GLENMARK,520.0,PE,0.0,0.0,0.0,1.75,0.0,0,0.0,0
2014-11-10,2014-11-27,OPTSTK,GLENMARK,540.0,PE,0.0,0.0,0.0,2.85,0.0,0,0.0,0
2014-11-10,2014-11-27,OPTSTK,GLENMARK,560.0,PE,0.0,0.0,0.0,4.45,0.05,0,0.0,0
2014-11-10,2014-11-27,OPTSTK,GLENMARK,580.0,PE,0.0,0.0,0.0,6.7,0.05,0,0.0,0
2014-11-10,2014-11-27,OPTSTK,GLENMARK,600.0,PE,0.0,0.0,0.0,9.7,0.1,0,0.0,0
2014-11-10,2014-11-27,OPTSTK,GLENMARK,620.0,PE,0.0,0.0,0.0,13.5,0.25,0,0.0,0
2014-11-10,2014-11-27,OPTSTK,GLENMARK,640.0,PE,0.0,0.0,0.0,18.35,0.6,0,0.0,0
2014-11-10,2014-11-27,OPTSTK,GLENMARK,660.0,PE,0.0,0.0,0.0,24.15,1.3,0,0.0,0
2014-11-10,2014-11-27,OPTSTK,GLENMARK,680.0,PE,0.0,0.0,0.0,5.55,2.75,0,0.0,3000
2014-11-10,2014-11-27,OPTSTK,GLENMARK,700.0,PE,2.05,2.5,2.05,2.5,2.5,7,24.58,4500
2014-11-10,2014-11-27,OPTSTK,GLENMARK,720.0,PE,0.0,0.0,0.0,5.05,9.05,0,0.0,10500
2014-11-10,2014-11-27,OPTSTK,GLENMARK,740.0,PE,9.45,11.2,8.85,11.2,11.2,6,22.48,4000
2014-11-10,2014-11-27,OPTSTK,GLENMARK,760.0,PE,14.95,19.55,14.95,18.0,18.0,25,97.09,11000
2014-11-10,2014-11-27,OPTSTK,GLENMARK,780.0,PE,23.35,27.1,23.35,26.75,26.75,7,28.19,1500
2014-11-10,2014-11-27,OPTSTK,GLENMARK,800.0,PE,0.0,0.0,0.0,28.5,44.35,0,0.0,1500
2014-11-10,2014-11-27,OPTSTK,GLENMARK,820.0,PE,0.0,0.0,0.0,110.75,58.3,0,0.0,0
2014-11-10,2014-11-27,OPTSTK,GLENMARK,840.0,PE,0.0,0.0,0.0,125.9,73.95,0,0.0,0
2014-11-10,2014-11-27,OPTSTK,GLENMARK,860.0,PE,0.0,0.0,0.0,141.7,90.85,0,0.0,0
2014-11-10,2014-11-27,OPTSTK,GLENMARK,880.0,PE,0.0,0.0,0.0,158.1,108.75,0,0.0,0
2014-11-10,2014-11-27,OPTSTK,GLENMARK,900.0,PE,0.0,0.0,0.0,175.05,127.4,0,0.0,0
2014-11-10,2014-11-27,OPTSTK,GLENMARK,920.0,PE,0.0,0.0,0.0,192.5,146.5,0,0.0,0
2014-11-10,2014-11-27,OPTSTK,GLENMARK,940.0,PE,0.0,0.0,0.0,210.3,165.95,0,0.0,0
2014-11-10,2014-11-27,OPTSTK,GLENMARK,960.0,PE,0.0,0.0,0.0,228.4,185.6,0,0.0,0
2014-11-10,2014-12-24,OPTSTK,GLENMARK,480.0,CE,0.0,0.0,0.0,216.0,296.0,0,0.0,0
2014-11-10,2014-12-24,OPTSTK,GLENMARK,500.0,CE,0.0,0.0,0.0,197.4,276.25,0,0.0,0
2014-11-10,2014-12-24,OPTSTK,GLENMARK,520.0,CE,0.0,0.0,0.0,179.2,256.55,0,0.0,0
2014-11-10,2014-12-24,OPTSTK,GLENMARK,540.0,CE,0.0,0.0,0.0,161.65,236.9,0,0.0,0
2014-11-10,2014-12-24,OPTSTK,GLENMARK,560.0,CE,0.0,0.0,0.0,144.75,217.35,0,0.0,0
2014-11-10,2014-12-24,OPTSTK,GLENMARK,580.0,CE,0.0,0.0,0.0,128.75,198.05,0,0.0,0
2014-11-10,2014-12-24,OPTSTK,GLENMARK,600.0,CE,0.0,0.0,0.0,113.65,179.1,0,0.0,0
2014-11-10,2014-12-24,OPTSTK,GLENMARK,620.0,CE,0.0,0.0,0.0,99.6,160.55,0,0.0,0
2014-11-10,2014-12-24,OPTSTK,GLENMARK,640.0,CE,0.0,0.0,0.0,86.6,142.65,0,0.0,0
2014-11-10,2014-12-24,OPTSTK,GLENMARK,660.0,CE,0.0,0.0,0.0,74.8,125.5,0,0.0,0
2014-11-10,2014-12-24,OPTSTK,GLENMARK,680.0,CE,0.0,0.0,0.0,64.1,109.25,0,0.0,0
2014-11-10,2014-12-24,OPTSTK,GLENMARK,700.0,CE,0.0,0.0,0.0,54.6,94.15,0,0.0,0
2014-11-10,2014-12-24,OPTSTK,GLENMARK,720.0,CE,0.0,0.0,0.0,46.2,80.2,0,0.0,0
2014-11-10,2014-12-24,OPTSTK,GLENMARK,740.0,CE,0.0,0.0,0.0,38.8,67.6,0,0.0,0
2014-11-10,2014-12-24,OPTSTK,GLENMARK,760.0,CE,0.0,0.0,0.0,32.4,56.35,0,0.0,0
2014-11-10,2014-12-24,OPTSTK,GLENMARK,780.0,CE,0.0,0.0,0.0,26.9,46.45,0,0.0,0
2014-11-10,2014-12-24,OPTSTK,GLENMARK,800.0,CE,0.0,0.0,0.0,22.25,37.85,0,0.0,0
2014-11-10,2014-12-24,OPTSTK,GLENMARK,820.0,CE,0.0,0.0,0.0,18.25,30.55,0,0.0,0
2014-11-10,2014-12-24,OPTSTK,GLENMARK,840.0,CE,0.0,0.0,0.0,14.9,24.35,0,0.0,0
2014-11-10,2014-12-24,OPTSTK,GLENMARK,860.0,CE,0.0,0.0,0.0,12.1,19.3,0,0.0,0
2014-11-10,2014-12-24,OPTSTK,GLENMARK,880.0,CE,0.0,0.0,0.0,9.8,15.05,0,0.0,0
2014-11-10,2014-12-24,OPTSTK,GLENMARK,900.0,CE,0.0,0.0,0.0,7.9,11.65,0,0.0,0
2014-11-10,2014-12-24,OPTSTK,GLENMARK,920.0,CE,0.0,0.0,0.0,6.3,8.95,0,0.0,0
2014-11-10,2014-12-24,OPTSTK,GLENMARK,940.0,CE,0.0,0.0,0.0,5.05,6.8,0,0.0,0
2014-11-10,2014-12-24,OPTSTK,GLENMARK,960.0,CE,0.0,0.0,0.0,4.0,5.15,0,0.0,0
2014-11-10,2014-12-24,OPTSTK,GLENMARK,480.0,PE,0.0,0.0,0.0,1.4,0.05,0,0.0,0
2014-11-10,2014-12-24,OPTSTK,GLENMARK,500.0,PE,0.0,0.0,0.0,2.35,0.05,0,0.0,0
2014-11-10,2014-12-24,OPTSTK,GLENMARK,520.0,PE,0.0,0.0,0.0,3.75,0.15,0,0.0,0
2014-11-10,2014-12-24,OPTSTK,GLENMARK,540.0,PE,0.0,0.0,0.0,5.7,0.3,0,0.0,0
2014-11-10,2014-12-24,OPTSTK,GLENMARK,560.0,PE,0.0,0.0,0.0,8.4,0.55,0,0.0,0
2014-11-10,2014-12-24,OPTSTK,GLENMARK,580.0,PE,0.0,0.0,0.0,11.95,1.05,0,0.0,0
2014-11-10,2014-12-24,OPTSTK,GLENMARK,600.0,PE,0.0,0.0,0.0,16.4,1.85,0,0.0,0
2014-11-10,2014-12-24,OPTSTK,GLENMARK,620.0,PE,0.0,0.0,0.0,21.9,3.1,0,0.0,0
2014-11-10,2014-12-24,OPTSTK,GLENMARK,640.0,PE,0.0,0.0,0.0,28.5,5.0,0,0.0,0
2014-11-10,2014-12-24,OPTSTK,GLENMARK,660.0,PE,0.0,0.0,0.0,36.25,7.65,0,0.0,0
2014-11-10,2014-12-24,OPTSTK,GLENMARK,680.0,PE,0.0,0.0,0.0,45.15,11.2,0,0.0,0
2014-11-10,2014-12-24,OPTSTK,GLENMARK,700.0,PE,0.0,0.0,0.0,55.2,15.9,0,0.0,0
2014-11-10,2014-12-24,OPTSTK,GLENMARK,720.0,PE,0.0,0.0,0.0,66.35,21.75,0,0.0,0
2014-11-10,2014-12-24,OPTSTK,GLENMARK,740.0,PE,0.0,0.0,0.0,78.5,28.9,0,0.0,0
2014-11-10,2014-12-24,OPTSTK,GLENMARK,760.0,PE,0.0,0.0,0.0,91.65,37.45,0,0.0,0
2014-11-10,2014-12-24,OPTSTK,GLENMARK,780.0,PE,0.0,0.0,0.0,105.75,47.35,0,0.0,0
2014-11-10,2014-12-24,OPTSTK,GLENMARK,800.0,PE,0.0,0.0,0.0,120.65,58.55,0,0.0,0
2014-11-10,2014-12-24,OPTSTK,GLENMARK,820.0,PE,0.0,0.0,0.0,136.2,71.0,0,0.0,0
2014-11-10,2014-12-24,OPTSTK,GLENMARK,840.0,PE,0.0,0.0,0.0,152.4,84.6,0,0.0,0
2014-11-10,2014-12-24,OPTSTK,GLENMARK,860.0,PE,0.0,0.0,0.0,169.2,99.35,0,0.0,0
2014-11-10,2014-12-24,OPTSTK,GLENMARK,880.0,PE,0.0,0.0,0.0,186.45,114.9,0,0.0,0
2014-11-10,2014-12-24,OPTSTK,GLENMARK,900.0,PE,0.0,0.0,0.0,204.1,131.3,0,0.0,0
2014-11-10,2014-12-24,OPTSTK,GLENMARK,920.0,PE,0.0,0.0,0.0,222.1,148.4,0,0.0,0
2014-11-10,2014-12-24,OPTSTK,GLENMARK,940.0,PE,0.0,0.0,0.0,240.4,166.05,0,0.0,0
2014-11-10,2014-12-24,OPTSTK,GLENMARK,960.0,PE,0.0,0.0,0.0,258.95,184.15,0,0.0,0
2014-11-10,2015-01-29,OPTSTK,GLENMARK,480.0,CE,0.0,0.0,0.0,241.8,300.4,0,0.0,0
2014-11-10,2015-01-29,OPTSTK,GLENMARK,500.0,CE,0.0,0.0,0.0,222.35,281.05,0,0.0,0
2014-11-10,2015-01-29,OPTSTK,GLENMARK,520.0,CE,0.0,0.0,0.0,203.05,261.9,0,0.0,0
2014-11-10,2015-01-29,OPTSTK,GLENMARK,540.0,CE,0.0,0.0,0.0,184.0,242.95,0,0.0,0
2014-11-10,2015-01-29,OPTSTK,GLENMARK,560.0,CE,0.0,0.0,0.0,165.25,224.35,0,0.0,0
2014-11-10,2015-01-29,OPTSTK,GLENMARK,580.0,CE,0.0,0.0,0.0,147.0,206.15,0,0.0,0
2014-11-10,2015-01-29,OPTSTK,GLENMARK,600.0,CE,0.0,0.0,0.0,129.45,188.5,0,0.0,0
2014-11-10,2015-01-29,OPTSTK,GLENMARK,620.0,CE,0.0,0.0,0.0,112.75,171.4,0,0.0,0
2014-11-10,2015-01-29,OPTSTK,GLENMARK,640.0,CE,0.0,0.0,0.0,97.1,155.05,0,0.0,0
2014-11-10,2015-01-29,OPTSTK,GLENMARK,660.0,CE,0.0,0.0,0.0,82.6,139.45,0,0.0,0
2014-11-10,2015-01-29,OPTSTK,GLENMARK,680.0,CE,0.0,0.0,0.0,69.4,124.8,0,0.0,0
2014-11-10,2015-01-29,OPTSTK,GLENMARK,700.0,CE,0.0,0.0,0.0,57.6,111.0,0,0.0,0
2014-11-10,2015-01-29,OPTSTK,GLENMARK,720.0,CE,0.0,0.0,0.0,47.25,98.15,0,0.0,0
2014-11-10,2015-01-29,OPTSTK,GLENMARK,740.0,CE,0.0,0.0,0.0,38.25,86.35,0,0.0,0
2014-11-10,2015-01-29,OPTSTK,GLENMARK,760.0,CE,0.0,0.0,0.0,30.65,75.6,0,0.0,0
2014-11-10,2015-01-29,OPTSTK,GLENMARK,780.0,CE,0.0,0.0,0.0,24.25,65.8,0,0.0,0
2014-11-10,2015-01-29,OPTSTK,GLENMARK,800.0,CE,0.0,0.0,0.0,19.0,57.0,0,0.0,0
2014-11-10,2015-01-29,OPTSTK,GLENMARK,820.0,CE,0.0,0.0,0.0,14.65,49.1,0,0.0,0
2014-11-10,2015-01-29,OPTSTK,GLENMARK,840.0,CE,0.0,0.0,0.0,11.25,42.15,0,0.0,0
2014-11-10,2015-01-29,OPTSTK,GLENMARK,860.0,CE,0.0,0.0,0.0,8.5,35.95,0,0.0,0
2014-11-10,2015-01-29,OPTSTK,GLENMARK,880.0,CE,0.0,0.0,0.0,6.4,30.55,0,0.0,0
2014-11-10,2015-01-29,OPTSTK,GLENMARK,900.0,CE,0.0,0.0,0.0,4.75,25.9,0,0.0,0
2014-11-10,2015-01-29,OPTSTK,GLENMARK,920.0,CE,0.0,0.0,0.0,3.5,21.85,0,0.0,0
2014-11-10,2015-01-29,OPTSTK,GLENMARK,940.0,CE,0.0,0.0,0.0,2.55,18.35,0,0.0,0
2014-11-10,2015-01-29,OPTSTK,GLENMARK,960.0,CE,0.0,0.0,0.0,1.85,15.35,0,0.0,0
2014-11-10,2015-01-29,OPTSTK,GLENMARK,480.0,PE,0.0,0.0,0.0,0.1,0.35,0,0.0,0
2014-11-10,2015-01-29,OPTSTK,GLENMARK,500.0,PE,0.0,0.0,0.0,0.25,0.65,0,0.0,0
2014-11-10,2015-01-29,OPTSTK,GLENMARK,520.0,PE,0.0,0.0,0.0,0.55,1.1,0,0.0,0
2014-11-10,2015-01-29,OPTSTK,GLENMARK,540.0,PE,0.0,0.0,0.0,1.0,1.8,0,0.0,0
2014-11-10,2015-01-29,OPTSTK,GLENMARK,560.0,PE,0.0,0.0,0.0,1.85,2.8,0,0.0,0
2014-11-10,2015-01-29,OPTSTK,GLENMARK,580.0,PE,0.0,0.0,0.0,3.2,4.2,0,0.0,0
2014-11-10,2015-01-29,OPTSTK,GLENMARK,600.0,PE,0.0,0.0,0.0,5.2,6.15,0,0.0,0
2014-11-10,2015-01-29,OPTSTK,GLENMARK,620.0,PE,0.0,0.0,0.0,8.1,8.7,0,0.0,0
2014-11-10,2015-01-29,OPTSTK,GLENMARK,640.0,PE,0.0,0.0,0.0,11.95,11.95,0,0.0,0
2014-11-10,2015-01-29,OPTSTK,GLENMARK,660.0,PE,0.0,0.0,0.0,17.05,16.0,0,0.0,0
2014-11-10,2015-01-29,OPTSTK,GLENMARK,680.0,PE,0.0,0.0,0.0,23.45,20.95,0,0.0,0
2014-11-10,2015-01-29,OPTSTK,GLENMARK,700.0,PE,0.0,0.0,0.0,31.2,26.75,0,0.0,0
2014-11-10,2015-01-29,OPTSTK,GLENMARK,720.0,PE,0.0,0.0,0.0,40.4,33.55,0,0.0,0
2014-11-10,2015-01-29,OPTSTK,GLENMARK,740.0,PE,0.0,0.0,0.0,51.0,41.4,0,0.0,0
2014-11-10,2015-01-29,OPTSTK,GLENMARK,760.0,PE,0.0,0.0,0.0,62.95,50.25,0,0.0,0
2014-11-10,2015-01-29,OPTSTK,GLENMARK,780.0,PE,0.0,0.0,0.0,76.1,60.1,0,0.0,0
2014-11-10,2015-01-29,OPTSTK,GLENMARK,800.0,PE,0.0,0.0,0.0,90.4,70.9,0,0.0,0
2014-11-10,2015-01-29,OPTSTK,GLENMARK,820.0,PE,0.0,0.0,0.0,105.7,82.65,0,0.0,0
2014-11-10,2015-01-29,OPTSTK,GLENMARK,840.0,PE,0.0,0.0,0.0,121.8,95.25,0,0.0,0
2014-11-10,2015-01-29,OPTSTK,GLENMARK,860.0,PE,0.0,0.0,0.0,138.65,108.7,0,0.0,0
2014-11-10,2015-01-29,OPTSTK,GLENMARK,880.0,PE,0.0,0.0,0.0,156.1,122.95,0,0.0,0
2014-11-10,2015-01-29,OPTSTK,GLENMARK,900.0,PE,0.0,0.0,0.0,174.05,137.9,0,0.0,0
2014-11-10,2015-01-29,OPTSTK,GLENMARK,920.0,PE,0.0,0.0,0.0,192.35,153.45,0,0.0,0
2014-11-10,2015-01-29,OPTSTK,GLENMARK,940.0,PE,0.0,0.0,0.0,211.0,169.55,0,0.0,0
2014-11-10,2015-01-29,OPTSTK,GLENMARK,960.0,PE,0.0,0.0,0.0,229.85,186.2,0,0.0,0
2014-11-10,2014-11-27,OPTSTK,GMRINFRA,5.0,CE,0.0,0.0,0.0,20.5,15.55,0,0.0,0
2014-11-10,2014-11-27,OPTSTK,GMRINFRA,7.5,CE,0.0,0.0,0.0,18.05,13.05,0,0.0,0
2014-11-10,2014-11-27,OPTSTK,GMRINFRA,10.0,CE,0.0,0.0,0.0,15.6,10.55,0,0.0,0
2014-11-10,2014-11-27,OPTSTK,GMRINFRA,12.5,CE,0.0,0.0,0.0,13.15,8.05,0,0.0,0
2014-11-10,2014-11-27,OPTSTK,GMRINFRA,15.0,CE,0.0,0.0,0.0,10.7,5.6,0,0.0,0
2014-11-10,2014-11-27,OPTSTK,GMRINFRA,17.5,CE,0.0,0.0,0.0,3.35,3.35,0,0.0,30000
2014-11-10,2014-11-27,OPTSTK,GMRINFRA,20.0,CE,1.8,1.8,1.25,1.4,1.4,189,405.78,1500000
2014-11-10,2014-11-27,OPTSTK,GMRINFRA,22.5,CE,0.75,0.85,0.4,0.45,0.45,432,993.85,6530000
2014-11-10,2014-11-27,OPTSTK,GMRINFRA,25.0,CE,0.35,0.35,0.15,0.2,0.2,209,527.37,5470000
2014-11-10,2014-11-27,OPTSTK,GMRINFRA,27.5,CE,0.15,0.15,0.1,0.1,0.1,74,204.26,1670000
2014-11-10,2014-11-27,OPTSTK,GMRINFRA,30.0,CE,0.1,0.1,0.05,0.05,0.05,16,48.1,2440000
2014-11-10,2014-11-27,OPTSTK,GMRINFRA,32.5,CE,0.0,0.0,0.0,0.05,0.0,0,0.0,50000
2014-11-10,2014-11-27,OPTSTK,GMRINFRA,35.0,CE,0.0,0.0,0.0,0.05,0.0,0,0.0,70000
2014-11-10,2014-11-27,OPTSTK,GMRINFRA,37.5,CE,0.0,0.0,0.0,0.3,0.0,0,0.0,0
2014-11-10,2014-11-27,OPTSTK,GMRINFRA,40.0,CE,0.0,0.0,0.0,0.05,0.0,0,0.0,40000
2014-11-10,2014-11-27,OPTSTK,GMRINFRA,42.5,CE,0.0,0.0,0.0,0.1,0.0,0,0.0,0
2014-11-10,2014-11-27,OPTSTK,GMRINFRA,45.0,CE,0.0,0.0,0.0,0.05,0.0,0,0.0,0
2014-11-10,2014-11-27,OPTSTK,GMRINFRA,47.5,CE,0.0,0.0,0.0,0.05,0.0,0,0.0,0
2014-11-10,2014-11-27,OPTSTK,GMRINFRA,50.0,CE,0.0,0.0,0.0,0.05,0.0,0,0.0,0
2014-11-10,2014-11-27,OPTSTK,GMRINFRA,5.0,PE,0.0,0.0,0.0,0.05,0.0,0,0.0,0
2014-11-10,2014-11-27,OPTSTK,GMRINFRA,7.5,PE,0.0,0.0,0.0,0.05,0.0,0,0.0,0
2014-11-10,2014-11-27,OPTSTK,GMRINFRA,10.0,PE,0.0,0.0,0.0,0.05,0.0,0,0.0,0
2014-11-10,2014-11-27,OPTSTK,GMRINFRA,12.5,PE,0.0,0.0,0.0,0.05,0.0,0,0.0,0
2014-11-10,2014-11-27,OPTSTK,GMRINFRA,15.0,PE,0.0,0.0,0.0,0.05,0.05,0,0.0,30000
2014-11-10,2014-11-27,OPTSTK,GMRINFRA,17.5,PE,0.15,0.25,0.15,0.2,0.2,73,129.12,610000
2014-11-10,2014-11-27,OPTSTK,GMRINFRA,20.0,PE,0.5,0.9,0.5,0.8,0.8,278,576.1,1600000
2014-11-10,2014-11-27,OPTSTK,GMRINFRA,22.5,PE,1.8,2.6,1.8,2.4,2.4,39,96.66,670000
2014-11-10,2014-11-27,OPTSTK,GMRINFRA,25.0,PE,0.0,0.0,0.0,3.0,4.6,0,0.0,240000
2014-11-10,2014-11-27,OPTSTK,GMRINFRA,27.5,PE,0.0,0.0,0.0,5.65,6.95,0,0.0,10000
2014-11-10,2014-11-27,OPTSTK,GMRINFRA,30.0,PE,0.0,0.0,0.0,8.25,9.4,0,0.0,20000
2014-11-10,2014-11-27,OPTSTK,GMRINFRA,32.5,PE,0.0,0.0,0.0,7.25,11.9,0,0.0,0
2014-11-10,2014-11-27,OPTSTK,GMRINFRA,35.0,PE,0.0,0.0,0.0,9.35,14.4,0,0.0,0
2014-11-10,2014-11-27,OPTSTK,GMRINFRA,37.5,PE,0.0,0.0,0.0,16.25,16.85,0,0.0,10000
2014-11-10,2014-11-27,OPTSTK,GMRINFRA,40.0,PE,0.0,0.0,0.0,13.95,19.35,0,0.0,0
2014-11-10,2014-11-27,OPTSTK,GMRINFRA,42.5,PE,0.0,0.0,0.0,16.35,21.85,0,0.0,0
2014-11-10,2014-11-27,OPTSTK,GMRINFRA,45.0,PE,0.0,0.0,0.0,18.75,24.35,0,0.0,0
2014-11-10,2014-11-27,OPTSTK,GMRINFRA,47.5,PE,0.0,0.0,0.0,21.2,26.85,0,0.0,0
2014-11-10,2014-11-27,OPTSTK,GMRINFRA,50.0,PE,0.0,0.0,0.0,23.6,29.3,0,0.0,0
2014-11-10,2014-12-24,OPTSTK,GMRINFRA,5.0,CE,0.0,0.0,0.0,13.7,15.55,0,0.0,0
2014-11-10,2014-12-24,OPTSTK,GMRINFRA,7.5,CE,0.0,0.0,0.0,11.25,13.1,0,0.0,0
2014-11-10,2014-12-24,OPTSTK,GMRINFRA,10.0,CE,0.0,0.0,0.0,8.95,10.65,0,0.0,0
2014-11-10,2014-12-24,OPTSTK,GMRINFRA,12.5,CE,0.0,0.0,0.0,6.85,8.2,0,0.0,0
2014-11-10,2014-12-24,OPTSTK,GMRINFRA,15.0,CE,0.0,0.0,0.0,5.1,5.9,0,0.0,0
2014-11-10,2014-12-24,OPTSTK,GMRINFRA,17.5,CE,0.0,0.0,0.0,3.75,3.95,0,0.0,0
2014-11-10,2014-12-24,OPTSTK,GMRINFRA,20.0,CE,0.0,0.0,0.0,2.7,2.45,0,0.0,0
2014-11-10,2014-12-24,OPTSTK,GMRINFRA,22.5,CE,0.0,0.0,0.0,1.9,1.45,0,0.0,0
2014-11-10,2014-12-24,OPTSTK,GMRINFRA,25.0,CE,0.0,0.0,0.0,1.35,0.8,0,0.0,0
2014-11-10,2014-12-24,OPTSTK,GMRINFRA,27.5,CE,0.0,0.0,0.0,0.95,0.45,0,0.0,0
2014-11-10,2014-12-24,OPTSTK,GMRINFRA,30.0,CE,0.0,0.0,0.0,0.65,0.25,0,0.0,0
2014-11-10,2014-12-24,OPTSTK,GMRINFRA,32.5,CE,0.0,0.0,0.0,0.5,0.15,0,0.0,0
2014-11-10,2014-12-24,OPTSTK,GMRINFRA,35.0,CE,0.0,0.0,0.0,0.35,0.05,0,0.0,0
2014-11-10,2014-12-24,OPTSTK,GMRINFRA,37.5,CE,0.0,0.0,0.0,0.25,0.05,0,0.0,0
2014-11-10,2014-12-24,OPTSTK,GMRINFRA,40.0,CE,0.0,0.0,0.0,0.2,0.05,0,0.0,0
2014-11-10,2014-12-24,OPTSTK,GMRINFRA,42.5,CE,0.0,0.0,0.0,0.15,0.05,0,0.0,0
2014-11-10,2014-12-24,OPTSTK,GMRINFRA,5.0,PE,0.0,0.0,0.0,0.05,0.0,0,0.0,0
2014-11-10,2014-12-24,OPTSTK,GMRINFRA,7.5,PE,0.0,0.0,0.0,0.05,0.0,0,0.0,0
2014-11-10,2014-12-24,OPTSTK,GMRINFRA,10.0,PE,0.0,0.0,0.0,0.15,0.0,0,0.0,0
2014-11-10,2014-12-24,OPTSTK,GMRINFRA,12.5,PE,0.0,0.0,0.0,0.55,0.05,0,0.0,0
2014-11-10,2014-12-24,OPTSTK,GMRINFRA,15.0,PE,0.0,0.0,0.0,1.25,0.25,0,0.0,0
2014-11-10,2014-12-24,OPTSTK,GMRINFRA,17.5,PE,0.0,0.0,0.0,2.3,0.75,0,0.0,0
2014-11-10,2014-12-24,OPTSTK,GMRINFRA,20.0,PE,0.0,0.0,0.0,3.7,1.75,0,0.0,0
2014-11-10,2014-12-24,OPTSTK,GMRINFRA,22.5,PE,0.0,0.0,0.0,5.35,3.2,0,0.0,0
2014-11-10,2014-12-24,OPTSTK,GMRINFRA,25.0,PE,0.0,0.0,0.0,7.25,5.05,0,0.0,0
2014-11-10,2014-12-24,OPTSTK,GMRINFRA,27.5,PE,0.0,0.0,0.0,9.3,7.15,0,0.0,0
2014-11-10,2014-12-24,OPTSTK,GMRINFRA,30.0,PE,0.0,0.0,0.0,11.45,9.4,0,0.0,0
2014-11-10,2014-12-24,OPTSTK,GMRINFRA,32.5,PE,0.0,0.0,0.0,13.7,11.8,0,0.0,0
2014-11-10,2014-12-24,OPTSTK,GMRINFRA,35.0,PE,0.0,0.0,0.0,16.05,14.2,0,0.0,0
2014-11-10,2014-12-24,OPTSTK,GMRINFRA,37.5,PE,0.0,0.0,0.0,18.4,16.65,0,0.0,0
2014-11-10,2014-12-24,OPTSTK,GMRINFRA,40.0,PE,0.0,0.0,0.0,20.75,19.1,0,0.0,0
2014-11-10,2014-12-24,OPTSTK,GMRINFRA,42.5,PE,0.0,0.0,0.0,23.15,21.6,0,0.0,0
2014-11-10,2015-01-29,OPTSTK,GMRINFRA,5.0,CE,0.0,0.0,0.0,16.25,15.6,0,0.0,0
2014-11-10,2015-01-29,OPTSTK,GMRINFRA,7.5,CE,0.0,0.0,0.0,13.8,13.15,0,0.0,0
2014-11-10,2015-01-29,OPTSTK,GMRINFRA,10.0,CE,0.0,0.0,0.0,11.35,10.75,0,0.0,0
2014-11-10,2015-01-29,OPTSTK,GMRINFRA,12.5,CE,0.0,0.0,0.0,9.1,8.4,0,0.0,0
2014-11-10,2015-01-29,OPTSTK,GMRINFRA,15.0,CE,0.0,0.0,0.0,7.0,6.35,0,0.0,0
2014-11-10,2015-01-29,OPTSTK,GMRINFRA,17.5,CE,0.0,0.0,0.0,5.25,4.6,0,0.0,0
2014-11-10,2015-01-29,OPTSTK,GMRINFRA,20.0,CE,0.0,0.0,0.0,3.85,3.25,0,0.0,0
2014-11-10,2015-01-29,OPTSTK,GMRINFRA,22.5,CE,0.0,0.0,0.0,2.8,2.25,0,0.0,0
2014-11-10,2015-01-29,OPTSTK,GMRINFRA,25.0,CE,0.0,0.0,0.0,2.0,1.5,0,0.0,0
2014-11-10,2015-01-29,OPTSTK,GMRINFRA,27.5,CE,0.0,0.0,0.0,1.4,1.0,0,0.0,0
2014-11-10,2015-01-29,OPTSTK,GMRINFRA,30.0,CE,0.0,0.0,0.0,1.0,0.65,0,0.0,0
2014-11-10,2015-01-29,OPTSTK,GMRINFRA,32.5,CE,0.0,0.0,0.0,0.7,0.45,0,0.0,0
2014-11-10,2015-01-29,OPTSTK,GMRINFRA,35.0,CE,0.0,0.0,0.0,0.5,0.3,0,0.0,0
2014-11-10,2015-01-29,OPTSTK,GMRINFRA,37.5,CE,0.0,0.0,0.0,0.35,0.2,0,0.0,0
2014-11-10,2015-01-29,OPTSTK,GMRINFRA,40.0,CE,0.0,0.0,0.0,0.25,0.15,0,0.0,0
2014-11-10,2015-01-29,OPTSTK,GMRINFRA,42.5,CE,0.0,0.0,0.0,0.15,0.1,0,0.0,0
2014-11-10,2015-01-29,OPTSTK,GMRINFRA,5.0,PE,0.0,0.0,0.0,0.05,0.0,0,0.0,0
2014-11-10,2015-01-29,OPTSTK,GMRINFRA,7.5,PE,0.0,0.0,0.0,0.05,0.0,0,0.0,0
2014-11-10,2015-01-29,OPTSTK,GMRINFRA,10.0,PE,0.0,0.0,0.0,0.05,0.05,0,0.0,0
2014-11-10,2015-01-29,OPTSTK,GMRINFRA,12.5,PE,0.0,0.0,0.0,0.2,0.2,0,0.0,0
2014-11-10,2015-01-29,OPTSTK,GMRINFRA,15.0,PE,0.0,0.0,0.0,0.6,0.55,0,0.0,0
2014-11-10,2015-01-29,OPTSTK,GMRINFRA,17.5,PE,0.0,0.0,0.0,1.3,1.3,0,0.0,0
2014-11-10,2015-01-29,OPTSTK,GMRINFRA,20.0,PE,0.0,0.0,0.0,2.35,2.35,0,0.0,0
2014-11-10,2015-01-29,OPTSTK,GMRINFRA,22.5,PE,0.0,0.0,0.0,3.7,3.8,0,0.0,0
2014-11-10,2015-01-29,OPTSTK,GMRINFRA,25.0,PE,0.0,0.0,0.0,5.35,5.55,0,0.0,0
2014-11-10,2015-01-29,OPTSTK,GMRINFRA,27.5,PE,0.0,0.0,0.0,7.2,7.5,0,0.0,0
2014-11-10,2015-01-29,OPTSTK,GMRINFRA,30.0,PE,0.0,0.0,0.0,9.25,9.6,0,0.0,0
2014-11-10,2015-01-29,OPTSTK,GMRINFRA,32.5,PE,0.0,0.0,0.0,11.4,11.85,0,0.0,0
2014-11-10,2015-01-29,OPTSTK,GMRINFRA,35.0,PE,0.0,0.0,0.0,13.6,14.15,0,0.0,0
2014-11-10,2015-01-29,OPTSTK,GMRINFRA,37.5,PE,0.0,0.0,0.0,15.95,16.5,0,0.0,0
2014-11-10,2015-01-29,OPTSTK,GMRINFRA,40.0,PE,0.0,0.0,0.0,18.3,18.9,0,0.0,0
2014-11-10,2015-01-29,OPTSTK,GMRINFRA,42.5,PE,0.0,0.0,0.0,20.65,21.3,0,0.0,0
2014-11-10,2014-11-27,OPTSTK,GODREJIND,210.0,CE,0.0,0.0,0.0,117.15,92.15,0,0.0,0
2014-11-10,2014-11-27,OPTSTK,GODREJIND,220.0,CE,0.0,0.0,0.0,107.45,82.2,0,0.0,0
2014-11-10,2014-11-27,OPTSTK,GODREJIND,230.0,CE,0.0,0.0,0.0,97.8,72.25,0,0.0,0
2014-11-10,2014-11-27,OPTSTK,GODREJIND,240.0,CE,0.0,0.0,0.0,88.3,62.25,0,0.0,0
2014-11-10,2014-11-27,OPTSTK,GODREJIND,250.0,CE,0.0,0.0,0.0,79.0,52.35,0,0.0,0
2014-11-10,2014-11-27,OPTSTK,GODREJIND,260.0,CE,0.0,0.0,0.0,70.0,42.45,0,0.0,0
2014-11-10,2014-11-27,OPTSTK,GODREJIND,270.0,CE,0.0,0.0,0.0,61.35,32.9,0,0.0,0
2014-11-10,2014-11-27,OPTSTK,GODREJIND,280.0,CE,0.0,0.0,0.0,53.2,23.9,0,0.0,0
2014-11-10,2014-11-27,OPTSTK,GODREJIND,290.0,CE,0.0,0.0,0.0,19.0,16.1,0,0.0,2000
2014-11-10,2014-11-27,OPTSTK,GODREJIND,300.0,CE,12.0,14.0,10.0,10.35,10.35,9,27.98,17000
2014-11-10,2014-11-27,OPTSTK,GODREJIND,310.0,CE,9.1,9.3,5.2,6.1,6.1,62,196.76,34000
2014-11-10,2014-11-27,OPTSTK,GODREJIND,320.0,CE,5.35,5.8,3.05,3.5,3.5,19,61.65,17000
2014-11-10,2014-11-27,OPTSTK,GODREJIND,330.0,CE,6.6,6.6,1.55,1.7,1.7,11,36.53,35000
2014-11-10,2014-11-27,OPTSTK,GODREJIND,340.0,CE,1.25,1.45,1.25,1.45,1.45,2,6.82,10000
2014-11-10,2014-11-27,OPTSTK,GODREJIND,350.0,CE,0.0,0.0,0.0,14.05,0.2,0,0.0,0
2014-11-10,2014-11-27,OPTSTK,GODREJIND,360.0,CE,0.0,0.0,0.0,11.1,0.1,0,0.0,0
2014-11-10,2014-11-27,OPTSTK,GODREJIND,370.0,CE,0.0,0.0,0.0,8.7,0.05,0,0.0,0
2014-11-10,2014-11-27,OPTSTK,GODREJIND,380.0,CE,0.0,0.0,0.0,6.75,0.0,0,0.0,0
2014-11-10,2014-11-27,OPTSTK,GODREJIND,390.0,CE,0.0,0.0,0.0,5.15,0.0,0,0.0,0
2014-11-10,2014-11-27,OPTSTK,GODREJIND,400.0,CE,0.0,0.0,0.0,3.95,0.0,0,0.0,0
2014-11-10,2014-11-27,OPTSTK,GODREJIND,410.0,CE,0.0,0.0,0.0,2.95,0.0,0,0.0,0
2014-11-10,2014-11-27,OPTSTK,GODREJIND,420.0,CE,0.0,0.0,0.0,2.2,0.0,0,0.0,0
2014-11-10,2014-11-27,OPTSTK,GODREJIND,430.0,CE,0.0,0.0,0.0,1.65,0.0,0,0.0,0
2014-11-10,2014-11-27,OPTSTK,GODREJIND,440.0,CE,0.0,0.0,0.0,1.2,0.0,0,0.0,0
2014-11-10,2014-11-27,OPTSTK,GODREJIND,210.0,PE,0.0,0.0,0.0,0.1,0.0,0,0.0,0
2014-11-10,2014-11-27,OPTSTK,GODREJIND,220.0,PE,0.0,0.0,0.0,0.15,0.0,0,0.0,0
2014-11-10,2014-11-27,OPTSTK,GODREJIND,230.0,PE,0.0,0.0,0.0,0.3,0.0,0,0.0,0
2014-11-10,2014-11-27,OPTSTK,GODREJIND,240.0,PE,0.0,0.0,0.0,0.6,0.0,0,0.0,0
2014-11-10,2014-11-27,OPTSTK,GODREJIND,250.0,PE,0.0,0.0,0.0,1.1,0.05,0,0.0,0
2014-11-10,2014-11-27,OPTSTK,GODREJIND,260.0,PE,0.0,0.0,0.0,1.85,0.15,0,0.0,0
2014-11-10,2014-11-27,OPTSTK,GODREJIND,270.0,PE,0.1,0.1,0.1,0.1,0.1,1,2.7,6000
2014-11-10,2014-11-27,OPTSTK,GODREJIND,280.0,PE,1.6,2.1,1.6,2.0,2.0,10,28.18,10000
2014-11-10,2014-11-27,OPTSTK,GODREJIND,290.0,PE,3.5,4.5,3.25,4.5,4.5,10,29.35,8000
2014-11-10,2014-11-27,OPTSTK,GODREJIND,300.0,PE,7.25,8.9,6.0,8.05,8.05,36,110.84,15000
2014-11-10,2014-11-27,OPTSTK,GODREJIND,310.0,PE,0.0,0.0,0.0,19.5,13.0,0,0.0,1000
2014-11-10,2014-11-27,OPTSTK,GODREJIND,320.0,PE,0.0,0.0,0.0,19.0,20.2,0,0.0,1000
2014-11-10,2014-11-27,OPTSTK,GODREJIND,330.0,PE,0.0,0.0,0.0,22.2,28.65,0,0.0,0
2014-11-10,2014-11-27,OPTSTK,GODREJIND,340.0,PE,0.0,0.0,0.0,27.8,37.9,0,0.0,0
2014-11-10,2014-11-27,OPTSTK,GODREJIND,350.0,PE,0.0,0.0,0.0,34.0,47.5,0,0.0,0
2014-11-10,2014-11-27,OPTSTK,GODREJIND,360.0,PE,0.0,0.0,0.0,40.85,57.35,0,0.0,0
2014-11-10,2014-11-27,OPTSTK,GODREJIND,370.0,PE,0.0,0.0,0.0,48.25,67.3,0,0.0,0
2014-11-10,2014-11-27,OPTSTK,GODREJIND,380.0,PE,0.0,0.0,0.0,56.05,77.25,0,0.0,0
2014-11-10,2014-11-27,OPTSTK,GODREJIND,390.0,PE,0.0,0.0,0.0,64.3,87.2,0,0.0,0
2014-11-10,2014-11-27,OPTSTK,GODREJIND,400.0,PE,0.0,0.0,0.0,72.8,97.15,0,0.0,0
2014-11-10,2014-11-27,OPTSTK,GODREJIND,410.0,PE,0.0,0.0,0.0,81.65,107.1,0,0.0,0
2014-11-10,2014-11-27,OPTSTK,GODREJIND,420.0,PE,0.0,0.0,0.0,90.7,117.05,0,0.0,0
2014-11-10,2014-11-27,OPTSTK,GODREJIND,430.0,PE,0.0,0.0,0.0,99.9,127.0,0,0.0,0
2014-11-10,2014-11-27,OPTSTK,GODREJIND,440.0,PE,0.0,0.0,0.0,109.25,137.0,0,0.0,0
2014-11-10,2014-12-24,OPTSTK,GODREJIND,210.0,CE,0.0,0.0,0.0,97.4,93.5,0,0.0,0
2014-11-10,2014-12-24,OPTSTK,GODREJIND,220.0,CE,0.0,0.0,0.0,88.35,83.65,0,0.0,0
2014-11-10,2014-12-24,OPTSTK,GODREJIND,230.0,CE,0.0,0.0,0.0,79.65,73.8,0,0.0,0
2014-11-10,2014-12-24,OPTSTK,GODREJIND,240.0,CE,0.0,0.0,0.0,71.3,64.05,0,0.0,0
2014-11-10,2014-12-24,OPTSTK,GODREJIND,250.0,CE,0.0,0.0,0.0,63.35,54.5,0,0.0,0
2014-11-10,2014-12-24,OPTSTK,GODREJIND,260.0,CE,0.0,0.0,0.0,55.95,45.3,0,0.0,0
2014-11-10,2014-12-24,OPTSTK,GODREJIND,270.0,CE,0.0,0.0,0.0,49.05,36.65,0,0.0,0
2014-11-10,2014-12-24,OPTSTK,GODREJIND,280.0,CE,0.0,0.0,0.0,42.7,28.8,0,0.0,0
2014-11-10,2014-12-24,OPTSTK,GODREJIND,290.0,CE,0.0,0.0,0.0,36.95,21.9,0,0.0,0
2014-11-10,2014-12-24,OPTSTK,GODREJIND,300.0,CE,0.0,0.0,0.0,31.75,16.1,0,0.0,0
2014-11-10,2014-12-24,OPTSTK,GODREJIND,310.0,CE,0.0,0.0,0.0,27.1,11.45,0,0.0,0
2014-11-10,2014-12-24,OPTSTK,GODREJIND,320.0,CE,0.0,0.0,0.0,23.05,7.85,0,0.0,0
2014-11-10,2014-12-24,OPTSTK,GODREJIND,330.0,CE,0.0,0.0,0.0,19.45,5.25,0,0.0,0
2014-11-10,2014-12-24,OPTSTK,GODREJIND,340.0,CE,0.0,0.0,0.0,16.35,3.35,0,0.0,0
2014-11-10,2014-12-24,OPTSTK,GODREJIND,350.0,CE,0.0,0.0,0.0,13.65,2.1,0,0.0,0
2014-11-10,2014-12-24,OPTSTK,GODREJIND,360.0,CE,0.0,0.0,0.0,11.4,1.25,0,0.0,0
2014-11-10,2014-12-24,OPTSTK,GODREJIND,370.0,CE,0.0,0.0,0.0,9.4,0.75,0,0.0,0
2014-11-10,2014-12-24,OPTSTK,GODREJIND,380.0,CE,0.0,0.0,0.0,7.8,0.45,0,0.0,0
2014-11-10,2014-12-24,OPTSTK,GODREJIND,390.0,CE,0.0,0.0,0.0,6.4,0.25,0,0.0,0
2014-11-10,2014-12-24,OPTSTK,GODREJIND,400.0,CE,0.0,0.0,0.0,5.25,0.15,0,0.0,0
2014-11-10,2014-12-24,OPTSTK,GODREJIND,410.0,CE,0.0,0.0,0.0,4.25,0.1,0,0.0,0
2014-11-10,2014-12-24,OPTSTK,GODREJIND,420.0,CE,0.0,0.0,0.0,3.45,0.05,0,0.0,0
2014-11-10,2014-12-24,OPTSTK,GODREJIND,430.0,CE,0.0,0.0,0.0,2.8,0.05,0,0.0,0
2014-11-10,2014-12-24,OPTSTK,GODREJIND,440.0,CE,0.0,0.0,0.0,2.3,0.05,0,0.0,0
2014-11-10,2014-12-24,OPTSTK,GODREJIND,210.0,PE,0.0,0.0,0.0,1.2,0.05,0,0.0,0
2014-11-10,2014-12-24,OPTSTK,GODREJIND,220.0,PE,0.0,0.0,0.0,1.9,0.05,0,0.0,0
2014-11-10,2014-12-24,OPTSTK,GODREJIND,230.0,PE,0.0,0.0,0.0,2.95,0.1,0,0.0,0
2014-11-10,2014-12-24,OPTSTK,GODREJIND,240.0,PE,0.0,0.0,0.0,4.4,0.25,0,0.0,0
2014-11-10,2014-12-24,OPTSTK,GODREJIND,250.0,PE,0.0,0.0,0.0,6.25,0.6,0,0.0,0
2014-11-10,2014-12-24,OPTSTK,GODREJIND,260.0,PE,0.0,0.0,0.0,8.65,1.3,0,0.0,0
2014-11-10,2014-12-24,OPTSTK,GODREJIND,270.0,PE,0.0,0.0,0.0,11.5,2.55,0,0.0,0
2014-11-10,2014-12-24,OPTSTK,GODREJIND,280.0,PE,0.0,0.0,0.0,14.95,4.6,0,0.0,0
2014-11-10,2014-12-24,OPTSTK,GODREJIND,290.0,PE,0.0,0.0,0.0,18.95,7.6,0,0.0,0
2014-11-10,2014-12-24,OPTSTK,GODREJIND,300.0,PE,0.0,0.0,0.0,23.55,11.7,0,0.0,0
2014-11-10,2014-12-24,OPTSTK,GODREJIND,310.0,PE,0.0,0.0,0.0,28.7,16.9,0,0.0,0
2014-11-10,2014-12-24,OPTSTK,GODREJIND,320.0,PE,0.0,0.0,0.0,34.4,23.2,0,0.0,0
2014-11-10,2014-12-24,OPTSTK,GODREJIND,330.0,PE,0.0,0.0,0.0,40.6,30.5,0,0.0,0
2014-11-10,2014-12-24,OPTSTK,GODREJIND,340.0,PE,0.0,0.0,0.0,47.3,38.5,0,0.0,0
2014-11-10,2014-12-24,OPTSTK,GODREJIND,350.0,PE,0.0,0.0,0.0,54.4,47.1,0,0.0,0
2014-11-10,2014-12-24,OPTSTK,GODREJIND,360.0,PE,0.0,0.0,0.0,61.9,56.2,0,0.0,0
2014-11-10,2014-12-24,OPTSTK,GODREJIND,370.0,PE,0.0,0.0,0.0,69.7,65.55,0,0.0,0
2014-11-10,2014-12-24,OPTSTK,GODREJIND,380.0,PE,0.0,0.0,0.0,77.85,75.15,0,0.0,0
2014-11-10,2014-12-24,OPTSTK,GODREJIND,390.0,PE,0.0,0.0,0.0,86.25,84.85,0,0.0,0
2014-11-10,2014-12-24,OPTSTK,GODREJIND,400.0,PE,0.0,0.0,0.0,94.85,94.65,0,0.0,0
2014-11-10,2014-12-24,OPTSTK,GODREJIND,410.0,PE,0.0,0.0,0.0,103.7,104.5,0,0.0,0
2014-11-10,2014-12-24,OPTSTK,GODREJIND,420.0,PE,0.0,0.0,0.0,112.65,114.35,0,0.0,0
2014-11-10,2014-12-24,OPTSTK,GODREJIND,430.0,PE,0.0,0.0,0.0,121.8,124.25,0,0.0,0
2014-11-10,2014-12-24,OPTSTK,GODREJIND,440.0,PE,0.0,0.0,0.0,131.05,134.1,0,0.0,0
2014-11-10,2015-01-29,OPTSTK,GODREJIND,210.0,CE,0.0,0.0,0.0,88.55,95.4,0,0.0,0
2014-11-10,2015-01-29,OPTSTK,GODREJIND,220.0,CE,0.0,0.0,0.0,79.15,85.7,0,0.0,0
2014-11-10,2015-01-29,OPTSTK,GODREJIND,230.0,CE,0.0,0.0,0.0,69.95,76.2,0,0.0,0
2014-11-10,2015-01-29,OPTSTK,GODREJIND,240.0,CE,0.0,0.0,0.0,61.15,66.85,0,0.0,0
2014-11-10,2015-01-29,OPTSTK,GODREJIND,250.0,CE,0.0,0.0,0.0,52.8,57.9,0,0.0,0
2014-11-10,2015-01-29,OPTSTK,GODREJIND,260.0,CE,0.0,0.0,0.0,45.0,49.4,0,0.0,0
2014-11-10,2015-01-29,OPTSTK,GODREJIND,270.0,CE,0.0,0.0,0.0,37.85,41.45,0,0.0,0
2014-11-10,2015-01-29,OPTSTK,GODREJIND,280.0,CE,0.0,0.0,0.0,31.4,34.25,0,0.0,0
2014-11-10,2015-01-29,OPTSTK,GODREJIND,290.0,CE,0.0,0.0,0.0,25.7,27.8,0,0.0,0
2014-11-10,2015-01-29,OPTSTK,GODREJIND,300.0,CE,0.0,0.0,0.0,20.8,22.2,0,0.0,0
2014-11-10,2015-01-29,OPTSTK,GODREJIND,310.0,CE,0.0,0.0,0.0,16.6,17.4,0,0.0,0
2014-11-10,2015-01-29,OPTSTK,GODREJIND,320.0,CE,0.0,0.0,0.0,13.1,13.45,0,0.0,0
2014-11-10,2015-01-29,OPTSTK,GODREJIND,330.0,CE,0.0,0.0,0.0,10.2,10.2,0,0.0,0
2014-11-10,2015-01-29,OPTSTK,GODREJIND,340.0,CE,0.0,0.0,0.0,7.85,7.65,0,0.0,0
2014-11-10,2015-01-29,OPTSTK,GODREJIND,350.0,CE,0.0,0.0,0.0,6.0,5.65,0,0.0,0
2014-11-10,2015-01-29,OPTSTK,GODREJIND,360.0,CE,0.0,0.0,0.0,4.5,4.1,0,0.0,0
2014-11-10,2015-01-29,OPTSTK,GODREJIND,370.0,CE,0.0,0.0,0.0,3.4,2.95,0,0.0,0
2014-11-10,2015-01-29,OPTSTK,GODREJIND,380.0,CE,0.0,0.0,0.0,2.5,2.1,0,0.0,0
2014-11-10,2015-01-29,OPTSTK,GODREJIND,390.0,CE,0.0,0.0,0.0,1.85,1.45,0,0.0,0
2014-11-10,2015-01-29,OPTSTK,GODREJIND,400.0,CE,0.0,0.0,0.0,1.35,1.0,0,0.0,0
2014-11-10,2015-01-29,OPTSTK,GODREJIND,410.0,CE,0.0,0.0,0.0,0.95,0.7,0,0.0,0
2014-11-10,2015-01-29,OPTSTK,GODREJIND,420.0,CE,0.0,0.0,0.0,0.7,0.45,0,0.0,0
2014-11-10,2015-01-29,OPTSTK,GODREJIND,430.0,CE,0.0,0.0,0.0,0.5,0.3,0,0.0,0
2014-11-10,2015-01-29,OPTSTK,GODREJIND,210.0,PE,0.0,0.0,0.0,0.35,0.1,0,0.0,0
2014-11-10,2015-01-29,OPTSTK,GODREJIND,220.0,PE,0.0,0.0,0.0,0.75,0.25,0,0.0,0
2014-11-10,2015-01-29,OPTSTK,GODREJIND,230.0,PE,0.0,0.0,0.0,1.35,0.5,0,0.0,0
2014-11-10,2015-01-29,OPTSTK,GODREJIND,240.0,PE,0.0,0.0,0.0,2.3,1.0,0,0.0,0
2014-11-10,2015-01-29,OPTSTK,GODREJIND,250.0,PE,0.0,0.0,0.0,3.75,1.85,0,0.0,0
2014-11-10,2015-01-29,OPTSTK,GODREJIND,260.0,PE,0.0,0.0,0.0,5.7,3.15,0,0.0,0
2014-11-10,2015-01-29,OPTSTK,GODREJIND,270.0,PE,0.0,0.0,0.0,8.35,5.05,0,0.0,0
2014-11-10,2015-01-29,OPTSTK,GODREJIND,280.0,PE,0.0,0.0,0.0,11.7,7.65,0,0.0,0
2014-11-10,2015-01-29,OPTSTK,GODREJIND,290.0,PE,0.0,0.0,0.0,15.8,11.0,0,0.0,0
2014-11-10,2015-01-29,OPTSTK,GODREJIND,300.0,PE,0.0,0.0,0.0,20.65,15.2,0,0.0,0
2014-11-10,2015-01-29,OPTSTK,GODREJIND,310.0,PE,0.0,0.0,0.0,26.25,20.25,0,0.0,0
2014-11-10,2015-01-29,OPTSTK,GODREJIND,320.0,PE,0.0,0.0,0.0,32.5,26.1,0,0.0,0
2014-11-10,2015-01-29,OPTSTK,GODREJIND,330.0,PE,0.0,0.0,0.0,39.4,32.65,0,0.0,0
2014-11-10,2015-01-29,OPTSTK,GODREJIND,340.0,PE,0.0,0.0,0.0,46.9,39.9,0,0.0,0
2014-11-10,2015-01-29,OPTSTK,GODREJIND,350.0,PE,0.0,0.0,0.0,54.8,47.7,0,0.0,0
2014-11-10,2015-01-29,OPTSTK,GODREJIND,360.0,PE,0.0,0.0,0.0,63.1,55.95,0,0.0,0
2014-11-10,2015-01-29,OPTSTK,GODREJIND,370.0,PE,0.0,0.0,0.0,71.75,64.6,0,0.0,0
2014-11-10,2015-01-29,OPTSTK,GODREJIND,380.0,PE,0.0,0.0,0.0,80.65,73.55,0,0.0,0
2014-11-10,2015-01-29,OPTSTK,GODREJIND,390.0,PE,0.0,0.0,0.0,89.75,82.75,0,0.0,0
2014-11-10,2015-01-29,OPTSTK,GODREJIND,400.0,PE,0.0,0.0,0.0,99.05,92.15,0,0.0,0
2014-11-10,2015-01-29,OPTSTK,GODREJIND,410.0,PE,0.0,0.0,0.0,108.5,101.6,0,0.0,0
2014-11-10,2015-01-29,OPTSTK,GODREJIND,420.0,PE,0.0,0.0,0.0,118.0,111.2,0,0.0,0
2014-11-10,2015-01-29,OPTSTK,GODREJIND,430.0,PE,0.0,0.0,0.0,127.6,120.85,0,0.0,0
2014-11-10,2014-11-27,OPTSTK,GRASIM,2400.0,CE,0.0,0.0,0.0,1049.05,1191.1,0,0.0,0
2014-11-10,2014-11-27,OPTSTK,GRASIM,2450.0,CE,0.0,0.0,0.0,1000.5,1141.3,0,0.0,0
2014-11-10,2014-11-27,OPTSTK,GRASIM,2500.0,CE,0.0,0.0,0.0,952.15,1091.5,0,0.0,0
2014-11-10,2014-11-27,OPTSTK,GRASIM,2550.0,CE,0.0,0.0,0.0,904.05,1041.7,0,0.0,0
2014-11-10,2014-11-27,OPTSTK,GRASIM,2600.0,CE,0.0,0.0,0.0,856.25,991.9,0,0.0,0
2014-11-10,2014-11-27,OPTSTK,GRASIM,2650.0,CE,0.0,0.0,0.0,808.85,942.1,0,0.0,0
2014-11-10,2014-11-27,OPTSTK,GRASIM,2700.0,CE,0.0,0.0,0.0,761.95,892.3,0,0.0,0
2014-11-10,2014-11-27,OPTSTK,GRASIM,2750.0,CE,0.0,0.0,0.0,715.7,842.45,0,0.0,0
2014-11-10,2014-11-27,OPTSTK,GRASIM,2800.0,CE,0.0,0.0,0.0,670.2,792.65,0,0.0,0
2014-11-10,2014-11-27,OPTSTK,GRASIM,2850.0,CE,0.0,0.0,0.0,625.6,742.85,0,0.0,0
2014-11-10,2014-11-27,OPTSTK,GRASIM,2900.0,CE,0.0,0.0,0.0,582.0,693.05,0,0.0,0
2014-11-10,2014-11-27,OPTSTK,GRASIM,2950.0,CE,0.0,0.0,0.0,539.6,643.3,0,0.0,0
2014-11-10,2014-11-27,OPTSTK,GRASIM,3000.0,CE,0.0,0.0,0.0,498.5,593.55,0,0.0,0
2014-11-10,2014-11-27,OPTSTK,GRASIM,3050.0,CE,0.0,0.0,0.0,458.8,543.85,0,0.0,0
2014-11-10,2014-11-27,OPTSTK,GRASIM,3100.0,CE,0.0,0.0,0.0,420.75,494.35,0,0.0,0
2014-11-10,2014-11-27,OPTSTK,GRASIM,3150.0,CE,0.0,0.0,0.0,384.4,445.1,0,0.0,0
2014-11-10,2014-11-27,OPTSTK,GRASIM,3200.0,CE,0.0,0.0,0.0,349.65,396.4,0,0.0,0
2014-11-10,2014-11-27,OPTSTK,GRASIM,3250.0,CE,0.0,0.0,0.0,316.9,348.55,0,0.0,0
2014-11-10,2014-11-27,OPTSTK,GRASIM,3300.0,CE,0.0,0.0,0.0,286.1,302.05,0,0.0,0
2014-11-10,2014-11-27,OPTSTK,GRASIM,3350.0,CE,0.0,0.0,0.0,185.0,257.45,0,0.0,125
2014-11-10,2014-11-27,OPTSTK,GRASIM,3400.0,CE,220.0,247.0,220.0,247.0,247.0,2,9.08,875
2014-11-10,2014-11-27,OPTSTK,GRASIM,3450.0,CE,150.0,150.0,150.0,150.0,150.0,1,4.5,750
2014-11-10,2014-11-27,OPTSTK,GRASIM,3500.0,CE,0.0,0.0,0.0,135.9,141.55,0,0.0,2750
2014-11-10,2014-11-27,OPTSTK,GRASIM,3550.0,CE,96.0,96.0,96.0,96.0,96.0,1,4.55,2375
2014-11-10,2014-11-27,OPTSTK,GRASIM,3600.0,CE,68.0,74.0,68.0,74.0,74.0,3,13.76,2000
2014-11-10,2014-11-27,OPTSTK,GRASIM,3650.0,CE,50.0,50.0,50.0,50.0,50.0,2,9.25,1500
2014-11-10,2014-11-27,OPTSTK,GRASIM,3700.0,CE,47.0,47.0,33.3,35.3,35.3,12,56.07,3000
2014-11-10,2014-11-27,OPTSTK,GRASIM,3750.0,CE,0.0,0.0,0.0,29.15,32.3,0,0.0,1750
2014-11-10,2014-11-27,OPTSTK,GRASIM,3800.0,CE,15.2,17.0,15.2,16.0,16.0,10,47.69,3125
2014-11-10,2014-11-27,OPTSTK,GRASIM,3850.0,CE,0.0,0.0,0.0,71.85,14.7,0,0.0,0
2014-11-10,2014-11-27,OPTSTK,GRASIM,3900.0,CE,0.0,0.0,0.0,61.85,9.5,0,0.0,0
2014-11-10,2014-11-27,OPTSTK,GRASIM,3950.0,CE,0.0,0.0,0.0,53.15,6.0,0,0.0,0
2014-11-10,2014-11-27,OPTSTK,GRASIM,4000.0,CE,0.0,0.0,0.0,45.5,3.7,0,0.0,0
2014-11-10,2014-11-27,OPTSTK,GRASIM,4050.0,CE,0.0,0.0,0.0,38.8,2.2,0,0.0,0
2014-11-10,2014-11-27,OPTSTK,GRASIM,4100.0,CE,0.0,0.0,0.0,33.0,1.3,0,0.0,0
2014-11-10,2014-11-27,OPTSTK,GRASIM,4150.0,CE,0.0,0.0,0.0,28.0,0.75,0,0.0,0
2014-11-10,2014-11-27,OPTSTK,GRASIM,4200.0,CE,0.0,0.0,0.0,23.65,0.4,0,0.0,0
2014-11-10,2014-11-27,OPTSTK,GRASIM,2400.0,PE,0.0,0.0,0.0,0.7,0.0,0,0.0,0
2014-11-10,2014-11-27,OPTSTK,GRASIM,2450.0,PE,0.0,0.0,0.0,1.1,0.0,0,0.0,0
2014-11-10,2014-11-27,OPTSTK,GRASIM,2500.0,PE,0.0,0.0,0.0,1.7,0.0,0,0.0,0
2014-11-10,2014-11-27,OPTSTK,GRASIM,2550.0,PE,0.0,0.0,0.0,2.5,0.0,0,0.0,0
2014-11-10,2014-11-27,OPTSTK,GRASIM,2600.0,PE,0.0,0.0,0.0,3.65,0.0,0,0.0,0
2014-11-10,2014-11-27,OPTSTK,GRASIM,2650.0,PE,0.0,0.0,0.0,5.2,0.0,0,0.0,0
2014-11-10,2014-11-27,OPTSTK,GRASIM,2700.0,PE,0.0,0.0,0.0,7.25,0.0,0,0.0,0
2014-11-10,2014-11-27,OPTSTK,GRASIM,2750.0,PE,0.0,0.0,0.0,9.9,0.0,0,0.0,0
2014-11-10,2014-11-27,OPTSTK,GRASIM,2800.0,PE,0.0,0.0,0.0,13.35,0.0,0,0.0,0
2014-11-10,2014-11-27,OPTSTK,GRASIM,2850.0,PE,0.0,0.0,0.0,17.65,0.0,0,0.0,0
2014-11-10,2014-11-27,OPTSTK,GRASIM,2900.0,PE,0.0,0.0,0.0,23.0,0.05,0,0.0,0
2014-11-10,2014-11-27,OPTSTK,GRASIM,2950.0,PE,0.0,0.0,0.0,29.55,0.05,0,0.0,0
2014-11-10,2014-11-27,OPTSTK,GRASIM,3000.0,PE,0.0,0.0,0.0,16.0,0.1,0,0.0,125
2014-11-10,2014-11-27,OPTSTK,GRASIM,3050.0,PE,0.0,0.0,0.0,46.65,0.2,0,0.0,0
2014-11-10,2014-11-27,OPTSTK,GRASIM,3100.0,PE,0.0,0.0,0.0,57.5,0.5,0,0.0,0
2014-11-10,2014-11-27,OPTSTK,GRASIM,3150.0,PE,0.0,0.0,0.0,70.15,1.05,0,0.0,0
2014-11-10,2014-11-27,OPTSTK,GRASIM,3200.0,PE,0.0,0.0,0.0,84.3,2.15,0,0.0,0
2014-11-10,2014-11-27,OPTSTK,GRASIM,3250.0,PE,0.0,0.0,0.0,20.4,4.15,0,0.0,125
2014-11-10,2014-11-27,OPTSTK,GRASIM,3300.0,PE,4.6,4.6,4.6,4.6,4.6,1,4.13,250
2014-11-10,2014-11-27,OPTSTK,GRASIM,3350.0,PE,13.55,13.55,13.55,13.55,13.55,2,8.4,500
2014-11-10,2014-11-27,OPTSTK,GRASIM,3400.0,PE,14.1,14.1,10.4,10.4,10.4,3,12.79,1750
2014-11-10,2014-11-27,OPTSTK,GRASIM,3450.0,PE,25.05,25.05,21.9,21.9,21.9,4,17.36,375
2014-11-10,2014-11-27,OPTSTK,GRASIM,3500.0,PE,45.45,45.45,32.7,32.7,32.7,3,13.27,625
2014-11-10,2014-11-27,OPTSTK,GRASIM,3550.0,PE,65.45,65.45,52.1,52.1,52.1,3,13.53,1000
2014-11-10,2014-11-27,OPTSTK,GRASIM,3600.0,PE,73.15,83.75,73.15,78.45,78.45,3,13.79,625
2014-11-10,2014-11-27,OPTSTK,GRASIM,3650.0,PE,0.0,0.0,0.0,115.0,116.95,0,0.0,0
2014-11-10,2014-11-27,OPTSTK,GRASIM,3700.0,PE,0.0,0.0,0.0,333.45,149.4,0,0.0,0
2014-11-10,2014-11-27,OPTSTK,GRASIM,3750.0,PE,0.0,0.0,0.0,368.35,185.9,0,0.0,0
2014-11-10,2014-11-27,OPTSTK,GRASIM,3800.0,PE,0.0,0.0,0.0,404.9,225.45,0,0.0,0
2014-11-10,2014-11-27,OPTSTK,GRASIM,3850.0,PE,0.0,0.0,0.0,442.7,267.9,0,0.0,0
2014-11-10,2014-11-27,OPTSTK,GRASIM,3900.0,PE,0.0,0.0,0.0,481.6,312.55,0,0.0,0
2014-11-10,2014-11-27,OPTSTK,GRASIM,3950.0,PE,0.0,0.0,0.0,521.85,358.8,0,0.0,0
2014-11-10,2014-11-27,OPTSTK,GRASIM,4000.0,PE,0.0,0.0,0.0,563.15,406.3,0,0.0,0
2014-11-10,2014-11-27,OPTSTK,GRASIM,4050.0,PE,0.0,0.0,0.0,605.4,454.6,0,0.0,0
2014-11-10,2014-11-27,OPTSTK,GRASIM,4100.0,PE,0.0,0.0,0.0,648.5,503.5,0,0.0,0
2014-11-10,2014-11-27,OPTSTK,GRASIM,4150.0,PE,0.0,0.0,0.0,692.45,552.75,0,0.0,0
2014-11-10,2014-11-27,OPTSTK,GRASIM,4200.0,PE,0.0,0.0,0.0,737.05,602.25,0,0.0,0
2014-11-10,2014-12-24,OPTSTK,GRASIM,2550.0,CE,0.0,0.0,0.0,1049.75,1058.35,0,0.0,0
2014-11-10,2014-12-24,OPTSTK,GRASIM,2600.0,CE,0.0,0.0,0.0,1001.4,1008.85,0,0.0,0
2014-11-10,2014-12-24,OPTSTK,GRASIM,2650.0,CE,0.0,0.0,0.0,953.3,959.4,0,0.0,0
2014-11-10,2014-12-24,OPTSTK,GRASIM,2700.0,CE,0.0,0.0,0.0,905.45,910.0,0,0.0,0
2014-11-10,2014-12-24,OPTSTK,GRASIM,2750.0,CE,0.0,0.0,0.0,858.0,860.65,0,0.0,0
2014-11-10,2014-12-24,OPTSTK,GRASIM,2800.0,CE,0.0,0.0,0.0,810.95,811.35,0,0.0,0
2014-11-10,2014-12-24,OPTSTK,GRASIM,2850.0,CE,0.0,0.0,0.0,764.55,762.2,0,0.0,0
2014-11-10,2014-12-24,OPTSTK,GRASIM,2900.0,CE,0.0,0.0,0.0,718.75,713.25,0,0.0,0
2014-11-10,2014-12-24,OPTSTK,GRASIM,2950.0,CE,0.0,0.0,0.0,673.8,664.55,0,0.0,0
2014-11-10,2014-12-24,OPTSTK,GRASIM,3000.0,CE,0.0,0.0,0.0,629.75,616.35,0,0.0,0
2014-11-10,2014-12-24,OPTSTK,GRASIM,3050.0,CE,0.0,0.0,0.0,586.8,568.7,0,0.0,0
2014-11-10,2014-12-24,OPTSTK,GRASIM,3100.0,CE,0.0,0.0,0.0,545.0,521.85,0,0.0,0
2014-11-10,2014-12-24,OPTSTK,GRASIM,3150.0,CE,0.0,0.0,0.0,504.5,475.95,0,0.0,0
2014-11-10,2014-12-24,OPTSTK,GRASIM,3200.0,CE,0.0,0.0,0.0,465.45,431.35,0,0.0,0
2014-11-10,2014-12-24,OPTSTK,GRASIM,3250.0,CE,0.0,0.0,0.0,427.95,388.25,0,0.0,0
2014-11-10,2014-12-24,OPTSTK,GRASIM,3300.0,CE,0.0,0.0,0.0,392.15,346.95,0,0.0,0
2014-11-10,2014-12-24,OPTSTK,GRASIM,3350.0,CE,0.0,0.0,0.0,357.85,307.65,0,0.0,0
2014-11-10,2014-12-24,OPTSTK,GRASIM,3400.0,CE,0.0,0.0,0.0,325.55,270.75,0,0.0,0
2014-11-10,2014-12-24,OPTSTK,GRASIM,3450.0,CE,0.0,0.0,0.0,295.05,236.05,0,0.0,0
2014-11-10,2014-12-24,OPTSTK,GRASIM,3500.0,CE,0.0,0.0,0.0,266.5,204.2,0,0.0,0
2014-11-10,2014-12-24,OPTSTK,GRASIM,3550.0,CE,0.0,0.0,0.0,239.8,175.15,0,0.0,0
2014-11-10,2014-12-24,OPTSTK,GRASIM,3600.0,CE,0.0,0.0,0.0,214.95,148.85,0,0.0,0
2014-11-10,2014-12-24,OPTSTK,GRASIM,3650.0,CE,0.0,0.0,0.0,192.05,125.35,0,0.0,0
2014-11-10,2014-12-24,OPTSTK,GRASIM,3700.0,CE,0.0,0.0,0.0,170.95,104.65,0,0.0,0
2014-11-10,2014-12-24,OPTSTK,GRASIM,3750.0,CE,0.0,0.0,0.0,151.6,86.55,0,0.0,0
2014-11-10,2014-12-24,OPTSTK,GRASIM,3800.0,CE,0.0,0.0,0.0,134.0,70.9,0,0.0,0
2014-11-10,2014-12-24,OPTSTK,GRASIM,3850.0,CE,0.0,0.0,0.0,118.0,57.75,0,0.0,0
2014-11-10,2014-12-24,OPTSTK,GRASIM,3900.0,CE,0.0,0.0,0.0,103.55,46.4,0,0.0,0
2014-11-10,2014-12-24,OPTSTK,GRASIM,3950.0,CE,0.0,0.0,0.0,90.75,37.0,0,0.0,0
2014-11-10,2014-12-24,OPTSTK,GRASIM,4000.0,CE,0.0,0.0,0.0,79.15,29.25,0,0.0,0
2014-11-10,2014-12-24,OPTSTK,GRASIM,4050.0,CE,0.0,0.0,0.0,68.7,22.95,0,0.0,0
2014-11-10,2014-12-24,OPTSTK,GRASIM,4100.0,CE,0.0,0.0,0.0,59.5,17.8,0,0.0,0
2014-11-10,2014-12-24,OPTSTK,GRASIM,4150.0,CE,0.0,0.0,0.0,51.4,13.7,0,0.0,0
2014-11-10,2014-12-24,OPTSTK,GRASIM,4200.0,CE,0.0,0.0,0.0,44.25,10.5,0,0.0,0
2014-11-10,2014-12-24,OPTSTK,GRASIM,2550.0,PE,0.0,0.0,0.0,1.1,0.05,0,0.0,0
2014-11-10,2014-12-24,OPTSTK,GRASIM,2600.0,PE,0.0,0.0,0.0,1.65,0.05,0,0.0,0
2014-11-10,2014-12-24,OPTSTK,GRASIM,2650.0,PE,0.0,0.0,0.0,2.45,0.1,0,0.0,0
2014-11-10,2014-12-24,OPTSTK,GRASIM,2700.0,PE,0.0,0.0,0.0,3.5,0.15,0,0.0,0
2014-11-10,2014-12-24,OPTSTK,GRASIM,2750.0,PE,0.0,0.0,0.0,4.95,0.25,0,0.0,0
2014-11-10,2014-12-24,OPTSTK,GRASIM,2800.0,PE,0.0,0.0,0.0,6.85,0.45,0,0.0,0
2014-11-10,2014-12-24,OPTSTK,GRASIM,2850.0,PE,0.0,0.0,0.0,9.35,0.75,0,0.0,0
2014-11-10,2014-12-24,OPTSTK,GRASIM,2900.0,PE,0.0,0.0,0.0,12.5,1.25,0,0.0,0
2014-11-10,2014-12-24,OPTSTK,GRASIM,2950.0,PE,0.0,0.0,0.0,16.45,2.1,0,0.0,0
2014-11-10,2014-12-24,OPTSTK,GRASIM,3000.0,PE,0.0,0.0,0.0,21.3,3.35,0,0.0,0
2014-11-10,2014-12-24,OPTSTK,GRASIM,3050.0,PE,0.0,0.0,0.0,27.25,5.15,0,0.0,0
2014-11-10,2014-12-24,OPTSTK,GRASIM,3100.0,PE,0.0,0.0,0.0,34.35,7.8,0,0.0,0
2014-11-10,2014-12-24,OPTSTK,GRASIM,3150.0,PE,0.0,0.0,0.0,42.8,11.4,0,0.0,0
2014-11-10,2014-12-24,OPTSTK,GRASIM,3200.0,PE,0.0,0.0,0.0,52.65,16.25,0,0.0,0
2014-11-10,2014-12-24,OPTSTK,GRASIM,3250.0,PE,0.0,0.0,0.0,64.05,22.65,0,0.0,0
2014-11-10,2014-12-24,OPTSTK,GRASIM,3300.0,PE,0.0,0.0,0.0,77.15,30.8,0,0.0,0
2014-11-10,2014-12-24,OPTSTK,GRASIM,3350.0,PE,0.0,0.0,0.0,91.75,40.95,0,0.0,0
2014-11-10,2014-12-24,OPTSTK,GRASIM,3400.0,PE,0.0,0.0,0.0,108.35,53.55,0,0.0,0
2014-11-10,2014-12-24,OPTSTK,GRASIM,3450.0,PE,0.0,0.0,0.0,126.8,68.35,0,0.0,0
2014-11-10,2014-12-24,OPTSTK,GRASIM,3500.0,PE,0.0,0.0,0.0,147.1,86.0,0,0.0,0
2014-11-10,2014-12-24,OPTSTK,GRASIM,3550.0,PE,0.0,0.0,0.0,169.35,106.35,0,0.0,0
2014-11-10,2014-12-24,OPTSTK,GRASIM,3600.0,PE,0.0,0.0,0.0,193.45,129.55,0,0.0,0
2014-11-10,2014-12-24,OPTSTK,GRASIM,3650.0,PE,0.0,0.0,0.0,219.4,155.55,0,0.0,0
2014-11-10,2014-12-24,OPTSTK,GRASIM,3700.0,PE,0.0,0.0,0.0,247.2,184.3,0,0.0,0
2014-11-10,2014-12-24,OPTSTK,GRASIM,3750.0,PE,0.0,0.0,0.0,276.8,215.7,0,0.0,0
2014-11-10,2014-12-24,OPTSTK,GRASIM,3800.0,PE,0.0,0.0,0.0,308.1,249.55,0,0.0,0
2014-11-10,2014-12-24,OPTSTK,GRASIM,3850.0,PE,0.0,0.0,0.0,341.0,285.85,0,0.0,0
2014-11-10,2014-12-24,OPTSTK,GRASIM,3900.0,PE,0.0,0.0,0.0,375.45,324.0,0,0.0,0
2014-11-10,2014-12-24,OPTSTK,GRASIM,3950.0,PE,0.0,0.0,0.0,411.55,364.05,0,0.0,0
2014-11-10,2014-12-24,OPTSTK,GRASIM,4000.0,PE,0.0,0.0,0.0,448.9,405.8,0,0.0,0
2014-11-10,2014-12-24,OPTSTK,GRASIM,4050.0,PE,0.0,0.0,0.0,487.35,448.95,0,0.0,0
2014-11-10,2014-12-24,OPTSTK,GRASIM,4100.0,PE,0.0,0.0,0.0,527.05,493.3,0,0.0,0
2014-11-10,2014-12-24,OPTSTK,GRASIM,4150.0,PE,0.0,0.0,0.0,567.85,538.7,0,0.0,0
2014-11-10,2014-12-24,OPTSTK,GRASIM,4200.0,PE,0.0,0.0,0.0,609.6,584.9,0,0.0,0
2014-11-10,2015-01-29,OPTSTK,GRASIM,2550.0,CE,0.0,0.0,0.0,949.55,1080.35,0,0.0,0
2014-11-10,2015-01-29,OPTSTK,GRASIM,2600.0,CE,0.0,0.0,0.0,901.9,1031.5,0,0.0,0
2014-11-10,2015-01-29,OPTSTK,GRASIM,2650.0,CE,0.0,0.0,0.0,854.6,982.85,0,0.0,0
2014-11-10,2015-01-29,OPTSTK,GRASIM,2700.0,CE,0.0,0.0,0.0,807.85,934.3,0,0.0,0
2014-11-10,2015-01-29,OPTSTK,GRASIM,2750.0,CE,0.0,0.0,0.0,761.7,886.0,0,0.0,0
2014-11-10,2015-01-29,OPTSTK,GRASIM,2800.0,CE,0.0,0.0,0.0,716.25,838.05,0,0.0,0
2014-11-10,2015-01-29,OPTSTK,GRASIM,2850.0,CE,0.0,0.0,0.0,671.65,790.45,0,0.0,0
2014-11-10,2015-01-29,OPTSTK,GRASIM,2900.0,CE,0.0,0.0,0.0,628.0,743.4,0,0.0,0
2014-11-10,2015-01-29,OPTSTK,GRASIM,2950.0,CE,0.0,0.0,0.0,585.45,696.95,0,0.0,0
2014-11-10,2015-01-29,OPTSTK,GRASIM,3000.0,CE,0.0,0.0,0.0,544.1,651.25,0,0.0,0
2014-11-10,2015-01-29,OPTSTK,GRASIM,3050.0,CE,0.0,0.0,0.0,504.1,606.45,0,0.0,0
2014-11-10,2015-01-29,OPTSTK,GRASIM,3100.0,CE,0.0,0.0,0.0,465.55,562.7,0,0.0,0
2014-11-10,2015-01-29,OPTSTK,GRASIM,3150.0,CE,0.0,0.0,0.0,428.65,520.15,0,0.0,0
2014-11-10,2015-01-29,OPTSTK,GRASIM,3200.0,CE,0.0,0.0,0.0,393.25,478.95,0,0.0,0
2014-11-10,2015-01-29,OPTSTK,GRASIM,3250.0,CE,0.0,0.0,0.0,359.45,439.25,0,0.0,0
2014-11-10,2015-01-29,OPTSTK,GRASIM,3300.0,CE,0.0,0.0,0.0,327.55,401.15,0,0.0,0
2014-11-10,2015-01-29,OPTSTK,GRASIM,3350.0,CE,0.0,0.0,0.0,297.5,364.9,0,0.0,0
2014-11-10,2015-01-29,OPTSTK,GRASIM,3400.0,CE,0.0,0.0,0.0,269.3,330.3,0,0.0,0
2014-11-10,2015-01-29,OPTSTK,GRASIM,3450.0,CE,0.0,0.0,0.0,242.95,297.8,0,0.0,0
2014-11-10,2015-01-29,OPTSTK,GRASIM,3500.0,CE,0.0,0.0,0.0,218.4,267.3,0,0.0,0
2014-11-10,2015-01-29,OPTSTK,GRASIM,3550.0,CE,0.0,0.0,0.0,195.7,238.9,0,0.0,0
2014-11-10,2015-01-29,OPTSTK,GRASIM,3600.0,CE,0.0,0.0,0.0,174.8,212.55,0,0.0,0
2014-11-10,2015-01-29,OPTSTK,GRASIM,3650.0,CE,0.0,0.0,0.0,155.6,188.2,0,0.0,0
2014-11-10,2015-01-29,OPTSTK,GRASIM,3700.0,CE,0.0,0.0,0.0,138.05,165.95,0,0.0,0
2014-11-10,2015-01-29,OPTSTK,GRASIM,3750.0,CE,0.0,0.0,0.0,122.1,145.65,0,0.0,0
2014-11-10,2015-01-29,OPTSTK,GRASIM,3800.0,CE,0.0,0.0,0.0,107.65,127.3,0,0.0,0
2014-11-10,2015-01-29,OPTSTK,GRASIM,3850.0,CE,0.0,0.0,0.0,94.75,110.75,0,0.0,0
2014-11-10,2015-01-29,OPTSTK,GRASIM,3900.0,CE,0.0,0.0,0.0,83.1,95.95,0,0.0,0
2014-11-10,2015-01-29,OPTSTK,GRASIM,3950.0,CE,0.0,0.0,0.0,72.5,82.9,0,0.0,0
2014-11-10,2015-01-29,OPTSTK,GRASIM,4000.0,CE,0.0,0.0,0.0,63.15,71.3,0,0.0,0
2014-11-10,2015-01-29,OPTSTK,GRASIM,4050.0,CE,0.0,0.0,0.0,54.85,60.9,0,0.0,0
2014-11-10,2015-01-29,OPTSTK,GRASIM,4100.0,CE,0.0,0.0,0.0,47.55,51.85,0,0.0,0
2014-11-10,2015-01-29,OPTSTK,GRASIM,4150.0,CE,0.0,0.0,0.0,41.05,44.0,0,0.0,0
2014-11-10,2015-01-29,OPTSTK,GRASIM,4200.0,CE,0.0,0.0,0.0,35.35,37.2,0,0.0,0
2014-11-10,2015-01-29,OPTSTK,GRASIM,2550.0,PE,0.0,0.0,0.0,2.95,0.4,0,0.0,0
2014-11-10,2015-01-29,OPTSTK,GRASIM,2600.0,PE,0.0,0.0,0.0,4.2,0.65,0,0.0,0
2014-11-10,2015-01-29,OPTSTK,GRASIM,2650.0,PE,0.0,0.0,0.0,5.85,1.0,0,0.0,0
2014-11-10,2015-01-29,OPTSTK,GRASIM,2700.0,PE,0.0,0.0,0.0,8.0,1.55,0,0.0,0
2014-11-10,2015-01-29,OPTSTK,GRASIM,2750.0,PE,0.0,0.0,0.0,10.75,2.3,0,0.0,0
2014-11-10,2015-01-29,OPTSTK,GRASIM,2800.0,PE,0.0,0.0,0.0,14.2,3.4,0,0.0,0
2014-11-10,2015-01-29,OPTSTK,GRASIM,2850.0,PE,0.0,0.0,0.0,18.55,4.85,0,0.0,0
2014-11-10,2015-01-29,OPTSTK,GRASIM,2900.0,PE,0.0,0.0,0.0,23.8,6.85,0,0.0,0
2014-11-10,2015-01-29,OPTSTK,GRASIM,2950.0,PE,0.0,0.0,0.0,30.2,9.45,0,0.0,0
2014-11-10,2015-01-29,OPTSTK,GRASIM,3000.0,PE,0.0,0.0,0.0,37.8,12.8,0,0.0,0
2014-11-10,2015-01-29,OPTSTK,GRASIM,3050.0,PE,0.0,0.0,0.0,46.7,17.05,0,0.0,0
2014-11-10,2015-01-29,OPTSTK,GRASIM,3100.0,PE,0.0,0.0,0.0,57.05,22.35,0,0.0,0
2014-11-10,2015-01-29,OPTSTK,GRASIM,3150.0,PE,0.0,0.0,0.0,69.1,28.85,0,0.0,0
2014-11-10,2015-01-29,OPTSTK,GRASIM,3200.0,PE,0.0,0.0,0.0,82.6,36.7,0,0.0,0
2014-11-10,2015-01-29,OPTSTK,GRASIM,3250.0,PE,0.0,0.0,0.0,97.7,46.05,0,0.0,0
2014-11-10,2015-01-29,OPTSTK,GRASIM,3300.0,PE,0.0,0.0,0.0,114.75,57.0,0,0.0,0
2014-11-10,2015-01-29,OPTSTK,GRASIM,3350.0,PE,0.0,0.0,0.0,133.6,69.85,0,0.0,0
2014-11-10,2015-01-29,OPTSTK,GRASIM,3400.0,PE,0.0,0.0,0.0,154.35,84.25,0,0.0,0
2014-11-10,2015-01-29,OPTSTK,GRASIM,3450.0,PE,0.0,0.0,0.0,176.9,100.8,0,0.0,0
2014-11-10,2015-01-29,OPTSTK,GRASIM,3500.0,PE,0.0,0.0,0.0,201.3,119.4,0,0.0,0
2014-11-10,2015-01-29,OPTSTK,GRASIM,3550.0,PE,0.0,0.0,0.0,227.5,140.0,0,0.0,0
2014-11-10,2015-01-29,OPTSTK,GRASIM,3600.0,PE,0.0,0.0,0.0,255.5,162.7,0,0.0,0
2014-11-10,2015-01-29,OPTSTK,GRASIM,3650.0,PE,0.0,0.0,0.0,285.25,187.45,0,0.0,0
2014-11-10,2015-01-29,OPTSTK,GRASIM,3700.0,PE,0.0,0.0,0.0,316.6,214.25,0,0.0,0
2014-11-10,2015-01-29,OPTSTK,GRASIM,3750.0,PE,0.0,0.0,0.0,349.6,243.0,0,0.0,0
2014-11-10,2015-01-29,OPTSTK,GRASIM,3800.0,PE,0.0,0.0,0.0,384.05,273.7,0,0.0,0
2014-11-10,2015-01-29,OPTSTK,GRASIM,3850.0,PE,0.0,0.0,0.0,420.1,306.2,0,0.0,0
2014-11-10,2015-01-29,OPTSTK,GRASIM,3900.0,PE,0.0,0.0,0.0,457.35,340.45,0,0.0,0
2014-11-10,2015-01-29,OPTSTK,GRASIM,3950.0,PE,0.0,0.0,0.0,495.65,376.45,0,0.0,0
2014-11-10,2015-01-29,OPTSTK,GRASIM,4000.0,PE,0.0,0.0,0.0,535.25,413.9,0,0.0,0
2014-11-10,2015-01-29,OPTSTK,GRASIM,4050.0,PE,0.0,0.0,0.0,575.9,452.5,0,0.0,0
2014-11-10,2015-01-29,OPTSTK,GRASIM,4100.0,PE,0.0,0.0,0.0,617.45,492.55,0,0.0,0
2014-11-10,2015-01-29,OPTSTK,GRASIM,4150.0,PE,0.0,0.0,0.0,659.9,533.75,0,0.0,0
2014-11-10,2015-01-29,OPTSTK,GRASIM,4200.0,PE,0.0,0.0,0.0,703.15,576.0,0,0.0,0
2014-11-10,2014-11-27,OPTSTK,HAVELLS,185.0,CE,0.0,0.0,0.0,105.75,120.05,0,0.0,0
2014-11-10,2014-11-27,OPTSTK,HAVELLS,190.0,CE,0.0,0.0,0.0,101.4,115.05,0,0.0,0
2014-11-10,2014-11-27,OPTSTK,HAVELLS,195.0,CE,0.0,0.0,0.0,97.15,110.1,0,0.0,0
2014-11-10,2014-11-27,OPTSTK,HAVELLS,200.0,CE,0.0,0.0,0.0,92.95,105.1,0,0.0,0
2014-11-10,2014-11-27,OPTSTK,HAVELLS,205.0,CE,0.0,0.0,0.0,88.9,100.15,0,0.0,0
2014-11-10,2014-11-27,OPTSTK,HAVELLS,210.0,CE,0.0,0.0,0.0,84.9,95.15,0,0.0,0
2014-11-10,2014-11-27,OPTSTK,HAVELLS,215.0,CE,0.0,0.0,0.0,81.05,90.15,0,0.0,0
2014-11-10,2014-11-27,OPTSTK,HAVELLS,220.0,CE,0.0,0.0,0.0,77.25,85.2,0,0.0,0
2014-11-10,2014-11-27,OPTSTK,HAVELLS,225.0,CE,0.0,0.0,0.0,55.0,80.2,0,0.0,2500
2014-11-10,2014-11-27,OPTSTK,HAVELLS,230.0,CE,0.0,0.0,0.0,70.05,75.25,0,0.0,0
2014-11-10,2014-11-27,OPTSTK,HAVELLS,235.0,CE,0.0,0.0,0.0,66.6,70.3,0,0.0,0
2014-11-10,2014-11-27,OPTSTK,HAVELLS,240.0,CE,0.0,0.0,0.0,63.25,65.35,0,0.0,0
2014-11-10,2014-11-27,OPTSTK,HAVELLS,245.0,CE,0.0,0.0,0.0,60.05,60.45,0,0.0,0
2014-11-10,2014-11-27,OPTSTK,HAVELLS,250.0,CE,0.0,0.0,0.0,56.95,55.6,0,0.0,0
2014-11-10,2014-11-27,OPTSTK,HAVELLS,255.0,CE,0.0,0.0,0.0,53.95,50.8,0,0.0,0
2014-11-10,2014-11-27,OPTSTK,HAVELLS,260.0,CE,0.0,0.0,0.0,51.1,46.1,0,0.0,0
2014-11-10,2014-11-27,OPTSTK,HAVELLS,265.0,CE,0.0,0.0,0.0,48.35,41.55,0,0.0,0
2014-11-10,2014-11-27,OPTSTK,HAVELLS,270.0,CE,0.0,0.0,0.0,25.0,37.1,0,0.0,2500
2014-11-10,2014-11-27,OPTSTK,HAVELLS,275.0,CE,20.0,20.0,20.0,20.0,20.0,1,3.68,1250
2014-11-10,2014-11-27,OPTSTK,HAVELLS,280.0,CE,21.5,29.6,21.5,28.75,28.75,10,38.28,10000
2014-11-10,2014-11-27,OPTSTK,HAVELLS,285.0,CE,0.0,0.0,0.0,13.0,25.1,0,0.0,0
2014-11-10,2014-11-27,OPTSTK,HAVELLS,290.0,CE,16.4,22.2,15.5,21.45,21.45,26,100.3,22500
2014-11-10,2014-11-27,OPTSTK,HAVELLS,295.0,CE,0.0,0.0,0.0,7.85,18.4,0,0.0,1250
2014-11-10,2014-11-27,OPTSTK,HAVELLS,300.0,CE,8.35,15.4,7.7,14.8,14.8,682,2667.06,92500
2014-11-10,2014-11-27,OPTSTK,HAVELLS,305.0,CE,0.0,0.0,0.0,30.3,12.9,0,0.0,0
2014-11-10,2014-11-27,OPTSTK,HAVELLS,310.0,CE,5.85,10.8,5.85,10.1,10.1,159,634.68,36250
2014-11-10,2014-11-27,OPTSTK,HAVELLS,315.0,CE,0.0,0.0,0.0,26.8,8.7,0,0.0,0
2014-11-10,2014-11-27,OPTSTK,HAVELLS,320.0,CE,4.9,7.0,4.9,6.95,6.95,37,151.02,16250
2014-11-10,2014-11-27,OPTSTK,HAVELLS,325.0,CE,0.0,0.0,0.0,23.65,5.6,0,0.0,0
2014-11-10,2014-11-27,OPTSTK,HAVELLS,330.0,CE,4.0,4.65,3.05,4.3,4.3,16,66.84,5000
2014-11-10,2014-11-27,OPTSTK,HAVELLS,335.0,CE,0.0,0.0,0.0,20.8,3.45,0,0.0,0
2014-11-10,2014-11-27,OPTSTK,HAVELLS,340.0,CE,0.0,0.0,0.0,19.55,2.7,0,0.0,0
2014-11-10,2014-11-27,OPTSTK,HAVELLS,345.0,CE,0.0,0.0,0.0,18.3,2.05,0,0.0,0
2014-11-10,2014-11-27,OPTSTK,HAVELLS,350.0,CE,0.0,0.0,0.0,17.15,1.55,0,0.0,0
2014-11-10,2014-11-27,OPTSTK,HAVELLS,355.0,CE,0.0,0.0,0.0,16.1,1.15,0,0.0,0
2014-11-10,2014-11-27,OPTSTK,HAVELLS,360.0,CE,0.0,0.0,0.0,15.05,0.9,0,0.0,0
2014-11-10,2014-11-27,OPTSTK,HAVELLS,365.0,CE,0.0,0.0,0.0,14.1,0.65,0,0.0,0
2014-11-10,2014-11-27,OPTSTK,HAVELLS,370.0,CE,0.0,0.0,0.0,13.2,0.5,0,0.0,0
2014-11-10,2014-11-27,OPTSTK,HAVELLS,375.0,CE,0.0,0.0,0.0,12.35,0.35,0,0.0,0
2014-11-10,2014-11-27,OPTSTK,HAVELLS,380.0,CE,0.0,0.0,0.0,11.55,0.25,0,0.0,0
2014-11-10,2014-11-27,OPTSTK,HAVELLS,385.0,CE,0.0,0.0,0.0,10.8,0.2,0,0.0,0
2014-11-10,2014-11-27,OPTSTK,HAVELLS,185.0,PE,0.0,0.0,0.0,2.6,0.0,0,0.0,0
2014-11-10,2014-11-27,OPTSTK,HAVELLS,190.0,PE,0.0,0.0,0.0,3.15,0.0,0,0.0,0
2014-11-10,2014-11-27,OPTSTK,HAVELLS,195.0,PE,0.0,0.0,0.0,3.8,0.0,0,0.0,0
2014-11-10,2014-11-27,OPTSTK,HAVELLS,200.0,PE,0.0,0.0,0.0,4.5,0.0,0,0.0,0
2014-11-10,2014-11-27,OPTSTK,HAVELLS,205.0,PE,0.0,0.0,0.0,5.35,0.0,0,0.0,0
2014-11-10,2014-11-27,OPTSTK,HAVELLS,210.0,PE,0.0,0.0,0.0,6.25,0.0,0,0.0,0
2014-11-10,2014-11-27,OPTSTK,HAVELLS,215.0,PE,0.0,0.0,0.0,7.25,0.0,0,0.0,0
2014-11-10,2014-11-27,OPTSTK,HAVELLS,220.0,PE,0.0,0.0,0.0,8.4,0.05,0,0.0,0
2014-11-10,2014-11-27,OPTSTK,HAVELLS,225.0,PE,0.0,0.0,0.0,9.6,0.05,0,0.0,0
2014-11-10,2014-11-27,OPTSTK,HAVELLS,230.0,PE,0.0,0.0,0.0,10.95,0.05,0,0.0,0
2014-11-10,2014-11-27,OPTSTK,HAVELLS,235.0,PE,0.0,0.0,0.0,12.4,0.05,0,0.0,0
2014-11-10,2014-11-27,OPTSTK,HAVELLS,240.0,PE,0.0,0.0,0.0,13.95,0.1,0,0.0,0
2014-11-10,2014-11-27,OPTSTK,HAVELLS,245.0,PE,0.0,0.0,0.0,8.0,0.2,0,0.0,0
2014-11-10,2014-11-27,OPTSTK,HAVELLS,250.0,PE,0.0,0.0,0.0,17.4,0.3,0,0.0,0
2014-11-10,2014-11-27,OPTSTK,HAVELLS,255.0,PE,0.0,0.0,0.0,19.35,0.5,0,0.0,0
2014-11-10,2014-11-27,OPTSTK,HAVELLS,260.0,PE,1.0,1.0,1.0,1.0,1.0,1,3.26,8750
2014-11-10,2014-11-27,OPTSTK,HAVELLS,265.0,PE,1.5,1.5,1.5,1.5,1.5,1,3.33,1250
2014-11-10,2014-11-27,OPTSTK,HAVELLS,270.0,PE,1.9,2.0,1.9,2.0,2.0,6,20.39,13750
2014-11-10,2014-11-27,OPTSTK,HAVELLS,275.0,PE,3.0,3.0,1.85,1.85,1.85,10,34.71,1250
2014-11-10,2014-11-27,OPTSTK,HAVELLS,280.0,PE,4.5,5.0,2.55,2.85,2.85,22,78.09,10000
2014-11-10,2014-11-27,OPTSTK,HAVELLS,285.0,PE,6.45,6.45,6.45,6.45,6.45,1,3.64,1250
2014-11-10,2014-11-27,OPTSTK,HAVELLS,290.0,PE,6.8,7.8,5.35,5.5,5.5,19,70.44,12500
2014-11-10,2014-11-27,OPTSTK,HAVELLS,295.0,PE,0.0,0.0,0.0,38.7,7.9,0,0.0,0
2014-11-10,2014-11-27,OPTSTK,HAVELLS,300.0,PE,9.0,9.4,8.15,8.7,8.7,20,77.19,22500
2014-11-10,2014-11-27,OPTSTK,HAVELLS,305.0,PE,0.0,0.0,0.0,44.6,12.4,0,0.0,0
2014-11-10,2014-11-27,OPTSTK,HAVELLS,310.0,PE,0.0,0.0,0.0,47.7,15.15,0,0.0,0
2014-11-10,2014-11-27,OPTSTK,HAVELLS,315.0,PE,0.0,0.0,0.0,50.9,18.15,0,0.0,0
2014-11-10,2014-11-27,OPTSTK,HAVELLS,320.0,PE,0.0,0.0,0.0,54.15,21.45,0,0.0,0
2014-11-10,2014-11-27,OPTSTK,HAVELLS,325.0,PE,0.0,0.0,0.0,57.55,25.0,0,0.0,0
2014-11-10,2014-11-27,OPTSTK,HAVELLS,330.0,PE,0.0,0.0,0.0,60.95,28.85,0,0.0,0
2014-11-10,2014-11-27,OPTSTK,HAVELLS,335.0,PE,0.0,0.0,0.0,64.5,32.85,0,0.0,0
2014-11-10,2014-11-27,OPTSTK,HAVELLS,340.0,PE,0.0,0.0,0.0,68.1,37.05,0,0.0,0
2014-11-10,2014-11-27,OPTSTK,HAVELLS,345.0,PE,0.0,0.0,0.0,71.8,41.4,0,0.0,0
2014-11-10,2014-11-27,OPTSTK,HAVELLS,350.0,PE,0.0,0.0,0.0,75.55,45.9,0,0.0,0
2014-11-10,2014-11-27,OPTSTK,HAVELLS,355.0,PE,0.0,0.0,0.0,79.35,50.45,0,0.0,0
2014-11-10,2014-11-27,OPTSTK,HAVELLS,360.0,PE,0.0,0.0,0.0,83.2,55.15,0,0.0,0
2014-11-10,2014-11-27,OPTSTK,HAVELLS,365.0,PE,0.0,0.0,0.0,87.15,59.9,0,0.0,0
2014-11-10,2014-11-27,OPTSTK,HAVELLS,370.0,PE,0.0,0.0,0.0,91.15,64.7,0,0.0,0
2014-11-10,2014-11-27,OPTSTK,HAVELLS,375.0,PE,0.0,0.0,0.0,95.2,69.55,0,0.0,0
2014-11-10,2014-11-27,OPTSTK,HAVELLS,380.0,PE,0.0,0.0,0.0,99.25,74.45,0,0.0,0
2014-11-10,2014-11-27,OPTSTK,HAVELLS,385.0,PE,0.0,0.0,0.0,103.4,79.35,0,0.0,0
2014-11-10,2014-12-24,OPTSTK,HAVELLS,190.0,CE,0.0,0.0,0.0,67.2,116.35,0,0.0,0
2014-11-10,2014-12-24,OPTSTK,HAVELLS,200.0,CE,0.0,0.0,0.0,59.1,106.5,0,0.0,0
2014-11-10,2014-12-24,OPTSTK,HAVELLS,210.0,CE,0.0,0.0,0.0,51.55,96.7,0,0.0,0
2014-11-10,2014-12-24,OPTSTK,HAVELLS,220.0,CE,0.0,0.0,0.0,44.55,87.0,0,0.0,0
2014-11-10,2014-12-24,OPTSTK,HAVELLS,230.0,CE,0.0,0.0,0.0,38.15,77.5,0,0.0,0
2014-11-10,2014-12-24,OPTSTK,HAVELLS,240.0,CE,0.0,0.0,0.0,32.45,68.25,0,0.0,0
2014-11-10,2014-12-24,OPTSTK,HAVELLS,250.0,CE,0.0,0.0,0.0,27.4,59.35,0,0.0,0
2014-11-10,2014-12-24,OPTSTK,HAVELLS,260.0,CE,0.0,0.0,0.0,22.95,50.95,0,0.0,0
2014-11-10,2014-12-24,OPTSTK,HAVELLS,270.0,CE,0.0,0.0,0.0,19.1,43.15,0,0.0,0
2014-11-10,2014-12-24,OPTSTK,HAVELLS,280.0,CE,0.0,0.0,0.0,20.35,36.05,0,0.0,3750
2014-11-10,2014-12-24,OPTSTK,HAVELLS,290.0,CE,0.0,0.0,0.0,13.0,29.65,0,0.0,0
2014-11-10,2014-12-24,OPTSTK,HAVELLS,300.0,CE,0.0,0.0,0.0,10.65,24.05,0,0.0,0
2014-11-10,2014-12-24,OPTSTK,HAVELLS,310.0,CE,15.4,15.4,15.4,15.4,15.4,1,4.06,1250
2014-11-10,2014-12-24,OPTSTK,HAVELLS,320.0,CE,0.0,0.0,0.0,7.0,15.2,0,0.0,0
2014-11-10,2014-12-24,OPTSTK,HAVELLS,330.0,CE,9.05,9.05,1.7,6.5,6.5,3,12.59,1250
2014-11-10,2014-12-24,OPTSTK,HAVELLS,340.0,CE,0.0,0.0,0.0,4.55,9.1,0,0.0,0
2014-11-10,2014-12-24,OPTSTK,HAVELLS,350.0,CE,0.0,0.0,0.0,3.65,6.9,0,0.0,0
2014-11-10,2014-12-24,OPTSTK,HAVELLS,360.0,CE,0.0,0.0,0.0,2.9,5.2,0,0.0,0
2014-11-10,2014-12-24,OPTSTK,HAVELLS,370.0,CE,0.0,0.0,0.0,2.3,3.85,0,0.0,0
2014-11-10,2014-12-24,OPTSTK,HAVELLS,190.0,PE,0.0,0.0,0.0,3.15,0.05,0,0.0,0
2014-11-10,2014-12-24,OPTSTK,HAVELLS,200.0,PE,0.0,0.0,0.0,4.8,0.1,0,0.0,0
2014-11-10,2014-12-24,OPTSTK,HAVELLS,210.0,PE,0.0,0.0,0.0,7.0,0.2,0,0.0,0
2014-11-10,2014-12-24,OPTSTK,HAVELLS,220.0,PE,0.0,0.0,0.0,9.8,0.4,0,0.0,0
2014-11-10,2014-12-24,OPTSTK,HAVELLS,230.0,PE,0.0,0.0,0.0,13.2,0.75,0,0.0,0
2014-11-10,2014-12-24,OPTSTK,HAVELLS,240.0,PE,0.0,0.0,0.0,17.3,1.4,0,0.0,0
2014-11-10,2014-12-24,OPTSTK,HAVELLS,250.0,PE,0.0,0.0,0.0,22.0,2.45,0,0.0,0
2014-11-10,2014-12-24,OPTSTK,HAVELLS,260.0,PE,0.0,0.0,0.0,27.35,3.95,0,0.0,0
2014-11-10,2014-12-24,OPTSTK,HAVELLS,270.0,PE,0.0,0.0,0.0,33.3,6.05,0,0.0,0
2014-11-10,2014-12-24,OPTSTK,HAVELLS,280.0,PE,0.0,0.0,0.0,39.75,8.8,0,0.0,0
2014-11-10,2014-12-24,OPTSTK,HAVELLS,290.0,PE,0.0,0.0,0.0,46.75,12.3,0,0.0,0
2014-11-10,2014-12-24,OPTSTK,HAVELLS,300.0,PE,0.0,0.0,0.0,54.15,16.6,0,0.0,0
2014-11-10,2014-12-24,OPTSTK,HAVELLS,310.0,PE,0.0,0.0,0.0,61.95,21.7,0,0.0,0
2014-11-10,2014-12-24,OPTSTK,HAVELLS,320.0,PE,0.0,0.0,0.0,70.1,27.55,0,0.0,0
2014-11-10,2014-12-24,OPTSTK,HAVELLS,330.0,PE,0.0,0.0,0.0,78.5,34.05,0,0.0,0
2014-11-10,2014-12-24,OPTSTK,HAVELLS,340.0,PE,0.0,0.0,0.0,87.2,41.25,0,0.0,0
2014-11-10,2014-12-24,OPTSTK,HAVELLS,350.0,PE,0.0,0.0,0.0,96.05,48.95,0,0.0,0
2014-11-10,2014-12-24,OPTSTK,HAVELLS,360.0,PE,0.0,0.0,0.0,105.1,57.1,0,0.0,0
2014-11-10,2014-12-24,OPTSTK,HAVELLS,370.0,PE,0.0,0.0,0.0,114.3,65.7,0,0.0,0
2014-11-10,2015-01-29,OPTSTK,HAVELLS,190.0,CE,0.0,0.0,0.0,94.8,118.2,0,0.0,0
2014-11-10,2015-01-29,OPTSTK,HAVELLS,200.0,CE,0.0,0.0,0.0,85.65,108.65,0,0.0,0
2014-11-10,2015-01-29,OPTSTK,HAVELLS,210.0,CE,0.0,0.0,0.0,76.85,99.3,0,0.0,0
2014-11-10,2015-01-29,OPTSTK,HAVELLS,220.0,CE,0.0,0.0,0.0,68.4,90.1,0,0.0,0
2014-11-10,2015-01-29,OPTSTK,HAVELLS,230.0,CE,0.0,0.0,0.0,60.4,81.25,0,0.0,0
2014-11-10,2015-01-29,OPTSTK,HAVELLS,240.0,CE,0.0,0.0,0.0,52.95,72.75,0,0.0,0
2014-11-10,2015-01-29,OPTSTK,HAVELLS,250.0,CE,0.0,0.0,0.0,46.05,64.7,0,0.0,0
2014-11-10,2015-01-29,OPTSTK,HAVELLS,260.0,CE,0.0,0.0,0.0,39.7,57.1,0,0.0,0
2014-11-10,2015-01-29,OPTSTK,HAVELLS,270.0,CE,0.0,0.0,0.0,34.0,50.05,0,0.0,0
2014-11-10,2015-01-29,OPTSTK,HAVELLS,280.0,CE,0.0,0.0,0.0,28.95,43.5,0,0.0,0
2014-11-10,2015-01-29,OPTSTK,HAVELLS,290.0,CE,0.0,0.0,0.0,24.45,37.6,0,0.0,0
2014-11-10,2015-01-29,OPTSTK,HAVELLS,300.0,CE,0.0,0.0,0.0,20.5,32.3,0,0.0,0
2014-11-10,2015-01-29,OPTSTK,HAVELLS,310.0,CE,0.0,0.0,0.0,17.1,27.5,0,0.0,0
2014-11-10,2015-01-29,OPTSTK,HAVELLS,320.0,CE,0.0,0.0,0.0,14.2,23.3,0,0.0,0
2014-11-10,2015-01-29,OPTSTK,HAVELLS,330.0,CE,0.0,0.0,0.0,11.7,19.65,0,0.0,0
2014-11-10,2015-01-29,OPTSTK,HAVELLS,340.0,CE,0.0,0.0,0.0,9.6,16.45,0,0.0,0
2014-11-10,2015-01-29,OPTSTK,HAVELLS,350.0,CE,0.0,0.0,0.0,7.85,13.7,0,0.0,0
2014-11-10,2015-01-29,OPTSTK,HAVELLS,360.0,CE,0.0,0.0,0.0,6.4,11.4,0,0.0,0
2014-11-10,2015-01-29,OPTSTK,HAVELLS,370.0,CE,0.0,0.0,0.0,5.2,9.4,0,0.0,0
2014-11-10,2015-01-29,OPTSTK,HAVELLS,190.0,PE,0.0,0.0,0.0,0.9,0.3,0,0.0,0
2014-11-10,2015-01-29,OPTSTK,HAVELLS,200.0,PE,0.0,0.0,0.0,1.55,0.55,0,0.0,0
2014-11-10,2015-01-29,OPTSTK,HAVELLS,210.0,PE,0.0,0.0,0.0,2.5,1.0,0,0.0,0
2014-11-10,2015-01-29,OPTSTK,HAVELLS,220.0,PE,0.0,0.0,0.0,3.85,1.65,0,0.0,0
2014-11-10,2015-01-29,OPTSTK,HAVELLS,230.0,PE,0.0,0.0,0.0,5.65,2.6,0,0.0,0
2014-11-10,2015-01-29,OPTSTK,HAVELLS,240.0,PE,0.0,0.0,0.0,7.95,3.9,0,0.0,0
2014-11-10,2015-01-29,OPTSTK,HAVELLS,250.0,PE,0.0,0.0,0.0,10.85,5.65,0,0.0,0
2014-11-10,2015-01-29,OPTSTK,HAVELLS,260.0,PE,0.0,0.0,0.0,14.3,7.85,0,0.0,0
2014-11-10,2015-01-29,OPTSTK,HAVELLS,270.0,PE,0.0,0.0,0.0,18.4,10.6,0,0.0,0
2014-11-10,2015-01-29,OPTSTK,HAVELLS,280.0,PE,0.0,0.0,0.0,23.1,13.9,0,0.0,0
2014-11-10,2015-01-29,OPTSTK,HAVELLS,290.0,PE,0.0,0.0,0.0,28.4,17.8,0,0.0,0
2014-11-10,2015-01-29,OPTSTK,HAVELLS,300.0,PE,0.0,0.0,0.0,34.25,22.3,0,0.0,0
2014-11-10,2015-01-29,OPTSTK,HAVELLS,310.0,PE,0.0,0.0,0.0,40.6,27.35,0,0.0,0
2014-11-10,2015-01-29,OPTSTK,HAVELLS,320.0,PE,0.0,0.0,0.0,47.5,32.95,0,0.0,0
2014-11-10,2015-01-29,OPTSTK,HAVELLS,330.0,PE,0.0,0.0,0.0,54.8,39.1,0,0.0,0
2014-11-10,2015-01-29,OPTSTK,HAVELLS,340.0,PE,0.0,0.0,0.0,62.5,45.7,0,0.0,0
2014-11-10,2015-01-29,OPTSTK,HAVELLS,350.0,PE,0.0,0.0,0.0,70.5,52.75,0,0.0,0
2014-11-10,2015-01-29,OPTSTK,HAVELLS,360.0,PE,0.0,0.0,0.0,78.8,60.25,0,0.0,0
2014-11-10,2015-01-29,OPTSTK,HAVELLS,370.0,PE,0.0,0.0,0.0,87.4,68.05,0,0.0,0
2014-11-10,2014-11-27,OPTSTK,HCLTECH,1050.0,CE,0.0,0.0,0.0,603.15,571.7,0,0.0,0
2014-11-10,2014-11-27,OPTSTK,HCLTECH,1100.0,CE,0.0,0.0,0.0,464.0,521.9,0,0.0,500
2014-11-10,2014-11-27,OPTSTK,HCLTECH,1150.0,CE,0.0,0.0,0.0,505.75,472.1,0,0.0,0
2014-11-10,2014-11-27,OPTSTK,HCLTECH,1200.0,CE,0.0,0.0,0.0,457.55,422.35,0,0.0,0
2014-11-10,2014-11-27,OPTSTK,HCLTECH,1250.0,CE,0.0,0.0,0.0,409.95,372.65,0,0.0,0
2014-11-10,2014-11-27,OPTSTK,HCLTECH,1300.0,CE,0.0,0.0,0.0,363.4,323.2,0,0.0,0
2014-11-10,2014-11-27,OPTSTK,HCLTECH,1320.0,CE,0.0,0.0,0.0,408.8,303.55,0,0.0,0
2014-11-10,2014-11-27,OPTSTK,HCLTECH,1340.0,CE,0.0,0.0,0.0,389.2,284.05,0,0.0,0
2014-11-10,2014-11-27,OPTSTK,HCLTECH,1350.0,CE,0.0,0.0,0.0,318.35,274.4,0,0.0,0
2014-11-10,2014-11-27,OPTSTK,HCLTECH,1360.0,CE,0.0,0.0,0.0,369.65,264.75,0,0.0,0
2014-11-10,2014-11-27,OPTSTK,HCLTECH,1380.0,CE,0.0,0.0,0.0,350.15,245.7,0,0.0,0
2014-11-10,2014-11-27,OPTSTK,HCLTECH,1400.0,CE,0.0,0.0,0.0,205.0,226.95,0,0.0,500
2014-11-10,2014-11-27,OPTSTK,HCLTECH,1420.0,CE,0.0,0.0,0.0,117.9,208.6,0,0.0,250
2014-11-10,2014-11-27,OPTSTK,HCLTECH,1440.0,CE,0.0,0.0,0.0,97.9,190.7,0,0.0,500
2014-11-10,2014-11-27,OPTSTK,HCLTECH,1450.0,CE,0.0,0.0,0.0,91.0,181.95,0,0.0,500
2014-11-10,2014-11-27,OPTSTK,HCLTECH,1460.0,CE,0.0,0.0,0.0,78.1,173.35,0,0.0,1000
2014-11-10,2014-11-27,OPTSTK,HCLTECH,1480.0,CE,0.0,0.0,0.0,64.0,156.65,0,0.0,0
2014-11-10,2014-11-27,OPTSTK,HCLTECH,1500.0,CE,114.65,124.6,105.95,124.6,124.6,13,26.23,27750
2014-11-10,2014-11-27,OPTSTK,HCLTECH,1520.0,CE,0.0,0.0,0.0,106.0,125.6,0,0.0,1250
2014-11-10,2014-11-27,OPTSTK,HCLTECH,1540.0,CE,80.55,92.0,80.55,91.2,91.2,10,20.36,2375
2014-11-10,2014-11-27,OPTSTK,HCLTECH,1550.0,CE,93.0,93.0,65.0,65.0,65.0,4,8.14,8250
2014-11-10,2014-11-27,OPTSTK,HCLTECH,1560.0,CE,83.15,83.15,83.15,83.15,83.15,1,2.05,2500
2014-11-10,2014-11-27,OPTSTK,HCLTECH,1580.0,CE,46.0,69.0,46.0,69.0,69.0,19,38.73,4250
2014-11-10,2014-11-27,OPTSTK,HCLTECH,1600.0,CE,54.9,56.6,35.0,48.4,48.4,320,657.87,43125
2014-11-10,2014-11-27,OPTSTK,HCLTECH,1620.0,CE,42.0,44.5,27.0,36.65,36.65,269,556.76,15000
2014-11-10,2014-11-27,OPTSTK,HCLTECH,1640.0,CE,34.0,35.0,20.0,29.75,29.75,81,168.98,7000
2014-11-10,2014-11-27,OPTSTK,HCLTECH,1650.0,CE,28.3,31.0,16.45,25.25,25.25,394,823.94,44875
2014-11-10,2014-11-27,OPTSTK,HCLTECH,1660.0,CE,26.0,26.0,14.5,20.9,20.9,37,77.7,5000
2014-11-10,2014-11-27,OPTSTK,HCLTECH,1680.0,CE,16.85,16.85,11.0,14.65,14.65,30,63.52,3875
2014-11-10,2014-11-27,OPTSTK,HCLTECH,1700.0,CE,13.0,14.3,7.3,10.55,10.55,463,989.92,54500
2014-11-10,2014-11-27,OPTSTK,HCLTECH,1720.0,CE,6.3,11.0,5.25,6.9,6.9,30,64.74,7000
2014-11-10,2014-11-27,OPTSTK,HCLTECH,1740.0,CE,4.5,4.8,3.7,4.8,4.8,30,65.41,5500
2014-11-10,2014-11-27,OPTSTK,HCLTECH,1750.0,CE,4.4,4.6,4.2,4.35,4.35,12,26.31,10500
2014-11-10,2014-11-27,OPTSTK,HCLTECH,1760.0,CE,4.6,4.6,2.3,2.3,2.3,6,13.22,4125
2014-11-10,2014-11-27,OPTSTK,HCLTECH,1780.0,CE,0.0,0.0,0.0,4.3,14.85,0,0.0,1750
2014-11-10,2014-11-27,OPTSTK,HCLTECH,1800.0,CE,0.0,0.0,0.0,5.05,11.95,0,0.0,6000
2014-11-10,2014-11-27,OPTSTK,HCLTECH,1820.0,CE,0.0,0.0,0.0,35.5,9.55,0,0.0,0
2014-11-10,2014-11-27,OPTSTK,HCLTECH,1840.0,CE,0.0,0.0,0.0,30.0,7.6,0,0.0,0
2014-11-10,2014-11-27,OPTSTK,HCLTECH,1850.0,CE,0.0,0.0,0.0,39.1,6.75,0,0.0,0
2014-11-10,2014-11-27,OPTSTK,HCLTECH,1860.0,CE,0.0,0.0,0.0,25.3,6.0,0,0.0,0
2014-11-10,2014-11-27,OPTSTK,HCLTECH,1880.0,CE,0.0,0.0,0.0,21.1,4.7,0,0.0,0
2014-11-10,2014-11-27,OPTSTK,HCLTECH,1900.0,CE,0.0,0.0,0.0,1.0,3.65,0,0.0,12750
2014-11-10,2014-11-27,OPTSTK,HCLTECH,1920.0,CE,0.0,0.0,0.0,14.45,2.85,0,0.0,0
2014-11-10,2014-11-27,OPTSTK,HCLTECH,1940.0,CE,0.0,0.0,0.0,11.85,2.15,0,0.0,0
2014-11-10,2014-11-27,OPTSTK,HCLTECH,1950.0,CE,0.0,0.0,0.0,21.7,1.9,0,0.0,0
2014-11-10,2014-11-27,OPTSTK,HCLTECH,1960.0,CE,0.0,0.0,0.0,9.7,1.65,0,0.0,0
2014-11-10,2014-11-27,OPTSTK,HCLTECH,1980.0,CE,0.0,0.0,0.0,7.85,1.25,0,0.0,0
2014-11-10,2014-11-27,OPTSTK,HCLTECH,2000.0,CE,0.0,0.0,0.0,15.9,0.95,0,0.0,0
2014-11-10,2014-11-27,OPTSTK,HCLTECH,1050.0,PE,0.0,0.0,0.0,0.1,0.0,0,0.0,0
2014-11-10,2014-11-27,OPTSTK,HCLTECH,1100.0,PE,0.0,0.0,0.0,0.25,0.0,0,0.0,0
2014-11-10,2014-11-27,OPTSTK,HCLTECH,1150.0,PE,0.0,0.0,0.0,0.55,0.05,0,0.0,0
2014-11-10,2014-11-27,OPTSTK,HCLTECH,1200.0,PE,0.0,0.0,0.0,1.3,0.05,0,0.0,0
2014-11-10,2014-11-27,OPTSTK,HCLTECH,1250.0,PE,0.0,0.0,0.0,2.65,0.15,0,0.0,0
2014-11-10,2014-11-27,OPTSTK,HCLTECH,1300.0,PE,0.0,0.0,0.0,5.05,0.5,0,0.0,0
2014-11-10,2014-11-27,OPTSTK,HCLTECH,1320.0,PE,0.0,0.0,0.0,0.15,0.8,0,0.0,0
2014-11-10,2014-11-27,OPTSTK,HCLTECH,1340.0,PE,0.0,0.0,0.0,0.25,1.25,0,0.0,0
2014-11-10,2014-11-27,OPTSTK,HCLTECH,1350.0,PE,0.0,0.0,0.0,8.95,1.5,0,0.0,0
2014-11-10,2014-11-27,OPTSTK,HCLTECH,1360.0,PE,0.0,0.0,0.0,0.4,1.85,0,0.0,0
2014-11-10,2014-11-27,OPTSTK,HCLTECH,1380.0,PE,0.0,0.0,0.0,8.75,2.7,0,0.0,250
2014-11-10,2014-11-27,OPTSTK,HCLTECH,1400.0,PE,0.0,0.0,0.0,4.2,3.85,0,0.0,8250
2014-11-10,2014-11-27,OPTSTK,HCLTECH,1420.0,PE,0.0,0.0,0.0,14.3,5.45,0,0.0,0
2014-11-10,2014-11-27,OPTSTK,HCLTECH,1440.0,PE,0.0,0.0,0.0,18.0,7.45,0,0.0,250
2014-11-10,2014-11-27,OPTSTK,HCLTECH,1450.0,PE,0.0,0.0,0.0,3.05,8.65,0,0.0,26375
2014-11-10,2014-11-27,OPTSTK,HCLTECH,1460.0,PE,0.0,0.0,0.0,5.7,10.05,0,0.0,7375
2014-11-10,2014-11-27,OPTSTK,HCLTECH,1480.0,PE,5.0,6.8,5.0,6.8,6.8,2,3.71,9000
2014-11-10,2014-11-27,OPTSTK,HCLTECH,1500.0,PE,6.65,9.65,5.8,6.1,6.1,92,173.44,78250
2014-11-10,2014-11-27,OPTSTK,HCLTECH,1520.0,PE,8.4,13.3,7.4,9.15,9.15,56,107.13,5500
2014-11-10,2014-11-27,OPTSTK,HCLTECH,1540.0,PE,11.4,18.0,10.55,12.05,12.05,29,56.3,3875
2014-11-10,2014-11-27,OPTSTK,HCLTECH,1550.0,PE,13.15,21.2,12.0,14.0,14.0,99,193.85,12250
2014-11-10,2014-11-27,OPTSTK,HCLTECH,1560.0,PE,14.9,22.0,13.45,15.7,15.7,42,82.81,3750
2014-11-10,2014-11-27,OPTSTK,HCLTECH,1580.0,PE,20.15,31.05,18.0,20.7,20.7,80,160.48,10625
2014-11-10,2014-11-27,OPTSTK,HCLTECH,1600.0,PE,28.6,41.5,23.8,28.4,28.4,283,577.41,21750
2014-11-10,2014-11-27,OPTSTK,HCLTECH,1620.0,PE,38.05,50.85,32.4,37.95,37.95,127,263.36,6875
2014-11-10,2014-11-27,OPTSTK,HCLTECH,1640.0,PE,56.15,56.15,42.2,47.9,47.9,18,37.98,1250
2014-11-10,2014-11-27,OPTSTK,HCLTECH,1650.0,PE,62.4,63.35,53.5,54.4,54.4,12,25.6,2250
2014-11-10,2014-11-27,OPTSTK,HCLTECH,1660.0,PE,0.0,0.0,0.0,35.85,82.35,0,0.0,0
2014-11-10,2014-11-27,OPTSTK,HCLTECH,1680.0,PE,0.0,0.0,0.0,43.15,94.95,0,0.0,0
2014-11-10,2014-11-27,OPTSTK,HCLTECH,1700.0,PE,99.6,100.0,80.0,89.6,89.6,22,49.23,4375
2014-11-10,2014-11-27,OPTSTK,HCLTECH,1720.0,PE,0.0,0.0,0.0,60.4,122.8,0,0.0,0
2014-11-10,2014-11-27,OPTSTK,HCLTECH,1740.0,PE,0.0,0.0,0.0,143.15,137.95,0,0.0,250
2014-11-10,2014-11-27,OPTSTK,HCLTECH,1750.0,PE,0.0,0.0,0.0,148.75,145.8,0,0.0,0
2014-11-10,2014-11-27,OPTSTK,HCLTECH,1760.0,PE,0.0,0.0,0.0,81.35,153.8,0,0.0,0
2014-11-10,2014-11-27,OPTSTK,HCLTECH,1780.0,PE,0.0,0.0,0.0,93.1,170.25,0,0.0,0
2014-11-10,2014-11-27,OPTSTK,HCLTECH,1800.0,PE,0.0,0.0,0.0,182.35,187.3,0,0.0,0
2014-11-10,2014-11-27,OPTSTK,HCLTECH,1820.0,PE,0.0,0.0,0.0,119.2,204.85,0,0.0,0
2014-11-10,2014-11-27,OPTSTK,HCLTECH,1840.0,PE,0.0,0.0,0.0,133.4,222.8,0,0.0,0
2014-11-10,2014-11-27,OPTSTK,HCLTECH,1850.0,PE,0.0,0.0,0.0,219.05,231.9,0,0.0,0
2014-11-10,2014-11-27,OPTSTK,HCLTECH,1860.0,PE,0.0,0.0,0.0,148.4,241.1,0,0.0,0
2014-11-10,2014-11-27,OPTSTK,HCLTECH,1880.0,PE,0.0,0.0,0.0,163.85,259.75,0,0.0,0
2014-11-10,2014-11-27,OPTSTK,HCLTECH,1900.0,PE,0.0,0.0,0.0,258.2,278.6,0,0.0,0
2014-11-10,2014-11-27,OPTSTK,HCLTECH,1920.0,PE,0.0,0.0,0.0,196.6,297.7,0,0.0,0
2014-11-10,2014-11-27,OPTSTK,HCLTECH,1940.0,PE,0.0,0.0,0.0,213.7,316.95,0,0.0,0
2014-11-10,2014-11-27,OPTSTK,HCLTECH,1950.0,PE,0.0,0.0,0.0,299.5,326.65,0,0.0,0
2014-11-10,2014-11-27,OPTSTK,HCLTECH,1960.0,PE,0.0,0.0,0.0,231.2,336.4,0,0.0,0
2014-11-10,2014-11-27,OPTSTK,HCLTECH,1980.0,PE,0.0,0.0,0.0,249.1,355.9,0,0.0,0
2014-11-10,2014-11-27,OPTSTK,HCLTECH,2000.0,PE,0.0,0.0,0.0,342.65,375.5,0,0.0,0
2014-11-10,2014-12-24,OPTSTK,HCLTECH,1300.0,CE,0.0,0.0,0.0,437.2,338.05,0,0.0,0
2014-11-10,2014-12-24,OPTSTK,HCLTECH,1320.0,CE,0.0,0.0,0.0,417.8,320.0,0,0.0,0
2014-11-10,2014-12-24,OPTSTK,HCLTECH,1340.0,CE,0.0,0.0,0.0,398.5,302.3,0,0.0,0
2014-11-10,2014-12-24,OPTSTK,HCLTECH,1360.0,CE,0.0,0.0,0.0,379.3,284.95,0,0.0,0
2014-11-10,2014-12-24,OPTSTK,HCLTECH,1380.0,CE,0.0,0.0,0.0,360.2,268.0,0,0.0,0
2014-11-10,2014-12-24,OPTSTK,HCLTECH,1400.0,CE,0.0,0.0,0.0,341.25,251.5,0,0.0,0
2014-11-10,2014-12-24,OPTSTK,HCLTECH,1420.0,CE,0.0,0.0,0.0,322.5,235.45,0,0.0,0
2014-11-10,2014-12-24,OPTSTK,HCLTECH,1440.0,CE,0.0,0.0,0.0,303.95,219.95,0,0.0,0
2014-11-10,2014-12-24,OPTSTK,HCLTECH,1460.0,CE,0.0,0.0,0.0,285.7,205.0,0,0.0,0
2014-11-10,2014-12-24,OPTSTK,HCLTECH,1480.0,CE,0.0,0.0,0.0,267.75,190.55,0,0.0,0
2014-11-10,2014-12-24,OPTSTK,HCLTECH,1500.0,CE,0.0,0.0,0.0,250.15,176.65,0,0.0,0
2014-11-10,2014-12-24,OPTSTK,HCLTECH,1520.0,CE,0.0,0.0,0.0,233.0,163.45,0,0.0,0
2014-11-10,2014-12-24,OPTSTK,HCLTECH,1540.0,CE,0.0,0.0,0.0,216.3,150.8,0,0.0,0
2014-11-10,2014-12-24,OPTSTK,HCLTECH,1560.0,CE,0.0,0.0,0.0,200.1,138.85,0,0.0,0
2014-11-10,2014-12-24,OPTSTK,HCLTECH,1580.0,CE,84.0,84.0,84.0,84.0,84.0,1,2.08,125
2014-11-10,2014-12-24,OPTSTK,HCLTECH,1600.0,CE,0.0,0.0,0.0,169.5,116.8,0,0.0,0
2014-11-10,2014-12-24,OPTSTK,HCLTECH,1620.0,CE,0.0,0.0,0.0,155.15,106.75,0,0.0,0
2014-11-10,2014-12-24,OPTSTK,HCLTECH,1640.0,CE,54.05,54.05,50.0,50.45,50.45,9,19.01,1125
2014-11-10,2014-12-24,OPTSTK,HCLTECH,1660.0,CE,0.0,0.0,0.0,128.45,88.5,0,0.0,0
2014-11-10,2014-12-24,OPTSTK,HCLTECH,1680.0,CE,0.0,0.0,0.0,116.25,80.3,0,0.0,0
2014-11-10,2014-12-24,OPTSTK,HCLTECH,1700.0,CE,20.05,26.0,20.0,25.4,25.4,18,38.76,2000
2014-11-10,2014-12-24,OPTSTK,HCLTECH,1720.0,CE,0.0,0.0,0.0,94.1,65.65,0,0.0,0
2014-11-10,2014-12-24,OPTSTK,HCLTECH,1740.0,CE,0.0,0.0,0.0,84.15,59.15,0,0.0,0
2014-11-10,2014-12-24,OPTSTK,HCLTECH,1760.0,CE,0.0,0.0,0.0,74.95,53.15,0,0.0,0
2014-11-10,2014-12-24,OPTSTK,HCLTECH,1780.0,CE,0.0,0.0,0.0,66.5,47.65,0,0.0,0
2014-11-10,2014-12-24,OPTSTK,HCLTECH,1800.0,CE,0.0,0.0,0.0,58.75,42.75,0,0.0,0
2014-11-10,2014-12-24,OPTSTK,HCLTECH,1820.0,CE,0.0,0.0,0.0,51.75,38.2,0,0.0,0
2014-11-10,2014-12-24,OPTSTK,HCLTECH,1840.0,CE,0.0,0.0,0.0,45.35,33.95,0,0.0,0
2014-11-10,2014-12-24,OPTSTK,HCLTECH,1860.0,CE,0.0,0.0,0.0,39.6,30.2,0,0.0,0
2014-11-10,2014-12-24,OPTSTK,HCLTECH,1880.0,CE,0.0,0.0,0.0,34.55,26.8,0,0.0,0
2014-11-10,2014-12-24,OPTSTK,HCLTECH,1900.0,CE,0.0,0.0,0.0,30.0,23.75,0,0.0,0
2014-11-10,2014-12-24,OPTSTK,HCLTECH,1920.0,CE,0.0,0.0,0.0,25.85,21.0,0,0.0,0
2014-11-10,2014-12-24,OPTSTK,HCLTECH,1940.0,CE,0.0,0.0,0.0,22.25,18.5,0,0.0,0
2014-11-10,2014-12-24,OPTSTK,HCLTECH,1960.0,CE,0.0,0.0,0.0,19.05,16.3,0,0.0,0
2014-11-10,2014-12-24,OPTSTK,HCLTECH,1980.0,CE,0.0,0.0,0.0,16.3,14.3,0,0.0,0
2014-11-10,2014-12-24,OPTSTK,HCLTECH,2000.0,CE,0.0,0.0,0.0,13.85,12.55,0,0.0,0
2014-11-10,2014-12-24,OPTSTK,HCLTECH,1300.0,PE,0.0,0.0,0.0,0.4,6.9,0,0.0,0
2014-11-10,2014-12-24,OPTSTK,HCLTECH,1320.0,PE,0.0,0.0,0.0,0.55,8.6,0,0.0,0
2014-11-10,2014-12-24,OPTSTK,HCLTECH,1340.0,PE,0.0,0.0,0.0,0.85,10.7,0,0.0,0
2014-11-10,2014-12-24,OPTSTK,HCLTECH,1360.0,PE,0.0,0.0,0.0,1.2,13.15,0,0.0,0
2014-11-10,2014-12-24,OPTSTK,HCLTECH,1380.0,PE,0.0,0.0,0.0,1.65,16.0,0,0.0,0
2014-11-10,2014-12-24,OPTSTK,HCLTECH,1400.0,PE,0.0,0.0,0.0,2.25,19.3,0,0.0,0
2014-11-10,2014-12-24,OPTSTK,HCLTECH,1420.0,PE,0.0,0.0,0.0,3.05,23.05,0,0.0,0
2014-11-10,2014-12-24,OPTSTK,HCLTECH,1440.0,PE,0.0,0.0,0.0,4.1,27.3,0,0.0,0
2014-11-10,2014-12-24,OPTSTK,HCLTECH,1460.0,PE,0.0,0.0,0.0,5.4,32.15,0,0.0,0
2014-11-10,2014-12-24,OPTSTK,HCLTECH,1480.0,PE,0.0,0.0,0.0,7.05,37.5,0,0.0,0
2014-11-10,2014-12-24,OPTSTK,HCLTECH,1500.0,PE,0.0,0.0,0.0,9.0,43.4,0,0.0,0
2014-11-10,2014-12-24,OPTSTK,HCLTECH,1520.0,PE,0.0,0.0,0.0,11.4,49.95,0,0.0,0
2014-11-10,2014-12-24,OPTSTK,HCLTECH,1540.0,PE,0.0,0.0,0.0,14.25,57.15,0,0.0,0
2014-11-10,2014-12-24,OPTSTK,HCLTECH,1560.0,PE,0.0,0.0,0.0,17.65,64.95,0,0.0,0
2014-11-10,2014-12-24,OPTSTK,HCLTECH,1580.0,PE,0.0,0.0,0.0,21.6,73.4,0,0.0,0
2014-11-10,2014-12-24,OPTSTK,HCLTECH,1600.0,PE,0.0,0.0,0.0,26.15,82.5,0,0.0,0
2014-11-10,2014-12-24,OPTSTK,HCLTECH,1620.0,PE,58.05,58.05,54.25,54.25,54.25,3,6.28,375
2014-11-10,2014-12-24,OPTSTK,HCLTECH,1640.0,PE,59.55,59.55,59.55,59.55,59.55,2,4.24,750
2014-11-10,2014-12-24,OPTSTK,HCLTECH,1660.0,PE,0.0,0.0,0.0,64.2,113.6,0,0.0,500
2014-11-10,2014-12-24,OPTSTK,HCLTECH,1680.0,PE,0.0,0.0,0.0,51.2,125.15,0,0.0,0
2014-11-10,2014-12-24,OPTSTK,HCLTECH,1700.0,PE,0.0,0.0,0.0,59.3,137.35,0,0.0,0
2014-11-10,2014-12-24,OPTSTK,HCLTECH,1720.0,PE,0.0,0.0,0.0,68.15,150.05,0,0.0,0
2014-11-10,2014-12-24,OPTSTK,HCLTECH,1740.0,PE,0.0,0.0,0.0,77.75,163.35,0,0.0,0
2014-11-10,2014-12-24,OPTSTK,HCLTECH,1760.0,PE,0.0,0.0,0.0,88.15,177.15,0,0.0,0
2014-11-10,2014-12-24,OPTSTK,HCLTECH,1780.0,PE,0.0,0.0,0.0,99.25,191.45,0,0.0,0
2014-11-10,2014-12-24,OPTSTK,HCLTECH,1800.0,PE,0.0,0.0,0.0,111.1,206.35,0,0.0,0
2014-11-10,2014-12-24,OPTSTK,HCLTECH,1820.0,PE,0.0,0.0,0.0,123.6,221.55,0,0.0,0
2014-11-10,2014-12-24,OPTSTK,HCLTECH,1840.0,PE,0.0,0.0,0.0,136.8,237.15,0,0.0,0
2014-11-10,2014-12-24,OPTSTK,HCLTECH,1860.0,PE,0.0,0.0,0.0,150.6,253.2,0,0.0,0
2014-11-10,2014-12-24,OPTSTK,HCLTECH,1880.0,PE,0.0,0.0,0.0,165.1,269.55,0,0.0,0
2014-11-10,2014-12-24,OPTSTK,HCLTECH,1900.0,PE,0.0,0.0,0.0,180.1,286.3,0,0.0,0
2014-11-10,2014-12-24,OPTSTK,HCLTECH,1920.0,PE,0.0,0.0,0.0,195.55,303.35,0,0.0,0
2014-11-10,2014-12-24,OPTSTK,HCLTECH,1940.0,PE,0.0,0.0,0.0,211.5,320.65,0,0.0,0
2014-11-10,2014-12-24,OPTSTK,HCLTECH,1960.0,PE,0.0,0.0,0.0,227.9,338.2,0,0.0,0
2014-11-10,2014-12-24,OPTSTK,HCLTECH,1980.0,PE,0.0,0.0,0.0,244.65,356.05,0,0.0,0
2014-11-10,2014-12-24,OPTSTK,HCLTECH,2000.0,PE,0.0,0.0,0.0,261.8,374.05,0,0.0,0
2014-11-10,2015-01-29,OPTSTK,HCLTECH,1300.0,CE,0.0,0.0,0.0,339.65,361.25,0,0.0,0
2014-11-10,2015-01-29,OPTSTK,HCLTECH,1320.0,CE,0.0,0.0,0.0,324.6,344.75,0,0.0,0
2014-11-10,2015-01-29,OPTSTK,HCLTECH,1340.0,CE,0.0,0.0,0.0,309.95,328.6,0,0.0,0
2014-11-10,2015-01-29,OPTSTK,HCLTECH,1360.0,CE,0.0,0.0,0.0,295.65,312.85,0,0.0,0
2014-11-10,2015-01-29,OPTSTK,HCLTECH,1380.0,CE,0.0,0.0,0.0,281.75,297.45,0,0.0,0
2014-11-10,2015-01-29,OPTSTK,HCLTECH,1400.0,CE,0.0,0.0,0.0,268.25,282.5,0,0.0,0
2014-11-10,2015-01-29,OPTSTK,HCLTECH,1420.0,CE,0.0,0.0,0.0,255.1,268.0,0,0.0,0
2014-11-10,2015-01-29,OPTSTK,HCLTECH,1440.0,CE,0.0,0.0,0.0,242.45,253.9,0,0.0,0
2014-11-10,2015-01-29,OPTSTK,HCLTECH,1460.0,CE,0.0,0.0,0.0,230.25,240.25,0,0.0,0
2014-11-10,2015-01-29,OPTSTK,HCLTECH,1480.0,CE,0.0,0.0,0.0,218.45,227.0,0,0.0,0
2014-11-10,2015-01-29,OPTSTK,HCLTECH,1500.0,CE,0.0,0.0,0.0,207.1,214.25,0,0.0,0
2014-11-10,2015-01-29,OPTSTK,HCLTECH,1520.0,CE,0.0,0.0,0.0,196.15,202.0,0,0.0,0
2014-11-10,2015-01-29,OPTSTK,HCLTECH,1540.0,CE,0.0,0.0,0.0,185.6,190.25,0,0.0,0
2014-11-10,2015-01-29,OPTSTK,HCLTECH,1560.0,CE,0.0,0.0,0.0,175.5,178.95,0,0.0,0
2014-11-10,2015-01-29,OPTSTK,HCLTECH,1580.0,CE,0.0,0.0,0.0,165.8,168.1,0,0.0,0
2014-11-10,2015-01-29,OPTSTK,HCLTECH,1600.0,CE,0.0,0.0,0.0,156.55,157.75,0,0.0,0
2014-11-10,2015-01-29,OPTSTK,HCLTECH,1620.0,CE,0.0,0.0,0.0,147.65,147.85,0,0.0,0
2014-11-10,2015-01-29,OPTSTK,HCLTECH,1640.0,CE,0.0,0.0,0.0,139.2,138.45,0,0.0,0
2014-11-10,2015-01-29,OPTSTK,HCLTECH,1660.0,CE,0.0,0.0,0.0,131.1,129.45,0,0.0,0
2014-11-10,2015-01-29,OPTSTK,HCLTECH,1680.0,CE,0.0,0.0,0.0,123.4,120.95,0,0.0,0
2014-11-10,2015-01-29,OPTSTK,HCLTECH,1700.0,CE,0.0,0.0,0.0,116.05,112.85,0,0.0,0
2014-11-10,2015-01-29,OPTSTK,HCLTECH,1720.0,CE,0.0,0.0,0.0,109.05,105.2,0,0.0,0
2014-11-10,2015-01-29,OPTSTK,HCLTECH,1740.0,CE,0.0,0.0,0.0,102.4,97.95,0,0.0,0
2014-11-10,2015-01-29,OPTSTK,HCLTECH,1760.0,CE,0.0,0.0,0.0,96.1,91.15,0,0.0,0
2014-11-10,2015-01-29,OPTSTK,HCLTECH,1780.0,CE,0.0,0.0,0.0,90.15,84.7,0,0.0,0
2014-11-10,2015-01-29,OPTSTK,HCLTECH,1800.0,CE,0.0,0.0,0.0,84.5,78.6,0,0.0,0
2014-11-10,2015-01-29,OPTSTK,HCLTECH,1820.0,CE,0.0,0.0,0.0,79.15,72.9,0,0.0,0
2014-11-10,2015-01-29,OPTSTK,HCLTECH,1840.0,CE,0.0,0.0,0.0,74.15,67.55,0,0.0,0
2014-11-10,2015-01-29,OPTSTK,HCLTECH,1860.0,CE,0.0,0.0,0.0,69.4,62.6,0,0.0,0
2014-11-10,2015-01-29,OPTSTK,HCLTECH,1880.0,CE,0.0,0.0,0.0,64.9,57.95,0,0.0,0
2014-11-10,2015-01-29,OPTSTK,HCLTECH,1900.0,CE,0.0,0.0,0.0,60.65,53.55,0,0.0,0
2014-11-10,2015-01-29,OPTSTK,HCLTECH,1920.0,CE,0.0,0.0,0.0,56.65,49.45,0,0.0,0
2014-11-10,2015-01-29,OPTSTK,HCLTECH,1940.0,CE,0.0,0.0,0.0,52.9,45.55,0,0.0,0
2014-11-10,2015-01-29,OPTSTK,HCLTECH,1960.0,CE,0.0,0.0,0.0,49.3,42.0,0,0.0,0
2014-11-10,2015-01-29,OPTSTK,HCLTECH,1980.0,CE,0.0,0.0,0.0,45.95,38.7,0,0.0,0
2014-11-10,2015-01-29,OPTSTK,HCLTECH,1300.0,PE,0.0,0.0,0.0,34.85,19.05,0,0.0,0
2014-11-10,2015-01-29,OPTSTK,HCLTECH,1320.0,PE,0.0,0.0,0.0,39.35,22.15,0,0.0,0
2014-11-10,2015-01-29,OPTSTK,HCLTECH,1340.0,PE,0.0,0.0,0.0,44.3,25.65,0,0.0,0
2014-11-10,2015-01-29,OPTSTK,HCLTECH,1360.0,PE,0.0,0.0,0.0,49.55,29.5,0,0.0,0
2014-11-10,2015-01-29,OPTSTK,HCLTECH,1380.0,PE,0.0,0.0,0.0,55.2,33.75,0,0.0,0
2014-11-10,2015-01-29,OPTSTK,HCLTECH,1400.0,PE,0.0,0.0,0.0,61.3,38.4,0,0.0,0
2014-11-10,2015-01-29,OPTSTK,HCLTECH,1420.0,PE,0.0,0.0,0.0,67.7,43.55,0,0.0,0
2014-11-10,2015-01-29,OPTSTK,HCLTECH,1440.0,PE,0.0,0.0,0.0,74.65,49.05,0,0.0,0
2014-11-10,2015-01-29,OPTSTK,HCLTECH,1460.0,PE,0.0,0.0,0.0,82.0,55.0,0,0.0,0
2014-11-10,2015-01-29,OPTSTK,HCLTECH,1480.0,PE,0.0,0.0,0.0,89.75,61.4,0,0.0,0
2014-11-10,2015-01-29,OPTSTK,HCLTECH,1500.0,PE,0.0,0.0,0.0,97.95,68.3,0,0.0,0
2014-11-10,2015-01-29,OPTSTK,HCLTECH,1520.0,PE,0.0,0.0,0.0,106.6,75.65,0,0.0,0
2014-11-10,2015-01-29,OPTSTK,HCLTECH,1540.0,PE,0.0,0.0,0.0,115.65,83.5,0,0.0,0
2014-11-10,2015-01-29,OPTSTK,HCLTECH,1560.0,PE,0.0,0.0,0.0,125.1,91.8,0,0.0,0
2014-11-10,2015-01-29,OPTSTK,HCLTECH,1580.0,PE,0.0,0.0,0.0,135.0,100.6,0,0.0,0
2014-11-10,2015-01-29,OPTSTK,HCLTECH,1600.0,PE,0.0,0.0,0.0,145.25,109.85,0,0.0,0
2014-11-10,2015-01-29,OPTSTK,HCLTECH,1620.0,PE,0.0,0.0,0.0,155.95,119.6,0,0.0,0
2014-11-10,2015-01-29,OPTSTK,HCLTECH,1640.0,PE,0.0,0.0,0.0,167.05,129.8,0,0.0,0
2014-11-10,2015-01-29,OPTSTK,HCLTECH,1660.0,PE,0.0,0.0,0.0,178.55,140.45,0,0.0,0
2014-11-10,2015-01-29,OPTSTK,HCLTECH,1680.0,PE,0.0,0.0,0.0,190.4,151.55,0,0.0,0
2014-11-10,2015-01-29,OPTSTK,HCLTECH,1700.0,PE,0.0,0.0,0.0,202.6,163.1,0,0.0,0
2014-11-10,2015-01-29,OPTSTK,HCLTECH,1720.0,PE,0.0,0.0,0.0,215.2,175.05,0,0.0,0
2014-11-10,2015-01-29,OPTSTK,HCLTECH,1740.0,PE,0.0,0.0,0.0,228.1,187.45,0,0.0,0
2014-11-10,2015-01-29,OPTSTK,HCLTECH,1760.0,PE,0.0,0.0,0.0,241.4,200.2,0,0.0,0
2014-11-10,2015-01-29,OPTSTK,HCLTECH,1780.0,PE,0.0,0.0,0.0,255.0,213.4,0,0.0,0
2014-11-10,2015-01-29,OPTSTK,HCLTECH,1800.0,PE,0.0,0.0,0.0,268.9,226.95,0,0.0,0
2014-11-10,2015-01-29,OPTSTK,HCLTECH,1820.0,PE,0.0,0.0,0.0,283.1,240.85,0,0.0,0
2014-11-10,2015-01-29,OPTSTK,HCLTECH,1840.0,PE,0.0,0.0,0.0,297.7,255.15,0,0.0,0
2014-11-10,2015-01-29,OPTSTK,HCLTECH,1860.0,PE,0.0,0.0,0.0,312.5,269.8,0,0.0,0
2014-11-10,2015-01-29,OPTSTK,HCLTECH,1880.0,PE,0.0,0.0,0.0,327.55,284.75,0,0.0,0
2014-11-10,2015-01-29,OPTSTK,HCLTECH,1900.0,PE,0.0,0.0,0.0,342.9,300.0,0,0.0,0
2014-11-10,2015-01-29,OPTSTK,HCLTECH,1920.0,PE,0.0,0.0,0.0,358.45,315.5,0,0.0,0
2014-11-10,2015-01-29,OPTSTK,HCLTECH,1940.0,PE,0.0,0.0,0.0,374.3,331.25,0,0.0,0
2014-11-10,2015-01-29,OPTSTK,HCLTECH,1960.0,PE,0.0,0.0,0.0,390.25,347.3,0,0.0,0
2014-11-10,2015-01-29,OPTSTK,HCLTECH,1980.0,PE,0.0,0.0,0.0,406.5,363.6,0,0.0,0
2014-11-10,2014-11-27,OPTSTK,HDFC,680.0,CE,0.0,0.0,0.0,409.05,436.4,0,0.0,0
2014-11-10,2014-11-27,OPTSTK,HDFC,700.0,CE,0.0,0.0,0.0,389.55,416.5,0,0.0,0
2014-11-10,2014-11-27,OPTSTK,HDFC,720.0,CE,0.0,0.0,0.0,370.1,396.55,0,0.0,0
2014-11-10,2014-11-27,OPTSTK,HDFC,740.0,CE,0.0,0.0,0.0,350.7,376.65,0,0.0,0
2014-11-10,2014-11-27,OPTSTK,HDFC,760.0,CE,0.0,0.0,0.0,331.35,356.7,0,0.0,0
2014-11-10,2014-11-27,OPTSTK,HDFC,780.0,CE,0.0,0.0,0.0,312.2,336.8,0,0.0,0
2014-11-10,2014-11-27,OPTSTK,HDFC,800.0,CE,0.0,0.0,0.0,293.2,316.9,0,0.0,0
2014-11-10,2014-11-27,OPTSTK,HDFC,820.0,CE,0.0,0.0,0.0,274.4,296.95,0,0.0,0
2014-11-10,2014-11-27,OPTSTK,HDFC,840.0,CE,0.0,0.0,0.0,255.9,277.05,0,0.0,0
2014-11-10,2014-11-27,OPTSTK,HDFC,860.0,CE,0.0,0.0,0.0,237.75,257.1,0,0.0,0
2014-11-10,2014-11-27,OPTSTK,HDFC,880.0,CE,0.0,0.0,0.0,220.05,237.2,0,0.0,0
2014-11-10,2014-11-27,OPTSTK,HDFC,900.0,CE,0.0,0.0,0.0,202.8,217.3,0,0.0,0
2014-11-10,2014-11-27,OPTSTK,HDFC,920.0,CE,0.0,0.0,0.0,186.1,197.4,0,0.0,0
2014-11-10,2014-11-27,OPTSTK,HDFC,940.0,CE,0.0,0.0,0.0,170.05,177.6,0,0.0,0
2014-11-10,2014-11-27,OPTSTK,HDFC,960.0,CE,0.0,0.0,0.0,154.7,157.9,0,0.0,0
2014-11-10,2014-11-27,OPTSTK,HDFC,980.0,CE,0.0,0.0,0.0,130.0,138.4,0,0.0,250
2014-11-10,2014-11-27,OPTSTK,HDFC,1000.0,CE,105.05,105.05,105.05,105.05,105.05,1,2.76,2250
2014-11-10,2014-11-27,OPTSTK,HDFC,1020.0,CE,0.0,0.0,0.0,104.0,101.0,0,0.0,2000
2014-11-10,2014-11-27,OPTSTK,HDFC,1040.0,CE,81.0,81.0,81.0,81.0,81.0,2,5.6,11750
2014-11-10,2014-11-27,OPTSTK,HDFC,1060.0,CE,53.3,63.3,50.7,62.95,62.95,8,22.35,31500
2014-11-10,2014-11-27,OPTSTK,HDFC,1080.0,CE,42.85,42.85,42.85,42.85,42.85,2,5.61,13500
2014-11-10,2014-11-27,OPTSTK,HDFC,1100.0,CE,31.0,33.6,24.2,32.1,32.1,189,533.48,57500
2014-11-10,2014-11-27,OPTSTK,HDFC,1120.0,CE,20.0,22.0,14.75,21.2,21.2,559,1592.6,106500
2014-11-10,2014-11-27,OPTSTK,HDFC,1140.0,CE,12.85,13.6,8.65,13.1,13.1,285,820.33,34250
2014-11-10,2014-11-27,OPTSTK,HDFC,1160.0,CE,7.05,8.0,4.9,7.6,7.6,200,583.28,52500
2014-11-10,2014-11-27,OPTSTK,HDFC,1180.0,CE,4.05,4.4,2.75,4.2,4.2,164,485.29,69250
2014-11-10,2014-11-27,OPTSTK,HDFC,1200.0,CE,2.0,2.4,1.55,2.25,2.25,54,162.27,27000
2014-11-10,2014-11-27,OPTSTK,HDFC,1220.0,CE,1.0,1.15,1.0,1.15,1.15,2,6.1,2750
2014-11-10,2014-11-27,OPTSTK,HDFC,1240.0,CE,0.0,0.0,0.0,0.75,2.5,0,0.0,3500
2014-11-10,2014-11-27,OPTSTK,HDFC,1260.0,CE,0.0,0.0,0.0,1.45,1.5,0,0.0,2000
2014-11-10,2014-11-27,OPTSTK,HDFC,1280.0,CE,0.0,0.0,0.0,1.1,0.85,0,0.0,2000
2014-11-10,2014-11-27,OPTSTK,HDFC,1300.0,CE,0.0,0.0,0.0,1.1,0.5,0,0.0,2000
2014-11-10,2014-11-27,OPTSTK,HDFC,1320.0,CE,0.0,0.0,0.0,13.2,0.25,0,0.0,0
2014-11-10,2014-11-27,OPTSTK,HDFC,1340.0,CE,0.0,0.0,0.0,11.1,0.15,0,0.0,0
2014-11-10,2014-11-27,OPTSTK,HDFC,680.0,PE,0.0,0.0,0.0,0.1,0.0,0,0.0,0
2014-11-10,2014-11-27,OPTSTK,HDFC,700.0,PE,0.0,0.0,0.0,0.15,0.0,0,0.0,0
2014-11-10,2014-11-27,OPTSTK,HDFC,720.0,PE,0.0,0.0,0.0,0.3,0.0,0,0.0,0
2014-11-10,2014-11-27,OPTSTK,HDFC,740.0,PE,0.0,0.0,0.0,0.45,0.0,0,0.0,0
2014-11-10,2014-11-27,OPTSTK,HDFC,760.0,PE,0.0,0.0,0.0,0.7,0.0,0,0.0,0
2014-11-10,2014-11-27,OPTSTK,HDFC,780.0,PE,0.0,0.0,0.0,1.1,0.0,0,0.0,0
2014-11-10,2014-11-27,OPTSTK,HDFC,800.0,PE,0.0,0.0,0.0,1.7,0.0,0,0.0,0
2014-11-10,2014-11-27,OPTSTK,HDFC,820.0,PE,0.0,0.0,0.0,2.5,0.0,0,0.0,0
2014-11-10,2014-11-27,OPTSTK,HDFC,840.0,PE,0.0,0.0,0.0,3.55,0.0,0,0.0,0
2014-11-10,2014-11-27,OPTSTK,HDFC,860.0,PE,0.0,0.0,0.0,5.0,0.0,0,0.0,0
2014-11-10,2014-11-27,OPTSTK,HDFC,880.0,PE,0.0,0.0,0.0,6.85,0.05,0,0.0,0
2014-11-10,2014-11-27,OPTSTK,HDFC,900.0,PE,0.0,0.0,0.0,9.15,0.05,0,0.0,0
2014-11-10,2014-11-27,OPTSTK,HDFC,920.0,PE,0.0,0.0,0.0,0.7,0.05,0,0.0,3250
2014-11-10,2014-11-27,OPTSTK,HDFC,940.0,PE,0.0,0.0,0.0,0.95,0.15,0,0.0,2250
2014-11-10,2014-11-27,OPTSTK,HDFC,960.0,PE,0.0,0.0,0.0,3.1,0.4,0,0.0,2000
2014-11-10,2014-11-27,OPTSTK,HDFC,980.0,PE,1.35,1.35,1.35,1.35,1.35,1,2.45,4500
2014-11-10,2014-11-27,OPTSTK,HDFC,1000.0,PE,2.0,2.0,1.45,1.45,1.45,11,27.54,45000
2014-11-10,2014-11-27,OPTSTK,HDFC,1020.0,PE,2.25,2.35,2.0,2.2,2.2,32,81.77,71750
2014-11-10,2014-11-27,OPTSTK,HDFC,1040.0,PE,3.25,5.15,3.2,3.5,3.5,56,146.13,70500
2014-11-10,2014-11-27,OPTSTK,HDFC,1060.0,PE,5.1,8.6,5.1,5.7,5.7,123,327.96,85500
2014-11-10,2014-11-27,OPTSTK,HDFC,1080.0,PE,10.0,14.85,8.7,9.7,9.7,129,351.94,59500
2014-11-10,2014-11-27,OPTSTK,HDFC,1100.0,PE,18.0,22.25,13.8,14.95,14.95,245,684.1,59000
2014-11-10,2014-11-27,OPTSTK,HDFC,1120.0,PE,24.2,33.4,21.75,22.9,22.9,77,220.34,11250
2014-11-10,2014-11-27,OPTSTK,HDFC,1140.0,PE,34.5,34.5,34.5,34.5,34.5,1,2.93,3750
2014-11-10,2014-11-27,OPTSTK,HDFC,1160.0,PE,0.0,0.0,0.0,60.5,56.7,0,0.0,2250
2014-11-10,2014-11-27,OPTSTK,HDFC,1180.0,PE,0.0,0.0,0.0,120.85,71.75,0,0.0,0
2014-11-10,2014-11-27,OPTSTK,HDFC,1200.0,PE,0.0,0.0,0.0,134.85,88.15,0,0.0,0
2014-11-10,2014-11-27,OPTSTK,HDFC,1220.0,PE,0.0,0.0,0.0,149.55,105.6,0,0.0,0
2014-11-10,2014-11-27,OPTSTK,HDFC,1240.0,PE,0.0,0.0,0.0,164.8,123.9,0,0.0,0
2014-11-10,2014-11-27,OPTSTK,HDFC,1260.0,PE,0.0,0.0,0.0,180.55,142.8,0,0.0,0
2014-11-10,2014-11-27,OPTSTK,HDFC,1280.0,PE,0.0,0.0,0.0,196.8,162.1,0,0.0,0
2014-11-10,2014-11-27,OPTSTK,HDFC,1300.0,PE,0.0,0.0,0.0,213.55,181.65,0,0.0,0
2014-11-10,2014-11-27,OPTSTK,HDFC,1320.0,PE,0.0,0.0,0.0,230.65,201.35,0,0.0,0
2014-11-10,2014-11-27,OPTSTK,HDFC,1340.0,PE,0.0,0.0,0.0,248.1,221.15,0,0.0,0
2014-11-10,2014-12-24,OPTSTK,HDFC,680.0,CE,0.0,0.0,0.0,391.55,440.85,0,0.0,0
2014-11-10,2014-12-24,OPTSTK,HDFC,700.0,CE,0.0,0.0,0.0,372.05,421.05,0,0.0,0
2014-11-10,2014-12-24,OPTSTK,HDFC,720.0,CE,0.0,0.0,0.0,352.5,401.25,0,0.0,0
2014-11-10,2014-12-24,OPTSTK,HDFC,740.0,CE,0.0,0.0,0.0,333.05,381.45,0,0.0,0
2014-11-10,2014-12-24,OPTSTK,HDFC,760.0,CE,0.0,0.0,0.0,313.6,361.7,0,0.0,0
2014-11-10,2014-12-24,OPTSTK,HDFC,780.0,CE,0.0,0.0,0.0,294.25,341.9,0,0.0,0
2014-11-10,2014-12-24,OPTSTK,HDFC,800.0,CE,0.0,0.0,0.0,275.05,322.15,0,0.0,0
2014-11-10,2014-12-24,OPTSTK,HDFC,820.0,CE,0.0,0.0,0.0,256.05,302.4,0,0.0,0
2014-11-10,2014-12-24,OPTSTK,HDFC,840.0,CE,0.0,0.0,0.0,237.25,282.65,0,0.0,0
2014-11-10,2014-12-24,OPTSTK,HDFC,860.0,CE,0.0,0.0,0.0,218.8,263.0,0,0.0,0
2014-11-10,2014-12-24,OPTSTK,HDFC,880.0,CE,0.0,0.0,0.0,200.75,243.5,0,0.0,0
2014-11-10,2014-12-24,OPTSTK,HDFC,900.0,CE,0.0,0.0,0.0,183.2,224.1,0,0.0,0
2014-11-10,2014-12-24,OPTSTK,HDFC,920.0,CE,0.0,0.0,0.0,166.2,205.0,0,0.0,0
2014-11-10,2014-12-24,OPTSTK,HDFC,940.0,CE,0.0,0.0,0.0,149.95,186.2,0,0.0,0
2014-11-10,2014-12-24,OPTSTK,HDFC,960.0,CE,0.0,0.0,0.0,134.4,167.85,0,0.0,0
2014-11-10,2014-12-24,OPTSTK,HDFC,980.0,CE,0.0,0.0,0.0,119.8,150.1,0,0.0,0
2014-11-10,2014-12-24,OPTSTK,HDFC,1000.0,CE,0.0,0.0,0.0,105.95,133.05,0,0.0,0
2014-11-10,2014-12-24,OPTSTK,HDFC,1020.0,CE,0.0,0.0,0.0,93.2,116.85,0,0.0,0
2014-11-10,2014-12-24,OPTSTK,HDFC,1040.0,CE,0.0,0.0,0.0,81.45,101.7,0,0.0,0
2014-11-10,2014-12-24,OPTSTK,HDFC,1060.0,CE,0.0,0.0,0.0,70.7,87.5,0,0.0,0
2014-11-10,2014-12-24,OPTSTK,HDFC,1080.0,CE,0.0,0.0,0.0,60.95,74.6,0,0.0,0
2014-11-10,2014-12-24,OPTSTK,HDFC,1100.0,CE,0.0,0.0,0.0,52.2,62.9,0,0.0,0
2014-11-10,2014-12-24,OPTSTK,HDFC,1120.0,CE,0.0,0.0,0.0,44.4,52.45,0,0.0,0
2014-11-10,2014-12-24,OPTSTK,HDFC,1140.0,CE,0.0,0.0,0.0,22.0,43.3,0,0.0,250
2014-11-10,2014-12-24,OPTSTK,HDFC,1160.0,CE,0.0,0.0,0.0,31.55,35.35,0,0.0,0
2014-11-10,2014-12-24,OPTSTK,HDFC,1180.0,CE,0.0,0.0,0.0,26.4,28.55,0,0.0,0
2014-11-10,2014-12-24,OPTSTK,HDFC,1200.0,CE,0.0,0.0,0.0,9.55,22.8,0,0.0,18750
2014-11-10,2014-12-24,OPTSTK,HDFC,1220.0,CE,0.0,0.0,0.0,18.1,18.05,0,0.0,0
2014-11-10,2014-12-24,OPTSTK,HDFC,1240.0,CE,0.0,0.0,0.0,14.85,14.1,0,0.0,0
2014-11-10,2014-12-24,OPTSTK,HDFC,1260.0,CE,0.0,0.0,0.0,12.1,10.9,0,0.0,0
2014-11-10,2014-12-24,OPTSTK,HDFC,1280.0,CE,0.0,0.0,0.0,9.85,8.35,0,0.0,0
2014-11-10,2014-12-24,OPTSTK,HDFC,1300.0,CE,0.0,0.0,0.0,7.95,6.35,0,0.0,0
2014-11-10,2014-12-24,OPTSTK,HDFC,1320.0,CE,0.0,0.0,0.0,6.35,4.75,0,0.0,0
2014-11-10,2014-12-24,OPTSTK,HDFC,1340.0,CE,0.0,0.0,0.0,5.1,3.55,0,0.0,0
2014-11-10,2014-12-24,OPTSTK,HDFC,680.0,PE,0.0,0.0,0.0,0.05,0.0,0,0.0,0
2014-11-10,2014-12-24,OPTSTK,HDFC,700.0,PE,0.0,0.0,0.0,0.05,0.0,0,0.0,0
2014-11-10,2014-12-24,OPTSTK,HDFC,720.0,PE,0.0,0.0,0.0,0.1,0.0,0,0.0,0
2014-11-10,2014-12-24,OPTSTK,HDFC,740.0,PE,0.0,0.0,0.0,0.2,0.0,0,0.0,0
2014-11-10,2014-12-24,OPTSTK,HDFC,760.0,PE,0.0,0.0,0.0,0.35,0.05,0,0.0,0
2014-11-10,2014-12-24,OPTSTK,HDFC,780.0,PE,0.0,0.0,0.0,0.55,0.05,0,0.0,0
2014-11-10,2014-12-24,OPTSTK,HDFC,800.0,PE,0.0,0.0,0.0,0.9,0.05,0,0.0,0
2014-11-10,2014-12-24,OPTSTK,HDFC,820.0,PE,0.0,0.0,0.0,1.45,0.1,0,0.0,0
2014-11-10,2014-12-24,OPTSTK,HDFC,840.0,PE,0.0,0.0,0.0,2.25,0.15,0,0.0,0
2014-11-10,2014-12-24,OPTSTK,HDFC,860.0,PE,0.0,0.0,0.0,3.35,0.3,0,0.0,0
2014-11-10,2014-12-24,OPTSTK,HDFC,880.0,PE,0.0,0.0,0.0,4.85,0.55,0,0.0,0
2014-11-10,2014-12-24,OPTSTK,HDFC,900.0,PE,0.0,0.0,0.0,6.85,1.0,0,0.0,0
2014-11-10,2014-12-24,OPTSTK,HDFC,920.0,PE,0.0,0.0,0.0,9.45,1.65,0,0.0,0
2014-11-10,2014-12-24,OPTSTK,HDFC,940.0,PE,0.0,0.0,0.0,12.75,2.65,0,0.0,0
2014-11-10,2014-12-24,OPTSTK,HDFC,960.0,PE,0.0,0.0,0.0,16.8,4.1,0,0.0,0
2014-11-10,2014-12-24,OPTSTK,HDFC,980.0,PE,0.0,0.0,0.0,21.7,6.15,0,0.0,0
2014-11-10,2014-12-24,OPTSTK,HDFC,1000.0,PE,0.0,0.0,0.0,27.45,8.9,0,0.0,0
2014-11-10,2014-12-24,OPTSTK,HDFC,1020.0,PE,0.0,0.0,0.0,34.25,12.5,0,0.0,0
2014-11-10,2014-12-24,OPTSTK,HDFC,1040.0,PE,0.0,0.0,0.0,42.05,17.1,0,0.0,0
2014-11-10,2014-12-24,OPTSTK,HDFC,1060.0,PE,0.0,0.0,0.0,50.85,22.75,0,0.0,0
2014-11-10,2014-12-24,OPTSTK,HDFC,1080.0,PE,0.0,0.0,0.0,60.7,29.6,0,0.0,0
2014-11-10,2014-12-24,OPTSTK,HDFC,1100.0,PE,0.0,0.0,0.0,71.5,37.7,0,0.0,0
2014-11-10,2014-12-24,OPTSTK,HDFC,1120.0,PE,0.0,0.0,0.0,83.3,47.05,0,0.0,0
2014-11-10,2014-12-24,OPTSTK,HDFC,1140.0,PE,0.0,0.0,0.0,96.0,57.65,0,0.0,0
2014-11-10,2014-12-24,OPTSTK,HDFC,1160.0,PE,0.0,0.0,0.0,109.55,69.5,0,0.0,0
2014-11-10,2014-12-24,OPTSTK,HDFC,1180.0,PE,0.0,0.0,0.0,124.0,82.5,0,0.0,0
2014-11-10,2014-12-24,OPTSTK,HDFC,1200.0,PE,0.0,0.0,0.0,139.1,96.5,0,0.0,0
2014-11-10,2014-12-24,OPTSTK,HDFC,1220.0,PE,0.0,0.0,0.0,154.8,111.6,0,0.0,0
2014-11-10,2014-12-24,OPTSTK,HDFC,1240.0,PE,0.0,0.0,0.0,171.1,127.4,0,0.0,0
2014-11-10,2014-12-24,OPTSTK,HDFC,1260.0,PE,0.0,0.0,0.0,187.95,144.05,0,0.0,0
2014-11-10,2014-12-24,OPTSTK,HDFC,1280.0,PE,0.0,0.0,0.0,205.2,161.25,0,0.0,0
2014-11-10,2014-12-24,OPTSTK,HDFC,1300.0,PE,0.0,0.0,0.0,222.9,179.05,0,0.0,0
2014-11-10,2014-12-24,OPTSTK,HDFC,1320.0,PE,0.0,0.0,0.0,240.9,197.25,0,0.0,0
2014-11-10,2014-12-24,OPTSTK,HDFC,1340.0,PE,0.0,0.0,0.0,259.2,215.8,0,0.0,0
2014-11-10,2015-01-29,OPTSTK,HDFC,680.0,CE,0.0,0.0,0.0,399.45,446.6,0,0.0,0
2014-11-10,2015-01-29,OPTSTK,HDFC,700.0,CE,0.0,0.0,0.0,379.9,427.0,0,0.0,0
2014-11-10,2015-01-29,OPTSTK,HDFC,720.0,CE,0.0,0.0,0.0,360.4,407.4,0,0.0,0
2014-11-10,2015-01-29,OPTSTK,HDFC,740.0,CE,0.0,0.0,0.0,340.9,387.85,0,0.0,0
2014-11-10,2015-01-29,OPTSTK,HDFC,760.0,CE,0.0,0.0,0.0,321.5,368.3,0,0.0,0
2014-11-10,2015-01-29,OPTSTK,HDFC,780.0,CE,0.0,0.0,0.0,302.2,348.8,0,0.0,0
2014-11-10,2015-01-29,OPTSTK,HDFC,800.0,CE,0.0,0.0,0.0,283.05,329.4,0,0.0,0
2014-11-10,2015-01-29,OPTSTK,HDFC,820.0,CE,0.0,0.0,0.0,264.05,310.05,0,0.0,0
2014-11-10,2015-01-29,OPTSTK,HDFC,840.0,CE,0.0,0.0,0.0,245.35,290.9,0,0.0,0
2014-11-10,2015-01-29,OPTSTK,HDFC,860.0,CE,0.0,0.0,0.0,226.9,271.95,0,0.0,0
2014-11-10,2015-01-29,OPTSTK,HDFC,880.0,CE,0.0,0.0,0.0,208.9,253.25,0,0.0,0
2014-11-10,2015-01-29,OPTSTK,HDFC,900.0,CE,0.0,0.0,0.0,191.4,234.85,0,0.0,0
2014-11-10,2015-01-29,OPTSTK,HDFC,920.0,CE,0.0,0.0,0.0,174.45,216.85,0,0.0,0
2014-11-10,2015-01-29,OPTSTK,HDFC,940.0,CE,0.0,0.0,0.0,158.15,199.35,0,0.0,0
2014-11-10,2015-01-29,OPTSTK,HDFC,960.0,CE,0.0,0.0,0.0,142.6,182.4,0,0.0,0
2014-11-10,2015-01-29,OPTSTK,HDFC,980.0,CE,0.0,0.0,0.0,127.85,166.05,0,0.0,0
2014-11-10,2015-01-29,OPTSTK,HDFC,1000.0,CE,0.0,0.0,0.0,113.9,150.45,0,0.0,0
2014-11-10,2015-01-29,OPTSTK,HDFC,1020.0,CE,0.0,0.0,0.0,100.95,135.6,0,0.0,0
2014-11-10,2015-01-29,OPTSTK,HDFC,1040.0,CE,0.0,0.0,0.0,88.95,121.5,0,0.0,0
2014-11-10,2015-01-29,OPTSTK,HDFC,1060.0,CE,0.0,0.0,0.0,77.9,108.4,0,0.0,0
2014-11-10,2015-01-29,OPTSTK,HDFC,1080.0,CE,0.0,0.0,0.0,67.85,96.15,0,0.0,0
2014-11-10,2015-01-29,OPTSTK,HDFC,1100.0,CE,0.0,0.0,0.0,58.7,84.8,0,0.0,0
2014-11-10,2015-01-29,OPTSTK,HDFC,1120.0,CE,0.0,0.0,0.0,50.55,74.45,0,0.0,0
2014-11-10,2015-01-29,OPTSTK,HDFC,1140.0,CE,0.0,0.0,0.0,43.25,65.0,0,0.0,0
2014-11-10,2015-01-29,OPTSTK,HDFC,1160.0,CE,0.0,0.0,0.0,36.8,56.45,0,0.0,0
2014-11-10,2015-01-29,OPTSTK,HDFC,1180.0,CE,0.0,0.0,0.0,31.15,48.75,0,0.0,0
2014-11-10,2015-01-29,OPTSTK,HDFC,1200.0,CE,0.0,0.0,0.0,26.25,41.9,0,0.0,0
2014-11-10,2015-01-29,OPTSTK,HDFC,1220.0,CE,0.0,0.0,0.0,22.0,35.8,0,0.0,0
2014-11-10,2015-01-29,OPTSTK,HDFC,1240.0,CE,0.0,0.0,0.0,18.3,30.45,0,0.0,0
2014-11-10,2015-01-29,OPTSTK,HDFC,1260.0,CE,0.0,0.0,0.0,15.2,25.85,0,0.0,0
2014-11-10,2015-01-29,OPTSTK,HDFC,1280.0,CE,0.0,0.0,0.0,12.55,21.75,0,0.0,0
2014-11-10,2015-01-29,OPTSTK,HDFC,1300.0,CE,0.0,0.0,0.0,10.3,18.25,0,0.0,0
2014-11-10,2015-01-29,OPTSTK,HDFC,1320.0,CE,0.0,0.0,0.0,8.4,15.25,0,0.0,0
2014-11-10,2015-01-29,OPTSTK,HDFC,1340.0,CE,0.0,0.0,0.0,6.85,12.7,0,0.0,0
2014-11-10,2015-01-29,OPTSTK,HDFC,680.0,PE,0.0,0.0,0.0,0.05,0.05,0,0.0,0
2014-11-10,2015-01-29,OPTSTK,HDFC,700.0,PE,0.0,0.0,0.0,0.1,0.05,0,0.0,0
2014-11-10,2015-01-29,OPTSTK,HDFC,720.0,PE,0.0,0.0,0.0,0.15,0.05,0,0.0,0
2014-11-10,2015-01-29,OPTSTK,HDFC,740.0,PE,0.0,0.0,0.0,0.25,0.1,0,0.0,0
2014-11-10,2015-01-29,OPTSTK,HDFC,760.0,PE,0.0,0.0,0.0,0.4,0.2,0,0.0,0
2014-11-10,2015-01-29,OPTSTK,HDFC,780.0,PE,0.0,0.0,0.0,0.65,0.3,0,0.0,0
2014-11-10,2015-01-29,OPTSTK,HDFC,800.0,PE,0.0,0.0,0.0,1.05,0.5,0,0.0,0
2014-11-10,2015-01-29,OPTSTK,HDFC,820.0,PE,0.0,0.0,0.0,1.65,0.85,0,0.0,0
2014-11-10,2015-01-29,OPTSTK,HDFC,840.0,PE,0.0,0.0,0.0,2.5,1.3,0,0.0,0
2014-11-10,2015-01-29,OPTSTK,HDFC,860.0,PE,0.0,0.0,0.0,3.65,1.95,0,0.0,0
2014-11-10,2015-01-29,OPTSTK,HDFC,880.0,PE,0.0,0.0,0.0,5.2,2.85,0,0.0,0
2014-11-10,2015-01-29,OPTSTK,HDFC,900.0,PE,0.0,0.0,0.0,7.25,4.1,0,0.0,0
2014-11-10,2015-01-29,OPTSTK,HDFC,920.0,PE,0.0,0.0,0.0,9.9,5.7,0,0.0,0
2014-11-10,2015-01-29,OPTSTK,HDFC,940.0,PE,0.0,0.0,0.0,13.15,7.85,0,0.0,0
2014-11-10,2015-01-29,OPTSTK,HDFC,960.0,PE,0.0,0.0,0.0,17.15,10.5,0,0.0,0
2014-11-10,2015-01-29,OPTSTK,HDFC,980.0,PE,0.0,0.0,0.0,22.0,13.8,0,0.0,0
2014-11-10,2015-01-29,OPTSTK,HDFC,1000.0,PE,0.0,0.0,0.0,27.65,17.8,0,0.0,0
2014-11-10,2015-01-29,OPTSTK,HDFC,1020.0,PE,0.0,0.0,0.0,34.25,22.6,0,0.0,0
2014-11-10,2015-01-29,OPTSTK,HDFC,1040.0,PE,0.0,0.0,0.0,41.8,28.1,0,0.0,0
2014-11-10,2015-01-29,OPTSTK,HDFC,1060.0,PE,0.0,0.0,0.0,50.35,34.6,0,0.0,0
2014-11-10,2015-01-29,OPTSTK,HDFC,1080.0,PE,0.0,0.0,0.0,59.8,41.95,0,0.0,0
2014-11-10,2015-01-29,OPTSTK,HDFC,1100.0,PE,0.0,0.0,0.0,70.3,50.3,0,0.0,0
2014-11-10,2015-01-29,OPTSTK,HDFC,1120.0,PE,0.0,0.0,0.0,81.65,59.5,0,0.0,0
2014-11-10,2015-01-29,OPTSTK,HDFC,1140.0,PE,0.0,0.0,0.0,93.95,69.7,0,0.0,0
2014-11-10,2015-01-29,OPTSTK,HDFC,1160.0,PE,0.0,0.0,0.0,107.05,80.75,0,0.0,0
2014-11-10,2015-01-29,OPTSTK,HDFC,1180.0,PE,0.0,0.0,0.0,121.0,92.7,0,0.0,0
2014-11-10,2015-01-29,OPTSTK,HDFC,1200.0,PE,0.0,0.0,0.0,135.7,105.45,0,0.0,0
2014-11-10,2015-01-29,OPTSTK,HDFC,1220.0,PE,0.0,0.0,0.0,150.95,119.0,0,0.0,0
2014-11-10,2015-01-29,OPTSTK,HDFC,1240.0,PE,0.0,0.0,0.0,166.85,133.25,0,0.0,0
2014-11-10,2015-01-29,OPTSTK,HDFC,1260.0,PE,0.0,0.0,0.0,183.3,148.3,0,0.0,0
2014-11-10,2015-01-29,OPTSTK,HDFC,1280.0,PE,0.0,0.0,0.0,200.2,163.8,0,0.0,0
2014-11-10,2015-01-29,OPTSTK,HDFC,1300.0,PE,0.0,0.0,0.0,217.55,179.9,0,0.0,0
2014-11-10,2015-01-29,OPTSTK,HDFC,1320.0,PE,0.0,0.0,0.0,235.25,196.55,0,0.0,0
2014-11-10,2015-01-29,OPTSTK,HDFC,1340.0,PE,0.0,0.0,0.0,253.25,213.6,0,0.0,0
2014-11-10,2014-11-27,OPTSTK,HDFCBANK,620.0,CE,0.0,0.0,0.0,236.75,287.1,0,0.0,0
2014-11-10,2014-11-27,OPTSTK,HDFCBANK,640.0,CE,0.0,0.0,0.0,217.2,267.2,0,0.0,0
2014-11-10,2014-11-27,OPTSTK,HDFCBANK,660.0,CE,0.0,0.0,0.0,197.7,247.25,0,0.0,0
2014-11-10,2014-11-27,OPTSTK,HDFCBANK,680.0,CE,0.0,0.0,0.0,178.3,227.35,0,0.0,0
2014-11-10,2014-11-27,OPTSTK,HDFCBANK,690.0,CE,0.0,0.0,0.0,170.55,217.4,0,0.0,0
2014-11-10,2014-11-27,OPTSTK,HDFCBANK,700.0,CE,0.0,0.0,0.0,159.05,207.45,0,0.0,0
2014-11-10,2014-11-27,OPTSTK,HDFCBANK,710.0,CE,0.0,0.0,0.0,150.9,197.45,0,0.0,0
2014-11-10,2014-11-27,OPTSTK,HDFCBANK,720.0,CE,0.0,0.0,0.0,140.15,187.5,0,0.0,0
2014-11-10,2014-11-27,OPTSTK,HDFCBANK,730.0,CE,0.0,0.0,0.0,131.4,177.55,0,0.0,0
2014-11-10,2014-11-27,OPTSTK,HDFCBANK,740.0,CE,0.0,0.0,0.0,121.75,167.6,0,0.0,0
2014-11-10,2014-11-27,OPTSTK,HDFCBANK,750.0,CE,0.0,0.0,0.0,112.15,157.65,0,0.0,0
2014-11-10,2014-11-27,OPTSTK,HDFCBANK,760.0,CE,0.0,0.0,0.0,104.1,147.65,0,0.0,0
2014-11-10,2014-11-27,OPTSTK,HDFCBANK,770.0,CE,0.0,0.0,0.0,93.4,137.7,0,0.0,0
2014-11-10,2014-11-27,OPTSTK,HDFCBANK,780.0,CE,0.0,0.0,0.0,87.4,127.75,0,0.0,0
2014-11-10,2014-11-27,OPTSTK,HDFCBANK,790.0,CE,0.0,0.0,0.0,75.55,117.8,0,0.0,0
2014-11-10,2014-11-27,OPTSTK,HDFCBANK,800.0,CE,111.8,111.8,111.8,111.8,111.8,1,2.27,250
2014-11-10,2014-11-27,OPTSTK,HDFCBANK,810.0,CE,0.0,0.0,0.0,59.05,97.95,0,0.0,0
2014-11-10,2014-11-27,OPTSTK,HDFCBANK,820.0,CE,0.0,0.0,0.0,85.6,88.05,0,0.0,2000
2014-11-10,2014-11-27,OPTSTK,HDFCBANK,830.0,CE,0.0,0.0,0.0,44.45,78.25,0,0.0,0
2014-11-10,2014-11-27,OPTSTK,HDFCBANK,840.0,CE,0.0,0.0,0.0,66.45,68.65,0,0.0,1500
2014-11-10,2014-11-27,OPTSTK,HDFCBANK,850.0,CE,0.0,0.0,0.0,56.8,59.25,0,0.0,1000
2014-11-10,2014-11-27,OPTSTK,HDFCBANK,860.0,CE,0.0,0.0,0.0,48.0,50.2,0,0.0,8500
2014-11-10,2014-11-27,OPTSTK,HDFCBANK,870.0,CE,0.0,0.0,0.0,42.0,41.7,0,0.0,2000
2014-11-10,2014-11-27,OPTSTK,HDFCBANK,880.0,CE,32.0,39.2,27.95,36.8,36.8,185,421.99,67500
2014-11-10,2014-11-27,OPTSTK,HDFCBANK,890.0,CE,25.0,27.0,25.0,27.0,27.0,2,4.58,18250
2014-11-10,2014-11-27,OPTSTK,HDFCBANK,900.0,CE,18.3,23.5,14.0,22.3,22.3,927,2130.76,481250
2014-11-10,2014-11-27,OPTSTK,HDFCBANK,910.0,CE,13.0,17.3,9.6,15.5,15.5,485,1118.15,426250
2014-11-10,2014-11-27,OPTSTK,HDFCBANK,920.0,CE,8.1,12.3,6.3,10.85,10.85,374,868.73,290500
2014-11-10,2014-11-27,OPTSTK,HDFCBANK,930.0,CE,6.25,8.0,4.1,7.65,7.65,147,344.05,139500
2014-11-10,2014-11-27,OPTSTK,HDFCBANK,940.0,CE,4.0,5.5,2.75,4.95,4.95,331,781.26,307750
2014-11-10,2014-11-27,OPTSTK,HDFCBANK,950.0,CE,2.75,3.6,1.7,3.15,3.15,131,312.03,58750
2014-11-10,2014-11-27,OPTSTK,HDFCBANK,960.0,CE,1.4,2.2,0.8,1.9,1.9,175,420.71,196000
2014-11-10,2014-11-27,OPTSTK,HDFCBANK,970.0,CE,0.9,0.9,0.9,0.9,0.9,2,4.85,35500
2014-11-10,2014-11-27,OPTSTK,HDFCBANK,980.0,CE,0.65,0.9,0.4,0.4,0.4,3,7.35,6000
2014-11-10,2014-11-27,OPTSTK,HDFCBANK,990.0,CE,0.0,0.0,0.0,1.65,0.45,0,0.0,250
2014-11-10,2014-11-27,OPTSTK,HDFCBANK,1000.0,CE,0.6,0.6,0.5,0.5,0.5,6,15.0,12750
2014-11-10,2014-11-27,OPTSTK,HDFCBANK,1010.0,CE,0.0,0.0,0.0,0.45,0.15,0,0.0,0
2014-11-10,2014-11-27,OPTSTK,HDFCBANK,1020.0,CE,0.0,0.0,0.0,2.0,0.1,0,0.0,0
2014-11-10,2014-11-27,OPTSTK,HDFCBANK,1030.0,CE,0.0,0.0,0.0,0.2,0.05,0,0.0,0
2014-11-10,2014-11-27,OPTSTK,HDFCBANK,1040.0,CE,0.0,0.0,0.0,1.3,0.05,0,0.0,0
2014-11-10,2014-11-27,OPTSTK,HDFCBANK,620.0,PE,0.0,0.0,0.0,0.05,0.0,0,0.0,0
2014-11-10,2014-11-27,OPTSTK,HDFCBANK,640.0,PE,0.0,0.0,0.0,0.05,0.0,0,0.0,0
2014-11-10,2014-11-27,OPTSTK,HDFCBANK,660.0,PE,0.0,0.0,0.0,0.15,0.0,0,0.0,0
2014-11-10,2014-11-27,OPTSTK,HDFCBANK,680.0,PE,0.0,0.0,0.0,0.3,0.0,0,0.0,0
2014-11-10,2014-11-27,OPTSTK,HDFCBANK,690.0,PE,0.0,0.0,0.0,0.05,0.0,0,0.0,0
2014-11-10,2014-11-27,OPTSTK,HDFCBANK,700.0,PE,0.0,0.0,0.0,0.65,0.0,0,0.0,0
2014-11-10,2014-11-27,OPTSTK,HDFCBANK,710.0,PE,0.0,0.0,0.0,0.1,0.0,0,0.0,0
2014-11-10,2014-11-27,OPTSTK,HDFCBANK,720.0,PE,0.0,0.0,0.0,1.3,0.0,0,0.0,0
2014-11-10,2014-11-27,OPTSTK,HDFCBANK,730.0,PE,0.0,0.0,0.0,0.25,0.0,0,0.0,0
2014-11-10,2014-11-27,OPTSTK,HDFCBANK,740.0,PE,0.0,0.0,0.0,2.45,0.0,0,0.0,0
2014-11-10,2014-11-27,OPTSTK,HDFCBANK,750.0,PE,0.0,0.0,0.0,0.7,0.0,0,0.0,0
2014-11-10,2014-11-27,OPTSTK,HDFCBANK,760.0,PE,0.0,0.0,0.0,4.4,0.0,0,0.0,0
2014-11-10,2014-11-27,OPTSTK,HDFCBANK,770.0,PE,0.0,0.0,0.0,1.65,0.0,0,0.0,0
2014-11-10,2014-11-27,OPTSTK,HDFCBANK,780.0,PE,0.0,0.0,0.0,7.3,0.0,0,0.0,0
2014-11-10,2014-11-27,OPTSTK,HDFCBANK,790.0,PE,0.0,0.0,0.0,3.5,0.05,0,0.0,0
2014-11-10,2014-11-27,OPTSTK,HDFCBANK,800.0,PE,0.0,0.0,0.0,11.45,0.05,0,0.0,0
2014-11-10,2014-11-27,OPTSTK,HDFCBANK,810.0,PE,0.0,0.0,0.0,6.7,0.1,0,0.0,0
2014-11-10,2014-11-27,OPTSTK,HDFCBANK,820.0,PE,0.05,1.0,0.05,0.35,0.35,4,8.2,1500
2014-11-10,2014-11-27,OPTSTK,HDFCBANK,830.0,PE,0.0,0.0,0.0,11.8,0.35,0,0.0,0
2014-11-10,2014-11-27,OPTSTK,HDFCBANK,840.0,PE,1.1,1.1,1.1,1.1,1.1,2,4.2,3500
2014-11-10,2014-11-27,OPTSTK,HDFCBANK,850.0,PE,1.7,1.7,1.7,1.7,1.7,1,2.12,19500
2014-11-10,2014-11-27,OPTSTK,HDFCBANK,860.0,PE,2.7,2.95,1.4,1.6,1.6,521,1123.24,137250
2014-11-10,2014-11-27,OPTSTK,HDFCBANK,870.0,PE,3.9,4.35,2.9,3.05,3.05,54,117.97,45500
2014-11-10,2014-11-27,OPTSTK,HDFCBANK,880.0,PE,6.0,6.85,3.75,4.25,4.25,825,1826.48,157000
2014-11-10,2014-11-27,OPTSTK,HDFCBANK,890.0,PE,7.75,9.95,5.85,6.05,6.05,156,350.2,40750
2014-11-10,2014-11-27,OPTSTK,HDFCBANK,900.0,PE,12.4,13.95,8.1,9.0,9.0,778,1772.34,223750
2014-11-10,2014-11-27,OPTSTK,HDFCBANK,910.0,PE,15.3,19.35,12.2,13.25,13.25,142,328.5,51000
2014-11-10,2014-11-27,OPTSTK,HDFCBANK,920.0,PE,23.15,24.2,19.05,19.05,19.05,7,16.48,50000
2014-11-10,2014-11-27,OPTSTK,HDFCBANK,930.0,PE,30.35,31.45,30.35,31.45,31.45,8,19.22,5750
2014-11-10,2014-11-27,OPTSTK,HDFCBANK,940.0,PE,0.0,0.0,0.0,35.3,36.95,0,0.0,2500
2014-11-10,2014-11-27,OPTSTK,HDFCBANK,950.0,PE,0.0,0.0,0.0,45.0,45.1,0,0.0,4000
2014-11-10,2014-11-27,OPTSTK,HDFCBANK,960.0,PE,0.0,0.0,0.0,103.0,53.75,0,0.0,0
2014-11-10,2014-11-27,OPTSTK,HDFCBANK,970.0,PE,0.0,0.0,0.0,106.9,62.9,0,0.0,0
2014-11-10,2014-11-27,OPTSTK,HDFCBANK,980.0,PE,68.45,68.45,68.45,68.45,68.45,1,2.62,250
2014-11-10,2014-11-27,OPTSTK,HDFCBANK,990.0,PE,0.0,0.0,0.0,125.8,81.9,0,0.0,0
2014-11-10,2014-11-27,OPTSTK,HDFCBANK,1000.0,PE,0.0,0.0,0.0,94.6,91.65,0,0.0,1000
2014-11-10,2014-11-27,OPTSTK,HDFCBANK,1010.0,PE,0.0,0.0,0.0,145.05,101.5,0,0.0,0
2014-11-10,2014-11-27,OPTSTK,HDFCBANK,1020.0,PE,0.0,0.0,0.0,156.8,111.4,0,0.0,0
2014-11-10,2014-11-27,OPTSTK,HDFCBANK,1030.0,PE,0.0,0.0,0.0,164.5,121.35,0,0.0,0
2014-11-10,2014-11-27,OPTSTK,HDFCBANK,1040.0,PE,0.0,0.0,0.0,175.65,131.3,0,0.0,0
2014-11-10,2014-12-24,OPTSTK,HDFCBANK,650.0,CE,0.0,0.0,0.0,214.15,261.45,0,0.0,0
2014-11-10,2014-12-24,OPTSTK,HDFCBANK,660.0,CE,0.0,0.0,0.0,204.4,251.6,0,0.0,0
2014-11-10,2014-12-24,OPTSTK,HDFCBANK,670.0,CE,0.0,0.0,0.0,194.6,241.7,0,0.0,0
2014-11-10,2014-12-24,OPTSTK,HDFCBANK,680.0,CE,0.0,0.0,0.0,184.85,231.8,0,0.0,0
2014-11-10,2014-12-24,OPTSTK,HDFCBANK,690.0,CE,0.0,0.0,0.0,175.1,221.9,0,0.0,0
2014-11-10,2014-12-24,OPTSTK,HDFCBANK,700.0,CE,0.0,0.0,0.0,165.4,212.0,0,0.0,0
2014-11-10,2014-12-24,OPTSTK,HDFCBANK,710.0,CE,0.0,0.0,0.0,155.7,202.1,0,0.0,0
2014-11-10,2014-12-24,OPTSTK,HDFCBANK,720.0,CE,0.0,0.0,0.0,146.1,192.2,0,0.0,0
2014-11-10,2014-12-24,OPTSTK,HDFCBANK,730.0,CE,0.0,0.0,0.0,136.55,182.35,0,0.0,0
2014-11-10,2014-12-24,OPTSTK,HDFCBANK,740.0,CE,0.0,0.0,0.0,127.1,172.45,0,0.0,0
2014-11-10,2014-12-24,OPTSTK,HDFCBANK,750.0,CE,0.0,0.0,0.0,117.75,162.6,0,0.0,0
2014-11-10,2014-12-24,OPTSTK,HDFCBANK,760.0,CE,0.0,0.0,0.0,108.6,152.75,0,0.0,0
2014-11-10,2014-12-24,OPTSTK,HDFCBANK,770.0,CE,0.0,0.0,0.0,99.6,142.9,0,0.0,0
2014-11-10,2014-12-24,OPTSTK,HDFCBANK,780.0,CE,0.0,0.0,0.0,90.9,133.15,0,0.0,0
2014-11-10,2014-12-24,OPTSTK,HDFCBANK,790.0,CE,0.0,0.0,0.0,82.45,123.45,0,0.0,0
2014-11-10,2014-12-24,OPTSTK,HDFCBANK,800.0,CE,0.0,0.0,0.0,74.35,113.8,0,0.0,0
2014-11-10,2014-12-24,OPTSTK,HDFCBANK,810.0,CE,0.0,0.0,0.0,66.6,104.35,0,0.0,0
2014-11-10,2014-12-24,OPTSTK,HDFCBANK,820.0,CE,0.0,0.0,0.0,59.25,95.05,0,0.0,0
2014-11-10,2014-12-24,OPTSTK,HDFCBANK,830.0,CE,0.0,0.0,0.0,52.35,86.0,0,0.0,0
2014-11-10,2014-12-24,OPTSTK,HDFCBANK,840.0,CE,0.0,0.0,0.0,45.9,77.2,0,0.0,0
2014-11-10,2014-12-24,OPTSTK,HDFCBANK,850.0,CE,0.0,0.0,0.0,40.0,68.75,0,0.0,0
2014-11-10,2014-12-24,OPTSTK,HDFCBANK,860.0,CE,0.0,0.0,0.0,34.55,60.7,0,0.0,0
2014-11-10,2014-12-24,OPTSTK,HDFCBANK,870.0,CE,0.0,0.0,0.0,29.65,53.15,0,0.0,0
2014-11-10,2014-12-24,OPTSTK,HDFCBANK,880.0,CE,0.0,0.0,0.0,25.25,46.0,0,0.0,0
2014-11-10,2014-12-24,OPTSTK,HDFCBANK,890.0,CE,0.0,0.0,0.0,21.3,39.45,0,0.0,0
2014-11-10,2014-12-24,OPTSTK,HDFCBANK,900.0,CE,0.0,0.0,0.0,32.3,33.5,0,0.0,500
2014-11-10,2014-12-24,OPTSTK,HDFCBANK,910.0,CE,0.0,0.0,0.0,14.85,28.15,0,0.0,0
2014-11-10,2014-12-24,OPTSTK,HDFCBANK,920.0,CE,0.0,0.0,0.0,12.3,23.4,0,0.0,0
2014-11-10,2014-12-24,OPTSTK,HDFCBANK,930.0,CE,0.0,0.0,0.0,10.05,19.25,0,0.0,0
2014-11-10,2014-12-24,OPTSTK,HDFCBANK,940.0,CE,0.0,0.0,0.0,8.15,15.6,0,0.0,0
2014-11-10,2014-12-24,OPTSTK,HDFCBANK,950.0,CE,0.0,0.0,0.0,6.55,12.55,0,0.0,0
2014-11-10,2014-12-24,OPTSTK,HDFCBANK,960.0,CE,0.0,0.0,0.0,5.25,10.0,0,0.0,0
2014-11-10,2014-12-24,OPTSTK,HDFCBANK,970.0,CE,0.0,0.0,0.0,4.2,7.85,0,0.0,0
2014-11-10,2014-12-24,OPTSTK,HDFCBANK,980.0,CE,0.0,0.0,0.0,3.3,6.1,0,0.0,0
2014-11-10,2014-12-24,OPTSTK,HDFCBANK,990.0,CE,0.0,0.0,0.0,2.6,4.65,0,0.0,0
2014-11-10,2014-12-24,OPTSTK,HDFCBANK,1000.0,CE,0.0,0.0,0.0,2.0,3.55,0,0.0,0
2014-11-10,2014-12-24,OPTSTK,HDFCBANK,1010.0,CE,0.0,0.0,0.0,1.55,2.65,0,0.0,0
2014-11-10,2014-12-24,OPTSTK,HDFCBANK,1020.0,CE,0.0,0.0,0.0,1.2,2.0,0,0.0,0
2014-11-10,2014-12-24,OPTSTK,HDFCBANK,1030.0,CE,0.0,0.0,0.0,0.9,1.45,0,0.0,0
2014-11-10,2014-12-24,OPTSTK,HDFCBANK,1040.0,CE,0.0,0.0,0.0,0.7,1.05,0,0.0,0
2014-11-10,2014-12-24,OPTSTK,HDFCBANK,650.0,PE,0.0,0.0,0.0,0.05,0.0,0,0.0,0
2014-11-10,2014-12-24,OPTSTK,HDFCBANK,660.0,PE,0.0,0.0,0.0,0.05,0.0,0,0.0,0
2014-11-10,2014-12-24,OPTSTK,HDFCBANK,670.0,PE,0.0,0.0,0.0,0.05,0.0,0,0.0,0
2014-11-10,2014-12-24,OPTSTK,HDFCBANK,680.0,PE,0.0,0.0,0.0,0.1,0.0,0,0.0,0
2014-11-10,2014-12-24,OPTSTK,HDFCBANK,690.0,PE,0.0,0.0,0.0,0.1,0.0,0,0.0,0
2014-11-10,2014-12-24,OPTSTK,HDFCBANK,700.0,PE,0.0,0.0,0.0,0.2,0.0,0,0.0,0
2014-11-10,2014-12-24,OPTSTK,HDFCBANK,710.0,PE,0.0,0.0,0.0,0.3,0.0,0,0.0,0
2014-11-10,2014-12-24,OPTSTK,HDFCBANK,720.0,PE,0.0,0.0,0.0,0.45,0.05,0,0.0,0
2014-11-10,2014-12-24,OPTSTK,HDFCBANK,730.0,PE,0.0,0.0,0.0,0.7,0.05,0,0.0,0
2014-11-10,2014-12-24,OPTSTK,HDFCBANK,740.0,PE,0.0,0.0,0.0,1.0,0.05,0,0.0,0
2014-11-10,2014-12-24,OPTSTK,HDFCBANK,750.0,PE,0.0,0.0,0.0,1.45,0.05,0,0.0,0
2014-11-10,2014-12-24,OPTSTK,HDFCBANK,760.0,PE,0.0,0.0,0.0,2.05,0.1,0,0.0,0
2014-11-10,2014-12-24,OPTSTK,HDFCBANK,770.0,PE,0.0,0.0,0.0,2.9,0.2,0,0.0,0
2014-11-10,2014-12-24,OPTSTK,HDFCBANK,780.0,PE,0.0,0.0,0.0,3.95,0.3,0,0.0,0
2014-11-10,2014-12-24,OPTSTK,HDFCBANK,790.0,PE,0.0,0.0,0.0,5.3,0.5,0,0.0,0
2014-11-10,2014-12-24,OPTSTK,HDFCBANK,800.0,PE,0.0,0.0,0.0,6.95,0.8,0,0.0,0
2014-11-10,2014-12-24,OPTSTK,HDFCBANK,810.0,PE,0.0,0.0,0.0,8.95,1.2,0,0.0,0
2014-11-10,2014-12-24,OPTSTK,HDFCBANK,820.0,PE,0.0,0.0,0.0,11.45,1.8,0,0.0,0
2014-11-10,2014-12-24,OPTSTK,HDFCBANK,830.0,PE,0.0,0.0,0.0,14.3,2.65,0,0.0,0
2014-11-10,2014-12-24,OPTSTK,HDFCBANK,840.0,PE,0.0,0.0,0.0,17.65,3.75,0,0.0,0
2014-11-10,2014-12-24,OPTSTK,HDFCBANK,850.0,PE,0.0,0.0,0.0,21.5,5.2,0,0.0,0
2014-11-10,2014-12-24,OPTSTK,HDFCBANK,860.0,PE,0.0,0.0,0.0,25.85,7.05,0,0.0,0
2014-11-10,2014-12-24,OPTSTK,HDFCBANK,870.0,PE,0.0,0.0,0.0,30.75,9.4,0,0.0,0
2014-11-10,2014-12-24,OPTSTK,HDFCBANK,880.0,PE,10.15,10.15,10.1,10.15,10.15,5,11.12,1250
2014-11-10,2014-12-24,OPTSTK,HDFCBANK,890.0,PE,0.0,0.0,0.0,41.95,15.5,0,0.0,0
2014-11-10,2014-12-24,OPTSTK,HDFCBANK,900.0,PE,0.0,0.0,0.0,48.3,19.45,0,0.0,0
2014-11-10,2014-12-24,OPTSTK,HDFCBANK,910.0,PE,0.0,0.0,0.0,55.05,24.0,0,0.0,0
2014-11-10,2014-12-24,OPTSTK,HDFCBANK,920.0,PE,0.0,0.0,0.0,62.3,29.1,0,0.0,0
2014-11-10,2014-12-24,OPTSTK,HDFCBANK,930.0,PE,0.0,0.0,0.0,17.45,34.85,0,0.0,250
2014-11-10,2014-12-24,OPTSTK,HDFCBANK,940.0,PE,0.0,0.0,0.0,77.7,41.15,0,0.0,0
2014-11-10,2014-12-24,OPTSTK,HDFCBANK,950.0,PE,0.0,0.0,0.0,85.9,47.95,0,0.0,0
2014-11-10,2014-12-24,OPTSTK,HDFCBANK,960.0,PE,0.0,0.0,0.0,94.4,55.3,0,0.0,0
2014-11-10,2014-12-24,OPTSTK,HDFCBANK,970.0,PE,0.0,0.0,0.0,103.1,63.05,0,0.0,0
2014-11-10,2014-12-24,OPTSTK,HDFCBANK,980.0,PE,0.0,0.0,0.0,111.95,71.2,0,0.0,0
2014-11-10,2014-12-24,OPTSTK,HDFCBANK,990.0,PE,0.0,0.0,0.0,121.05,79.65,0,0.0,0
2014-11-10,2014-12-24,OPTSTK,HDFCBANK,1000.0,PE,0.0,0.0,0.0,130.25,88.45,0,0.0,0
2014-11-10,2014-12-24,OPTSTK,HDFCBANK,1010.0,PE,0.0,0.0,0.0,139.55,97.45,0,0.0,0
2014-11-10,2014-12-24,OPTSTK,HDFCBANK,1020.0,PE,0.0,0.0,0.0,149.0,106.65,0,0.0,0
2014-11-10,2014-12-24,OPTSTK,HDFCBANK,1030.0,PE,0.0,0.0,0.0,158.5,116.0,0,0.0,0
2014-11-10,2014-12-24,OPTSTK,HDFCBANK,1040.0,PE,0.0,0.0,0.0,168.05,125.5,0,0.0,0
2014-11-10,2015-01-29,OPTSTK,HDFCBANK,700.0,CE,0.0,0.0,0.0,211.9,218.0,0,0.0,0
2014-11-10,2015-01-29,OPTSTK,HDFCBANK,710.0,CE,0.0,0.0,0.0,202.2,208.2,0,0.0,0
2014-11-10,2015-01-29,OPTSTK,HDFCBANK,720.0,CE,0.0,0.0,0.0,192.55,198.45,0,0.0,0
2014-11-10,2015-01-29,OPTSTK,HDFCBANK,730.0,CE,0.0,0.0,0.0,182.9,188.7,0,0.0,0
2014-11-10,2015-01-29,OPTSTK,HDFCBANK,740.0,CE,0.0,0.0,0.0,173.35,179.0,0,0.0,0
2014-11-10,2015-01-29,OPTSTK,HDFCBANK,750.0,CE,0.0,0.0,0.0,163.85,169.35,0,0.0,0
2014-11-10,2015-01-29,OPTSTK,HDFCBANK,760.0,CE,0.0,0.0,0.0,154.45,159.8,0,0.0,0
2014-11-10,2015-01-29,OPTSTK,HDFCBANK,770.0,CE,0.0,0.0,0.0,145.15,150.3,0,0.0,0
2014-11-10,2015-01-29,OPTSTK,HDFCBANK,780.0,CE,0.0,0.0,0.0,135.95,140.85,0,0.0,0
2014-11-10,2015-01-29,OPTSTK,HDFCBANK,790.0,CE,0.0,0.0,0.0,126.95,131.6,0,0.0,0
2014-11-10,2015-01-29,OPTSTK,HDFCBANK,800.0,CE,0.0,0.0,0.0,118.15,122.5,0,0.0,0
2014-11-10,2015-01-29,OPTSTK,HDFCBANK,810.0,CE,0.0,0.0,0.0,109.55,113.55,0,0.0,0
2014-11-10,2015-01-29,OPTSTK,HDFCBANK,820.0,CE,0.0,0.0,0.0,101.2,104.85,0,0.0,0
2014-11-10,2015-01-29,OPTSTK,HDFCBANK,830.0,CE,0.0,0.0,0.0,93.15,96.35,0,0.0,0
2014-11-10,2015-01-29,OPTSTK,HDFCBANK,840.0,CE,0.0,0.0,0.0,85.35,88.2,0,0.0,0
2014-11-10,2015-01-29,OPTSTK,HDFCBANK,850.0,CE,0.0,0.0,0.0,77.95,80.3,0,0.0,0
2014-11-10,2015-01-29,OPTSTK,HDFCBANK,860.0,CE,0.0,0.0,0.0,70.8,72.8,0,0.0,0
2014-11-10,2015-01-29,OPTSTK,HDFCBANK,870.0,CE,0.0,0.0,0.0,64.05,65.65,0,0.0,0
2014-11-10,2015-01-29,OPTSTK,HDFCBANK,880.0,CE,0.0,0.0,0.0,57.7,58.9,0,0.0,0
2014-11-10,2015-01-29,OPTSTK,HDFCBANK,890.0,CE,0.0,0.0,0.0,51.75,52.55,0,0.0,0
2014-11-10,2015-01-29,OPTSTK,HDFCBANK,900.0,CE,0.0,0.0,0.0,46.2,46.65,0,0.0,0
2014-11-10,2015-01-29,OPTSTK,HDFCBANK,910.0,CE,0.0,0.0,0.0,41.05,41.2,0,0.0,0
2014-11-10,2015-01-29,OPTSTK,HDFCBANK,920.0,CE,0.0,0.0,0.0,36.3,36.15,0,0.0,0
2014-11-10,2015-01-29,OPTSTK,HDFCBANK,930.0,CE,0.0,0.0,0.0,31.95,31.55,0,0.0,0
2014-11-10,2015-01-29,OPTSTK,HDFCBANK,940.0,CE,0.0,0.0,0.0,28.0,27.4,0,0.0,0
2014-11-10,2015-01-29,OPTSTK,HDFCBANK,950.0,CE,0.0,0.0,0.0,24.4,23.65,0,0.0,0
2014-11-10,2015-01-29,OPTSTK,HDFCBANK,960.0,CE,0.0,0.0,0.0,21.2,20.3,0,0.0,0
2014-11-10,2015-01-29,OPTSTK,HDFCBANK,970.0,CE,0.0,0.0,0.0,18.3,17.35,0,0.0,0
2014-11-10,2015-01-29,OPTSTK,HDFCBANK,980.0,CE,0.0,0.0,0.0,15.8,14.75,0,0.0,0
2014-11-10,2015-01-29,OPTSTK,HDFCBANK,990.0,CE,0.0,0.0,0.0,13.5,12.45,0,0.0,0
2014-11-10,2015-01-29,OPTSTK,HDFCBANK,1000.0,CE,0.0,0.0,0.0,11.5,10.45,0,0.0,0
2014-11-10,2015-01-29,OPTSTK,HDFCBANK,1010.0,CE,0.0,0.0,0.0,9.75,8.7,0,0.0,0
2014-11-10,2015-01-29,OPTSTK,HDFCBANK,1020.0,CE,0.0,0.0,0.0,8.25,7.25,0,0.0,0
2014-11-10,2015-01-29,OPTSTK,HDFCBANK,1030.0,CE,0.0,0.0,0.0,6.95,6.0,0,0.0,0
2014-11-10,2015-01-29,OPTSTK,HDFCBANK,1040.0,CE,0.0,0.0,0.0,5.8,4.9,0,0.0,0
2014-11-10,2015-01-29,OPTSTK,HDFCBANK,700.0,PE,0.0,0.0,0.0,0.15,0.05,0,0.0,0
2014-11-10,2015-01-29,OPTSTK,HDFCBANK,710.0,PE,0.0,0.0,0.0,0.25,0.1,0,0.0,0
2014-11-10,2015-01-29,OPTSTK,HDFCBANK,720.0,PE,0.0,0.0,0.0,0.35,0.15,0,0.0,0
2014-11-10,2015-01-29,OPTSTK,HDFCBANK,730.0,PE,0.0,0.0,0.0,0.5,0.25,0,0.0,0
2014-11-10,2015-01-29,OPTSTK,HDFCBANK,740.0,PE,0.0,0.0,0.0,0.7,0.35,0,0.0,0
2014-11-10,2015-01-29,OPTSTK,HDFCBANK,750.0,PE,0.0,0.0,0.0,1.0,0.5,0,0.0,0
2014-11-10,2015-01-29,OPTSTK,HDFCBANK,760.0,PE,0.0,0.0,0.0,1.4,0.75,0,0.0,0
2014-11-10,2015-01-29,OPTSTK,HDFCBANK,770.0,PE,0.0,0.0,0.0,1.85,1.05,0,0.0,0
2014-11-10,2015-01-29,OPTSTK,HDFCBANK,780.0,PE,0.0,0.0,0.0,2.5,1.45,0,0.0,0
2014-11-10,2015-01-29,OPTSTK,HDFCBANK,790.0,PE,0.0,0.0,0.0,3.25,2.0,0,0.0,0
2014-11-10,2015-01-29,OPTSTK,HDFCBANK,800.0,PE,0.0,0.0,0.0,4.25,2.65,0,0.0,0
2014-11-10,2015-01-29,OPTSTK,HDFCBANK,810.0,PE,0.0,0.0,0.0,5.45,3.55,0,0.0,0
2014-11-10,2015-01-29,OPTSTK,HDFCBANK,820.0,PE,0.0,0.0,0.0,6.85,4.65,0,0.0,0
2014-11-10,2015-01-29,OPTSTK,HDFCBANK,830.0,PE,0.0,0.0,0.0,8.55,6.0,0,0.0,0
2014-11-10,2015-01-29,OPTSTK,HDFCBANK,840.0,PE,0.0,0.0,0.0,10.55,7.6,0,0.0,0
2014-11-10,2015-01-29,OPTSTK,HDFCBANK,850.0,PE,0.0,0.0,0.0,12.95,9.55,0,0.0,0
2014-11-10,2015-01-29,OPTSTK,HDFCBANK,860.0,PE,0.0,0.0,0.0,15.55,11.85,0,0.0,0
2014-11-10,2015-01-29,OPTSTK,HDFCBANK,870.0,PE,0.0,0.0,0.0,18.6,14.5,0,0.0,0
2014-11-10,2015-01-29,OPTSTK,HDFCBANK,880.0,PE,0.0,0.0,0.0,22.05,17.55,0,0.0,0
2014-11-10,2015-01-29,OPTSTK,HDFCBANK,890.0,PE,0.0,0.0,0.0,25.9,21.05,0,0.0,0
2014-11-10,2015-01-29,OPTSTK,HDFCBANK,900.0,PE,0.0,0.0,0.0,30.1,24.95,0,0.0,0
2014-11-10,2015-01-29,OPTSTK,HDFCBANK,910.0,PE,0.0,0.0,0.0,34.75,29.3,0,0.0,0
2014-11-10,2015-01-29,OPTSTK,HDFCBANK,920.0,PE,0.0,0.0,0.0,39.8,34.05,0,0.0,0
2014-11-10,2015-01-29,OPTSTK,HDFCBANK,930.0,PE,0.0,0.0,0.0,45.25,39.3,0,0.0,0
2014-11-10,2015-01-29,OPTSTK,HDFCBANK,940.0,PE,0.0,0.0,0.0,51.05,44.95,0,0.0,0
2014-11-10,2015-01-29,OPTSTK,HDFCBANK,950.0,PE,0.0,0.0,0.0,57.25,51.0,0,0.0,0
2014-11-10,2015-01-29,OPTSTK,HDFCBANK,960.0,PE,0.0,0.0,0.0,63.8,57.45,0,0.0,0
2014-11-10,2015-01-29,OPTSTK,HDFCBANK,970.0,PE,0.0,0.0,0.0,70.7,64.3,0,0.0,0
2014-11-10,2015-01-29,OPTSTK,HDFCBANK,980.0,PE,0.0,0.0,0.0,78.0,71.55,0,0.0,0
2014-11-10,2015-01-29,OPTSTK,HDFCBANK,990.0,PE,0.0,0.0,0.0,85.45,79.0,0,0.0,0
2014-11-10,2015-01-29,OPTSTK,HDFCBANK,1000.0,PE,0.0,0.0,0.0,93.25,86.85,0,0.0,0
2014-11-10,2015-01-29,OPTSTK,HDFCBANK,1010.0,PE,0.0,0.0,0.0,101.3,94.9,0,0.0,0
2014-11-10,2015-01-29,OPTSTK,HDFCBANK,1020.0,PE,0.0,0.0,0.0,109.6,103.25,0,0.0,0
2014-11-10,2015-01-29,OPTSTK,HDFCBANK,1030.0,PE,0.0,0.0,0.0,118.05,111.8,0,0.0,0
2014-11-10,2015-01-29,OPTSTK,HDFCBANK,1040.0,PE,0.0,0.0,0.0,126.7,120.55,0,0.0,0
2014-11-10,2014-11-27,OPTSTK,HDIL,50.0,CE,0.0,0.0,0.0,41.65,37.55,0,0.0,0
2014-11-10,2014-11-27,OPTSTK,HDIL,55.0,CE,0.0,0.0,0.0,36.95,32.6,0,0.0,0
2014-11-10,2014-11-27,OPTSTK,HDIL,60.0,CE,0.0,0.0,0.0,27.7,27.6,0,0.0,4000
2014-11-10,2014-11-27,OPTSTK,HDIL,65.0,CE,0.0,0.0,0.0,14.55,22.65,0,0.0,8000
2014-11-10,2014-11-27,OPTSTK,HDIL,70.0,CE,0.0,0.0,0.0,19.35,17.8,0,0.0,8000
2014-11-10,2014-11-27,OPTSTK,HDIL,75.0,CE,14.0,14.1,14.0,14.1,14.1,2,7.12,128000
2014-11-10,2014-11-27,OPTSTK,HDIL,80.0,CE,9.0,9.9,8.7,8.8,8.8,20,71.29,556000
2014-11-10,2014-11-27,OPTSTK,HDIL,85.0,CE,5.7,6.4,5.15,5.6,5.6,80,290.88,568000
2014-11-10,2014-11-27,OPTSTK,HDIL,90.0,CE,3.8,3.9,2.8,3.1,3.1,639,2386.51,2208000
2014-11-10,2014-11-27,OPTSTK,HDIL,95.0,CE,2.1,2.2,1.5,1.7,1.7,381,1476.36,1132000
2014-11-10,2014-11-27,OPTSTK,HDIL,100.0,CE,1.2,1.2,0.9,0.95,0.95,163,658.71,1288000
2014-11-10,2014-11-27,OPTSTK,HDIL,105.0,CE,0.5,0.65,0.5,0.5,0.5,17,71.78,492000
2014-11-10,2014-11-27,OPTSTK,HDIL,110.0,CE,0.3,0.4,0.3,0.3,0.3,18,79.43,300000
2014-11-10,2014-11-27,OPTSTK,HDIL,115.0,CE,0.2,0.2,0.2,0.2,0.2,8,36.86,88000
2014-11-10,2014-11-27,OPTSTK,HDIL,120.0,CE,0.0,0.0,0.0,0.15,0.05,0,0.0,104000
2014-11-10,2014-11-27,OPTSTK,HDIL,125.0,CE,0.0,0.0,0.0,0.15,0.05,0,0.0,80000
2014-11-10,2014-11-27,OPTSTK,HDIL,130.0,CE,0.0,0.0,0.0,0.1,0.0,0,0.0,8000
2014-11-10,2014-11-27,OPTSTK,HDIL,50.0,PE,0.0,0.0,0.0,0.15,0.0,0,0.0,0
2014-11-10,2014-11-27,OPTSTK,HDIL,55.0,PE,0.0,0.0,0.0,0.4,0.0,0,0.0,0
2014-11-10,2014-11-27,OPTSTK,HDIL,60.0,PE,0.0,0.0,0.0,0.15,0.0,0,0.0,52000
2014-11-10,2014-11-27,OPTSTK,HDIL,65.0,PE,0.0,0.0,0.0,0.15,0.05,0,0.0,52000
2014-11-10,2014-11-27,OPTSTK,HDIL,70.0,PE,0.35,0.4,0.25,0.25,0.25,10,28.12,236000
2014-11-10,2014-11-27,OPTSTK,HDIL,75.0,PE,0.65,0.75,0.55,0.65,0.65,26,78.67,600000
2014-11-10,2014-11-27,OPTSTK,HDIL,80.0,PE,1.4,1.65,1.2,1.35,1.35,110,358.27,796000
2014-11-10,2014-11-27,OPTSTK,HDIL,85.0,PE,2.9,3.3,2.55,2.9,2.9,208,731.96,520000
2014-11-10,2014-11-27,OPTSTK,HDIL,90.0,PE,5.25,6.0,4.9,5.4,5.4,36,137.37,364000
2014-11-10,2014-11-27,OPTSTK,HDIL,95.0,PE,9.1,9.4,8.8,9.0,9.0,13,54.12,252000
2014-11-10,2014-11-27,OPTSTK,HDIL,100.0,PE,0.0,0.0,0.0,19.0,13.2,0,0.0,48000
2014-11-10,2014-11-27,OPTSTK,HDIL,105.0,PE,0.0,0.0,0.0,18.8,17.7,0,0.0,0
2014-11-10,2014-11-27,OPTSTK,HDIL,110.0,PE,0.0,0.0,0.0,28.35,22.4,0,0.0,32000
2014-11-10,2014-11-27,OPTSTK,HDIL,115.0,PE,0.0,0.0,0.0,26.3,27.3,0,0.0,0
2014-11-10,2014-11-27,OPTSTK,HDIL,120.0,PE,0.0,0.0,0.0,30.35,32.2,0,0.0,0
2014-11-10,2014-11-27,OPTSTK,HDIL,125.0,PE,0.0,0.0,0.0,34.55,37.2,0,0.0,0
2014-11-10,2014-11-27,OPTSTK,HDIL,130.0,PE,0.0,0.0,0.0,38.9,42.15,0,0.0,0
2014-11-10,2014-12-24,OPTSTK,HDIL,50.0,CE,0.0,0.0,0.0,33.0,37.9,0,0.0,0
2014-11-10,2014-12-24,OPTSTK,HDIL,55.0,CE,0.0,0.0,0.0,28.9,33.0,0,0.0,0
2014-11-10,2014-12-24,OPTSTK,HDIL,60.0,CE,0.0,0.0,0.0,25.2,28.15,0,0.0,0
2014-11-10,2014-12-24,OPTSTK,HDIL,65.0,CE,0.0,0.0,0.0,21.8,23.5,0,0.0,0
2014-11-10,2014-12-24,OPTSTK,HDIL,70.0,CE,0.0,0.0,0.0,18.7,19.1,0,0.0,0
2014-11-10,2014-12-24,OPTSTK,HDIL,75.0,CE,0.0,0.0,0.0,16.0,15.15,0,0.0,0
2014-11-10,2014-12-24,OPTSTK,HDIL,80.0,CE,0.0,0.0,0.0,13.65,11.65,0,0.0,0
2014-11-10,2014-12-24,OPTSTK,HDIL,85.0,CE,0.0,0.0,0.0,11.6,8.7,0,0.0,0
2014-11-10,2014-12-24,OPTSTK,HDIL,90.0,CE,0.0,0.0,0.0,9.8,6.35,0,0.0,0
2014-11-10,2014-12-24,OPTSTK,HDIL,95.0,CE,0.0,0.0,0.0,8.25,4.55,0,0.0,0
2014-11-10,2014-12-24,OPTSTK,HDIL,100.0,CE,0.0,0.0,0.0,6.95,3.15,0,0.0,0
2014-11-10,2014-12-24,OPTSTK,HDIL,105.0,CE,0.0,0.0,0.0,5.85,2.15,0,0.0,0
2014-11-10,2014-12-24,OPTSTK,HDIL,110.0,CE,0.0,0.0,0.0,4.9,1.45,0,0.0,0
2014-11-10,2014-12-24,OPTSTK,HDIL,115.0,CE,0.0,0.0,0.0,4.1,0.95,0,0.0,0
2014-11-10,2014-12-24,OPTSTK,HDIL,120.0,CE,0.0,0.0,0.0,3.45,0.6,0,0.0,0
2014-11-10,2014-12-24,OPTSTK,HDIL,125.0,CE,0.0,0.0,0.0,2.9,0.4,0,0.0,0
2014-11-10,2014-12-24,OPTSTK,HDIL,130.0,CE,0.0,0.0,0.0,2.4,0.25,0,0.0,0
2014-11-10,2014-12-24,OPTSTK,HDIL,50.0,PE,0.0,0.0,0.0,0.2,0.05,0,0.0,0
2014-11-10,2014-12-24,OPTSTK,HDIL,55.0,PE,0.0,0.0,0.0,2.0,0.05,0,0.0,0
2014-11-10,2014-12-24,OPTSTK,HDIL,60.0,PE,0.0,0.0,0.0,3.15,0.2,0,0.0,0
2014-11-10,2014-12-24,OPTSTK,HDIL,65.0,PE,0.0,0.0,0.0,4.65,0.45,0,0.0,0
2014-11-10,2014-12-24,OPTSTK,HDIL,70.0,PE,0.0,0.0,0.0,6.5,1.05,0,0.0,0
2014-11-10,2014-12-24,OPTSTK,HDIL,75.0,PE,0.0,0.0,0.0,8.7,2.0,0,0.0,0
2014-11-10,2014-12-24,OPTSTK,HDIL,80.0,PE,0.0,0.0,0.0,11.2,3.45,0,0.0,0
2014-11-10,2014-12-24,OPTSTK,HDIL,85.0,PE,0.0,0.0,0.0,14.05,5.5,0,0.0,0
2014-11-10,2014-12-24,OPTSTK,HDIL,90.0,PE,0.0,0.0,0.0,17.15,8.05,0,0.0,0
2014-11-10,2014-12-24,OPTSTK,HDIL,95.0,PE,0.0,0.0,0.0,20.5,11.2,0,0.0,0
2014-11-10,2014-12-24,OPTSTK,HDIL,100.0,PE,0.0,0.0,0.0,24.1,14.75,0,0.0,0
2014-11-10,2014-12-24,OPTSTK,HDIL,105.0,PE,0.0,0.0,0.0,27.85,18.7,0,0.0,0
2014-11-10,2014-12-24,OPTSTK,HDIL,110.0,PE,0.0,0.0,0.0,31.8,22.95,0,0.0,0
2014-11-10,2014-12-24,OPTSTK,HDIL,115.0,PE,0.0,0.0,0.0,35.9,27.4,0,0.0,0
2014-11-10,2014-12-24,OPTSTK,HDIL,120.0,PE,0.0,0.0,0.0,40.15,32.0,0,0.0,0
2014-11-10,2014-12-24,OPTSTK,HDIL,125.0,PE,0.0,0.0,0.0,44.45,36.75,0,0.0,0
2014-11-10,2014-12-24,OPTSTK,HDIL,130.0,PE,0.0,0.0,0.0,48.9,41.55,0,0.0,0
2014-11-10,2015-01-29,OPTSTK,HDIL,50.0,CE,0.0,0.0,0.0,32.8,38.45,0,0.0,0
2014-11-10,2015-01-29,OPTSTK,HDIL,55.0,CE,0.0,0.0,0.0,28.35,33.7,0,0.0,0
2014-11-10,2015-01-29,OPTSTK,HDIL,60.0,CE,0.0,0.0,0.0,24.15,29.15,0,0.0,0
2014-11-10,2015-01-29,OPTSTK,HDIL,65.0,CE,0.0,0.0,0.0,20.35,24.9,0,0.0,0
2014-11-10,2015-01-29,OPTSTK,HDIL,70.0,CE,0.0,0.0,0.0,16.9,20.95,0,0.0,0
2014-11-10,2015-01-29,OPTSTK,HDIL,75.0,CE,0.0,0.0,0.0,13.9,17.35,0,0.0,0
2014-11-10,2015-01-29,OPTSTK,HDIL,80.0,CE,0.0,0.0,0.0,11.3,14.2,0,0.0,0
2014-11-10,2015-01-29,OPTSTK,HDIL,85.0,CE,0.0,0.0,0.0,9.1,11.45,0,0.0,0
2014-11-10,2015-01-29,OPTSTK,HDIL,90.0,CE,0.0,0.0,0.0,7.3,9.15,0,0.0,0
2014-11-10,2015-01-29,OPTSTK,HDIL,95.0,CE,0.0,0.0,0.0,5.75,7.25,0,0.0,0
2014-11-10,2015-01-29,OPTSTK,HDIL,100.0,CE,0.0,0.0,0.0,4.55,5.65,0,0.0,0
2014-11-10,2015-01-29,OPTSTK,HDIL,105.0,CE,0.0,0.0,0.0,3.55,4.4,0,0.0,0
2014-11-10,2015-01-29,OPTSTK,HDIL,110.0,CE,0.0,0.0,0.0,2.8,3.4,0,0.0,0
2014-11-10,2015-01-29,OPTSTK,HDIL,115.0,CE,0.0,0.0,0.0,2.15,2.6,0,0.0,0
2014-11-10,2015-01-29,OPTSTK,HDIL,120.0,CE,0.0,0.0,0.0,1.7,2.0,0,0.0,0
2014-11-10,2015-01-29,OPTSTK,HDIL,125.0,CE,0.0,0.0,0.0,1.3,1.5,0,0.0,0
2014-11-10,2015-01-29,OPTSTK,HDIL,130.0,CE,0.0,0.0,0.0,1.0,1.15,0,0.0,0
2014-11-10,2015-01-29,OPTSTK,HDIL,50.0,PE,0.0,0.0,0.0,0.4,0.15,0,0.0,0
2014-11-10,2015-01-29,OPTSTK,HDIL,55.0,PE,0.0,0.0,0.0,0.85,0.3,0,0.0,0
2014-11-10,2015-01-29,OPTSTK,HDIL,60.0,PE,0.0,0.0,0.0,1.55,0.7,0,0.0,0
2014-11-10,2015-01-29,OPTSTK,HDIL,65.0,PE,0.0,0.0,0.0,2.65,1.3,0,0.0,0
2014-11-10,2015-01-29,OPTSTK,HDIL,70.0,PE,0.0,0.0,0.0,4.1,2.25,0,0.0,0
2014-11-10,2015-01-29,OPTSTK,HDIL,75.0,PE,0.0,0.0,0.0,6.0,3.6,0,0.0,0
2014-11-10,2015-01-29,OPTSTK,HDIL,80.0,PE,0.0,0.0,0.0,8.3,5.35,0,0.0,0
2014-11-10,2015-01-29,OPTSTK,HDIL,85.0,PE,0.0,0.0,0.0,10.95,7.5,0,0.0,0
2014-11-10,2015-01-29,OPTSTK,HDIL,90.0,PE,0.0,0.0,0.0,14.05,10.1,0,0.0,0
2014-11-10,2015-01-29,OPTSTK,HDIL,95.0,PE,0.0,0.0,0.0,17.4,13.1,0,0.0,0
2014-11-10,2015-01-29,OPTSTK,HDIL,100.0,PE,0.0,0.0,0.0,21.1,16.4,0,0.0,0
2014-11-10,2015-01-29,OPTSTK,HDIL,105.0,PE,0.0,0.0,0.0,25.0,20.05,0,0.0,0
2014-11-10,2015-01-29,OPTSTK,HDIL,110.0,PE,0.0,0.0,0.0,29.1,23.95,0,0.0,0
2014-11-10,2015-01-29,OPTSTK,HDIL,115.0,PE,0.0,0.0,0.0,33.4,28.05,0,0.0,0
2014-11-10,2015-01-29,OPTSTK,HDIL,120.0,PE,0.0,0.0,0.0,37.8,32.35,0,0.0,0
2014-11-10,2015-01-29,OPTSTK,HDIL,125.0,PE,0.0,0.0,0.0,42.3,36.8,0,0.0,0
2014-11-10,2015-01-29,OPTSTK,HDIL,130.0,PE,0.0,0.0,0.0,46.9,41.3,0,0.0,0
2014-11-10,2014-11-27,OPTSTK,HEROMOTOCO,1650.0,CE,0.0,0.0,0.0,989.9,1289.65,0,0.0,0
2014-11-10,2014-11-27,OPTSTK,HEROMOTOCO,1700.0,CE,0.0,0.0,0.0,940.95,1239.85,0,0.0,0
2014-11-10,2014-11-27,OPTSTK,HEROMOTOCO,1750.0,CE,0.0,0.0,0.0,892.0,1190.05,0,0.0,0
2014-11-10,2014-11-27,OPTSTK,HEROMOTOCO,1800.0,CE,0.0,0.0,0.0,843.1,1140.2,0,0.0,0
2014-11-10,2014-11-27,OPTSTK,HEROMOTOCO,1850.0,CE,0.0,0.0,0.0,794.15,1090.4,0,0.0,0
2014-11-10,2014-11-27,OPTSTK,HEROMOTOCO,1900.0,CE,0.0,0.0,0.0,745.3,1040.6,0,0.0,0
2014-11-10,2014-11-27,OPTSTK,HEROMOTOCO,1950.0,CE,0.0,0.0,0.0,696.45,990.8,0,0.0,0
2014-11-10,2014-11-27,OPTSTK,HEROMOTOCO,2000.0,CE,0.0,0.0,0.0,647.7,941.0,0,0.0,0
2014-11-10,2014-11-27,OPTSTK,HEROMOTOCO,2050.0,CE,0.0,0.0,0.0,599.15,891.2,0,0.0,0
2014-11-10,2014-11-27,OPTSTK,HEROMOTOCO,2100.0,CE,0.0,0.0,0.0,550.9,841.4,0,0.0,0
2014-11-10,2014-11-27,OPTSTK,HEROMOTOCO,2150.0,CE,0.0,0.0,0.0,503.1,791.6,0,0.0,0
2014-11-10,2014-11-27,OPTSTK,HEROMOTOCO,2200.0,CE,0.0,0.0,0.0,456.05,741.8,0,0.0,0
2014-11-10,2014-11-27,OPTSTK,HEROMOTOCO,2250.0,CE,0.0,0.0,0.0,410.0,692.0,0,0.0,0
2014-11-10,2014-11-27,OPTSTK,HEROMOTOCO,2300.0,CE,0.0,0.0,0.0,365.3,642.2,0,0.0,0
2014-11-10,2014-11-27,OPTSTK,HEROMOTOCO,2350.0,CE,0.0,0.0,0.0,322.3,592.45,0,0.0,0
2014-11-10,2014-11-27,OPTSTK,HEROMOTOCO,2400.0,CE,0.0,0.0,0.0,281.4,542.7,0,0.0,0
2014-11-10,2014-11-27,OPTSTK,HEROMOTOCO,2450.0,CE,0.0,0.0,0.0,243.0,493.1,0,0.0,0
2014-11-10,2014-11-27,OPTSTK,HEROMOTOCO,2500.0,CE,0.0,0.0,0.0,530.0,443.75,0,0.0,500
2014-11-10,2014-11-27,OPTSTK,HEROMOTOCO,2550.0,CE,0.0,0.0,0.0,174.95,394.85,0,0.0,0
2014-11-10,2014-11-27,OPTSTK,HEROMOTOCO,2600.0,CE,0.0,0.0,0.0,435.0,346.7,0,0.0,250
2014-11-10,2014-11-27,OPTSTK,HEROMOTOCO,2650.0,CE,0.0,0.0,0.0,119.9,299.85,0,0.0,0
2014-11-10,2014-11-27,OPTSTK,HEROMOTOCO,2700.0,CE,0.0,0.0,0.0,97.4,254.9,0,0.0,0
2014-11-10,2014-11-27,OPTSTK,HEROMOTOCO,2750.0,CE,0.0,0.0,0.0,78.15,212.5,0,0.0,0
2014-11-10,2014-11-27,OPTSTK,HEROMOTOCO,2800.0,CE,0.0,0.0,0.0,287.5,173.4,0,0.0,375
2014-11-10,2014-11-27,OPTSTK,HEROMOTOCO,2850.0,CE,102.55,117.0,102.55,117.0,117.0,2,7.39,5750
2014-11-10,2014-11-27,OPTSTK,HEROMOTOCO,2900.0,CE,79.95,90.0,69.1,84.1,84.1,198,737.83,20750
2014-11-10,2014-11-27,OPTSTK,HEROMOTOCO,2950.0,CE,59.6,63.05,50.6,59.15,59.15,212,797.16,31500
2014-11-10,2014-11-27,OPTSTK,HEROMOTOCO,3000.0,CE,35.0,43.9,34.0,40.1,40.1,442,1679.3,67000
2014-11-10,2014-11-27,OPTSTK,HEROMOTOCO,3050.0,CE,25.7,29.75,22.5,27.05,27.05,130,499.93,28375
2014-11-10,2014-11-27,OPTSTK,HEROMOTOCO,3100.0,CE,16.85,19.7,15.0,18.2,18.2,302,1176.88,97125
2014-11-10,2014-11-27,OPTSTK,HEROMOTOCO,3150.0,CE,10.85,12.65,10.05,12.25,12.25,54,213.4,24750
2014-11-10,2014-11-27,OPTSTK,HEROMOTOCO,3200.0,CE,7.15,10.1,6.95,7.95,7.95,72,288.74,49500
2014-11-10,2014-11-27,OPTSTK,HEROMOTOCO,3250.0,CE,0.0,0.0,0.0,5.55,8.6,0,0.0,6875
2014-11-10,2014-11-27,OPTSTK,HEROMOTOCO,3300.0,CE,0.0,0.0,0.0,4.45,5.35,0,0.0,4000
2014-11-10,2014-11-27,OPTSTK,HEROMOTOCO,3350.0,CE,0.0,0.0,0.0,4.0,3.25,0,0.0,1125
2014-11-10,2014-11-27,OPTSTK,HEROMOTOCO,3400.0,CE,0.0,0.0,0.0,1.5,1.95,0,0.0,0
2014-11-10,2014-11-27,OPTSTK,HEROMOTOCO,3450.0,CE,0.0,0.0,0.0,1.05,1.1,0,0.0,0
2014-11-10,2014-11-27,OPTSTK,HEROMOTOCO,3500.0,CE,0.0,0.0,0.0,0.7,0.65,0,0.0,0
2014-11-10,2014-11-27,OPTSTK,HEROMOTOCO,3550.0,CE,0.0,0.0,0.0,0.5,0.35,0,0.0,0
2014-11-10,2014-11-27,OPTSTK,HEROMOTOCO,3600.0,CE,0.0,0.0,0.0,0.35,0.2,0,0.0,0
2014-11-10,2014-11-27,OPTSTK,HEROMOTOCO,1650.0,PE,0.0,0.0,0.0,0.05,0.0,0,0.0,0
2014-11-10,2014-11-27,OPTSTK,HEROMOTOCO,1700.0,PE,0.0,0.0,0.0,0.05,0.0,0,0.0,0
2014-11-10,2014-11-27,OPTSTK,HEROMOTOCO,1750.0,PE,0.0,0.0,0.0,0.05,0.0,0,0.0,0
2014-11-10,2014-11-27,OPTSTK,HEROMOTOCO,1800.0,PE,0.0,0.0,0.0,0.05,0.0,0,0.0,0
2014-11-10,2014-11-27,OPTSTK,HEROMOTOCO,1850.0,PE,0.0,0.0,0.0,0.05,0.0,0,0.0,0
2014-11-10,2014-11-27,OPTSTK,HEROMOTOCO,1900.0,PE,0.0,0.0,0.0,0.1,0.0,0,0.0,0
2014-11-10,2014-11-27,OPTSTK,HEROMOTOCO,1950.0,PE,0.0,0.0,0.0,0.2,0.0,0,0.0,0
2014-11-10,2014-11-27,OPTSTK,HEROMOTOCO,2000.0,PE,0.0,0.0,0.0,0.4,0.0,0,0.0,0
2014-11-10,2014-11-27,OPTSTK,HEROMOTOCO,2050.0,PE,0.0,0.0,0.0,0.8,0.0,0,0.0,0
2014-11-10,2014-11-27,OPTSTK,HEROMOTOCO,2100.0,PE,0.0,0.0,0.0,1.45,0.0,0,0.0,0
2014-11-10,2014-11-27,OPTSTK,HEROMOTOCO,2150.0,PE,0.0,0.0,0.0,2.65,0.0,0,0.0,0
2014-11-10,2014-11-27,OPTSTK,HEROMOTOCO,2200.0,PE,0.0,0.0,0.0,4.5,0.0,0,0.0,0
2014-11-10,2014-11-27,OPTSTK,HEROMOTOCO,2250.0,PE,0.0,0.0,0.0,7.4,0.0,0,0.0,0
2014-11-10,2014-11-27,OPTSTK,HEROMOTOCO,2300.0,PE,0.0,0.0,0.0,11.6,0.05,0,0.0,0
2014-11-10,2014-11-27,OPTSTK,HEROMOTOCO,2350.0,PE,0.0,0.0,0.0,17.55,0.05,0,0.0,0
2014-11-10,2014-11-27,OPTSTK,HEROMOTOCO,2400.0,PE,0.0,0.0,0.0,25.6,0.15,0,0.0,0
2014-11-10,2014-11-27,OPTSTK,HEROMOTOCO,2450.0,PE,0.0,0.0,0.0,36.15,0.35,0,0.0,0
2014-11-10,2014-11-27,OPTSTK,HEROMOTOCO,2500.0,PE,0.0,0.0,0.0,49.45,0.75,0,0.0,0
2014-11-10,2014-11-27,OPTSTK,HEROMOTOCO,2550.0,PE,0.0,0.0,0.0,65.95,1.65,0,0.0,0
2014-11-10,2014-11-27,OPTSTK,HEROMOTOCO,2600.0,PE,0.0,0.0,0.0,85.7,3.35,0,0.0,0
2014-11-10,2014-11-27,OPTSTK,HEROMOTOCO,2650.0,PE,6.0,6.0,6.0,6.0,6.0,1,3.32,500
2014-11-10,2014-11-27,OPTSTK,HEROMOTOCO,2700.0,PE,6.2,6.2,6.2,6.2,6.2,1,3.38,9125
2014-11-10,2014-11-27,OPTSTK,HEROMOTOCO,2750.0,PE,10.0,12.0,10.0,11.15,11.15,38,131.16,11125
2014-11-10,2014-11-27,OPTSTK,HEROMOTOCO,2800.0,PE,21.7,23.05,17.55,18.1,18.1,78,274.94,22875
2014-11-10,2014-11-27,OPTSTK,HEROMOTOCO,2850.0,PE,36.45,37.35,30.0,30.75,30.75,73,263.16,18875
2014-11-10,2014-11-27,OPTSTK,HEROMOTOCO,2900.0,PE,60.0,65.6,45.65,47.45,47.45,183,675.07,16000
2014-11-10,2014-11-27,OPTSTK,HEROMOTOCO,2950.0,PE,89.5,89.5,69.15,71.7,71.7,64,241.86,6000
2014-11-10,2014-11-27,OPTSTK,HEROMOTOCO,3000.0,PE,98.4,106.0,98.4,105.0,105.0,8,31.03,9125
2014-11-10,2014-11-27,OPTSTK,HEROMOTOCO,3050.0,PE,145.9,152.0,136.0,136.0,136.0,10,39.91,5250
2014-11-10,2014-11-27,OPTSTK,HEROMOTOCO,3100.0,PE,0.0,0.0,0.0,225.0,184.7,0,0.0,4625
2014-11-10,2014-11-27,OPTSTK,HEROMOTOCO,3150.0,PE,0.0,0.0,0.0,118.9,224.85,0,0.0,750
2014-11-10,2014-11-27,OPTSTK,HEROMOTOCO,3200.0,PE,0.0,0.0,0.0,307.8,267.7,0,0.0,1500
2014-11-10,2014-11-27,OPTSTK,HEROMOTOCO,3250.0,PE,0.0,0.0,0.0,580.55,312.7,0,0.0,0
2014-11-10,2014-11-27,OPTSTK,HEROMOTOCO,3300.0,PE,0.0,0.0,0.0,628.2,359.25,0,0.0,0
2014-11-10,2014-11-27,OPTSTK,HEROMOTOCO,3350.0,PE,0.0,0.0,0.0,676.2,406.95,0,0.0,0
2014-11-10,2014-11-27,OPTSTK,HEROMOTOCO,3400.0,PE,0.0,0.0,0.0,724.45,455.4,0,0.0,0
2014-11-10,2014-11-27,OPTSTK,HEROMOTOCO,3450.0,PE,0.0,0.0,0.0,772.9,504.4,0,0.0,0
2014-11-10,2014-11-27,OPTSTK,HEROMOTOCO,3500.0,PE,0.0,0.0,0.0,821.55,553.7,0,0.0,0
2014-11-10,2014-11-27,OPTSTK,HEROMOTOCO,3550.0,PE,0.0,0.0,0.0,870.25,603.25,0,0.0,0
2014-11-10,2014-11-27,OPTSTK,HEROMOTOCO,3600.0,PE,0.0,0.0,0.0,919.0,652.9,0,0.0,0
2014-11-10,2014-12-24,OPTSTK,HEROMOTOCO,1950.0,CE,0.0,0.0,0.0,1026.65,1003.55,0,0.0,0
2014-11-10,2014-12-24,OPTSTK,HEROMOTOCO,2000.0,CE,0.0,0.0,0.0,978.35,954.1,0,0.0,0
2014-11-10,2014-12-24,OPTSTK,HEROMOTOCO,2050.0,CE,0.0,0.0,0.0,930.35,904.65,0,0.0,0
2014-11-10,2014-12-24,OPTSTK,HEROMOTOCO,2100.0,CE,0.0,0.0,0.0,882.7,855.2,0,0.0,0
2014-11-10,2014-12-24,OPTSTK,HEROMOTOCO,2150.0,CE,0.0,0.0,0.0,835.45,805.85,0,0.0,0
2014-11-10,2014-12-24,OPTSTK,HEROMOTOCO,2200.0,CE,0.0,0.0,0.0,788.7,756.6,0,0.0,0
2014-11-10,2014-12-24,OPTSTK,HEROMOTOCO,2250.0,CE,0.0,0.0,0.0,742.65,707.5,0,0.0,0
2014-11-10,2014-12-24,OPTSTK,HEROMOTOCO,2300.0,CE,0.0,0.0,0.0,697.4,658.65,0,0.0,0
2014-11-10,2014-12-24,OPTSTK,HEROMOTOCO,2350.0,CE,0.0,0.0,0.0,653.0,610.2,0,0.0,0
2014-11-10,2014-12-24,OPTSTK,HEROMOTOCO,2400.0,CE,0.0,0.0,0.0,609.65,562.3,0,0.0,0
2014-11-10,2014-12-24,OPTSTK,HEROMOTOCO,2450.0,CE,0.0,0.0,0.0,567.5,515.15,0,0.0,0
2014-11-10,2014-12-24,OPTSTK,HEROMOTOCO,2500.0,CE,0.0,0.0,0.0,526.6,468.95,0,0.0,0
2014-11-10,2014-12-24,OPTSTK,HEROMOTOCO,2550.0,CE,0.0,0.0,0.0,487.15,424.05,0,0.0,0
2014-11-10,2014-12-24,OPTSTK,HEROMOTOCO,2600.0,CE,0.0,0.0,0.0,449.2,380.65,0,0.0,0
2014-11-10,2014-12-24,OPTSTK,HEROMOTOCO,2650.0,CE,0.0,0.0,0.0,413.0,339.1,0,0.0,0
2014-11-10,2014-12-24,OPTSTK,HEROMOTOCO,2700.0,CE,0.0,0.0,0.0,378.35,299.65,0,0.0,0
2014-11-10,2014-12-24,OPTSTK,HEROMOTOCO,2750.0,CE,0.0,0.0,0.0,345.4,262.7,0,0.0,0
2014-11-10,2014-12-24,OPTSTK,HEROMOTOCO,2800.0,CE,0.0,0.0,0.0,314.4,228.1,0,0.0,0
2014-11-10,2014-12-24,OPTSTK,HEROMOTOCO,2850.0,CE,0.0,0.0,0.0,285.3,196.45,0,0.0,0
2014-11-10,2014-12-24,OPTSTK,HEROMOTOCO,2900.0,CE,0.0,0.0,0.0,258.0,167.65,0,0.0,0
2014-11-10,2014-12-24,OPTSTK,HEROMOTOCO,2950.0,CE,0.0,0.0,0.0,232.65,141.75,0,0.0,0
2014-11-10,2014-12-24,OPTSTK,HEROMOTOCO,3000.0,CE,0.0,0.0,0.0,209.05,118.8,0,0.0,0
2014-11-10,2014-12-24,OPTSTK,HEROMOTOCO,3050.0,CE,0.0,0.0,0.0,187.3,98.6,0,0.0,0
2014-11-10,2014-12-24,OPTSTK,HEROMOTOCO,3100.0,CE,45.0,45.0,45.0,45.0,45.0,1,3.93,250
2014-11-10,2014-12-24,OPTSTK,HEROMOTOCO,3150.0,CE,0.0,0.0,0.0,149.0,66.1,0,0.0,0
2014-11-10,2014-12-24,OPTSTK,HEROMOTOCO,3200.0,CE,0.0,0.0,0.0,132.3,53.55,0,0.0,0
2014-11-10,2014-12-24,OPTSTK,HEROMOTOCO,3250.0,CE,0.0,0.0,0.0,117.15,42.8,0,0.0,0
2014-11-10,2014-12-24,OPTSTK,HEROMOTOCO,3300.0,CE,0.0,0.0,0.0,103.4,34.0,0,0.0,0
2014-11-10,2014-12-24,OPTSTK,HEROMOTOCO,3350.0,CE,0.0,0.0,0.0,91.2,26.75,0,0.0,0
2014-11-10,2014-12-24,OPTSTK,HEROMOTOCO,3400.0,CE,0.0,0.0,0.0,80.15,20.85,0,0.0,0
2014-11-10,2014-12-24,OPTSTK,HEROMOTOCO,3450.0,CE,0.0,0.0,0.0,70.1,16.15,0,0.0,0
2014-11-10,2014-12-24,OPTSTK,HEROMOTOCO,3500.0,CE,0.0,0.0,0.0,61.25,12.4,0,0.0,0
2014-11-10,2014-12-24,OPTSTK,HEROMOTOCO,3550.0,CE,0.0,0.0,0.0,53.4,9.45,0,0.0,0
2014-11-10,2014-12-24,OPTSTK,HEROMOTOCO,3600.0,CE,0.0,0.0,0.0,46.4,7.15,0,0.0,0
2014-11-10,2014-12-24,OPTSTK,HEROMOTOCO,1950.0,PE,0.0,0.0,0.0,1.2,0.05,0,0.0,0
2014-11-10,2014-12-24,OPTSTK,HEROMOTOCO,2000.0,PE,0.0,0.0,0.0,1.8,0.05,0,0.0,0
2014-11-10,2014-12-24,OPTSTK,HEROMOTOCO,2050.0,PE,0.0,0.0,0.0,2.7,0.05,0,0.0,0
2014-11-10,2014-12-24,OPTSTK,HEROMOTOCO,2100.0,PE,0.0,0.0,0.0,3.95,0.15,0,0.0,0
2014-11-10,2014-12-24,OPTSTK,HEROMOTOCO,2150.0,PE,0.0,0.0,0.0,5.6,0.25,0,0.0,0
2014-11-10,2014-12-24,OPTSTK,HEROMOTOCO,2200.0,PE,0.0,0.0,0.0,7.8,0.45,0,0.0,0
2014-11-10,2014-12-24,OPTSTK,HEROMOTOCO,2250.0,PE,0.0,0.0,0.0,10.65,0.85,0,0.0,0
2014-11-10,2014-12-24,OPTSTK,HEROMOTOCO,2300.0,PE,0.0,0.0,0.0,14.3,1.5,0,0.0,0
2014-11-10,2014-12-24,OPTSTK,HEROMOTOCO,2350.0,PE,0.0,0.0,0.0,18.85,2.5,0,0.0,0
2014-11-10,2014-12-24,OPTSTK,HEROMOTOCO,2400.0,PE,0.0,0.0,0.0,24.4,4.05,0,0.0,0
2014-11-10,2014-12-24,OPTSTK,HEROMOTOCO,2450.0,PE,0.0,0.0,0.0,31.15,6.4,0,0.0,0
2014-11-10,2014-12-24,OPTSTK,HEROMOTOCO,2500.0,PE,0.0,0.0,0.0,39.15,9.7,0,0.0,0
2014-11-10,2014-12-24,OPTSTK,HEROMOTOCO,2550.0,PE,0.0,0.0,0.0,48.6,14.25,0,0.0,0
2014-11-10,2014-12-24,OPTSTK,HEROMOTOCO,2600.0,PE,0.0,0.0,0.0,59.55,20.3,0,0.0,0
2014-11-10,2014-12-24,OPTSTK,HEROMOTOCO,2650.0,PE,0.0,0.0,0.0,72.25,28.25,0,0.0,0
2014-11-10,2014-12-24,OPTSTK,HEROMOTOCO,2700.0,PE,0.0,0.0,0.0,86.5,38.3,0,0.0,0
2014-11-10,2014-12-24,OPTSTK,HEROMOTOCO,2750.0,PE,0.0,0.0,0.0,102.5,50.8,0,0.0,0
2014-11-10,2014-12-24,OPTSTK,HEROMOTOCO,2800.0,PE,0.0,0.0,0.0,120.4,65.7,0,0.0,0
2014-11-10,2014-12-24,OPTSTK,HEROMOTOCO,2850.0,PE,0.0,0.0,0.0,140.2,83.5,0,0.0,0
2014-11-10,2014-12-24,OPTSTK,HEROMOTOCO,2900.0,PE,0.0,0.0,0.0,161.85,104.2,0,0.0,0
2014-11-10,2014-12-24,OPTSTK,HEROMOTOCO,2950.0,PE,0.0,0.0,0.0,185.35,127.8,0,0.0,0
2014-11-10,2014-12-24,OPTSTK,HEROMOTOCO,3000.0,PE,0.0,0.0,0.0,210.7,154.3,0,0.0,0
2014-11-10,2014-12-24,OPTSTK,HEROMOTOCO,3050.0,PE,0.0,0.0,0.0,237.85,183.6,0,0.0,0
2014-11-10,2014-12-24,OPTSTK,HEROMOTOCO,3100.0,PE,0.0,0.0,0.0,266.75,215.55,0,0.0,0
2014-11-10,2014-12-24,OPTSTK,HEROMOTOCO,3150.0,PE,0.0,0.0,0.0,297.35,250.05,0,0.0,0
2014-11-10,2014-12-24,OPTSTK,HEROMOTOCO,3200.0,PE,0.0,0.0,0.0,329.6,286.95,0,0.0,0
2014-11-10,2014-12-24,OPTSTK,HEROMOTOCO,3250.0,PE,0.0,0.0,0.0,363.3,325.7,0,0.0,0
2014-11-10,2014-12-24,OPTSTK,HEROMOTOCO,3300.0,PE,0.0,0.0,0.0,398.5,366.35,0,0.0,0
2014-11-10,2014-12-24,OPTSTK,HEROMOTOCO,3350.0,PE,0.0,0.0,0.0,435.2,408.6,0,0.0,0
2014-11-10,2014-12-24,OPTSTK,HEROMOTOCO,3400.0,PE,0.0,0.0,0.0,473.05,452.2,0,0.0,0
2014-11-10,2014-12-24,OPTSTK,HEROMOTOCO,3450.0,PE,0.0,0.0,0.0,511.95,496.95,0,0.0,0
2014-11-10,2014-12-24,OPTSTK,HEROMOTOCO,3500.0,PE,0.0,0.0,0.0,552.0,542.65,0,0.0,0
2014-11-10,2014-12-24,OPTSTK,HEROMOTOCO,3550.0,PE,0.0,0.0,0.0,593.05,589.2,0,0.0,0
2014-11-10,2014-12-24,OPTSTK,HEROMOTOCO,3600.0,PE,0.0,0.0,0.0,635.0,636.35,0,0.0,0
2014-11-10,2015-01-29,OPTSTK,HEROMOTOCO,2050.0,CE,0.0,0.0,0.0,1026.65,922.95,0,0.0,0
2014-11-10,2015-01-29,OPTSTK,HEROMOTOCO,2100.0,CE,0.0,0.0,0.0,978.2,874.45,0,0.0,0
2014-11-10,2015-01-29,OPTSTK,HEROMOTOCO,2150.0,CE,0.0,0.0,0.0,929.9,826.25,0,0.0,0
2014-11-10,2015-01-29,OPTSTK,HEROMOTOCO,2200.0,CE,0.0,0.0,0.0,881.9,778.4,0,0.0,0
2014-11-10,2015-01-29,OPTSTK,HEROMOTOCO,2250.0,CE,0.0,0.0,0.0,834.3,731.05,0,0.0,0
2014-11-10,2015-01-29,OPTSTK,HEROMOTOCO,2300.0,CE,0.0,0.0,0.0,787.1,684.3,0,0.0,0
2014-11-10,2015-01-29,OPTSTK,HEROMOTOCO,2350.0,CE,0.0,0.0,0.0,740.5,638.3,0,0.0,0
2014-11-10,2015-01-29,OPTSTK,HEROMOTOCO,2400.0,CE,0.0,0.0,0.0,694.6,593.25,0,0.0,0
2014-11-10,2015-01-29,OPTSTK,HEROMOTOCO,2450.0,CE,0.0,0.0,0.0,649.55,549.25,0,0.0,0
2014-11-10,2015-01-29,OPTSTK,HEROMOTOCO,2500.0,CE,0.0,0.0,0.0,605.45,506.45,0,0.0,0
2014-11-10,2015-01-29,OPTSTK,HEROMOTOCO,2550.0,CE,0.0,0.0,0.0,562.5,465.1,0,0.0,0
2014-11-10,2015-01-29,OPTSTK,HEROMOTOCO,2600.0,CE,0.0,0.0,0.0,520.8,425.35,0,0.0,0
2014-11-10,2015-01-29,OPTSTK,HEROMOTOCO,2650.0,CE,0.0,0.0,0.0,480.45,387.3,0,0.0,0
2014-11-10,2015-01-29,OPTSTK,HEROMOTOCO,2700.0,CE,0.0,0.0,0.0,441.7,351.15,0,0.0,0
2014-11-10,2015-01-29,OPTSTK,HEROMOTOCO,2750.0,CE,0.0,0.0,0.0,404.65,316.8,0,0.0,0
2014-11-10,2015-01-29,OPTSTK,HEROMOTOCO,2800.0,CE,0.0,0.0,0.0,369.25,284.6,0,0.0,0
2014-11-10,2015-01-29,OPTSTK,HEROMOTOCO,2850.0,CE,0.0,0.0,0.0,335.55,254.55,0,0.0,0
2014-11-10,2015-01-29,OPTSTK,HEROMOTOCO,2900.0,CE,0.0,0.0,0.0,303.95,226.65,0,0.0,0
2014-11-10,2015-01-29,OPTSTK,HEROMOTOCO,2950.0,CE,0.0,0.0,0.0,274.3,200.9,0,0.0,0
2014-11-10,2015-01-29,OPTSTK,HEROMOTOCO,3000.0,CE,0.0,0.0,0.0,246.6,177.25,0,0.0,0
2014-11-10,2015-01-29,OPTSTK,HEROMOTOCO,3050.0,CE,0.0,0.0,0.0,220.85,155.7,0,0.0,0
2014-11-10,2015-01-29,OPTSTK,HEROMOTOCO,3100.0,CE,0.0,0.0,0.0,197.05,136.2,0,0.0,0
2014-11-10,2015-01-29,OPTSTK,HEROMOTOCO,3150.0,CE,0.0,0.0,0.0,175.2,118.6,0,0.0,0
2014-11-10,2015-01-29,OPTSTK,HEROMOTOCO,3200.0,CE,0.0,0.0,0.0,155.2,102.8,0,0.0,0
2014-11-10,2015-01-29,OPTSTK,HEROMOTOCO,3250.0,CE,0.0,0.0,0.0,137.0,88.8,0,0.0,0
2014-11-10,2015-01-29,OPTSTK,HEROMOTOCO,3300.0,CE,0.0,0.0,0.0,120.5,76.5,0,0.0,0
2014-11-10,2015-01-29,OPTSTK,HEROMOTOCO,3350.0,CE,0.0,0.0,0.0,105.65,65.6,0,0.0,0
2014-11-10,2015-01-29,OPTSTK,HEROMOTOCO,3400.0,CE,0.0,0.0,0.0,92.3,55.85,0,0.0,0
2014-11-10,2015-01-29,OPTSTK,HEROMOTOCO,3450.0,CE,0.0,0.0,0.0,80.5,47.5,0,0.0,0
2014-11-10,2015-01-29,OPTSTK,HEROMOTOCO,3500.0,CE,0.0,0.0,0.0,69.95,40.2,0,0.0,0
2014-11-10,2015-01-29,OPTSTK,HEROMOTOCO,3550.0,CE,0.0,0.0,0.0,60.45,33.95,0,0.0,0
2014-11-10,2015-01-29,OPTSTK,HEROMOTOCO,3600.0,CE,0.0,0.0,0.0,52.15,28.5,0,0.0,0
2014-11-10,2015-01-29,OPTSTK,HEROMOTOCO,2050.0,PE,0.0,0.0,0.0,0.75,1.0,0,0.0,0
2014-11-10,2015-01-29,OPTSTK,HEROMOTOCO,2100.0,PE,0.0,0.0,0.0,1.2,1.55,0,0.0,0
2014-11-10,2015-01-29,OPTSTK,HEROMOTOCO,2150.0,PE,0.0,0.0,0.0,1.85,2.4,0,0.0,0
2014-11-10,2015-01-29,OPTSTK,HEROMOTOCO,2200.0,PE,0.0,0.0,0.0,2.8,3.6,0,0.0,0
2014-11-10,2015-01-29,OPTSTK,HEROMOTOCO,2250.0,PE,0.0,0.0,0.0,4.1,5.3,0,0.0,0
2014-11-10,2015-01-29,OPTSTK,HEROMOTOCO,2300.0,PE,0.0,0.0,0.0,5.85,7.6,0,0.0,0
2014-11-10,2015-01-29,OPTSTK,HEROMOTOCO,2350.0,PE,0.0,0.0,0.0,8.15,10.7,0,0.0,0
2014-11-10,2015-01-29,OPTSTK,HEROMOTOCO,2400.0,PE,0.0,0.0,0.0,11.15,14.65,0,0.0,0
2014-11-10,2015-01-29,OPTSTK,HEROMOTOCO,2450.0,PE,0.0,0.0,0.0,15.05,19.7,0,0.0,0
2014-11-10,2015-01-29,OPTSTK,HEROMOTOCO,2500.0,PE,0.0,0.0,0.0,19.85,26.0,0,0.0,0
2014-11-10,2015-01-29,OPTSTK,HEROMOTOCO,2550.0,PE,0.0,0.0,0.0,25.8,33.7,0,0.0,0
2014-11-10,2015-01-29,OPTSTK,HEROMOTOCO,2600.0,PE,0.0,0.0,0.0,33.0,42.95,0,0.0,0
2014-11-10,2015-01-29,OPTSTK,HEROMOTOCO,2650.0,PE,0.0,0.0,0.0,41.65,53.95,0,0.0,0
2014-11-10,2015-01-29,OPTSTK,HEROMOTOCO,2700.0,PE,0.0,0.0,0.0,51.75,66.9,0,0.0,0
2014-11-10,2015-01-29,OPTSTK,HEROMOTOCO,2750.0,PE,0.0,0.0,0.0,63.65,81.55,0,0.0,0
2014-11-10,2015-01-29,OPTSTK,HEROMOTOCO,2800.0,PE,0.0,0.0,0.0,77.15,98.45,0,0.0,0
2014-11-10,2015-01-29,OPTSTK,HEROMOTOCO,2850.0,PE,0.0,0.0,0.0,92.4,117.45,0,0.0,0
2014-11-10,2015-01-29,OPTSTK,HEROMOTOCO,2900.0,PE,0.0,0.0,0.0,109.7,138.6,0,0.0,0
2014-11-10,2015-01-29,OPTSTK,HEROMOTOCO,2950.0,PE,0.0,0.0,0.0,128.95,161.9,0,0.0,0
2014-11-10,2015-01-29,OPTSTK,HEROMOTOCO,3000.0,PE,0.0,0.0,0.0,150.2,187.3,0,0.0,0
2014-11-10,2015-01-29,OPTSTK,HEROMOTOCO,3050.0,PE,0.0,0.0,0.0,173.4,214.8,0,0.0,0
2014-11-10,2015-01-29,OPTSTK,HEROMOTOCO,3100.0,PE,0.0,0.0,0.0,198.55,244.35,0,0.0,0
2014-11-10,2015-01-29,OPTSTK,HEROMOTOCO,3150.0,PE,0.0,0.0,0.0,225.6,275.8,0,0.0,0
2014-11-10,2015-01-29,OPTSTK,HEROMOTOCO,3200.0,PE,0.0,0.0,0.0,254.5,309.1,0,0.0,0
2014-11-10,2015-01-29,OPTSTK,HEROMOTOCO,3250.0,PE,0.0,0.0,0.0,285.25,344.1,0,0.0,0
2014-11-10,2015-01-29,OPTSTK,HEROMOTOCO,3300.0,PE,0.0,0.0,0.0,317.65,380.85,0,0.0,0
2014-11-10,2015-01-29,OPTSTK,HEROMOTOCO,3350.0,PE,0.0,0.0,0.0,351.7,419.0,0,0.0,0
2014-11-10,2015-01-29,OPTSTK,HEROMOTOCO,3400.0,PE,0.0,0.0,0.0,387.25,458.35,0,0.0,0
2014-11-10,2015-01-29,OPTSTK,HEROMOTOCO,3450.0,PE,0.0,0.0,0.0,424.4,499.0,0,0.0,0
2014-11-10,2015-01-29,OPTSTK,HEROMOTOCO,3500.0,PE,0.0,0.0,0.0,462.8,540.8,0,0.0,0
2014-11-10,2015-01-29,OPTSTK,HEROMOTOCO,3550.0,PE,0.0,0.0,0.0,502.15,583.55,0,0.0,0
2014-11-10,2015-01-29,OPTSTK,HEROMOTOCO,3600.0,PE,0.0,0.0,0.0,542.8,627.2,0,0.0,0
2014-11-10,2014-11-27,OPTSTK,HEXAWARE,105.0,CE,0.0,0.0,0.0,57.2,105.4,0,0.0,0
2014-11-10,2014-11-27,OPTSTK,HEXAWARE,110.0,CE,0.0,0.0,0.0,52.35,100.4,0,0.0,0
2014-11-10,2014-11-27,OPTSTK,HEXAWARE,115.0,CE,0.0,0.0,0.0,47.55,95.4,0,0.0,0
2014-11-10,2014-11-27,OPTSTK,HEXAWARE,120.0,CE,0.0,0.0,0.0,42.8,90.45,0,0.0,0
2014-11-10,2014-11-27,OPTSTK,HEXAWARE,125.0,CE,0.0,0.0,0.0,38.2,85.45,0,0.0,0
2014-11-10,2014-11-27,OPTSTK,HEXAWARE,130.0,CE,0.0,0.0,0.0,33.75,80.5,0,0.0,0
2014-11-10,2014-11-27,OPTSTK,HEXAWARE,135.0,CE,0.0,0.0,0.0,29.5,75.5,0,0.0,0
2014-11-10,2014-11-27,OPTSTK,HEXAWARE,140.0,CE,0.0,0.0,0.0,25.5,70.55,0,0.0,0
2014-11-10,2014-11-27,OPTSTK,HEXAWARE,145.0,CE,0.0,0.0,0.0,21.8,65.55,0,0.0,0
2014-11-10,2014-11-27,OPTSTK,HEXAWARE,150.0,CE,0.0,0.0,0.0,18.4,60.6,0,0.0,0
2014-11-10,2014-11-27,OPTSTK,HEXAWARE,155.0,CE,0.0,0.0,0.0,15.35,55.7,0,0.0,0
2014-11-10,2014-11-27,OPTSTK,HEXAWARE,160.0,CE,0.0,0.0,0.0,20.8,50.8,0,0.0,2000
2014-11-10,2014-11-27,OPTSTK,HEXAWARE,165.0,CE,0.0,0.0,0.0,10.3,46.0,0,0.0,0
2014-11-10,2014-11-27,OPTSTK,HEXAWARE,170.0,CE,0.0,0.0,0.0,8.3,41.3,0,0.0,0
2014-11-10,2014-11-27,OPTSTK,HEXAWARE,175.0,CE,0.0,0.0,0.0,17.85,36.7,0,0.0,2000
2014-11-10,2014-11-27,OPTSTK,HEXAWARE,180.0,CE,0.0,0.0,0.0,20.0,32.35,0,0.0,4000
2014-11-10,2014-11-27,OPTSTK,HEXAWARE,185.0,CE,0.0,0.0,0.0,25.65,28.15,0,0.0,6000
2014-11-10,2014-11-27,OPTSTK,HEXAWARE,190.0,CE,20.35,20.35,20.35,20.35,20.35,1,4.2,60000
2014-11-10,2014-11-27,OPTSTK,HEXAWARE,195.0,CE,0.0,0.0,0.0,10.5,20.65,0,0.0,6000
2014-11-10,2014-11-27,OPTSTK,HEXAWARE,200.0,CE,13.35,16.8,12.0,13.55,13.55,31,132.34,118000
2014-11-10,2014-11-27,OPTSTK,HEXAWARE,205.0,CE,0.0,0.0,0.0,11.2,14.45,0,0.0,26000
2014-11-10,2014-11-27,OPTSTK,HEXAWARE,210.0,CE,7.7,10.4,6.75,7.8,7.8,179,782.3,216000
2014-11-10,2014-11-27,OPTSTK,HEXAWARE,215.0,CE,6.0,8.05,4.7,5.65,5.65,42,186.12,112000
2014-11-10,2014-11-27,OPTSTK,HEXAWARE,220.0,CE,3.95,6.0,3.5,4.1,4.1,242,1087.06,456000
2014-11-10,2014-11-27,OPTSTK,HEXAWARE,225.0,CE,2.75,4.3,2.5,3.05,3.05,18,82.13,42000
2014-11-10,2014-11-27,OPTSTK,HEXAWARE,230.0,CE,2.0,3.15,1.9,2.2,2.2,58,269.57,220000
2014-11-10,2014-11-27,OPTSTK,HEXAWARE,235.0,CE,1.4,2.3,1.4,1.5,1.5,3,14.2,18000
2014-11-10,2014-11-27,OPTSTK,HEXAWARE,240.0,CE,1.0,1.35,1.0,1.0,1.0,10,48.23,50000
2014-11-10,2014-11-27,OPTSTK,HEXAWARE,245.0,CE,0.75,1.1,0.5,0.9,0.9,8,39.33,30000
2014-11-10,2014-11-27,OPTSTK,HEXAWARE,250.0,CE,0.0,0.0,0.0,6.75,1.65,0,0.0,0
2014-11-10,2014-11-27,OPTSTK,HEXAWARE,255.0,CE,0.0,0.0,0.0,5.95,1.2,0,0.0,0
2014-11-10,2014-11-27,OPTSTK,HEXAWARE,105.0,PE,0.0,0.0,0.0,0.05,0.0,0,0.0,0
2014-11-10,2014-11-27,OPTSTK,HEXAWARE,110.0,PE,0.0,0.0,0.0,0.1,0.0,0,0.0,0
2014-11-10,2014-11-27,OPTSTK,HEXAWARE,115.0,PE,0.0,0.0,0.0,0.2,0.0,0,0.0,0
2014-11-10,2014-11-27,OPTSTK,HEXAWARE,120.0,PE,0.0,0.0,0.0,0.35,0.0,0,0.0,0
2014-11-10,2014-11-27,OPTSTK,HEXAWARE,125.0,PE,0.0,0.0,0.0,0.65,0.0,0,0.0,0
2014-11-10,2014-11-27,OPTSTK,HEXAWARE,130.0,PE,0.0,0.0,0.0,1.1,0.0,0,0.0,0
2014-11-10,2014-11-27,OPTSTK,HEXAWARE,135.0,PE,0.0,0.0,0.0,1.75,0.0,0,0.0,0
2014-11-10,2014-11-27,OPTSTK,HEXAWARE,140.0,PE,0.0,0.0,0.0,2.65,0.05,0,0.0,0
2014-11-10,2014-11-27,OPTSTK,HEXAWARE,145.0,PE,0.0,0.0,0.0,3.8,0.05,0,0.0,0
2014-11-10,2014-11-27,OPTSTK,HEXAWARE,150.0,PE,0.0,0.0,0.0,5.3,0.05,0,0.0,0
2014-11-10,2014-11-27,OPTSTK,HEXAWARE,155.0,PE,0.0,0.0,0.0,7.15,0.15,0,0.0,0
2014-11-10,2014-11-27,OPTSTK,HEXAWARE,160.0,PE,0.0,0.0,0.0,0.4,0.25,0,0.0,6000
2014-11-10,2014-11-27,OPTSTK,HEXAWARE,165.0,PE,0.0,0.0,0.0,11.9,0.4,0,0.0,0
2014-11-10,2014-11-27,OPTSTK,HEXAWARE,170.0,PE,0.0,0.0,0.0,0.4,0.65,0,0.0,10000
2014-11-10,2014-11-27,OPTSTK,HEXAWARE,175.0,PE,0.0,0.0,0.0,0.7,1.1,0,0.0,2000
2014-11-10,2014-11-27,OPTSTK,HEXAWARE,180.0,PE,0.9,1.05,0.8,0.8,0.8,8,28.94,94000
2014-11-10,2014-11-27,OPTSTK,HEXAWARE,185.0,PE,0.0,0.0,0.0,1.7,2.5,0,0.0,8000
2014-11-10,2014-11-27,OPTSTK,HEXAWARE,190.0,PE,2.15,2.45,1.8,2.4,2.4,44,169.08,198000
2014-11-10,2014-11-27,OPTSTK,HEXAWARE,195.0,PE,2.9,2.9,2.9,2.9,2.9,1,3.95,22000
2014-11-10,2014-11-27,OPTSTK,HEXAWARE,200.0,PE,4.25,5.7,3.5,4.6,4.6,82,335.81,172000
2014-11-10,2014-11-27,OPTSTK,HEXAWARE,205.0,PE,5.55,6.45,5.55,6.45,6.45,2,8.44,58000
2014-11-10,2014-11-27,OPTSTK,HEXAWARE,210.0,PE,8.75,10.0,7.15,8.8,8.8,45,196.79,108000
2014-11-10,2014-11-27,OPTSTK,HEXAWARE,215.0,PE,11.15,11.15,11.15,11.15,11.15,1,4.52,6000
2014-11-10,2014-11-27,OPTSTK,HEXAWARE,220.0,PE,15.9,16.3,14.5,15.6,15.6,10,47.1,12000
2014-11-10,2014-11-27,OPTSTK,HEXAWARE,225.0,PE,0.0,0.0,0.0,56.25,20.3,0,0.0,0
2014-11-10,2014-11-27,OPTSTK,HEXAWARE,230.0,PE,0.0,0.0,0.0,56.9,23.95,0,0.0,0
2014-11-10,2014-11-27,OPTSTK,HEXAWARE,235.0,PE,0.0,0.0,0.0,55.7,27.85,0,0.0,0
2014-11-10,2014-11-27,OPTSTK,HEXAWARE,240.0,PE,0.0,0.0,0.0,58.5,31.95,0,0.0,0
2014-11-10,2014-11-27,OPTSTK,HEXAWARE,245.0,PE,0.0,0.0,0.0,56.1,36.25,0,0.0,0
2014-11-10,2014-11-27,OPTSTK,HEXAWARE,250.0,PE,0.0,0.0,0.0,60.15,40.7,0,0.0,0
2014-11-10,2014-11-27,OPTSTK,HEXAWARE,255.0,PE,0.0,0.0,0.0,61.25,45.25,0,0.0,0
2014-11-10,2014-12-24,OPTSTK,HEXAWARE,115.0,CE,0.0,0.0,0.0,83.0,96.2,0,0.0,0
2014-11-10,2014-12-24,OPTSTK,HEXAWARE,120.0,CE,0.0,0.0,0.0,78.35,91.3,0,0.0,0
2014-11-10,2014-12-24,OPTSTK,HEXAWARE,125.0,CE,0.0,0.0,0.0,73.75,86.4,0,0.0,0
2014-11-10,2014-12-24,OPTSTK,HEXAWARE,130.0,CE,0.0,0.0,0.0,69.3,81.5,0,0.0,0
2014-11-10,2014-12-24,OPTSTK,HEXAWARE,135.0,CE,0.0,0.0,0.0,64.9,76.65,0,0.0,0
2014-11-10,2014-12-24,OPTSTK,HEXAWARE,140.0,CE,0.0,0.0,0.0,60.65,71.85,0,0.0,0
2014-11-10,2014-12-24,OPTSTK,HEXAWARE,145.0,CE,0.0,0.0,0.0,56.55,67.15,0,0.0,0
2014-11-10,2014-12-24,OPTSTK,HEXAWARE,150.0,CE,0.0,0.0,0.0,52.6,62.5,0,0.0,0
2014-11-10,2014-12-24,OPTSTK,HEXAWARE,155.0,CE,0.0,0.0,0.0,48.8,58.0,0,0.0,0
2014-11-10,2014-12-24,OPTSTK,HEXAWARE,160.0,CE,0.0,0.0,0.0,45.15,53.55,0,0.0,0
2014-11-10,2014-12-24,OPTSTK,HEXAWARE,165.0,CE,0.0,0.0,0.0,41.65,49.3,0,0.0,0
2014-11-10,2014-12-24,OPTSTK,HEXAWARE,170.0,CE,0.0,0.0,0.0,38.4,45.2,0,0.0,0
2014-11-10,2014-12-24,OPTSTK,HEXAWARE,175.0,CE,0.0,0.0,0.0,35.25,41.25,0,0.0,0
2014-11-10,2014-12-24,OPTSTK,HEXAWARE,180.0,CE,0.0,0.0,0.0,32.35,37.5,0,0.0,0
2014-11-10,2014-12-24,OPTSTK,HEXAWARE,185.0,CE,0.0,0.0,0.0,29.6,33.95,0,0.0,0
2014-11-10,2014-12-24,OPTSTK,HEXAWARE,190.0,CE,0.0,0.0,0.0,27.0,30.6,0,0.0,0
2014-11-10,2014-12-24,OPTSTK,HEXAWARE,195.0,CE,0.0,0.0,0.0,24.65,27.5,0,0.0,0
2014-11-10,2014-12-24,OPTSTK,HEXAWARE,200.0,CE,0.0,0.0,0.0,22.4,24.6,0,0.0,0
2014-11-10,2014-12-24,OPTSTK,HEXAWARE,205.0,CE,0.0,0.0,0.0,20.35,21.95,0,0.0,0
2014-11-10,2014-12-24,OPTSTK,HEXAWARE,210.0,CE,0.0,0.0,0.0,18.45,19.5,0,0.0,0
2014-11-10,2014-12-24,OPTSTK,HEXAWARE,215.0,CE,0.0,0.0,0.0,16.7,17.25,0,0.0,0
2014-11-10,2014-12-24,OPTSTK,HEXAWARE,220.0,CE,0.0,0.0,0.0,15.1,15.2,0,0.0,0
2014-11-10,2014-12-24,OPTSTK,HEXAWARE,225.0,CE,0.0,0.0,0.0,13.65,13.35,0,0.0,0
2014-11-10,2014-12-24,OPTSTK,HEXAWARE,230.0,CE,0.0,0.0,0.0,12.3,11.7,0,0.0,0
2014-11-10,2014-12-24,OPTSTK,HEXAWARE,235.0,CE,0.0,0.0,0.0,11.05,10.2,0,0.0,0
2014-11-10,2014-12-24,OPTSTK,HEXAWARE,240.0,CE,0.0,0.0,0.0,9.95,8.9,0,0.0,0
2014-11-10,2014-12-24,OPTSTK,HEXAWARE,245.0,CE,0.0,0.0,0.0,8.95,7.75,0,0.0,0
2014-11-10,2014-12-24,OPTSTK,HEXAWARE,250.0,CE,0.0,0.0,0.0,8.05,6.7,0,0.0,0
2014-11-10,2014-12-24,OPTSTK,HEXAWARE,255.0,CE,0.0,0.0,0.0,7.2,5.75,0,0.0,0
2014-11-10,2014-12-24,OPTSTK,HEXAWARE,115.0,PE,0.0,0.0,0.0,0.55,0.05,0,0.0,0
2014-11-10,2014-12-24,OPTSTK,HEXAWARE,120.0,PE,0.0,0.0,0.0,0.75,0.05,0,0.0,0
2014-11-10,2014-12-24,OPTSTK,HEXAWARE,125.0,PE,0.0,0.0,0.0,1.1,0.1,0,0.0,0
2014-11-10,2014-12-24,OPTSTK,HEXAWARE,130.0,PE,0.0,0.0,0.0,1.5,0.2,0,0.0,0
2014-11-10,2014-12-24,OPTSTK,HEXAWARE,135.0,PE,0.0,0.0,0.0,2.0,0.3,0,0.0,0
2014-11-10,2014-12-24,OPTSTK,HEXAWARE,140.0,PE,0.0,0.0,0.0,2.65,0.45,0,0.0,0
2014-11-10,2014-12-24,OPTSTK,HEXAWARE,145.0,PE,0.0,0.0,0.0,3.45,0.7,0,0.0,0
2014-11-10,2014-12-24,OPTSTK,HEXAWARE,150.0,PE,0.0,0.0,0.0,4.35,1.0,0,0.0,0
2014-11-10,2014-12-24,OPTSTK,HEXAWARE,155.0,PE,0.0,0.0,0.0,5.45,1.4,0,0.0,0
2014-11-10,2014-12-24,OPTSTK,HEXAWARE,160.0,PE,0.0,0.0,0.0,6.7,1.95,0,0.0,0
2014-11-10,2014-12-24,OPTSTK,HEXAWARE,165.0,PE,0.0,0.0,0.0,8.1,2.6,0,0.0,0
2014-11-10,2014-12-24,OPTSTK,HEXAWARE,170.0,PE,0.0,0.0,0.0,9.7,3.45,0,0.0,0
2014-11-10,2014-12-24,OPTSTK,HEXAWARE,175.0,PE,0.0,0.0,0.0,11.5,4.45,0,0.0,0
2014-11-10,2014-12-24,OPTSTK,HEXAWARE,180.0,PE,0.0,0.0,0.0,13.45,5.65,0,0.0,0
2014-11-10,2014-12-24,OPTSTK,HEXAWARE,185.0,PE,0.0,0.0,0.0,15.6,7.05,0,0.0,0
2014-11-10,2014-12-24,OPTSTK,HEXAWARE,190.0,PE,0.0,0.0,0.0,17.95,8.65,0,0.0,0
2014-11-10,2014-12-24,OPTSTK,HEXAWARE,195.0,PE,0.0,0.0,0.0,20.45,10.5,0,0.0,0
2014-11-10,2014-12-24,OPTSTK,HEXAWARE,200.0,PE,0.0,0.0,0.0,23.1,12.55,0,0.0,0
2014-11-10,2014-12-24,OPTSTK,HEXAWARE,205.0,PE,0.0,0.0,0.0,25.95,14.85,0,0.0,0
2014-11-10,2014-12-24,OPTSTK,HEXAWARE,210.0,PE,0.0,0.0,0.0,28.95,17.35,0,0.0,0
2014-11-10,2014-12-24,OPTSTK,HEXAWARE,215.0,PE,0.0,0.0,0.0,32.05,20.05,0,0.0,0
2014-11-10,2014-12-24,OPTSTK,HEXAWARE,220.0,PE,0.0,0.0,0.0,35.35,22.95,0,0.0,0
2014-11-10,2014-12-24,OPTSTK,HEXAWARE,225.0,PE,0.0,0.0,0.0,38.75,26.05,0,0.0,0
2014-11-10,2014-12-24,OPTSTK,HEXAWARE,230.0,PE,0.0,0.0,0.0,42.3,29.35,0,0.0,0
2014-11-10,2014-12-24,OPTSTK,HEXAWARE,235.0,PE,0.0,0.0,0.0,46.0,32.8,0,0.0,0
2014-11-10,2014-12-24,OPTSTK,HEXAWARE,240.0,PE,0.0,0.0,0.0,49.8,36.45,0,0.0,0
2014-11-10,2014-12-24,OPTSTK,HEXAWARE,245.0,PE,0.0,0.0,0.0,53.65,40.2,0,0.0,0
2014-11-10,2014-12-24,OPTSTK,HEXAWARE,250.0,PE,0.0,0.0,0.0,57.65,44.15,0,0.0,0
2014-11-10,2014-12-24,OPTSTK,HEXAWARE,255.0,PE,0.0,0.0,0.0,61.7,48.15,0,0.0,0
2014-11-10,2015-01-29,OPTSTK,HEXAWARE,115.0,CE,0.0,0.0,0.0,83.55,97.45,0,0.0,0
2014-11-10,2015-01-29,OPTSTK,HEXAWARE,120.0,CE,0.0,0.0,0.0,78.8,92.7,0,0.0,0
2014-11-10,2015-01-29,OPTSTK,HEXAWARE,125.0,CE,0.0,0.0,0.0,74.15,88.0,0,0.0,0
2014-11-10,2015-01-29,OPTSTK,HEXAWARE,130.0,CE,0.0,0.0,0.0,69.55,83.4,0,0.0,0
2014-11-10,2015-01-29,OPTSTK,HEXAWARE,135.0,CE,0.0,0.0,0.0,65.1,78.85,0,0.0,0
2014-11-10,2015-01-29,OPTSTK,HEXAWARE,140.0,CE,0.0,0.0,0.0,60.7,74.35,0,0.0,0
2014-11-10,2015-01-29,OPTSTK,HEXAWARE,145.0,CE,0.0,0.0,0.0,56.45,70.0,0,0.0,0
2014-11-10,2015-01-29,OPTSTK,HEXAWARE,150.0,CE,0.0,0.0,0.0,52.35,65.8,0,0.0,0
2014-11-10,2015-01-29,OPTSTK,HEXAWARE,155.0,CE,0.0,0.0,0.0,48.4,61.65,0,0.0,0
2014-11-10,2015-01-29,OPTSTK,HEXAWARE,160.0,CE,0.0,0.0,0.0,44.6,57.7,0,0.0,0
2014-11-10,2015-01-29,OPTSTK,HEXAWARE,165.0,CE,0.0,0.0,0.0,41.0,53.85,0,0.0,0
2014-11-10,2015-01-29,OPTSTK,HEXAWARE,170.0,CE,0.0,0.0,0.0,37.6,50.2,0,0.0,0
2014-11-10,2015-01-29,OPTSTK,HEXAWARE,175.0,CE,0.0,0.0,0.0,34.35,46.65,0,0.0,0
2014-11-10,2015-01-29,OPTSTK,HEXAWARE,180.0,CE,0.0,0.0,0.0,31.3,43.3,0,0.0,0
2014-11-10,2015-01-29,OPTSTK,HEXAWARE,185.0,CE,0.0,0.0,0.0,28.45,40.1,0,0.0,0
2014-11-10,2015-01-29,OPTSTK,HEXAWARE,190.0,CE,0.0,0.0,0.0,25.8,37.1,0,0.0,0
2014-11-10,2015-01-29,OPTSTK,HEXAWARE,195.0,CE,0.0,0.0,0.0,23.35,34.25,0,0.0,0
2014-11-10,2015-01-29,OPTSTK,HEXAWARE,200.0,CE,0.0,0.0,0.0,21.05,31.55,0,0.0,0
2014-11-10,2015-01-29,OPTSTK,HEXAWARE,205.0,CE,0.0,0.0,0.0,18.95,29.0,0,0.0,0
2014-11-10,2015-01-29,OPTSTK,HEXAWARE,210.0,CE,0.0,0.0,0.0,17.05,26.65,0,0.0,0
2014-11-10,2015-01-29,OPTSTK,HEXAWARE,215.0,CE,0.0,0.0,0.0,15.3,24.45,0,0.0,0
2014-11-10,2015-01-29,OPTSTK,HEXAWARE,220.0,CE,0.0,0.0,0.0,13.65,22.4,0,0.0,0
2014-11-10,2015-01-29,OPTSTK,HEXAWARE,225.0,CE,0.0,0.0,0.0,12.2,20.45,0,0.0,0
2014-11-10,2015-01-29,OPTSTK,HEXAWARE,230.0,CE,0.0,0.0,0.0,10.9,18.7,0,0.0,0
2014-11-10,2015-01-29,OPTSTK,HEXAWARE,235.0,CE,0.0,0.0,0.0,9.7,17.05,0,0.0,0
2014-11-10,2015-01-29,OPTSTK,HEXAWARE,240.0,CE,0.0,0.0,0.0,8.6,15.55,0,0.0,0
2014-11-10,2015-01-29,OPTSTK,HEXAWARE,245.0,CE,0.0,0.0,0.0,7.65,14.15,0,0.0,0
2014-11-10,2015-01-29,OPTSTK,HEXAWARE,250.0,CE,0.0,0.0,0.0,6.8,12.85,0,0.0,0
2014-11-10,2015-01-29,OPTSTK,HEXAWARE,255.0,CE,0.0,0.0,0.0,6.0,11.7,0,0.0,0
2014-11-10,2015-01-29,OPTSTK,HEXAWARE,115.0,PE,0.0,0.0,0.0,0.3,0.35,0,0.0,0
2014-11-10,2015-01-29,OPTSTK,HEXAWARE,120.0,PE,0.0,0.0,0.0,0.5,0.5,0,0.0,0
2014-11-10,2015-01-29,OPTSTK,HEXAWARE,125.0,PE,0.0,0.0,0.0,0.7,0.7,0,0.0,0
2014-11-10,2015-01-29,OPTSTK,HEXAWARE,130.0,PE,0.0,0.0,0.0,1.0,0.95,0,0.0,0
2014-11-10,2015-01-29,OPTSTK,HEXAWARE,135.0,PE,0.0,0.0,0.0,1.4,1.3,0,0.0,0
2014-11-10,2015-01-29,OPTSTK,HEXAWARE,140.0,PE,0.0,0.0,0.0,1.95,1.75,0,0.0,0
2014-11-10,2015-01-29,OPTSTK,HEXAWARE,145.0,PE,0.0,0.0,0.0,2.55,2.3,0,0.0,0
2014-11-10,2015-01-29,OPTSTK,HEXAWARE,150.0,PE,0.0,0.0,0.0,3.35,3.0,0,0.0,0
2014-11-10,2015-01-29,OPTSTK,HEXAWARE,155.0,PE,0.0,0.0,0.0,4.3,3.8,0,0.0,0
2014-11-10,2015-01-29,OPTSTK,HEXAWARE,160.0,PE,0.0,0.0,0.0,5.4,4.7,0,0.0,0
2014-11-10,2015-01-29,OPTSTK,HEXAWARE,165.0,PE,0.0,0.0,0.0,6.7,5.8,0,0.0,0
2014-11-10,2015-01-29,OPTSTK,HEXAWARE,170.0,PE,0.0,0.0,0.0,8.15,7.0,0,0.0,0
2014-11-10,2015-01-29,OPTSTK,HEXAWARE,175.0,PE,0.0,0.0,0.0,9.8,8.4,0,0.0,0
2014-11-10,2015-01-29,OPTSTK,HEXAWARE,180.0,PE,0.0,0.0,0.0,11.65,9.95,0,0.0,0
2014-11-10,2015-01-29,OPTSTK,HEXAWARE,185.0,PE,0.0,0.0,0.0,13.7,11.65,0,0.0,0
2014-11-10,2015-01-29,OPTSTK,HEXAWARE,190.0,PE,0.0,0.0,0.0,15.95,13.55,0,0.0,0
2014-11-10,2015-01-29,OPTSTK,HEXAWARE,195.0,PE,0.0,0.0,0.0,18.4,15.6,0,0.0,0
2014-11-10,2015-01-29,OPTSTK,HEXAWARE,200.0,PE,0.0,0.0,0.0,21.0,17.8,0,0.0,0
2014-11-10,2015-01-29,OPTSTK,HEXAWARE,205.0,PE,0.0,0.0,0.0,23.8,20.2,0,0.0,0
2014-11-10,2015-01-29,OPTSTK,HEXAWARE,210.0,PE,0.0,0.0,0.0,26.75,22.7,0,0.0,0
2014-11-10,2015-01-29,OPTSTK,HEXAWARE,215.0,PE,0.0,0.0,0.0,29.9,25.4,0,0.0,0
2014-11-10,2015-01-29,OPTSTK,HEXAWARE,220.0,PE,0.0,0.0,0.0,33.15,28.25,0,0.0,0
2014-11-10,2015-01-29,OPTSTK,HEXAWARE,225.0,PE,0.0,0.0,0.0,36.6,31.25,0,0.0,0
2014-11-10,2015-01-29,OPTSTK,HEXAWARE,230.0,PE,0.0,0.0,0.0,40.15,34.4,0,0.0,0
2014-11-10,2015-01-29,OPTSTK,HEXAWARE,235.0,PE,0.0,0.0,0.0,43.9,37.65,0,0.0,0
2014-11-10,2015-01-29,OPTSTK,HEXAWARE,240.0,PE,0.0,0.0,0.0,47.7,41.05,0,0.0,0
2014-11-10,2015-01-29,OPTSTK,HEXAWARE,245.0,PE,0.0,0.0,0.0,51.6,44.55,0,0.0,0
2014-11-10,2015-01-29,OPTSTK,HEXAWARE,250.0,PE,0.0,0.0,0.0,55.65,48.2,0,0.0,0
2014-11-10,2015-01-29,OPTSTK,HEXAWARE,255.0,PE,0.0,0.0,0.0,59.75,51.9,0,0.0,0
2014-11-10,2014-11-27,OPTSTK,HINDALCO,105.0,CE,0.0,0.0,0.0,68.1,47.45,0,0.0,0
2014-11-10,2014-11-27,OPTSTK,HINDALCO,110.0,CE,0.0,0.0,0.0,63.55,42.45,0,0.0,0
2014-11-10,2014-11-27,OPTSTK,HINDALCO,115.0,CE,0.0,0.0,0.0,59.1,37.55,0,0.0,0
2014-11-10,2014-11-27,OPTSTK,HINDALCO,120.0,CE,0.0,0.0,0.0,54.85,32.65,0,0.0,0
2014-11-10,2014-11-27,OPTSTK,HINDALCO,125.0,CE,0.0,0.0,0.0,50.7,27.85,0,0.0,0
2014-11-10,2014-11-27,OPTSTK,HINDALCO,130.0,CE,0.0,0.0,0.0,33.7,23.3,0,0.0,6000
2014-11-10,2014-11-27,OPTSTK,HINDALCO,135.0,CE,0.0,0.0,0.0,15.25,19.0,0,0.0,2000
2014-11-10,2014-11-27,OPTSTK,HINDALCO,140.0,CE,0.0,0.0,0.0,23.5,15.05,0,0.0,14000
2014-11-10,2014-11-27,OPTSTK,HINDALCO,145.0,CE,0.0,0.0,0.0,21.05,11.6,0,0.0,14000
2014-11-10,2014-11-27,OPTSTK,HINDALCO,150.0,CE,7.95,8.55,7.05,7.25,7.25,128,403.65,244000
2014-11-10,2014-11-27,OPTSTK,HINDALCO,155.0,CE,6.15,6.35,4.7,4.95,4.95,362,1160.2,464000
2014-11-10,2014-11-27,OPTSTK,HINDALCO,160.0,CE,4.4,4.9,3.0,3.2,3.2,861,2815.79,1362000
2014-11-10,2014-11-27,OPTSTK,HINDALCO,165.0,CE,3.1,3.1,1.9,2.05,2.05,319,1067.06,600000
2014-11-10,2014-11-27,OPTSTK,HINDALCO,170.0,CE,1.9,2.0,1.15,1.25,1.25,405,1388.72,952000
2014-11-10,2014-11-27,OPTSTK,HINDALCO,175.0,CE,1.25,1.25,0.75,0.8,0.8,98,344.7,322000
2014-11-10,2014-11-27,OPTSTK,HINDALCO,180.0,CE,0.8,0.85,0.5,0.55,0.55,150,541.78,390000
2014-11-10,2014-11-27,OPTSTK,HINDALCO,185.0,CE,0.45,0.45,0.25,0.3,0.3,8,29.65,164000
2014-11-10,2014-11-27,OPTSTK,HINDALCO,190.0,CE,0.25,0.25,0.25,0.25,0.25,5,19.02,194000
2014-11-10,2014-11-27,OPTSTK,HINDALCO,195.0,CE,0.0,0.0,0.0,4.25,0.2,0,0.0,10000
2014-11-10,2014-11-27,OPTSTK,HINDALCO,200.0,CE,0.15,0.15,0.1,0.1,0.1,12,48.02,214000
2014-11-10,2014-11-27,OPTSTK,HINDALCO,205.0,CE,0.0,0.0,0.0,10.0,0.05,0,0.0,0
2014-11-10,2014-11-27,OPTSTK,HINDALCO,210.0,CE,0.0,0.0,0.0,0.2,0.05,0,0.0,2000
2014-11-10,2014-11-27,OPTSTK,HINDALCO,215.0,CE,0.0,0.0,0.0,7.85,0.05,0,0.0,0
2014-11-10,2014-11-27,OPTSTK,HINDALCO,220.0,CE,0.0,0.0,0.0,6.95,0.05,0,0.0,0
2014-11-10,2014-11-27,OPTSTK,HINDALCO,225.0,CE,0.0,0.0,0.0,6.15,0.0,0,0.0,0
2014-11-10,2014-11-27,OPTSTK,HINDALCO,230.0,CE,0.0,0.0,0.0,5.45,0.0,0,0.0,0
2014-11-10,2014-11-27,OPTSTK,HINDALCO,235.0,CE,0.0,0.0,0.0,4.8,0.0,0,0.0,0
2014-11-10,2014-11-27,OPTSTK,HINDALCO,105.0,PE,0.0,0.0,0.0,0.75,0.0,0,0.0,0
2014-11-10,2014-11-27,OPTSTK,HINDALCO,110.0,PE,0.0,0.0,0.0,1.1,0.05,0,0.0,0
2014-11-10,2014-11-27,OPTSTK,HINDALCO,115.0,PE,0.0,0.0,0.0,0.3,0.05,0,0.0,8000
2014-11-10,2014-11-27,OPTSTK,HINDALCO,120.0,PE,0.0,0.0,0.0,0.3,0.15,0,0.0,2000
2014-11-10,2014-11-27,OPTSTK,HINDALCO,125.0,PE,0.15,0.15,0.15,0.15,0.15,1,2.5,26000
2014-11-10,2014-11-27,OPTSTK,HINDALCO,130.0,PE,0.4,0.5,0.35,0.5,0.5,24,62.61,118000
2014-11-10,2014-11-27,OPTSTK,HINDALCO,135.0,PE,0.85,0.9,0.85,0.9,0.9,16,43.48,102000
2014-11-10,2014-11-27,OPTSTK,HINDALCO,140.0,PE,1.0,1.6,1.0,1.55,1.55,178,503.34,460000
2014-11-10,2014-11-27,OPTSTK,HINDALCO,145.0,PE,2.0,2.8,1.85,2.75,2.75,199,586.76,302000
2014-11-10,2014-11-27,OPTSTK,HINDALCO,150.0,PE,3.5,4.65,3.0,4.5,4.5,375,1155.34,454000
2014-11-10,2014-11-27,OPTSTK,HINDALCO,155.0,PE,5.15,7.05,5.1,6.85,6.85,301,971.84,338000
2014-11-10,2014-11-27,OPTSTK,HINDALCO,160.0,PE,7.65,10.4,7.65,10.15,10.15,129,437.19,244000
2014-11-10,2014-11-27,OPTSTK,HINDALCO,165.0,PE,11.6,14.1,11.4,14.1,14.1,39,138.9,76000
2014-11-10,2014-11-27,OPTSTK,HINDALCO,170.0,PE,17.75,17.75,17.75,17.75,17.75,1,3.75,100000
2014-11-10,2014-11-27,OPTSTK,HINDALCO,175.0,PE,0.0,0.0,0.0,16.55,23.6,0,0.0,22000
2014-11-10,2014-11-27,OPTSTK,HINDALCO,180.0,PE,0.0,0.0,0.0,22.0,28.1,0,0.0,50000
2014-11-10,2014-11-27,OPTSTK,HINDALCO,185.0,PE,0.0,0.0,0.0,24.5,32.8,0,0.0,34000
2014-11-10,2014-11-27,OPTSTK,HINDALCO,190.0,PE,0.0,0.0,0.0,29.0,37.55,0,0.0,40000
2014-11-10,2014-11-27,OPTSTK,HINDALCO,195.0,PE,0.0,0.0,0.0,39.0,42.4,0,0.0,4000
2014-11-10,2014-11-27,OPTSTK,HINDALCO,200.0,PE,0.0,0.0,0.0,42.4,47.35,0,0.0,128000
2014-11-10,2014-11-27,OPTSTK,HINDALCO,205.0,PE,0.0,0.0,0.0,40.5,52.25,0,0.0,0
2014-11-10,2014-11-27,OPTSTK,HINDALCO,210.0,PE,0.0,0.0,0.0,63.75,57.2,0,0.0,18000
2014-11-10,2014-11-27,OPTSTK,HINDALCO,215.0,PE,0.0,0.0,0.0,48.2,62.2,0,0.0,0
2014-11-10,2014-11-27,OPTSTK,HINDALCO,220.0,PE,0.0,0.0,0.0,52.2,67.15,0,0.0,0
2014-11-10,2014-11-27,OPTSTK,HINDALCO,225.0,PE,0.0,0.0,0.0,56.3,72.15,0,0.0,0
2014-11-10,2014-11-27,OPTSTK,HINDALCO,230.0,PE,0.0,0.0,0.0,60.45,77.1,0,0.0,0
2014-11-10,2014-11-27,OPTSTK,HINDALCO,235.0,PE,0.0,0.0,0.0,64.7,82.1,0,0.0,0
2014-11-10,2014-12-24,OPTSTK,HINDALCO,105.0,CE,0.0,0.0,0.0,47.35,48.35,0,0.0,0
2014-11-10,2014-12-24,OPTSTK,HINDALCO,110.0,CE,0.0,0.0,0.0,42.95,43.6,0,0.0,0
2014-11-10,2014-12-24,OPTSTK,HINDALCO,115.0,CE,0.0,0.0,0.0,38.7,39.0,0,0.0,0
2014-11-10,2014-12-24,OPTSTK,HINDALCO,120.0,CE,0.0,0.0,0.0,34.7,34.55,0,0.0,0
2014-11-10,2014-12-24,OPTSTK,HINDALCO,125.0,CE,0.0,0.0,0.0,30.9,30.35,0,0.0,0
2014-11-10,2014-12-24,OPTSTK,HINDALCO,130.0,CE,0.0,0.0,0.0,27.35,26.35,0,0.0,0
2014-11-10,2014-12-24,OPTSTK,HINDALCO,135.0,CE,0.0,0.0,0.0,24.05,22.7,0,0.0,0
2014-11-10,2014-12-24,OPTSTK,HINDALCO,140.0,CE,0.0,0.0,0.0,21.05,19.3,0,0.0,0
2014-11-10,2014-12-24,OPTSTK,HINDALCO,145.0,CE,0.0,0.0,0.0,18.3,16.3,0,0.0,0
2014-11-10,2014-12-24,OPTSTK,HINDALCO,150.0,CE,0.0,0.0,0.0,15.8,13.6,0,0.0,0
2014-11-10,2014-12-24,OPTSTK,HINDALCO,155.0,CE,0.0,0.0,0.0,13.6,11.25,0,0.0,0
2014-11-10,2014-12-24,OPTSTK,HINDALCO,160.0,CE,6.45,6.55,6.0,6.05,6.05,13,43.25,24000
2014-11-10,2014-12-24,OPTSTK,HINDALCO,165.0,CE,0.0,0.0,0.0,9.95,7.45,0,0.0,0
2014-11-10,2014-12-24,OPTSTK,HINDALCO,170.0,CE,0.0,0.0,0.0,8.45,6.0,0,0.0,0
2014-11-10,2014-12-24,OPTSTK,HINDALCO,175.0,CE,0.0,0.0,0.0,7.15,4.8,0,0.0,0
2014-11-10,2014-12-24,OPTSTK,HINDALCO,180.0,CE,0.0,0.0,0.0,6.0,3.8,0,0.0,0
2014-11-10,2014-12-24,OPTSTK,HINDALCO,185.0,CE,0.0,0.0,0.0,5.05,3.0,0,0.0,0
2014-11-10,2014-12-24,OPTSTK,HINDALCO,190.0,CE,0.0,0.0,0.0,4.25,2.35,0,0.0,0
2014-11-10,2014-12-24,OPTSTK,HINDALCO,195.0,CE,0.0,0.0,0.0,3.55,1.8,0,0.0,0
2014-11-10,2014-12-24,OPTSTK,HINDALCO,200.0,CE,0.0,0.0,0.0,2.95,1.4,0,0.0,0
2014-11-10,2014-12-24,OPTSTK,HINDALCO,205.0,CE,0.0,0.0,0.0,2.45,1.1,0,0.0,0
2014-11-10,2014-12-24,OPTSTK,HINDALCO,210.0,CE,0.0,0.0,0.0,2.0,0.85,0,0.0,0
2014-11-10,2014-12-24,OPTSTK,HINDALCO,215.0,CE,0.0,0.0,0.0,1.65,0.65,0,0.0,0
2014-11-10,2014-12-24,OPTSTK,HINDALCO,220.0,CE,0.0,0.0,0.0,1.35,0.5,0,0.0,0
2014-11-10,2014-12-24,OPTSTK,HINDALCO,105.0,PE,0.0,0.0,0.0,0.9,0.25,0,0.0,0
2014-11-10,2014-12-24,OPTSTK,HINDALCO,110.0,PE,0.0,0.0,0.0,1.4,0.45,0,0.0,0
2014-11-10,2014-12-24,OPTSTK,HINDALCO,115.0,PE,0.0,0.0,0.0,2.05,0.8,0,0.0,0
2014-11-10,2014-12-24,OPTSTK,HINDALCO,120.0,PE,0.0,0.0,0.0,2.9,1.3,0,0.0,0
2014-11-10,2014-12-24,OPTSTK,HINDALCO,125.0,PE,0.0,0.0,0.0,4.0,2.05,0,0.0,0
2014-11-10,2014-12-24,OPTSTK,HINDALCO,130.0,PE,0.0,0.0,0.0,5.35,3.0,0,0.0,0
2014-11-10,2014-12-24,OPTSTK,HINDALCO,135.0,PE,0.0,0.0,0.0,6.95,4.25,0,0.0,0
2014-11-10,2014-12-24,OPTSTK,HINDALCO,140.0,PE,0.0,0.0,0.0,8.85,5.85,0,0.0,0
2014-11-10,2014-12-24,OPTSTK,HINDALCO,145.0,PE,0.0,0.0,0.0,11.0,7.75,0,0.0,0
2014-11-10,2014-12-24,OPTSTK,HINDALCO,150.0,PE,0.0,0.0,0.0,13.4,10.0,0,0.0,0
2014-11-10,2014-12-24,OPTSTK,HINDALCO,155.0,PE,0.0,0.0,0.0,16.1,12.6,0,0.0,0
2014-11-10,2014-12-24,OPTSTK,HINDALCO,160.0,PE,11.55,12.3,11.55,12.3,12.3,2,6.87,10000
2014-11-10,2014-12-24,OPTSTK,HINDALCO,165.0,PE,15.2,15.2,15.2,15.2,15.2,1,3.6,2000
2014-11-10,2014-12-24,OPTSTK,HINDALCO,170.0,PE,0.0,0.0,0.0,15.0,22.25,0,0.0,6000
2014-11-10,2014-12-24,OPTSTK,HINDALCO,175.0,PE,0.0,0.0,0.0,29.2,26.0,0,0.0,0
2014-11-10,2014-12-24,OPTSTK,HINDALCO,180.0,PE,0.0,0.0,0.0,24.35,29.9,0,0.0,2000
2014-11-10,2014-12-24,OPTSTK,HINDALCO,185.0,PE,0.0,0.0,0.0,36.85,34.05,0,0.0,0
2014-11-10,2014-12-24,OPTSTK,HINDALCO,190.0,PE,0.0,0.0,0.0,26.0,38.35,0,0.0,2000
2014-11-10,2014-12-24,OPTSTK,HINDALCO,195.0,PE,0.0,0.0,0.0,45.1,42.8,0,0.0,0
2014-11-10,2014-12-24,OPTSTK,HINDALCO,200.0,PE,0.0,0.0,0.0,40.5,47.3,0,0.0,38000
2014-11-10,2014-12-24,OPTSTK,HINDALCO,205.0,PE,0.0,0.0,0.0,53.8,51.95,0,0.0,0
2014-11-10,2014-12-24,OPTSTK,HINDALCO,210.0,PE,0.0,0.0,0.0,58.3,56.65,0,0.0,0
2014-11-10,2014-12-24,OPTSTK,HINDALCO,215.0,PE,0.0,0.0,0.0,62.85,61.4,0,0.0,0
2014-11-10,2014-12-24,OPTSTK,HINDALCO,220.0,PE,0.0,0.0,0.0,67.4,66.2,0,0.0,0
2014-11-10,2015-01-29,OPTSTK,HINDALCO,105.0,CE,0.0,0.0,0.0,58.7,50.05,0,0.0,0
2014-11-10,2015-01-29,OPTSTK,HINDALCO,110.0,CE,0.0,0.0,0.0,54.3,45.65,0,0.0,0
2014-11-10,2015-01-29,OPTSTK,HINDALCO,115.0,CE,0.0,0.0,0.0,50.05,41.4,0,0.0,0
2014-11-10,2015-01-29,OPTSTK,HINDALCO,120.0,CE,0.0,0.0,0.0,46.0,37.4,0,0.0,0
2014-11-10,2015-01-29,OPTSTK,HINDALCO,125.0,CE,0.0,0.0,0.0,42.05,33.6,0,0.0,0
2014-11-10,2015-01-29,OPTSTK,HINDALCO,130.0,CE,0.0,0.0,0.0,38.35,30.0,0,0.0,0
2014-11-10,2015-01-29,OPTSTK,HINDALCO,135.0,CE,0.0,0.0,0.0,34.85,26.7,0,0.0,0
2014-11-10,2015-01-29,OPTSTK,HINDALCO,140.0,CE,0.0,0.0,0.0,31.55,23.6,0,0.0,0
2014-11-10,2015-01-29,OPTSTK,HINDALCO,145.0,CE,0.0,0.0,0.0,28.5,20.8,0,0.0,0
2014-11-10,2015-01-29,OPTSTK,HINDALCO,150.0,CE,0.0,0.0,0.0,25.65,18.25,0,0.0,0
2014-11-10,2015-01-29,OPTSTK,HINDALCO,155.0,CE,0.0,0.0,0.0,23.0,15.95,0,0.0,0
2014-11-10,2015-01-29,OPTSTK,HINDALCO,160.0,CE,0.0,0.0,0.0,20.55,13.85,0,0.0,0
2014-11-10,2015-01-29,OPTSTK,HINDALCO,165.0,CE,0.0,0.0,0.0,18.35,12.0,0,0.0,0
2014-11-10,2015-01-29,OPTSTK,HINDALCO,170.0,CE,0.0,0.0,0.0,16.35,10.35,0,0.0,0
2014-11-10,2015-01-29,OPTSTK,HINDALCO,175.0,CE,0.0,0.0,0.0,14.5,8.9,0,0.0,0
2014-11-10,2015-01-29,OPTSTK,HINDALCO,180.0,CE,0.0,0.0,0.0,12.85,7.65,0,0.0,0
2014-11-10,2015-01-29,OPTSTK,HINDALCO,185.0,CE,0.0,0.0,0.0,11.35,6.55,0,0.0,0
2014-11-10,2015-01-29,OPTSTK,HINDALCO,190.0,CE,0.0,0.0,0.0,10.05,5.6,0,0.0,0
2014-11-10,2015-01-29,OPTSTK,HINDALCO,195.0,CE,0.0,0.0,0.0,8.85,4.75,0,0.0,0
2014-11-10,2015-01-29,OPTSTK,HINDALCO,200.0,CE,0.0,0.0,0.0,7.8,4.05,0,0.0,0
2014-11-10,2015-01-29,OPTSTK,HINDALCO,205.0,CE,0.0,0.0,0.0,6.85,3.4,0,0.0,0
2014-11-10,2015-01-29,OPTSTK,HINDALCO,210.0,CE,0.0,0.0,0.0,6.0,2.9,0,0.0,0
2014-11-10,2015-01-29,OPTSTK,HINDALCO,215.0,CE,0.0,0.0,0.0,5.25,2.45,0,0.0,0
2014-11-10,2015-01-29,OPTSTK,HINDALCO,220.0,CE,0.0,0.0,0.0,4.6,2.05,0,0.0,0
2014-11-10,2015-01-29,OPTSTK,HINDALCO,105.0,PE,0.0,0.0,0.0,1.1,1.05,0,0.0,0
2014-11-10,2015-01-29,OPTSTK,HINDALCO,110.0,PE,0.0,0.0,0.0,1.6,1.55,0,0.0,0
2014-11-10,2015-01-29,OPTSTK,HINDALCO,115.0,PE,0.0,0.0,0.0,2.25,2.25,0,0.0,0
2014-11-10,2015-01-29,OPTSTK,HINDALCO,120.0,PE,0.0,0.0,0.0,3.05,3.1,0,0.0,0
2014-11-10,2015-01-29,OPTSTK,HINDALCO,125.0,PE,0.0,0.0,0.0,4.0,4.2,0,0.0,0
2014-11-10,2015-01-29,OPTSTK,HINDALCO,130.0,PE,0.0,0.0,0.0,5.2,5.55,0,0.0,0
2014-11-10,2015-01-29,OPTSTK,HINDALCO,135.0,PE,0.0,0.0,0.0,6.6,7.15,0,0.0,0
2014-11-10,2015-01-29,OPTSTK,HINDALCO,140.0,PE,0.0,0.0,0.0,8.2,8.95,0,0.0,0
2014-11-10,2015-01-29,OPTSTK,HINDALCO,145.0,PE,0.0,0.0,0.0,10.0,11.05,0,0.0,0
2014-11-10,2015-01-29,OPTSTK,HINDALCO,150.0,PE,0.0,0.0,0.0,12.05,13.4,0,0.0,0
2014-11-10,2015-01-29,OPTSTK,HINDALCO,155.0,PE,0.0,0.0,0.0,14.3,16.0,0,0.0,0
2014-11-10,2015-01-29,OPTSTK,HINDALCO,160.0,PE,0.0,0.0,0.0,16.75,18.8,0,0.0,0
2014-11-10,2015-01-29,OPTSTK,HINDALCO,165.0,PE,0.0,0.0,0.0,19.45,21.9,0,0.0,0
2014-11-10,2015-01-29,OPTSTK,HINDALCO,170.0,PE,0.0,0.0,0.0,22.3,25.15,0,0.0,0
2014-11-10,2015-01-29,OPTSTK,HINDALCO,175.0,PE,0.0,0.0,0.0,25.4,28.6,0,0.0,0
2014-11-10,2015-01-29,OPTSTK,HINDALCO,180.0,PE,0.0,0.0,0.0,28.6,32.25,0,0.0,0
2014-11-10,2015-01-29,OPTSTK,HINDALCO,185.0,PE,0.0,0.0,0.0,32.05,36.05,0,0.0,0
2014-11-10,2015-01-29,OPTSTK,HINDALCO,190.0,PE,0.0,0.0,0.0,35.6,40.0,0,0.0,0
2014-11-10,2015-01-29,OPTSTK,HINDALCO,195.0,PE,0.0,0.0,0.0,39.3,44.05,0,0.0,0
2014-11-10,2015-01-29,OPTSTK,HINDALCO,200.0,PE,0.0,0.0,0.0,43.1,48.25,0,0.0,0
2014-11-10,2015-01-29,OPTSTK,HINDALCO,205.0,PE,0.0,0.0,0.0,47.05,52.55,0,0.0,0
2014-11-10,2015-01-29,OPTSTK,HINDALCO,210.0,PE,0.0,0.0,0.0,51.1,56.9,0,0.0,0
2014-11-10,2015-01-29,OPTSTK,HINDALCO,215.0,PE,0.0,0.0,0.0,55.25,61.35,0,0.0,0
2014-11-10,2015-01-29,OPTSTK,HINDALCO,220.0,PE,0.0,0.0,0.0,59.5,65.9,0,0.0,0
2014-11-10,2014-11-27,OPTSTK,HINDPETRO,280.0,CE,0.0,0.0,0.0,184.75,299.8,0,0.0,0
2014-11-10,2014-11-27,OPTSTK,HINDPETRO,300.0,CE,0.0,0.0,0.0,166.05,279.85,0,0.0,0
2014-11-10,2014-11-27,OPTSTK,HINDPETRO,320.0,CE,0.0,0.0,0.0,147.85,259.95,0,0.0,0
2014-11-10,2014-11-27,OPTSTK,HINDPETRO,340.0,CE,0.0,0.0,0.0,130.5,240.0,0,0.0,0
2014-11-10,2014-11-27,OPTSTK,HINDPETRO,360.0,CE,0.0,0.0,0.0,114.05,220.1,0,0.0,0
2014-11-10,2014-11-27,OPTSTK,HINDPETRO,380.0,CE,0.0,0.0,0.0,98.75,200.15,0,0.0,0
2014-11-10,2014-11-27,OPTSTK,HINDPETRO,400.0,CE,0.0,0.0,0.0,84.7,180.25,0,0.0,0
2014-11-10,2014-11-27,OPTSTK,HINDPETRO,420.0,CE,0.0,0.0,0.0,115.0,160.35,0,0.0,2000
2014-11-10,2014-11-27,OPTSTK,HINDPETRO,440.0,CE,0.0,0.0,0.0,81.0,140.45,0,0.0,2000
2014-11-10,2014-11-27,OPTSTK,HINDPETRO,460.0,CE,0.0,0.0,0.0,50.65,120.65,0,0.0,0
2014-11-10,2014-11-27,OPTSTK,HINDPETRO,480.0,CE,0.0,0.0,0.0,99.9,101.1,0,0.0,7000
2014-11-10,2014-11-27,OPTSTK,HINDPETRO,500.0,CE,76.0,86.85,75.0,81.25,81.25,9,26.2,23000
2014-11-10,2014-11-27,OPTSTK,HINDPETRO,520.0,CE,58.75,67.45,54.1,61.05,61.05,42,122.3,56000
2014-11-10,2014-11-27,OPTSTK,HINDPETRO,540.0,CE,46.0,50.5,38.85,44.5,44.5,145,423.58,158000
2014-11-10,2014-11-27,OPTSTK,HINDPETRO,560.0,CE,30.0,34.75,24.35,29.3,29.3,132,388.6,174000
2014-11-10,2014-11-27,OPTSTK,HINDPETRO,580.0,CE,19.9,23.45,13.9,18.55,18.55,396,1185.93,122500
2014-11-10,2014-11-27,OPTSTK,HINDPETRO,600.0,CE,10.0,14.2,8.0,11.1,11.1,801,2448.57,214000
2014-11-10,2014-11-27,OPTSTK,HINDPETRO,620.0,CE,6.8,8.0,4.1,5.85,5.85,160,500.87,52500
2014-11-10,2014-11-27,OPTSTK,HINDPETRO,640.0,CE,3.4,4.9,2.2,3.4,3.4,54,173.79,32000
2014-11-10,2014-11-27,OPTSTK,HINDPETRO,660.0,CE,0.0,0.0,0.0,6.0,2.9,0,0.0,0
2014-11-10,2014-11-27,OPTSTK,HINDPETRO,680.0,CE,0.0,0.0,0.0,4.9,1.55,0,0.0,0
2014-11-10,2014-11-27,OPTSTK,HINDPETRO,280.0,PE,0.0,0.0,0.0,0.8,0.0,0,0.0,0
2014-11-10,2014-11-27,OPTSTK,HINDPETRO,300.0,PE,0.0,0.0,0.0,1.65,0.0,0,0.0,0
2014-11-10,2014-11-27,OPTSTK,HINDPETRO,320.0,PE,0.0,0.0,0.0,3.05,0.0,0,0.0,0
2014-11-10,2014-11-27,OPTSTK,HINDPETRO,340.0,PE,0.0,0.0,0.0,5.25,0.0,0,0.0,0
2014-11-10,2014-11-27,OPTSTK,HINDPETRO,360.0,PE,0.0,0.0,0.0,8.4,0.0,0,0.0,0
2014-11-10,2014-11-27,OPTSTK,HINDPETRO,380.0,PE,0.0,0.0,0.0,12.65,0.0,0,0.0,0
2014-11-10,2014-11-27,OPTSTK,HINDPETRO,400.0,PE,0.0,0.0,0.0,18.2,0.0,0,0.0,0
2014-11-10,2014-11-27,OPTSTK,HINDPETRO,420.0,PE,0.0,0.0,0.0,25.05,0.05,0,0.0,0
2014-11-10,2014-11-27,OPTSTK,HINDPETRO,440.0,PE,0.0,0.0,0.0,0.35,0.05,0,0.0,2500
2014-11-10,2014-11-27,OPTSTK,HINDPETRO,460.0,PE,0.0,0.0,0.0,0.15,0.2,0,0.0,33000
2014-11-10,2014-11-27,OPTSTK,HINDPETRO,480.0,PE,0.0,0.0,0.0,0.55,0.55,0,0.0,48500
2014-11-10,2014-11-27,OPTSTK,HINDPETRO,500.0,PE,0.65,0.85,0.6,0.65,0.65,60,150.22,100500
2014-11-10,2014-11-27,OPTSTK,HINDPETRO,520.0,PE,2.0,2.0,1.25,1.65,1.65,479,1249.08,549500
2014-11-10,2014-11-27,OPTSTK,HINDPETRO,540.0,PE,4.55,5.1,3.0,4.3,4.3,248,674.65,166000
2014-11-10,2014-11-27,OPTSTK,HINDPETRO,560.0,PE,8.85,11.5,7.25,9.2,9.2,261,742.64,98000
2014-11-10,2014-11-27,OPTSTK,HINDPETRO,580.0,PE,21.25,21.25,14.45,17.7,17.7,174,519.37,57500
2014-11-10,2014-11-27,OPTSTK,HINDPETRO,600.0,PE,33.4,33.4,27.3,30.2,30.2,57,179.43,16500
2014-11-10,2014-11-27,OPTSTK,HINDPETRO,620.0,PE,0.0,0.0,0.0,158.35,48.1,0,0.0,0
2014-11-10,2014-11-27,OPTSTK,HINDPETRO,640.0,PE,0.0,0.0,0.0,175.95,64.15,0,0.0,0
2014-11-10,2014-11-27,OPTSTK,HINDPETRO,660.0,PE,0.0,0.0,0.0,193.95,81.65,0,0.0,0
2014-11-10,2014-11-27,OPTSTK,HINDPETRO,680.0,PE,0.0,0.0,0.0,199.5,100.2,0,0.0,0
2014-11-10,2014-12-24,OPTSTK,HINDPETRO,280.0,CE,0.0,0.0,0.0,185.7,301.6,0,0.0,0
2014-11-10,2014-12-24,OPTSTK,HINDPETRO,300.0,CE,0.0,0.0,0.0,166.85,281.8,0,0.0,0
2014-11-10,2014-12-24,OPTSTK,HINDPETRO,320.0,CE,0.0,0.0,0.0,148.5,262.0,0,0.0,0
2014-11-10,2014-12-24,OPTSTK,HINDPETRO,340.0,CE,0.0,0.0,0.0,130.9,242.25,0,0.0,0
2014-11-10,2014-12-24,OPTSTK,HINDPETRO,360.0,CE,0.0,0.0,0.0,114.25,222.45,0,0.0,0
2014-11-10,2014-12-24,OPTSTK,HINDPETRO,380.0,CE,0.0,0.0,0.0,98.7,202.75,0,0.0,0
2014-11-10,2014-12-24,OPTSTK,HINDPETRO,400.0,CE,0.0,0.0,0.0,84.4,183.1,0,0.0,0
2014-11-10,2014-12-24,OPTSTK,HINDPETRO,420.0,CE,0.0,0.0,0.0,71.45,163.6,0,0.0,0
2014-11-10,2014-12-24,OPTSTK,HINDPETRO,440.0,CE,0.0,0.0,0.0,59.9,144.5,0,0.0,0
2014-11-10,2014-12-24,OPTSTK,HINDPETRO,460.0,CE,0.0,0.0,0.0,49.8,125.9,0,0.0,0
2014-11-10,2014-12-24,OPTSTK,HINDPETRO,480.0,CE,0.0,0.0,0.0,41.05,108.1,0,0.0,0
2014-11-10,2014-12-24,OPTSTK,HINDPETRO,500.0,CE,0.0,0.0,0.0,72.0,91.3,0,0.0,1000
2014-11-10,2014-12-24,OPTSTK,HINDPETRO,520.0,CE,0.0,0.0,0.0,27.2,75.9,0,0.0,0
2014-11-10,2014-12-24,OPTSTK,HINDPETRO,540.0,CE,0.0,0.0,0.0,21.95,61.95,0,0.0,0
2014-11-10,2014-12-24,OPTSTK,HINDPETRO,560.0,CE,0.0,0.0,0.0,17.6,49.7,0,0.0,0
2014-11-10,2014-12-24,OPTSTK,HINDPETRO,580.0,CE,0.0,0.0,0.0,14.0,39.15,0,0.0,0
2014-11-10,2014-12-24,OPTSTK,HINDPETRO,600.0,CE,23.45,24.9,23.45,24.8,24.8,4,12.48,2000
2014-11-10,2014-12-24,OPTSTK,HINDPETRO,620.0,CE,0.0,0.0,0.0,8.75,23.1,0,0.0,0
2014-11-10,2014-12-24,OPTSTK,HINDPETRO,640.0,CE,0.0,0.0,0.0,6.85,17.3,0,0.0,0
2014-11-10,2014-12-24,OPTSTK,HINDPETRO,660.0,CE,0.0,0.0,0.0,5.35,12.75,0,0.0,0
2014-11-10,2014-12-24,OPTSTK,HINDPETRO,680.0,CE,0.0,0.0,0.0,5.7,9.25,0,0.0,0
2014-11-10,2014-12-24,OPTSTK,HINDPETRO,280.0,PE,0.0,0.0,0.0,0.65,0.0,0,0.0,0
2014-11-10,2014-12-24,OPTSTK,HINDPETRO,300.0,PE,0.0,0.0,0.0,1.35,0.0,0,0.0,0
2014-11-10,2014-12-24,OPTSTK,HINDPETRO,320.0,PE,0.0,0.0,0.0,2.6,0.0,0,0.0,0
2014-11-10,2014-12-24,OPTSTK,HINDPETRO,340.0,PE,0.0,0.0,0.0,4.55,0.05,0,0.0,0
2014-11-10,2014-12-24,OPTSTK,HINDPETRO,360.0,PE,0.0,0.0,0.0,7.45,0.05,0,0.0,0
2014-11-10,2014-12-24,OPTSTK,HINDPETRO,380.0,PE,0.0,0.0,0.0,11.45,0.1,0,0.0,0
2014-11-10,2014-12-24,OPTSTK,HINDPETRO,400.0,PE,0.0,0.0,0.0,16.7,0.25,0,0.0,0
2014-11-10,2014-12-24,OPTSTK,HINDPETRO,420.0,PE,0.0,0.0,0.0,23.35,0.55,0,0.0,0
2014-11-10,2014-12-24,OPTSTK,HINDPETRO,440.0,PE,0.0,0.0,0.0,31.35,1.25,0,0.0,0
2014-11-10,2014-12-24,OPTSTK,HINDPETRO,460.0,PE,0.0,0.0,0.0,40.8,2.4,0,0.0,0
2014-11-10,2014-12-24,OPTSTK,HINDPETRO,480.0,PE,0.0,0.0,0.0,51.6,4.4,0,0.0,0
2014-11-10,2014-12-24,OPTSTK,HINDPETRO,500.0,PE,0.0,0.0,0.0,63.7,7.45,0,0.0,0
2014-11-10,2014-12-24,OPTSTK,HINDPETRO,520.0,PE,0.0,0.0,0.0,76.95,11.8,0,0.0,0
2014-11-10,2014-12-24,OPTSTK,HINDPETRO,540.0,PE,0.0,0.0,0.0,91.25,17.65,0,0.0,0
2014-11-10,2014-12-24,OPTSTK,HINDPETRO,560.0,PE,0.0,0.0,0.0,106.45,25.15,0,0.0,0
2014-11-10,2014-12-24,OPTSTK,HINDPETRO,580.0,PE,0.0,0.0,0.0,122.4,34.45,0,0.0,0
2014-11-10,2014-12-24,OPTSTK,HINDPETRO,600.0,PE,0.0,0.0,0.0,139.05,45.4,0,0.0,0
2014-11-10,2014-12-24,OPTSTK,HINDPETRO,620.0,PE,0.0,0.0,0.0,156.3,57.95,0,0.0,0
2014-11-10,2014-12-24,OPTSTK,HINDPETRO,640.0,PE,0.0,0.0,0.0,173.95,71.95,0,0.0,0
2014-11-10,2014-12-24,OPTSTK,HINDPETRO,660.0,PE,0.0,0.0,0.0,192.05,87.2,0,0.0,0
2014-11-10,2014-12-24,OPTSTK,HINDPETRO,680.0,PE,0.0,0.0,0.0,196.9,103.5,0,0.0,0
2014-11-10,2015-01-29,OPTSTK,HINDPETRO,320.0,CE,0.0,0.0,0.0,209.5,264.8,0,0.0,0
2014-11-10,2015-01-29,OPTSTK,HINDPETRO,340.0,CE,0.0,0.0,0.0,190.4,245.25,0,0.0,0
2014-11-10,2015-01-29,OPTSTK,HINDPETRO,360.0,CE,0.0,0.0,0.0,171.65,225.85,0,0.0,0
2014-11-10,2015-01-29,OPTSTK,HINDPETRO,380.0,CE,0.0,0.0,0.0,153.45,206.65,0,0.0,0
2014-11-10,2015-01-29,OPTSTK,HINDPETRO,400.0,CE,0.0,0.0,0.0,135.9,187.7,0,0.0,0
2014-11-10,2015-01-29,OPTSTK,HINDPETRO,420.0,CE,0.0,0.0,0.0,119.3,169.2,0,0.0,0
2014-11-10,2015-01-29,OPTSTK,HINDPETRO,440.0,CE,0.0,0.0,0.0,103.7,151.35,0,0.0,0
2014-11-10,2015-01-29,OPTSTK,HINDPETRO,460.0,CE,0.0,0.0,0.0,89.3,134.2,0,0.0,0
2014-11-10,2015-01-29,OPTSTK,HINDPETRO,480.0,CE,0.0,0.0,0.0,76.15,117.95,0,0.0,0
2014-11-10,2015-01-29,OPTSTK,HINDPETRO,500.0,CE,0.0,0.0,0.0,64.4,102.8,0,0.0,0
2014-11-10,2015-01-29,OPTSTK,HINDPETRO,520.0,CE,0.0,0.0,0.0,53.95,88.75,0,0.0,0
2014-11-10,2015-01-29,OPTSTK,HINDPETRO,540.0,CE,0.0,0.0,0.0,44.8,75.95,0,0.0,0
2014-11-10,2015-01-29,OPTSTK,HINDPETRO,560.0,CE,0.0,0.0,0.0,36.9,64.45,0,0.0,0
2014-11-10,2015-01-29,OPTSTK,HINDPETRO,580.0,CE,0.0,0.0,0.0,30.2,54.25,0,0.0,0
2014-11-10,2015-01-29,OPTSTK,HINDPETRO,600.0,CE,0.0,0.0,0.0,24.5,45.3,0,0.0,0
2014-11-10,2015-01-29,OPTSTK,HINDPETRO,620.0,CE,0.0,0.0,0.0,19.8,37.5,0,0.0,0
2014-11-10,2015-01-29,OPTSTK,HINDPETRO,640.0,CE,0.0,0.0,0.0,15.85,30.85,0,0.0,0
2014-11-10,2015-01-29,OPTSTK,HINDPETRO,660.0,CE,0.0,0.0,0.0,12.65,25.2,0,0.0,0
2014-11-10,2015-01-29,OPTSTK,HINDPETRO,680.0,CE,0.0,0.0,0.0,10.0,20.45,0,0.0,0
2014-11-10,2015-01-29,OPTSTK,HINDPETRO,320.0,PE,0.0,0.0,0.0,0.45,0.1,0,0.0,0
2014-11-10,2015-01-29,OPTSTK,HINDPETRO,340.0,PE,0.0,0.0,0.0,0.9,0.2,0,0.0,0
2014-11-10,2015-01-29,OPTSTK,HINDPETRO,360.0,PE,0.0,0.0,0.0,1.7,0.4,0,0.0,0
2014-11-10,2015-01-29,OPTSTK,HINDPETRO,380.0,PE,0.0,0.0,0.0,3.1,0.8,0,0.0,0
2014-11-10,2015-01-29,OPTSTK,HINDPETRO,400.0,PE,0.0,0.0,0.0,5.15,1.5,0,0.0,0
2014-11-10,2015-01-29,OPTSTK,HINDPETRO,420.0,PE,0.0,0.0,0.0,8.05,2.6,0,0.0,0
2014-11-10,2015-01-29,OPTSTK,HINDPETRO,440.0,PE,0.0,0.0,0.0,12.05,4.35,0,0.0,0
2014-11-10,2015-01-29,OPTSTK,HINDPETRO,460.0,PE,0.0,0.0,0.0,17.25,6.8,0,0.0,0
2014-11-10,2015-01-29,OPTSTK,HINDPETRO,480.0,PE,0.0,0.0,0.0,23.65,10.2,0,0.0,0
2014-11-10,2015-01-29,OPTSTK,HINDPETRO,500.0,PE,0.0,0.0,0.0,31.45,14.65,0,0.0,0
2014-11-10,2015-01-29,OPTSTK,HINDPETRO,520.0,PE,0.0,0.0,0.0,40.55,20.25,0,0.0,0
2014-11-10,2015-01-29,OPTSTK,HINDPETRO,540.0,PE,0.0,0.0,0.0,51.0,27.05,0,0.0,0
2014-11-10,2015-01-29,OPTSTK,HINDPETRO,560.0,PE,0.0,0.0,0.0,62.7,35.2,0,0.0,0
2014-11-10,2015-01-29,OPTSTK,HINDPETRO,580.0,PE,0.0,0.0,0.0,75.55,44.6,0,0.0,0
2014-11-10,2015-01-29,OPTSTK,HINDPETRO,600.0,PE,0.0,0.0,0.0,89.4,55.25,0,0.0,0
2014-11-10,2015-01-29,OPTSTK,HINDPETRO,620.0,PE,0.0,0.0,0.0,104.25,67.1,0,0.0,0
2014-11-10,2015-01-29,OPTSTK,HINDPETRO,640.0,PE,0.0,0.0,0.0,119.9,80.05,0,0.0,0
2014-11-10,2015-01-29,OPTSTK,HINDPETRO,660.0,PE,0.0,0.0,0.0,136.25,94.05,0,0.0,0
2014-11-10,2015-01-29,OPTSTK,HINDPETRO,680.0,PE,0.0,0.0,0.0,153.2,108.95,0,0.0,0
2014-11-10,2014-11-27,OPTSTK,HINDUNILVR,460.0,CE,0.0,0.0,0.0,292.25,312.85,0,0.0,0
2014-11-10,2014-11-27,OPTSTK,HINDUNILVR,480.0,CE,0.0,0.0,0.0,272.65,292.9,0,0.0,0
2014-11-10,2014-11-27,OPTSTK,HINDUNILVR,500.0,CE,0.0,0.0,0.0,253.1,273.0,0,0.0,0
2014-11-10,2014-11-27,OPTSTK,HINDUNILVR,520.0,CE,0.0,0.0,0.0,233.55,253.05,0,0.0,0
2014-11-10,2014-11-27,OPTSTK,HINDUNILVR,530.0,CE,0.0,0.0,0.0,211.2,243.1,0,0.0,0
2014-11-10,2014-11-27,OPTSTK,HINDUNILVR,540.0,CE,0.0,0.0,0.0,214.0,233.15,0,0.0,0
2014-11-10,2014-11-27,OPTSTK,HINDUNILVR,550.0,CE,0.0,0.0,0.0,209.45,223.2,0,0.0,0
2014-11-10,2014-11-27,OPTSTK,HINDUNILVR,560.0,CE,0.0,0.0,0.0,194.5,213.25,0,0.0,0
2014-11-10,2014-11-27,OPTSTK,HINDUNILVR,570.0,CE,0.0,0.0,0.0,198.1,203.25,0,0.0,0
2014-11-10,2014-11-27,OPTSTK,HINDUNILVR,580.0,CE,0.0,0.0,0.0,175.15,193.3,0,0.0,0
2014-11-10,2014-11-27,OPTSTK,HINDUNILVR,590.0,CE,0.0,0.0,0.0,178.45,183.35,0,0.0,0
2014-11-10,2014-11-27,OPTSTK,HINDUNILVR,600.0,CE,0.0,0.0,0.0,156.0,173.4,0,0.0,0
2014-11-10,2014-11-27,OPTSTK,HINDUNILVR,610.0,CE,0.0,0.0,0.0,158.8,163.45,0,0.0,0
2014-11-10,2014-11-27,OPTSTK,HINDUNILVR,620.0,CE,0.0,0.0,0.0,137.25,153.45,0,0.0,0
2014-11-10,2014-11-27,OPTSTK,HINDUNILVR,630.0,CE,0.0,0.0,0.0,139.35,143.5,0,0.0,0
2014-11-10,2014-11-27,OPTSTK,HINDUNILVR,640.0,CE,0.0,0.0,0.0,119.05,133.55,0,0.0,0
2014-11-10,2014-11-27,OPTSTK,HINDUNILVR,650.0,CE,0.0,0.0,0.0,120.15,123.6,0,0.0,0
2014-11-10,2014-11-27,OPTSTK,HINDUNILVR,660.0,CE,0.0,0.0,0.0,66.0,113.7,0,0.0,500
2014-11-10,2014-11-27,OPTSTK,HINDUNILVR,670.0,CE,0.0,0.0,0.0,101.45,103.85,0,0.0,0
2014-11-10,2014-11-27,OPTSTK,HINDUNILVR,680.0,CE,0.0,0.0,0.0,85.4,94.0,0,0.0,0
2014-11-10,2014-11-27,OPTSTK,HINDUNILVR,690.0,CE,0.0,0.0,0.0,83.65,84.35,0,0.0,0
2014-11-10,2014-11-27,OPTSTK,HINDUNILVR,700.0,CE,0.0,0.0,0.0,34.7,74.85,0,0.0,34500
2014-11-10,2014-11-27,OPTSTK,HINDUNILVR,710.0,CE,0.0,0.0,0.0,35.0,65.6,0,0.0,7500
2014-11-10,2014-11-27,OPTSTK,HINDUNILVR,720.0,CE,51.75,52.05,47.0,51.4,51.4,11,42.35,19000
2014-11-10,2014-11-27,OPTSTK,HINDUNILVR,730.0,CE,42.65,42.8,36.95,42.0,42.0,12,46.19,77500
2014-11-10,2014-11-27,OPTSTK,HINDUNILVR,740.0,CE,33.9,36.1,28.9,36.1,36.1,9,34.76,108000
2014-11-10,2014-11-27,OPTSTK,HINDUNILVR,750.0,CE,26.4,27.4,22.0,26.95,26.95,24,93.08,41500
2014-11-10,2014-11-27,OPTSTK,HINDUNILVR,760.0,CE,15.55,21.2,15.0,19.95,19.95,166,645.98,51500
2014-11-10,2014-11-27,OPTSTK,HINDUNILVR,770.0,CE,11.15,15.5,10.35,14.6,14.6,149,583.43,47000
2014-11-10,2014-11-27,OPTSTK,HINDUNILVR,780.0,CE,7.75,10.95,6.95,10.5,10.5,128,505.12,52000
2014-11-10,2014-11-27,OPTSTK,HINDUNILVR,790.0,CE,5.6,7.35,4.8,6.9,6.9,42,167.14,23000
2014-11-10,2014-11-27,OPTSTK,HINDUNILVR,800.0,CE,4.1,5.0,1.2,4.55,4.55,296,1189.68,61500
2014-11-10,2014-11-27,OPTSTK,HINDUNILVR,810.0,CE,3.1,3.2,2.0,3.2,3.2,19,77.19,8000
2014-11-10,2014-11-27,OPTSTK,HINDUNILVR,820.0,CE,2.1,2.1,1.45,2.05,2.05,14,57.52,3000
2014-11-10,2014-11-27,OPTSTK,HINDUNILVR,830.0,CE,0.0,0.0,0.0,8.8,3.35,0,0.0,0
2014-11-10,2014-11-27,OPTSTK,HINDUNILVR,840.0,CE,0.0,0.0,0.0,10.55,2.3,0,0.0,0
2014-11-10,2014-11-27,OPTSTK,HINDUNILVR,850.0,CE,0.0,0.0,0.0,5.55,1.5,0,0.0,0
2014-11-10,2014-11-27,OPTSTK,HINDUNILVR,860.0,CE,0.0,0.0,0.0,7.45,1.0,0,0.0,0
2014-11-10,2014-11-27,OPTSTK,HINDUNILVR,870.0,CE,0.0,0.0,0.0,3.35,0.65,0,0.0,0
2014-11-10,2014-11-27,OPTSTK,HINDUNILVR,880.0,CE,0.0,0.0,0.0,5.15,0.4,0,0.0,0
2014-11-10,2014-11-27,OPTSTK,HINDUNILVR,890.0,CE,0.0,0.0,0.0,2.0,0.25,0,0.0,0
2014-11-10,2014-11-27,OPTSTK,HINDUNILVR,900.0,CE,0.0,0.0,0.0,3.5,0.15,0,0.0,0
2014-11-10,2014-11-27,OPTSTK,HINDUNILVR,460.0,PE,0.0,0.0,0.0,0.05,0.0,0,0.0,0
2014-11-10,2014-11-27,OPTSTK,HINDUNILVR,480.0,PE,0.0,0.0,0.0,0.05,0.0,0,0.0,0
2014-11-10,2014-11-27,OPTSTK,HINDUNILVR,500.0,PE,0.0,0.0,0.0,0.05,0.0,0,0.0,0
2014-11-10,2014-11-27,OPTSTK,HINDUNILVR,520.0,PE,0.0,0.0,0.0,0.05,0.0,0,0.0,0
2014-11-10,2014-11-27,OPTSTK,HINDUNILVR,530.0,PE,0.0,0.0,0.0,0.05,0.0,0,0.0,0
2014-11-10,2014-11-27,OPTSTK,HINDUNILVR,540.0,PE,0.0,0.0,0.0,0.1,0.0,0,0.0,0
2014-11-10,2014-11-27,OPTSTK,HINDUNILVR,550.0,PE,0.0,0.0,0.0,0.05,0.0,0,0.0,0
2014-11-10,2014-11-27,OPTSTK,HINDUNILVR,560.0,PE,0.0,0.0,0.0,0.15,0.0,0,0.0,0
2014-11-10,2014-11-27,OPTSTK,HINDUNILVR,570.0,PE,0.0,0.0,0.0,0.05,0.0,0,0.0,0
2014-11-10,2014-11-27,OPTSTK,HINDUNILVR,580.0,PE,0.0,0.0,0.0,0.4,0.0,0,0.0,0
2014-11-10,2014-11-27,OPTSTK,HINDUNILVR,590.0,PE,0.0,0.0,0.0,0.05,0.0,0,0.0,0
2014-11-10,2014-11-27,OPTSTK,HINDUNILVR,600.0,PE,0.0,0.0,0.0,0.8,0.0,0,0.0,0
2014-11-10,2014-11-27,OPTSTK,HINDUNILVR,610.0,PE,0.0,0.0,0.0,0.15,0.0,0,0.0,0
2014-11-10,2014-11-27,OPTSTK,HINDUNILVR,620.0,PE,0.0,0.0,0.0,1.65,0.0,0,0.0,0
2014-11-10,2014-11-27,OPTSTK,HINDUNILVR,630.0,PE,0.0,0.0,0.0,0.35,0.05,0,0.0,0
2014-11-10,2014-11-27,OPTSTK,HINDUNILVR,640.0,PE,0.0,0.0,0.0,3.0,0.05,0,0.0,0
2014-11-10,2014-11-27,OPTSTK,HINDUNILVR,650.0,PE,0.0,0.0,0.0,0.85,0.05,0,0.0,0
2014-11-10,2014-11-27,OPTSTK,HINDUNILVR,660.0,PE,0.0,0.0,0.0,0.5,0.1,0,0.0,37000
2014-11-10,2014-11-27,OPTSTK,HINDUNILVR,670.0,PE,0.0,0.0,0.0,2.8,0.2,0,0.0,500
2014-11-10,2014-11-27,OPTSTK,HINDUNILVR,680.0,PE,0.3,0.35,0.3,0.3,0.3,13,44.22,45500
2014-11-10,2014-11-27,OPTSTK,HINDUNILVR,690.0,PE,0.0,0.0,0.0,0.6,0.6,0,0.0,47500
2014-11-10,2014-11-27,OPTSTK,HINDUNILVR,700.0,PE,0.75,0.9,0.65,0.8,0.8,68,238.25,122000
2014-11-10,2014-11-27,OPTSTK,HINDUNILVR,710.0,PE,0.95,1.1,0.95,1.05,1.05,27,95.99,18500
2014-11-10,2014-11-27,OPTSTK,HINDUNILVR,720.0,PE,2.0,2.0,1.25,1.4,1.4,55,198.44,100000
2014-11-10,2014-11-27,OPTSTK,HINDUNILVR,730.0,PE,2.3,3.05,1.8,2.1,2.1,83,303.92,63000
2014-11-10,2014-11-27,OPTSTK,HINDUNILVR,740.0,PE,4.25,4.75,3.1,3.45,3.45,95,353.36,75500
2014-11-10,2014-11-27,OPTSTK,HINDUNILVR,750.0,PE,7.0,7.75,4.9,5.55,5.55,63,238.17,33500
2014-11-10,2014-11-27,OPTSTK,HINDUNILVR,760.0,PE,11.7,11.75,7.5,8.15,8.15,154,592.41,51000
2014-11-10,2014-11-27,OPTSTK,HINDUNILVR,770.0,PE,16.0,16.75,11.0,11.6,11.6,17,66.6,5500
2014-11-10,2014-11-27,OPTSTK,HINDUNILVR,780.0,PE,18.55,21.3,17.25,18.5,18.5,13,51.91,18500
2014-11-10,2014-11-27,OPTSTK,HINDUNILVR,790.0,PE,28.2,28.2,28.2,28.2,28.2,1,4.09,500
2014-11-10,2014-11-27,OPTSTK,HINDUNILVR,800.0,PE,0.0,0.0,0.0,60.55,35.15,0,0.0,0
2014-11-10,2014-11-27,OPTSTK,HINDUNILVR,810.0,PE,0.0,0.0,0.0,51.75,42.6,0,0.0,0
2014-11-10,2014-11-27,OPTSTK,HINDUNILVR,820.0,PE,0.0,0.0,0.0,74.8,50.6,0,0.0,0
2014-11-10,2014-11-27,OPTSTK,HINDUNILVR,830.0,PE,0.0,0.0,0.0,66.75,59.1,0,0.0,0
2014-11-10,2014-11-27,OPTSTK,HINDUNILVR,840.0,PE,0.0,0.0,0.0,90.25,67.95,0,0.0,0
2014-11-10,2014-11-27,OPTSTK,HINDUNILVR,850.0,PE,0.0,0.0,0.0,83.2,77.15,0,0.0,0
2014-11-10,2014-11-27,OPTSTK,HINDUNILVR,860.0,PE,0.0,0.0,0.0,106.7,86.6,0,0.0,0
2014-11-10,2014-11-27,OPTSTK,HINDUNILVR,870.0,PE,0.0,0.0,0.0,100.7,96.2,0,0.0,0
2014-11-10,2014-11-27,OPTSTK,HINDUNILVR,880.0,PE,0.0,0.0,0.0,124.0,105.95,0,0.0,0
2014-11-10,2014-11-27,OPTSTK,HINDUNILVR,890.0,PE,0.0,0.0,0.0,119.0,115.75,0,0.0,0
2014-11-10,2014-11-27,OPTSTK,HINDUNILVR,900.0,PE,0.0,0.0,0.0,141.95,125.6,0,0.0,0
2014-11-10,2014-12-24,OPTSTK,HINDUNILVR,560.0,CE,0.0,0.0,0.0,211.6,216.9,0,0.0,0
2014-11-10,2014-12-24,OPTSTK,HINDUNILVR,570.0,CE,0.0,0.0,0.0,201.85,207.0,0,0.0,0
2014-11-10,2014-12-24,OPTSTK,HINDUNILVR,580.0,CE,0.0,0.0,0.0,192.1,197.1,0,0.0,0
2014-11-10,2014-12-24,OPTSTK,HINDUNILVR,590.0,CE,0.0,0.0,0.0,182.4,187.25,0,0.0,0
2014-11-10,2014-12-24,OPTSTK,HINDUNILVR,600.0,CE,0.0,0.0,0.0,172.7,177.4,0,0.0,0
2014-11-10,2014-12-24,OPTSTK,HINDUNILVR,610.0,CE,0.0,0.0,0.0,163.05,167.6,0,0.0,0
2014-11-10,2014-12-24,OPTSTK,HINDUNILVR,620.0,CE,0.0,0.0,0.0,153.45,157.8,0,0.0,0
2014-11-10,2014-12-24,OPTSTK,HINDUNILVR,630.0,CE,0.0,0.0,0.0,143.95,148.05,0,0.0,0
2014-11-10,2014-12-24,OPTSTK,HINDUNILVR,640.0,CE,0.0,0.0,0.0,134.55,138.4,0,0.0,0
2014-11-10,2014-12-24,OPTSTK,HINDUNILVR,650.0,CE,0.0,0.0,0.0,125.3,128.85,0,0.0,0
2014-11-10,2014-12-24,OPTSTK,HINDUNILVR,660.0,CE,0.0,0.0,0.0,116.2,119.4,0,0.0,0
2014-11-10,2014-12-24,OPTSTK,HINDUNILVR,670.0,CE,0.0,0.0,0.0,107.3,110.15,0,0.0,0
2014-11-10,2014-12-24,OPTSTK,HINDUNILVR,680.0,CE,0.0,0.0,0.0,98.6,101.1,0,0.0,0
2014-11-10,2014-12-24,OPTSTK,HINDUNILVR,690.0,CE,0.0,0.0,0.0,90.2,92.3,0,0.0,0
2014-11-10,2014-12-24,OPTSTK,HINDUNILVR,700.0,CE,0.0,0.0,0.0,82.1,83.75,0,0.0,0
2014-11-10,2014-12-24,OPTSTK,HINDUNILVR,710.0,CE,0.0,0.0,0.0,74.35,75.6,0,0.0,0
2014-11-10,2014-12-24,OPTSTK,HINDUNILVR,720.0,CE,0.0,0.0,0.0,67.0,67.8,0,0.0,0
2014-11-10,2014-12-24,OPTSTK,HINDUNILVR,730.0,CE,0.0,0.0,0.0,59.95,60.4,0,0.0,0
2014-11-10,2014-12-24,OPTSTK,HINDUNILVR,740.0,CE,0.0,0.0,0.0,53.4,53.45,0,0.0,0
2014-11-10,2014-12-24,OPTSTK,HINDUNILVR,750.0,CE,0.0,0.0,0.0,47.3,46.95,0,0.0,0
2014-11-10,2014-12-24,OPTSTK,HINDUNILVR,760.0,CE,0.0,0.0,0.0,25.0,41.0,0,0.0,500
2014-11-10,2014-12-24,OPTSTK,HINDUNILVR,770.0,CE,0.0,0.0,0.0,36.45,35.55,0,0.0,0
2014-11-10,2014-12-24,OPTSTK,HINDUNILVR,780.0,CE,0.0,0.0,0.0,31.7,30.55,0,0.0,0
2014-11-10,2014-12-24,OPTSTK,HINDUNILVR,790.0,CE,0.0,0.0,0.0,27.45,26.1,0,0.0,0
2014-11-10,2014-12-24,OPTSTK,HINDUNILVR,800.0,CE,0.0,0.0,0.0,23.6,22.15,0,0.0,0
2014-11-10,2014-12-24,OPTSTK,HINDUNILVR,810.0,CE,0.0,0.0,0.0,20.15,18.65,0,0.0,0
2014-11-10,2014-12-24,OPTSTK,HINDUNILVR,820.0,CE,0.0,0.0,0.0,17.15,15.55,0,0.0,0
2014-11-10,2014-12-24,OPTSTK,HINDUNILVR,830.0,CE,0.0,0.0,0.0,14.45,12.95,0,0.0,0
2014-11-10,2014-12-24,OPTSTK,HINDUNILVR,840.0,CE,0.0,0.0,0.0,12.2,10.65,0,0.0,0
2014-11-10,2014-12-24,OPTSTK,HINDUNILVR,850.0,CE,0.0,0.0,0.0,10.15,8.7,0,0.0,0
2014-11-10,2014-12-24,OPTSTK,HINDUNILVR,860.0,CE,0.0,0.0,0.0,8.45,7.1,0,0.0,0
2014-11-10,2014-12-24,OPTSTK,HINDUNILVR,870.0,CE,0.0,0.0,0.0,6.95,5.7,0,0.0,0
2014-11-10,2014-12-24,OPTSTK,HINDUNILVR,880.0,CE,0.0,0.0,0.0,5.7,4.55,0,0.0,0
2014-11-10,2014-12-24,OPTSTK,HINDUNILVR,890.0,CE,0.0,0.0,0.0,4.65,3.65,0,0.0,0
2014-11-10,2014-12-24,OPTSTK,HINDUNILVR,900.0,CE,0.0,0.0,0.0,3.8,2.85,0,0.0,0
2014-11-10,2014-12-24,OPTSTK,HINDUNILVR,560.0,PE,0.0,0.0,0.0,0.05,0.05,0,0.0,0
2014-11-10,2014-12-24,OPTSTK,HINDUNILVR,570.0,PE,0.0,0.0,0.0,0.05,0.05,0,0.0,0
2014-11-10,2014-12-24,OPTSTK,HINDUNILVR,580.0,PE,0.0,0.0,0.0,0.1,0.05,0,0.0,0
2014-11-10,2014-12-24,OPTSTK,HINDUNILVR,590.0,PE,0.0,0.0,0.0,0.15,0.1,0,0.0,0
2014-11-10,2014-12-24,OPTSTK,HINDUNILVR,600.0,PE,0.0,0.0,0.0,0.25,0.1,0,0.0,0
2014-11-10,2014-12-24,OPTSTK,HINDUNILVR,610.0,PE,0.0,0.0,0.0,0.4,0.2,0,0.0,0
2014-11-10,2014-12-24,OPTSTK,HINDUNILVR,620.0,PE,0.0,0.0,0.0,0.6,0.3,0,0.0,0
2014-11-10,2014-12-24,OPTSTK,HINDUNILVR,630.0,PE,0.0,0.0,0.0,0.85,0.45,0,0.0,0
2014-11-10,2014-12-24,OPTSTK,HINDUNILVR,640.0,PE,0.0,0.0,0.0,1.25,0.7,0,0.0,0
2014-11-10,2014-12-24,OPTSTK,HINDUNILVR,650.0,PE,0.0,0.0,0.0,1.75,1.05,0,0.0,0
2014-11-10,2014-12-24,OPTSTK,HINDUNILVR,660.0,PE,0.0,0.0,0.0,2.45,1.5,0,0.0,0
2014-11-10,2014-12-24,OPTSTK,HINDUNILVR,670.0,PE,0.0,0.0,0.0,3.3,2.15,0,0.0,0
2014-11-10,2014-12-24,OPTSTK,HINDUNILVR,680.0,PE,0.0,0.0,0.0,4.45,3.0,0,0.0,0
2014-11-10,2014-12-24,OPTSTK,HINDUNILVR,690.0,PE,0.0,0.0,0.0,5.8,4.05,0,0.0,0
2014-11-10,2014-12-24,OPTSTK,HINDUNILVR,700.0,PE,0.0,0.0,0.0,7.5,5.45,0,0.0,0
2014-11-10,2014-12-24,OPTSTK,HINDUNILVR,710.0,PE,0.0,0.0,0.0,9.5,7.15,0,0.0,0
2014-11-10,2014-12-24,OPTSTK,HINDUNILVR,720.0,PE,0.0,0.0,0.0,11.95,9.25,0,0.0,0
2014-11-10,2014-12-24,OPTSTK,HINDUNILVR,730.0,PE,0.0,0.0,0.0,14.7,11.75,0,0.0,0
2014-11-10,2014-12-24,OPTSTK,HINDUNILVR,740.0,PE,0.0,0.0,0.0,17.9,14.7,0,0.0,0
2014-11-10,2014-12-24,OPTSTK,HINDUNILVR,750.0,PE,0.0,0.0,0.0,21.6,18.1,0,0.0,0
2014-11-10,2014-12-24,OPTSTK,HINDUNILVR,760.0,PE,0.0,0.0,0.0,25.75,22.05,0,0.0,0
2014-11-10,2014-12-24,OPTSTK,HINDUNILVR,770.0,PE,0.0,0.0,0.0,30.3,26.45,0,0.0,0
2014-11-10,2014-12-24,OPTSTK,HINDUNILVR,780.0,PE,0.0,0.0,0.0,35.35,31.4,0,0.0,0
2014-11-10,2014-12-24,OPTSTK,HINDUNILVR,790.0,PE,0.0,0.0,0.0,40.85,36.85,0,0.0,0
2014-11-10,2014-12-24,OPTSTK,HINDUNILVR,800.0,PE,0.0,0.0,0.0,46.8,42.75,0,0.0,0
2014-11-10,2014-12-24,OPTSTK,HINDUNILVR,810.0,PE,0.0,0.0,0.0,53.15,49.15,0,0.0,0
2014-11-10,2014-12-24,OPTSTK,HINDUNILVR,820.0,PE,0.0,0.0,0.0,59.9,56.0,0,0.0,0
2014-11-10,2014-12-24,OPTSTK,HINDUNILVR,830.0,PE,0.0,0.0,0.0,67.0,63.25,0,0.0,0
2014-11-10,2014-12-24,OPTSTK,HINDUNILVR,840.0,PE,0.0,0.0,0.0,74.55,70.85,0,0.0,0
2014-11-10,2014-12-24,OPTSTK,HINDUNILVR,850.0,PE,0.0,0.0,0.0,82.3,78.8,0,0.0,0
2014-11-10,2014-12-24,OPTSTK,HINDUNILVR,860.0,PE,0.0,0.0,0.0,90.35,87.05,0,0.0,0
2014-11-10,2014-12-24,OPTSTK,HINDUNILVR,870.0,PE,0.0,0.0,0.0,98.65,95.6,0,0.0,0
2014-11-10,2014-12-24,OPTSTK,HINDUNILVR,880.0,PE,0.0,0.0,0.0,107.2,104.35,0,0.0,0
2014-11-10,2014-12-24,OPTSTK,HINDUNILVR,890.0,PE,0.0,0.0,0.0,115.9,113.3,0,0.0,0
2014-11-10,2014-12-24,OPTSTK,HINDUNILVR,900.0,PE,0.0,0.0,0.0,124.8,122.45,0,0.0,0
2014-11-10,2015-01-29,OPTSTK,HINDUNILVR,560.0,CE,0.0,0.0,0.0,184.7,221.8,0,0.0,0
2014-11-10,2015-01-29,OPTSTK,HINDUNILVR,570.0,CE,0.0,0.0,0.0,175.25,212.1,0,0.0,0
2014-11-10,2015-01-29,OPTSTK,HINDUNILVR,580.0,CE,0.0,0.0,0.0,165.95,202.4,0,0.0,0
2014-11-10,2015-01-29,OPTSTK,HINDUNILVR,590.0,CE,0.0,0.0,0.0,156.75,192.75,0,0.0,0
2014-11-10,2015-01-29,OPTSTK,HINDUNILVR,600.0,CE,0.0,0.0,0.0,147.7,183.2,0,0.0,0
2014-11-10,2015-01-29,OPTSTK,HINDUNILVR,610.0,CE,0.0,0.0,0.0,138.8,173.7,0,0.0,0
2014-11-10,2015-01-29,OPTSTK,HINDUNILVR,620.0,CE,0.0,0.0,0.0,130.1,164.3,0,0.0,0
2014-11-10,2015-01-29,OPTSTK,HINDUNILVR,630.0,CE,0.0,0.0,0.0,121.6,155.0,0,0.0,0
2014-11-10,2015-01-29,OPTSTK,HINDUNILVR,640.0,CE,0.0,0.0,0.0,113.35,145.85,0,0.0,0
2014-11-10,2015-01-29,OPTSTK,HINDUNILVR,650.0,CE,0.0,0.0,0.0,105.35,136.85,0,0.0,0
2014-11-10,2015-01-29,OPTSTK,HINDUNILVR,660.0,CE,0.0,0.0,0.0,97.6,128.05,0,0.0,0
2014-11-10,2015-01-29,OPTSTK,HINDUNILVR,670.0,CE,0.0,0.0,0.0,90.2,119.45,0,0.0,0
2014-11-10,2015-01-29,OPTSTK,HINDUNILVR,680.0,CE,0.0,0.0,0.0,83.05,111.05,0,0.0,0
2014-11-10,2015-01-29,OPTSTK,HINDUNILVR,690.0,CE,0.0,0.0,0.0,76.25,102.95,0,0.0,0
2014-11-10,2015-01-29,OPTSTK,HINDUNILVR,700.0,CE,0.0,0.0,0.0,69.8,95.1,0,0.0,0
2014-11-10,2015-01-29,OPTSTK,HINDUNILVR,710.0,CE,0.0,0.0,0.0,63.7,87.55,0,0.0,0
2014-11-10,2015-01-29,OPTSTK,HINDUNILVR,720.0,CE,0.0,0.0,0.0,57.9,80.35,0,0.0,0
2014-11-10,2015-01-29,OPTSTK,HINDUNILVR,730.0,CE,0.0,0.0,0.0,52.5,73.45,0,0.0,0
2014-11-10,2015-01-29,OPTSTK,HINDUNILVR,740.0,CE,0.0,0.0,0.0,47.5,66.95,0,0.0,0
2014-11-10,2015-01-29,OPTSTK,HINDUNILVR,750.0,CE,0.0,0.0,0.0,42.8,60.8,0,0.0,0
2014-11-10,2015-01-29,OPTSTK,HINDUNILVR,760.0,CE,0.0,0.0,0.0,38.45,55.0,0,0.0,0
2014-11-10,2015-01-29,OPTSTK,HINDUNILVR,770.0,CE,0.0,0.0,0.0,34.4,49.6,0,0.0,0
2014-11-10,2015-01-29,OPTSTK,HINDUNILVR,780.0,CE,0.0,0.0,0.0,30.75,44.55,0,0.0,0
2014-11-10,2015-01-29,OPTSTK,HINDUNILVR,790.0,CE,0.0,0.0,0.0,27.35,39.85,0,0.0,0
2014-11-10,2015-01-29,OPTSTK,HINDUNILVR,800.0,CE,0.0,0.0,0.0,24.3,35.55,0,0.0,0
2014-11-10,2015-01-29,OPTSTK,HINDUNILVR,810.0,CE,0.0,0.0,0.0,21.5,31.6,0,0.0,0
2014-11-10,2015-01-29,OPTSTK,HINDUNILVR,820.0,CE,0.0,0.0,0.0,19.0,28.0,0,0.0,0
2014-11-10,2015-01-29,OPTSTK,HINDUNILVR,830.0,CE,0.0,0.0,0.0,16.7,24.7,0,0.0,0
2014-11-10,2015-01-29,OPTSTK,HINDUNILVR,840.0,CE,0.0,0.0,0.0,14.65,21.7,0,0.0,0
2014-11-10,2015-01-29,OPTSTK,HINDUNILVR,850.0,CE,0.0,0.0,0.0,12.85,19.05,0,0.0,0
2014-11-10,2015-01-29,OPTSTK,HINDUNILVR,860.0,CE,0.0,0.0,0.0,11.2,16.65,0,0.0,0
2014-11-10,2015-01-29,OPTSTK,HINDUNILVR,870.0,CE,0.0,0.0,0.0,9.75,14.5,0,0.0,0
2014-11-10,2015-01-29,OPTSTK,HINDUNILVR,880.0,CE,0.0,0.0,0.0,8.45,12.55,0,0.0,0
2014-11-10,2015-01-29,OPTSTK,HINDUNILVR,890.0,CE,0.0,0.0,0.0,7.35,10.9,0,0.0,0
2014-11-10,2015-01-29,OPTSTK,HINDUNILVR,900.0,CE,0.0,0.0,0.0,6.35,9.4,0,0.0,0
2014-11-10,2015-01-29,OPTSTK,HINDUNILVR,560.0,PE,0.0,0.0,0.0,1.0,0.2,0,0.0,0
2014-11-10,2015-01-29,OPTSTK,HINDUNILVR,570.0,PE,0.0,0.0,0.0,1.35,0.3,0,0.0,0
2014-11-10,2015-01-29,OPTSTK,HINDUNILVR,580.0,PE,0.0,0.0,0.0,1.85,0.4,0,0.0,0
2014-11-10,2015-01-29,OPTSTK,HINDUNILVR,590.0,PE,0.0,0.0,0.0,2.4,0.6,0,0.0,0
2014-11-10,2015-01-29,OPTSTK,HINDUNILVR,600.0,PE,0.0,0.0,0.0,3.15,0.8,0,0.0,0
2014-11-10,2015-01-29,OPTSTK,HINDUNILVR,610.0,PE,0.0,0.0,0.0,4.05,1.15,0,0.0,0
2014-11-10,2015-01-29,OPTSTK,HINDUNILVR,620.0,PE,0.0,0.0,0.0,5.1,1.55,0,0.0,0
2014-11-10,2015-01-29,OPTSTK,HINDUNILVR,630.0,PE,0.0,0.0,0.0,6.4,2.05,0,0.0,0
2014-11-10,2015-01-29,OPTSTK,HINDUNILVR,640.0,PE,0.0,0.0,0.0,7.95,2.7,0,0.0,0
2014-11-10,2015-01-29,OPTSTK,HINDUNILVR,650.0,PE,0.0,0.0,0.0,9.7,3.55,0,0.0,0
2014-11-10,2015-01-29,OPTSTK,HINDUNILVR,660.0,PE,0.0,0.0,0.0,11.75,4.5,0,0.0,0
2014-11-10,2015-01-29,OPTSTK,HINDUNILVR,670.0,PE,0.0,0.0,0.0,14.15,5.75,0,0.0,0
2014-11-10,2015-01-29,OPTSTK,HINDUNILVR,680.0,PE,0.0,0.0,0.0,16.8,7.15,0,0.0,0
2014-11-10,2015-01-29,OPTSTK,HINDUNILVR,690.0,PE,0.0,0.0,0.0,19.75,8.85,0,0.0,0
2014-11-10,2015-01-29,OPTSTK,HINDUNILVR,700.0,PE,0.0,0.0,0.0,23.1,10.85,0,0.0,0
2014-11-10,2015-01-29,OPTSTK,HINDUNILVR,710.0,PE,0.0,0.0,0.0,26.75,13.1,0,0.0,0
2014-11-10,2015-01-29,OPTSTK,HINDUNILVR,720.0,PE,0.0,0.0,0.0,30.8,15.75,0,0.0,0
2014-11-10,2015-01-29,OPTSTK,HINDUNILVR,730.0,PE,0.0,0.0,0.0,35.15,18.6,0,0.0,0
2014-11-10,2015-01-29,OPTSTK,HINDUNILVR,740.0,PE,0.0,0.0,0.0,39.9,21.9,0,0.0,0
2014-11-10,2015-01-29,OPTSTK,HINDUNILVR,750.0,PE,0.0,0.0,0.0,45.0,25.55,0,0.0,0
2014-11-10,2015-01-29,OPTSTK,HINDUNILVR,760.0,PE,0.0,0.0,0.0,50.45,29.6,0,0.0,0
2014-11-10,2015-01-29,OPTSTK,HINDUNILVR,770.0,PE,0.0,0.0,0.0,56.2,34.0,0,0.0,0
2014-11-10,2015-01-29,OPTSTK,HINDUNILVR,780.0,PE,0.0,0.0,0.0,62.3,38.75,0,0.0,0
2014-11-10,2015-01-29,OPTSTK,HINDUNILVR,790.0,PE,0.0,0.0,0.0,68.7,43.9,0,0.0,0
2014-11-10,2015-01-29,OPTSTK,HINDUNILVR,800.0,PE,0.0,0.0,0.0,75.4,49.4,0,0.0,0
2014-11-10,2015-01-29,OPTSTK,HINDUNILVR,810.0,PE,0.0,0.0,0.0,82.4,55.25,0,0.0,0
2014-11-10,2015-01-29,OPTSTK,HINDUNILVR,820.0,PE,0.0,0.0,0.0,89.7,61.45,0,0.0,0
2014-11-10,2015-01-29,OPTSTK,HINDUNILVR,830.0,PE,0.0,0.0,0.0,97.2,67.95,0,0.0,0
2014-11-10,2015-01-29,OPTSTK,HINDUNILVR,840.0,PE,0.0,0.0,0.0,104.95,74.8,0,0.0,0
2014-11-10,2015-01-29,OPTSTK,HINDUNILVR,850.0,PE,0.0,0.0,0.0,112.9,81.9,0,0.0,0
2014-11-10,2015-01-29,OPTSTK,HINDUNILVR,860.0,PE,0.0,0.0,0.0,121.05,89.35,0,0.0,0
2014-11-10,2015-01-29,OPTSTK,HINDUNILVR,870.0,PE,0.0,0.0,0.0,129.35,97.0,0,0.0,0
2014-11-10,2015-01-29,OPTSTK,HINDUNILVR,880.0,PE,0.0,0.0,0.0,137.85,104.9,0,0.0,0
2014-11-10,2015-01-29,OPTSTK,HINDUNILVR,890.0,PE,0.0,0.0,0.0,146.55,113.0,0,0.0,0
2014-11-10,2015-01-29,OPTSTK,HINDUNILVR,900.0,PE,0.0,0.0,0.0,155.3,121.3,0,0.0,0
2014-11-10,2014-11-27,OPTSTK,HINDZINC,105.0,CE,0.0,0.0,0.0,63.0,60.05,0,0.0,0
2014-11-10,2014-11-27,OPTSTK,HINDZINC,110.0,CE,0.0,0.0,0.0,58.15,55.05,0,0.0,0
2014-11-10,2014-11-27,OPTSTK,HINDZINC,115.0,CE,0.0,0.0,0.0,53.3,50.05,0,0.0,0
2014-11-10,2014-11-27,OPTSTK,HINDZINC,120.0,CE,0.0,0.0,0.0,48.5,45.1,0,0.0,0
2014-11-10,2014-11-27,OPTSTK,HINDZINC,125.0,CE,0.0,0.0,0.0,43.8,40.1,0,0.0,0
2014-11-10,2014-11-27,OPTSTK,HINDZINC,130.0,CE,0.0,0.0,0.0,39.2,35.15,0,0.0,0
2014-11-10,2014-11-27,OPTSTK,HINDZINC,135.0,CE,0.0,0.0,0.0,34.75,30.15,0,0.0,0
2014-11-10,2014-11-27,OPTSTK,HINDZINC,140.0,CE,0.0,0.0,0.0,30.5,25.2,0,0.0,0
2014-11-10,2014-11-27,OPTSTK,HINDZINC,145.0,CE,0.0,0.0,0.0,26.45,20.3,0,0.0,0
2014-11-10,2014-11-27,OPTSTK,HINDZINC,150.0,CE,0.0,0.0,0.0,22.75,15.65,0,0.0,0
2014-11-10,2014-11-27,OPTSTK,HINDZINC,155.0,CE,0.0,0.0,0.0,19.3,11.35,0,0.0,0
2014-11-10,2014-11-27,OPTSTK,HINDZINC,160.0,CE,0.0,0.0,0.0,10.45,7.65,0,0.0,2000
2014-11-10,2014-11-27,OPTSTK,HINDZINC,165.0,CE,4.0,4.0,4.0,4.0,4.0,2,6.76,2000
2014-11-10,2014-11-27,OPTSTK,HINDZINC,170.0,CE,3.2,3.2,1.7,1.95,1.95,42,144.74,114000
2014-11-10,2014-11-27,OPTSTK,HINDZINC,175.0,CE,1.5,1.5,0.9,1.0,1.0,14,49.29,60000
2014-11-10,2014-11-27,OPTSTK,HINDZINC,180.0,CE,0.8,0.8,0.55,0.6,0.6,9,32.51,88000
2014-11-10,2014-11-27,OPTSTK,HINDZINC,185.0,CE,0.0,0.0,0.0,0.45,0.3,0,0.0,22000
2014-11-10,2014-11-27,OPTSTK,HINDZINC,190.0,CE,0.0,0.0,0.0,0.6,0.15,0,0.0,8000
2014-11-10,2014-11-27,OPTSTK,HINDZINC,195.0,CE,0.0,0.0,0.0,3.55,0.05,0,0.0,0
2014-11-10,2014-11-27,OPTSTK,HINDZINC,200.0,CE,0.0,0.0,0.0,2.75,0.05,0,0.0,0
2014-11-10,2014-11-27,OPTSTK,HINDZINC,205.0,CE,0.0,0.0,0.0,2.1,0.0,0,0.0,0
2014-11-10,2014-11-27,OPTSTK,HINDZINC,210.0,CE,0.0,0.0,0.0,1.6,0.0,0,0.0,0
2014-11-10,2014-11-27,OPTSTK,HINDZINC,105.0,PE,0.0,0.0,0.0,0.05,0.0,0,0.0,0
2014-11-10,2014-11-27,OPTSTK,HINDZINC,110.0,PE,0.0,0.0,0.0,0.1,0.0,0,0.0,2000
2014-11-10,2014-11-27,OPTSTK,HINDZINC,115.0,PE,0.0,0.0,0.0,0.1,0.0,0,0.0,0
2014-11-10,2014-11-27,OPTSTK,HINDZINC,120.0,PE,0.0,0.0,0.0,0.2,0.0,0,0.0,0
2014-11-10,2014-11-27,OPTSTK,HINDZINC,125.0,PE,0.0,0.0,0.0,0.4,0.0,0,0.0,0
2014-11-10,2014-11-27,OPTSTK,HINDZINC,130.0,PE,0.0,0.0,0.0,0.7,0.0,0,0.0,0
2014-11-10,2014-11-27,OPTSTK,HINDZINC,135.0,PE,0.0,0.0,0.0,1.15,0.05,0,0.0,0
2014-11-10,2014-11-27,OPTSTK,HINDZINC,140.0,PE,0.0,0.0,0.0,1.75,0.05,0,0.0,0
2014-11-10,2014-11-27,OPTSTK,HINDZINC,145.0,PE,0.0,0.0,0.0,2.65,0.15,0,0.0,0
2014-11-10,2014-11-27,OPTSTK,HINDZINC,150.0,PE,0.0,0.0,0.0,0.3,0.45,0,0.0,8000
2014-11-10,2014-11-27,OPTSTK,HINDZINC,155.0,PE,0.0,0.0,0.0,0.45,1.1,0,0.0,16000
2014-11-10,2014-11-27,OPTSTK,HINDZINC,160.0,PE,1.45,2.0,1.45,1.55,1.55,8,25.87,30000
2014-11-10,2014-11-27,OPTSTK,HINDZINC,165.0,PE,3.3,3.3,3.3,3.3,3.3,1,3.36,22000
2014-11-10,2014-11-27,OPTSTK,HINDZINC,170.0,PE,0.0,0.0,0.0,6.45,7.45,0,0.0,8000
2014-11-10,2014-11-27,OPTSTK,HINDZINC,175.0,PE,0.0,0.0,0.0,5.45,11.1,0,0.0,18000
2014-11-10,2014-11-27,OPTSTK,HINDZINC,180.0,PE,0.0,0.0,0.0,11.25,15.35,0,0.0,8000
2014-11-10,2014-11-27,OPTSTK,HINDZINC,185.0,PE,0.0,0.0,0.0,21.05,19.95,0,0.0,0
2014-11-10,2014-11-27,OPTSTK,HINDZINC,190.0,PE,0.0,0.0,0.0,24.75,24.8,0,0.0,0
2014-11-10,2014-11-27,OPTSTK,HINDZINC,195.0,PE,0.0,0.0,0.0,28.65,29.7,0,0.0,0
2014-11-10,2014-11-27,OPTSTK,HINDZINC,200.0,PE,0.0,0.0,0.0,32.75,34.65,0,0.0,0
2014-11-10,2014-11-27,OPTSTK,HINDZINC,205.0,PE,0.0,0.0,0.0,37.0,39.6,0,0.0,0
2014-11-10,2014-11-27,OPTSTK,HINDZINC,210.0,PE,0.0,0.0,0.0,41.4,44.6,0,0.0,0
2014-11-10,2014-12-24,OPTSTK,HINDZINC,105.0,CE,0.0,0.0,0.0,58.25,60.7,0,0.0,0
2014-11-10,2014-12-24,OPTSTK,HINDZINC,110.0,CE,0.0,0.0,0.0,53.45,55.75,0,0.0,0
2014-11-10,2014-12-24,OPTSTK,HINDZINC,115.0,CE,0.0,0.0,0.0,48.65,50.85,0,0.0,0
2014-11-10,2014-12-24,OPTSTK,HINDZINC,120.0,CE,0.0,0.0,0.0,43.95,45.9,0,0.0,0
2014-11-10,2014-12-24,OPTSTK,HINDZINC,125.0,CE,0.0,0.0,0.0,39.4,40.95,0,0.0,0
2014-11-10,2014-12-24,OPTSTK,HINDZINC,130.0,CE,0.0,0.0,0.0,35.0,36.05,0,0.0,0
2014-11-10,2014-12-24,OPTSTK,HINDZINC,135.0,CE,0.0,0.0,0.0,30.75,31.25,0,0.0,0
2014-11-10,2014-12-24,OPTSTK,HINDZINC,140.0,CE,0.0,0.0,0.0,26.8,26.55,0,0.0,0
2014-11-10,2014-12-24,OPTSTK,HINDZINC,145.0,CE,0.0,0.0,0.0,23.1,22.1,0,0.0,0
2014-11-10,2014-12-24,OPTSTK,HINDZINC,150.0,CE,0.0,0.0,0.0,19.7,17.9,0,0.0,0
2014-11-10,2014-12-24,OPTSTK,HINDZINC,155.0,CE,0.0,0.0,0.0,16.65,14.15,0,0.0,0
2014-11-10,2014-12-24,OPTSTK,HINDZINC,160.0,CE,0.0,0.0,0.0,13.9,10.85,0,0.0,0
2014-11-10,2014-12-24,OPTSTK,HINDZINC,165.0,CE,0.0,0.0,0.0,11.5,8.1,0,0.0,0
2014-11-10,2014-12-24,OPTSTK,HINDZINC,170.0,CE,3.05,3.7,3.0,3.4,3.4,20,69.37,40000
2014-11-10,2014-12-24,OPTSTK,HINDZINC,175.0,CE,2.0,2.05,2.0,2.0,2.0,7,24.78,12000
2014-11-10,2014-12-24,OPTSTK,HINDZINC,180.0,CE,0.0,0.0,0.0,6.15,2.8,0,0.0,0
2014-11-10,2014-12-24,OPTSTK,HINDZINC,185.0,CE,0.0,0.0,0.0,4.9,1.85,0,0.0,0
2014-11-10,2014-12-24,OPTSTK,HINDZINC,190.0,CE,0.0,0.0,0.0,3.9,1.2,0,0.0,0
2014-11-10,2014-12-24,OPTSTK,HINDZINC,195.0,CE,0.0,0.0,0.0,3.05,0.75,0,0.0,0
2014-11-10,2014-12-24,OPTSTK,HINDZINC,200.0,CE,0.0,0.0,0.0,2.4,0.45,0,0.0,0
2014-11-10,2014-12-24,OPTSTK,HINDZINC,205.0,CE,0.0,0.0,0.0,1.85,0.3,0,0.0,0
2014-11-10,2014-12-24,OPTSTK,HINDZINC,210.0,CE,0.0,0.0,0.0,1.4,0.15,0,0.0,0
2014-11-10,2014-12-24,OPTSTK,HINDZINC,105.0,PE,0.0,0.0,0.0,0.05,0.0,0,0.0,0
2014-11-10,2014-12-24,OPTSTK,HINDZINC,110.0,PE,0.0,0.0,0.0,0.15,0.0,0,0.0,0
2014-11-10,2014-12-24,OPTSTK,HINDZINC,115.0,PE,0.0,0.0,0.0,0.25,0.0,0,0.0,0
2014-11-10,2014-12-24,OPTSTK,HINDZINC,120.0,PE,0.0,0.0,0.0,0.45,0.05,0,0.0,0
2014-11-10,2014-12-24,OPTSTK,HINDZINC,125.0,PE,0.0,0.0,0.0,0.75,0.05,0,0.0,0
2014-11-10,2014-12-24,OPTSTK,HINDZINC,130.0,PE,0.0,0.0,0.0,1.25,0.1,0,0.0,0
2014-11-10,2014-12-24,OPTSTK,HINDZINC,135.0,PE,0.0,0.0,0.0,1.9,0.25,0,0.0,0
2014-11-10,2014-12-24,OPTSTK,HINDZINC,140.0,PE,0.0,0.0,0.0,2.85,0.5,0,0.0,0
2014-11-10,2014-12-24,OPTSTK,HINDZINC,145.0,PE,0.0,0.0,0.0,4.05,0.95,0,0.0,0
2014-11-10,2014-12-24,OPTSTK,HINDZINC,150.0,PE,0.0,0.0,0.0,5.5,1.75,0,0.0,0
2014-11-10,2014-12-24,OPTSTK,HINDZINC,155.0,PE,0.0,0.0,0.0,7.35,2.9,0,0.0,0
2014-11-10,2014-12-24,OPTSTK,HINDZINC,160.0,PE,0.0,0.0,0.0,9.5,4.55,0,0.0,0
2014-11-10,2014-12-24,OPTSTK,HINDZINC,165.0,PE,0.0,0.0,0.0,12.0,6.75,0,0.0,0
2014-11-10,2014-12-24,OPTSTK,HINDZINC,170.0,PE,0.0,0.0,0.0,14.8,9.45,0,0.0,0
2014-11-10,2014-12-24,OPTSTK,HINDZINC,175.0,PE,0.0,0.0,0.0,17.95,12.65,0,0.0,0
2014-11-10,2014-12-24,OPTSTK,HINDZINC,180.0,PE,0.0,0.0,0.0,21.35,16.3,0,0.0,0
2014-11-10,2014-12-24,OPTSTK,HINDZINC,185.0,PE,0.0,0.0,0.0,25.0,20.3,0,0.0,0
2014-11-10,2014-12-24,OPTSTK,HINDZINC,190.0,PE,0.0,0.0,0.0,28.85,24.6,0,0.0,0
2014-11-10,2014-12-24,OPTSTK,HINDZINC,195.0,PE,0.0,0.0,0.0,32.9,29.1,0,0.0,0
2014-11-10,2014-12-24,OPTSTK,HINDZINC,200.0,PE,0.0,0.0,0.0,37.1,33.75,0,0.0,0
2014-11-10,2014-12-24,OPTSTK,HINDZINC,205.0,PE,0.0,0.0,0.0,41.45,38.55,0,0.0,0
2014-11-10,2014-12-24,OPTSTK,HINDZINC,210.0,PE,0.0,0.0,0.0,45.95,43.35,0,0.0,0
2014-11-10,2015-01-29,OPTSTK,HINDZINC,105.0,CE,0.0,0.0,0.0,66.25,61.6,0,0.0,0
2014-11-10,2015-01-29,OPTSTK,HINDZINC,110.0,CE,0.0,0.0,0.0,61.4,56.7,0,0.0,0
2014-11-10,2015-01-29,OPTSTK,HINDZINC,115.0,CE,0.0,0.0,0.0,56.55,51.85,0,0.0,0
2014-11-10,2015-01-29,OPTSTK,HINDZINC,120.0,CE,0.0,0.0,0.0,51.75,47.0,0,0.0,0
2014-11-10,2015-01-29,OPTSTK,HINDZINC,125.0,CE,0.0,0.0,0.0,47.0,42.2,0,0.0,0
2014-11-10,2015-01-29,OPTSTK,HINDZINC,130.0,CE,0.0,0.0,0.0,42.35,37.5,0,0.0,0
2014-11-10,2015-01-29,OPTSTK,HINDZINC,135.0,CE,0.0,0.0,0.0,37.85,32.95,0,0.0,0
2014-11-10,2015-01-29,OPTSTK,HINDZINC,140.0,CE,0.0,0.0,0.0,33.55,28.6,0,0.0,0
2014-11-10,2015-01-29,OPTSTK,HINDZINC,145.0,CE,0.0,0.0,0.0,29.45,24.45,0,0.0,0
2014-11-10,2015-01-29,OPTSTK,HINDZINC,150.0,CE,0.0,0.0,0.0,25.55,20.65,0,0.0,0
2014-11-10,2015-01-29,OPTSTK,HINDZINC,155.0,CE,0.0,0.0,0.0,22.0,17.15,0,0.0,0
2014-11-10,2015-01-29,OPTSTK,HINDZINC,160.0,CE,0.0,0.0,0.0,18.75,14.05,0,0.0,0
2014-11-10,2015-01-29,OPTSTK,HINDZINC,165.0,CE,0.0,0.0,0.0,15.8,11.35,0,0.0,0
2014-11-10,2015-01-29,OPTSTK,HINDZINC,170.0,CE,0.0,0.0,0.0,13.2,9.0,0,0.0,0
2014-11-10,2015-01-29,OPTSTK,HINDZINC,175.0,CE,0.0,0.0,0.0,10.9,7.05,0,0.0,0
2014-11-10,2015-01-29,OPTSTK,HINDZINC,180.0,CE,0.0,0.0,0.0,8.9,5.45,0,0.0,0
2014-11-10,2015-01-29,OPTSTK,HINDZINC,185.0,CE,0.0,0.0,0.0,7.25,4.15,0,0.0,0
2014-11-10,2015-01-29,OPTSTK,HINDZINC,190.0,CE,0.0,0.0,0.0,5.8,3.15,0,0.0,0
2014-11-10,2015-01-29,OPTSTK,HINDZINC,195.0,CE,0.0,0.0,0.0,4.65,2.3,0,0.0,0
2014-11-10,2015-01-29,OPTSTK,HINDZINC,200.0,CE,0.0,0.0,0.0,3.7,1.7,0,0.0,0
2014-11-10,2015-01-29,OPTSTK,HINDZINC,205.0,CE,0.0,0.0,0.0,2.9,1.25,0,0.0,0
2014-11-10,2015-01-29,OPTSTK,HINDZINC,210.0,CE,0.0,0.0,0.0,2.25,0.9,0,0.0,0
2014-11-10,2015-01-29,OPTSTK,HINDZINC,105.0,PE,0.0,0.0,0.0,0.05,0.05,0,0.0,0
2014-11-10,2015-01-29,OPTSTK,HINDZINC,110.0,PE,0.0,0.0,0.0,0.05,0.05,0,0.0,0
2014-11-10,2015-01-29,OPTSTK,HINDZINC,115.0,PE,0.0,0.0,0.0,0.1,0.05,0,0.0,0
2014-11-10,2015-01-29,OPTSTK,HINDZINC,120.0,PE,0.0,0.0,0.0,0.2,0.1,0,0.0,0
2014-11-10,2015-01-29,OPTSTK,HINDZINC,125.0,PE,0.0,0.0,0.0,0.35,0.25,0,0.0,0
2014-11-10,2015-01-29,OPTSTK,HINDZINC,130.0,PE,0.0,0.0,0.0,0.6,0.45,0,0.0,0
2014-11-10,2015-01-29,OPTSTK,HINDZINC,135.0,PE,0.0,0.0,0.0,1.0,0.8,0,0.0,0
2014-11-10,2015-01-29,OPTSTK,HINDZINC,140.0,PE,0.0,0.0,0.0,1.55,1.35,0,0.0,0
2014-11-10,2015-01-29,OPTSTK,HINDZINC,145.0,PE,0.0,0.0,0.0,2.35,2.1,0,0.0,0
2014-11-10,2015-01-29,OPTSTK,HINDZINC,150.0,PE,0.0,0.0,0.0,3.4,3.2,0,0.0,0
2014-11-10,2015-01-29,OPTSTK,HINDZINC,155.0,PE,0.0,0.0,0.0,4.7,4.6,0,0.0,0
2014-11-10,2015-01-29,OPTSTK,HINDZINC,160.0,PE,0.0,0.0,0.0,6.35,6.4,0,0.0,0
2014-11-10,2015-01-29,OPTSTK,HINDZINC,165.0,PE,0.0,0.0,0.0,8.3,8.6,0,0.0,0
2014-11-10,2015-01-29,OPTSTK,HINDZINC,170.0,PE,0.0,0.0,0.0,10.55,11.2,0,0.0,0
2014-11-10,2015-01-29,OPTSTK,HINDZINC,175.0,PE,0.0,0.0,0.0,13.15,14.15,0,0.0,0
2014-11-10,2015-01-29,OPTSTK,HINDZINC,180.0,PE,0.0,0.0,0.0,16.1,17.45,0,0.0,0
2014-11-10,2015-01-29,OPTSTK,HINDZINC,185.0,PE,0.0,0.0,0.0,19.3,21.05,0,0.0,0
2014-11-10,2015-01-29,OPTSTK,HINDZINC,190.0,PE,0.0,0.0,0.0,22.75,24.95,0,0.0,0
2014-11-10,2015-01-29,OPTSTK,HINDZINC,195.0,PE,0.0,0.0,0.0,26.5,29.05,0,0.0,0
2014-11-10,2015-01-29,OPTSTK,HINDZINC,200.0,PE,0.0,0.0,0.0,30.4,33.3,0,0.0,0
2014-11-10,2015-01-29,OPTSTK,HINDZINC,205.0,PE,0.0,0.0,0.0,34.5,37.75,0,0.0,0
2014-11-10,2015-01-29,OPTSTK,HINDZINC,210.0,PE,0.0,0.0,0.0,38.75,42.3,0,0.0,0
2014-11-10,2014-11-27,OPTSTK,IBREALEST,40.0,CE,0.0,0.0,0.0,29.95,37.3,0,0.0,0
2014-11-10,2014-11-27,OPTSTK,IBREALEST,42.5,CE,0.0,0.0,0.0,24.05,34.8,0,0.0,0
2014-11-10,2014-11-27,OPTSTK,IBREALEST,45.0,CE,0.0,0.0,0.0,25.5,32.3,0,0.0,0
2014-11-10,2014-11-27,OPTSTK,IBREALEST,47.5,CE,0.0,0.0,0.0,19.45,29.8,0,0.0,0
2014-11-10,2014-11-27,OPTSTK,IBREALEST,50.0,CE,0.0,0.0,0.0,21.3,27.3,0,0.0,0
2014-11-10,2014-11-27,OPTSTK,IBREALEST,52.5,CE,0.0,0.0,0.0,15.15,24.85,0,0.0,0
2014-11-10,2014-11-27,OPTSTK,IBREALEST,55.0,CE,0.0,0.0,0.0,17.55,22.35,0,0.0,0
2014-11-10,2014-11-27,OPTSTK,IBREALEST,57.5,CE,0.0,0.0,0.0,11.45,19.9,0,0.0,0
2014-11-10,2014-11-27,OPTSTK,IBREALEST,60.0,CE,0.0,0.0,0.0,14.25,17.45,0,0.0,0
2014-11-10,2014-11-27,OPTSTK,IBREALEST,62.5,CE,0.0,0.0,0.0,8.35,15.1,0,0.0,0
2014-11-10,2014-11-27,OPTSTK,IBREALEST,65.0,CE,0.0,0.0,0.0,11.45,12.8,0,0.0,0
2014-11-10,2014-11-27,OPTSTK,IBREALEST,67.5,CE,0.0,0.0,0.0,7.8,10.65,0,0.0,8000
2014-11-10,2014-11-27,OPTSTK,IBREALEST,70.0,CE,5.5,7.45,5.5,7.45,7.45,9,27.38,108000
2014-11-10,2014-11-27,OPTSTK,IBREALEST,72.5,CE,5.95,6.5,5.4,6.15,6.15,11,34.51,32000
2014-11-10,2014-11-27,OPTSTK,IBREALEST,75.0,CE,3.0,4.9,2.65,4.1,4.1,75,237.11,764000
2014-11-10,2014-11-27,OPTSTK,IBREALEST,77.5,CE,2.0,3.1,1.8,2.7,2.7,18,57.57,104000
2014-11-10,2014-11-27,OPTSTK,IBREALEST,80.0,CE,1.0,2.2,0.95,1.7,1.7,84,274.88,1060000
2014-11-10,2014-11-27,OPTSTK,IBREALEST,82.5,CE,0.7,1.25,0.7,1.25,1.25,5,16.7,120000
2014-11-10,2014-11-27,OPTSTK,IBREALEST,85.0,CE,0.4,0.9,0.4,0.7,0.7,29,99.45,504000
2014-11-10,2014-11-27,OPTSTK,IBREALEST,87.5,CE,0.0,0.0,0.0,0.55,1.1,0,0.0,28000
2014-11-10,2014-11-27,OPTSTK,IBREALEST,90.0,CE,0.25,0.25,0.25,0.25,0.25,2,7.22,208000
2014-11-10,2014-11-27,OPTSTK,IBREALEST,92.5,CE,0.0,0.0,0.0,0.35,0.5,0,0.0,0
2014-11-10,2014-11-27,OPTSTK,IBREALEST,95.0,CE,0.0,0.0,0.0,0.1,0.35,0,0.0,144000
2014-11-10,2014-11-27,OPTSTK,IBREALEST,97.5,CE,0.0,0.0,0.0,0.05,0.25,0,0.0,64000
2014-11-10,2014-11-27,OPTSTK,IBREALEST,100.0,CE,0.1,0.1,0.1,0.1,0.1,1,4.0,396000
2014-11-10,2014-11-27,OPTSTK,IBREALEST,105.0,CE,0.0,0.0,0.0,1.45,0.05,0,0.0,0
2014-11-10,2014-11-27,OPTSTK,IBREALEST,110.0,CE,0.0,0.0,0.0,0.05,0.05,0,0.0,0
2014-11-10,2014-11-27,OPTSTK,IBREALEST,115.0,CE,0.0,0.0,0.0,0.85,0.05,0,0.0,0
2014-11-10,2014-11-27,OPTSTK,IBREALEST,120.0,CE,0.0,0.0,0.0,0.65,0.0,0,0.0,0
2014-11-10,2014-11-27,OPTSTK,IBREALEST,40.0,PE,0.0,0.0,0.0,0.3,0.0,0,0.0,0
2014-11-10,2014-11-27,OPTSTK,IBREALEST,42.5,PE,0.0,0.0,0.0,0.15,0.0,0,0.0,0
2014-11-10,2014-11-27,OPTSTK,IBREALEST,45.0,PE,0.0,0.0,0.0,0.05,0.0,0,0.0,600000
2014-11-10,2014-11-27,OPTSTK,IBREALEST,47.5,PE,0.0,0.0,0.0,0.45,0.0,0,0.0,0
2014-11-10,2014-11-27,OPTSTK,IBREALEST,50.0,PE,0.0,0.0,0.0,0.1,0.0,0,0.0,372000
2014-11-10,2014-11-27,OPTSTK,IBREALEST,52.5,PE,0.0,0.0,0.0,0.1,0.0,0,0.0,72000
2014-11-10,2014-11-27,OPTSTK,IBREALEST,55.0,PE,0.15,0.15,0.1,0.1,0.1,17,37.48,156000
2014-11-10,2014-11-27,OPTSTK,IBREALEST,57.5,PE,0.2,0.2,0.2,0.2,0.2,4,9.23,432000
2014-11-10,2014-11-27,OPTSTK,IBREALEST,60.0,PE,0.0,0.0,0.0,0.75,0.1,0,0.0,76000
2014-11-10,2014-11-27,OPTSTK,IBREALEST,62.5,PE,0.0,0.0,0.0,0.5,0.25,0,0.0,312000
2014-11-10,2014-11-27,OPTSTK,IBREALEST,65.0,PE,0.4,0.4,0.2,0.2,0.2,6,15.66,68000
2014-11-10,2014-11-27,OPTSTK,IBREALEST,67.5,PE,0.7,1.7,0.35,0.35,0.35,13,35.51,52000
2014-11-10,2014-11-27,OPTSTK,IBREALEST,70.0,PE,1.05,1.3,0.7,0.9,0.9,20,56.82,284000
2014-11-10,2014-11-27,OPTSTK,IBREALEST,72.5,PE,1.25,1.35,1.25,1.35,1.35,5,14.76,56000
2014-11-10,2014-11-27,OPTSTK,IBREALEST,75.0,PE,3.0,3.0,1.6,2.0,2.0,7,21.54,212000
2014-11-10,2014-11-27,OPTSTK,IBREALEST,77.5,PE,0.0,0.0,0.0,6.6,4.2,0,0.0,28000
2014-11-10,2014-11-27,OPTSTK,IBREALEST,80.0,PE,0.0,0.0,0.0,8.4,5.65,0,0.0,32000
2014-11-10,2014-11-27,OPTSTK,IBREALEST,82.5,PE,0.0,0.0,0.0,17.25,7.3,0,0.0,0
2014-11-10,2014-11-27,OPTSTK,IBREALEST,85.0,PE,0.0,0.0,0.0,18.65,9.15,0,0.0,0
2014-11-10,2014-11-27,OPTSTK,IBREALEST,87.5,PE,0.0,0.0,0.0,21.55,11.15,0,0.0,0
2014-11-10,2014-11-27,OPTSTK,IBREALEST,90.0,PE,0.0,0.0,0.0,21.0,13.3,0,0.0,4000
2014-11-10,2014-11-27,OPTSTK,IBREALEST,92.5,PE,0.0,0.0,0.0,26.05,15.55,0,0.0,0
2014-11-10,2014-11-27,OPTSTK,IBREALEST,95.0,PE,0.0,0.0,0.0,26.7,17.85,0,0.0,0
2014-11-10,2014-11-27,OPTSTK,IBREALEST,97.5,PE,0.0,0.0,0.0,25.6,20.25,0,0.0,0
2014-11-10,2014-11-27,OPTSTK,IBREALEST,100.0,PE,0.0,0.0,0.0,31.0,22.65,0,0.0,0
2014-11-10,2014-11-27,OPTSTK,IBREALEST,105.0,PE,0.0,0.0,0.0,35.45,27.55,0,0.0,0
2014-11-10,2014-11-27,OPTSTK,IBREALEST,110.0,PE,0.0,0.0,0.0,39.95,32.5,0,0.0,0
2014-11-10,2014-11-27,OPTSTK,IBREALEST,115.0,PE,0.0,0.0,0.0,44.6,37.45,0,0.0,0
2014-11-10,2014-11-27,OPTSTK,IBREALEST,120.0,PE,0.0,0.0,0.0,49.3,42.45,0,0.0,0
2014-11-10,2014-12-24,OPTSTK,IBREALEST,40.0,CE,0.0,0.0,0.0,26.8,37.55,0,0.0,0
2014-11-10,2014-12-24,OPTSTK,IBREALEST,42.5,CE,0.0,0.0,0.0,24.5,35.05,0,0.0,0
2014-11-10,2014-12-24,OPTSTK,IBREALEST,45.0,CE,0.0,0.0,0.0,22.3,32.6,0,0.0,0
2014-11-10,2014-12-24,OPTSTK,IBREALEST,47.5,CE,0.0,0.0,0.0,20.1,30.15,0,0.0,0
2014-11-10,2014-12-24,OPTSTK,IBREALEST,50.0,CE,0.0,0.0,0.0,18.05,27.75,0,0.0,0
2014-11-10,2014-12-24,OPTSTK,IBREALEST,52.5,CE,0.0,0.0,0.0,16.1,25.35,0,0.0,0
2014-11-10,2014-12-24,OPTSTK,IBREALEST,55.0,CE,0.0,0.0,0.0,14.3,23.0,0,0.0,0
2014-11-10,2014-12-24,OPTSTK,IBREALEST,57.5,CE,0.0,0.0,0.0,12.6,20.75,0,0.0,0
2014-11-10,2014-12-24,OPTSTK,IBREALEST,60.0,CE,0.0,0.0,0.0,11.05,18.55,0,0.0,0
2014-11-10,2014-12-24,OPTSTK,IBREALEST,62.5,CE,0.0,0.0,0.0,9.65,16.5,0,0.0,0
2014-11-10,2014-12-24,OPTSTK,IBREALEST,65.0,CE,0.0,0.0,0.0,8.4,14.5,0,0.0,0
2014-11-10,2014-12-24,OPTSTK,IBREALEST,67.5,CE,0.0,0.0,0.0,7.25,12.7,0,0.0,0
2014-11-10,2014-12-24,OPTSTK,IBREALEST,70.0,CE,0.0,0.0,0.0,6.25,11.0,0,0.0,0
2014-11-10,2014-12-24,OPTSTK,IBREALEST,72.5,CE,0.0,0.0,0.0,5.35,9.45,0,0.0,0
2014-11-10,2014-12-24,OPTSTK,IBREALEST,75.0,CE,0.0,0.0,0.0,4.6,8.1,0,0.0,0
2014-11-10,2014-12-24,OPTSTK,IBREALEST,77.5,CE,0.0,0.0,0.0,3.9,6.85,0,0.0,0
2014-11-10,2014-12-24,OPTSTK,IBREALEST,80.0,CE,0.0,0.0,0.0,3.3,5.8,0,0.0,0
2014-11-10,2014-12-24,OPTSTK,IBREALEST,82.5,CE,0.0,0.0,0.0,2.8,4.85,0,0.0,0
2014-11-10,2014-12-24,OPTSTK,IBREALEST,85.0,CE,0.0,0.0,0.0,4.0,4.0,0,0.0,40000
2014-11-10,2014-12-24,OPTSTK,IBREALEST,87.5,CE,0.0,0.0,0.0,2.95,3.3,0,0.0,0
2014-11-10,2014-12-24,OPTSTK,IBREALEST,90.0,CE,0.0,0.0,0.0,2.0,2.75,0,0.0,40000
2014-11-10,2014-12-24,OPTSTK,IBREALEST,92.5,CE,0.0,0.0,0.0,1.4,2.25,0,0.0,0
2014-11-10,2014-12-24,OPTSTK,IBREALEST,95.0,CE,0.0,0.0,0.0,1.2,1.8,0,0.0,0
2014-11-10,2014-12-24,OPTSTK,IBREALEST,40.0,PE,0.0,0.0,0.0,0.2,0.0,0,0.0,0
2014-11-10,2014-12-24,OPTSTK,IBREALEST,42.5,PE,0.0,0.0,0.0,0.35,0.05,0,0.0,0
2014-11-10,2014-12-24,OPTSTK,IBREALEST,45.0,PE,0.0,0.0,0.0,0.55,0.05,0,0.0,0
2014-11-10,2014-12-24,OPTSTK,IBREALEST,47.5,PE,0.0,0.0,0.0,0.85,0.05,0,0.0,0
2014-11-10,2014-12-24,OPTSTK,IBREALEST,50.0,PE,0.0,0.0,0.0,1.2,0.1,0,0.0,0
2014-11-10,2014-12-24,OPTSTK,IBREALEST,52.5,PE,0.0,0.0,0.0,1.75,0.2,0,0.0,0
2014-11-10,2014-12-24,OPTSTK,IBREALEST,55.0,PE,0.0,0.0,0.0,2.35,0.35,0,0.0,0
2014-11-10,2014-12-24,OPTSTK,IBREALEST,57.5,PE,0.0,0.0,0.0,3.1,0.55,0,0.0,0
2014-11-10,2014-12-24,OPTSTK,IBREALEST,60.0,PE,0.0,0.0,0.0,4.0,0.85,0,0.0,0
2014-11-10,2014-12-24,OPTSTK,IBREALEST,62.5,PE,0.0,0.0,0.0,5.05,1.25,0,0.0,0
2014-11-10,2014-12-24,OPTSTK,IBREALEST,65.0,PE,0.0,0.0,0.0,6.25,1.75,0,0.0,0
2014-11-10,2014-12-24,OPTSTK,IBREALEST,67.5,PE,0.0,0.0,0.0,7.55,2.4,0,0.0,0
2014-11-10,2014-12-24,OPTSTK,IBREALEST,70.0,PE,0.0,0.0,0.0,9.0,3.15,0,0.0,0
2014-11-10,2014-12-24,OPTSTK,IBREALEST,72.5,PE,0.0,0.0,0.0,10.55,4.1,0,0.0,0
2014-11-10,2014-12-24,OPTSTK,IBREALEST,75.0,PE,0.0,0.0,0.0,12.2,5.2,0,0.0,0
2014-11-10,2014-12-24,OPTSTK,IBREALEST,77.5,PE,0.0,0.0,0.0,13.95,6.45,0,0.0,0
2014-11-10,2014-12-24,OPTSTK,IBREALEST,80.0,PE,0.0,0.0,0.0,15.8,7.85,0,0.0,0
2014-11-10,2014-12-24,OPTSTK,IBREALEST,82.5,PE,0.0,0.0,0.0,17.75,9.35,0,0.0,0
2014-11-10,2014-12-24,OPTSTK,IBREALEST,85.0,PE,0.0,0.0,0.0,19.75,11.05,0,0.0,0
2014-11-10,2014-12-24,OPTSTK,IBREALEST,87.5,PE,0.0,0.0,0.0,21.85,12.8,0,0.0,0
2014-11-10,2014-12-24,OPTSTK,IBREALEST,90.0,PE,0.0,0.0,0.0,23.95,14.7,0,0.0,0
2014-11-10,2014-12-24,OPTSTK,IBREALEST,92.5,PE,0.0,0.0,0.0,26.15,16.65,0,0.0,0
2014-11-10,2014-12-24,OPTSTK,IBREALEST,95.0,PE,0.0,0.0,0.0,28.35,18.75,0,0.0,0
2014-11-10,2015-01-29,OPTSTK,IBREALEST,40.0,CE,0.0,0.0,0.0,30.1,37.95,0,0.0,0
2014-11-10,2015-01-29,OPTSTK,IBREALEST,42.5,CE,0.0,0.0,0.0,27.8,35.55,0,0.0,0
2014-11-10,2015-01-29,OPTSTK,IBREALEST,45.0,CE,0.0,0.0,0.0,25.55,33.15,0,0.0,0
2014-11-10,2015-01-29,OPTSTK,IBREALEST,47.5,CE,0.0,0.0,0.0,23.35,30.8,0,0.0,0
2014-11-10,2015-01-29,OPTSTK,IBREALEST,50.0,CE,0.0,0.0,0.0,21.25,28.55,0,0.0,0
2014-11-10,2015-01-29,OPTSTK,IBREALEST,52.5,CE,0.0,0.0,0.0,19.25,26.3,0,0.0,0
2014-11-10,2015-01-29,OPTSTK,IBREALEST,55.0,CE,0.0,0.0,0.0,17.35,24.15,0,0.0,0
2014-11-10,2015-01-29,OPTSTK,IBREALEST,57.5,CE,0.0,0.0,0.0,15.6,22.1,0,0.0,0
2014-11-10,2015-01-29,OPTSTK,IBREALEST,60.0,CE,0.0,0.0,0.0,13.95,20.15,0,0.0,0
2014-11-10,2015-01-29,OPTSTK,IBREALEST,62.5,CE,0.0,0.0,0.0,12.4,18.3,0,0.0,0
2014-11-10,2015-01-29,OPTSTK,IBREALEST,65.0,CE,0.0,0.0,0.0,11.0,16.5,0,0.0,0
2014-11-10,2015-01-29,OPTSTK,IBREALEST,67.5,CE,0.0,0.0,0.0,9.7,14.9,0,0.0,0
2014-11-10,2015-01-29,OPTSTK,IBREALEST,70.0,CE,0.0,0.0,0.0,8.55,13.35,0,0.0,0
2014-11-10,2015-01-29,OPTSTK,IBREALEST,72.5,CE,0.0,0.0,0.0,7.5,11.95,0,0.0,0
2014-11-10,2015-01-29,OPTSTK,IBREALEST,75.0,CE,0.0,0.0,0.0,6.55,10.65,0,0.0,0
2014-11-10,2015-01-29,OPTSTK,IBREALEST,77.5,CE,0.0,0.0,0.0,5.75,9.45,0,0.0,0
2014-11-10,2015-01-29,OPTSTK,IBREALEST,80.0,CE,0.0,0.0,0.0,5.0,8.4,0,0.0,0
2014-11-10,2015-01-29,OPTSTK,IBREALEST,82.5,CE,0.0,0.0,0.0,4.35,7.4,0,0.0,0
2014-11-10,2015-01-29,OPTSTK,IBREALEST,85.0,CE,0.0,0.0,0.0,3.75,6.55,0,0.0,0
2014-11-10,2015-01-29,OPTSTK,IBREALEST,87.5,CE,0.0,0.0,0.0,3.25,5.75,0,0.0,0
2014-11-10,2015-01-29,OPTSTK,IBREALEST,90.0,CE,0.0,0.0,0.0,2.8,5.05,0,0.0,0
2014-11-10,2015-01-29,OPTSTK,IBREALEST,92.5,CE,0.0,0.0,0.0,2.4,4.4,0,0.0,0
2014-11-10,2015-01-29,OPTSTK,IBREALEST,95.0,CE,0.0,0.0,0.0,2.1,3.85,0,0.0,0
2014-11-10,2015-01-29,OPTSTK,IBREALEST,40.0,PE,0.0,0.0,0.0,0.2,0.1,0,0.0,0
2014-11-10,2015-01-29,OPTSTK,IBREALEST,42.5,PE,0.0,0.0,0.0,0.35,0.15,0,0.0,0
2014-11-10,2015-01-29,OPTSTK,IBREALEST,45.0,PE,0.0,0.0,0.0,0.5,0.2,0,0.0,0
2014-11-10,2015-01-29,OPTSTK,IBREALEST,47.5,PE,0.0,0.0,0.0,0.8,0.3,0,0.0,0
2014-11-10,2015-01-29,OPTSTK,IBREALEST,50.0,PE,0.0,0.0,0.0,1.1,0.5,0,0.0,0
2014-11-10,2015-01-29,OPTSTK,IBREALEST,52.5,PE,0.0,0.0,0.0,1.55,0.7,0,0.0,0
2014-11-10,2015-01-29,OPTSTK,IBREALEST,55.0,PE,0.0,0.0,0.0,2.1,1.05,0,0.0,0
2014-11-10,2015-01-29,OPTSTK,IBREALEST,57.5,PE,0.0,0.0,0.0,2.8,1.4,0,0.0,0
2014-11-10,2015-01-29,OPTSTK,IBREALEST,60.0,PE,0.0,0.0,0.0,3.6,1.9,0,0.0,0
2014-11-10,2015-01-29,OPTSTK,IBREALEST,62.5,PE,0.0,0.0,0.0,4.5,2.5,0,0.0,0
2014-11-10,2015-01-29,OPTSTK,IBREALEST,65.0,PE,0.0,0.0,0.0,5.55,3.2,0,0.0,0
2014-11-10,2015-01-29,OPTSTK,IBREALEST,67.5,PE,0.0,0.0,0.0,6.7,4.0,0,0.0,0
2014-11-10,2015-01-29,OPTSTK,IBREALEST,70.0,PE,0.0,0.0,0.0,8.0,4.9,0,0.0,0
2014-11-10,2015-01-29,OPTSTK,IBREALEST,72.5,PE,0.0,0.0,0.0,9.4,5.95,0,0.0,0
2014-11-10,2015-01-29,OPTSTK,IBREALEST,75.0,PE,0.0,0.0,0.0,10.9,7.1,0,0.0,0
2014-11-10,2015-01-29,OPTSTK,IBREALEST,77.5,PE,0.0,0.0,0.0,12.5,8.4,0,0.0,0
2014-11-10,2015-01-29,OPTSTK,IBREALEST,80.0,PE,0.0,0.0,0.0,14.2,9.75,0,0.0,0
2014-11-10,2015-01-29,OPTSTK,IBREALEST,82.5,PE,0.0,0.0,0.0,16.0,11.25,0,0.0,0
2014-11-10,2015-01-29,OPTSTK,IBREALEST,85.0,PE,0.0,0.0,0.0,17.85,12.8,0,0.0,0
2014-11-10,2015-01-29,OPTSTK,IBREALEST,87.5,PE,0.0,0.0,0.0,19.8,14.5,0,0.0,0
2014-11-10,2015-01-29,OPTSTK,IBREALEST,90.0,PE,0.0,0.0,0.0,21.8,16.25,0,0.0,0
2014-11-10,2015-01-29,OPTSTK,IBREALEST,92.5,PE,0.0,0.0,0.0,23.85,18.05,0,0.0,0
2014-11-10,2015-01-29,OPTSTK,IBREALEST,95.0,PE,0.0,0.0,0.0,26.0,19.95,0,0.0,0
2014-11-10,2014-11-27,OPTSTK,ICICIBANK,1050.0,CE,0.0,0.0,0.0,529.25,621.15,0,0.0,0
2014-11-10,2014-11-27,OPTSTK,ICICIBANK,1080.0,CE,0.0,0.0,0.0,402.25,591.3,0,0.0,0
2014-11-10,2014-11-27,OPTSTK,ICICIBANK,1100.0,CE,0.0,0.0,0.0,480.5,571.35,0,0.0,0
2014-11-10,2014-11-27,OPTSTK,ICICIBANK,1120.0,CE,0.0,0.0,0.0,363.35,551.45,0,0.0,0
2014-11-10,2014-11-27,OPTSTK,ICICIBANK,1140.0,CE,0.0,0.0,0.0,344.05,531.5,0,0.0,0
2014-11-10,2014-11-27,OPTSTK,ICICIBANK,1150.0,CE,0.0,0.0,0.0,432.05,521.55,0,0.0,0
2014-11-10,2014-11-27,OPTSTK,ICICIBANK,1160.0,CE,0.0,0.0,0.0,324.9,511.6,0,0.0,0
2014-11-10,2014-11-27,OPTSTK,ICICIBANK,1180.0,CE,0.0,0.0,0.0,305.95,491.7,0,0.0,0
2014-11-10,2014-11-27,OPTSTK,ICICIBANK,1200.0,CE,0.0,0.0,0.0,384.2,471.75,0,0.0,0
2014-11-10,2014-11-27,OPTSTK,ICICIBANK,1220.0,CE,0.0,0.0,0.0,268.85,451.85,0,0.0,0
2014-11-10,2014-11-27,OPTSTK,ICICIBANK,1240.0,CE,0.0,0.0,0.0,250.75,431.9,0,0.0,0
2014-11-10,2014-11-27,OPTSTK,ICICIBANK,1250.0,CE,0.0,0.0,0.0,337.3,421.95,0,0.0,0
2014-11-10,2014-11-27,OPTSTK,ICICIBANK,1260.0,CE,0.0,0.0,0.0,233.1,412.0,0,0.0,0
2014-11-10,2014-11-27,OPTSTK,ICICIBANK,1280.0,CE,0.0,0.0,0.0,215.85,392.05,0,0.0,0
2014-11-10,2014-11-27,OPTSTK,ICICIBANK,1300.0,CE,0.0,0.0,0.0,291.9,372.15,0,0.0,0
2014-11-10,2014-11-27,OPTSTK,ICICIBANK,1320.0,CE,0.0,0.0,0.0,183.05,352.25,0,0.0,0
2014-11-10,2014-11-27,OPTSTK,ICICIBANK,1340.0,CE,0.0,0.0,0.0,167.55,332.3,0,0.0,0
2014-11-10,2014-11-27,OPTSTK,ICICIBANK,1350.0,CE,0.0,0.0,0.0,248.7,322.35,0,0.0,0
2014-11-10,2014-11-27,OPTSTK,ICICIBANK,1360.0,CE,0.0,0.0,0.0,152.75,312.4,0,0.0,0
2014-11-10,2014-11-27,OPTSTK,ICICIBANK,1380.0,CE,0.0,0.0,0.0,138.6,292.5,0,0.0,0
2014-11-10,2014-11-27,OPTSTK,ICICIBANK,1400.0,CE,0.0,0.0,0.0,179.0,272.6,0,0.0,250
2014-11-10,2014-11-27,OPTSTK,ICICIBANK,1420.0,CE,0.0,0.0,0.0,99.75,252.7,0,0.0,750
2014-11-10,2014-11-27,OPTSTK,ICICIBANK,1440.0,CE,0.0,0.0,0.0,101.05,232.9,0,0.0,0
2014-11-10,2014-11-27,OPTSTK,ICICIBANK,1450.0,CE,0.0,0.0,0.0,160.0,223.0,0,0.0,500
2014-11-10,2014-11-27,OPTSTK,ICICIBANK,1460.0,CE,0.0,0.0,0.0,150.1,213.15,0,0.0,1750
2014-11-10,2014-11-27,OPTSTK,ICICIBANK,1480.0,CE,0.0,0.0,0.0,128.0,193.55,0,0.0,1750
2014-11-10,2014-11-27,OPTSTK,ICICIBANK,1500.0,CE,0.0,0.0,0.0,184.95,174.2,0,0.0,36250
2014-11-10,2014-11-27,OPTSTK,ICICIBANK,1520.0,CE,0.0,0.0,0.0,140.35,155.15,0,0.0,6500
2014-11-10,2014-11-27,OPTSTK,ICICIBANK,1540.0,CE,0.0,0.0,0.0,150.0,136.65,0,0.0,10750
2014-11-10,2014-11-27,OPTSTK,ICICIBANK,1550.0,CE,0.0,0.0,0.0,148.0,127.65,0,0.0,17250
2014-11-10,2014-11-27,OPTSTK,ICICIBANK,1560.0,CE,0.0,0.0,0.0,134.0,118.85,0,0.0,3000
2014-11-10,2014-11-27,OPTSTK,ICICIBANK,1580.0,CE,0.0,0.0,0.0,102.0,101.9,0,0.0,2500
2014-11-10,2014-11-27,OPTSTK,ICICIBANK,1600.0,CE,87.0,95.55,83.4,86.25,86.25,65,274.69,174250
2014-11-10,2014-11-27,OPTSTK,ICICIBANK,1620.0,CE,79.8,79.8,69.7,69.7,69.7,9,38.22,32500
2014-11-10,2014-11-27,OPTSTK,ICICIBANK,1640.0,CE,67.0,67.0,59.0,59.0,59.0,7,29.81,33000
2014-11-10,2014-11-27,OPTSTK,ICICIBANK,1650.0,CE,52.65,58.15,48.1,50.0,50.0,118,502.51,96250
2014-11-10,2014-11-27,OPTSTK,ICICIBANK,1660.0,CE,48.3,52.7,43.0,43.95,43.95,110,469.84,53000
2014-11-10,2014-11-27,OPTSTK,ICICIBANK,1680.0,CE,33.55,41.8,32.1,33.5,33.5,390,1674.0,49500
2014-11-10,2014-11-27,OPTSTK,ICICIBANK,1700.0,CE,30.7,31.8,23.8,24.85,24.85,1597,6899.36,276250
2014-11-10,2014-11-27,OPTSTK,ICICIBANK,1720.0,CE,22.0,23.35,17.35,18.05,18.05,243,1057.5,46500
2014-11-10,2014-11-27,OPTSTK,ICICIBANK,1740.0,CE,18.0,18.0,12.1,12.4,12.4,191,838.04,27250
2014-11-10,2014-11-27,OPTSTK,ICICIBANK,1750.0,CE,14.2,14.5,10.2,10.8,10.8,492,2168.0,143500
2014-11-10,2014-11-27,OPTSTK,ICICIBANK,1760.0,CE,10.75,12.0,9.5,9.6,9.6,56,247.87,38250
2014-11-10,2014-11-27,OPTSTK,ICICIBANK,1780.0,CE,7.65,8.35,5.95,6.1,6.1,74,330.64,32250
2014-11-10,2014-11-27,OPTSTK,ICICIBANK,1800.0,CE,7.0,7.0,4.05,4.4,4.4,528,2383.05,101000
2014-11-10,2014-11-27,OPTSTK,ICICIBANK,1820.0,CE,0.0,0.0,0.0,5.65,3.8,0,0.0,0
2014-11-10,2014-11-27,OPTSTK,ICICIBANK,1840.0,CE,4.8,4.8,4.8,4.8,4.8,1,4.61,1000
2014-11-10,2014-11-27,OPTSTK,ICICIBANK,1850.0,CE,2.25,3.0,2.1,3.0,3.0,6,27.78,13000
2014-11-10,2014-11-27,OPTSTK,ICICIBANK,1860.0,CE,0.0,0.0,0.0,3.85,1.65,0,0.0,0
2014-11-10,2014-11-27,OPTSTK,ICICIBANK,1880.0,CE,0.0,0.0,0.0,2.85,1.05,0,0.0,0
2014-11-10,2014-11-27,OPTSTK,ICICIBANK,1900.0,CE,1.9,1.9,1.9,1.9,1.9,2,9.5,1000
2014-11-10,2014-11-27,OPTSTK,ICICIBANK,1050.0,PE,0.0,0.0,0.0,0.15,0.0,0,0.0,0
2014-11-10,2014-11-27,OPTSTK,ICICIBANK,1080.0,PE,0.0,0.0,0.0,0.4,0.0,0,0.0,0
2014-11-10,2014-11-27,OPTSTK,ICICIBANK,1100.0,PE,0.0,0.0,0.0,0.35,0.0,0,0.0,0
2014-11-10,2014-11-27,OPTSTK,ICICIBANK,1120.0,PE,0.0,0.0,0.0,0.9,0.0,0,0.0,0
2014-11-10,2014-11-27,OPTSTK,ICICIBANK,1140.0,PE,0.0,0.0,0.0,1.3,0.0,0,0.0,0
2014-11-10,2014-11-27,OPTSTK,ICICIBANK,1150.0,PE,0.0,0.0,0.0,0.85,0.0,0,0.0,0
2014-11-10,2014-11-27,OPTSTK,ICICIBANK,1160.0,PE,0.0,0.0,0.0,1.85,0.0,0,0.0,0
2014-11-10,2014-11-27,OPTSTK,ICICIBANK,1180.0,PE,0.0,0.0,0.0,2.6,0.0,0,0.0,0
2014-11-10,2014-11-27,OPTSTK,ICICIBANK,1200.0,PE,0.0,0.0,0.0,1.9,0.0,0,0.0,0
2014-11-10,2014-11-27,OPTSTK,ICICIBANK,1220.0,PE,0.0,0.0,0.0,4.85,0.0,0,0.0,0
2014-11-10,2014-11-27,OPTSTK,ICICIBANK,1240.0,PE,0.0,0.0,0.0,6.45,0.0,0,0.0,0
2014-11-10,2014-11-27,OPTSTK,ICICIBANK,1250.0,PE,0.0,0.0,0.0,3.9,0.0,0,0.0,0
2014-11-10,2014-11-27,OPTSTK,ICICIBANK,1260.0,PE,0.0,0.0,0.0,8.5,0.0,0,0.0,0
2014-11-10,2014-11-27,OPTSTK,ICICIBANK,1280.0,PE,0.0,0.0,0.0,10.95,0.0,0,0.0,0
2014-11-10,2014-11-27,OPTSTK,ICICIBANK,1300.0,PE,0.0,0.0,0.0,0.1,0.0,0,0.0,2250
2014-11-10,2014-11-27,OPTSTK,ICICIBANK,1320.0,PE,0.0,0.0,0.0,17.5,0.0,0,0.0,0
2014-11-10,2014-11-27,OPTSTK,ICICIBANK,1340.0,PE,0.0,0.0,0.0,21.7,0.0,0,0.0,0
2014-11-10,2014-11-27,OPTSTK,ICICIBANK,1350.0,PE,1.2,1.2,1.2,1.2,1.2,4,13.51,1250
2014-11-10,2014-11-27,OPTSTK,ICICIBANK,1360.0,PE,0.0,0.0,0.0,26.65,0.05,0,0.0,0
2014-11-10,2014-11-27,OPTSTK,ICICIBANK,1380.0,PE,0.0,0.0,0.0,19.85,0.05,0,0.0,1250
2014-11-10,2014-11-27,OPTSTK,ICICIBANK,1400.0,PE,1.0,1.0,0.9,0.9,0.9,2,7.0,30250
2014-11-10,2014-11-27,OPTSTK,ICICIBANK,1420.0,PE,0.0,0.0,0.0,2.25,0.1,0,0.0,0
2014-11-10,2014-11-27,OPTSTK,ICICIBANK,1440.0,PE,1.05,1.05,1.05,1.05,1.05,1,3.6,2500
2014-11-10,2014-11-27,OPTSTK,ICICIBANK,1450.0,PE,1.15,1.3,1.0,1.2,1.2,17,61.67,27250
2014-11-10,2014-11-27,OPTSTK,ICICIBANK,1460.0,PE,0.0,0.0,0.0,4.3,0.4,0,0.0,5000
2014-11-10,2014-11-27,OPTSTK,ICICIBANK,1480.0,PE,0.0,0.0,0.0,2.65,0.7,0,0.0,16000
2014-11-10,2014-11-27,OPTSTK,ICICIBANK,1500.0,PE,3.0,3.3,2.55,2.95,2.95,67,251.72,105250
2014-11-10,2014-11-27,OPTSTK,ICICIBANK,1520.0,PE,2.65,3.05,2.65,3.05,3.05,3,11.42,35000
2014-11-10,2014-11-27,OPTSTK,ICICIBANK,1540.0,PE,4.9,4.9,4.0,4.15,4.15,7,27.02,23250
2014-11-10,2014-11-27,OPTSTK,ICICIBANK,1550.0,PE,4.7,5.9,4.45,5.25,5.25,348,1352.81,132250
2014-11-10,2014-11-27,OPTSTK,ICICIBANK,1560.0,PE,6.15,7.0,5.45,5.45,5.45,34,133.12,39250
2014-11-10,2014-11-27,OPTSTK,ICICIBANK,1580.0,PE,7.55,9.25,7.1,8.1,8.1,201,797.96,54250
2014-11-10,2014-11-27,OPTSTK,ICICIBANK,1600.0,PE,10.0,12.5,9.65,11.25,11.25,684,2754.7,429250
2014-11-10,2014-11-27,OPTSTK,ICICIBANK,1620.0,PE,15.0,16.9,13.5,15.65,15.65,166,678.54,61500
2014-11-10,2014-11-27,OPTSTK,ICICIBANK,1640.0,PE,20.7,23.05,18.75,21.25,21.25,205,851.04,43500
2014-11-10,2014-11-27,OPTSTK,ICICIBANK,1650.0,PE,20.0,26.45,20.0,24.55,24.55,821,3435.58,120750
2014-11-10,2014-11-27,OPTSTK,ICICIBANK,1660.0,PE,24.35,30.35,24.35,28.2,28.2,341,1438.6,41000
2014-11-10,2014-11-27,OPTSTK,ICICIBANK,1680.0,PE,33.9,39.5,32.8,37.7,37.7,483,2072.09,37500
2014-11-10,2014-11-27,OPTSTK,ICICIBANK,1700.0,PE,43.7,50.65,42.4,48.85,48.85,644,2811.79,76750
2014-11-10,2014-11-27,OPTSTK,ICICIBANK,1720.0,PE,0.0,0.0,0.0,242.25,67.55,0,0.0,0
2014-11-10,2014-11-27,OPTSTK,ICICIBANK,1740.0,PE,0.0,0.0,0.0,259.75,81.95,0,0.0,0
2014-11-10,2014-11-27,OPTSTK,ICICIBANK,1750.0,PE,0.0,0.0,0.0,128.0,89.55,0,0.0,250
2014-11-10,2014-11-27,OPTSTK,ICICIBANK,1760.0,PE,0.0,0.0,0.0,277.55,97.45,0,0.0,0
2014-11-10,2014-11-27,OPTSTK,ICICIBANK,1780.0,PE,0.0,0.0,0.0,295.65,114.05,0,0.0,0
2014-11-10,2014-11-27,OPTSTK,ICICIBANK,1800.0,PE,0.0,0.0,0.0,111.05,131.5,0,0.0,250
2014-11-10,2014-11-27,OPTSTK,ICICIBANK,1820.0,PE,0.0,0.0,0.0,332.5,149.6,0,0.0,0
2014-11-10,2014-11-27,OPTSTK,ICICIBANK,1840.0,PE,0.0,0.0,0.0,351.2,168.25,0,0.0,0
2014-11-10,2014-11-27,OPTSTK,ICICIBANK,1850.0,PE,0.0,0.0,0.0,272.3,177.75,0,0.0,0
2014-11-10,2014-11-27,OPTSTK,ICICIBANK,1860.0,PE,0.0,0.0,0.0,370.05,187.3,0,0.0,0
2014-11-10,2014-11-27,OPTSTK,ICICIBANK,1880.0,PE,0.0,0.0,0.0,377.65,206.65,0,0.0,0
2014-11-10,2014-11-27,OPTSTK,ICICIBANK,1900.0,PE,0.0,0.0,0.0,315.7,226.15,0,0.0,0
2014-11-10,2014-12-24,OPTSTK,ICICIBANK,1060.0,CE,0.0,0.0,0.0,429.35,618.1,0,0.0,0
2014-11-10,2014-12-24,OPTSTK,ICICIBANK,1080.0,CE,0.0,0.0,0.0,410.15,598.35,0,0.0,0
2014-11-10,2014-12-24,OPTSTK,ICICIBANK,1100.0,CE,0.0,0.0,0.0,391.05,578.55,0,0.0,0
2014-11-10,2014-12-24,OPTSTK,ICICIBANK,1120.0,CE,0.0,0.0,0.0,372.15,558.75,0,0.0,0
2014-11-10,2014-12-24,OPTSTK,ICICIBANK,1140.0,CE,0.0,0.0,0.0,353.4,538.95,0,0.0,0
2014-11-10,2014-12-24,OPTSTK,ICICIBANK,1160.0,CE,0.0,0.0,0.0,334.9,519.15,0,0.0,0
2014-11-10,2014-12-24,OPTSTK,ICICIBANK,1180.0,CE,0.0,0.0,0.0,316.6,499.4,0,0.0,0
2014-11-10,2014-12-24,OPTSTK,ICICIBANK,1200.0,CE,0.0,0.0,0.0,298.65,479.6,0,0.0,0
2014-11-10,2014-12-24,OPTSTK,ICICIBANK,1220.0,CE,0.0,0.0,0.0,281.0,459.8,0,0.0,0
2014-11-10,2014-12-24,OPTSTK,ICICIBANK,1240.0,CE,0.0,0.0,0.0,263.75,440.05,0,0.0,0
2014-11-10,2014-12-24,OPTSTK,ICICIBANK,1260.0,CE,0.0,0.0,0.0,246.95,420.25,0,0.0,0
2014-11-10,2014-12-24,OPTSTK,ICICIBANK,1280.0,CE,0.0,0.0,0.0,230.55,400.5,0,0.0,0
2014-11-10,2014-12-24,OPTSTK,ICICIBANK,1300.0,CE,0.0,0.0,0.0,214.7,380.8,0,0.0,0
2014-11-10,2014-12-24,OPTSTK,ICICIBANK,1320.0,CE,0.0,0.0,0.0,199.4,361.1,0,0.0,0
2014-11-10,2014-12-24,OPTSTK,ICICIBANK,1340.0,CE,0.0,0.0,0.0,184.7,341.45,0,0.0,0
2014-11-10,2014-12-24,OPTSTK,ICICIBANK,1360.0,CE,0.0,0.0,0.0,170.55,321.9,0,0.0,0
2014-11-10,2014-12-24,OPTSTK,ICICIBANK,1380.0,CE,0.0,0.0,0.0,157.0,302.45,0,0.0,0
2014-11-10,2014-12-24,OPTSTK,ICICIBANK,1400.0,CE,0.0,0.0,0.0,144.2,283.2,0,0.0,0
2014-11-10,2014-12-24,OPTSTK,ICICIBANK,1420.0,CE,0.0,0.0,0.0,132.0,264.1,0,0.0,0
2014-11-10,2014-12-24,OPTSTK,ICICIBANK,1440.0,CE,0.0,0.0,0.0,120.55,245.3,0,0.0,0
2014-11-10,2014-12-24,OPTSTK,ICICIBANK,1460.0,CE,0.0,0.0,0.0,109.75,226.8,0,0.0,0
2014-11-10,2014-12-24,OPTSTK,ICICIBANK,1480.0,CE,0.0,0.0,0.0,99.6,208.7,0,0.0,0
2014-11-10,2014-12-24,OPTSTK,ICICIBANK,1500.0,CE,0.0,0.0,0.0,90.15,191.1,0,0.0,0
2014-11-10,2014-12-24,OPTSTK,ICICIBANK,1520.0,CE,0.0,0.0,0.0,81.4,174.0,0,0.0,0
2014-11-10,2014-12-24,OPTSTK,ICICIBANK,1540.0,CE,0.0,0.0,0.0,73.25,157.6,0,0.0,0
2014-11-10,2014-12-24,OPTSTK,ICICIBANK,1560.0,CE,0.0,0.0,0.0,65.75,141.9,0,0.0,0
2014-11-10,2014-12-24,OPTSTK,ICICIBANK,1580.0,CE,0.0,0.0,0.0,58.85,127.05,0,0.0,0
2014-11-10,2014-12-24,OPTSTK,ICICIBANK,1600.0,CE,0.0,0.0,0.0,52.55,112.9,0,0.0,0
2014-11-10,2014-12-24,OPTSTK,ICICIBANK,1620.0,CE,0.0,0.0,0.0,46.8,99.75,0,0.0,0
2014-11-10,2014-12-24,OPTSTK,ICICIBANK,1640.0,CE,0.0,0.0,0.0,41.55,87.55,0,0.0,0
2014-11-10,2014-12-24,OPTSTK,ICICIBANK,1660.0,CE,0.0,0.0,0.0,36.9,76.35,0,0.0,0
2014-11-10,2014-12-24,OPTSTK,ICICIBANK,1680.0,CE,0.0,0.0,0.0,60.0,66.1,0,0.0,250
2014-11-10,2014-12-24,OPTSTK,ICICIBANK,1700.0,CE,49.5,53.95,49.5,52.5,52.5,11,48.18,5000
2014-11-10,2014-12-24,OPTSTK,ICICIBANK,1720.0,CE,40.75,40.75,40.75,40.75,40.75,1,4.4,0
2014-11-10,2014-12-24,OPTSTK,ICICIBANK,1740.0,CE,33.0,35.75,33.0,34.35,34.35,64,284.01,15250
2014-11-10,2014-12-24,OPTSTK,ICICIBANK,1760.0,CE,0.0,0.0,0.0,19.4,34.7,0,0.0,0
2014-11-10,2014-12-24,OPTSTK,ICICIBANK,1780.0,CE,0.0,0.0,0.0,16.95,29.0,0,0.0,0
2014-11-10,2014-12-24,OPTSTK,ICICIBANK,1800.0,CE,17.9,17.9,15.0,15.0,15.0,29,131.76,8750
2014-11-10,2014-12-24,OPTSTK,ICICIBANK,1820.0,CE,0.0,0.0,0.0,12.8,19.9,0,0.0,0
2014-11-10,2014-12-24,OPTSTK,ICICIBANK,1840.0,CE,0.0,0.0,0.0,11.1,16.3,0,0.0,0
2014-11-10,2014-12-24,OPTSTK,ICICIBANK,1860.0,CE,0.0,0.0,0.0,9.65,13.25,0,0.0,0
2014-11-10,2014-12-24,OPTSTK,ICICIBANK,1880.0,CE,0.0,0.0,0.0,7.9,10.7,0,0.0,0
2014-11-10,2014-12-24,OPTSTK,ICICIBANK,1060.0,PE,0.0,0.0,0.0,0.9,0.0,0,0.0,0
2014-11-10,2014-12-24,OPTSTK,ICICIBANK,1080.0,PE,0.0,0.0,0.0,1.3,0.0,0,0.0,0
2014-11-10,2014-12-24,OPTSTK,ICICIBANK,1100.0,PE,0.0,0.0,0.0,1.8,0.0,0,0.0,0
2014-11-10,2014-12-24,OPTSTK,ICICIBANK,1120.0,PE,0.0,0.0,0.0,2.4,0.0,0,0.0,0
2014-11-10,2014-12-24,OPTSTK,ICICIBANK,1140.0,PE,0.0,0.0,0.0,3.25,0.0,0,0.0,0
2014-11-10,2014-12-24,OPTSTK,ICICIBANK,1160.0,PE,0.0,0.0,0.0,4.3,0.0,0,0.0,0
2014-11-10,2014-12-24,OPTSTK,ICICIBANK,1180.0,PE,0.0,0.0,0.0,5.6,0.0,0,0.0,0
2014-11-10,2014-12-24,OPTSTK,ICICIBANK,1200.0,PE,0.0,0.0,0.0,7.2,0.05,0,0.0,0
2014-11-10,2014-12-24,OPTSTK,ICICIBANK,1220.0,PE,0.0,0.0,0.0,9.1,0.05,0,0.0,0
2014-11-10,2014-12-24,OPTSTK,ICICIBANK,1240.0,PE,0.0,0.0,0.0,11.45,0.05,0,0.0,0
2014-11-10,2014-12-24,OPTSTK,ICICIBANK,1260.0,PE,0.0,0.0,0.0,14.15,0.05,0,0.0,0
2014-11-10,2014-12-24,OPTSTK,ICICIBANK,1280.0,PE,0.0,0.0,0.0,17.35,0.1,0,0.0,0
2014-11-10,2014-12-24,OPTSTK,ICICIBANK,1300.0,PE,0.0,0.0,0.0,21.05,0.15,0,0.0,0
2014-11-10,2014-12-24,OPTSTK,ICICIBANK,1320.0,PE,0.0,0.0,0.0,25.3,0.25,0,0.0,0
2014-11-10,2014-12-24,OPTSTK,ICICIBANK,1340.0,PE,0.0,0.0,0.0,30.2,0.45,0,0.0,0
2014-11-10,2014-12-24,OPTSTK,ICICIBANK,1360.0,PE,0.0,0.0,0.0,35.6,0.65,0,0.0,0
2014-11-10,2014-12-24,OPTSTK,ICICIBANK,1380.0,PE,0.0,0.0,0.0,41.6,1.05,0,0.0,0
2014-11-10,2014-12-24,OPTSTK,ICICIBANK,1400.0,PE,0.0,0.0,0.0,48.35,1.55,0,0.0,0
2014-11-10,2014-12-24,OPTSTK,ICICIBANK,1420.0,PE,0.0,0.0,0.0,55.75,2.25,0,0.0,0
2014-11-10,2014-12-24,OPTSTK,ICICIBANK,1440.0,PE,0.0,0.0,0.0,63.85,3.2,0,0.0,0
2014-11-10,2014-12-24,OPTSTK,ICICIBANK,1460.0,PE,0.0,0.0,0.0,72.6,4.5,0,0.0,0
2014-11-10,2014-12-24,OPTSTK,ICICIBANK,1480.0,PE,0.0,0.0,0.0,82.05,6.2,0,0.0,0
2014-11-10,2014-12-24,OPTSTK,ICICIBANK,1500.0,PE,0.0,0.0,0.0,92.15,8.4,0,0.0,0
2014-11-10,2014-12-24,OPTSTK,ICICIBANK,1520.0,PE,0.0,0.0,0.0,102.95,11.1,0,0.0,0
2014-11-10,2014-12-24,OPTSTK,ICICIBANK,1540.0,PE,0.0,0.0,0.0,114.4,14.5,0,0.0,0
2014-11-10,2014-12-24,OPTSTK,ICICIBANK,1560.0,PE,0.0,0.0,0.0,126.45,18.55,0,0.0,0
2014-11-10,2014-12-24,OPTSTK,ICICIBANK,1580.0,PE,0.0,0.0,0.0,139.15,23.5,0,0.0,0
2014-11-10,2014-12-24,OPTSTK,ICICIBANK,1600.0,PE,0.0,0.0,0.0,152.4,29.15,0,0.0,0
2014-11-10,2014-12-24,OPTSTK,ICICIBANK,1620.0,PE,0.0,0.0,0.0,166.2,35.8,0,0.0,0
2014-11-10,2014-12-24,OPTSTK,ICICIBANK,1640.0,PE,0.0,0.0,0.0,180.5,43.4,0,0.0,0
2014-11-10,2014-12-24,OPTSTK,ICICIBANK,1660.0,PE,0.0,0.0,0.0,195.4,52.0,0,0.0,0
2014-11-10,2014-12-24,OPTSTK,ICICIBANK,1680.0,PE,0.0,0.0,0.0,210.7,61.55,0,0.0,0
2014-11-10,2014-12-24,OPTSTK,ICICIBANK,1700.0,PE,0.0,0.0,0.0,226.35,72.05,0,0.0,0
2014-11-10,2014-12-24,OPTSTK,ICICIBANK,1720.0,PE,0.0,0.0,0.0,242.45,83.55,0,0.0,0
2014-11-10,2014-12-24,OPTSTK,ICICIBANK,1740.0,PE,0.0,0.0,0.0,258.9,95.95,0,0.0,0
2014-11-10,2014-12-24,OPTSTK,ICICIBANK,1760.0,PE,0.0,0.0,0.0,275.7,109.25,0,0.0,0
2014-11-10,2014-12-24,OPTSTK,ICICIBANK,1780.0,PE,0.0,0.0,0.0,292.8,123.35,0,0.0,0
2014-11-10,2014-12-24,OPTSTK,ICICIBANK,1800.0,PE,0.0,0.0,0.0,310.2,138.35,0,0.0,0
2014-11-10,2014-12-24,OPTSTK,ICICIBANK,1820.0,PE,0.0,0.0,0.0,327.85,153.85,0,0.0,0
2014-11-10,2014-12-24,OPTSTK,ICICIBANK,1840.0,PE,0.0,0.0,0.0,345.7,170.05,0,0.0,0
2014-11-10,2014-12-24,OPTSTK,ICICIBANK,1860.0,PE,0.0,0.0,0.0,363.75,186.8,0,0.0,0
2014-11-10,2014-12-24,OPTSTK,ICICIBANK,1880.0,PE,0.0,0.0,0.0,370.55,204.05,0,0.0,0
2014-11-10,2015-01-29,OPTSTK,ICICIBANK,1220.0,CE,0.0,0.0,0.0,422.0,470.45,0,0.0,0
2014-11-10,2015-01-29,OPTSTK,ICICIBANK,1240.0,CE,0.0,0.0,0.0,403.0,451.0,0,0.0,0
2014-11-10,2015-01-29,OPTSTK,ICICIBANK,1260.0,CE,0.0,0.0,0.0,384.1,431.55,0,0.0,0
2014-11-10,2015-01-29,OPTSTK,ICICIBANK,1280.0,CE,0.0,0.0,0.0,365.45,412.25,0,0.0,0
2014-11-10,2015-01-29,OPTSTK,ICICIBANK,1300.0,CE,0.0,0.0,0.0,347.0,393.0,0,0.0,0
2014-11-10,2015-01-29,OPTSTK,ICICIBANK,1320.0,CE,0.0,0.0,0.0,328.8,373.9,0,0.0,0
2014-11-10,2015-01-29,OPTSTK,ICICIBANK,1340.0,CE,0.0,0.0,0.0,310.85,354.95,0,0.0,0
2014-11-10,2015-01-29,OPTSTK,ICICIBANK,1360.0,CE,0.0,0.0,0.0,293.3,336.2,0,0.0,0
2014-11-10,2015-01-29,OPTSTK,ICICIBANK,1380.0,CE,0.0,0.0,0.0,276.05,317.65,0,0.0,0
2014-11-10,2015-01-29,OPTSTK,ICICIBANK,1400.0,CE,0.0,0.0,0.0,259.2,299.4,0,0.0,0
2014-11-10,2015-01-29,OPTSTK,ICICIBANK,1420.0,CE,0.0,0.0,0.0,242.85,281.4,0,0.0,0
2014-11-10,2015-01-29,OPTSTK,ICICIBANK,1440.0,CE,0.0,0.0,0.0,226.9,263.8,0,0.0,0
2014-11-10,2015-01-29,OPTSTK,ICICIBANK,1460.0,CE,0.0,0.0,0.0,211.5,246.6,0,0.0,0
2014-11-10,2015-01-29,OPTSTK,ICICIBANK,1480.0,CE,0.0,0.0,0.0,196.7,229.85,0,0.0,0
2014-11-10,2015-01-29,OPTSTK,ICICIBANK,1500.0,CE,0.0,0.0,0.0,182.4,213.6,0,0.0,0
2014-11-10,2015-01-29,OPTSTK,ICICIBANK,1520.0,CE,0.0,0.0,0.0,168.65,197.9,0,0.0,0
2014-11-10,2015-01-29,OPTSTK,ICICIBANK,1540.0,CE,0.0,0.0,0.0,155.6,182.75,0,0.0,0
2014-11-10,2015-01-29,OPTSTK,ICICIBANK,1560.0,CE,0.0,0.0,0.0,143.15,168.25,0,0.0,0
2014-11-10,2015-01-29,OPTSTK,ICICIBANK,1580.0,CE,0.0,0.0,0.0,131.35,154.3,0,0.0,0
2014-11-10,2015-01-29,OPTSTK,ICICIBANK,1600.0,CE,0.0,0.0,0.0,120.25,141.1,0,0.0,0
2014-11-10,2015-01-29,OPTSTK,ICICIBANK,1620.0,CE,0.0,0.0,0.0,109.75,128.6,0,0.0,0
2014-11-10,2015-01-29,OPTSTK,ICICIBANK,1640.0,CE,0.0,0.0,0.0,99.9,116.8,0,0.0,0
2014-11-10,2015-01-29,OPTSTK,ICICIBANK,1660.0,CE,0.0,0.0,0.0,90.7,105.75,0,0.0,0
2014-11-10,2015-01-29,OPTSTK,ICICIBANK,1680.0,CE,0.0,0.0,0.0,82.15,95.4,0,0.0,0
2014-11-10,2015-01-29,OPTSTK,ICICIBANK,1700.0,CE,0.0,0.0,0.0,74.2,85.75,0,0.0,0
2014-11-10,2015-01-29,OPTSTK,ICICIBANK,1720.0,CE,0.0,0.0,0.0,66.85,76.8,0,0.0,0
2014-11-10,2015-01-29,OPTSTK,ICICIBANK,1740.0,CE,0.0,0.0,0.0,60.05,68.6,0,0.0,0
2014-11-10,2015-01-29,OPTSTK,ICICIBANK,1760.0,CE,0.0,0.0,0.0,53.85,61.05,0,0.0,0
2014-11-10,2015-01-29,OPTSTK,ICICIBANK,1780.0,CE,0.0,0.0,0.0,48.1,54.1,0,0.0,0
2014-11-10,2015-01-29,OPTSTK,ICICIBANK,1800.0,CE,0.0,0.0,0.0,42.9,47.85,0,0.0,0
2014-11-10,2015-01-29,OPTSTK,ICICIBANK,1820.0,CE,0.0,0.0,0.0,38.25,42.15,0,0.0,0
2014-11-10,2015-01-29,OPTSTK,ICICIBANK,1840.0,CE,0.0,0.0,0.0,34.0,37.05,0,0.0,0
2014-11-10,2015-01-29,OPTSTK,ICICIBANK,1860.0,CE,0.0,0.0,0.0,30.05,32.5,0,0.0,0
2014-11-10,2015-01-29,OPTSTK,ICICIBANK,1880.0,CE,0.0,0.0,0.0,26.55,28.3,0,0.0,0
2014-11-10,2015-01-29,OPTSTK,ICICIBANK,1220.0,PE,0.0,0.0,0.0,1.6,0.35,0,0.0,0
2014-11-10,2015-01-29,OPTSTK,ICICIBANK,1240.0,PE,0.0,0.0,0.0,2.15,0.5,0,0.0,0
2014-11-10,2015-01-29,OPTSTK,ICICIBANK,1260.0,PE,0.0,0.0,0.0,2.9,0.7,0,0.0,0
2014-11-10,2015-01-29,OPTSTK,ICICIBANK,1280.0,PE,0.0,0.0,0.0,3.8,0.95,0,0.0,0
2014-11-10,2015-01-29,OPTSTK,ICICIBANK,1300.0,PE,0.0,0.0,0.0,4.9,1.35,0,0.0,0
2014-11-10,2015-01-29,OPTSTK,ICICIBANK,1320.0,PE,0.0,0.0,0.0,6.25,1.9,0,0.0,0
2014-11-10,2015-01-29,OPTSTK,ICICIBANK,1340.0,PE,0.0,0.0,0.0,7.9,2.55,0,0.0,0
2014-11-10,2015-01-29,OPTSTK,ICICIBANK,1360.0,PE,0.0,0.0,0.0,9.9,3.4,0,0.0,0
2014-11-10,2015-01-29,OPTSTK,ICICIBANK,1380.0,PE,0.0,0.0,0.0,12.2,4.5,0,0.0,0
2014-11-10,2015-01-29,OPTSTK,ICICIBANK,1400.0,PE,0.0,0.0,0.0,14.95,5.85,0,0.0,0
2014-11-10,2015-01-29,OPTSTK,ICICIBANK,1420.0,PE,0.0,0.0,0.0,18.15,7.5,0,0.0,0
2014-11-10,2015-01-29,OPTSTK,ICICIBANK,1440.0,PE,0.0,0.0,0.0,21.8,9.55,0,0.0,0
2014-11-10,2015-01-29,OPTSTK,ICICIBANK,1460.0,PE,0.0,0.0,0.0,25.95,11.95,0,0.0,0
2014-11-10,2015-01-29,OPTSTK,ICICIBANK,1480.0,PE,0.0,0.0,0.0,30.75,14.8,0,0.0,0
2014-11-10,2015-01-29,OPTSTK,ICICIBANK,1500.0,PE,0.0,0.0,0.0,36.0,18.2,0,0.0,0
2014-11-10,2015-01-29,OPTSTK,ICICIBANK,1520.0,PE,0.0,0.0,0.0,41.8,22.1,0,0.0,0
2014-11-10,2015-01-29,OPTSTK,ICICIBANK,1540.0,PE,0.0,0.0,0.0,48.3,26.55,0,0.0,0
2014-11-10,2015-01-29,OPTSTK,ICICIBANK,1560.0,PE,0.0,0.0,0.0,55.45,31.7,0,0.0,0
2014-11-10,2015-01-29,OPTSTK,ICICIBANK,1580.0,PE,0.0,0.0,0.0,63.2,37.35,0,0.0,0
2014-11-10,2015-01-29,OPTSTK,ICICIBANK,1600.0,PE,0.0,0.0,0.0,71.65,43.8,0,0.0,0
2014-11-10,2015-01-29,OPTSTK,ICICIBANK,1620.0,PE,0.0,0.0,0.0,80.75,50.9,0,0.0,0
2014-11-10,2015-01-29,OPTSTK,ICICIBANK,1640.0,PE,0.0,0.0,0.0,90.45,58.7,0,0.0,0
2014-11-10,2015-01-29,OPTSTK,ICICIBANK,1660.0,PE,0.0,0.0,0.0,100.85,67.25,0,0.0,0
2014-11-10,2015-01-29,OPTSTK,ICICIBANK,1680.0,PE,0.0,0.0,0.0,111.85,76.55,0,0.0,0
2014-11-10,2015-01-29,OPTSTK,ICICIBANK,1700.0,PE,0.0,0.0,0.0,123.45,86.5,0,0.0,0
2014-11-10,2015-01-29,OPTSTK,ICICIBANK,1720.0,PE,0.0,0.0,0.0,135.65,97.2,0,0.0,0
2014-11-10,2015-01-29,OPTSTK,ICICIBANK,1740.0,PE,0.0,0.0,0.0,148.45,108.6,0,0.0,0
2014-11-10,2015-01-29,OPTSTK,ICICIBANK,1760.0,PE,0.0,0.0,0.0,161.8,120.65,0,0.0,0
2014-11-10,2015-01-29,OPTSTK,ICICIBANK,1780.0,PE,0.0,0.0,0.0,175.65,133.4,0,0.0,0
2014-11-10,2015-01-29,OPTSTK,ICICIBANK,1800.0,PE,0.0,0.0,0.0,190.0,146.7,0,0.0,0
2014-11-10,2015-01-29,OPTSTK,ICICIBANK,1820.0,PE,0.0,0.0,0.0,204.95,160.65,0,0.0,0
2014-11-10,2015-01-29,OPTSTK,ICICIBANK,1840.0,PE,0.0,0.0,0.0,220.25,175.2,0,0.0,0
2014-11-10,2015-01-29,OPTSTK,ICICIBANK,1860.0,PE,0.0,0.0,0.0,235.85,190.2,0,0.0,0
2014-11-10,2015-01-29,OPTSTK,ICICIBANK,1880.0,PE,0.0,0.0,0.0,251.95,205.65,0,0.0,0
2014-11-10,2014-11-27,OPTSTK,IDBI,42.5,CE,0.0,0.0,0.0,18.9,27.3,0,0.0,0
2014-11-10,2014-11-27,OPTSTK,IDBI,45.0,CE,0.0,0.0,0.0,32.0,24.8,0,0.0,0
2014-11-10,2014-11-27,OPTSTK,IDBI,47.5,CE,0.0,0.0,0.0,15.15,22.3,0,0.0,0
2014-11-10,2014-11-27,OPTSTK,IDBI,50.0,CE,0.0,0.0,0.0,27.2,19.8,0,0.0,0
2014-11-10,2014-11-27,OPTSTK,IDBI,52.5,CE,0.0,0.0,0.0,11.95,17.35,0,0.0,0
2014-11-10,2014-11-27,OPTSTK,IDBI,55.0,CE,0.0,0.0,0.0,13.0,14.85,0,0.0,0
2014-11-10,2014-11-27,OPTSTK,IDBI,57.5,CE,0.0,0.0,0.0,9.25,12.45,0,0.0,0
2014-11-10,2014-11-27,OPTSTK,IDBI,60.0,CE,0.0,0.0,0.0,13.25,10.1,0,0.0,48000
2014-11-10,2014-11-27,OPTSTK,IDBI,62.5,CE,0.0,0.0,0.0,10.15,7.95,0,0.0,8000
2014-11-10,2014-11-27,OPTSTK,IDBI,65.0,CE,0.0,0.0,0.0,5.5,5.95,0,0.0,64000
2014-11-10,2014-11-27,OPTSTK,IDBI,67.5,CE,0.0,0.0,0.0,4.7,4.3,0,0.0,40000
2014-11-10,2014-11-27,OPTSTK,IDBI,70.0,CE,3.35,3.4,2.3,2.7,2.7,104,302.54,716000
2014-11-10,2014-11-27,OPTSTK,IDBI,72.5,CE,2.05,2.05,1.45,1.7,1.7,49,145.37,284000
2014-11-10,2014-11-27,OPTSTK,IDBI,75.0,CE,1.25,1.3,0.85,1.0,1.0,107,325.33,672000
2014-11-10,2014-11-27,OPTSTK,IDBI,77.5,CE,0.5,0.5,0.5,0.5,0.5,1,3.12,20000
2014-11-10,2014-11-27,OPTSTK,IDBI,80.0,CE,0.45,0.45,0.35,0.35,0.35,18,57.86,452000
2014-11-10,2014-11-27,OPTSTK,IDBI,82.5,CE,0.0,0.0,0.0,0.3,0.25,0,0.0,16000
2014-11-10,2014-11-27,OPTSTK,IDBI,85.0,CE,0.25,0.25,0.15,0.15,0.15,3,10.22,60000
2014-11-10,2014-11-27,OPTSTK,IDBI,87.5,CE,0.0,0.0,0.0,1.65,0.1,0,0.0,0
2014-11-10,2014-11-27,OPTSTK,IDBI,90.0,CE,0.15,0.15,0.1,0.1,0.1,3,10.81,44000
2014-11-10,2014-11-27,OPTSTK,IDBI,92.5,CE,0.0,0.0,0.0,1.2,0.05,0,0.0,0
2014-11-10,2014-11-27,OPTSTK,IDBI,95.0,CE,0.0,0.0,0.0,2.25,0.05,0,0.0,0
2014-11-10,2014-11-27,OPTSTK,IDBI,97.5,CE,0.0,0.0,0.0,1.2,0.0,0,0.0,0
2014-11-10,2014-11-27,OPTSTK,IDBI,100.0,CE,0.0,0.0,0.0,1.55,0.0,0,0.0,0
2014-11-10,2014-11-27,OPTSTK,IDBI,105.0,CE,0.0,0.0,0.0,1.05,0.0,0,0.0,0
2014-11-10,2014-11-27,OPTSTK,IDBI,110.0,CE,0.0,0.0,0.0,0.7,0.0,0,0.0,0
2014-11-10,2014-11-27,OPTSTK,IDBI,115.0,CE,0.0,0.0,0.0,0.5,0.0,0,0.0,0
2014-11-10,2014-11-27,OPTSTK,IDBI,120.0,CE,0.0,0.0,0.0,0.3,0.0,0,0.0,0
2014-11-10,2014-11-27,OPTSTK,IDBI,125.0,CE,0.0,0.0,0.0,0.2,0.0,0,0.0,0
2014-11-10,2014-11-27,OPTSTK,IDBI,42.5,PE,0.0,0.0,0.0,1.25,0.0,0,0.0,0
2014-11-10,2014-11-27,OPTSTK,IDBI,45.0,PE,0.0,0.0,0.0,0.05,0.0,0,0.0,0
2014-11-10,2014-11-27,OPTSTK,IDBI,47.5,PE,0.0,0.0,0.0,2.45,0.0,0,0.0,0
2014-11-10,2014-11-27,OPTSTK,IDBI,50.0,PE,0.0,0.0,0.0,0.2,0.0,0,0.0,0
2014-11-10,2014-11-27,OPTSTK,IDBI,52.5,PE,0.0,0.0,0.0,4.15,0.05,0,0.0,0
2014-11-10,2014-11-27,OPTSTK,IDBI,55.0,PE,0.1,0.1,0.1,0.1,0.1,2,4.4,40000
2014-11-10,2014-11-27,OPTSTK,IDBI,57.5,PE,0.0,0.0,0.0,0.15,0.1,0,0.0,0
2014-11-10,2014-11-27,OPTSTK,IDBI,60.0,PE,0.25,0.3,0.2,0.2,0.2,3,7.23,140000
2014-11-10,2014-11-27,OPTSTK,IDBI,62.5,PE,0.0,0.0,0.0,1.05,0.6,0,0.0,8000
2014-11-10,2014-11-27,OPTSTK,IDBI,65.0,PE,0.65,0.95,0.65,0.9,0.9,7,18.43,432000
2014-11-10,2014-11-27,OPTSTK,IDBI,67.5,PE,1.7,1.8,1.7,1.8,1.8,2,5.54,96000
2014-11-10,2014-11-27,OPTSTK,IDBI,70.0,PE,2.15,3.0,2.15,2.7,2.7,45,130.81,252000
2014-11-10,2014-11-27,OPTSTK,IDBI,72.5,PE,0.0,0.0,0.0,4.0,4.55,0,0.0,44000
2014-11-10,2014-11-27,OPTSTK,IDBI,75.0,PE,0.0,0.0,0.0,4.55,6.35,0,0.0,80000
2014-11-10,2014-11-27,OPTSTK,IDBI,77.5,PE,0.0,0.0,0.0,19.8,8.35,0,0.0,0
2014-11-10,2014-11-27,OPTSTK,IDBI,80.0,PE,0.0,0.0,0.0,11.8,10.5,0,0.0,56000
2014-11-10,2014-11-27,OPTSTK,IDBI,82.5,PE,0.0,0.0,0.0,23.95,12.8,0,0.0,0
2014-11-10,2014-11-27,OPTSTK,IDBI,85.0,PE,0.0,0.0,0.0,11.75,15.2,0,0.0,0
2014-11-10,2014-11-27,OPTSTK,IDBI,87.5,PE,0.0,0.0,0.0,28.3,17.65,0,0.0,0
2014-11-10,2014-11-27,OPTSTK,IDBI,90.0,PE,0.0,0.0,0.0,19.0,20.1,0,0.0,80000
2014-11-10,2014-11-27,OPTSTK,IDBI,92.5,PE,0.0,0.0,0.0,32.8,22.55,0,0.0,0
2014-11-10,2014-11-27,OPTSTK,IDBI,95.0,PE,0.0,0.0,0.0,19.25,25.05,0,0.0,0
2014-11-10,2014-11-27,OPTSTK,IDBI,97.5,PE,0.0,0.0,0.0,34.6,27.55,0,0.0,0
2014-11-10,2014-11-27,OPTSTK,IDBI,100.0,PE,0.0,0.0,0.0,23.45,30.05,0,0.0,0
2014-11-10,2014-11-27,OPTSTK,IDBI,105.0,PE,0.0,0.0,0.0,27.85,35.0,0,0.0,0
2014-11-10,2014-11-27,OPTSTK,IDBI,110.0,PE,0.0,0.0,0.0,32.45,40.0,0,0.0,0
2014-11-10,2014-11-27,OPTSTK,IDBI,115.0,PE,0.0,0.0,0.0,37.1,44.95,0,0.0,0
2014-11-10,2014-11-27,OPTSTK,IDBI,120.0,PE,0.0,0.0,0.0,41.8,49.95,0,0.0,0
2014-11-10,2014-11-27,OPTSTK,IDBI,125.0,PE,0.0,0.0,0.0,46.6,54.95,0,0.0,0
2014-11-10,2014-12-24,OPTSTK,IDBI,42.5,CE,0.0,0.0,0.0,19.95,27.55,0,0.0,0
2014-11-10,2014-12-24,OPTSTK,IDBI,45.0,CE,0.0,0.0,0.0,18.15,25.1,0,0.0,0
2014-11-10,2014-12-24,OPTSTK,IDBI,47.5,CE,0.0,0.0,0.0,16.45,22.65,0,0.0,0
2014-11-10,2014-12-24,OPTSTK,IDBI,50.0,CE,0.0,0.0,0.0,14.9,20.25,0,0.0,0
2014-11-10,2014-12-24,OPTSTK,IDBI,52.5,CE,0.0,0.0,0.0,13.45,17.85,0,0.0,0
2014-11-10,2014-12-24,OPTSTK,IDBI,55.0,CE,0.0,0.0,0.0,12.1,15.6,0,0.0,0
2014-11-10,2014-12-24,OPTSTK,IDBI,57.5,CE,0.0,0.0,0.0,10.9,13.4,0,0.0,0
2014-11-10,2014-12-24,OPTSTK,IDBI,60.0,CE,0.0,0.0,0.0,9.8,11.35,0,0.0,0
2014-11-10,2014-12-24,OPTSTK,IDBI,62.5,CE,0.0,0.0,0.0,8.8,9.45,0,0.0,0
2014-11-10,2014-12-24,OPTSTK,IDBI,65.0,CE,0.0,0.0,0.0,7.85,7.75,0,0.0,0
2014-11-10,2014-12-24,OPTSTK,IDBI,67.5,CE,0.0,0.0,0.0,7.05,6.3,0,0.0,0
2014-11-10,2014-12-24,OPTSTK,IDBI,70.0,CE,0.0,0.0,0.0,6.3,5.0,0,0.0,0
2014-11-10,2014-12-24,OPTSTK,IDBI,72.5,CE,0.0,0.0,0.0,5.6,3.9,0,0.0,0
2014-11-10,2014-12-24,OPTSTK,IDBI,75.0,CE,0.0,0.0,0.0,5.0,3.05,0,0.0,0
2014-11-10,2014-12-24,OPTSTK,IDBI,77.5,CE,0.0,0.0,0.0,4.45,2.3,0,0.0,0
2014-11-10,2014-12-24,OPTSTK,IDBI,80.0,CE,0.0,0.0,0.0,3.95,1.75,0,0.0,0
2014-11-10,2014-12-24,OPTSTK,IDBI,82.5,CE,0.0,0.0,0.0,3.55,1.3,0,0.0,0
2014-11-10,2014-12-24,OPTSTK,IDBI,85.0,CE,0.0,0.0,0.0,3.15,0.95,0,0.0,0
2014-11-10,2014-12-24,OPTSTK,IDBI,87.5,CE,0.0,0.0,0.0,2.8,0.7,0,0.0,0
2014-11-10,2014-12-24,OPTSTK,IDBI,90.0,CE,0.0,0.0,0.0,2.5,0.5,0,0.0,0
2014-11-10,2014-12-24,OPTSTK,IDBI,92.5,CE,0.0,0.0,0.0,2.2,0.35,0,0.0,0
2014-11-10,2014-12-24,OPTSTK,IDBI,95.0,CE,0.0,0.0,0.0,2.0,0.25,0,0.0,0
2014-11-10,2014-12-24,OPTSTK,IDBI,42.5,PE,0.0,0.0,0.0,2.0,0.05,0,0.0,0
2014-11-10,2014-12-24,OPTSTK,IDBI,45.0,PE,0.0,0.0,0.0,2.65,0.05,0,0.0,0
2014-11-10,2014-12-24,OPTSTK,IDBI,47.5,PE,0.0,0.0,0.0,3.4,0.05,0,0.0,0
2014-11-10,2014-12-24,OPTSTK,IDBI,50.0,PE,0.0,0.0,0.0,4.3,0.1,0,0.0,0
2014-11-10,2014-12-24,OPTSTK,IDBI,52.5,PE,0.0,0.0,0.0,5.3,0.2,0,0.0,0
2014-11-10,2014-12-24,OPTSTK,IDBI,55.0,PE,0.0,0.0,0.0,6.4,0.4,0,0.0,0
2014-11-10,2014-12-24,OPTSTK,IDBI,57.5,PE,0.0,0.0,0.0,7.65,0.7,0,0.0,0
2014-11-10,2014-12-24,OPTSTK,IDBI,60.0,PE,0.0,0.0,0.0,9.0,1.1,0,0.0,0
2014-11-10,2014-12-24,OPTSTK,IDBI,62.5,PE,0.0,0.0,0.0,10.4,1.7,0,0.0,0
2014-11-10,2014-12-24,OPTSTK,IDBI,65.0,PE,0.0,0.0,0.0,11.95,2.5,0,0.0,0
2014-11-10,2014-12-24,OPTSTK,IDBI,67.5,PE,0.0,0.0,0.0,13.55,3.45,0,0.0,0
2014-11-10,2014-12-24,OPTSTK,IDBI,70.0,PE,0.0,0.0,0.0,3.8,4.65,0,0.0,0
2014-11-10,2014-12-24,OPTSTK,IDBI,72.5,PE,0.0,0.0,0.0,17.0,6.05,0,0.0,0
2014-11-10,2014-12-24,OPTSTK,IDBI,75.0,PE,0.0,0.0,0.0,18.85,7.65,0,0.0,0
2014-11-10,2014-12-24,OPTSTK,IDBI,77.5,PE,0.0,0.0,0.0,20.75,9.4,0,0.0,0
2014-11-10,2014-12-24,OPTSTK,IDBI,80.0,PE,0.0,0.0,0.0,22.75,11.3,0,0.0,0
2014-11-10,2014-12-24,OPTSTK,IDBI,82.5,PE,0.0,0.0,0.0,24.75,13.35,0,0.0,0
2014-11-10,2014-12-24,OPTSTK,IDBI,85.0,PE,0.0,0.0,0.0,26.8,15.45,0,0.0,0
2014-11-10,2014-12-24,OPTSTK,IDBI,87.5,PE,0.0,0.0,0.0,28.9,17.7,0,0.0,0
2014-11-10,2014-12-24,OPTSTK,IDBI,90.0,PE,0.0,0.0,0.0,31.05,19.95,0,0.0,0
2014-11-10,2014-12-24,OPTSTK,IDBI,92.5,PE,0.0,0.0,0.0,33.2,22.3,0,0.0,0
2014-11-10,2014-12-24,OPTSTK,IDBI,95.0,PE,0.0,0.0,0.0,35.4,24.65,0,0.0,0
2014-11-10,2015-01-29,OPTSTK,IDBI,42.5,CE,0.0,0.0,0.0,26.95,28.0,0,0.0,0
2014-11-10,2015-01-29,OPTSTK,IDBI,45.0,CE,0.0,0.0,0.0,24.65,25.6,0,0.0,0
2014-11-10,2015-01-29,OPTSTK,IDBI,47.5,CE,0.0,0.0,0.0,22.4,23.25,0,0.0,0
2014-11-10,2015-01-29,OPTSTK,IDBI,50.0,CE,0.0,0.0,0.0,20.25,21.0,0,0.0,0
2014-11-10,2015-01-29,OPTSTK,IDBI,52.5,CE,0.0,0.0,0.0,18.2,18.8,0,0.0,0
2014-11-10,2015-01-29,OPTSTK,IDBI,55.0,CE,0.0,0.0,0.0,16.2,16.7,0,0.0,0
2014-11-10,2015-01-29,OPTSTK,IDBI,57.5,CE,0.0,0.0,0.0,14.4,14.7,0,0.0,0
2014-11-10,2015-01-29,OPTSTK,IDBI,60.0,CE,0.0,0.0,0.0,12.7,12.85,0,0.0,0
2014-11-10,2015-01-29,OPTSTK,IDBI,62.5,CE,0.0,0.0,0.0,11.1,11.15,0,0.0,0
2014-11-10,2015-01-29,OPTSTK,IDBI,65.0,CE,0.0,0.0,0.0,9.7,9.6,0,0.0,0
2014-11-10,2015-01-29,OPTSTK,IDBI,67.5,CE,0.0,0.0,0.0,8.4,8.2,0,0.0,0
2014-11-10,2015-01-29,OPTSTK,IDBI,70.0,CE,0.0,0.0,0.0,7.25,6.95,0,0.0,0
2014-11-10,2015-01-29,OPTSTK,IDBI,72.5,CE,0.0,0.0,0.0,6.25,5.85,0,0.0,0
2014-11-10,2015-01-29,OPTSTK,IDBI,75.0,CE,0.0,0.0,0.0,5.35,4.9,0,0.0,0
2014-11-10,2015-01-29,OPTSTK,IDBI,77.5,CE,0.0,0.0,0.0,4.55,4.1,0,0.0,0
2014-11-10,2015-01-29,OPTSTK,IDBI,80.0,CE,0.0,0.0,0.0,3.85,3.35,0,0.0,0
2014-11-10,2015-01-29,OPTSTK,IDBI,82.5,CE,0.0,0.0,0.0,3.3,2.8,0,0.0,0
2014-11-10,2015-01-29,OPTSTK,IDBI,85.0,CE,0.0,0.0,0.0,2.75,2.3,0,0.0,0
2014-11-10,2015-01-29,OPTSTK,IDBI,87.5,CE,0.0,0.0,0.0,2.35,1.85,0,0.0,0
2014-11-10,2015-01-29,OPTSTK,IDBI,90.0,CE,0.0,0.0,0.0,1.95,1.5,0,0.0,0
2014-11-10,2015-01-29,OPTSTK,IDBI,92.5,CE,0.0,0.0,0.0,1.65,1.2,0,0.0,0
2014-11-10,2015-01-29,OPTSTK,IDBI,95.0,CE,0.0,0.0,0.0,1.35,1.0,0,0.0,0
2014-11-10,2015-01-29,OPTSTK,IDBI,42.5,PE,0.0,0.0,0.0,0.2,0.1,0,0.0,0
2014-11-10,2015-01-29,OPTSTK,IDBI,45.0,PE,0.0,0.0,0.0,0.35,0.15,0,0.0,0
2014-11-10,2015-01-29,OPTSTK,IDBI,47.5,PE,0.0,0.0,0.0,0.55,0.25,0,0.0,0
2014-11-10,2015-01-29,OPTSTK,IDBI,50.0,PE,0.0,0.0,0.0,0.8,0.45,0,0.0,0
2014-11-10,2015-01-29,OPTSTK,IDBI,52.5,PE,0.0,0.0,0.0,1.2,0.7,0,0.0,0
2014-11-10,2015-01-29,OPTSTK,IDBI,55.0,PE,0.0,0.0,0.0,1.7,1.05,0,0.0,0
2014-11-10,2015-01-29,OPTSTK,IDBI,57.5,PE,0.0,0.0,0.0,2.3,1.5,0,0.0,0
2014-11-10,2015-01-29,OPTSTK,IDBI,60.0,PE,0.0,0.0,0.0,3.05,2.1,0,0.0,0
2014-11-10,2015-01-29,OPTSTK,IDBI,62.5,PE,0.0,0.0,0.0,3.95,2.85,0,0.0,0
2014-11-10,2015-01-29,OPTSTK,IDBI,65.0,PE,0.0,0.0,0.0,4.95,3.75,0,0.0,0
2014-11-10,2015-01-29,OPTSTK,IDBI,67.5,PE,0.0,0.0,0.0,6.1,4.8,0,0.0,0
2014-11-10,2015-01-29,OPTSTK,IDBI,70.0,PE,0.0,0.0,0.0,7.4,6.0,0,0.0,0
2014-11-10,2015-01-29,OPTSTK,IDBI,72.5,PE,0.0,0.0,0.0,8.85,7.4,0,0.0,0
2014-11-10,2015-01-29,OPTSTK,IDBI,75.0,PE,0.0,0.0,0.0,10.4,8.9,0,0.0,0
2014-11-10,2015-01-29,OPTSTK,IDBI,77.5,PE,0.0,0.0,0.0,12.05,10.5,0,0.0,0
2014-11-10,2015-01-29,OPTSTK,IDBI,80.0,PE,0.0,0.0,0.0,13.8,12.25,0,0.0,0
2014-11-10,2015-01-29,OPTSTK,IDBI,82.5,PE,0.0,0.0,0.0,15.65,14.1,0,0.0,0
2014-11-10,2015-01-29,OPTSTK,IDBI,85.0,PE,0.0,0.0,0.0,17.6,16.05,0,0.0,0
2014-11-10,2015-01-29,OPTSTK,IDBI,87.5,PE,0.0,0.0,0.0,19.6,18.1,0,0.0,0
2014-11-10,2015-01-29,OPTSTK,IDBI,90.0,PE,0.0,0.0,0.0,21.65,20.2,0,0.0,0
2014-11-10,2015-01-29,OPTSTK,IDBI,92.5,PE,0.0,0.0,0.0,23.8,22.35,0,0.0,0
2014-11-10,2015-01-29,OPTSTK,IDBI,95.0,PE,0.0,0.0,0.0,25.95,24.6,0,0.0,0
2014-11-10,2014-11-27,OPTSTK,IDEA,100.0,CE,0.0,0.0,0.0,64.05,67.45,0,0.0,0
2014-11-10,2014-11-27,OPTSTK,IDEA,105.0,CE,0.0,0.0,0.0,59.2,62.5,0,0.0,0
2014-11-10,2014-11-27,OPTSTK,IDEA,110.0,CE,0.0,0.0,0.0,54.4,57.5,0,0.0,0
2014-11-10,2014-11-27,OPTSTK,IDEA,115.0,CE,0.0,0.0,0.0,49.6,52.5,0,0.0,0
2014-11-10,2014-11-27,OPTSTK,IDEA,120.0,CE,0.0,0.0,0.0,44.9,47.55,0,0.0,0
2014-11-10,2014-11-27,OPTSTK,IDEA,125.0,CE,0.0,0.0,0.0,40.3,42.55,0,0.0,0
2014-11-10,2014-11-27,OPTSTK,IDEA,130.0,CE,0.0,0.0,0.0,35.9,37.6,0,0.0,0
2014-11-10,2014-11-27,OPTSTK,IDEA,135.0,CE,0.0,0.0,0.0,31.65,32.65,0,0.0,0
2014-11-10,2014-11-27,OPTSTK,IDEA,140.0,CE,0.0,0.0,0.0,20.85,27.8,0,0.0,12000
2014-11-10,2014-11-27,OPTSTK,IDEA,145.0,CE,0.0,0.0,0.0,13.0,23.05,0,0.0,12000
2014-11-10,2014-11-27,OPTSTK,IDEA,150.0,CE,18.5,18.5,18.4,18.4,18.4,2,6.73,32000
2014-11-10,2014-11-27,OPTSTK,IDEA,155.0,CE,14.7,14.7,13.05,13.05,13.05,7,23.7,24000
2014-11-10,2014-11-27,OPTSTK,IDEA,160.0,CE,11.0,11.7,8.1,8.7,8.7,53,180.99,210000
2014-11-10,2014-11-27,OPTSTK,IDEA,165.0,CE,7.9,8.0,4.95,6.35,6.35,64,220.01,246000
2014-11-10,2014-11-27,OPTSTK,IDEA,170.0,CE,5.2,5.2,3.0,3.95,3.95,285,993.69,490000
2014-11-10,2014-11-27,OPTSTK,IDEA,175.0,CE,3.05,3.3,1.7,2.2,2.2,99,351.74,212000
2014-11-10,2014-11-27,OPTSTK,IDEA,180.0,CE,1.6,1.75,0.95,1.15,1.15,78,282.93,150000
2014-11-10,2014-11-27,OPTSTK,IDEA,185.0,CE,0.85,0.85,0.6,0.6,0.6,9,33.43,26000
2014-11-10,2014-11-27,OPTSTK,IDEA,190.0,CE,0.5,0.5,0.25,0.25,0.25,14,53.31,22000
2014-11-10,2014-11-27,OPTSTK,IDEA,195.0,CE,0.0,0.0,0.0,3.35,0.45,0,0.0,0
2014-11-10,2014-11-27,OPTSTK,IDEA,200.0,CE,0.0,0.0,0.0,0.2,0.25,0,0.0,2000
2014-11-10,2014-11-27,OPTSTK,IDEA,205.0,CE,0.0,0.0,0.0,1.0,0.15,0,0.0,0
2014-11-10,2014-11-27,OPTSTK,IDEA,100.0,PE,0.0,0.0,0.0,0.1,0.0,0,0.0,4000
2014-11-10,2014-11-27,OPTSTK,IDEA,105.0,PE,0.0,0.0,0.0,0.1,0.0,0,0.0,0
2014-11-10,2014-11-27,OPTSTK,IDEA,110.0,PE,0.0,0.0,0.0,0.15,0.0,0,0.0,0
2014-11-10,2014-11-27,OPTSTK,IDEA,115.0,PE,0.0,0.0,0.0,0.25,0.0,0,0.0,0
2014-11-10,2014-11-27,OPTSTK,IDEA,120.0,PE,0.0,0.0,0.0,0.45,0.0,0,0.0,0
2014-11-10,2014-11-27,OPTSTK,IDEA,125.0,PE,0.0,0.0,0.0,0.75,0.0,0,0.0,0
2014-11-10,2014-11-27,OPTSTK,IDEA,130.0,PE,0.0,0.0,0.0,1.25,0.05,0,0.0,0
2014-11-10,2014-11-27,OPTSTK,IDEA,135.0,PE,0.0,0.0,0.0,1.9,0.1,0,0.0,0
2014-11-10,2014-11-27,OPTSTK,IDEA,140.0,PE,0.0,0.0,0.0,0.2,0.2,0,0.0,6000
2014-11-10,2014-11-27,OPTSTK,IDEA,145.0,PE,0.2,0.2,0.2,0.2,0.2,2,5.8,12000
2014-11-10,2014-11-27,OPTSTK,IDEA,150.0,PE,0.6,0.7,0.4,0.5,0.5,24,72.25,88000
2014-11-10,2014-11-27,OPTSTK,IDEA,155.0,PE,0.95,1.55,0.85,1.0,1.0,66,205.96,90000
2014-11-10,2014-11-27,OPTSTK,IDEA,160.0,PE,1.9,3.0,1.7,2.4,2.4,84,272.43,142000
2014-11-10,2014-11-27,OPTSTK,IDEA,165.0,PE,3.2,5.2,3.15,3.8,3.8,51,172.28,78000
2014-11-10,2014-11-27,OPTSTK,IDEA,170.0,PE,5.55,8.0,5.0,6.25,6.25,25,88.09,32000
2014-11-10,2014-11-27,OPTSTK,IDEA,175.0,PE,0.0,0.0,0.0,14.0,10.8,0,0.0,2000
2014-11-10,2014-11-27,OPTSTK,IDEA,180.0,PE,0.0,0.0,0.0,20.1,14.5,0,0.0,2000
2014-11-10,2014-11-27,OPTSTK,IDEA,185.0,PE,0.0,0.0,0.0,24.5,18.6,0,0.0,0
2014-11-10,2014-11-27,OPTSTK,IDEA,190.0,PE,0.0,0.0,0.0,28.3,23.0,0,0.0,0
2014-11-10,2014-11-27,OPTSTK,IDEA,195.0,PE,0.0,0.0,0.0,32.3,27.65,0,0.0,0
2014-11-10,2014-11-27,OPTSTK,IDEA,200.0,PE,0.0,0.0,0.0,36.5,32.4,0,0.0,0
2014-11-10,2014-11-27,OPTSTK,IDEA,205.0,PE,0.0,0.0,0.0,40.8,37.3,0,0.0,0
2014-11-10,2014-12-24,OPTSTK,IDEA,100.0,CE,0.0,0.0,0.0,72.3,68.1,0,0.0,0
2014-11-10,2014-12-24,OPTSTK,IDEA,105.0,CE,0.0,0.0,0.0,67.4,63.2,0,0.0,0
2014-11-10,2014-12-24,OPTSTK,IDEA,110.0,CE,0.0,0.0,0.0,62.6,58.25,0,0.0,0
2014-11-10,2014-12-24,OPTSTK,IDEA,115.0,CE,0.0,0.0,0.0,57.8,53.3,0,0.0,0
2014-11-10,2014-12-24,OPTSTK,IDEA,120.0,CE,0.0,0.0,0.0,53.1,48.45,0,0.0,0
2014-11-10,2014-12-24,OPTSTK,IDEA,125.0,CE,0.0,0.0,0.0,48.5,43.6,0,0.0,0
2014-11-10,2014-12-24,OPTSTK,IDEA,130.0,CE,0.0,0.0,0.0,44.0,38.85,0,0.0,0
2014-11-10,2014-12-24,OPTSTK,IDEA,135.0,CE,0.0,0.0,0.0,39.65,34.25,0,0.0,0
2014-11-10,2014-12-24,OPTSTK,IDEA,140.0,CE,0.0,0.0,0.0,35.5,29.8,0,0.0,0
2014-11-10,2014-12-24,OPTSTK,IDEA,145.0,CE,0.0,0.0,0.0,31.55,25.65,0,0.0,0
2014-11-10,2014-12-24,OPTSTK,IDEA,150.0,CE,0.0,0.0,0.0,27.85,21.75,0,0.0,0
2014-11-10,2014-12-24,OPTSTK,IDEA,155.0,CE,0.0,0.0,0.0,24.4,18.2,0,0.0,0
2014-11-10,2014-12-24,OPTSTK,IDEA,160.0,CE,0.0,0.0,0.0,21.25,15.0,0,0.0,0
2014-11-10,2014-12-24,OPTSTK,IDEA,165.0,CE,0.0,0.0,0.0,18.35,12.2,0,0.0,0
2014-11-10,2014-12-24,OPTSTK,IDEA,170.0,CE,0.0,0.0,0.0,15.75,9.75,0,0.0,0
2014-11-10,2014-12-24,OPTSTK,IDEA,175.0,CE,0.0,0.0,0.0,13.45,7.7,0,0.0,0
2014-11-10,2014-12-24,OPTSTK,IDEA,180.0,CE,0.0,0.0,0.0,11.4,6.0,0,0.0,0
2014-11-10,2014-12-24,OPTSTK,IDEA,185.0,CE,0.0,0.0,0.0,9.6,4.6,0,0.0,0
2014-11-10,2014-12-24,OPTSTK,IDEA,190.0,CE,0.0,0.0,0.0,8.05,3.5,0,0.0,0
2014-11-10,2014-12-24,OPTSTK,IDEA,195.0,CE,0.0,0.0,0.0,6.7,2.65,0,0.0,0
2014-11-10,2014-12-24,OPTSTK,IDEA,200.0,CE,0.0,0.0,0.0,5.55,1.95,0,0.0,0
2014-11-10,2014-12-24,OPTSTK,IDEA,205.0,CE,0.0,0.0,0.0,4.55,1.45,0,0.0,0
2014-11-10,2014-12-24,OPTSTK,IDEA,100.0,PE,0.0,0.0,0.0,0.05,0.0,0,0.0,0
2014-11-10,2014-12-24,OPTSTK,IDEA,105.0,PE,0.0,0.0,0.0,0.1,0.05,0,0.0,0
2014-11-10,2014-12-24,OPTSTK,IDEA,110.0,PE,0.0,0.0,0.0,0.15,0.05,0,0.0,0
2014-11-10,2014-12-24,OPTSTK,IDEA,115.0,PE,0.0,0.0,0.0,0.25,0.05,0,0.0,0
2014-11-10,2014-12-24,OPTSTK,IDEA,120.0,PE,0.0,0.0,0.0,0.45,0.1,0,0.0,0
2014-11-10,2014-12-24,OPTSTK,IDEA,125.0,PE,0.0,0.0,0.0,0.7,0.25,0,0.0,0
2014-11-10,2014-12-24,OPTSTK,IDEA,130.0,PE,0.0,0.0,0.0,1.1,0.45,0,0.0,0
2014-11-10,2014-12-24,OPTSTK,IDEA,135.0,PE,0.0,0.0,0.0,1.65,0.8,0,0.0,0
2014-11-10,2014-12-24,OPTSTK,IDEA,140.0,PE,0.0,0.0,0.0,2.4,1.3,0,0.0,0
2014-11-10,2014-12-24,OPTSTK,IDEA,145.0,PE,0.0,0.0,0.0,3.35,2.05,0,0.0,0
2014-11-10,2014-12-24,OPTSTK,IDEA,150.0,PE,0.0,0.0,0.0,4.55,3.1,0,0.0,0
2014-11-10,2014-12-24,OPTSTK,IDEA,155.0,PE,0.0,0.0,0.0,5.95,4.5,0,0.0,0
2014-11-10,2014-12-24,OPTSTK,IDEA,160.0,PE,0.0,0.0,0.0,7.7,6.25,0,0.0,0
2014-11-10,2014-12-24,OPTSTK,IDEA,165.0,PE,0.0,0.0,0.0,9.7,8.4,0,0.0,0
2014-11-10,2014-12-24,OPTSTK,IDEA,170.0,PE,0.0,0.0,0.0,12.0,10.95,0,0.0,0
2014-11-10,2014-12-24,OPTSTK,IDEA,175.0,PE,0.0,0.0,0.0,14.6,13.8,0,0.0,0
2014-11-10,2014-12-24,OPTSTK,IDEA,180.0,PE,0.0,0.0,0.0,17.4,17.05,0,0.0,0
2014-11-10,2014-12-24,OPTSTK,IDEA,185.0,PE,0.0,0.0,0.0,20.5,20.65,0,0.0,0
2014-11-10,2014-12-24,OPTSTK,IDEA,190.0,PE,0.0,0.0,0.0,23.85,24.45,0,0.0,0
2014-11-10,2014-12-24,OPTSTK,IDEA,195.0,PE,0.0,0.0,0.0,27.4,28.55,0,0.0,0
2014-11-10,2014-12-24,OPTSTK,IDEA,200.0,PE,0.0,0.0,0.0,31.15,32.8,0,0.0,0
2014-11-10,2014-12-24,OPTSTK,IDEA,205.0,PE,0.0,0.0,0.0,35.05,37.25,0,0.0,0
2014-11-10,2015-01-29,OPTSTK,IDEA,100.0,CE,0.0,0.0,0.0,62.15,69.0,0,0.0,0
2014-11-10,2015-01-29,OPTSTK,IDEA,105.0,CE,0.0,0.0,0.0,57.45,64.15,0,0.0,0
2014-11-10,2015-01-29,OPTSTK,IDEA,110.0,CE,0.0,0.0,0.0,52.85,59.35,0,0.0,0
2014-11-10,2015-01-29,OPTSTK,IDEA,115.0,CE,0.0,0.0,0.0,48.35,54.6,0,0.0,0
2014-11-10,2015-01-29,OPTSTK,IDEA,120.0,CE,0.0,0.0,0.0,43.95,49.9,0,0.0,0
2014-11-10,2015-01-29,OPTSTK,IDEA,125.0,CE,0.0,0.0,0.0,39.8,45.35,0,0.0,0
2014-11-10,2015-01-29,OPTSTK,IDEA,130.0,CE,0.0,0.0,0.0,35.8,40.95,0,0.0,0
2014-11-10,2015-01-29,OPTSTK,IDEA,135.0,CE,0.0,0.0,0.0,32.0,36.7,0,0.0,0
2014-11-10,2015-01-29,OPTSTK,IDEA,140.0,CE,0.0,0.0,0.0,28.5,32.65,0,0.0,0
2014-11-10,2015-01-29,OPTSTK,IDEA,145.0,CE,0.0,0.0,0.0,25.2,28.85,0,0.0,0
2014-11-10,2015-01-29,OPTSTK,IDEA,150.0,CE,0.0,0.0,0.0,22.2,25.35,0,0.0,0
2014-11-10,2015-01-29,OPTSTK,IDEA,155.0,CE,0.0,0.0,0.0,19.45,22.05,0,0.0,0
2014-11-10,2015-01-29,OPTSTK,IDEA,160.0,CE,0.0,0.0,0.0,16.9,19.1,0,0.0,0
2014-11-10,2015-01-29,OPTSTK,IDEA,165.0,CE,0.0,0.0,0.0,14.7,16.4,0,0.0,0
2014-11-10,2015-01-29,OPTSTK,IDEA,170.0,CE,0.0,0.0,0.0,12.65,14.0,0,0.0,0
2014-11-10,2015-01-29,OPTSTK,IDEA,175.0,CE,0.0,0.0,0.0,10.9,11.85,0,0.0,0
2014-11-10,2015-01-29,OPTSTK,IDEA,180.0,CE,0.0,0.0,0.0,9.3,10.0,0,0.0,0
2014-11-10,2015-01-29,OPTSTK,IDEA,185.0,CE,0.0,0.0,0.0,7.95,8.35,0,0.0,0
2014-11-10,2015-01-29,OPTSTK,IDEA,190.0,CE,0.0,0.0,0.0,6.75,6.95,0,0.0,0
2014-11-10,2015-01-29,OPTSTK,IDEA,195.0,CE,0.0,0.0,0.0,5.7,5.8,0,0.0,0
2014-11-10,2015-01-29,OPTSTK,IDEA,200.0,CE,0.0,0.0,0.0,4.85,4.75,0,0.0,0
2014-11-10,2015-01-29,OPTSTK,IDEA,205.0,CE,0.0,0.0,0.0,4.05,3.9,0,0.0,0
2014-11-10,2015-01-29,OPTSTK,IDEA,100.0,PE,0.0,0.0,0.0,0.25,0.05,0,0.0,0
2014-11-10,2015-01-29,OPTSTK,IDEA,105.0,PE,0.0,0.0,0.0,0.45,0.1,0,0.0,0
2014-11-10,2015-01-29,OPTSTK,IDEA,110.0,PE,0.0,0.0,0.0,0.7,0.2,0,0.0,0
2014-11-10,2015-01-29,OPTSTK,IDEA,115.0,PE,0.0,0.0,0.0,1.1,0.35,0,0.0,0
2014-11-10,2015-01-29,OPTSTK,IDEA,120.0,PE,0.0,0.0,0.0,1.6,0.6,0,0.0,0
2014-11-10,2015-01-29,OPTSTK,IDEA,125.0,PE,0.0,0.0,0.0,2.35,0.9,0,0.0,0
2014-11-10,2015-01-29,OPTSTK,IDEA,130.0,PE,0.0,0.0,0.0,3.25,1.4,0,0.0,0
2014-11-10,2015-01-29,OPTSTK,IDEA,135.0,PE,0.0,0.0,0.0,4.35,2.1,0,0.0,0
2014-11-10,2015-01-29,OPTSTK,IDEA,140.0,PE,0.0,0.0,0.0,5.7,2.95,0,0.0,0
2014-11-10,2015-01-29,OPTSTK,IDEA,145.0,PE,0.0,0.0,0.0,7.3,4.05,0,0.0,0
2014-11-10,2015-01-29,OPTSTK,IDEA,150.0,PE,0.0,0.0,0.0,9.2,5.45,0,0.0,0
2014-11-10,2015-01-29,OPTSTK,IDEA,155.0,PE,0.0,0.0,0.0,11.35,7.05,0,0.0,0
2014-11-10,2015-01-29,OPTSTK,IDEA,160.0,PE,0.0,0.0,0.0,13.7,9.0,0,0.0,0
2014-11-10,2015-01-29,OPTSTK,IDEA,165.0,PE,0.0,0.0,0.0,16.35,11.2,0,0.0,0
2014-11-10,2015-01-29,OPTSTK,IDEA,170.0,PE,0.0,0.0,0.0,19.25,13.7,0,0.0,0
2014-11-10,2015-01-29,OPTSTK,IDEA,175.0,PE,0.0,0.0,0.0,22.35,16.5,0,0.0,0
2014-11-10,2015-01-29,OPTSTK,IDEA,180.0,PE,0.0,0.0,0.0,25.7,19.55,0,0.0,0
2014-11-10,2015-01-29,OPTSTK,IDEA,185.0,PE,0.0,0.0,0.0,29.2,22.8,0,0.0,0
2014-11-10,2015-01-29,OPTSTK,IDEA,190.0,PE,0.0,0.0,0.0,32.9,26.3,0,0.0,0
2014-11-10,2015-01-29,OPTSTK,IDEA,195.0,PE,0.0,0.0,0.0,36.75,30.05,0,0.0,0
2014-11-10,2015-01-29,OPTSTK,IDEA,200.0,PE,0.0,0.0,0.0,40.75,33.9,0,0.0,0
2014-11-10,2015-01-29,OPTSTK,IDEA,205.0,PE,0.0,0.0,0.0,44.9,37.95,0,0.0,0
2014-11-10,2014-11-27,OPTSTK,IDFC,90.0,CE,0.0,0.0,0.0,56.25,61.35,0,0.0,0
2014-11-10,2014-11-27,OPTSTK,IDFC,95.0,CE,0.0,0.0,0.0,51.45,56.35,0,0.0,0
2014-11-10,2014-11-27,OPTSTK,IDFC,100.0,CE,0.0,0.0,0.0,46.7,51.35,0,0.0,0
2014-11-10,2014-11-27,OPTSTK,IDFC,105.0,CE,0.0,0.0,0.0,42.1,46.4,0,0.0,0
2014-11-10,2014-11-27,OPTSTK,IDFC,110.0,CE,0.0,0.0,0.0,37.6,41.4,0,0.0,0
2014-11-10,2014-11-27,OPTSTK,IDFC,115.0,CE,0.0,0.0,0.0,33.3,36.4,0,0.0,0
2014-11-10,2014-11-27,OPTSTK,IDFC,120.0,CE,0.0,0.0,0.0,29.25,31.45,0,0.0,0
2014-11-10,2014-11-27,OPTSTK,IDFC,125.0,CE,0.0,0.0,0.0,25.4,26.5,0,0.0,0
2014-11-10,2014-11-27,OPTSTK,IDFC,130.0,CE,0.0,0.0,0.0,20.55,21.6,0,0.0,2000
2014-11-10,2014-11-27,OPTSTK,IDFC,135.0,CE,0.0,0.0,0.0,20.9,16.85,0,0.0,8000
2014-11-10,2014-11-27,OPTSTK,IDFC,140.0,CE,14.1,14.1,12.15,12.15,12.15,8,24.52,134000
2014-11-10,2014-11-27,OPTSTK,IDFC,145.0,CE,9.95,9.95,7.65,7.65,7.65,11,33.79,364000
2014-11-10,2014-11-27,OPTSTK,IDFC,150.0,CE,6.5,6.55,4.3,4.8,4.8,445,1379.29,1378000
2014-11-10,2014-11-27,OPTSTK,IDFC,155.0,CE,4.1,4.1,2.35,2.65,2.65,726,2291.56,1878000
2014-11-10,2014-11-27,OPTSTK,IDFC,160.0,CE,2.1,2.3,1.25,1.45,1.45,1011,3267.22,3732000
2014-11-10,2014-11-27,OPTSTK,IDFC,165.0,CE,1.3,1.3,0.7,0.8,0.8,256,849.22,1026000
2014-11-10,2014-11-27,OPTSTK,IDFC,170.0,CE,0.75,0.8,0.4,0.5,0.5,238,811.71,1114000
2014-11-10,2014-11-27,OPTSTK,IDFC,175.0,CE,0.45,0.45,0.25,0.25,0.25,10,35.07,346000
2014-11-10,2014-11-27,OPTSTK,IDFC,180.0,CE,0.25,0.25,0.15,0.2,0.2,14,50.44,252000
2014-11-10,2014-11-27,OPTSTK,IDFC,185.0,CE,0.95,0.95,0.1,0.1,0.1,2,7.42,10000
2014-11-10,2014-11-27,OPTSTK,IDFC,190.0,CE,0.0,0.0,0.0,0.25,0.05,0,0.0,2000
2014-11-10,2014-11-27,OPTSTK,IDFC,195.0,CE,0.0,0.0,0.0,1.55,0.0,0,0.0,0
2014-11-10,2014-11-27,OPTSTK,IDFC,90.0,PE,0.0,0.0,0.0,0.1,0.0,0,0.0,0
2014-11-10,2014-11-27,OPTSTK,IDFC,95.0,PE,0.0,0.0,0.0,0.2,0.0,0,0.0,0
2014-11-10,2014-11-27,OPTSTK,IDFC,100.0,PE,0.0,0.0,0.0,0.35,0.0,0,0.0,0
2014-11-10,2014-11-27,OPTSTK,IDFC,105.0,PE,0.0,0.0,0.0,0.6,0.0,0,0.0,0
2014-11-10,2014-11-27,OPTSTK,IDFC,110.0,PE,0.0,0.0,0.0,1.0,0.0,0,0.0,0
2014-11-10,2014-11-27,OPTSTK,IDFC,115.0,PE,0.0,0.0,0.0,1.6,0.0,0,0.0,0
2014-11-10,2014-11-27,OPTSTK,IDFC,120.0,PE,0.0,0.0,0.0,0.1,0.0,0,0.0,14000
2014-11-10,2014-11-27,OPTSTK,IDFC,125.0,PE,0.0,0.0,0.0,0.15,0.05,0,0.0,46000
2014-11-10,2014-11-27,OPTSTK,IDFC,130.0,PE,0.2,0.2,0.15,0.15,0.15,3,7.81,150000
2014-11-10,2014-11-27,OPTSTK,IDFC,135.0,PE,0.4,0.4,0.25,0.25,0.25,8,21.65,274000
2014-11-10,2014-11-27,OPTSTK,IDFC,140.0,PE,0.45,0.6,0.45,0.55,0.55,139,390.67,876000
2014-11-10,2014-11-27,OPTSTK,IDFC,145.0,PE,1.2,1.45,1.05,1.25,1.25,159,465.24,906000
2014-11-10,2014-11-27,OPTSTK,IDFC,150.0,PE,2.4,3.25,2.3,3.0,3.0,507,1550.69,1626000
2014-11-10,2014-11-27,OPTSTK,IDFC,155.0,PE,4.85,6.2,4.6,5.6,5.6,153,491.74,916000
2014-11-10,2014-11-27,OPTSTK,IDFC,160.0,PE,9.15,10.0,8.6,10.0,10.0,71,241.05,250000
2014-11-10,2014-11-27,OPTSTK,IDFC,165.0,PE,0.0,0.0,0.0,15.45,14.3,0,0.0,8000
2014-11-10,2014-11-27,OPTSTK,IDFC,170.0,PE,18.35,18.35,18.35,18.35,18.35,1,3.76,4000
2014-11-10,2014-11-27,OPTSTK,IDFC,175.0,PE,0.0,0.0,0.0,30.95,23.55,0,0.0,0
2014-11-10,2014-11-27,OPTSTK,IDFC,180.0,PE,0.0,0.0,0.0,35.05,28.4,0,0.0,0
2014-11-10,2014-11-27,OPTSTK,IDFC,185.0,PE,0.0,0.0,0.0,39.3,33.35,0,0.0,0
2014-11-10,2014-11-27,OPTSTK,IDFC,190.0,PE,0.0,0.0,0.0,43.65,38.35,0,0.0,0
2014-11-10,2014-11-27,OPTSTK,IDFC,195.0,PE,0.0,0.0,0.0,48.15,43.3,0,0.0,0
2014-11-10,2014-12-24,OPTSTK,IDFC,90.0,CE,0.0,0.0,0.0,49.95,61.9,0,0.0,0
2014-11-10,2014-12-24,OPTSTK,IDFC,95.0,CE,0.0,0.0,0.0,45.1,56.95,0,0.0,0
2014-11-10,2014-12-24,OPTSTK,IDFC,100.0,CE,0.0,0.0,0.0,40.35,52.0,0,0.0,0
2014-11-10,2014-12-24,OPTSTK,IDFC,105.0,CE,0.0,0.0,0.0,35.7,47.1,0,0.0,0
2014-11-10,2014-12-24,OPTSTK,IDFC,110.0,CE,0.0,0.0,0.0,31.2,42.15,0,0.0,0
2014-11-10,2014-12-24,OPTSTK,IDFC,115.0,CE,0.0,0.0,0.0,26.95,37.25,0,0.0,0
2014-11-10,2014-12-24,OPTSTK,IDFC,120.0,CE,0.0,0.0,0.0,22.95,32.4,0,0.0,0
2014-11-10,2014-12-24,OPTSTK,IDFC,125.0,CE,0.0,0.0,0.0,19.3,27.7,0,0.0,0
2014-11-10,2014-12-24,OPTSTK,IDFC,130.0,CE,0.0,0.0,0.0,15.95,23.2,0,0.0,0
2014-11-10,2014-12-24,OPTSTK,IDFC,135.0,CE,0.0,0.0,0.0,13.05,18.95,0,0.0,0
2014-11-10,2014-12-24,OPTSTK,IDFC,140.0,CE,0.0,0.0,0.0,10.5,15.15,0,0.0,0
2014-11-10,2014-12-24,OPTSTK,IDFC,145.0,CE,0.0,0.0,0.0,5.0,11.75,0,0.0,2000
2014-11-10,2014-12-24,OPTSTK,IDFC,150.0,CE,0.0,0.0,0.0,7.6,8.9,0,0.0,22000
2014-11-10,2014-12-24,OPTSTK,IDFC,155.0,CE,0.0,0.0,0.0,5.1,6.55,0,0.0,0
2014-11-10,2014-12-24,OPTSTK,IDFC,160.0,CE,4.95,4.95,3.5,3.9,3.9,32,105.22,40000
2014-11-10,2014-12-24,OPTSTK,IDFC,165.0,CE,0.0,0.0,0.0,2.95,3.25,0,0.0,0
2014-11-10,2014-12-24,OPTSTK,IDFC,170.0,CE,0.0,0.0,0.0,2.2,2.2,0,0.0,0
2014-11-10,2014-12-24,OPTSTK,IDFC,175.0,CE,0.0,0.0,0.0,1.65,1.45,0,0.0,0
2014-11-10,2014-12-24,OPTSTK,IDFC,180.0,CE,0.0,0.0,0.0,1.2,0.95,0,0.0,0
2014-11-10,2014-12-24,OPTSTK,IDFC,185.0,CE,0.0,0.0,0.0,0.9,0.6,0,0.0,0
2014-11-10,2014-12-24,OPTSTK,IDFC,190.0,CE,0.0,0.0,0.0,0.65,0.4,0,0.0,0
2014-11-10,2014-12-24,OPTSTK,IDFC,195.0,CE,0.0,0.0,0.0,0.45,0.25,0,0.0,0
2014-11-10,2014-12-24,OPTSTK,IDFC,90.0,PE,0.0,0.0,0.0,0.05,0.0,0,0.0,0
2014-11-10,2014-12-24,OPTSTK,IDFC,95.0,PE,0.0,0.0,0.0,0.15,0.0,0,0.0,0
2014-11-10,2014-12-24,OPTSTK,IDFC,100.0,PE,0.0,0.0,0.0,0.25,0.0,0,0.0,0
2014-11-10,2014-12-24,OPTSTK,IDFC,105.0,PE,0.0,0.0,0.0,0.5,0.05,0,0.0,0
2014-11-10,2014-12-24,OPTSTK,IDFC,110.0,PE,0.0,0.0,0.0,0.9,0.05,0,0.0,0
2014-11-10,2014-12-24,OPTSTK,IDFC,115.0,PE,0.0,0.0,0.0,1.55,0.1,0,0.0,0
2014-11-10,2014-12-24,OPTSTK,IDFC,120.0,PE,0.0,0.0,0.0,2.45,0.2,0,0.0,0
2014-11-10,2014-12-24,OPTSTK,IDFC,125.0,PE,0.0,0.0,0.0,3.65,0.45,0,0.0,0
2014-11-10,2014-12-24,OPTSTK,IDFC,130.0,PE,0.0,0.0,0.0,5.25,0.9,0,0.0,0
2014-11-10,2014-12-24,OPTSTK,IDFC,135.0,PE,0.0,0.0,0.0,7.2,1.6,0,0.0,0
2014-11-10,2014-12-24,OPTSTK,IDFC,140.0,PE,0.0,0.0,0.0,9.55,2.75,0,0.0,0
2014-11-10,2014-12-24,OPTSTK,IDFC,145.0,PE,2.85,3.6,2.85,3.45,3.45,4,11.87,6000
2014-11-10,2014-12-24,OPTSTK,IDFC,150.0,PE,0.0,0.0,0.0,15.4,6.35,0,0.0,0
2014-11-10,2014-12-24,OPTSTK,IDFC,155.0,PE,7.5,7.5,7.5,7.5,7.5,1,3.25,2000
2014-11-10,2014-12-24,OPTSTK,IDFC,160.0,PE,0.0,0.0,0.0,22.5,12.05,0,0.0,0
2014-11-10,2014-12-24,OPTSTK,IDFC,165.0,PE,0.0,0.0,0.0,26.45,15.6,0,0.0,0
2014-11-10,2014-12-24,OPTSTK,IDFC,170.0,PE,0.0,0.0,0.0,30.6,19.5,0,0.0,0
2014-11-10,2014-12-24,OPTSTK,IDFC,175.0,PE,0.0,0.0,0.0,34.95,23.7,0,0.0,0
2014-11-10,2014-12-24,OPTSTK,IDFC,180.0,PE,0.0,0.0,0.0,39.4,28.1,0,0.0,0
2014-11-10,2014-12-24,OPTSTK,IDFC,185.0,PE,0.0,0.0,0.0,43.95,32.7,0,0.0,0
2014-11-10,2014-12-24,OPTSTK,IDFC,190.0,PE,0.0,0.0,0.0,48.6,37.45,0,0.0,0
2014-11-10,2014-12-24,OPTSTK,IDFC,195.0,PE,0.0,0.0,0.0,53.3,42.25,0,0.0,0
2014-11-10,2015-01-29,OPTSTK,IDFC,90.0,CE,0.0,0.0,0.0,60.2,62.7,0,0.0,0
2014-11-10,2015-01-29,OPTSTK,IDFC,95.0,CE,0.0,0.0,0.0,55.35,57.8,0,0.0,0
2014-11-10,2015-01-29,OPTSTK,IDFC,100.0,CE,0.0,0.0,0.0,50.45,52.9,0,0.0,0
2014-11-10,2015-01-29,OPTSTK,IDFC,105.0,CE,0.0,0.0,0.0,45.6,48.05,0,0.0,0
2014-11-10,2015-01-29,OPTSTK,IDFC,110.0,CE,0.0,0.0,0.0,40.85,43.25,0,0.0,0
2014-11-10,2015-01-29,OPTSTK,IDFC,115.0,CE,0.0,0.0,0.0,36.15,38.55,0,0.0,0
2014-11-10,2015-01-29,OPTSTK,IDFC,120.0,CE,0.0,0.0,0.0,31.6,33.95,0,0.0,0
2014-11-10,2015-01-29,OPTSTK,IDFC,125.0,CE,0.0,0.0,0.0,27.25,29.6,0,0.0,0
2014-11-10,2015-01-29,OPTSTK,IDFC,130.0,CE,0.0,0.0,0.0,23.2,25.45,0,0.0,0
2014-11-10,2015-01-29,OPTSTK,IDFC,135.0,CE,0.0,0.0,0.0,19.4,21.6,0,0.0,0
2014-11-10,2015-01-29,OPTSTK,IDFC,140.0,CE,0.0,0.0,0.0,16.0,18.05,0,0.0,0
2014-11-10,2015-01-29,OPTSTK,IDFC,145.0,CE,0.0,0.0,0.0,13.0,14.9,0,0.0,0
2014-11-10,2015-01-29,OPTSTK,IDFC,150.0,CE,0.0,0.0,0.0,10.4,12.15,0,0.0,0
2014-11-10,2015-01-29,OPTSTK,IDFC,155.0,CE,0.0,0.0,0.0,8.15,9.75,0,0.0,0
2014-11-10,2015-01-29,OPTSTK,IDFC,160.0,CE,0.0,0.0,0.0,6.35,7.75,0,0.0,0
2014-11-10,2015-01-29,OPTSTK,IDFC,165.0,CE,0.0,0.0,0.0,4.85,6.05,0,0.0,0
2014-11-10,2015-01-29,OPTSTK,IDFC,170.0,CE,0.0,0.0,0.0,3.65,4.7,0,0.0,0
2014-11-10,2015-01-29,OPTSTK,IDFC,175.0,CE,0.0,0.0,0.0,2.7,3.6,0,0.0,0
2014-11-10,2015-01-29,OPTSTK,IDFC,180.0,CE,0.0,0.0,0.0,2.0,2.7,0,0.0,0
2014-11-10,2015-01-29,OPTSTK,IDFC,185.0,CE,0.0,0.0,0.0,1.45,2.05,0,0.0,0
2014-11-10,2015-01-29,OPTSTK,IDFC,190.0,CE,0.0,0.0,0.0,1.05,1.5,0,0.0,0
2014-11-10,2015-01-29,OPTSTK,IDFC,195.0,CE,0.0,0.0,0.0,0.75,1.1,0,0.0,0
2014-11-10,2015-01-29,OPTSTK,IDFC,90.0,PE,0.0,0.0,0.0,0.05,0.0,0,0.0,0
2014-11-10,2015-01-29,OPTSTK,IDFC,95.0,PE,0.0,0.0,0.0,0.05,0.05,0,0.0,0
2014-11-10,2015-01-29,OPTSTK,IDFC,100.0,PE,0.0,0.0,0.0,0.05,0.05,0,0.0,0
2014-11-10,2015-01-29,OPTSTK,IDFC,105.0,PE,0.0,0.0,0.0,0.1,0.1,0,0.0,0
2014-11-10,2015-01-29,OPTSTK,IDFC,110.0,PE,0.0,0.0,0.0,0.2,0.2,0,0.0,0
2014-11-10,2015-01-29,OPTSTK,IDFC,115.0,PE,0.0,0.0,0.0,0.4,0.4,0,0.0,0
2014-11-10,2015-01-29,OPTSTK,IDFC,120.0,PE,0.0,0.0,0.0,0.75,0.75,0,0.0,0
2014-11-10,2015-01-29,OPTSTK,IDFC,125.0,PE,0.0,0.0,0.0,1.3,1.25,0,0.0,0
2014-11-10,2015-01-29,OPTSTK,IDFC,130.0,PE,0.0,0.0,0.0,2.1,2.05,0,0.0,0
2014-11-10,2015-01-29,OPTSTK,IDFC,135.0,PE,0.0,0.0,0.0,3.25,3.1,0,0.0,0
2014-11-10,2015-01-29,OPTSTK,IDFC,140.0,PE,0.0,0.0,0.0,4.75,4.45,0,0.0,0
2014-11-10,2015-01-29,OPTSTK,IDFC,145.0,PE,0.0,0.0,0.0,6.6,6.2,0,0.0,0
2014-11-10,2015-01-29,OPTSTK,IDFC,150.0,PE,0.0,0.0,0.0,8.9,8.35,0,0.0,0
2014-11-10,2015-01-29,OPTSTK,IDFC,155.0,PE,0.0,0.0,0.0,11.6,10.85,0,0.0,0
2014-11-10,2015-01-29,OPTSTK,IDFC,160.0,PE,0.0,0.0,0.0,14.65,13.75,0,0.0,0
2014-11-10,2015-01-29,OPTSTK,IDFC,165.0,PE,0.0,0.0,0.0,18.05,16.95,0,0.0,0
2014-11-10,2015-01-29,OPTSTK,IDFC,170.0,PE,0.0,0.0,0.0,21.75,20.5,0,0.0,0
2014-11-10,2015-01-29,OPTSTK,IDFC,175.0,PE,0.0,0.0,0.0,25.7,24.3,0,0.0,0
2014-11-10,2015-01-29,OPTSTK,IDFC,180.0,PE,0.0,0.0,0.0,29.85,28.35,0,0.0,0
2014-11-10,2015-01-29,OPTSTK,IDFC,185.0,PE,0.0,0.0,0.0,34.2,32.55,0,0.0,0
2014-11-10,2015-01-29,OPTSTK,IDFC,190.0,PE,0.0,0.0,0.0,38.7,36.95,0,0.0,0
2014-11-10,2015-01-29,OPTSTK,IDFC,195.0,PE,0.0,0.0,0.0,43.3,41.45,0,0.0,0
2014-11-10,2014-11-27,OPTSTK,IFCI,15.0,CE,0.0,0.0,0.0,18.95,23.85,0,0.0,0
2014-11-10,2014-11-27,OPTSTK,IFCI,17.5,CE,0.0,0.0,0.0,16.5,21.35,0,0.0,0
2014-11-10,2014-11-27,OPTSTK,IFCI,20.0,CE,0.0,0.0,0.0,14.1,18.85,0,0.0,0
2014-11-10,2014-11-27,OPTSTK,IFCI,22.5,CE,0.0,0.0,0.0,11.7,16.35,0,0.0,0
2014-11-10,2014-11-27,OPTSTK,IFCI,25.0,CE,0.0,0.0,0.0,9.5,13.85,0,0.0,0
2014-11-10,2014-11-27,OPTSTK,IFCI,27.5,CE,0.0,0.0,0.0,8.7,11.4,0,0.0,9000
2014-11-10,2014-11-27,OPTSTK,IFCI,30.0,CE,0.0,0.0,0.0,6.55,8.9,0,0.0,18000
2014-11-10,2014-11-27,OPTSTK,IFCI,32.5,CE,0.0,0.0,0.0,6.65,6.45,0,0.0,135000
2014-11-10,2014-11-27,OPTSTK,IFCI,35.0,CE,4.25,4.25,3.8,4.0,4.0,8,28.14,720000
2014-11-10,2014-11-27,OPTSTK,IFCI,37.5,CE,2.65,2.85,2.0,2.65,2.65,66,236.84,1611000
2014-11-10,2014-11-27,OPTSTK,IFCI,40.0,CE,1.2,1.55,0.95,1.3,1.3,488,1811.65,5337000
2014-11-10,2014-11-27,OPTSTK,IFCI,42.5,CE,0.65,0.8,0.5,0.65,0.65,270,1048.14,2223000
2014-11-10,2014-11-27,OPTSTK,IFCI,45.0,CE,0.35,0.45,0.25,0.35,0.35,103,420.29,2709000
2014-11-10,2014-11-27,OPTSTK,IFCI,47.5,CE,0.25,0.25,0.15,0.2,0.2,20,85.84,747000
2014-11-10,2014-11-27,OPTSTK,IFCI,50.0,CE,0.15,0.15,0.1,0.1,0.1,76,342.76,882000
2014-11-10,2014-11-27,OPTSTK,IFCI,52.5,CE,0.0,0.0,0.0,0.15,0.0,0,0.0,126000
2014-11-10,2014-11-27,OPTSTK,IFCI,55.0,CE,0.0,0.0,0.0,0.1,0.0,0,0.0,18000
2014-11-10,2014-11-27,OPTSTK,IFCI,57.5,CE,0.0,0.0,0.0,0.1,0.0,0,0.0,0
2014-11-10,2014-11-27,OPTSTK,IFCI,15.0,PE,0.0,0.0,0.0,0.05,0.0,0,0.0,0
2014-11-10,2014-11-27,OPTSTK,IFCI,17.5,PE,0.0,0.0,0.0,0.05,0.0,0,0.0,0
2014-11-10,2014-11-27,OPTSTK,IFCI,20.0,PE,0.0,0.0,0.0,0.05,0.0,0,0.0,0
2014-11-10,2014-11-27,OPTSTK,IFCI,22.5,PE,0.0,0.0,0.0,0.15,0.0,0,0.0,0
2014-11-10,2014-11-27,OPTSTK,IFCI,25.0,PE,0.0,0.0,0.0,0.35,0.0,0,0.0,0
2014-11-10,2014-11-27,OPTSTK,IFCI,27.5,PE,0.0,0.0,0.0,0.1,0.0,0,0.0,9000
2014-11-10,2014-11-27,OPTSTK,IFCI,30.0,PE,0.0,0.0,0.0,0.05,0.05,0,0.0,216000
2014-11-10,2014-11-27,OPTSTK,IFCI,32.5,PE,0.1,0.15,0.1,0.15,0.15,12,35.23,819000
2014-11-10,2014-11-27,OPTSTK,IFCI,35.0,PE,0.4,0.45,0.35,0.35,0.35,120,382.25,1224000
2014-11-10,2014-11-27,OPTSTK,IFCI,37.5,PE,0.95,1.2,0.85,0.95,0.95,103,357.41,945000
2014-11-10,2014-11-27,OPTSTK,IFCI,40.0,PE,2.25,2.7,2.0,2.2,2.2,24,91.48,450000
2014-11-10,2014-11-27,OPTSTK,IFCI,42.5,PE,0.0,0.0,0.0,3.35,4.05,0,0.0,18000
2014-11-10,2014-11-27,OPTSTK,IFCI,45.0,PE,6.3,6.3,6.25,6.25,6.25,2,9.22,81000
2014-11-10,2014-11-27,OPTSTK,IFCI,47.5,PE,0.0,0.0,0.0,10.3,8.65,0,0.0,9000
2014-11-10,2014-11-27,OPTSTK,IFCI,50.0,PE,0.0,0.0,0.0,15.65,11.1,0,0.0,0
2014-11-10,2014-11-27,OPTSTK,IFCI,52.5,PE,0.0,0.0,0.0,18.0,13.55,0,0.0,0
2014-11-10,2014-11-27,OPTSTK,IFCI,55.0,PE,0.0,0.0,0.0,20.35,16.05,0,0.0,0
2014-11-10,2014-11-27,OPTSTK,IFCI,57.5,PE,0.0,0.0,0.0,22.75,18.55,0,0.0,0
2014-11-10,2014-12-24,OPTSTK,IFCI,15.0,CE,0.0,0.0,0.0,19.8,23.95,0,0.0,0
2014-11-10,2014-12-24,OPTSTK,IFCI,17.5,CE,0.0,0.0,0.0,17.35,21.45,0,0.0,0
2014-11-10,2014-12-24,OPTSTK,IFCI,20.0,CE,0.0,0.0,0.0,14.95,19.0,0,0.0,0
2014-11-10,2014-12-24,OPTSTK,IFCI,22.5,CE,0.0,0.0,0.0,12.55,16.5,0,0.0,0
2014-11-10,2014-12-24,OPTSTK,IFCI,25.0,CE,0.0,0.0,0.0,10.3,14.05,0,0.0,0
2014-11-10,2014-12-24,OPTSTK,IFCI,27.5,CE,0.0,0.0,0.0,8.25,11.6,0,0.0,0
2014-11-10,2014-12-24,OPTSTK,IFCI,30.0,CE,0.0,0.0,0.0,6.4,9.2,0,0.0,0
2014-11-10,2014-12-24,OPTSTK,IFCI,32.5,CE,0.0,0.0,0.0,4.85,7.0,0,0.0,0
2014-11-10,2014-12-24,OPTSTK,IFCI,35.0,CE,0.0,0.0,0.0,3.6,5.05,0,0.0,0
2014-11-10,2014-12-24,OPTSTK,IFCI,37.5,CE,0.0,0.0,0.0,2.9,3.45,0,0.0,9000
2014-11-10,2014-12-24,OPTSTK,IFCI,40.0,CE,0.0,0.0,0.0,2.5,2.25,0,0.0,45000
2014-11-10,2014-12-24,OPTSTK,IFCI,42.5,CE,0.0,0.0,0.0,2.4,1.35,0,0.0,27000
2014-11-10,2014-12-24,OPTSTK,IFCI,45.0,CE,0.0,0.0,0.0,1.5,0.8,0,0.0,0
2014-11-10,2014-12-24,OPTSTK,IFCI,47.5,CE,0.0,0.0,0.0,0.6,0.45,0,0.0,0
2014-11-10,2014-12-24,OPTSTK,IFCI,50.0,CE,0.0,0.0,0.0,1.4,0.25,0,0.0,9000
2014-11-10,2014-12-24,OPTSTK,IFCI,52.5,CE,0.0,0.0,0.0,0.3,0.15,0,0.0,0
2014-11-10,2014-12-24,OPTSTK,IFCI,55.0,CE,0.0,0.0,0.0,0.2,0.1,0,0.0,0
2014-11-10,2014-12-24,OPTSTK,IFCI,57.5,CE,0.0,0.0,0.0,0.15,0.05,0,0.0,0
2014-11-10,2014-12-24,OPTSTK,IFCI,15.0,PE,0.0,0.0,0.0,0.05,0.0,0,0.0,0
2014-11-10,2014-12-24,OPTSTK,IFCI,17.5,PE,0.0,0.0,0.0,0.05,0.0,0,0.0,0
2014-11-10,2014-12-24,OPTSTK,IFCI,20.0,PE,0.0,0.0,0.0,0.05,0.0,0,0.0,0
2014-11-10,2014-12-24,OPTSTK,IFCI,22.5,PE,0.0,0.0,0.0,0.15,0.0,0,0.0,0
2014-11-10,2014-12-24,OPTSTK,IFCI,25.0,PE,0.0,0.0,0.0,0.3,0.05,0,0.0,0
2014-11-10,2014-12-24,OPTSTK,IFCI,27.5,PE,0.0,0.0,0.0,0.7,0.05,0,0.0,0
2014-11-10,2014-12-24,OPTSTK,IFCI,30.0,PE,0.0,0.0,0.0,1.3,0.15,0,0.0,0
2014-11-10,2014-12-24,OPTSTK,IFCI,32.5,PE,0.0,0.0,0.0,2.2,0.4,0,0.0,0
2014-11-10,2014-12-24,OPTSTK,IFCI,35.0,PE,0.0,0.0,0.0,3.35,0.95,0,0.0,0
2014-11-10,2014-12-24,OPTSTK,IFCI,37.5,PE,0.0,0.0,0.0,3.55,1.8,0,0.0,18000
2014-11-10,2014-12-24,OPTSTK,IFCI,40.0,PE,0.0,0.0,0.0,6.5,3.05,0,0.0,0
2014-11-10,2014-12-24,OPTSTK,IFCI,42.5,PE,0.0,0.0,0.0,8.4,4.7,0,0.0,0
2014-11-10,2014-12-24,OPTSTK,IFCI,45.0,PE,0.0,0.0,0.0,10.45,6.6,0,0.0,0
2014-11-10,2014-12-24,OPTSTK,IFCI,47.5,PE,0.0,0.0,0.0,12.6,8.7,0,0.0,0
2014-11-10,2014-12-24,OPTSTK,IFCI,50.0,PE,0.0,0.0,0.0,14.85,11.0,0,0.0,0
2014-11-10,2014-12-24,OPTSTK,IFCI,52.5,PE,0.0,0.0,0.0,17.2,13.35,0,0.0,0
2014-11-10,2014-12-24,OPTSTK,IFCI,55.0,PE,0.0,0.0,0.0,19.55,15.75,0,0.0,0
2014-11-10,2014-12-24,OPTSTK,IFCI,57.5,PE,0.0,0.0,0.0,21.95,18.2,0,0.0,0
2014-11-10,2015-01-29,OPTSTK,IFCI,15.0,CE,0.0,0.0,0.0,21.9,24.05,0,0.0,0
2014-11-10,2015-01-29,OPTSTK,IFCI,17.5,CE,0.0,0.0,0.0,19.45,21.6,0,0.0,0
2014-11-10,2015-01-29,OPTSTK,IFCI,20.0,CE,0.0,0.0,0.0,17.0,19.15,0,0.0,0
2014-11-10,2015-01-29,OPTSTK,IFCI,22.5,CE,0.0,0.0,0.0,14.6,16.7,0,0.0,0
2014-11-10,2015-01-29,OPTSTK,IFCI,25.0,CE,0.0,0.0,0.0,12.2,14.3,0,0.0,0
2014-11-10,2015-01-29,OPTSTK,IFCI,27.5,CE,0.0,0.0,0.0,9.95,11.95,0,0.0,0
2014-11-10,2015-01-29,OPTSTK,IFCI,30.0,CE,0.0,0.0,0.0,7.9,9.75,0,0.0,0
2014-11-10,2015-01-29,OPTSTK,IFCI,32.5,CE,0.0,0.0,0.0,6.1,7.75,0,0.0,0
2014-11-10,2015-01-29,OPTSTK,IFCI,35.0,CE,0.0,0.0,0.0,4.55,5.95,0,0.0,0
2014-11-10,2015-01-29,OPTSTK,IFCI,37.5,CE,0.0,0.0,0.0,3.3,4.5,0,0.0,0
2014-11-10,2015-01-29,OPTSTK,IFCI,40.0,CE,0.0,0.0,0.0,2.35,3.3,0,0.0,0
2014-11-10,2015-01-29,OPTSTK,IFCI,42.5,CE,0.0,0.0,0.0,1.6,2.35,0,0.0,0
2014-11-10,2015-01-29,OPTSTK,IFCI,45.0,CE,0.0,0.0,0.0,1.1,1.65,0,0.0,0
2014-11-10,2015-01-29,OPTSTK,IFCI,47.5,CE,0.0,0.0,0.0,0.75,1.15,0,0.0,0
2014-11-10,2015-01-29,OPTSTK,IFCI,50.0,CE,0.0,0.0,0.0,0.5,0.75,0,0.0,0
2014-11-10,2015-01-29,OPTSTK,IFCI,52.5,CE,0.0,0.0,0.0,0.3,0.5,0,0.0,0
2014-11-10,2015-01-29,OPTSTK,IFCI,55.0,CE,0.0,0.0,0.0,0.2,0.35,0,0.0,0
2014-11-10,2015-01-29,OPTSTK,IFCI,57.5,CE,0.0,0.0,0.0,0.15,0.25,0,0.0,0
2014-11-10,2015-01-29,OPTSTK,IFCI,15.0,PE,0.0,0.0,0.0,0.05,0.0,0,0.0,0
2014-11-10,2015-01-29,OPTSTK,IFCI,17.5,PE,0.0,0.0,0.0,0.05,0.0,0,0.0,0
2014-11-10,2015-01-29,OPTSTK,IFCI,20.0,PE,0.0,0.0,0.0,0.05,0.0,0,0.0,0
2014-11-10,2015-01-29,OPTSTK,IFCI,22.5,PE,0.0,0.0,0.0,0.05,0.05,0,0.0,0
2014-11-10,2015-01-29,OPTSTK,IFCI,25.0,PE,0.0,0.0,0.0,0.15,0.05,0,0.0,0
2014-11-10,2015-01-29,OPTSTK,IFCI,27.5,PE,0.0,0.0,0.0,0.3,0.2,0,0.0,0
2014-11-10,2015-01-29,OPTSTK,IFCI,30.0,PE,0.0,0.0,0.0,0.7,0.45,0,0.0,0
2014-11-10,2015-01-29,OPTSTK,IFCI,32.5,PE,0.0,0.0,0.0,1.3,0.85,0,0.0,0
2014-11-10,2015-01-29,OPTSTK,IFCI,35.0,PE,0.0,0.0,0.0,2.25,1.55,0,0.0,0
2014-11-10,2015-01-29,OPTSTK,IFCI,37.5,PE,0.0,0.0,0.0,3.45,2.5,0,0.0,0
2014-11-10,2015-01-29,OPTSTK,IFCI,40.0,PE,0.0,0.0,0.0,4.9,3.75,0,0.0,0
2014-11-10,2015-01-29,OPTSTK,IFCI,42.5,PE,0.0,0.0,0.0,6.65,5.3,0,0.0,0
2014-11-10,2015-01-29,OPTSTK,IFCI,45.0,PE,0.0,0.0,0.0,8.6,7.05,0,0.0,0
2014-11-10,2015-01-29,OPTSTK,IFCI,47.5,PE,0.0,0.0,0.0,10.65,9.0,0,0.0,0
2014-11-10,2015-01-29,OPTSTK,IFCI,50.0,PE,0.0,0.0,0.0,12.85,11.05,0,0.0,0
2014-11-10,2015-01-29,OPTSTK,IFCI,52.5,PE,0.0,0.0,0.0,15.15,13.25,0,0.0,0
2014-11-10,2015-01-29,OPTSTK,IFCI,55.0,PE,0.0,0.0,0.0,17.5,15.55,0,0.0,0
2014-11-10,2015-01-29,OPTSTK,IFCI,57.5,PE,0.0,0.0,0.0,19.85,17.9,0,0.0,0
2014-11-10,2014-11-27,OPTSTK,IGL,240.0,CE,0.0,0.0,0.0,142.65,180.2,0,0.0,0
2014-11-10,2014-11-27,OPTSTK,IGL,250.0,CE,0.0,0.0,0.0,132.95,170.25,0,0.0,0
2014-11-10,2014-11-27,OPTSTK,IGL,260.0,CE,0.0,0.0,0.0,123.25,160.3,0,0.0,0
2014-11-10,2014-11-27,OPTSTK,IGL,270.0,CE,0.0,0.0,0.0,113.7,150.35,0,0.0,0
2014-11-10,2014-11-27,OPTSTK,IGL,280.0,CE,0.0,0.0,0.0,104.2,140.4,0,0.0,0
2014-11-10,2014-11-27,OPTSTK,IGL,290.0,CE,0.0,0.0,0.0,94.9,130.4,0,0.0,0
2014-11-10,2014-11-27,OPTSTK,IGL,300.0,CE,0.0,0.0,0.0,85.85,120.45,0,0.0,0
2014-11-10,2014-11-27,OPTSTK,IGL,310.0,CE,0.0,0.0,0.0,77.1,110.5,0,0.0,0
2014-11-10,2014-11-27,OPTSTK,IGL,320.0,CE,0.0,0.0,0.0,68.7,100.55,0,0.0,0
2014-11-10,2014-11-27,OPTSTK,IGL,330.0,CE,0.0,0.0,0.0,60.75,90.6,0,0.0,0
2014-11-10,2014-11-27,OPTSTK,IGL,340.0,CE,0.0,0.0,0.0,53.3,80.7,0,0.0,0
2014-11-10,2014-11-27,OPTSTK,IGL,350.0,CE,0.0,0.0,0.0,46.35,70.85,0,0.0,0
2014-11-10,2014-11-27,OPTSTK,IGL,360.0,CE,0.0,0.0,0.0,39.95,61.2,0,0.0,0
2014-11-10,2014-11-27,OPTSTK,IGL,370.0,CE,0.0,0.0,0.0,34.2,51.8,0,0.0,0
2014-11-10,2014-11-27,OPTSTK,IGL,380.0,CE,0.0,0.0,0.0,18.05,42.8,0,0.0,11000
2014-11-10,2014-11-27,OPTSTK,IGL,390.0,CE,25.0,34.0,25.0,32.3,32.3,29,60.61,7500
2014-11-10,2014-11-27,OPTSTK,IGL,400.0,CE,16.8,29.0,12.5,25.75,25.75,46,96.95,26500
2014-11-10,2014-11-27,OPTSTK,IGL,410.0,CE,12.15,20.5,9.0,19.25,19.25,67,141.97,23500
2014-11-10,2014-11-27,OPTSTK,IGL,420.0,CE,7.75,15.1,6.4,13.95,13.95,88,190.08,19000
2014-11-10,2014-11-27,OPTSTK,IGL,430.0,CE,6.05,10.55,5.85,10.15,10.15,79,173.15,24500
2014-11-10,2014-11-27,OPTSTK,IGL,440.0,CE,3.0,7.9,3.0,6.4,6.4,42,93.48,22500
2014-11-10,2014-11-27,OPTSTK,IGL,450.0,CE,3.5,4.95,3.5,4.3,4.3,9,20.44,12000
2014-11-10,2014-11-27,OPTSTK,IGL,460.0,CE,0.0,0.0,0.0,5.95,3.1,0,0.0,0
2014-11-10,2014-11-27,OPTSTK,IGL,470.0,CE,0.0,0.0,0.0,4.7,1.9,0,0.0,0
2014-11-10,2014-11-27,OPTSTK,IGL,480.0,CE,0.0,0.0,0.0,3.75,1.15,0,0.0,0
2014-11-10,2014-11-27,OPTSTK,IGL,490.0,CE,0.0,0.0,0.0,2.95,0.65,0,0.0,0
2014-11-10,2014-11-27,OPTSTK,IGL,500.0,CE,0.0,0.0,0.0,2.3,0.4,0,0.0,0
2014-11-10,2014-11-27,OPTSTK,IGL,510.0,CE,0.0,0.0,0.0,1.8,0.2,0,0.0,0
2014-11-10,2014-11-27,OPTSTK,IGL,520.0,CE,0.0,0.0,0.0,1.4,0.1,0,0.0,0
2014-11-10,2014-11-27,OPTSTK,IGL,240.0,PE,0.0,0.0,0.0,0.05,0.0,0,0.0,0
2014-11-10,2014-11-27,OPTSTK,IGL,250.0,PE,0.0,0.0,0.0,0.15,0.0,0,0.0,0
2014-11-10,2014-11-27,OPTSTK,IGL,260.0,PE,0.0,0.0,0.0,0.25,0.0,0,0.0,0
2014-11-10,2014-11-27,OPTSTK,IGL,270.0,PE,0.0,0.0,0.0,0.45,0.0,0,0.0,0
2014-11-10,2014-11-27,OPTSTK,IGL,280.0,PE,0.0,0.0,0.0,0.75,0.0,0,0.0,0
2014-11-10,2014-11-27,OPTSTK,IGL,290.0,PE,0.0,0.0,0.0,1.25,0.0,0,0.0,0
2014-11-10,2014-11-27,OPTSTK,IGL,300.0,PE,0.0,0.0,0.0,2.0,0.0,0,0.0,0
2014-11-10,2014-11-27,OPTSTK,IGL,310.0,PE,0.0,0.0,0.0,3.0,0.0,0,0.0,0
2014-11-10,2014-11-27,OPTSTK,IGL,320.0,PE,0.0,0.0,0.0,4.4,0.05,0,0.0,0
2014-11-10,2014-11-27,OPTSTK,IGL,330.0,PE,0.0,0.0,0.0,6.25,0.05,0,0.0,0
2014-11-10,2014-11-27,OPTSTK,IGL,340.0,PE,0.0,0.0,0.0,8.55,0.1,0,0.0,0
2014-11-10,2014-11-27,OPTSTK,IGL,350.0,PE,0.0,0.0,0.0,11.4,0.2,0,0.0,0
2014-11-10,2014-11-27,OPTSTK,IGL,360.0,PE,0.0,0.0,0.0,4.25,0.5,0,0.0,1000
2014-11-10,2014-11-27,OPTSTK,IGL,370.0,PE,0.0,0.0,0.0,18.8,1.05,0,0.0,0
2014-11-10,2014-11-27,OPTSTK,IGL,380.0,PE,4.95,4.95,2.15,2.15,2.15,26,49.76,15500
2014-11-10,2014-11-27,OPTSTK,IGL,390.0,PE,6.6,6.6,3.0,3.4,3.4,31,61.11,11000
2014-11-10,2014-11-27,OPTSTK,IGL,400.0,PE,13.4,13.4,5.1,6.2,6.2,40,81.28,20500
2014-11-10,2014-11-27,OPTSTK,IGL,410.0,PE,12.55,12.55,7.35,8.0,8.0,17,35.7,4500
2014-11-10,2014-11-27,OPTSTK,IGL,420.0,PE,0.0,0.0,0.0,25.4,14.1,0,0.0,1000
2014-11-10,2014-11-27,OPTSTK,IGL,430.0,PE,23.9,23.9,18.25,18.25,18.25,4,9.0,500
2014-11-10,2014-11-27,OPTSTK,IGL,440.0,PE,0.0,0.0,0.0,51.7,26.3,0,0.0,1500
2014-11-10,2014-11-27,OPTSTK,IGL,450.0,PE,0.0,0.0,0.0,70.35,33.8,0,0.0,0
2014-11-10,2014-11-27,OPTSTK,IGL,460.0,PE,0.0,0.0,0.0,78.65,42.0,0,0.0,0
2014-11-10,2014-11-27,OPTSTK,IGL,470.0,PE,0.0,0.0,0.0,87.25,50.8,0,0.0,0
2014-11-10,2014-11-27,OPTSTK,IGL,480.0,PE,0.0,0.0,0.0,96.05,60.0,0,0.0,0
2014-11-10,2014-11-27,OPTSTK,IGL,490.0,PE,0.0,0.0,0.0,105.05,69.5,0,0.0,0
2014-11-10,2014-11-27,OPTSTK,IGL,500.0,PE,0.0,0.0,0.0,114.2,79.15,0,0.0,0
2014-11-10,2014-11-27,OPTSTK,IGL,510.0,PE,0.0,0.0,0.0,123.45,88.95,0,0.0,0
2014-11-10,2014-11-27,OPTSTK,IGL,520.0,PE,0.0,0.0,0.0,132.85,98.8,0,0.0,0
2014-11-10,2014-12-24,OPTSTK,IGL,240.0,CE,0.0,0.0,0.0,177.4,181.8,0,0.0,0
2014-11-10,2014-12-24,OPTSTK,IGL,250.0,CE,0.0,0.0,0.0,167.65,171.9,0,0.0,0
2014-11-10,2014-12-24,OPTSTK,IGL,260.0,CE,0.0,0.0,0.0,157.95,162.0,0,0.0,0
2014-11-10,2014-12-24,OPTSTK,IGL,270.0,CE,0.0,0.0,0.0,148.3,152.1,0,0.0,0
2014-11-10,2014-12-24,OPTSTK,IGL,280.0,CE,0.0,0.0,0.0,138.75,142.2,0,0.0,0
2014-11-10,2014-12-24,OPTSTK,IGL,290.0,CE,0.0,0.0,0.0,129.25,132.35,0,0.0,0
2014-11-10,2014-12-24,OPTSTK,IGL,300.0,CE,0.0,0.0,0.0,119.95,122.5,0,0.0,0
2014-11-10,2014-12-24,OPTSTK,IGL,310.0,CE,0.0,0.0,0.0,110.8,112.75,0,0.0,0
2014-11-10,2014-12-24,OPTSTK,IGL,320.0,CE,0.0,0.0,0.0,101.85,103.05,0,0.0,0
2014-11-10,2014-12-24,OPTSTK,IGL,330.0,CE,0.0,0.0,0.0,93.2,93.5,0,0.0,0
2014-11-10,2014-12-24,OPTSTK,IGL,340.0,CE,0.0,0.0,0.0,84.85,84.15,0,0.0,0
2014-11-10,2014-12-24,OPTSTK,IGL,350.0,CE,0.0,0.0,0.0,76.9,75.05,0,0.0,0
2014-11-10,2014-12-24,OPTSTK,IGL,360.0,CE,0.0,0.0,0.0,69.3,66.3,0,0.0,0
2014-11-10,2014-12-24,OPTSTK,IGL,370.0,CE,0.0,0.0,0.0,62.15,58.0,0,0.0,0
2014-11-10,2014-12-24,OPTSTK,IGL,380.0,CE,0.0,0.0,0.0,55.45,50.2,0,0.0,0
2014-11-10,2014-12-24,OPTSTK,IGL,390.0,CE,0.0,0.0,0.0,49.2,42.95,0,0.0,0
2014-11-10,2014-12-24,OPTSTK,IGL,400.0,CE,0.0,0.0,0.0,43.45,36.35,0,0.0,0
2014-11-10,2014-12-24,OPTSTK,IGL,410.0,CE,0.0,0.0,0.0,38.15,30.45,0,0.0,0
2014-11-10,2014-12-24,OPTSTK,IGL,420.0,CE,0.0,0.0,0.0,33.35,25.2,0,0.0,0
2014-11-10,2014-12-24,OPTSTK,IGL,430.0,CE,0.0,0.0,0.0,29.05,20.6,0,0.0,0
2014-11-10,2014-12-24,OPTSTK,IGL,440.0,CE,0.0,0.0,0.0,25.15,16.65,0,0.0,0
2014-11-10,2014-12-24,OPTSTK,IGL,450.0,CE,0.0,0.0,0.0,21.7,13.3,0,0.0,0
2014-11-10,2014-12-24,OPTSTK,IGL,460.0,CE,0.0,0.0,0.0,18.6,10.55,0,0.0,0
2014-11-10,2014-12-24,OPTSTK,IGL,470.0,CE,0.0,0.0,0.0,15.9,8.25,0,0.0,0
2014-11-10,2014-12-24,OPTSTK,IGL,480.0,CE,0.0,0.0,0.0,13.6,6.4,0,0.0,0
2014-11-10,2014-12-24,OPTSTK,IGL,490.0,CE,0.0,0.0,0.0,11.5,4.9,0,0.0,0
2014-11-10,2014-12-24,OPTSTK,IGL,500.0,CE,0.0,0.0,0.0,9.75,3.75,0,0.0,0
2014-11-10,2014-12-24,OPTSTK,IGL,510.0,CE,0.0,0.0,0.0,8.2,2.8,0,0.0,0
2014-11-10,2014-12-24,OPTSTK,IGL,520.0,CE,0.0,0.0,0.0,6.9,2.1,0,0.0,0
2014-11-10,2014-12-24,OPTSTK,IGL,240.0,PE,0.0,0.0,0.0,0.05,0.0,0,0.0,0
2014-11-10,2014-12-24,OPTSTK,IGL,250.0,PE,0.0,0.0,0.0,0.1,0.0,0,0.0,0
2014-11-10,2014-12-24,OPTSTK,IGL,260.0,PE,0.0,0.0,0.0,0.2,0.0,0,0.0,0
2014-11-10,2014-12-24,OPTSTK,IGL,270.0,PE,0.0,0.0,0.0,0.3,0.05,0,0.0,0
2014-11-10,2014-12-24,OPTSTK,IGL,280.0,PE,0.0,0.0,0.0,0.5,0.05,0,0.0,0
2014-11-10,2014-12-24,OPTSTK,IGL,290.0,PE,0.0,0.0,0.0,0.85,0.05,0,0.0,0
2014-11-10,2014-12-24,OPTSTK,IGL,300.0,PE,0.0,0.0,0.0,1.3,0.15,0,0.0,0
2014-11-10,2014-12-24,OPTSTK,IGL,310.0,PE,0.0,0.0,0.0,1.95,0.25,0,0.0,0
2014-11-10,2014-12-24,OPTSTK,IGL,320.0,PE,0.0,0.0,0.0,2.8,0.45,0,0.0,0
2014-11-10,2014-12-24,OPTSTK,IGL,330.0,PE,0.0,0.0,0.0,3.9,0.8,0,0.0,0
2014-11-10,2014-12-24,OPTSTK,IGL,340.0,PE,0.0,0.0,0.0,5.35,1.35,0,0.0,0
2014-11-10,2014-12-24,OPTSTK,IGL,350.0,PE,0.0,0.0,0.0,7.15,2.15,0,0.0,0
2014-11-10,2014-12-24,OPTSTK,IGL,360.0,PE,0.0,0.0,0.0,9.35,3.3,0,0.0,0
2014-11-10,2014-12-24,OPTSTK,IGL,370.0,PE,0.0,0.0,0.0,12.0,4.9,0,0.0,0
2014-11-10,2014-12-24,OPTSTK,IGL,380.0,PE,0.0,0.0,0.0,15.05,6.95,0,0.0,0
2014-11-10,2014-12-24,OPTSTK,IGL,390.0,PE,0.0,0.0,0.0,18.6,9.65,0,0.0,0
2014-11-10,2014-12-24,OPTSTK,IGL,400.0,PE,0.0,0.0,0.0,22.6,12.95,0,0.0,0
2014-11-10,2014-12-24,OPTSTK,IGL,410.0,PE,0.0,0.0,0.0,27.15,16.9,0,0.0,0
2014-11-10,2014-12-24,OPTSTK,IGL,420.0,PE,0.0,0.0,0.0,32.1,21.55,0,0.0,0
2014-11-10,2014-12-24,OPTSTK,IGL,430.0,PE,0.0,0.0,0.0,37.55,26.85,0,0.0,0
2014-11-10,2014-12-24,OPTSTK,IGL,440.0,PE,0.0,0.0,0.0,43.45,32.8,0,0.0,0
2014-11-10,2014-12-24,OPTSTK,IGL,450.0,PE,0.0,0.0,0.0,49.8,39.35,0,0.0,0
2014-11-10,2014-12-24,OPTSTK,IGL,460.0,PE,0.0,0.0,0.0,56.5,46.45,0,0.0,0
2014-11-10,2014-12-24,OPTSTK,IGL,470.0,PE,0.0,0.0,0.0,63.55,54.1,0,0.0,0
2014-11-10,2014-12-24,OPTSTK,IGL,480.0,PE,0.0,0.0,0.0,71.0,62.1,0,0.0,0
2014-11-10,2014-12-24,OPTSTK,IGL,490.0,PE,0.0,0.0,0.0,78.75,70.55,0,0.0,0
2014-11-10,2014-12-24,OPTSTK,IGL,500.0,PE,0.0,0.0,0.0,86.75,79.25,0,0.0,0
2014-11-10,2014-12-24,OPTSTK,IGL,510.0,PE,0.0,0.0,0.0,94.95,88.2,0,0.0,0
2014-11-10,2014-12-24,OPTSTK,IGL,520.0,PE,0.0,0.0,0.0,103.45,97.4,0,0.0,0
2014-11-10,2015-01-29,OPTSTK,IGL,240.0,CE,0.0,0.0,0.0,157.1,183.85,0,0.0,0
2014-11-10,2015-01-29,OPTSTK,IGL,250.0,CE,0.0,0.0,0.0,147.4,174.05,0,0.0,0
2014-11-10,2015-01-29,OPTSTK,IGL,260.0,CE,0.0,0.0,0.0,137.7,164.3,0,0.0,0
2014-11-10,2015-01-29,OPTSTK,IGL,270.0,CE,0.0,0.0,0.0,128.1,154.55,0,0.0,0
2014-11-10,2015-01-29,OPTSTK,IGL,280.0,CE,0.0,0.0,0.0,118.6,144.85,0,0.0,0
2014-11-10,2015-01-29,OPTSTK,IGL,290.0,CE,0.0,0.0,0.0,109.3,135.25,0,0.0,0
2014-11-10,2015-01-29,OPTSTK,IGL,300.0,CE,0.0,0.0,0.0,100.15,125.75,0,0.0,0
2014-11-10,2015-01-29,OPTSTK,IGL,310.0,CE,0.0,0.0,0.0,91.25,116.4,0,0.0,0
2014-11-10,2015-01-29,OPTSTK,IGL,320.0,CE,0.0,0.0,0.0,82.65,107.2,0,0.0,0
2014-11-10,2015-01-29,OPTSTK,IGL,330.0,CE,0.0,0.0,0.0,74.4,98.25,0,0.0,0
2014-11-10,2015-01-29,OPTSTK,IGL,340.0,CE,0.0,0.0,0.0,66.55,89.6,0,0.0,0
2014-11-10,2015-01-29,OPTSTK,IGL,350.0,CE,0.0,0.0,0.0,59.15,81.25,0,0.0,0
2014-11-10,2015-01-29,OPTSTK,IGL,360.0,CE,0.0,0.0,0.0,52.25,73.25,0,0.0,0
2014-11-10,2015-01-29,OPTSTK,IGL,370.0,CE,0.0,0.0,0.0,45.85,65.7,0,0.0,0
2014-11-10,2015-01-29,OPTSTK,IGL,380.0,CE,0.0,0.0,0.0,40.0,58.6,0,0.0,0
2014-11-10,2015-01-29,OPTSTK,IGL,390.0,CE,0.0,0.0,0.0,34.65,51.95,0,0.0,0
2014-11-10,2015-01-29,OPTSTK,IGL,400.0,CE,0.0,0.0,0.0,29.85,45.8,0,0.0,0
2014-11-10,2015-01-29,OPTSTK,IGL,410.0,CE,0.0,0.0,0.0,25.55,40.15,0,0.0,0
2014-11-10,2015-01-29,OPTSTK,IGL,420.0,CE,0.0,0.0,0.0,21.75,35.0,0,0.0,0
2014-11-10,2015-01-29,OPTSTK,IGL,430.0,CE,0.0,0.0,0.0,18.4,30.35,0,0.0,0
2014-11-10,2015-01-29,OPTSTK,IGL,440.0,CE,0.0,0.0,0.0,15.5,26.2,0,0.0,0
2014-11-10,2015-01-29,OPTSTK,IGL,450.0,CE,0.0,0.0,0.0,13.0,22.45,0,0.0,0
2014-11-10,2015-01-29,OPTSTK,IGL,460.0,CE,0.0,0.0,0.0,10.8,19.2,0,0.0,0
2014-11-10,2015-01-29,OPTSTK,IGL,470.0,CE,0.0,0.0,0.0,8.95,16.3,0,0.0,0
2014-11-10,2015-01-29,OPTSTK,IGL,480.0,CE,0.0,0.0,0.0,7.4,13.8,0,0.0,0
2014-11-10,2015-01-29,OPTSTK,IGL,490.0,CE,0.0,0.0,0.0,6.1,11.65,0,0.0,0
2014-11-10,2015-01-29,OPTSTK,IGL,500.0,CE,0.0,0.0,0.0,4.95,9.75,0,0.0,0
2014-11-10,2015-01-29,OPTSTK,IGL,510.0,CE,0.0,0.0,0.0,4.05,8.15,0,0.0,0
2014-11-10,2015-01-29,OPTSTK,IGL,520.0,CE,0.0,0.0,0.0,3.3,6.75,0,0.0,0
2014-11-10,2015-01-29,OPTSTK,IGL,240.0,PE,0.0,0.0,0.0,0.1,0.05,0,0.0,0
2014-11-10,2015-01-29,OPTSTK,IGL,250.0,PE,0.0,0.0,0.0,0.15,0.05,0,0.0,0
2014-11-10,2015-01-29,OPTSTK,IGL,260.0,PE,0.0,0.0,0.0,0.25,0.1,0,0.0,0
2014-11-10,2015-01-29,OPTSTK,IGL,270.0,PE,0.0,0.0,0.0,0.45,0.2,0,0.0,0
2014-11-10,2015-01-29,OPTSTK,IGL,280.0,PE,0.0,0.0,0.0,0.75,0.3,0,0.0,0
2014-11-10,2015-01-29,OPTSTK,IGL,290.0,PE,0.0,0.0,0.0,1.15,0.5,0,0.0,0
2014-11-10,2015-01-29,OPTSTK,IGL,300.0,PE,0.0,0.0,0.0,1.8,0.8,0,0.0,0
2014-11-10,2015-01-29,OPTSTK,IGL,310.0,PE,0.0,0.0,0.0,2.7,1.25,0,0.0,0
2014-11-10,2015-01-29,OPTSTK,IGL,320.0,PE,0.0,0.0,0.0,3.9,1.9,0,0.0,0
2014-11-10,2015-01-29,OPTSTK,IGL,330.0,PE,0.0,0.0,0.0,5.4,2.75,0,0.0,0
2014-11-10,2015-01-29,OPTSTK,IGL,340.0,PE,0.0,0.0,0.0,7.35,3.9,0,0.0,0
2014-11-10,2015-01-29,OPTSTK,IGL,350.0,PE,0.0,0.0,0.0,9.75,5.35,0,0.0,0
2014-11-10,2015-01-29,OPTSTK,IGL,360.0,PE,0.0,0.0,0.0,12.6,7.2,0,0.0,0
2014-11-10,2015-01-29,OPTSTK,IGL,370.0,PE,0.0,0.0,0.0,16.0,9.45,0,0.0,0
2014-11-10,2015-01-29,OPTSTK,IGL,380.0,PE,0.0,0.0,0.0,19.95,12.15,0,0.0,0
2014-11-10,2015-01-29,OPTSTK,IGL,390.0,PE,0.0,0.0,0.0,24.4,15.3,0,0.0,0
2014-11-10,2015-01-29,OPTSTK,IGL,400.0,PE,0.0,0.0,0.0,29.35,18.95,0,0.0,0
2014-11-10,2015-01-29,OPTSTK,IGL,410.0,PE,0.0,0.0,0.0,34.85,23.15,0,0.0,0
2014-11-10,2015-01-29,OPTSTK,IGL,420.0,PE,0.0,0.0,0.0,40.85,27.8,0,0.0,0
2014-11-10,2015-01-29,OPTSTK,IGL,430.0,PE,0.0,0.0,0.0,47.25,32.95,0,0.0,0
2014-11-10,2015-01-29,OPTSTK,IGL,440.0,PE,0.0,0.0,0.0,54.15,38.6,0,0.0,0
2014-11-10,2015-01-29,OPTSTK,IGL,450.0,PE,0.0,0.0,0.0,61.4,44.7,0,0.0,0
2014-11-10,2015-01-29,OPTSTK,IGL,460.0,PE,0.0,0.0,0.0,69.05,51.2,0,0.0,0
2014-11-10,2015-01-29,OPTSTK,IGL,470.0,PE,0.0,0.0,0.0,76.95,58.15,0,0.0,0
2014-11-10,2015-01-29,OPTSTK,IGL,480.0,PE,0.0,0.0,0.0,85.2,65.45,0,0.0,0
2014-11-10,2015-01-29,OPTSTK,IGL,490.0,PE,0.0,0.0,0.0,93.65,73.1,0,0.0,0
2014-11-10,2015-01-29,OPTSTK,IGL,500.0,PE,0.0,0.0,0.0,102.35,81.0,0,0.0,0
2014-11-10,2015-01-29,OPTSTK,IGL,510.0,PE,0.0,0.0,0.0,111.2,89.2,0,0.0,0
2014-11-10,2015-01-29,OPTSTK,IGL,520.0,PE,0.0,0.0,0.0,120.2,97.65,0,0.0,0
2014-11-10,2014-11-27,OPTSTK,INDIACEM,75.0,CE,0.0,0.0,0.0,40.1,33.95,0,0.0,0
2014-11-10,2014-11-27,OPTSTK,INDIACEM,80.0,CE,0.0,0.0,0.0,35.75,29.0,0,0.0,0
2014-11-10,2014-11-27,OPTSTK,INDIACEM,85.0,CE,0.0,0.0,0.0,31.6,24.15,0,0.0,0
2014-11-10,2014-11-27,OPTSTK,INDIACEM,90.0,CE,0.0,0.0,0.0,27.7,19.5,0,0.0,0
2014-11-10,2014-11-27,OPTSTK,INDIACEM,95.0,CE,0.0,0.0,0.0,24.1,15.2,0,0.0,0
2014-11-10,2014-11-27,OPTSTK,INDIACEM,100.0,CE,10.0,12.45,10.0,11.25,11.25,2,4.44,66000
2014-11-10,2014-11-27,OPTSTK,INDIACEM,105.0,CE,7.0,7.5,6.8,7.05,7.05,8,17.95,94000
2014-11-10,2014-11-27,OPTSTK,INDIACEM,110.0,CE,8.4,8.5,3.85,4.15,4.15,399,916.83,1268000
2014-11-10,2014-11-27,OPTSTK,INDIACEM,115.0,CE,5.4,5.8,2.25,2.45,2.45,328,775.74,600000
2014-11-10,2014-11-27,OPTSTK,INDIACEM,120.0,CE,3.75,3.75,1.2,1.35,1.35,454,1109.4,766000
2014-11-10,2014-11-27,OPTSTK,INDIACEM,125.0,CE,2.0,2.4,0.75,0.85,0.85,86,217.36,156000
2014-11-10,2014-11-27,OPTSTK,INDIACEM,130.0,CE,1.4,1.55,0.45,0.55,0.55,49,128.17,164000
2014-11-10,2014-11-27,OPTSTK,INDIACEM,135.0,CE,0.5,0.6,0.3,0.35,0.35,10,27.07,78000
2014-11-10,2014-11-27,OPTSTK,INDIACEM,140.0,CE,0.2,0.2,0.2,0.2,0.2,1,2.8,28000
2014-11-10,2014-11-27,OPTSTK,INDIACEM,145.0,CE,0.0,0.0,0.0,4.3,0.15,0,0.0,0
2014-11-10,2014-11-27,OPTSTK,INDIACEM,150.0,CE,0.0,0.0,0.0,0.8,0.1,0,0.0,0
2014-11-10,2014-11-27,OPTSTK,INDIACEM,155.0,CE,0.0,0.0,0.0,1.9,0.05,0,0.0,0
2014-11-10,2014-11-27,OPTSTK,INDIACEM,75.0,PE,0.0,0.0,0.0,0.9,0.05,0,0.0,0
2014-11-10,2014-11-27,OPTSTK,INDIACEM,80.0,PE,0.0,0.0,0.0,1.3,0.1,0,0.0,0
2014-11-10,2014-11-27,OPTSTK,INDIACEM,85.0,PE,0.0,0.0,0.0,1.9,0.2,0,0.0,0
2014-11-10,2014-11-27,OPTSTK,INDIACEM,90.0,PE,0.0,0.0,0.0,0.2,0.55,0,0.0,32000
2014-11-10,2014-11-27,OPTSTK,INDIACEM,95.0,PE,0.5,0.85,0.45,0.85,0.85,9,17.21,46000
2014-11-10,2014-11-27,OPTSTK,INDIACEM,100.0,PE,0.75,1.8,0.7,1.6,1.6,101,204.64,114000
2014-11-10,2014-11-27,OPTSTK,INDIACEM,105.0,PE,1.6,3.4,1.5,3.15,3.15,158,339.85,646000
2014-11-10,2014-11-27,OPTSTK,INDIACEM,110.0,PE,2.9,6.2,2.7,5.5,5.5,234,534.95,562000
2014-11-10,2014-11-27,OPTSTK,INDIACEM,115.0,PE,4.8,9.1,4.8,8.45,8.45,85,207.54,590000
2014-11-10,2014-11-27,OPTSTK,INDIACEM,120.0,PE,6.85,13.1,6.85,12.35,12.35,25,64.79,154000
2014-11-10,2014-11-27,OPTSTK,INDIACEM,125.0,PE,14.45,14.65,14.45,14.6,14.6,4,11.16,2000
2014-11-10,2014-11-27,OPTSTK,INDIACEM,130.0,PE,0.0,0.0,0.0,20.55,21.75,0,0.0,60000
2014-11-10,2014-11-27,OPTSTK,INDIACEM,135.0,PE,0.0,0.0,0.0,24.0,26.35,0,0.0,4000
2014-11-10,2014-11-27,OPTSTK,INDIACEM,140.0,PE,0.0,0.0,0.0,29.5,31.1,0,0.0,0
2014-11-10,2014-11-27,OPTSTK,INDIACEM,145.0,PE,0.0,0.0,0.0,33.45,36.0,0,0.0,0
2014-11-10,2014-11-27,OPTSTK,INDIACEM,150.0,PE,0.0,0.0,0.0,37.6,40.9,0,0.0,0
2014-11-10,2014-11-27,OPTSTK,INDIACEM,155.0,PE,0.0,0.0,0.0,41.85,45.85,0,0.0,0
2014-11-10,2014-12-24,OPTSTK,INDIACEM,75.0,CE,0.0,0.0,0.0,37.7,34.8,0,0.0,0
2014-11-10,2014-12-24,OPTSTK,INDIACEM,80.0,CE,0.0,0.0,0.0,34.0,30.2,0,0.0,0
2014-11-10,2014-12-24,OPTSTK,INDIACEM,85.0,CE,0.0,0.0,0.0,30.5,25.9,0,0.0,0
2014-11-10,2014-12-24,OPTSTK,INDIACEM,90.0,CE,0.0,0.0,0.0,27.3,21.85,0,0.0,0
2014-11-10,2014-12-24,OPTSTK,INDIACEM,95.0,CE,0.0,0.0,0.0,24.35,18.2,0,0.0,0
2014-11-10,2014-12-24,OPTSTK,INDIACEM,100.0,CE,0.0,0.0,0.0,21.65,14.9,0,0.0,0
2014-11-10,2014-12-24,OPTSTK,INDIACEM,105.0,CE,0.0,0.0,0.0,19.25,12.05,0,0.0,0
2014-11-10,2014-12-24,OPTSTK,INDIACEM,110.0,CE,0.0,0.0,0.0,17.05,9.65,0,0.0,0
2014-11-10,2014-12-24,OPTSTK,INDIACEM,115.0,CE,0.0,0.0,0.0,15.05,7.6,0,0.0,0
2014-11-10,2014-12-24,OPTSTK,INDIACEM,120.0,CE,0.0,0.0,0.0,13.3,5.9,0,0.0,0
2014-11-10,2014-12-24,OPTSTK,INDIACEM,125.0,CE,0.0,0.0,0.0,11.7,4.55,0,0.0,0
2014-11-10,2014-12-24,OPTSTK,INDIACEM,130.0,CE,0.0,0.0,0.0,10.3,3.5,0,0.0,0
2014-11-10,2014-12-24,OPTSTK,INDIACEM,135.0,CE,0.0,0.0,0.0,9.05,2.65,0,0.0,0
2014-11-10,2014-12-24,OPTSTK,INDIACEM,140.0,CE,0.0,0.0,0.0,7.95,2.0,0,0.0,0
2014-11-10,2014-12-24,OPTSTK,INDIACEM,145.0,CE,0.0,0.0,0.0,7.0,1.5,0,0.0,0
2014-11-10,2014-12-24,OPTSTK,INDIACEM,150.0,CE,0.0,0.0,0.0,6.1,1.1,0,0.0,0
2014-11-10,2014-12-24,OPTSTK,INDIACEM,155.0,CE,0.0,0.0,0.0,5.35,0.8,0,0.0,0
2014-11-10,2014-12-24,OPTSTK,INDIACEM,75.0,PE,0.0,0.0,0.0,2.95,0.4,0,0.0,0
2014-11-10,2014-12-24,OPTSTK,INDIACEM,80.0,PE,0.0,0.0,0.0,4.15,0.8,0,0.0,0
2014-11-10,2014-12-24,OPTSTK,INDIACEM,85.0,PE,0.0,0.0,0.0,5.55,1.4,0,0.0,0
2014-11-10,2014-12-24,OPTSTK,INDIACEM,90.0,PE,0.0,0.0,0.0,7.25,2.3,0,0.0,0
2014-11-10,2014-12-24,OPTSTK,INDIACEM,95.0,PE,0.0,0.0,0.0,9.2,3.6,0,0.0,0
2014-11-10,2014-12-24,OPTSTK,INDIACEM,100.0,PE,0.0,0.0,0.0,11.4,5.3,0,0.0,0
2014-11-10,2014-12-24,OPTSTK,INDIACEM,105.0,PE,0.0,0.0,0.0,13.85,7.4,0,0.0,0
2014-11-10,2014-12-24,OPTSTK,INDIACEM,110.0,PE,0.0,0.0,0.0,16.55,9.9,0,0.0,0
2014-11-10,2014-12-24,OPTSTK,INDIACEM,115.0,PE,0.0,0.0,0.0,19.45,12.8,0,0.0,0
2014-11-10,2014-12-24,OPTSTK,INDIACEM,120.0,PE,0.0,0.0,0.0,22.55,16.05,0,0.0,0
2014-11-10,2014-12-24,OPTSTK,INDIACEM,125.0,PE,0.0,0.0,0.0,25.9,19.65,0,0.0,0
2014-11-10,2014-12-24,OPTSTK,INDIACEM,130.0,PE,0.0,0.0,0.0,29.35,23.55,0,0.0,0
2014-11-10,2014-12-24,OPTSTK,INDIACEM,135.0,PE,0.0,0.0,0.0,33.0,27.65,0,0.0,0
2014-11-10,2014-12-24,OPTSTK,INDIACEM,140.0,PE,0.0,0.0,0.0,36.8,31.9,0,0.0,0
2014-11-10,2014-12-24,OPTSTK,INDIACEM,145.0,PE,0.0,0.0,0.0,40.7,36.35,0,0.0,0
2014-11-10,2014-12-24,OPTSTK,INDIACEM,150.0,PE,0.0,0.0,0.0,44.75,40.95,0,0.0,0
2014-11-10,2014-12-24,OPTSTK,INDIACEM,155.0,PE,0.0,0.0,0.0,48.9,45.6,0,0.0,0
2014-11-10,2015-01-29,OPTSTK,INDIACEM,75.0,CE,0.0,0.0,0.0,38.0,36.3,0,0.0,0
2014-11-10,2015-01-29,OPTSTK,INDIACEM,80.0,CE,0.0,0.0,0.0,33.8,32.15,0,0.0,0
2014-11-10,2015-01-29,OPTSTK,INDIACEM,85.0,CE,0.0,0.0,0.0,29.8,28.3,0,0.0,0
2014-11-10,2015-01-29,OPTSTK,INDIACEM,90.0,CE,0.0,0.0,0.0,26.1,24.7,0,0.0,0
2014-11-10,2015-01-29,OPTSTK,INDIACEM,95.0,CE,0.0,0.0,0.0,22.75,21.4,0,0.0,0
2014-11-10,2015-01-29,OPTSTK,INDIACEM,100.0,CE,0.0,0.0,0.0,19.65,18.4,0,0.0,0
2014-11-10,2015-01-29,OPTSTK,INDIACEM,105.0,CE,0.0,0.0,0.0,16.9,15.75,0,0.0,0
2014-11-10,2015-01-29,OPTSTK,INDIACEM,110.0,CE,0.0,0.0,0.0,14.45,13.4,0,0.0,0
2014-11-10,2015-01-29,OPTSTK,INDIACEM,115.0,CE,0.0,0.0,0.0,12.25,11.35,0,0.0,0
2014-11-10,2015-01-29,OPTSTK,INDIACEM,120.0,CE,0.0,0.0,0.0,10.35,9.6,0,0.0,0
2014-11-10,2015-01-29,OPTSTK,INDIACEM,125.0,CE,0.0,0.0,0.0,8.75,8.05,0,0.0,0
2014-11-10,2015-01-29,OPTSTK,INDIACEM,130.0,CE,0.0,0.0,0.0,7.35,6.75,0,0.0,0
2014-11-10,2015-01-29,OPTSTK,INDIACEM,135.0,CE,0.0,0.0,0.0,6.15,5.6,0,0.0,0
2014-11-10,2015-01-29,OPTSTK,INDIACEM,140.0,CE,0.0,0.0,0.0,5.1,4.65,0,0.0,0
2014-11-10,2015-01-29,OPTSTK,INDIACEM,145.0,CE,0.0,0.0,0.0,4.25,3.85,0,0.0,0
2014-11-10,2015-01-29,OPTSTK,INDIACEM,150.0,CE,0.0,0.0,0.0,3.5,3.2,0,0.0,0
2014-11-10,2015-01-29,OPTSTK,INDIACEM,155.0,CE,0.0,0.0,0.0,2.9,2.65,0,0.0,0
2014-11-10,2015-01-29,OPTSTK,INDIACEM,75.0,PE,0.0,0.0,0.0,1.1,1.3,0,0.0,0
2014-11-10,2015-01-29,OPTSTK,INDIACEM,80.0,PE,0.0,0.0,0.0,1.8,2.05,0,0.0,0
2014-11-10,2015-01-29,OPTSTK,INDIACEM,85.0,PE,0.0,0.0,0.0,2.75,3.05,0,0.0,0
2014-11-10,2015-01-29,OPTSTK,INDIACEM,90.0,PE,0.0,0.0,0.0,3.95,4.4,0,0.0,0
2014-11-10,2015-01-29,OPTSTK,INDIACEM,95.0,PE,0.0,0.0,0.0,5.45,6.0,0,0.0,0
2014-11-10,2015-01-29,OPTSTK,INDIACEM,100.0,PE,0.0,0.0,0.0,7.25,7.95,0,0.0,0
2014-11-10,2015-01-29,OPTSTK,INDIACEM,105.0,PE,0.0,0.0,0.0,9.35,10.2,0,0.0,0
2014-11-10,2015-01-29,OPTSTK,INDIACEM,110.0,PE,0.0,0.0,0.0,11.8,12.75,0,0.0,0
2014-11-10,2015-01-29,OPTSTK,INDIACEM,115.0,PE,0.0,0.0,0.0,14.55,15.6,0,0.0,0
2014-11-10,2015-01-29,OPTSTK,INDIACEM,120.0,PE,0.0,0.0,0.0,17.55,18.7,0,0.0,0
2014-11-10,2015-01-29,OPTSTK,INDIACEM,125.0,PE,0.0,0.0,0.0,20.8,22.1,0,0.0,0
2014-11-10,2015-01-29,OPTSTK,INDIACEM,130.0,PE,0.0,0.0,0.0,24.25,25.65,0,0.0,0
2014-11-10,2015-01-29,OPTSTK,INDIACEM,135.0,PE,0.0,0.0,0.0,27.95,29.45,0,0.0,0
2014-11-10,2015-01-29,OPTSTK,INDIACEM,140.0,PE,0.0,0.0,0.0,31.85,33.4,0,0.0,0
2014-11-10,2015-01-29,OPTSTK,INDIACEM,145.0,PE,0.0,0.0,0.0,35.85,37.5,0,0.0,0
2014-11-10,2015-01-29,OPTSTK,INDIACEM,150.0,PE,0.0,0.0,0.0,40.05,41.75,0,0.0,0
2014-11-10,2015-01-29,OPTSTK,INDIACEM,155.0,PE,0.0,0.0,0.0,44.3,46.1,0,0.0,0
2014-11-10,2014-11-27,OPTSTK,INDUSINDBK,390.0,CE,0.0,0.0,0.0,203.75,336.05,0,0.0,0
2014-11-10,2014-11-27,OPTSTK,INDUSINDBK,400.0,CE,0.0,0.0,0.0,194.0,326.1,0,0.0,0
2014-11-10,2014-11-27,OPTSTK,INDUSINDBK,410.0,CE,0.0,0.0,0.0,184.25,316.15,0,0.0,0
2014-11-10,2014-11-27,OPTSTK,INDUSINDBK,420.0,CE,0.0,0.0,0.0,174.5,306.2,0,0.0,0
2014-11-10,2014-11-27,OPTSTK,INDUSINDBK,430.0,CE,0.0,0.0,0.0,164.75,296.2,0,0.0,0
2014-11-10,2014-11-27,OPTSTK,INDUSINDBK,440.0,CE,0.0,0.0,0.0,260.0,286.25,0,0.0,1000
2014-11-10,2014-11-27,OPTSTK,INDUSINDBK,450.0,CE,0.0,0.0,0.0,145.45,276.3,0,0.0,0
2014-11-10,2014-11-27,OPTSTK,INDUSINDBK,460.0,CE,0.0,0.0,0.0,135.9,266.35,0,0.0,0
2014-11-10,2014-11-27,OPTSTK,INDUSINDBK,470.0,CE,0.0,0.0,0.0,126.45,256.35,0,0.0,0
2014-11-10,2014-11-27,OPTSTK,INDUSINDBK,480.0,CE,0.0,0.0,0.0,117.1,246.4,0,0.0,0
2014-11-10,2014-11-27,OPTSTK,INDUSINDBK,490.0,CE,0.0,0.0,0.0,108.0,236.45,0,0.0,0
2014-11-10,2014-11-27,OPTSTK,INDUSINDBK,500.0,CE,0.0,0.0,0.0,99.05,226.5,0,0.0,0
2014-11-10,2014-11-27,OPTSTK,INDUSINDBK,510.0,CE,0.0,0.0,0.0,90.4,216.55,0,0.0,0
2014-11-10,2014-11-27,OPTSTK,INDUSINDBK,520.0,CE,0.0,0.0,0.0,82.05,206.55,0,0.0,0
2014-11-10,2014-11-27,OPTSTK,INDUSINDBK,530.0,CE,0.0,0.0,0.0,74.0,196.6,0,0.0,0
2014-11-10,2014-11-27,OPTSTK,INDUSINDBK,540.0,CE,0.0,0.0,0.0,66.4,186.65,0,0.0,0
2014-11-10,2014-11-27,OPTSTK,INDUSINDBK,550.0,CE,0.0,0.0,0.0,59.2,176.7,0,0.0,0
2014-11-10,2014-11-27,OPTSTK,INDUSINDBK,560.0,CE,0.0,0.0,0.0,137.0,166.75,0,0.0,19000
2014-11-10,2014-11-27,OPTSTK,INDUSINDBK,570.0,CE,0.0,0.0,0.0,46.15,156.75,0,0.0,0
2014-11-10,2014-11-27,OPTSTK,INDUSINDBK,580.0,CE,0.0,0.0,0.0,40.35,146.8,0,0.0,0
2014-11-10,2014-11-27,OPTSTK,INDUSINDBK,590.0,CE,0.0,0.0,0.0,35.1,136.85,0,0.0,0
2014-11-10,2014-11-27,OPTSTK,INDUSINDBK,600.0,CE,0.0,0.0,0.0,30.3,126.9,0,0.0,0
2014-11-10,2014-11-27,OPTSTK,INDUSINDBK,610.0,CE,0.0,0.0,0.0,26.0,116.95,0,0.0,0
2014-11-10,2014-11-27,OPTSTK,INDUSINDBK,620.0,CE,0.0,0.0,0.0,85.0,107.05,0,0.0,13000
2014-11-10,2014-11-27,OPTSTK,INDUSINDBK,630.0,CE,0.0,0.0,0.0,27.0,97.2,0,0.0,3000
2014-11-10,2014-11-27,OPTSTK,INDUSINDBK,640.0,CE,0.0,0.0,0.0,75.0,87.4,0,0.0,2000
2014-11-10,2014-11-27,OPTSTK,INDUSINDBK,650.0,CE,0.0,0.0,0.0,67.0,77.75,0,0.0,4000
2014-11-10,2014-11-27,OPTSTK,INDUSINDBK,660.0,CE,0.0,0.0,0.0,24.25,68.35,0,0.0,2500
2014-11-10,2014-11-27,OPTSTK,INDUSINDBK,670.0,CE,0.0,0.0,0.0,64.4,59.25,0,0.0,1500
2014-11-10,2014-11-27,OPTSTK,INDUSINDBK,680.0,CE,0.0,0.0,0.0,25.55,50.55,0,0.0,2500
2014-11-10,2014-11-27,OPTSTK,INDUSINDBK,690.0,CE,38.9,38.9,38.9,38.9,38.9,2,7.28,8500
2014-11-10,2014-11-27,OPTSTK,INDUSINDBK,700.0,CE,0.0,0.0,0.0,37.8,34.9,0,0.0,27000
2014-11-10,2014-11-27,OPTSTK,INDUSINDBK,710.0,CE,26.7,26.7,26.7,26.7,26.7,2,7.36,11000
2014-11-10,2014-11-27,OPTSTK,INDUSINDBK,720.0,CE,24.5,24.5,19.2,20.4,20.4,18,66.76,25500
2014-11-10,2014-11-27,OPTSTK,INDUSINDBK,730.0,CE,20.3,20.7,14.4,15.5,15.5,68,254.12,42000
2014-11-10,2014-11-27,OPTSTK,INDUSINDBK,740.0,CE,13.6,14.05,10.3,11.2,11.2,77,289.61,100000
2014-11-10,2014-11-27,OPTSTK,INDUSINDBK,750.0,CE,10.05,10.45,7.5,7.8,7.8,21,79.65,88000
2014-11-10,2014-11-27,OPTSTK,INDUSINDBK,760.0,CE,6.2,6.2,4.8,5.3,5.3,15,57.42,34500
2014-11-10,2014-11-27,OPTSTK,INDUSINDBK,770.0,CE,3.5,4.55,3.4,3.65,3.65,10,38.68,20000
2014-11-10,2014-11-27,OPTSTK,INDUSINDBK,780.0,CE,2.8,2.8,2.45,2.45,2.45,3,11.74,1500
2014-11-10,2014-11-27,OPTSTK,INDUSINDBK,790.0,CE,0.0,0.0,0.0,0.6,2.25,0,0.0,0
2014-11-10,2014-11-27,OPTSTK,INDUSINDBK,800.0,CE,0.0,0.0,0.0,7.5,1.45,0,0.0,0
2014-11-10,2014-11-27,OPTSTK,INDUSINDBK,810.0,CE,0.0,0.0,0.0,1.75,0.95,0,0.0,0
2014-11-10,2014-11-27,OPTSTK,INDUSINDBK,820.0,CE,0.0,0.0,0.0,1.35,0.6,0,0.0,0
2014-11-10,2014-11-27,OPTSTK,INDUSINDBK,830.0,CE,0.0,0.0,0.0,1.25,0.35,0,0.0,0
2014-11-10,2014-11-27,OPTSTK,INDUSINDBK,390.0,PE,0.0,0.0,0.0,0.05,0.0,0,0.0,0
2014-11-10,2014-11-27,OPTSTK,INDUSINDBK,400.0,PE,0.0,0.0,0.0,0.05,0.0,0,0.0,0
2014-11-10,2014-11-27,OPTSTK,INDUSINDBK,410.0,PE,0.0,0.0,0.0,0.05,0.0,0,0.0,0
2014-11-10,2014-11-27,OPTSTK,INDUSINDBK,420.0,PE,0.0,0.0,0.0,0.1,0.0,0,0.0,0
2014-11-10,2014-11-27,OPTSTK,INDUSINDBK,430.0,PE,0.0,0.0,0.0,0.15,0.0,0,0.0,0
2014-11-10,2014-11-27,OPTSTK,INDUSINDBK,440.0,PE,0.0,0.0,0.0,0.25,0.0,0,0.0,0
2014-11-10,2014-11-27,OPTSTK,INDUSINDBK,450.0,PE,0.0,0.0,0.0,0.4,0.0,0,0.0,0
2014-11-10,2014-11-27,OPTSTK,INDUSINDBK,460.0,PE,0.0,0.0,0.0,0.65,0.0,0,0.0,0
2014-11-10,2014-11-27,OPTSTK,INDUSINDBK,470.0,PE,0.0,0.0,0.0,1.0,0.0,0,0.0,0
2014-11-10,2014-11-27,OPTSTK,INDUSINDBK,480.0,PE,0.0,0.0,0.0,1.45,0.0,0,0.0,0
2014-11-10,2014-11-27,OPTSTK,INDUSINDBK,490.0,PE,0.0,0.0,0.0,2.1,0.0,0,0.0,0
2014-11-10,2014-11-27,OPTSTK,INDUSINDBK,500.0,PE,0.0,0.0,0.0,3.0,0.0,0,0.0,0
2014-11-10,2014-11-27,OPTSTK,INDUSINDBK,510.0,PE,0.0,0.0,0.0,4.1,0.0,0,0.0,0
2014-11-10,2014-11-27,OPTSTK,INDUSINDBK,520.0,PE,0.0,0.0,0.0,5.55,0.0,0,0.0,0
2014-11-10,2014-11-27,OPTSTK,INDUSINDBK,530.0,PE,0.0,0.0,0.0,7.3,0.0,0,0.0,0
2014-11-10,2014-11-27,OPTSTK,INDUSINDBK,540.0,PE,0.0,0.0,0.0,9.45,0.0,0,0.0,0
2014-11-10,2014-11-27,OPTSTK,INDUSINDBK,550.0,PE,0.0,0.0,0.0,12.05,0.0,0,0.0,0
2014-11-10,2014-11-27,OPTSTK,INDUSINDBK,560.0,PE,0.0,0.0,0.0,15.1,0.0,0,0.0,0
2014-11-10,2014-11-27,OPTSTK,INDUSINDBK,570.0,PE,0.0,0.0,0.0,18.6,0.0,0,0.0,0
2014-11-10,2014-11-27,OPTSTK,INDUSINDBK,580.0,PE,0.0,0.0,0.0,22.6,0.0,0,0.0,0
2014-11-10,2014-11-27,OPTSTK,INDUSINDBK,590.0,PE,0.0,0.0,0.0,27.1,0.05,0,0.0,0
2014-11-10,2014-11-27,OPTSTK,INDUSINDBK,600.0,PE,0.0,0.0,0.0,2.0,0.05,0,0.0,3500
2014-11-10,2014-11-27,OPTSTK,INDUSINDBK,610.0,PE,0.0,0.0,0.0,37.6,0.05,0,0.0,0
2014-11-10,2014-11-27,OPTSTK,INDUSINDBK,620.0,PE,0.0,0.0,0.0,2.35,0.1,0,0.0,12000
2014-11-10,2014-11-27,OPTSTK,INDUSINDBK,630.0,PE,0.0,0.0,0.0,19.7,0.2,0,0.0,1000
2014-11-10,2014-11-27,OPTSTK,INDUSINDBK,640.0,PE,0.0,0.0,0.0,3.0,0.4,0,0.0,2000
2014-11-10,2014-11-27,OPTSTK,INDUSINDBK,650.0,PE,0.0,0.0,0.0,1.75,0.7,0,0.0,2500
2014-11-10,2014-11-27,OPTSTK,INDUSINDBK,660.0,PE,0.0,0.0,0.0,1.4,1.25,0,0.0,20000
2014-11-10,2014-11-27,OPTSTK,INDUSINDBK,670.0,PE,1.9,1.9,1.9,1.9,1.9,1,3.35,16000
2014-11-10,2014-11-27,OPTSTK,INDUSINDBK,680.0,PE,0.0,0.0,0.0,3.5,3.35,0,0.0,17000
2014-11-10,2014-11-27,OPTSTK,INDUSINDBK,690.0,PE,4.6,4.8,4.1,4.6,4.6,8,27.77,42500
2014-11-10,2014-11-27,OPTSTK,INDUSINDBK,700.0,PE,6.3,7.85,5.6,6.8,6.8,30,105.98,121500
2014-11-10,2014-11-27,OPTSTK,INDUSINDBK,710.0,PE,9.5,10.15,8.7,8.9,8.9,13,46.74,31000
2014-11-10,2014-11-27,OPTSTK,INDUSINDBK,720.0,PE,11.0,14.85,11.0,12.35,12.35,37,135.44,26500
2014-11-10,2014-11-27,OPTSTK,INDUSINDBK,730.0,PE,16.6,18.75,15.25,16.95,16.95,15,56.0,7500
2014-11-10,2014-11-27,OPTSTK,INDUSINDBK,740.0,PE,0.0,0.0,0.0,26.55,25.55,0,0.0,1500
2014-11-10,2014-11-27,OPTSTK,INDUSINDBK,750.0,PE,0.0,0.0,0.0,40.95,32.1,0,0.0,2000
2014-11-10,2014-11-27,OPTSTK,INDUSINDBK,760.0,PE,0.0,0.0,0.0,159.7,39.4,0,0.0,0
2014-11-10,2014-11-27,OPTSTK,INDUSINDBK,770.0,PE,0.0,0.0,0.0,169.2,47.3,0,0.0,0
2014-11-10,2014-11-27,OPTSTK,INDUSINDBK,780.0,PE,0.0,0.0,0.0,178.75,55.75,0,0.0,0
2014-11-10,2014-11-27,OPTSTK,INDUSINDBK,790.0,PE,0.0,0.0,0.0,188.4,64.6,0,0.0,0
2014-11-10,2014-11-27,OPTSTK,INDUSINDBK,800.0,PE,0.0,0.0,0.0,178.4,73.8,0,0.0,0
2014-11-10,2014-11-27,OPTSTK,INDUSINDBK,810.0,PE,0.0,0.0,0.0,187.8,83.25,0,0.0,0
2014-11-10,2014-11-27,OPTSTK,INDUSINDBK,820.0,PE,0.0,0.0,0.0,188.2,92.85,0,0.0,0
2014-11-10,2014-11-27,OPTSTK,INDUSINDBK,830.0,PE,0.0,0.0,0.0,181.75,102.6,0,0.0,0
2014-11-10,2014-12-24,OPTSTK,INDUSINDBK,410.0,CE,0.0,0.0,0.0,210.5,318.8,0,0.0,0
2014-11-10,2014-12-24,OPTSTK,INDUSINDBK,420.0,CE,0.0,0.0,0.0,200.75,308.9,0,0.0,0
2014-11-10,2014-12-24,OPTSTK,INDUSINDBK,430.0,CE,0.0,0.0,0.0,191.0,299.0,0,0.0,0
2014-11-10,2014-12-24,OPTSTK,INDUSINDBK,440.0,CE,0.0,0.0,0.0,181.25,289.15,0,0.0,0
2014-11-10,2014-12-24,OPTSTK,INDUSINDBK,450.0,CE,0.0,0.0,0.0,171.55,279.25,0,0.0,0
2014-11-10,2014-12-24,OPTSTK,INDUSINDBK,460.0,CE,0.0,0.0,0.0,161.85,269.35,0,0.0,0
2014-11-10,2014-12-24,OPTSTK,INDUSINDBK,470.0,CE,0.0,0.0,0.0,152.25,259.45,0,0.0,0
2014-11-10,2014-12-24,OPTSTK,INDUSINDBK,480.0,CE,0.0,0.0,0.0,142.7,249.55,0,0.0,0
2014-11-10,2014-12-24,OPTSTK,INDUSINDBK,490.0,CE,0.0,0.0,0.0,133.25,239.65,0,0.0,0
2014-11-10,2014-12-24,OPTSTK,INDUSINDBK,500.0,CE,0.0,0.0,0.0,123.9,229.75,0,0.0,0
2014-11-10,2014-12-24,OPTSTK,INDUSINDBK,510.0,CE,0.0,0.0,0.0,114.75,219.85,0,0.0,0
2014-11-10,2014-12-24,OPTSTK,INDUSINDBK,520.0,CE,0.0,0.0,0.0,105.75,209.95,0,0.0,0
2014-11-10,2014-12-24,OPTSTK,INDUSINDBK,530.0,CE,0.0,0.0,0.0,97.05,200.1,0,0.0,0
2014-11-10,2014-12-24,OPTSTK,INDUSINDBK,540.0,CE,0.0,0.0,0.0,88.6,190.2,0,0.0,0
2014-11-10,2014-12-24,OPTSTK,INDUSINDBK,550.0,CE,0.0,0.0,0.0,80.45,180.35,0,0.0,0
2014-11-10,2014-12-24,OPTSTK,INDUSINDBK,560.0,CE,0.0,0.0,0.0,72.7,170.45,0,0.0,0
2014-11-10,2014-12-24,OPTSTK,INDUSINDBK,570.0,CE,0.0,0.0,0.0,65.3,160.65,0,0.0,0
2014-11-10,2014-12-24,OPTSTK,INDUSINDBK,580.0,CE,0.0,0.0,0.0,58.3,150.85,0,0.0,0
2014-11-10,2014-12-24,OPTSTK,INDUSINDBK,590.0,CE,0.0,0.0,0.0,51.8,141.1,0,0.0,0
2014-11-10,2014-12-24,OPTSTK,INDUSINDBK,600.0,CE,0.0,0.0,0.0,45.75,131.45,0,0.0,0
2014-11-10,2014-12-24,OPTSTK,INDUSINDBK,610.0,CE,0.0,0.0,0.0,40.15,121.9,0,0.0,0
2014-11-10,2014-12-24,OPTSTK,INDUSINDBK,620.0,CE,0.0,0.0,0.0,35.05,112.5,0,0.0,0
2014-11-10,2014-12-24,OPTSTK,INDUSINDBK,630.0,CE,0.0,0.0,0.0,30.4,103.3,0,0.0,0
2014-11-10,2014-12-24,OPTSTK,INDUSINDBK,640.0,CE,0.0,0.0,0.0,26.25,94.3,0,0.0,0
2014-11-10,2014-12-24,OPTSTK,INDUSINDBK,650.0,CE,0.0,0.0,0.0,22.5,85.55,0,0.0,0
2014-11-10,2014-12-24,OPTSTK,INDUSINDBK,660.0,CE,0.0,0.0,0.0,19.15,77.15,0,0.0,0
2014-11-10,2014-12-24,OPTSTK,INDUSINDBK,670.0,CE,0.0,0.0,0.0,16.25,69.1,0,0.0,0
2014-11-10,2014-12-24,OPTSTK,INDUSINDBK,680.0,CE,0.0,0.0,0.0,13.75,61.5,0,0.0,0
2014-11-10,2014-12-24,OPTSTK,INDUSINDBK,690.0,CE,0.0,0.0,0.0,11.5,54.3,0,0.0,0
2014-11-10,2014-12-24,OPTSTK,INDUSINDBK,700.0,CE,0.0,0.0,0.0,9.6,47.6,0,0.0,0
2014-11-10,2014-12-24,OPTSTK,INDUSINDBK,710.0,CE,0.0,0.0,0.0,7.95,41.45,0,0.0,0
2014-11-10,2014-12-24,OPTSTK,INDUSINDBK,720.0,CE,0.0,0.0,0.0,6.55,35.8,0,0.0,0
2014-11-10,2014-12-24,OPTSTK,INDUSINDBK,730.0,CE,0.0,0.0,0.0,5.4,30.65,0,0.0,0
2014-11-10,2014-12-24,OPTSTK,INDUSINDBK,740.0,CE,0.0,0.0,0.0,4.4,26.05,0,0.0,0
2014-11-10,2014-12-24,OPTSTK,INDUSINDBK,750.0,CE,0.0,0.0,0.0,3.6,21.95,0,0.0,0
2014-11-10,2014-12-24,OPTSTK,INDUSINDBK,760.0,CE,0.0,0.0,0.0,2.9,18.4,0,0.0,0
2014-11-10,2014-12-24,OPTSTK,INDUSINDBK,770.0,CE,0.0,0.0,0.0,2.35,15.25,0,0.0,0
2014-11-10,2014-12-24,OPTSTK,INDUSINDBK,780.0,CE,0.0,0.0,0.0,1.9,12.6,0,0.0,0
2014-11-10,2014-12-24,OPTSTK,INDUSINDBK,790.0,CE,0.0,0.0,0.0,1.5,10.25,0,0.0,0
2014-11-10,2014-12-24,OPTSTK,INDUSINDBK,800.0,CE,0.0,0.0,0.0,1.2,8.35,0,0.0,0
2014-11-10,2014-12-24,OPTSTK,INDUSINDBK,810.0,CE,0.0,0.0,0.0,0.95,6.7,0,0.0,0
2014-11-10,2014-12-24,OPTSTK,INDUSINDBK,820.0,CE,0.0,0.0,0.0,1.25,5.35,0,0.0,0
2014-11-10,2014-12-24,OPTSTK,INDUSINDBK,830.0,CE,0.0,0.0,0.0,0.8,4.25,0,0.0,0
2014-11-10,2014-12-24,OPTSTK,INDUSINDBK,410.0,PE,0.0,0.0,0.0,0.05,0.0,0,0.0,0
2014-11-10,2014-12-24,OPTSTK,INDUSINDBK,420.0,PE,0.0,0.0,0.0,0.05,0.0,0,0.0,0
2014-11-10,2014-12-24,OPTSTK,INDUSINDBK,430.0,PE,0.0,0.0,0.0,0.05,0.0,0,0.0,0
2014-11-10,2014-12-24,OPTSTK,INDUSINDBK,440.0,PE,0.0,0.0,0.0,0.1,0.0,0,0.0,0
2014-11-10,2014-12-24,OPTSTK,INDUSINDBK,450.0,PE,0.0,0.0,0.0,0.2,0.0,0,0.0,0
2014-11-10,2014-12-24,OPTSTK,INDUSINDBK,460.0,PE,0.0,0.0,0.0,0.3,0.0,0,0.0,0
2014-11-10,2014-12-24,OPTSTK,INDUSINDBK,470.0,PE,0.0,0.0,0.0,0.45,0.0,0,0.0,0
2014-11-10,2014-12-24,OPTSTK,INDUSINDBK,480.0,PE,0.0,0.0,0.0,0.65,0.0,0,0.0,0
2014-11-10,2014-12-24,OPTSTK,INDUSINDBK,490.0,PE,0.0,0.0,0.0,1.0,0.0,0,0.0,0
2014-11-10,2014-12-24,OPTSTK,INDUSINDBK,500.0,PE,0.0,0.0,0.0,1.45,0.0,0,0.0,0
2014-11-10,2014-12-24,OPTSTK,INDUSINDBK,510.0,PE,0.0,0.0,0.0,2.05,0.0,0,0.0,0
2014-11-10,2014-12-24,OPTSTK,INDUSINDBK,520.0,PE,0.0,0.0,0.0,2.9,0.05,0,0.0,0
2014-11-10,2014-12-24,OPTSTK,INDUSINDBK,530.0,PE,0.0,0.0,0.0,3.95,0.05,0,0.0,0
2014-11-10,2014-12-24,OPTSTK,INDUSINDBK,540.0,PE,0.0,0.0,0.0,5.25,0.05,0,0.0,0
2014-11-10,2014-12-24,OPTSTK,INDUSINDBK,550.0,PE,0.0,0.0,0.0,6.9,0.05,0,0.0,0
2014-11-10,2014-12-24,OPTSTK,INDUSINDBK,560.0,PE,0.0,0.0,0.0,8.95,0.1,0,0.0,0
2014-11-10,2014-12-24,OPTSTK,INDUSINDBK,570.0,PE,0.0,0.0,0.0,11.35,0.2,0,0.0,0
2014-11-10,2014-12-24,OPTSTK,INDUSINDBK,580.0,PE,0.0,0.0,0.0,14.1,0.3,0,0.0,0
2014-11-10,2014-12-24,OPTSTK,INDUSINDBK,590.0,PE,0.0,0.0,0.0,17.4,0.45,0,0.0,0
2014-11-10,2014-12-24,OPTSTK,INDUSINDBK,600.0,PE,0.0,0.0,0.0,21.1,0.7,0,0.0,0
2014-11-10,2014-12-24,OPTSTK,INDUSINDBK,610.0,PE,0.0,0.0,0.0,25.3,1.05,0,0.0,0
2014-11-10,2014-12-24,OPTSTK,INDUSINDBK,620.0,PE,0.0,0.0,0.0,30.0,1.55,0,0.0,0
2014-11-10,2014-12-24,OPTSTK,INDUSINDBK,630.0,PE,0.0,0.0,0.0,35.1,2.2,0,0.0,0
2014-11-10,2014-12-24,OPTSTK,INDUSINDBK,640.0,PE,0.0,0.0,0.0,40.7,3.1,0,0.0,0
2014-11-10,2014-12-24,OPTSTK,INDUSINDBK,650.0,PE,0.0,0.0,0.0,46.75,4.25,0,0.0,0
2014-11-10,2014-12-24,OPTSTK,INDUSINDBK,660.0,PE,0.0,0.0,0.0,53.25,5.75,0,0.0,0
2014-11-10,2014-12-24,OPTSTK,INDUSINDBK,670.0,PE,0.0,0.0,0.0,60.1,7.6,0,0.0,0
2014-11-10,2014-12-24,OPTSTK,INDUSINDBK,680.0,PE,0.0,0.0,0.0,67.35,9.9,0,0.0,0
2014-11-10,2014-12-24,OPTSTK,INDUSINDBK,690.0,PE,0.0,0.0,0.0,74.9,12.6,0,0.0,0
2014-11-10,2014-12-24,OPTSTK,INDUSINDBK,700.0,PE,0.0,0.0,0.0,82.8,15.8,0,0.0,0
2014-11-10,2014-12-24,OPTSTK,INDUSINDBK,710.0,PE,0.0,0.0,0.0,90.95,19.5,0,0.0,0
2014-11-10,2014-12-24,OPTSTK,INDUSINDBK,720.0,PE,0.0,0.0,0.0,99.3,23.75,0,0.0,0
2014-11-10,2014-12-24,OPTSTK,INDUSINDBK,730.0,PE,0.0,0.0,0.0,107.95,28.5,0,0.0,0
2014-11-10,2014-12-24,OPTSTK,INDUSINDBK,740.0,PE,0.0,0.0,0.0,116.75,33.8,0,0.0,0
2014-11-10,2014-12-24,OPTSTK,INDUSINDBK,750.0,PE,0.0,0.0,0.0,125.7,39.6,0,0.0,0
2014-11-10,2014-12-24,OPTSTK,INDUSINDBK,760.0,PE,0.0,0.0,0.0,134.8,45.9,0,0.0,0
2014-11-10,2014-12-24,OPTSTK,INDUSINDBK,770.0,PE,0.0,0.0,0.0,144.0,52.7,0,0.0,0
2014-11-10,2014-12-24,OPTSTK,INDUSINDBK,780.0,PE,0.0,0.0,0.0,153.3,59.9,0,0.0,0
2014-11-10,2014-12-24,OPTSTK,INDUSINDBK,790.0,PE,0.0,0.0,0.0,162.75,67.5,0,0.0,0
2014-11-10,2014-12-24,OPTSTK,INDUSINDBK,800.0,PE,0.0,0.0,0.0,172.2,75.45,0,0.0,0
2014-11-10,2014-12-24,OPTSTK,INDUSINDBK,810.0,PE,0.0,0.0,0.0,181.75,83.7,0,0.0,0
2014-11-10,2014-12-24,OPTSTK,INDUSINDBK,820.0,PE,0.0,0.0,0.0,179.55,92.25,0,0.0,0
2014-11-10,2014-12-24,OPTSTK,INDUSINDBK,830.0,PE,0.0,0.0,0.0,188.5,101.05,0,0.0,0
2014-11-10,2015-01-29,OPTSTK,INDUSINDBK,510.0,CE,0.0,0.0,0.0,211.6,224.3,0,0.0,0
2014-11-10,2015-01-29,OPTSTK,INDUSINDBK,520.0,CE,0.0,0.0,0.0,201.95,214.5,0,0.0,0
2014-11-10,2015-01-29,OPTSTK,INDUSINDBK,530.0,CE,0.0,0.0,0.0,192.4,204.8,0,0.0,0
2014-11-10,2015-01-29,OPTSTK,INDUSINDBK,540.0,CE,0.0,0.0,0.0,182.85,195.1,0,0.0,0
2014-11-10,2015-01-29,OPTSTK,INDUSINDBK,550.0,CE,0.0,0.0,0.0,173.45,185.45,0,0.0,0
2014-11-10,2015-01-29,OPTSTK,INDUSINDBK,560.0,CE,0.0,0.0,0.0,164.1,175.85,0,0.0,0
2014-11-10,2015-01-29,OPTSTK,INDUSINDBK,570.0,CE,0.0,0.0,0.0,154.9,166.35,0,0.0,0
2014-11-10,2015-01-29,OPTSTK,INDUSINDBK,580.0,CE,0.0,0.0,0.0,145.85,156.95,0,0.0,0
2014-11-10,2015-01-29,OPTSTK,INDUSINDBK,590.0,CE,0.0,0.0,0.0,136.95,147.65,0,0.0,0
2014-11-10,2015-01-29,OPTSTK,INDUSINDBK,600.0,CE,0.0,0.0,0.0,128.25,138.5,0,0.0,0
2014-11-10,2015-01-29,OPTSTK,INDUSINDBK,610.0,CE,0.0,0.0,0.0,119.8,129.55,0,0.0,0
2014-11-10,2015-01-29,OPTSTK,INDUSINDBK,620.0,CE,0.0,0.0,0.0,111.55,120.75,0,0.0,0
2014-11-10,2015-01-29,OPTSTK,INDUSINDBK,630.0,CE,0.0,0.0,0.0,103.55,112.2,0,0.0,0
2014-11-10,2015-01-29,OPTSTK,INDUSINDBK,640.0,CE,0.0,0.0,0.0,95.85,103.9,0,0.0,0
2014-11-10,2015-01-29,OPTSTK,INDUSINDBK,650.0,CE,0.0,0.0,0.0,88.45,95.85,0,0.0,0
2014-11-10,2015-01-29,OPTSTK,INDUSINDBK,660.0,CE,0.0,0.0,0.0,81.35,88.15,0,0.0,0
2014-11-10,2015-01-29,OPTSTK,INDUSINDBK,670.0,CE,0.0,0.0,0.0,74.6,80.75,0,0.0,0
2014-11-10,2015-01-29,OPTSTK,INDUSINDBK,680.0,CE,0.0,0.0,0.0,68.2,73.7,0,0.0,0
2014-11-10,2015-01-29,OPTSTK,INDUSINDBK,690.0,CE,0.0,0.0,0.0,62.1,66.95,0,0.0,0
2014-11-10,2015-01-29,OPTSTK,INDUSINDBK,700.0,CE,0.0,0.0,0.0,56.4,60.65,0,0.0,0
2014-11-10,2015-01-29,OPTSTK,INDUSINDBK,710.0,CE,0.0,0.0,0.0,51.1,54.7,0,0.0,0
2014-11-10,2015-01-29,OPTSTK,INDUSINDBK,720.0,CE,0.0,0.0,0.0,46.1,49.15,0,0.0,0
2014-11-10,2015-01-29,OPTSTK,INDUSINDBK,730.0,CE,0.0,0.0,0.0,41.5,44.0,0,0.0,0
2014-11-10,2015-01-29,OPTSTK,INDUSINDBK,740.0,CE,0.0,0.0,0.0,37.2,39.2,0,0.0,0
2014-11-10,2015-01-29,OPTSTK,INDUSINDBK,750.0,CE,0.0,0.0,0.0,33.25,34.8,0,0.0,0
2014-11-10,2015-01-29,OPTSTK,INDUSINDBK,760.0,CE,0.0,0.0,0.0,29.65,30.8,0,0.0,0
2014-11-10,2015-01-29,OPTSTK,INDUSINDBK,770.0,CE,0.0,0.0,0.0,26.35,27.15,0,0.0,0
2014-11-10,2015-01-29,OPTSTK,INDUSINDBK,780.0,CE,0.0,0.0,0.0,23.35,23.85,0,0.0,0
2014-11-10,2015-01-29,OPTSTK,INDUSINDBK,790.0,CE,0.0,0.0,0.0,20.6,20.85,0,0.0,0
2014-11-10,2015-01-29,OPTSTK,INDUSINDBK,800.0,CE,0.0,0.0,0.0,18.2,18.15,0,0.0,0
2014-11-10,2015-01-29,OPTSTK,INDUSINDBK,810.0,CE,0.0,0.0,0.0,16.0,15.8,0,0.0,0
2014-11-10,2015-01-29,OPTSTK,INDUSINDBK,820.0,CE,0.0,0.0,0.0,14.0,13.65,0,0.0,0
2014-11-10,2015-01-29,OPTSTK,INDUSINDBK,830.0,CE,0.0,0.0,0.0,12.2,11.8,0,0.0,0
2014-11-10,2015-01-29,OPTSTK,INDUSINDBK,510.0,PE,0.0,0.0,0.0,0.35,0.1,0,0.0,0
2014-11-10,2015-01-29,OPTSTK,INDUSINDBK,520.0,PE,0.0,0.0,0.0,0.5,0.15,0,0.0,0
2014-11-10,2015-01-29,OPTSTK,INDUSINDBK,530.0,PE,0.0,0.0,0.0,0.7,0.25,0,0.0,0
2014-11-10,2015-01-29,OPTSTK,INDUSINDBK,540.0,PE,0.0,0.0,0.0,0.95,0.35,0,0.0,0
2014-11-10,2015-01-29,OPTSTK,INDUSINDBK,550.0,PE,0.0,0.0,0.0,1.35,0.55,0,0.0,0
2014-11-10,2015-01-29,OPTSTK,INDUSINDBK,560.0,PE,0.0,0.0,0.0,1.8,0.75,0,0.0,0
2014-11-10,2015-01-29,OPTSTK,INDUSINDBK,570.0,PE,0.0,0.0,0.0,2.35,1.05,0,0.0,0
2014-11-10,2015-01-29,OPTSTK,INDUSINDBK,580.0,PE,0.0,0.0,0.0,3.1,1.45,0,0.0,0
2014-11-10,2015-01-29,OPTSTK,INDUSINDBK,590.0,PE,0.0,0.0,0.0,4.0,2.0,0,0.0,0
2014-11-10,2015-01-29,OPTSTK,INDUSINDBK,600.0,PE,0.0,0.0,0.0,5.1,2.65,0,0.0,0
2014-11-10,2015-01-29,OPTSTK,INDUSINDBK,610.0,PE,0.0,0.0,0.0,6.4,3.5,0,0.0,0
2014-11-10,2015-01-29,OPTSTK,INDUSINDBK,620.0,PE,0.0,0.0,0.0,7.9,4.5,0,0.0,0
2014-11-10,2015-01-29,OPTSTK,INDUSINDBK,630.0,PE,0.0,0.0,0.0,9.7,5.75,0,0.0,0
2014-11-10,2015-01-29,OPTSTK,INDUSINDBK,640.0,PE,0.0,0.0,0.0,11.8,7.25,0,0.0,0
2014-11-10,2015-01-29,OPTSTK,INDUSINDBK,650.0,PE,0.0,0.0,0.0,14.2,9.05,0,0.0,0
2014-11-10,2015-01-29,OPTSTK,INDUSINDBK,660.0,PE,0.0,0.0,0.0,16.9,11.1,0,0.0,0
2014-11-10,2015-01-29,OPTSTK,INDUSINDBK,670.0,PE,0.0,0.0,0.0,19.9,13.55,0,0.0,0
2014-11-10,2015-01-29,OPTSTK,INDUSINDBK,680.0,PE,0.0,0.0,0.0,23.25,16.3,0,0.0,0
2014-11-10,2015-01-29,OPTSTK,INDUSINDBK,690.0,PE,0.0,0.0,0.0,27.0,19.35,0,0.0,0
2014-11-10,2015-01-29,OPTSTK,INDUSINDBK,700.0,PE,0.0,0.0,0.0,31.05,22.85,0,0.0,0
2014-11-10,2015-01-29,OPTSTK,INDUSINDBK,710.0,PE,0.0,0.0,0.0,35.5,26.75,0,0.0,0
2014-11-10,2015-01-29,OPTSTK,INDUSINDBK,720.0,PE,0.0,0.0,0.0,40.3,31.0,0,0.0,0
2014-11-10,2015-01-29,OPTSTK,INDUSINDBK,730.0,PE,0.0,0.0,0.0,45.45,35.65,0,0.0,0
2014-11-10,2015-01-29,OPTSTK,INDUSINDBK,740.0,PE,0.0,0.0,0.0,51.0,40.7,0,0.0,0
2014-11-10,2015-01-29,OPTSTK,INDUSINDBK,750.0,PE,0.0,0.0,0.0,56.8,46.1,0,0.0,0
2014-11-10,2015-01-29,OPTSTK,INDUSINDBK,760.0,PE,0.0,0.0,0.0,63.0,51.9,0,0.0,0
2014-11-10,2015-01-29,OPTSTK,INDUSINDBK,770.0,PE,0.0,0.0,0.0,69.45,58.05,0,0.0,0
2014-11-10,2015-01-29,OPTSTK,INDUSINDBK,780.0,PE,0.0,0.0,0.0,76.25,64.55,0,0.0,0
2014-11-10,2015-01-29,OPTSTK,INDUSINDBK,790.0,PE,0.0,0.0,0.0,83.3,71.35,0,0.0,0
2014-11-10,2015-01-29,OPTSTK,INDUSINDBK,800.0,PE,0.0,0.0,0.0,90.7,78.5,0,0.0,0
2014-11-10,2015-01-29,OPTSTK,INDUSINDBK,810.0,PE,0.0,0.0,0.0,98.25,85.95,0,0.0,0
2014-11-10,2015-01-29,OPTSTK,INDUSINDBK,820.0,PE,0.0,0.0,0.0,106.05,93.6,0,0.0,0
2014-11-10,2015-01-29,OPTSTK,INDUSINDBK,830.0,PE,0.0,0.0,0.0,114.05,101.55,0,0.0,0
2014-11-10,2014-11-27,OPTSTK,INFY,2600.0,CE,0.0,0.0,0.0,1054.3,1575.8,0,0.0,0
2014-11-10,2014-11-27,OPTSTK,INFY,2650.0,CE,0.0,0.0,0.0,1005.55,1526.0,0,0.0,0
2014-11-10,2014-11-27,OPTSTK,INFY,2700.0,CE,0.0,0.0,0.0,1263.0,1476.2,0,0.0,6000
2014-11-10,2014-11-27,OPTSTK,INFY,2750.0,CE,0.0,0.0,0.0,908.3,1426.35,0,0.0,0
2014-11-10,2014-11-27,OPTSTK,INFY,2800.0,CE,0.0,0.0,0.0,859.95,1376.55,0,0.0,0
2014-11-10,2014-11-27,OPTSTK,INFY,2850.0,CE,0.0,0.0,0.0,811.85,1326.75,0,0.0,0
2014-11-10,2014-11-27,OPTSTK,INFY,2900.0,CE,0.0,0.0,0.0,764.15,1276.95,0,0.0,0
2014-11-10,2014-11-27,OPTSTK,INFY,2950.0,CE,0.0,0.0,0.0,716.85,1227.15,0,0.0,0
2014-11-10,2014-11-27,OPTSTK,INFY,3000.0,CE,0.0,0.0,0.0,670.15,1177.35,0,0.0,0
2014-11-10,2014-11-27,OPTSTK,INFY,3050.0,CE,0.0,0.0,0.0,624.2,1127.55,0,0.0,0
2014-11-10,2014-11-27,OPTSTK,INFY,3100.0,CE,0.0,0.0,0.0,579.15,1077.75,0,0.0,0
2014-11-10,2014-11-27,OPTSTK,INFY,3150.0,CE,0.0,0.0,0.0,535.1,1027.95,0,0.0,0
2014-11-10,2014-11-27,OPTSTK,INFY,3200.0,CE,0.0,0.0,0.0,770.55,978.15,0,0.0,750
2014-11-10,2014-11-27,OPTSTK,INFY,3250.0,CE,0.0,0.0,0.0,450.9,928.35,0,0.0,0
2014-11-10,2014-11-27,OPTSTK,INFY,3300.0,CE,0.0,0.0,0.0,670.0,878.55,0,0.0,5375
2014-11-10,2014-11-27,OPTSTK,INFY,3350.0,CE,0.0,0.0,0.0,372.9,828.8,0,0.0,0
2014-11-10,2014-11-27,OPTSTK,INFY,3400.0,CE,0.0,0.0,0.0,570.0,779.05,0,0.0,250
2014-11-10,2014-11-27,OPTSTK,INFY,3450.0,CE,0.0,0.0,0.0,302.25,729.35,0,0.0,0
2014-11-10,2014-11-27,OPTSTK,INFY,3500.0,CE,0.0,0.0,0.0,338.05,679.75,0,0.0,625
2014-11-10,2014-11-27,OPTSTK,INFY,3550.0,CE,0.0,0.0,0.0,240.1,630.3,0,0.0,0
2014-11-10,2014-11-27,OPTSTK,INFY,3600.0,CE,0.0,0.0,0.0,563.0,581.15,0,0.0,1625
2014-11-10,2014-11-27,OPTSTK,INFY,3650.0,CE,0.0,0.0,0.0,186.7,532.35,0,0.0,0
2014-11-10,2014-11-27,OPTSTK,INFY,3700.0,CE,465.0,480.25,460.1,480.25,480.25,13,67.67,3500
2014-11-10,2014-11-27,OPTSTK,INFY,3750.0,CE,0.0,0.0,0.0,308.5,436.9,0,0.0,750
2014-11-10,2014-11-27,OPTSTK,INFY,3800.0,CE,366.0,386.4,365.0,386.4,386.4,5,26.06,33375
2014-11-10,2014-11-27,OPTSTK,INFY,3850.0,CE,330.0,332.1,316.35,316.9,316.9,5,26.08,7625
2014-11-10,2014-11-27,OPTSTK,INFY,3900.0,CE,289.0,295.0,270.0,295.0,295.0,5,26.14,28375
2014-11-10,2014-11-27,OPTSTK,INFY,3950.0,CE,0.0,0.0,0.0,249.35,263.05,0,0.0,5875
2014-11-10,2014-11-27,OPTSTK,INFY,4000.0,CE,190.0,206.55,179.75,198.0,198.0,62,324.65,61000
2014-11-10,2014-11-27,OPTSTK,INFY,4050.0,CE,170.0,170.0,145.75,158.25,158.25,41,215.41,21625
2014-11-10,2014-11-27,OPTSTK,INFY,4100.0,CE,123.45,131.3,110.0,123.65,123.65,247,1303.14,243375
2014-11-10,2014-11-27,OPTSTK,INFY,4150.0,CE,92.05,99.0,80.6,91.6,91.6,245,1298.17,32125
2014-11-10,2014-11-27,OPTSTK,INFY,4200.0,CE,74.75,75.8,54.35,62.85,62.85,1725,9192.39,328875
2014-11-10,2014-11-27,OPTSTK,INFY,4250.0,CE,48.05,50.0,36.3,42.65,42.65,509,2731.2,20500
2014-11-10,2014-11-27,OPTSTK,INFY,4300.0,CE,37.1,37.1,22.95,27.0,27.0,1730,9358.05,127125
2014-11-10,2014-11-27,OPTSTK,INFY,4350.0,CE,19.9,22.1,14.0,16.5,16.5,382,2085.77,28000
2014-11-10,2014-11-27,OPTSTK,INFY,4400.0,CE,14.15,14.5,8.8,9.9,9.9,585,3226.11,45375
2014-11-10,2014-11-27,OPTSTK,INFY,4450.0,CE,7.95,9.15,5.5,5.9,5.9,31,172.7,9125
2014-11-10,2014-11-27,OPTSTK,INFY,4500.0,CE,6.05,6.05,3.5,3.95,3.95,97,546.19,22000
2014-11-10,2014-11-27,OPTSTK,INFY,4550.0,CE,0.0,0.0,0.0,7.7,16.05,0,0.0,0
2014-11-10,2014-11-27,OPTSTK,INFY,4600.0,CE,0.0,0.0,0.0,6.2,11.5,0,0.0,0
2014-11-10,2014-11-27,OPTSTK,INFY,4650.0,CE,0.0,0.0,0.0,15.65,8.15,0,0.0,0
2014-11-10,2014-11-27,OPTSTK,INFY,2600.0,PE,0.0,0.0,0.0,0.25,0.0,0,0.0,0
2014-11-10,2014-11-27,OPTSTK,INFY,2650.0,PE,0.0,0.0,0.0,0.4,0.0,0,0.0,0
2014-11-10,2014-11-27,OPTSTK,INFY,2700.0,PE,0.0,0.0,0.0,0.65,0.0,0,0.0,0
2014-11-10,2014-11-27,OPTSTK,INFY,2750.0,PE,0.0,0.0,0.0,1.05,0.0,0,0.0,0
2014-11-10,2014-11-27,OPTSTK,INFY,2800.0,PE,0.0,0.0,0.0,1.65,0.0,0,0.0,0
2014-11-10,2014-11-27,OPTSTK,INFY,2850.0,PE,0.0,0.0,0.0,2.5,0.0,0,0.0,0
2014-11-10,2014-11-27,OPTSTK,INFY,2900.0,PE,0.0,0.0,0.0,3.7,0.0,0,0.0,0
2014-11-10,2014-11-27,OPTSTK,INFY,2950.0,PE,0.0,0.0,0.0,5.35,0.0,0,0.0,0
2014-11-10,2014-11-27,OPTSTK,INFY,3000.0,PE,0.0,0.0,0.0,7.6,0.0,0,0.0,0
2014-11-10,2014-11-27,OPTSTK,INFY,3050.0,PE,0.0,0.0,0.0,10.6,0.0,0,0.0,0
2014-11-10,2014-11-27,OPTSTK,INFY,3100.0,PE,0.0,0.0,0.0,14.45,0.0,0,0.0,0
2014-11-10,2014-11-27,OPTSTK,INFY,3150.0,PE,0.0,0.0,0.0,19.35,0.0,0,0.0,0
2014-11-10,2014-11-27,OPTSTK,INFY,3200.0,PE,0.0,0.0,0.0,25.5,0.0,0,0.0,0
2014-11-10,2014-11-27,OPTSTK,INFY,3250.0,PE,0.0,0.0,0.0,33.0,0.05,0,0.0,0
2014-11-10,2014-11-27,OPTSTK,INFY,3300.0,PE,0.0,0.0,0.0,3.45,0.05,0,0.0,2750
2014-11-10,2014-11-27,OPTSTK,INFY,3350.0,PE,0.0,0.0,0.0,52.9,0.05,0,0.0,0
2014-11-10,2014-11-27,OPTSTK,INFY,3400.0,PE,0.6,0.6,0.6,0.6,0.6,2,8.5,250
2014-11-10,2014-11-27,OPTSTK,INFY,3450.0,PE,0.0,0.0,0.0,5.1,0.2,0,0.0,250
2014-11-10,2014-11-27,OPTSTK,INFY,3500.0,PE,1.25,1.5,1.25,1.35,1.35,5,21.88,6375
2014-11-10,2014-11-27,OPTSTK,INFY,3550.0,PE,0.0,0.0,0.0,4.45,0.8,0,0.0,2375
2014-11-10,2014-11-27,OPTSTK,INFY,3600.0,PE,1.35,2.0,0.5,1.1,1.1,40,180.05,19875
2014-11-10,2014-11-27,OPTSTK,INFY,3650.0,PE,0.0,0.0,0.0,6.75,2.45,0,0.0,3000
2014-11-10,2014-11-27,OPTSTK,INFY,3700.0,PE,2.55,3.9,2.4,2.9,2.9,258,1194.14,64750
2014-11-10,2014-11-27,OPTSTK,INFY,3750.0,PE,5.85,6.0,5.0,5.35,5.35,9,42.24,8125
2014-11-10,2014-11-27,OPTSTK,INFY,3800.0,PE,7.0,8.55,5.95,6.1,6.1,190,904.24,109625
2014-11-10,2014-11-27,OPTSTK,INFY,3850.0,PE,9.15,11.35,7.85,8.2,8.2,40,192.97,38500
2014-11-10,2014-11-27,OPTSTK,INFY,3900.0,PE,12.05,15.65,11.1,11.65,11.65,586,2866.47,150250
2014-11-10,2014-11-27,OPTSTK,INFY,3950.0,PE,16.5,21.1,15.4,15.75,15.75,355,1761.15,29625
2014-11-10,2014-11-27,OPTSTK,INFY,4000.0,PE,25.05,29.5,21.15,21.85,21.85,1061,5339.46,191250
2014-11-10,2014-11-27,OPTSTK,INFY,4050.0,PE,28.0,40.35,28.0,30.05,30.05,556,2839.86,41125
2014-11-10,2014-11-27,OPTSTK,INFY,4100.0,PE,47.0,55.8,41.5,42.55,42.55,1148,5955.47,78875
2014-11-10,2014-11-27,OPTSTK,INFY,4150.0,PE,63.45,76.0,57.1,58.55,58.55,647,3409.21,54125
2014-11-10,2014-11-27,OPTSTK,INFY,4200.0,PE,88.0,99.95,77.45,79.25,79.25,462,2478.08,47750
2014-11-10,2014-11-27,OPTSTK,INFY,4250.0,PE,117.0,117.0,117.0,117.0,117.0,1,5.45,500
2014-11-10,2014-11-27,OPTSTK,INFY,4300.0,PE,159.0,161.0,159.0,161.0,161.0,7,39.02,19500
2014-11-10,2014-11-27,OPTSTK,INFY,4350.0,PE,0.0,0.0,0.0,676.7,219.0,0,0.0,0
2014-11-10,2014-11-27,OPTSTK,INFY,4400.0,PE,0.0,0.0,0.0,722.3,256.65,0,0.0,0
2014-11-10,2014-11-27,OPTSTK,INFY,4450.0,PE,0.0,0.0,0.0,768.5,296.65,0,0.0,0
2014-11-10,2014-11-27,OPTSTK,INFY,4500.0,PE,0.0,0.0,0.0,815.15,338.75,0,0.0,0
2014-11-10,2014-11-27,OPTSTK,INFY,4550.0,PE,0.0,0.0,0.0,862.2,382.6,0,0.0,0
2014-11-10,2014-11-27,OPTSTK,INFY,4600.0,PE,0.0,0.0,0.0,909.65,427.85,0,0.0,0
2014-11-10,2014-11-27,OPTSTK,INFY,4650.0,PE,0.0,0.0,0.0,835.95,474.3,0,0.0,0
2014-11-10,2014-12-24,OPTSTK,INFY,2700.0,CE,0.0,0.0,0.0,1050.25,1493.8,0,0.0,0
2014-11-10,2014-12-24,OPTSTK,INFY,2750.0,CE,0.0,0.0,0.0,1001.55,1444.3,0,0.0,0
2014-11-10,2014-12-24,OPTSTK,INFY,2800.0,CE,0.0,0.0,0.0,952.95,1394.85,0,0.0,0
2014-11-10,2014-12-24,OPTSTK,INFY,2850.0,CE,0.0,0.0,0.0,904.55,1345.4,0,0.0,0
2014-11-10,2014-12-24,OPTSTK,INFY,2900.0,CE,0.0,0.0,0.0,856.4,1295.9,0,0.0,0
2014-11-10,2014-12-24,OPTSTK,INFY,2950.0,CE,0.0,0.0,0.0,808.55,1246.45,0,0.0,0
2014-11-10,2014-12-24,OPTSTK,INFY,3000.0,CE,0.0,0.0,0.0,761.05,1197.05,0,0.0,0
2014-11-10,2014-12-24,OPTSTK,INFY,3050.0,CE,0.0,0.0,0.0,714.1,1147.65,0,0.0,0
2014-11-10,2014-12-24,OPTSTK,INFY,3100.0,CE,0.0,0.0,0.0,667.8,1098.3,0,0.0,0
2014-11-10,2014-12-24,OPTSTK,INFY,3150.0,CE,0.0,0.0,0.0,622.25,1049.05,0,0.0,0
2014-11-10,2014-12-24,OPTSTK,INFY,3200.0,CE,0.0,0.0,0.0,577.65,999.9,0,0.0,0
2014-11-10,2014-12-24,OPTSTK,INFY,3250.0,CE,0.0,0.0,0.0,534.1,950.9,0,0.0,0
2014-11-10,2014-12-24,OPTSTK,INFY,3300.0,CE,0.0,0.0,0.0,491.8,902.1,0,0.0,0
2014-11-10,2014-12-24,OPTSTK,INFY,3350.0,CE,0.0,0.0,0.0,450.95,853.55,0,0.0,0
2014-11-10,2014-12-24,OPTSTK,INFY,3400.0,CE,0.0,0.0,0.0,411.65,805.4,0,0.0,0
2014-11-10,2014-12-24,OPTSTK,INFY,3450.0,CE,0.0,0.0,0.0,374.05,757.7,0,0.0,0
2014-11-10,2014-12-24,OPTSTK,INFY,3500.0,CE,0.0,0.0,0.0,338.4,710.55,0,0.0,0
2014-11-10,2014-12-24,OPTSTK,INFY,3550.0,CE,0.0,0.0,0.0,304.45,664.1,0,0.0,0
2014-11-10,2014-12-24,OPTSTK,INFY,3600.0,CE,0.0,0.0,0.0,272.7,618.5,0,0.0,0
2014-11-10,2014-12-24,OPTSTK,INFY,3650.0,CE,0.0,0.0,0.0,243.05,573.9,0,0.0,0
2014-11-10,2014-12-24,OPTSTK,INFY,3700.0,CE,0.0,0.0,0.0,215.6,530.45,0,0.0,0
2014-11-10,2014-12-24,OPTSTK,INFY,3750.0,CE,0.0,0.0,0.0,190.25,488.25,0,0.0,0
2014-11-10,2014-12-24,OPTSTK,INFY,3800.0,CE,0.0,0.0,0.0,167.05,447.55,0,0.0,0
2014-11-10,2014-12-24,OPTSTK,INFY,3850.0,CE,0.0,0.0,0.0,145.95,408.4,0,0.0,0
2014-11-10,2014-12-24,OPTSTK,INFY,3900.0,CE,0.0,0.0,0.0,126.85,371.2,0,0.0,0
2014-11-10,2014-12-24,OPTSTK,INFY,3950.0,CE,0.0,0.0,0.0,109.75,335.45,0,0.0,0
2014-11-10,2014-12-24,OPTSTK,INFY,4000.0,CE,0.0,0.0,0.0,94.45,301.9,0,0.0,0
2014-11-10,2014-12-24,OPTSTK,INFY,4050.0,CE,0.0,0.0,0.0,80.9,270.4,0,0.0,0
2014-11-10,2014-12-24,OPTSTK,INFY,4100.0,CE,0.0,0.0,0.0,69.15,241.05,0,0.0,0
2014-11-10,2014-12-24,OPTSTK,INFY,4150.0,CE,0.0,0.0,0.0,58.55,213.8,0,0.0,0
2014-11-10,2014-12-24,OPTSTK,INFY,4200.0,CE,111.9,112.0,111.9,112.0,112.0,3,16.16,250
2014-11-10,2014-12-24,OPTSTK,INFY,4250.0,CE,0.0,0.0,0.0,41.55,165.65,0,0.0,0
2014-11-10,2014-12-24,OPTSTK,INFY,4300.0,CE,0.0,0.0,0.0,100.0,144.75,0,0.0,125
2014-11-10,2014-12-24,OPTSTK,INFY,4350.0,CE,0.0,0.0,0.0,28.95,125.8,0,0.0,0
2014-11-10,2014-12-24,OPTSTK,INFY,4400.0,CE,0.0,0.0,0.0,24.0,108.8,0,0.0,0
2014-11-10,2014-12-24,OPTSTK,INFY,4450.0,CE,0.0,0.0,0.0,19.8,93.65,0,0.0,0
2014-11-10,2014-12-24,OPTSTK,INFY,4500.0,CE,0.0,0.0,0.0,16.3,80.2,0,0.0,0
2014-11-10,2014-12-24,OPTSTK,INFY,4550.0,CE,0.0,0.0,0.0,13.35,68.6,0,0.0,0
2014-11-10,2014-12-24,OPTSTK,INFY,4600.0,CE,0.0,0.0,0.0,10.85,58.05,0,0.0,0
2014-11-10,2014-12-24,OPTSTK,INFY,4650.0,CE,0.0,0.0,0.0,8.8,49.0,0,0.0,0
2014-11-10,2014-12-24,OPTSTK,INFY,2700.0,PE,0.0,0.0,0.0,0.35,0.0,0,0.0,0
2014-11-10,2014-12-24,OPTSTK,INFY,2750.0,PE,0.0,0.0,0.0,0.6,0.05,0,0.0,0
2014-11-10,2014-12-24,OPTSTK,INFY,2800.0,PE,0.0,0.0,0.0,0.95,0.05,0,0.0,0
2014-11-10,2014-12-24,OPTSTK,INFY,2850.0,PE,0.0,0.0,0.0,1.45,0.05,0,0.0,0
2014-11-10,2014-12-24,OPTSTK,INFY,2900.0,PE,0.0,0.0,0.0,2.15,0.05,0,0.0,0
2014-11-10,2014-12-24,OPTSTK,INFY,2950.0,PE,0.0,0.0,0.0,3.2,0.1,0,0.0,0
2014-11-10,2014-12-24,OPTSTK,INFY,3000.0,PE,0.0,0.0,0.0,4.65,0.15,0,0.0,0
2014-11-10,2014-12-24,OPTSTK,INFY,3050.0,PE,0.0,0.0,0.0,6.6,0.25,0,0.0,0
2014-11-10,2014-12-24,OPTSTK,INFY,3100.0,PE,0.0,0.0,0.0,9.2,0.35,0,0.0,0
2014-11-10,2014-12-24,OPTSTK,INFY,3150.0,PE,0.0,0.0,0.0,12.55,0.6,0,0.0,0
2014-11-10,2014-12-24,OPTSTK,INFY,3200.0,PE,0.0,0.0,0.0,16.85,0.9,0,0.0,0
2014-11-10,2014-12-24,OPTSTK,INFY,3250.0,PE,0.0,0.0,0.0,22.25,1.35,0,0.0,0
2014-11-10,2014-12-24,OPTSTK,INFY,3300.0,PE,0.0,0.0,0.0,28.85,2.05,0,0.0,0
2014-11-10,2014-12-24,OPTSTK,INFY,3350.0,PE,0.0,0.0,0.0,36.9,3.0,0,0.0,0
2014-11-10,2014-12-24,OPTSTK,INFY,3400.0,PE,0.0,0.0,0.0,46.5,4.3,0,0.0,0
2014-11-10,2014-12-24,OPTSTK,INFY,3450.0,PE,0.0,0.0,0.0,57.8,6.1,0,0.0,0
2014-11-10,2014-12-24,OPTSTK,INFY,3500.0,PE,0.0,0.0,0.0,71.05,8.4,0,0.0,0
2014-11-10,2014-12-24,OPTSTK,INFY,3550.0,PE,0.0,0.0,0.0,90.1,11.45,0,0.0,125
2014-11-10,2014-12-24,OPTSTK,INFY,3600.0,PE,0.0,0.0,0.0,103.2,15.35,0,0.0,0
2014-11-10,2014-12-24,OPTSTK,INFY,3650.0,PE,0.0,0.0,0.0,122.5,20.2,0,0.0,0
2014-11-10,2014-12-24,OPTSTK,INFY,3700.0,PE,0.0,0.0,0.0,143.9,26.2,0,0.0,0
2014-11-10,2014-12-24,OPTSTK,INFY,3750.0,PE,0.0,0.0,0.0,145.0,33.5,0,0.0,0
2014-11-10,2014-12-24,OPTSTK,INFY,3800.0,PE,0.0,0.0,0.0,193.2,42.25,0,0.0,0
2014-11-10,2014-12-24,OPTSTK,INFY,3850.0,PE,0.0,0.0,0.0,221.0,52.6,0,0.0,0
2014-11-10,2014-12-24,OPTSTK,INFY,3900.0,PE,0.0,0.0,0.0,250.85,64.85,0,0.0,0
2014-11-10,2014-12-24,OPTSTK,INFY,3950.0,PE,0.0,0.0,0.0,282.6,78.6,0,0.0,0
2014-11-10,2014-12-24,OPTSTK,INFY,4000.0,PE,0.0,0.0,0.0,316.25,94.55,0,0.0,0
2014-11-10,2014-12-24,OPTSTK,INFY,4050.0,PE,0.0,0.0,0.0,351.6,112.5,0,0.0,0
2014-11-10,2014-12-24,OPTSTK,INFY,4100.0,PE,0.0,0.0,0.0,388.75,132.6,0,0.0,0
2014-11-10,2014-12-24,OPTSTK,INFY,4150.0,PE,90.0,90.0,90.0,90.0,90.0,1,5.3,125
2014-11-10,2014-12-24,OPTSTK,INFY,4200.0,PE,0.0,0.0,0.0,466.9,179.2,0,0.0,0
2014-11-10,2014-12-24,OPTSTK,INFY,4250.0,PE,0.0,0.0,0.0,507.9,205.65,0,0.0,0
2014-11-10,2014-12-24,OPTSTK,INFY,4300.0,PE,0.0,0.0,0.0,550.0,234.2,0,0.0,0
2014-11-10,2014-12-24,OPTSTK,INFY,4350.0,PE,0.0,0.0,0.0,593.1,264.75,0,0.0,0
2014-11-10,2014-12-24,OPTSTK,INFY,4400.0,PE,0.0,0.0,0.0,637.1,297.25,0,0.0,0
2014-11-10,2014-12-24,OPTSTK,INFY,4450.0,PE,0.0,0.0,0.0,681.8,331.55,0,0.0,0
2014-11-10,2014-12-24,OPTSTK,INFY,4500.0,PE,0.0,0.0,0.0,727.2,367.6,0,0.0,0
2014-11-10,2014-12-24,OPTSTK,INFY,4550.0,PE,0.0,0.0,0.0,773.15,405.45,0,0.0,0
2014-11-10,2014-12-24,OPTSTK,INFY,4600.0,PE,0.0,0.0,0.0,819.55,444.4,0,0.0,0
2014-11-10,2014-12-24,OPTSTK,INFY,4650.0,PE,0.0,0.0,0.0,866.45,484.8,0,0.0,0
2014-11-10,2015-01-29,OPTSTK,INFY,2950.0,CE,0.0,0.0,0.0,1067.6,1272.7,0,0.0,0
2014-11-10,2015-01-29,OPTSTK,INFY,3000.0,CE,0.0,0.0,0.0,1020.85,1224.15,0,0.0,0
2014-11-10,2015-01-29,OPTSTK,INFY,3050.0,CE,0.0,0.0,0.0,974.6,1175.8,0,0.0,0
2014-11-10,2015-01-29,OPTSTK,INFY,3100.0,CE,0.0,0.0,0.0,928.9,1127.65,0,0.0,0
2014-11-10,2015-01-29,OPTSTK,INFY,3150.0,CE,0.0,0.0,0.0,883.8,1079.8,0,0.0,0
2014-11-10,2015-01-29,OPTSTK,INFY,3200.0,CE,0.0,0.0,0.0,839.45,1032.25,0,0.0,0
2014-11-10,2015-01-29,OPTSTK,INFY,3250.0,CE,0.0,0.0,0.0,795.85,985.15,0,0.0,0
2014-11-10,2015-01-29,OPTSTK,INFY,3300.0,CE,0.0,0.0,0.0,753.15,938.45,0,0.0,0
2014-11-10,2015-01-29,OPTSTK,INFY,3350.0,CE,0.0,0.0,0.0,711.4,892.3,0,0.0,0
2014-11-10,2015-01-29,OPTSTK,INFY,3400.0,CE,0.0,0.0,0.0,670.7,846.8,0,0.0,0
2014-11-10,2015-01-29,OPTSTK,INFY,3450.0,CE,0.0,0.0,0.0,631.1,802.0,0,0.0,0
2014-11-10,2015-01-29,OPTSTK,INFY,3500.0,CE,0.0,0.0,0.0,592.65,758.0,0,0.0,0
2014-11-10,2015-01-29,OPTSTK,INFY,3550.0,CE,0.0,0.0,0.0,555.4,714.9,0,0.0,0
2014-11-10,2015-01-29,OPTSTK,INFY,3600.0,CE,0.0,0.0,0.0,519.6,672.8,0,0.0,0
2014-11-10,2015-01-29,OPTSTK,INFY,3650.0,CE,0.0,0.0,0.0,485.0,631.75,0,0.0,0
2014-11-10,2015-01-29,OPTSTK,INFY,3700.0,CE,0.0,0.0,0.0,451.65,591.8,0,0.0,0
2014-11-10,2015-01-29,OPTSTK,INFY,3750.0,CE,0.0,0.0,0.0,419.85,553.15,0,0.0,0
2014-11-10,2015-01-29,OPTSTK,INFY,3800.0,CE,0.0,0.0,0.0,389.55,515.75,0,0.0,0
2014-11-10,2015-01-29,OPTSTK,INFY,3850.0,CE,0.0,0.0,0.0,360.7,479.9,0,0.0,0
2014-11-10,2015-01-29,OPTSTK,INFY,3900.0,CE,0.0,0.0,0.0,333.3,445.1,0,0.0,0
2014-11-10,2015-01-29,OPTSTK,INFY,3950.0,CE,0.0,0.0,0.0,307.35,412.05,0,0.0,0
2014-11-10,2015-01-29,OPTSTK,INFY,4000.0,CE,0.0,0.0,0.0,282.85,380.5,0,0.0,0
2014-11-10,2015-01-29,OPTSTK,INFY,4050.0,CE,0.0,0.0,0.0,259.8,350.5,0,0.0,0
2014-11-10,2015-01-29,OPTSTK,INFY,4100.0,CE,0.0,0.0,0.0,238.15,322.1,0,0.0,0
2014-11-10,2015-01-29,OPTSTK,INFY,4150.0,CE,0.0,0.0,0.0,217.9,295.25,0,0.0,0
2014-11-10,2015-01-29,OPTSTK,INFY,4200.0,CE,0.0,0.0,0.0,199.0,269.95,0,0.0,0
2014-11-10,2015-01-29,OPTSTK,INFY,4250.0,CE,0.0,0.0,0.0,181.35,246.25,0,0.0,0
2014-11-10,2015-01-29,OPTSTK,INFY,4300.0,CE,0.0,0.0,0.0,165.0,224.1,0,0.0,0
2014-11-10,2015-01-29,OPTSTK,INFY,4350.0,CE,0.0,0.0,0.0,149.8,203.4,0,0.0,0
2014-11-10,2015-01-29,OPTSTK,INFY,4400.0,CE,0.0,0.0,0.0,135.8,184.2,0,0.0,0
2014-11-10,2015-01-29,OPTSTK,INFY,4450.0,CE,0.0,0.0,0.0,123.0,166.4,0,0.0,0
2014-11-10,2015-01-29,OPTSTK,INFY,4500.0,CE,0.0,0.0,0.0,111.15,149.95,0,0.0,0
2014-11-10,2015-01-29,OPTSTK,INFY,4550.0,CE,0.0,0.0,0.0,100.3,134.85,0,0.0,0
2014-11-10,2015-01-29,OPTSTK,INFY,4600.0,CE,0.0,0.0,0.0,90.15,120.95,0,0.0,0
2014-11-10,2015-01-29,OPTSTK,INFY,4650.0,CE,0.0,0.0,0.0,81.05,108.45,0,0.0,0
2014-11-10,2015-01-29,OPTSTK,INFY,2950.0,PE,0.0,0.0,0.0,7.4,1.3,0,0.0,0
2014-11-10,2015-01-29,OPTSTK,INFY,3000.0,PE,0.0,0.0,0.0,9.55,1.8,0,0.0,0
2014-11-10,2015-01-29,OPTSTK,INFY,3050.0,PE,0.0,0.0,0.0,12.2,2.5,0,0.0,0
2014-11-10,2015-01-29,OPTSTK,INFY,3100.0,PE,0.0,0.0,0.0,15.45,3.4,0,0.0,0
2014-11-10,2015-01-29,OPTSTK,INFY,3150.0,PE,0.0,0.0,0.0,19.25,4.6,0,0.0,0
2014-11-10,2015-01-29,OPTSTK,INFY,3200.0,PE,0.0,0.0,0.0,23.85,6.15,0,0.0,0
2014-11-10,2015-01-29,OPTSTK,INFY,3250.0,PE,0.0,0.0,0.0,29.2,8.05,0,0.0,0
2014-11-10,2015-01-29,OPTSTK,INFY,3300.0,PE,0.0,0.0,0.0,35.4,10.4,0,0.0,0
2014-11-10,2015-01-29,OPTSTK,INFY,3350.0,PE,0.0,0.0,0.0,42.6,13.35,0,0.0,0
2014-11-10,2015-01-29,OPTSTK,INFY,3400.0,PE,0.0,0.0,0.0,50.8,16.9,0,0.0,0
2014-11-10,2015-01-29,OPTSTK,INFY,3450.0,PE,0.0,0.0,0.0,60.1,21.15,0,0.0,0
2014-11-10,2015-01-29,OPTSTK,INFY,3500.0,PE,0.0,0.0,0.0,70.55,26.2,0,0.0,0
2014-11-10,2015-01-29,OPTSTK,INFY,3550.0,PE,0.0,0.0,0.0,82.25,32.15,0,0.0,0
2014-11-10,2015-01-29,OPTSTK,INFY,3600.0,PE,0.0,0.0,0.0,95.35,39.05,0,0.0,0
2014-11-10,2015-01-29,OPTSTK,INFY,3650.0,PE,0.0,0.0,0.0,109.65,47.05,0,0.0,0
2014-11-10,2015-01-29,OPTSTK,INFY,3700.0,PE,0.0,0.0,0.0,125.25,56.2,0,0.0,0
2014-11-10,2015-01-29,OPTSTK,INFY,3750.0,PE,0.0,0.0,0.0,142.4,66.55,0,0.0,0
2014-11-10,2015-01-29,OPTSTK,INFY,3800.0,PE,0.0,0.0,0.0,161.0,78.25,0,0.0,0
2014-11-10,2015-01-29,OPTSTK,INFY,3850.0,PE,0.0,0.0,0.0,181.05,91.4,0,0.0,0
2014-11-10,2015-01-29,OPTSTK,INFY,3900.0,PE,0.0,0.0,0.0,202.6,105.7,0,0.0,0
2014-11-10,2015-01-29,OPTSTK,INFY,3950.0,PE,0.0,0.0,0.0,225.55,121.7,0,0.0,0
2014-11-10,2015-01-29,OPTSTK,INFY,4000.0,PE,0.0,0.0,0.0,250.0,139.2,0,0.0,0
2014-11-10,2015-01-29,OPTSTK,INFY,4050.0,PE,0.0,0.0,0.0,275.85,158.25,0,0.0,0
2014-11-10,2015-01-29,OPTSTK,INFY,4100.0,PE,0.0,0.0,0.0,303.15,178.9,0,0.0,0
2014-11-10,2015-01-29,OPTSTK,INFY,4150.0,PE,0.0,0.0,0.0,331.8,201.1,0,0.0,0
2014-11-10,2015-01-29,OPTSTK,INFY,4200.0,PE,0.0,0.0,0.0,361.8,224.85,0,0.0,0
2014-11-10,2015-01-29,OPTSTK,INFY,4250.0,PE,0.0,0.0,0.0,393.1,250.2,0,0.0,0
2014-11-10,2015-01-29,OPTSTK,INFY,4300.0,PE,0.0,0.0,0.0,425.65,277.1,0,0.0,0
2014-11-10,2015-01-29,OPTSTK,INFY,4350.0,PE,0.0,0.0,0.0,459.4,305.45,0,0.0,0
2014-11-10,2015-01-29,OPTSTK,INFY,4400.0,PE,0.0,0.0,0.0,494.3,335.3,0,0.0,0
2014-11-10,2015-01-29,OPTSTK,INFY,4450.0,PE,0.0,0.0,0.0,530.45,366.55,0,0.0,0
2014-11-10,2015-01-29,OPTSTK,INFY,4500.0,PE,0.0,0.0,0.0,567.5,399.2,0,0.0,0
2014-11-10,2015-01-29,OPTSTK,INFY,4550.0,PE,0.0,0.0,0.0,605.55,433.1,0,0.0,0
2014-11-10,2015-01-29,OPTSTK,INFY,4600.0,PE,0.0,0.0,0.0,644.35,468.25,0,0.0,0
2014-11-10,2015-01-29,OPTSTK,INFY,4650.0,PE,0.0,0.0,0.0,684.15,504.85,0,0.0,0
2014-11-10,2014-11-27,OPTSTK,IOB,35.0,CE,0.0,0.0,0.0,26.6,23.05,0,0.0,0
2014-11-10,2014-11-27,OPTSTK,IOB,37.5,CE,0.0,0.0,0.0,19.15,20.55,0,0.0,0
2014-11-10,2014-11-27,OPTSTK,IOB,40.0,CE,0.0,0.0,0.0,21.8,18.1,0,0.0,0
2014-11-10,2014-11-27,OPTSTK,IOB,42.5,CE,0.0,0.0,0.0,14.6,15.6,0,0.0,0
2014-11-10,2014-11-27,OPTSTK,IOB,45.0,CE,0.0,0.0,0.0,17.2,13.1,0,0.0,0
2014-11-10,2014-11-27,OPTSTK,IOB,47.5,CE,0.0,0.0,0.0,10.55,10.65,0,0.0,0
2014-11-10,2014-11-27,OPTSTK,IOB,50.0,CE,0.0,0.0,0.0,7.95,8.2,0,0.0,8000
2014-11-10,2014-11-27,OPTSTK,IOB,52.5,CE,0.0,0.0,0.0,6.2,5.95,0,0.0,8000
2014-11-10,2014-11-27,OPTSTK,IOB,55.0,CE,4.25,4.5,4.0,4.25,4.25,17,40.3,196000
2014-11-10,2014-11-27,OPTSTK,IOB,57.5,CE,2.85,2.85,2.55,2.6,2.6,4,9.62,112000
2014-11-10,2014-11-27,OPTSTK,IOB,60.0,CE,2.25,2.25,1.5,1.65,1.65,93,229.53,844000
2014-11-10,2014-11-27,OPTSTK,IOB,62.5,CE,1.0,1.25,0.85,1.05,1.05,9,22.87,172000
2014-11-10,2014-11-27,OPTSTK,IOB,65.0,CE,0.65,0.7,0.5,0.55,0.55,29,76.05,320000
2014-11-10,2014-11-27,OPTSTK,IOB,67.5,CE,0.35,0.35,0.35,0.35,0.35,1,2.71,40000
2014-11-10,2014-11-27,OPTSTK,IOB,70.0,CE,0.25,0.25,0.15,0.15,0.15,3,8.42,96000
2014-11-10,2014-11-27,OPTSTK,IOB,72.5,CE,0.0,0.0,0.0,0.95,0.05,0,0.0,0
2014-11-10,2014-11-27,OPTSTK,IOB,75.0,CE,0.0,0.0,0.0,1.8,0.0,0,0.0,0
2014-11-10,2014-11-27,OPTSTK,IOB,77.5,CE,0.0,0.0,0.0,0.55,0.0,0,0.0,0
2014-11-10,2014-11-27,OPTSTK,IOB,80.0,CE,0.0,0.0,0.0,1.1,0.0,0,0.0,0
2014-11-10,2014-11-27,OPTSTK,IOB,82.5,CE,0.0,0.0,0.0,0.3,0.0,0,0.0,0
2014-11-10,2014-11-27,OPTSTK,IOB,85.0,CE,0.0,0.0,0.0,0.65,0.0,0,0.0,0
2014-11-10,2014-11-27,OPTSTK,IOB,87.5,CE,0.0,0.0,0.0,0.3,0.0,0,0.0,0
2014-11-10,2014-11-27,OPTSTK,IOB,90.0,CE,0.0,0.0,0.0,0.4,0.0,0,0.0,0
2014-11-10,2014-11-27,OPTSTK,IOB,95.0,CE,0.0,0.0,0.0,0.25,0.0,0,0.0,0
2014-11-10,2014-11-27,OPTSTK,IOB,100.0,CE,0.0,0.0,0.0,0.15,0.0,0,0.0,0
2014-11-10,2014-11-27,OPTSTK,IOB,105.0,CE,0.0,0.0,0.0,0.1,0.0,0,0.0,0
2014-11-10,2014-11-27,OPTSTK,IOB,110.0,CE,0.0,0.0,0.0,0.05,0.0,0,0.0,0
2014-11-10,2014-11-27,OPTSTK,IOB,35.0,PE,0.0,0.0,0.0,0.05,0.0,0,0.0,0
2014-11-10,2014-11-27,OPTSTK,IOB,37.5,PE,0.0,0.0,0.0,0.15,0.0,0,0.0,0
2014-11-10,2014-11-27,OPTSTK,IOB,40.0,PE,0.0,0.0,0.0,0.5,0.0,0,0.0,8000
2014-11-10,2014-11-27,OPTSTK,IOB,42.5,PE,0.0,0.0,0.0,0.5,0.0,0,0.0,0
2014-11-10,2014-11-27,OPTSTK,IOB,45.0,PE,0.0,0.0,0.0,0.45,0.0,0,0.0,0
2014-11-10,2014-11-27,OPTSTK,IOB,47.5,PE,0.0,0.0,0.0,1.35,0.05,0,0.0,0
2014-11-10,2014-11-27,OPTSTK,IOB,50.0,PE,0.45,0.5,0.35,0.35,0.35,6,12.1,328000
2014-11-10,2014-11-27,OPTSTK,IOB,52.5,PE,0.4,0.9,0.4,0.7,0.7,6,12.76,24000
2014-11-10,2014-11-27,OPTSTK,IOB,55.0,PE,1.2,1.55,1.1,1.3,1.3,83,187.18,668000
2014-11-10,2014-11-27,OPTSTK,IOB,57.5,PE,2.35,2.7,2.35,2.5,2.5,9,21.61,68000
2014-11-10,2014-11-27,OPTSTK,IOB,60.0,PE,3.8,3.95,3.2,3.25,3.25,31,78.74,380000
2014-11-10,2014-11-27,OPTSTK,IOB,62.5,PE,0.0,0.0,0.0,4.2,5.05,0,0.0,8000
2014-11-10,2014-11-27,OPTSTK,IOB,65.0,PE,0.0,0.0,0.0,8.0,7.15,0,0.0,64000
2014-11-10,2014-11-27,OPTSTK,IOB,67.5,PE,0.0,0.0,0.0,10.5,9.5,0,0.0,16000
2014-11-10,2014-11-27,OPTSTK,IOB,70.0,PE,0.0,0.0,0.0,10.9,11.9,0,0.0,24000
2014-11-10,2014-11-27,OPTSTK,IOB,72.5,PE,0.0,0.0,0.0,16.4,14.35,0,0.0,0
2014-11-10,2014-11-27,OPTSTK,IOB,75.0,PE,0.0,0.0,0.0,14.4,16.85,0,0.0,0
2014-11-10,2014-11-27,OPTSTK,IOB,77.5,PE,0.0,0.0,0.0,20.9,19.3,0,0.0,0
2014-11-10,2014-11-27,OPTSTK,IOB,80.0,PE,0.0,0.0,0.0,18.6,21.8,0,0.0,0
2014-11-10,2014-11-27,OPTSTK,IOB,82.5,PE,0.0,0.0,0.0,25.6,24.3,0,0.0,0
2014-11-10,2014-11-27,OPTSTK,IOB,85.0,PE,0.0,0.0,0.0,23.05,26.8,0,0.0,0
2014-11-10,2014-11-27,OPTSTK,IOB,87.5,PE,0.0,0.0,0.0,28.15,29.25,0,0.0,0
2014-11-10,2014-11-27,OPTSTK,IOB,90.0,PE,0.0,0.0,0.0,27.7,31.75,0,0.0,0
2014-11-10,2014-11-27,OPTSTK,IOB,95.0,PE,0.0,0.0,0.0,32.4,36.75,0,0.0,0
2014-11-10,2014-11-27,OPTSTK,IOB,100.0,PE,0.0,0.0,0.0,37.2,41.75,0,0.0,0
2014-11-10,2014-11-27,OPTSTK,IOB,105.0,PE,0.0,0.0,0.0,42.05,46.7,0,0.0,0
2014-11-10,2014-11-27,OPTSTK,IOB,110.0,PE,0.0,0.0,0.0,46.9,51.7,0,0.0,0
2014-11-10,2014-12-24,OPTSTK,IOB,35.0,CE,0.0,0.0,0.0,21.85,23.3,0,0.0,0
2014-11-10,2014-12-24,OPTSTK,IOB,37.5,CE,0.0,0.0,0.0,19.55,20.8,0,0.0,0
2014-11-10,2014-12-24,OPTSTK,IOB,40.0,CE,0.0,0.0,0.0,17.35,18.35,0,0.0,0
2014-11-10,2014-12-24,OPTSTK,IOB,42.5,CE,0.0,0.0,0.0,15.25,15.9,0,0.0,0
2014-11-10,2014-12-24,OPTSTK,IOB,45.0,CE,0.0,0.0,0.0,13.25,13.5,0,0.0,0
2014-11-10,2014-12-24,OPTSTK,IOB,47.5,CE,0.0,0.0,0.0,11.4,11.2,0,0.0,0
2014-11-10,2014-12-24,OPTSTK,IOB,50.0,CE,0.0,0.0,0.0,9.75,9.0,0,0.0,0
2014-11-10,2014-12-24,OPTSTK,IOB,52.5,CE,0.0,0.0,0.0,8.25,7.05,0,0.0,0
2014-11-10,2014-12-24,OPTSTK,IOB,55.0,CE,0.0,0.0,0.0,6.9,5.35,0,0.0,0
2014-11-10,2014-12-24,OPTSTK,IOB,57.5,CE,0.0,0.0,0.0,5.75,3.9,0,0.0,0
2014-11-10,2014-12-24,OPTSTK,IOB,60.0,CE,0.0,0.0,0.0,4.75,2.75,0,0.0,0
2014-11-10,2014-12-24,OPTSTK,IOB,62.5,CE,0.0,0.0,0.0,3.9,1.9,0,0.0,0
2014-11-10,2014-12-24,OPTSTK,IOB,65.0,CE,0.0,0.0,0.0,3.2,1.25,0,0.0,0
2014-11-10,2014-12-24,OPTSTK,IOB,67.5,CE,0.0,0.0,0.0,2.6,0.8,0,0.0,0
2014-11-10,2014-12-24,OPTSTK,IOB,70.0,CE,0.0,0.0,0.0,2.1,0.5,0,0.0,0
2014-11-10,2014-12-24,OPTSTK,IOB,72.5,CE,0.0,0.0,0.0,1.7,0.35,0,0.0,0
2014-11-10,2014-12-24,OPTSTK,IOB,75.0,CE,0.0,0.0,0.0,1.35,0.2,0,0.0,0
2014-11-10,2014-12-24,OPTSTK,IOB,77.5,CE,0.0,0.0,0.0,1.1,0.15,0,0.0,0
2014-11-10,2014-12-24,OPTSTK,IOB,80.0,CE,0.0,0.0,0.0,0.85,0.1,0,0.0,0
2014-11-10,2014-12-24,OPTSTK,IOB,82.5,CE,0.0,0.0,0.0,0.7,0.05,0,0.0,0
2014-11-10,2014-12-24,OPTSTK,IOB,85.0,CE,0.0,0.0,0.0,0.55,0.05,0,0.0,0
2014-11-10,2014-12-24,OPTSTK,IOB,35.0,PE,0.0,0.0,0.0,0.15,0.0,0,0.0,0
2014-11-10,2014-12-24,OPTSTK,IOB,37.5,PE,4.2,4.2,0.2,2.2,2.2,2,3.17,0
2014-11-10,2014-12-24,OPTSTK,IOB,40.0,PE,0.0,0.0,0.0,0.5,0.05,0,0.0,0
2014-11-10,2014-12-24,OPTSTK,IOB,42.5,PE,0.0,0.0,0.0,0.85,0.05,0,0.0,0
2014-11-10,2014-12-24,OPTSTK,IOB,45.0,PE,0.0,0.0,0.0,1.3,0.15,0,0.0,0
2014-11-10,2014-12-24,OPTSTK,IOB,47.5,PE,0.0,0.0,0.0,1.95,0.3,0,0.0,0
2014-11-10,2014-12-24,OPTSTK,IOB,50.0,PE,0.0,0.0,0.0,2.7,0.6,0,0.0,0
2014-11-10,2014-12-24,OPTSTK,IOB,52.5,PE,0.0,0.0,0.0,1.65,1.1,0,0.0,8000
2014-11-10,2014-12-24,OPTSTK,IOB,55.0,PE,0.0,0.0,0.0,1.5,1.85,0,0.0,56000
2014-11-10,2014-12-24,OPTSTK,IOB,57.5,PE,0.0,0.0,0.0,6.05,2.9,0,0.0,0
2014-11-10,2014-12-24,OPTSTK,IOB,60.0,PE,0.0,0.0,0.0,7.5,4.25,0,0.0,0
2014-11-10,2014-12-24,OPTSTK,IOB,62.5,PE,0.0,0.0,0.0,9.1,5.85,0,0.0,0
2014-11-10,2014-12-24,OPTSTK,IOB,65.0,PE,0.0,0.0,0.0,10.85,7.7,0,0.0,0
2014-11-10,2014-12-24,OPTSTK,IOB,67.5,PE,0.0,0.0,0.0,12.7,9.7,0,0.0,0
2014-11-10,2014-12-24,OPTSTK,IOB,70.0,PE,0.0,0.0,0.0,14.65,11.9,0,0.0,0
2014-11-10,2014-12-24,OPTSTK,IOB,72.5,PE,0.0,0.0,0.0,16.65,14.15,0,0.0,0
2014-11-10,2014-12-24,OPTSTK,IOB,75.0,PE,0.0,0.0,0.0,18.75,16.5,0,0.0,0
2014-11-10,2014-12-24,OPTSTK,IOB,77.5,PE,0.0,0.0,0.0,20.95,18.9,0,0.0,0
2014-11-10,2014-12-24,OPTSTK,IOB,80.0,PE,0.0,0.0,0.0,23.15,21.35,0,0.0,0
2014-11-10,2014-12-24,OPTSTK,IOB,82.5,PE,0.0,0.0,0.0,25.45,23.8,0,0.0,0
2014-11-10,2014-12-24,OPTSTK,IOB,85.0,PE,0.0,0.0,0.0,27.75,26.25,0,0.0,0
2014-11-10,2015-01-29,OPTSTK,IOB,35.0,CE,0.0,0.0,0.0,23.05,23.6,0,0.0,0
2014-11-10,2015-01-29,OPTSTK,IOB,37.5,CE,0.0,0.0,0.0,20.65,21.15,0,0.0,0
2014-11-10,2015-01-29,OPTSTK,IOB,40.0,CE,0.0,0.0,0.0,18.3,18.75,0,0.0,0
2014-11-10,2015-01-29,OPTSTK,IOB,42.5,CE,0.0,0.0,0.0,16.0,16.4,0,0.0,0
2014-11-10,2015-01-29,OPTSTK,IOB,45.0,CE,0.0,0.0,0.0,13.85,14.15,0,0.0,0
2014-11-10,2015-01-29,OPTSTK,IOB,47.5,CE,0.0,0.0,0.0,11.8,12.05,0,0.0,0
2014-11-10,2015-01-29,OPTSTK,IOB,50.0,CE,0.0,0.0,0.0,9.95,10.05,0,0.0,0
2014-11-10,2015-01-29,OPTSTK,IOB,52.5,CE,0.0,0.0,0.0,8.25,8.25,0,0.0,0
2014-11-10,2015-01-29,OPTSTK,IOB,55.0,CE,0.0,0.0,0.0,6.75,6.7,0,0.0,0
2014-11-10,2015-01-29,OPTSTK,IOB,57.5,CE,0.0,0.0,0.0,5.45,5.3,0,0.0,0
2014-11-10,2015-01-29,OPTSTK,IOB,60.0,CE,0.0,0.0,0.0,4.35,4.15,0,0.0,0
2014-11-10,2015-01-29,OPTSTK,IOB,62.5,CE,0.0,0.0,0.0,3.45,3.2,0,0.0,0
2014-11-10,2015-01-29,OPTSTK,IOB,65.0,CE,0.0,0.0,0.0,2.7,2.45,0,0.0,0
2014-11-10,2015-01-29,OPTSTK,IOB,67.5,CE,0.0,0.0,0.0,2.1,1.85,0,0.0,0
2014-11-10,2015-01-29,OPTSTK,IOB,70.0,CE,0.0,0.0,0.0,1.6,1.35,0,0.0,0
2014-11-10,2015-01-29,OPTSTK,IOB,72.5,CE,0.0,0.0,0.0,1.2,1.0,0,0.0,0
2014-11-10,2015-01-29,OPTSTK,IOB,75.0,CE,0.0,0.0,0.0,0.9,0.75,0,0.0,0
2014-11-10,2015-01-29,OPTSTK,IOB,77.5,CE,0.0,0.0,0.0,0.7,0.55,0,0.0,0
2014-11-10,2015-01-29,OPTSTK,IOB,80.0,CE,0.0,0.0,0.0,0.5,0.4,0,0.0,0
2014-11-10,2015-01-29,OPTSTK,IOB,82.5,CE,0.0,0.0,0.0,0.4,0.25,0,0.0,0
2014-11-10,2015-01-29,OPTSTK,IOB,85.0,CE,0.0,0.0,0.0,0.3,0.2,0,0.0,0
2014-11-10,2015-01-29,OPTSTK,IOB,35.0,PE,0.0,0.0,0.0,0.05,0.05,0,0.0,0
2014-11-10,2015-01-29,OPTSTK,IOB,37.5,PE,0.0,0.0,0.0,0.1,0.05,0,0.0,0
2014-11-10,2015-01-29,OPTSTK,IOB,40.0,PE,0.0,0.0,0.0,0.2,0.1,0,0.0,0
2014-11-10,2015-01-29,OPTSTK,IOB,42.5,PE,0.0,0.0,0.0,0.35,0.2,0,0.0,0
2014-11-10,2015-01-29,OPTSTK,IOB,45.0,PE,0.0,0.0,0.0,0.65,0.4,0,0.0,0
2014-11-10,2015-01-29,OPTSTK,IOB,47.5,PE,0.0,0.0,0.0,1.05,0.75,0,0.0,0
2014-11-10,2015-01-29,OPTSTK,IOB,50.0,PE,0.0,0.0,0.0,1.6,1.2,0,0.0,0
2014-11-10,2015-01-29,OPTSTK,IOB,52.5,PE,0.0,0.0,0.0,2.35,1.85,0,0.0,0
2014-11-10,2015-01-29,OPTSTK,IOB,55.0,PE,0.0,0.0,0.0,3.3,2.75,0,0.0,0
2014-11-10,2015-01-29,OPTSTK,IOB,57.5,PE,0.0,0.0,0.0,4.45,3.85,0,0.0,0
2014-11-10,2015-01-29,OPTSTK,IOB,60.0,PE,0.0,0.0,0.0,5.8,5.15,0,0.0,0
2014-11-10,2015-01-29,OPTSTK,IOB,62.5,PE,0.0,0.0,0.0,7.35,6.65,0,0.0,0
2014-11-10,2015-01-29,OPTSTK,IOB,65.0,PE,0.0,0.0,0.0,9.05,8.3,0,0.0,0
2014-11-10,2015-01-29,OPTSTK,IOB,67.5,PE,0.0,0.0,0.0,10.85,10.15,0,0.0,0
2014-11-10,2015-01-29,OPTSTK,IOB,70.0,PE,0.0,0.0,0.0,12.85,12.15,0,0.0,0
2014-11-10,2015-01-29,OPTSTK,IOB,72.5,PE,0.0,0.0,0.0,14.9,14.25,0,0.0,0
2014-11-10,2015-01-29,OPTSTK,IOB,75.0,PE,0.0,0.0,0.0,17.05,16.4,0,0.0,0
2014-11-10,2015-01-29,OPTSTK,IOB,77.5,PE,0.0,0.0,0.0,19.25,18.65,0,0.0,0
2014-11-10,2015-01-29,OPTSTK,IOB,80.0,PE,0.0,0.0,0.0,21.55,20.95,0,0.0,0
2014-11-10,2015-01-29,OPTSTK,IOB,82.5,PE,0.0,0.0,0.0,23.85,23.3,0,0.0,0
2014-11-10,2015-01-29,OPTSTK,IOB,85.0,PE,0.0,0.0,0.0,26.2,25.7,0,0.0,0
2014-11-10,2014-11-27,OPTSTK,IOC,230.0,CE,0.0,0.0,0.0,134.55,149.25,0,0.0,0
2014-11-10,2014-11-27,OPTSTK,IOC,240.0,CE,0.0,0.0,0.0,124.95,139.25,0,0.0,0
2014-11-10,2014-11-27,OPTSTK,IOC,250.0,CE,0.0,0.0,0.0,115.45,129.3,0,0.0,0
2014-11-10,2014-11-27,OPTSTK,IOC,260.0,CE,0.0,0.0,0.0,106.15,119.35,0,0.0,0
2014-11-10,2014-11-27,OPTSTK,IOC,270.0,CE,0.0,0.0,0.0,97.05,109.4,0,0.0,0
2014-11-10,2014-11-27,OPTSTK,IOC,280.0,CE,0.0,0.0,0.0,88.2,99.45,0,0.0,0
2014-11-10,2014-11-27,OPTSTK,IOC,290.0,CE,0.0,0.0,0.0,79.7,89.5,0,0.0,0
2014-11-10,2014-11-27,OPTSTK,IOC,300.0,CE,0.0,0.0,0.0,71.6,79.55,0,0.0,0
2014-11-10,2014-11-27,OPTSTK,IOC,310.0,CE,0.0,0.0,0.0,63.9,69.7,0,0.0,0
2014-11-10,2014-11-27,OPTSTK,IOC,320.0,CE,0.0,0.0,0.0,56.65,59.95,0,0.0,0
2014-11-10,2014-11-27,OPTSTK,IOC,330.0,CE,0.0,0.0,0.0,49.9,50.45,0,0.0,0
2014-11-10,2014-11-27,OPTSTK,IOC,340.0,CE,0.0,0.0,0.0,39.55,41.4,0,0.0,16000
2014-11-10,2014-11-27,OPTSTK,IOC,350.0,CE,28.05,28.05,28.05,28.05,28.05,1,3.78,14000
2014-11-10,2014-11-27,OPTSTK,IOC,360.0,CE,24.0,26.5,20.0,24.3,24.3,34,129.96,118000
2014-11-10,2014-11-27,OPTSTK,IOC,370.0,CE,18.0,20.45,15.0,16.4,16.4,44,170.75,87000
2014-11-10,2014-11-27,OPTSTK,IOC,380.0,CE,12.5,14.75,9.6,11.5,11.5,465,1823.18,275000
2014-11-10,2014-11-27,OPTSTK,IOC,390.0,CE,8.1,10.2,7.0,7.6,7.6,114,454.07,62000
2014-11-10,2014-11-27,OPTSTK,IOC,400.0,CE,5.45,6.95,4.1,4.8,4.8,145,588.14,204000
2014-11-10,2014-11-27,OPTSTK,IOC,410.0,CE,2.65,4.4,2.5,2.75,2.75,27,111.67,15000
2014-11-10,2014-11-27,OPTSTK,IOC,420.0,CE,1.85,3.05,1.85,2.15,2.15,30,126.74,43000
2014-11-10,2014-11-27,OPTSTK,IOC,430.0,CE,0.0,0.0,0.0,10.25,1.45,0,0.0,0
2014-11-10,2014-11-27,OPTSTK,IOC,440.0,CE,0.0,0.0,0.0,8.5,0.85,0,0.0,0
2014-11-10,2014-11-27,OPTSTK,IOC,450.0,CE,0.0,0.0,0.0,7.05,0.45,0,0.0,0
2014-11-10,2014-11-27,OPTSTK,IOC,460.0,CE,0.0,0.0,0.0,5.8,0.25,0,0.0,0
2014-11-10,2014-11-27,OPTSTK,IOC,470.0,CE,0.0,0.0,0.0,4.75,0.15,0,0.0,0
2014-11-10,2014-11-27,OPTSTK,IOC,230.0,PE,0.0,0.0,0.0,0.25,0.0,0,0.0,0
2014-11-10,2014-11-27,OPTSTK,IOC,240.0,PE,0.0,0.0,0.0,0.45,0.0,0,0.0,0
2014-11-10,2014-11-27,OPTSTK,IOC,250.0,PE,0.0,0.0,0.0,0.75,0.0,0,0.0,0
2014-11-10,2014-11-27,OPTSTK,IOC,260.0,PE,0.0,0.0,0.0,1.25,0.0,0,0.0,0
2014-11-10,2014-11-27,OPTSTK,IOC,270.0,PE,0.0,0.0,0.0,1.9,0.0,0,0.0,0
2014-11-10,2014-11-27,OPTSTK,IOC,280.0,PE,0.0,0.0,0.0,2.85,0.0,0,0.0,0
2014-11-10,2014-11-27,OPTSTK,IOC,290.0,PE,0.0,0.0,0.0,4.15,0.05,0,0.0,0
2014-11-10,2014-11-27,OPTSTK,IOC,300.0,PE,0.0,0.0,0.0,5.8,0.05,0,0.0,0
2014-11-10,2014-11-27,OPTSTK,IOC,310.0,PE,0.0,0.0,0.0,1.2,0.15,0,0.0,1000
2014-11-10,2014-11-27,OPTSTK,IOC,320.0,PE,0.0,0.0,0.0,0.8,0.4,0,0.0,12000
2014-11-10,2014-11-27,OPTSTK,IOC,330.0,PE,0.0,0.0,0.0,1.5,0.85,0,0.0,19000
2014-11-10,2014-11-27,OPTSTK,IOC,340.0,PE,1.35,1.35,1.0,1.1,1.1,10,34.11,76000
2014-11-10,2014-11-27,OPTSTK,IOC,350.0,PE,3.0,3.0,1.9,2.05,2.05,74,260.58,67000
2014-11-10,2014-11-27,OPTSTK,IOC,360.0,PE,5.0,5.5,3.7,4.0,4.0,27,98.45,47000
2014-11-10,2014-11-27,OPTSTK,IOC,370.0,PE,7.15,9.1,6.6,7.05,7.05,66,249.03,52000
2014-11-10,2014-11-27,OPTSTK,IOC,380.0,PE,13.4,13.4,10.6,11.15,11.15,175,684.65,143000
2014-11-10,2014-11-27,OPTSTK,IOC,390.0,PE,18.1,18.1,18.1,18.1,18.1,2,8.16,3000
2014-11-10,2014-11-27,OPTSTK,IOC,400.0,PE,0.0,0.0,0.0,35.2,26.4,0,0.0,11000
2014-11-10,2014-11-27,OPTSTK,IOC,410.0,PE,0.0,0.0,0.0,56.55,34.1,0,0.0,0
2014-11-10,2014-11-27,OPTSTK,IOC,420.0,PE,0.0,0.0,0.0,53.25,42.5,0,0.0,1000
2014-11-10,2014-11-27,OPTSTK,IOC,430.0,PE,0.0,0.0,0.0,71.7,51.45,0,0.0,0
2014-11-10,2014-11-27,OPTSTK,IOC,440.0,PE,0.0,0.0,0.0,79.75,60.8,0,0.0,0
2014-11-10,2014-11-27,OPTSTK,IOC,450.0,PE,0.0,0.0,0.0,88.05,70.4,0,0.0,0
2014-11-10,2014-11-27,OPTSTK,IOC,460.0,PE,0.0,0.0,0.0,96.6,80.15,0,0.0,0
2014-11-10,2014-11-27,OPTSTK,IOC,470.0,PE,0.0,0.0,0.0,105.35,90.0,0,0.0,0
2014-11-10,2014-12-24,OPTSTK,IOC,230.0,CE,0.0,0.0,0.0,119.75,150.75,0,0.0,0
2014-11-10,2014-12-24,OPTSTK,IOC,240.0,CE,0.0,0.0,0.0,110.55,140.85,0,0.0,0
2014-11-10,2014-12-24,OPTSTK,IOC,250.0,CE,0.0,0.0,0.0,101.65,130.95,0,0.0,0
2014-11-10,2014-12-24,OPTSTK,IOC,260.0,CE,0.0,0.0,0.0,93.05,121.1,0,0.0,0
2014-11-10,2014-12-24,OPTSTK,IOC,270.0,CE,0.0,0.0,0.0,84.75,111.3,0,0.0,0
2014-11-10,2014-12-24,OPTSTK,IOC,280.0,CE,0.0,0.0,0.0,76.8,101.55,0,0.0,0
2014-11-10,2014-12-24,OPTSTK,IOC,290.0,CE,0.0,0.0,0.0,69.3,91.9,0,0.0,0
2014-11-10,2014-12-24,OPTSTK,IOC,300.0,CE,0.0,0.0,0.0,62.2,82.45,0,0.0,0
2014-11-10,2014-12-24,OPTSTK,IOC,310.0,CE,0.0,0.0,0.0,55.6,73.25,0,0.0,0
2014-11-10,2014-12-24,OPTSTK,IOC,320.0,CE,0.0,0.0,0.0,49.45,64.4,0,0.0,0
2014-11-10,2014-12-24,OPTSTK,IOC,330.0,CE,0.0,0.0,0.0,43.8,56.0,0,0.0,0
2014-11-10,2014-12-24,OPTSTK,IOC,340.0,CE,0.0,0.0,0.0,38.65,48.1,0,0.0,0
2014-11-10,2014-12-24,OPTSTK,IOC,350.0,CE,0.0,0.0,0.0,33.95,40.85,0,0.0,0
2014-11-10,2014-12-24,OPTSTK,IOC,360.0,CE,0.0,0.0,0.0,29.7,34.25,0,0.0,0
2014-11-10,2014-12-24,OPTSTK,IOC,370.0,CE,0.0,0.0,0.0,25.9,28.35,0,0.0,0
2014-11-10,2014-12-24,OPTSTK,IOC,380.0,CE,0.0,0.0,0.0,22.45,23.15,0,0.0,0
2014-11-10,2014-12-24,OPTSTK,IOC,390.0,CE,0.0,0.0,0.0,19.45,18.65,0,0.0,0
2014-11-10,2014-12-24,OPTSTK,IOC,400.0,CE,0.0,0.0,0.0,16.75,14.9,0,0.0,0
2014-11-10,2014-12-24,OPTSTK,IOC,410.0,CE,0.0,0.0,0.0,14.45,11.7,0,0.0,0
2014-11-10,2014-12-24,OPTSTK,IOC,420.0,CE,0.0,0.0,0.0,12.4,9.15,0,0.0,0
2014-11-10,2014-12-24,OPTSTK,IOC,430.0,CE,0.0,0.0,0.0,10.6,7.0,0,0.0,0
2014-11-10,2014-12-24,OPTSTK,IOC,440.0,CE,0.0,0.0,0.0,9.05,5.35,0,0.0,0
2014-11-10,2014-12-24,OPTSTK,IOC,450.0,CE,0.0,0.0,0.0,7.7,4.0,0,0.0,0
2014-11-10,2014-12-24,OPTSTK,IOC,460.0,CE,0.0,0.0,0.0,6.55,3.0,0,0.0,0
2014-11-10,2014-12-24,OPTSTK,IOC,470.0,CE,0.0,0.0,0.0,5.55,2.2,0,0.0,0
2014-11-10,2014-12-24,OPTSTK,IOC,230.0,PE,0.0,0.0,0.0,1.15,0.0,0,0.0,0
2014-11-10,2014-12-24,OPTSTK,IOC,240.0,PE,0.0,0.0,0.0,1.8,0.05,0,0.0,0
2014-11-10,2014-12-24,OPTSTK,IOC,250.0,PE,0.0,0.0,0.0,2.65,0.05,0,0.0,0
2014-11-10,2014-12-24,OPTSTK,IOC,260.0,PE,0.0,0.0,0.0,3.8,0.1,0,0.0,0
2014-11-10,2014-12-24,OPTSTK,IOC,270.0,PE,0.0,0.0,0.0,5.3,0.15,0,0.0,0
2014-11-10,2014-12-24,OPTSTK,IOC,280.0,PE,0.0,0.0,0.0,7.15,0.3,0,0.0,0
2014-11-10,2014-12-24,OPTSTK,IOC,290.0,PE,0.0,0.0,0.0,9.45,0.55,0,0.0,0
2014-11-10,2014-12-24,OPTSTK,IOC,300.0,PE,0.0,0.0,0.0,12.15,1.0,0,0.0,0
2014-11-10,2014-12-24,OPTSTK,IOC,310.0,PE,0.0,0.0,0.0,15.3,1.7,0,0.0,0
2014-11-10,2014-12-24,OPTSTK,IOC,320.0,PE,0.0,0.0,0.0,18.95,2.75,0,0.0,0
2014-11-10,2014-12-24,OPTSTK,IOC,330.0,PE,0.0,0.0,0.0,23.05,4.25,0,0.0,0
2014-11-10,2014-12-24,OPTSTK,IOC,340.0,PE,0.0,0.0,0.0,27.7,6.25,0,0.0,0
2014-11-10,2014-12-24,OPTSTK,IOC,350.0,PE,0.0,0.0,0.0,32.75,8.9,0,0.0,0
2014-11-10,2014-12-24,OPTSTK,IOC,360.0,PE,0.0,0.0,0.0,38.3,12.15,0,0.0,0
2014-11-10,2014-12-24,OPTSTK,IOC,370.0,PE,0.0,0.0,0.0,44.25,16.15,0,0.0,0
2014-11-10,2014-12-24,OPTSTK,IOC,380.0,PE,0.0,0.0,0.0,50.65,20.85,0,0.0,0
2014-11-10,2014-12-24,OPTSTK,IOC,390.0,PE,0.0,0.0,0.0,57.4,26.3,0,0.0,0
2014-11-10,2014-12-24,OPTSTK,IOC,400.0,PE,0.0,0.0,0.0,64.5,32.4,0,0.0,0
2014-11-10,2014-12-24,OPTSTK,IOC,410.0,PE,0.0,0.0,0.0,71.95,39.1,0,0.0,0
2014-11-10,2014-12-24,OPTSTK,IOC,420.0,PE,0.0,0.0,0.0,79.7,46.45,0,0.0,0
2014-11-10,2014-12-24,OPTSTK,IOC,430.0,PE,0.0,0.0,0.0,87.65,54.2,0,0.0,0
2014-11-10,2014-12-24,OPTSTK,IOC,440.0,PE,0.0,0.0,0.0,95.9,62.45,0,0.0,0
2014-11-10,2014-12-24,OPTSTK,IOC,450.0,PE,0.0,0.0,0.0,104.35,71.0,0,0.0,0
2014-11-10,2014-12-24,OPTSTK,IOC,460.0,PE,0.0,0.0,0.0,112.95,79.9,0,0.0,0
2014-11-10,2014-12-24,OPTSTK,IOC,470.0,PE,0.0,0.0,0.0,121.75,89.0,0,0.0,0
2014-11-10,2015-01-29,OPTSTK,IOC,230.0,CE,0.0,0.0,0.0,132.65,152.75,0,0.0,0
2014-11-10,2015-01-29,OPTSTK,IOC,240.0,CE,0.0,0.0,0.0,123.25,143.05,0,0.0,0
2014-11-10,2015-01-29,OPTSTK,IOC,250.0,CE,0.0,0.0,0.0,114.0,133.35,0,0.0,0
2014-11-10,2015-01-29,OPTSTK,IOC,260.0,CE,0.0,0.0,0.0,105.0,123.75,0,0.0,0
2014-11-10,2015-01-29,OPTSTK,IOC,270.0,CE,0.0,0.0,0.0,96.25,114.3,0,0.0,0
2014-11-10,2015-01-29,OPTSTK,IOC,280.0,CE,0.0,0.0,0.0,87.8,105.0,0,0.0,0
2014-11-10,2015-01-29,OPTSTK,IOC,290.0,CE,0.0,0.0,0.0,79.7,95.95,0,0.0,0
2014-11-10,2015-01-29,OPTSTK,IOC,300.0,CE,0.0,0.0,0.0,72.05,87.15,0,0.0,0
2014-11-10,2015-01-29,OPTSTK,IOC,310.0,CE,0.0,0.0,0.0,64.75,78.7,0,0.0,0
2014-11-10,2015-01-29,OPTSTK,IOC,320.0,CE,0.0,0.0,0.0,57.95,70.65,0,0.0,0
2014-11-10,2015-01-29,OPTSTK,IOC,330.0,CE,0.0,0.0,0.0,51.6,63.0,0,0.0,0
2014-11-10,2015-01-29,OPTSTK,IOC,340.0,CE,0.0,0.0,0.0,45.75,55.85,0,0.0,0
2014-11-10,2015-01-29,OPTSTK,IOC,350.0,CE,0.0,0.0,0.0,40.4,49.15,0,0.0,0
2014-11-10,2015-01-29,OPTSTK,IOC,360.0,CE,0.0,0.0,0.0,35.5,43.0,0,0.0,0
2014-11-10,2015-01-29,OPTSTK,IOC,370.0,CE,0.0,0.0,0.0,31.05,37.4,0,0.0,0
2014-11-10,2015-01-29,OPTSTK,IOC,380.0,CE,0.0,0.0,0.0,27.05,32.35,0,0.0,0
2014-11-10,2015-01-29,OPTSTK,IOC,390.0,CE,0.0,0.0,0.0,23.5,27.75,0,0.0,0
2014-11-10,2015-01-29,OPTSTK,IOC,400.0,CE,0.0,0.0,0.0,20.3,23.7,0,0.0,0
2014-11-10,2015-01-29,OPTSTK,IOC,410.0,CE,0.0,0.0,0.0,17.5,20.15,0,0.0,0
2014-11-10,2015-01-29,OPTSTK,IOC,420.0,CE,0.0,0.0,0.0,15.05,17.0,0,0.0,0
2014-11-10,2015-01-29,OPTSTK,IOC,430.0,CE,0.0,0.0,0.0,12.9,14.3,0,0.0,0
2014-11-10,2015-01-29,OPTSTK,IOC,440.0,CE,0.0,0.0,0.0,11.0,12.0,0,0.0,0
2014-11-10,2015-01-29,OPTSTK,IOC,450.0,CE,0.0,0.0,0.0,9.35,9.95,0,0.0,0
2014-11-10,2015-01-29,OPTSTK,IOC,460.0,CE,0.0,0.0,0.0,7.95,8.25,0,0.0,0
2014-11-10,2015-01-29,OPTSTK,IOC,470.0,CE,0.0,0.0,0.0,6.75,6.8,0,0.0,0
2014-11-10,2015-01-29,OPTSTK,IOC,230.0,PE,0.0,0.0,0.0,0.6,0.1,0,0.0,0
2014-11-10,2015-01-29,OPTSTK,IOC,240.0,PE,0.0,0.0,0.0,1.0,0.2,0,0.0,0
2014-11-10,2015-01-29,OPTSTK,IOC,250.0,PE,0.0,0.0,0.0,1.55,0.3,0,0.0,0
2014-11-10,2015-01-29,OPTSTK,IOC,260.0,PE,0.0,0.0,0.0,2.35,0.55,0,0.0,0
2014-11-10,2015-01-29,OPTSTK,IOC,270.0,PE,0.0,0.0,0.0,3.35,0.9,0,0.0,0
2014-11-10,2015-01-29,OPTSTK,IOC,280.0,PE,0.0,0.0,0.0,4.7,1.4,0,0.0,0
2014-11-10,2015-01-29,OPTSTK,IOC,290.0,PE,0.0,0.0,0.0,6.4,2.15,0,0.0,0
2014-11-10,2015-01-29,OPTSTK,IOC,300.0,PE,0.0,0.0,0.0,8.5,3.2,0,0.0,0
2014-11-10,2015-01-29,OPTSTK,IOC,310.0,PE,0.0,0.0,0.0,11.05,4.55,0,0.0,0
2014-11-10,2015-01-29,OPTSTK,IOC,320.0,PE,0.0,0.0,0.0,14.0,6.25,0,0.0,0
2014-11-10,2015-01-29,OPTSTK,IOC,330.0,PE,0.0,0.0,0.0,17.45,8.45,0,0.0,0
2014-11-10,2015-01-29,OPTSTK,IOC,340.0,PE,0.0,0.0,0.0,21.35,11.1,0,0.0,0
2014-11-10,2015-01-29,OPTSTK,IOC,350.0,PE,0.0,0.0,0.0,25.8,14.2,0,0.0,0
2014-11-10,2015-01-29,OPTSTK,IOC,360.0,PE,0.0,0.0,0.0,30.65,17.9,0,0.0,0
2014-11-10,2015-01-29,OPTSTK,IOC,370.0,PE,0.0,0.0,0.0,36.0,22.1,0,0.0,0
2014-11-10,2015-01-29,OPTSTK,IOC,380.0,PE,0.0,0.0,0.0,41.8,26.85,0,0.0,0
2014-11-10,2015-01-29,OPTSTK,IOC,390.0,PE,0.0,0.0,0.0,48.0,32.1,0,0.0,0
2014-11-10,2015-01-29,OPTSTK,IOC,400.0,PE,0.0,0.0,0.0,54.65,37.85,0,0.0,0
2014-11-10,2015-01-29,OPTSTK,IOC,410.0,PE,0.0,0.0,0.0,61.6,44.1,0,0.0,0
2014-11-10,2015-01-29,OPTSTK,IOC,420.0,PE,0.0,0.0,0.0,68.95,50.75,0,0.0,0
2014-11-10,2015-01-29,OPTSTK,IOC,430.0,PE,0.0,0.0,0.0,76.55,57.85,0,0.0,0
2014-11-10,2015-01-29,OPTSTK,IOC,440.0,PE,0.0,0.0,0.0,84.45,65.35,0,0.0,0
2014-11-10,2015-01-29,OPTSTK,IOC,450.0,PE,0.0,0.0,0.0,92.6,73.15,0,0.0,0
2014-11-10,2015-01-29,OPTSTK,IOC,460.0,PE,0.0,0.0,0.0,101.0,81.25,0,0.0,0
2014-11-10,2015-01-29,OPTSTK,IOC,470.0,PE,0.0,0.0,0.0,109.55,89.6,0,0.0,0
2014-11-10,2014-11-27,OPTSTK,IRB,160.0,CE,0.0,0.0,0.0,95.8,113.85,0,0.0,0
2014-11-10,2014-11-27,OPTSTK,IRB,170.0,CE,0.0,0.0,0.0,86.7,103.9,0,0.0,0
2014-11-10,2014-11-27,OPTSTK,IRB,180.0,CE,0.0,0.0,0.0,77.9,93.95,0,0.0,0
2014-11-10,2014-11-27,OPTSTK,IRB,190.0,CE,0.0,0.0,0.0,69.5,83.95,0,0.0,0
2014-11-10,2014-11-27,OPTSTK,IRB,200.0,CE,0.0,0.0,0.0,61.6,74.0,0,0.0,0
2014-11-10,2014-11-27,OPTSTK,IRB,210.0,CE,0.0,0.0,0.0,35.0,64.05,0,0.0,4000
2014-11-10,2014-11-27,OPTSTK,IRB,220.0,CE,0.0,0.0,0.0,15.3,54.2,0,0.0,4000
2014-11-10,2014-11-27,OPTSTK,IRB,230.0,CE,0.0,0.0,0.0,34.0,44.45,0,0.0,20000
2014-11-10,2014-11-27,OPTSTK,IRB,240.0,CE,27.2,34.75,27.2,34.4,34.4,9,24.25,100000
2014-11-10,2014-11-27,OPTSTK,IRB,250.0,CE,18.2,26.8,17.75,26.0,26.0,90,245.32,194000
2014-11-10,2014-11-27,OPTSTK,IRB,260.0,CE,12.75,19.4,11.5,18.4,18.4,1124,3101.07,521000
2014-11-10,2014-11-27,OPTSTK,IRB,270.0,CE,7.85,12.95,7.1,12.0,12.0,1815,5087.7,445000
2014-11-10,2014-11-27,OPTSTK,IRB,280.0,CE,4.35,8.05,4.05,7.6,7.6,1136,3254.92,683000
2014-11-10,2014-11-27,OPTSTK,IRB,290.0,CE,2.7,4.8,2.3,4.55,4.55,296,869.81,212000
2014-11-10,2014-11-27,OPTSTK,IRB,300.0,CE,1.6,2.8,1.4,2.65,2.65,267,807.09,170000
2014-11-10,2014-11-27,OPTSTK,IRB,310.0,CE,1.0,1.6,1.0,1.5,1.5,65,202.35,60000
2014-11-10,2014-11-27,OPTSTK,IRB,320.0,CE,0.5,0.95,0.5,0.95,0.95,8,25.66,10000
2014-11-10,2014-11-27,OPTSTK,IRB,160.0,PE,0.0,0.0,0.0,0.95,0.0,0,0.0,0
2014-11-10,2014-11-27,OPTSTK,IRB,170.0,PE,0.0,0.0,0.0,1.6,0.0,0,0.0,0
2014-11-10,2014-11-27,OPTSTK,IRB,180.0,PE,0.0,0.0,0.0,2.6,0.0,0,0.0,0
2014-11-10,2014-11-27,OPTSTK,IRB,190.0,PE,0.0,0.0,0.0,4.05,0.0,0,0.0,0
2014-11-10,2014-11-27,OPTSTK,IRB,200.0,PE,0.2,0.4,0.2,0.4,0.4,3,6.0,1000
2014-11-10,2014-11-27,OPTSTK,IRB,210.0,PE,0.4,0.5,0.4,0.5,0.5,5,10.52,32000
2014-11-10,2014-11-27,OPTSTK,IRB,220.0,PE,1.0,1.0,0.5,0.55,0.55,25,55.17,144000
2014-11-10,2014-11-27,OPTSTK,IRB,230.0,PE,1.35,1.4,0.75,0.8,0.8,125,288.87,162000
2014-11-10,2014-11-27,OPTSTK,IRB,240.0,PE,2.8,2.85,1.35,1.55,1.55,182,440.21,198000
2014-11-10,2014-11-27,OPTSTK,IRB,250.0,PE,5.05,5.3,2.55,2.85,2.85,390,989.9,294000
2014-11-10,2014-11-27,OPTSTK,IRB,260.0,PE,8.6,9.0,4.55,5.0,5.0,610,1625.58,188000
2014-11-10,2014-11-27,OPTSTK,IRB,270.0,PE,14.45,14.45,8.05,8.65,8.65,269,752.98,139000
2014-11-10,2014-11-27,OPTSTK,IRB,280.0,PE,18.45,18.45,17.75,17.75,17.75,2,5.96,1000
2014-11-10,2014-11-27,OPTSTK,IRB,290.0,PE,24.75,24.75,24.2,24.2,24.2,3,9.43,3000
2014-11-10,2014-11-27,OPTSTK,IRB,300.0,PE,0.0,0.0,0.0,44.3,28.3,0,0.0,4000
2014-11-10,2014-11-27,OPTSTK,IRB,310.0,PE,0.0,0.0,0.0,62.95,37.0,0,0.0,0
2014-11-10,2014-11-27,OPTSTK,IRB,320.0,PE,0.0,0.0,0.0,70.9,46.25,0,0.0,0
2014-11-10,2014-12-24,OPTSTK,IRB,160.0,CE,0.0,0.0,0.0,75.85,114.9,0,0.0,0
2014-11-10,2014-12-24,OPTSTK,IRB,170.0,CE,0.0,0.0,0.0,66.95,105.0,0,0.0,0
2014-11-10,2014-12-24,OPTSTK,IRB,180.0,CE,0.0,0.0,0.0,58.45,95.15,0,0.0,0
2014-11-10,2014-12-24,OPTSTK,IRB,190.0,CE,0.0,0.0,0.0,50.5,85.3,0,0.0,0
2014-11-10,2014-12-24,OPTSTK,IRB,200.0,CE,0.0,0.0,0.0,43.15,75.6,0,0.0,0
2014-11-10,2014-12-24,OPTSTK,IRB,210.0,CE,0.0,0.0,0.0,36.5,66.0,0,0.0,0
2014-11-10,2014-12-24,OPTSTK,IRB,220.0,CE,0.0,0.0,0.0,30.55,56.75,0,0.0,0
2014-11-10,2014-12-24,OPTSTK,IRB,230.0,CE,0.0,0.0,0.0,25.35,47.95,0,0.0,0
2014-11-10,2014-12-24,OPTSTK,IRB,240.0,CE,0.0,0.0,0.0,20.85,39.75,0,0.0,0
2014-11-10,2014-12-24,OPTSTK,IRB,250.0,CE,0.0,0.0,0.0,16.95,32.3,0,0.0,0
2014-11-10,2014-12-24,OPTSTK,IRB,260.0,CE,0.0,0.0,0.0,13.7,25.7,0,0.0,0
2014-11-10,2014-12-24,OPTSTK,IRB,270.0,CE,0.0,0.0,0.0,11.0,20.05,0,0.0,0
2014-11-10,2014-12-24,OPTSTK,IRB,280.0,CE,14.0,14.0,14.0,14.0,14.0,2,5.88,2000
2014-11-10,2014-12-24,OPTSTK,IRB,290.0,CE,0.0,0.0,0.0,6.95,11.45,0,0.0,0
2014-11-10,2014-12-24,OPTSTK,IRB,300.0,CE,0.0,0.0,0.0,5.45,8.4,0,0.0,0
2014-11-10,2014-12-24,OPTSTK,IRB,310.0,CE,0.0,0.0,0.0,4.3,6.05,0,0.0,0
2014-11-10,2014-12-24,OPTSTK,IRB,320.0,CE,0.0,0.0,0.0,3.35,4.3,0,0.0,0
2014-11-10,2014-12-24,OPTSTK,IRB,160.0,PE,0.0,0.0,0.0,1.05,0.0,0,0.0,0
2014-11-10,2014-12-24,OPTSTK,IRB,170.0,PE,0.0,0.0,0.0,1.9,0.05,0,0.0,0
2014-11-10,2014-12-24,OPTSTK,IRB,180.0,PE,0.0,0.0,0.0,3.2,0.05,0,0.0,0
2014-11-10,2014-12-24,OPTSTK,IRB,190.0,PE,0.0,0.0,0.0,5.05,0.1,0,0.0,0
2014-11-10,2014-12-24,OPTSTK,IRB,200.0,PE,0.0,0.0,0.0,7.5,0.3,0,0.0,0
2014-11-10,2014-12-24,OPTSTK,IRB,210.0,PE,0.0,0.0,0.0,10.6,0.6,0,0.0,0
2014-11-10,2014-12-24,OPTSTK,IRB,220.0,PE,0.0,0.0,0.0,14.45,1.25,0,0.0,0
2014-11-10,2014-12-24,OPTSTK,IRB,230.0,PE,0.0,0.0,0.0,19.05,2.35,0,0.0,0
2014-11-10,2014-12-24,OPTSTK,IRB,240.0,PE,0.0,0.0,0.0,24.3,4.05,0,0.0,0
2014-11-10,2014-12-24,OPTSTK,IRB,250.0,PE,0.0,0.0,0.0,30.2,6.5,0,0.0,0
2014-11-10,2014-12-24,OPTSTK,IRB,260.0,PE,0.0,0.0,0.0,36.75,9.8,0,0.0,0
2014-11-10,2014-12-24,OPTSTK,IRB,270.0,PE,0.0,0.0,0.0,43.8,14.0,0,0.0,0
2014-11-10,2014-12-24,OPTSTK,IRB,280.0,PE,0.0,0.0,0.0,51.35,19.15,0,0.0,0
2014-11-10,2014-12-24,OPTSTK,IRB,290.0,PE,0.0,0.0,0.0,59.3,25.2,0,0.0,0
2014-11-10,2014-12-24,OPTSTK,IRB,300.0,PE,0.0,0.0,0.0,67.65,32.05,0,0.0,0
2014-11-10,2014-12-24,OPTSTK,IRB,310.0,PE,0.0,0.0,0.0,76.2,39.6,0,0.0,0
2014-11-10,2014-12-24,OPTSTK,IRB,320.0,PE,0.0,0.0,0.0,85.05,47.75,0,0.0,0
2014-11-10,2015-01-29,OPTSTK,IRB,160.0,CE,0.0,0.0,0.0,98.15,116.3,0,0.0,0
2014-11-10,2015-01-29,OPTSTK,IRB,170.0,CE,0.0,0.0,0.0,88.55,106.6,0,0.0,0
2014-11-10,2015-01-29,OPTSTK,IRB,180.0,CE,0.0,0.0,0.0,79.15,96.95,0,0.0,0
2014-11-10,2015-01-29,OPTSTK,IRB,190.0,CE,0.0,0.0,0.0,70.0,87.5,0,0.0,0
2014-11-10,2015-01-29,OPTSTK,IRB,200.0,CE,0.0,0.0,0.0,61.25,78.25,0,0.0,0
2014-11-10,2015-01-29,OPTSTK,IRB,210.0,CE,0.0,0.0,0.0,53.0,69.3,0,0.0,0
2014-11-10,2015-01-29,OPTSTK,IRB,220.0,CE,0.0,0.0,0.0,45.3,60.8,0,0.0,0
2014-11-10,2015-01-29,OPTSTK,IRB,230.0,CE,0.0,0.0,0.0,38.3,52.75,0,0.0,0
2014-11-10,2015-01-29,OPTSTK,IRB,240.0,CE,0.0,0.0,0.0,31.95,45.35,0,0.0,0
2014-11-10,2015-01-29,OPTSTK,IRB,250.0,CE,0.0,0.0,0.0,26.4,38.55,0,0.0,0
2014-11-10,2015-01-29,OPTSTK,IRB,260.0,CE,0.0,0.0,0.0,21.55,32.4,0,0.0,0
2014-11-10,2015-01-29,OPTSTK,IRB,270.0,CE,0.0,0.0,0.0,17.4,27.0,0,0.0,0
2014-11-10,2015-01-29,OPTSTK,IRB,280.0,CE,0.0,0.0,0.0,13.9,22.3,0,0.0,0
2014-11-10,2015-01-29,OPTSTK,IRB,290.0,CE,0.0,0.0,0.0,11.0,18.2,0,0.0,0
2014-11-10,2015-01-29,OPTSTK,IRB,300.0,CE,0.0,0.0,0.0,8.65,14.75,0,0.0,0
2014-11-10,2015-01-29,OPTSTK,IRB,310.0,CE,0.0,0.0,0.0,6.75,11.85,0,0.0,0
2014-11-10,2015-01-29,OPTSTK,IRB,320.0,CE,0.0,0.0,0.0,4.0,9.45,0,0.0,0
2014-11-10,2015-01-29,OPTSTK,IRB,160.0,PE,0.0,0.0,0.0,0.2,0.1,0,0.0,0
2014-11-10,2015-01-29,OPTSTK,IRB,170.0,PE,0.0,0.0,0.0,0.4,0.15,0,0.0,0
2014-11-10,2015-01-29,OPTSTK,IRB,180.0,PE,0.0,0.0,0.0,0.75,0.35,0,0.0,0
2014-11-10,2015-01-29,OPTSTK,IRB,190.0,PE,0.0,0.0,0.0,1.4,0.7,0,0.0,0
2014-11-10,2015-01-29,OPTSTK,IRB,200.0,PE,0.0,0.0,0.0,2.45,1.25,0,0.0,0
2014-11-10,2015-01-29,OPTSTK,IRB,210.0,PE,0.0,0.0,0.0,3.95,2.1,0,0.0,0
2014-11-10,2015-01-29,OPTSTK,IRB,220.0,PE,0.0,0.0,0.0,6.05,3.4,0,0.0,0
2014-11-10,2015-01-29,OPTSTK,IRB,230.0,PE,0.0,0.0,0.0,8.8,5.2,0,0.0,0
2014-11-10,2015-01-29,OPTSTK,IRB,240.0,PE,0.0,0.0,0.0,12.3,7.6,0,0.0,0
2014-11-10,2015-01-29,OPTSTK,IRB,250.0,PE,0.0,0.0,0.0,16.5,10.6,0,0.0,0
2014-11-10,2015-01-29,OPTSTK,IRB,260.0,PE,0.0,0.0,0.0,21.4,14.3,0,0.0,0
2014-11-10,2015-01-29,OPTSTK,IRB,270.0,PE,0.0,0.0,0.0,27.05,18.7,0,0.0,0
2014-11-10,2015-01-29,OPTSTK,IRB,280.0,PE,0.0,0.0,0.0,33.35,23.8,0,0.0,0
2014-11-10,2015-01-29,OPTSTK,IRB,290.0,PE,0.0,0.0,0.0,40.25,29.5,0,0.0,0
2014-11-10,2015-01-29,OPTSTK,IRB,300.0,PE,0.0,0.0,0.0,47.7,35.85,0,0.0,0
2014-11-10,2015-01-29,OPTSTK,IRB,310.0,PE,0.0,0.0,0.0,55.55,42.75,0,0.0,0
2014-11-10,2015-01-29,OPTSTK,IRB,320.0,PE,0.0,0.0,0.0,63.8,50.2,0,0.0,0
2014-11-10,2014-11-27,OPTSTK,ITC,260.0,CE,0.0,0.0,0.0,100.85,112.75,0,0.0,0
2014-11-10,2014-11-27,OPTSTK,ITC,265.0,CE,0.0,0.0,0.0,95.95,107.75,0,0.0,0
2014-11-10,2014-11-27,OPTSTK,ITC,270.0,CE,0.0,0.0,0.0,91.1,102.8,0,0.0,0
2014-11-10,2014-11-27,OPTSTK,ITC,275.0,CE,0.0,0.0,0.0,86.25,97.8,0,0.0,0
2014-11-10,2014-11-27,OPTSTK,ITC,280.0,CE,0.0,0.0,0.0,81.4,92.85,0,0.0,0
2014-11-10,2014-11-27,OPTSTK,ITC,285.0,CE,0.0,0.0,0.0,76.55,87.85,0,0.0,0
2014-11-10,2014-11-27,OPTSTK,ITC,290.0,CE,0.0,0.0,0.0,71.75,82.85,0,0.0,0
2014-11-10,2014-11-27,OPTSTK,ITC,295.0,CE,0.0,0.0,0.0,67.0,77.9,0,0.0,0
2014-11-10,2014-11-27,OPTSTK,ITC,300.0,CE,0.0,0.0,0.0,62.3,72.9,0,0.0,0
2014-11-10,2014-11-27,OPTSTK,ITC,305.0,CE,0.0,0.0,0.0,57.7,67.95,0,0.0,0
2014-11-10,2014-11-27,OPTSTK,ITC,310.0,CE,0.0,0.0,0.0,53.15,62.95,0,0.0,0
2014-11-10,2014-11-27,OPTSTK,ITC,315.0,CE,0.0,0.0,0.0,48.75,58.0,0,0.0,0
2014-11-10,2014-11-27,OPTSTK,ITC,320.0,CE,0.0,0.0,0.0,44.45,53.0,0,0.0,0
2014-11-10,2014-11-27,OPTSTK,ITC,325.0,CE,0.0,0.0,0.0,40.3,48.1,0,0.0,0
2014-11-10,2014-11-27,OPTSTK,ITC,330.0,CE,0.0,0.0,0.0,30.65,43.2,0,0.0,4000
2014-11-10,2014-11-27,OPTSTK,ITC,335.0,CE,0.0,0.0,0.0,20.85,38.4,0,0.0,5000
2014-11-10,2014-11-27,OPTSTK,ITC,340.0,CE,25.2,30.6,25.2,30.6,30.6,10,36.79,31000
2014-11-10,2014-11-27,OPTSTK,ITC,345.0,CE,0.0,0.0,0.0,15.0,29.1,0,0.0,3000
2014-11-10,2014-11-27,OPTSTK,ITC,350.0,CE,12.0,23.5,12.0,22.65,22.65,133,491.03,150000
2014-11-10,2014-11-27,OPTSTK,ITC,355.0,CE,10.5,17.9,10.0,17.7,17.7,49,180.37,56000
2014-11-10,2014-11-27,OPTSTK,ITC,360.0,CE,5.75,15.0,5.75,14.45,14.45,1945,7195.55,373000
2014-11-10,2014-11-27,OPTSTK,ITC,365.0,CE,4.45,11.25,4.45,10.95,10.95,630,2349.99,105000
2014-11-10,2014-11-27,OPTSTK,ITC,370.0,CE,3.0,8.3,2.7,7.95,7.95,2469,9275.0,649000
2014-11-10,2014-11-27,OPTSTK,ITC,375.0,CE,1.9,5.75,1.9,5.4,5.4,544,2062.43,131000
2014-11-10,2014-11-27,OPTSTK,ITC,380.0,CE,1.0,3.95,1.0,3.75,3.75,816,3124.02,563000
2014-11-10,2014-11-27,OPTSTK,ITC,385.0,CE,0.7,2.6,0.7,2.4,2.4,112,433.2,141000
2014-11-10,2014-11-27,OPTSTK,ITC,390.0,CE,0.35,1.8,0.35,1.65,1.65,389,1522.22,287000
2014-11-10,2014-11-27,OPTSTK,ITC,395.0,CE,0.5,1.2,0.5,1.15,1.15,30,118.74,4000
2014-11-10,2014-11-27,OPTSTK,ITC,400.0,CE,0.4,0.8,0.35,0.8,0.8,216,865.41,172000
2014-11-10,2014-11-27,OPTSTK,ITC,405.0,CE,0.0,0.0,0.0,3.55,1.0,0,0.0,0
2014-11-10,2014-11-27,OPTSTK,ITC,410.0,CE,0.35,0.45,0.3,0.4,0.4,17,69.75,15000
2014-11-10,2014-11-27,OPTSTK,ITC,415.0,CE,0.0,0.0,0.0,2.35,0.4,0,0.0,0
2014-11-10,2014-11-27,OPTSTK,ITC,420.0,CE,0.0,0.0,0.0,1.85,0.25,0,0.0,0
2014-11-10,2014-11-27,OPTSTK,ITC,425.0,CE,0.0,0.0,0.0,1.5,0.15,0,0.0,0
2014-11-10,2014-11-27,OPTSTK,ITC,260.0,PE,0.0,0.0,0.0,0.05,0.0,0,0.0,0
2014-11-10,2014-11-27,OPTSTK,ITC,265.0,PE,0.0,0.0,0.0,0.05,0.0,0,0.0,0
2014-11-10,2014-11-27,OPTSTK,ITC,270.0,PE,0.0,0.0,0.0,0.05,0.0,0,0.0,0
2014-11-10,2014-11-27,OPTSTK,ITC,275.0,PE,0.0,0.0,0.0,0.1,0.0,0,0.0,0
2014-11-10,2014-11-27,OPTSTK,ITC,280.0,PE,0.0,0.0,0.0,0.15,0.0,0,0.0,0
2014-11-10,2014-11-27,OPTSTK,ITC,285.0,PE,0.0,0.0,0.0,0.2,0.0,0,0.0,0
2014-11-10,2014-11-27,OPTSTK,ITC,290.0,PE,0.0,0.0,0.0,0.3,0.0,0,0.0,0
2014-11-10,2014-11-27,OPTSTK,ITC,295.0,PE,0.0,0.0,0.0,0.45,0.0,0,0.0,0
2014-11-10,2014-11-27,OPTSTK,ITC,300.0,PE,0.0,0.0,0.0,0.65,0.0,0,0.0,0
2014-11-10,2014-11-27,OPTSTK,ITC,305.0,PE,0.0,0.0,0.0,0.9,0.0,0,0.0,0
2014-11-10,2014-11-27,OPTSTK,ITC,310.0,PE,0.0,0.0,0.0,1.25,0.05,0,0.0,0
2014-11-10,2014-11-27,OPTSTK,ITC,315.0,PE,0.0,0.0,0.0,1.75,0.05,0,0.0,0
2014-11-10,2014-11-27,OPTSTK,ITC,320.0,PE,0.15,0.15,0.1,0.15,0.15,5,16.0,11000
2014-11-10,2014-11-27,OPTSTK,ITC,325.0,PE,0.0,0.0,0.0,3.1,0.1,0,0.0,0
2014-11-10,2014-11-27,OPTSTK,ITC,330.0,PE,0.25,0.3,0.05,0.2,0.2,65,214.59,62000
2014-11-10,2014-11-27,OPTSTK,ITC,335.0,PE,0.4,0.4,0.25,0.25,0.25,8,26.82,65000
2014-11-10,2014-11-27,OPTSTK,ITC,340.0,PE,0.6,0.6,0.35,0.35,0.35,131,445.97,304000
2014-11-10,2014-11-27,OPTSTK,ITC,345.0,PE,0.8,0.95,0.55,0.55,0.55,37,127.9,112000
2014-11-10,2014-11-27,OPTSTK,ITC,350.0,PE,2.05,2.2,0.75,0.9,0.9,638,2240.93,462000
2014-11-10,2014-11-27,OPTSTK,ITC,355.0,PE,4.45,4.45,1.35,1.45,1.45,221,788.94,199000
2014-11-10,2014-11-27,OPTSTK,ITC,360.0,PE,6.05,6.05,2.15,2.3,2.3,1207,4382.24,518000
2014-11-10,2014-11-27,OPTSTK,ITC,365.0,PE,6.15,6.5,3.4,3.6,3.6,260,961.05,136000
2014-11-10,2014-11-27,OPTSTK,ITC,370.0,PE,9.3,9.6,5.4,5.6,5.6,272,1023.33,188000
2014-11-10,2014-11-27,OPTSTK,ITC,375.0,PE,13.0,13.0,7.8,7.9,7.9,12,46.1,7000
2014-11-10,2014-11-27,OPTSTK,ITC,380.0,PE,0.0,0.0,0.0,22.4,12.95,0,0.0,6000
2014-11-10,2014-11-27,OPTSTK,ITC,385.0,PE,0.0,0.0,0.0,29.15,16.3,0,0.0,0
2014-11-10,2014-11-27,OPTSTK,ITC,390.0,PE,19.0,19.5,18.3,18.9,18.9,3,12.26,3000
2014-11-10,2014-11-27,OPTSTK,ITC,395.0,PE,0.0,0.0,0.0,36.55,24.0,0,0.0,0
2014-11-10,2014-11-27,OPTSTK,ITC,400.0,PE,0.0,0.0,0.0,40.55,28.25,0,0.0,0
2014-11-10,2014-11-27,OPTSTK,ITC,405.0,PE,0.0,0.0,0.0,44.65,32.7,0,0.0,0
2014-11-10,2014-11-27,OPTSTK,ITC,410.0,PE,0.0,0.0,0.0,48.85,37.35,0,0.0,0
2014-11-10,2014-11-27,OPTSTK,ITC,415.0,PE,0.0,0.0,0.0,53.2,42.1,0,0.0,0
2014-11-10,2014-11-27,OPTSTK,ITC,420.0,PE,0.0,0.0,0.0,57.65,46.9,0,0.0,0
2014-11-10,2014-11-27,OPTSTK,ITC,425.0,PE,0.0,0.0,0.0,62.15,51.8,0,0.0,0
2014-11-10,2014-12-24,OPTSTK,ITC,275.0,CE,0.0,0.0,0.0,107.7,99.6,0,0.0,0
2014-11-10,2014-12-24,OPTSTK,ITC,280.0,CE,0.0,0.0,0.0,102.8,94.65,0,0.0,0
2014-11-10,2014-12-24,OPTSTK,ITC,285.0,CE,0.0,0.0,0.0,97.95,89.75,0,0.0,0
2014-11-10,2014-12-24,OPTSTK,ITC,290.0,CE,0.0,0.0,0.0,93.1,84.8,0,0.0,0
2014-11-10,2014-12-24,OPTSTK,ITC,295.0,CE,0.0,0.0,0.0,88.25,79.9,0,0.0,0
2014-11-10,2014-12-24,OPTSTK,ITC,300.0,CE,0.0,0.0,0.0,83.45,75.0,0,0.0,0
2014-11-10,2014-12-24,OPTSTK,ITC,305.0,CE,0.0,0.0,0.0,78.7,70.1,0,0.0,0
2014-11-10,2014-12-24,OPTSTK,ITC,310.0,CE,0.0,0.0,0.0,73.95,65.3,0,0.0,0
2014-11-10,2014-12-24,OPTSTK,ITC,315.0,CE,0.0,0.0,0.0,69.3,60.5,0,0.0,0
2014-11-10,2014-12-24,OPTSTK,ITC,320.0,CE,0.0,0.0,0.0,64.7,55.8,0,0.0,0
2014-11-10,2014-12-24,OPTSTK,ITC,325.0,CE,0.0,0.0,0.0,60.15,51.2,0,0.0,0
2014-11-10,2014-12-24,OPTSTK,ITC,330.0,CE,0.0,0.0,0.0,55.75,46.7,0,0.0,0
2014-11-10,2014-12-24,OPTSTK,ITC,335.0,CE,0.0,0.0,0.0,51.45,42.3,0,0.0,0
2014-11-10,2014-12-24,OPTSTK,ITC,340.0,CE,0.0,0.0,0.0,47.25,38.1,0,0.0,0
2014-11-10,2014-12-24,OPTSTK,ITC,345.0,CE,0.0,0.0,0.0,43.25,34.1,0,0.0,0
2014-11-10,2014-12-24,OPTSTK,ITC,350.0,CE,0.0,0.0,0.0,39.4,30.25,0,0.0,0
2014-11-10,2014-12-24,OPTSTK,ITC,355.0,CE,0.0,0.0,0.0,35.7,26.7,0,0.0,0
2014-11-10,2014-12-24,OPTSTK,ITC,360.0,CE,0.0,0.0,0.0,32.2,23.35,0,0.0,0
2014-11-10,2014-12-24,OPTSTK,ITC,365.0,CE,0.0,0.0,0.0,28.9,20.25,0,0.0,0
2014-11-10,2014-12-24,OPTSTK,ITC,370.0,CE,9.5,12.0,9.0,12.0,12.0,5,19.03,6000
2014-11-10,2014-12-24,OPTSTK,ITC,375.0,CE,7.25,7.25,7.15,7.15,7.15,12,45.86,5000
2014-11-10,2014-12-24,OPTSTK,ITC,380.0,CE,5.5,7.25,5.5,6.8,6.8,22,84.85,19000
2014-11-10,2014-12-24,OPTSTK,ITC,385.0,CE,0.0,0.0,0.0,17.85,10.6,0,0.0,0
2014-11-10,2014-12-24,OPTSTK,ITC,390.0,CE,0.0,0.0,0.0,15.65,8.85,0,0.0,0
2014-11-10,2014-12-24,OPTSTK,ITC,395.0,CE,0.0,0.0,0.0,13.6,7.3,0,0.0,0
2014-11-10,2014-12-24,OPTSTK,ITC,400.0,CE,0.0,0.0,0.0,11.8,6.0,0,0.0,0
2014-11-10,2014-12-24,OPTSTK,ITC,405.0,CE,0.0,0.0,0.0,10.15,4.85,0,0.0,0
2014-11-10,2014-12-24,OPTSTK,ITC,410.0,CE,0.0,0.0,0.0,8.7,3.95,0,0.0,0
2014-11-10,2014-12-24,OPTSTK,ITC,415.0,CE,0.0,0.0,0.0,7.45,3.15,0,0.0,0
2014-11-10,2014-12-24,OPTSTK,ITC,420.0,CE,0.0,0.0,0.0,6.35,2.5,0,0.0,0
2014-11-10,2014-12-24,OPTSTK,ITC,425.0,CE,0.0,0.0,0.0,0.1,1.95,0,0.0,0
2014-11-10,2014-12-24,OPTSTK,ITC,275.0,PE,0.0,0.0,0.0,0.05,0.05,0,0.0,0
2014-11-10,2014-12-24,OPTSTK,ITC,280.0,PE,0.0,0.0,0.0,0.05,0.05,0,0.0,0
2014-11-10,2014-12-24,OPTSTK,ITC,285.0,PE,0.0,0.0,0.0,0.1,0.05,0,0.0,0
2014-11-10,2014-12-24,OPTSTK,ITC,290.0,PE,0.0,0.0,0.0,0.15,0.05,0,0.0,0
2014-11-10,2014-12-24,OPTSTK,ITC,295.0,PE,0.0,0.0,0.0,0.2,0.1,0,0.0,0
2014-11-10,2014-12-24,OPTSTK,ITC,300.0,PE,0.0,0.0,0.0,0.25,0.15,0,0.0,0
2014-11-10,2014-12-24,OPTSTK,ITC,305.0,PE,0.0,0.0,0.0,0.4,0.2,0,0.0,0
2014-11-10,2014-12-24,OPTSTK,ITC,310.0,PE,0.0,0.0,0.0,0.55,0.35,0,0.0,0
2014-11-10,2014-12-24,OPTSTK,ITC,315.0,PE,0.0,0.0,0.0,0.8,0.5,0,0.0,0
2014-11-10,2014-12-24,OPTSTK,ITC,320.0,PE,0.0,0.0,0.0,1.05,0.75,0,0.0,0
2014-11-10,2014-12-24,OPTSTK,ITC,325.0,PE,0.0,0.0,0.0,1.45,1.1,0,0.0,0
2014-11-10,2014-12-24,OPTSTK,ITC,330.0,PE,0.0,0.0,0.0,1.9,1.55,0,0.0,0
2014-11-10,2014-12-24,OPTSTK,ITC,335.0,PE,0.0,0.0,0.0,2.5,2.1,0,0.0,0
2014-11-10,2014-12-24,OPTSTK,ITC,340.0,PE,0.0,0.0,0.0,3.2,2.85,0,0.0,0
2014-11-10,2014-12-24,OPTSTK,ITC,345.0,PE,0.0,0.0,0.0,4.1,3.75,0,0.0,0
2014-11-10,2014-12-24,OPTSTK,ITC,350.0,PE,0.0,0.0,0.0,5.1,4.9,0,0.0,0
2014-11-10,2014-12-24,OPTSTK,ITC,355.0,PE,0.0,0.0,0.0,6.3,6.25,0,0.0,0
2014-11-10,2014-12-24,OPTSTK,ITC,360.0,PE,0.0,0.0,0.0,7.7,7.85,0,0.0,0
2014-11-10,2014-12-24,OPTSTK,ITC,365.0,PE,0.0,0.0,0.0,9.3,9.75,0,0.0,0
2014-11-10,2014-12-24,OPTSTK,ITC,370.0,PE,0.0,0.0,0.0,11.1,11.85,0,0.0,0
2014-11-10,2014-12-24,OPTSTK,ITC,375.0,PE,0.0,0.0,0.0,13.1,14.25,0,0.0,0
2014-11-10,2014-12-24,OPTSTK,ITC,380.0,PE,0.0,0.0,0.0,15.35,16.95,0,0.0,0
2014-11-10,2014-12-24,OPTSTK,ITC,385.0,PE,0.0,0.0,0.0,17.8,19.85,0,0.0,0
2014-11-10,2014-12-24,OPTSTK,ITC,390.0,PE,0.0,0.0,0.0,20.5,23.05,0,0.0,0
2014-11-10,2014-12-24,OPTSTK,ITC,395.0,PE,0.0,0.0,0.0,23.35,26.45,0,0.0,0
2014-11-10,2014-12-24,OPTSTK,ITC,400.0,PE,0.0,0.0,0.0,26.4,30.1,0,0.0,0
2014-11-10,2014-12-24,OPTSTK,ITC,405.0,PE,0.0,0.0,0.0,29.7,33.95,0,0.0,0
2014-11-10,2014-12-24,OPTSTK,ITC,410.0,PE,0.0,0.0,0.0,33.15,37.95,0,0.0,0
2014-11-10,2014-12-24,OPTSTK,ITC,415.0,PE,0.0,0.0,0.0,36.75,42.1,0,0.0,0
2014-11-10,2014-12-24,OPTSTK,ITC,420.0,PE,0.0,0.0,0.0,40.5,46.4,0,0.0,0
2014-11-10,2014-12-24,OPTSTK,ITC,425.0,PE,0.0,0.0,0.0,44.45,50.8,0,0.0,0
2014-11-10,2015-01-29,OPTSTK,ITC,275.0,CE,0.0,0.0,0.0,85.9,102.05,0,0.0,0
2014-11-10,2015-01-29,OPTSTK,ITC,280.0,CE,0.0,0.0,0.0,81.05,97.2,0,0.0,0
2014-11-10,2015-01-29,OPTSTK,ITC,285.0,CE,0.0,0.0,0.0,76.2,92.35,0,0.0,0
2014-11-10,2015-01-29,OPTSTK,ITC,290.0,CE,0.0,0.0,0.0,71.4,87.55,0,0.0,0
2014-11-10,2015-01-29,OPTSTK,ITC,295.0,CE,0.0,0.0,0.0,66.65,82.8,0,0.0,0
2014-11-10,2015-01-29,OPTSTK,ITC,300.0,CE,0.0,0.0,0.0,61.9,78.1,0,0.0,0
2014-11-10,2015-01-29,OPTSTK,ITC,305.0,CE,0.0,0.0,0.0,57.25,73.45,0,0.0,0
2014-11-10,2015-01-29,OPTSTK,ITC,310.0,CE,0.0,0.0,0.0,52.7,68.85,0,0.0,0
2014-11-10,2015-01-29,OPTSTK,ITC,315.0,CE,0.0,0.0,0.0,48.25,64.35,0,0.0,0
2014-11-10,2015-01-29,OPTSTK,ITC,320.0,CE,0.0,0.0,0.0,43.95,59.95,0,0.0,0
2014-11-10,2015-01-29,OPTSTK,ITC,325.0,CE,0.0,0.0,0.0,39.75,55.7,0,0.0,0
2014-11-10,2015-01-29,OPTSTK,ITC,330.0,CE,0.0,0.0,0.0,35.75,51.5,0,0.0,0
2014-11-10,2015-01-29,OPTSTK,ITC,335.0,CE,0.0,0.0,0.0,31.95,47.5,0,0.0,0
2014-11-10,2015-01-29,OPTSTK,ITC,340.0,CE,0.0,0.0,0.0,28.35,43.6,0,0.0,0
2014-11-10,2015-01-29,OPTSTK,ITC,345.0,CE,0.0,0.0,0.0,25.0,39.9,0,0.0,0
2014-11-10,2015-01-29,OPTSTK,ITC,350.0,CE,0.0,0.0,0.0,21.9,36.4,0,0.0,0
2014-11-10,2015-01-29,OPTSTK,ITC,355.0,CE,0.0,0.0,0.0,19.05,33.0,0,0.0,0
2014-11-10,2015-01-29,OPTSTK,ITC,360.0,CE,0.0,0.0,0.0,16.4,29.85,0,0.0,0
2014-11-10,2015-01-29,OPTSTK,ITC,365.0,CE,0.0,0.0,0.0,14.05,26.85,0,0.0,0
2014-11-10,2015-01-29,OPTSTK,ITC,370.0,CE,0.0,0.0,0.0,11.95,24.1,0,0.0,0
2014-11-10,2015-01-29,OPTSTK,ITC,375.0,CE,0.0,0.0,0.0,10.1,21.55,0,0.0,0
2014-11-10,2015-01-29,OPTSTK,ITC,380.0,CE,0.0,0.0,0.0,8.45,19.15,0,0.0,0
2014-11-10,2015-01-29,OPTSTK,ITC,385.0,CE,0.0,0.0,0.0,7.05,16.95,0,0.0,0
2014-11-10,2015-01-29,OPTSTK,ITC,390.0,CE,0.0,0.0,0.0,5.85,14.95,0,0.0,0
2014-11-10,2015-01-29,OPTSTK,ITC,395.0,CE,0.0,0.0,0.0,4.75,13.15,0,0.0,0
2014-11-10,2015-01-29,OPTSTK,ITC,400.0,CE,0.0,0.0,0.0,3.9,11.5,0,0.0,0
2014-11-10,2015-01-29,OPTSTK,ITC,405.0,CE,0.0,0.0,0.0,3.15,10.05,0,0.0,0
2014-11-10,2015-01-29,OPTSTK,ITC,410.0,CE,0.0,0.0,0.0,2.55,8.7,0,0.0,0
2014-11-10,2015-01-29,OPTSTK,ITC,415.0,CE,0.0,0.0,0.0,2.0,7.55,0,0.0,0
2014-11-10,2015-01-29,OPTSTK,ITC,420.0,CE,0.0,0.0,0.0,1.6,6.5,0,0.0,0
2014-11-10,2015-01-29,OPTSTK,ITC,425.0,CE,0.0,0.0,0.0,1.25,5.6,0,0.0,0
2014-11-10,2015-01-29,OPTSTK,ITC,275.0,PE,0.0,0.0,0.0,0.05,0.15,0,0.0,0
2014-11-10,2015-01-29,OPTSTK,ITC,280.0,PE,0.0,0.0,0.0,0.1,0.2,0,0.0,0
2014-11-10,2015-01-29,OPTSTK,ITC,285.0,PE,0.0,0.0,0.0,0.15,0.25,0,0.0,0
2014-11-10,2015-01-29,OPTSTK,ITC,290.0,PE,0.0,0.0,0.0,0.25,0.35,0,0.0,0
2014-11-10,2015-01-29,OPTSTK,ITC,295.0,PE,0.0,0.0,0.0,0.35,0.5,0,0.0,0
2014-11-10,2015-01-29,OPTSTK,ITC,300.0,PE,0.0,0.0,0.0,0.55,0.7,0,0.0,0
2014-11-10,2015-01-29,OPTSTK,ITC,305.0,PE,0.0,0.0,0.0,0.8,0.95,0,0.0,0
2014-11-10,2015-01-29,OPTSTK,ITC,310.0,PE,0.0,0.0,0.0,1.1,1.3,0,0.0,0
2014-11-10,2015-01-29,OPTSTK,ITC,315.0,PE,0.0,0.0,0.0,1.55,1.7,0,0.0,0
2014-11-10,2015-01-29,OPTSTK,ITC,320.0,PE,0.0,0.0,0.0,2.1,2.2,0,0.0,0
2014-11-10,2015-01-29,OPTSTK,ITC,325.0,PE,0.0,0.0,0.0,2.85,2.8,0,0.0,0
2014-11-10,2015-01-29,OPTSTK,ITC,330.0,PE,0.0,0.0,0.0,3.75,3.55,0,0.0,0
2014-11-10,2015-01-29,OPTSTK,ITC,335.0,PE,0.0,0.0,0.0,4.85,4.45,0,0.0,0
2014-11-10,2015-01-29,OPTSTK,ITC,340.0,PE,0.0,0.0,0.0,6.1,5.45,0,0.0,0
2014-11-10,2015-01-29,OPTSTK,ITC,345.0,PE,0.0,0.0,0.0,7.65,6.7,0,0.0,0
2014-11-10,2015-01-29,OPTSTK,ITC,350.0,PE,0.0,0.0,0.0,9.45,8.05,0,0.0,0
2014-11-10,2015-01-29,OPTSTK,ITC,355.0,PE,0.0,0.0,0.0,11.45,9.6,0,0.0,0
2014-11-10,2015-01-29,OPTSTK,ITC,360.0,PE,0.0,0.0,0.0,13.75,11.3,0,0.0,0
2014-11-10,2015-01-29,OPTSTK,ITC,365.0,PE,0.0,0.0,0.0,16.3,13.25,0,0.0,0
2014-11-10,2015-01-29,OPTSTK,ITC,370.0,PE,0.0,0.0,0.0,19.1,15.4,0,0.0,0
2014-11-10,2015-01-29,OPTSTK,ITC,375.0,PE,0.0,0.0,0.0,22.1,17.7,0,0.0,0
2014-11-10,2015-01-29,OPTSTK,ITC,380.0,PE,0.0,0.0,0.0,25.35,20.25,0,0.0,0
2014-11-10,2015-01-29,OPTSTK,ITC,385.0,PE,0.0,0.0,0.0,28.85,22.95,0,0.0,0
2014-11-10,2015-01-29,OPTSTK,ITC,390.0,PE,0.0,0.0,0.0,32.5,25.9,0,0.0,0
2014-11-10,2015-01-29,OPTSTK,ITC,395.0,PE,0.0,0.0,0.0,36.35,28.95,0,0.0,0
2014-11-10,2015-01-29,OPTSTK,ITC,400.0,PE,0.0,0.0,0.0,40.35,32.25,0,0.0,0
2014-11-10,2015-01-29,OPTSTK,ITC,405.0,PE,0.0,0.0,0.0,44.5,35.65,0,0.0,0
2014-11-10,2015-01-29,OPTSTK,ITC,410.0,PE,0.0,0.0,0.0,48.8,39.25,0,0.0,0
2014-11-10,2015-01-29,OPTSTK,ITC,415.0,PE,0.0,0.0,0.0,53.15,43.0,0,0.0,0
2014-11-10,2015-01-29,OPTSTK,ITC,420.0,PE,0.0,0.0,0.0,57.65,46.85,0,0.0,0
2014-11-10,2015-01-29,OPTSTK,ITC,425.0,PE,0.0,0.0,0.0,62.2,50.85,0,0.0,0
2014-11-10,2014-11-27,OPTSTK,JINDALSTEL,90.0,CE,0.0,0.0,0.0,145.1,66.15,0,0.0,0
2014-11-10,2014-11-27,OPTSTK,JINDALSTEL,100.0,CE,0.0,0.0,0.0,135.55,56.25,0,0.0,0
2014-11-10,2014-11-27,OPTSTK,JINDALSTEL,110.0,CE,0.0,0.0,0.0,38.0,46.5,0,0.0,1000
2014-11-10,2014-11-27,OPTSTK,JINDALSTEL,120.0,CE,0.0,0.0,0.0,36.75,37.15,0,0.0,2000
2014-11-10,2014-11-27,OPTSTK,JINDALSTEL,130.0,CE,0.0,0.0,0.0,42.6,28.6,0,0.0,34000
2014-11-10,2014-11-27,OPTSTK,JINDALSTEL,140.0,CE,21.05,21.05,18.95,18.95,18.95,21,33.5,53000
2014-11-10,2014-11-27,OPTSTK,JINDALSTEL,150.0,CE,14.65,15.5,11.0,11.3,11.3,102,165.4,140000
2014-11-10,2014-11-27,OPTSTK,JINDALSTEL,160.0,CE,9.05,9.65,5.7,6.0,6.0,636,1059.55,629000
2014-11-10,2014-11-27,OPTSTK,JINDALSTEL,170.0,CE,5.05,5.4,2.85,3.0,3.0,635,1101.43,983000
2014-11-10,2014-11-27,OPTSTK,JINDALSTEL,180.0,CE,2.1,2.55,1.3,1.4,1.4,377,684.55,950000
2014-11-10,2014-11-27,OPTSTK,JINDALSTEL,190.0,CE,1.25,1.25,0.7,0.75,0.75,90,171.73,248000
2014-11-10,2014-11-27,OPTSTK,JINDALSTEL,200.0,CE,0.5,0.6,0.3,0.45,0.45,43,86.18,354000
2014-11-10,2014-11-27,OPTSTK,JINDALSTEL,210.0,CE,0.0,0.0,0.0,51.1,0.85,0,0.0,0
2014-11-10,2014-11-27,OPTSTK,JINDALSTEL,220.0,CE,0.0,0.0,0.0,0.25,0.5,0,0.0,9000
2014-11-10,2014-11-27,OPTSTK,JINDALSTEL,230.0,CE,0.0,0.0,0.0,41.4,0.3,0,0.0,0
2014-11-10,2014-11-27,OPTSTK,JINDALSTEL,240.0,CE,0.0,0.0,0.0,0.3,0.15,0,0.0,0
2014-11-10,2014-11-27,OPTSTK,JINDALSTEL,250.0,CE,0.0,0.0,0.0,5.3,0.1,0,0.0,2000
2014-11-10,2014-11-27,OPTSTK,JINDALSTEL,260.0,CE,0.0,0.0,0.0,29.9,0.05,0,0.0,0
2014-11-10,2014-11-27,OPTSTK,JINDALSTEL,270.0,CE,0.0,0.0,0.0,26.75,0.05,0,0.0,0
2014-11-10,2014-11-27,OPTSTK,JINDALSTEL,280.0,CE,0.0,0.0,0.0,0.05,0.05,0,0.0,1000
2014-11-10,2014-11-27,OPTSTK,JINDALSTEL,290.0,CE,0.0,0.0,0.0,21.4,0.05,0,0.0,0
2014-11-10,2014-11-27,OPTSTK,JINDALSTEL,300.0,CE,0.0,0.0,0.0,19.1,0.0,0,0.0,0
2014-11-10,2014-11-27,OPTSTK,JINDALSTEL,310.0,CE,0.0,0.0,0.0,17.05,0.0,0,0.0,0
2014-11-10,2014-11-27,OPTSTK,JINDALSTEL,320.0,CE,0.0,0.0,0.0,15.2,0.0,0,0.0,0
2014-11-10,2014-11-27,OPTSTK,JINDALSTEL,330.0,CE,0.0,0.0,0.0,13.6,0.0,0,0.0,0
2014-11-10,2014-11-27,OPTSTK,JINDALSTEL,340.0,CE,0.0,0.0,0.0,12.1,0.0,0,0.0,0
2014-11-10,2014-11-27,OPTSTK,JINDALSTEL,350.0,CE,0.0,0.0,0.0,10.8,0.0,0,0.0,0
2014-11-10,2014-11-27,OPTSTK,JINDALSTEL,360.0,CE,0.0,0.0,0.0,9.65,0.0,0,0.0,0
2014-11-10,2014-11-27,OPTSTK,JINDALSTEL,370.0,CE,0.0,0.0,0.0,8.6,0.0,0,0.0,0
2014-11-10,2014-11-27,OPTSTK,JINDALSTEL,90.0,PE,0.0,0.0,0.0,0.2,0.05,0,0.0,0
2014-11-10,2014-11-27,OPTSTK,JINDALSTEL,100.0,PE,0.05,0.1,0.05,0.1,0.1,2,2.0,63000
2014-11-10,2014-11-27,OPTSTK,JINDALSTEL,110.0,PE,0.0,0.0,0.0,0.4,0.3,0,0.0,38000
2014-11-10,2014-11-27,OPTSTK,JINDALSTEL,120.0,PE,0.7,0.7,0.5,0.55,0.55,13,15.67,87000
2014-11-10,2014-11-27,OPTSTK,JINDALSTEL,130.0,PE,1.0,1.4,0.65,1.2,1.2,72,94.46,252000
2014-11-10,2014-11-27,OPTSTK,JINDALSTEL,140.0,PE,1.6,2.4,1.55,2.2,2.2,129,183.33,377000
2014-11-10,2014-11-27,OPTSTK,JINDALSTEL,150.0,PE,3.45,4.95,3.1,4.75,4.75,339,523.43,358000
2014-11-10,2014-11-27,OPTSTK,JINDALSTEL,160.0,PE,6.7,9.8,6.35,9.25,9.25,284,479.27,497000
2014-11-10,2014-11-27,OPTSTK,JINDALSTEL,170.0,PE,11.9,16.65,11.8,16.2,16.2,83,153.54,194000
2014-11-10,2014-11-27,OPTSTK,JINDALSTEL,180.0,PE,22.8,23.65,22.8,23.1,23.1,3,6.09,12000
2014-11-10,2014-11-27,OPTSTK,JINDALSTEL,190.0,PE,0.0,0.0,0.0,47.55,36.05,0,0.0,1000
2014-11-10,2014-11-27,OPTSTK,JINDALSTEL,200.0,PE,0.0,0.0,0.0,33.0,44.95,0,0.0,39000
2014-11-10,2014-11-27,OPTSTK,JINDALSTEL,210.0,PE,0.0,0.0,0.0,47.55,54.3,0,0.0,1000
2014-11-10,2014-11-27,OPTSTK,JINDALSTEL,220.0,PE,0.0,0.0,0.0,61.5,63.9,0,0.0,1000
2014-11-10,2014-11-27,OPTSTK,JINDALSTEL,230.0,PE,0.0,0.0,0.0,70.0,73.65,0,0.0,2000
2014-11-10,2014-11-27,OPTSTK,JINDALSTEL,240.0,PE,0.0,0.0,0.0,39.1,83.45,0,0.0,0
2014-11-10,2014-11-27,OPTSTK,JINDALSTEL,250.0,PE,0.0,0.0,0.0,89.6,93.35,0,0.0,3000
2014-11-10,2014-11-27,OPTSTK,JINDALSTEL,260.0,PE,0.0,0.0,0.0,101.0,103.3,0,0.0,6000
2014-11-10,2014-11-27,OPTSTK,JINDALSTEL,270.0,PE,0.0,0.0,0.0,58.0,113.25,0,0.0,0
2014-11-10,2014-11-27,OPTSTK,JINDALSTEL,280.0,PE,0.0,0.0,0.0,120.5,123.2,0,0.0,2000
2014-11-10,2014-11-27,OPTSTK,JINDALSTEL,290.0,PE,0.0,0.0,0.0,130.5,133.15,0,0.0,3000
2014-11-10,2014-11-27,OPTSTK,JINDALSTEL,300.0,PE,0.0,0.0,0.0,140.5,143.1,0,0.0,8000
2014-11-10,2014-11-27,OPTSTK,JINDALSTEL,310.0,PE,0.0,0.0,0.0,150.5,153.05,0,0.0,3000
2014-11-10,2014-11-27,OPTSTK,JINDALSTEL,320.0,PE,0.0,0.0,0.0,95.4,163.0,0,0.0,0
2014-11-10,2014-11-27,OPTSTK,JINDALSTEL,330.0,PE,0.0,0.0,0.0,103.55,172.95,0,0.0,0
2014-11-10,2014-11-27,OPTSTK,JINDALSTEL,340.0,PE,0.0,0.0,0.0,111.9,182.95,0,0.0,0
2014-11-10,2014-11-27,OPTSTK,JINDALSTEL,350.0,PE,0.0,0.0,0.0,120.35,192.9,0,0.0,0
2014-11-10,2014-11-27,OPTSTK,JINDALSTEL,360.0,PE,0.0,0.0,0.0,129.0,202.85,0,0.0,0
2014-11-10,2014-11-27,OPTSTK,JINDALSTEL,370.0,PE,0.0,0.0,0.0,137.7,212.8,0,0.0,0
2014-11-10,2014-12-24,OPTSTK,JINDALSTEL,90.0,CE,0.0,0.0,0.0,88.2,67.15,0,0.0,0
2014-11-10,2014-12-24,OPTSTK,JINDALSTEL,100.0,CE,0.0,0.0,0.0,79.5,57.9,0,0.0,0
2014-11-10,2014-12-24,OPTSTK,JINDALSTEL,110.0,CE,0.0,0.0,0.0,71.3,49.2,0,0.0,0
2014-11-10,2014-12-24,OPTSTK,JINDALSTEL,120.0,CE,0.0,0.0,0.0,63.6,41.15,0,0.0,0
2014-11-10,2014-12-24,OPTSTK,JINDALSTEL,130.0,CE,0.0,0.0,0.0,56.5,33.95,0,0.0,0
2014-11-10,2014-12-24,OPTSTK,JINDALSTEL,140.0,CE,0.0,0.0,0.0,50.0,27.6,0,0.0,0
2014-11-10,2014-12-24,OPTSTK,JINDALSTEL,150.0,CE,0.0,0.0,0.0,44.1,22.2,0,0.0,0
2014-11-10,2014-12-24,OPTSTK,JINDALSTEL,160.0,CE,11.0,11.0,10.05,11.0,11.0,3,5.12,6000
2014-11-10,2014-12-24,OPTSTK,JINDALSTEL,170.0,CE,0.0,0.0,0.0,34.05,13.9,0,0.0,0
2014-11-10,2014-12-24,OPTSTK,JINDALSTEL,180.0,CE,0.0,0.0,0.0,29.8,10.85,0,0.0,0
2014-11-10,2014-12-24,OPTSTK,JINDALSTEL,190.0,CE,0.0,0.0,0.0,26.05,8.4,0,0.0,0
2014-11-10,2014-12-24,OPTSTK,JINDALSTEL,200.0,CE,0.0,0.0,0.0,22.75,6.45,0,0.0,0
2014-11-10,2014-12-24,OPTSTK,JINDALSTEL,210.0,CE,0.0,0.0,0.0,19.85,4.95,0,0.0,0
2014-11-10,2014-12-24,OPTSTK,JINDALSTEL,220.0,CE,0.0,0.0,0.0,17.3,3.8,0,0.0,0
2014-11-10,2014-12-24,OPTSTK,JINDALSTEL,230.0,CE,0.0,0.0,0.0,0.5,2.85,0,0.0,0
2014-11-10,2014-12-24,OPTSTK,JINDALSTEL,240.0,CE,0.0,0.0,0.0,13.1,2.15,0,0.0,0
2014-11-10,2014-12-24,OPTSTK,JINDALSTEL,250.0,CE,0.0,0.0,0.0,11.4,1.65,0,0.0,0
2014-11-10,2014-12-24,OPTSTK,JINDALSTEL,260.0,CE,0.0,0.0,0.0,9.95,1.25,0,0.0,0
2014-11-10,2014-12-24,OPTSTK,JINDALSTEL,270.0,CE,0.0,0.0,0.0,8.65,0.95,0,0.0,0
2014-11-10,2014-12-24,OPTSTK,JINDALSTEL,90.0,PE,0.0,0.0,0.0,1.35,0.45,0,0.0,0
2014-11-10,2014-12-24,OPTSTK,JINDALSTEL,100.0,PE,0.0,0.0,0.0,2.45,1.1,0,0.0,0
2014-11-10,2014-12-24,OPTSTK,JINDALSTEL,110.0,PE,0.0,0.0,0.0,4.0,2.3,0,0.0,0
2014-11-10,2014-12-24,OPTSTK,JINDALSTEL,120.0,PE,0.0,0.0,0.0,6.1,4.15,0,0.0,0
2014-11-10,2014-12-24,OPTSTK,JINDALSTEL,130.0,PE,0.0,0.0,0.0,8.8,6.85,0,0.0,0
2014-11-10,2014-12-24,OPTSTK,JINDALSTEL,140.0,PE,0.0,0.0,0.0,12.05,10.4,0,0.0,0
2014-11-10,2014-12-24,OPTSTK,JINDALSTEL,150.0,PE,0.0,0.0,0.0,15.95,14.9,0,0.0,0
2014-11-10,2014-12-24,OPTSTK,JINDALSTEL,160.0,PE,0.0,0.0,0.0,20.4,20.2,0,0.0,0
2014-11-10,2014-12-24,OPTSTK,JINDALSTEL,170.0,PE,18.5,18.5,18.0,18.25,18.25,3,5.64,3000
2014-11-10,2014-12-24,OPTSTK,JINDALSTEL,180.0,PE,0.0,0.0,0.0,31.0,33.2,0,0.0,0
2014-11-10,2014-12-24,OPTSTK,JINDALSTEL,190.0,PE,0.0,0.0,0.0,37.0,40.65,0,0.0,0
2014-11-10,2014-12-24,OPTSTK,JINDALSTEL,200.0,PE,0.0,0.0,0.0,43.5,48.65,0,0.0,0
2014-11-10,2014-12-24,OPTSTK,JINDALSTEL,210.0,PE,0.0,0.0,0.0,50.35,57.0,0,0.0,0
2014-11-10,2014-12-24,OPTSTK,JINDALSTEL,220.0,PE,0.0,0.0,0.0,57.6,65.7,0,0.0,0
2014-11-10,2014-12-24,OPTSTK,JINDALSTEL,230.0,PE,0.0,0.0,0.0,65.15,74.7,0,0.0,0
2014-11-10,2014-12-24,OPTSTK,JINDALSTEL,240.0,PE,0.0,0.0,0.0,73.0,83.9,0,0.0,0
2014-11-10,2014-12-24,OPTSTK,JINDALSTEL,250.0,PE,0.0,0.0,0.0,81.05,93.3,0,0.0,0
2014-11-10,2014-12-24,OPTSTK,JINDALSTEL,260.0,PE,0.0,0.0,0.0,89.35,102.75,0,0.0,0
2014-11-10,2014-12-24,OPTSTK,JINDALSTEL,270.0,PE,0.0,0.0,0.0,97.85,112.35,0,0.0,0
2014-11-10,2015-01-29,OPTSTK,JINDALSTEL,90.0,CE,0.0,0.0,0.0,73.5,69.25,0,0.0,0
2014-11-10,2015-01-29,OPTSTK,JINDALSTEL,100.0,CE,0.0,0.0,0.0,65.45,60.85,0,0.0,0
2014-11-10,2015-01-29,OPTSTK,JINDALSTEL,110.0,CE,0.0,0.0,0.0,58.05,53.1,0,0.0,0
2014-11-10,2015-01-29,OPTSTK,JINDALSTEL,120.0,CE,0.0,0.0,0.0,51.25,46.05,0,0.0,0
2014-11-10,2015-01-29,OPTSTK,JINDALSTEL,130.0,CE,0.0,0.0,0.0,45.1,39.7,0,0.0,0
2014-11-10,2015-01-29,OPTSTK,JINDALSTEL,140.0,CE,0.0,0.0,0.0,39.55,34.0,0,0.0,0
2014-11-10,2015-01-29,OPTSTK,JINDALSTEL,150.0,CE,0.0,0.0,0.0,34.6,29.05,0,0.0,0
2014-11-10,2015-01-29,OPTSTK,JINDALSTEL,160.0,CE,0.0,0.0,0.0,30.25,24.7,0,0.0,0
2014-11-10,2015-01-29,OPTSTK,JINDALSTEL,170.0,CE,0.0,0.0,0.0,26.35,20.95,0,0.0,0
2014-11-10,2015-01-29,OPTSTK,JINDALSTEL,180.0,CE,0.0,0.0,0.0,22.95,17.7,0,0.0,0
2014-11-10,2015-01-29,OPTSTK,JINDALSTEL,190.0,CE,0.0,0.0,0.0,20.0,14.95,0,0.0,0
2014-11-10,2015-01-29,OPTSTK,JINDALSTEL,200.0,CE,0.0,0.0,0.0,17.4,12.6,0,0.0,0
2014-11-10,2015-01-29,OPTSTK,JINDALSTEL,210.0,CE,0.0,0.0,0.0,15.15,10.6,0,0.0,0
2014-11-10,2015-01-29,OPTSTK,JINDALSTEL,220.0,CE,0.0,0.0,0.0,13.15,8.95,0,0.0,0
2014-11-10,2015-01-29,OPTSTK,JINDALSTEL,230.0,CE,0.0,0.0,0.0,11.45,7.5,0,0.0,0
2014-11-10,2015-01-29,OPTSTK,JINDALSTEL,240.0,CE,0.0,0.0,0.0,9.95,6.3,0,0.0,0
2014-11-10,2015-01-29,OPTSTK,JINDALSTEL,250.0,CE,0.0,0.0,0.0,8.65,5.3,0,0.0,0
2014-11-10,2015-01-29,OPTSTK,JINDALSTEL,260.0,CE,0.0,0.0,0.0,7.55,4.45,0,0.0,0
2014-11-10,2015-01-29,OPTSTK,JINDALSTEL,90.0,PE,0.0,0.0,0.0,2.65,1.8,0,0.0,0
2014-11-10,2015-01-29,OPTSTK,JINDALSTEL,100.0,PE,0.0,0.0,0.0,4.4,3.25,0,0.0,0
2014-11-10,2015-01-29,OPTSTK,JINDALSTEL,110.0,PE,0.0,0.0,0.0,6.75,5.3,0,0.0,0
2014-11-10,2015-01-29,OPTSTK,JINDALSTEL,120.0,PE,0.0,0.0,0.0,9.75,8.0,0,0.0,0
2014-11-10,2015-01-29,OPTSTK,JINDALSTEL,130.0,PE,0.0,0.0,0.0,13.4,11.45,0,0.0,0
2014-11-10,2015-01-29,OPTSTK,JINDALSTEL,140.0,PE,0.0,0.0,0.0,17.65,15.6,0,0.0,0
2014-11-10,2015-01-29,OPTSTK,JINDALSTEL,150.0,PE,0.0,0.0,0.0,22.45,20.45,0,0.0,0
2014-11-10,2015-01-29,OPTSTK,JINDALSTEL,160.0,PE,0.0,0.0,0.0,27.9,25.9,0,0.0,0
2014-11-10,2015-01-29,OPTSTK,JINDALSTEL,170.0,PE,0.0,0.0,0.0,33.8,31.95,0,0.0,0
2014-11-10,2015-01-29,OPTSTK,JINDALSTEL,180.0,PE,0.0,0.0,0.0,40.2,38.55,0,0.0,0
2014-11-10,2015-01-29,OPTSTK,JINDALSTEL,190.0,PE,0.0,0.0,0.0,47.0,45.6,0,0.0,0
2014-11-10,2015-01-29,OPTSTK,JINDALSTEL,200.0,PE,0.0,0.0,0.0,54.2,53.05,0,0.0,0
2014-11-10,2015-01-29,OPTSTK,JINDALSTEL,210.0,PE,0.0,0.0,0.0,61.7,60.9,0,0.0,0
2014-11-10,2015-01-29,OPTSTK,JINDALSTEL,220.0,PE,0.0,0.0,0.0,69.5,69.0,0,0.0,0
2014-11-10,2015-01-29,OPTSTK,JINDALSTEL,230.0,PE,0.0,0.0,0.0,77.6,77.4,0,0.0,0
2014-11-10,2015-01-29,OPTSTK,JINDALSTEL,240.0,PE,0.0,0.0,0.0,85.9,86.0,0,0.0,0
2014-11-10,2015-01-29,OPTSTK,JINDALSTEL,250.0,PE,0.0,0.0,0.0,94.35,94.8,0,0.0,0
2014-11-10,2015-01-29,OPTSTK,JINDALSTEL,260.0,PE,0.0,0.0,0.0,103.05,103.75,0,0.0,0
2014-11-10,2014-11-27,OPTSTK,JISLJALEQS,50.0,CE,0.0,0.0,0.0,40.25,31.5,0,0.0,0
2014-11-10,2014-11-27,OPTSTK,JISLJALEQS,55.0,CE,0.0,0.0,0.0,35.5,26.55,0,0.0,0
2014-11-10,2014-11-27,OPTSTK,JISLJALEQS,60.0,CE,0.0,0.0,0.0,30.95,21.6,0,0.0,0
2014-11-10,2014-11-27,OPTSTK,JISLJALEQS,65.0,CE,0.0,0.0,0.0,26.6,16.7,0,0.0,0
2014-11-10,2014-11-27,OPTSTK,JISLJALEQS,70.0,CE,0.0,0.0,0.0,22.55,12.1,0,0.0,0
2014-11-10,2014-11-27,OPTSTK,JISLJALEQS,75.0,CE,0.0,0.0,0.0,18.9,8.1,0,0.0,0
2014-11-10,2014-11-27,OPTSTK,JISLJALEQS,80.0,CE,6.0,6.0,4.15,4.5,4.5,27,91.7,72000
2014-11-10,2014-11-27,OPTSTK,JISLJALEQS,85.0,CE,4.0,4.15,2.2,2.5,2.5,269,946.05,628000
2014-11-10,2014-11-27,OPTSTK,JISLJALEQS,90.0,CE,2.2,2.25,1.1,1.25,1.25,217,794.93,812000
2014-11-10,2014-11-27,OPTSTK,JISLJALEQS,95.0,CE,1.3,1.3,0.6,0.65,0.65,52,199.29,772000
2014-11-10,2014-11-27,OPTSTK,JISLJALEQS,100.0,CE,0.5,0.5,0.3,0.4,0.4,32,128.48,436000
2014-11-10,2014-11-27,OPTSTK,JISLJALEQS,105.0,CE,0.25,0.25,0.15,0.15,0.15,4,16.83,52000
2014-11-10,2014-11-27,OPTSTK,JISLJALEQS,110.0,CE,0.0,0.0,0.0,0.85,0.05,0,0.0,16000
2014-11-10,2014-11-27,OPTSTK,JISLJALEQS,115.0,CE,0.1,0.1,0.1,0.1,0.1,1,4.6,8000
2014-11-10,2014-11-27,OPTSTK,JISLJALEQS,120.0,CE,0.0,0.0,0.0,0.3,0.0,0,0.0,4000
2014-11-10,2014-11-27,OPTSTK,JISLJALEQS,125.0,CE,0.0,0.0,0.0,1.85,0.0,0,0.0,0
2014-11-10,2014-11-27,OPTSTK,JISLJALEQS,130.0,CE,0.0,0.0,0.0,1.4,0.0,0,0.0,0
2014-11-10,2014-11-27,OPTSTK,JISLJALEQS,135.0,CE,0.0,0.0,0.0,1.05,0.0,0,0.0,0
2014-11-10,2014-11-27,OPTSTK,JISLJALEQS,140.0,CE,0.0,0.0,0.0,0.8,0.0,0,0.0,0
2014-11-10,2014-11-27,OPTSTK,JISLJALEQS,50.0,PE,0.0,0.0,0.0,0.1,0.0,0,0.0,0
2014-11-10,2014-11-27,OPTSTK,JISLJALEQS,55.0,PE,0.0,0.0,0.0,0.3,0.0,0,0.0,0
2014-11-10,2014-11-27,OPTSTK,JISLJALEQS,60.0,PE,0.0,0.0,0.0,0.6,0.05,0,0.0,0
2014-11-10,2014-11-27,OPTSTK,JISLJALEQS,65.0,PE,0.0,0.0,0.0,1.15,0.15,0,0.0,0
2014-11-10,2014-11-27,OPTSTK,JISLJALEQS,70.0,PE,0.45,0.55,0.35,0.55,0.55,4,11.27,12000
2014-11-10,2014-11-27,OPTSTK,JISLJALEQS,75.0,PE,0.8,1.5,0.8,1.35,1.35,29,88.33,88000
2014-11-10,2014-11-27,OPTSTK,JISLJALEQS,80.0,PE,1.9,3.3,1.7,3.1,3.1,88,290.65,212000
2014-11-10,2014-11-27,OPTSTK,JISLJALEQS,85.0,PE,3.7,6.1,3.7,6.1,6.1,42,150.58,160000
2014-11-10,2014-11-27,OPTSTK,JISLJALEQS,90.0,PE,8.55,10.0,7.95,9.8,9.8,14,55.47,80000
2014-11-10,2014-11-27,OPTSTK,JISLJALEQS,95.0,PE,0.0,0.0,0.0,7.9,14.0,0,0.0,12000
2014-11-10,2014-11-27,OPTSTK,JISLJALEQS,100.0,PE,0.0,0.0,0.0,13.9,18.6,0,0.0,24000
2014-11-10,2014-11-27,OPTSTK,JISLJALEQS,105.0,PE,23.9,23.9,23.9,23.9,23.9,2,10.31,8000
2014-11-10,2014-11-27,OPTSTK,JISLJALEQS,110.0,PE,0.0,0.0,0.0,22.6,28.3,0,0.0,0
2014-11-10,2014-11-27,OPTSTK,JISLJALEQS,115.0,PE,0.0,0.0,0.0,28.75,33.3,0,0.0,4000
2014-11-10,2014-11-27,OPTSTK,JISLJALEQS,120.0,PE,0.0,0.0,0.0,30.8,38.25,0,0.0,0
2014-11-10,2014-11-27,OPTSTK,JISLJALEQS,125.0,PE,0.0,0.0,0.0,35.15,43.25,0,0.0,0
2014-11-10,2014-11-27,OPTSTK,JISLJALEQS,130.0,PE,0.0,0.0,0.0,39.6,48.2,0,0.0,0
2014-11-10,2014-11-27,OPTSTK,JISLJALEQS,135.0,PE,0.0,0.0,0.0,44.15,53.2,0,0.0,0
2014-11-10,2014-11-27,OPTSTK,JISLJALEQS,140.0,PE,0.0,0.0,0.0,48.8,58.15,0,0.0,0
2014-11-10,2014-12-24,OPTSTK,JISLJALEQS,50.0,CE,0.0,0.0,0.0,34.0,31.9,0,0.0,0
2014-11-10,2014-12-24,OPTSTK,JISLJALEQS,55.0,CE,0.0,0.0,0.0,29.5,27.0,0,0.0,0
2014-11-10,2014-12-24,OPTSTK,JISLJALEQS,60.0,CE,0.0,0.0,0.0,25.25,22.35,0,0.0,0
2014-11-10,2014-12-24,OPTSTK,JISLJALEQS,65.0,CE,0.0,0.0,0.0,21.3,17.95,0,0.0,0
2014-11-10,2014-12-24,OPTSTK,JISLJALEQS,70.0,CE,0.0,0.0,0.0,17.75,13.95,0,0.0,0
2014-11-10,2014-12-24,OPTSTK,JISLJALEQS,75.0,CE,0.0,0.0,0.0,14.65,10.5,0,0.0,0
2014-11-10,2014-12-24,OPTSTK,JISLJALEQS,80.0,CE,0.0,0.0,0.0,11.95,7.7,0,0.0,0
2014-11-10,2014-12-24,OPTSTK,JISLJALEQS,85.0,CE,0.0,0.0,0.0,9.6,5.45,0,0.0,0
2014-11-10,2014-12-24,OPTSTK,JISLJALEQS,90.0,CE,3.0,3.0,3.0,3.0,3.0,2,7.44,8000
2014-11-10,2014-12-24,OPTSTK,JISLJALEQS,95.0,CE,0.0,0.0,0.0,6.1,2.55,0,0.0,0
2014-11-10,2014-12-24,OPTSTK,JISLJALEQS,100.0,CE,0.0,0.0,0.0,4.8,1.65,0,0.0,0
2014-11-10,2014-12-24,OPTSTK,JISLJALEQS,105.0,CE,0.0,0.0,0.0,3.75,1.05,0,0.0,0
2014-11-10,2014-12-24,OPTSTK,JISLJALEQS,110.0,CE,0.0,0.0,0.0,2.95,0.7,0,0.0,0
2014-11-10,2014-12-24,OPTSTK,JISLJALEQS,115.0,CE,0.0,0.0,0.0,2.3,0.45,0,0.0,0
2014-11-10,2014-12-24,OPTSTK,JISLJALEQS,120.0,CE,0.0,0.0,0.0,1.75,0.25,0,0.0,0
2014-11-10,2014-12-24,OPTSTK,JISLJALEQS,125.0,CE,0.0,0.0,0.0,1.35,0.15,0,0.0,0
2014-11-10,2014-12-24,OPTSTK,JISLJALEQS,130.0,CE,0.0,0.0,0.0,1.05,0.1,0,0.0,0
2014-11-10,2014-12-24,OPTSTK,JISLJALEQS,135.0,CE,0.0,0.0,0.0,0.8,0.05,0,0.0,0
2014-11-10,2014-12-24,OPTSTK,JISLJALEQS,50.0,PE,0.0,0.0,0.0,0.35,0.05,0,0.0,0
2014-11-10,2014-12-24,OPTSTK,JISLJALEQS,55.0,PE,0.0,0.0,0.0,0.7,0.15,0,0.0,0
2014-11-10,2014-12-24,OPTSTK,JISLJALEQS,60.0,PE,0.0,0.0,0.0,1.35,0.4,0,0.0,0
2014-11-10,2014-12-24,OPTSTK,JISLJALEQS,65.0,PE,0.0,0.0,0.0,2.3,0.95,0,0.0,0
2014-11-10,2014-12-24,OPTSTK,JISLJALEQS,70.0,PE,0.0,0.0,0.0,3.65,1.9,0,0.0,0
2014-11-10,2014-12-24,OPTSTK,JISLJALEQS,75.0,PE,0.0,0.0,0.0,5.4,3.45,0,0.0,0
2014-11-10,2014-12-24,OPTSTK,JISLJALEQS,80.0,PE,0.0,0.0,0.0,7.6,5.55,0,0.0,0
2014-11-10,2014-12-24,OPTSTK,JISLJALEQS,85.0,PE,0.0,0.0,0.0,10.15,8.25,0,0.0,0
2014-11-10,2014-12-24,OPTSTK,JISLJALEQS,90.0,PE,0.0,0.0,0.0,13.15,11.5,0,0.0,0
2014-11-10,2014-12-24,OPTSTK,JISLJALEQS,95.0,PE,0.0,0.0,0.0,16.45,15.25,0,0.0,0
2014-11-10,2014-12-24,OPTSTK,JISLJALEQS,100.0,PE,0.0,0.0,0.0,20.05,19.3,0,0.0,0
2014-11-10,2014-12-24,OPTSTK,JISLJALEQS,105.0,PE,0.0,0.0,0.0,23.9,23.65,0,0.0,0
2014-11-10,2014-12-24,OPTSTK,JISLJALEQS,110.0,PE,0.0,0.0,0.0,27.95,28.25,0,0.0,0
2014-11-10,2014-12-24,OPTSTK,JISLJALEQS,115.0,PE,0.0,0.0,0.0,32.15,32.95,0,0.0,0
2014-11-10,2014-12-24,OPTSTK,JISLJALEQS,120.0,PE,0.0,0.0,0.0,36.55,37.7,0,0.0,0
2014-11-10,2014-12-24,OPTSTK,JISLJALEQS,125.0,PE,0.0,0.0,0.0,41.05,42.55,0,0.0,0
2014-11-10,2014-12-24,OPTSTK,JISLJALEQS,130.0,PE,0.0,0.0,0.0,45.6,47.45,0,0.0,0
2014-11-10,2014-12-24,OPTSTK,JISLJALEQS,135.0,PE,0.0,0.0,0.0,50.25,52.35,0,0.0,0
2014-11-10,2015-01-29,OPTSTK,JISLJALEQS,50.0,CE,0.0,0.0,0.0,35.75,32.5,0,0.0,0
2014-11-10,2015-01-29,OPTSTK,JISLJALEQS,55.0,CE,0.0,0.0,0.0,30.95,27.9,0,0.0,0
2014-11-10,2015-01-29,OPTSTK,JISLJALEQS,60.0,CE,0.0,0.0,0.0,26.35,23.6,0,0.0,0
2014-11-10,2015-01-29,OPTSTK,JISLJALEQS,65.0,CE,0.0,0.0,0.0,21.95,19.6,0,0.0,0
2014-11-10,2015-01-29,OPTSTK,JISLJALEQS,70.0,CE,0.0,0.0,0.0,17.95,16.05,0,0.0,0
2014-11-10,2015-01-29,OPTSTK,JISLJALEQS,75.0,CE,0.0,0.0,0.0,14.35,12.9,0,0.0,0
2014-11-10,2015-01-29,OPTSTK,JISLJALEQS,80.0,CE,0.0,0.0,0.0,11.25,10.25,0,0.0,0
2014-11-10,2015-01-29,OPTSTK,JISLJALEQS,85.0,CE,0.0,0.0,0.0,8.6,8.05,0,0.0,0
2014-11-10,2015-01-29,OPTSTK,JISLJALEQS,90.0,CE,0.0,0.0,0.0,6.5,6.25,0,0.0,0
2014-11-10,2015-01-29,OPTSTK,JISLJALEQS,95.0,CE,0.0,0.0,0.0,4.8,4.8,0,0.0,0
2014-11-10,2015-01-29,OPTSTK,JISLJALEQS,100.0,CE,0.0,0.0,0.0,3.55,3.65,0,0.0,0
2014-11-10,2015-01-29,OPTSTK,JISLJALEQS,105.0,CE,0.0,0.0,0.0,2.55,2.75,0,0.0,0
2014-11-10,2015-01-29,OPTSTK,JISLJALEQS,110.0,CE,0.0,0.0,0.0,1.8,2.05,0,0.0,0
2014-11-10,2015-01-29,OPTSTK,JISLJALEQS,115.0,CE,0.0,0.0,0.0,1.3,1.55,0,0.0,0
2014-11-10,2015-01-29,OPTSTK,JISLJALEQS,120.0,CE,0.0,0.0,0.0,0.9,1.15,0,0.0,0
2014-11-10,2015-01-29,OPTSTK,JISLJALEQS,125.0,CE,0.0,0.0,0.0,0.6,0.85,0,0.0,0
2014-11-10,2015-01-29,OPTSTK,JISLJALEQS,130.0,CE,0.0,0.0,0.0,0.45,0.6,0,0.0,0
2014-11-10,2015-01-29,OPTSTK,JISLJALEQS,135.0,CE,0.0,0.0,0.0,0.3,0.45,0,0.0,0
2014-11-10,2015-01-29,OPTSTK,JISLJALEQS,50.0,PE,0.0,0.0,0.0,0.05,0.25,0,0.0,0
2014-11-10,2015-01-29,OPTSTK,JISLJALEQS,55.0,PE,0.0,0.0,0.0,0.2,0.55,0,0.0,0
2014-11-10,2015-01-29,OPTSTK,JISLJALEQS,60.0,PE,0.0,0.0,0.0,0.45,1.15,0,0.0,0
2014-11-10,2015-01-29,OPTSTK,JISLJALEQS,65.0,PE,0.0,0.0,0.0,0.95,2.1,0,0.0,0
2014-11-10,2015-01-29,OPTSTK,JISLJALEQS,70.0,PE,0.0,0.0,0.0,1.85,3.4,0,0.0,0
2014-11-10,2015-01-29,OPTSTK,JISLJALEQS,75.0,PE,0.0,0.0,0.0,3.1,5.2,0,0.0,0
2014-11-10,2015-01-29,OPTSTK,JISLJALEQS,80.0,PE,0.0,0.0,0.0,4.9,7.45,0,0.0,0
2014-11-10,2015-01-29,OPTSTK,JISLJALEQS,85.0,PE,0.0,0.0,0.0,7.2,10.15,0,0.0,0
2014-11-10,2015-01-29,OPTSTK,JISLJALEQS,90.0,PE,0.0,0.0,0.0,9.95,13.2,0,0.0,0
2014-11-10,2015-01-29,OPTSTK,JISLJALEQS,95.0,PE,0.0,0.0,0.0,13.15,16.7,0,0.0,0
2014-11-10,2015-01-29,OPTSTK,JISLJALEQS,100.0,PE,0.0,0.0,0.0,16.75,20.45,0,0.0,0
2014-11-10,2015-01-29,OPTSTK,JISLJALEQS,105.0,PE,0.0,0.0,0.0,20.7,24.45,0,0.0,0
2014-11-10,2015-01-29,OPTSTK,JISLJALEQS,110.0,PE,0.0,0.0,0.0,24.85,28.65,0,0.0,0
2014-11-10,2015-01-29,OPTSTK,JISLJALEQS,115.0,PE,0.0,0.0,0.0,29.2,33.05,0,0.0,0
2014-11-10,2015-01-29,OPTSTK,JISLJALEQS,120.0,PE,0.0,0.0,0.0,33.7,37.55,0,0.0,0
2014-11-10,2015-01-29,OPTSTK,JISLJALEQS,125.0,PE,0.0,0.0,0.0,38.35,42.15,0,0.0,0
2014-11-10,2015-01-29,OPTSTK,JISLJALEQS,130.0,PE,0.0,0.0,0.0,43.05,46.85,0,0.0,0
2014-11-10,2015-01-29,OPTSTK,JISLJALEQS,135.0,PE,0.0,0.0,0.0,47.8,51.6,0,0.0,0
2014-11-10,2014-11-27,OPTSTK,JPASSOCIAT,5.0,CE,0.0,0.0,0.0,41.65,27.95,0,0.0,0
2014-11-10,2014-11-27,OPTSTK,JPASSOCIAT,7.5,CE,0.0,0.0,0.0,18.45,25.45,0,0.0,0
2014-11-10,2014-11-27,OPTSTK,JPASSOCIAT,10.0,CE,0.0,0.0,0.0,36.75,22.95,0,0.0,0
2014-11-10,2014-11-27,OPTSTK,JPASSOCIAT,12.5,CE,0.0,0.0,0.0,13.95,20.45,0,0.0,0
2014-11-10,2014-11-27,OPTSTK,JPASSOCIAT,15.0,CE,0.0,0.0,0.0,31.85,18.0,0,0.0,0
2014-11-10,2014-11-27,OPTSTK,JPASSOCIAT,17.5,CE,0.0,0.0,0.0,10.25,15.5,0,0.0,0
2014-11-10,2014-11-27,OPTSTK,JPASSOCIAT,20.0,CE,0.0,0.0,0.0,10.5,13.0,0,0.0,32000
2014-11-10,2014-11-27,OPTSTK,JPASSOCIAT,22.5,CE,0.0,0.0,0.0,9.0,10.5,0,0.0,16000
2014-11-10,2014-11-27,OPTSTK,JPASSOCIAT,25.0,CE,8.6,8.6,8.6,8.6,8.6,2,5.37,64000
2014-11-10,2014-11-27,OPTSTK,JPASSOCIAT,27.5,CE,0.0,0.0,0.0,5.7,5.85,0,0.0,48000
2014-11-10,2014-11-27,OPTSTK,JPASSOCIAT,30.0,CE,4.35,4.5,3.6,3.85,3.85,132,360.34,2968000
2014-11-10,2014-11-27,OPTSTK,JPASSOCIAT,32.5,CE,2.6,2.85,2.1,2.25,2.25,178,498.28,2912000
2014-11-10,2014-11-27,OPTSTK,JPASSOCIAT,35.0,CE,1.55,1.7,1.15,1.25,1.25,577,1680.04,8088000
2014-11-10,2014-11-27,OPTSTK,JPASSOCIAT,37.5,CE,0.9,0.95,0.6,0.7,0.7,362,1108.32,3472000
2014-11-10,2014-11-27,OPTSTK,JPASSOCIAT,40.0,CE,0.5,0.55,0.35,0.4,0.4,241,779.9,3512000
2014-11-10,2014-11-27,OPTSTK,JPASSOCIAT,42.5,CE,0.3,0.3,0.2,0.2,0.2,23,78.64,392000
2014-11-10,2014-11-27,OPTSTK,JPASSOCIAT,45.0,CE,0.15,0.2,0.1,0.1,0.1,21,75.84,1448000
2014-11-10,2014-11-27,OPTSTK,JPASSOCIAT,47.5,CE,0.0,0.0,0.0,0.15,0.05,0,0.0,120000
2014-11-10,2014-11-27,OPTSTK,JPASSOCIAT,50.0,CE,0.1,0.1,0.1,0.1,0.1,2,8.01,496000
2014-11-10,2014-11-27,OPTSTK,JPASSOCIAT,52.5,CE,0.0,0.0,0.0,0.05,0.0,0,0.0,16000
2014-11-10,2014-11-27,OPTSTK,JPASSOCIAT,55.0,CE,0.0,0.0,0.0,0.05,0.0,0,0.0,64000
2014-11-10,2014-11-27,OPTSTK,JPASSOCIAT,60.0,CE,0.0,0.0,0.0,0.05,0.0,0,0.0,440000
2014-11-10,2014-11-27,OPTSTK,JPASSOCIAT,65.0,CE,0.0,0.0,0.0,0.05,0.0,0,0.0,24000
2014-11-10,2014-11-27,OPTSTK,JPASSOCIAT,70.0,CE,0.0,0.0,0.0,0.05,0.0,0,0.0,24000
2014-11-10,2014-11-27,OPTSTK,JPASSOCIAT,75.0,CE,0.0,0.0,0.0,0.65,0.0,0,0.0,0
2014-11-10,2014-11-27,OPTSTK,JPASSOCIAT,80.0,CE,0.0,0.0,0.0,0.05,0.0,0,0.0,0
2014-11-10,2014-11-27,OPTSTK,JPASSOCIAT,85.0,CE,0.0,0.0,0.0,0.3,0.0,0,0.0,0
2014-11-10,2014-11-27,OPTSTK,JPASSOCIAT,90.0,CE,0.0,0.0,0.0,0.2,0.0,0,0.0,0
2014-11-10,2014-11-27,OPTSTK,JPASSOCIAT,95.0,CE,0.0,0.0,0.0,0.15,0.0,0,0.0,0
2014-11-10,2014-11-27,OPTSTK,JPASSOCIAT,5.0,PE,0.0,0.0,0.0,0.05,0.0,0,0.0,0
2014-11-10,2014-11-27,OPTSTK,JPASSOCIAT,7.5,PE,0.0,0.0,0.0,0.05,0.0,0,0.0,0
2014-11-10,2014-11-27,OPTSTK,JPASSOCIAT,10.0,PE,0.0,0.0,0.0,0.05,0.0,0,0.0,112000
2014-11-10,2014-11-27,OPTSTK,JPASSOCIAT,12.5,PE,0.0,0.0,0.0,0.05,0.0,0,0.0,16000
2014-11-10,2014-11-27,OPTSTK,JPASSOCIAT,15.0,PE,0.0,0.0,0.0,0.05,0.0,0,0.0,16000
2014-11-10,2014-11-27,OPTSTK,JPASSOCIAT,17.5,PE,0.0,0.0,0.0,0.05,0.0,0,0.0,16000
2014-11-10,2014-11-27,OPTSTK,JPASSOCIAT,20.0,PE,0.0,0.0,0.0,0.1,0.0,0,0.0,512000
2014-11-10,2014-11-27,OPTSTK,JPASSOCIAT,22.5,PE,0.1,0.1,0.05,0.05,0.05,2,3.61,576000
2014-11-10,2014-11-27,OPTSTK,JPASSOCIAT,25.0,PE,0.2,0.2,0.15,0.2,0.2,25,50.35,1736000
2014-11-10,2014-11-27,OPTSTK,JPASSOCIAT,27.5,PE,0.45,0.5,0.35,0.4,0.4,111,247.88,1376000
2014-11-10,2014-11-27,OPTSTK,JPASSOCIAT,30.0,PE,0.9,1.0,0.75,0.9,0.9,358,884.51,3152000
2014-11-10,2014-11-27,OPTSTK,JPASSOCIAT,32.5,PE,1.75,1.95,1.55,1.8,1.8,242,663.29,1360000
2014-11-10,2014-11-27,OPTSTK,JPASSOCIAT,35.0,PE,3.05,3.5,2.8,3.25,3.25,25,76.28,856000
2014-11-10,2014-11-27,OPTSTK,JPASSOCIAT,37.5,PE,0.0,0.0,0.0,5.55,5.2,0,0.0,16000
2014-11-10,2014-11-27,OPTSTK,JPASSOCIAT,40.0,PE,0.0,0.0,0.0,7.35,7.3,0,0.0,224000
2014-11-10,2014-11-27,OPTSTK,JPASSOCIAT,42.5,PE,0.0,0.0,0.0,13.25,9.6,0,0.0,16000
2014-11-10,2014-11-27,OPTSTK,JPASSOCIAT,45.0,PE,0.0,0.0,0.0,13.0,12.0,0,0.0,376000
2014-11-10,2014-11-27,OPTSTK,JPASSOCIAT,47.5,PE,0.0,0.0,0.0,22.45,14.45,0,0.0,0
2014-11-10,2014-11-27,OPTSTK,JPASSOCIAT,50.0,PE,0.0,0.0,0.0,19.35,16.95,0,0.0,504000
2014-11-10,2014-11-27,OPTSTK,JPASSOCIAT,52.5,PE,0.0,0.0,0.0,25.8,19.4,0,0.0,0
2014-11-10,2014-11-27,OPTSTK,JPASSOCIAT,55.0,PE,0.0,0.0,0.0,24.1,21.9,0,0.0,232000
2014-11-10,2014-11-27,OPTSTK,JPASSOCIAT,60.0,PE,0.0,0.0,0.0,28.95,26.9,0,0.0,80000
2014-11-10,2014-11-27,OPTSTK,JPASSOCIAT,65.0,PE,0.0,0.0,0.0,18.65,31.85,0,0.0,0
2014-11-10,2014-11-27,OPTSTK,JPASSOCIAT,70.0,PE,0.0,0.0,0.0,38.95,36.85,0,0.0,48000
2014-11-10,2014-11-27,OPTSTK,JPASSOCIAT,75.0,PE,0.0,0.0,0.0,27.55,41.8,0,0.0,0
2014-11-10,2014-11-27,OPTSTK,JPASSOCIAT,80.0,PE,0.0,0.0,0.0,49.1,46.8,0,0.0,16000
2014-11-10,2014-11-27,OPTSTK,JPASSOCIAT,85.0,PE,0.0,0.0,0.0,37.0,51.8,0,0.0,0
2014-11-10,2014-11-27,OPTSTK,JPASSOCIAT,90.0,PE,0.0,0.0,0.0,41.8,56.75,0,0.0,0
2014-11-10,2014-11-27,OPTSTK,JPASSOCIAT,95.0,PE,0.0,0.0,0.0,46.6,61.75,0,0.0,0
2014-11-10,2014-12-24,OPTSTK,JPASSOCIAT,5.0,CE,0.0,0.0,0.0,20.95,27.95,0,0.0,0
2014-11-10,2014-12-24,OPTSTK,JPASSOCIAT,7.5,CE,0.0,0.0,0.0,18.6,25.5,0,0.0,0
2014-11-10,2014-12-24,OPTSTK,JPASSOCIAT,10.0,CE,0.0,0.0,0.0,16.4,23.0,0,0.0,0
2014-11-10,2014-12-24,OPTSTK,JPASSOCIAT,12.5,CE,0.0,0.0,0.0,14.4,20.55,0,0.0,0
2014-11-10,2014-12-24,OPTSTK,JPASSOCIAT,15.0,CE,0.0,0.0,0.0,12.6,18.1,0,0.0,0
2014-11-10,2014-12-24,OPTSTK,JPASSOCIAT,17.5,CE,0.0,0.0,0.0,11.0,15.6,0,0.0,0
2014-11-10,2014-12-24,OPTSTK,JPASSOCIAT,20.0,CE,0.0,0.0,0.0,9.65,13.2,0,0.0,0
2014-11-10,2014-12-24,OPTSTK,JPASSOCIAT,22.5,CE,0.0,0.0,0.0,8.45,10.85,0,0.0,0
2014-11-10,2014-12-24,OPTSTK,JPASSOCIAT,25.0,CE,0.0,0.0,0.0,7.4,8.7,0,0.0,0
2014-11-10,2014-12-24,OPTSTK,JPASSOCIAT,27.5,CE,0.0,0.0,0.0,6.5,6.8,0,0.0,0
2014-11-10,2014-12-24,OPTSTK,JPASSOCIAT,30.0,CE,5.65,5.65,4.95,4.95,4.95,2,5.64,8000
2014-11-10,2014-12-24,OPTSTK,JPASSOCIAT,32.5,CE,0.0,0.0,0.0,5.0,3.8,0,0.0,0
2014-11-10,2014-12-24,OPTSTK,JPASSOCIAT,35.0,CE,0.0,0.0,0.0,2.75,2.75,0,0.0,24000
2014-11-10,2014-12-24,OPTSTK,JPASSOCIAT,37.5,CE,0.0,0.0,0.0,3.9,1.95,0,0.0,0
2014-11-10,2014-12-24,OPTSTK,JPASSOCIAT,40.0,CE,1.0,1.0,1.0,1.0,1.0,1,3.28,16000
2014-11-10,2014-12-24,OPTSTK,JPASSOCIAT,42.5,CE,0.0,0.0,0.0,3.1,0.95,0,0.0,0
2014-11-10,2014-12-24,OPTSTK,JPASSOCIAT,45.0,CE,0.0,0.0,0.0,0.35,0.65,0,0.0,32000
2014-11-10,2014-12-24,OPTSTK,JPASSOCIAT,47.5,CE,0.0,0.0,0.0,2.45,0.45,0,0.0,0
2014-11-10,2014-12-24,OPTSTK,JPASSOCIAT,50.0,CE,0.0,0.0,0.0,0.5,0.3,0,0.0,8000
2014-11-10,2014-12-24,OPTSTK,JPASSOCIAT,5.0,PE,0.0,0.0,0.0,0.05,0.0,0,0.0,40000
2014-11-10,2014-12-24,OPTSTK,JPASSOCIAT,7.5,PE,0.0,0.0,0.0,0.15,0.0,0,0.0,0
2014-11-10,2014-12-24,OPTSTK,JPASSOCIAT,10.0,PE,0.0,0.0,0.0,0.4,0.0,0,0.0,0
2014-11-10,2014-12-24,OPTSTK,JPASSOCIAT,12.5,PE,0.0,0.0,0.0,0.8,0.0,0,0.0,0
2014-11-10,2014-12-24,OPTSTK,JPASSOCIAT,15.0,PE,0.0,0.0,0.0,1.45,0.0,0,0.0,0
2014-11-10,2014-12-24,OPTSTK,JPASSOCIAT,17.5,PE,0.0,0.0,0.0,2.35,0.05,0,0.0,0
2014-11-10,2014-12-24,OPTSTK,JPASSOCIAT,20.0,PE,0.0,0.0,0.0,3.4,0.1,0,0.0,0
2014-11-10,2014-12-24,OPTSTK,JPASSOCIAT,22.5,PE,0.0,0.0,0.0,4.65,0.25,0,0.0,0
2014-11-10,2014-12-24,OPTSTK,JPASSOCIAT,25.0,PE,0.0,0.0,0.0,6.05,0.55,0,0.0,0
2014-11-10,2014-12-24,OPTSTK,JPASSOCIAT,27.5,PE,0.0,0.0,0.0,7.6,1.1,0,0.0,0
2014-11-10,2014-12-24,OPTSTK,JPASSOCIAT,30.0,PE,1.4,1.4,1.4,1.4,1.4,1,2.51,8000
2014-11-10,2014-12-24,OPTSTK,JPASSOCIAT,32.5,PE,0.0,0.0,0.0,11.0,3.05,0,0.0,0
2014-11-10,2014-12-24,OPTSTK,JPASSOCIAT,35.0,PE,0.0,0.0,0.0,12.85,4.5,0,0.0,0
2014-11-10,2014-12-24,OPTSTK,JPASSOCIAT,37.5,PE,0.0,0.0,0.0,14.8,6.15,0,0.0,0
2014-11-10,2014-12-24,OPTSTK,JPASSOCIAT,40.0,PE,0.0,0.0,0.0,16.8,8.05,0,0.0,0
2014-11-10,2014-12-24,OPTSTK,JPASSOCIAT,42.5,PE,0.0,0.0,0.0,18.85,10.1,0,0.0,0
2014-11-10,2014-12-24,OPTSTK,JPASSOCIAT,45.0,PE,0.0,0.0,0.0,20.95,12.3,0,0.0,0
2014-11-10,2014-12-24,OPTSTK,JPASSOCIAT,47.5,PE,0.0,0.0,0.0,23.1,14.55,0,0.0,0
2014-11-10,2014-12-24,OPTSTK,JPASSOCIAT,50.0,PE,0.0,0.0,0.0,25.3,16.9,0,0.0,0
2014-11-10,2015-01-29,OPTSTK,JPASSOCIAT,5.0,CE,0.0,0.0,0.0,25.45,28.0,0,0.0,0
2014-11-10,2015-01-29,OPTSTK,JPASSOCIAT,7.5,CE,0.0,0.0,0.0,23.0,25.55,0,0.0,0
2014-11-10,2015-01-29,OPTSTK,JPASSOCIAT,10.0,CE,0.0,0.0,0.0,20.55,23.1,0,0.0,0
2014-11-10,2015-01-29,OPTSTK,JPASSOCIAT,12.5,CE,0.0,0.0,0.0,18.15,20.65,0,0.0,0
2014-11-10,2015-01-29,OPTSTK,JPASSOCIAT,15.0,CE,0.0,0.0,0.0,15.8,18.25,0,0.0,0
2014-11-10,2015-01-29,OPTSTK,JPASSOCIAT,17.5,CE,0.0,0.0,0.0,13.55,15.85,0,0.0,0
2014-11-10,2015-01-29,OPTSTK,JPASSOCIAT,20.0,CE,0.0,0.0,0.0,11.5,13.6,0,0.0,0
2014-11-10,2015-01-29,OPTSTK,JPASSOCIAT,22.5,CE,0.0,0.0,0.0,9.65,11.45,0,0.0,0
2014-11-10,2015-01-29,OPTSTK,JPASSOCIAT,25.0,CE,0.0,0.0,0.0,8.0,9.55,0,0.0,0
2014-11-10,2015-01-29,OPTSTK,JPASSOCIAT,27.5,CE,0.0,0.0,0.0,6.6,7.85,0,0.0,0
2014-11-10,2015-01-29,OPTSTK,JPASSOCIAT,30.0,CE,0.0,0.0,0.0,5.4,6.35,0,0.0,0
2014-11-10,2015-01-29,OPTSTK,JPASSOCIAT,32.5,CE,0.0,0.0,0.0,4.4,5.1,0,0.0,0
2014-11-10,2015-01-29,OPTSTK,JPASSOCIAT,35.0,CE,0.0,0.0,0.0,3.6,4.1,0,0.0,0
2014-11-10,2015-01-29,OPTSTK,JPASSOCIAT,37.5,CE,0.0,0.0,0.0,2.9,3.25,0,0.0,0
2014-11-10,2015-01-29,OPTSTK,JPASSOCIAT,40.0,CE,0.0,0.0,0.0,2.35,2.55,0,0.0,0
2014-11-10,2015-01-29,OPTSTK,JPASSOCIAT,42.5,CE,0.0,0.0,0.0,1.9,2.0,0,0.0,0
2014-11-10,2015-01-29,OPTSTK,JPASSOCIAT,45.0,CE,0.0,0.0,0.0,1.55,1.55,0,0.0,0
2014-11-10,2015-01-29,OPTSTK,JPASSOCIAT,47.5,CE,0.0,0.0,0.0,1.25,1.2,0,0.0,0
2014-11-10,2015-01-29,OPTSTK,JPASSOCIAT,50.0,CE,0.0,0.0,0.0,1.0,0.95,0,0.0,0
2014-11-10,2015-01-29,OPTSTK,JPASSOCIAT,5.0,PE,0.0,0.0,0.0,0.05,0.0,0,0.0,0
2014-11-10,2015-01-29,OPTSTK,JPASSOCIAT,7.5,PE,0.0,0.0,0.0,0.05,0.0,0,0.0,0
2014-11-10,2015-01-29,OPTSTK,JPASSOCIAT,10.0,PE,0.0,0.0,0.0,0.05,0.0,0,0.0,0
2014-11-10,2015-01-29,OPTSTK,JPASSOCIAT,12.5,PE,0.0,0.0,0.0,0.05,0.05,0,0.0,0
2014-11-10,2015-01-29,OPTSTK,JPASSOCIAT,15.0,PE,0.0,0.0,0.0,0.15,0.05,0,0.0,0
2014-11-10,2015-01-29,OPTSTK,JPASSOCIAT,17.5,PE,0.0,0.0,0.0,0.4,0.15,0,0.0,0
2014-11-10,2015-01-29,OPTSTK,JPASSOCIAT,20.0,PE,0.0,0.0,0.0,0.75,0.3,0,0.0,0
2014-11-10,2015-01-29,OPTSTK,JPASSOCIAT,22.5,PE,0.0,0.0,0.0,1.35,0.65,0,0.0,0
2014-11-10,2015-01-29,OPTSTK,JPASSOCIAT,25.0,PE,0.0,0.0,0.0,2.2,1.15,0,0.0,0
2014-11-10,2015-01-29,OPTSTK,JPASSOCIAT,27.5,PE,0.0,0.0,0.0,3.2,1.9,0,0.0,0
2014-11-10,2015-01-29,OPTSTK,JPASSOCIAT,30.0,PE,0.0,0.0,0.0,4.45,2.9,0,0.0,0
2014-11-10,2015-01-29,OPTSTK,JPASSOCIAT,32.5,PE,0.0,0.0,0.0,5.9,4.1,0,0.0,0
2014-11-10,2015-01-29,OPTSTK,JPASSOCIAT,35.0,PE,0.0,0.0,0.0,7.55,5.5,0,0.0,0
2014-11-10,2015-01-29,OPTSTK,JPASSOCIAT,37.5,PE,0.0,0.0,0.0,9.3,7.1,0,0.0,0
2014-11-10,2015-01-29,OPTSTK,JPASSOCIAT,40.0,PE,0.0,0.0,0.0,11.2,8.9,0,0.0,0
2014-11-10,2015-01-29,OPTSTK,JPASSOCIAT,42.5,PE,0.0,0.0,0.0,13.2,10.8,0,0.0,0
2014-11-10,2015-01-29,OPTSTK,JPASSOCIAT,45.0,PE,0.0,0.0,0.0,15.25,12.8,0,0.0,0
2014-11-10,2015-01-29,OPTSTK,JPASSOCIAT,47.5,PE,0.0,0.0,0.0,17.4,14.9,0,0.0,0
2014-11-10,2015-01-29,OPTSTK,JPASSOCIAT,50.0,PE,0.0,0.0,0.0,19.6,17.1,0,0.0,0
2014-11-10,2014-11-27,OPTSTK,JPPOWER,2.5,CE,0.0,0.0,0.0,11.7,12.3,0,0.0,0
2014-11-10,2014-11-27,OPTSTK,JPPOWER,5.0,CE,0.0,0.0,0.0,9.3,9.8,0,0.0,0
2014-11-10,2014-11-27,OPTSTK,JPPOWER,7.5,CE,0.0,0.0,0.0,6.85,7.3,0,0.0,0
2014-11-10,2014-11-27,OPTSTK,JPPOWER,10.0,CE,4.7,4.7,4.7,4.7,4.7,1,2.2,15000
2014-11-10,2014-11-27,OPTSTK,JPPOWER,12.5,CE,2.55,2.65,2.5,2.55,2.55,10,22.58,930000
2014-11-10,2014-11-27,OPTSTK,JPPOWER,15.0,CE,1.0,1.0,0.7,0.85,0.85,488,1160.85,5775000
2014-11-10,2014-11-27,OPTSTK,JPPOWER,17.5,CE,0.4,0.4,0.2,0.25,0.25,590,1573.97,6315000
2014-11-10,2014-11-27,OPTSTK,JPPOWER,20.0,CE,0.1,0.15,0.1,0.1,0.1,76,229.14,1665000
2014-11-10,2014-11-27,OPTSTK,JPPOWER,22.5,CE,0.05,0.05,0.05,0.05,0.05,2,6.76,510000
2014-11-10,2014-11-27,OPTSTK,JPPOWER,25.0,CE,0.0,0.0,0.0,0.05,0.0,0,0.0,90000
2014-11-10,2014-11-27,OPTSTK,JPPOWER,27.5,CE,0.0,0.0,0.0,0.1,0.0,0,0.0,0
2014-11-10,2014-11-27,OPTSTK,JPPOWER,30.0,CE,0.05,0.05,0.05,0.05,0.05,2,9.01,45000
2014-11-10,2014-11-27,OPTSTK,JPPOWER,32.5,CE,0.0,0.0,0.0,0.05,0.0,0,0.0,0
2014-11-10,2014-11-27,OPTSTK,JPPOWER,35.0,CE,0.0,0.0,0.0,0.05,0.0,0,0.0,0
2014-11-10,2014-11-27,OPTSTK,JPPOWER,37.5,CE,0.0,0.0,0.0,0.05,0.0,0,0.0,0
2014-11-10,2014-11-27,OPTSTK,JPPOWER,2.5,PE,0.0,0.0,0.0,0.05,0.0,0,0.0,0
2014-11-10,2014-11-27,OPTSTK,JPPOWER,5.0,PE,0.0,0.0,0.0,0.05,0.0,0,0.0,0
2014-11-10,2014-11-27,OPTSTK,JPPOWER,7.5,PE,0.0,0.0,0.0,0.05,0.0,0,0.0,75000
2014-11-10,2014-11-27,OPTSTK,JPPOWER,10.0,PE,0.05,0.05,0.05,0.05,0.05,2,3.01,255000
2014-11-10,2014-11-27,OPTSTK,JPPOWER,12.5,PE,0.2,0.25,0.15,0.2,0.2,71,135.01,1725000
2014-11-10,2014-11-27,OPTSTK,JPPOWER,15.0,PE,1.05,1.3,0.9,1.05,1.05,75,180.15,1125000
2014-11-10,2014-11-27,OPTSTK,JPPOWER,17.5,PE,0.0,0.0,0.0,3.6,2.9,0,0.0,285000
2014-11-10,2014-11-27,OPTSTK,JPPOWER,20.0,PE,0.0,0.0,0.0,4.5,5.25,0,0.0,420000
2014-11-10,2014-11-27,OPTSTK,JPPOWER,22.5,PE,0.0,0.0,0.0,9.65,7.7,0,0.0,120000
2014-11-10,2014-11-27,OPTSTK,JPPOWER,25.0,PE,0.0,0.0,0.0,12.05,10.15,0,0.0,30000
2014-11-10,2014-11-27,OPTSTK,JPPOWER,27.5,PE,0.0,0.0,0.0,12.85,12.65,0,0.0,0
2014-11-10,2014-11-27,OPTSTK,JPPOWER,30.0,PE,0.0,0.0,0.0,15.25,15.15,0,0.0,0
2014-11-10,2014-11-27,OPTSTK,JPPOWER,32.5,PE,0.0,0.0,0.0,17.7,17.65,0,0.0,0
2014-11-10,2014-11-27,OPTSTK,JPPOWER,35.0,PE,0.0,0.0,0.0,20.15,20.15,0,0.0,0
2014-11-10,2014-11-27,OPTSTK,JPPOWER,37.5,PE,0.0,0.0,0.0,22.6,22.6,0,0.0,0
2014-11-10,2014-12-24,OPTSTK,JPPOWER,2.5,CE,0.0,0.0,0.0,9.25,12.3,0,0.0,0
2014-11-10,2014-12-24,OPTSTK,JPPOWER,5.0,CE,0.0,0.0,0.0,6.9,9.8,0,0.0,0
2014-11-10,2014-12-24,OPTSTK,JPPOWER,7.5,CE,0.0,0.0,0.0,4.75,7.35,0,0.0,0
2014-11-10,2014-12-24,OPTSTK,JPPOWER,10.0,CE,0.0,0.0,0.0,3.15,4.95,0,0.0,0
2014-11-10,2014-12-24,OPTSTK,JPPOWER,12.5,CE,0.0,0.0,0.0,2.0,2.95,0,0.0,0
2014-11-10,2014-12-24,OPTSTK,JPPOWER,15.0,CE,1.6,1.6,1.6,1.6,1.6,1,2.49,90000
2014-11-10,2014-12-24,OPTSTK,JPPOWER,17.5,CE,0.75,0.75,0.75,0.75,0.75,2,5.47,90000
2014-11-10,2014-12-24,OPTSTK,JPPOWER,20.0,CE,0.4,0.4,0.4,0.4,0.4,2,6.12,30000
2014-11-10,2014-12-24,OPTSTK,JPPOWER,22.5,CE,0.0,0.0,0.0,0.35,0.15,0,0.0,0
2014-11-10,2014-12-24,OPTSTK,JPPOWER,25.0,CE,0.0,0.0,0.0,0.25,0.05,0,0.0,0
2014-11-10,2014-12-24,OPTSTK,JPPOWER,27.5,CE,0.0,0.0,0.0,0.15,0.05,0,0.0,0
2014-11-10,2014-12-24,OPTSTK,JPPOWER,30.0,CE,0.0,0.0,0.0,0.1,0.05,0,0.0,0
2014-11-10,2014-12-24,OPTSTK,JPPOWER,32.5,CE,0.0,0.0,0.0,0.1,0.0,0,0.0,0
2014-11-10,2014-12-24,OPTSTK,JPPOWER,35.0,CE,0.0,0.0,0.0,0.05,0.0,0,0.0,0
2014-11-10,2014-12-24,OPTSTK,JPPOWER,37.5,CE,0.0,0.0,0.0,0.05,0.0,0,0.0,0
2014-11-10,2014-12-24,OPTSTK,JPPOWER,2.5,PE,0.0,0.0,0.0,0.05,0.0,0,0.0,0
2014-11-10,2014-12-24,OPTSTK,JPPOWER,5.0,PE,0.0,0.0,0.0,0.05,0.0,0,0.0,0
2014-11-10,2014-12-24,OPTSTK,JPPOWER,7.5,PE,0.0,0.0,0.0,0.4,0.0,0,0.0,0
2014-11-10,2014-12-24,OPTSTK,JPPOWER,10.0,PE,0.0,0.0,0.0,1.2,0.1,0,0.0,0
2014-11-10,2014-12-24,OPTSTK,JPPOWER,12.5,PE,0.0,0.0,0.0,2.55,0.55,0,0.0,0
2014-11-10,2014-12-24,OPTSTK,JPPOWER,15.0,PE,0.0,0.0,0.0,4.25,1.6,0,0.0,0
2014-11-10,2014-12-24,OPTSTK,JPPOWER,17.5,PE,0.0,0.0,0.0,6.25,3.3,0,0.0,0
2014-11-10,2014-12-24,OPTSTK,JPPOWER,20.0,PE,0.0,0.0,0.0,8.4,5.35,0,0.0,0
2014-11-10,2014-12-24,OPTSTK,JPPOWER,22.5,PE,0.0,0.0,0.0,10.65,7.65,0,0.0,0
2014-11-10,2014-12-24,OPTSTK,JPPOWER,25.0,PE,0.0,0.0,0.0,13.0,10.05,0,0.0,0
2014-11-10,2014-12-24,OPTSTK,JPPOWER,27.5,PE,0.0,0.0,0.0,15.35,12.5,0,0.0,0
2014-11-10,2014-12-24,OPTSTK,JPPOWER,30.0,PE,0.0,0.0,0.0,17.75,14.95,0,0.0,0
2014-11-10,2014-12-24,OPTSTK,JPPOWER,32.5,PE,0.0,0.0,0.0,20.15,17.45,0,0.0,0
2014-11-10,2014-12-24,OPTSTK,JPPOWER,35.0,PE,0.0,0.0,0.0,22.6,19.9,0,0.0,0
2014-11-10,2014-12-24,OPTSTK,JPPOWER,37.5,PE,0.0,0.0,0.0,25.05,22.4,0,0.0,0
2014-11-10,2015-01-29,OPTSTK,JPPOWER,2.5,CE,0.0,0.0,0.0,10.05,12.3,0,0.0,0
2014-11-10,2015-01-29,OPTSTK,JPPOWER,5.0,CE,0.0,0.0,0.0,7.65,9.85,0,0.0,0
2014-11-10,2015-01-29,OPTSTK,JPPOWER,7.5,CE,0.0,0.0,0.0,5.25,7.45,0,0.0,0
2014-11-10,2015-01-29,OPTSTK,JPPOWER,10.0,CE,0.0,0.0,0.0,3.2,5.25,0,0.0,0
2014-11-10,2015-01-29,OPTSTK,JPPOWER,12.5,CE,0.0,0.0,0.0,1.75,3.4,0,0.0,0
2014-11-10,2015-01-29,OPTSTK,JPPOWER,15.0,CE,0.0,0.0,0.0,0.9,2.1,0,0.0,0
2014-11-10,2015-01-29,OPTSTK,JPPOWER,17.5,CE,0.0,0.0,0.0,0.45,1.25,0,0.0,0
2014-11-10,2015-01-29,OPTSTK,JPPOWER,20.0,CE,0.0,0.0,0.0,0.2,0.75,0,0.0,0
2014-11-10,2015-01-29,OPTSTK,JPPOWER,22.5,CE,0.0,0.0,0.0,0.1,0.45,0,0.0,0
2014-11-10,2015-01-29,OPTSTK,JPPOWER,25.0,CE,0.0,0.0,0.0,0.05,0.25,0,0.0,0
2014-11-10,2015-01-29,OPTSTK,JPPOWER,27.5,CE,0.0,0.0,0.0,0.05,0.15,0,0.0,0
2014-11-10,2015-01-29,OPTSTK,JPPOWER,30.0,CE,0.0,0.0,0.0,0.05,0.1,0,0.0,0
2014-11-10,2015-01-29,OPTSTK,JPPOWER,32.5,CE,0.0,0.0,0.0,0.05,0.05,0,0.0,0
2014-11-10,2015-01-29,OPTSTK,JPPOWER,35.0,CE,0.0,0.0,0.0,0.05,0.05,0,0.0,0
2014-11-10,2015-01-29,OPTSTK,JPPOWER,37.5,CE,0.0,0.0,0.0,1.05,0.05,0,0.0,0
2014-11-10,2015-01-29,OPTSTK,JPPOWER,2.5,PE,0.0,0.0,0.0,0.05,0.0,0,0.0,0
2014-11-10,2015-01-29,OPTSTK,JPPOWER,5.0,PE,0.0,0.0,0.0,0.05,0.0,0,0.0,0
2014-11-10,2015-01-29,OPTSTK,JPPOWER,7.5,PE,0.0,0.0,0.0,0.1,0.05,0,0.0,0
2014-11-10,2015-01-29,OPTSTK,JPPOWER,10.0,PE,0.0,0.0,0.0,0.5,0.3,0,0.0,0
2014-11-10,2015-01-29,OPTSTK,JPPOWER,12.5,PE,0.0,0.0,0.0,1.5,0.95,0,0.0,0
2014-11-10,2015-01-29,OPTSTK,JPPOWER,15.0,PE,0.0,0.0,0.0,3.1,2.1,0,0.0,0
2014-11-10,2015-01-29,OPTSTK,JPPOWER,17.5,PE,0.0,0.0,0.0,5.05,3.7,0,0.0,0
2014-11-10,2015-01-29,OPTSTK,JPPOWER,20.0,PE,0.0,0.0,0.0,7.3,5.6,0,0.0,0
2014-11-10,2015-01-29,OPTSTK,JPPOWER,22.5,PE,0.0,0.0,0.0,9.65,7.75,0,0.0,0
2014-11-10,2015-01-29,OPTSTK,JPPOWER,25.0,PE,0.0,0.0,0.0,12.0,10.05,0,0.0,0
2014-11-10,2015-01-29,OPTSTK,JPPOWER,27.5,PE,0.0,0.0,0.0,14.45,12.4,0,0.0,0
2014-11-10,2015-01-29,OPTSTK,JPPOWER,30.0,PE,0.0,0.0,0.0,16.9,14.75,0,0.0,0
2014-11-10,2015-01-29,OPTSTK,JPPOWER,32.5,PE,0.0,0.0,0.0,19.3,17.2,0,0.0,0
2014-11-10,2015-01-29,OPTSTK,JPPOWER,35.0,PE,0.0,0.0,0.0,21.75,19.65,0,0.0,0
2014-11-10,2015-01-29,OPTSTK,JPPOWER,37.5,PE,0.0,0.0,0.0,24.2,22.05,0,0.0,0
2014-11-10,2014-11-27,OPTSTK,JSWENERGY,47.5,CE,0.0,0.0,0.0,29.7,29.7,0,0.0,0
2014-11-10,2014-11-27,OPTSTK,JSWENERGY,50.0,CE,0.0,0.0,0.0,27.35,27.2,0,0.0,0
2014-11-10,2014-11-27,OPTSTK,JSWENERGY,52.5,CE,0.0,0.0,0.0,25.05,24.75,0,0.0,0
2014-11-10,2014-11-27,OPTSTK,JSWENERGY,55.0,CE,0.0,0.0,0.0,22.8,22.25,0,0.0,0
2014-11-10,2014-11-27,OPTSTK,JSWENERGY,57.5,CE,0.0,0.0,0.0,20.65,19.75,0,0.0,0
2014-11-10,2014-11-27,OPTSTK,JSWENERGY,60.0,CE,0.0,0.0,0.0,18.6,17.3,0,0.0,0
2014-11-10,2014-11-27,OPTSTK,JSWENERGY,62.5,CE,0.0,0.0,0.0,16.65,14.85,0,0.0,0
2014-11-10,2014-11-27,OPTSTK,JSWENERGY,65.0,CE,0.0,0.0,0.0,14.8,12.45,0,0.0,0
2014-11-10,2014-11-27,OPTSTK,JSWENERGY,67.5,CE,0.0,0.0,0.0,13.1,10.15,0,0.0,0
2014-11-10,2014-11-27,OPTSTK,JSWENERGY,70.0,CE,0.0,0.0,0.0,7.0,8.05,0,0.0,0
2014-11-10,2014-11-27,OPTSTK,JSWENERGY,72.5,CE,5.95,5.95,5.95,5.95,5.95,1,3.13,4000
2014-11-10,2014-11-27,OPTSTK,JSWENERGY,75.0,CE,0.0,0.0,0.0,5.25,4.55,0,0.0,8000
2014-11-10,2014-11-27,OPTSTK,JSWENERGY,77.5,CE,0.0,0.0,0.0,5.5,3.2,0,0.0,12000
2014-11-10,2014-11-27,OPTSTK,JSWENERGY,80.0,CE,2.45,2.45,1.7,2.0,2.0,20,65.59,204000
2014-11-10,2014-11-27,OPTSTK,JSWENERGY,82.5,CE,1.7,1.7,1.35,1.35,1.35,2,6.72,84000
2014-11-10,2014-11-27,OPTSTK,JSWENERGY,85.0,CE,1.1,1.1,0.75,0.8,0.8,9,30.91,240000
2014-11-10,2014-11-27,OPTSTK,JSWENERGY,87.5,CE,0.0,0.0,0.0,1.7,0.55,0,0.0,0
2014-11-10,2014-11-27,OPTSTK,JSWENERGY,90.0,CE,0.35,0.4,0.35,0.4,0.4,5,18.07,80000
2014-11-10,2014-11-27,OPTSTK,JSWENERGY,92.5,CE,0.0,0.0,0.0,2.9,0.2,0,0.0,0
2014-11-10,2014-11-27,OPTSTK,JSWENERGY,95.0,CE,0.0,0.0,0.0,2.45,0.1,0,0.0,0
2014-11-10,2014-11-27,OPTSTK,JSWENERGY,97.5,CE,0.0,0.0,0.0,2.05,0.05,0,0.0,0
2014-11-10,2014-11-27,OPTSTK,JSWENERGY,100.0,CE,0.0,0.0,0.0,1.75,0.05,0,0.0,0
2014-11-10,2014-11-27,OPTSTK,JSWENERGY,47.5,PE,0.0,0.0,0.0,0.15,0.0,0,0.0,0
2014-11-10,2014-11-27,OPTSTK,JSWENERGY,50.0,PE,0.0,0.0,0.0,0.25,0.0,0,0.0,0
2014-11-10,2014-11-27,OPTSTK,JSWENERGY,52.5,PE,0.0,0.0,0.0,0.4,0.0,0,0.0,0
2014-11-10,2014-11-27,OPTSTK,JSWENERGY,55.0,PE,0.0,0.0,0.0,0.6,0.0,0,0.0,0
2014-11-10,2014-11-27,OPTSTK,JSWENERGY,57.5,PE,0.0,0.0,0.0,0.9,0.05,0,0.0,0
2014-11-10,2014-11-27,OPTSTK,JSWENERGY,60.0,PE,0.0,0.0,0.0,1.3,0.05,0,0.0,0
2014-11-10,2014-11-27,OPTSTK,JSWENERGY,62.5,PE,0.0,0.0,0.0,1.75,0.1,0,0.0,0
2014-11-10,2014-11-27,OPTSTK,JSWENERGY,65.0,PE,0.8,0.8,0.35,0.35,0.35,3,7.86,20000
2014-11-10,2014-11-27,OPTSTK,JSWENERGY,67.5,PE,0.0,0.0,0.0,0.8,0.4,0,0.0,4000
2014-11-10,2014-11-27,OPTSTK,JSWENERGY,70.0,PE,0.75,1.0,0.75,1.0,1.0,5,14.18,16000
2014-11-10,2014-11-27,OPTSTK,JSWENERGY,72.5,PE,1.4,1.4,1.4,1.4,1.4,1,2.95,108000
2014-11-10,2014-11-27,OPTSTK,JSWENERGY,75.0,PE,1.45,2.15,1.45,1.95,1.95,21,64.51,132000
2014-11-10,2014-11-27,OPTSTK,JSWENERGY,77.5,PE,2.5,3.2,2.5,3.2,3.2,4,12.82,36000
2014-11-10,2014-11-27,OPTSTK,JSWENERGY,80.0,PE,0.0,0.0,0.0,4.1,4.9,0,0.0,20000
2014-11-10,2014-11-27,OPTSTK,JSWENERGY,82.5,PE,0.0,0.0,0.0,7.3,6.6,0,0.0,4000
2014-11-10,2014-11-27,OPTSTK,JSWENERGY,85.0,PE,0.0,0.0,0.0,8.95,8.6,0,0.0,4000
2014-11-10,2014-11-27,OPTSTK,JSWENERGY,87.5,PE,0.0,0.0,0.0,13.65,10.7,0,0.0,0
2014-11-10,2014-11-27,OPTSTK,JSWENERGY,90.0,PE,0.0,0.0,0.0,15.5,13.0,0,0.0,0
2014-11-10,2014-11-27,OPTSTK,JSWENERGY,92.5,PE,0.0,0.0,0.0,17.4,15.35,0,0.0,0
2014-11-10,2014-11-27,OPTSTK,JSWENERGY,95.0,PE,0.0,0.0,0.0,19.4,17.75,0,0.0,0
2014-11-10,2014-11-27,OPTSTK,JSWENERGY,97.5,PE,0.0,0.0,0.0,21.45,20.2,0,0.0,0
2014-11-10,2014-11-27,OPTSTK,JSWENERGY,100.0,PE,0.0,0.0,0.0,23.55,22.65,0,0.0,0
2014-11-10,2014-12-24,OPTSTK,JSWENERGY,47.5,CE,0.0,0.0,0.0,26.35,30.0,0,0.0,0
2014-11-10,2014-12-24,OPTSTK,JSWENERGY,50.0,CE,0.0,0.0,0.0,24.2,27.55,0,0.0,0
2014-11-10,2014-12-24,OPTSTK,JSWENERGY,52.5,CE,0.0,0.0,0.0,22.15,25.1,0,0.0,0
2014-11-10,2014-12-24,OPTSTK,JSWENERGY,55.0,CE,0.0,0.0,0.0,20.2,22.7,0,0.0,0
2014-11-10,2014-12-24,OPTSTK,JSWENERGY,57.5,CE,0.0,0.0,0.0,18.35,20.3,0,0.0,0
2014-11-10,2014-12-24,OPTSTK,JSWENERGY,60.0,CE,0.0,0.0,0.0,16.6,18.0,0,0.0,0
2014-11-10,2014-12-24,OPTSTK,JSWENERGY,62.5,CE,0.0,0.0,0.0,14.95,15.75,0,0.0,0
2014-11-10,2014-12-24,OPTSTK,JSWENERGY,65.0,CE,0.0,0.0,0.0,13.4,13.65,0,0.0,0
2014-11-10,2014-12-24,OPTSTK,JSWENERGY,67.5,CE,0.0,0.0,0.0,12.0,11.65,0,0.0,0
2014-11-10,2014-12-24,OPTSTK,JSWENERGY,70.0,CE,0.0,0.0,0.0,10.7,9.8,0,0.0,0
2014-11-10,2014-12-24,OPTSTK,JSWENERGY,72.5,CE,0.0,0.0,0.0,9.55,8.2,0,0.0,0
2014-11-10,2014-12-24,OPTSTK,JSWENERGY,75.0,CE,0.0,0.0,0.0,8.45,6.7,0,0.0,0
2014-11-10,2014-12-24,OPTSTK,JSWENERGY,77.5,CE,0.0,0.0,0.0,7.5,5.45,0,0.0,0
2014-11-10,2014-12-24,OPTSTK,JSWENERGY,80.0,CE,0.0,0.0,0.0,6.65,4.35,0,0.0,0
2014-11-10,2014-12-24,OPTSTK,JSWENERGY,82.5,CE,0.0,0.0,0.0,5.85,3.45,0,0.0,0
2014-11-10,2014-12-24,OPTSTK,JSWENERGY,85.0,CE,0.0,0.0,0.0,5.15,2.7,0,0.0,0
2014-11-10,2014-12-24,OPTSTK,JSWENERGY,87.5,CE,0.0,0.0,0.0,4.5,2.1,0,0.0,0
2014-11-10,2014-12-24,OPTSTK,JSWENERGY,90.0,CE,0.0,0.0,0.0,3.95,1.6,0,0.0,0
2014-11-10,2014-12-24,OPTSTK,JSWENERGY,92.5,CE,0.0,0.0,0.0,3.5,1.2,0,0.0,0
2014-11-10,2014-12-24,OPTSTK,JSWENERGY,95.0,CE,0.0,0.0,0.0,3.05,0.9,0,0.0,0
2014-11-10,2014-12-24,OPTSTK,JSWENERGY,97.5,CE,0.0,0.0,0.0,2.65,0.7,0,0.0,0
2014-11-10,2014-12-24,OPTSTK,JSWENERGY,100.0,CE,0.0,0.0,0.0,2.3,0.5,0,0.0,0
2014-11-10,2014-12-24,OPTSTK,JSWENERGY,47.5,PE,0.0,0.0,0.0,0.65,0.05,0,0.0,0
2014-11-10,2014-12-24,OPTSTK,JSWENERGY,50.0,PE,0.0,0.0,0.0,0.95,0.05,0,0.0,0
2014-11-10,2014-12-24,OPTSTK,JSWENERGY,52.5,PE,0.0,0.0,0.0,1.35,0.05,0,0.0,0
2014-11-10,2014-12-24,OPTSTK,JSWENERGY,55.0,PE,0.0,0.0,0.0,1.85,0.1,0,0.0,0
2014-11-10,2014-12-24,OPTSTK,JSWENERGY,57.5,PE,0.0,0.0,0.0,2.45,0.2,0,0.0,0
2014-11-10,2014-12-24,OPTSTK,JSWENERGY,60.0,PE,0.0,0.0,0.0,3.1,0.35,0,0.0,0
2014-11-10,2014-12-24,OPTSTK,JSWENERGY,62.5,PE,0.0,0.0,0.0,3.95,0.6,0,0.0,0
2014-11-10,2014-12-24,OPTSTK,JSWENERGY,65.0,PE,0.0,0.0,0.0,4.85,0.95,0,0.0,0
2014-11-10,2014-12-24,OPTSTK,JSWENERGY,67.5,PE,0.0,0.0,0.0,5.9,1.45,0,0.0,0
2014-11-10,2014-12-24,OPTSTK,JSWENERGY,70.0,PE,0.0,0.0,0.0,7.05,2.1,0,0.0,0
2014-11-10,2014-12-24,OPTSTK,JSWENERGY,72.5,PE,0.0,0.0,0.0,8.3,2.9,0,0.0,0
2014-11-10,2014-12-24,OPTSTK,JSWENERGY,75.0,PE,0.0,0.0,0.0,9.7,3.95,0,0.0,0
2014-11-10,2014-12-24,OPTSTK,JSWENERGY,77.5,PE,0.0,0.0,0.0,11.15,5.15,0,0.0,0
2014-11-10,2014-12-24,OPTSTK,JSWENERGY,80.0,PE,0.0,0.0,0.0,12.75,6.55,0,0.0,0
2014-11-10,2014-12-24,OPTSTK,JSWENERGY,82.5,PE,0.0,0.0,0.0,14.4,8.1,0,0.0,0
2014-11-10,2014-12-24,OPTSTK,JSWENERGY,85.0,PE,0.0,0.0,0.0,16.15,9.8,0,0.0,0
2014-11-10,2014-12-24,OPTSTK,JSWENERGY,87.5,PE,0.0,0.0,0.0,17.95,11.7,0,0.0,0
2014-11-10,2014-12-24,OPTSTK,JSWENERGY,90.0,PE,0.0,0.0,0.0,19.85,13.65,0,0.0,0
2014-11-10,2014-12-24,OPTSTK,JSWENERGY,92.5,PE,0.0,0.0,0.0,21.8,15.75,0,0.0,0
2014-11-10,2014-12-24,OPTSTK,JSWENERGY,95.0,PE,0.0,0.0,0.0,23.8,17.9,0,0.0,0
2014-11-10,2014-12-24,OPTSTK,JSWENERGY,97.5,PE,0.0,0.0,0.0,25.9,20.15,0,0.0,0
2014-11-10,2014-12-24,OPTSTK,JSWENERGY,100.0,PE,0.0,0.0,0.0,28.0,22.45,0,0.0,0
2014-11-10,2015-01-29,OPTSTK,JSWENERGY,47.5,CE,0.0,0.0,0.0,34.2,30.5,0,0.0,0
2014-11-10,2015-01-29,OPTSTK,JSWENERGY,50.0,CE,0.0,0.0,0.0,31.85,28.1,0,0.0,0
2014-11-10,2015-01-29,OPTSTK,JSWENERGY,52.5,CE,0.0,0.0,0.0,29.55,25.75,0,0.0,0
2014-11-10,2015-01-29,OPTSTK,JSWENERGY,55.0,CE,0.0,0.0,0.0,27.3,23.45,0,0.0,0
2014-11-10,2015-01-29,OPTSTK,JSWENERGY,57.5,CE,0.0,0.0,0.0,25.15,21.25,0,0.0,0
2014-11-10,2015-01-29,OPTSTK,JSWENERGY,60.0,CE,0.0,0.0,0.0,23.05,19.1,0,0.0,0
2014-11-10,2015-01-29,OPTSTK,JSWENERGY,62.5,CE,0.0,0.0,0.0,21.05,17.1,0,0.0,0
2014-11-10,2015-01-29,OPTSTK,JSWENERGY,65.0,CE,0.0,0.0,0.0,19.1,15.15,0,0.0,0
2014-11-10,2015-01-29,OPTSTK,JSWENERGY,67.5,CE,0.0,0.0,0.0,17.3,13.35,0,0.0,0
2014-11-10,2015-01-29,OPTSTK,JSWENERGY,70.0,CE,0.0,0.0,0.0,15.6,11.7,0,0.0,0
2014-11-10,2015-01-29,OPTSTK,JSWENERGY,72.5,CE,0.0,0.0,0.0,14.05,10.2,0,0.0,0
2014-11-10,2015-01-29,OPTSTK,JSWENERGY,75.0,CE,0.0,0.0,0.0,12.55,8.8,0,0.0,0
2014-11-10,2015-01-29,OPTSTK,JSWENERGY,77.5,CE,0.0,0.0,0.0,11.2,7.6,0,0.0,0
2014-11-10,2015-01-29,OPTSTK,JSWENERGY,80.0,CE,0.0,0.0,0.0,9.95,6.5,0,0.0,0
2014-11-10,2015-01-29,OPTSTK,JSWENERGY,82.5,CE,0.0,0.0,0.0,8.85,5.5,0,0.0,0
2014-11-10,2015-01-29,OPTSTK,JSWENERGY,85.0,CE,0.0,0.0,0.0,7.8,4.65,0,0.0,0
2014-11-10,2015-01-29,OPTSTK,JSWENERGY,87.5,CE,0.0,0.0,0.0,6.9,3.95,0,0.0,0
2014-11-10,2015-01-29,OPTSTK,JSWENERGY,90.0,CE,0.0,0.0,0.0,6.05,3.3,0,0.0,0
2014-11-10,2015-01-29,OPTSTK,JSWENERGY,92.5,CE,0.0,0.0,0.0,5.3,2.75,0,0.0,0
2014-11-10,2015-01-29,OPTSTK,JSWENERGY,95.0,CE,0.0,0.0,0.0,4.65,2.3,0,0.0,0
2014-11-10,2015-01-29,OPTSTK,JSWENERGY,97.5,CE,0.0,0.0,0.0,4.05,1.9,0,0.0,0
2014-11-10,2015-01-29,OPTSTK,JSWENERGY,100.0,CE,0.0,0.0,0.0,3.55,1.55,0,0.0,0
2014-11-10,2015-01-29,OPTSTK,JSWENERGY,47.5,PE,0.0,0.0,0.0,0.2,0.1,0,0.0,0
2014-11-10,2015-01-29,OPTSTK,JSWENERGY,50.0,PE,0.0,0.0,0.0,0.3,0.15,0,0.0,0
2014-11-10,2015-01-29,OPTSTK,JSWENERGY,52.5,PE,0.0,0.0,0.0,0.4,0.25,0,0.0,0
2014-11-10,2015-01-29,OPTSTK,JSWENERGY,55.0,PE,0.0,0.0,0.0,0.65,0.45,0,0.0,0
2014-11-10,2015-01-29,OPTSTK,JSWENERGY,57.5,PE,0.0,0.0,0.0,0.9,0.65,0,0.0,0
2014-11-10,2015-01-29,OPTSTK,JSWENERGY,60.0,PE,0.0,0.0,0.0,1.25,1.0,0,0.0,0
2014-11-10,2015-01-29,OPTSTK,JSWENERGY,62.5,PE,0.0,0.0,0.0,1.7,1.4,0,0.0,0
2014-11-10,2015-01-29,OPTSTK,JSWENERGY,65.0,PE,0.0,0.0,0.0,2.2,1.95,0,0.0,0
2014-11-10,2015-01-29,OPTSTK,JSWENERGY,67.5,PE,0.0,0.0,0.0,2.85,2.6,0,0.0,0
2014-11-10,2015-01-29,OPTSTK,JSWENERGY,70.0,PE,0.0,0.0,0.0,3.6,3.4,0,0.0,0
2014-11-10,2015-01-29,OPTSTK,JSWENERGY,72.5,PE,0.0,0.0,0.0,4.45,4.3,0,0.0,0
2014-11-10,2015-01-29,OPTSTK,JSWENERGY,75.0,PE,0.0,0.0,0.0,5.45,5.4,0,0.0,0
2014-11-10,2015-01-29,OPTSTK,JSWENERGY,77.5,PE,0.0,0.0,0.0,6.55,6.6,0,0.0,0
2014-11-10,2015-01-29,OPTSTK,JSWENERGY,80.0,PE,0.0,0.0,0.0,7.75,7.95,0,0.0,0
2014-11-10,2015-01-29,OPTSTK,JSWENERGY,82.5,PE,0.0,0.0,0.0,9.05,9.45,0,0.0,0
2014-11-10,2015-01-29,OPTSTK,JSWENERGY,85.0,PE,0.0,0.0,0.0,10.5,11.05,0,0.0,0
2014-11-10,2015-01-29,OPTSTK,JSWENERGY,87.5,PE,0.0,0.0,0.0,12.0,12.75,0,0.0,0
2014-11-10,2015-01-29,OPTSTK,JSWENERGY,90.0,PE,0.0,0.0,0.0,13.6,14.6,0,0.0,0
2014-11-10,2015-01-29,OPTSTK,JSWENERGY,92.5,PE,0.0,0.0,0.0,15.3,16.5,0,0.0,0
2014-11-10,2015-01-29,OPTSTK,JSWENERGY,95.0,PE,0.0,0.0,0.0,17.1,18.5,0,0.0,0
2014-11-10,2015-01-29,OPTSTK,JSWENERGY,97.5,PE,0.0,0.0,0.0,18.95,20.55,0,0.0,0
2014-11-10,2015-01-29,OPTSTK,JSWENERGY,100.0,PE,0.0,0.0,0.0,20.9,22.65,0,0.0,0
2014-11-10,2014-11-27,OPTSTK,JSWSTEEL,800.0,CE,0.0,0.0,0.0,461.4,434.8,0,0.0,0
2014-11-10,2014-11-27,OPTSTK,JSWSTEEL,850.0,CE,0.0,0.0,0.0,413.55,385.0,0,0.0,0
2014-11-10,2014-11-27,OPTSTK,JSWSTEEL,900.0,CE,0.0,0.0,0.0,366.7,335.2,0,0.0,0
2014-11-10,2014-11-27,OPTSTK,JSWSTEEL,950.0,CE,0.0,0.0,0.0,321.35,285.45,0,0.0,0
2014-11-10,2014-11-27,OPTSTK,JSWSTEEL,1000.0,CE,0.0,0.0,0.0,250.0,236.1,0,0.0,500
2014-11-10,2014-11-27,OPTSTK,JSWSTEEL,1050.0,CE,0.0,0.0,0.0,237.55,187.85,0,0.0,0
2014-11-10,2014-11-27,OPTSTK,JSWSTEEL,1100.0,CE,0.0,0.0,0.0,157.75,142.2,0,0.0,1250
2014-11-10,2014-11-27,OPTSTK,JSWSTEEL,1150.0,CE,80.5,83.45,74.9,83.45,83.45,13,39.95,250
2014-11-10,2014-11-27,OPTSTK,JSWSTEEL,1200.0,CE,48.0,58.75,48.0,58.75,58.75,18,56.27,4250
2014-11-10,2014-11-27,OPTSTK,JSWSTEEL,1250.0,CE,26.95,32.75,21.0,31.05,31.05,137,437.44,25500
2014-11-10,2014-11-27,OPTSTK,JSWSTEEL,1300.0,CE,14.0,15.0,9.0,14.45,14.45,124,406.9,38250
2014-11-10,2014-11-27,OPTSTK,JSWSTEEL,1350.0,CE,5.0,6.05,3.85,5.5,5.5,17,57.6,27750
2014-11-10,2014-11-27,OPTSTK,JSWSTEEL,1400.0,CE,2.35,2.6,1.5,2.45,2.45,10,35.04,19750
2014-11-10,2014-11-27,OPTSTK,JSWSTEEL,1450.0,CE,1.1,1.1,1.1,1.1,1.1,3,10.88,6250
2014-11-10,2014-11-27,OPTSTK,JSWSTEEL,1500.0,CE,0.0,0.0,0.0,2.25,1.15,0,0.0,250
2014-11-10,2014-11-27,OPTSTK,JSWSTEEL,1550.0,CE,0.0,0.0,0.0,24.4,0.45,0,0.0,0
2014-11-10,2014-11-27,OPTSTK,JSWSTEEL,1600.0,CE,0.0,0.0,0.0,18.3,0.2,0,0.0,0
2014-11-10,2014-11-27,OPTSTK,JSWSTEEL,800.0,PE,0.0,0.0,0.0,0.8,0.0,0,0.0,0
2014-11-10,2014-11-27,OPTSTK,JSWSTEEL,850.0,PE,0.0,0.0,0.0,1.9,0.0,0,0.0,0
2014-11-10,2014-11-27,OPTSTK,JSWSTEEL,900.0,PE,0.0,0.0,0.0,4.0,0.05,0,0.0,0
2014-11-10,2014-11-27,OPTSTK,JSWSTEEL,950.0,PE,0.0,0.0,0.0,6.0,0.1,0,0.0,0
2014-11-10,2014-11-27,OPTSTK,JSWSTEEL,1000.0,PE,1.55,1.55,1.55,1.55,1.55,1,2.5,6000
2014-11-10,2014-11-27,OPTSTK,JSWSTEEL,1050.0,PE,2.75,2.8,2.45,2.45,2.45,4,10.52,6750
2014-11-10,2014-11-27,OPTSTK,JSWSTEEL,1100.0,PE,6.45,6.45,3.9,3.9,3.9,21,58.03,24000
2014-11-10,2014-11-27,OPTSTK,JSWSTEEL,1150.0,PE,12.15,15.4,8.35,8.95,8.95,50,145.31,17250
2014-11-10,2014-11-27,OPTSTK,JSWSTEEL,1200.0,PE,28.0,31.85,18.5,20.65,20.65,107,327.95,23500
2014-11-10,2014-11-27,OPTSTK,JSWSTEEL,1250.0,PE,49.9,59.5,39.2,41.4,41.4,36,116.86,3250
2014-11-10,2014-11-27,OPTSTK,JSWSTEEL,1300.0,PE,0.0,0.0,0.0,76.0,86.8,0,0.0,750
2014-11-10,2014-11-27,OPTSTK,JSWSTEEL,1350.0,PE,0.0,0.0,0.0,118.8,125.45,0,0.0,250
2014-11-10,2014-11-27,OPTSTK,JSWSTEEL,1400.0,PE,188.55,188.7,188.55,188.7,188.7,6,23.82,1500
2014-11-10,2014-11-27,OPTSTK,JSWSTEEL,1450.0,PE,0.0,0.0,0.0,217.7,215.4,0,0.0,0
2014-11-10,2014-11-27,OPTSTK,JSWSTEEL,1500.0,PE,0.0,0.0,0.0,256.7,263.65,0,0.0,0
2014-11-10,2014-11-27,OPTSTK,JSWSTEEL,1550.0,PE,0.0,0.0,0.0,297.85,312.75,0,0.0,0
2014-11-10,2014-11-27,OPTSTK,JSWSTEEL,1600.0,PE,0.0,0.0,0.0,340.7,362.25,0,0.0,0
2014-11-10,2014-12-24,OPTSTK,JSWSTEEL,800.0,CE,0.0,0.0,0.0,404.4,440.1,0,0.0,0
2014-11-10,2014-12-24,OPTSTK,JSWSTEEL,850.0,CE,0.0,0.0,0.0,358.7,390.9,0,0.0,0
2014-11-10,2014-12-24,OPTSTK,JSWSTEEL,900.0,CE,0.0,0.0,0.0,314.9,342.15,0,0.0,0
2014-11-10,2014-12-24,OPTSTK,JSWSTEEL,950.0,CE,0.0,0.0,0.0,273.45,294.4,0,0.0,0
2014-11-10,2014-12-24,OPTSTK,JSWSTEEL,1000.0,CE,0.0,0.0,0.0,234.9,248.35,0,0.0,0
2014-11-10,2014-12-24,OPTSTK,JSWSTEEL,1050.0,CE,0.0,0.0,0.0,199.6,204.9,0,0.0,0
2014-11-10,2014-12-24,OPTSTK,JSWSTEEL,1100.0,CE,0.0,0.0,0.0,167.75,165.05,0,0.0,0
2014-11-10,2014-12-24,OPTSTK,JSWSTEEL,1150.0,CE,0.0,0.0,0.0,139.6,129.6,0,0.0,0
2014-11-10,2014-12-24,OPTSTK,JSWSTEEL,1200.0,CE,0.0,0.0,0.0,115.0,99.2,0,0.0,0
2014-11-10,2014-12-24,OPTSTK,JSWSTEEL,1250.0,CE,0.0,0.0,0.0,93.85,73.95,0,0.0,0
2014-11-10,2014-12-24,OPTSTK,JSWSTEEL,1300.0,CE,0.0,0.0,0.0,75.9,53.75,0,0.0,0
2014-11-10,2014-12-24,OPTSTK,JSWSTEEL,1350.0,CE,0.0,0.0,0.0,60.85,38.1,0,0.0,0
2014-11-10,2014-12-24,OPTSTK,JSWSTEEL,1400.0,CE,0.0,0.0,0.0,48.5,26.45,0,0.0,0
2014-11-10,2014-12-24,OPTSTK,JSWSTEEL,1450.0,CE,0.0,0.0,0.0,38.4,17.9,0,0.0,0
2014-11-10,2014-12-24,OPTSTK,JSWSTEEL,1500.0,CE,0.0,0.0,0.0,30.1,11.85,0,0.0,0
2014-11-10,2014-12-24,OPTSTK,JSWSTEEL,1550.0,CE,0.0,0.0,0.0,23.5,7.7,0,0.0,0
2014-11-10,2014-12-24,OPTSTK,JSWSTEEL,1600.0,CE,0.0,0.0,0.0,18.25,4.95,0,0.0,0
2014-11-10,2014-12-24,OPTSTK,JSWSTEEL,800.0,PE,0.0,0.0,0.0,3.55,0.1,0,0.0,0
2014-11-10,2014-12-24,OPTSTK,JSWSTEEL,850.0,PE,0.0,0.0,0.0,6.8,0.4,0,0.0,0
2014-11-10,2014-12-24,OPTSTK,JSWSTEEL,900.0,PE,0.0,0.0,0.0,11.85,1.15,0,0.0,0
2014-11-10,2014-12-24,OPTSTK,JSWSTEEL,950.0,PE,0.0,0.0,0.0,19.35,2.85,0,0.0,0
2014-11-10,2014-12-24,OPTSTK,JSWSTEEL,1000.0,PE,0.0,0.0,0.0,29.7,6.25,0,0.0,0
2014-11-10,2014-12-24,OPTSTK,JSWSTEEL,1050.0,PE,0.0,0.0,0.0,43.3,12.3,0,0.0,0
2014-11-10,2014-12-24,OPTSTK,JSWSTEEL,1100.0,PE,0.0,0.0,0.0,60.4,21.95,0,0.0,0
2014-11-10,2014-12-24,OPTSTK,JSWSTEEL,1150.0,PE,0.0,0.0,0.0,81.1,35.95,0,0.0,0
2014-11-10,2014-12-24,OPTSTK,JSWSTEEL,1200.0,PE,0.0,0.0,0.0,105.4,55.05,0,0.0,0
2014-11-10,2014-12-24,OPTSTK,JSWSTEEL,1250.0,PE,0.0,0.0,0.0,133.2,79.3,0,0.0,0
2014-11-10,2014-12-24,OPTSTK,JSWSTEEL,1300.0,PE,0.0,0.0,0.0,164.15,108.55,0,0.0,0
2014-11-10,2014-12-24,OPTSTK,JSWSTEEL,1350.0,PE,0.0,0.0,0.0,198.05,142.4,0,0.0,0
2014-11-10,2014-12-24,OPTSTK,JSWSTEEL,1400.0,PE,0.0,0.0,0.0,234.6,180.15,0,0.0,0
2014-11-10,2014-12-24,OPTSTK,JSWSTEEL,1450.0,PE,0.0,0.0,0.0,273.35,221.1,0,0.0,0
2014-11-10,2014-12-24,OPTSTK,JSWSTEEL,1500.0,PE,0.0,0.0,0.0,314.0,264.55,0,0.0,0
2014-11-10,2014-12-24,OPTSTK,JSWSTEEL,1550.0,PE,0.0,0.0,0.0,356.3,309.9,0,0.0,0
2014-11-10,2014-12-24,OPTSTK,JSWSTEEL,1600.0,PE,0.0,0.0,0.0,399.95,356.6,0,0.0,0
2014-11-10,2015-01-29,OPTSTK,JSWSTEEL,800.0,CE,0.0,0.0,0.0,466.75,447.95,0,0.0,0
2014-11-10,2015-01-29,OPTSTK,JSWSTEEL,850.0,CE,0.0,0.0,0.0,420.35,400.35,0,0.0,0
2014-11-10,2015-01-29,OPTSTK,JSWSTEEL,900.0,CE,0.0,0.0,0.0,375.4,353.95,0,0.0,0
2014-11-10,2015-01-29,OPTSTK,JSWSTEEL,950.0,CE,0.0,0.0,0.0,332.35,309.25,0,0.0,0
2014-11-10,2015-01-29,OPTSTK,JSWSTEEL,1000.0,CE,0.0,0.0,0.0,291.7,266.9,0,0.0,0
2014-11-10,2015-01-29,OPTSTK,JSWSTEEL,1050.0,CE,0.0,0.0,0.0,253.75,227.45,0,0.0,0
2014-11-10,2015-01-29,OPTSTK,JSWSTEEL,1100.0,CE,0.0,0.0,0.0,218.8,191.3,0,0.0,0
2014-11-10,2015-01-29,OPTSTK,JSWSTEEL,1150.0,CE,0.0,0.0,0.0,187.0,158.8,0,0.0,0
2014-11-10,2015-01-29,OPTSTK,JSWSTEEL,1200.0,CE,0.0,0.0,0.0,158.55,130.2,0,0.0,0
2014-11-10,2015-01-29,OPTSTK,JSWSTEEL,1250.0,CE,0.0,0.0,0.0,133.4,105.4,0,0.0,0
2014-11-10,2015-01-29,OPTSTK,JSWSTEEL,1300.0,CE,0.0,0.0,0.0,111.35,84.35,0,0.0,0
2014-11-10,2015-01-29,OPTSTK,JSWSTEEL,1350.0,CE,0.0,0.0,0.0,92.3,66.75,0,0.0,0
2014-11-10,2015-01-29,OPTSTK,JSWSTEEL,1400.0,CE,0.0,0.0,0.0,76.05,52.25,0,0.0,0
2014-11-10,2015-01-29,OPTSTK,JSWSTEEL,1450.0,CE,0.0,0.0,0.0,62.2,40.6,0,0.0,0
2014-11-10,2015-01-29,OPTSTK,JSWSTEEL,1500.0,CE,0.0,0.0,0.0,50.7,31.15,0,0.0,0
2014-11-10,2015-01-29,OPTSTK,JSWSTEEL,1550.0,CE,0.0,0.0,0.0,41.05,23.75,0,0.0,0
2014-11-10,2015-01-29,OPTSTK,JSWSTEEL,1600.0,CE,0.0,0.0,0.0,33.05,17.95,0,0.0,0
2014-11-10,2015-01-29,OPTSTK,JSWSTEEL,800.0,PE,0.0,0.0,0.0,2.8,1.2,0,0.0,0
2014-11-10,2015-01-29,OPTSTK,JSWSTEEL,850.0,PE,0.0,0.0,0.0,5.3,2.65,0,0.0,0
2014-11-10,2015-01-29,OPTSTK,JSWSTEEL,900.0,PE,0.0,0.0,0.0,9.25,5.3,0,0.0,0
2014-11-10,2015-01-29,OPTSTK,JSWSTEEL,950.0,PE,0.0,0.0,0.0,15.15,9.65,0,0.0,0
2014-11-10,2015-01-29,OPTSTK,JSWSTEEL,1000.0,PE,0.0,0.0,0.0,23.4,16.35,0,0.0,0
2014-11-10,2015-01-29,OPTSTK,JSWSTEEL,1050.0,PE,0.0,0.0,0.0,34.4,25.95,0,0.0,0
2014-11-10,2015-01-29,OPTSTK,JSWSTEEL,1100.0,PE,0.0,0.0,0.0,48.35,38.85,0,0.0,0
2014-11-10,2015-01-29,OPTSTK,JSWSTEEL,1150.0,PE,0.0,0.0,0.0,65.5,55.4,0,0.0,0
2014-11-10,2015-01-29,OPTSTK,JSWSTEEL,1200.0,PE,0.0,0.0,0.0,85.95,75.85,0,0.0,0
2014-11-10,2015-01-29,OPTSTK,JSWSTEEL,1250.0,PE,0.0,0.0,0.0,109.7,100.15,0,0.0,0
2014-11-10,2015-01-29,OPTSTK,JSWSTEEL,1300.0,PE,0.0,0.0,0.0,136.6,128.1,0,0.0,0
2014-11-10,2015-01-29,OPTSTK,JSWSTEEL,1350.0,PE,0.0,0.0,0.0,166.5,159.55,0,0.0,0
2014-11-10,2015-01-29,OPTSTK,JSWSTEEL,1400.0,PE,0.0,0.0,0.0,199.1,194.15,0,0.0,0
2014-11-10,2015-01-29,OPTSTK,JSWSTEEL,1450.0,PE,0.0,0.0,0.0,234.25,231.5,0,0.0,0
2014-11-10,2015-01-29,OPTSTK,JSWSTEEL,1500.0,PE,0.0,0.0,0.0,271.65,271.15,0,0.0,0
2014-11-10,2015-01-29,OPTSTK,JSWSTEEL,1550.0,PE,0.0,0.0,0.0,310.9,312.75,0,0.0,0
2014-11-10,2015-01-29,OPTSTK,JSWSTEEL,1600.0,PE,0.0,0.0,0.0,351.85,356.0,0,0.0,0
2014-11-10,2014-11-27,OPTSTK,JUBLFOOD,800.0,CE,0.0,0.0,0.0,514.1,506.65,0,0.0,0
2014-11-10,2014-11-27,OPTSTK,JUBLFOOD,850.0,CE,0.0,0.0,0.0,466.25,456.8,0,0.0,0
2014-11-10,2014-11-27,OPTSTK,JUBLFOOD,900.0,CE,0.0,0.0,0.0,419.25,407.0,0,0.0,0
2014-11-10,2014-11-27,OPTSTK,JUBLFOOD,950.0,CE,0.0,0.0,0.0,373.6,357.2,0,0.0,0
2014-11-10,2014-11-27,OPTSTK,JUBLFOOD,1000.0,CE,0.0,0.0,0.0,329.75,307.45,0,0.0,0
2014-11-10,2014-11-27,OPTSTK,JUBLFOOD,1050.0,CE,0.0,0.0,0.0,288.15,257.8,0,0.0,0
2014-11-10,2014-11-27,OPTSTK,JUBLFOOD,1100.0,CE,0.0,0.0,0.0,249.2,208.75,0,0.0,0
2014-11-10,2014-11-27,OPTSTK,JUBLFOOD,1150.0,CE,0.0,0.0,0.0,213.35,161.35,0,0.0,0
2014-11-10,2014-11-27,OPTSTK,JUBLFOOD,1200.0,CE,113.5,113.5,112.75,112.75,112.75,9,29.54,750
2014-11-10,2014-11-27,OPTSTK,JUBLFOOD,1250.0,CE,88.0,88.0,73.1,73.1,73.1,3,9.97,1750
2014-11-10,2014-11-27,OPTSTK,JUBLFOOD,1300.0,CE,47.5,60.0,40.4,50.0,50.0,42,141.74,6000
2014-11-10,2014-11-27,OPTSTK,JUBLFOOD,1350.0,CE,30.0,32.05,22.35,25.95,25.95,24,82.63,3500
2014-11-10,2014-11-27,OPTSTK,JUBLFOOD,1400.0,CE,11.75,16.9,11.75,15.35,15.35,12,42.41,1750
2014-11-10,2014-11-27,OPTSTK,JUBLFOOD,1450.0,CE,10.15,10.15,5.4,5.4,5.4,3,10.92,2000
2014-11-10,2014-11-27,OPTSTK,JUBLFOOD,1500.0,CE,0.0,0.0,0.0,55.05,3.2,0,0.0,0
2014-11-10,2014-11-27,OPTSTK,JUBLFOOD,1550.0,CE,0.0,0.0,0.0,43.95,1.3,0,0.0,0
2014-11-10,2014-11-27,OPTSTK,JUBLFOOD,1600.0,CE,0.0,0.0,0.0,1.2,0.5,0,0.0,250
2014-11-10,2014-11-27,OPTSTK,JUBLFOOD,1650.0,CE,0.0,0.0,0.0,27.35,0.2,0,0.0,0
2014-11-10,2014-11-27,OPTSTK,JUBLFOOD,800.0,PE,0.0,0.0,0.0,0.9,0.0,0,0.0,0
2014-11-10,2014-11-27,OPTSTK,JUBLFOOD,850.0,PE,0.0,0.0,0.0,2.0,0.0,0,0.0,0
2014-11-10,2014-11-27,OPTSTK,JUBLFOOD,900.0,PE,0.0,0.0,0.0,4.0,0.0,0,0.0,0
2014-11-10,2014-11-27,OPTSTK,JUBLFOOD,950.0,PE,0.0,0.0,0.0,7.3,0.0,0,0.0,0
2014-11-10,2014-11-27,OPTSTK,JUBLFOOD,1000.0,PE,0.0,0.0,0.0,12.35,0.05,0,0.0,0
2014-11-10,2014-11-27,OPTSTK,JUBLFOOD,1050.0,PE,0.0,0.0,0.0,19.65,0.2,0,0.0,0
2014-11-10,2014-11-27,OPTSTK,JUBLFOOD,1100.0,PE,0.0,0.0,0.0,2.75,0.95,0,0.0,0
2014-11-10,2014-11-27,OPTSTK,JUBLFOOD,1150.0,PE,0.0,0.0,0.0,10.35,3.35,0,0.0,250
2014-11-10,2014-11-27,OPTSTK,JUBLFOOD,1200.0,PE,14.5,14.5,4.35,4.35,4.35,2,6.04,4750
2014-11-10,2014-11-27,OPTSTK,JUBLFOOD,1250.0,PE,20.55,20.55,20.55,20.55,20.55,1,3.17,2250
2014-11-10,2014-11-27,OPTSTK,JUBLFOOD,1300.0,PE,55.5,55.6,35.05,42.45,42.45,22,73.93,1500
2014-11-10,2014-11-27,OPTSTK,JUBLFOOD,1350.0,PE,87.2,87.3,87.2,87.2,87.2,5,17.96,1250
2014-11-10,2014-11-27,OPTSTK,JUBLFOOD,1400.0,PE,125.9,125.9,125.9,125.9,125.9,2,7.62,500
2014-11-10,2014-11-27,OPTSTK,JUBLFOOD,1450.0,PE,0.0,0.0,0.0,191.55,148.05,0,0.0,0
2014-11-10,2014-11-27,OPTSTK,JUBLFOOD,1500.0,PE,0.0,0.0,0.0,227.05,193.8,0,0.0,0
2014-11-10,2014-11-27,OPTSTK,JUBLFOOD,1550.0,PE,0.0,0.0,0.0,264.85,241.75,0,0.0,0
2014-11-10,2014-11-27,OPTSTK,JUBLFOOD,1600.0,PE,0.0,0.0,0.0,304.6,290.75,0,0.0,0
2014-11-10,2014-11-27,OPTSTK,JUBLFOOD,1650.0,PE,0.0,0.0,0.0,346.15,340.2,0,0.0,0
2014-11-10,2014-12-24,OPTSTK,JUBLFOOD,800.0,CE,0.0,0.0,0.0,425.4,511.85,0,0.0,0
2014-11-10,2014-12-24,OPTSTK,JUBLFOOD,850.0,CE,0.0,0.0,0.0,377.0,462.4,0,0.0,0
2014-11-10,2014-12-24,OPTSTK,JUBLFOOD,900.0,CE,0.0,0.0,0.0,329.35,413.05,0,0.0,0
2014-11-10,2014-12-24,OPTSTK,JUBLFOOD,950.0,CE,0.0,0.0,0.0,282.95,363.95,0,0.0,0
2014-11-10,2014-12-24,OPTSTK,JUBLFOOD,1000.0,CE,0.0,0.0,0.0,238.6,315.5,0,0.0,0
2014-11-10,2014-12-24,OPTSTK,JUBLFOOD,1050.0,CE,0.0,0.0,0.0,197.2,268.2,0,0.0,0
2014-11-10,2014-12-24,OPTSTK,JUBLFOOD,1100.0,CE,0.0,0.0,0.0,159.55,223.0,0,0.0,0
2014-11-10,2014-12-24,OPTSTK,JUBLFOOD,1150.0,CE,0.0,0.0,0.0,126.2,180.9,0,0.0,0
2014-11-10,2014-12-24,OPTSTK,JUBLFOOD,1200.0,CE,0.0,0.0,0.0,97.65,142.85,0,0.0,0
2014-11-10,2014-12-24,OPTSTK,JUBLFOOD,1250.0,CE,0.0,0.0,0.0,73.9,109.55,0,0.0,0
2014-11-10,2014-12-24,OPTSTK,JUBLFOOD,1300.0,CE,0.0,0.0,0.0,54.75,81.65,0,0.0,0
2014-11-10,2014-12-24,OPTSTK,JUBLFOOD,1350.0,CE,0.0,0.0,0.0,39.7,59.1,0,0.0,0
2014-11-10,2014-12-24,OPTSTK,JUBLFOOD,1400.0,CE,0.0,0.0,0.0,28.3,41.6,0,0.0,0
2014-11-10,2014-12-24,OPTSTK,JUBLFOOD,1450.0,CE,0.0,0.0,0.0,19.75,28.5,0,0.0,0
2014-11-10,2014-12-24,OPTSTK,JUBLFOOD,1500.0,CE,0.0,0.0,0.0,13.55,19.0,0,0.0,0
2014-11-10,2014-12-24,OPTSTK,JUBLFOOD,1550.0,CE,0.0,0.0,0.0,9.15,12.35,0,0.0,0
2014-11-10,2014-12-24,OPTSTK,JUBLFOOD,1600.0,CE,0.0,0.0,0.0,6.1,7.8,0,0.0,0
2014-11-10,2014-12-24,OPTSTK,JUBLFOOD,1650.0,CE,0.0,0.0,0.0,4.0,4.85,0,0.0,0
2014-11-10,2014-12-24,OPTSTK,JUBLFOOD,800.0,PE,0.0,0.0,0.0,0.25,0.05,0,0.0,0
2014-11-10,2014-12-24,OPTSTK,JUBLFOOD,850.0,PE,0.0,0.0,0.0,0.8,0.05,0,0.0,0
2014-11-10,2014-12-24,OPTSTK,JUBLFOOD,900.0,PE,0.0,0.0,0.0,2.0,0.2,0,0.0,0
2014-11-10,2014-12-24,OPTSTK,JUBLFOOD,950.0,PE,0.0,0.0,0.0,4.55,0.55,0,0.0,0
2014-11-10,2014-12-24,OPTSTK,JUBLFOOD,1000.0,PE,0.0,0.0,0.0,9.1,1.55,0,0.0,0
2014-11-10,2014-12-24,OPTSTK,JUBLFOOD,1050.0,PE,0.0,0.0,0.0,16.6,3.8,0,0.0,0
2014-11-10,2014-12-24,OPTSTK,JUBLFOOD,1100.0,PE,0.0,0.0,0.0,27.85,8.05,0,0.0,0
2014-11-10,2014-12-24,OPTSTK,JUBLFOOD,1150.0,PE,0.0,0.0,0.0,43.4,15.4,0,0.0,0
2014-11-10,2014-12-24,OPTSTK,JUBLFOOD,1200.0,PE,0.0,0.0,0.0,63.75,26.8,0,0.0,0
2014-11-10,2014-12-24,OPTSTK,JUBLFOOD,1250.0,PE,0.0,0.0,0.0,88.95,43.0,0,0.0,0
2014-11-10,2014-12-24,OPTSTK,JUBLFOOD,1300.0,PE,0.0,0.0,0.0,118.7,64.6,0,0.0,0
2014-11-10,2014-12-24,OPTSTK,JUBLFOOD,1350.0,PE,0.0,0.0,0.0,152.55,91.55,0,0.0,0
2014-11-10,2014-12-24,OPTSTK,JUBLFOOD,1400.0,PE,0.0,0.0,0.0,190.05,123.5,0,0.0,0
2014-11-10,2014-12-24,OPTSTK,JUBLFOOD,1450.0,PE,0.0,0.0,0.0,230.45,159.9,0,0.0,0
2014-11-10,2014-12-24,OPTSTK,JUBLFOOD,1500.0,PE,0.0,0.0,0.0,273.15,199.8,0,0.0,0
2014-11-10,2014-12-24,OPTSTK,JUBLFOOD,1550.0,PE,0.0,0.0,0.0,317.65,242.65,0,0.0,0
2014-11-10,2014-12-24,OPTSTK,JUBLFOOD,1600.0,PE,0.0,0.0,0.0,363.5,287.6,0,0.0,0
2014-11-10,2014-12-24,OPTSTK,JUBLFOOD,1650.0,PE,0.0,0.0,0.0,410.35,334.1,0,0.0,0
2014-11-10,2015-01-29,OPTSTK,JUBLFOOD,800.0,CE,0.0,0.0,0.0,526.1,518.85,0,0.0,0
2014-11-10,2015-01-29,OPTSTK,JUBLFOOD,850.0,CE,0.0,0.0,0.0,477.8,470.2,0,0.0,0
2014-11-10,2015-01-29,OPTSTK,JUBLFOOD,900.0,CE,0.0,0.0,0.0,430.15,422.05,0,0.0,0
2014-11-10,2015-01-29,OPTSTK,JUBLFOOD,950.0,CE,0.0,0.0,0.0,383.55,374.75,0,0.0,0
2014-11-10,2015-01-29,OPTSTK,JUBLFOOD,1000.0,CE,0.0,0.0,0.0,338.5,328.8,0,0.0,0
2014-11-10,2015-01-29,OPTSTK,JUBLFOOD,1050.0,CE,0.0,0.0,0.0,295.4,284.8,0,0.0,0
2014-11-10,2015-01-29,OPTSTK,JUBLFOOD,1100.0,CE,0.0,0.0,0.0,254.85,243.35,0,0.0,0
2014-11-10,2015-01-29,OPTSTK,JUBLFOOD,1150.0,CE,0.0,0.0,0.0,217.35,205.0,0,0.0,0
2014-11-10,2015-01-29,OPTSTK,JUBLFOOD,1200.0,CE,0.0,0.0,0.0,183.1,170.2,0,0.0,0
2014-11-10,2015-01-29,OPTSTK,JUBLFOOD,1250.0,CE,0.0,0.0,0.0,152.5,139.3,0,0.0,0
2014-11-10,2015-01-29,OPTSTK,JUBLFOOD,1300.0,CE,0.0,0.0,0.0,125.6,112.4,0,0.0,0
2014-11-10,2015-01-29,OPTSTK,JUBLFOOD,1350.0,CE,0.0,0.0,0.0,102.25,89.4,0,0.0,0
2014-11-10,2015-01-29,OPTSTK,JUBLFOOD,1400.0,CE,0.0,0.0,0.0,82.4,70.2,0,0.0,0
2014-11-10,2015-01-29,OPTSTK,JUBLFOOD,1450.0,CE,0.0,0.0,0.0,65.75,54.4,0,0.0,0
2014-11-10,2015-01-29,OPTSTK,JUBLFOOD,1500.0,CE,0.0,0.0,0.0,51.9,41.75,0,0.0,0
2014-11-10,2015-01-29,OPTSTK,JUBLFOOD,1550.0,CE,0.0,0.0,0.0,40.75,31.6,0,0.0,0
2014-11-10,2015-01-29,OPTSTK,JUBLFOOD,1600.0,CE,0.0,0.0,0.0,31.6,23.65,0,0.0,0
2014-11-10,2015-01-29,OPTSTK,JUBLFOOD,1650.0,CE,0.0,0.0,0.0,24.35,17.55,0,0.0,0
2014-11-10,2015-01-29,OPTSTK,JUBLFOOD,800.0,PE,0.0,0.0,0.0,0.45,0.25,0,0.0,0
2014-11-10,2015-01-29,OPTSTK,JUBLFOOD,850.0,PE,0.0,0.0,0.0,1.1,0.65,0,0.0,0
2014-11-10,2015-01-29,OPTSTK,JUBLFOOD,900.0,PE,0.0,0.0,0.0,2.4,1.55,0,0.0,0
2014-11-10,2015-01-29,OPTSTK,JUBLFOOD,950.0,PE,0.0,0.0,0.0,4.7,3.3,0,0.0,0
2014-11-10,2015-01-29,OPTSTK,JUBLFOOD,1000.0,PE,0.0,0.0,0.0,8.55,6.4,0,0.0,0
2014-11-10,2015-01-29,OPTSTK,JUBLFOOD,1050.0,PE,0.0,0.0,0.0,14.4,11.45,0,0.0,0
2014-11-10,2015-01-29,OPTSTK,JUBLFOOD,1100.0,PE,0.0,0.0,0.0,22.8,19.05,0,0.0,0
2014-11-10,2015-01-29,OPTSTK,JUBLFOOD,1150.0,PE,0.0,0.0,0.0,34.2,29.75,0,0.0,0
2014-11-10,2015-01-29,OPTSTK,JUBLFOOD,1200.0,PE,0.0,0.0,0.0,48.85,44.0,0,0.0,0
2014-11-10,2015-01-29,OPTSTK,JUBLFOOD,1250.0,PE,0.0,0.0,0.0,67.2,62.15,0,0.0,0
2014-11-10,2015-01-29,OPTSTK,JUBLFOOD,1300.0,PE,0.0,0.0,0.0,89.2,84.3,0,0.0,0
2014-11-10,2015-01-29,OPTSTK,JUBLFOOD,1350.0,PE,0.0,0.0,0.0,114.8,110.4,0,0.0,0
2014-11-10,2015-01-29,OPTSTK,JUBLFOOD,1400.0,PE,0.0,0.0,0.0,143.85,140.2,0,0.0,0
2014-11-10,2015-01-29,OPTSTK,JUBLFOOD,1450.0,PE,0.0,0.0,0.0,176.1,173.5,0,0.0,0
2014-11-10,2015-01-29,OPTSTK,JUBLFOOD,1500.0,PE,0.0,0.0,0.0,211.2,209.85,0,0.0,0
2014-11-10,2015-01-29,OPTSTK,JUBLFOOD,1550.0,PE,0.0,0.0,0.0,248.95,248.75,0,0.0,0
2014-11-10,2015-01-29,OPTSTK,JUBLFOOD,1600.0,PE,0.0,0.0,0.0,288.75,289.9,0,0.0,0
2014-11-10,2015-01-29,OPTSTK,JUBLFOOD,1650.0,PE,0.0,0.0,0.0,330.4,332.85,0,0.0,0
2014-11-10,2014-11-27,OPTSTK,JUSTDIAL,1000.0,CE,0.0,0.0,0.0,627.65,481.4,0,0.0,0
2014-11-10,2014-11-27,OPTSTK,JUSTDIAL,1050.0,CE,0.0,0.0,0.0,620.65,431.9,0,0.0,0
2014-11-10,2014-11-27,OPTSTK,JUSTDIAL,1100.0,CE,0.0,0.0,0.0,572.65,382.85,0,0.0,0
2014-11-10,2014-11-27,OPTSTK,JUSTDIAL,1150.0,CE,0.0,0.0,0.0,525.2,334.65,0,0.0,0
2014-11-10,2014-11-27,OPTSTK,JUSTDIAL,1200.0,CE,0.0,0.0,0.0,478.65,287.85,0,0.0,0
2014-11-10,2014-11-27,OPTSTK,JUSTDIAL,1250.0,CE,0.0,0.0,0.0,245.0,243.2,0,0.0,125
2014-11-10,2014-11-27,OPTSTK,JUSTDIAL,1300.0,CE,0.0,0.0,0.0,184.45,201.5,0,0.0,0
2014-11-10,2014-11-27,OPTSTK,JUSTDIAL,1350.0,CE,0.0,0.0,0.0,99.85,163.5,0,0.0,375
2014-11-10,2014-11-27,OPTSTK,JUSTDIAL,1400.0,CE,0.0,0.0,0.0,139.05,129.75,0,0.0,2000
2014-11-10,2014-11-27,OPTSTK,JUSTDIAL,1450.0,CE,0.0,0.0,0.0,124.55,100.75,0,0.0,3000
2014-11-10,2014-11-27,OPTSTK,JUSTDIAL,1500.0,CE,48.0,60.0,38.55,52.15,52.15,56,108.7,10000
2014-11-10,2014-11-27,OPTSTK,JUSTDIAL,1550.0,CE,38.45,40.2,26.0,28.4,28.4,26,51.5,7125
2014-11-10,2014-11-27,OPTSTK,JUSTDIAL,1600.0,CE,25.45,25.45,16.0,20.0,20.0,8,16.2,5875
2014-11-10,2014-11-27,OPTSTK,JUSTDIAL,1650.0,CE,16.1,16.1,9.45,12.9,12.9,13,27.01,2875
2014-11-10,2014-11-27,OPTSTK,JUSTDIAL,1700.0,CE,0.0,0.0,0.0,45.0,20.5,0,0.0,250
2014-11-10,2014-11-27,OPTSTK,JUSTDIAL,1750.0,CE,0.0,0.0,0.0,9.35,14.05,0,0.0,875
2014-11-10,2014-11-27,OPTSTK,JUSTDIAL,1800.0,CE,0.0,0.0,0.0,14.0,9.45,0,0.0,500
2014-11-10,2014-11-27,OPTSTK,JUSTDIAL,1850.0,CE,0.0,0.0,0.0,73.55,6.25,0,0.0,0
2014-11-10,2014-11-27,OPTSTK,JUSTDIAL,1900.0,CE,0.0,0.0,0.0,60.75,4.05,0,0.0,0
2014-11-10,2014-11-27,OPTSTK,JUSTDIAL,1950.0,CE,0.0,0.0,0.0,49.8,2.6,0,0.0,0
2014-11-10,2014-11-27,OPTSTK,JUSTDIAL,2000.0,CE,0.0,0.0,0.0,40.55,1.65,0,0.0,0
2014-11-10,2014-11-27,OPTSTK,JUSTDIAL,2050.0,CE,0.0,0.0,0.0,32.9,1.0,0,0.0,0
2014-11-10,2014-11-27,OPTSTK,JUSTDIAL,2100.0,CE,0.0,0.0,0.0,26.55,0.65,0,0.0,0
2014-11-10,2014-11-27,OPTSTK,JUSTDIAL,2150.0,CE,0.0,0.0,0.0,21.3,0.4,0,0.0,0
2014-11-10,2014-11-27,OPTSTK,JUSTDIAL,1000.0,PE,0.0,0.0,0.0,0.7,0.15,0,0.0,0
2014-11-10,2014-11-27,OPTSTK,JUSTDIAL,1050.0,PE,3.9,3.9,3.9,3.9,3.9,1,1.31,125
2014-11-10,2014-11-27,OPTSTK,JUSTDIAL,1100.0,PE,0.0,0.0,0.0,1.85,1.2,0,0.0,0
2014-11-10,2014-11-27,OPTSTK,JUSTDIAL,1150.0,PE,0.0,0.0,0.0,3.35,2.8,0,0.0,0
2014-11-10,2014-11-27,OPTSTK,JUSTDIAL,1200.0,PE,0.0,0.0,0.0,9.9,5.8,0,0.0,750
2014-11-10,2014-11-27,OPTSTK,JUSTDIAL,1250.0,PE,11.4,11.4,5.05,5.3,5.3,5,7.85,1375
2014-11-10,2014-11-27,OPTSTK,JUSTDIAL,1300.0,PE,0.0,0.0,0.0,49.75,19.05,0,0.0,875
2014-11-10,2014-11-27,OPTSTK,JUSTDIAL,1350.0,PE,0.0,0.0,0.0,41.75,30.9,0,0.0,125
2014-11-10,2014-11-27,OPTSTK,JUSTDIAL,1400.0,PE,33.75,39.5,27.05,27.55,27.55,40,71.54,5625
2014-11-10,2014-11-27,OPTSTK,JUSTDIAL,1450.0,PE,48.75,57.9,43.0,46.05,46.05,50,93.81,7500
2014-11-10,2014-11-27,OPTSTK,JUSTDIAL,1500.0,PE,68.1,86.6,65.5,69.85,69.85,41,80.74,2500
2014-11-10,2014-11-27,OPTSTK,JUSTDIAL,1550.0,PE,108.4,119.85,108.4,119.85,119.85,5,10.42,1375
2014-11-10,2014-11-27,OPTSTK,JUSTDIAL,1600.0,PE,0.0,0.0,0.0,109.15,157.65,0,0.0,250
2014-11-10,2014-11-27,OPTSTK,JUSTDIAL,1650.0,PE,0.0,0.0,0.0,152.8,195.6,0,0.0,125
2014-11-10,2014-11-27,OPTSTK,JUSTDIAL,1700.0,PE,0.0,0.0,0.0,266.3,236.5,0,0.0,125
2014-11-10,2014-11-27,OPTSTK,JUSTDIAL,1750.0,PE,0.0,0.0,0.0,171.65,279.85,0,0.0,0
2014-11-10,2014-11-27,OPTSTK,JUSTDIAL,1800.0,PE,0.0,0.0,0.0,203.05,325.05,0,0.0,0
2014-11-10,2014-11-27,OPTSTK,JUSTDIAL,1850.0,PE,0.0,0.0,0.0,236.85,371.65,0,0.0,0
2014-11-10,2014-11-27,OPTSTK,JUSTDIAL,1900.0,PE,0.0,0.0,0.0,272.95,419.25,0,0.0,0
2014-11-10,2014-11-27,OPTSTK,JUSTDIAL,1950.0,PE,0.0,0.0,0.0,311.0,467.6,0,0.0,0
2014-11-10,2014-11-27,OPTSTK,JUSTDIAL,2000.0,PE,0.0,0.0,0.0,350.65,516.45,0,0.0,0
2014-11-10,2014-11-27,OPTSTK,JUSTDIAL,2050.0,PE,0.0,0.0,0.0,391.95,565.65,0,0.0,0
2014-11-10,2014-11-27,OPTSTK,JUSTDIAL,2100.0,PE,0.0,0.0,0.0,434.5,615.05,0,0.0,0
2014-11-10,2014-11-27,OPTSTK,JUSTDIAL,2150.0,PE,0.0,0.0,0.0,478.2,664.6,0,0.0,0
2014-11-10,2014-12-24,OPTSTK,JUSTDIAL,1000.0,CE,0.0,0.0,0.0,635.4,492.35,0,0.0,0
2014-11-10,2014-12-24,OPTSTK,JUSTDIAL,1050.0,CE,0.0,0.0,0.0,587.15,446.05,0,0.0,0
2014-11-10,2014-12-24,OPTSTK,JUSTDIAL,1100.0,CE,0.0,0.0,0.0,539.4,401.3,0,0.0,0
2014-11-10,2014-12-24,OPTSTK,JUSTDIAL,1150.0,CE,0.0,0.0,0.0,492.45,358.35,0,0.0,0
2014-11-10,2014-12-24,OPTSTK,JUSTDIAL,1200.0,CE,0.0,0.0,0.0,446.55,317.65,0,0.0,0
2014-11-10,2014-12-24,OPTSTK,JUSTDIAL,1250.0,CE,0.0,0.0,0.0,402.0,279.5,0,0.0,0
2014-11-10,2014-12-24,OPTSTK,JUSTDIAL,1300.0,CE,0.0,0.0,0.0,359.25,244.05,0,0.0,0
2014-11-10,2014-12-24,OPTSTK,JUSTDIAL,1350.0,CE,0.0,0.0,0.0,318.55,211.45,0,0.0,0
2014-11-10,2014-12-24,OPTSTK,JUSTDIAL,1400.0,CE,0.0,0.0,0.0,280.25,182.0,0,0.0,0
2014-11-10,2014-12-24,OPTSTK,JUSTDIAL,1450.0,CE,0.0,0.0,0.0,244.65,155.5,0,0.0,0
2014-11-10,2014-12-24,OPTSTK,JUSTDIAL,1500.0,CE,0.0,0.0,0.0,211.8,132.0,0,0.0,0
2014-11-10,2014-12-24,OPTSTK,JUSTDIAL,1550.0,CE,0.0,0.0,0.0,182.0,111.3,0,0.0,0
2014-11-10,2014-12-24,OPTSTK,JUSTDIAL,1600.0,CE,0.0,0.0,0.0,155.2,93.3,0,0.0,0
2014-11-10,2014-12-24,OPTSTK,JUSTDIAL,1650.0,CE,0.0,0.0,0.0,131.3,77.75,0,0.0,0
2014-11-10,2014-12-24,OPTSTK,JUSTDIAL,1700.0,CE,0.0,0.0,0.0,110.35,64.5,0,0.0,0
2014-11-10,2014-12-24,OPTSTK,JUSTDIAL,1750.0,CE,0.0,0.0,0.0,92.05,53.2,0,0.0,0
2014-11-10,2014-12-24,OPTSTK,JUSTDIAL,1800.0,CE,0.0,0.0,0.0,76.3,43.65,0,0.0,0
2014-11-10,2014-12-24,OPTSTK,JUSTDIAL,1850.0,CE,0.0,0.0,0.0,62.9,35.65,0,0.0,0
2014-11-10,2014-12-24,OPTSTK,JUSTDIAL,1900.0,CE,0.0,0.0,0.0,51.55,29.0,0,0.0,0
2014-11-10,2014-12-24,OPTSTK,JUSTDIAL,1950.0,CE,0.0,0.0,0.0,41.9,23.5,0,0.0,0
2014-11-10,2014-12-24,OPTSTK,JUSTDIAL,2000.0,CE,0.0,0.0,0.0,33.95,18.95,0,0.0,0
2014-11-10,2014-12-24,OPTSTK,JUSTDIAL,2050.0,CE,0.0,0.0,0.0,27.35,15.25,0,0.0,0
2014-11-10,2014-12-24,OPTSTK,JUSTDIAL,2100.0,CE,0.0,0.0,0.0,21.9,12.2,0,0.0,0
2014-11-10,2014-12-24,OPTSTK,JUSTDIAL,2150.0,CE,0.0,0.0,0.0,17.45,9.75,0,0.0,0
2014-11-10,2014-12-24,OPTSTK,JUSTDIAL,1000.0,PE,0.0,0.0,0.0,0.65,4.6,0,0.0,0
2014-11-10,2014-12-24,OPTSTK,JUSTDIAL,1050.0,PE,0.0,0.0,0.0,1.3,7.8,0,0.0,0
2014-11-10,2014-12-24,OPTSTK,JUSTDIAL,1100.0,PE,0.0,0.0,0.0,2.5,12.45,0,0.0,0
2014-11-10,2014-12-24,OPTSTK,JUSTDIAL,1150.0,PE,0.0,0.0,0.0,4.45,19.05,0,0.0,0
2014-11-10,2014-12-24,OPTSTK,JUSTDIAL,1200.0,PE,0.0,0.0,0.0,7.4,27.8,0,0.0,0
2014-11-10,2014-12-24,OPTSTK,JUSTDIAL,1250.0,PE,0.0,0.0,0.0,11.8,39.15,0,0.0,0
2014-11-10,2014-12-24,OPTSTK,JUSTDIAL,1300.0,PE,0.0,0.0,0.0,17.95,53.15,0,0.0,0
2014-11-10,2014-12-24,OPTSTK,JUSTDIAL,1350.0,PE,0.0,0.0,0.0,26.15,70.05,0,0.0,0
2014-11-10,2014-12-24,OPTSTK,JUSTDIAL,1400.0,PE,0.0,0.0,0.0,36.8,90.0,0,0.0,0
2014-11-10,2014-12-24,OPTSTK,JUSTDIAL,1450.0,PE,0.0,0.0,0.0,50.1,113.05,0,0.0,0
2014-11-10,2014-12-24,OPTSTK,JUSTDIAL,1500.0,PE,0.0,0.0,0.0,66.15,139.0,0,0.0,0
2014-11-10,2014-12-24,OPTSTK,JUSTDIAL,1550.0,PE,0.0,0.0,0.0,85.25,167.8,0,0.0,0
2014-11-10,2014-12-24,OPTSTK,JUSTDIAL,1600.0,PE,0.0,0.0,0.0,107.35,199.25,0,0.0,0
2014-11-10,2014-12-24,OPTSTK,JUSTDIAL,1650.0,PE,0.0,0.0,0.0,132.4,233.15,0,0.0,0
2014-11-10,2014-12-24,OPTSTK,JUSTDIAL,1700.0,PE,0.0,0.0,0.0,160.3,269.4,0,0.0,0
2014-11-10,2014-12-24,OPTSTK,JUSTDIAL,1750.0,PE,0.0,0.0,0.0,190.95,307.6,0,0.0,0
2014-11-10,2014-12-24,OPTSTK,JUSTDIAL,1800.0,PE,0.0,0.0,0.0,224.1,347.5,0,0.0,0
2014-11-10,2014-12-24,OPTSTK,JUSTDIAL,1850.0,PE,0.0,0.0,0.0,259.6,388.95,0,0.0,0
2014-11-10,2014-12-24,OPTSTK,JUSTDIAL,1900.0,PE,0.0,0.0,0.0,297.15,431.8,0,0.0,0
2014-11-10,2014-12-24,OPTSTK,JUSTDIAL,1950.0,PE,0.0,0.0,0.0,336.45,475.75,0,0.0,0
2014-11-10,2014-12-24,OPTSTK,JUSTDIAL,2000.0,PE,0.0,0.0,0.0,377.4,520.7,0,0.0,0
2014-11-10,2014-12-24,OPTSTK,JUSTDIAL,2050.0,PE,0.0,0.0,0.0,419.7,566.5,0,0.0,0
2014-11-10,2014-12-24,OPTSTK,JUSTDIAL,2100.0,PE,0.0,0.0,0.0,463.15,612.95,0,0.0,0
2014-11-10,2014-12-24,OPTSTK,JUSTDIAL,2150.0,PE,0.0,0.0,0.0,507.65,659.95,0,0.0,0
2014-11-10,2015-01-29,OPTSTK,JUSTDIAL,1000.0,CE,0.0,0.0,0.0,528.25,512.45,0,0.0,0
2014-11-10,2015-01-29,OPTSTK,JUSTDIAL,1050.0,CE,0.0,0.0,0.0,489.2,470.2,0,0.0,0
2014-11-10,2015-01-29,OPTSTK,JUSTDIAL,1100.0,CE,0.0,0.0,0.0,452.0,429.75,0,0.0,0
2014-11-10,2015-01-29,OPTSTK,JUSTDIAL,1150.0,CE,0.0,0.0,0.0,416.65,391.3,0,0.0,0
2014-11-10,2015-01-29,OPTSTK,JUSTDIAL,1200.0,CE,0.0,0.0,0.0,383.25,355.0,0,0.0,0
2014-11-10,2015-01-29,OPTSTK,JUSTDIAL,1250.0,CE,0.0,0.0,0.0,351.8,320.85,0,0.0,0
2014-11-10,2015-01-29,OPTSTK,JUSTDIAL,1300.0,CE,0.0,0.0,0.0,322.3,288.95,0,0.0,0
2014-11-10,2015-01-29,OPTSTK,JUSTDIAL,1350.0,CE,0.0,0.0,0.0,294.85,259.45,0,0.0,0
2014-11-10,2015-01-29,OPTSTK,JUSTDIAL,1400.0,CE,0.0,0.0,0.0,269.25,232.2,0,0.0,0
2014-11-10,2015-01-29,OPTSTK,JUSTDIAL,1450.0,CE,0.0,0.0,0.0,245.55,207.25,0,0.0,0
2014-11-10,2015-01-29,OPTSTK,JUSTDIAL,1500.0,CE,0.0,0.0,0.0,223.6,184.4,0,0.0,0
2014-11-10,2015-01-29,OPTSTK,JUSTDIAL,1550.0,CE,0.0,0.0,0.0,203.35,163.7,0,0.0,0
2014-11-10,2015-01-29,OPTSTK,JUSTDIAL,1600.0,CE,0.0,0.0,0.0,184.75,144.95,0,0.0,0
2014-11-10,2015-01-29,OPTSTK,JUSTDIAL,1650.0,CE,0.0,0.0,0.0,167.65,128.05,0,0.0,0
2014-11-10,2015-01-29,OPTSTK,JUSTDIAL,1700.0,CE,0.0,0.0,0.0,152.0,112.9,0,0.0,0
2014-11-10,2015-01-29,OPTSTK,JUSTDIAL,1750.0,CE,0.0,0.0,0.0,137.65,99.3,0,0.0,0
2014-11-10,2015-01-29,OPTSTK,JUSTDIAL,1800.0,CE,0.0,0.0,0.0,124.6,87.3,0,0.0,0
2014-11-10,2015-01-29,OPTSTK,JUSTDIAL,1850.0,CE,0.0,0.0,0.0,112.8,76.6,0,0.0,0
2014-11-10,2015-01-29,OPTSTK,JUSTDIAL,1900.0,CE,0.0,0.0,0.0,101.95,67.1,0,0.0,0
2014-11-10,2015-01-29,OPTSTK,JUSTDIAL,1950.0,CE,0.0,0.0,0.0,92.15,58.6,0,0.0,0
2014-11-10,2015-01-29,OPTSTK,JUSTDIAL,2000.0,CE,0.0,0.0,0.0,83.2,51.2,0,0.0,0
2014-11-10,2015-01-29,OPTSTK,JUSTDIAL,2050.0,CE,0.0,0.0,0.0,75.15,44.65,0,0.0,0
2014-11-10,2015-01-29,OPTSTK,JUSTDIAL,2100.0,CE,0.0,0.0,0.0,67.75,38.9,0,0.0,0
2014-11-10,2015-01-29,OPTSTK,JUSTDIAL,2150.0,CE,0.0,0.0,0.0,61.1,33.85,0,0.0,0
2014-11-10,2015-01-29,OPTSTK,JUSTDIAL,1000.0,PE,0.0,0.0,0.0,31.35,16.2,0,0.0,0
2014-11-10,2015-01-29,OPTSTK,JUSTDIAL,1050.0,PE,0.0,0.0,0.0,41.25,23.0,0,0.0,0
2014-11-10,2015-01-29,OPTSTK,JUSTDIAL,1100.0,PE,0.0,0.0,0.0,52.95,31.6,0,0.0,0
2014-11-10,2015-01-29,OPTSTK,JUSTDIAL,1150.0,PE,0.0,0.0,0.0,66.5,42.2,0,0.0,0
2014-11-10,2015-01-29,OPTSTK,JUSTDIAL,1200.0,PE,0.0,0.0,0.0,82.05,54.95,0,0.0,0
2014-11-10,2015-01-29,OPTSTK,JUSTDIAL,1250.0,PE,0.0,0.0,0.0,99.55,69.9,0,0.0,0
2014-11-10,2015-01-29,OPTSTK,JUSTDIAL,1300.0,PE,0.0,0.0,0.0,118.95,87.05,0,0.0,0
2014-11-10,2015-01-29,OPTSTK,JUSTDIAL,1350.0,PE,0.0,0.0,0.0,140.4,106.55,0,0.0,0
2014-11-10,2015-01-29,OPTSTK,JUSTDIAL,1400.0,PE,0.0,0.0,0.0,163.75,128.4,0,0.0,0
2014-11-10,2015-01-29,OPTSTK,JUSTDIAL,1450.0,PE,0.0,0.0,0.0,188.95,152.45,0,0.0,0
2014-11-10,2015-01-29,OPTSTK,JUSTDIAL,1500.0,PE,0.0,0.0,0.0,215.95,178.7,0,0.0,0
2014-11-10,2015-01-29,OPTSTK,JUSTDIAL,1550.0,PE,0.0,0.0,0.0,244.65,207.0,0,0.0,0
2014-11-10,2015-01-29,OPTSTK,JUSTDIAL,1600.0,PE,0.0,0.0,0.0,274.95,237.3,0,0.0,0
2014-11-10,2015-01-29,OPTSTK,JUSTDIAL,1650.0,PE,0.0,0.0,0.0,306.75,269.5,0,0.0,0
2014-11-10,2015-01-29,OPTSTK,JUSTDIAL,1700.0,PE,0.0,0.0,0.0,340.0,303.35,0,0.0,0
2014-11-10,2015-01-29,OPTSTK,JUSTDIAL,1750.0,PE,0.0,0.0,0.0,374.6,338.85,0,0.0,0
2014-11-10,2015-01-29,OPTSTK,JUSTDIAL,1800.0,PE,0.0,0.0,0.0,410.45,375.9,0,0.0,0
2014-11-10,2015-01-29,OPTSTK,JUSTDIAL,1850.0,PE,0.0,0.0,0.0,447.55,414.25,0,0.0,0
2014-11-10,2015-01-29,OPTSTK,JUSTDIAL,1900.0,PE,0.0,0.0,0.0,485.65,453.8,0,0.0,0
2014-11-10,2015-01-29,OPTSTK,JUSTDIAL,1950.0,PE,0.0,0.0,0.0,524.75,494.35,0,0.0,0
2014-11-10,2015-01-29,OPTSTK,JUSTDIAL,2000.0,PE,0.0,0.0,0.0,564.75,536.0,0,0.0,0
2014-11-10,2015-01-29,OPTSTK,JUSTDIAL,2050.0,PE,0.0,0.0,0.0,605.6,578.5,0,0.0,0
2014-11-10,2015-01-29,OPTSTK,JUSTDIAL,2100.0,PE,0.0,0.0,0.0,647.1,621.8,0,0.0,0
2014-11-10,2015-01-29,OPTSTK,JUSTDIAL,2150.0,PE,0.0,0.0,0.0,689.4,665.8,0,0.0,0
2014-11-10,2014-11-27,OPTSTK,KOTAKBANK,640.0,CE,0.0,0.0,0.0,411.2,471.25,0,0.0,0
2014-11-10,2014-11-27,OPTSTK,KOTAKBANK,660.0,CE,0.0,0.0,0.0,391.6,451.3,0,0.0,0
2014-11-10,2014-11-27,OPTSTK,KOTAKBANK,680.0,CE,0.0,0.0,0.0,372.05,431.4,0,0.0,0
2014-11-10,2014-11-27,OPTSTK,KOTAKBANK,700.0,CE,0.0,0.0,0.0,352.5,411.5,0,0.0,0
2014-11-10,2014-11-27,OPTSTK,KOTAKBANK,720.0,CE,0.0,0.0,0.0,332.95,391.55,0,0.0,0
2014-11-10,2014-11-27,OPTSTK,KOTAKBANK,740.0,CE,0.0,0.0,0.0,313.45,371.65,0,0.0,0
2014-11-10,2014-11-27,OPTSTK,KOTAKBANK,760.0,CE,0.0,0.0,0.0,294.05,351.7,0,0.0,0
2014-11-10,2014-11-27,OPTSTK,KOTAKBANK,780.0,CE,0.0,0.0,0.0,274.7,331.8,0,0.0,0
2014-11-10,2014-11-27,OPTSTK,KOTAKBANK,800.0,CE,0.0,0.0,0.0,255.5,311.9,0,0.0,0
2014-11-10,2014-11-27,OPTSTK,KOTAKBANK,820.0,CE,0.0,0.0,0.0,236.55,291.95,0,0.0,0
2014-11-10,2014-11-27,OPTSTK,KOTAKBANK,840.0,CE,0.0,0.0,0.0,236.0,272.05,0,0.0,18000
2014-11-10,2014-11-27,OPTSTK,KOTAKBANK,860.0,CE,0.0,0.0,0.0,199.5,252.1,0,0.0,0
2014-11-10,2014-11-27,OPTSTK,KOTAKBANK,880.0,CE,0.0,0.0,0.0,181.6,232.2,0,0.0,0
2014-11-10,2014-11-27,OPTSTK,KOTAKBANK,900.0,CE,0.0,0.0,0.0,164.3,212.3,0,0.0,0
2014-11-10,2014-11-27,OPTSTK,KOTAKBANK,920.0,CE,0.0,0.0,0.0,147.65,192.35,0,0.0,0
2014-11-10,2014-11-27,OPTSTK,KOTAKBANK,940.0,CE,0.0,0.0,0.0,131.8,172.5,0,0.0,0
2014-11-10,2014-11-27,OPTSTK,KOTAKBANK,960.0,CE,0.0,0.0,0.0,150.0,152.7,0,0.0,75500
2014-11-10,2014-11-27,OPTSTK,KOTAKBANK,980.0,CE,0.0,0.0,0.0,102.75,133.1,0,0.0,0
2014-11-10,2014-11-27,OPTSTK,KOTAKBANK,1000.0,CE,0.0,0.0,0.0,38.0,113.85,0,0.0,500
2014-11-10,2014-11-27,OPTSTK,KOTAKBANK,1020.0,CE,0.0,0.0,0.0,72.85,95.2,0,0.0,1000
2014-11-10,2014-11-27,OPTSTK,KOTAKBANK,1040.0,CE,0.0,0.0,0.0,96.8,77.55,0,0.0,3000
2014-11-10,2014-11-27,OPTSTK,KOTAKBANK,1060.0,CE,0.0,0.0,0.0,67.1,61.3,0,0.0,7000
2014-11-10,2014-11-27,OPTSTK,KOTAKBANK,1080.0,CE,0.0,0.0,0.0,53.8,46.85,0,0.0,6000
2014-11-10,2014-11-27,OPTSTK,KOTAKBANK,1100.0,CE,37.0,37.0,30.0,31.0,31.0,12,33.97,25750
2014-11-10,2014-11-27,OPTSTK,KOTAKBANK,1120.0,CE,24.65,24.7,18.5,18.85,18.85,137,390.96,34000
2014-11-10,2014-11-27,OPTSTK,KOTAKBANK,1140.0,CE,18.15,21.0,12.0,13.3,13.3,53,153.05,20250
2014-11-10,2014-11-27,OPTSTK,KOTAKBANK,1160.0,CE,10.85,10.85,6.5,7.2,7.2,28,81.79,13000
2014-11-10,2014-11-27,OPTSTK,KOTAKBANK,1180.0,CE,4.3,4.3,3.45,3.95,3.95,14,41.43,22500
2014-11-10,2014-11-27,OPTSTK,KOTAKBANK,1200.0,CE,2.5,2.55,2.0,2.0,2.0,23,69.13,9250
2014-11-10,2014-11-27,OPTSTK,KOTAKBANK,1220.0,CE,0.0,0.0,0.0,12.35,2.3,0,0.0,0
2014-11-10,2014-11-27,OPTSTK,KOTAKBANK,1240.0,CE,0.0,0.0,0.0,9.9,1.3,0,0.0,0
2014-11-10,2014-11-27,OPTSTK,KOTAKBANK,1260.0,CE,0.0,0.0,0.0,7.85,0.7,0,0.0,0
2014-11-10,2014-11-27,OPTSTK,KOTAKBANK,1280.0,CE,0.0,0.0,0.0,2.0,0.35,0,0.0,0
2014-11-10,2014-11-27,OPTSTK,KOTAKBANK,1300.0,CE,0.0,0.0,0.0,4.9,0.2,0,0.0,0
2014-11-10,2014-11-27,OPTSTK,KOTAKBANK,1320.0,CE,0.0,0.0,0.0,1.5,0.1,0,0.0,0
2014-11-10,2014-11-27,OPTSTK,KOTAKBANK,640.0,PE,0.0,0.0,0.0,0.05,0.0,0,0.0,0
2014-11-10,2014-11-27,OPTSTK,KOTAKBANK,660.0,PE,0.0,0.0,0.0,0.05,0.0,0,0.0,0
2014-11-10,2014-11-27,OPTSTK,KOTAKBANK,680.0,PE,0.0,0.0,0.0,0.05,0.0,0,0.0,0
2014-11-10,2014-11-27,OPTSTK,KOTAKBANK,700.0,PE,0.0,0.0,0.0,0.05,0.0,0,0.0,0
2014-11-10,2014-11-27,OPTSTK,KOTAKBANK,720.0,PE,0.0,0.0,0.0,0.1,0.0,0,0.0,0
2014-11-10,2014-11-27,OPTSTK,KOTAKBANK,740.0,PE,0.0,0.0,0.0,0.2,0.0,0,0.0,0
2014-11-10,2014-11-27,OPTSTK,KOTAKBANK,760.0,PE,0.0,0.0,0.0,0.35,0.0,0,0.0,0
2014-11-10,2014-11-27,OPTSTK,KOTAKBANK,780.0,PE,0.0,0.0,0.0,0.6,0.0,0,0.0,0
2014-11-10,2014-11-27,OPTSTK,KOTAKBANK,800.0,PE,0.0,0.0,0.0,0.95,0.0,0,0.0,0
2014-11-10,2014-11-27,OPTSTK,KOTAKBANK,820.0,PE,0.0,0.0,0.0,1.55,0.0,0,0.0,0
2014-11-10,2014-11-27,OPTSTK,KOTAKBANK,840.0,PE,0.0,0.0,0.0,2.45,0.0,0,0.0,0
2014-11-10,2014-11-27,OPTSTK,KOTAKBANK,860.0,PE,0.0,0.0,0.0,3.65,0.0,0,0.0,0
2014-11-10,2014-11-27,OPTSTK,KOTAKBANK,880.0,PE,0.0,0.0,0.0,5.35,0.0,0,0.0,0
2014-11-10,2014-11-27,OPTSTK,KOTAKBANK,900.0,PE,0.0,0.0,0.0,7.6,0.05,0,0.0,0
2014-11-10,2014-11-27,OPTSTK,KOTAKBANK,920.0,PE,0.0,0.0,0.0,10.55,0.05,0,0.0,0
2014-11-10,2014-11-27,OPTSTK,KOTAKBANK,940.0,PE,0.0,0.0,0.0,14.25,0.1,0,0.0,0
2014-11-10,2014-11-27,OPTSTK,KOTAKBANK,960.0,PE,0.0,0.0,0.0,0.65,0.2,0,0.0,1500
2014-11-10,2014-11-27,OPTSTK,KOTAKBANK,980.0,PE,0.0,0.0,0.0,1.05,0.5,0,0.0,500
2014-11-10,2014-11-27,OPTSTK,KOTAKBANK,1000.0,PE,0.0,0.0,0.0,1.8,1.2,0,0.0,14000
2014-11-10,2014-11-27,OPTSTK,KOTAKBANK,1020.0,PE,0.0,0.0,0.0,2.05,2.5,0,0.0,17000
2014-11-10,2014-11-27,OPTSTK,KOTAKBANK,1040.0,PE,2.65,3.0,2.65,2.9,2.9,4,10.42,18750
2014-11-10,2014-11-27,OPTSTK,KOTAKBANK,1060.0,PE,5.25,5.55,4.75,4.75,4.75,14,37.28,24250
2014-11-10,2014-11-27,OPTSTK,KOTAKBANK,1080.0,PE,8.2,9.4,7.4,9.25,9.25,26,70.75,19750
2014-11-10,2014-11-27,OPTSTK,KOTAKBANK,1100.0,PE,12.0,16.55,12.0,16.0,16.0,66,183.97,35500
2014-11-10,2014-11-27,OPTSTK,KOTAKBANK,1120.0,PE,21.6,26.4,20.8,26.25,26.25,46,131.43,14250
2014-11-10,2014-11-27,OPTSTK,KOTAKBANK,1140.0,PE,0.0,0.0,0.0,32.9,43.45,0,0.0,3750
2014-11-10,2014-11-27,OPTSTK,KOTAKBANK,1160.0,PE,0.0,0.0,0.0,37.0,57.6,0,0.0,250
2014-11-10,2014-11-27,OPTSTK,KOTAKBANK,1180.0,PE,0.0,0.0,0.0,136.25,73.4,0,0.0,0
2014-11-10,2014-11-27,OPTSTK,KOTAKBANK,1200.0,PE,0.0,0.0,0.0,75.6,90.6,0,0.0,1000
2014-11-10,2014-11-27,OPTSTK,KOTAKBANK,1220.0,PE,0.0,0.0,0.0,168.9,108.8,0,0.0,0
2014-11-10,2014-11-27,OPTSTK,KOTAKBANK,1240.0,PE,0.0,0.0,0.0,186.0,127.7,0,0.0,0
2014-11-10,2014-11-27,OPTSTK,KOTAKBANK,1260.0,PE,0.0,0.0,0.0,203.55,147.0,0,0.0,0
2014-11-10,2014-11-27,OPTSTK,KOTAKBANK,1280.0,PE,0.0,0.0,0.0,221.45,166.6,0,0.0,0
2014-11-10,2014-11-27,OPTSTK,KOTAKBANK,1300.0,PE,0.0,0.0,0.0,239.7,186.35,0,0.0,0
2014-11-10,2014-11-27,OPTSTK,KOTAKBANK,1320.0,PE,0.0,0.0,0.0,258.2,206.2,0,0.0,0
2014-11-10,2014-12-24,OPTSTK,KOTAKBANK,640.0,CE,0.0,0.0,0.0,402.45,475.4,0,0.0,0
2014-11-10,2014-12-24,OPTSTK,KOTAKBANK,660.0,CE,0.0,0.0,0.0,382.9,455.65,0,0.0,0
2014-11-10,2014-12-24,OPTSTK,KOTAKBANK,680.0,CE,0.0,0.0,0.0,363.35,435.85,0,0.0,0
2014-11-10,2014-12-24,OPTSTK,KOTAKBANK,700.0,CE,0.0,0.0,0.0,343.8,416.05,0,0.0,0
2014-11-10,2014-12-24,OPTSTK,KOTAKBANK,720.0,CE,0.0,0.0,0.0,324.25,396.25,0,0.0,0
2014-11-10,2014-12-24,OPTSTK,KOTAKBANK,740.0,CE,0.0,0.0,0.0,304.75,376.45,0,0.0,0
2014-11-10,2014-12-24,OPTSTK,KOTAKBANK,760.0,CE,0.0,0.0,0.0,285.25,356.7,0,0.0,0
2014-11-10,2014-12-24,OPTSTK,KOTAKBANK,780.0,CE,0.0,0.0,0.0,265.85,336.9,0,0.0,0
2014-11-10,2014-12-24,OPTSTK,KOTAKBANK,800.0,CE,0.0,0.0,0.0,246.55,317.1,0,0.0,0
2014-11-10,2014-12-24,OPTSTK,KOTAKBANK,820.0,CE,0.0,0.0,0.0,227.4,297.35,0,0.0,0
2014-11-10,2014-12-24,OPTSTK,KOTAKBANK,840.0,CE,0.0,0.0,0.0,208.5,277.55,0,0.0,0
2014-11-10,2014-12-24,OPTSTK,KOTAKBANK,860.0,CE,0.0,0.0,0.0,189.95,257.85,0,0.0,0
2014-11-10,2014-12-24,OPTSTK,KOTAKBANK,880.0,CE,0.0,0.0,0.0,171.8,238.2,0,0.0,0
2014-11-10,2014-12-24,OPTSTK,KOTAKBANK,900.0,CE,0.0,0.0,0.0,154.25,218.65,0,0.0,0
2014-11-10,2014-12-24,OPTSTK,KOTAKBANK,920.0,CE,0.0,0.0,0.0,137.4,199.3,0,0.0,0
2014-11-10,2014-12-24,OPTSTK,KOTAKBANK,940.0,CE,0.0,0.0,0.0,121.35,180.25,0,0.0,0
2014-11-10,2014-12-24,OPTSTK,KOTAKBANK,960.0,CE,0.0,0.0,0.0,106.2,161.55,0,0.0,0
2014-11-10,2014-12-24,OPTSTK,KOTAKBANK,980.0,CE,0.0,0.0,0.0,92.1,143.45,0,0.0,0
2014-11-10,2014-12-24,OPTSTK,KOTAKBANK,1000.0,CE,0.0,0.0,0.0,79.15,126.0,0,0.0,0
2014-11-10,2014-12-24,OPTSTK,KOTAKBANK,1020.0,CE,0.0,0.0,0.0,67.35,109.45,0,0.0,0
2014-11-10,2014-12-24,OPTSTK,KOTAKBANK,1040.0,CE,0.0,0.0,0.0,56.8,93.95,0,0.0,0
2014-11-10,2014-12-24,OPTSTK,KOTAKBANK,1060.0,CE,0.0,0.0,0.0,47.4,79.6,0,0.0,0
2014-11-10,2014-12-24,OPTSTK,KOTAKBANK,1080.0,CE,0.0,0.0,0.0,39.2,66.6,0,0.0,0
2014-11-10,2014-12-24,OPTSTK,KOTAKBANK,1100.0,CE,0.0,0.0,0.0,32.1,54.95,0,0.0,0
2014-11-10,2014-12-24,OPTSTK,KOTAKBANK,1120.0,CE,0.0,0.0,0.0,26.05,44.7,0,0.0,0
2014-11-10,2014-12-24,OPTSTK,KOTAKBANK,1140.0,CE,0.0,0.0,0.0,20.95,35.85,0,0.0,0
2014-11-10,2014-12-24,OPTSTK,KOTAKBANK,1160.0,CE,0.0,0.0,0.0,16.65,28.35,0,0.0,0
2014-11-10,2014-12-24,OPTSTK,KOTAKBANK,1180.0,CE,0.0,0.0,0.0,13.15,22.15,0,0.0,0
2014-11-10,2014-12-24,OPTSTK,KOTAKBANK,1200.0,CE,0.0,0.0,0.0,10.3,17.05,0,0.0,0
2014-11-10,2014-12-24,OPTSTK,KOTAKBANK,1220.0,CE,0.0,0.0,0.0,8.0,12.9,0,0.0,0
2014-11-10,2014-12-24,OPTSTK,KOTAKBANK,1240.0,CE,0.0,0.0,0.0,6.15,9.65,0,0.0,0
2014-11-10,2014-12-24,OPTSTK,KOTAKBANK,1260.0,CE,0.0,0.0,0.0,4.7,7.15,0,0.0,0
2014-11-10,2014-12-24,OPTSTK,KOTAKBANK,1280.0,CE,0.0,0.0,0.0,3.55,5.2,0,0.0,0
2014-11-10,2014-12-24,OPTSTK,KOTAKBANK,1300.0,CE,0.0,0.0,0.0,2.65,3.75,0,0.0,0
2014-11-10,2014-12-24,OPTSTK,KOTAKBANK,1320.0,CE,0.0,0.0,0.0,2.0,2.65,0,0.0,0
2014-11-10,2014-12-24,OPTSTK,KOTAKBANK,640.0,PE,0.0,0.0,0.0,0.05,0.0,0,0.0,0
2014-11-10,2014-12-24,OPTSTK,KOTAKBANK,660.0,PE,0.0,0.0,0.0,0.05,0.0,0,0.0,0
2014-11-10,2014-12-24,OPTSTK,KOTAKBANK,680.0,PE,0.0,0.0,0.0,0.05,0.0,0,0.0,0
2014-11-10,2014-12-24,OPTSTK,KOTAKBANK,700.0,PE,0.0,0.0,0.0,0.05,0.0,0,0.0,0
2014-11-10,2014-12-24,OPTSTK,KOTAKBANK,720.0,PE,0.0,0.0,0.0,0.05,0.0,0,0.0,0
2014-11-10,2014-12-24,OPTSTK,KOTAKBANK,740.0,PE,0.0,0.0,0.0,0.1,0.0,0,0.0,0
2014-11-10,2014-12-24,OPTSTK,KOTAKBANK,760.0,PE,0.0,0.0,0.0,0.2,0.0,0,0.0,0
2014-11-10,2014-12-24,OPTSTK,KOTAKBANK,780.0,PE,0.0,0.0,0.0,0.35,0.0,0,0.0,0
2014-11-10,2014-12-24,OPTSTK,KOTAKBANK,800.0,PE,0.0,0.0,0.0,0.6,0.05,0,0.0,0
2014-11-10,2014-12-24,OPTSTK,KOTAKBANK,820.0,PE,0.0,0.0,0.0,1.0,0.05,0,0.0,0
2014-11-10,2014-12-24,OPTSTK,KOTAKBANK,840.0,PE,0.0,0.0,0.0,1.7,0.1,0,0.0,0
2014-11-10,2014-12-24,OPTSTK,KOTAKBANK,860.0,PE,0.0,0.0,0.0,2.7,0.15,0,0.0,0
2014-11-10,2014-12-24,OPTSTK,KOTAKBANK,880.0,PE,0.0,0.0,0.0,4.15,0.3,0,0.0,0
2014-11-10,2014-12-24,OPTSTK,KOTAKBANK,900.0,PE,0.0,0.0,0.0,6.15,0.55,0,0.0,0
2014-11-10,2014-12-24,OPTSTK,KOTAKBANK,920.0,PE,0.0,0.0,0.0,8.85,1.0,0,0.0,0
2014-11-10,2014-12-24,OPTSTK,KOTAKBANK,940.0,PE,0.0,0.0,0.0,12.35,1.7,0,0.0,0
2014-11-10,2014-12-24,OPTSTK,KOTAKBANK,960.0,PE,0.0,0.0,0.0,16.8,2.8,0,0.0,0
2014-11-10,2014-12-24,OPTSTK,KOTAKBANK,980.0,PE,0.0,0.0,0.0,22.25,4.5,0,0.0,0
2014-11-10,2014-12-24,OPTSTK,KOTAKBANK,1000.0,PE,0.0,0.0,0.0,28.85,6.85,0,0.0,0
2014-11-10,2014-12-24,OPTSTK,KOTAKBANK,1020.0,PE,0.0,0.0,0.0,36.65,10.1,0,0.0,0
2014-11-10,2014-12-24,OPTSTK,KOTAKBANK,1040.0,PE,0.0,0.0,0.0,45.6,14.35,0,0.0,0
2014-11-10,2014-12-24,OPTSTK,KOTAKBANK,1060.0,PE,0.0,0.0,0.0,55.8,19.8,0,0.0,0
2014-11-10,2014-12-24,OPTSTK,KOTAKBANK,1080.0,PE,0.0,0.0,0.0,67.15,26.6,0,0.0,0
2014-11-10,2014-12-24,OPTSTK,KOTAKBANK,1100.0,PE,0.0,0.0,0.0,79.6,34.75,0,0.0,0
2014-11-10,2014-12-24,OPTSTK,KOTAKBANK,1120.0,PE,0.0,0.0,0.0,93.1,44.3,0,0.0,0
2014-11-10,2014-12-24,OPTSTK,KOTAKBANK,1140.0,PE,0.0,0.0,0.0,107.6,55.25,0,0.0,0
2014-11-10,2014-12-24,OPTSTK,KOTAKBANK,1160.0,PE,0.0,0.0,0.0,122.9,67.55,0,0.0,0
2014-11-10,2014-12-24,OPTSTK,KOTAKBANK,1180.0,PE,0.0,0.0,0.0,138.95,81.05,0,0.0,0
2014-11-10,2014-12-24,OPTSTK,KOTAKBANK,1200.0,PE,0.0,0.0,0.0,155.65,95.8,0,0.0,0
2014-11-10,2014-12-24,OPTSTK,KOTAKBANK,1220.0,PE,0.0,0.0,0.0,172.9,111.45,0,0.0,0
2014-11-10,2014-12-24,OPTSTK,KOTAKBANK,1240.0,PE,0.0,0.0,0.0,190.6,128.0,0,0.0,0
2014-11-10,2014-12-24,OPTSTK,KOTAKBANK,1260.0,PE,0.0,0.0,0.0,208.7,145.25,0,0.0,0
2014-11-10,2014-12-24,OPTSTK,KOTAKBANK,1280.0,PE,0.0,0.0,0.0,227.15,163.1,0,0.0,0
2014-11-10,2014-12-24,OPTSTK,KOTAKBANK,1300.0,PE,0.0,0.0,0.0,245.8,181.45,0,0.0,0
2014-11-10,2014-12-24,OPTSTK,KOTAKBANK,1320.0,PE,0.0,0.0,0.0,264.7,200.15,0,0.0,0
2014-11-10,2015-01-29,OPTSTK,KOTAKBANK,700.0,CE,0.0,0.0,0.0,409.15,422.0,0,0.0,0
2014-11-10,2015-01-29,OPTSTK,KOTAKBANK,720.0,CE,0.0,0.0,0.0,389.6,402.4,0,0.0,0
2014-11-10,2015-01-29,OPTSTK,KOTAKBANK,740.0,CE,0.0,0.0,0.0,370.1,382.75,0,0.0,0
2014-11-10,2015-01-29,OPTSTK,KOTAKBANK,760.0,CE,0.0,0.0,0.0,350.65,363.2,0,0.0,0
2014-11-10,2015-01-29,OPTSTK,KOTAKBANK,780.0,CE,0.0,0.0,0.0,331.2,343.6,0,0.0,0
2014-11-10,2015-01-29,OPTSTK,KOTAKBANK,800.0,CE,0.0,0.0,0.0,311.9,324.1,0,0.0,0
2014-11-10,2015-01-29,OPTSTK,KOTAKBANK,820.0,CE,0.0,0.0,0.0,292.7,304.65,0,0.0,0
2014-11-10,2015-01-29,OPTSTK,KOTAKBANK,840.0,CE,0.0,0.0,0.0,273.7,285.3,0,0.0,0
2014-11-10,2015-01-29,OPTSTK,KOTAKBANK,860.0,CE,0.0,0.0,0.0,254.9,266.1,0,0.0,0
2014-11-10,2015-01-29,OPTSTK,KOTAKBANK,880.0,CE,0.0,0.0,0.0,236.4,247.1,0,0.0,0
2014-11-10,2015-01-29,OPTSTK,KOTAKBANK,900.0,CE,0.0,0.0,0.0,218.3,228.35,0,0.0,0
2014-11-10,2015-01-29,OPTSTK,KOTAKBANK,920.0,CE,0.0,0.0,0.0,200.6,210.0,0,0.0,0
2014-11-10,2015-01-29,OPTSTK,KOTAKBANK,940.0,CE,0.0,0.0,0.0,183.5,192.05,0,0.0,0
2014-11-10,2015-01-29,OPTSTK,KOTAKBANK,960.0,CE,0.0,0.0,0.0,166.95,174.65,0,0.0,0
2014-11-10,2015-01-29,OPTSTK,KOTAKBANK,980.0,CE,0.0,0.0,0.0,151.15,157.9,0,0.0,0
2014-11-10,2015-01-29,OPTSTK,KOTAKBANK,1000.0,CE,0.0,0.0,0.0,136.05,141.85,0,0.0,0
2014-11-10,2015-01-29,OPTSTK,KOTAKBANK,1020.0,CE,0.0,0.0,0.0,121.85,126.6,0,0.0,0
2014-11-10,2015-01-29,OPTSTK,KOTAKBANK,1040.0,CE,0.0,0.0,0.0,108.45,112.3,0,0.0,0
2014-11-10,2015-01-29,OPTSTK,KOTAKBANK,1060.0,CE,0.0,0.0,0.0,96.05,98.85,0,0.0,0
2014-11-10,2015-01-29,OPTSTK,KOTAKBANK,1080.0,CE,0.0,0.0,0.0,84.55,86.5,0,0.0,0
2014-11-10,2015-01-29,OPTSTK,KOTAKBANK,1100.0,CE,0.0,0.0,0.0,74.05,75.15,0,0.0,0
2014-11-10,2015-01-29,OPTSTK,KOTAKBANK,1120.0,CE,0.0,0.0,0.0,64.45,64.8,0,0.0,0
2014-11-10,2015-01-29,OPTSTK,KOTAKBANK,1140.0,CE,0.0,0.0,0.0,55.8,55.5,0,0.0,0
2014-11-10,2015-01-29,OPTSTK,KOTAKBANK,1160.0,CE,0.0,0.0,0.0,48.05,47.25,0,0.0,0
2014-11-10,2015-01-29,OPTSTK,KOTAKBANK,1180.0,CE,0.0,0.0,0.0,41.15,39.9,0,0.0,0
2014-11-10,2015-01-29,OPTSTK,KOTAKBANK,1200.0,CE,0.0,0.0,0.0,35.05,33.5,0,0.0,0
2014-11-10,2015-01-29,OPTSTK,KOTAKBANK,1220.0,CE,0.0,0.0,0.0,29.7,27.9,0,0.0,0
2014-11-10,2015-01-29,OPTSTK,KOTAKBANK,1240.0,CE,0.0,0.0,0.0,25.1,23.2,0,0.0,0
2014-11-10,2015-01-29,OPTSTK,KOTAKBANK,1260.0,CE,0.0,0.0,0.0,21.0,19.05,0,0.0,0
2014-11-10,2015-01-29,OPTSTK,KOTAKBANK,1280.0,CE,0.0,0.0,0.0,17.55,15.6,0,0.0,0
2014-11-10,2015-01-29,OPTSTK,KOTAKBANK,1300.0,CE,0.0,0.0,0.0,14.55,12.65,0,0.0,0
2014-11-10,2015-01-29,OPTSTK,KOTAKBANK,1320.0,CE,0.0,0.0,0.0,12.05,10.25,0,0.0,0
2014-11-10,2015-01-29,OPTSTK,KOTAKBANK,700.0,PE,0.0,0.0,0.0,0.05,0.05,0,0.0,0
2014-11-10,2015-01-29,OPTSTK,KOTAKBANK,720.0,PE,0.0,0.0,0.0,0.1,0.05,0,0.0,0
2014-11-10,2015-01-29,OPTSTK,KOTAKBANK,740.0,PE,0.0,0.0,0.0,0.15,0.05,0,0.0,0
2014-11-10,2015-01-29,OPTSTK,KOTAKBANK,760.0,PE,0.0,0.0,0.0,0.25,0.1,0,0.0,0
2014-11-10,2015-01-29,OPTSTK,KOTAKBANK,780.0,PE,0.0,0.0,0.0,0.4,0.15,0,0.0,0
2014-11-10,2015-01-29,OPTSTK,KOTAKBANK,800.0,PE,0.0,0.0,0.0,0.65,0.25,0,0.0,0
2014-11-10,2015-01-29,OPTSTK,KOTAKBANK,820.0,PE,0.0,0.0,0.0,1.0,0.4,0,0.0,0
2014-11-10,2015-01-29,OPTSTK,KOTAKBANK,840.0,PE,0.0,0.0,0.0,1.55,0.7,0,0.0,0
2014-11-10,2015-01-29,OPTSTK,KOTAKBANK,860.0,PE,0.0,0.0,0.0,2.35,1.1,0,0.0,0
2014-11-10,2015-01-29,OPTSTK,KOTAKBANK,880.0,PE,0.0,0.0,0.0,3.4,1.7,0,0.0,0
2014-11-10,2015-01-29,OPTSTK,KOTAKBANK,900.0,PE,0.0,0.0,0.0,4.85,2.6,0,0.0,0
2014-11-10,2015-01-29,OPTSTK,KOTAKBANK,920.0,PE,0.0,0.0,0.0,6.75,3.85,0,0.0,0
2014-11-10,2015-01-29,OPTSTK,KOTAKBANK,940.0,PE,0.0,0.0,0.0,9.2,5.55,0,0.0,0
2014-11-10,2015-01-29,OPTSTK,KOTAKBANK,960.0,PE,0.0,0.0,0.0,12.25,7.75,0,0.0,0
2014-11-10,2015-01-29,OPTSTK,KOTAKBANK,980.0,PE,0.0,0.0,0.0,16.0,10.65,0,0.0,0
2014-11-10,2015-01-29,OPTSTK,KOTAKBANK,1000.0,PE,0.0,0.0,0.0,20.5,14.2,0,0.0,0
2014-11-10,2015-01-29,OPTSTK,KOTAKBANK,1020.0,PE,0.0,0.0,0.0,25.85,18.6,0,0.0,0
2014-11-10,2015-01-29,OPTSTK,KOTAKBANK,1040.0,PE,0.0,0.0,0.0,32.05,23.9,0,0.0,0
2014-11-10,2015-01-29,OPTSTK,KOTAKBANK,1060.0,PE,0.0,0.0,0.0,39.15,30.1,0,0.0,0
2014-11-10,2015-01-29,OPTSTK,KOTAKBANK,1080.0,PE,0.0,0.0,0.0,47.25,37.3,0,0.0,0
2014-11-10,2015-01-29,OPTSTK,KOTAKBANK,1100.0,PE,0.0,0.0,0.0,56.3,45.6,0,0.0,0
2014-11-10,2015-01-29,OPTSTK,KOTAKBANK,1120.0,PE,0.0,0.0,0.0,66.3,54.9,0,0.0,0
2014-11-10,2015-01-29,OPTSTK,KOTAKBANK,1140.0,PE,0.0,0.0,0.0,77.2,65.2,0,0.0,0
2014-11-10,2015-01-29,OPTSTK,KOTAKBANK,1160.0,PE,0.0,0.0,0.0,89.0,76.55,0,0.0,0
2014-11-10,2015-01-29,OPTSTK,KOTAKBANK,1180.0,PE,0.0,0.0,0.0,101.65,88.85,0,0.0,0
2014-11-10,2015-01-29,OPTSTK,KOTAKBANK,1200.0,PE,0.0,0.0,0.0,115.15,102.05,0,0.0,0
2014-11-10,2015-01-29,OPTSTK,KOTAKBANK,1220.0,PE,0.0,0.0,0.0,129.35,116.1,0,0.0,0
2014-11-10,2015-01-29,OPTSTK,KOTAKBANK,1240.0,PE,0.0,0.0,0.0,144.3,131.0,0,0.0,0
2014-11-10,2015-01-29,OPTSTK,KOTAKBANK,1260.0,PE,0.0,0.0,0.0,159.8,146.5,0,0.0,0
2014-11-10,2015-01-29,OPTSTK,KOTAKBANK,1280.0,PE,0.0,0.0,0.0,175.9,162.65,0,0.0,0
2014-11-10,2015-01-29,OPTSTK,KOTAKBANK,1300.0,PE,0.0,0.0,0.0,192.5,179.35,0,0.0,0
2014-11-10,2015-01-29,OPTSTK,KOTAKBANK,1320.0,PE,0.0,0.0,0.0,209.55,196.5,0,0.0,0
2014-11-10,2014-11-27,OPTSTK,KTKBANK,80.0,CE,0.0,0.0,0.0,44.7,49.0,0,0.0,0
2014-11-10,2014-11-27,OPTSTK,KTKBANK,85.0,CE,0.0,0.0,0.0,39.9,44.0,0,0.0,0
2014-11-10,2014-11-27,OPTSTK,KTKBANK,90.0,CE,0.0,0.0,0.0,35.3,39.05,0,0.0,0
2014-11-10,2014-11-27,OPTSTK,KTKBANK,95.0,CE,0.0,0.0,0.0,30.8,34.05,0,0.0,0
2014-11-10,2014-11-27,OPTSTK,KTKBANK,100.0,CE,0.0,0.0,0.0,26.6,29.1,0,0.0,0
2014-11-10,2014-11-27,OPTSTK,KTKBANK,105.0,CE,0.0,0.0,0.0,22.65,24.15,0,0.0,0
2014-11-10,2014-11-27,OPTSTK,KTKBANK,110.0,CE,0.0,0.0,0.0,10.9,19.35,0,0.0,2000
2014-11-10,2014-11-27,OPTSTK,KTKBANK,115.0,CE,12.7,15.65,12.7,15.65,15.65,2,5.16,2000
2014-11-10,2014-11-27,OPTSTK,KTKBANK,120.0,CE,11.15,11.15,10.0,10.0,10.0,5,13.02,266000
2014-11-10,2014-11-27,OPTSTK,KTKBANK,125.0,CE,7.25,7.25,6.0,6.15,6.15,3,7.88,310000
2014-11-10,2014-11-27,OPTSTK,KTKBANK,130.0,CE,4.3,4.5,3.3,3.5,3.5,112,299.58,574000
2014-11-10,2014-11-27,OPTSTK,KTKBANK,135.0,CE,2.15,2.6,1.75,1.85,1.85,83,227.47,442000
2014-11-10,2014-11-27,OPTSTK,KTKBANK,140.0,CE,1.15,1.75,1.0,1.1,1.1,79,223.04,516000
2014-11-10,2014-11-27,OPTSTK,KTKBANK,145.0,CE,0.7,0.7,0.6,0.6,0.6,18,52.44,74000
2014-11-10,2014-11-27,OPTSTK,KTKBANK,150.0,CE,0.45,0.45,0.35,0.4,0.4,67,201.48,242000
2014-11-10,2014-11-27,OPTSTK,KTKBANK,155.0,CE,0.2,0.2,0.2,0.2,0.2,1,3.1,16000
2014-11-10,2014-11-27,OPTSTK,KTKBANK,160.0,CE,0.1,0.2,0.1,0.2,0.2,3,9.61,8000
2014-11-10,2014-11-27,OPTSTK,KTKBANK,165.0,CE,0.0,0.0,0.0,1.3,0.05,0,0.0,0
2014-11-10,2014-11-27,OPTSTK,KTKBANK,170.0,CE,0.0,0.0,0.0,0.95,0.05,0,0.0,0
2014-11-10,2014-11-27,OPTSTK,KTKBANK,175.0,CE,0.0,0.0,0.0,0.7,0.0,0,0.0,0
2014-11-10,2014-11-27,OPTSTK,KTKBANK,80.0,PE,0.0,0.0,0.0,0.15,0.0,0,0.0,0
2014-11-10,2014-11-27,OPTSTK,KTKBANK,85.0,PE,0.0,0.0,0.0,0.25,0.0,0,0.0,0
2014-11-10,2014-11-27,OPTSTK,KTKBANK,90.0,PE,0.0,0.0,0.0,0.5,0.0,0,0.0,0
2014-11-10,2014-11-27,OPTSTK,KTKBANK,95.0,PE,0.0,0.0,0.0,0.95,0.0,0,0.0,0
2014-11-10,2014-11-27,OPTSTK,KTKBANK,100.0,PE,0.0,0.0,0.0,1.6,0.05,0,0.0,0
2014-11-10,2014-11-27,OPTSTK,KTKBANK,105.0,PE,0.25,0.25,0.25,0.25,0.25,1,2.1,26000
2014-11-10,2014-11-27,OPTSTK,KTKBANK,110.0,PE,0.0,0.0,0.0,0.15,0.25,0,0.0,70000
2014-11-10,2014-11-27,OPTSTK,KTKBANK,115.0,PE,0.55,0.55,0.35,0.35,0.35,3,6.92,48000
2014-11-10,2014-11-27,OPTSTK,KTKBANK,120.0,PE,0.6,1.0,0.6,0.8,0.8,22,53.15,220000
2014-11-10,2014-11-27,OPTSTK,KTKBANK,125.0,PE,2.1,2.45,1.7,1.95,1.95,26,66.08,132000
2014-11-10,2014-11-27,OPTSTK,KTKBANK,130.0,PE,3.7,4.55,3.55,4.1,4.1,38,101.95,106000
2014-11-10,2014-11-27,OPTSTK,KTKBANK,135.0,PE,7.05,7.25,7.05,7.25,7.25,3,8.52,40000
2014-11-10,2014-11-27,OPTSTK,KTKBANK,140.0,PE,0.0,0.0,0.0,20.5,12.3,0,0.0,2000
2014-11-10,2014-11-27,OPTSTK,KTKBANK,145.0,PE,0.0,0.0,0.0,23.05,16.55,0,0.0,0
2014-11-10,2014-11-27,OPTSTK,KTKBANK,150.0,PE,0.0,0.0,0.0,27.0,21.15,0,0.0,0
2014-11-10,2014-11-27,OPTSTK,KTKBANK,155.0,PE,0.0,0.0,0.0,31.15,25.9,0,0.0,0
2014-11-10,2014-11-27,OPTSTK,KTKBANK,160.0,PE,0.0,0.0,0.0,35.5,30.8,0,0.0,0
2014-11-10,2014-11-27,OPTSTK,KTKBANK,165.0,PE,0.0,0.0,0.0,39.95,35.75,0,0.0,0
2014-11-10,2014-11-27,OPTSTK,KTKBANK,170.0,PE,0.0,0.0,0.0,44.5,40.7,0,0.0,0
2014-11-10,2014-11-27,OPTSTK,KTKBANK,175.0,PE,0.0,0.0,0.0,49.15,45.7,0,0.0,0
2014-11-10,2014-12-24,OPTSTK,KTKBANK,80.0,CE,0.0,0.0,0.0,35.15,49.5,0,0.0,0
2014-11-10,2014-12-24,OPTSTK,KTKBANK,85.0,CE,0.0,0.0,0.0,30.7,44.6,0,0.0,0
2014-11-10,2014-12-24,OPTSTK,KTKBANK,90.0,CE,0.0,0.0,0.0,26.5,39.65,0,0.0,0
2014-11-10,2014-12-24,OPTSTK,KTKBANK,95.0,CE,0.0,0.0,0.0,22.6,34.8,0,0.0,0
2014-11-10,2014-12-24,OPTSTK,KTKBANK,100.0,CE,0.0,0.0,0.0,19.05,30.05,0,0.0,0
2014-11-10,2014-12-24,OPTSTK,KTKBANK,105.0,CE,0.0,0.0,0.0,15.8,25.45,0,0.0,0
2014-11-10,2014-12-24,OPTSTK,KTKBANK,110.0,CE,0.0,0.0,0.0,13.0,21.15,0,0.0,0
2014-11-10,2014-12-24,OPTSTK,KTKBANK,115.0,CE,0.0,0.0,0.0,10.6,17.15,0,0.0,0
2014-11-10,2014-12-24,OPTSTK,KTKBANK,120.0,CE,0.0,0.0,0.0,8.5,13.65,0,0.0,0
2014-11-10,2014-12-24,OPTSTK,KTKBANK,125.0,CE,0.0,0.0,0.0,6.8,10.55,0,0.0,0
2014-11-10,2014-12-24,OPTSTK,KTKBANK,130.0,CE,0.0,0.0,0.0,5.35,8.0,0,0.0,0
2014-11-10,2014-12-24,OPTSTK,KTKBANK,135.0,CE,0.0,0.0,0.0,4.2,5.9,0,0.0,0
2014-11-10,2014-12-24,OPTSTK,KTKBANK,140.0,CE,0.0,0.0,0.0,3.25,4.25,0,0.0,0
2014-11-10,2014-12-24,OPTSTK,KTKBANK,145.0,CE,0.0,0.0,0.0,2.5,3.05,0,0.0,0
2014-11-10,2014-12-24,OPTSTK,KTKBANK,150.0,CE,0.0,0.0,0.0,1.9,2.1,0,0.0,0
2014-11-10,2014-12-24,OPTSTK,KTKBANK,155.0,CE,0.0,0.0,0.0,1.45,1.45,0,0.0,0
2014-11-10,2014-12-24,OPTSTK,KTKBANK,160.0,CE,0.0,0.0,0.0,1.1,0.95,0,0.0,0
2014-11-10,2014-12-24,OPTSTK,KTKBANK,165.0,CE,0.0,0.0,0.0,0.85,0.65,0,0.0,0
2014-11-10,2014-12-24,OPTSTK,KTKBANK,170.0,CE,0.0,0.0,0.0,0.65,0.4,0,0.0,0
2014-11-10,2014-12-24,OPTSTK,KTKBANK,175.0,CE,0.0,0.0,0.0,0.5,0.25,0,0.0,0
2014-11-10,2014-12-24,OPTSTK,KTKBANK,80.0,PE,0.0,0.0,0.0,0.55,0.0,0,0.0,0
2014-11-10,2014-12-24,OPTSTK,KTKBANK,85.0,PE,0.0,0.0,0.0,1.0,0.05,0,0.0,0
2014-11-10,2014-12-24,OPTSTK,KTKBANK,90.0,PE,0.0,0.0,0.0,1.7,0.05,0,0.0,0
2014-11-10,2014-12-24,OPTSTK,KTKBANK,95.0,PE,0.0,0.0,0.0,2.65,0.15,0,0.0,0
2014-11-10,2014-12-24,OPTSTK,KTKBANK,100.0,PE,0.0,0.0,0.0,4.0,0.35,0,0.0,0
2014-11-10,2014-12-24,OPTSTK,KTKBANK,105.0,PE,0.0,0.0,0.0,5.7,0.7,0,0.0,0
2014-11-10,2014-12-24,OPTSTK,KTKBANK,110.0,PE,0.0,0.0,0.0,7.75,1.35,0,0.0,0
2014-11-10,2014-12-24,OPTSTK,KTKBANK,115.0,PE,0.0,0.0,0.0,10.2,2.3,0,0.0,0
2014-11-10,2014-12-24,OPTSTK,KTKBANK,120.0,PE,0.0,0.0,0.0,13.05,3.7,0,0.0,0
2014-11-10,2014-12-24,OPTSTK,KTKBANK,125.0,PE,0.0,0.0,0.0,16.2,5.6,0,0.0,0
2014-11-10,2014-12-24,OPTSTK,KTKBANK,130.0,PE,0.0,0.0,0.0,19.65,8.0,0,0.0,0
2014-11-10,2014-12-24,OPTSTK,KTKBANK,135.0,PE,0.0,0.0,0.0,23.4,10.85,0,0.0,0
2014-11-10,2014-12-24,OPTSTK,KTKBANK,140.0,PE,0.0,0.0,0.0,27.35,14.15,0,0.0,0
2014-11-10,2014-12-24,OPTSTK,KTKBANK,145.0,PE,0.0,0.0,0.0,31.5,17.85,0,0.0,0
2014-11-10,2014-12-24,OPTSTK,KTKBANK,150.0,PE,0.0,0.0,0.0,35.8,21.9,0,0.0,0
2014-11-10,2014-12-24,OPTSTK,KTKBANK,155.0,PE,0.0,0.0,0.0,40.25,26.15,0,0.0,0
2014-11-10,2014-12-24,OPTSTK,KTKBANK,160.0,PE,0.0,0.0,0.0,44.8,30.65,0,0.0,0
2014-11-10,2014-12-24,OPTSTK,KTKBANK,165.0,PE,0.0,0.0,0.0,49.4,35.25,0,0.0,0
2014-11-10,2014-12-24,OPTSTK,KTKBANK,170.0,PE,0.0,0.0,0.0,54.1,40.0,0,0.0,0
2014-11-10,2014-12-24,OPTSTK,KTKBANK,175.0,PE,0.0,0.0,0.0,58.8,44.8,0,0.0,0
2014-11-10,2015-01-29,OPTSTK,KTKBANK,80.0,CE,0.0,0.0,0.0,41.65,50.25,0,0.0,0
2014-11-10,2015-01-29,OPTSTK,KTKBANK,85.0,CE,0.0,0.0,0.0,36.9,45.45,0,0.0,0
2014-11-10,2015-01-29,OPTSTK,KTKBANK,90.0,CE,0.0,0.0,0.0,32.3,40.7,0,0.0,0
2014-11-10,2015-01-29,OPTSTK,KTKBANK,95.0,CE,0.0,0.0,0.0,27.9,36.1,0,0.0,0
2014-11-10,2015-01-29,OPTSTK,KTKBANK,100.0,CE,0.0,0.0,0.0,23.7,31.65,0,0.0,0
2014-11-10,2015-01-29,OPTSTK,KTKBANK,105.0,CE,0.0,0.0,0.0,19.85,27.45,0,0.0,0
2014-11-10,2015-01-29,OPTSTK,KTKBANK,110.0,CE,0.0,0.0,0.0,16.4,23.5,0,0.0,0
2014-11-10,2015-01-29,OPTSTK,KTKBANK,115.0,CE,0.0,0.0,0.0,13.3,19.9,0,0.0,0
2014-11-10,2015-01-29,OPTSTK,KTKBANK,120.0,CE,0.0,0.0,0.0,10.65,16.65,0,0.0,0
2014-11-10,2015-01-29,OPTSTK,KTKBANK,125.0,CE,0.0,0.0,0.0,8.4,13.8,0,0.0,0
2014-11-10,2015-01-29,OPTSTK,KTKBANK,130.0,CE,0.0,0.0,0.0,6.55,11.25,0,0.0,0
2014-11-10,2015-01-29,OPTSTK,KTKBANK,135.0,CE,0.0,0.0,0.0,5.05,9.1,0,0.0,0
2014-11-10,2015-01-29,OPTSTK,KTKBANK,140.0,CE,0.0,0.0,0.0,3.8,7.3,0,0.0,0
2014-11-10,2015-01-29,OPTSTK,KTKBANK,145.0,CE,0.0,0.0,0.0,2.85,5.8,0,0.0,0
2014-11-10,2015-01-29,OPTSTK,KTKBANK,150.0,CE,0.0,0.0,0.0,2.15,4.55,0,0.0,0
2014-11-10,2015-01-29,OPTSTK,KTKBANK,155.0,CE,0.0,0.0,0.0,1.55,3.55,0,0.0,0
2014-11-10,2015-01-29,OPTSTK,KTKBANK,160.0,CE,0.0,0.0,0.0,1.15,2.75,0,0.0,0
2014-11-10,2015-01-29,OPTSTK,KTKBANK,165.0,CE,0.0,0.0,0.0,0.85,2.1,0,0.0,0
2014-11-10,2015-01-29,OPTSTK,KTKBANK,170.0,CE,0.0,0.0,0.0,0.3,1.6,0,0.0,2000
2014-11-10,2015-01-29,OPTSTK,KTKBANK,175.0,CE,0.0,0.0,0.0,0.05,1.2,0,0.0,0
2014-11-10,2015-01-29,OPTSTK,KTKBANK,80.0,PE,0.0,0.0,0.0,0.15,0.1,0,0.0,0
2014-11-10,2015-01-29,OPTSTK,KTKBANK,85.0,PE,0.0,0.0,0.0,0.3,0.15,0,0.0,0
2014-11-10,2015-01-29,OPTSTK,KTKBANK,90.0,PE,0.0,0.0,0.0,0.55,0.35,0,0.0,0
2014-11-10,2015-01-29,OPTSTK,KTKBANK,95.0,PE,0.0,0.0,0.0,1.05,0.65,0,0.0,0
2014-11-10,2015-01-29,OPTSTK,KTKBANK,100.0,PE,0.0,0.0,0.0,1.75,1.1,0,0.0,0
2014-11-10,2015-01-29,OPTSTK,KTKBANK,105.0,PE,0.0,0.0,0.0,2.8,1.8,0,0.0,0
2014-11-10,2015-01-29,OPTSTK,KTKBANK,110.0,PE,0.0,0.0,0.0,4.2,2.8,0,0.0,0
2014-11-10,2015-01-29,OPTSTK,KTKBANK,115.0,PE,0.0,0.0,0.0,6.05,4.1,0,0.0,0
2014-11-10,2015-01-29,OPTSTK,KTKBANK,120.0,PE,0.0,0.0,0.0,8.25,5.75,0,0.0,0
2014-11-10,2015-01-29,OPTSTK,KTKBANK,125.0,PE,0.0,0.0,0.0,10.9,7.75,0,0.0,0
2014-11-10,2015-01-29,OPTSTK,KTKBANK,130.0,PE,0.0,0.0,0.0,13.95,10.15,0,0.0,0
2014-11-10,2015-01-29,OPTSTK,KTKBANK,135.0,PE,0.0,0.0,0.0,17.3,12.9,0,0.0,0
2014-11-10,2015-01-29,OPTSTK,KTKBANK,140.0,PE,0.0,0.0,0.0,21.0,16.0,0,0.0,0
2014-11-10,2015-01-29,OPTSTK,KTKBANK,145.0,PE,0.0,0.0,0.0,24.95,19.4,0,0.0,0
2014-11-10,2015-01-29,OPTSTK,KTKBANK,150.0,PE,0.0,0.0,0.0,29.1,23.05,0,0.0,0
2014-11-10,2015-01-29,OPTSTK,KTKBANK,155.0,PE,0.0,0.0,0.0,33.45,26.95,0,0.0,0
2014-11-10,2015-01-29,OPTSTK,KTKBANK,160.0,PE,0.0,0.0,0.0,37.9,31.05,0,0.0,0
2014-11-10,2015-01-29,OPTSTK,KTKBANK,165.0,PE,0.0,0.0,0.0,42.45,35.35,0,0.0,0
2014-11-10,2015-01-29,OPTSTK,KTKBANK,170.0,PE,0.0,0.0,0.0,47.15,39.75,0,0.0,0
2014-11-10,2015-01-29,OPTSTK,KTKBANK,175.0,PE,0.0,0.0,0.0,51.85,44.25,0,0.0,0
2014-11-10,2014-11-27,OPTSTK,L&TFH,47.5,CE,0.0,0.0,0.0,19.35,22.85,0,0.0,0
2014-11-10,2014-11-27,OPTSTK,L&TFH,50.0,CE,0.0,0.0,0.0,16.95,20.35,0,0.0,0
2014-11-10,2014-11-27,OPTSTK,L&TFH,52.5,CE,0.0,0.0,0.0,14.6,17.9,0,0.0,0
2014-11-10,2014-11-27,OPTSTK,L&TFH,55.0,CE,0.0,0.0,0.0,12.35,15.4,0,0.0,0
2014-11-10,2014-11-27,OPTSTK,L&TFH,57.5,CE,0.0,0.0,0.0,10.2,12.9,0,0.0,0
2014-11-10,2014-11-27,OPTSTK,L&TFH,60.0,CE,0.0,0.0,0.0,8.25,10.4,0,0.0,0
2014-11-10,2014-11-27,OPTSTK,L&TFH,62.5,CE,0.0,0.0,0.0,6.5,7.95,0,0.0,0
2014-11-10,2014-11-27,OPTSTK,L&TFH,65.0,CE,6.25,6.25,6.25,6.25,6.25,1,2.85,28000
2014-11-10,2014-11-27,OPTSTK,L&TFH,67.5,CE,3.8,3.8,3.7,3.75,3.75,6,17.1,208000
2014-11-10,2014-11-27,OPTSTK,L&TFH,70.0,CE,2.7,3.0,2.1,2.2,2.2,157,455.93,1304000
2014-11-10,2014-11-27,OPTSTK,L&TFH,72.5,CE,1.6,1.85,1.15,1.2,1.2,193,570.62,1340000
2014-11-10,2014-11-27,OPTSTK,L&TFH,75.0,CE,0.9,1.1,0.65,0.7,0.7,208,631.14,1720000
2014-11-10,2014-11-27,OPTSTK,L&TFH,77.5,CE,0.55,0.6,0.4,0.45,0.45,20,62.39,312000
2014-11-10,2014-11-27,OPTSTK,L&TFH,80.0,CE,0.5,0.5,0.25,0.25,0.25,92,295.47,848000
2014-11-10,2014-11-27,OPTSTK,L&TFH,82.5,CE,0.0,0.0,0.0,0.2,0.05,0,0.0,20000
2014-11-10,2014-11-27,OPTSTK,L&TFH,85.0,CE,0.15,0.15,0.15,0.15,0.15,16,54.49,144000
2014-11-10,2014-11-27,OPTSTK,L&TFH,87.5,CE,0.0,0.0,0.0,0.2,0.0,0,0.0,0
2014-11-10,2014-11-27,OPTSTK,L&TFH,90.0,CE,0.1,0.1,0.1,0.1,0.1,1,3.6,8000
2014-11-10,2014-11-27,OPTSTK,L&TFH,92.5,CE,0.0,0.0,0.0,0.1,0.0,0,0.0,0
2014-11-10,2014-11-27,OPTSTK,L&TFH,95.0,CE,0.0,0.0,0.0,0.05,0.0,0,0.0,0
2014-11-10,2014-11-27,OPTSTK,L&TFH,47.5,PE,0.0,0.0,0.0,0.05,0.0,0,0.0,0
2014-11-10,2014-11-27,OPTSTK,L&TFH,50.0,PE,0.0,0.0,0.0,0.1,0.0,0,0.0,0
2014-11-10,2014-11-27,OPTSTK,L&TFH,52.5,PE,0.0,0.0,0.0,0.2,0.0,0,0.0,0
2014-11-10,2014-11-27,OPTSTK,L&TFH,55.0,PE,0.0,0.0,0.0,0.35,0.0,0,0.0,0
2014-11-10,2014-11-27,OPTSTK,L&TFH,57.5,PE,0.0,0.0,0.0,0.7,0.0,0,0.0,0
2014-11-10,2014-11-27,OPTSTK,L&TFH,60.0,PE,0.0,0.0,0.0,0.15,0.05,0,0.0,16000
2014-11-10,2014-11-27,OPTSTK,L&TFH,62.5,PE,0.0,0.0,0.0,1.9,0.05,0,0.0,0
2014-11-10,2014-11-27,OPTSTK,L&TFH,65.0,PE,0.3,0.3,0.25,0.25,0.25,34,88.75,388000
2014-11-10,2014-11-27,OPTSTK,L&TFH,67.5,PE,0.75,0.75,0.55,0.6,0.6,30,81.76,432000
2014-11-10,2014-11-27,OPTSTK,L&TFH,70.0,PE,1.1,1.8,1.1,1.75,1.75,99,282.96,572000
2014-11-10,2014-11-27,OPTSTK,L&TFH,72.5,PE,2.45,3.0,2.45,3.0,3.0,8,24.12,120000
2014-11-10,2014-11-27,OPTSTK,L&TFH,75.0,PE,0.0,0.0,0.0,4.0,4.95,0,0.0,244000
2014-11-10,2014-11-27,OPTSTK,L&TFH,77.5,PE,0.0,0.0,0.0,11.0,7.2,0,0.0,0
2014-11-10,2014-11-27,OPTSTK,L&TFH,80.0,PE,0.0,0.0,0.0,7.7,9.6,0,0.0,188000
2014-11-10,2014-11-27,OPTSTK,L&TFH,82.5,PE,0.0,0.0,0.0,15.35,12.05,0,0.0,0
2014-11-10,2014-11-27,OPTSTK,L&TFH,85.0,PE,0.0,0.0,0.0,17.65,14.55,0,0.0,0
2014-11-10,2014-11-27,OPTSTK,L&TFH,87.5,PE,0.0,0.0,0.0,20.0,17.05,0,0.0,0
2014-11-10,2014-11-27,OPTSTK,L&TFH,90.0,PE,0.0,0.0,0.0,21.3,19.5,0,0.0,12000
2014-11-10,2014-11-27,OPTSTK,L&TFH,92.5,PE,0.0,0.0,0.0,24.8,22.0,0,0.0,0
2014-11-10,2014-11-27,OPTSTK,L&TFH,95.0,PE,0.0,0.0,0.0,27.25,24.5,0,0.0,0
2014-11-10,2014-12-24,OPTSTK,L&TFH,47.5,CE,0.0,0.0,0.0,20.0,23.15,0,0.0,0
2014-11-10,2014-12-24,OPTSTK,L&TFH,50.0,CE,0.0,0.0,0.0,17.65,20.7,0,0.0,0
2014-11-10,2014-12-24,OPTSTK,L&TFH,52.5,CE,0.0,0.0,0.0,15.4,18.2,0,0.0,0
2014-11-10,2014-12-24,OPTSTK,L&TFH,55.0,CE,0.0,0.0,0.0,13.2,15.75,0,0.0,0
2014-11-10,2014-12-24,OPTSTK,L&TFH,57.5,CE,0.0,0.0,0.0,11.2,13.3,0,0.0,0
2014-11-10,2014-12-24,OPTSTK,L&TFH,60.0,CE,0.0,0.0,0.0,9.35,10.95,0,0.0,0
2014-11-10,2014-12-24,OPTSTK,L&TFH,62.5,CE,0.0,0.0,0.0,7.65,8.65,0,0.0,0
2014-11-10,2014-12-24,OPTSTK,L&TFH,65.0,CE,0.0,0.0,0.0,6.2,6.6,0,0.0,0
2014-11-10,2014-12-24,OPTSTK,L&TFH,67.5,CE,0.0,0.0,0.0,4.95,4.8,0,0.0,0
2014-11-10,2014-12-24,OPTSTK,L&TFH,70.0,CE,0.0,0.0,0.0,3.9,3.3,0,0.0,0
2014-11-10,2014-12-24,OPTSTK,L&TFH,72.5,CE,0.0,0.0,0.0,3.0,2.15,0,0.0,0
2014-11-10,2014-12-24,OPTSTK,L&TFH,75.0,CE,2.0,2.0,2.0,2.0,2.0,1,3.08,4000
2014-11-10,2014-12-24,OPTSTK,L&TFH,77.5,CE,0.0,0.0,0.0,1.75,0.8,0,0.0,0
2014-11-10,2014-12-24,OPTSTK,L&TFH,80.0,CE,0.0,0.0,0.0,1.3,0.45,0,0.0,0
2014-11-10,2014-12-24,OPTSTK,L&TFH,82.5,CE,0.0,0.0,0.0,0.95,0.25,0,0.0,0
2014-11-10,2014-12-24,OPTSTK,L&TFH,85.0,CE,0.0,0.0,0.0,0.7,0.15,0,0.0,0
2014-11-10,2014-12-24,OPTSTK,L&TFH,87.5,CE,0.0,0.0,0.0,0.5,0.05,0,0.0,0
2014-11-10,2014-12-24,OPTSTK,L&TFH,90.0,CE,0.0,0.0,0.0,0.35,0.05,0,0.0,0
2014-11-10,2014-12-24,OPTSTK,L&TFH,92.5,CE,0.0,0.0,0.0,0.25,0.05,0,0.0,0
2014-11-10,2014-12-24,OPTSTK,L&TFH,95.0,CE,0.0,0.0,0.0,3.0,0.0,0,0.0,0
2014-11-10,2014-12-24,OPTSTK,L&TFH,47.5,PE,0.0,0.0,0.0,0.1,0.0,0,0.0,0
2014-11-10,2014-12-24,OPTSTK,L&TFH,50.0,PE,0.0,0.0,0.0,0.2,0.0,0,0.0,0
2014-11-10,2014-12-24,OPTSTK,L&TFH,52.5,PE,0.0,0.0,0.0,0.4,0.0,0,0.0,0
2014-11-10,2014-12-24,OPTSTK,L&TFH,55.0,PE,0.0,0.0,0.0,0.7,0.05,0,0.0,0
2014-11-10,2014-12-24,OPTSTK,L&TFH,57.5,PE,0.0,0.0,0.0,1.1,0.05,0,0.0,0
2014-11-10,2014-12-24,OPTSTK,L&TFH,60.0,PE,0.0,0.0,0.0,1.7,0.15,0,0.0,0
2014-11-10,2014-12-24,OPTSTK,L&TFH,62.5,PE,0.0,0.0,0.0,2.45,0.35,0,0.0,0
2014-11-10,2014-12-24,OPTSTK,L&TFH,65.0,PE,0.0,0.0,0.0,3.45,0.75,0,0.0,0
2014-11-10,2014-12-24,OPTSTK,L&TFH,67.5,PE,0.0,0.0,0.0,4.6,1.4,0,0.0,0
2014-11-10,2014-12-24,OPTSTK,L&TFH,70.0,PE,0.0,0.0,0.0,6.0,2.4,0,0.0,0
2014-11-10,2014-12-24,OPTSTK,L&TFH,72.5,PE,0.0,0.0,0.0,7.55,3.75,0,0.0,0
2014-11-10,2014-12-24,OPTSTK,L&TFH,75.0,PE,0.0,0.0,0.0,9.3,5.4,0,0.0,0
2014-11-10,2014-12-24,OPTSTK,L&TFH,77.5,PE,0.0,0.0,0.0,11.2,7.35,0,0.0,0
2014-11-10,2014-12-24,OPTSTK,L&TFH,80.0,PE,0.0,0.0,0.0,13.2,9.45,0,0.0,0
2014-11-10,2014-12-24,OPTSTK,L&TFH,82.5,PE,0.0,0.0,0.0,15.3,11.75,0,0.0,0
2014-11-10,2014-12-24,OPTSTK,L&TFH,85.0,PE,0.0,0.0,0.0,17.5,14.1,0,0.0,0
2014-11-10,2014-12-24,OPTSTK,L&TFH,87.5,PE,0.0,0.0,0.0,19.75,16.5,0,0.0,0
2014-11-10,2014-12-24,OPTSTK,L&TFH,90.0,PE,0.0,0.0,0.0,22.05,18.95,0,0.0,0
2014-11-10,2014-12-24,OPTSTK,L&TFH,92.5,PE,0.0,0.0,0.0,24.4,21.4,0,0.0,0
2014-11-10,2014-12-24,OPTSTK,L&TFH,95.0,PE,0.0,0.0,0.0,26.75,23.9,0,0.0,0
2014-11-10,2015-01-29,OPTSTK,L&TFH,47.5,CE,0.0,0.0,0.0,21.35,23.55,0,0.0,0
2014-11-10,2015-01-29,OPTSTK,L&TFH,50.0,CE,0.0,0.0,0.0,18.9,21.15,0,0.0,0
2014-11-10,2015-01-29,OPTSTK,L&TFH,52.5,CE,0.0,0.0,0.0,16.5,18.7,0,0.0,0
2014-11-10,2015-01-29,OPTSTK,L&TFH,55.0,CE,0.0,0.0,0.0,14.1,16.3,0,0.0,0
2014-11-10,2015-01-29,OPTSTK,L&TFH,57.5,CE,0.0,0.0,0.0,11.8,13.95,0,0.0,0
2014-11-10,2015-01-29,OPTSTK,L&TFH,60.0,CE,0.0,0.0,0.0,9.6,11.7,0,0.0,0
2014-11-10,2015-01-29,OPTSTK,L&TFH,62.5,CE,0.0,0.0,0.0,7.6,9.6,0,0.0,0
2014-11-10,2015-01-29,OPTSTK,L&TFH,65.0,CE,0.0,0.0,0.0,5.85,7.7,0,0.0,0
2014-11-10,2015-01-29,OPTSTK,L&TFH,67.5,CE,0.0,0.0,0.0,4.3,6.0,0,0.0,0
2014-11-10,2015-01-29,OPTSTK,L&TFH,70.0,CE,0.0,0.0,0.0,3.1,4.6,0,0.0,0
2014-11-10,2015-01-29,OPTSTK,L&TFH,72.5,CE,0.0,0.0,0.0,2.15,3.4,0,0.0,0
2014-11-10,2015-01-29,OPTSTK,L&TFH,75.0,CE,0.0,0.0,0.0,1.45,2.45,0,0.0,0
2014-11-10,2015-01-29,OPTSTK,L&TFH,77.5,CE,0.0,0.0,0.0,0.95,1.7,0,0.0,0
2014-11-10,2015-01-29,OPTSTK,L&TFH,80.0,CE,0.0,0.0,0.0,0.6,1.2,0,0.0,0
2014-11-10,2015-01-29,OPTSTK,L&TFH,82.5,CE,0.0,0.0,0.0,0.35,0.8,0,0.0,0
2014-11-10,2015-01-29,OPTSTK,L&TFH,85.0,CE,0.0,0.0,0.0,0.25,0.55,0,0.0,0
2014-11-10,2015-01-29,OPTSTK,L&TFH,87.5,CE,0.0,0.0,0.0,0.15,0.35,0,0.0,0
2014-11-10,2015-01-29,OPTSTK,L&TFH,90.0,CE,0.0,0.0,0.0,0.1,0.2,0,0.0,0
2014-11-10,2015-01-29,OPTSTK,L&TFH,92.5,CE,0.0,0.0,0.0,0.05,0.15,0,0.0,0
2014-11-10,2015-01-29,OPTSTK,L&TFH,95.0,CE,0.0,0.0,0.0,0.05,0.1,0,0.0,0
2014-11-10,2015-01-29,OPTSTK,L&TFH,47.5,PE,0.0,0.0,0.0,0.05,0.0,0,0.0,0
2014-11-10,2015-01-29,OPTSTK,L&TFH,50.0,PE,0.0,0.0,0.0,0.05,0.05,0,0.0,0
2014-11-10,2015-01-29,OPTSTK,L&TFH,52.5,PE,0.0,0.0,0.0,0.05,0.05,0,0.0,0
2014-11-10,2015-01-29,OPTSTK,L&TFH,55.0,PE,0.0,0.0,0.0,0.1,0.1,0,0.0,0
2014-11-10,2015-01-29,OPTSTK,L&TFH,57.5,PE,0.0,0.0,0.0,0.25,0.2,0,0.0,0
2014-11-10,2015-01-29,OPTSTK,L&TFH,60.0,PE,0.0,0.0,0.0,0.5,0.45,0,0.0,0
2014-11-10,2015-01-29,OPTSTK,L&TFH,62.5,PE,0.0,0.0,0.0,0.95,0.8,0,0.0,0
2014-11-10,2015-01-29,OPTSTK,L&TFH,65.0,PE,0.0,0.0,0.0,1.65,1.35,0,0.0,0
2014-11-10,2015-01-29,OPTSTK,L&TFH,67.5,PE,0.0,0.0,0.0,2.55,2.1,0,0.0,0
2014-11-10,2015-01-29,OPTSTK,L&TFH,70.0,PE,0.0,0.0,0.0,3.8,3.1,0,0.0,0
2014-11-10,2015-01-29,OPTSTK,L&TFH,72.5,PE,0.0,0.0,0.0,5.3,4.35,0,0.0,0
2014-11-10,2015-01-29,OPTSTK,L&TFH,75.0,PE,0.0,0.0,0.0,7.05,5.9,0,0.0,0
2014-11-10,2015-01-29,OPTSTK,L&TFH,77.5,PE,0.0,0.0,0.0,8.95,7.6,0,0.0,0
2014-11-10,2015-01-29,OPTSTK,L&TFH,80.0,PE,0.0,0.0,0.0,11.05,9.5,0,0.0,0
2014-11-10,2015-01-29,OPTSTK,L&TFH,82.5,PE,0.0,0.0,0.0,13.3,11.6,0,0.0,0
2014-11-10,2015-01-29,OPTSTK,L&TFH,85.0,PE,0.0,0.0,0.0,15.6,13.75,0,0.0,0
2014-11-10,2015-01-29,OPTSTK,L&TFH,87.5,PE,0.0,0.0,0.0,17.95,16.05,0,0.0,0
2014-11-10,2015-01-29,OPTSTK,L&TFH,90.0,PE,0.0,0.0,0.0,20.35,18.35,0,0.0,0
2014-11-10,2015-01-29,OPTSTK,L&TFH,92.5,PE,0.0,0.0,0.0,22.75,20.75,0,0.0,0
2014-11-10,2015-01-29,OPTSTK,L&TFH,95.0,PE,0.0,0.0,0.0,25.2,23.15,0,0.0,0
2014-11-10,2014-11-27,OPTSTK,LICHSGFIN,210.0,CE,0.0,0.0,0.0,97.2,177.7,0,0.0,0
2014-11-10,2014-11-27,OPTSTK,LICHSGFIN,220.0,CE,0.0,0.0,0.0,87.55,167.75,0,0.0,0
2014-11-10,2014-11-27,OPTSTK,LICHSGFIN,230.0,CE,0.0,0.0,0.0,77.95,157.8,0,0.0,0
2014-11-10,2014-11-27,OPTSTK,LICHSGFIN,240.0,CE,0.0,0.0,0.0,68.6,147.8,0,0.0,0
2014-11-10,2014-11-27,OPTSTK,LICHSGFIN,250.0,CE,0.0,0.0,0.0,59.55,137.85,0,0.0,0
2014-11-10,2014-11-27,OPTSTK,LICHSGFIN,260.0,CE,0.0,0.0,0.0,50.95,127.9,0,0.0,0
2014-11-10,2014-11-27,OPTSTK,LICHSGFIN,270.0,CE,0.0,0.0,0.0,42.9,117.95,0,0.0,0
2014-11-10,2014-11-27,OPTSTK,LICHSGFIN,280.0,CE,0.0,0.0,0.0,59.8,108.0,0,0.0,4000
2014-11-10,2014-11-27,OPTSTK,LICHSGFIN,290.0,CE,0.0,0.0,0.0,28.9,98.0,0,0.0,0
2014-11-10,2014-11-27,OPTSTK,LICHSGFIN,300.0,CE,0.0,0.0,0.0,44.4,88.1,0,0.0,4000
2014-11-10,2014-11-27,OPTSTK,LICHSGFIN,310.0,CE,0.0,0.0,0.0,38.0,78.2,0,0.0,8000
2014-11-10,2014-11-27,OPTSTK,LICHSGFIN,320.0,CE,0.0,0.0,0.0,63.05,68.35,0,0.0,8000
2014-11-10,2014-11-27,OPTSTK,LICHSGFIN,330.0,CE,0.0,0.0,0.0,53.0,58.7,0,0.0,23000
2014-11-10,2014-11-27,OPTSTK,LICHSGFIN,340.0,CE,0.0,0.0,0.0,28.8,49.4,0,0.0,56000
2014-11-10,2014-11-27,OPTSTK,LICHSGFIN,350.0,CE,31.0,39.4,30.75,39.4,39.4,7,26.86,125000
2014-11-10,2014-11-27,OPTSTK,LICHSGFIN,360.0,CE,22.5,32.0,22.0,30.45,30.45,28,108.52,109000
2014-11-10,2014-11-27,OPTSTK,LICHSGFIN,370.0,CE,18.25,24.5,15.05,23.25,23.25,58,225.91,109000
2014-11-10,2014-11-27,OPTSTK,LICHSGFIN,380.0,CE,13.5,18.0,10.5,16.3,16.3,426,1678.71,154000
2014-11-10,2014-11-27,OPTSTK,LICHSGFIN,390.0,CE,8.75,12.4,6.75,11.15,11.15,455,1820.55,144000
2014-11-10,2014-11-27,OPTSTK,LICHSGFIN,400.0,CE,5.75,8.3,4.25,7.1,7.1,394,1601.76,150000
2014-11-10,2014-11-27,OPTSTK,LICHSGFIN,410.0,CE,4.0,5.05,2.4,4.4,4.4,41,169.81,47000
2014-11-10,2014-11-27,OPTSTK,LICHSGFIN,420.0,CE,1.55,3.1,1.55,2.55,2.55,50,211.17,51000
2014-11-10,2014-11-27,OPTSTK,LICHSGFIN,430.0,CE,0.8,1.7,0.8,1.45,1.45,18,77.62,19000
2014-11-10,2014-11-27,OPTSTK,LICHSGFIN,440.0,CE,0.9,0.9,0.9,0.9,0.9,2,8.81,2000
2014-11-10,2014-11-27,OPTSTK,LICHSGFIN,450.0,CE,0.0,0.0,0.0,0.45,1.0,0,0.0,0
2014-11-10,2014-11-27,OPTSTK,LICHSGFIN,210.0,PE,0.0,0.0,0.0,0.1,0.0,0,0.0,0
2014-11-10,2014-11-27,OPTSTK,LICHSGFIN,220.0,PE,0.0,0.0,0.0,0.2,0.0,0,0.0,0
2014-11-10,2014-11-27,OPTSTK,LICHSGFIN,230.0,PE,0.0,0.0,0.0,0.45,0.0,0,0.0,0
2014-11-10,2014-11-27,OPTSTK,LICHSGFIN,240.0,PE,0.0,0.0,0.0,0.85,0.0,0,0.0,0
2014-11-10,2014-11-27,OPTSTK,LICHSGFIN,250.0,PE,0.0,0.0,0.0,1.6,0.0,0,0.0,0
2014-11-10,2014-11-27,OPTSTK,LICHSGFIN,260.0,PE,0.0,0.0,0.0,2.8,0.0,0,0.0,0
2014-11-10,2014-11-27,OPTSTK,LICHSGFIN,270.0,PE,0.0,0.0,0.0,4.5,0.0,0,0.0,0
2014-11-10,2014-11-27,OPTSTK,LICHSGFIN,280.0,PE,0.0,0.0,0.0,6.95,0.0,0,0.0,0
2014-11-10,2014-11-27,OPTSTK,LICHSGFIN,290.0,PE,0.0,0.0,0.0,10.1,0.05,0,0.0,0
2014-11-10,2014-11-27,OPTSTK,LICHSGFIN,300.0,PE,0.45,0.45,0.4,0.4,0.4,2,6.0,16000
2014-11-10,2014-11-27,OPTSTK,LICHSGFIN,310.0,PE,0.0,0.0,0.0,0.7,0.1,0,0.0,14000
2014-11-10,2014-11-27,OPTSTK,LICHSGFIN,320.0,PE,0.9,0.9,0.9,0.9,0.9,1,3.2,66000
2014-11-10,2014-11-27,OPTSTK,LICHSGFIN,330.0,PE,0.95,1.05,0.65,0.65,0.65,7,23.16,70000
2014-11-10,2014-11-27,OPTSTK,LICHSGFIN,340.0,PE,1.2,2.0,1.2,1.25,1.25,61,208.36,164000
2014-11-10,2014-11-27,OPTSTK,LICHSGFIN,350.0,PE,3.0,3.75,1.8,2.05,2.05,52,183.33,168000
2014-11-10,2014-11-27,OPTSTK,LICHSGFIN,360.0,PE,5.35,6.0,3.15,3.55,3.55,88,320.57,157000
2014-11-10,2014-11-27,OPTSTK,LICHSGFIN,370.0,PE,8.0,10.0,5.45,5.85,5.85,126,475.85,117000
2014-11-10,2014-11-27,OPTSTK,LICHSGFIN,380.0,PE,12.6,15.0,8.35,9.4,9.4,184,720.93,86000
2014-11-10,2014-11-27,OPTSTK,LICHSGFIN,390.0,PE,17.0,20.3,12.6,13.95,13.95,49,198.71,28000
2014-11-10,2014-11-27,OPTSTK,LICHSGFIN,400.0,PE,27.25,27.25,26.0,26.0,26.0,2,8.53,1000
2014-11-10,2014-11-27,OPTSTK,LICHSGFIN,410.0,PE,0.0,0.0,0.0,99.35,28.05,0,0.0,0
2014-11-10,2014-11-27,OPTSTK,LICHSGFIN,420.0,PE,0.0,0.0,0.0,108.9,35.75,0,0.0,0
2014-11-10,2014-11-27,OPTSTK,LICHSGFIN,430.0,PE,0.0,0.0,0.0,118.55,44.15,0,0.0,0
2014-11-10,2014-11-27,OPTSTK,LICHSGFIN,440.0,PE,0.0,0.0,0.0,128.2,53.05,0,0.0,0
2014-11-10,2014-11-27,OPTSTK,LICHSGFIN,450.0,PE,0.0,0.0,0.0,128.65,62.35,0,0.0,0
2014-11-10,2014-12-24,OPTSTK,LICHSGFIN,210.0,CE,0.0,0.0,0.0,97.0,179.05,0,0.0,0
2014-11-10,2014-12-24,OPTSTK,LICHSGFIN,220.0,CE,0.0,0.0,0.0,87.45,169.15,0,0.0,0
2014-11-10,2014-12-24,OPTSTK,LICHSGFIN,230.0,CE,0.0,0.0,0.0,78.1,159.3,0,0.0,0
2014-11-10,2014-12-24,OPTSTK,LICHSGFIN,240.0,CE,0.0,0.0,0.0,69.0,149.4,0,0.0,0
2014-11-10,2014-12-24,OPTSTK,LICHSGFIN,250.0,CE,0.0,0.0,0.0,60.25,139.5,0,0.0,0
2014-11-10,2014-12-24,OPTSTK,LICHSGFIN,260.0,CE,0.0,0.0,0.0,52.0,129.65,0,0.0,0
2014-11-10,2014-12-24,OPTSTK,LICHSGFIN,270.0,CE,0.0,0.0,0.0,44.3,119.8,0,0.0,0
2014-11-10,2014-12-24,OPTSTK,LICHSGFIN,280.0,CE,0.0,0.0,0.0,37.25,110.05,0,0.0,0
2014-11-10,2014-12-24,OPTSTK,LICHSGFIN,290.0,CE,0.0,0.0,0.0,30.95,100.35,0,0.0,0
2014-11-10,2014-12-24,OPTSTK,LICHSGFIN,300.0,CE,0.0,0.0,0.0,25.35,90.8,0,0.0,0
2014-11-10,2014-12-24,OPTSTK,LICHSGFIN,310.0,CE,0.0,0.0,0.0,20.5,81.5,0,0.0,0
2014-11-10,2014-12-24,OPTSTK,LICHSGFIN,320.0,CE,0.0,0.0,0.0,16.4,72.45,0,0.0,0
2014-11-10,2014-12-24,OPTSTK,LICHSGFIN,330.0,CE,0.0,0.0,0.0,12.95,63.8,0,0.0,0
2014-11-10,2014-12-24,OPTSTK,LICHSGFIN,340.0,CE,0.0,0.0,0.0,10.1,55.6,0,0.0,0
2014-11-10,2014-12-24,OPTSTK,LICHSGFIN,350.0,CE,0.0,0.0,0.0,7.8,47.95,0,0.0,0
2014-11-10,2014-12-24,OPTSTK,LICHSGFIN,360.0,CE,0.0,0.0,0.0,30.9,40.85,0,0.0,1000
2014-11-10,2014-12-24,OPTSTK,LICHSGFIN,370.0,CE,0.0,0.0,0.0,24.95,34.45,0,0.0,1000
2014-11-10,2014-12-24,OPTSTK,LICHSGFIN,380.0,CE,0.0,0.0,0.0,10.0,28.7,0,0.0,0
2014-11-10,2014-12-24,OPTSTK,LICHSGFIN,390.0,CE,16.0,18.2,16.0,18.2,18.2,2,8.14,3000
2014-11-10,2014-12-24,OPTSTK,LICHSGFIN,400.0,CE,0.0,0.0,0.0,1.85,19.25,0,0.0,0
2014-11-10,2014-12-24,OPTSTK,LICHSGFIN,410.0,CE,0.0,0.0,0.0,1.35,15.5,0,0.0,0
2014-11-10,2014-12-24,OPTSTK,LICHSGFIN,420.0,CE,0.0,0.0,0.0,1.0,12.35,0,0.0,0
2014-11-10,2014-12-24,OPTSTK,LICHSGFIN,430.0,CE,0.0,0.0,0.0,0.7,9.75,0,0.0,0
2014-11-10,2014-12-24,OPTSTK,LICHSGFIN,440.0,CE,0.0,0.0,0.0,0.5,7.6,0,0.0,0
2014-11-10,2014-12-24,OPTSTK,LICHSGFIN,450.0,CE,0.0,0.0,0.0,1.0,5.9,0,0.0,0
2014-11-10,2014-12-24,OPTSTK,LICHSGFIN,210.0,PE,0.0,0.0,0.0,0.2,0.0,0,0.0,0
2014-11-10,2014-12-24,OPTSTK,LICHSGFIN,220.0,PE,0.0,0.0,0.0,0.45,0.0,0,0.0,0
2014-11-10,2014-12-24,OPTSTK,LICHSGFIN,230.0,PE,0.0,0.0,0.0,0.85,0.0,0,0.0,0
2014-11-10,2014-12-24,OPTSTK,LICHSGFIN,240.0,PE,0.0,0.0,0.0,1.55,0.05,0,0.0,0
2014-11-10,2014-12-24,OPTSTK,LICHSGFIN,250.0,PE,0.0,0.0,0.0,2.6,0.05,0,0.0,0
2014-11-10,2014-12-24,OPTSTK,LICHSGFIN,260.0,PE,0.0,0.0,0.0,4.1,0.05,0,0.0,0
2014-11-10,2014-12-24,OPTSTK,LICHSGFIN,270.0,PE,0.0,0.0,0.0,6.2,0.15,0,0.0,0
2014-11-10,2014-12-24,OPTSTK,LICHSGFIN,280.0,PE,0.0,0.0,0.0,8.95,0.25,0,0.0,0
2014-11-10,2014-12-24,OPTSTK,LICHSGFIN,290.0,PE,0.0,0.0,0.0,12.4,0.45,0,0.0,0
2014-11-10,2014-12-24,OPTSTK,LICHSGFIN,300.0,PE,0.0,0.0,0.0,16.6,0.85,0,0.0,0
2014-11-10,2014-12-24,OPTSTK,LICHSGFIN,310.0,PE,0.0,0.0,0.0,21.55,1.4,0,0.0,0
2014-11-10,2014-12-24,OPTSTK,LICHSGFIN,320.0,PE,0.0,0.0,0.0,27.2,2.25,0,0.0,0
2014-11-10,2014-12-24,OPTSTK,LICHSGFIN,330.0,PE,0.0,0.0,0.0,33.55,3.5,0,0.0,0
2014-11-10,2014-12-24,OPTSTK,LICHSGFIN,340.0,PE,0.0,0.0,0.0,40.5,5.2,0,0.0,0
2014-11-10,2014-12-24,OPTSTK,LICHSGFIN,350.0,PE,0.0,0.0,0.0,48.0,7.45,0,0.0,0
2014-11-10,2014-12-24,OPTSTK,LICHSGFIN,360.0,PE,0.0,0.0,0.0,55.9,10.25,0,0.0,0
2014-11-10,2014-12-24,OPTSTK,LICHSGFIN,370.0,PE,0.0,0.0,0.0,64.25,13.7,0,0.0,0
2014-11-10,2014-12-24,OPTSTK,LICHSGFIN,380.0,PE,0.0,0.0,0.0,72.9,17.9,0,0.0,0
2014-11-10,2014-12-24,OPTSTK,LICHSGFIN,390.0,PE,0.0,0.0,0.0,81.8,22.7,0,0.0,0
2014-11-10,2014-12-24,OPTSTK,LICHSGFIN,400.0,PE,0.0,0.0,0.0,90.95,28.25,0,0.0,0
2014-11-10,2014-12-24,OPTSTK,LICHSGFIN,410.0,PE,0.0,0.0,0.0,100.2,34.4,0,0.0,0
2014-11-10,2014-12-24,OPTSTK,LICHSGFIN,420.0,PE,0.0,0.0,0.0,109.65,41.1,0,0.0,0
2014-11-10,2014-12-24,OPTSTK,LICHSGFIN,430.0,PE,0.0,0.0,0.0,119.15,48.4,0,0.0,0
2014-11-10,2014-12-24,OPTSTK,LICHSGFIN,440.0,PE,0.0,0.0,0.0,128.7,56.15,0,0.0,0
2014-11-10,2014-12-24,OPTSTK,LICHSGFIN,450.0,PE,0.0,0.0,0.0,127.55,64.35,0,0.0,0
2014-11-10,2015-01-29,OPTSTK,LICHSGFIN,210.0,CE,0.0,0.0,0.0,140.25,180.85,0,0.0,0
2014-11-10,2015-01-29,OPTSTK,LICHSGFIN,220.0,CE,0.0,0.0,0.0,130.6,171.05,0,0.0,0
2014-11-10,2015-01-29,OPTSTK,LICHSGFIN,230.0,CE,0.0,0.0,0.0,121.0,161.3,0,0.0,0
2014-11-10,2015-01-29,OPTSTK,LICHSGFIN,240.0,CE,0.0,0.0,0.0,111.5,151.55,0,0.0,0
2014-11-10,2015-01-29,OPTSTK,LICHSGFIN,250.0,CE,0.0,0.0,0.0,102.2,141.9,0,0.0,0
2014-11-10,2015-01-29,OPTSTK,LICHSGFIN,260.0,CE,0.0,0.0,0.0,93.1,132.25,0,0.0,0
2014-11-10,2015-01-29,OPTSTK,LICHSGFIN,270.0,CE,0.0,0.0,0.0,84.25,122.75,0,0.0,0
2014-11-10,2015-01-29,OPTSTK,LICHSGFIN,280.0,CE,0.0,0.0,0.0,75.8,113.4,0,0.0,0
2014-11-10,2015-01-29,OPTSTK,LICHSGFIN,290.0,CE,0.0,0.0,0.0,67.7,104.25,0,0.0,0
2014-11-10,2015-01-29,OPTSTK,LICHSGFIN,300.0,CE,0.0,0.0,0.0,60.1,95.35,0,0.0,0
2014-11-10,2015-01-29,OPTSTK,LICHSGFIN,310.0,CE,0.0,0.0,0.0,52.95,86.75,0,0.0,0
2014-11-10,2015-01-29,OPTSTK,LICHSGFIN,320.0,CE,0.0,0.0,0.0,46.35,78.5,0,0.0,0
2014-11-10,2015-01-29,OPTSTK,LICHSGFIN,330.0,CE,0.0,0.0,0.0,40.3,70.6,0,0.0,0
2014-11-10,2015-01-29,OPTSTK,LICHSGFIN,340.0,CE,0.0,0.0,0.0,34.8,63.2,0,0.0,0
2014-11-10,2015-01-29,OPTSTK,LICHSGFIN,350.0,CE,0.0,0.0,0.0,29.85,56.2,0,0.0,0
2014-11-10,2015-01-29,OPTSTK,LICHSGFIN,360.0,CE,0.0,0.0,0.0,25.45,49.7,0,0.0,0
2014-11-10,2015-01-29,OPTSTK,LICHSGFIN,370.0,CE,0.0,0.0,0.0,21.6,43.7,0,0.0,0
2014-11-10,2015-01-29,OPTSTK,LICHSGFIN,380.0,CE,0.0,0.0,0.0,18.2,38.25,0,0.0,0
2014-11-10,2015-01-29,OPTSTK,LICHSGFIN,390.0,CE,0.0,0.0,0.0,15.25,33.25,0,0.0,0
2014-11-10,2015-01-29,OPTSTK,LICHSGFIN,400.0,CE,0.0,0.0,0.0,12.7,28.8,0,0.0,0
2014-11-10,2015-01-29,OPTSTK,LICHSGFIN,410.0,CE,0.0,0.0,0.0,10.55,24.8,0,0.0,0
2014-11-10,2015-01-29,OPTSTK,LICHSGFIN,420.0,CE,0.0,0.0,0.0,8.7,21.25,0,0.0,0
2014-11-10,2015-01-29,OPTSTK,LICHSGFIN,430.0,CE,0.0,0.0,0.0,7.15,18.1,0,0.0,0
2014-11-10,2015-01-29,OPTSTK,LICHSGFIN,440.0,CE,0.0,0.0,0.0,5.85,15.35,0,0.0,0
2014-11-10,2015-01-29,OPTSTK,LICHSGFIN,450.0,CE,0.0,0.0,0.0,4.75,13.0,0,0.0,0
2014-11-10,2015-01-29,OPTSTK,LICHSGFIN,210.0,PE,0.0,0.0,0.0,0.1,0.05,0,0.0,0
2014-11-10,2015-01-29,OPTSTK,LICHSGFIN,220.0,PE,0.0,0.0,0.0,0.25,0.05,0,0.0,0
2014-11-10,2015-01-29,OPTSTK,LICHSGFIN,230.0,PE,0.0,0.0,0.0,0.4,0.1,0,0.0,0
2014-11-10,2015-01-29,OPTSTK,LICHSGFIN,240.0,PE,0.0,0.0,0.0,0.7,0.15,0,0.0,0
2014-11-10,2015-01-29,OPTSTK,LICHSGFIN,250.0,PE,0.0,0.0,0.0,1.2,0.3,0,0.0,0
2014-11-10,2015-01-29,OPTSTK,LICHSGFIN,260.0,PE,0.0,0.0,0.0,1.85,0.5,0,0.0,0
2014-11-10,2015-01-29,OPTSTK,LICHSGFIN,270.0,PE,0.0,0.0,0.0,2.85,0.8,0,0.0,0
2014-11-10,2015-01-29,OPTSTK,LICHSGFIN,280.0,PE,0.0,0.0,0.0,4.15,1.25,0,0.0,0
2014-11-10,2015-01-29,OPTSTK,LICHSGFIN,290.0,PE,0.0,0.0,0.0,5.85,1.95,0,0.0,0
2014-11-10,2015-01-29,OPTSTK,LICHSGFIN,300.0,PE,0.0,0.0,0.0,8.0,2.85,0,0.0,0
2014-11-10,2015-01-29,OPTSTK,LICHSGFIN,310.0,PE,0.0,0.0,0.0,10.65,4.05,0,0.0,0
2014-11-10,2015-01-29,OPTSTK,LICHSGFIN,320.0,PE,0.0,0.0,0.0,13.85,5.6,0,0.0,0
2014-11-10,2015-01-29,OPTSTK,LICHSGFIN,330.0,PE,0.0,0.0,0.0,17.6,7.5,0,0.0,0
2014-11-10,2015-01-29,OPTSTK,LICHSGFIN,340.0,PE,0.0,0.0,0.0,21.85,9.9,0,0.0,0
2014-11-10,2015-01-29,OPTSTK,LICHSGFIN,350.0,PE,0.0,0.0,0.0,26.7,12.7,0,0.0,0
2014-11-10,2015-01-29,OPTSTK,LICHSGFIN,360.0,PE,0.0,0.0,0.0,32.1,16.0,0,0.0,0
2014-11-10,2015-01-29,OPTSTK,LICHSGFIN,370.0,PE,0.0,0.0,0.0,38.0,19.85,0,0.0,0
2014-11-10,2015-01-29,OPTSTK,LICHSGFIN,380.0,PE,0.0,0.0,0.0,44.4,24.2,0,0.0,0
2014-11-10,2015-01-29,OPTSTK,LICHSGFIN,390.0,PE,0.0,0.0,0.0,51.25,29.0,0,0.0,0
2014-11-10,2015-01-29,OPTSTK,LICHSGFIN,400.0,PE,0.0,0.0,0.0,58.5,34.35,0,0.0,0
2014-11-10,2015-01-29,OPTSTK,LICHSGFIN,410.0,PE,0.0,0.0,0.0,66.1,40.15,0,0.0,0
2014-11-10,2015-01-29,OPTSTK,LICHSGFIN,420.0,PE,0.0,0.0,0.0,74.05,46.4,0,0.0,0
2014-11-10,2015-01-29,OPTSTK,LICHSGFIN,430.0,PE,0.0,0.0,0.0,82.3,53.1,0,0.0,0
2014-11-10,2015-01-29,OPTSTK,LICHSGFIN,440.0,PE,0.0,0.0,0.0,90.75,60.15,0,0.0,0
2014-11-10,2015-01-29,OPTSTK,LICHSGFIN,450.0,PE,0.0,0.0,0.0,99.45,67.6,0,0.0,0
2014-11-10,2014-11-27,OPTSTK,LT,1050.0,CE,0.0,0.0,0.0,499.4,573.55,0,0.0,0
2014-11-10,2014-11-27,OPTSTK,LT,1100.0,CE,0.0,0.0,0.0,451.2,523.75,0,0.0,0
2014-11-10,2014-11-27,OPTSTK,LT,1150.0,CE,0.0,0.0,0.0,403.7,473.95,0,0.0,0
2014-11-10,2014-11-27,OPTSTK,LT,1200.0,CE,0.0,0.0,0.0,357.3,424.15,0,0.0,0
2014-11-10,2014-11-27,OPTSTK,LT,1250.0,CE,0.0,0.0,0.0,312.5,374.35,0,0.0,0
2014-11-10,2014-11-27,OPTSTK,LT,1300.0,CE,0.0,0.0,0.0,280.0,324.55,0,0.0,250
2014-11-10,2014-11-27,OPTSTK,LT,1350.0,CE,0.0,0.0,0.0,244.6,274.85,0,0.0,500
2014-11-10,2014-11-27,OPTSTK,LT,1400.0,CE,0.0,0.0,0.0,93.0,225.55,0,0.0,1500
2014-11-10,2014-11-27,OPTSTK,LT,1450.0,CE,0.0,0.0,0.0,211.0,177.4,0,0.0,2750
2014-11-10,2014-11-27,OPTSTK,LT,1500.0,CE,125.0,150.95,120.5,132.0,132.0,43,175.4,70750
2014-11-10,2014-11-27,OPTSTK,LT,1550.0,CE,98.0,98.0,80.0,86.5,86.5,19,77.78,114750
2014-11-10,2014-11-27,OPTSTK,LT,1600.0,CE,42.95,74.55,42.35,53.85,53.85,870,3595.72,147750
2014-11-10,2014-11-27,OPTSTK,LT,1650.0,CE,25.0,46.05,22.6,29.75,29.75,3355,14106.08,303000
2014-11-10,2014-11-27,OPTSTK,LT,1700.0,CE,12.25,25.9,12.0,15.0,15.0,4065,17447.53,817750
2014-11-10,2014-11-27,OPTSTK,LT,1750.0,CE,9.25,13.1,6.0,6.85,6.85,2159,9491.02,287000
2014-11-10,2014-11-27,OPTSTK,LT,1800.0,CE,4.95,6.5,2.8,3.3,3.3,1449,6534.64,184750
2014-11-10,2014-11-27,OPTSTK,LT,1850.0,CE,2.45,3.0,1.4,1.75,1.75,244,1129.64,49000
2014-11-10,2014-11-27,OPTSTK,LT,1900.0,CE,1.55,1.8,0.8,1.1,1.1,76,361.24,19250
2014-11-10,2014-11-27,OPTSTK,LT,1950.0,CE,0.35,0.5,0.35,0.5,0.5,2,9.75,1000
2014-11-10,2014-11-27,OPTSTK,LT,2000.0,CE,0.0,0.0,0.0,2.0,0.05,0,0.0,250
2014-11-10,2014-11-27,OPTSTK,LT,2050.0,CE,0.0,0.0,0.0,5.9,0.05,0,0.0,0
2014-11-10,2014-11-27,OPTSTK,LT,2100.0,CE,0.0,0.0,0.0,3.0,0.0,0,0.0,250
2014-11-10,2014-11-27,OPTSTK,LT,1050.0,PE,0.0,0.0,0.0,0.6,0.0,0,0.0,0
2014-11-10,2014-11-27,OPTSTK,LT,1100.0,PE,0.0,0.0,0.0,1.35,0.0,0,0.0,0
2014-11-10,2014-11-27,OPTSTK,LT,1150.0,PE,0.0,0.0,0.0,2.75,0.0,0,0.0,0
2014-11-10,2014-11-27,OPTSTK,LT,1200.0,PE,0.0,0.0,0.0,5.3,0.0,0,0.0,0
2014-11-10,2014-11-27,OPTSTK,LT,1250.0,PE,0.0,0.0,0.0,9.45,0.0,0,0.0,0
2014-11-10,2014-11-27,OPTSTK,LT,1300.0,PE,0.0,0.0,0.0,1.0,0.05,0,0.0,1750
2014-11-10,2014-11-27,OPTSTK,LT,1350.0,PE,1.1,1.1,0.35,0.35,0.35,17,57.39,6750
2014-11-10,2014-11-27,OPTSTK,LT,1400.0,PE,3.5,3.5,0.75,0.9,0.9,137,479.97,89750
2014-11-10,2014-11-27,OPTSTK,LT,1450.0,PE,5.0,6.0,2.25,2.45,2.45,177,643.23,49750
2014-11-10,2014-11-27,OPTSTK,LT,1500.0,PE,15.05,15.05,5.0,5.4,5.4,1713,6455.21,204250
2014-11-10,2014-11-27,OPTSTK,LT,1550.0,PE,20.1,24.65,11.0,12.4,12.4,2817,11023.1,294250
2014-11-10,2014-11-27,OPTSTK,LT,1600.0,PE,35.8,42.0,22.95,27.05,27.05,3905,15930.7,354000
2014-11-10,2014-11-27,OPTSTK,LT,1650.0,PE,65.0,73.6,44.2,52.05,52.05,1526,6508.87,222250
2014-11-10,2014-11-27,OPTSTK,LT,1700.0,PE,99.9,107.75,72.6,86.0,86.0,89,398.87,37000
2014-11-10,2014-11-27,OPTSTK,LT,1750.0,PE,122.05,127.5,122.05,127.5,127.5,2,9.37,2500
2014-11-10,2014-11-27,OPTSTK,LT,1800.0,PE,166.35,189.0,166.35,189.0,189.0,2,9.88,4000
2014-11-10,2014-11-27,OPTSTK,LT,1850.0,PE,0.0,0.0,0.0,249.0,224.85,0,0.0,250
2014-11-10,2014-11-27,OPTSTK,LT,1900.0,PE,0.0,0.0,0.0,348.9,273.65,0,0.0,0
2014-11-10,2014-11-27,OPTSTK,LT,1950.0,PE,0.0,0.0,0.0,393.55,323.1,0,0.0,0
2014-11-10,2014-11-27,OPTSTK,LT,2000.0,PE,0.0,0.0,0.0,439.25,372.8,0,0.0,0
2014-11-10,2014-11-27,OPTSTK,LT,2050.0,PE,0.0,0.0,0.0,485.85,422.55,0,0.0,0
2014-11-10,2014-11-27,OPTSTK,LT,2100.0,PE,0.0,0.0,0.0,533.05,472.35,0,0.0,0
2014-11-10,2014-12-24,OPTSTK,LT,1050.0,CE,0.0,0.0,0.0,422.0,580.4,0,0.0,0
2014-11-10,2014-12-24,OPTSTK,LT,1100.0,CE,0.0,0.0,0.0,375.15,530.95,0,0.0,0
2014-11-10,2014-12-24,OPTSTK,LT,1150.0,CE,0.0,0.0,0.0,329.65,481.5,0,0.0,0
2014-11-10,2014-12-24,OPTSTK,LT,1200.0,CE,0.0,0.0,0.0,286.1,432.1,0,0.0,0
2014-11-10,2014-12-24,OPTSTK,LT,1250.0,CE,0.0,0.0,0.0,245.1,382.95,0,0.0,0
2014-11-10,2014-12-24,OPTSTK,LT,1300.0,CE,0.0,0.0,0.0,207.15,334.25,0,0.0,0
2014-11-10,2014-12-24,OPTSTK,LT,1350.0,CE,0.0,0.0,0.0,172.5,286.5,0,0.0,0
2014-11-10,2014-12-24,OPTSTK,LT,1400.0,CE,0.0,0.0,0.0,141.7,240.45,0,0.0,0
2014-11-10,2014-12-24,OPTSTK,LT,1450.0,CE,0.0,0.0,0.0,114.75,196.95,0,0.0,0
2014-11-10,2014-12-24,OPTSTK,LT,1500.0,CE,0.0,0.0,0.0,91.65,157.05,0,0.0,0
2014-11-10,2014-12-24,OPTSTK,LT,1550.0,CE,0.0,0.0,0.0,72.25,121.6,0,0.0,0
2014-11-10,2014-12-24,OPTSTK,LT,1600.0,CE,0.0,0.0,0.0,56.2,91.3,0,0.0,0
2014-11-10,2014-12-24,OPTSTK,LT,1650.0,CE,0.0,0.0,0.0,43.25,66.45,0,0.0,0
2014-11-10,2014-12-24,OPTSTK,LT,1700.0,CE,30.0,33.4,27.0,33.25,33.25,8,34.61,1250
2014-11-10,2014-12-24,OPTSTK,LT,1750.0,CE,0.0,0.0,0.0,24.65,31.95,0,0.0,0
2014-11-10,2014-12-24,OPTSTK,LT,1800.0,CE,15.0,15.0,15.0,15.0,15.0,2,9.07,1000
2014-11-10,2014-12-24,OPTSTK,LT,1850.0,CE,0.0,0.0,0.0,13.45,13.6,0,0.0,0
2014-11-10,2014-12-24,OPTSTK,LT,1900.0,CE,0.0,0.0,0.0,9.8,8.45,0,0.0,0
2014-11-10,2014-12-24,OPTSTK,LT,1950.0,CE,0.0,0.0,0.0,7.1,5.1,0,0.0,0
2014-11-10,2014-12-24,OPTSTK,LT,2000.0,CE,0.0,0.0,0.0,5.05,3.0,0,0.0,0
2014-11-10,2014-12-24,OPTSTK,LT,2050.0,CE,0.0,0.0,0.0,3.6,1.75,0,0.0,0
2014-11-10,2014-12-24,OPTSTK,LT,2100.0,CE,0.0,0.0,0.0,2.55,1.0,0,0.0,0
2014-11-10,2014-12-24,OPTSTK,LT,1050.0,PE,0.0,0.0,0.0,2.0,0.0,0,0.0,0
2014-11-10,2014-12-24,OPTSTK,LT,1100.0,PE,0.0,0.0,0.0,4.05,0.05,0,0.0,0
2014-11-10,2014-12-24,OPTSTK,LT,1150.0,PE,0.0,0.0,0.0,7.5,0.05,0,0.0,0
2014-11-10,2014-12-24,OPTSTK,LT,1200.0,PE,0.0,0.0,0.0,12.85,0.15,0,0.0,0
2014-11-10,2014-12-24,OPTSTK,LT,1250.0,PE,0.0,0.0,0.0,20.75,0.45,0,0.0,0
2014-11-10,2014-12-24,OPTSTK,LT,1300.0,PE,0.0,0.0,0.0,31.7,1.25,0,0.0,0
2014-11-10,2014-12-24,OPTSTK,LT,1350.0,PE,0.0,0.0,0.0,45.95,2.95,0,0.0,0
2014-11-10,2014-12-24,OPTSTK,LT,1400.0,PE,0.0,0.0,0.0,64.05,6.35,0,0.0,0
2014-11-10,2014-12-24,OPTSTK,LT,1450.0,PE,0.0,0.0,0.0,86.05,12.35,0,0.0,0
2014-11-10,2014-12-24,OPTSTK,LT,1500.0,PE,19.0,19.0,15.05,18.95,18.95,8,30.35,1750
2014-11-10,2014-12-24,OPTSTK,LT,1550.0,PE,0.0,0.0,0.0,141.35,35.95,0,0.0,0
2014-11-10,2014-12-24,OPTSTK,LT,1600.0,PE,41.95,41.95,41.95,41.95,41.95,1,4.1,250
2014-11-10,2014-12-24,OPTSTK,LT,1650.0,PE,0.0,0.0,0.0,210.15,79.75,0,0.0,0
2014-11-10,2014-12-24,OPTSTK,LT,1700.0,PE,100.0,100.0,92.7,94.35,94.35,8,35.91,2750
2014-11-10,2014-12-24,OPTSTK,LT,1750.0,PE,0.0,0.0,0.0,289.4,144.2,0,0.0,0
2014-11-10,2014-12-24,OPTSTK,LT,1800.0,PE,0.0,0.0,0.0,331.95,182.9,0,0.0,0
2014-11-10,2014-12-24,OPTSTK,LT,1850.0,PE,0.0,0.0,0.0,376.05,224.8,0,0.0,0
2014-11-10,2014-12-24,OPTSTK,LT,1900.0,PE,0.0,0.0,0.0,421.3,269.15,0,0.0,0
2014-11-10,2014-12-24,OPTSTK,LT,1950.0,PE,0.0,0.0,0.0,467.45,315.3,0,0.0,0
2014-11-10,2014-12-24,OPTSTK,LT,2000.0,PE,0.0,0.0,0.0,514.35,362.7,0,0.0,0
2014-11-10,2014-12-24,OPTSTK,LT,2050.0,PE,0.0,0.0,0.0,561.8,410.9,0,0.0,0
2014-11-10,2014-12-24,OPTSTK,LT,2100.0,PE,0.0,0.0,0.0,609.65,459.6,0,0.0,0
2014-11-10,2015-01-29,OPTSTK,LT,1050.0,CE,0.0,0.0,0.0,570.5,589.4,0,0.0,0
2014-11-10,2015-01-29,OPTSTK,LT,1100.0,CE,0.0,0.0,0.0,521.85,540.5,0,0.0,0
2014-11-10,2015-01-29,OPTSTK,LT,1150.0,CE,0.0,0.0,0.0,473.45,491.8,0,0.0,0
2014-11-10,2015-01-29,OPTSTK,LT,1200.0,CE,0.0,0.0,0.0,425.6,443.5,0,0.0,0
2014-11-10,2015-01-29,OPTSTK,LT,1250.0,CE,0.0,0.0,0.0,378.6,395.9,0,0.0,0
2014-11-10,2015-01-29,OPTSTK,LT,1300.0,CE,0.0,0.0,0.0,332.95,349.45,0,0.0,0
2014-11-10,2015-01-29,OPTSTK,LT,1350.0,CE,0.0,0.0,0.0,289.2,304.6,0,0.0,0
2014-11-10,2015-01-29,OPTSTK,LT,1400.0,CE,0.0,0.0,0.0,247.8,261.9,0,0.0,0
2014-11-10,2015-01-29,OPTSTK,LT,1450.0,CE,0.0,0.0,0.0,209.35,222.0,0,0.0,0
2014-11-10,2015-01-29,OPTSTK,LT,1500.0,CE,0.0,0.0,0.0,174.3,185.35,0,0.0,0
2014-11-10,2015-01-29,OPTSTK,LT,1550.0,CE,0.0,0.0,0.0,142.95,152.3,0,0.0,0
2014-11-10,2015-01-29,OPTSTK,LT,1600.0,CE,0.0,0.0,0.0,115.55,123.25,0,0.0,0
2014-11-10,2015-01-29,OPTSTK,LT,1650.0,CE,0.0,0.0,0.0,92.0,98.2,0,0.0,0
2014-11-10,2015-01-29,OPTSTK,LT,1700.0,CE,0.0,0.0,0.0,72.15,77.0,0,0.0,0
2014-11-10,2015-01-29,OPTSTK,LT,1750.0,CE,0.0,0.0,0.0,55.8,59.45,0,0.0,0
2014-11-10,2015-01-29,OPTSTK,LT,1800.0,CE,0.0,0.0,0.0,42.65,45.25,0,0.0,0
2014-11-10,2015-01-29,OPTSTK,LT,1850.0,CE,0.0,0.0,0.0,32.1,34.0,0,0.0,0
2014-11-10,2015-01-29,OPTSTK,LT,1900.0,CE,0.0,0.0,0.0,23.85,25.15,0,0.0,0
2014-11-10,2015-01-29,OPTSTK,LT,1950.0,CE,0.0,0.0,0.0,17.5,18.35,0,0.0,0
2014-11-10,2015-01-29,OPTSTK,LT,2000.0,CE,0.0,0.0,0.0,12.7,13.25,0,0.0,0
2014-11-10,2015-01-29,OPTSTK,LT,2050.0,CE,0.0,0.0,0.0,9.15,9.45,0,0.0,0
2014-11-10,2015-01-29,OPTSTK,LT,2100.0,CE,0.0,0.0,0.0,6.5,6.65,0,0.0,0
2014-11-10,2015-01-29,OPTSTK,LT,1050.0,PE,0.0,0.0,0.0,0.15,0.1,0,0.0,0
2014-11-10,2015-01-29,OPTSTK,LT,1100.0,PE,0.0,0.0,0.0,0.4,0.25,0,0.0,0
2014-11-10,2015-01-29,OPTSTK,LT,1150.0,PE,0.0,0.0,0.0,0.95,0.6,0,0.0,0
2014-11-10,2015-01-29,OPTSTK,LT,1200.0,PE,0.0,0.0,0.0,2.0,1.35,0,0.0,0
2014-11-10,2015-01-29,OPTSTK,LT,1250.0,PE,0.0,0.0,0.0,3.95,2.85,0,0.0,0
2014-11-10,2015-01-29,OPTSTK,LT,1300.0,PE,0.0,0.0,0.0,7.2,5.4,0,0.0,0
2014-11-10,2015-01-29,OPTSTK,LT,1350.0,PE,0.0,0.0,0.0,12.35,9.6,0,0.0,0
2014-11-10,2015-01-29,OPTSTK,LT,1400.0,PE,0.0,0.0,0.0,19.9,15.95,0,0.0,0
2014-11-10,2015-01-29,OPTSTK,LT,1450.0,PE,0.0,0.0,0.0,30.4,25.1,0,0.0,0
2014-11-10,2015-01-29,OPTSTK,LT,1500.0,PE,0.0,0.0,0.0,44.2,37.55,0,0.0,0
2014-11-10,2015-01-29,OPTSTK,LT,1550.0,PE,0.0,0.0,0.0,61.85,53.55,0,0.0,0
2014-11-10,2015-01-29,OPTSTK,LT,1600.0,PE,0.0,0.0,0.0,83.3,73.55,0,0.0,0
2014-11-10,2015-01-29,OPTSTK,LT,1650.0,PE,0.0,0.0,0.0,108.7,97.5,0,0.0,0
2014-11-10,2015-01-29,OPTSTK,LT,1700.0,PE,0.0,0.0,0.0,137.8,125.4,0,0.0,0
2014-11-10,2015-01-29,OPTSTK,LT,1750.0,PE,0.0,0.0,0.0,170.35,156.9,0,0.0,0
2014-11-10,2015-01-29,OPTSTK,LT,1800.0,PE,0.0,0.0,0.0,206.1,191.75,0,0.0,0
2014-11-10,2015-01-29,OPTSTK,LT,1850.0,PE,0.0,0.0,0.0,244.45,229.5,0,0.0,0
2014-11-10,2015-01-29,OPTSTK,LT,1900.0,PE,0.0,0.0,0.0,285.15,269.75,0,0.0,0
2014-11-10,2015-01-29,OPTSTK,LT,1950.0,PE,0.0,0.0,0.0,327.75,312.0,0,0.0,0
2014-11-10,2015-01-29,OPTSTK,LT,2000.0,PE,0.0,0.0,0.0,371.85,355.95,0,0.0,0
2014-11-10,2015-01-29,OPTSTK,LT,2050.0,PE,0.0,0.0,0.0,417.2,401.2,0,0.0,0
2014-11-10,2015-01-29,OPTSTK,LT,2100.0,PE,0.0,0.0,0.0,463.45,447.45,0,0.0,0
2014-11-10,2014-11-27,OPTSTK,LUPIN,880.0,CE,0.0,0.0,0.0,424.15,554.45,0,0.0,0
2014-11-10,2014-11-27,OPTSTK,LUPIN,900.0,CE,0.0,0.0,0.0,404.6,534.5,0,0.0,0
2014-11-10,2014-11-27,OPTSTK,LUPIN,920.0,CE,0.0,0.0,0.0,385.05,514.6,0,0.0,0
2014-11-10,2014-11-27,OPTSTK,LUPIN,940.0,CE,0.0,0.0,0.0,365.55,494.7,0,0.0,0
2014-11-10,2014-11-27,OPTSTK,LUPIN,960.0,CE,0.0,0.0,0.0,346.1,474.75,0,0.0,0
2014-11-10,2014-11-27,OPTSTK,LUPIN,980.0,CE,0.0,0.0,0.0,326.7,454.85,0,0.0,0
2014-11-10,2014-11-27,OPTSTK,LUPIN,1000.0,CE,0.0,0.0,0.0,307.45,434.9,0,0.0,0
2014-11-10,2014-11-27,OPTSTK,LUPIN,1020.0,CE,0.0,0.0,0.0,288.3,415.0,0,0.0,0
2014-11-10,2014-11-27,OPTSTK,LUPIN,1040.0,CE,0.0,0.0,0.0,269.3,395.05,0,0.0,0
2014-11-10,2014-11-27,OPTSTK,LUPIN,1060.0,CE,0.0,0.0,0.0,250.6,375.15,0,0.0,0
2014-11-10,2014-11-27,OPTSTK,LUPIN,1080.0,CE,0.0,0.0,0.0,232.15,355.25,0,0.0,0
2014-11-10,2014-11-27,OPTSTK,LUPIN,1100.0,CE,0.0,0.0,0.0,214.15,335.3,0,0.0,0
2014-11-10,2014-11-27,OPTSTK,LUPIN,1120.0,CE,0.0,0.0,0.0,196.55,315.4,0,0.0,0
2014-11-10,2014-11-27,OPTSTK,LUPIN,1140.0,CE,0.0,0.0,0.0,179.5,295.45,0,0.0,0
2014-11-10,2014-11-27,OPTSTK,LUPIN,1160.0,CE,0.0,0.0,0.0,163.05,275.55,0,0.0,0
2014-11-10,2014-11-27,OPTSTK,LUPIN,1180.0,CE,0.0,0.0,0.0,147.35,255.65,0,0.0,0
2014-11-10,2014-11-27,OPTSTK,LUPIN,1200.0,CE,0.0,0.0,0.0,157.0,235.75,0,0.0,1250
2014-11-10,2014-11-27,OPTSTK,LUPIN,1220.0,CE,0.0,0.0,0.0,118.2,215.95,0,0.0,0
2014-11-10,2014-11-27,OPTSTK,LUPIN,1240.0,CE,0.0,0.0,0.0,105.0,196.2,0,0.0,0
2014-11-10,2014-11-27,OPTSTK,LUPIN,1260.0,CE,0.0,0.0,0.0,92.65,176.6,0,0.0,0
2014-11-10,2014-11-27,OPTSTK,LUPIN,1280.0,CE,0.0,0.0,0.0,81.3,157.25,0,0.0,0
2014-11-10,2014-11-27,OPTSTK,LUPIN,1300.0,CE,130.7,141.4,130.7,141.4,141.4,2,7.18,0
2014-11-10,2014-11-27,OPTSTK,LUPIN,1320.0,CE,111.0,111.0,111.0,111.0,111.0,2,7.15,500
2014-11-10,2014-11-27,OPTSTK,LUPIN,1340.0,CE,0.0,0.0,0.0,69.75,102.5,0,0.0,3250
2014-11-10,2014-11-27,OPTSTK,LUPIN,1360.0,CE,93.4,99.4,76.25,81.1,81.1,13,46.91,15750
2014-11-10,2014-11-27,OPTSTK,LUPIN,1380.0,CE,66.0,80.0,60.0,80.0,80.0,22,79.77,73500
2014-11-10,2014-11-27,OPTSTK,LUPIN,1400.0,CE,63.0,67.0,47.05,59.6,59.6,185,674.38,106250
2014-11-10,2014-11-27,OPTSTK,LUPIN,1420.0,CE,51.0,55.0,36.0,46.8,46.8,206,755.15,16500
2014-11-10,2014-11-27,OPTSTK,LUPIN,1440.0,CE,38.5,43.25,27.25,36.6,36.6,467,1723.45,69250
2014-11-10,2014-11-27,OPTSTK,LUPIN,1460.0,CE,30.0,33.45,20.3,28.35,28.35,322,1197.83,31250
2014-11-10,2014-11-27,OPTSTK,LUPIN,1480.0,CE,21.8,30.0,15.05,19.15,19.15,122,457.62,20250
2014-11-10,2014-11-27,OPTSTK,LUPIN,1500.0,CE,16.5,18.9,11.0,15.05,15.05,304,1151.38,49250
2014-11-10,2014-11-27,OPTSTK,LUPIN,1520.0,CE,10.0,11.5,8.25,10.8,10.8,18,68.84,3750
2014-11-10,2014-11-27,OPTSTK,LUPIN,1540.0,CE,7.75,9.0,7.65,9.0,9.0,25,96.75,6000
2014-11-10,2014-11-27,OPTSTK,LUPIN,1560.0,CE,0.0,0.0,0.0,6.95,4.5,0,0.0,0
2014-11-10,2014-11-27,OPTSTK,LUPIN,1580.0,CE,0.0,0.0,0.0,5.6,2.95,0,0.0,0
2014-11-10,2014-11-27,OPTSTK,LUPIN,1600.0,CE,3.0,3.0,3.0,3.0,3.0,1,4.0,3000
2014-11-10,2014-11-27,OPTSTK,LUPIN,1620.0,CE,0.0,0.0,0.0,3.6,1.15,0,0.0,0
2014-11-10,2014-11-27,OPTSTK,LUPIN,880.0,PE,0.0,0.0,0.0,0.05,0.0,0,0.0,0
2014-11-10,2014-11-27,OPTSTK,LUPIN,900.0,PE,0.0,0.0,0.0,0.05,0.0,0,0.0,0
2014-11-10,2014-11-27,OPTSTK,LUPIN,920.0,PE,0.0,0.0,0.0,0.1,0.0,0,0.0,0
2014-11-10,2014-11-27,OPTSTK,LUPIN,940.0,PE,0.0,0.0,0.0,0.2,0.0,0,0.0,0
2014-11-10,2014-11-27,OPTSTK,LUPIN,960.0,PE,0.0,0.0,0.0,0.3,0.0,0,0.0,0
2014-11-10,2014-11-27,OPTSTK,LUPIN,980.0,PE,0.0,0.0,0.0,0.5,0.0,0,0.0,0
2014-11-10,2014-11-27,OPTSTK,LUPIN,1000.0,PE,0.0,0.0,0.0,0.8,0.0,0,0.0,0
2014-11-10,2014-11-27,OPTSTK,LUPIN,1020.0,PE,0.0,0.0,0.0,1.2,0.0,0,0.0,0
2014-11-10,2014-11-27,OPTSTK,LUPIN,1040.0,PE,0.0,0.0,0.0,1.8,0.0,0,0.0,0
2014-11-10,2014-11-27,OPTSTK,LUPIN,1060.0,PE,0.0,0.0,0.0,2.65,0.0,0,0.0,0
2014-11-10,2014-11-27,OPTSTK,LUPIN,1080.0,PE,0.0,0.0,0.0,3.8,0.0,0,0.0,0
2014-11-10,2014-11-27,OPTSTK,LUPIN,1100.0,PE,0.0,0.0,0.0,5.35,0.0,0,0.0,0
2014-11-10,2014-11-27,OPTSTK,LUPIN,1120.0,PE,0.0,0.0,0.0,7.35,0.0,0,0.0,0
2014-11-10,2014-11-27,OPTSTK,LUPIN,1140.0,PE,0.0,0.0,0.0,9.85,0.0,0,0.0,0
2014-11-10,2014-11-27,OPTSTK,LUPIN,1160.0,PE,0.0,0.0,0.0,3.0,0.05,0,0.0,250
2014-11-10,2014-11-27,OPTSTK,LUPIN,1180.0,PE,0.0,0.0,0.0,16.85,0.05,0,0.0,0
2014-11-10,2014-11-27,OPTSTK,LUPIN,1200.0,PE,0.0,0.0,0.0,21.5,0.1,0,0.0,0
2014-11-10,2014-11-27,OPTSTK,LUPIN,1220.0,PE,0.0,0.0,0.0,26.9,0.15,0,0.0,0
2014-11-10,2014-11-27,OPTSTK,LUPIN,1240.0,PE,0.0,0.0,0.0,33.2,0.35,0,0.0,0
2014-11-10,2014-11-27,OPTSTK,LUPIN,1260.0,PE,0.0,0.0,0.0,9.25,0.65,0,0.0,250
2014-11-10,2014-11-27,OPTSTK,LUPIN,1280.0,PE,0.0,0.0,0.0,7.0,1.25,0,0.0,2750
2014-11-10,2014-11-27,OPTSTK,LUPIN,1300.0,PE,3.35,3.35,1.15,1.5,1.5,6,19.53,17000
2014-11-10,2014-11-27,OPTSTK,LUPIN,1320.0,PE,3.75,4.6,2.8,3.5,3.5,16,52.94,8000
2014-11-10,2014-11-27,OPTSTK,LUPIN,1340.0,PE,5.0,5.2,4.55,5.0,5.0,22,73.97,15250
2014-11-10,2014-11-27,OPTSTK,LUPIN,1360.0,PE,11.0,12.8,5.5,7.55,7.55,55,188.39,25000
2014-11-10,2014-11-27,OPTSTK,LUPIN,1380.0,PE,9.4,17.05,8.95,11.9,11.9,48,167.14,27500
2014-11-10,2014-11-27,OPTSTK,LUPIN,1400.0,PE,21.0,26.5,13.45,17.95,17.95,266,944.06,39750
2014-11-10,2014-11-27,OPTSTK,LUPIN,1420.0,PE,27.05,35.6,20.0,25.45,25.45,97,350.77,7250
2014-11-10,2014-11-27,OPTSTK,LUPIN,1440.0,PE,31.55,44.85,29.6,35.3,35.3,105,387.32,7500
2014-11-10,2014-11-27,OPTSTK,LUPIN,1460.0,PE,42.4,57.2,40.3,47.3,47.3,39,146.99,1250
2014-11-10,2014-11-27,OPTSTK,LUPIN,1480.0,PE,60.75,67.55,60.75,67.55,67.55,9,34.76,2250
2014-11-10,2014-11-27,OPTSTK,LUPIN,1500.0,PE,82.25,82.8,82.25,82.8,82.8,4,15.82,1000
2014-11-10,2014-11-27,OPTSTK,LUPIN,1520.0,PE,0.0,0.0,0.0,212.9,92.9,0,0.0,0
2014-11-10,2014-11-27,OPTSTK,LUPIN,1540.0,PE,0.0,0.0,0.0,230.5,109.7,0,0.0,0
2014-11-10,2014-11-27,OPTSTK,LUPIN,1560.0,PE,0.0,0.0,0.0,248.4,127.4,0,0.0,0
2014-11-10,2014-11-27,OPTSTK,LUPIN,1580.0,PE,0.0,0.0,0.0,266.6,145.75,0,0.0,0
2014-11-10,2014-11-27,OPTSTK,LUPIN,1600.0,PE,0.0,0.0,0.0,285.1,164.6,0,0.0,0
2014-11-10,2014-11-27,OPTSTK,LUPIN,1620.0,PE,0.0,0.0,0.0,303.75,183.85,0,0.0,0
2014-11-10,2014-12-24,OPTSTK,LUPIN,960.0,CE,0.0,0.0,0.0,423.3,481.0,0,0.0,0
2014-11-10,2014-12-24,OPTSTK,LUPIN,980.0,CE,0.0,0.0,0.0,404.0,461.25,0,0.0,0
2014-11-10,2014-12-24,OPTSTK,LUPIN,1000.0,CE,0.0,0.0,0.0,384.85,441.45,0,0.0,0
2014-11-10,2014-12-24,OPTSTK,LUPIN,1020.0,CE,0.0,0.0,0.0,365.8,421.65,0,0.0,0
2014-11-10,2014-12-24,OPTSTK,LUPIN,1040.0,CE,0.0,0.0,0.0,346.95,401.9,0,0.0,0
2014-11-10,2014-12-24,OPTSTK,LUPIN,1060.0,CE,0.0,0.0,0.0,328.3,382.1,0,0.0,0
2014-11-10,2014-12-24,OPTSTK,LUPIN,1080.0,CE,0.0,0.0,0.0,309.9,362.35,0,0.0,0
2014-11-10,2014-12-24,OPTSTK,LUPIN,1100.0,CE,0.0,0.0,0.0,291.8,342.65,0,0.0,0
2014-11-10,2014-12-24,OPTSTK,LUPIN,1120.0,CE,0.0,0.0,0.0,274.05,322.95,0,0.0,0
2014-11-10,2014-12-24,OPTSTK,LUPIN,1140.0,CE,0.0,0.0,0.0,256.65,303.4,0,0.0,0
2014-11-10,2014-12-24,OPTSTK,LUPIN,1160.0,CE,0.0,0.0,0.0,239.7,283.9,0,0.0,0
2014-11-10,2014-12-24,OPTSTK,LUPIN,1180.0,CE,0.0,0.0,0.0,223.2,264.55,0,0.0,0
2014-11-10,2014-12-24,OPTSTK,LUPIN,1200.0,CE,0.0,0.0,0.0,207.25,245.4,0,0.0,0
2014-11-10,2014-12-24,OPTSTK,LUPIN,1220.0,CE,0.0,0.0,0.0,191.9,226.55,0,0.0,0
2014-11-10,2014-12-24,OPTSTK,LUPIN,1240.0,CE,0.0,0.0,0.0,177.15,208.05,0,0.0,0
2014-11-10,2014-12-24,OPTSTK,LUPIN,1260.0,CE,0.0,0.0,0.0,163.0,190.0,0,0.0,0
2014-11-10,2014-12-24,OPTSTK,LUPIN,1280.0,CE,0.0,0.0,0.0,149.45,172.45,0,0.0,0
2014-11-10,2014-12-24,OPTSTK,LUPIN,1300.0,CE,0.0,0.0,0.0,136.65,155.55,0,0.0,0
2014-11-10,2014-12-24,OPTSTK,LUPIN,1320.0,CE,0.0,0.0,0.0,124.6,139.35,0,0.0,0
2014-11-10,2014-12-24,OPTSTK,LUPIN,1340.0,CE,0.0,0.0,0.0,113.2,124.0,0,0.0,0
2014-11-10,2014-12-24,OPTSTK,LUPIN,1360.0,CE,0.0,0.0,0.0,102.55,109.5,0,0.0,0
2014-11-10,2014-12-24,OPTSTK,LUPIN,1380.0,CE,0.0,0.0,0.0,92.6,96.0,0,0.0,0
2014-11-10,2014-12-24,OPTSTK,LUPIN,1400.0,CE,0.0,0.0,0.0,83.4,83.55,0,0.0,0
2014-11-10,2014-12-24,OPTSTK,LUPIN,1420.0,CE,0.0,0.0,0.0,74.85,72.15,0,0.0,0
2014-11-10,2014-12-24,OPTSTK,LUPIN,1440.0,CE,75.55,75.55,50.65,50.65,50.65,2,7.51,250
2014-11-10,2014-12-24,OPTSTK,LUPIN,1460.0,CE,0.0,0.0,0.0,32.05,52.5,0,0.0,500
2014-11-10,2014-12-24,OPTSTK,LUPIN,1480.0,CE,0.0,0.0,0.0,53.15,44.25,0,0.0,0
2014-11-10,2014-12-24,OPTSTK,LUPIN,1500.0,CE,0.0,0.0,0.0,47.15,37.0,0,0.0,0
2014-11-10,2014-12-24,OPTSTK,LUPIN,1520.0,CE,0.0,0.0,0.0,41.7,30.7,0,0.0,0
2014-11-10,2014-12-24,OPTSTK,LUPIN,1540.0,CE,0.0,0.0,0.0,36.85,25.25,0,0.0,0
2014-11-10,2014-12-24,OPTSTK,LUPIN,1560.0,CE,0.0,0.0,0.0,32.45,20.65,0,0.0,0
2014-11-10,2014-12-24,OPTSTK,LUPIN,1580.0,CE,0.0,0.0,0.0,28.45,16.7,0,0.0,0
2014-11-10,2014-12-24,OPTSTK,LUPIN,1600.0,CE,0.0,0.0,0.0,24.9,13.45,0,0.0,0
2014-11-10,2014-12-24,OPTSTK,LUPIN,1620.0,CE,0.0,0.0,0.0,21.7,10.7,0,0.0,0
2014-11-10,2014-12-24,OPTSTK,LUPIN,960.0,PE,0.0,0.0,0.0,0.65,0.0,0,0.0,0
2014-11-10,2014-12-24,OPTSTK,LUPIN,980.0,PE,0.0,0.0,0.0,0.95,0.0,0,0.0,0
2014-11-10,2014-12-24,OPTSTK,LUPIN,1000.0,PE,0.0,0.0,0.0,1.35,0.05,0,0.0,0
2014-11-10,2014-12-24,OPTSTK,LUPIN,1020.0,PE,0.0,0.0,0.0,1.9,0.05,0,0.0,0
2014-11-10,2014-12-24,OPTSTK,LUPIN,1040.0,PE,0.0,0.0,0.0,2.6,0.05,0,0.0,0
2014-11-10,2014-12-24,OPTSTK,LUPIN,1060.0,PE,0.0,0.0,0.0,3.5,0.05,0,0.0,0
2014-11-10,2014-12-24,OPTSTK,LUPIN,1080.0,PE,0.0,0.0,0.0,4.65,0.1,0,0.0,0
2014-11-10,2014-12-24,OPTSTK,LUPIN,1100.0,PE,0.0,0.0,0.0,6.15,0.2,0,0.0,0
2014-11-10,2014-12-24,OPTSTK,LUPIN,1120.0,PE,0.0,0.0,0.0,7.9,0.3,0,0.0,0
2014-11-10,2014-12-24,OPTSTK,LUPIN,1140.0,PE,0.0,0.0,0.0,10.1,0.5,0,0.0,0
2014-11-10,2014-12-24,OPTSTK,LUPIN,1160.0,PE,0.0,0.0,0.0,12.7,0.8,0,0.0,0
2014-11-10,2014-12-24,OPTSTK,LUPIN,1180.0,PE,0.0,0.0,0.0,15.8,1.25,0,0.0,0
2014-11-10,2014-12-24,OPTSTK,LUPIN,1200.0,PE,0.0,0.0,0.0,19.4,1.9,0,0.0,0
2014-11-10,2014-12-24,OPTSTK,LUPIN,1220.0,PE,0.0,0.0,0.0,23.6,2.85,0,0.0,0
2014-11-10,2014-12-24,OPTSTK,LUPIN,1240.0,PE,0.0,0.0,0.0,28.4,4.1,0,0.0,0
2014-11-10,2014-12-24,OPTSTK,LUPIN,1260.0,PE,0.0,0.0,0.0,33.8,5.85,0,0.0,0
2014-11-10,2014-12-24,OPTSTK,LUPIN,1280.0,PE,0.0,0.0,0.0,39.85,8.1,0,0.0,0
2014-11-10,2014-12-24,OPTSTK,LUPIN,1300.0,PE,0.0,0.0,0.0,46.6,11.0,0,0.0,0
2014-11-10,2014-12-24,OPTSTK,LUPIN,1320.0,PE,0.0,0.0,0.0,54.1,14.6,0,0.0,0
2014-11-10,2014-12-24,OPTSTK,LUPIN,1340.0,PE,0.0,0.0,0.0,62.3,19.0,0,0.0,0
2014-11-10,2014-12-24,OPTSTK,LUPIN,1360.0,PE,0.0,0.0,0.0,71.2,24.3,0,0.0,0
2014-11-10,2014-12-24,OPTSTK,LUPIN,1380.0,PE,0.0,0.0,0.0,80.85,30.6,0,0.0,0
2014-11-10,2014-12-24,OPTSTK,LUPIN,1400.0,PE,0.0,0.0,0.0,91.15,37.95,0,0.0,0
2014-11-10,2014-12-24,OPTSTK,LUPIN,1420.0,PE,0.0,0.0,0.0,56.5,46.3,0,0.0,1250
2014-11-10,2014-12-24,OPTSTK,LUPIN,1440.0,PE,47.8,47.8,47.8,47.8,47.8,1,3.71,1000
2014-11-10,2014-12-24,OPTSTK,LUPIN,1460.0,PE,62.5,62.5,58.25,58.25,58.25,4,15.2,1000
2014-11-10,2014-12-24,OPTSTK,LUPIN,1480.0,PE,0.0,0.0,0.0,139.2,77.8,0,0.0,0
2014-11-10,2014-12-24,OPTSTK,LUPIN,1500.0,PE,0.0,0.0,0.0,152.75,90.35,0,0.0,0
2014-11-10,2014-12-24,OPTSTK,LUPIN,1520.0,PE,0.0,0.0,0.0,166.85,103.8,0,0.0,0
2014-11-10,2014-12-24,OPTSTK,LUPIN,1540.0,PE,0.0,0.0,0.0,181.6,118.15,0,0.0,0
2014-11-10,2014-12-24,OPTSTK,LUPIN,1560.0,PE,0.0,0.0,0.0,196.75,133.35,0,0.0,0
2014-11-10,2014-12-24,OPTSTK,LUPIN,1580.0,PE,0.0,0.0,0.0,212.3,149.25,0,0.0,0
2014-11-10,2014-12-24,OPTSTK,LUPIN,1600.0,PE,0.0,0.0,0.0,228.3,165.75,0,0.0,0
2014-11-10,2014-12-24,OPTSTK,LUPIN,1620.0,PE,0.0,0.0,0.0,244.7,182.8,0,0.0,0
2014-11-10,2015-01-29,OPTSTK,LUPIN,960.0,CE,0.0,0.0,0.0,406.35,489.2,0,0.0,0
2014-11-10,2015-01-29,OPTSTK,LUPIN,980.0,CE,0.0,0.0,0.0,386.95,469.65,0,0.0,0
2014-11-10,2015-01-29,OPTSTK,LUPIN,1000.0,CE,0.0,0.0,0.0,367.65,450.1,0,0.0,0
2014-11-10,2015-01-29,OPTSTK,LUPIN,1020.0,CE,0.0,0.0,0.0,348.45,430.55,0,0.0,0
2014-11-10,2015-01-29,OPTSTK,LUPIN,1040.0,CE,0.0,0.0,0.0,329.4,411.1,0,0.0,0
2014-11-10,2015-01-29,OPTSTK,LUPIN,1060.0,CE,0.0,0.0,0.0,310.5,391.7,0,0.0,0
2014-11-10,2015-01-29,OPTSTK,LUPIN,1080.0,CE,0.0,0.0,0.0,291.85,372.35,0,0.0,0
2014-11-10,2015-01-29,OPTSTK,LUPIN,1100.0,CE,0.0,0.0,0.0,273.5,353.15,0,0.0,0
2014-11-10,2015-01-29,OPTSTK,LUPIN,1120.0,CE,0.0,0.0,0.0,255.45,334.15,0,0.0,0
2014-11-10,2015-01-29,OPTSTK,LUPIN,1140.0,CE,0.0,0.0,0.0,237.8,315.25,0,0.0,0
2014-11-10,2015-01-29,OPTSTK,LUPIN,1160.0,CE,0.0,0.0,0.0,220.55,296.65,0,0.0,0
2014-11-10,2015-01-29,OPTSTK,LUPIN,1180.0,CE,0.0,0.0,0.0,203.85,278.3,0,0.0,0
2014-11-10,2015-01-29,OPTSTK,LUPIN,1200.0,CE,0.0,0.0,0.0,187.7,260.3,0,0.0,0
2014-11-10,2015-01-29,OPTSTK,LUPIN,1220.0,CE,0.0,0.0,0.0,172.15,242.65,0,0.0,0
2014-11-10,2015-01-29,OPTSTK,LUPIN,1240.0,CE,0.0,0.0,0.0,157.35,225.45,0,0.0,0
2014-11-10,2015-01-29,OPTSTK,LUPIN,1260.0,CE,0.0,0.0,0.0,143.15,208.8,0,0.0,0
2014-11-10,2015-01-29,OPTSTK,LUPIN,1280.0,CE,0.0,0.0,0.0,129.7,192.65,0,0.0,0
2014-11-10,2015-01-29,OPTSTK,LUPIN,1300.0,CE,0.0,0.0,0.0,117.05,177.1,0,0.0,0
2014-11-10,2015-01-29,OPTSTK,LUPIN,1320.0,CE,0.0,0.0,0.0,105.2,162.25,0,0.0,0
2014-11-10,2015-01-29,OPTSTK,LUPIN,1340.0,CE,0.0,0.0,0.0,94.2,148.0,0,0.0,0
2014-11-10,2015-01-29,OPTSTK,LUPIN,1360.0,CE,0.0,0.0,0.0,83.95,134.5,0,0.0,0
2014-11-10,2015-01-29,OPTSTK,LUPIN,1380.0,CE,0.0,0.0,0.0,74.55,121.75,0,0.0,0
2014-11-10,2015-01-29,OPTSTK,LUPIN,1400.0,CE,0.0,0.0,0.0,65.9,109.8,0,0.0,0
2014-11-10,2015-01-29,OPTSTK,LUPIN,1420.0,CE,0.0,0.0,0.0,58.05,98.65,0,0.0,0
2014-11-10,2015-01-29,OPTSTK,LUPIN,1440.0,CE,0.0,0.0,0.0,50.9,88.25,0,0.0,0
2014-11-10,2015-01-29,OPTSTK,LUPIN,1460.0,CE,0.0,0.0,0.0,44.45,78.65,0,0.0,0
2014-11-10,2015-01-29,OPTSTK,LUPIN,1480.0,CE,0.0,0.0,0.0,38.65,69.8,0,0.0,0
2014-11-10,2015-01-29,OPTSTK,LUPIN,1500.0,CE,0.0,0.0,0.0,33.55,61.75,0,0.0,0
2014-11-10,2015-01-29,OPTSTK,LUPIN,1520.0,CE,0.0,0.0,0.0,29.0,54.4,0,0.0,0
2014-11-10,2015-01-29,OPTSTK,LUPIN,1540.0,CE,0.0,0.0,0.0,24.9,47.7,0,0.0,0
2014-11-10,2015-01-29,OPTSTK,LUPIN,1560.0,CE,0.0,0.0,0.0,21.35,41.7,0,0.0,0
2014-11-10,2015-01-29,OPTSTK,LUPIN,1580.0,CE,0.0,0.0,0.0,18.25,36.3,0,0.0,0
2014-11-10,2015-01-29,OPTSTK,LUPIN,1600.0,CE,0.0,0.0,0.0,15.5,31.6,0,0.0,0
2014-11-10,2015-01-29,OPTSTK,LUPIN,1620.0,CE,0.0,0.0,0.0,13.15,27.25,0,0.0,0
2014-11-10,2015-01-29,OPTSTK,LUPIN,960.0,PE,0.0,0.0,0.0,0.35,0.1,0,0.0,0
2014-11-10,2015-01-29,OPTSTK,LUPIN,980.0,PE,0.0,0.0,0.0,0.5,0.1,0,0.0,0
2014-11-10,2015-01-29,OPTSTK,LUPIN,1000.0,PE,0.0,0.0,0.0,0.75,0.2,0,0.0,0
2014-11-10,2015-01-29,OPTSTK,LUPIN,1020.0,PE,0.0,0.0,0.0,1.15,0.3,0,0.0,0
2014-11-10,2015-01-29,OPTSTK,LUPIN,1040.0,PE,0.0,0.0,0.0,1.65,0.45,0,0.0,0
2014-11-10,2015-01-29,OPTSTK,LUPIN,1060.0,PE,0.0,0.0,0.0,2.35,0.65,0,0.0,0
2014-11-10,2015-01-29,OPTSTK,LUPIN,1080.0,PE,0.0,0.0,0.0,3.25,0.95,0,0.0,0
2014-11-10,2015-01-29,OPTSTK,LUPIN,1100.0,PE,0.0,0.0,0.0,4.45,1.4,0,0.0,0
2014-11-10,2015-01-29,OPTSTK,LUPIN,1120.0,PE,0.0,0.0,0.0,6.0,1.95,0,0.0,0
2014-11-10,2015-01-29,OPTSTK,LUPIN,1140.0,PE,0.0,0.0,0.0,7.9,2.7,0,0.0,0
2014-11-10,2015-01-29,OPTSTK,LUPIN,1160.0,PE,0.0,0.0,0.0,10.25,3.7,0,0.0,0
2014-11-10,2015-01-29,OPTSTK,LUPIN,1180.0,PE,0.0,0.0,0.0,13.1,5.0,0,0.0,0
2014-11-10,2015-01-29,OPTSTK,LUPIN,1200.0,PE,0.0,0.0,0.0,16.5,6.6,0,0.0,0
2014-11-10,2015-01-29,OPTSTK,LUPIN,1220.0,PE,0.0,0.0,0.0,20.55,8.6,0,0.0,0
2014-11-10,2015-01-29,OPTSTK,LUPIN,1240.0,PE,0.0,0.0,0.0,25.3,11.0,0,0.0,0
2014-11-10,2015-01-29,OPTSTK,LUPIN,1260.0,PE,0.0,0.0,0.0,30.7,13.95,0,0.0,0
2014-11-10,2015-01-29,OPTSTK,LUPIN,1280.0,PE,0.0,0.0,0.0,36.8,17.45,0,0.0,0
2014-11-10,2015-01-29,OPTSTK,LUPIN,1300.0,PE,0.0,0.0,0.0,43.7,21.5,0,0.0,0
2014-11-10,2015-01-29,OPTSTK,LUPIN,1320.0,PE,0.0,0.0,0.0,51.45,26.3,0,0.0,0
2014-11-10,2015-01-29,OPTSTK,LUPIN,1340.0,PE,0.0,0.0,0.0,60.0,31.65,0,0.0,0
2014-11-10,2015-01-29,OPTSTK,LUPIN,1360.0,PE,0.0,0.0,0.0,69.3,37.75,0,0.0,0
2014-11-10,2015-01-29,OPTSTK,LUPIN,1380.0,PE,0.0,0.0,0.0,79.45,44.65,0,0.0,0
2014-11-10,2015-01-29,OPTSTK,LUPIN,1400.0,PE,0.0,0.0,0.0,90.4,52.3,0,0.0,0
2014-11-10,2015-01-29,OPTSTK,LUPIN,1420.0,PE,0.0,0.0,0.0,102.1,60.8,0,0.0,0
2014-11-10,2015-01-29,OPTSTK,LUPIN,1440.0,PE,0.0,0.0,0.0,114.5,70.0,0,0.0,0
2014-11-10,2015-01-29,OPTSTK,LUPIN,1460.0,PE,0.0,0.0,0.0,127.65,80.05,0,0.0,0
2014-11-10,2015-01-29,OPTSTK,LUPIN,1480.0,PE,0.0,0.0,0.0,141.45,90.8,0,0.0,0
2014-11-10,2015-01-29,OPTSTK,LUPIN,1500.0,PE,0.0,0.0,0.0,155.9,102.35,0,0.0,0
2014-11-10,2015-01-29,OPTSTK,LUPIN,1520.0,PE,0.0,0.0,0.0,170.9,114.6,0,0.0,0
2014-11-10,2015-01-29,OPTSTK,LUPIN,1540.0,PE,0.0,0.0,0.0,186.4,127.6,0,0.0,0
2014-11-10,2015-01-29,OPTSTK,LUPIN,1560.0,PE,0.0,0.0,0.0,202.4,141.2,0,0.0,0
2014-11-10,2015-01-29,OPTSTK,LUPIN,1580.0,PE,0.0,0.0,0.0,218.85,155.4,0,0.0,0
2014-11-10,2015-01-29,OPTSTK,LUPIN,1600.0,PE,0.0,0.0,0.0,235.7,170.3,0,0.0,0
2014-11-10,2015-01-29,OPTSTK,LUPIN,1620.0,PE,0.0,0.0,0.0,252.9,185.6,0,0.0,0
2014-11-10,2014-11-27,OPTSTK,M&M,900.0,CE,0.0,0.0,0.0,526.5,334.45,0,0.0,0
2014-11-10,2014-11-27,OPTSTK,M&M,920.0,CE,0.0,0.0,0.0,407.7,314.55,0,0.0,0
2014-11-10,2014-11-27,OPTSTK,M&M,940.0,CE,0.0,0.0,0.0,387.9,294.65,0,0.0,0
2014-11-10,2014-11-27,OPTSTK,M&M,950.0,CE,0.0,0.0,0.0,477.9,284.65,0,0.0,0
2014-11-10,2014-11-27,OPTSTK,M&M,960.0,CE,0.0,0.0,0.0,407.7,274.7,0,0.0,0
2014-11-10,2014-11-27,OPTSTK,M&M,980.0,CE,0.0,0.0,0.0,388.05,254.8,0,0.0,0
2014-11-10,2014-11-27,OPTSTK,M&M,1000.0,CE,0.0,0.0,0.0,429.65,234.95,0,0.0,0
2014-11-10,2014-11-27,OPTSTK,M&M,1020.0,CE,0.0,0.0,0.0,348.7,215.1,0,0.0,0
2014-11-10,2014-11-27,OPTSTK,M&M,1040.0,CE,0.0,0.0,0.0,329.05,195.35,0,0.0,0
2014-11-10,2014-11-27,OPTSTK,M&M,1050.0,CE,0.0,0.0,0.0,382.1,185.55,0,0.0,0
2014-11-10,2014-11-27,OPTSTK,M&M,1060.0,CE,0.0,0.0,0.0,309.45,175.8,0,0.0,0
2014-11-10,2014-11-27,OPTSTK,M&M,1080.0,CE,0.0,0.0,0.0,289.9,156.55,0,0.0,0
2014-11-10,2014-11-27,OPTSTK,M&M,1100.0,CE,0.0,0.0,0.0,335.75,137.7,0,0.0,0
2014-11-10,2014-11-27,OPTSTK,M&M,1120.0,CE,0.0,0.0,0.0,251.15,119.45,0,0.0,0
2014-11-10,2014-11-27,OPTSTK,M&M,1140.0,CE,0.0,0.0,0.0,232.05,102.1,0,0.0,0
2014-11-10,2014-11-27,OPTSTK,M&M,1150.0,CE,0.0,0.0,0.0,291.1,93.8,0,0.0,0
2014-11-10,2014-11-27,OPTSTK,M&M,1160.0,CE,0.0,0.0,0.0,213.2,85.8,0,0.0,0
2014-11-10,2014-11-27,OPTSTK,M&M,1180.0,CE,0.0,0.0,0.0,194.7,70.8,0,0.0,0
2014-11-10,2014-11-27,OPTSTK,M&M,1200.0,CE,50.0,53.4,50.0,53.4,53.4,2,6.25,1250
2014-11-10,2014-11-27,OPTSTK,M&M,1220.0,CE,0.0,0.0,0.0,101.1,45.5,0,0.0,1000
2014-11-10,2014-11-27,OPTSTK,M&M,1240.0,CE,40.5,40.6,26.5,29.05,29.05,79,250.77,9250
2014-11-10,2014-11-27,OPTSTK,M&M,1250.0,CE,35.35,35.35,22.5,25.0,25.0,157,500.74,29250
2014-11-10,2014-11-27,OPTSTK,M&M,1260.0,CE,29.3,30.3,19.1,21.0,21.0,63,202.04,15500
2014-11-10,2014-11-27,OPTSTK,M&M,1280.0,CE,21.0,21.0,13.75,14.65,14.65,70,226.65,25000
2014-11-10,2014-11-27,OPTSTK,M&M,1300.0,CE,15.5,16.35,9.1,10.4,10.4,263,862.28,213750
2014-11-10,2014-11-27,OPTSTK,M&M,1320.0,CE,10.0,10.0,6.4,6.65,6.65,54,179.21,34500
2014-11-10,2014-11-27,OPTSTK,M&M,1340.0,CE,5.45,5.45,4.9,5.25,5.25,5,16.81,16000
2014-11-10,2014-11-27,OPTSTK,M&M,1350.0,CE,5.95,5.95,3.5,4.1,4.1,41,138.81,54000
2014-11-10,2014-11-27,OPTSTK,M&M,1360.0,CE,0.0,0.0,0.0,5.05,4.9,0,0.0,4500
2014-11-10,2014-11-27,OPTSTK,M&M,1380.0,CE,2.4,2.4,2.0,2.0,2.0,2,6.91,2250
2014-11-10,2014-11-27,OPTSTK,M&M,1400.0,CE,2.25,3.45,1.4,1.75,1.75,21,73.61,64750
2014-11-10,2014-11-27,OPTSTK,M&M,1420.0,CE,0.0,0.0,0.0,7.55,1.35,0,0.0,500
2014-11-10,2014-11-27,OPTSTK,M&M,1440.0,CE,0.0,0.0,0.0,6.0,0.85,0,0.0,1000
2014-11-10,2014-11-27,OPTSTK,M&M,1450.0,CE,0.0,0.0,0.0,89.8,0.65,0,0.0,0
2014-11-10,2014-11-27,OPTSTK,M&M,1460.0,CE,0.0,0.0,0.0,23.6,0.55,0,0.0,0
2014-11-10,2014-11-27,OPTSTK,M&M,1480.0,CE,0.0,0.0,0.0,19.0,0.3,0,0.0,0
2014-11-10,2014-11-27,OPTSTK,M&M,1500.0,CE,0.0,0.0,0.0,69.9,0.2,0,0.0,0
2014-11-10,2014-11-27,OPTSTK,M&M,1520.0,CE,0.0,0.0,0.0,11.9,0.1,0,0.0,0
2014-11-10,2014-11-27,OPTSTK,M&M,1540.0,CE,0.0,0.0,0.0,9.3,0.1,0,0.0,0
2014-11-10,2014-11-27,OPTSTK,M&M,1550.0,CE,0.0,0.0,0.0,53.55,0.05,0,0.0,0
2014-11-10,2014-11-27,OPTSTK,M&M,1560.0,CE,0.0,0.0,0.0,7.2,0.05,0,0.0,0
2014-11-10,2014-11-27,OPTSTK,M&M,1580.0,CE,0.0,0.0,0.0,5.55,0.05,0,0.0,0
2014-11-10,2014-11-27,OPTSTK,M&M,1600.0,CE,0.0,0.0,0.0,40.55,0.05,0,0.0,0
2014-11-10,2014-11-27,OPTSTK,M&M,1620.0,CE,0.0,0.0,0.0,3.2,0.0,0,0.0,0
2014-11-10,2014-11-27,OPTSTK,M&M,1640.0,CE,0.0,0.0,0.0,2.4,0.0,0,0.0,0
2014-11-10,2014-11-27,OPTSTK,M&M,1650.0,CE,0.0,0.0,0.0,30.25,0.0,0,0.0,0
2014-11-10,2014-11-27,OPTSTK,M&M,900.0,PE,0.0,0.0,0.0,0.2,0.0,0,0.0,0
2014-11-10,2014-11-27,OPTSTK,M&M,920.0,PE,0.0,0.0,0.0,0.05,0.0,0,0.0,0
2014-11-10,2014-11-27,OPTSTK,M&M,940.0,PE,0.0,0.0,0.0,0.05,0.0,0,0.0,0
2014-11-10,2014-11-27,OPTSTK,M&M,950.0,PE,0.0,0.0,0.0,0.5,0.05,0,0.0,0
2014-11-10,2014-11-27,OPTSTK,M&M,960.0,PE,0.0,0.0,0.0,0.05,0.05,0,0.0,0
2014-11-10,2014-11-27,OPTSTK,M&M,980.0,PE,0.0,0.0,0.0,0.05,0.05,0,0.0,0
2014-11-10,2014-11-27,OPTSTK,M&M,1000.0,PE,0.0,0.0,0.0,1.2,0.1,0,0.0,0
2014-11-10,2014-11-27,OPTSTK,M&M,1020.0,PE,0.0,0.0,0.0,0.05,0.2,0,0.0,0
2014-11-10,2014-11-27,OPTSTK,M&M,1040.0,PE,0.0,0.0,0.0,0.1,0.35,0,0.0,0
2014-11-10,2014-11-27,OPTSTK,M&M,1050.0,PE,0.0,0.0,0.0,2.6,0.5,0,0.0,0
2014-11-10,2014-11-27,OPTSTK,M&M,1060.0,PE,0.0,0.0,0.0,0.2,0.75,0,0.0,0
2014-11-10,2014-11-27,OPTSTK,M&M,1080.0,PE,0.0,0.0,0.0,0.35,1.35,0,0.0,0
2014-11-10,2014-11-27,OPTSTK,M&M,1100.0,PE,0.0,0.0,0.0,4.0,2.45,0,0.0,250
2014-11-10,2014-11-27,OPTSTK,M&M,1120.0,PE,0.0,0.0,0.0,1.0,4.15,0,0.0,0
2014-11-10,2014-11-27,OPTSTK,M&M,1140.0,PE,3.9,3.9,3.2,3.2,3.2,3,8.57,2250
2014-11-10,2014-11-27,OPTSTK,M&M,1150.0,PE,0.0,0.0,0.0,21.45,8.35,0,0.0,250
2014-11-10,2014-11-27,OPTSTK,M&M,1160.0,PE,5.25,7.2,5.25,6.1,6.1,39,113.69,9000
2014-11-10,2014-11-27,OPTSTK,M&M,1180.0,PE,9.5,11.0,9.45,10.5,10.5,18,53.56,12500
2014-11-10,2014-11-27,OPTSTK,M&M,1200.0,PE,11.05,17.9,11.05,14.95,14.95,94,285.78,27750
2014-11-10,2014-11-27,OPTSTK,M&M,1220.0,PE,17.0,25.25,17.0,22.1,22.1,29,90.09,24750
2014-11-10,2014-11-27,OPTSTK,M&M,1240.0,PE,26.0,36.2,24.0,31.95,31.95,34,108.04,10750
2014-11-10,2014-11-27,OPTSTK,M&M,1250.0,PE,29.5,41.8,28.0,37.55,37.55,85,273.46,26750
2014-11-10,2014-11-27,OPTSTK,M&M,1260.0,PE,34.0,46.55,34.0,43.8,43.8,13,42.26,15000
2014-11-10,2014-11-27,OPTSTK,M&M,1280.0,PE,58.95,61.1,58.15,58.15,58.15,7,23.44,15500
2014-11-10,2014-11-27,OPTSTK,M&M,1300.0,PE,57.05,75.1,57.05,73.25,73.25,16,54.81,24750
2014-11-10,2014-11-27,OPTSTK,M&M,1320.0,PE,89.9,90.55,89.9,90.15,90.15,3,10.57,3750
2014-11-10,2014-11-27,OPTSTK,M&M,1340.0,PE,0.0,0.0,0.0,38.6,111.0,0,0.0,0
2014-11-10,2014-11-27,OPTSTK,M&M,1350.0,PE,115.0,115.0,115.0,115.0,115.0,1,3.66,3000
2014-11-10,2014-11-27,OPTSTK,M&M,1360.0,PE,0.0,0.0,0.0,47.45,128.65,0,0.0,0
2014-11-10,2014-11-27,OPTSTK,M&M,1380.0,PE,0.0,0.0,0.0,90.0,146.9,0,0.0,250
2014-11-10,2014-11-27,OPTSTK,M&M,1400.0,PE,0.0,0.0,0.0,131.0,165.7,0,0.0,9000
2014-11-10,2014-11-27,OPTSTK,M&M,1420.0,PE,0.0,0.0,0.0,80.8,184.85,0,0.0,0
2014-11-10,2014-11-27,OPTSTK,M&M,1440.0,PE,0.0,0.0,0.0,94.05,204.25,0,0.0,0
2014-11-10,2014-11-27,OPTSTK,M&M,1450.0,PE,0.0,0.0,0.0,160.0,214.05,0,0.0,250
2014-11-10,2014-11-27,OPTSTK,M&M,1460.0,PE,0.0,0.0,0.0,108.25,223.85,0,0.0,0
2014-11-10,2014-11-27,OPTSTK,M&M,1480.0,PE,0.0,0.0,0.0,123.3,243.6,0,0.0,0
2014-11-10,2014-11-27,OPTSTK,M&M,1500.0,PE,0.0,0.0,0.0,130.8,263.4,0,0.0,0
2014-11-10,2014-11-27,OPTSTK,M&M,1520.0,PE,0.0,0.0,0.0,155.65,283.2,0,0.0,0
2014-11-10,2014-11-27,OPTSTK,M&M,1540.0,PE,0.0,0.0,0.0,172.75,303.1,0,0.0,0
2014-11-10,2014-11-27,OPTSTK,M&M,1550.0,PE,0.0,0.0,0.0,163.45,313.05,0,0.0,0
2014-11-10,2014-11-27,OPTSTK,M&M,1560.0,PE,0.0,0.0,0.0,190.35,323.0,0,0.0,0
2014-11-10,2014-11-27,OPTSTK,M&M,1580.0,PE,0.0,0.0,0.0,208.35,342.9,0,0.0,0
2014-11-10,2014-11-27,OPTSTK,M&M,1600.0,PE,0.0,0.0,0.0,199.35,362.8,0,0.0,0
2014-11-10,2014-11-27,OPTSTK,M&M,1620.0,PE,0.0,0.0,0.0,245.4,382.75,0,0.0,0
2014-11-10,2014-11-27,OPTSTK,M&M,1640.0,PE,0.0,0.0,0.0,264.3,402.65,0,0.0,0
2014-11-10,2014-11-27,OPTSTK,M&M,1650.0,PE,0.0,0.0,0.0,237.95,412.6,0,0.0,0
2014-11-10,2014-12-24,OPTSTK,M&M,960.0,CE,0.0,0.0,0.0,414.0,281.8,0,0.0,0
2014-11-10,2014-12-24,OPTSTK,M&M,980.0,CE,0.0,0.0,0.0,394.45,262.5,0,0.0,0
2014-11-10,2014-12-24,OPTSTK,M&M,1000.0,CE,0.0,0.0,0.0,374.95,243.4,0,0.0,0
2014-11-10,2014-12-24,OPTSTK,M&M,1020.0,CE,0.0,0.0,0.0,355.5,224.6,0,0.0,0
2014-11-10,2014-12-24,OPTSTK,M&M,1040.0,CE,0.0,0.0,0.0,336.1,206.2,0,0.0,0
2014-11-10,2014-12-24,OPTSTK,M&M,1060.0,CE,0.0,0.0,0.0,316.8,188.25,0,0.0,0
2014-11-10,2014-12-24,OPTSTK,M&M,1080.0,CE,0.0,0.0,0.0,297.6,170.85,0,0.0,0
2014-11-10,2014-12-24,OPTSTK,M&M,1100.0,CE,0.0,0.0,0.0,278.6,154.15,0,0.0,0
2014-11-10,2014-12-24,OPTSTK,M&M,1120.0,CE,0.0,0.0,0.0,259.8,138.15,0,0.0,0
2014-11-10,2014-12-24,OPTSTK,M&M,1140.0,CE,0.0,0.0,0.0,241.25,123.05,0,0.0,0
2014-11-10,2014-12-24,OPTSTK,M&M,1160.0,CE,0.0,0.0,0.0,223.1,108.75,0,0.0,0
2014-11-10,2014-12-24,OPTSTK,M&M,1180.0,CE,0.0,0.0,0.0,205.35,95.5,0,0.0,0
2014-11-10,2014-12-24,OPTSTK,M&M,1200.0,CE,0.0,0.0,0.0,188.05,83.25,0,0.0,0
2014-11-10,2014-12-24,OPTSTK,M&M,1220.0,CE,0.0,0.0,0.0,171.4,72.05,0,0.0,0
2014-11-10,2014-12-24,OPTSTK,M&M,1240.0,CE,0.0,0.0,0.0,155.35,61.95,0,0.0,0
2014-11-10,2014-12-24,OPTSTK,M&M,1260.0,CE,0.0,0.0,0.0,140.05,52.85,0,0.0,0
2014-11-10,2014-12-24,OPTSTK,M&M,1280.0,CE,0.0,0.0,0.0,125.55,44.75,0,0.0,0
2014-11-10,2014-12-24,OPTSTK,M&M,1300.0,CE,0.0,0.0,0.0,111.85,37.6,0,0.0,0
2014-11-10,2014-12-24,OPTSTK,M&M,1320.0,CE,0.0,0.0,0.0,28.0,31.4,0,0.0,500
2014-11-10,2014-12-24,OPTSTK,M&M,1340.0,CE,0.0,0.0,0.0,87.25,26.05,0,0.0,0
2014-11-10,2014-12-24,OPTSTK,M&M,1360.0,CE,0.0,0.0,0.0,76.35,21.45,0,0.0,0
2014-11-10,2014-12-24,OPTSTK,M&M,1380.0,CE,0.0,0.0,0.0,66.45,17.5,0,0.0,0
2014-11-10,2014-12-24,OPTSTK,M&M,1400.0,CE,0.0,0.0,0.0,57.45,14.25,0,0.0,0
2014-11-10,2014-12-24,OPTSTK,M&M,1420.0,CE,0.0,0.0,0.0,49.35,11.5,0,0.0,0
2014-11-10,2014-12-24,OPTSTK,M&M,1440.0,CE,0.0,0.0,0.0,42.15,9.2,0,0.0,0
2014-11-10,2014-12-24,OPTSTK,M&M,1460.0,CE,0.0,0.0,0.0,35.8,7.3,0,0.0,0
2014-11-10,2014-12-24,OPTSTK,M&M,1480.0,CE,0.0,0.0,0.0,30.2,5.8,0,0.0,0
2014-11-10,2014-12-24,OPTSTK,M&M,1500.0,CE,0.0,0.0,0.0,25.4,4.55,0,0.0,0
2014-11-10,2014-12-24,OPTSTK,M&M,1520.0,CE,0.0,0.0,0.0,21.15,3.55,0,0.0,0
2014-11-10,2014-12-24,OPTSTK,M&M,1540.0,CE,0.0,0.0,0.0,17.55,2.75,0,0.0,0
2014-11-10,2014-12-24,OPTSTK,M&M,1560.0,CE,0.0,0.0,0.0,14.45,2.15,0,0.0,0
2014-11-10,2014-12-24,OPTSTK,M&M,1580.0,CE,0.0,0.0,0.0,11.85,1.65,0,0.0,0
2014-11-10,2014-12-24,OPTSTK,M&M,1600.0,CE,0.0,0.0,0.0,9.65,1.25,0,0.0,0
2014-11-10,2014-12-24,OPTSTK,M&M,1620.0,CE,0.0,0.0,0.0,7.85,0.95,0,0.0,0
2014-11-10,2014-12-24,OPTSTK,M&M,1640.0,CE,0.0,0.0,0.0,6.35,0.75,0,0.0,0
2014-11-10,2014-12-24,OPTSTK,M&M,960.0,PE,0.0,0.0,0.0,0.05,0.85,0,0.0,0
2014-11-10,2014-12-24,OPTSTK,M&M,980.0,PE,0.0,0.0,0.0,0.1,1.3,0,0.0,0
2014-11-10,2014-12-24,OPTSTK,M&M,1000.0,PE,0.0,0.0,0.0,0.15,2.05,0,0.0,0
2014-11-10,2014-12-24,OPTSTK,M&M,1020.0,PE,0.0,0.0,0.0,0.3,3.05,0,0.0,0
2014-11-10,2014-12-24,OPTSTK,M&M,1040.0,PE,0.0,0.0,0.0,0.45,4.4,0,0.0,0
2014-11-10,2014-12-24,OPTSTK,M&M,1060.0,PE,0.0,0.0,0.0,0.7,6.25,0,0.0,0
2014-11-10,2014-12-24,OPTSTK,M&M,1080.0,PE,0.0,0.0,0.0,1.1,8.65,0,0.0,0
2014-11-10,2014-12-24,OPTSTK,M&M,1100.0,PE,0.0,0.0,0.0,1.6,11.75,0,0.0,0
2014-11-10,2014-12-24,OPTSTK,M&M,1120.0,PE,0.0,0.0,0.0,2.4,15.55,0,0.0,0
2014-11-10,2014-12-24,OPTSTK,M&M,1140.0,PE,0.0,0.0,0.0,3.4,20.2,0,0.0,0
2014-11-10,2014-12-24,OPTSTK,M&M,1160.0,PE,0.0,0.0,0.0,4.8,25.7,0,0.0,0
2014-11-10,2014-12-24,OPTSTK,M&M,1180.0,PE,0.0,0.0,0.0,6.6,32.25,0,0.0,0
2014-11-10,2014-12-24,OPTSTK,M&M,1200.0,PE,0.0,0.0,0.0,8.9,39.8,0,0.0,0
2014-11-10,2014-12-24,OPTSTK,M&M,1220.0,PE,0.0,0.0,0.0,11.8,48.4,0,0.0,0
2014-11-10,2014-12-24,OPTSTK,M&M,1240.0,PE,0.0,0.0,0.0,15.3,58.05,0,0.0,0
2014-11-10,2014-12-24,OPTSTK,M&M,1260.0,PE,0.0,0.0,0.0,19.55,68.75,0,0.0,0
2014-11-10,2014-12-24,OPTSTK,M&M,1280.0,PE,0.0,0.0,0.0,24.65,80.45,0,0.0,0
2014-11-10,2014-12-24,OPTSTK,M&M,1300.0,PE,0.0,0.0,0.0,30.5,93.1,0,0.0,0
2014-11-10,2014-12-24,OPTSTK,M&M,1320.0,PE,0.0,0.0,0.0,37.3,106.65,0,0.0,0
2014-11-10,2014-12-24,OPTSTK,M&M,1340.0,PE,0.0,0.0,0.0,45.05,121.15,0,0.0,0
2014-11-10,2014-12-24,OPTSTK,M&M,1360.0,PE,0.0,0.0,0.0,53.7,136.3,0,0.0,0
2014-11-10,2014-12-24,OPTSTK,M&M,1380.0,PE,0.0,0.0,0.0,63.35,152.2,0,0.0,0
2014-11-10,2014-12-24,OPTSTK,M&M,1400.0,PE,0.0,0.0,0.0,73.9,168.65,0,0.0,0
2014-11-10,2014-12-24,OPTSTK,M&M,1420.0,PE,0.0,0.0,0.0,85.4,185.7,0,0.0,0
2014-11-10,2014-12-24,OPTSTK,M&M,1440.0,PE,0.0,0.0,0.0,97.75,203.2,0,0.0,0
2014-11-10,2014-12-24,OPTSTK,M&M,1460.0,PE,0.0,0.0,0.0,110.95,221.15,0,0.0,0
2014-11-10,2014-12-24,OPTSTK,M&M,1480.0,PE,0.0,0.0,0.0,124.9,239.4,0,0.0,0
2014-11-10,2014-12-24,OPTSTK,M&M,1500.0,PE,0.0,0.0,0.0,139.7,257.95,0,0.0,0
2014-11-10,2014-12-24,OPTSTK,M&M,1520.0,PE,0.0,0.0,0.0,155.0,276.75,0,0.0,0
2014-11-10,2014-12-24,OPTSTK,M&M,1540.0,PE,0.0,0.0,0.0,170.95,295.75,0,0.0,0
2014-11-10,2014-12-24,OPTSTK,M&M,1560.0,PE,0.0,0.0,0.0,187.45,314.9,0,0.0,0
2014-11-10,2014-12-24,OPTSTK,M&M,1580.0,PE,0.0,0.0,0.0,204.4,334.2,0,0.0,0
2014-11-10,2014-12-24,OPTSTK,M&M,1600.0,PE,0.0,0.0,0.0,221.8,353.6,0,0.0,0
2014-11-10,2014-12-24,OPTSTK,M&M,1620.0,PE,0.0,0.0,0.0,239.5,373.1,0,0.0,0
2014-11-10,2014-12-24,OPTSTK,M&M,1640.0,PE,0.0,0.0,0.0,257.55,392.65,0,0.0,0
2014-11-10,2015-01-29,OPTSTK,M&M,960.0,CE,0.0,0.0,0.0,351.9,293.05,0,0.0,0
2014-11-10,2015-01-29,OPTSTK,M&M,980.0,CE,0.0,0.0,0.0,333.45,274.8,0,0.0,0
2014-11-10,2015-01-29,OPTSTK,M&M,1000.0,CE,0.0,0.0,0.0,315.25,256.9,0,0.0,0
2014-11-10,2015-01-29,OPTSTK,M&M,1020.0,CE,0.0,0.0,0.0,297.4,239.45,0,0.0,0
2014-11-10,2015-01-29,OPTSTK,M&M,1040.0,CE,0.0,0.0,0.0,279.9,222.4,0,0.0,0
2014-11-10,2015-01-29,OPTSTK,M&M,1060.0,CE,0.0,0.0,0.0,262.8,205.95,0,0.0,0
2014-11-10,2015-01-29,OPTSTK,M&M,1080.0,CE,0.0,0.0,0.0,246.15,190.0,0,0.0,0
2014-11-10,2015-01-29,OPTSTK,M&M,1100.0,CE,0.0,0.0,0.0,229.95,174.7,0,0.0,0
2014-11-10,2015-01-29,OPTSTK,M&M,1120.0,CE,0.0,0.0,0.0,214.3,160.15,0,0.0,0
2014-11-10,2015-01-29,OPTSTK,M&M,1140.0,CE,0.0,0.0,0.0,199.2,146.2,0,0.0,0
2014-11-10,2015-01-29,OPTSTK,M&M,1160.0,CE,0.0,0.0,0.0,184.7,132.95,0,0.0,0
2014-11-10,2015-01-29,OPTSTK,M&M,1180.0,CE,0.0,0.0,0.0,170.8,120.55,0,0.0,0
2014-11-10,2015-01-29,OPTSTK,M&M,1200.0,CE,0.0,0.0,0.0,157.5,108.85,0,0.0,0
2014-11-10,2015-01-29,OPTSTK,M&M,1220.0,CE,0.0,0.0,0.0,144.9,98.0,0,0.0,0
2014-11-10,2015-01-29,OPTSTK,M&M,1240.0,CE,0.0,0.0,0.0,132.95,87.85,0,0.0,0
2014-11-10,2015-01-29,OPTSTK,M&M,1260.0,CE,0.0,0.0,0.0,121.65,78.55,0,0.0,0
2014-11-10,2015-01-29,OPTSTK,M&M,1280.0,CE,0.0,0.0,0.0,111.05,69.95,0,0.0,0
2014-11-10,2015-01-29,OPTSTK,M&M,1300.0,CE,0.0,0.0,0.0,101.15,62.05,0,0.0,0
2014-11-10,2015-01-29,OPTSTK,M&M,1320.0,CE,0.0,0.0,0.0,91.85,54.9,0,0.0,0
2014-11-10,2015-01-29,OPTSTK,M&M,1340.0,CE,0.0,0.0,0.0,83.25,48.4,0,0.0,0
2014-11-10,2015-01-29,OPTSTK,M&M,1360.0,CE,0.0,0.0,0.0,75.25,42.5,0,0.0,0
2014-11-10,2015-01-29,OPTSTK,M&M,1380.0,CE,0.0,0.0,0.0,67.85,37.25,0,0.0,0
2014-11-10,2015-01-29,OPTSTK,M&M,1400.0,CE,0.0,0.0,0.0,61.0,32.6,0,0.0,0
2014-11-10,2015-01-29,OPTSTK,M&M,1420.0,CE,0.0,0.0,0.0,54.75,28.35,0,0.0,0
2014-11-10,2015-01-29,OPTSTK,M&M,1440.0,CE,0.0,0.0,0.0,49.05,24.6,0,0.0,0
2014-11-10,2015-01-29,OPTSTK,M&M,1460.0,CE,0.0,0.0,0.0,43.8,21.3,0,0.0,0
2014-11-10,2015-01-29,OPTSTK,M&M,1480.0,CE,0.0,0.0,0.0,39.15,18.35,0,0.0,0
2014-11-10,2015-01-29,OPTSTK,M&M,1500.0,CE,0.0,0.0,0.0,34.85,15.8,0,0.0,0
2014-11-10,2015-01-29,OPTSTK,M&M,1520.0,CE,0.0,0.0,0.0,30.9,13.55,0,0.0,0
2014-11-10,2015-01-29,OPTSTK,M&M,1540.0,CE,0.0,0.0,0.0,27.4,11.6,0,0.0,0
2014-11-10,2015-01-29,OPTSTK,M&M,1560.0,CE,0.0,0.0,0.0,24.2,9.9,0,0.0,0
2014-11-10,2015-01-29,OPTSTK,M&M,1580.0,CE,0.0,0.0,0.0,21.4,8.45,0,0.0,0
2014-11-10,2015-01-29,OPTSTK,M&M,1600.0,CE,0.0,0.0,0.0,18.85,7.15,0,0.0,0
2014-11-10,2015-01-29,OPTSTK,M&M,1620.0,CE,0.0,0.0,0.0,16.6,6.05,0,0.0,0
2014-11-10,2015-01-29,OPTSTK,M&M,1640.0,CE,0.0,0.0,0.0,14.55,5.15,0,0.0,0
2014-11-10,2015-01-29,OPTSTK,M&M,960.0,PE,0.0,0.0,0.0,3.45,3.95,0,0.0,0
2014-11-10,2015-01-29,OPTSTK,M&M,980.0,PE,0.0,0.0,0.0,4.55,5.3,0,0.0,0
2014-11-10,2015-01-29,OPTSTK,M&M,1000.0,PE,0.0,0.0,0.0,5.95,7.05,0,0.0,0
2014-11-10,2015-01-29,OPTSTK,M&M,1020.0,PE,0.0,0.0,0.0,7.65,9.2,0,0.0,0
2014-11-10,2015-01-29,OPTSTK,M&M,1040.0,PE,0.0,0.0,0.0,9.7,11.8,0,0.0,0
2014-11-10,2015-01-29,OPTSTK,M&M,1060.0,PE,0.0,0.0,0.0,12.2,14.95,0,0.0,0
2014-11-10,2015-01-29,OPTSTK,M&M,1080.0,PE,0.0,0.0,0.0,15.1,18.65,0,0.0,0
2014-11-10,2015-01-29,OPTSTK,M&M,1100.0,PE,0.0,0.0,0.0,18.45,22.95,0,0.0,0
2014-11-10,2015-01-29,OPTSTK,M&M,1120.0,PE,0.0,0.0,0.0,22.4,28.0,0,0.0,0
2014-11-10,2015-01-29,OPTSTK,M&M,1140.0,PE,0.0,0.0,0.0,26.85,33.7,0,0.0,0
2014-11-10,2015-01-29,OPTSTK,M&M,1160.0,PE,0.0,0.0,0.0,31.95,40.05,0,0.0,0
2014-11-10,2015-01-29,OPTSTK,M&M,1180.0,PE,0.0,0.0,0.0,37.6,47.25,0,0.0,0
2014-11-10,2015-01-29,OPTSTK,M&M,1200.0,PE,0.0,0.0,0.0,43.85,55.25,0,0.0,0
2014-11-10,2015-01-29,OPTSTK,M&M,1220.0,PE,0.0,0.0,0.0,50.8,63.95,0,0.0,0
2014-11-10,2015-01-29,OPTSTK,M&M,1240.0,PE,0.0,0.0,0.0,58.45,73.45,0,0.0,0
2014-11-10,2015-01-29,OPTSTK,M&M,1260.0,PE,0.0,0.0,0.0,66.75,83.75,0,0.0,0
2014-11-10,2015-01-29,OPTSTK,M&M,1280.0,PE,0.0,0.0,0.0,75.7,94.8,0,0.0,0
2014-11-10,2015-01-29,OPTSTK,M&M,1300.0,PE,0.0,0.0,0.0,85.35,106.55,0,0.0,0
2014-11-10,2015-01-29,OPTSTK,M&M,1320.0,PE,0.0,0.0,0.0,95.6,119.0,0,0.0,0
2014-11-10,2015-01-29,OPTSTK,M&M,1340.0,PE,0.0,0.0,0.0,106.55,132.1,0,0.0,0
2014-11-10,2015-01-29,OPTSTK,M&M,1360.0,PE,0.0,0.0,0.0,118.15,145.85,0,0.0,0
2014-11-10,2015-01-29,OPTSTK,M&M,1380.0,PE,0.0,0.0,0.0,130.3,160.2,0,0.0,0
2014-11-10,2015-01-29,OPTSTK,M&M,1400.0,PE,0.0,0.0,0.0,143.05,175.15,0,0.0,0
2014-11-10,2015-01-29,OPTSTK,M&M,1420.0,PE,0.0,0.0,0.0,156.35,190.5,0,0.0,0
2014-11-10,2015-01-29,OPTSTK,M&M,1440.0,PE,0.0,0.0,0.0,170.2,206.4,0,0.0,0
2014-11-10,2015-01-29,OPTSTK,M&M,1460.0,PE,0.0,0.0,0.0,184.55,222.7,0,0.0,0
2014-11-10,2015-01-29,OPTSTK,M&M,1480.0,PE,0.0,0.0,0.0,199.45,239.4,0,0.0,0
2014-11-10,2015-01-29,OPTSTK,M&M,1500.0,PE,0.0,0.0,0.0,214.7,256.45,0,0.0,0
2014-11-10,2015-01-29,OPTSTK,M&M,1520.0,PE,0.0,0.0,0.0,230.35,273.85,0,0.0,0
2014-11-10,2015-01-29,OPTSTK,M&M,1540.0,PE,0.0,0.0,0.0,246.4,291.5,0,0.0,0
2014-11-10,2015-01-29,OPTSTK,M&M,1560.0,PE,0.0,0.0,0.0,262.8,309.45,0,0.0,0
2014-11-10,2015-01-29,OPTSTK,M&M,1580.0,PE,0.0,0.0,0.0,279.55,327.6,0,0.0,0
2014-11-10,2015-01-29,OPTSTK,M&M,1600.0,PE,0.0,0.0,0.0,296.55,345.95,0,0.0,0
2014-11-10,2015-01-29,OPTSTK,M&M,1620.0,PE,0.0,0.0,0.0,313.85,364.45,0,0.0,0
2014-11-10,2015-01-29,OPTSTK,M&M,1640.0,PE,0.0,0.0,0.0,331.4,383.15,0,0.0,0
2014-11-10,2014-11-27,OPTSTK,M&MFIN,170.0,CE,0.0,0.0,0.0,113.0,137.2,0,0.0,0
2014-11-10,2014-11-27,OPTSTK,M&MFIN,180.0,CE,0.0,0.0,0.0,103.25,127.25,0,0.0,0
2014-11-10,2014-11-27,OPTSTK,M&MFIN,190.0,CE,0.0,0.0,0.0,93.65,117.25,0,0.0,0
2014-11-10,2014-11-27,OPTSTK,M&MFIN,200.0,CE,0.0,0.0,0.0,84.15,107.3,0,0.0,0
2014-11-10,2014-11-27,OPTSTK,M&MFIN,210.0,CE,0.0,0.0,0.0,74.85,97.35,0,0.0,0
2014-11-10,2014-11-27,OPTSTK,M&MFIN,220.0,CE,0.0,0.0,0.0,65.9,87.4,0,0.0,0
2014-11-10,2014-11-27,OPTSTK,M&MFIN,230.0,CE,0.0,0.0,0.0,57.35,77.45,0,0.0,0
2014-11-10,2014-11-27,OPTSTK,M&MFIN,240.0,CE,0.0,0.0,0.0,49.35,67.45,0,0.0,0
2014-11-10,2014-11-27,OPTSTK,M&MFIN,250.0,CE,0.0,0.0,0.0,41.9,57.5,0,0.0,0
2014-11-10,2014-11-27,OPTSTK,M&MFIN,260.0,CE,0.0,0.0,0.0,35.15,47.6,0,0.0,0
2014-11-10,2014-11-27,OPTSTK,M&MFIN,270.0,CE,0.0,0.0,0.0,36.2,37.8,0,0.0,1000
2014-11-10,2014-11-27,OPTSTK,M&MFIN,280.0,CE,29.45,29.45,29.45,29.45,29.45,1,3.09,11000
2014-11-10,2014-11-27,OPTSTK,M&MFIN,290.0,CE,22.5,23.4,21.0,21.5,21.5,15,46.75,35000
2014-11-10,2014-11-27,OPTSTK,M&MFIN,300.0,CE,14.05,15.0,11.0,13.6,13.6,41,128.54,37000
2014-11-10,2014-11-27,OPTSTK,M&MFIN,310.0,CE,8.95,10.25,6.3,8.45,8.45,26,82.69,52000
2014-11-10,2014-11-27,OPTSTK,M&MFIN,320.0,CE,6.0,6.0,3.95,4.55,4.55,48,156.07,88000
2014-11-10,2014-11-27,OPTSTK,M&MFIN,330.0,CE,4.0,4.0,1.75,2.5,2.5,19,63.22,31000
2014-11-10,2014-11-27,OPTSTK,M&MFIN,340.0,CE,1.2,1.45,1.2,1.4,1.4,5,17.06,13000
2014-11-10,2014-11-27,OPTSTK,M&MFIN,350.0,CE,0.0,0.0,0.0,4.4,0.3,0,0.0,0
2014-11-10,2014-11-27,OPTSTK,M&MFIN,360.0,CE,0.0,0.0,0.0,3.3,0.1,0,0.0,0
2014-11-10,2014-11-27,OPTSTK,M&MFIN,370.0,CE,0.0,0.0,0.0,2.5,0.05,0,0.0,0
2014-11-10,2014-11-27,OPTSTK,M&MFIN,170.0,PE,0.0,0.0,0.0,0.05,0.0,0,0.0,0
2014-11-10,2014-11-27,OPTSTK,M&MFIN,180.0,PE,0.0,0.0,0.0,0.15,0.0,0,0.0,0
2014-11-10,2014-11-27,OPTSTK,M&MFIN,190.0,PE,0.0,0.0,0.0,0.3,0.0,0,0.0,0
2014-11-10,2014-11-27,OPTSTK,M&MFIN,200.0,PE,0.0,0.0,0.0,0.6,0.0,0,0.0,0
2014-11-10,2014-11-27,OPTSTK,M&MFIN,210.0,PE,0.0,0.0,0.0,1.1,0.0,0,0.0,0
2014-11-10,2014-11-27,OPTSTK,M&MFIN,220.0,PE,0.0,0.0,0.0,1.9,0.0,0,0.0,0
2014-11-10,2014-11-27,OPTSTK,M&MFIN,230.0,PE,0.0,0.0,0.0,3.15,0.0,0,0.0,0
2014-11-10,2014-11-27,OPTSTK,M&MFIN,240.0,PE,0.0,0.0,0.0,4.95,0.0,0,0.0,0
2014-11-10,2014-11-27,OPTSTK,M&MFIN,250.0,PE,0.0,0.0,0.0,7.3,0.05,0,0.0,0
2014-11-10,2014-11-27,OPTSTK,M&MFIN,260.0,PE,0.0,0.0,0.0,0.75,0.05,0,0.0,4000
2014-11-10,2014-11-27,OPTSTK,M&MFIN,270.0,PE,0.55,0.55,0.55,0.55,0.55,3,8.11,9000
2014-11-10,2014-11-27,OPTSTK,M&MFIN,280.0,PE,1.1,1.45,1.1,1.45,1.45,7,19.68,19000
2014-11-10,2014-11-27,OPTSTK,M&MFIN,290.0,PE,2.75,3.2,2.05,3.05,3.05,21,61.41,39000
2014-11-10,2014-11-27,OPTSTK,M&MFIN,300.0,PE,6.35,7.65,4.9,6.05,6.05,37,113.15,23000
2014-11-10,2014-11-27,OPTSTK,M&MFIN,310.0,PE,10.45,13.25,9.9,13.25,13.25,7,22.48,8000
2014-11-10,2014-11-27,OPTSTK,M&MFIN,320.0,PE,0.0,0.0,0.0,43.5,16.2,0,0.0,0
2014-11-10,2014-11-27,OPTSTK,M&MFIN,330.0,PE,0.0,0.0,0.0,26.4,24.05,0,0.0,1000
2014-11-10,2014-11-27,OPTSTK,M&MFIN,340.0,PE,0.0,0.0,0.0,59.2,32.95,0,0.0,0
2014-11-10,2014-11-27,OPTSTK,M&MFIN,350.0,PE,0.0,0.0,0.0,67.65,42.45,0,0.0,0
2014-11-10,2014-11-27,OPTSTK,M&MFIN,360.0,PE,0.0,0.0,0.0,76.35,52.2,0,0.0,0
2014-11-10,2014-11-27,OPTSTK,M&MFIN,370.0,PE,0.0,0.0,0.0,85.35,62.1,0,0.0,0
2014-11-10,2014-12-24,OPTSTK,M&MFIN,170.0,CE,0.0,0.0,0.0,105.1,138.3,0,0.0,0
2014-11-10,2014-12-24,OPTSTK,M&MFIN,180.0,CE,0.0,0.0,0.0,95.35,128.4,0,0.0,0
2014-11-10,2014-12-24,OPTSTK,M&MFIN,190.0,CE,0.0,0.0,0.0,85.7,118.5,0,0.0,0
2014-11-10,2014-12-24,OPTSTK,M&MFIN,200.0,CE,0.0,0.0,0.0,76.2,108.6,0,0.0,0
2014-11-10,2014-12-24,OPTSTK,M&MFIN,210.0,CE,0.0,0.0,0.0,66.9,98.7,0,0.0,0
2014-11-10,2014-12-24,OPTSTK,M&MFIN,220.0,CE,0.0,0.0,0.0,57.9,88.85,0,0.0,0
2014-11-10,2014-12-24,OPTSTK,M&MFIN,230.0,CE,0.0,0.0,0.0,49.4,78.95,0,0.0,0
2014-11-10,2014-12-24,OPTSTK,M&MFIN,240.0,CE,0.0,0.0,0.0,41.5,69.15,0,0.0,0
2014-11-10,2014-12-24,OPTSTK,M&MFIN,250.0,CE,0.0,0.0,0.0,34.3,59.45,0,0.0,0
2014-11-10,2014-12-24,OPTSTK,M&MFIN,260.0,CE,0.0,0.0,0.0,27.9,50.05,0,0.0,0
2014-11-10,2014-12-24,OPTSTK,M&MFIN,270.0,CE,0.0,0.0,0.0,22.3,41.05,0,0.0,0
2014-11-10,2014-12-24,OPTSTK,M&MFIN,280.0,CE,0.0,0.0,0.0,17.55,32.75,0,0.0,0
2014-11-10,2014-12-24,OPTSTK,M&MFIN,290.0,CE,0.0,0.0,0.0,13.6,25.3,0,0.0,0
2014-11-10,2014-12-24,OPTSTK,M&MFIN,300.0,CE,0.0,0.0,0.0,10.35,18.9,0,0.0,0
2014-11-10,2014-12-24,OPTSTK,M&MFIN,310.0,CE,0.0,0.0,0.0,7.8,13.6,0,0.0,0
2014-11-10,2014-12-24,OPTSTK,M&MFIN,320.0,CE,0.0,0.0,0.0,5.8,9.5,0,0.0,0
2014-11-10,2014-12-24,OPTSTK,M&MFIN,330.0,CE,0.0,0.0,0.0,4.25,6.35,0,0.0,0
2014-11-10,2014-12-24,OPTSTK,M&MFIN,340.0,CE,0.0,0.0,0.0,3.05,4.15,0,0.0,0
2014-11-10,2014-12-24,OPTSTK,M&MFIN,350.0,CE,0.0,0.0,0.0,2.2,2.6,0,0.0,0
2014-11-10,2014-12-24,OPTSTK,M&MFIN,360.0,CE,0.0,0.0,0.0,1.55,1.6,0,0.0,0
2014-11-10,2014-12-24,OPTSTK,M&MFIN,370.0,CE,0.0,0.0,0.0,1.1,0.95,0,0.0,0
2014-11-10,2014-12-24,OPTSTK,M&MFIN,170.0,PE,0.0,0.0,0.0,0.05,0.0,0,0.0,0
2014-11-10,2014-12-24,OPTSTK,M&MFIN,180.0,PE,0.0,0.0,0.0,0.1,0.0,0,0.0,0
2014-11-10,2014-12-24,OPTSTK,M&MFIN,190.0,PE,0.0,0.0,0.0,0.2,0.0,0,0.0,0
2014-11-10,2014-12-24,OPTSTK,M&MFIN,200.0,PE,0.0,0.0,0.0,0.45,0.0,0,0.0,0
2014-11-10,2014-12-24,OPTSTK,M&MFIN,210.0,PE,0.0,0.0,0.0,0.95,0.0,0,0.0,0
2014-11-10,2014-12-24,OPTSTK,M&MFIN,220.0,PE,0.0,0.0,0.0,1.75,0.05,0,0.0,0
2014-11-10,2014-12-24,OPTSTK,M&MFIN,230.0,PE,0.0,0.0,0.0,3.05,0.05,0,0.0,0
2014-11-10,2014-12-24,OPTSTK,M&MFIN,240.0,PE,0.0,0.0,0.0,4.9,0.15,0,0.0,0
2014-11-10,2014-12-24,OPTSTK,M&MFIN,250.0,PE,0.0,0.0,0.0,7.5,0.35,0,0.0,0
2014-11-10,2014-12-24,OPTSTK,M&MFIN,260.0,PE,0.0,0.0,0.0,10.85,0.85,0,0.0,0
2014-11-10,2014-12-24,OPTSTK,M&MFIN,270.0,PE,0.0,0.0,0.0,15.05,1.75,0,0.0,0
2014-11-10,2014-12-24,OPTSTK,M&MFIN,280.0,PE,0.0,0.0,0.0,20.1,3.3,0,0.0,0
2014-11-10,2014-12-24,OPTSTK,M&MFIN,290.0,PE,0.0,0.0,0.0,25.9,5.75,0,0.0,0
2014-11-10,2014-12-24,OPTSTK,M&MFIN,300.0,PE,0.0,0.0,0.0,32.5,9.25,0,0.0,0
2014-11-10,2014-12-24,OPTSTK,M&MFIN,310.0,PE,0.0,0.0,0.0,39.7,13.9,0,0.0,0
2014-11-10,2014-12-24,OPTSTK,M&MFIN,320.0,PE,0.0,0.0,0.0,47.45,19.65,0,0.0,0
2014-11-10,2014-12-24,OPTSTK,M&MFIN,330.0,PE,0.0,0.0,0.0,55.7,26.4,0,0.0,0
2014-11-10,2014-12-24,OPTSTK,M&MFIN,340.0,PE,0.0,0.0,0.0,64.3,34.1,0,0.0,0
2014-11-10,2014-12-24,OPTSTK,M&MFIN,350.0,PE,0.0,0.0,0.0,73.2,42.45,0,0.0,0
2014-11-10,2014-12-24,OPTSTK,M&MFIN,360.0,PE,0.0,0.0,0.0,82.35,51.3,0,0.0,0
2014-11-10,2014-12-24,OPTSTK,M&MFIN,370.0,PE,0.0,0.0,0.0,91.7,60.55,0,0.0,0
2014-11-10,2015-01-29,OPTSTK,M&MFIN,170.0,CE,0.0,0.0,0.0,125.45,139.75,0,0.0,0
2014-11-10,2015-01-29,OPTSTK,M&MFIN,180.0,CE,0.0,0.0,0.0,115.65,129.95,0,0.0,0
2014-11-10,2015-01-29,OPTSTK,M&MFIN,190.0,CE,0.0,0.0,0.0,105.9,120.15,0,0.0,0
2014-11-10,2015-01-29,OPTSTK,M&MFIN,200.0,CE,0.0,0.0,0.0,96.1,110.35,0,0.0,0
2014-11-10,2015-01-29,OPTSTK,M&MFIN,210.0,CE,0.0,0.0,0.0,86.4,100.55,0,0.0,0
2014-11-10,2015-01-29,OPTSTK,M&MFIN,220.0,CE,0.0,0.0,0.0,76.75,90.85,0,0.0,0
2014-11-10,2015-01-29,OPTSTK,M&MFIN,230.0,CE,0.0,0.0,0.0,67.25,81.2,0,0.0,0
2014-11-10,2015-01-29,OPTSTK,M&MFIN,240.0,CE,0.0,0.0,0.0,58.05,71.75,0,0.0,0
2014-11-10,2015-01-29,OPTSTK,M&MFIN,250.0,CE,0.0,0.0,0.0,49.25,62.55,0,0.0,0
2014-11-10,2015-01-29,OPTSTK,M&MFIN,260.0,CE,0.0,0.0,0.0,41.0,53.75,0,0.0,0
2014-11-10,2015-01-29,OPTSTK,M&MFIN,270.0,CE,0.0,0.0,0.0,33.45,45.5,0,0.0,0
2014-11-10,2015-01-29,OPTSTK,M&MFIN,280.0,CE,0.0,0.0,0.0,26.7,37.85,0,0.0,0
2014-11-10,2015-01-29,OPTSTK,M&MFIN,290.0,CE,0.0,0.0,0.0,20.9,30.95,0,0.0,0
2014-11-10,2015-01-29,OPTSTK,M&MFIN,300.0,CE,0.0,0.0,0.0,15.95,24.9,0,0.0,0
2014-11-10,2015-01-29,OPTSTK,M&MFIN,310.0,CE,0.0,0.0,0.0,11.95,19.65,0,0.0,0
2014-11-10,2015-01-29,OPTSTK,M&MFIN,320.0,CE,0.0,0.0,0.0,8.75,15.25,0,0.0,0
2014-11-10,2015-01-29,OPTSTK,M&MFIN,330.0,CE,0.0,0.0,0.0,6.35,11.65,0,0.0,0
2014-11-10,2015-01-29,OPTSTK,M&MFIN,340.0,CE,0.0,0.0,0.0,4.45,8.75,0,0.0,0
2014-11-10,2015-01-29,OPTSTK,M&MFIN,350.0,CE,0.0,0.0,0.0,3.1,6.45,0,0.0,0
2014-11-10,2015-01-29,OPTSTK,M&MFIN,360.0,CE,0.0,0.0,0.0,2.1,4.7,0,0.0,0
2014-11-10,2015-01-29,OPTSTK,M&MFIN,370.0,CE,0.0,0.0,0.0,1.4,3.4,0,0.0,0
2014-11-10,2015-01-29,OPTSTK,M&MFIN,170.0,PE,0.0,0.0,0.0,0.05,0.0,0,0.0,0
2014-11-10,2015-01-29,OPTSTK,M&MFIN,180.0,PE,0.0,0.0,0.0,0.05,0.0,0,0.0,0
2014-11-10,2015-01-29,OPTSTK,M&MFIN,190.0,PE,0.0,0.0,0.0,0.05,0.0,0,0.0,0
2014-11-10,2015-01-29,OPTSTK,M&MFIN,200.0,PE,0.0,0.0,0.0,0.05,0.05,0,0.0,0
2014-11-10,2015-01-29,OPTSTK,M&MFIN,210.0,PE,0.0,0.0,0.0,0.1,0.05,0,0.0,0
2014-11-10,2015-01-29,OPTSTK,M&MFIN,220.0,PE,0.0,0.0,0.0,0.25,0.15,0,0.0,0
2014-11-10,2015-01-29,OPTSTK,M&MFIN,230.0,PE,0.0,0.0,0.0,0.55,0.35,0,0.0,0
2014-11-10,2015-01-29,OPTSTK,M&MFIN,240.0,PE,0.0,0.0,0.0,1.1,0.7,0,0.0,0
2014-11-10,2015-01-29,OPTSTK,M&MFIN,250.0,PE,0.0,0.0,0.0,2.1,1.3,0,0.0,0
2014-11-10,2015-01-29,OPTSTK,M&MFIN,260.0,PE,0.0,0.0,0.0,3.6,2.35,0,0.0,0
2014-11-10,2015-01-29,OPTSTK,M&MFIN,270.0,PE,0.0,0.0,0.0,5.85,3.85,0,0.0,0
2014-11-10,2015-01-29,OPTSTK,M&MFIN,280.0,PE,0.0,0.0,0.0,8.9,6.05,0,0.0,0
2014-11-10,2015-01-29,OPTSTK,M&MFIN,290.0,PE,0.0,0.0,0.0,12.85,8.95,0,0.0,0
2014-11-10,2015-01-29,OPTSTK,M&MFIN,300.0,PE,0.0,0.0,0.0,17.75,12.7,0,0.0,0
2014-11-10,2015-01-29,OPTSTK,M&MFIN,310.0,PE,0.0,0.0,0.0,23.5,17.3,0,0.0,0
2014-11-10,2015-01-29,OPTSTK,M&MFIN,320.0,PE,0.0,0.0,0.0,30.1,22.7,0,0.0,0
2014-11-10,2015-01-29,OPTSTK,M&MFIN,330.0,PE,0.0,0.0,0.0,37.45,28.9,0,0.0,0
2014-11-10,2015-01-29,OPTSTK,M&MFIN,340.0,PE,0.0,0.0,0.0,45.35,35.8,0,0.0,0
2014-11-10,2015-01-29,OPTSTK,M&MFIN,350.0,PE,0.0,0.0,0.0,53.8,43.35,0,0.0,0
2014-11-10,2015-01-29,OPTSTK,M&MFIN,360.0,PE,0.0,0.0,0.0,62.6,51.4,0,0.0,0
2014-11-10,2015-01-29,OPTSTK,M&MFIN,370.0,PE,0.0,0.0,0.0,71.7,59.85,0,0.0,0
2014-11-10,2014-11-27,OPTSTK,MARUTI,1800.0,CE,0.0,0.0,0.0,1022.8,1514.9,0,0.0,0
2014-11-10,2014-11-27,OPTSTK,MARUTI,1850.0,CE,0.0,0.0,0.0,973.85,1465.1,0,0.0,0
2014-11-10,2014-11-27,OPTSTK,MARUTI,1900.0,CE,0.0,0.0,0.0,924.9,1415.3,0,0.0,0
2014-11-10,2014-11-27,OPTSTK,MARUTI,1950.0,CE,0.0,0.0,0.0,876.0,1365.5,0,0.0,0
2014-11-10,2014-11-27,OPTSTK,MARUTI,2000.0,CE,0.0,0.0,0.0,827.15,1315.7,0,0.0,0
2014-11-10,2014-11-27,OPTSTK,MARUTI,2050.0,CE,0.0,0.0,0.0,778.3,1265.9,0,0.0,0
2014-11-10,2014-11-27,OPTSTK,MARUTI,2100.0,CE,0.0,0.0,0.0,729.55,1216.1,0,0.0,0
2014-11-10,2014-11-27,OPTSTK,MARUTI,2150.0,CE,0.0,0.0,0.0,681.0,1166.3,0,0.0,0
2014-11-10,2014-11-27,OPTSTK,MARUTI,2200.0,CE,0.0,0.0,0.0,632.7,1116.5,0,0.0,0
2014-11-10,2014-11-27,OPTSTK,MARUTI,2250.0,CE,0.0,0.0,0.0,584.75,1066.7,0,0.0,0
2014-11-10,2014-11-27,OPTSTK,MARUTI,2300.0,CE,0.0,0.0,0.0,537.4,1016.9,0,0.0,0
2014-11-10,2014-11-27,OPTSTK,MARUTI,2350.0,CE,0.0,0.0,0.0,490.85,967.1,0,0.0,0
2014-11-10,2014-11-27,OPTSTK,MARUTI,2400.0,CE,0.0,0.0,0.0,445.3,917.3,0,0.0,0
2014-11-10,2014-11-27,OPTSTK,MARUTI,2450.0,CE,0.0,0.0,0.0,401.05,867.5,0,0.0,0
2014-11-10,2014-11-27,OPTSTK,MARUTI,2500.0,CE,0.0,0.0,0.0,812.0,817.7,0,0.0,3625
2014-11-10,2014-11-27,OPTSTK,MARUTI,2550.0,CE,0.0,0.0,0.0,317.75,767.9,0,0.0,0
2014-11-10,2014-11-27,OPTSTK,MARUTI,2600.0,CE,0.0,0.0,0.0,668.0,718.1,0,0.0,1375
2014-11-10,2014-11-27,OPTSTK,MARUTI,2650.0,CE,0.0,0.0,0.0,243.35,668.3,0,0.0,0
2014-11-10,2014-11-27,OPTSTK,MARUTI,2700.0,CE,0.0,0.0,0.0,550.0,618.5,0,0.0,2000
2014-11-10,2014-11-27,OPTSTK,MARUTI,2750.0,CE,0.0,0.0,0.0,179.55,568.7,0,0.0,0
2014-11-10,2014-11-27,OPTSTK,MARUTI,2800.0,CE,501.0,501.0,501.0,501.0,501.0,1,4.12,625
2014-11-10,2014-11-27,OPTSTK,MARUTI,2850.0,CE,0.0,0.0,0.0,420.0,469.35,0,0.0,250
2014-11-10,2014-11-27,OPTSTK,MARUTI,2900.0,CE,0.0,0.0,0.0,331.0,419.95,0,0.0,750
2014-11-10,2014-11-27,OPTSTK,MARUTI,2950.0,CE,0.0,0.0,0.0,290.0,371.05,0,0.0,500
2014-11-10,2014-11-27,OPTSTK,MARUTI,3000.0,CE,0.0,0.0,0.0,277.15,322.95,0,0.0,5125
2014-11-10,2014-11-27,OPTSTK,MARUTI,3050.0,CE,0.0,0.0,0.0,290.0,276.2,0,0.0,375
2014-11-10,2014-11-27,OPTSTK,MARUTI,3100.0,CE,0.0,0.0,0.0,188.15,231.5,0,0.0,2750
2014-11-10,2014-11-27,OPTSTK,MARUTI,3150.0,CE,0.0,0.0,0.0,225.0,189.65,0,0.0,1375
2014-11-10,2014-11-27,OPTSTK,MARUTI,3200.0,CE,124.7,139.0,124.7,139.0,139.0,7,29.17,15000
2014-11-10,2014-11-27,OPTSTK,MARUTI,3250.0,CE,99.0,106.0,93.0,105.85,105.85,16,66.96,7875
2014-11-10,2014-11-27,OPTSTK,MARUTI,3300.0,CE,75.75,83.0,65.1,77.2,77.2,184,775.87,57125
2014-11-10,2014-11-27,OPTSTK,MARUTI,3350.0,CE,53.2,60.75,45.0,54.5,54.5,263,1118.21,34875
2014-11-10,2014-11-27,OPTSTK,MARUTI,3400.0,CE,36.6,42.5,29.35,35.4,35.4,396,1700.17,66250
2014-11-10,2014-11-27,OPTSTK,MARUTI,3450.0,CE,28.5,28.5,19.55,23.05,23.05,121,525.22,17125
2014-11-10,2014-11-27,OPTSTK,MARUTI,3500.0,CE,19.1,19.1,12.5,14.3,14.3,149,654.54,36250
2014-11-10,2014-11-27,OPTSTK,MARUTI,3550.0,CE,8.0,9.5,7.3,9.5,9.5,6,26.69,11375
2014-11-10,2014-11-27,OPTSTK,MARUTI,3600.0,CE,10.1,10.1,4.95,5.25,5.25,52,234.35,25500
2014-11-10,2014-11-27,OPTSTK,MARUTI,3650.0,CE,5.35,5.35,3.8,3.8,3.8,2,9.13,5250
2014-11-10,2014-11-27,OPTSTK,MARUTI,3700.0,CE,2.0,2.0,2.0,2.0,2.0,5,23.13,6500
2014-11-10,2014-11-27,OPTSTK,MARUTI,3750.0,CE,0.0,0.0,0.0,5.25,1.55,0,0.0,625
2014-11-10,2014-11-27,OPTSTK,MARUTI,3800.0,CE,0.0,0.0,0.0,0.85,0.85,0,0.0,0
2014-11-10,2014-11-27,OPTSTK,MARUTI,3850.0,CE,0.0,0.0,0.0,9.6,0.45,0,0.0,0
2014-11-10,2014-11-27,OPTSTK,MARUTI,1800.0,PE,0.0,0.0,0.0,0.05,0.0,0,0.0,0
2014-11-10,2014-11-27,OPTSTK,MARUTI,1850.0,PE,0.0,0.0,0.0,0.05,0.0,0,0.0,0
2014-11-10,2014-11-27,OPTSTK,MARUTI,1900.0,PE,0.0,0.0,0.0,0.05,0.0,0,0.0,0
2014-11-10,2014-11-27,OPTSTK,MARUTI,1950.0,PE,0.0,0.0,0.0,0.05,0.0,0,0.0,0
2014-11-10,2014-11-27,OPTSTK,MARUTI,2000.0,PE,0.0,0.0,0.0,0.1,0.0,0,0.0,0
2014-11-10,2014-11-27,OPTSTK,MARUTI,2050.0,PE,0.0,0.0,0.0,0.25,0.0,0,0.0,0
2014-11-10,2014-11-27,OPTSTK,MARUTI,2100.0,PE,0.0,0.0,0.0,0.45,0.0,0,0.0,0
2014-11-10,2014-11-27,OPTSTK,MARUTI,2150.0,PE,0.0,0.0,0.0,0.8,0.0,0,0.0,0
2014-11-10,2014-11-27,OPTSTK,MARUTI,2200.0,PE,0.0,0.0,0.0,1.45,0.0,0,0.0,0
2014-11-10,2014-11-27,OPTSTK,MARUTI,2250.0,PE,0.0,0.0,0.0,2.45,0.0,0,0.0,0
2014-11-10,2014-11-27,OPTSTK,MARUTI,2300.0,PE,0.0,0.0,0.0,4.05,0.0,0,0.0,0
2014-11-10,2014-11-27,OPTSTK,MARUTI,2350.0,PE,0.0,0.0,0.0,6.4,0.0,0,0.0,0
2014-11-10,2014-11-27,OPTSTK,MARUTI,2400.0,PE,0.0,0.0,0.0,9.8,0.0,0,0.0,0
2014-11-10,2014-11-27,OPTSTK,MARUTI,2450.0,PE,0.0,0.0,0.0,14.5,0.0,0,0.0,0
2014-11-10,2014-11-27,OPTSTK,MARUTI,2500.0,PE,0.0,0.0,0.0,1.0,0.0,0,0.0,250
2014-11-10,2014-11-27,OPTSTK,MARUTI,2550.0,PE,0.0,0.0,0.0,29.05,0.0,0,0.0,0
2014-11-10,2014-11-27,OPTSTK,MARUTI,2600.0,PE,0.0,0.0,0.0,39.55,0.0,0,0.0,0
2014-11-10,2014-11-27,OPTSTK,MARUTI,2650.0,PE,0.0,0.0,0.0,52.55,0.0,0,0.0,0
2014-11-10,2014-11-27,OPTSTK,MARUTI,2700.0,PE,0.0,0.0,0.0,68.1,0.05,0,0.0,0
2014-11-10,2014-11-27,OPTSTK,MARUTI,2750.0,PE,0.0,0.0,0.0,86.6,0.05,0,0.0,0
2014-11-10,2014-11-27,OPTSTK,MARUTI,2800.0,PE,0.0,0.0,0.0,2.5,0.1,0,0.0,1625
2014-11-10,2014-11-27,OPTSTK,MARUTI,2850.0,PE,0.0,0.0,0.0,5.0,0.3,0,0.0,15625
2014-11-10,2014-11-27,OPTSTK,MARUTI,2900.0,PE,0.0,0.0,0.0,2.75,0.7,0,0.0,14250
2014-11-10,2014-11-27,OPTSTK,MARUTI,2950.0,PE,0.0,0.0,0.0,7.1,1.6,0,0.0,4125
2014-11-10,2014-11-27,OPTSTK,MARUTI,3000.0,PE,8.35,10.0,7.0,7.0,7.0,30,112.84,49250
2014-11-10,2014-11-27,OPTSTK,MARUTI,3050.0,PE,11.25,13.3,9.25,9.25,9.25,55,210.55,10375
2014-11-10,2014-11-27,OPTSTK,MARUTI,3100.0,PE,16.1,18.9,13.25,13.65,13.65,133,518.06,66375
2014-11-10,2014-11-27,OPTSTK,MARUTI,3150.0,PE,24.65,28.0,19.0,19.8,19.8,87,345.17,24625
2014-11-10,2014-11-27,OPTSTK,MARUTI,3200.0,PE,36.9,40.1,28.6,30.1,30.1,252,1019.12,68875
2014-11-10,2014-11-27,OPTSTK,MARUTI,3250.0,PE,52.25,58.05,42.05,43.2,43.2,103,424.92,27500
2014-11-10,2014-11-27,OPTSTK,MARUTI,3300.0,PE,76.85,81.75,60.1,62.75,62.75,235,990.42,30625
2014-11-10,2014-11-27,OPTSTK,MARUTI,3350.0,PE,102.1,104.85,87.75,87.85,87.85,23,98.89,5750
2014-11-10,2014-11-27,OPTSTK,MARUTI,3400.0,PE,126.7,126.7,121.8,121.8,121.8,9,39.65,2375
2014-11-10,2014-11-27,OPTSTK,MARUTI,3450.0,PE,0.0,0.0,0.0,179.3,160.0,0,0.0,250
2014-11-10,2014-11-27,OPTSTK,MARUTI,3500.0,PE,0.0,0.0,0.0,238.0,199.05,0,0.0,375
2014-11-10,2014-11-27,OPTSTK,MARUTI,3550.0,PE,0.0,0.0,0.0,694.2,241.4,0,0.0,0
2014-11-10,2014-11-27,OPTSTK,MARUTI,3600.0,PE,0.0,0.0,0.0,742.05,286.1,0,0.0,0
2014-11-10,2014-11-27,OPTSTK,MARUTI,3650.0,PE,0.0,0.0,0.0,790.15,332.65,0,0.0,0
2014-11-10,2014-11-27,OPTSTK,MARUTI,3700.0,PE,0.0,0.0,0.0,838.5,380.4,0,0.0,0
2014-11-10,2014-11-27,OPTSTK,MARUTI,3750.0,PE,0.0,0.0,0.0,886.95,428.95,0,0.0,0
2014-11-10,2014-11-27,OPTSTK,MARUTI,3800.0,PE,0.0,0.0,0.0,935.6,478.05,0,0.0,0
2014-11-10,2014-11-27,OPTSTK,MARUTI,3850.0,PE,0.0,0.0,0.0,865.95,527.45,0,0.0,0
2014-11-10,2014-12-24,OPTSTK,MARUTI,2050.0,CE,0.0,0.0,0.0,1051.95,1279.3,0,0.0,0
2014-11-10,2014-12-24,OPTSTK,MARUTI,2100.0,CE,0.0,0.0,0.0,1003.1,1229.8,0,0.0,0
2014-11-10,2014-12-24,OPTSTK,MARUTI,2150.0,CE,0.0,0.0,0.0,954.2,1180.35,0,0.0,0
2014-11-10,2014-12-24,OPTSTK,MARUTI,2200.0,CE,0.0,0.0,0.0,905.35,1130.85,0,0.0,0
2014-11-10,2014-12-24,OPTSTK,MARUTI,2250.0,CE,0.0,0.0,0.0,856.5,1081.4,0,0.0,0
2014-11-10,2014-12-24,OPTSTK,MARUTI,2300.0,CE,0.0,0.0,0.0,807.8,1031.9,0,0.0,0
2014-11-10,2014-12-24,OPTSTK,MARUTI,2350.0,CE,0.0,0.0,0.0,759.15,982.45,0,0.0,0
2014-11-10,2014-12-24,OPTSTK,MARUTI,2400.0,CE,0.0,0.0,0.0,710.75,932.95,0,0.0,0
2014-11-10,2014-12-24,OPTSTK,MARUTI,2450.0,CE,0.0,0.0,0.0,662.6,883.5,0,0.0,0
2014-11-10,2014-12-24,OPTSTK,MARUTI,2500.0,CE,0.0,0.0,0.0,614.9,834.1,0,0.0,0
2014-11-10,2014-12-24,OPTSTK,MARUTI,2550.0,CE,0.0,0.0,0.0,567.8,784.7,0,0.0,0
2014-11-10,2014-12-24,OPTSTK,MARUTI,2600.0,CE,0.0,0.0,0.0,521.45,735.4,0,0.0,0
2014-11-10,2014-12-24,OPTSTK,MARUTI,2650.0,CE,0.0,0.0,0.0,476.1,686.25,0,0.0,0
2014-11-10,2014-12-24,OPTSTK,MARUTI,2700.0,CE,0.0,0.0,0.0,432.0,637.3,0,0.0,0
2014-11-10,2014-12-24,OPTSTK,MARUTI,2750.0,CE,0.0,0.0,0.0,389.4,588.75,0,0.0,0
2014-11-10,2014-12-24,OPTSTK,MARUTI,2800.0,CE,0.0,0.0,0.0,348.55,540.65,0,0.0,0
2014-11-10,2014-12-24,OPTSTK,MARUTI,2850.0,CE,0.0,0.0,0.0,309.7,493.3,0,0.0,0
2014-11-10,2014-12-24,OPTSTK,MARUTI,2900.0,CE,0.0,0.0,0.0,273.2,446.95,0,0.0,0
2014-11-10,2014-12-24,OPTSTK,MARUTI,2950.0,CE,0.0,0.0,0.0,238.9,401.8,0,0.0,0
2014-11-10,2014-12-24,OPTSTK,MARUTI,3000.0,CE,0.0,0.0,0.0,207.4,358.3,0,0.0,0
2014-11-10,2014-12-24,OPTSTK,MARUTI,3050.0,CE,0.0,0.0,0.0,178.55,316.65,0,0.0,0
2014-11-10,2014-12-24,OPTSTK,MARUTI,3100.0,CE,0.0,0.0,0.0,152.5,277.25,0,0.0,0
2014-11-10,2014-12-24,OPTSTK,MARUTI,3150.0,CE,0.0,0.0,0.0,225.1,240.45,0,0.0,125
2014-11-10,2014-12-24,OPTSTK,MARUTI,3200.0,CE,0.0,0.0,0.0,108.4,206.2,0,0.0,0
2014-11-10,2014-12-24,OPTSTK,MARUTI,3250.0,CE,0.0,0.0,0.0,156.2,175.1,0,0.0,125
2014-11-10,2014-12-24,OPTSTK,MARUTI,3300.0,CE,0.0,0.0,0.0,74.55,147.05,0,0.0,0
2014-11-10,2014-12-24,OPTSTK,MARUTI,3350.0,CE,0.0,0.0,0.0,61.05,122.15,0,0.0,0
2014-11-10,2014-12-24,OPTSTK,MARUTI,3400.0,CE,0.0,0.0,0.0,49.7,100.3,0,0.0,0
2014-11-10,2014-12-24,OPTSTK,MARUTI,3450.0,CE,0.0,0.0,0.0,40.05,81.45,0,0.0,0
2014-11-10,2014-12-24,OPTSTK,MARUTI,3500.0,CE,0.0,0.0,0.0,32.05,65.4,0,0.0,0
2014-11-10,2014-12-24,OPTSTK,MARUTI,3550.0,CE,0.0,0.0,0.0,25.45,52.05,0,0.0,0
2014-11-10,2014-12-24,OPTSTK,MARUTI,3600.0,CE,0.0,0.0,0.0,20.0,40.8,0,0.0,0
2014-11-10,2014-12-24,OPTSTK,MARUTI,3650.0,CE,0.0,0.0,0.0,15.65,31.7,0,0.0,0
2014-11-10,2014-12-24,OPTSTK,MARUTI,3700.0,CE,0.0,0.0,0.0,12.15,24.3,0,0.0,0
2014-11-10,2014-12-24,OPTSTK,MARUTI,3750.0,CE,0.0,0.0,0.0,9.35,18.45,0,0.0,0
2014-11-10,2014-12-24,OPTSTK,MARUTI,3800.0,CE,0.0,0.0,0.0,7.15,13.85,0,0.0,0
2014-11-10,2014-12-24,OPTSTK,MARUTI,3850.0,CE,0.0,0.0,0.0,5.45,10.3,0,0.0,0
2014-11-10,2014-12-24,OPTSTK,MARUTI,2050.0,PE,0.0,0.0,0.0,0.05,0.0,0,0.0,0
2014-11-10,2014-12-24,OPTSTK,MARUTI,2100.0,PE,0.0,0.0,0.0,0.05,0.0,0,0.0,0
2014-11-10,2014-12-24,OPTSTK,MARUTI,2150.0,PE,0.0,0.0,0.0,0.05,0.0,0,0.0,0
2014-11-10,2014-12-24,OPTSTK,MARUTI,2200.0,PE,0.0,0.0,0.0,0.1,0.0,0,0.0,0
2014-11-10,2014-12-24,OPTSTK,MARUTI,2250.0,PE,0.0,0.0,0.0,0.2,0.0,0,0.0,0
2014-11-10,2014-12-24,OPTSTK,MARUTI,2300.0,PE,0.0,0.0,0.0,0.4,0.0,0,0.0,0
2014-11-10,2014-12-24,OPTSTK,MARUTI,2350.0,PE,0.0,0.0,0.0,0.7,0.05,0,0.0,0
2014-11-10,2014-12-24,OPTSTK,MARUTI,2400.0,PE,0.0,0.0,0.0,1.15,0.05,0,0.0,0
2014-11-10,2014-12-24,OPTSTK,MARUTI,2450.0,PE,0.0,0.0,0.0,1.95,0.05,0,0.0,0
2014-11-10,2014-12-24,OPTSTK,MARUTI,2500.0,PE,0.0,0.0,0.0,3.15,0.1,0,0.0,0
2014-11-10,2014-12-24,OPTSTK,MARUTI,2550.0,PE,0.0,0.0,0.0,4.95,0.2,0,0.0,0
2014-11-10,2014-12-24,OPTSTK,MARUTI,2600.0,PE,0.0,0.0,0.0,7.5,0.4,0,0.0,0
2014-11-10,2014-12-24,OPTSTK,MARUTI,2650.0,PE,0.0,0.0,0.0,11.05,0.7,0,0.0,0
2014-11-10,2014-12-24,OPTSTK,MARUTI,2700.0,PE,0.0,0.0,0.0,15.85,1.25,0,0.0,0
2014-11-10,2014-12-24,OPTSTK,MARUTI,2750.0,PE,0.0,0.0,0.0,22.15,2.15,0,0.0,0
2014-11-10,2014-12-24,OPTSTK,MARUTI,2800.0,PE,0.0,0.0,0.0,30.25,3.55,0,0.0,0
2014-11-10,2014-12-24,OPTSTK,MARUTI,2850.0,PE,0.0,0.0,0.0,40.3,5.7,0,0.0,0
2014-11-10,2014-12-24,OPTSTK,MARUTI,2900.0,PE,0.0,0.0,0.0,52.7,8.8,0,0.0,0
2014-11-10,2014-12-24,OPTSTK,MARUTI,2950.0,PE,0.0,0.0,0.0,67.35,13.15,0,0.0,0
2014-11-10,2014-12-24,OPTSTK,MARUTI,3000.0,PE,0.0,0.0,0.0,84.75,19.1,0,0.0,0
2014-11-10,2014-12-24,OPTSTK,MARUTI,3050.0,PE,0.0,0.0,0.0,104.8,26.9,0,0.0,0
2014-11-10,2014-12-24,OPTSTK,MARUTI,3100.0,PE,0.0,0.0,0.0,127.65,37.0,0,0.0,0
2014-11-10,2014-12-24,OPTSTK,MARUTI,3150.0,PE,0.0,0.0,0.0,84.75,49.7,0,0.0,250
2014-11-10,2014-12-24,OPTSTK,MARUTI,3200.0,PE,0.0,0.0,0.0,181.4,64.9,0,0.0,0
2014-11-10,2014-12-24,OPTSTK,MARUTI,3250.0,PE,0.0,0.0,0.0,212.2,83.3,0,0.0,0
2014-11-10,2014-12-24,OPTSTK,MARUTI,3300.0,PE,0.0,0.0,0.0,83.0,104.7,0,0.0,125
2014-11-10,2014-12-24,OPTSTK,MARUTI,3350.0,PE,0.0,0.0,0.0,125.0,129.3,0,0.0,250
2014-11-10,2014-12-24,OPTSTK,MARUTI,3400.0,PE,0.0,0.0,0.0,318.3,156.95,0,0.0,0
2014-11-10,2014-12-24,OPTSTK,MARUTI,3450.0,PE,0.0,0.0,0.0,357.6,187.55,0,0.0,0
2014-11-10,2014-12-24,OPTSTK,MARUTI,3500.0,PE,0.0,0.0,0.0,398.5,220.95,0,0.0,0
2014-11-10,2014-12-24,OPTSTK,MARUTI,3550.0,PE,0.0,0.0,0.0,440.8,257.1,0,0.0,0
2014-11-10,2014-12-24,OPTSTK,MARUTI,3600.0,PE,0.0,0.0,0.0,484.3,295.3,0,0.0,0
2014-11-10,2014-12-24,OPTSTK,MARUTI,3650.0,PE,0.0,0.0,0.0,528.8,335.65,0,0.0,0
2014-11-10,2014-12-24,OPTSTK,MARUTI,3700.0,PE,0.0,0.0,0.0,574.25,377.8,0,0.0,0
2014-11-10,2014-12-24,OPTSTK,MARUTI,3750.0,PE,0.0,0.0,0.0,620.35,421.4,0,0.0,0
2014-11-10,2014-12-24,OPTSTK,MARUTI,3800.0,PE,0.0,0.0,0.0,667.05,466.3,0,0.0,0
2014-11-10,2014-12-24,OPTSTK,MARUTI,3850.0,PE,0.0,0.0,0.0,714.25,512.2,0,0.0,0
2014-11-10,2015-01-29,OPTSTK,MARUTI,2250.0,CE,0.0,0.0,0.0,1039.1,1100.55,0,0.0,0
2014-11-10,2015-01-29,OPTSTK,MARUTI,2300.0,CE,0.0,0.0,0.0,990.35,1051.55,0,0.0,0
2014-11-10,2015-01-29,OPTSTK,MARUTI,2350.0,CE,0.0,0.0,0.0,941.7,1002.6,0,0.0,0
2014-11-10,2015-01-29,OPTSTK,MARUTI,2400.0,CE,0.0,0.0,0.0,893.25,953.75,0,0.0,0
2014-11-10,2015-01-29,OPTSTK,MARUTI,2450.0,CE,0.0,0.0,0.0,845.0,905.0,0,0.0,0
2014-11-10,2015-01-29,OPTSTK,MARUTI,2500.0,CE,0.0,0.0,0.0,797.05,856.45,0,0.0,0
2014-11-10,2015-01-29,OPTSTK,MARUTI,2550.0,CE,0.0,0.0,0.0,749.55,808.1,0,0.0,0
2014-11-10,2015-01-29,OPTSTK,MARUTI,2600.0,CE,0.0,0.0,0.0,702.5,760.05,0,0.0,0
2014-11-10,2015-01-29,OPTSTK,MARUTI,2650.0,CE,0.0,0.0,0.0,656.15,712.45,0,0.0,0
2014-11-10,2015-01-29,OPTSTK,MARUTI,2700.0,CE,0.0,0.0,0.0,610.55,665.45,0,0.0,0
2014-11-10,2015-01-29,OPTSTK,MARUTI,2750.0,CE,0.0,0.0,0.0,565.95,619.15,0,0.0,0
2014-11-10,2015-01-29,OPTSTK,MARUTI,2800.0,CE,0.0,0.0,0.0,522.5,573.7,0,0.0,0
2014-11-10,2015-01-29,OPTSTK,MARUTI,2850.0,CE,0.0,0.0,0.0,480.3,529.25,0,0.0,0
2014-11-10,2015-01-29,OPTSTK,MARUTI,2900.0,CE,0.0,0.0,0.0,439.6,486.1,0,0.0,0
2014-11-10,2015-01-29,OPTSTK,MARUTI,2950.0,CE,0.0,0.0,0.0,400.5,444.35,0,0.0,0
2014-11-10,2015-01-29,OPTSTK,MARUTI,3000.0,CE,0.0,0.0,0.0,363.35,404.2,0,0.0,0
2014-11-10,2015-01-29,OPTSTK,MARUTI,3050.0,CE,0.0,0.0,0.0,327.9,365.8,0,0.0,0
2014-11-10,2015-01-29,OPTSTK,MARUTI,3100.0,CE,0.0,0.0,0.0,294.4,329.4,0,0.0,0
2014-11-10,2015-01-29,OPTSTK,MARUTI,3150.0,CE,0.0,0.0,0.0,263.15,294.85,0,0.0,0
2014-11-10,2015-01-29,OPTSTK,MARUTI,3200.0,CE,0.0,0.0,0.0,234.1,262.65,0,0.0,0
2014-11-10,2015-01-29,OPTSTK,MARUTI,3250.0,CE,0.0,0.0,0.0,207.2,232.65,0,0.0,0
2014-11-10,2015-01-29,OPTSTK,MARUTI,3300.0,CE,0.0,0.0,0.0,182.45,204.95,0,0.0,0
2014-11-10,2015-01-29,OPTSTK,MARUTI,3350.0,CE,0.0,0.0,0.0,159.9,179.55,0,0.0,0
2014-11-10,2015-01-29,OPTSTK,MARUTI,3400.0,CE,0.0,0.0,0.0,139.45,156.45,0,0.0,0
2014-11-10,2015-01-29,OPTSTK,MARUTI,3450.0,CE,0.0,0.0,0.0,121.0,135.5,0,0.0,0
2014-11-10,2015-01-29,OPTSTK,MARUTI,3500.0,CE,0.0,0.0,0.0,104.5,116.75,0,0.0,0
2014-11-10,2015-01-29,OPTSTK,MARUTI,3550.0,CE,0.0,0.0,0.0,89.8,100.05,0,0.0,0
2014-11-10,2015-01-29,OPTSTK,MARUTI,3600.0,CE,0.0,0.0,0.0,77.0,85.25,0,0.0,0
2014-11-10,2015-01-29,OPTSTK,MARUTI,3650.0,CE,0.0,0.0,0.0,65.65,72.4,0,0.0,0
2014-11-10,2015-01-29,OPTSTK,MARUTI,3700.0,CE,0.0,0.0,0.0,55.55,61.15,0,0.0,0
2014-11-10,2015-01-29,OPTSTK,MARUTI,3750.0,CE,0.0,0.0,0.0,46.9,51.2,0,0.0,0
2014-11-10,2015-01-29,OPTSTK,MARUTI,3800.0,CE,0.0,0.0,0.0,39.4,42.75,0,0.0,0
2014-11-10,2015-01-29,OPTSTK,MARUTI,3850.0,CE,0.0,0.0,0.0,32.95,35.5,0,0.0,0
2014-11-10,2015-01-29,OPTSTK,MARUTI,2250.0,PE,0.0,0.0,0.0,0.3,0.1,0,0.0,0
2014-11-10,2015-01-29,OPTSTK,MARUTI,2300.0,PE,0.0,0.0,0.0,0.45,0.15,0,0.0,0
2014-11-10,2015-01-29,OPTSTK,MARUTI,2350.0,PE,0.0,0.0,0.0,0.75,0.3,0,0.0,0
2014-11-10,2015-01-29,OPTSTK,MARUTI,2400.0,PE,0.0,0.0,0.0,1.2,0.45,0,0.0,0
2014-11-10,2015-01-29,OPTSTK,MARUTI,2450.0,PE,0.0,0.0,0.0,1.9,0.75,0,0.0,0
2014-11-10,2015-01-29,OPTSTK,MARUTI,2500.0,PE,0.0,0.0,0.0,2.85,1.25,0,0.0,0
2014-11-10,2015-01-29,OPTSTK,MARUTI,2550.0,PE,0.0,0.0,0.0,4.25,1.95,0,0.0,0
2014-11-10,2015-01-29,OPTSTK,MARUTI,2600.0,PE,0.0,0.0,0.0,6.15,3.0,0,0.0,0
2014-11-10,2015-01-29,OPTSTK,MARUTI,2650.0,PE,0.0,0.0,0.0,8.7,4.45,0,0.0,0
2014-11-10,2015-01-29,OPTSTK,MARUTI,2700.0,PE,0.0,0.0,0.0,12.05,6.5,0,0.0,0
2014-11-10,2015-01-29,OPTSTK,MARUTI,2750.0,PE,0.0,0.0,0.0,16.35,9.2,0,0.0,0
2014-11-10,2015-01-29,OPTSTK,MARUTI,2800.0,PE,0.0,0.0,0.0,21.8,12.8,0,0.0,0
2014-11-10,2015-01-29,OPTSTK,MARUTI,2850.0,PE,0.0,0.0,0.0,28.55,17.45,0,0.0,0
2014-11-10,2015-01-29,OPTSTK,MARUTI,2900.0,PE,0.0,0.0,0.0,36.75,23.35,0,0.0,0
2014-11-10,2015-01-29,OPTSTK,MARUTI,2950.0,PE,0.0,0.0,0.0,46.6,30.65,0,0.0,0
2014-11-10,2015-01-29,OPTSTK,MARUTI,3000.0,PE,0.0,0.0,0.0,58.35,39.5,0,0.0,0
2014-11-10,2015-01-29,OPTSTK,MARUTI,3050.0,PE,0.0,0.0,0.0,71.85,50.2,0,0.0,0
2014-11-10,2015-01-29,OPTSTK,MARUTI,3100.0,PE,0.0,0.0,0.0,87.25,62.85,0,0.0,0
2014-11-10,2015-01-29,OPTSTK,MARUTI,3150.0,PE,0.0,0.0,0.0,104.95,77.35,0,0.0,0
2014-11-10,2015-01-29,OPTSTK,MARUTI,3200.0,PE,0.0,0.0,0.0,124.8,94.2,0,0.0,0
2014-11-10,2015-01-29,OPTSTK,MARUTI,3250.0,PE,0.0,0.0,0.0,146.8,113.25,0,0.0,0
2014-11-10,2015-01-29,OPTSTK,MARUTI,3300.0,PE,0.0,0.0,0.0,171.0,134.6,0,0.0,0
2014-11-10,2015-01-29,OPTSTK,MARUTI,3350.0,PE,0.0,0.0,0.0,197.35,158.25,0,0.0,0
2014-11-10,2015-01-29,OPTSTK,MARUTI,3400.0,PE,0.0,0.0,0.0,225.85,184.2,0,0.0,0
2014-11-10,2015-01-29,OPTSTK,MARUTI,3450.0,PE,0.0,0.0,0.0,256.3,212.35,0,0.0,0
2014-11-10,2015-01-29,OPTSTK,MARUTI,3500.0,PE,0.0,0.0,0.0,288.75,242.65,0,0.0,0
2014-11-10,2015-01-29,OPTSTK,MARUTI,3550.0,PE,0.0,0.0,0.0,322.95,274.95,0,0.0,0
2014-11-10,2015-01-29,OPTSTK,MARUTI,3600.0,PE,0.0,0.0,0.0,359.05,309.25,0,0.0,0
2014-11-10,2015-01-29,OPTSTK,MARUTI,3650.0,PE,0.0,0.0,0.0,396.6,345.45,0,0.0,0
2014-11-10,2015-01-29,OPTSTK,MARUTI,3700.0,PE,0.0,0.0,0.0,435.45,383.2,0,0.0,0
2014-11-10,2015-01-29,OPTSTK,MARUTI,3750.0,PE,0.0,0.0,0.0,475.7,422.3,0,0.0,0
2014-11-10,2015-01-29,OPTSTK,MARUTI,3800.0,PE,0.0,0.0,0.0,517.15,462.9,0,0.0,0
2014-11-10,2015-01-29,OPTSTK,MARUTI,3850.0,PE,0.0,0.0,0.0,559.65,504.7,0,0.0,0
2014-11-10,2014-11-27,OPTSTK,MCLEODRUSS,180.0,CE,0.0,0.0,0.0,118.05,70.6,0,0.0,0
2014-11-10,2014-11-27,OPTSTK,MCLEODRUSS,190.0,CE,0.0,0.0,0.0,108.3,60.65,0,0.0,0
2014-11-10,2014-11-27,OPTSTK,MCLEODRUSS,200.0,CE,0.0,0.0,0.0,98.55,50.7,0,0.0,0
2014-11-10,2014-11-27,OPTSTK,MCLEODRUSS,210.0,CE,0.0,0.0,0.0,88.85,40.95,0,0.0,0
2014-11-10,2014-11-27,OPTSTK,MCLEODRUSS,220.0,CE,0.0,0.0,0.0,79.3,31.6,0,0.0,0
2014-11-10,2014-11-27,OPTSTK,MCLEODRUSS,230.0,CE,0.0,0.0,0.0,69.9,23.0,0,0.0,0
2014-11-10,2014-11-27,OPTSTK,MCLEODRUSS,240.0,CE,0.0,0.0,0.0,60.85,15.65,0,0.0,0
2014-11-10,2014-11-27,OPTSTK,MCLEODRUSS,250.0,CE,0.0,0.0,0.0,23.15,9.9,0,0.0,2000
2014-11-10,2014-11-27,OPTSTK,MCLEODRUSS,260.0,CE,5.8,5.8,4.3,4.35,4.35,9,23.82,31000
2014-11-10,2014-11-27,OPTSTK,MCLEODRUSS,270.0,CE,0.0,0.0,0.0,11.0,3.1,0,0.0,8000
2014-11-10,2014-11-27,OPTSTK,MCLEODRUSS,280.0,CE,1.35,1.65,0.85,0.85,0.85,17,47.81,20000
2014-11-10,2014-11-27,OPTSTK,MCLEODRUSS,290.0,CE,0.0,0.0,0.0,0.65,0.7,0,0.0,10000
2014-11-10,2014-11-27,OPTSTK,MCLEODRUSS,300.0,CE,0.3,0.3,0.3,0.3,0.3,1,3.0,11000
2014-11-10,2014-11-27,OPTSTK,MCLEODRUSS,310.0,CE,0.0,0.0,0.0,14.8,0.15,0,0.0,0
2014-11-10,2014-11-27,OPTSTK,MCLEODRUSS,320.0,CE,0.0,0.0,0.0,11.3,0.05,0,0.0,0
2014-11-10,2014-11-27,OPTSTK,MCLEODRUSS,330.0,CE,0.0,0.0,0.0,8.55,0.05,0,0.0,0
2014-11-10,2014-11-27,OPTSTK,MCLEODRUSS,340.0,CE,0.0,0.0,0.0,6.35,0.0,0,0.0,0
2014-11-10,2014-11-27,OPTSTK,MCLEODRUSS,350.0,CE,0.0,0.0,0.0,4.65,0.0,0,0.0,0
2014-11-10,2014-11-27,OPTSTK,MCLEODRUSS,360.0,CE,0.0,0.0,0.0,3.35,0.0,0,0.0,0
2014-11-10,2014-11-27,OPTSTK,MCLEODRUSS,370.0,CE,0.0,0.0,0.0,2.4,0.0,0,0.0,0
2014-11-10,2014-11-27,OPTSTK,MCLEODRUSS,380.0,CE,0.0,0.0,0.0,1.7,0.0,0,0.0,0
2014-11-10,2014-11-27,OPTSTK,MCLEODRUSS,180.0,PE,0.0,0.0,0.0,0.1,0.0,0,0.0,0
2014-11-10,2014-11-27,OPTSTK,MCLEODRUSS,190.0,PE,0.0,0.0,0.0,0.05,0.05,0,0.0,0
2014-11-10,2014-11-27,OPTSTK,MCLEODRUSS,200.0,PE,0.0,0.0,0.0,0.1,0.1,0,0.0,0
2014-11-10,2014-11-27,OPTSTK,MCLEODRUSS,210.0,PE,0.0,0.0,0.0,0.2,0.3,0,0.0,0
2014-11-10,2014-11-27,OPTSTK,MCLEODRUSS,220.0,PE,0.0,0.0,0.0,0.4,0.85,0,0.0,0
2014-11-10,2014-11-27,OPTSTK,MCLEODRUSS,230.0,PE,1.15,1.15,1.15,1.15,1.15,1,2.31,2000
2014-11-10,2014-11-27,OPTSTK,MCLEODRUSS,240.0,PE,2.8,3.0,2.65,2.9,2.9,13,31.56,19000
2014-11-10,2014-11-27,OPTSTK,MCLEODRUSS,250.0,PE,4.7,5.85,4.7,5.85,5.85,2,5.1,4000
2014-11-10,2014-11-27,OPTSTK,MCLEODRUSS,260.0,PE,12.3,12.75,12.3,12.3,12.3,5,13.62,26000
2014-11-10,2014-11-27,OPTSTK,MCLEODRUSS,270.0,PE,0.0,0.0,0.0,10.15,22.2,0,0.0,5000
2014-11-10,2014-11-27,OPTSTK,MCLEODRUSS,280.0,PE,0.0,0.0,0.0,9.8,30.6,0,0.0,0
2014-11-10,2014-11-27,OPTSTK,MCLEODRUSS,290.0,PE,0.0,0.0,0.0,13.7,39.75,0,0.0,0
2014-11-10,2014-11-27,OPTSTK,MCLEODRUSS,300.0,PE,0.0,0.0,0.0,18.45,49.3,0,0.0,0
2014-11-10,2014-11-27,OPTSTK,MCLEODRUSS,310.0,PE,0.0,0.0,0.0,24.0,59.05,0,0.0,0
2014-11-10,2014-11-27,OPTSTK,MCLEODRUSS,320.0,PE,0.0,0.0,0.0,30.3,68.95,0,0.0,0
2014-11-10,2014-11-27,OPTSTK,MCLEODRUSS,330.0,PE,0.0,0.0,0.0,37.3,78.9,0,0.0,0
2014-11-10,2014-11-27,OPTSTK,MCLEODRUSS,340.0,PE,0.0,0.0,0.0,44.9,88.85,0,0.0,0
2014-11-10,2014-11-27,OPTSTK,MCLEODRUSS,350.0,PE,0.0,0.0,0.0,53.0,98.8,0,0.0,0
2014-11-10,2014-11-27,OPTSTK,MCLEODRUSS,360.0,PE,0.0,0.0,0.0,61.5,108.75,0,0.0,0
2014-11-10,2014-11-27,OPTSTK,MCLEODRUSS,370.0,PE,0.0,0.0,0.0,70.35,118.7,0,0.0,0
2014-11-10,2014-11-27,OPTSTK,MCLEODRUSS,380.0,PE,0.0,0.0,0.0,79.4,128.65,0,0.0,0
2014-11-10,2014-12-24,OPTSTK,MCLEODRUSS,180.0,CE,0.0,0.0,0.0,119.35,71.9,0,0.0,0
2014-11-10,2014-12-24,OPTSTK,MCLEODRUSS,190.0,CE,0.0,0.0,0.0,109.6,62.25,0,0.0,0
2014-11-10,2014-12-24,OPTSTK,MCLEODRUSS,200.0,CE,0.0,0.0,0.0,99.9,52.9,0,0.0,0
2014-11-10,2014-12-24,OPTSTK,MCLEODRUSS,210.0,CE,0.0,0.0,0.0,90.3,44.0,0,0.0,0
2014-11-10,2014-12-24,OPTSTK,MCLEODRUSS,220.0,CE,0.0,0.0,0.0,80.85,35.75,0,0.0,0
2014-11-10,2014-12-24,OPTSTK,MCLEODRUSS,230.0,CE,0.0,0.0,0.0,71.65,28.3,0,0.0,0
2014-11-10,2014-12-24,OPTSTK,MCLEODRUSS,240.0,CE,0.0,0.0,0.0,62.75,21.85,0,0.0,0
2014-11-10,2014-12-24,OPTSTK,MCLEODRUSS,250.0,CE,0.0,0.0,0.0,54.3,16.4,0,0.0,0
2014-11-10,2014-12-24,OPTSTK,MCLEODRUSS,260.0,CE,0.0,0.0,0.0,46.45,12.0,0,0.0,0
2014-11-10,2014-12-24,OPTSTK,MCLEODRUSS,270.0,CE,0.0,0.0,0.0,39.15,8.55,0,0.0,0
2014-11-10,2014-12-24,OPTSTK,MCLEODRUSS,280.0,CE,0.0,0.0,0.0,32.6,6.0,0,0.0,0
2014-11-10,2014-12-24,OPTSTK,MCLEODRUSS,290.0,CE,0.0,0.0,0.0,26.8,4.05,0,0.0,0
2014-11-10,2014-12-24,OPTSTK,MCLEODRUSS,300.0,CE,0.0,0.0,0.0,21.7,2.7,0,0.0,0
2014-11-10,2014-12-24,OPTSTK,MCLEODRUSS,310.0,CE,0.0,0.0,0.0,17.4,1.75,0,0.0,0
2014-11-10,2014-12-24,OPTSTK,MCLEODRUSS,320.0,CE,0.0,0.0,0.0,13.75,1.15,0,0.0,0
2014-11-10,2014-12-24,OPTSTK,MCLEODRUSS,330.0,CE,0.0,0.0,0.0,10.75,0.7,0,0.0,0
2014-11-10,2014-12-24,OPTSTK,MCLEODRUSS,340.0,CE,0.0,0.0,0.0,8.3,0.45,0,0.0,0
2014-11-10,2014-12-24,OPTSTK,MCLEODRUSS,350.0,CE,0.0,0.0,0.0,6.35,0.3,0,0.0,0
2014-11-10,2014-12-24,OPTSTK,MCLEODRUSS,360.0,CE,0.0,0.0,0.0,4.8,0.2,0,0.0,0
2014-11-10,2014-12-24,OPTSTK,MCLEODRUSS,370.0,CE,0.0,0.0,0.0,3.6,0.1,0,0.0,0
2014-11-10,2014-12-24,OPTSTK,MCLEODRUSS,380.0,CE,0.0,0.0,0.0,2.7,0.05,0,0.0,0
2014-11-10,2014-12-24,OPTSTK,MCLEODRUSS,180.0,PE,0.0,0.0,0.0,0.05,0.15,0,0.0,0
2014-11-10,2014-12-24,OPTSTK,MCLEODRUSS,190.0,PE,0.0,0.0,0.0,0.1,0.4,0,0.0,0
2014-11-10,2014-12-24,OPTSTK,MCLEODRUSS,200.0,PE,0.0,0.0,0.0,0.15,0.95,0,0.0,0
2014-11-10,2014-12-24,OPTSTK,MCLEODRUSS,210.0,PE,0.0,0.0,0.0,0.35,1.95,0,0.0,0
2014-11-10,2014-12-24,OPTSTK,MCLEODRUSS,220.0,PE,0.0,0.0,0.0,0.65,3.6,0,0.0,0
2014-11-10,2014-12-24,OPTSTK,MCLEODRUSS,230.0,PE,0.0,0.0,0.0,1.25,6.05,0,0.0,0
2014-11-10,2014-12-24,OPTSTK,MCLEODRUSS,240.0,PE,0.0,0.0,0.0,2.15,9.45,0,0.0,0
2014-11-10,2014-12-24,OPTSTK,MCLEODRUSS,250.0,PE,0.0,0.0,0.0,3.45,13.95,0,0.0,0
2014-11-10,2014-12-24,OPTSTK,MCLEODRUSS,260.0,PE,0.0,0.0,0.0,5.35,19.45,0,0.0,0
2014-11-10,2014-12-24,OPTSTK,MCLEODRUSS,270.0,PE,0.0,0.0,0.0,7.9,25.9,0,0.0,0
2014-11-10,2014-12-24,OPTSTK,MCLEODRUSS,280.0,PE,0.0,0.0,0.0,11.1,33.2,0,0.0,0
2014-11-10,2014-12-24,OPTSTK,MCLEODRUSS,290.0,PE,0.0,0.0,0.0,15.05,41.2,0,0.0,0
2014-11-10,2014-12-24,OPTSTK,MCLEODRUSS,300.0,PE,0.0,0.0,0.0,19.75,49.7,0,0.0,0
2014-11-10,2014-12-24,OPTSTK,MCLEODRUSS,310.0,PE,0.0,0.0,0.0,25.2,58.65,0,0.0,0
2014-11-10,2014-12-24,OPTSTK,MCLEODRUSS,320.0,PE,0.0,0.0,0.0,31.35,67.95,0,0.0,0
2014-11-10,2014-12-24,OPTSTK,MCLEODRUSS,330.0,PE,0.0,0.0,0.0,38.15,77.4,0,0.0,0
2014-11-10,2014-12-24,OPTSTK,MCLEODRUSS,340.0,PE,0.0,0.0,0.0,45.5,87.05,0,0.0,0
2014-11-10,2014-12-24,OPTSTK,MCLEODRUSS,350.0,PE,0.0,0.0,0.0,53.3,96.75,0,0.0,0
2014-11-10,2014-12-24,OPTSTK,MCLEODRUSS,360.0,PE,0.0,0.0,0.0,61.55,106.55,0,0.0,0
2014-11-10,2014-12-24,OPTSTK,MCLEODRUSS,370.0,PE,0.0,0.0,0.0,70.15,116.4,0,0.0,0
2014-11-10,2014-12-24,OPTSTK,MCLEODRUSS,380.0,PE,0.0,0.0,0.0,79.0,126.25,0,0.0,0
2014-11-10,2015-01-29,OPTSTK,MCLEODRUSS,180.0,CE,0.0,0.0,0.0,78.3,74.1,0,0.0,0
2014-11-10,2015-01-29,OPTSTK,MCLEODRUSS,190.0,CE,0.0,0.0,0.0,68.95,65.0,0,0.0,0
2014-11-10,2015-01-29,OPTSTK,MCLEODRUSS,200.0,CE,0.0,0.0,0.0,59.9,56.35,0,0.0,0
2014-11-10,2015-01-29,OPTSTK,MCLEODRUSS,210.0,CE,0.0,0.0,0.0,51.3,48.2,0,0.0,0
2014-11-10,2015-01-29,OPTSTK,MCLEODRUSS,220.0,CE,0.0,0.0,0.0,43.25,40.75,0,0.0,0
2014-11-10,2015-01-29,OPTSTK,MCLEODRUSS,230.0,CE,0.0,0.0,0.0,35.9,33.95,0,0.0,0
2014-11-10,2015-01-29,OPTSTK,MCLEODRUSS,240.0,CE,0.0,0.0,0.0,29.35,27.9,0,0.0,0
2014-11-10,2015-01-29,OPTSTK,MCLEODRUSS,250.0,CE,0.0,0.0,0.0,23.6,22.7,0,0.0,0
2014-11-10,2015-01-29,OPTSTK,MCLEODRUSS,260.0,CE,0.0,0.0,0.0,18.7,18.2,0,0.0,0
2014-11-10,2015-01-29,OPTSTK,MCLEODRUSS,270.0,CE,0.0,0.0,0.0,14.55,14.45,0,0.0,0
2014-11-10,2015-01-29,OPTSTK,MCLEODRUSS,280.0,CE,0.0,0.0,0.0,11.2,11.3,0,0.0,0
2014-11-10,2015-01-29,OPTSTK,MCLEODRUSS,290.0,CE,0.0,0.0,0.0,8.5,8.8,0,0.0,0
2014-11-10,2015-01-29,OPTSTK,MCLEODRUSS,300.0,CE,0.0,0.0,0.0,6.35,6.75,0,0.0,0
2014-11-10,2015-01-29,OPTSTK,MCLEODRUSS,310.0,CE,0.0,0.0,0.0,4.7,5.15,0,0.0,0
2014-11-10,2015-01-29,OPTSTK,MCLEODRUSS,320.0,CE,0.0,0.0,0.0,3.45,3.9,0,0.0,0
2014-11-10,2015-01-29,OPTSTK,MCLEODRUSS,330.0,CE,0.0,0.0,0.0,2.5,2.9,0,0.0,0
2014-11-10,2015-01-29,OPTSTK,MCLEODRUSS,340.0,CE,0.0,0.0,0.0,1.8,2.2,0,0.0,0
2014-11-10,2015-01-29,OPTSTK,MCLEODRUSS,350.0,CE,0.0,0.0,0.0,1.3,1.6,0,0.0,0
2014-11-10,2015-01-29,OPTSTK,MCLEODRUSS,360.0,CE,0.0,0.0,0.0,0.9,1.2,0,0.0,0
2014-11-10,2015-01-29,OPTSTK,MCLEODRUSS,370.0,CE,0.0,0.0,0.0,0.65,0.85,0,0.0,0
2014-11-10,2015-01-29,OPTSTK,MCLEODRUSS,380.0,CE,0.0,0.0,0.0,0.45,0.65,0,0.0,0
2014-11-10,2015-01-29,OPTSTK,MCLEODRUSS,180.0,PE,0.0,0.0,0.0,0.4,0.85,0,0.0,0
2014-11-10,2015-01-29,OPTSTK,MCLEODRUSS,190.0,PE,0.0,0.0,0.0,0.8,1.55,0,0.0,0
2014-11-10,2015-01-29,OPTSTK,MCLEODRUSS,200.0,PE,0.0,0.0,0.0,1.55,2.7,0,0.0,0
2014-11-10,2015-01-29,OPTSTK,MCLEODRUSS,210.0,PE,0.0,0.0,0.0,2.7,4.4,0,0.0,0
2014-11-10,2015-01-29,OPTSTK,MCLEODRUSS,220.0,PE,0.0,0.0,0.0,4.45,6.7,0,0.0,0
2014-11-10,2015-01-29,OPTSTK,MCLEODRUSS,230.0,PE,0.0,0.0,0.0,6.9,9.7,0,0.0,0
2014-11-10,2015-01-29,OPTSTK,MCLEODRUSS,240.0,PE,0.0,0.0,0.0,10.1,13.5,0,0.0,0
2014-11-10,2015-01-29,OPTSTK,MCLEODRUSS,250.0,PE,0.0,0.0,0.0,14.15,18.1,0,0.0,0
2014-11-10,2015-01-29,OPTSTK,MCLEODRUSS,260.0,PE,0.0,0.0,0.0,19.0,23.4,0,0.0,0
2014-11-10,2015-01-29,OPTSTK,MCLEODRUSS,270.0,PE,0.0,0.0,0.0,24.7,29.45,0,0.0,0
2014-11-10,2015-01-29,OPTSTK,MCLEODRUSS,280.0,PE,0.0,0.0,0.0,31.1,36.15,0,0.0,0
2014-11-10,2015-01-29,OPTSTK,MCLEODRUSS,290.0,PE,0.0,0.0,0.0,38.2,43.45,0,0.0,0
2014-11-10,2015-01-29,OPTSTK,MCLEODRUSS,300.0,PE,0.0,0.0,0.0,45.85,51.25,0,0.0,0
2014-11-10,2015-01-29,OPTSTK,MCLEODRUSS,310.0,PE,0.0,0.0,0.0,54.0,59.45,0,0.0,0
2014-11-10,2015-01-29,OPTSTK,MCLEODRUSS,320.0,PE,0.0,0.0,0.0,62.5,68.0,0,0.0,0
2014-11-10,2015-01-29,OPTSTK,MCLEODRUSS,330.0,PE,0.0,0.0,0.0,71.35,76.8,0,0.0,0
2014-11-10,2015-01-29,OPTSTK,MCLEODRUSS,340.0,PE,0.0,0.0,0.0,80.4,85.9,0,0.0,0
2014-11-10,2015-01-29,OPTSTK,MCLEODRUSS,350.0,PE,0.0,0.0,0.0,89.7,95.15,0,0.0,0
2014-11-10,2015-01-29,OPTSTK,MCLEODRUSS,360.0,PE,0.0,0.0,0.0,99.1,104.5,0,0.0,0
2014-11-10,2015-01-29,OPTSTK,MCLEODRUSS,370.0,PE,0.0,0.0,0.0,108.6,114.0,0,0.0,0
2014-11-10,2015-01-29,OPTSTK,MCLEODRUSS,380.0,PE,0.0,0.0,0.0,118.2,123.6,0,0.0,0
2014-11-10,2014-11-27,OPTSTK,MINDTREE,780.0,CE,0.0,0.0,0.0,386.9,315.95,0,0.0,0
2014-11-10,2014-11-27,OPTSTK,MINDTREE,800.0,CE,0.0,0.0,0.0,367.35,296.05,0,0.0,0
2014-11-10,2014-11-27,OPTSTK,MINDTREE,820.0,CE,0.0,0.0,0.0,347.8,276.1,0,0.0,0
2014-11-10,2014-11-27,OPTSTK,MINDTREE,840.0,CE,0.0,0.0,0.0,328.35,256.2,0,0.0,0
2014-11-10,2014-11-27,OPTSTK,MINDTREE,860.0,CE,0.0,0.0,0.0,308.95,236.3,0,0.0,0
2014-11-10,2014-11-27,OPTSTK,MINDTREE,880.0,CE,0.0,0.0,0.0,289.65,216.5,0,0.0,0
2014-11-10,2014-11-27,OPTSTK,MINDTREE,900.0,CE,0.0,0.0,0.0,270.55,196.75,0,0.0,0
2014-11-10,2014-11-27,OPTSTK,MINDTREE,920.0,CE,0.0,0.0,0.0,251.7,177.15,0,0.0,0
2014-11-10,2014-11-27,OPTSTK,MINDTREE,940.0,CE,0.0,0.0,0.0,233.1,157.85,0,0.0,0
2014-11-10,2014-11-27,OPTSTK,MINDTREE,960.0,CE,0.0,0.0,0.0,214.85,139.0,0,0.0,0
2014-11-10,2014-11-27,OPTSTK,MINDTREE,980.0,CE,0.0,0.0,0.0,197.1,120.75,0,0.0,0
2014-11-10,2014-11-27,OPTSTK,MINDTREE,1000.0,CE,0.0,0.0,0.0,179.85,103.35,0,0.0,0
2014-11-10,2014-11-27,OPTSTK,MINDTREE,1020.0,CE,0.0,0.0,0.0,163.25,87.05,0,0.0,0
2014-11-10,2014-11-27,OPTSTK,MINDTREE,1040.0,CE,0.0,0.0,0.0,147.3,72.0,0,0.0,0
2014-11-10,2014-11-27,OPTSTK,MINDTREE,1060.0,CE,0.0,0.0,0.0,60.0,58.5,0,0.0,1000
2014-11-10,2014-11-27,OPTSTK,MINDTREE,1080.0,CE,60.4,60.4,60.4,60.4,60.4,1,2.85,750
2014-11-10,2014-11-27,OPTSTK,MINDTREE,1100.0,CE,40.0,40.0,40.0,40.0,40.0,1,2.85,2500
2014-11-10,2014-11-27,OPTSTK,MINDTREE,1120.0,CE,0.0,0.0,0.0,17.3,27.8,0,0.0,1000
2014-11-10,2014-11-27,OPTSTK,MINDTREE,1140.0,CE,25.15,25.15,25.15,25.15,25.15,2,5.82,1000
2014-11-10,2014-11-27,OPTSTK,MINDTREE,1160.0,CE,15.3,18.0,15.3,18.0,18.0,3,8.82,1250
2014-11-10,2014-11-27,OPTSTK,MINDTREE,1180.0,CE,0.0,0.0,0.0,60.7,10.95,0,0.0,0
2014-11-10,2014-11-27,OPTSTK,MINDTREE,1200.0,CE,0.0,0.0,0.0,52.15,7.7,0,0.0,0
2014-11-10,2014-11-27,OPTSTK,MINDTREE,1220.0,CE,0.0,0.0,0.0,44.55,5.3,0,0.0,0
2014-11-10,2014-11-27,OPTSTK,MINDTREE,1240.0,CE,0.0,0.0,0.0,37.85,3.6,0,0.0,0
2014-11-10,2014-11-27,OPTSTK,MINDTREE,1260.0,CE,0.0,0.0,0.0,31.95,2.4,0,0.0,0
2014-11-10,2014-11-27,OPTSTK,MINDTREE,1280.0,CE,0.0,0.0,0.0,26.85,1.55,0,0.0,0
2014-11-10,2014-11-27,OPTSTK,MINDTREE,1300.0,CE,0.0,0.0,0.0,22.4,1.0,0,0.0,0
2014-11-10,2014-11-27,OPTSTK,MINDTREE,1320.0,CE,0.0,0.0,0.0,18.55,0.6,0,0.0,0
2014-11-10,2014-11-27,OPTSTK,MINDTREE,1340.0,CE,0.0,0.0,0.0,15.3,0.4,0,0.0,0
2014-11-10,2014-11-27,OPTSTK,MINDTREE,1360.0,CE,0.0,0.0,0.0,12.6,0.25,0,0.0,0
2014-11-10,2014-11-27,OPTSTK,MINDTREE,1380.0,CE,0.0,0.0,0.0,10.25,0.15,0,0.0,0
2014-11-10,2014-11-27,OPTSTK,MINDTREE,1400.0,CE,0.0,0.0,0.0,8.35,0.1,0,0.0,0
2014-11-10,2014-11-27,OPTSTK,MINDTREE,1420.0,CE,0.0,0.0,0.0,6.75,0.05,0,0.0,0
2014-11-10,2014-11-27,OPTSTK,MINDTREE,780.0,PE,0.0,0.0,0.0,0.05,0.0,0,0.0,0
2014-11-10,2014-11-27,OPTSTK,MINDTREE,800.0,PE,0.0,0.0,0.0,0.1,0.0,0,0.0,0
2014-11-10,2014-11-27,OPTSTK,MINDTREE,820.0,PE,0.0,0.0,0.0,0.2,0.05,0,0.0,0
2014-11-10,2014-11-27,OPTSTK,MINDTREE,840.0,PE,0.0,0.0,0.0,0.35,0.05,0,0.0,0
2014-11-10,2014-11-27,OPTSTK,MINDTREE,860.0,PE,0.0,0.0,0.0,0.6,0.1,0,0.0,0
2014-11-10,2014-11-27,OPTSTK,MINDTREE,880.0,PE,0.0,0.0,0.0,0.9,0.15,0,0.0,0
2014-11-10,2014-11-27,OPTSTK,MINDTREE,900.0,PE,0.0,0.0,0.0,1.45,0.35,0,0.0,0
2014-11-10,2014-11-27,OPTSTK,MINDTREE,920.0,PE,0.0,0.0,0.0,2.2,0.7,0,0.0,0
2014-11-10,2014-11-27,OPTSTK,MINDTREE,940.0,PE,0.0,0.0,0.0,3.2,1.3,0,0.0,0
2014-11-10,2014-11-27,OPTSTK,MINDTREE,960.0,PE,0.0,0.0,0.0,4.6,2.35,0,0.0,0
2014-11-10,2014-11-27,OPTSTK,MINDTREE,980.0,PE,0.0,0.0,0.0,6.45,4.05,0,0.0,0
2014-11-10,2014-11-27,OPTSTK,MINDTREE,1000.0,PE,0.0,0.0,0.0,17.1,6.55,0,0.0,0
2014-11-10,2014-11-27,OPTSTK,MINDTREE,1020.0,PE,0.0,0.0,0.0,11.85,10.15,0,0.0,0
2014-11-10,2014-11-27,OPTSTK,MINDTREE,1040.0,PE,0.0,0.0,0.0,27.0,15.05,0,0.0,500
2014-11-10,2014-11-27,OPTSTK,MINDTREE,1060.0,PE,0.0,0.0,0.0,40.7,21.45,0,0.0,1000
2014-11-10,2014-11-27,OPTSTK,MINDTREE,1080.0,PE,0.0,0.0,0.0,25.35,29.45,0,0.0,0
2014-11-10,2014-11-27,OPTSTK,MINDTREE,1100.0,PE,31.25,31.25,31.25,31.25,31.25,1,2.82,1250
2014-11-10,2014-11-27,OPTSTK,MINDTREE,1120.0,PE,0.0,0.0,0.0,75.5,50.55,0,0.0,500
2014-11-10,2014-11-27,OPTSTK,MINDTREE,1140.0,PE,0.0,0.0,0.0,55.6,63.45,0,0.0,500
2014-11-10,2014-11-27,OPTSTK,MINDTREE,1160.0,PE,76.2,76.2,76.2,76.2,76.2,2,6.18,750
2014-11-10,2014-11-27,OPTSTK,MINDTREE,1180.0,PE,0.0,0.0,0.0,66.25,93.45,0,0.0,0
2014-11-10,2014-11-27,OPTSTK,MINDTREE,1200.0,PE,0.0,0.0,0.0,77.35,110.15,0,0.0,0
2014-11-10,2014-11-27,OPTSTK,MINDTREE,1220.0,PE,0.0,0.0,0.0,89.35,127.65,0,0.0,0
2014-11-10,2014-11-27,OPTSTK,MINDTREE,1240.0,PE,0.0,0.0,0.0,102.25,145.85,0,0.0,0
2014-11-10,2014-11-27,OPTSTK,MINDTREE,1260.0,PE,0.0,0.0,0.0,115.95,164.55,0,0.0,0
2014-11-10,2014-11-27,OPTSTK,MINDTREE,1280.0,PE,0.0,0.0,0.0,130.5,183.65,0,0.0,0
2014-11-10,2014-11-27,OPTSTK,MINDTREE,1300.0,PE,0.0,0.0,0.0,145.65,203.0,0,0.0,0
2014-11-10,2014-11-27,OPTSTK,MINDTREE,1320.0,PE,0.0,0.0,0.0,161.45,222.55,0,0.0,0
2014-11-10,2014-11-27,OPTSTK,MINDTREE,1340.0,PE,0.0,0.0,0.0,177.8,242.25,0,0.0,0
2014-11-10,2014-11-27,OPTSTK,MINDTREE,1360.0,PE,0.0,0.0,0.0,194.7,262.05,0,0.0,0
2014-11-10,2014-11-27,OPTSTK,MINDTREE,1380.0,PE,0.0,0.0,0.0,212.0,281.85,0,0.0,0
2014-11-10,2014-11-27,OPTSTK,MINDTREE,1400.0,PE,0.0,0.0,0.0,229.7,301.7,0,0.0,0
2014-11-10,2014-11-27,OPTSTK,MINDTREE,1420.0,PE,0.0,0.0,0.0,247.7,321.6,0,0.0,0
2014-11-10,2014-12-24,OPTSTK,MINDTREE,780.0,CE,0.0,0.0,0.0,409.15,321.3,0,0.0,0
2014-11-10,2014-12-24,OPTSTK,MINDTREE,800.0,CE,0.0,0.0,0.0,412.2,301.7,0,0.0,0
2014-11-10,2014-12-24,OPTSTK,MINDTREE,820.0,CE,0.0,0.0,0.0,392.75,282.2,0,0.0,0
2014-11-10,2014-12-24,OPTSTK,MINDTREE,840.0,CE,0.0,0.0,0.0,373.4,262.9,0,0.0,0
2014-11-10,2014-12-24,OPTSTK,MINDTREE,860.0,CE,0.0,0.0,0.0,354.15,243.8,0,0.0,0
2014-11-10,2014-12-24,OPTSTK,MINDTREE,880.0,CE,0.0,0.0,0.0,335.05,225.0,0,0.0,0
2014-11-10,2014-12-24,OPTSTK,MINDTREE,900.0,CE,0.0,0.0,0.0,316.1,206.6,0,0.0,0
2014-11-10,2014-12-24,OPTSTK,MINDTREE,920.0,CE,0.0,0.0,0.0,297.35,188.65,0,0.0,0
2014-11-10,2014-12-24,OPTSTK,MINDTREE,940.0,CE,0.0,0.0,0.0,278.9,171.3,0,0.0,0
2014-11-10,2014-12-24,OPTSTK,MINDTREE,960.0,CE,0.0,0.0,0.0,260.7,154.55,0,0.0,0
2014-11-10,2014-12-24,OPTSTK,MINDTREE,980.0,CE,0.0,0.0,0.0,242.95,138.6,0,0.0,0
2014-11-10,2014-12-24,OPTSTK,MINDTREE,1000.0,CE,0.0,0.0,0.0,225.6,123.55,0,0.0,0
2014-11-10,2014-12-24,OPTSTK,MINDTREE,1020.0,CE,0.0,0.0,0.0,208.75,109.3,0,0.0,0
2014-11-10,2014-12-24,OPTSTK,MINDTREE,1040.0,CE,0.0,0.0,0.0,192.45,96.1,0,0.0,0
2014-11-10,2014-12-24,OPTSTK,MINDTREE,1060.0,CE,0.0,0.0,0.0,176.75,83.95,0,0.0,0
2014-11-10,2014-12-24,OPTSTK,MINDTREE,1080.0,CE,0.0,0.0,0.0,161.75,72.8,0,0.0,0
2014-11-10,2014-12-24,OPTSTK,MINDTREE,1100.0,CE,0.0,0.0,0.0,147.45,62.7,0,0.0,0
2014-11-10,2014-12-24,OPTSTK,MINDTREE,1120.0,CE,0.0,0.0,0.0,133.8,53.65,0,0.0,0
2014-11-10,2014-12-24,OPTSTK,MINDTREE,1140.0,CE,0.0,0.0,0.0,121.05,45.55,0,0.0,0
2014-11-10,2014-12-24,OPTSTK,MINDTREE,1160.0,CE,0.0,0.0,0.0,109.05,38.45,0,0.0,0
2014-11-10,2014-12-24,OPTSTK,MINDTREE,1180.0,CE,0.0,0.0,0.0,97.85,32.25,0,0.0,0
2014-11-10,2014-12-24,OPTSTK,MINDTREE,1200.0,CE,0.0,0.0,0.0,87.45,26.9,0,0.0,0
2014-11-10,2014-12-24,OPTSTK,MINDTREE,1220.0,CE,0.0,0.0,0.0,77.85,22.3,0,0.0,0
2014-11-10,2014-12-24,OPTSTK,MINDTREE,1240.0,CE,0.0,0.0,0.0,69.05,18.3,0,0.0,0
2014-11-10,2014-12-24,OPTSTK,MINDTREE,1260.0,CE,0.0,0.0,0.0,61.0,14.95,0,0.0,0
2014-11-10,2014-12-24,OPTSTK,MINDTREE,1280.0,CE,0.0,0.0,0.0,53.7,12.15,0,0.0,0
2014-11-10,2014-12-24,OPTSTK,MINDTREE,1300.0,CE,0.0,0.0,0.0,47.1,9.8,0,0.0,0
2014-11-10,2014-12-24,OPTSTK,MINDTREE,1320.0,CE,0.0,0.0,0.0,41.15,7.9,0,0.0,0
2014-11-10,2014-12-24,OPTSTK,MINDTREE,1340.0,CE,0.0,0.0,0.0,35.85,6.3,0,0.0,0
2014-11-10,2014-12-24,OPTSTK,MINDTREE,1360.0,CE,0.0,0.0,0.0,31.15,5.0,0,0.0,0
2014-11-10,2014-12-24,OPTSTK,MINDTREE,1380.0,CE,0.0,0.0,0.0,26.9,3.95,0,0.0,0
2014-11-10,2014-12-24,OPTSTK,MINDTREE,1400.0,CE,0.0,0.0,0.0,23.2,3.1,0,0.0,0
2014-11-10,2014-12-24,OPTSTK,MINDTREE,1420.0,CE,0.0,0.0,0.0,19.95,2.45,0,0.0,0
2014-11-10,2014-12-24,OPTSTK,MINDTREE,780.0,PE,0.0,0.0,0.0,0.2,0.3,0,0.0,0
2014-11-10,2014-12-24,OPTSTK,MINDTREE,800.0,PE,0.0,0.0,0.0,0.25,0.45,0,0.0,0
2014-11-10,2014-12-24,OPTSTK,MINDTREE,820.0,PE,0.0,0.0,0.0,0.4,0.8,0,0.0,0
2014-11-10,2014-12-24,OPTSTK,MINDTREE,840.0,PE,0.0,0.0,0.0,0.6,1.25,0,0.0,0
2014-11-10,2014-12-24,OPTSTK,MINDTREE,860.0,PE,0.0,0.0,0.0,0.9,1.95,0,0.0,0
2014-11-10,2014-12-24,OPTSTK,MINDTREE,880.0,PE,0.0,0.0,0.0,1.35,2.95,0,0.0,0
2014-11-10,2014-12-24,OPTSTK,MINDTREE,900.0,PE,0.0,0.0,0.0,1.95,4.3,0,0.0,0
2014-11-10,2014-12-24,OPTSTK,MINDTREE,920.0,PE,0.0,0.0,0.0,2.8,6.15,0,0.0,0
2014-11-10,2014-12-24,OPTSTK,MINDTREE,940.0,PE,0.0,0.0,0.0,3.9,8.6,0,0.0,0
2014-11-10,2014-12-24,OPTSTK,MINDTREE,960.0,PE,0.0,0.0,0.0,5.3,11.65,0,0.0,0
2014-11-10,2014-12-24,OPTSTK,MINDTREE,980.0,PE,0.0,0.0,0.0,7.05,15.5,0,0.0,0
2014-11-10,2014-12-24,OPTSTK,MINDTREE,1000.0,PE,0.0,0.0,0.0,9.3,20.25,0,0.0,0
2014-11-10,2014-12-24,OPTSTK,MINDTREE,1020.0,PE,0.0,0.0,0.0,12.0,25.8,0,0.0,0
2014-11-10,2014-12-24,OPTSTK,MINDTREE,1040.0,PE,0.0,0.0,0.0,15.3,32.35,0,0.0,0
2014-11-10,2014-12-24,OPTSTK,MINDTREE,1060.0,PE,0.0,0.0,0.0,19.15,40.0,0,0.0,0
2014-11-10,2014-12-24,OPTSTK,MINDTREE,1080.0,PE,0.0,0.0,0.0,23.7,48.65,0,0.0,0
2014-11-10,2014-12-24,OPTSTK,MINDTREE,1100.0,PE,0.0,0.0,0.0,28.95,58.35,0,0.0,0
2014-11-10,2014-12-24,OPTSTK,MINDTREE,1120.0,PE,0.0,0.0,0.0,34.9,69.05,0,0.0,0
2014-11-10,2014-12-24,OPTSTK,MINDTREE,1140.0,PE,0.0,0.0,0.0,41.65,80.8,0,0.0,0
2014-11-10,2014-12-24,OPTSTK,MINDTREE,1160.0,PE,0.0,0.0,0.0,49.25,93.45,0,0.0,0
2014-11-10,2014-12-24,OPTSTK,MINDTREE,1180.0,PE,0.0,0.0,0.0,57.6,107.05,0,0.0,0
2014-11-10,2014-12-24,OPTSTK,MINDTREE,1200.0,PE,0.0,0.0,0.0,66.8,121.5,0,0.0,0
2014-11-10,2014-12-24,OPTSTK,MINDTREE,1220.0,PE,0.0,0.0,0.0,76.75,136.65,0,0.0,0
2014-11-10,2014-12-24,OPTSTK,MINDTREE,1240.0,PE,0.0,0.0,0.0,87.5,152.45,0,0.0,0
2014-11-10,2014-12-24,OPTSTK,MINDTREE,1260.0,PE,0.0,0.0,0.0,99.05,168.9,0,0.0,0
2014-11-10,2014-12-24,OPTSTK,MINDTREE,1280.0,PE,0.0,0.0,0.0,111.3,185.9,0,0.0,0
2014-11-10,2014-12-24,OPTSTK,MINDTREE,1300.0,PE,0.0,0.0,0.0,124.25,203.35,0,0.0,0
2014-11-10,2014-12-24,OPTSTK,MINDTREE,1320.0,PE,0.0,0.0,0.0,137.85,221.2,0,0.0,0
2014-11-10,2014-12-24,OPTSTK,MINDTREE,1340.0,PE,0.0,0.0,0.0,152.1,239.45,0,0.0,0
2014-11-10,2014-12-24,OPTSTK,MINDTREE,1360.0,PE,0.0,0.0,0.0,167.0,257.9,0,0.0,0
2014-11-10,2014-12-24,OPTSTK,MINDTREE,1380.0,PE,0.0,0.0,0.0,182.35,276.65,0,0.0,0
2014-11-10,2014-12-24,OPTSTK,MINDTREE,1400.0,PE,0.0,0.0,0.0,198.2,295.6,0,0.0,0
2014-11-10,2014-12-24,OPTSTK,MINDTREE,1420.0,PE,0.0,0.0,0.0,214.5,314.75,0,0.0,0
2014-11-10,2015-01-29,OPTSTK,MINDTREE,780.0,CE,0.0,0.0,0.0,335.5,329.55,0,0.0,0
2014-11-10,2015-01-29,OPTSTK,MINDTREE,800.0,CE,0.0,0.0,0.0,317.25,310.75,0,0.0,0
2014-11-10,2015-01-29,OPTSTK,MINDTREE,820.0,CE,0.0,0.0,0.0,299.35,292.2,0,0.0,0
2014-11-10,2015-01-29,OPTSTK,MINDTREE,840.0,CE,0.0,0.0,0.0,281.8,273.95,0,0.0,0
2014-11-10,2015-01-29,OPTSTK,MINDTREE,860.0,CE,0.0,0.0,0.0,264.65,256.1,0,0.0,0
2014-11-10,2015-01-29,OPTSTK,MINDTREE,880.0,CE,0.0,0.0,0.0,247.95,238.65,0,0.0,0
2014-11-10,2015-01-29,OPTSTK,MINDTREE,900.0,CE,0.0,0.0,0.0,231.75,221.65,0,0.0,0
2014-11-10,2015-01-29,OPTSTK,MINDTREE,920.0,CE,0.0,0.0,0.0,216.05,205.25,0,0.0,0
2014-11-10,2015-01-29,OPTSTK,MINDTREE,940.0,CE,0.0,0.0,0.0,200.95,189.4,0,0.0,0
2014-11-10,2015-01-29,OPTSTK,MINDTREE,960.0,CE,0.0,0.0,0.0,186.5,174.2,0,0.0,0
2014-11-10,2015-01-29,OPTSTK,MINDTREE,980.0,CE,0.0,0.0,0.0,172.6,159.7,0,0.0,0
2014-11-10,2015-01-29,OPTSTK,MINDTREE,1000.0,CE,0.0,0.0,0.0,159.35,145.85,0,0.0,0
2014-11-10,2015-01-29,OPTSTK,MINDTREE,1020.0,CE,0.0,0.0,0.0,146.8,132.75,0,0.0,0
2014-11-10,2015-01-29,OPTSTK,MINDTREE,1040.0,CE,0.0,0.0,0.0,134.9,120.45,0,0.0,0
2014-11-10,2015-01-29,OPTSTK,MINDTREE,1060.0,CE,0.0,0.0,0.0,123.65,108.95,0,0.0,0
2014-11-10,2015-01-29,OPTSTK,MINDTREE,1080.0,CE,0.0,0.0,0.0,113.15,98.15,0,0.0,0
2014-11-10,2015-01-29,OPTSTK,MINDTREE,1100.0,CE,0.0,0.0,0.0,103.25,88.2,0,0.0,0
2014-11-10,2015-01-29,OPTSTK,MINDTREE,1120.0,CE,0.0,0.0,0.0,94.0,78.95,0,0.0,0
2014-11-10,2015-01-29,OPTSTK,MINDTREE,1140.0,CE,0.0,0.0,0.0,85.45,70.45,0,0.0,0
2014-11-10,2015-01-29,OPTSTK,MINDTREE,1160.0,CE,0.0,0.0,0.0,77.45,62.7,0,0.0,0
2014-11-10,2015-01-29,OPTSTK,MINDTREE,1180.0,CE,0.0,0.0,0.0,70.1,55.6,0,0.0,0
2014-11-10,2015-01-29,OPTSTK,MINDTREE,1200.0,CE,0.0,0.0,0.0,63.3,49.2,0,0.0,0
2014-11-10,2015-01-29,OPTSTK,MINDTREE,1220.0,CE,0.0,0.0,0.0,57.05,43.35,0,0.0,0
2014-11-10,2015-01-29,OPTSTK,MINDTREE,1240.0,CE,0.0,0.0,0.0,51.3,38.15,0,0.0,0
2014-11-10,2015-01-29,OPTSTK,MINDTREE,1260.0,CE,0.0,0.0,0.0,46.1,33.5,0,0.0,0
2014-11-10,2015-01-29,OPTSTK,MINDTREE,1280.0,CE,0.0,0.0,0.0,41.35,29.3,0,0.0,0
2014-11-10,2015-01-29,OPTSTK,MINDTREE,1300.0,CE,0.0,0.0,0.0,37.05,25.55,0,0.0,0
2014-11-10,2015-01-29,OPTSTK,MINDTREE,1320.0,CE,0.0,0.0,0.0,33.1,22.2,0,0.0,0
2014-11-10,2015-01-29,OPTSTK,MINDTREE,1340.0,CE,0.0,0.0,0.0,29.5,19.3,0,0.0,0
2014-11-10,2015-01-29,OPTSTK,MINDTREE,1360.0,CE,0.0,0.0,0.0,26.25,16.7,0,0.0,0
2014-11-10,2015-01-29,OPTSTK,MINDTREE,1380.0,CE,0.0,0.0,0.0,23.35,14.4,0,0.0,0
2014-11-10,2015-01-29,OPTSTK,MINDTREE,1400.0,CE,0.0,0.0,0.0,20.75,12.45,0,0.0,0
2014-11-10,2015-01-29,OPTSTK,MINDTREE,1420.0,CE,0.0,0.0,0.0,18.4,10.7,0,0.0,0
2014-11-10,2015-01-29,OPTSTK,MINDTREE,780.0,PE,0.0,0.0,0.0,4.0,1.9,0,0.0,0
2014-11-10,2015-01-29,OPTSTK,MINDTREE,800.0,PE,0.0,0.0,0.0,5.3,2.75,0,0.0,0
2014-11-10,2015-01-29,OPTSTK,MINDTREE,820.0,PE,0.0,0.0,0.0,6.95,3.8,0,0.0,0
2014-11-10,2015-01-29,OPTSTK,MINDTREE,840.0,PE,0.0,0.0,0.0,8.95,5.2,0,0.0,0
2014-11-10,2015-01-29,OPTSTK,MINDTREE,860.0,PE,0.0,0.0,0.0,11.35,6.95,0,0.0,0
2014-11-10,2015-01-29,OPTSTK,MINDTREE,880.0,PE,0.0,0.0,0.0,14.25,9.1,0,0.0,0
2014-11-10,2015-01-29,OPTSTK,MINDTREE,900.0,PE,0.0,0.0,0.0,17.6,11.75,0,0.0,0
2014-11-10,2015-01-29,OPTSTK,MINDTREE,920.0,PE,0.0,0.0,0.0,21.5,14.95,0,0.0,0
2014-11-10,2015-01-29,OPTSTK,MINDTREE,940.0,PE,0.0,0.0,0.0,26.0,18.75,0,0.0,0
2014-11-10,2015-01-29,OPTSTK,MINDTREE,960.0,PE,0.0,0.0,0.0,31.1,23.15,0,0.0,0
2014-11-10,2015-01-29,OPTSTK,MINDTREE,980.0,PE,0.0,0.0,0.0,36.75,28.25,0,0.0,0
2014-11-10,2015-01-29,OPTSTK,MINDTREE,1000.0,PE,0.0,0.0,0.0,43.05,34.05,0,0.0,0
2014-11-10,2015-01-29,OPTSTK,MINDTREE,1020.0,PE,0.0,0.0,0.0,50.05,40.6,0,0.0,0
2014-11-10,2015-01-29,OPTSTK,MINDTREE,1040.0,PE,0.0,0.0,0.0,57.75,47.9,0,0.0,0
2014-11-10,2015-01-29,OPTSTK,MINDTREE,1060.0,PE,0.0,0.0,0.0,66.1,56.0,0,0.0,0
2014-11-10,2015-01-29,OPTSTK,MINDTREE,1080.0,PE,0.0,0.0,0.0,75.1,64.85,0,0.0,0
2014-11-10,2015-01-29,OPTSTK,MINDTREE,1100.0,PE,0.0,0.0,0.0,84.8,74.5,0,0.0,0
2014-11-10,2015-01-29,OPTSTK,MINDTREE,1120.0,PE,0.0,0.0,0.0,95.15,84.9,0,0.0,0
2014-11-10,2015-01-29,OPTSTK,MINDTREE,1140.0,PE,0.0,0.0,0.0,106.15,96.0,0,0.0,0
2014-11-10,2015-01-29,OPTSTK,MINDTREE,1160.0,PE,0.0,0.0,0.0,117.75,107.85,0,0.0,0
2014-11-10,2015-01-29,OPTSTK,MINDTREE,1180.0,PE,0.0,0.0,0.0,129.95,120.4,0,0.0,0
2014-11-10,2015-01-29,OPTSTK,MINDTREE,1200.0,PE,0.0,0.0,0.0,142.7,133.6,0,0.0,0
2014-11-10,2015-01-29,OPTSTK,MINDTREE,1220.0,PE,0.0,0.0,0.0,156.05,147.4,0,0.0,0
2014-11-10,2015-01-29,OPTSTK,MINDTREE,1240.0,PE,0.0,0.0,0.0,169.85,161.8,0,0.0,0
2014-11-10,2015-01-29,OPTSTK,MINDTREE,1260.0,PE,0.0,0.0,0.0,184.2,176.75,0,0.0,0
2014-11-10,2015-01-29,OPTSTK,MINDTREE,1280.0,PE,0.0,0.0,0.0,199.05,192.2,0,0.0,0
2014-11-10,2015-01-29,OPTSTK,MINDTREE,1300.0,PE,0.0,0.0,0.0,214.3,208.05,0,0.0,0
2014-11-10,2015-01-29,OPTSTK,MINDTREE,1320.0,PE,0.0,0.0,0.0,229.9,224.35,0,0.0,0
2014-11-10,2015-01-29,OPTSTK,MINDTREE,1340.0,PE,0.0,0.0,0.0,245.85,241.05,0,0.0,0
2014-11-10,2015-01-29,OPTSTK,MINDTREE,1360.0,PE,0.0,0.0,0.0,262.2,258.05,0,0.0,0
2014-11-10,2015-01-29,OPTSTK,MINDTREE,1380.0,PE,0.0,0.0,0.0,278.85,275.4,0,0.0,0
2014-11-10,2015-01-29,OPTSTK,MINDTREE,1400.0,PE,0.0,0.0,0.0,295.8,293.05,0,0.0,0
2014-11-10,2015-01-29,OPTSTK,MINDTREE,1420.0,PE,0.0,0.0,0.0,313.05,310.95,0,0.0,0
2014-11-10,2014-11-27,OPTSTK,MOTHERSUMI,270.0,CE,0.0,0.0,0.0,128.15,141.4,0,0.0,0
2014-11-10,2014-11-27,OPTSTK,MOTHERSUMI,280.0,CE,0.0,0.0,0.0,118.6,131.45,0,0.0,0
2014-11-10,2014-11-27,OPTSTK,MOTHERSUMI,290.0,CE,0.0,0.0,0.0,109.1,121.45,0,0.0,0
2014-11-10,2014-11-27,OPTSTK,MOTHERSUMI,300.0,CE,0.0,0.0,0.0,99.85,111.5,0,0.0,0
2014-11-10,2014-11-27,OPTSTK,MOTHERSUMI,310.0,CE,0.0,0.0,0.0,90.8,101.55,0,0.0,0
2014-11-10,2014-11-27,OPTSTK,MOTHERSUMI,320.0,CE,0.0,0.0,0.0,82.05,91.65,0,0.0,0
2014-11-10,2014-11-27,OPTSTK,MOTHERSUMI,330.0,CE,0.0,0.0,0.0,73.6,81.75,0,0.0,0
2014-11-10,2014-11-27,OPTSTK,MOTHERSUMI,340.0,CE,0.0,0.0,0.0,65.6,71.95,0,0.0,0
2014-11-10,2014-11-27,OPTSTK,MOTHERSUMI,350.0,CE,0.0,0.0,0.0,58.05,62.35,0,0.0,0
2014-11-10,2014-11-27,OPTSTK,MOTHERSUMI,360.0,CE,0.0,0.0,0.0,51.0,53.05,0,0.0,0
2014-11-10,2014-11-27,OPTSTK,MOTHERSUMI,370.0,CE,0.0,0.0,0.0,44.5,44.2,0,0.0,0
2014-11-10,2014-11-27,OPTSTK,MOTHERSUMI,380.0,CE,56.0,56.0,56.0,56.0,56.0,1,2.18,5000
2014-11-10,2014-11-27,OPTSTK,MOTHERSUMI,390.0,CE,0.0,0.0,0.0,15.35,28.55,0,0.0,2000
2014-11-10,2014-11-27,OPTSTK,MOTHERSUMI,400.0,CE,30.65,30.65,15.5,19.8,19.8,45,94.27,17000
2014-11-10,2014-11-27,OPTSTK,MOTHERSUMI,410.0,CE,32.45,32.45,10.75,14.6,14.6,341,724.0,50500
2014-11-10,2014-11-27,OPTSTK,MOTHERSUMI,420.0,CE,26.0,26.55,7.4,10.35,10.35,686,1481.79,85000
2014-11-10,2014-11-27,OPTSTK,MOTHERSUMI,430.0,CE,18.95,22.95,5.5,7.15,7.15,782,1720.9,61500
2014-11-10,2014-11-27,OPTSTK,MOTHERSUMI,440.0,CE,15.0,16.85,3.8,4.9,4.9,711,1596.21,104500
2014-11-10,2014-11-27,OPTSTK,MOTHERSUMI,450.0,CE,12.0,12.9,2.65,3.15,3.15,363,827.65,51000
2014-11-10,2014-11-27,OPTSTK,MOTHERSUMI,460.0,CE,8.05,9.5,2.0,2.15,2.15,149,346.47,34000
2014-11-10,2014-11-27,OPTSTK,MOTHERSUMI,470.0,CE,6.7,6.75,1.4,1.55,1.55,63,148.99,12000
2014-11-10,2014-11-27,OPTSTK,MOTHERSUMI,480.0,CE,4.45,4.7,1.0,1.25,1.25,48,115.78,10000
2014-11-10,2014-11-27,OPTSTK,MOTHERSUMI,490.0,CE,1.25,1.25,0.85,0.85,0.85,4,9.82,2500
2014-11-10,2014-11-27,OPTSTK,MOTHERSUMI,500.0,CE,0.0,0.0,0.0,4.1,0.35,0,0.0,0
2014-11-10,2014-11-27,OPTSTK,MOTHERSUMI,510.0,CE,0.0,0.0,0.0,3.3,0.2,0,0.0,0
2014-11-10,2014-11-27,OPTSTK,MOTHERSUMI,520.0,CE,0.0,0.0,0.0,2.6,0.1,0,0.0,0
2014-11-10,2014-11-27,OPTSTK,MOTHERSUMI,270.0,PE,0.0,0.0,0.0,0.3,0.0,0,0.0,0
2014-11-10,2014-11-27,OPTSTK,MOTHERSUMI,280.0,PE,0.0,0.0,0.0,0.55,0.0,0,0.0,0
2014-11-10,2014-11-27,OPTSTK,MOTHERSUMI,290.0,PE,0.0,0.0,0.0,0.9,0.0,0,0.0,0
2014-11-10,2014-11-27,OPTSTK,MOTHERSUMI,300.0,PE,0.0,0.0,0.0,1.4,0.0,0,0.0,0
2014-11-10,2014-11-27,OPTSTK,MOTHERSUMI,310.0,PE,0.0,0.0,0.0,2.2,0.05,0,0.0,0
2014-11-10,2014-11-27,OPTSTK,MOTHERSUMI,320.0,PE,0.0,0.0,0.0,3.25,0.05,0,0.0,0
2014-11-10,2014-11-27,OPTSTK,MOTHERSUMI,330.0,PE,0.0,0.0,0.0,4.6,0.15,0,0.0,0
2014-11-10,2014-11-27,OPTSTK,MOTHERSUMI,340.0,PE,0.0,0.0,0.0,6.45,0.3,0,0.0,0
2014-11-10,2014-11-27,OPTSTK,MOTHERSUMI,350.0,PE,0.0,0.0,0.0,8.7,0.65,0,0.0,0
2014-11-10,2014-11-27,OPTSTK,MOTHERSUMI,360.0,PE,0.0,0.0,0.0,2.1,1.3,0,0.0,2000
2014-11-10,2014-11-27,OPTSTK,MOTHERSUMI,370.0,PE,2.0,3.9,2.0,2.8,2.8,29,54.07,7000
2014-11-10,2014-11-27,OPTSTK,MOTHERSUMI,380.0,PE,1.2,5.5,1.2,3.65,3.65,123,236.31,26500
2014-11-10,2014-11-27,OPTSTK,MOTHERSUMI,390.0,PE,4.0,9.05,3.75,6.15,6.15,118,234.16,18500
2014-11-10,2014-11-27,OPTSTK,MOTHERSUMI,400.0,PE,5.15,13.5,5.15,9.65,9.65,859,1760.97,53500
2014-11-10,2014-11-27,OPTSTK,MOTHERSUMI,410.0,PE,8.3,18.55,8.15,14.05,14.05,391,830.41,35500
2014-11-10,2014-11-27,OPTSTK,MOTHERSUMI,420.0,PE,11.2,24.95,11.2,19.25,19.25,616,1344.76,33000
2014-11-10,2014-11-27,OPTSTK,MOTHERSUMI,430.0,PE,14.0,32.4,13.3,25.5,25.5,161,363.33,13500
2014-11-10,2014-11-27,OPTSTK,MOTHERSUMI,440.0,PE,21.1,33.3,19.7,33.3,33.3,33,77.02,4000
2014-11-10,2014-11-27,OPTSTK,MOTHERSUMI,450.0,PE,28.75,28.75,28.75,28.75,28.75,1,2.39,500
2014-11-10,2014-11-27,OPTSTK,MOTHERSUMI,460.0,PE,0.0,0.0,0.0,33.0,50.4,0,0.0,500
2014-11-10,2014-11-27,OPTSTK,MOTHERSUMI,470.0,PE,0.0,0.0,0.0,76.1,59.45,0,0.0,0
2014-11-10,2014-11-27,OPTSTK,MOTHERSUMI,480.0,PE,0.0,0.0,0.0,52.5,68.8,0,0.0,1000
2014-11-10,2014-11-27,OPTSTK,MOTHERSUMI,490.0,PE,0.0,0.0,0.0,93.05,78.35,0,0.0,0
2014-11-10,2014-11-27,OPTSTK,MOTHERSUMI,500.0,PE,0.0,0.0,0.0,101.85,88.1,0,0.0,0
2014-11-10,2014-11-27,OPTSTK,MOTHERSUMI,510.0,PE,0.0,0.0,0.0,110.85,97.9,0,0.0,0
2014-11-10,2014-11-27,OPTSTK,MOTHERSUMI,520.0,PE,0.0,0.0,0.0,120.0,107.75,0,0.0,0
2014-11-10,2014-12-24,OPTSTK,MOTHERSUMI,270.0,CE,0.0,0.0,0.0,139.6,143.2,0,0.0,0
2014-11-10,2014-12-24,OPTSTK,MOTHERSUMI,280.0,CE,0.0,0.0,0.0,130.45,133.35,0,0.0,0
2014-11-10,2014-12-24,OPTSTK,MOTHERSUMI,290.0,CE,0.0,0.0,0.0,121.45,123.55,0,0.0,0
2014-11-10,2014-12-24,OPTSTK,MOTHERSUMI,300.0,CE,0.0,0.0,0.0,112.7,113.8,0,0.0,0
2014-11-10,2014-12-24,OPTSTK,MOTHERSUMI,310.0,CE,0.0,0.0,0.0,104.25,104.15,0,0.0,0
2014-11-10,2014-12-24,OPTSTK,MOTHERSUMI,320.0,CE,0.0,0.0,0.0,96.1,94.7,0,0.0,0
2014-11-10,2014-12-24,OPTSTK,MOTHERSUMI,330.0,CE,0.0,0.0,0.0,88.25,85.45,0,0.0,0
2014-11-10,2014-12-24,OPTSTK,MOTHERSUMI,340.0,CE,0.0,0.0,0.0,80.8,76.5,0,0.0,0
2014-11-10,2014-12-24,OPTSTK,MOTHERSUMI,350.0,CE,0.0,0.0,0.0,73.65,67.9,0,0.0,0
2014-11-10,2014-12-24,OPTSTK,MOTHERSUMI,360.0,CE,0.0,0.0,0.0,66.95,59.7,0,0.0,0
2014-11-10,2014-12-24,OPTSTK,MOTHERSUMI,370.0,CE,0.0,0.0,0.0,60.65,52.05,0,0.0,0
2014-11-10,2014-12-24,OPTSTK,MOTHERSUMI,380.0,CE,0.0,0.0,0.0,54.75,44.95,0,0.0,0
2014-11-10,2014-12-24,OPTSTK,MOTHERSUMI,390.0,CE,0.0,0.0,0.0,49.25,38.4,0,0.0,0
2014-11-10,2014-12-24,OPTSTK,MOTHERSUMI,400.0,CE,0.0,0.0,0.0,44.2,32.55,0,0.0,0
2014-11-10,2014-12-24,OPTSTK,MOTHERSUMI,410.0,CE,0.0,0.0,0.0,39.55,27.3,0,0.0,0
2014-11-10,2014-12-24,OPTSTK,MOTHERSUMI,420.0,CE,0.0,0.0,0.0,35.25,22.65,0,0.0,0
2014-11-10,2014-12-24,OPTSTK,MOTHERSUMI,430.0,CE,0.0,0.0,0.0,31.35,18.65,0,0.0,0
2014-11-10,2014-12-24,OPTSTK,MOTHERSUMI,440.0,CE,0.0,0.0,0.0,27.8,15.2,0,0.0,0
2014-11-10,2014-12-24,OPTSTK,MOTHERSUMI,450.0,CE,0.0,0.0,0.0,24.6,12.25,0,0.0,0
2014-11-10,2014-12-24,OPTSTK,MOTHERSUMI,460.0,CE,0.0,0.0,0.0,21.7,9.85,0,0.0,0
2014-11-10,2014-12-24,OPTSTK,MOTHERSUMI,470.0,CE,0.0,0.0,0.0,19.1,7.8,0,0.0,0
2014-11-10,2014-12-24,OPTSTK,MOTHERSUMI,480.0,CE,0.0,0.0,0.0,16.8,6.15,0,0.0,0
2014-11-10,2014-12-24,OPTSTK,MOTHERSUMI,490.0,CE,0.0,0.0,0.0,14.75,4.8,0,0.0,0
2014-11-10,2014-12-24,OPTSTK,MOTHERSUMI,500.0,CE,0.0,0.0,0.0,12.9,3.7,0,0.0,0
2014-11-10,2014-12-24,OPTSTK,MOTHERSUMI,510.0,CE,0.0,0.0,0.0,11.25,2.85,0,0.0,0
2014-11-10,2014-12-24,OPTSTK,MOTHERSUMI,520.0,CE,0.0,0.0,0.0,9.8,2.2,0,0.0,0
2014-11-10,2014-12-24,OPTSTK,MOTHERSUMI,270.0,PE,0.0,0.0,0.0,1.35,0.05,0,0.0,0
2014-11-10,2014-12-24,OPTSTK,MOTHERSUMI,280.0,PE,0.0,0.0,0.0,2.0,0.1,0,0.0,0
2014-11-10,2014-12-24,OPTSTK,MOTHERSUMI,290.0,PE,0.0,0.0,0.0,2.8,0.2,0,0.0,0
2014-11-10,2014-12-24,OPTSTK,MOTHERSUMI,300.0,PE,0.0,0.0,0.0,3.85,0.35,0,0.0,0
2014-11-10,2014-12-24,OPTSTK,MOTHERSUMI,310.0,PE,0.0,0.0,0.0,5.15,0.6,0,0.0,0
2014-11-10,2014-12-24,OPTSTK,MOTHERSUMI,320.0,PE,0.0,0.0,0.0,6.75,1.05,0,0.0,0
2014-11-10,2014-12-24,OPTSTK,MOTHERSUMI,330.0,PE,0.0,0.0,0.0,8.7,1.7,0,0.0,0
2014-11-10,2014-12-24,OPTSTK,MOTHERSUMI,340.0,PE,0.0,0.0,0.0,11.0,2.65,0,0.0,0
2014-11-10,2014-12-24,OPTSTK,MOTHERSUMI,350.0,PE,0.0,0.0,0.0,13.7,3.95,0,0.0,0
2014-11-10,2014-12-24,OPTSTK,MOTHERSUMI,360.0,PE,0.0,0.0,0.0,16.75,5.65,0,0.0,0
2014-11-10,2014-12-24,OPTSTK,MOTHERSUMI,370.0,PE,0.0,0.0,0.0,20.2,7.9,0,0.0,0
2014-11-10,2014-12-24,OPTSTK,MOTHERSUMI,380.0,PE,0.0,0.0,0.0,24.1,10.65,0,0.0,0
2014-11-10,2014-12-24,OPTSTK,MOTHERSUMI,390.0,PE,0.0,0.0,0.0,28.4,14.05,0,0.0,0
2014-11-10,2014-12-24,OPTSTK,MOTHERSUMI,400.0,PE,0.0,0.0,0.0,33.15,18.05,0,0.0,0
2014-11-10,2014-12-24,OPTSTK,MOTHERSUMI,410.0,PE,0.0,0.0,0.0,38.25,22.7,0,0.0,0
2014-11-10,2014-12-24,OPTSTK,MOTHERSUMI,420.0,PE,0.0,0.0,0.0,43.75,27.95,0,0.0,0
2014-11-10,2014-12-24,OPTSTK,MOTHERSUMI,430.0,PE,0.0,0.0,0.0,49.65,33.85,0,0.0,0
2014-11-10,2014-12-24,OPTSTK,MOTHERSUMI,440.0,PE,0.0,0.0,0.0,55.85,40.3,0,0.0,0
2014-11-10,2014-12-24,OPTSTK,MOTHERSUMI,450.0,PE,0.0,0.0,0.0,62.45,47.25,0,0.0,0
2014-11-10,2014-12-24,OPTSTK,MOTHERSUMI,460.0,PE,0.0,0.0,0.0,69.3,54.7,0,0.0,0
2014-11-10,2014-12-24,OPTSTK,MOTHERSUMI,470.0,PE,0.0,0.0,0.0,76.55,62.6,0,0.0,0
2014-11-10,2014-12-24,OPTSTK,MOTHERSUMI,480.0,PE,0.0,0.0,0.0,84.0,70.8,0,0.0,0
2014-11-10,2014-12-24,OPTSTK,MOTHERSUMI,490.0,PE,0.0,0.0,0.0,91.7,79.35,0,0.0,0
2014-11-10,2014-12-24,OPTSTK,MOTHERSUMI,500.0,PE,0.0,0.0,0.0,99.65,88.2,0,0.0,0
2014-11-10,2014-12-24,OPTSTK,MOTHERSUMI,510.0,PE,0.0,0.0,0.0,107.75,97.2,0,0.0,0
2014-11-10,2014-12-24,OPTSTK,MOTHERSUMI,520.0,PE,0.0,0.0,0.0,116.1,106.45,0,0.0,0
2014-11-10,2015-01-29,OPTSTK,MOTHERSUMI,270.0,CE,0.0,0.0,0.0,161.55,145.85,0,0.0,0
2014-11-10,2015-01-29,OPTSTK,MOTHERSUMI,280.0,CE,0.0,0.0,0.0,152.05,136.3,0,0.0,0
2014-11-10,2015-01-29,OPTSTK,MOTHERSUMI,290.0,CE,0.0,0.0,0.0,142.6,126.9,0,0.0,0
2014-11-10,2015-01-29,OPTSTK,MOTHERSUMI,300.0,CE,0.0,0.0,0.0,133.35,117.65,0,0.0,0
2014-11-10,2015-01-29,OPTSTK,MOTHERSUMI,310.0,CE,0.0,0.0,0.0,124.25,108.6,0,0.0,0
2014-11-10,2015-01-29,OPTSTK,MOTHERSUMI,320.0,CE,0.0,0.0,0.0,115.4,99.8,0,0.0,0
2014-11-10,2015-01-29,OPTSTK,MOTHERSUMI,330.0,CE,0.0,0.0,0.0,106.75,91.25,0,0.0,0
2014-11-10,2015-01-29,OPTSTK,MOTHERSUMI,340.0,CE,0.0,0.0,0.0,98.45,83.1,0,0.0,0
2014-11-10,2015-01-29,OPTSTK,MOTHERSUMI,350.0,CE,0.0,0.0,0.0,90.4,75.25,0,0.0,0
2014-11-10,2015-01-29,OPTSTK,MOTHERSUMI,360.0,CE,0.0,0.0,0.0,82.7,67.85,0,0.0,0
2014-11-10,2015-01-29,OPTSTK,MOTHERSUMI,370.0,CE,0.0,0.0,0.0,75.4,60.9,0,0.0,0
2014-11-10,2015-01-29,OPTSTK,MOTHERSUMI,380.0,CE,0.0,0.0,0.0,68.5,54.35,0,0.0,0
2014-11-10,2015-01-29,OPTSTK,MOTHERSUMI,390.0,CE,0.0,0.0,0.0,61.95,48.3,0,0.0,0
2014-11-10,2015-01-29,OPTSTK,MOTHERSUMI,400.0,CE,0.0,0.0,0.0,55.85,42.7,0,0.0,0
2014-11-10,2015-01-29,OPTSTK,MOTHERSUMI,410.0,CE,0.0,0.0,0.0,50.15,37.6,0,0.0,0
2014-11-10,2015-01-29,OPTSTK,MOTHERSUMI,420.0,CE,0.0,0.0,0.0,44.9,32.95,0,0.0,0
2014-11-10,2015-01-29,OPTSTK,MOTHERSUMI,430.0,CE,0.0,0.0,0.0,40.05,28.75,0,0.0,0
2014-11-10,2015-01-29,OPTSTK,MOTHERSUMI,440.0,CE,0.0,0.0,0.0,35.6,25.0,0,0.0,0
2014-11-10,2015-01-29,OPTSTK,MOTHERSUMI,450.0,CE,0.0,0.0,0.0,31.55,21.6,0,0.0,0
2014-11-10,2015-01-29,OPTSTK,MOTHERSUMI,460.0,CE,0.0,0.0,0.0,27.9,18.6,0,0.0,0
2014-11-10,2015-01-29,OPTSTK,MOTHERSUMI,470.0,CE,0.0,0.0,0.0,24.55,16.0,0,0.0,0
2014-11-10,2015-01-29,OPTSTK,MOTHERSUMI,480.0,CE,0.0,0.0,0.0,21.55,13.7,0,0.0,0
2014-11-10,2015-01-29,OPTSTK,MOTHERSUMI,490.0,CE,0.0,0.0,0.0,18.9,11.65,0,0.0,0
2014-11-10,2015-01-29,OPTSTK,MOTHERSUMI,500.0,CE,0.0,0.0,0.0,16.5,9.9,0,0.0,0
2014-11-10,2015-01-29,OPTSTK,MOTHERSUMI,510.0,CE,0.0,0.0,0.0,14.4,8.4,0,0.0,0
2014-11-10,2015-01-29,OPTSTK,MOTHERSUMI,520.0,CE,0.0,0.0,0.0,12.5,7.1,0,0.0,0
2014-11-10,2015-01-29,OPTSTK,MOTHERSUMI,270.0,PE,0.0,0.0,0.0,0.45,0.45,0,0.0,0
2014-11-10,2015-01-29,OPTSTK,MOTHERSUMI,280.0,PE,0.0,0.0,0.0,0.75,0.7,0,0.0,0
2014-11-10,2015-01-29,OPTSTK,MOTHERSUMI,290.0,PE,0.0,0.0,0.0,1.1,1.1,0,0.0,0
2014-11-10,2015-01-29,OPTSTK,MOTHERSUMI,300.0,PE,0.0,0.0,0.0,1.65,1.65,0,0.0,0
2014-11-10,2015-01-29,OPTSTK,MOTHERSUMI,310.0,PE,0.0,0.0,0.0,2.35,2.4,0,0.0,0
2014-11-10,2015-01-29,OPTSTK,MOTHERSUMI,320.0,PE,0.0,0.0,0.0,3.25,3.4,0,0.0,0
2014-11-10,2015-01-29,OPTSTK,MOTHERSUMI,330.0,PE,0.0,0.0,0.0,4.4,4.7,0,0.0,0
2014-11-10,2015-01-29,OPTSTK,MOTHERSUMI,340.0,PE,0.0,0.0,0.0,5.85,6.35,0,0.0,0
2014-11-10,2015-01-29,OPTSTK,MOTHERSUMI,350.0,PE,0.0,0.0,0.0,7.6,8.35,0,0.0,0
2014-11-10,2015-01-29,OPTSTK,MOTHERSUMI,360.0,PE,0.0,0.0,0.0,9.7,10.75,0,0.0,0
2014-11-10,2015-01-29,OPTSTK,MOTHERSUMI,370.0,PE,0.0,0.0,0.0,12.2,13.6,0,0.0,0
2014-11-10,2015-01-29,OPTSTK,MOTHERSUMI,380.0,PE,0.0,0.0,0.0,15.05,16.85,0,0.0,0
2014-11-10,2015-01-29,OPTSTK,MOTHERSUMI,390.0,PE,0.0,0.0,0.0,18.3,20.6,0,0.0,0
2014-11-10,2015-01-29,OPTSTK,MOTHERSUMI,400.0,PE,0.0,0.0,0.0,21.95,24.85,0,0.0,0
2014-11-10,2015-01-29,OPTSTK,MOTHERSUMI,410.0,PE,0.0,0.0,0.0,26.05,29.55,0,0.0,0
2014-11-10,2015-01-29,OPTSTK,MOTHERSUMI,420.0,PE,0.0,0.0,0.0,30.6,34.7,0,0.0,0
2014-11-10,2015-01-29,OPTSTK,MOTHERSUMI,430.0,PE,0.0,0.0,0.0,35.55,40.3,0,0.0,0
2014-11-10,2015-01-29,OPTSTK,MOTHERSUMI,440.0,PE,0.0,0.0,0.0,40.85,46.35,0,0.0,0
2014-11-10,2015-01-29,OPTSTK,MOTHERSUMI,450.0,PE,0.0,0.0,0.0,46.6,52.8,0,0.0,0
2014-11-10,2015-01-29,OPTSTK,MOTHERSUMI,460.0,PE,0.0,0.0,0.0,52.7,59.6,0,0.0,0
2014-11-10,2015-01-29,OPTSTK,MOTHERSUMI,470.0,PE,0.0,0.0,0.0,59.15,66.8,0,0.0,0
2014-11-10,2015-01-29,OPTSTK,MOTHERSUMI,480.0,PE,0.0,0.0,0.0,65.95,74.3,0,0.0,0
2014-11-10,2015-01-29,OPTSTK,MOTHERSUMI,490.0,PE,0.0,0.0,0.0,73.05,82.1,0,0.0,0
2014-11-10,2015-01-29,OPTSTK,MOTHERSUMI,500.0,PE,0.0,0.0,0.0,80.5,90.15,0,0.0,0
2014-11-10,2015-01-29,OPTSTK,MOTHERSUMI,510.0,PE,0.0,0.0,0.0,88.15,98.45,0,0.0,0
2014-11-10,2015-01-29,OPTSTK,MOTHERSUMI,520.0,PE,0.0,0.0,0.0,96.05,106.95,0,0.0,0
2014-11-10,2014-11-27,OPTSTK,MRF,23050.0,CE,0.0,0.0,0.0,2058.25,9421.85,0,0.0,0
2014-11-10,2014-11-27,OPTSTK,MRF,23100.0,CE,0.0,0.0,0.0,2025.75,9372.05,0,0.0,0
2014-11-10,2014-11-27,OPTSTK,MRF,23150.0,CE,0.0,0.0,0.0,1993.5,9322.25,0,0.0,0
2014-11-10,2014-11-27,OPTSTK,MRF,23200.0,CE,0.0,0.0,0.0,1961.6,9272.45,0,0.0,0
2014-11-10,2014-11-27,OPTSTK,MRF,23250.0,CE,0.0,0.0,0.0,1930.0,9222.6,0,0.0,0
2014-11-10,2014-11-27,OPTSTK,MRF,23300.0,CE,0.0,0.0,0.0,1898.7,9172.8,0,0.0,0
2014-11-10,2014-11-27,OPTSTK,MRF,23350.0,CE,0.0,0.0,0.0,1867.7,9123.0,0,0.0,0
2014-11-10,2014-11-27,OPTSTK,MRF,23400.0,CE,0.0,0.0,0.0,1837.05,9073.2,0,0.0,0
2014-11-10,2014-11-27,OPTSTK,MRF,23450.0,CE,0.0,0.0,0.0,1806.7,9023.4,0,0.0,0
2014-11-10,2014-11-27,OPTSTK,MRF,23500.0,CE,0.0,0.0,0.0,1776.65,8973.6,0,0.0,0
2014-11-10,2014-11-27,OPTSTK,MRF,23550.0,CE,0.0,0.0,0.0,1746.9,8923.8,0,0.0,0
2014-11-10,2014-11-27,OPTSTK,MRF,23600.0,CE,0.0,0.0,0.0,1717.5,8874.0,0,0.0,0
2014-11-10,2014-11-27,OPTSTK,MRF,23650.0,CE,0.0,0.0,0.0,1688.4,8824.2,0,0.0,0
2014-11-10,2014-11-27,OPTSTK,MRF,23700.0,CE,0.0,0.0,0.0,1659.6,8774.4,0,0.0,0
2014-11-10,2014-11-27,OPTSTK,MRF,23750.0,CE,0.0,0.0,0.0,1631.15,8724.6,0,0.0,0
2014-11-10,2014-11-27,OPTSTK,MRF,23800.0,CE,0.0,0.0,0.0,1603.0,8674.8,0,0.0,0
2014-11-10,2014-11-27,OPTSTK,MRF,23850.0,CE,0.0,0.0,0.0,1575.15,8625.0,0,0.0,0
2014-11-10,2014-11-27,OPTSTK,MRF,23900.0,CE,0.0,0.0,0.0,1547.65,8575.2,0,0.0,0
2014-11-10,2014-11-27,OPTSTK,MRF,23950.0,CE,0.0,0.0,0.0,1520.45,8525.4,0,0.0,0
2014-11-10,2014-11-27,OPTSTK,MRF,24000.0,CE,0.0,0.0,0.0,1493.55,8475.6,0,0.0,0
2014-11-10,2014-11-27,OPTSTK,MRF,24050.0,CE,0.0,0.0,0.0,1467.0,8425.8,0,0.0,0
2014-11-10,2014-11-27,OPTSTK,MRF,24100.0,CE,0.0,0.0,0.0,1440.75,8376.0,0,0.0,0
2014-11-10,2014-11-27,OPTSTK,MRF,24150.0,CE,0.0,0.0,0.0,1414.8,8326.2,0,0.0,0
2014-11-10,2014-11-27,OPTSTK,MRF,24200.0,CE,0.0,0.0,0.0,1389.2,8276.4,0,0.0,0
2014-11-10,2014-11-27,OPTSTK,MRF,24250.0,CE,0.0,0.0,0.0,1363.9,8226.55,0,0.0,0
2014-11-10,2014-11-27,OPTSTK,MRF,24300.0,CE,0.0,0.0,0.0,1338.95,8176.75,0,0.0,0
2014-11-10,2014-11-27,OPTSTK,MRF,24350.0,CE,0.0,0.0,0.0,1314.3,8126.95,0,0.0,0
2014-11-10,2014-11-27,OPTSTK,MRF,24400.0,CE,0.0,0.0,0.0,1289.85,8077.15,0,0.0,0
2014-11-10,2014-11-27,OPTSTK,MRF,24450.0,CE,0.0,0.0,0.0,1265.8,8027.35,0,0.0,0
2014-11-10,2014-11-27,OPTSTK,MRF,24500.0,CE,0.0,0.0,0.0,1242.1,7977.55,0,0.0,0
2014-11-10,2014-11-27,OPTSTK,MRF,24550.0,CE,0.0,0.0,0.0,1218.7,7927.75,0,0.0,0
2014-11-10,2014-11-27,OPTSTK,MRF,24600.0,CE,0.0,0.0,0.0,1195.6,7877.95,0,0.0,0
2014-11-10,2014-11-27,OPTSTK,MRF,24650.0,CE,0.0,0.0,0.0,1172.85,7828.15,0,0.0,0
2014-11-10,2014-11-27,OPTSTK,MRF,24700.0,CE,0.0,0.0,0.0,1150.35,7778.35,0,0.0,0
2014-11-10,2014-11-27,OPTSTK,MRF,24750.0,CE,0.0,0.0,0.0,1128.2,7728.55,0,0.0,0
2014-11-10,2014-11-27,OPTSTK,MRF,24800.0,CE,0.0,0.0,0.0,1106.35,7678.75,0,0.0,0
2014-11-10,2014-11-27,OPTSTK,MRF,24850.0,CE,0.0,0.0,0.0,1084.8,7628.95,0,0.0,0
2014-11-10,2014-11-27,OPTSTK,MRF,24900.0,CE,0.0,0.0,0.0,1063.55,7579.15,0,0.0,0
2014-11-10,2014-11-27,OPTSTK,MRF,24950.0,CE,0.0,0.0,0.0,1042.65,7529.35,0,0.0,0
2014-11-10,2014-11-27,OPTSTK,MRF,25000.0,CE,0.0,0.0,0.0,1022.0,7479.55,0,0.0,0
2014-11-10,2014-11-27,OPTSTK,MRF,25050.0,CE,0.0,0.0,0.0,1001.65,7429.75,0,0.0,0
2014-11-10,2014-11-27,OPTSTK,MRF,25100.0,CE,0.0,0.0,0.0,2032.0,7379.95,0,0.0,0
2014-11-10,2014-11-27,OPTSTK,MRF,25150.0,CE,0.0,0.0,0.0,2006.05,7330.15,0,0.0,0
2014-11-10,2014-11-27,OPTSTK,MRF,25200.0,CE,0.0,0.0,0.0,1980.3,7280.35,0,0.0,0
2014-11-10,2014-11-27,OPTSTK,MRF,25250.0,CE,0.0,0.0,0.0,1954.8,7230.55,0,0.0,0
2014-11-10,2014-11-27,OPTSTK,MRF,25300.0,CE,0.0,0.0,0.0,1929.55,7180.75,0,0.0,0
2014-11-10,2014-11-27,OPTSTK,MRF,25350.0,CE,0.0,0.0,0.0,1904.55,7130.95,0,0.0,0
2014-11-10,2014-11-27,OPTSTK,MRF,25400.0,CE,0.0,0.0,0.0,1879.75,7081.15,0,0.0,0
2014-11-10,2014-11-27,OPTSTK,MRF,25450.0,CE,0.0,0.0,0.0,1855.05,7031.35,0,0.0,0
2014-11-10,2014-11-27,OPTSTK,MRF,25500.0,CE,0.0,0.0,0.0,1830.7,6981.55,0,0.0,0
2014-11-10,2014-11-27,OPTSTK,MRF,25550.0,CE,0.0,0.0,0.0,1806.6,6931.75,0,0.0,0
2014-11-10,2014-11-27,OPTSTK,MRF,25600.0,CE,0.0,0.0,0.0,1782.7,6881.95,0,0.0,0
2014-11-10,2014-11-27,OPTSTK,MRF,25650.0,CE,0.0,0.0,0.0,1759.05,6832.15,0,0.0,0
2014-11-10,2014-11-27,OPTSTK,MRF,25700.0,CE,0.0,0.0,0.0,1735.6,6782.35,0,0.0,0
2014-11-10,2014-11-27,OPTSTK,MRF,25750.0,CE,0.0,0.0,0.0,1712.4,6732.6,0,0.0,0
2014-11-10,2014-11-27,OPTSTK,MRF,25800.0,CE,0.0,0.0,0.0,1689.45,6682.8,0,0.0,0
2014-11-10,2014-11-27,OPTSTK,MRF,25850.0,CE,0.0,0.0,0.0,1666.7,6633.0,0,0.0,0
2014-11-10,2014-11-27,OPTSTK,MRF,25900.0,CE,0.0,0.0,0.0,1644.15,6583.2,0,0.0,0
2014-11-10,2014-11-27,OPTSTK,MRF,25950.0,CE,0.0,0.0,0.0,1621.85,6533.4,0,0.0,0
2014-11-10,2014-11-27,OPTSTK,MRF,26000.0,CE,0.0,0.0,0.0,1599.75,6483.65,0,0.0,0
2014-11-10,2014-11-27,OPTSTK,MRF,26050.0,CE,0.0,0.0,0.0,1577.9,6433.85,0,0.0,0
2014-11-10,2014-11-27,OPTSTK,MRF,26100.0,CE,0.0,0.0,0.0,1556.25,6384.05,0,0.0,0
2014-11-10,2014-11-27,OPTSTK,MRF,26150.0,CE,0.0,0.0,0.0,1534.85,6334.3,0,0.0,0
2014-11-10,2014-11-27,OPTSTK,MRF,26200.0,CE,0.0,0.0,0.0,1513.65,6284.5,0,0.0,0
2014-11-10,2014-11-27,OPTSTK,MRF,26250.0,CE,0.0,0.0,0.0,1492.65,6234.75,0,0.0,0
2014-11-10,2014-11-27,OPTSTK,MRF,26300.0,CE,0.0,0.0,0.0,1611.0,6184.95,0,0.0,0
2014-11-10,2014-11-27,OPTSTK,MRF,26350.0,CE,0.0,0.0,0.0,1588.9,6135.2,0,0.0,0
2014-11-10,2014-11-27,OPTSTK,MRF,26400.0,CE,0.0,0.0,0.0,1567.05,6085.45,0,0.0,0
2014-11-10,2014-11-27,OPTSTK,MRF,26450.0,CE,0.0,0.0,0.0,1545.4,6035.7,0,0.0,0
2014-11-10,2014-11-27,OPTSTK,MRF,26500.0,CE,0.0,0.0,0.0,1523.95,5985.95,0,0.0,0
2014-11-10,2014-11-27,OPTSTK,MRF,26550.0,CE,0.0,0.0,0.0,1502.75,5936.2,0,0.0,0
2014-11-10,2014-11-27,OPTSTK,MRF,26600.0,CE,0.0,0.0,0.0,1481.75,5886.45,0,0.0,0
2014-11-10,2014-11-27,OPTSTK,MRF,26650.0,CE,0.0,0.0,0.0,2217.85,5836.7,0,0.0,0
2014-11-10,2014-11-27,OPTSTK,MRF,26700.0,CE,0.0,0.0,0.0,2192.7,5786.95,0,0.0,0
2014-11-10,2014-11-27,OPTSTK,MRF,26750.0,CE,0.0,0.0,0.0,2167.8,5737.25,0,0.0,0
2014-11-10,2014-11-27,OPTSTK,MRF,26800.0,CE,0.0,0.0,0.0,2143.05,5687.55,0,0.0,0
2014-11-10,2014-11-27,OPTSTK,MRF,26850.0,CE,0.0,0.0,0.0,2118.4,5637.8,0,0.0,0
2014-11-10,2014-11-27,OPTSTK,MRF,26900.0,CE,0.0,0.0,0.0,2094.1,5588.1,0,0.0,0
2014-11-10,2014-11-27,OPTSTK,MRF,26950.0,CE,0.0,0.0,0.0,2069.95,5538.45,0,0.0,0
2014-11-10,2014-11-27,OPTSTK,MRF,27000.0,CE,0.0,0.0,0.0,2046.05,5488.75,0,0.0,0
2014-11-10,2014-11-27,OPTSTK,MRF,27050.0,CE,0.0,0.0,0.0,2022.3,5439.1,0,0.0,0
2014-11-10,2014-11-27,OPTSTK,MRF,27100.0,CE,0.0,0.0,0.0,1998.8,5389.4,0,0.0,0
2014-11-10,2014-11-27,OPTSTK,MRF,27150.0,CE,0.0,0.0,0.0,1975.45,5339.8,0,0.0,0
2014-11-10,2014-11-27,OPTSTK,MRF,27200.0,CE,0.0,0.0,0.0,1952.35,5290.15,0,0.0,0
2014-11-10,2014-11-27,OPTSTK,MRF,27250.0,CE,0.0,0.0,0.0,1929.4,5240.55,0,0.0,0
2014-11-10,2014-11-27,OPTSTK,MRF,27300.0,CE,0.0,0.0,0.0,1906.7,5190.95,0,0.0,0
2014-11-10,2014-11-27,OPTSTK,MRF,27350.0,CE,0.0,0.0,0.0,1884.15,5141.35,0,0.0,0
2014-11-10,2014-11-27,OPTSTK,MRF,27400.0,CE,0.0,0.0,0.0,1861.8,5091.8,0,0.0,0
2014-11-10,2014-11-27,OPTSTK,MRF,27450.0,CE,0.0,0.0,0.0,1839.65,5042.25,0,0.0,0
2014-11-10,2014-11-27,OPTSTK,MRF,27500.0,CE,0.0,0.0,0.0,1817.75,4992.75,0,0.0,0
2014-11-10,2014-11-27,OPTSTK,MRF,27550.0,CE,0.0,0.0,0.0,1796.0,4943.25,0,0.0,0
2014-11-10,2014-11-27,OPTSTK,MRF,27600.0,CE,0.0,0.0,0.0,1774.45,4893.75,0,0.0,0
2014-11-10,2014-11-27,OPTSTK,MRF,27650.0,CE,0.0,0.0,0.0,1753.1,4844.3,0,0.0,0
2014-11-10,2014-11-27,OPTSTK,MRF,27700.0,CE,0.0,0.0,0.0,1731.9,4794.9,0,0.0,0
2014-11-10,2014-11-27,OPTSTK,MRF,27750.0,CE,0.0,0.0,0.0,1875.0,4745.5,0,0.0,0
2014-11-10,2014-11-27,OPTSTK,MRF,27800.0,CE,0.0,0.0,0.0,1852.5,4696.15,0,0.0,0
2014-11-10,2014-11-27,OPTSTK,MRF,27850.0,CE,0.0,0.0,0.0,1830.2,4646.85,0,0.0,0
2014-11-10,2014-11-27,OPTSTK,MRF,27900.0,CE,0.0,0.0,0.0,1808.1,4597.55,0,0.0,0
2014-11-10,2014-11-27,OPTSTK,MRF,27950.0,CE,0.0,0.0,0.0,1786.2,4548.3,0,0.0,0
2014-11-10,2014-11-27,OPTSTK,MRF,28000.0,CE,0.0,0.0,0.0,1764.45,4499.1,0,0.0,0
2014-11-10,2014-11-27,OPTSTK,MRF,28050.0,CE,0.0,0.0,0.0,1742.95,4449.95,0,0.0,0
2014-11-10,2014-11-27,OPTSTK,MRF,28100.0,CE,0.0,0.0,0.0,1721.65,4400.8,0,0.0,0
2014-11-10,2014-11-27,OPTSTK,MRF,28150.0,CE,0.0,0.0,0.0,1700.55,4351.75,0,0.0,0
2014-11-10,2014-11-27,OPTSTK,MRF,28200.0,CE,0.0,0.0,0.0,3933.7,4302.75,0,0.0,0
2014-11-10,2014-11-27,OPTSTK,MRF,28250.0,CE,0.0,0.0,0.0,3906.5,4253.8,0,0.0,0
2014-11-10,2014-11-27,OPTSTK,MRF,28300.0,CE,0.0,0.0,0.0,3879.45,4204.9,0,0.0,0
2014-11-10,2014-11-27,OPTSTK,MRF,28350.0,CE,0.0,0.0,0.0,3852.5,4156.05,0,0.0,0
2014-11-10,2014-11-27,OPTSTK,MRF,28400.0,CE,0.0,0.0,0.0,3825.75,4107.25,0,0.0,0
2014-11-10,2014-11-27,OPTSTK,MRF,28450.0,CE,0.0,0.0,0.0,3799.1,4058.55,0,0.0,0
2014-11-10,2014-11-27,OPTSTK,MRF,28500.0,CE,0.0,0.0,0.0,3772.55,4009.95,0,0.0,0
2014-11-10,2014-11-27,OPTSTK,MRF,28550.0,CE,0.0,0.0,0.0,3746.2,3961.4,0,0.0,0
2014-11-10,2014-11-27,OPTSTK,MRF,28600.0,CE,0.0,0.0,0.0,3719.95,3912.9,0,0.0,0
2014-11-10,2014-11-27,OPTSTK,MRF,28650.0,CE,0.0,0.0,0.0,3693.8,3864.5,0,0.0,0
2014-11-10,2014-11-27,OPTSTK,MRF,28700.0,CE,0.0,0.0,0.0,3667.85,3816.2,0,0.0,0
2014-11-10,2014-11-27,OPTSTK,MRF,28750.0,CE,0.0,0.0,0.0,3642.0,3768.0,0,0.0,0
2014-11-10,2014-11-27,OPTSTK,MRF,28800.0,CE,0.0,0.0,0.0,3616.3,3719.9,0,0.0,0
2014-11-10,2014-11-27,OPTSTK,MRF,28850.0,CE,0.0,0.0,0.0,3590.7,3671.85,0,0.0,0
2014-11-10,2014-11-27,OPTSTK,MRF,28900.0,CE,0.0,0.0,0.0,3565.3,3623.95,0,0.0,0
2014-11-10,2014-11-27,OPTSTK,MRF,28950.0,CE,0.0,0.0,0.0,3540.0,3576.15,0,0.0,0
2014-11-10,2014-11-27,OPTSTK,MRF,29000.0,CE,0.0,0.0,0.0,3514.8,3528.5,0,0.0,0
2014-11-10,2014-11-27,OPTSTK,MRF,29050.0,CE,0.0,0.0,0.0,3489.75,3480.95,0,0.0,0
2014-11-10,2014-11-27,OPTSTK,MRF,29100.0,CE,0.0,0.0,0.0,3464.85,3433.5,0,0.0,0
2014-11-10,2014-11-27,OPTSTK,MRF,29150.0,CE,0.0,0.0,0.0,3440.1,3386.2,0,0.0,0
2014-11-10,2014-11-27,OPTSTK,MRF,29200.0,CE,0.0,0.0,0.0,3415.45,3339.05,0,0.0,0
2014-11-10,2014-11-27,OPTSTK,MRF,29250.0,CE,0.0,0.0,0.0,3390.85,3292.0,0,0.0,0
2014-11-10,2014-11-27,OPTSTK,MRF,29300.0,CE,0.0,0.0,0.0,3366.5,3245.15,0,0.0,0
2014-11-10,2014-11-27,OPTSTK,MRF,29350.0,CE,0.0,0.0,0.0,3342.25,3198.45,0,0.0,0
2014-11-10,2014-11-27,OPTSTK,MRF,29400.0,CE,0.0,0.0,0.0,3318.15,3151.9,0,0.0,0
2014-11-10,2014-11-27,OPTSTK,MRF,29450.0,CE,0.0,0.0,0.0,3294.15,3105.5,0,0.0,0
2014-11-10,2014-11-27,OPTSTK,MRF,29500.0,CE,0.0,0.0,0.0,3270.3,3059.3,0,0.0,0
2014-11-10,2014-11-27,OPTSTK,MRF,29550.0,CE,0.0,0.0,0.0,3246.6,3013.25,0,0.0,0
2014-11-10,2014-11-27,OPTSTK,MRF,29600.0,CE,0.0,0.0,0.0,3223.0,2967.4,0,0.0,0
2014-11-10,2014-11-27,OPTSTK,MRF,29650.0,CE,0.0,0.0,0.0,3199.6,2921.75,0,0.0,0
2014-11-10,2014-11-27,OPTSTK,MRF,29700.0,CE,0.0,0.0,0.0,3176.25,2876.3,0,0.0,0
2014-11-10,2014-11-27,OPTSTK,MRF,29750.0,CE,0.0,0.0,0.0,3153.05,2831.05,0,0.0,0
2014-11-10,2014-11-27,OPTSTK,MRF,29800.0,CE,0.0,0.0,0.0,3130.0,2786.05,0,0.0,0
2014-11-10,2014-11-27,OPTSTK,MRF,29850.0,CE,0.0,0.0,0.0,3107.1,2741.2,0,0.0,0
2014-11-10,2014-11-27,OPTSTK,MRF,29900.0,CE,0.0,0.0,0.0,3084.3,2696.65,0,0.0,0
2014-11-10,2014-11-27,OPTSTK,MRF,29950.0,CE,0.0,0.0,0.0,3061.6,2652.25,0,0.0,0
2014-11-10,2014-11-27,OPTSTK,MRF,30000.0,CE,0.0,0.0,0.0,3039.1,2608.15,0,0.0,0
2014-11-10,2014-11-27,OPTSTK,MRF,30050.0,CE,0.0,0.0,0.0,3016.65,2564.3,0,0.0,0
2014-11-10,2014-11-27,OPTSTK,MRF,30100.0,CE,0.0,0.0,0.0,2994.4,2520.7,0,0.0,0
2014-11-10,2014-11-27,OPTSTK,MRF,30150.0,CE,0.0,0.0,0.0,2972.25,2477.35,0,0.0,0
2014-11-10,2014-11-27,OPTSTK,MRF,30200.0,CE,0.0,0.0,0.0,2950.2,2434.25,0,0.0,0
2014-11-10,2014-11-27,OPTSTK,MRF,30250.0,CE,0.0,0.0,0.0,2928.3,2391.45,0,0.0,0
2014-11-10,2014-11-27,OPTSTK,MRF,30300.0,CE,0.0,0.0,0.0,2906.5,2348.95,0,0.0,0
2014-11-10,2014-11-27,OPTSTK,MRF,30350.0,CE,0.0,0.0,0.0,2884.9,2306.7,0,0.0,0
2014-11-10,2014-11-27,OPTSTK,MRF,30400.0,CE,0.0,0.0,0.0,2863.35,2264.75,0,0.0,0
2014-11-10,2014-11-27,OPTSTK,MRF,30450.0,CE,0.0,0.0,0.0,2841.95,2223.15,0,0.0,0
2014-11-10,2014-11-27,OPTSTK,MRF,30500.0,CE,0.0,0.0,0.0,2820.7,2181.8,0,0.0,0
2014-11-10,2014-11-27,OPTSTK,MRF,30550.0,CE,0.0,0.0,0.0,2799.55,2140.8,0,0.0,0
2014-11-10,2014-11-27,OPTSTK,MRF,30600.0,CE,0.0,0.0,0.0,2778.55,2100.15,0,0.0,0
2014-11-10,2014-11-27,OPTSTK,MRF,30650.0,CE,0.0,0.0,0.0,2833.7,2059.8,0,0.0,0
2014-11-10,2014-11-27,OPTSTK,MRF,30700.0,CE,0.0,0.0,0.0,2812.05,2019.8,0,0.0,0
2014-11-10,2014-11-27,OPTSTK,MRF,30750.0,CE,0.0,0.0,0.0,2790.5,1980.15,0,0.0,0
2014-11-10,2014-11-27,OPTSTK,MRF,30800.0,CE,0.0,0.0,0.0,2769.1,1940.85,0,0.0,0
2014-11-10,2014-11-27,OPTSTK,MRF,30850.0,CE,0.0,0.0,0.0,2747.85,1901.9,0,0.0,0
2014-11-10,2014-11-27,OPTSTK,MRF,30900.0,CE,0.0,0.0,0.0,2726.7,1863.3,0,0.0,0
2014-11-10,2014-11-27,OPTSTK,MRF,30950.0,CE,0.0,0.0,0.0,3400.25,1825.1,0,0.0,0
2014-11-10,2014-11-27,OPTSTK,MRF,31000.0,CE,0.0,0.0,0.0,3376.45,1787.25,0,0.0,0
2014-11-10,2014-11-27,OPTSTK,MRF,31050.0,CE,0.0,0.0,0.0,3352.75,1749.8,0,0.0,0
2014-11-10,2014-11-27,OPTSTK,MRF,31100.0,CE,0.0,0.0,0.0,3329.2,1713.9,0,0.0,0
2014-11-10,2014-11-27,OPTSTK,MRF,31150.0,CE,0.0,0.0,0.0,3305.8,1677.15,0,0.0,0
2014-11-10,2014-11-27,OPTSTK,MRF,31200.0,CE,0.0,0.0,0.0,3282.5,1639.45,0,0.0,0
2014-11-10,2014-11-27,OPTSTK,MRF,31250.0,CE,0.0,0.0,0.0,3259.35,1603.6,0,0.0,0
2014-11-10,2014-11-27,OPTSTK,MRF,31300.0,CE,0.0,0.0,0.0,3236.3,1568.2,0,0.0,0
2014-11-10,2014-11-27,OPTSTK,MRF,31350.0,CE,0.0,0.0,0.0,3213.35,1533.15,0,0.0,0
2014-11-10,2014-11-27,OPTSTK,MRF,31400.0,CE,0.0,0.0,0.0,3190.55,1498.6,0,0.0,0
2014-11-10,2014-11-27,OPTSTK,MRF,31450.0,CE,0.0,0.0,0.0,3167.9,1464.4,0,0.0,0
2014-11-10,2014-11-27,OPTSTK,MRF,31500.0,CE,0.0,0.0,0.0,3145.35,1430.65,0,0.0,0
2014-11-10,2014-11-27,OPTSTK,MRF,31550.0,CE,0.0,0.0,0.0,3122.95,1397.35,0,0.0,0
2014-11-10,2014-11-27,OPTSTK,MRF,31600.0,CE,0.0,0.0,0.0,3100.65,1364.5,0,0.0,0
2014-11-10,2014-11-27,OPTSTK,MRF,31650.0,CE,0.0,0.0,0.0,3078.45,1332.1,0,0.0,0
2014-11-10,2014-11-27,OPTSTK,MRF,31700.0,CE,0.0,0.0,0.0,3056.4,1300.1,0,0.0,0
2014-11-10,2014-11-27,OPTSTK,MRF,31750.0,CE,0.0,0.0,0.0,3034.45,1268.6,0,0.0,0
2014-11-10,2014-11-27,OPTSTK,MRF,31800.0,CE,0.0,0.0,0.0,3012.65,1237.55,0,0.0,0
2014-11-10,2014-11-27,OPTSTK,MRF,31850.0,CE,0.0,0.0,0.0,2991.0,1206.9,0,0.0,0
2014-11-10,2014-11-27,OPTSTK,MRF,31900.0,CE,0.0,0.0,0.0,2969.4,1176.75,0,0.0,0
2014-11-10,2014-11-27,OPTSTK,MRF,31950.0,CE,0.0,0.0,0.0,2948.0,1147.05,0,0.0,0
2014-11-10,2014-11-27,OPTSTK,MRF,32000.0,CE,0.0,0.0,0.0,2926.65,1117.8,0,0.0,0
2014-11-10,2014-11-27,OPTSTK,MRF,32050.0,CE,0.0,0.0,0.0,2905.45,1089.05,0,0.0,0
2014-11-10,2014-11-27,OPTSTK,MRF,32100.0,CE,0.0,0.0,0.0,2880.35,1060.75,0,0.0,0
2014-11-10,2014-11-27,OPTSTK,MRF,32150.0,CE,0.0,0.0,0.0,2858.85,1032.9,0,0.0,0
2014-11-10,2014-11-27,OPTSTK,MRF,32200.0,CE,0.0,0.0,0.0,2837.45,1005.5,0,0.0,0
2014-11-10,2014-11-27,OPTSTK,MRF,32250.0,CE,0.0,0.0,0.0,2816.2,978.6,0,0.0,0
2014-11-10,2014-11-27,OPTSTK,MRF,32300.0,CE,0.0,0.0,0.0,2623.4,952.15,0,0.0,0
2014-11-10,2014-11-27,OPTSTK,MRF,32350.0,CE,0.0,0.0,0.0,2601.9,926.2,0,0.0,0
2014-11-10,2014-11-27,OPTSTK,MRF,32400.0,CE,0.0,0.0,0.0,2580.55,900.7,0,0.0,0
2014-11-10,2014-11-27,OPTSTK,MRF,32450.0,CE,0.0,0.0,0.0,2559.35,875.55,0,0.0,0
2014-11-10,2014-11-27,OPTSTK,MRF,32500.0,CE,0.0,0.0,0.0,2566.75,850.95,0,0.0,0
2014-11-10,2014-11-27,OPTSTK,MRF,32550.0,CE,0.0,0.0,0.0,2515.3,826.85,0,0.0,0
2014-11-10,2014-11-27,OPTSTK,MRF,32600.0,CE,0.0,0.0,0.0,2493.6,803.2,0,0.0,0
2014-11-10,2014-11-27,OPTSTK,MRF,32650.0,CE,0.0,0.0,0.0,2472.1,780.05,0,0.0,0
2014-11-10,2014-11-27,OPTSTK,MRF,32700.0,CE,0.0,0.0,0.0,2450.7,757.35,0,0.0,0
2014-11-10,2014-11-27,OPTSTK,MRF,32750.0,CE,0.0,0.0,0.0,2429.45,735.1,0,0.0,0
2014-11-10,2014-11-27,OPTSTK,MRF,32800.0,CE,0.0,0.0,0.0,2634.35,713.3,0,0.0,0
2014-11-10,2014-11-27,OPTSTK,MRF,32850.0,CE,0.0,0.0,0.0,2610.55,691.95,0,0.0,0
2014-11-10,2014-11-27,OPTSTK,MRF,32900.0,CE,0.0,0.0,0.0,2586.95,671.05,0,0.0,0
2014-11-10,2014-11-27,OPTSTK,MRF,32950.0,CE,0.0,0.0,0.0,2563.45,650.65,0,0.0,0
2014-11-10,2014-11-27,OPTSTK,MRF,33000.0,CE,0.0,0.0,0.0,2540.1,630.65,0,0.0,0
2014-11-10,2014-11-27,OPTSTK,MRF,33050.0,CE,0.0,0.0,0.0,2516.95,611.1,0,0.0,0
2014-11-10,2014-11-27,OPTSTK,MRF,33100.0,CE,0.0,0.0,0.0,2493.95,592.0,0,0.0,0
2014-11-10,2014-11-27,OPTSTK,MRF,33150.0,CE,0.0,0.0,0.0,2471.1,573.35,0,0.0,0
2014-11-10,2014-11-27,OPTSTK,MRF,33200.0,CE,0.0,0.0,0.0,2448.4,555.1,0,0.0,0
2014-11-10,2014-11-27,OPTSTK,MRF,23050.0,PE,0.0,0.0,0.0,587.45,0.0,0,0.0,0
2014-11-10,2014-11-27,OPTSTK,MRF,23100.0,PE,0.0,0.0,0.0,603.85,0.0,0,0.0,0
2014-11-10,2014-11-27,OPTSTK,MRF,23150.0,PE,0.0,0.0,0.0,620.55,0.0,0,0.0,0
2014-11-10,2014-11-27,OPTSTK,MRF,23200.0,PE,0.0,0.0,0.0,637.6,0.0,0,0.0,0
2014-11-10,2014-11-27,OPTSTK,MRF,23250.0,PE,0.0,0.0,0.0,654.95,0.0,0,0.0,0
2014-11-10,2014-11-27,OPTSTK,MRF,23300.0,PE,0.0,0.0,0.0,672.55,0.0,0,0.0,0
2014-11-10,2014-11-27,OPTSTK,MRF,23350.0,PE,0.0,0.0,0.0,690.5,0.0,0,0.0,0
2014-11-10,2014-11-27,OPTSTK,MRF,23400.0,PE,0.0,0.0,0.0,708.8,0.0,0,0.0,0
2014-11-10,2014-11-27,OPTSTK,MRF,23450.0,PE,0.0,0.0,0.0,727.35,0.0,0,0.0,0
2014-11-10,2014-11-27,OPTSTK,MRF,23500.0,PE,0.0,0.0,0.0,746.25,0.0,0,0.0,0
2014-11-10,2014-11-27,OPTSTK,MRF,23550.0,PE,0.0,0.0,0.0,765.45,0.0,0,0.0,0
2014-11-10,2014-11-27,OPTSTK,MRF,23600.0,PE,0.0,0.0,0.0,785.0,0.0,0,0.0,0
2014-11-10,2014-11-27,OPTSTK,MRF,23650.0,PE,0.0,0.0,0.0,804.8,0.0,0,0.0,0
2014-11-10,2014-11-27,OPTSTK,MRF,23700.0,PE,0.0,0.0,0.0,824.95,0.0,0,0.0,0
2014-11-10,2014-11-27,OPTSTK,MRF,23750.0,PE,0.0,0.0,0.0,845.45,0.0,0,0.0,0
2014-11-10,2014-11-27,OPTSTK,MRF,23800.0,PE,0.0,0.0,0.0,866.25,0.0,0,0.0,0
2014-11-10,2014-11-27,OPTSTK,MRF,23850.0,PE,0.0,0.0,0.0,887.35,0.0,0,0.0,0
2014-11-10,2014-11-27,OPTSTK,MRF,23900.0,PE,0.0,0.0,0.0,908.75,0.0,0,0.0,0
2014-11-10,2014-11-27,OPTSTK,MRF,23950.0,PE,0.0,0.0,0.0,930.5,0.0,0,0.0,0
2014-11-10,2014-11-27,OPTSTK,MRF,24000.0,PE,0.0,0.0,0.0,952.55,0.0,0,0.0,0
2014-11-10,2014-11-27,OPTSTK,MRF,24050.0,PE,0.0,0.0,0.0,974.9,0.0,0,0.0,0
2014-11-10,2014-11-27,OPTSTK,MRF,24100.0,PE,0.0,0.0,0.0,997.6,0.0,0,0.0,0
2014-11-10,2014-11-27,OPTSTK,MRF,24150.0,PE,0.0,0.0,0.0,1020.65,0.0,0,0.0,0
2014-11-10,2014-11-27,OPTSTK,MRF,24200.0,PE,0.0,0.0,0.0,1043.95,0.0,0,0.0,0
2014-11-10,2014-11-27,OPTSTK,MRF,24250.0,PE,0.0,0.0,0.0,1067.6,0.0,0,0.0,0
2014-11-10,2014-11-27,OPTSTK,MRF,24300.0,PE,0.0,0.0,0.0,1091.55,0.0,0,0.0,0
2014-11-10,2014-11-27,OPTSTK,MRF,24350.0,PE,0.0,0.0,0.0,1115.85,0.0,0,0.0,0
2014-11-10,2014-11-27,OPTSTK,MRF,24400.0,PE,0.0,0.0,0.0,1140.35,0.0,0,0.0,0
2014-11-10,2014-11-27,OPTSTK,MRF,24450.0,PE,0.0,0.0,0.0,1165.25,0.0,0,0.0,0
2014-11-10,2014-11-27,OPTSTK,MRF,24500.0,PE,0.0,0.0,0.0,1190.45,0.0,0,0.0,0
2014-11-10,2014-11-27,OPTSTK,MRF,24550.0,PE,0.0,0.0,0.0,1216.0,0.0,0,0.0,0
2014-11-10,2014-11-27,OPTSTK,MRF,24600.0,PE,0.0,0.0,0.0,1241.85,0.0,0,0.0,0
2014-11-10,2014-11-27,OPTSTK,MRF,24650.0,PE,0.0,0.0,0.0,1268.0,0.0,0,0.0,0
2014-11-10,2014-11-27,OPTSTK,MRF,24700.0,PE,0.0,0.0,0.0,1294.45,0.05,0,0.0,0
2014-11-10,2014-11-27,OPTSTK,MRF,24750.0,PE,0.0,0.0,0.0,1321.25,0.05,0,0.0,0
2014-11-10,2014-11-27,OPTSTK,MRF,24800.0,PE,0.0,0.0,0.0,1348.35,0.05,0,0.0,0
2014-11-10,2014-11-27,OPTSTK,MRF,24850.0,PE,0.0,0.0,0.0,1375.75,0.05,0,0.0,0
2014-11-10,2014-11-27,OPTSTK,MRF,24900.0,PE,0.0,0.0,0.0,1403.45,0.05,0,0.0,0
2014-11-10,2014-11-27,OPTSTK,MRF,24950.0,PE,0.0,0.0,0.0,1431.45,0.05,0,0.0,0
2014-11-10,2014-11-27,OPTSTK,MRF,25000.0,PE,0.0,0.0,0.0,1459.75,0.05,0,0.0,0
2014-11-10,2014-11-27,OPTSTK,MRF,25050.0,PE,0.0,0.0,0.0,1488.35,0.05,0,0.0,0
2014-11-10,2014-11-27,OPTSTK,MRF,25100.0,PE,0.0,0.0,0.0,1341.0,0.05,0,0.0,0
2014-11-10,2014-11-27,OPTSTK,MRF,25150.0,PE,0.0,0.0,0.0,1364.0,0.05,0,0.0,0
2014-11-10,2014-11-27,OPTSTK,MRF,25200.0,PE,0.0,0.0,0.0,1387.2,0.05,0,0.0,0
2014-11-10,2014-11-27,OPTSTK,MRF,25250.0,PE,0.0,0.0,0.0,1410.65,0.05,0,0.0,0
2014-11-10,2014-11-27,OPTSTK,MRF,25300.0,PE,0.0,0.0,0.0,1434.35,0.05,0,0.0,0
2014-11-10,2014-11-27,OPTSTK,MRF,25350.0,PE,0.0,0.0,0.0,1458.25,0.05,0,0.0,0
2014-11-10,2014-11-27,OPTSTK,MRF,25400.0,PE,0.0,0.0,0.0,1482.4,0.05,0,0.0,0
2014-11-10,2014-11-27,OPTSTK,MRF,25450.0,PE,0.0,0.0,0.0,1506.7,0.05,0,0.0,0
2014-11-10,2014-11-27,OPTSTK,MRF,25500.0,PE,0.0,0.0,0.0,1531.3,0.05,0,0.0,0
2014-11-10,2014-11-27,OPTSTK,MRF,25550.0,PE,0.0,0.0,0.0,1556.15,0.05,0,0.0,0
2014-11-10,2014-11-27,OPTSTK,MRF,25600.0,PE,0.0,0.0,0.0,1581.2,0.1,0,0.0,0
2014-11-10,2014-11-27,OPTSTK,MRF,25650.0,PE,0.0,0.0,0.0,1606.5,0.1,0,0.0,0
2014-11-10,2014-11-27,OPTSTK,MRF,25700.0,PE,0.0,0.0,0.0,1632.0,0.1,0,0.0,0
2014-11-10,2014-11-27,OPTSTK,MRF,25750.0,PE,0.0,0.0,0.0,1657.75,0.1,0,0.0,0
2014-11-10,2014-11-27,OPTSTK,MRF,25800.0,PE,0.0,0.0,0.0,1683.75,0.1,0,0.0,0
2014-11-10,2014-11-27,OPTSTK,MRF,25850.0,PE,0.0,0.0,0.0,1709.95,0.15,0,0.0,0
2014-11-10,2014-11-27,OPTSTK,MRF,25900.0,PE,0.0,0.0,0.0,1736.35,0.15,0,0.0,0
2014-11-10,2014-11-27,OPTSTK,MRF,25950.0,PE,0.0,0.0,0.0,1763.0,0.15,0,0.0,0
2014-11-10,2014-11-27,OPTSTK,MRF,26000.0,PE,0.0,0.0,0.0,1789.85,0.2,0,0.0,0
2014-11-10,2014-11-27,OPTSTK,MRF,26050.0,PE,0.0,0.0,0.0,1816.95,0.2,0,0.0,0
2014-11-10,2014-11-27,OPTSTK,MRF,26100.0,PE,0.0,0.0,0.0,1844.25,0.2,0,0.0,0
2014-11-10,2014-11-27,OPTSTK,MRF,26150.0,PE,0.0,0.0,0.0,1871.8,0.25,0,0.0,0
2014-11-10,2014-11-27,OPTSTK,MRF,26200.0,PE,0.0,0.0,0.0,1899.55,0.25,0,0.0,0
2014-11-10,2014-11-27,OPTSTK,MRF,26250.0,PE,0.0,0.0,0.0,1927.5,0.3,0,0.0,0
2014-11-10,2014-11-27,OPTSTK,MRF,26300.0,PE,0.0,0.0,0.0,1755.65,0.35,0,0.0,0
2014-11-10,2014-11-27,OPTSTK,MRF,26350.0,PE,0.0,0.0,0.0,1782.5,0.35,0,0.0,0
2014-11-10,2014-11-27,OPTSTK,MRF,26400.0,PE,0.0,0.0,0.0,1809.6,0.4,0,0.0,0
2014-11-10,2014-11-27,OPTSTK,MRF,26450.0,PE,0.0,0.0,0.0,1836.9,0.45,0,0.0,0
2014-11-10,2014-11-27,OPTSTK,MRF,26500.0,PE,0.0,0.0,0.0,1864.45,0.5,0,0.0,0
2014-11-10,2014-11-27,OPTSTK,MRF,26550.0,PE,0.0,0.0,0.0,1892.2,0.55,0,0.0,0
2014-11-10,2014-11-27,OPTSTK,MRF,26600.0,PE,0.0,0.0,0.0,1920.15,0.6,0,0.0,0
2014-11-10,2014-11-27,OPTSTK,MRF,26650.0,PE,0.0,0.0,0.0,1607.0,0.7,0,0.0,0
2014-11-10,2014-11-27,OPTSTK,MRF,26700.0,PE,0.0,0.0,0.0,1630.85,0.75,0,0.0,0
2014-11-10,2014-11-27,OPTSTK,MRF,26750.0,PE,0.0,0.0,0.0,1654.9,0.85,0,0.0,0
2014-11-10,2014-11-27,OPTSTK,MRF,26800.0,PE,0.0,0.0,0.0,1679.15,0.9,0,0.0,0
2014-11-10,2014-11-27,OPTSTK,MRF,26850.0,PE,0.0,0.0,0.0,1703.5,1.0,0,0.0,0
2014-11-10,2014-11-27,OPTSTK,MRF,26900.0,PE,0.0,0.0,0.0,1728.2,1.1,0,0.0,0
2014-11-10,2014-11-27,OPTSTK,MRF,26950.0,PE,0.0,0.0,0.0,1753.05,1.2,0,0.0,0
2014-11-10,2014-11-27,OPTSTK,MRF,27000.0,PE,0.0,0.0,0.0,1778.1,1.35,0,0.0,0
2014-11-10,2014-11-27,OPTSTK,MRF,27050.0,PE,0.0,0.0,0.0,1803.35,1.5,0,0.0,0
2014-11-10,2014-11-27,OPTSTK,MRF,27100.0,PE,0.0,0.0,0.0,1828.8,1.6,0,0.0,0
2014-11-10,2014-11-27,OPTSTK,MRF,27150.0,PE,0.0,0.0,0.0,1854.5,1.8,0,0.0,0
2014-11-10,2014-11-27,OPTSTK,MRF,27200.0,PE,0.0,0.0,0.0,1880.35,1.95,0,0.0,0
2014-11-10,2014-11-27,OPTSTK,MRF,27250.0,PE,0.0,0.0,0.0,1906.4,2.15,0,0.0,0
2014-11-10,2014-11-27,OPTSTK,MRF,27300.0,PE,0.0,0.0,0.0,1932.65,2.35,0,0.0,0
2014-11-10,2014-11-27,OPTSTK,MRF,27350.0,PE,0.0,0.0,0.0,1959.1,2.55,0,0.0,0
2014-11-10,2014-11-27,OPTSTK,MRF,27400.0,PE,0.0,0.0,0.0,1985.8,2.8,0,0.0,0
2014-11-10,2014-11-27,OPTSTK,MRF,27450.0,PE,0.0,0.0,0.0,2012.6,3.05,0,0.0,0
2014-11-10,2014-11-27,OPTSTK,MRF,27500.0,PE,0.0,0.0,0.0,2039.65,3.35,0,0.0,0
2014-11-10,2014-11-27,OPTSTK,MRF,27550.0,PE,0.0,0.0,0.0,2066.9,3.65,0,0.0,0
2014-11-10,2014-11-27,OPTSTK,MRF,27600.0,PE,0.0,0.0,0.0,2094.35,4.0,0,0.0,0
2014-11-10,2014-11-27,OPTSTK,MRF,27650.0,PE,0.0,0.0,0.0,2122.0,4.35,0,0.0,0
2014-11-10,2014-11-27,OPTSTK,MRF,27700.0,PE,0.0,0.0,0.0,2149.8,4.75,0,0.0,0
2014-11-10,2014-11-27,OPTSTK,MRF,27750.0,PE,0.0,0.0,0.0,1923.2,5.15,0,0.0,0
2014-11-10,2014-11-27,OPTSTK,MRF,27800.0,PE,0.0,0.0,0.0,1949.7,5.6,0,0.0,0
2014-11-10,2014-11-27,OPTSTK,MRF,27850.0,PE,0.0,0.0,0.0,1976.45,6.05,0,0.0,0
2014-11-10,2014-11-27,OPTSTK,MRF,27900.0,PE,0.0,0.0,0.0,2003.35,6.6,0,0.0,0
2014-11-10,2014-11-27,OPTSTK,MRF,27950.0,PE,0.0,0.0,0.0,2030.45,7.15,0,0.0,0
2014-11-10,2014-11-27,OPTSTK,MRF,28000.0,PE,0.0,0.0,0.0,2057.8,7.75,0,0.0,0
2014-11-10,2014-11-27,OPTSTK,MRF,28050.0,PE,0.0,0.0,0.0,2085.3,8.4,0,0.0,0
2014-11-10,2014-11-27,OPTSTK,MRF,28100.0,PE,0.0,0.0,0.0,2113.0,9.1,0,0.0,0
2014-11-10,2014-11-27,OPTSTK,MRF,28150.0,PE,0.0,0.0,0.0,2140.9,9.8,0,0.0,0
2014-11-10,2014-11-27,OPTSTK,MRF,28200.0,PE,0.0,0.0,0.0,2008.85,10.6,0,0.0,0
2014-11-10,2014-11-27,OPTSTK,MRF,28250.0,PE,0.0,0.0,0.0,2030.7,11.45,0,0.0,0
2014-11-10,2014-11-27,OPTSTK,MRF,28300.0,PE,0.0,0.0,0.0,2052.65,12.35,0,0.0,0
2014-11-10,2014-11-27,OPTSTK,MRF,28350.0,PE,0.0,0.0,0.0,2074.75,13.3,0,0.0,0
2014-11-10,2014-11-27,OPTSTK,MRF,28400.0,PE,0.0,0.0,0.0,2097.0,14.35,0,0.0,0
2014-11-10,2014-11-27,OPTSTK,MRF,28450.0,PE,0.0,0.0,0.0,2119.4,15.45,0,0.0,0
2014-11-10,2014-11-27,OPTSTK,MRF,28500.0,PE,0.0,0.0,0.0,2141.9,16.6,0,0.0,0
2014-11-10,2014-11-27,OPTSTK,MRF,28550.0,PE,0.0,0.0,0.0,2164.55,17.85,0,0.0,0
2014-11-10,2014-11-27,OPTSTK,MRF,28600.0,PE,0.0,0.0,0.0,2187.35,19.2,0,0.0,0
2014-11-10,2014-11-27,OPTSTK,MRF,28650.0,PE,0.0,0.0,0.0,2210.3,20.6,0,0.0,0
2014-11-10,2014-11-27,OPTSTK,MRF,28700.0,PE,0.0,0.0,0.0,2233.35,22.1,0,0.0,0
2014-11-10,2014-11-27,OPTSTK,MRF,28750.0,PE,0.0,0.0,0.0,2256.55,23.7,0,0.0,0
2014-11-10,2014-11-27,OPTSTK,MRF,28800.0,PE,0.0,0.0,0.0,2279.85,25.35,0,0.0,0
2014-11-10,2014-11-27,OPTSTK,MRF,28850.0,PE,0.0,0.0,0.0,2303.3,27.15,0,0.0,0
2014-11-10,2014-11-27,OPTSTK,MRF,28900.0,PE,0.0,0.0,0.0,2326.9,29.05,0,0.0,0
2014-11-10,2014-11-27,OPTSTK,MRF,28950.0,PE,0.0,0.0,0.0,2350.65,31.05,0,0.0,0
2014-11-10,2014-11-27,OPTSTK,MRF,29000.0,PE,0.0,0.0,0.0,2374.5,33.2,0,0.0,0
2014-11-10,2014-11-27,OPTSTK,MRF,29050.0,PE,0.0,0.0,0.0,2398.5,35.45,0,0.0,0
2014-11-10,2014-11-27,OPTSTK,MRF,29100.0,PE,0.0,0.0,0.0,2422.65,37.8,0,0.0,0
2014-11-10,2014-11-27,OPTSTK,MRF,29150.0,PE,0.0,0.0,0.0,2446.9,40.3,0,0.0,0
2014-11-10,2014-11-27,OPTSTK,MRF,29200.0,PE,0.0,0.0,0.0,2471.3,42.95,0,0.0,0
2014-11-10,2014-11-27,OPTSTK,MRF,29250.0,PE,0.0,0.0,0.0,2495.75,45.75,0,0.0,0
2014-11-10,2014-11-27,OPTSTK,MRF,29300.0,PE,0.0,0.0,0.0,2520.4,48.65,0,0.0,0
2014-11-10,2014-11-27,OPTSTK,MRF,29350.0,PE,0.0,0.0,0.0,2545.2,51.75,0,0.0,0
2014-11-10,2014-11-27,OPTSTK,MRF,29400.0,PE,0.0,0.0,0.0,2570.1,55.0,0,0.0,0
2014-11-10,2014-11-27,OPTSTK,MRF,29450.0,PE,0.0,0.0,0.0,2595.2,58.45,0,0.0,0
2014-11-10,2014-11-27,OPTSTK,MRF,29500.0,PE,0.0,0.0,0.0,2620.35,62.0,0,0.0,0
2014-11-10,2014-11-27,OPTSTK,MRF,29550.0,PE,0.0,0.0,0.0,2645.7,65.8,0,0.0,0
2014-11-10,2014-11-27,OPTSTK,MRF,29600.0,PE,0.0,0.0,0.0,2671.15,69.75,0,0.0,0
2014-11-10,2014-11-27,OPTSTK,MRF,29650.0,PE,0.0,0.0,0.0,2696.75,73.9,0,0.0,0
2014-11-10,2014-11-27,OPTSTK,MRF,29700.0,PE,0.0,0.0,0.0,2722.45,78.25,0,0.0,0
2014-11-10,2014-11-27,OPTSTK,MRF,29750.0,PE,0.0,0.0,0.0,2748.3,82.8,0,0.0,0
2014-11-10,2014-11-27,OPTSTK,MRF,29800.0,PE,0.0,0.0,0.0,2774.3,87.55,0,0.0,0
2014-11-10,2014-11-27,OPTSTK,MRF,29850.0,PE,0.0,0.0,0.0,2800.4,92.55,0,0.0,0
2014-11-10,2014-11-27,OPTSTK,MRF,29900.0,PE,0.0,0.0,0.0,2826.6,97.8,0,0.0,0
2014-11-10,2014-11-27,OPTSTK,MRF,29950.0,PE,0.0,0.0,0.0,2853.0,103.25,0,0.0,0
2014-11-10,2014-11-27,OPTSTK,MRF,30000.0,PE,0.0,0.0,0.0,2879.5,108.9,0,0.0,0
2014-11-10,2014-11-27,OPTSTK,MRF,30050.0,PE,0.0,0.0,0.0,2906.1,114.85,0,0.0,0
2014-11-10,2014-11-27,OPTSTK,MRF,30100.0,PE,0.0,0.0,0.0,2932.85,121.05,0,0.0,0
2014-11-10,2014-11-27,OPTSTK,MRF,30150.0,PE,0.0,0.0,0.0,2959.75,127.5,0,0.0,0
2014-11-10,2014-11-27,OPTSTK,MRF,30200.0,PE,0.0,0.0,0.0,2986.75,134.2,0,0.0,0
2014-11-10,2014-11-27,OPTSTK,MRF,30250.0,PE,0.0,0.0,0.0,3013.9,141.2,0,0.0,0
2014-11-10,2014-11-27,OPTSTK,MRF,30300.0,PE,0.0,0.0,0.0,3041.15,148.5,0,0.0,0
2014-11-10,2014-11-27,OPTSTK,MRF,30350.0,PE,0.0,0.0,0.0,3068.55,156.1,0,0.0,0
2014-11-10,2014-11-27,OPTSTK,MRF,30400.0,PE,0.0,0.0,0.0,3096.05,163.95,0,0.0,0
2014-11-10,2014-11-27,OPTSTK,MRF,30450.0,PE,0.0,0.0,0.0,3123.7,172.1,0,0.0,0
2014-11-10,2014-11-27,OPTSTK,MRF,30500.0,PE,0.0,0.0,0.0,3151.45,180.6,0,0.0,0
2014-11-10,2014-11-27,OPTSTK,MRF,30550.0,PE,0.0,0.0,0.0,3179.35,189.4,0,0.0,0
2014-11-10,2014-11-27,OPTSTK,MRF,30600.0,PE,0.0,0.0,0.0,3207.35,198.55,0,0.0,0
2014-11-10,2014-11-27,OPTSTK,MRF,30650.0,PE,0.0,0.0,0.0,2991.35,208.0,0,0.0,0
2014-11-10,2014-11-27,OPTSTK,MRF,30700.0,PE,0.0,0.0,0.0,3018.75,217.8,0,0.0,0
2014-11-10,2014-11-27,OPTSTK,MRF,30750.0,PE,0.0,0.0,0.0,3046.25,227.95,0,0.0,0
2014-11-10,2014-11-27,OPTSTK,MRF,30800.0,PE,0.0,0.0,0.0,3073.9,238.45,0,0.0,0
2014-11-10,2014-11-27,OPTSTK,MRF,30850.0,PE,0.0,0.0,0.0,3101.65,249.3,0,0.0,0
2014-11-10,2014-11-27,OPTSTK,MRF,30900.0,PE,0.0,0.0,0.0,3129.55,260.5,0,0.0,0
2014-11-10,2014-11-27,OPTSTK,MRF,30950.0,PE,0.0,0.0,0.0,2707.7,272.1,0,0.0,0
2014-11-10,2014-11-27,OPTSTK,MRF,31000.0,PE,0.0,0.0,0.0,2733.0,284.05,0,0.0,0
2014-11-10,2014-11-27,OPTSTK,MRF,31050.0,PE,0.0,0.0,0.0,2758.35,296.4,0,0.0,0
2014-11-10,2014-11-27,OPTSTK,MRF,31100.0,PE,0.0,0.0,0.0,2783.85,310.35,0,0.0,0
2014-11-10,2014-11-27,OPTSTK,MRF,31150.0,PE,0.0,0.0,0.0,2809.5,323.35,0,0.0,0
2014-11-10,2014-11-27,OPTSTK,MRF,31200.0,PE,0.0,0.0,0.0,2835.25,335.5,0,0.0,0
2014-11-10,2014-11-27,OPTSTK,MRF,31250.0,PE,0.0,0.0,0.0,2861.15,349.45,0,0.0,0
2014-11-10,2014-11-27,OPTSTK,MRF,31300.0,PE,0.0,0.0,0.0,2887.15,363.8,0,0.0,0
2014-11-10,2014-11-27,OPTSTK,MRF,31350.0,PE,0.0,0.0,0.0,2913.3,378.6,0,0.0,0
2014-11-10,2014-11-27,OPTSTK,MRF,31400.0,PE,0.0,0.0,0.0,2939.55,393.8,0,0.0,0
2014-11-10,2014-11-27,OPTSTK,MRF,31450.0,PE,0.0,0.0,0.0,2965.95,409.45,0,0.0,0
2014-11-10,2014-11-27,OPTSTK,MRF,31500.0,PE,0.0,0.0,0.0,2992.45,425.5,0,0.0,0
2014-11-10,2014-11-27,OPTSTK,MRF,31550.0,PE,0.0,0.0,0.0,3019.1,442.0,0,0.0,0
2014-11-10,2014-11-27,OPTSTK,MRF,31600.0,PE,0.0,0.0,0.0,3045.85,458.95,0,0.0,0
2014-11-10,2014-11-27,OPTSTK,MRF,31650.0,PE,0.0,0.0,0.0,3072.7,476.35,0,0.0,0
2014-11-10,2014-11-27,OPTSTK,MRF,31700.0,PE,0.0,0.0,0.0,3099.7,494.15,0,0.0,0
2014-11-10,2014-11-27,OPTSTK,MRF,31750.0,PE,0.0,0.0,0.0,3126.85,512.45,0,0.0,0
2014-11-10,2014-11-27,OPTSTK,MRF,31800.0,PE,0.0,0.0,0.0,3154.1,531.2,0,0.0,0
2014-11-10,2014-11-27,OPTSTK,MRF,31850.0,PE,0.0,0.0,0.0,3181.5,550.35,0,0.0,0
2014-11-10,2014-11-27,OPTSTK,MRF,31900.0,PE,0.0,0.0,0.0,3208.95,570.0,0,0.0,0
2014-11-10,2014-11-27,OPTSTK,MRF,31950.0,PE,0.0,0.0,0.0,3236.6,590.1,0,0.0,0
2014-11-10,2014-11-27,OPTSTK,MRF,32000.0,PE,0.0,0.0,0.0,3264.35,610.7,0,0.0,0
2014-11-10,2014-11-27,OPTSTK,MRF,32050.0,PE,0.0,0.0,0.0,3292.2,631.7,0,0.0,0
2014-11-10,2014-11-27,OPTSTK,MRF,32100.0,PE,0.0,0.0,0.0,3121.55,653.2,0,0.0,0
2014-11-10,2014-11-27,OPTSTK,MRF,32150.0,PE,0.0,0.0,0.0,3149.1,675.15,0,0.0,0
2014-11-10,2014-11-27,OPTSTK,MRF,32200.0,PE,0.0,0.0,0.0,3176.8,697.6,0,0.0,0
2014-11-10,2014-11-27,OPTSTK,MRF,32250.0,PE,0.0,0.0,0.0,3204.6,720.5,0,0.0,0
2014-11-10,2014-11-27,OPTSTK,MRF,32300.0,PE,0.0,0.0,0.0,2924.3,743.85,0,0.0,0
2014-11-10,2014-11-27,OPTSTK,MRF,32350.0,PE,0.0,0.0,0.0,2951.9,767.7,0,0.0,0
2014-11-10,2014-11-27,OPTSTK,MRF,32400.0,PE,0.0,0.0,0.0,2979.65,792.0,0,0.0,0
2014-11-10,2014-11-27,OPTSTK,MRF,32450.0,PE,0.0,0.0,0.0,3007.55,816.6,0,0.0,0
2014-11-10,2014-11-27,OPTSTK,MRF,32500.0,PE,0.0,0.0,0.0,2992.4,841.85,0,0.0,0
2014-11-10,2014-11-27,OPTSTK,MRF,32550.0,PE,0.0,0.0,0.0,2791.1,867.55,0,0.0,0
2014-11-10,2014-11-27,OPTSTK,MRF,32600.0,PE,0.0,0.0,0.0,2818.65,893.7,0,0.0,0
2014-11-10,2014-11-27,OPTSTK,MRF,32650.0,PE,0.0,0.0,0.0,2846.3,920.35,0,0.0,0
2014-11-10,2014-11-27,OPTSTK,MRF,32700.0,PE,0.0,0.0,0.0,2874.1,947.45,0,0.0,0
2014-11-10,2014-11-27,OPTSTK,MRF,32750.0,PE,0.0,0.0,0.0,2902.05,975.0,0,0.0,0
2014-11-10,2014-11-27,OPTSTK,MRF,32800.0,PE,0.0,0.0,0.0,2291.8,1003.0,0,0.0,0
2014-11-10,2014-11-27,OPTSTK,MRF,32850.0,PE,0.0,0.0,0.0,2317.3,1031.45,0,0.0,0
2014-11-10,2014-11-27,OPTSTK,MRF,32900.0,PE,0.0,0.0,0.0,2342.95,1060.4,0,0.0,0
2014-11-10,2014-11-27,OPTSTK,MRF,32950.0,PE,0.0,0.0,0.0,2368.8,1089.75,0,0.0,0
2014-11-10,2014-11-27,OPTSTK,MRF,33000.0,PE,0.0,0.0,0.0,2394.75,1119.55,0,0.0,0
2014-11-10,2014-11-27,OPTSTK,MRF,33050.0,PE,0.0,0.0,0.0,2420.9,1149.8,0,0.0,0
2014-11-10,2014-11-27,OPTSTK,MRF,33100.0,PE,0.0,0.0,0.0,2447.2,1180.5,0,0.0,0
2014-11-10,2014-11-27,OPTSTK,MRF,33150.0,PE,0.0,0.0,0.0,2473.6,1211.65,0,0.0,0
2014-11-10,2014-11-27,OPTSTK,MRF,33200.0,PE,0.0,0.0,0.0,2500.2,1243.2,0,0.0,0
2014-11-10,2014-12-24,OPTSTK,MRF,29750.0,CE,0.0,0.0,0.0,3418.9,3267.7,0,0.0,0
2014-11-10,2014-12-24,OPTSTK,MRF,29800.0,CE,0.0,0.0,0.0,3391.6,3228.1,0,0.0,0
2014-11-10,2014-12-24,OPTSTK,MRF,29850.0,CE,0.0,0.0,0.0,3364.45,3188.7,0,0.0,0
2014-11-10,2014-12-24,OPTSTK,MRF,29900.0,CE,0.0,0.0,0.0,3337.45,3149.55,0,0.0,0
2014-11-10,2014-12-24,OPTSTK,MRF,29950.0,CE,0.0,0.0,0.0,3575.4,3110.65,0,0.0,0
2014-11-10,2014-12-24,OPTSTK,MRF,30000.0,CE,0.0,0.0,0.0,3548.3,3071.95,0,0.0,0
2014-11-10,2014-12-24,OPTSTK,MRF,30050.0,CE,0.0,0.0,0.0,3521.4,3033.45,0,0.0,0
2014-11-10,2014-12-24,OPTSTK,MRF,30100.0,CE,0.0,0.0,0.0,3494.6,2995.25,0,0.0,0
2014-11-10,2014-12-24,OPTSTK,MRF,30150.0,CE,0.0,0.0,0.0,3467.95,2957.25,0,0.0,0
2014-11-10,2014-12-24,OPTSTK,MRF,30200.0,CE,0.0,0.0,0.0,3441.45,2919.45,0,0.0,0
2014-11-10,2014-12-24,OPTSTK,MRF,30250.0,CE,0.0,0.0,0.0,3415.1,2881.95,0,0.0,0
2014-11-10,2014-12-24,OPTSTK,MRF,30300.0,CE,0.0,0.0,0.0,3388.9,2844.65,0,0.0,0
2014-11-10,2014-12-24,OPTSTK,MRF,30350.0,CE,0.0,0.0,0.0,3362.85,2808.85,0,0.0,0
2014-11-10,2014-12-24,OPTSTK,MRF,30400.0,CE,0.0,0.0,0.0,3336.95,2772.0,0,0.0,0
2014-11-10,2014-12-24,OPTSTK,MRF,30450.0,CE,0.0,0.0,0.0,3311.15,2735.4,0,0.0,0
2014-11-10,2014-12-24,OPTSTK,MRF,30500.0,CE,0.0,0.0,0.0,3285.55,2699.05,0,0.0,0
2014-11-10,2014-12-24,OPTSTK,MRF,30550.0,CE,0.0,0.0,0.0,3260.05,2662.95,0,0.0,0
2014-11-10,2014-12-24,OPTSTK,MRF,30600.0,CE,0.0,0.0,0.0,3234.7,2627.1,0,0.0,0
2014-11-10,2014-12-24,OPTSTK,MRF,30650.0,CE,0.0,0.0,0.0,3209.5,2591.55,0,0.0,0
2014-11-10,2014-12-24,OPTSTK,MRF,30700.0,CE,0.0,0.0,0.0,3184.45,2554.9,0,0.0,0
2014-11-10,2014-12-24,OPTSTK,MRF,30750.0,CE,0.0,0.0,0.0,3159.55,2519.95,0,0.0,0
2014-11-10,2014-12-24,OPTSTK,MRF,30800.0,CE,0.0,0.0,0.0,3134.75,2485.2,0,0.0,0
2014-11-10,2014-12-24,OPTSTK,MRF,30850.0,CE,0.0,0.0,0.0,3110.15,2450.75,0,0.0,0
2014-11-10,2014-12-24,OPTSTK,MRF,30900.0,CE,0.0,0.0,0.0,3085.55,2416.55,0,0.0,0
2014-11-10,2014-12-24,OPTSTK,MRF,30950.0,CE,0.0,0.0,0.0,3061.2,2382.65,0,0.0,0
2014-11-10,2014-12-24,OPTSTK,MRF,31000.0,CE,0.0,0.0,0.0,3037.0,2349.0,0,0.0,0
2014-11-10,2014-12-24,OPTSTK,MRF,31050.0,CE,0.0,0.0,0.0,3012.95,2315.6,0,0.0,0
2014-11-10,2014-12-24,OPTSTK,MRF,31100.0,CE,0.0,0.0,0.0,2989.05,2282.5,0,0.0,0
2014-11-10,2014-12-24,OPTSTK,MRF,31150.0,CE,0.0,0.0,0.0,2965.25,2249.7,0,0.0,0
2014-11-10,2014-12-24,OPTSTK,MRF,31200.0,CE,0.0,0.0,0.0,2941.65,2217.15,0,0.0,0
2014-11-10,2014-12-24,OPTSTK,MRF,31250.0,CE,0.0,0.0,0.0,2918.15,2184.85,0,0.0,0
2014-11-10,2014-12-24,OPTSTK,MRF,31300.0,CE,0.0,0.0,0.0,2894.8,2152.85,0,0.0,0
2014-11-10,2014-12-24,OPTSTK,MRF,31350.0,CE,0.0,0.0,0.0,2871.6,2121.15,0,0.0,0
2014-11-10,2014-12-24,OPTSTK,MRF,31400.0,CE,0.0,0.0,0.0,2848.5,2089.7,0,0.0,0
2014-11-10,2014-12-24,OPTSTK,MRF,31450.0,CE,0.0,0.0,0.0,2825.6,2058.55,0,0.0,0
2014-11-10,2014-12-24,OPTSTK,MRF,31500.0,CE,0.0,0.0,0.0,2802.8,2027.65,0,0.0,0
2014-11-10,2014-12-24,OPTSTK,MRF,31550.0,CE,0.0,0.0,0.0,2780.15,1997.05,0,0.0,0
2014-11-10,2014-12-24,OPTSTK,MRF,31600.0,CE,0.0,0.0,0.0,2757.65,1966.75,0,0.0,0
2014-11-10,2014-12-24,OPTSTK,MRF,31650.0,CE,0.0,0.0,0.0,2735.25,1936.75,0,0.0,0
2014-11-10,2014-12-24,OPTSTK,MRF,31700.0,CE,0.0,0.0,0.0,2713.0,1907.0,0,0.0,0
2014-11-10,2014-12-24,OPTSTK,MRF,31750.0,CE,0.0,0.0,0.0,2690.9,1877.55,0,0.0,0
2014-11-10,2014-12-24,OPTSTK,MRF,31800.0,CE,0.0,0.0,0.0,2668.95,1848.35,0,0.0,0
2014-11-10,2014-12-24,OPTSTK,MRF,31850.0,CE,0.0,0.0,0.0,2647.15,1819.5,0,0.0,0
2014-11-10,2014-12-24,OPTSTK,MRF,31900.0,CE,0.0,0.0,0.0,2625.45,1790.9,0,0.0,0
2014-11-10,2014-12-24,OPTSTK,MRF,31950.0,CE,0.0,0.0,0.0,2603.9,1762.6,0,0.0,0
2014-11-10,2014-12-24,OPTSTK,MRF,32000.0,CE,0.0,0.0,0.0,2404.05,1734.6,0,0.0,0
2014-11-10,2014-12-24,OPTSTK,MRF,32050.0,CE,0.0,0.0,0.0,2382.55,1706.85,0,0.0,0
2014-11-10,2014-12-24,OPTSTK,MRF,32100.0,CE,0.0,0.0,0.0,3595.65,1679.45,0,0.0,0
2014-11-10,2014-12-24,OPTSTK,MRF,32150.0,CE,0.0,0.0,0.0,3570.15,1652.3,0,0.0,0
2014-11-10,2014-12-24,OPTSTK,MRF,32200.0,CE,0.0,0.0,0.0,3544.85,1625.45,0,0.0,0
2014-11-10,2014-12-24,OPTSTK,MRF,32250.0,CE,0.0,0.0,0.0,3519.65,1598.85,0,0.0,0
2014-11-10,2014-12-24,OPTSTK,MRF,32300.0,CE,0.0,0.0,0.0,3494.55,1572.6,0,0.0,0
2014-11-10,2014-12-24,OPTSTK,MRF,32350.0,CE,0.0,0.0,0.0,3469.65,1546.6,0,0.0,0
2014-11-10,2014-12-24,OPTSTK,MRF,32400.0,CE,0.0,0.0,0.0,3444.85,1520.9,0,0.0,0
2014-11-10,2014-12-24,OPTSTK,MRF,32450.0,CE,0.0,0.0,0.0,3420.15,1495.5,0,0.0,0
2014-11-10,2014-12-24,OPTSTK,MRF,32500.0,CE,0.0,0.0,0.0,3395.5,1470.35,0,0.0,0
2014-11-10,2014-12-24,OPTSTK,MRF,32550.0,CE,0.0,0.0,0.0,3371.1,1445.4,0,0.0,0
2014-11-10,2014-12-24,OPTSTK,MRF,32600.0,CE,0.0,0.0,0.0,3346.8,1420.85,0,0.0,0
2014-11-10,2014-12-24,OPTSTK,MRF,32650.0,CE,0.0,0.0,0.0,3322.65,1396.6,0,0.0,0
2014-11-10,2014-12-24,OPTSTK,MRF,32700.0,CE,0.0,0.0,0.0,3298.6,1372.6,0,0.0,0
2014-11-10,2014-12-24,OPTSTK,MRF,32750.0,CE,0.0,0.0,0.0,3274.75,1348.9,0,0.0,0
2014-11-10,2014-12-24,OPTSTK,MRF,32800.0,CE,0.0,0.0,0.0,3250.95,1325.5,0,0.0,0
2014-11-10,2014-12-24,OPTSTK,MRF,32850.0,CE,0.0,0.0,0.0,3227.35,1302.4,0,0.0,0
2014-11-10,2014-12-24,OPTSTK,MRF,32900.0,CE,0.0,0.0,0.0,3203.85,1279.55,0,0.0,0
2014-11-10,2014-12-24,OPTSTK,MRF,32950.0,CE,0.0,0.0,0.0,3180.45,1257.0,0,0.0,0
2014-11-10,2014-12-24,OPTSTK,MRF,33000.0,CE,0.0,0.0,0.0,3157.2,1234.75,0,0.0,0
2014-11-10,2014-12-24,OPTSTK,MRF,33050.0,CE,0.0,0.0,0.0,3134.1,1212.75,0,0.0,0
2014-11-10,2014-12-24,OPTSTK,MRF,33100.0,CE,0.0,0.0,0.0,3111.1,1191.05,0,0.0,0
2014-11-10,2014-12-24,OPTSTK,MRF,33150.0,CE,0.0,0.0,0.0,3088.25,1169.6,0,0.0,0
2014-11-10,2014-12-24,OPTSTK,MRF,33200.0,CE,0.0,0.0,0.0,3065.5,1148.45,0,0.0,0
2014-11-10,2014-12-24,OPTSTK,MRF,29750.0,PE,0.0,0.0,0.0,1799.4,325.4,0,0.0,0
2014-11-10,2014-12-24,OPTSTK,MRF,29800.0,PE,0.0,0.0,0.0,1821.05,335.25,0,0.0,0
2014-11-10,2014-12-24,OPTSTK,MRF,29850.0,PE,0.0,0.0,0.0,1842.85,345.35,0,0.0,0
2014-11-10,2014-12-24,OPTSTK,MRF,29900.0,PE,0.0,0.0,0.0,1864.8,355.7,0,0.0,0
2014-11-10,2014-12-24,OPTSTK,MRF,29950.0,PE,0.0,0.0,0.0,1909.1,366.25,0,0.0,0
2014-11-10,2014-12-24,OPTSTK,MRF,30000.0,PE,0.0,0.0,0.0,1930.95,377.0,0,0.0,0
2014-11-10,2014-12-24,OPTSTK,MRF,30050.0,PE,0.0,0.0,0.0,1952.9,388.05,0,0.0,0
2014-11-10,2014-12-24,OPTSTK,MRF,30100.0,PE,0.0,0.0,0.0,1975.05,399.25,0,0.0,0
2014-11-10,2014-12-24,OPTSTK,MRF,30150.0,PE,0.0,0.0,0.0,1997.3,410.75,0,0.0,0
2014-11-10,2014-12-24,OPTSTK,MRF,30200.0,PE,0.0,0.0,0.0,2019.75,422.45,0,0.0,0
2014-11-10,2014-12-24,OPTSTK,MRF,30250.0,PE,0.0,0.0,0.0,2042.3,434.4,0,0.0,0
2014-11-10,2014-12-24,OPTSTK,MRF,30300.0,PE,0.0,0.0,0.0,2065.0,446.6,0,0.0,0
2014-11-10,2014-12-24,OPTSTK,MRF,30350.0,PE,0.0,0.0,0.0,2087.85,460.3,0,0.0,0
2014-11-10,2014-12-24,OPTSTK,MRF,30400.0,PE,0.0,0.0,0.0,2110.85,472.9,0,0.0,0
2014-11-10,2014-12-24,OPTSTK,MRF,30450.0,PE,0.0,0.0,0.0,2133.95,485.8,0,0.0,0
2014-11-10,2014-12-24,OPTSTK,MRF,30500.0,PE,0.0,0.0,0.0,2157.25,498.9,0,0.0,0
2014-11-10,2014-12-24,OPTSTK,MRF,30550.0,PE,0.0,0.0,0.0,2180.65,512.3,0,0.0,0
2014-11-10,2014-12-24,OPTSTK,MRF,30600.0,PE,0.0,0.0,0.0,2204.25,525.95,0,0.0,0
2014-11-10,2014-12-24,OPTSTK,MRF,30650.0,PE,0.0,0.0,0.0,2227.95,539.8,0,0.0,0
2014-11-10,2014-12-24,OPTSTK,MRF,30700.0,PE,0.0,0.0,0.0,2251.8,552.7,0,0.0,0
2014-11-10,2014-12-24,OPTSTK,MRF,30750.0,PE,0.0,0.0,0.0,2275.8,567.15,0,0.0,0
2014-11-10,2014-12-24,OPTSTK,MRF,30800.0,PE,0.0,0.0,0.0,2299.95,581.9,0,0.0,0
2014-11-10,2014-12-24,OPTSTK,MRF,30850.0,PE,0.0,0.0,0.0,2324.25,596.95,0,0.0,0
2014-11-10,2014-12-24,OPTSTK,MRF,30900.0,PE,0.0,0.0,0.0,2348.55,612.25,0,0.0,0
2014-11-10,2014-12-24,OPTSTK,MRF,30950.0,PE,0.0,0.0,0.0,2373.1,627.8,0,0.0,0
2014-11-10,2014-12-24,OPTSTK,MRF,31000.0,PE,0.0,0.0,0.0,2397.85,643.6,0,0.0,0
2014-11-10,2014-12-24,OPTSTK,MRF,31050.0,PE,0.0,0.0,0.0,2422.7,659.7,0,0.0,0
2014-11-10,2014-12-24,OPTSTK,MRF,31100.0,PE,0.0,0.0,0.0,2447.7,676.1,0,0.0,0
2014-11-10,2014-12-24,OPTSTK,MRF,31150.0,PE,0.0,0.0,0.0,2472.8,692.75,0,0.0,0
2014-11-10,2014-12-24,OPTSTK,MRF,31200.0,PE,0.0,0.0,0.0,2498.1,709.65,0,0.0,0
2014-11-10,2014-12-24,OPTSTK,MRF,31250.0,PE,0.0,0.0,0.0,2523.5,726.85,0,0.0,0
2014-11-10,2014-12-24,OPTSTK,MRF,31300.0,PE,0.0,0.0,0.0,2549.05,744.35,0,0.0,0
2014-11-10,2014-12-24,OPTSTK,MRF,31350.0,PE,0.0,0.0,0.0,2574.75,762.1,0,0.0,0
2014-11-10,2014-12-24,OPTSTK,MRF,31400.0,PE,0.0,0.0,0.0,2600.6,780.1,0,0.0,0
2014-11-10,2014-12-24,OPTSTK,MRF,31450.0,PE,0.0,0.0,0.0,2626.6,798.45,0,0.0,0
2014-11-10,2014-12-24,OPTSTK,MRF,31500.0,PE,0.0,0.0,0.0,2652.7,817.05,0,0.0,0
2014-11-10,2014-12-24,OPTSTK,MRF,31550.0,PE,0.0,0.0,0.0,2678.95,835.9,0,0.0,0
2014-11-10,2014-12-24,OPTSTK,MRF,31600.0,PE,0.0,0.0,0.0,2705.35,855.1,0,0.0,0
2014-11-10,2014-12-24,OPTSTK,MRF,31650.0,PE,0.0,0.0,0.0,2731.9,874.55,0,0.0,0
2014-11-10,2014-12-24,OPTSTK,MRF,31700.0,PE,0.0,0.0,0.0,2758.55,894.3,0,0.0,0
2014-11-10,2014-12-24,OPTSTK,MRF,31750.0,PE,0.0,0.0,0.0,2785.4,914.3,0,0.0,0
2014-11-10,2014-12-24,OPTSTK,MRF,31800.0,PE,0.0,0.0,0.0,2812.35,934.6,0,0.0,0
2014-11-10,2014-12-24,OPTSTK,MRF,31850.0,PE,0.0,0.0,0.0,2839.4,955.2,0,0.0,0
2014-11-10,2014-12-24,OPTSTK,MRF,31900.0,PE,0.0,0.0,0.0,2866.65,976.1,0,0.0,0
2014-11-10,2014-12-24,OPTSTK,MRF,31950.0,PE,0.0,0.0,0.0,2894.0,997.3,0,0.0,0
2014-11-10,2014-12-24,OPTSTK,MRF,32000.0,PE,0.0,0.0,0.0,2705.45,1018.75,0,0.0,0
2014-11-10,2014-12-24,OPTSTK,MRF,32050.0,PE,0.0,0.0,0.0,2732.9,1040.5,0,0.0,0
2014-11-10,2014-12-24,OPTSTK,MRF,32100.0,PE,0.0,0.0,0.0,2355.2,1062.55,0,0.0,0
2014-11-10,2014-12-24,OPTSTK,MRF,32150.0,PE,0.0,0.0,0.0,2378.75,1084.85,0,0.0,0
2014-11-10,2014-12-24,OPTSTK,MRF,32200.0,PE,0.0,0.0,0.0,2402.4,1107.5,0,0.0,0
2014-11-10,2014-12-24,OPTSTK,MRF,32250.0,PE,0.0,0.0,0.0,2426.15,1130.4,0,0.0,0
2014-11-10,2014-12-24,OPTSTK,MRF,32300.0,PE,0.0,0.0,0.0,2450.05,1153.6,0,0.0,0
2014-11-10,2014-12-24,OPTSTK,MRF,32350.0,PE,0.0,0.0,0.0,2474.1,1177.1,0,0.0,0
2014-11-10,2014-12-24,OPTSTK,MRF,32400.0,PE,0.0,0.0,0.0,2498.25,1200.85,0,0.0,0
2014-11-10,2014-12-24,OPTSTK,MRF,32450.0,PE,0.0,0.0,0.0,2522.55,1224.9,0,0.0,0
2014-11-10,2014-12-24,OPTSTK,MRF,32500.0,PE,0.0,0.0,0.0,2546.85,1249.25,0,0.0,0
2014-11-10,2014-12-24,OPTSTK,MRF,32550.0,PE,0.0,0.0,0.0,2571.45,1273.8,0,0.0,0
2014-11-10,2014-12-24,OPTSTK,MRF,32600.0,PE,0.0,0.0,0.0,2596.15,1298.7,0,0.0,0
2014-11-10,2014-12-24,OPTSTK,MRF,32650.0,PE,0.0,0.0,0.0,2620.95,1323.95,0,0.0,0
2014-11-10,2014-12-24,OPTSTK,MRF,32700.0,PE,0.0,0.0,0.0,2645.9,1349.45,0,0.0,0
2014-11-10,2014-12-24,OPTSTK,MRF,32750.0,PE,0.0,0.0,0.0,2671.0,1375.2,0,0.0,0
2014-11-10,2014-12-24,OPTSTK,MRF,32800.0,PE,0.0,0.0,0.0,2696.2,1401.3,0,0.0,0
2014-11-10,2014-12-24,OPTSTK,MRF,32850.0,PE,0.0,0.0,0.0,2721.55,1427.65,0,0.0,0
2014-11-10,2014-12-24,OPTSTK,MRF,32900.0,PE,0.0,0.0,0.0,2747.0,1454.3,0,0.0,0
2014-11-10,2014-12-24,OPTSTK,MRF,32950.0,PE,0.0,0.0,0.0,2772.6,1481.2,0,0.0,0
2014-11-10,2014-12-24,OPTSTK,MRF,33000.0,PE,0.0,0.0,0.0,2798.35,1508.4,0,0.0,0
2014-11-10,2014-12-24,OPTSTK,MRF,33050.0,PE,0.0,0.0,0.0,2824.2,1535.9,0,0.0,0
2014-11-10,2014-12-24,OPTSTK,MRF,33100.0,PE,0.0,0.0,0.0,2850.2,1563.65,0,0.0,0
2014-11-10,2014-12-24,OPTSTK,MRF,33150.0,PE,0.0,0.0,0.0,2876.3,1591.7,0,0.0,0
2014-11-10,2014-12-24,OPTSTK,MRF,33200.0,PE,0.0,0.0,0.0,2902.55,1620.05,0,0.0,0
2014-11-10,2015-01-29,OPTSTK,MRF,29900.0,CE,0.0,0.0,0.0,2872.85,3679.8,0,0.0,0
2014-11-10,2015-01-29,OPTSTK,MRF,29950.0,CE,0.0,0.0,0.0,2843.55,3643.85,0,0.0,0
2014-11-10,2015-01-29,OPTSTK,MRF,30000.0,CE,0.0,0.0,0.0,2814.4,3608.05,0,0.0,0
2014-11-10,2015-01-29,OPTSTK,MRF,30050.0,CE,0.0,0.0,0.0,2785.5,3572.5,0,0.0,0
2014-11-10,2015-01-29,OPTSTK,MRF,30100.0,CE,0.0,0.0,0.0,2756.8,3537.1,0,0.0,0
2014-11-10,2015-01-29,OPTSTK,MRF,30150.0,CE,0.0,0.0,0.0,2728.25,3501.95,0,0.0,0
2014-11-10,2015-01-29,OPTSTK,MRF,30200.0,CE,0.0,0.0,0.0,2699.95,3466.95,0,0.0,0
2014-11-10,2015-01-29,OPTSTK,MRF,30250.0,CE,0.0,0.0,0.0,2671.8,3432.15,0,0.0,0
2014-11-10,2015-01-29,OPTSTK,MRF,30300.0,CE,0.0,0.0,0.0,2643.85,3397.55,0,0.0,0
2014-11-10,2015-01-29,OPTSTK,MRF,30350.0,CE,0.0,0.0,0.0,2616.15,3361.85,0,0.0,0
2014-11-10,2015-01-29,OPTSTK,MRF,30400.0,CE,0.0,0.0,0.0,2588.6,3327.7,0,0.0,0
2014-11-10,2015-01-29,OPTSTK,MRF,30450.0,CE,0.0,0.0,0.0,2561.25,3293.75,0,0.0,0
2014-11-10,2015-01-29,OPTSTK,MRF,30500.0,CE,0.0,0.0,0.0,2534.1,3260.0,0,0.0,0
2014-11-10,2015-01-29,OPTSTK,MRF,30550.0,CE,0.0,0.0,0.0,2507.1,3226.45,0,0.0,0
2014-11-10,2015-01-29,OPTSTK,MRF,30600.0,CE,0.0,0.0,0.0,2480.35,3193.1,0,0.0,0
2014-11-10,2015-01-29,OPTSTK,MRF,30650.0,CE,0.0,0.0,0.0,2453.8,3159.95,0,0.0,0
2014-11-10,2015-01-29,OPTSTK,MRF,30700.0,CE,0.0,0.0,0.0,2427.4,3127.0,0,0.0,0
2014-11-10,2015-01-29,OPTSTK,MRF,30750.0,CE,0.0,0.0,0.0,2401.25,3094.3,0,0.0,0
2014-11-10,2015-01-29,OPTSTK,MRF,30800.0,CE,0.0,0.0,0.0,2375.25,3061.75,0,0.0,0
2014-11-10,2015-01-29,OPTSTK,MRF,30850.0,CE,0.0,0.0,0.0,2349.45,3029.4,0,0.0,0
2014-11-10,2015-01-29,OPTSTK,MRF,30900.0,CE,0.0,0.0,0.0,2323.9,2997.3,0,0.0,0
2014-11-10,2015-01-29,OPTSTK,MRF,30950.0,CE,0.0,0.0,0.0,2298.5,2965.4,0,0.0,0
2014-11-10,2015-01-29,OPTSTK,MRF,31000.0,CE,0.0,0.0,0.0,2273.3,2933.7,0,0.0,0
2014-11-10,2015-01-29,OPTSTK,MRF,31050.0,CE,0.0,0.0,0.0,2248.25,2902.2,0,0.0,0
2014-11-10,2015-01-29,OPTSTK,MRF,31100.0,CE,0.0,0.0,0.0,2223.45,2870.9,0,0.0,0
2014-11-10,2015-01-29,OPTSTK,MRF,31150.0,CE,0.0,0.0,0.0,2198.85,2839.8,0,0.0,0
2014-11-10,2015-01-29,OPTSTK,MRF,31200.0,CE,0.0,0.0,0.0,2174.3,2808.95,0,0.0,0
2014-11-10,2015-01-29,OPTSTK,MRF,31250.0,CE,0.0,0.0,0.0,2150.05,2778.25,0,0.0,0
2014-11-10,2015-01-29,OPTSTK,MRF,31300.0,CE,0.0,0.0,0.0,2126.0,2747.8,0,0.0,0
2014-11-10,2015-01-29,OPTSTK,MRF,31350.0,CE,0.0,0.0,0.0,2102.15,2717.55,0,0.0,0
2014-11-10,2015-01-29,OPTSTK,MRF,31400.0,CE,0.0,0.0,0.0,2078.5,2687.5,0,0.0,0
2014-11-10,2015-01-29,OPTSTK,MRF,31450.0,CE,0.0,0.0,0.0,2055.05,2657.7,0,0.0,0
2014-11-10,2015-01-29,OPTSTK,MRF,31500.0,CE,0.0,0.0,0.0,2031.75,2628.1,0,0.0,0
2014-11-10,2015-01-29,OPTSTK,MRF,31550.0,CE,0.0,0.0,0.0,2008.7,2598.7,0,0.0,0
2014-11-10,2015-01-29,OPTSTK,MRF,31600.0,CE,0.0,0.0,0.0,1985.8,2569.5,0,0.0,0
2014-11-10,2015-01-29,OPTSTK,MRF,31650.0,CE,0.0,0.0,0.0,1963.1,2540.5,0,0.0,0
2014-11-10,2015-01-29,OPTSTK,MRF,31700.0,CE,0.0,0.0,0.0,1940.55,2511.75,0,0.0,0
2014-11-10,2015-01-29,OPTSTK,MRF,31750.0,CE,0.0,0.0,0.0,1918.25,2483.2,0,0.0,0
2014-11-10,2015-01-29,OPTSTK,MRF,31800.0,CE,0.0,0.0,0.0,1896.1,2454.85,0,0.0,0
2014-11-10,2015-01-29,OPTSTK,MRF,31850.0,CE,0.0,0.0,0.0,1874.15,2426.7,0,0.0,0
2014-11-10,2015-01-29,OPTSTK,MRF,31900.0,CE,0.0,0.0,0.0,1852.4,2398.8,0,0.0,0
2014-11-10,2015-01-29,OPTSTK,MRF,31950.0,CE,0.0,0.0,0.0,1982.35,2371.1,0,0.0,0
2014-11-10,2015-01-29,OPTSTK,MRF,32000.0,CE,0.0,0.0,0.0,1959.4,2343.6,0,0.0,0
2014-11-10,2015-01-29,OPTSTK,MRF,32050.0,CE,0.0,0.0,0.0,1936.6,2316.3,0,0.0,0
2014-11-10,2015-01-29,OPTSTK,MRF,32100.0,CE,0.0,0.0,0.0,1914.0,2289.25,0,0.0,0
2014-11-10,2015-01-29,OPTSTK,MRF,32150.0,CE,0.0,0.0,0.0,1891.6,2262.4,0,0.0,0
2014-11-10,2015-01-29,OPTSTK,MRF,32200.0,CE,0.0,0.0,0.0,1869.4,2235.75,0,0.0,0
2014-11-10,2015-01-29,OPTSTK,MRF,32250.0,CE,0.0,0.0,0.0,1847.4,2209.3,0,0.0,0
2014-11-10,2015-01-29,OPTSTK,MRF,32300.0,CE,0.0,0.0,0.0,1825.55,2183.1,0,0.0,0
2014-11-10,2015-01-29,OPTSTK,MRF,32350.0,CE,0.0,0.0,0.0,2038.15,2157.1,0,0.0,0
2014-11-10,2015-01-29,OPTSTK,MRF,32400.0,CE,0.0,0.0,0.0,2014.75,2131.3,0,0.0,0
2014-11-10,2015-01-29,OPTSTK,MRF,32450.0,CE,0.0,0.0,0.0,1991.5,2105.75,0,0.0,0
2014-11-10,2015-01-29,OPTSTK,MRF,32500.0,CE,0.0,0.0,0.0,1968.45,2080.35,0,0.0,0
2014-11-10,2015-01-29,OPTSTK,MRF,32550.0,CE,0.0,0.0,0.0,1945.6,2055.2,0,0.0,0
2014-11-10,2015-01-29,OPTSTK,MRF,32600.0,CE,0.0,0.0,0.0,1922.95,2030.25,0,0.0,0
2014-11-10,2015-01-29,OPTSTK,MRF,32650.0,CE,0.0,0.0,0.0,1900.5,2005.5,0,0.0,0
2014-11-10,2015-01-29,OPTSTK,MRF,32700.0,CE,0.0,0.0,0.0,1878.25,1980.85,0,0.0,0
2014-11-10,2015-01-29,OPTSTK,MRF,32750.0,CE,0.0,0.0,0.0,1856.15,1956.55,0,0.0,0
2014-11-10,2015-01-29,OPTSTK,MRF,32800.0,CE,0.0,0.0,0.0,1834.25,1932.45,0,0.0,0
2014-11-10,2015-01-29,OPTSTK,MRF,32850.0,CE,0.0,0.0,0.0,1812.55,1908.55,0,0.0,0
2014-11-10,2015-01-29,OPTSTK,MRF,32900.0,CE,0.0,0.0,0.0,2090.15,1884.85,0,0.0,0
2014-11-10,2015-01-29,OPTSTK,MRF,32950.0,CE,0.0,0.0,0.0,2066.5,1861.4,0,0.0,0
2014-11-10,2015-01-29,OPTSTK,MRF,29900.0,PE,0.0,0.0,0.0,1230.45,632.25,0,0.0,0
2014-11-10,2015-01-29,OPTSTK,MRF,29950.0,PE,0.0,0.0,0.0,1250.05,645.35,0,0.0,0
2014-11-10,2015-01-29,OPTSTK,MRF,30000.0,PE,0.0,0.0,0.0,1269.85,658.65,0,0.0,0
2014-11-10,2015-01-29,OPTSTK,MRF,30050.0,PE,0.0,0.0,0.0,1289.85,672.1,0,0.0,0
2014-11-10,2015-01-29,OPTSTK,MRF,30100.0,PE,0.0,0.0,0.0,1310.05,685.8,0,0.0,0
2014-11-10,2015-01-29,OPTSTK,MRF,30150.0,PE,0.0,0.0,0.0,1330.45,699.65,0,0.0,0
2014-11-10,2015-01-29,OPTSTK,MRF,30200.0,PE,0.0,0.0,0.0,1351.05,713.75,0,0.0,0
2014-11-10,2015-01-29,OPTSTK,MRF,30250.0,PE,0.0,0.0,0.0,1371.85,728.0,0,0.0,0
2014-11-10,2015-01-29,OPTSTK,MRF,30300.0,PE,0.0,0.0,0.0,1392.85,742.45,0,0.0,0
2014-11-10,2015-01-29,OPTSTK,MRF,30350.0,PE,0.0,0.0,0.0,1414.0,755.8,0,0.0,0
2014-11-10,2015-01-29,OPTSTK,MRF,30400.0,PE,0.0,0.0,0.0,1435.4,770.7,0,0.0,0
2014-11-10,2015-01-29,OPTSTK,MRF,30450.0,PE,0.0,0.0,0.0,1456.95,785.8,0,0.0,0
2014-11-10,2015-01-29,OPTSTK,MRF,30500.0,PE,0.0,0.0,0.0,1478.7,801.1,0,0.0,0
2014-11-10,2015-01-29,OPTSTK,MRF,30550.0,PE,0.0,0.0,0.0,1500.7,816.6,0,0.0,0
2014-11-10,2015-01-29,OPTSTK,MRF,30600.0,PE,0.0,0.0,0.0,1522.85,832.3,0,0.0,0
2014-11-10,2015-01-29,OPTSTK,MRF,30650.0,PE,0.0,0.0,0.0,1545.2,848.2,0,0.0,0
2014-11-10,2015-01-29,OPTSTK,MRF,30700.0,PE,0.0,0.0,0.0,1567.75,864.35,0,0.0,0
2014-11-10,2015-01-29,OPTSTK,MRF,30750.0,PE,0.0,0.0,0.0,1590.5,880.65,0,0.0,0
2014-11-10,2015-01-29,OPTSTK,MRF,30800.0,PE,0.0,0.0,0.0,1613.45,897.15,0,0.0,0
2014-11-10,2015-01-29,OPTSTK,MRF,30850.0,PE,0.0,0.0,0.0,1636.55,913.9,0,0.0,0
2014-11-10,2015-01-29,OPTSTK,MRF,30900.0,PE,0.0,0.0,0.0,1659.9,930.85,0,0.0,0
2014-11-10,2015-01-29,OPTSTK,MRF,30950.0,PE,0.0,0.0,0.0,1683.4,947.95,0,0.0,0
2014-11-10,2015-01-29,OPTSTK,MRF,31000.0,PE,0.0,0.0,0.0,1707.15,965.3,0,0.0,0
2014-11-10,2015-01-29,OPTSTK,MRF,31050.0,PE,0.0,0.0,0.0,1731.05,982.85,0,0.0,0
2014-11-10,2015-01-29,OPTSTK,MRF,31100.0,PE,0.0,0.0,0.0,1755.15,1000.6,0,0.0,0
2014-11-10,2015-01-29,OPTSTK,MRF,31150.0,PE,0.0,0.0,0.0,1779.45,1018.6,0,0.0,0
2014-11-10,2015-01-29,OPTSTK,MRF,31200.0,PE,0.0,0.0,0.0,1803.85,1036.75,0,0.0,0
2014-11-10,2015-01-29,OPTSTK,MRF,31250.0,PE,0.0,0.0,0.0,1828.5,1055.15,0,0.0,0
2014-11-10,2015-01-29,OPTSTK,MRF,31300.0,PE,0.0,0.0,0.0,1853.4,1073.75,0,0.0,0
2014-11-10,2015-01-29,OPTSTK,MRF,31350.0,PE,0.0,0.0,0.0,1878.45,1092.55,0,0.0,0
2014-11-10,2015-01-29,OPTSTK,MRF,31400.0,PE,0.0,0.0,0.0,1903.75,1111.55,0,0.0,0
2014-11-10,2015-01-29,OPTSTK,MRF,31450.0,PE,0.0,0.0,0.0,1929.2,1130.8,0,0.0,0
2014-11-10,2015-01-29,OPTSTK,MRF,31500.0,PE,0.0,0.0,0.0,1954.85,1150.25,0,0.0,0
2014-11-10,2015-01-29,OPTSTK,MRF,31550.0,PE,0.0,0.0,0.0,1980.65,1169.9,0,0.0,0
2014-11-10,2015-01-29,OPTSTK,MRF,31600.0,PE,0.0,0.0,0.0,2006.7,1189.75,0,0.0,0
2014-11-10,2015-01-29,OPTSTK,MRF,31650.0,PE,0.0,0.0,0.0,2032.9,1209.8,0,0.0,0
2014-11-10,2015-01-29,OPTSTK,MRF,31700.0,PE,0.0,0.0,0.0,2059.3,1230.1,0,0.0,0
2014-11-10,2015-01-29,OPTSTK,MRF,31750.0,PE,0.0,0.0,0.0,2085.9,1250.6,0,0.0,0
2014-11-10,2015-01-29,OPTSTK,MRF,31800.0,PE,0.0,0.0,0.0,2112.7,1271.3,0,0.0,0
2014-11-10,2015-01-29,OPTSTK,MRF,31850.0,PE,0.0,0.0,0.0,2139.65,1292.25,0,0.0,0
2014-11-10,2015-01-29,OPTSTK,MRF,31900.0,PE,0.0,0.0,0.0,2166.8,1313.35,0,0.0,0
2014-11-10,2015-01-29,OPTSTK,MRF,31950.0,PE,0.0,0.0,0.0,1949.75,1334.7,0,0.0,0
2014-11-10,2015-01-29,OPTSTK,MRF,32000.0,PE,0.0,0.0,0.0,1975.75,1356.25,0,0.0,0
2014-11-10,2015-01-29,OPTSTK,MRF,32050.0,PE,0.0,0.0,0.0,2001.9,1378.05,0,0.0,0
2014-11-10,2015-01-29,OPTSTK,MRF,32100.0,PE,0.0,0.0,0.0,2028.25,1400.0,0,0.0,0
2014-11-10,2015-01-29,OPTSTK,MRF,32150.0,PE,0.0,0.0,0.0,2054.85,1422.2,0,0.0,0
2014-11-10,2015-01-29,OPTSTK,MRF,32200.0,PE,0.0,0.0,0.0,2081.6,1444.65,0,0.0,0
2014-11-10,2015-01-29,OPTSTK,MRF,32250.0,PE,0.0,0.0,0.0,2108.55,1467.25,0,0.0,0
2014-11-10,2015-01-29,OPTSTK,MRF,32300.0,PE,0.0,0.0,0.0,2135.65,1490.1,0,0.0,0
2014-11-10,2015-01-29,OPTSTK,MRF,32350.0,PE,0.0,0.0,0.0,1899.05,1513.15,0,0.0,0
2014-11-10,2015-01-29,OPTSTK,MRF,32400.0,PE,0.0,0.0,0.0,1924.6,1536.4,0,0.0,0
2014-11-10,2015-01-29,OPTSTK,MRF,32450.0,PE,0.0,0.0,0.0,1950.35,1559.85,0,0.0,0
2014-11-10,2015-01-29,OPTSTK,MRF,32500.0,PE,0.0,0.0,0.0,1976.3,1583.55,0,0.0,0
2014-11-10,2015-01-29,OPTSTK,MRF,32550.0,PE,0.0,0.0,0.0,2002.45,1607.45,0,0.0,0
2014-11-10,2015-01-29,OPTSTK,MRF,32600.0,PE,0.0,0.0,0.0,2028.75,1631.55,0,0.0,0
2014-11-10,2015-01-29,OPTSTK,MRF,32650.0,PE,0.0,0.0,0.0,2055.25,1655.9,0,0.0,0
2014-11-10,2015-01-29,OPTSTK,MRF,32700.0,PE,0.0,0.0,0.0,2082.0,1680.3,0,0.0,0
2014-11-10,2015-01-29,OPTSTK,MRF,32750.0,PE,0.0,0.0,0.0,2108.9,1705.0,0,0.0,0
2014-11-10,2015-01-29,OPTSTK,MRF,32800.0,PE,0.0,0.0,0.0,2135.95,1729.95,0,0.0,0
2014-11-10,2015-01-29,OPTSTK,MRF,32850.0,PE,0.0,0.0,0.0,2163.25,1755.1,0,0.0,0
2014-11-10,2015-01-29,OPTSTK,MRF,32900.0,PE,0.0,0.0,0.0,1902.5,1780.5,0,0.0,0
2014-11-10,2015-01-29,OPTSTK,MRF,32950.0,PE,0.0,0.0,0.0,1927.85,1806.05,0,0.0,0
2014-11-10,2014-11-27,OPTSTK,NHPC,2.5,CE,0.0,0.0,0.0,19.2,18.6,0,0.0,0
2014-11-10,2014-11-27,OPTSTK,NHPC,5.0,CE,0.0,0.0,0.0,16.8,16.1,0,0.0,0
2014-11-10,2014-11-27,OPTSTK,NHPC,7.5,CE,0.0,0.0,0.0,14.35,13.6,0,0.0,0
2014-11-10,2014-11-27,OPTSTK,NHPC,10.0,CE,0.0,0.0,0.0,11.9,11.1,0,0.0,0
2014-11-10,2014-11-27,OPTSTK,NHPC,12.5,CE,0.0,0.0,0.0,10.4,8.6,0,0.0,0
2014-11-10,2014-11-27,OPTSTK,NHPC,15.0,CE,0.0,0.0,0.0,7.05,6.15,0,0.0,0
2014-11-10,2014-11-27,OPTSTK,NHPC,17.5,CE,0.0,0.0,0.0,3.95,3.65,0,0.0,12000
2014-11-10,2014-11-27,OPTSTK,NHPC,20.0,CE,1.5,1.5,1.25,1.35,1.35,29,74.25,2340000
2014-11-10,2014-11-27,OPTSTK,NHPC,22.5,CE,0.45,0.45,0.3,0.35,0.35,154,422.32,5244000
2014-11-10,2014-11-27,OPTSTK,NHPC,25.0,CE,0.1,0.15,0.05,0.1,0.1,36,108.49,2820000
2014-11-10,2014-11-27,OPTSTK,NHPC,27.5,CE,0.05,0.05,0.05,0.05,0.05,1,3.3,468000
2014-11-10,2014-11-27,OPTSTK,NHPC,30.0,CE,0.0,0.0,0.0,0.05,0.0,0,0.0,48000
2014-11-10,2014-11-27,OPTSTK,NHPC,32.5,CE,0.0,0.0,0.0,0.1,0.0,0,0.0,0
2014-11-10,2014-11-27,OPTSTK,NHPC,35.0,CE,0.0,0.0,0.0,0.05,0.0,0,0.0,0
2014-11-10,2014-11-27,OPTSTK,NHPC,37.5,CE,0.0,0.0,0.0,0.05,0.0,0,0.0,0
2014-11-10,2014-11-27,OPTSTK,NHPC,40.0,CE,0.0,0.0,0.0,0.05,0.0,0,0.0,0
2014-11-10,2014-11-27,OPTSTK,NHPC,42.5,CE,0.0,0.0,0.0,0.05,0.0,0,0.0,0
2014-11-10,2014-11-27,OPTSTK,NHPC,2.5,PE,0.0,0.0,0.0,0.05,0.0,0,0.0,0
2014-11-10,2014-11-27,OPTSTK,NHPC,5.0,PE,0.0,0.0,0.0,0.05,0.0,0,0.0,0
2014-11-10,2014-11-27,OPTSTK,NHPC,7.5,PE,0.0,0.0,0.0,0.05,0.0,0,0.0,24000
2014-11-10,2014-11-27,OPTSTK,NHPC,10.0,PE,0.0,0.0,0.0,0.05,0.0,0,0.0,0
2014-11-10,2014-11-27,OPTSTK,NHPC,12.5,PE,0.0,0.0,0.0,0.05,0.0,0,0.0,0
2014-11-10,2014-11-27,OPTSTK,NHPC,15.0,PE,0.0,0.0,0.0,0.05,0.0,0,0.0,12000
2014-11-10,2014-11-27,OPTSTK,NHPC,17.5,PE,0.05,0.05,0.05,0.05,0.05,1,2.1,792000
2014-11-10,2014-11-27,OPTSTK,NHPC,20.0,PE,0.2,0.25,0.2,0.2,0.2,182,441.17,3756000
2014-11-10,2014-11-27,OPTSTK,NHPC,22.5,PE,1.8,1.8,1.6,1.65,1.65,3,8.71,924000
2014-11-10,2014-11-27,OPTSTK,NHPC,25.0,PE,0.0,0.0,0.0,3.85,3.9,0,0.0,240000
2014-11-10,2014-11-27,OPTSTK,NHPC,27.5,PE,0.0,0.0,0.0,5.7,6.35,0,0.0,0
2014-11-10,2014-11-27,OPTSTK,NHPC,30.0,PE,0.0,0.0,0.0,7.9,8.85,0,0.0,0
2014-11-10,2014-11-27,OPTSTK,NHPC,32.5,PE,0.0,0.0,0.0,10.25,11.35,0,0.0,0
2014-11-10,2014-11-27,OPTSTK,NHPC,35.0,PE,0.0,0.0,0.0,12.65,13.85,0,0.0,0
2014-11-10,2014-11-27,OPTSTK,NHPC,37.5,PE,0.0,0.0,0.0,15.1,16.3,0,0.0,0
2014-11-10,2014-11-27,OPTSTK,NHPC,40.0,PE,0.0,0.0,0.0,17.55,18.8,0,0.0,0
2014-11-10,2014-11-27,OPTSTK,NHPC,42.5,PE,0.0,0.0,0.0,19.95,21.3,0,0.0,0
2014-11-10,2014-12-24,OPTSTK,NHPC,2.5,CE,0.0,0.0,0.0,16.85,18.6,0,0.0,0
2014-11-10,2014-12-24,OPTSTK,NHPC,5.0,CE,0.0,0.0,0.0,14.45,16.1,0,0.0,0
2014-11-10,2014-12-24,OPTSTK,NHPC,7.5,CE,0.0,0.0,0.0,12.0,13.65,0,0.0,0
2014-11-10,2014-12-24,OPTSTK,NHPC,10.0,CE,0.0,0.0,0.0,9.55,11.15,0,0.0,0
2014-11-10,2014-12-24,OPTSTK,NHPC,12.5,CE,0.0,0.0,0.0,7.1,8.7,0,0.0,0
2014-11-10,2014-12-24,OPTSTK,NHPC,15.0,CE,0.0,0.0,0.0,4.85,6.25,0,0.0,0
2014-11-10,2014-12-24,OPTSTK,NHPC,17.5,CE,0.0,0.0,0.0,2.95,3.8,0,0.0,0
2014-11-10,2014-12-24,OPTSTK,NHPC,20.0,CE,0.0,0.0,0.0,1.65,1.75,0,0.0,0
2014-11-10,2014-12-24,OPTSTK,NHPC,22.5,CE,0.0,0.0,0.0,0.8,0.55,0,0.0,0
2014-11-10,2014-12-24,OPTSTK,NHPC,25.0,CE,0.0,0.0,0.0,0.4,0.15,0,0.0,0
2014-11-10,2014-12-24,OPTSTK,NHPC,27.5,CE,0.0,0.0,0.0,0.2,0.05,0,0.0,0
2014-11-10,2014-12-24,OPTSTK,NHPC,30.0,CE,0.0,0.0,0.0,0.1,0.0,0,0.0,0
2014-11-10,2014-12-24,OPTSTK,NHPC,32.5,CE,0.0,0.0,0.0,0.05,0.0,0,0.0,0
2014-11-10,2014-12-24,OPTSTK,NHPC,35.0,CE,0.0,0.0,0.0,0.05,0.0,0,0.0,0
2014-11-10,2014-12-24,OPTSTK,NHPC,37.5,CE,0.0,0.0,0.0,0.05,0.0,0,0.0,0
2014-11-10,2014-12-24,OPTSTK,NHPC,40.0,CE,0.0,0.0,0.0,0.05,0.0,0,0.0,0
2014-11-10,2014-12-24,OPTSTK,NHPC,42.5,CE,0.0,0.0,0.0,0.05,0.0,0,0.0,0
2014-11-10,2014-12-24,OPTSTK,NHPC,2.5,PE,0.0,0.0,0.0,0.05,0.0,0,0.0,0
2014-11-10,2014-12-24,OPTSTK,NHPC,5.0,PE,0.0,0.0,0.0,0.05,0.0,0,0.0,0
2014-11-10,2014-12-24,OPTSTK,NHPC,7.5,PE,0.0,0.0,0.0,0.05,0.0,0,0.0,0
2014-11-10,2014-12-24,OPTSTK,NHPC,10.0,PE,0.0,0.0,0.0,0.25,0.0,0,0.0,0
2014-11-10,2014-12-24,OPTSTK,NHPC,12.5,PE,0.0,0.0,0.0,0.05,0.0,0,0.0,0
2014-11-10,2014-12-24,OPTSTK,NHPC,15.0,PE,0.0,0.0,0.0,0.2,0.0,0,0.0,0
2014-11-10,2014-12-24,OPTSTK,NHPC,17.5,PE,0.0,0.0,0.0,0.8,0.05,0,0.0,0
2014-11-10,2014-12-24,OPTSTK,NHPC,20.0,PE,0.0,0.0,0.0,1.9,0.5,0,0.0,0
2014-11-10,2014-12-24,OPTSTK,NHPC,22.5,PE,0.0,0.0,0.0,3.55,1.75,0,0.0,0
2014-11-10,2014-12-24,OPTSTK,NHPC,25.0,PE,0.0,0.0,0.0,5.55,3.8,0,0.0,0
2014-11-10,2014-12-24,OPTSTK,NHPC,27.5,PE,0.0,0.0,0.0,7.8,6.2,0,0.0,0
2014-11-10,2014-12-24,OPTSTK,NHPC,30.0,PE,0.0,0.0,0.0,10.15,8.65,0,0.0,0
2014-11-10,2014-12-24,OPTSTK,NHPC,32.5,PE,0.0,0.0,0.0,12.55,11.15,0,0.0,0
2014-11-10,2014-12-24,OPTSTK,NHPC,35.0,PE,0.0,0.0,0.0,14.95,13.6,0,0.0,0
2014-11-10,2014-12-24,OPTSTK,NHPC,37.5,PE,0.0,0.0,0.0,17.4,16.1,0,0.0,0
2014-11-10,2014-12-24,OPTSTK,NHPC,40.0,PE,0.0,0.0,0.0,19.85,18.55,0,0.0,0
2014-11-10,2014-12-24,OPTSTK,NHPC,42.5,PE,0.0,0.0,0.0,22.3,21.05,0,0.0,0
2014-11-10,2015-01-29,OPTSTK,NHPC,2.5,CE,0.0,0.0,0.0,17.55,18.6,0,0.0,0
2014-11-10,2015-01-29,OPTSTK,NHPC,5.0,CE,0.0,0.0,0.0,15.15,16.15,0,0.0,0
2014-11-10,2015-01-29,OPTSTK,NHPC,7.5,CE,0.0,0.0,0.0,12.7,13.7,0,0.0,0
2014-11-10,2015-01-29,OPTSTK,NHPC,10.0,CE,0.0,0.0,0.0,10.25,11.25,0,0.0,0
2014-11-10,2015-01-29,OPTSTK,NHPC,12.5,CE,0.0,0.0,0.0,7.8,8.8,0,0.0,0
2014-11-10,2015-01-29,OPTSTK,NHPC,15.0,CE,0.0,0.0,0.0,5.4,6.35,0,0.0,0
2014-11-10,2015-01-29,OPTSTK,NHPC,17.5,CE,0.0,0.0,0.0,3.2,4.05,0,0.0,0
2014-11-10,2015-01-29,OPTSTK,NHPC,20.0,CE,0.0,0.0,0.0,1.55,2.15,0,0.0,0
2014-11-10,2015-01-29,OPTSTK,NHPC,22.5,CE,0.0,0.0,0.0,0.65,0.95,0,0.0,0
2014-11-10,2015-01-29,OPTSTK,NHPC,25.0,CE,0.0,0.0,0.0,0.25,0.35,0,0.0,0
2014-11-10,2015-01-29,OPTSTK,NHPC,27.5,CE,0.0,0.0,0.0,0.1,0.1,0,0.0,0
2014-11-10,2015-01-29,OPTSTK,NHPC,30.0,CE,0.0,0.0,0.0,0.05,0.05,0,0.0,0
2014-11-10,2015-01-29,OPTSTK,NHPC,32.5,CE,0.0,0.0,0.0,0.05,0.05,0,0.0,0
2014-11-10,2015-01-29,OPTSTK,NHPC,35.0,CE,0.0,0.0,0.0,0.05,0.0,0,0.0,0
2014-11-10,2015-01-29,OPTSTK,NHPC,37.5,CE,0.0,0.0,0.0,0.05,0.0,0,0.0,0
2014-11-10,2015-01-29,OPTSTK,NHPC,40.0,CE,0.0,0.0,0.0,0.05,0.0,0,0.0,0
2014-11-10,2015-01-29,OPTSTK,NHPC,42.5,CE,0.0,0.0,0.0,0.05,0.0,0,0.0,0
2014-11-10,2015-01-29,OPTSTK,NHPC,2.5,PE,0.0,0.0,0.0,0.05,0.0,0,0.0,0
2014-11-10,2015-01-29,OPTSTK,NHPC,5.0,PE,0.0,0.0,0.0,0.05,0.0,0,0.0,0
2014-11-10,2015-01-29,OPTSTK,NHPC,7.5,PE,0.0,0.0,0.0,0.05,0.0,0,0.0,0
2014-11-10,2015-01-29,OPTSTK,NHPC,10.0,PE,0.0,0.0,0.0,0.05,0.0,0,0.0,0
2014-11-10,2015-01-29,OPTSTK,NHPC,12.5,PE,0.0,0.0,0.0,0.05,0.0,0,0.0,0
2014-11-10,2015-01-29,OPTSTK,NHPC,15.0,PE,0.0,0.0,0.0,0.05,0.05,0,0.0,0
2014-11-10,2015-01-29,OPTSTK,NHPC,17.5,PE,0.0,0.0,0.0,0.3,0.15,0,0.0,0
2014-11-10,2015-01-29,OPTSTK,NHPC,20.0,PE,0.0,0.0,0.0,1.15,0.7,0,0.0,0
2014-11-10,2015-01-29,OPTSTK,NHPC,22.5,PE,0.0,0.0,0.0,2.65,1.95,0,0.0,0
2014-11-10,2015-01-29,OPTSTK,NHPC,25.0,PE,0.0,0.0,0.0,4.7,3.8,0,0.0,0
2014-11-10,2015-01-29,OPTSTK,NHPC,27.5,PE,0.0,0.0,0.0,7.0,6.05,0,0.0,0
2014-11-10,2015-01-29,OPTSTK,NHPC,30.0,PE,0.0,0.0,0.0,9.4,8.45,0,0.0,0
2014-11-10,2015-01-29,OPTSTK,NHPC,32.5,PE,0.0,0.0,0.0,11.8,10.85,0,0.0,0
2014-11-10,2015-01-29,OPTSTK,NHPC,35.0,PE,0.0,0.0,0.0,14.25,13.3,0,0.0,0
2014-11-10,2015-01-29,OPTSTK,NHPC,37.5,PE,0.0,0.0,0.0,16.7,15.75,0,0.0,0
2014-11-10,2015-01-29,OPTSTK,NHPC,40.0,PE,0.0,0.0,0.0,19.15,18.2,0,0.0,0
2014-11-10,2015-01-29,OPTSTK,NHPC,42.5,PE,0.0,0.0,0.0,21.6,20.65,0,0.0,0
2014-11-10,2014-11-27,OPTSTK,NMDC,115.0,CE,0.0,0.0,0.0,57.0,44.8,0,0.0,0
2014-11-10,2014-11-27,OPTSTK,NMDC,120.0,CE,0.0,0.0,0.0,52.15,39.85,0,0.0,0
2014-11-10,2014-11-27,OPTSTK,NMDC,125.0,CE,0.0,0.0,0.0,47.25,34.85,0,0.0,0
2014-11-10,2014-11-27,OPTSTK,NMDC,130.0,CE,0.0,0.0,0.0,42.45,29.9,0,0.0,0
2014-11-10,2014-11-27,OPTSTK,NMDC,135.0,CE,0.0,0.0,0.0,37.65,25.0,0,0.0,0
2014-11-10,2014-11-27,OPTSTK,NMDC,140.0,CE,0.0,0.0,0.0,33.0,20.25,0,0.0,0
2014-11-10,2014-11-27,OPTSTK,NMDC,145.0,CE,0.0,0.0,0.0,12.85,15.75,0,0.0,4000
2014-11-10,2014-11-27,OPTSTK,NMDC,150.0,CE,0.0,0.0,0.0,13.5,11.7,0,0.0,4000
2014-11-10,2014-11-27,OPTSTK,NMDC,155.0,CE,5.8,5.8,3.95,5.5,5.5,52,166.31,44000
2014-11-10,2014-11-27,OPTSTK,NMDC,160.0,CE,3.45,3.8,2.25,3.4,3.4,134,437.16,388000
2014-11-10,2014-11-27,OPTSTK,NMDC,165.0,CE,1.9,2.15,1.4,2.0,2.0,61,203.52,256000
2014-11-10,2014-11-27,OPTSTK,NMDC,170.0,CE,1.25,1.35,0.8,1.2,1.2,73,249.77,498000
2014-11-10,2014-11-27,OPTSTK,NMDC,175.0,CE,0.6,0.7,0.5,0.6,0.6,19,66.71,218000
2014-11-10,2014-11-27,OPTSTK,NMDC,180.0,CE,0.35,0.4,0.25,0.4,0.4,24,86.56,334000
2014-11-10,2014-11-27,OPTSTK,NMDC,185.0,CE,0.3,0.3,0.3,0.3,0.3,1,3.7,76000
2014-11-10,2014-11-27,OPTSTK,NMDC,190.0,CE,0.0,0.0,0.0,3.4,0.15,0,0.0,0
2014-11-10,2014-11-27,OPTSTK,NMDC,195.0,CE,0.0,0.0,0.0,2.45,0.05,0,0.0,0
2014-11-10,2014-11-27,OPTSTK,NMDC,200.0,CE,0.0,0.0,0.0,0.5,0.05,0,0.0,2000
2014-11-10,2014-11-27,OPTSTK,NMDC,205.0,CE,0.0,0.0,0.0,1.2,0.05,0,0.0,0
2014-11-10,2014-11-27,OPTSTK,NMDC,210.0,CE,0.0,0.0,0.0,0.8,0.0,0,0.0,0
2014-11-10,2014-11-27,OPTSTK,NMDC,215.0,CE,0.0,0.0,0.0,0.55,0.0,0,0.0,0
2014-11-10,2014-11-27,OPTSTK,NMDC,220.0,CE,0.0,0.0,0.0,0.35,0.0,0,0.0,0
2014-11-10,2014-11-27,OPTSTK,NMDC,115.0,PE,0.0,0.0,0.0,0.05,0.0,0,0.0,0
2014-11-10,2014-11-27,OPTSTK,NMDC,120.0,PE,0.0,0.0,0.0,0.05,0.0,0,0.0,0
2014-11-10,2014-11-27,OPTSTK,NMDC,125.0,PE,0.0,0.0,0.0,0.05,0.05,0,0.0,0
2014-11-10,2014-11-27,OPTSTK,NMDC,130.0,PE,0.0,0.0,0.0,0.1,0.05,0,0.0,0
2014-11-10,2014-11-27,OPTSTK,NMDC,135.0,PE,0.0,0.0,0.0,0.25,0.15,0,0.0,0
2014-11-10,2014-11-27,OPTSTK,NMDC,140.0,PE,0.5,0.5,0.5,0.5,0.5,1,2.81,6000
2014-11-10,2014-11-27,OPTSTK,NMDC,145.0,PE,1.0,1.0,0.75,0.85,0.85,6,17.5,28000
2014-11-10,2014-11-27,OPTSTK,NMDC,150.0,PE,1.5,2.6,1.45,1.8,1.8,34,103.33,234000
2014-11-10,2014-11-27,OPTSTK,NMDC,155.0,PE,3.75,5.1,2.75,3.25,3.25,28,89.24,212000
2014-11-10,2014-11-27,OPTSTK,NMDC,160.0,PE,6.25,7.85,5.95,6.0,6.0,20,66.61,208000
2014-11-10,2014-11-27,OPTSTK,NMDC,165.0,PE,11.8,11.8,11.8,11.8,11.8,1,3.53,172000
2014-11-10,2014-11-27,OPTSTK,NMDC,170.0,PE,16.5,16.5,16.5,16.5,16.5,1,3.73,48000
2014-11-10,2014-11-27,OPTSTK,NMDC,175.0,PE,0.0,0.0,0.0,18.9,16.05,0,0.0,46000
2014-11-10,2014-11-27,OPTSTK,NMDC,180.0,PE,0.0,0.0,0.0,21.4,20.5,0,0.0,36000
2014-11-10,2014-11-27,OPTSTK,NMDC,185.0,PE,0.0,0.0,0.0,18.0,25.2,0,0.0,60000
2014-11-10,2014-11-27,OPTSTK,NMDC,190.0,PE,0.0,0.0,0.0,19.8,30.05,0,0.0,0
2014-11-10,2014-11-27,OPTSTK,NMDC,195.0,PE,0.0,0.0,0.0,23.75,34.95,0,0.0,0
2014-11-10,2014-11-27,OPTSTK,NMDC,200.0,PE,0.0,0.0,0.0,27.9,39.9,0,0.0,0
2014-11-10,2014-11-27,OPTSTK,NMDC,205.0,PE,0.0,0.0,0.0,32.3,44.85,0,0.0,0
2014-11-10,2014-11-27,OPTSTK,NMDC,210.0,PE,0.0,0.0,0.0,36.8,49.85,0,0.0,0
2014-11-10,2014-11-27,OPTSTK,NMDC,215.0,PE,0.0,0.0,0.0,41.45,54.8,0,0.0,0
2014-11-10,2014-11-27,OPTSTK,NMDC,220.0,PE,0.0,0.0,0.0,46.15,59.8,0,0.0,0
2014-11-10,2014-12-24,OPTSTK,NMDC,115.0,CE,0.0,0.0,0.0,47.4,45.6,0,0.0,0
2014-11-10,2014-12-24,OPTSTK,NMDC,120.0,CE,0.0,0.0,0.0,42.8,40.75,0,0.0,0
2014-11-10,2014-12-24,OPTSTK,NMDC,125.0,CE,0.0,0.0,0.0,38.3,35.95,0,0.0,0
2014-11-10,2014-12-24,OPTSTK,NMDC,130.0,CE,0.0,0.0,0.0,34.0,31.25,0,0.0,0
2014-11-10,2014-12-24,OPTSTK,NMDC,135.0,CE,0.0,0.0,0.0,29.9,26.75,0,0.0,0
2014-11-10,2014-12-24,OPTSTK,NMDC,140.0,CE,0.0,0.0,0.0,26.05,22.5,0,0.0,0
2014-11-10,2014-12-24,OPTSTK,NMDC,145.0,CE,0.0,0.0,0.0,22.5,18.6,0,0.0,0
2014-11-10,2014-12-24,OPTSTK,NMDC,150.0,CE,0.0,0.0,0.0,19.25,15.05,0,0.0,0
2014-11-10,2014-12-24,OPTSTK,NMDC,155.0,CE,0.0,0.0,0.0,16.3,11.95,0,0.0,0
2014-11-10,2014-12-24,OPTSTK,NMDC,160.0,CE,0.0,0.0,0.0,5.0,9.3,0,0.0,2000
2014-11-10,2014-12-24,OPTSTK,NMDC,165.0,CE,0.0,0.0,0.0,11.4,7.05,0,0.0,0
2014-11-10,2014-12-24,OPTSTK,NMDC,170.0,CE,0.0,0.0,0.0,9.4,5.3,0,0.0,0
2014-11-10,2014-12-24,OPTSTK,NMDC,175.0,CE,0.0,0.0,0.0,7.7,3.9,0,0.0,0
2014-11-10,2014-12-24,OPTSTK,NMDC,180.0,CE,0.0,0.0,0.0,6.25,2.8,0,0.0,0
2014-11-10,2014-12-24,OPTSTK,NMDC,185.0,CE,0.0,0.0,0.0,5.05,1.95,0,0.0,0
2014-11-10,2014-12-24,OPTSTK,NMDC,190.0,CE,0.0,0.0,0.0,4.0,1.35,0,0.0,0
2014-11-10,2014-12-24,OPTSTK,NMDC,195.0,CE,0.0,0.0,0.0,3.2,0.95,0,0.0,0
2014-11-10,2014-12-24,OPTSTK,NMDC,200.0,CE,0.0,0.0,0.0,2.5,0.65,0,0.0,0
2014-11-10,2014-12-24,OPTSTK,NMDC,205.0,CE,0.0,0.0,0.0,2.0,0.4,0,0.0,0
2014-11-10,2014-12-24,OPTSTK,NMDC,210.0,CE,0.0,0.0,0.0,1.55,0.3,0,0.0,0
2014-11-10,2014-12-24,OPTSTK,NMDC,215.0,CE,0.0,0.0,0.0,1.2,0.2,0,0.0,0
2014-11-10,2014-12-24,OPTSTK,NMDC,220.0,CE,0.0,0.0,0.0,0.95,0.15,0,0.0,0
2014-11-10,2014-12-24,OPTSTK,NMDC,115.0,PE,0.0,0.0,0.0,0.35,0.05,0,0.0,0
2014-11-10,2014-12-24,OPTSTK,NMDC,120.0,PE,0.0,0.0,0.0,0.65,0.15,0,0.0,0
2014-11-10,2014-12-24,OPTSTK,NMDC,125.0,PE,0.0,0.0,0.0,1.05,0.25,0,0.0,0
2014-11-10,2014-12-24,OPTSTK,NMDC,130.0,PE,0.0,0.0,0.0,1.6,0.55,0,0.0,0
2014-11-10,2014-12-24,OPTSTK,NMDC,135.0,PE,0.0,0.0,0.0,2.4,1.0,0,0.0,0
2014-11-10,2014-12-24,OPTSTK,NMDC,140.0,PE,0.0,0.0,0.0,3.45,1.7,0,0.0,0
2014-11-10,2014-12-24,OPTSTK,NMDC,145.0,PE,0.0,0.0,0.0,4.8,2.7,0,0.0,0
2014-11-10,2014-12-24,OPTSTK,NMDC,150.0,PE,0.0,0.0,0.0,6.4,4.1,0,0.0,0
2014-11-10,2014-12-24,OPTSTK,NMDC,155.0,PE,5.2,5.2,5.2,5.2,5.2,1,3.2,4000
2014-11-10,2014-12-24,OPTSTK,NMDC,160.0,PE,0.0,0.0,0.0,10.65,8.25,0,0.0,0
2014-11-10,2014-12-24,OPTSTK,NMDC,165.0,PE,0.0,0.0,0.0,13.25,11.0,0,0.0,0
2014-11-10,2014-12-24,OPTSTK,NMDC,170.0,PE,0.0,0.0,0.0,16.15,14.15,0,0.0,0
2014-11-10,2014-12-24,OPTSTK,NMDC,175.0,PE,0.0,0.0,0.0,19.3,17.7,0,0.0,0
2014-11-10,2014-12-24,OPTSTK,NMDC,180.0,PE,0.0,0.0,0.0,22.75,21.55,0,0.0,0
2014-11-10,2014-12-24,OPTSTK,NMDC,185.0,PE,0.0,0.0,0.0,26.45,25.7,0,0.0,0
2014-11-10,2014-12-24,OPTSTK,NMDC,190.0,PE,0.0,0.0,0.0,30.3,30.05,0,0.0,0
2014-11-10,2014-12-24,OPTSTK,NMDC,195.0,PE,0.0,0.0,0.0,34.4,34.55,0,0.0,0
2014-11-10,2014-12-24,OPTSTK,NMDC,200.0,PE,0.0,0.0,0.0,38.6,39.2,0,0.0,0
2014-11-10,2014-12-24,OPTSTK,NMDC,205.0,PE,0.0,0.0,0.0,42.95,43.95,0,0.0,0
2014-11-10,2014-12-24,OPTSTK,NMDC,210.0,PE,0.0,0.0,0.0,47.4,48.75,0,0.0,0
2014-11-10,2014-12-24,OPTSTK,NMDC,215.0,PE,0.0,0.0,0.0,51.95,53.6,0,0.0,0
2014-11-10,2014-12-24,OPTSTK,NMDC,220.0,PE,0.0,0.0,0.0,56.6,58.45,0,0.0,0
2014-11-10,2015-01-29,OPTSTK,NMDC,115.0,CE,0.0,0.0,0.0,55.95,46.85,0,0.0,0
2014-11-10,2015-01-29,OPTSTK,NMDC,120.0,CE,0.0,0.0,0.0,51.2,42.2,0,0.0,0
2014-11-10,2015-01-29,OPTSTK,NMDC,125.0,CE,0.0,0.0,0.0,46.5,37.7,0,0.0,0
2014-11-10,2015-01-29,OPTSTK,NMDC,130.0,CE,0.0,0.0,0.0,41.95,33.35,0,0.0,0
2014-11-10,2015-01-29,OPTSTK,NMDC,135.0,CE,0.0,0.0,0.0,37.5,29.2,0,0.0,0
2014-11-10,2015-01-29,OPTSTK,NMDC,140.0,CE,0.0,0.0,0.0,33.3,25.35,0,0.0,0
2014-11-10,2015-01-29,OPTSTK,NMDC,145.0,CE,0.0,0.0,0.0,29.3,21.75,0,0.0,0
2014-11-10,2015-01-29,OPTSTK,NMDC,150.0,CE,0.0,0.0,0.0,25.55,18.5,0,0.0,0
2014-11-10,2015-01-29,OPTSTK,NMDC,155.0,CE,0.0,0.0,0.0,22.05,15.55,0,0.0,0
2014-11-10,2015-01-29,OPTSTK,NMDC,160.0,CE,0.0,0.0,0.0,18.9,13.0,0,0.0,0
2014-11-10,2015-01-29,OPTSTK,NMDC,165.0,CE,0.0,0.0,0.0,16.05,10.7,0,0.0,0
2014-11-10,2015-01-29,OPTSTK,NMDC,170.0,CE,0.0,0.0,0.0,13.5,8.75,0,0.0,0
2014-11-10,2015-01-29,OPTSTK,NMDC,175.0,CE,0.0,0.0,0.0,11.25,7.1,0,0.0,0
2014-11-10,2015-01-29,OPTSTK,NMDC,180.0,CE,0.0,0.0,0.0,9.3,5.7,0,0.0,0
2014-11-10,2015-01-29,OPTSTK,NMDC,185.0,CE,0.0,0.0,0.0,7.65,4.55,0,0.0,0
2014-11-10,2015-01-29,OPTSTK,NMDC,190.0,CE,0.0,0.0,0.0,6.25,3.6,0,0.0,0
2014-11-10,2015-01-29,OPTSTK,NMDC,195.0,CE,0.0,0.0,0.0,5.05,2.8,0,0.0,0
2014-11-10,2015-01-29,OPTSTK,NMDC,200.0,CE,0.0,0.0,0.0,4.05,2.2,0,0.0,0
2014-11-10,2015-01-29,OPTSTK,NMDC,205.0,CE,0.0,0.0,0.0,3.25,1.7,0,0.0,0
2014-11-10,2015-01-29,OPTSTK,NMDC,210.0,CE,0.0,0.0,0.0,2.55,1.3,0,0.0,0
2014-11-10,2015-01-29,OPTSTK,NMDC,215.0,CE,0.0,0.0,0.0,2.05,1.0,0,0.0,0
2014-11-10,2015-01-29,OPTSTK,NMDC,220.0,CE,0.0,0.0,0.0,1.6,0.75,0,0.0,0
2014-11-10,2015-01-29,OPTSTK,NMDC,115.0,PE,0.0,0.0,0.0,0.15,0.35,0,0.0,0
2014-11-10,2015-01-29,OPTSTK,NMDC,120.0,PE,0.0,0.0,0.0,0.3,0.6,0,0.0,0
2014-11-10,2015-01-29,OPTSTK,NMDC,125.0,PE,0.0,0.0,0.0,0.5,0.95,0,0.0,0
2014-11-10,2015-01-29,OPTSTK,NMDC,130.0,PE,0.0,0.0,0.0,0.85,1.5,0,0.0,0
2014-11-10,2015-01-29,OPTSTK,NMDC,135.0,PE,0.0,0.0,0.0,1.3,2.3,0,0.0,0
2014-11-10,2015-01-29,OPTSTK,NMDC,140.0,PE,0.0,0.0,0.0,1.95,3.35,0,0.0,0
2014-11-10,2015-01-29,OPTSTK,NMDC,145.0,PE,0.0,0.0,0.0,2.85,4.65,0,0.0,0
2014-11-10,2015-01-29,OPTSTK,NMDC,150.0,PE,0.0,0.0,0.0,4.0,6.3,0,0.0,0
2014-11-10,2015-01-29,OPTSTK,NMDC,155.0,PE,0.0,0.0,0.0,5.4,8.3,0,0.0,0
2014-11-10,2015-01-29,OPTSTK,NMDC,160.0,PE,0.0,0.0,0.0,7.15,10.6,0,0.0,0
2014-11-10,2015-01-29,OPTSTK,NMDC,165.0,PE,0.0,0.0,0.0,9.2,13.25,0,0.0,0
2014-11-10,2015-01-29,OPTSTK,NMDC,170.0,PE,0.0,0.0,0.0,11.55,16.2,0,0.0,0
2014-11-10,2015-01-29,OPTSTK,NMDC,175.0,PE,0.0,0.0,0.0,14.2,19.45,0,0.0,0
2014-11-10,2015-01-29,OPTSTK,NMDC,180.0,PE,0.0,0.0,0.0,17.15,22.95,0,0.0,0
2014-11-10,2015-01-29,OPTSTK,NMDC,185.0,PE,0.0,0.0,0.0,20.35,26.7,0,0.0,0
2014-11-10,2015-01-29,OPTSTK,NMDC,190.0,PE,0.0,0.0,0.0,23.85,30.65,0,0.0,0
2014-11-10,2015-01-29,OPTSTK,NMDC,195.0,PE,0.0,0.0,0.0,27.55,34.8,0,0.0,0
2014-11-10,2015-01-29,OPTSTK,NMDC,200.0,PE,0.0,0.0,0.0,31.45,39.05,0,0.0,0
2014-11-10,2015-01-29,OPTSTK,NMDC,205.0,PE,0.0,0.0,0.0,35.5,43.45,0,0.0,0
2014-11-10,2015-01-29,OPTSTK,NMDC,210.0,PE,0.0,0.0,0.0,39.75,48.0,0,0.0,0
2014-11-10,2015-01-29,OPTSTK,NMDC,215.0,PE,0.0,0.0,0.0,44.1,52.6,0,0.0,0
2014-11-10,2015-01-29,OPTSTK,NMDC,220.0,PE,0.0,0.0,0.0,48.55,57.25,0,0.0,0
2014-11-10,2014-11-27,OPTSTK,NTPC,95.0,CE,0.0,0.0,0.0,44.45,51.55,0,0.0,0
2014-11-10,2014-11-27,OPTSTK,NTPC,97.5,CE,0.0,0.0,0.0,40.45,49.05,0,0.0,0
2014-11-10,2014-11-27,OPTSTK,NTPC,100.0,CE,0.0,0.0,0.0,39.6,46.55,0,0.0,0
2014-11-10,2014-11-27,OPTSTK,NTPC,102.5,CE,0.0,0.0,0.0,35.55,44.05,0,0.0,0
2014-11-10,2014-11-27,OPTSTK,NTPC,105.0,CE,0.0,0.0,0.0,34.8,41.6,0,0.0,0
2014-11-10,2014-11-27,OPTSTK,NTPC,107.5,CE,0.0,0.0,0.0,30.65,39.1,0,0.0,0
2014-11-10,2014-11-27,OPTSTK,NTPC,110.0,CE,0.0,0.0,0.0,30.05,36.6,0,0.0,0
2014-11-10,2014-11-27,OPTSTK,NTPC,112.5,CE,0.0,0.0,0.0,25.85,34.1,0,0.0,0
2014-11-10,2014-11-27,OPTSTK,NTPC,115.0,CE,0.0,0.0,0.0,25.5,31.6,0,0.0,0
2014-11-10,2014-11-27,OPTSTK,NTPC,117.5,CE,0.0,0.0,0.0,21.2,29.15,0,0.0,0
2014-11-10,2014-11-27,OPTSTK,NTPC,120.0,CE,0.0,0.0,0.0,21.2,26.65,0,0.0,0
2014-11-10,2014-11-27,OPTSTK,NTPC,122.5,CE,0.0,0.0,0.0,16.85,24.15,0,0.0,0
2014-11-10,2014-11-27,OPTSTK,NTPC,125.0,CE,0.0,0.0,0.0,17.25,21.65,0,0.0,0
2014-11-10,2014-11-27,OPTSTK,NTPC,127.5,CE,0.0,0.0,0.0,12.85,19.2,0,0.0,0
2014-11-10,2014-11-27,OPTSTK,NTPC,130.0,CE,0.0,0.0,0.0,13.65,16.75,0,0.0,0
2014-11-10,2014-11-27,OPTSTK,NTPC,132.5,CE,0.0,0.0,0.0,9.45,14.3,0,0.0,0
2014-11-10,2014-11-27,OPTSTK,NTPC,135.0,CE,0.0,0.0,0.0,13.1,11.95,0,0.0,4000
2014-11-10,2014-11-27,OPTSTK,NTPC,137.5,CE,0.0,0.0,0.0,12.85,9.7,0,0.0,4000
2014-11-10,2014-11-27,OPTSTK,NTPC,140.0,CE,6.75,7.7,6.05,7.7,7.7,13,38.18,118000
2014-11-10,2014-11-27,OPTSTK,NTPC,142.5,CE,0.0,0.0,0.0,6.45,5.75,0,0.0,4000
2014-11-10,2014-11-27,OPTSTK,NTPC,145.0,CE,3.85,4.6,3.0,4.45,4.45,124,369.2,342000
2014-11-10,2014-11-27,OPTSTK,NTPC,147.5,CE,2.5,3.1,2.2,3.05,3.05,38,114.11,80000
2014-11-10,2014-11-27,OPTSTK,NTPC,150.0,CE,1.8,2.35,1.4,2.25,2.25,916,2781.9,1852000
2014-11-10,2014-11-27,OPTSTK,NTPC,152.5,CE,1.2,1.6,1.2,1.5,1.5,12,36.94,154000
2014-11-10,2014-11-27,OPTSTK,NTPC,155.0,CE,0.85,1.05,0.6,1.0,1.0,275,856.81,670000
2014-11-10,2014-11-27,OPTSTK,NTPC,157.5,CE,0.7,0.7,0.7,0.7,0.7,11,34.8,48000
2014-11-10,2014-11-27,OPTSTK,NTPC,160.0,CE,0.4,0.5,0.3,0.5,0.5,107,343.21,964000
2014-11-10,2014-11-27,OPTSTK,NTPC,162.5,CE,0.0,0.0,0.0,0.6,0.15,0,0.0,2000
2014-11-10,2014-11-27,OPTSTK,NTPC,165.0,CE,0.15,0.2,0.15,0.2,0.2,7,23.12,92000
2014-11-10,2014-11-27,OPTSTK,NTPC,167.5,CE,0.0,0.0,0.0,0.35,0.05,0,0.0,0
2014-11-10,2014-11-27,OPTSTK,NTPC,170.0,CE,0.1,0.1,0.1,0.1,0.1,2,6.8,94000
2014-11-10,2014-11-27,OPTSTK,NTPC,172.5,CE,0.0,0.0,0.0,0.2,0.0,0,0.0,0
2014-11-10,2014-11-27,OPTSTK,NTPC,175.0,CE,0.0,0.0,0.0,0.6,0.0,0,0.0,0
2014-11-10,2014-11-27,OPTSTK,NTPC,177.5,CE,0.0,0.0,0.0,0.1,0.0,0,0.0,0
2014-11-10,2014-11-27,OPTSTK,NTPC,180.0,CE,0.2,0.2,0.2,0.2,0.2,1,3.6,2000
2014-11-10,2014-11-27,OPTSTK,NTPC,182.5,CE,0.0,0.0,0.0,0.05,0.0,0,0.0,0
2014-11-10,2014-11-27,OPTSTK,NTPC,185.0,CE,0.0,0.0,0.0,0.25,0.0,0,0.0,0
2014-11-10,2014-11-27,OPTSTK,NTPC,187.5,CE,0.0,0.0,0.0,0.05,0.0,0,0.0,0
2014-11-10,2014-11-27,OPTSTK,NTPC,190.0,CE,0.0,0.0,0.0,0.15,0.0,0,0.0,0
2014-11-10,2014-11-27,OPTSTK,NTPC,195.0,CE,0.0,0.0,0.0,0.1,0.0,0,0.0,0
2014-11-10,2014-11-27,OPTSTK,NTPC,95.0,PE,0.0,0.0,0.0,0.05,0.0,0,0.0,0
2014-11-10,2014-11-27,OPTSTK,NTPC,97.5,PE,0.0,0.0,0.0,0.05,0.0,0,0.0,0
2014-11-10,2014-11-27,OPTSTK,NTPC,100.0,PE,0.0,0.0,0.0,0.05,0.0,0,0.0,0
2014-11-10,2014-11-27,OPTSTK,NTPC,102.5,PE,0.0,0.0,0.0,0.05,0.0,0,0.0,0
2014-11-10,2014-11-27,OPTSTK,NTPC,105.0,PE,0.0,0.0,0.0,0.15,0.0,0,0.0,0
2014-11-10,2014-11-27,OPTSTK,NTPC,107.5,PE,0.0,0.0,0.0,0.05,0.0,0,0.0,0
2014-11-10,2014-11-27,OPTSTK,NTPC,110.0,PE,0.0,0.0,0.0,0.35,0.0,0,0.0,0
2014-11-10,2014-11-27,OPTSTK,NTPC,112.5,PE,0.0,0.0,0.0,0.2,0.0,0,0.0,0
2014-11-10,2014-11-27,OPTSTK,NTPC,115.0,PE,0.0,0.0,0.0,0.65,0.0,0,0.0,0
2014-11-10,2014-11-27,OPTSTK,NTPC,117.5,PE,0.0,0.0,0.0,0.45,0.0,0,0.0,0
2014-11-10,2014-11-27,OPTSTK,NTPC,120.0,PE,0.0,0.0,0.0,1.25,0.0,0,0.0,0
2014-11-10,2014-11-27,OPTSTK,NTPC,122.5,PE,0.0,0.0,0.0,1.0,0.0,0,0.0,0
2014-11-10,2014-11-27,OPTSTK,NTPC,125.0,PE,0.0,0.0,0.0,2.15,0.0,0,0.0,0
2014-11-10,2014-11-27,OPTSTK,NTPC,127.5,PE,0.0,0.0,0.0,1.95,0.05,0,0.0,0
2014-11-10,2014-11-27,OPTSTK,NTPC,130.0,PE,0.15,0.15,0.15,0.15,0.15,3,7.8,32000
2014-11-10,2014-11-27,OPTSTK,NTPC,132.5,PE,0.0,0.0,0.0,3.45,0.15,0,0.0,0
2014-11-10,2014-11-27,OPTSTK,NTPC,135.0,PE,0.45,0.45,0.35,0.35,0.35,10,27.07,54000
2014-11-10,2014-11-27,OPTSTK,NTPC,137.5,PE,0.7,0.7,0.6,0.6,0.6,26,71.84,82000
2014-11-10,2014-11-27,OPTSTK,NTPC,140.0,PE,1.1,1.3,0.85,0.95,0.95,76,214.54,478000
2014-11-10,2014-11-27,OPTSTK,NTPC,142.5,PE,2.0,2.05,1.5,1.55,1.55,20,57.7,66000
2014-11-10,2014-11-27,OPTSTK,NTPC,145.0,PE,3.0,3.25,2.3,2.5,2.5,108,319.22,416000
2014-11-10,2014-11-27,OPTSTK,NTPC,147.5,PE,4.0,4.25,3.7,3.7,3.7,22,66.65,134000
2014-11-10,2014-11-27,OPTSTK,NTPC,150.0,PE,6.45,6.5,6.1,6.2,6.2,12,37.51,250000
2014-11-10,2014-11-27,OPTSTK,NTPC,152.5,PE,0.0,0.0,0.0,7.05,7.0,0,0.0,4000
2014-11-10,2014-11-27,OPTSTK,NTPC,155.0,PE,0.0,0.0,0.0,9.8,9.0,0,0.0,20000
2014-11-10,2014-11-27,OPTSTK,NTPC,157.5,PE,0.0,0.0,0.0,19.7,11.15,0,0.0,0
2014-11-10,2014-11-27,OPTSTK,NTPC,160.0,PE,0.0,0.0,0.0,11.7,13.45,0,0.0,60000
2014-11-10,2014-11-27,OPTSTK,NTPC,162.5,PE,0.0,0.0,0.0,24.15,15.85,0,0.0,0
2014-11-10,2014-11-27,OPTSTK,NTPC,165.0,PE,0.0,0.0,0.0,17.0,18.3,0,0.0,8000
2014-11-10,2014-11-27,OPTSTK,NTPC,167.5,PE,0.0,0.0,0.0,28.8,20.75,0,0.0,0
2014-11-10,2014-11-27,OPTSTK,NTPC,170.0,PE,0.0,0.0,0.0,29.9,23.2,0,0.0,0
2014-11-10,2014-11-27,OPTSTK,NTPC,172.5,PE,0.0,0.0,0.0,33.6,25.7,0,0.0,0
2014-11-10,2014-11-27,OPTSTK,NTPC,175.0,PE,0.0,0.0,0.0,34.45,28.2,0,0.0,0
2014-11-10,2014-11-27,OPTSTK,NTPC,177.5,PE,0.0,0.0,0.0,38.45,30.65,0,0.0,0
2014-11-10,2014-11-27,OPTSTK,NTPC,180.0,PE,0.0,0.0,0.0,33.25,33.15,0,0.0,12000
2014-11-10,2014-11-27,OPTSTK,NTPC,182.5,PE,0.0,0.0,0.0,43.3,35.65,0,0.0,0
2014-11-10,2014-11-27,OPTSTK,NTPC,185.0,PE,0.0,0.0,0.0,37.5,38.15,0,0.0,8000
2014-11-10,2014-11-27,OPTSTK,NTPC,187.5,PE,0.0,0.0,0.0,48.2,40.65,0,0.0,0
2014-11-10,2014-11-27,OPTSTK,NTPC,190.0,PE,0.0,0.0,0.0,48.7,43.1,0,0.0,0
2014-11-10,2014-11-27,OPTSTK,NTPC,195.0,PE,0.0,0.0,0.0,47.25,48.1,0,0.0,6000
2014-11-10,2014-12-24,OPTSTK,NTPC,95.0,CE,0.0,0.0,0.0,43.55,52.15,0,0.0,0
2014-11-10,2014-12-24,OPTSTK,NTPC,97.5,CE,0.0,0.0,0.0,41.1,49.7,0,0.0,0
2014-11-10,2014-12-24,OPTSTK,NTPC,100.0,CE,0.0,0.0,0.0,38.7,47.2,0,0.0,0
2014-11-10,2014-12-24,OPTSTK,NTPC,102.5,CE,0.0,0.0,0.0,36.25,44.75,0,0.0,0
2014-11-10,2014-12-24,OPTSTK,NTPC,105.0,CE,0.0,0.0,0.0,33.85,42.25,0,0.0,0
2014-11-10,2014-12-24,OPTSTK,NTPC,107.5,CE,0.0,0.0,0.0,31.45,39.8,0,0.0,0
2014-11-10,2014-12-24,OPTSTK,NTPC,110.0,CE,0.0,0.0,0.0,29.1,37.3,0,0.0,0
2014-11-10,2014-12-24,OPTSTK,NTPC,112.5,CE,0.0,0.0,0.0,26.8,34.85,0,0.0,0
2014-11-10,2014-12-24,OPTSTK,NTPC,115.0,CE,0.0,0.0,0.0,24.55,32.4,0,0.0,0
2014-11-10,2014-12-24,OPTSTK,NTPC,117.5,CE,0.0,0.0,0.0,22.3,29.9,0,0.0,0
2014-11-10,2014-12-24,OPTSTK,NTPC,120.0,CE,0.0,0.0,0.0,20.2,27.45,0,0.0,0
2014-11-10,2014-12-24,OPTSTK,NTPC,122.5,CE,0.0,0.0,0.0,18.15,25.05,0,0.0,0
2014-11-10,2014-12-24,OPTSTK,NTPC,125.0,CE,0.0,0.0,0.0,16.2,22.65,0,0.0,0
2014-11-10,2014-12-24,OPTSTK,NTPC,127.5,CE,0.0,0.0,0.0,14.35,20.25,0,0.0,0
2014-11-10,2014-12-24,OPTSTK,NTPC,130.0,CE,0.0,0.0,0.0,12.65,17.95,0,0.0,0
2014-11-10,2014-12-24,OPTSTK,NTPC,132.5,CE,0.0,0.0,0.0,11.05,15.75,0,0.0,0
2014-11-10,2014-12-24,OPTSTK,NTPC,135.0,CE,0.0,0.0,0.0,9.6,13.65,0,0.0,0
2014-11-10,2014-12-24,OPTSTK,NTPC,137.5,CE,0.0,0.0,0.0,8.25,11.65,0,0.0,0
2014-11-10,2014-12-24,OPTSTK,NTPC,140.0,CE,0.0,0.0,0.0,7.05,9.8,0,0.0,0
2014-11-10,2014-12-24,OPTSTK,NTPC,142.5,CE,0.0,0.0,0.0,6.0,8.15,0,0.0,0
2014-11-10,2014-12-24,OPTSTK,NTPC,145.0,CE,0.0,0.0,0.0,5.05,6.65,0,0.0,0
2014-11-10,2014-12-24,OPTSTK,NTPC,147.5,CE,0.0,0.0,0.0,4.2,5.35,0,0.0,0
2014-11-10,2014-12-24,OPTSTK,NTPC,150.0,CE,0.0,0.0,0.0,3.5,4.25,0,0.0,0
2014-11-10,2014-12-24,OPTSTK,NTPC,152.5,CE,0.0,0.0,0.0,2.9,3.3,0,0.0,0
2014-11-10,2014-12-24,OPTSTK,NTPC,155.0,CE,0.0,0.0,0.0,2.4,2.55,0,0.0,0
2014-11-10,2014-12-24,OPTSTK,NTPC,157.5,CE,0.0,0.0,0.0,1.95,1.9,0,0.0,0
2014-11-10,2014-12-24,OPTSTK,NTPC,160.0,CE,1.0,1.35,1.0,1.35,1.35,6,19.34,122000
2014-11-10,2014-12-24,OPTSTK,NTPC,162.5,CE,0.0,0.0,0.0,1.25,1.05,0,0.0,0
2014-11-10,2014-12-24,OPTSTK,NTPC,165.0,CE,0.0,0.0,0.0,1.0,0.75,0,0.0,0
2014-11-10,2014-12-24,OPTSTK,NTPC,167.5,CE,0.0,0.0,0.0,0.8,0.55,0,0.0,0
2014-11-10,2014-12-24,OPTSTK,NTPC,170.0,CE,0.0,0.0,0.0,0.65,0.4,0,0.0,0
2014-11-10,2014-12-24,OPTSTK,NTPC,172.5,CE,0.0,0.0,0.0,0.5,0.25,0,0.0,0
2014-11-10,2014-12-24,OPTSTK,NTPC,175.0,CE,0.0,0.0,0.0,0.4,0.2,0,0.0,0
2014-11-10,2014-12-24,OPTSTK,NTPC,177.5,CE,0.0,0.0,0.0,0.3,0.15,0,0.0,0
2014-11-10,2014-12-24,OPTSTK,NTPC,180.0,CE,0.0,0.0,0.0,0.25,0.1,0,0.0,0
2014-11-10,2014-12-24,OPTSTK,NTPC,182.5,CE,0.0,0.0,0.0,0.2,0.05,0,0.0,0
2014-11-10,2014-12-24,OPTSTK,NTPC,185.0,CE,0.0,0.0,0.0,0.15,0.05,0,0.0,0
2014-11-10,2014-12-24,OPTSTK,NTPC,187.5,CE,0.0,0.0,0.0,0.1,0.05,0,0.0,0
2014-11-10,2014-12-24,OPTSTK,NTPC,95.0,PE,0.0,0.0,0.0,0.05,0.0,0,0.0,0
2014-11-10,2014-12-24,OPTSTK,NTPC,97.5,PE,0.0,0.0,0.0,0.05,0.0,0,0.0,0
2014-11-10,2014-12-24,OPTSTK,NTPC,100.0,PE,0.0,0.0,0.0,0.05,0.0,0,0.0,0
2014-11-10,2014-12-24,OPTSTK,NTPC,102.5,PE,0.0,0.0,0.0,0.1,0.0,0,0.0,0
2014-11-10,2014-12-24,OPTSTK,NTPC,105.0,PE,0.0,0.0,0.0,0.1,0.0,0,0.0,0
2014-11-10,2014-12-24,OPTSTK,NTPC,107.5,PE,0.0,0.0,0.0,0.2,0.0,0,0.0,0
2014-11-10,2014-12-24,OPTSTK,NTPC,110.0,PE,0.0,0.0,0.0,0.25,0.0,0,0.0,0
2014-11-10,2014-12-24,OPTSTK,NTPC,112.5,PE,0.0,0.0,0.0,0.4,0.0,0,0.0,0
2014-11-10,2014-12-24,OPTSTK,NTPC,115.0,PE,0.0,0.0,0.0,0.55,0.05,0,0.0,0
2014-11-10,2014-12-24,OPTSTK,NTPC,117.5,PE,0.0,0.0,0.0,0.8,0.05,0,0.0,0
2014-11-10,2014-12-24,OPTSTK,NTPC,120.0,PE,0.0,0.0,0.0,1.1,0.05,0,0.0,0
2014-11-10,2014-12-24,OPTSTK,NTPC,122.5,PE,0.0,0.0,0.0,1.5,0.1,0,0.0,0
2014-11-10,2014-12-24,OPTSTK,NTPC,125.0,PE,0.0,0.0,0.0,2.0,0.15,0,0.0,0
2014-11-10,2014-12-24,OPTSTK,NTPC,127.5,PE,0.0,0.0,0.0,2.65,0.3,0,0.0,0
2014-11-10,2014-12-24,OPTSTK,NTPC,130.0,PE,0.0,0.0,0.0,3.35,0.45,0,0.0,0
2014-11-10,2014-12-24,OPTSTK,NTPC,132.5,PE,0.0,0.0,0.0,4.2,0.7,0,0.0,0
2014-11-10,2014-12-24,OPTSTK,NTPC,135.0,PE,0.0,0.0,0.0,5.2,1.05,0,0.0,0
2014-11-10,2014-12-24,OPTSTK,NTPC,137.5,PE,0.0,0.0,0.0,6.3,1.55,0,0.0,0
2014-11-10,2014-12-24,OPTSTK,NTPC,140.0,PE,0.0,0.0,0.0,7.55,2.2,0,0.0,0
2014-11-10,2014-12-24,OPTSTK,NTPC,142.5,PE,0.0,0.0,0.0,8.95,3.0,0,0.0,0
2014-11-10,2014-12-24,OPTSTK,NTPC,145.0,PE,0.0,0.0,0.0,10.45,4.0,0,0.0,0
2014-11-10,2014-12-24,OPTSTK,NTPC,147.5,PE,0.0,0.0,0.0,12.05,5.15,0,0.0,0
2014-11-10,2014-12-24,OPTSTK,NTPC,150.0,PE,0.0,0.0,0.0,13.8,6.55,0,0.0,0
2014-11-10,2014-12-24,OPTSTK,NTPC,152.5,PE,0.0,0.0,0.0,15.65,8.05,0,0.0,0
2014-11-10,2014-12-24,OPTSTK,NTPC,155.0,PE,0.0,0.0,0.0,17.55,9.75,0,0.0,0
2014-11-10,2014-12-24,OPTSTK,NTPC,157.5,PE,0.0,0.0,0.0,19.55,11.6,0,0.0,0
2014-11-10,2014-12-24,OPTSTK,NTPC,160.0,PE,0.0,0.0,0.0,21.65,13.6,0,0.0,0
2014-11-10,2014-12-24,OPTSTK,NTPC,162.5,PE,0.0,0.0,0.0,23.75,15.7,0,0.0,0
2014-11-10,2014-12-24,OPTSTK,NTPC,165.0,PE,0.0,0.0,0.0,25.95,17.9,0,0.0,0
2014-11-10,2014-12-24,OPTSTK,NTPC,167.5,PE,0.0,0.0,0.0,28.2,20.15,0,0.0,0
2014-11-10,2014-12-24,OPTSTK,NTPC,170.0,PE,0.0,0.0,0.0,30.5,22.45,0,0.0,0
2014-11-10,2014-12-24,OPTSTK,NTPC,172.5,PE,0.0,0.0,0.0,32.8,24.8,0,0.0,0
2014-11-10,2014-12-24,OPTSTK,NTPC,175.0,PE,0.0,0.0,0.0,35.15,27.2,0,0.0,0
2014-11-10,2014-12-24,OPTSTK,NTPC,177.5,PE,0.0,0.0,0.0,37.5,29.6,0,0.0,0
2014-11-10,2014-12-24,OPTSTK,NTPC,180.0,PE,0.0,0.0,0.0,39.85,32.05,0,0.0,0
2014-11-10,2014-12-24,OPTSTK,NTPC,182.5,PE,0.0,0.0,0.0,42.25,34.5,0,0.0,0
2014-11-10,2014-12-24,OPTSTK,NTPC,185.0,PE,0.0,0.0,0.0,44.65,36.95,0,0.0,0
2014-11-10,2014-12-24,OPTSTK,NTPC,187.5,PE,0.0,0.0,0.0,47.1,39.45,0,0.0,0
2014-11-10,2015-01-29,OPTSTK,NTPC,97.5,CE,0.0,0.0,0.0,51.75,50.5,0,0.0,0
2014-11-10,2015-01-29,OPTSTK,NTPC,100.0,CE,0.0,0.0,0.0,49.3,48.05,0,0.0,0
2014-11-10,2015-01-29,OPTSTK,NTPC,102.5,CE,0.0,0.0,0.0,46.85,45.6,0,0.0,0
2014-11-10,2015-01-29,OPTSTK,NTPC,105.0,CE,0.0,0.0,0.0,44.4,43.15,0,0.0,0
2014-11-10,2015-01-29,OPTSTK,NTPC,107.5,CE,0.0,0.0,0.0,41.95,40.7,0,0.0,0
2014-11-10,2015-01-29,OPTSTK,NTPC,110.0,CE,0.0,0.0,0.0,39.55,38.3,0,0.0,0
2014-11-10,2015-01-29,OPTSTK,NTPC,112.5,CE,0.0,0.0,0.0,37.1,35.85,0,0.0,0
2014-11-10,2015-01-29,OPTSTK,NTPC,115.0,CE,0.0,0.0,0.0,34.7,33.45,0,0.0,0
2014-11-10,2015-01-29,OPTSTK,NTPC,117.5,CE,0.0,0.0,0.0,32.3,31.05,0,0.0,0
2014-11-10,2015-01-29,OPTSTK,NTPC,120.0,CE,0.0,0.0,0.0,29.95,28.7,0,0.0,0
2014-11-10,2015-01-29,OPTSTK,NTPC,122.5,CE,0.0,0.0,0.0,27.65,26.35,0,0.0,0
2014-11-10,2015-01-29,OPTSTK,NTPC,125.0,CE,0.0,0.0,0.0,25.35,24.1,0,0.0,0
2014-11-10,2015-01-29,OPTSTK,NTPC,127.5,CE,0.0,0.0,0.0,23.15,21.85,0,0.0,0
2014-11-10,2015-01-29,OPTSTK,NTPC,130.0,CE,0.0,0.0,0.0,21.0,19.75,0,0.0,0
2014-11-10,2015-01-29,OPTSTK,NTPC,132.5,CE,0.0,0.0,0.0,18.9,17.65,0,0.0,0
2014-11-10,2015-01-29,OPTSTK,NTPC,135.0,CE,0.0,0.0,0.0,16.95,15.7,0,0.0,0
2014-11-10,2015-01-29,OPTSTK,NTPC,137.5,CE,0.0,0.0,0.0,15.1,13.9,0,0.0,0
2014-11-10,2015-01-29,OPTSTK,NTPC,140.0,CE,0.0,0.0,0.0,13.3,12.15,0,0.0,0
2014-11-10,2015-01-29,OPTSTK,NTPC,142.5,CE,0.0,0.0,0.0,11.7,10.6,0,0.0,0
2014-11-10,2015-01-29,OPTSTK,NTPC,145.0,CE,0.0,0.0,0.0,10.2,9.1,0,0.0,0
2014-11-10,2015-01-29,OPTSTK,NTPC,147.5,CE,0.0,0.0,0.0,8.8,7.8,0,0.0,0
2014-11-10,2015-01-29,OPTSTK,NTPC,150.0,CE,0.0,0.0,0.0,7.55,6.65,0,0.0,0
2014-11-10,2015-01-29,OPTSTK,NTPC,152.5,CE,0.0,0.0,0.0,6.45,5.6,0,0.0,0
2014-11-10,2015-01-29,OPTSTK,NTPC,155.0,CE,0.0,0.0,0.0,5.45,4.65,0,0.0,0
2014-11-10,2015-01-29,OPTSTK,NTPC,157.5,CE,0.0,0.0,0.0,4.6,3.85,0,0.0,0
2014-11-10,2015-01-29,OPTSTK,NTPC,160.0,CE,0.0,0.0,0.0,3.8,3.2,0,0.0,0
2014-11-10,2015-01-29,OPTSTK,NTPC,162.5,CE,0.0,0.0,0.0,3.15,2.6,0,0.0,0
2014-11-10,2015-01-29,OPTSTK,NTPC,165.0,CE,0.0,0.0,0.0,2.6,2.1,0,0.0,0
2014-11-10,2015-01-29,OPTSTK,NTPC,167.5,CE,0.0,0.0,0.0,2.15,1.7,0,0.0,0
2014-11-10,2015-01-29,OPTSTK,NTPC,170.0,CE,0.0,0.0,0.0,1.75,1.35,0,0.0,0
2014-11-10,2015-01-29,OPTSTK,NTPC,172.5,CE,0.0,0.0,0.0,1.4,1.1,0,0.0,0
2014-11-10,2015-01-29,OPTSTK,NTPC,175.0,CE,0.0,0.0,0.0,1.15,0.85,0,0.0,0
2014-11-10,2015-01-29,OPTSTK,NTPC,177.5,CE,0.0,0.0,0.0,0.9,0.65,0,0.0,0
2014-11-10,2015-01-29,OPTSTK,NTPC,180.0,CE,0.0,0.0,0.0,0.7,0.5,0,0.0,0
2014-11-10,2015-01-29,OPTSTK,NTPC,182.5,CE,0.0,0.0,0.0,0.55,0.4,0,0.0,0
2014-11-10,2015-01-29,OPTSTK,NTPC,185.0,CE,0.0,0.0,0.0,0.45,0.3,0,0.0,0
2014-11-10,2015-01-29,OPTSTK,NTPC,187.5,CE,0.0,0.0,0.0,0.35,0.25,0,0.0,0
2014-11-10,2015-01-29,OPTSTK,NTPC,97.5,PE,0.0,0.0,0.0,0.05,0.0,0,0.0,0
2014-11-10,2015-01-29,OPTSTK,NTPC,100.0,PE,0.0,0.0,0.0,0.05,0.0,0,0.0,0
2014-11-10,2015-01-29,OPTSTK,NTPC,102.5,PE,0.0,0.0,0.0,0.05,0.0,0,0.0,0
2014-11-10,2015-01-29,OPTSTK,NTPC,105.0,PE,0.0,0.0,0.0,0.05,0.05,0,0.0,0
2014-11-10,2015-01-29,OPTSTK,NTPC,107.5,PE,0.0,0.0,0.0,0.05,0.05,0,0.0,0
2014-11-10,2015-01-29,OPTSTK,NTPC,110.0,PE,0.0,0.0,0.0,0.05,0.05,0,0.0,0
2014-11-10,2015-01-29,OPTSTK,NTPC,112.5,PE,0.0,0.0,0.0,0.1,0.05,0,0.0,0
2014-11-10,2015-01-29,OPTSTK,NTPC,115.0,PE,0.0,0.0,0.0,0.1,0.1,0,0.0,0
2014-11-10,2015-01-29,OPTSTK,NTPC,117.5,PE,0.0,0.0,0.0,0.2,0.15,0,0.0,0
2014-11-10,2015-01-29,OPTSTK,NTPC,120.0,PE,0.0,0.0,0.0,0.25,0.25,0,0.0,0
2014-11-10,2015-01-29,OPTSTK,NTPC,122.5,PE,0.0,0.0,0.0,0.4,0.4,0,0.0,0
2014-11-10,2015-01-29,OPTSTK,NTPC,125.0,PE,0.0,0.0,0.0,0.55,0.55,0,0.0,0
2014-11-10,2015-01-29,OPTSTK,NTPC,127.5,PE,0.0,0.0,0.0,0.8,0.8,0,0.0,0
2014-11-10,2015-01-29,OPTSTK,NTPC,130.0,PE,0.0,0.0,0.0,1.1,1.1,0,0.0,0
2014-11-10,2015-01-29,OPTSTK,NTPC,132.5,PE,0.0,0.0,0.0,1.45,1.5,0,0.0,0
2014-11-10,2015-01-29,OPTSTK,NTPC,135.0,PE,0.0,0.0,0.0,1.95,2.0,0,0.0,0
2014-11-10,2015-01-29,OPTSTK,NTPC,137.5,PE,0.0,0.0,0.0,2.5,2.65,0,0.0,0
2014-11-10,2015-01-29,OPTSTK,NTPC,140.0,PE,0.0,0.0,0.0,3.2,3.35,0,0.0,0
2014-11-10,2015-01-29,OPTSTK,NTPC,142.5,PE,0.0,0.0,0.0,4.0,4.25,0,0.0,0
2014-11-10,2015-01-29,OPTSTK,NTPC,145.0,PE,0.0,0.0,0.0,4.95,5.25,0,0.0,0
2014-11-10,2015-01-29,OPTSTK,NTPC,147.5,PE,0.0,0.0,0.0,6.0,6.35,0,0.0,0
2014-11-10,2015-01-29,OPTSTK,NTPC,150.0,PE,0.0,0.0,0.0,7.2,7.65,0,0.0,0
2014-11-10,2015-01-29,OPTSTK,NTPC,152.5,PE,0.0,0.0,0.0,8.55,9.05,0,0.0,0
2014-11-10,2015-01-29,OPTSTK,NTPC,155.0,PE,0.0,0.0,0.0,10.0,10.6,0,0.0,0
2014-11-10,2015-01-29,OPTSTK,NTPC,157.5,PE,0.0,0.0,0.0,11.6,12.25,0,0.0,0
2014-11-10,2015-01-29,OPTSTK,NTPC,160.0,PE,0.0,0.0,0.0,13.25,14.0,0,0.0,0
2014-11-10,2015-01-29,OPTSTK,NTPC,162.5,PE,0.0,0.0,0.0,15.05,15.9,0,0.0,0
2014-11-10,2015-01-29,OPTSTK,NTPC,165.0,PE,0.0,0.0,0.0,16.95,17.85,0,0.0,0
2014-11-10,2015-01-29,OPTSTK,NTPC,167.5,PE,0.0,0.0,0.0,18.9,19.85,0,0.0,0
2014-11-10,2015-01-29,OPTSTK,NTPC,170.0,PE,0.0,0.0,0.0,20.95,22.0,0,0.0,0
2014-11-10,2015-01-29,OPTSTK,NTPC,172.5,PE,0.0,0.0,0.0,23.1,24.15,0,0.0,0
2014-11-10,2015-01-29,OPTSTK,NTPC,175.0,PE,0.0,0.0,0.0,25.25,26.4,0,0.0,0
2014-11-10,2015-01-29,OPTSTK,NTPC,177.5,PE,0.0,0.0,0.0,27.45,28.65,0,0.0,0
2014-11-10,2015-01-29,OPTSTK,NTPC,180.0,PE,0.0,0.0,0.0,29.75,30.95,0,0.0,0
2014-11-10,2015-01-29,OPTSTK,NTPC,182.5,PE,0.0,0.0,0.0,32.05,33.3,0,0.0,0
2014-11-10,2015-01-29,OPTSTK,NTPC,185.0,PE,0.0,0.0,0.0,34.35,35.65,0,0.0,0
2014-11-10,2015-01-29,OPTSTK,NTPC,187.5,PE,0.0,0.0,0.0,36.7,38.05,0,0.0,0
2014-11-10,2014-11-27,OPTSTK,OFSS,2115.0,CE,0.0,0.0,0.0,1061.9,1226.0,0,0.0,0
2014-11-10,2014-11-27,OPTSTK,OFSS,2165.0,CE,0.0,0.0,0.0,1013.1,1176.2,0,0.0,0
2014-11-10,2014-11-27,OPTSTK,OFSS,2215.0,CE,0.0,0.0,0.0,964.45,1126.4,0,0.0,0
2014-11-10,2014-11-27,OPTSTK,OFSS,2265.0,CE,0.0,0.0,0.0,915.9,1076.6,0,0.0,0
2014-11-10,2014-11-27,OPTSTK,OFSS,2300.0,CE,0.0,0.0,0.0,1000.7,1041.75,0,0.0,0
2014-11-10,2014-11-27,OPTSTK,OFSS,2315.0,CE,0.0,0.0,0.0,867.5,1026.8,0,0.0,0
2014-11-10,2014-11-27,OPTSTK,OFSS,2350.0,CE,0.0,0.0,0.0,1017.55,991.95,0,0.0,0
2014-11-10,2014-11-27,OPTSTK,OFSS,2365.0,CE,0.0,0.0,0.0,819.4,977.0,0,0.0,0
2014-11-10,2014-11-27,OPTSTK,OFSS,2400.0,CE,0.0,0.0,0.0,1036.35,942.15,0,0.0,0
2014-11-10,2014-11-27,OPTSTK,OFSS,2415.0,CE,0.0,0.0,0.0,771.65,927.2,0,0.0,0
2014-11-10,2014-11-27,OPTSTK,OFSS,2450.0,CE,0.0,0.0,0.0,1037.85,892.35,0,0.0,0
2014-11-10,2014-11-27,OPTSTK,OFSS,2465.0,CE,0.0,0.0,0.0,724.35,877.4,0,0.0,0
2014-11-10,2014-11-27,OPTSTK,OFSS,2500.0,CE,0.0,0.0,0.0,988.8,842.55,0,0.0,0
2014-11-10,2014-11-27,OPTSTK,OFSS,2515.0,CE,0.0,0.0,0.0,677.6,827.6,0,0.0,0
2014-11-10,2014-11-27,OPTSTK,OFSS,2550.0,CE,0.0,0.0,0.0,939.85,792.75,0,0.0,0
2014-11-10,2014-11-27,OPTSTK,OFSS,2565.0,CE,0.0,0.0,0.0,631.55,777.8,0,0.0,0
2014-11-10,2014-11-27,OPTSTK,OFSS,2600.0,CE,0.0,0.0,0.0,891.1,742.95,0,0.0,0
2014-11-10,2014-11-27,OPTSTK,OFSS,2615.0,CE,0.0,0.0,0.0,586.4,728.0,0,0.0,0
2014-11-10,2014-11-27,OPTSTK,OFSS,2650.0,CE,0.0,0.0,0.0,842.55,693.15,0,0.0,0
2014-11-10,2014-11-27,OPTSTK,OFSS,2665.0,CE,0.0,0.0,0.0,542.3,678.2,0,0.0,0
2014-11-10,2014-11-27,OPTSTK,OFSS,2700.0,CE,0.0,0.0,0.0,794.3,643.35,0,0.0,0
2014-11-10,2014-11-27,OPTSTK,OFSS,2715.0,CE,0.0,0.0,0.0,499.35,628.4,0,0.0,0
2014-11-10,2014-11-27,OPTSTK,OFSS,2750.0,CE,0.0,0.0,0.0,746.4,593.55,0,0.0,0
2014-11-10,2014-11-27,OPTSTK,OFSS,2765.0,CE,0.0,0.0,0.0,457.75,578.6,0,0.0,0
2014-11-10,2014-11-27,OPTSTK,OFSS,2800.0,CE,0.0,0.0,0.0,699.1,543.75,0,0.0,0
2014-11-10,2014-11-27,OPTSTK,OFSS,2815.0,CE,0.0,0.0,0.0,417.75,528.85,0,0.0,0
2014-11-10,2014-11-27,OPTSTK,OFSS,2850.0,CE,0.0,0.0,0.0,652.4,494.05,0,0.0,0
2014-11-10,2014-11-27,OPTSTK,OFSS,2865.0,CE,0.0,0.0,0.0,379.4,479.15,0,0.0,0
2014-11-10,2014-11-27,OPTSTK,OFSS,2900.0,CE,0.0,0.0,0.0,606.5,444.5,0,0.0,0
2014-11-10,2014-11-27,OPTSTK,OFSS,2915.0,CE,0.0,0.0,0.0,343.0,429.65,0,0.0,0
2014-11-10,2014-11-27,OPTSTK,OFSS,2950.0,CE,0.0,0.0,0.0,561.6,395.2,0,0.0,0
2014-11-10,2014-11-27,OPTSTK,OFSS,2965.0,CE,0.0,0.0,0.0,308.3,380.55,0,0.0,0
2014-11-10,2014-11-27,OPTSTK,OFSS,3000.0,CE,0.0,0.0,0.0,517.8,346.55,0,0.0,0
2014-11-10,2014-11-27,OPTSTK,OFSS,3015.0,CE,0.0,0.0,0.0,275.85,332.1,0,0.0,0
2014-11-10,2014-11-27,OPTSTK,OFSS,3050.0,CE,0.0,0.0,0.0,475.35,298.85,0,0.0,0
2014-11-10,2014-11-27,OPTSTK,OFSS,3065.0,CE,0.0,0.0,0.0,245.55,284.85,0,0.0,0
2014-11-10,2014-11-27,OPTSTK,OFSS,3100.0,CE,0.0,0.0,0.0,434.35,252.85,0,0.0,0
2014-11-10,2014-11-27,OPTSTK,OFSS,3115.0,CE,0.0,0.0,0.0,217.45,239.45,0,0.0,0
2014-11-10,2014-11-27,OPTSTK,OFSS,3150.0,CE,0.0,0.0,0.0,395.05,209.2,0,0.0,0
2014-11-10,2014-11-27,OPTSTK,OFSS,3165.0,CE,0.0,0.0,0.0,191.5,196.75,0,0.0,0
2014-11-10,2014-11-27,OPTSTK,OFSS,3200.0,CE,0.0,0.0,0.0,357.65,168.85,0,0.0,0
2014-11-10,2014-11-27,OPTSTK,OFSS,3215.0,CE,0.0,0.0,0.0,167.8,157.5,0,0.0,0
2014-11-10,2014-11-27,OPTSTK,OFSS,3250.0,CE,0.0,0.0,0.0,321.9,132.5,0,0.0,0
2014-11-10,2014-11-27,OPTSTK,OFSS,3265.0,CE,0.0,0.0,0.0,146.25,122.5,0,0.0,0
2014-11-10,2014-11-27,OPTSTK,OFSS,3300.0,CE,0.0,0.0,0.0,288.4,100.9,0,0.0,0
2014-11-10,2014-11-27,OPTSTK,OFSS,3315.0,CE,0.0,0.0,0.0,126.8,92.45,0,0.0,0
2014-11-10,2014-11-27,OPTSTK,OFSS,3350.0,CE,0.0,0.0,0.0,257.1,74.4,0,0.0,0
2014-11-10,2014-11-27,OPTSTK,OFSS,3365.0,CE,0.0,0.0,0.0,109.35,67.5,0,0.0,0
2014-11-10,2014-11-27,OPTSTK,OFSS,3400.0,CE,0.0,0.0,0.0,227.95,53.05,0,0.0,0
2014-11-10,2014-11-27,OPTSTK,OFSS,3415.0,CE,0.0,0.0,0.0,93.8,47.6,0,0.0,0
2014-11-10,2014-11-27,OPTSTK,OFSS,3450.0,CE,0.0,0.0,0.0,201.1,36.5,0,0.0,0
2014-11-10,2014-11-27,OPTSTK,OFSS,3465.0,CE,0.0,0.0,0.0,80.05,32.4,0,0.0,0
2014-11-10,2014-11-27,OPTSTK,OFSS,3500.0,CE,30.0,37.5,30.0,37.5,37.5,2,8.83,125
2014-11-10,2014-11-27,OPTSTK,OFSS,3515.0,CE,0.0,0.0,0.0,68.2,21.35,0,0.0,0
2014-11-10,2014-11-27,OPTSTK,OFSS,3550.0,CE,0.0,0.0,0.0,154.0,15.55,0,0.0,0
2014-11-10,2014-11-27,OPTSTK,OFSS,3565.0,CE,0.0,0.0,0.0,57.5,13.5,0,0.0,0
2014-11-10,2014-11-27,OPTSTK,OFSS,3600.0,CE,0.0,0.0,0.0,133.7,9.6,0,0.0,0
2014-11-10,2014-11-27,OPTSTK,OFSS,3615.0,CE,0.0,0.0,0.0,44.0,8.25,0,0.0,0
2014-11-10,2014-11-27,OPTSTK,OFSS,3650.0,CE,0.0,0.0,0.0,115.45,5.7,0,0.0,0
2014-11-10,2014-11-27,OPTSTK,OFSS,3665.0,CE,0.0,0.0,0.0,40.5,4.85,0,0.0,0
2014-11-10,2014-11-27,OPTSTK,OFSS,3700.0,CE,0.0,0.0,0.0,99.2,3.3,0,0.0,0
2014-11-10,2014-11-27,OPTSTK,OFSS,3715.0,CE,0.0,0.0,0.0,33.7,2.75,0,0.0,0
2014-11-10,2014-11-27,OPTSTK,OFSS,3750.0,CE,0.0,0.0,0.0,84.8,1.8,0,0.0,0
2014-11-10,2014-11-27,OPTSTK,OFSS,3765.0,CE,0.0,0.0,0.0,27.95,1.5,0,0.0,0
2014-11-10,2014-11-27,OPTSTK,OFSS,3800.0,CE,0.0,0.0,0.0,72.25,1.0,0,0.0,0
2014-11-10,2014-11-27,OPTSTK,OFSS,3815.0,CE,0.0,0.0,0.0,23.05,0.8,0,0.0,0
2014-11-10,2014-11-27,OPTSTK,OFSS,3850.0,CE,0.0,0.0,0.0,61.1,0.5,0,0.0,0
2014-11-10,2014-11-27,OPTSTK,OFSS,3865.0,CE,0.0,0.0,0.0,18.9,0.4,0,0.0,0
2014-11-10,2014-11-27,OPTSTK,OFSS,3900.0,CE,0.0,0.0,0.0,51.45,0.25,0,0.0,0
2014-11-10,2014-11-27,OPTSTK,OFSS,3915.0,CE,0.0,0.0,0.0,15.45,0.2,0,0.0,0
2014-11-10,2014-11-27,OPTSTK,OFSS,3950.0,CE,0.0,0.0,0.0,43.1,0.15,0,0.0,0
2014-11-10,2014-11-27,OPTSTK,OFSS,3965.0,CE,0.0,0.0,0.0,12.6,0.1,0,0.0,0
2014-11-10,2014-11-27,OPTSTK,OFSS,4000.0,CE,0.0,0.0,0.0,35.95,0.05,0,0.0,0
2014-11-10,2014-11-27,OPTSTK,OFSS,4015.0,CE,0.0,0.0,0.0,10.2,0.05,0,0.0,0
2014-11-10,2014-11-27,OPTSTK,OFSS,2115.0,PE,0.0,0.0,0.0,0.25,0.0,0,0.0,0
2014-11-10,2014-11-27,OPTSTK,OFSS,2165.0,PE,0.0,0.0,0.0,0.4,0.0,0,0.0,0
2014-11-10,2014-11-27,OPTSTK,OFSS,2215.0,PE,0.0,0.0,0.0,0.65,0.0,0,0.0,0
2014-11-10,2014-11-27,OPTSTK,OFSS,2265.0,PE,0.0,0.0,0.0,1.05,0.0,0,0.0,0
2014-11-10,2014-11-27,OPTSTK,OFSS,2300.0,PE,0.0,0.0,0.0,0.05,0.0,0,0.0,0
2014-11-10,2014-11-27,OPTSTK,OFSS,2315.0,PE,0.0,0.0,0.0,1.6,0.0,0,0.0,0
2014-11-10,2014-11-27,OPTSTK,OFSS,2350.0,PE,0.0,0.0,0.0,0.05,0.0,0,0.0,0
2014-11-10,2014-11-27,OPTSTK,OFSS,2365.0,PE,0.0,0.0,0.0,2.45,0.0,0,0.0,0
2014-11-10,2014-11-27,OPTSTK,OFSS,2400.0,PE,0.0,0.0,0.0,0.1,0.0,0,0.0,0
2014-11-10,2014-11-27,OPTSTK,OFSS,2415.0,PE,0.0,0.0,0.0,3.6,0.0,0,0.0,0
2014-11-10,2014-11-27,OPTSTK,OFSS,2450.0,PE,0.0,0.0,0.0,0.3,0.0,0,0.0,0
2014-11-10,2014-11-27,OPTSTK,OFSS,2465.0,PE,0.0,0.0,0.0,5.25,0.0,0,0.0,0
2014-11-10,2014-11-27,OPTSTK,OFSS,2500.0,PE,0.0,0.0,0.0,0.45,0.0,0,0.0,0
2014-11-10,2014-11-27,OPTSTK,OFSS,2515.0,PE,0.0,0.0,0.0,7.45,0.0,0,0.0,0
2014-11-10,2014-11-27,OPTSTK,OFSS,2550.0,PE,0.0,0.0,0.0,0.75,0.0,0,0.0,0
2014-11-10,2014-11-27,OPTSTK,OFSS,2565.0,PE,0.0,0.0,0.0,10.35,0.0,0,0.0,0
2014-11-10,2014-11-27,OPTSTK,OFSS,2600.0,PE,0.0,0.0,0.0,1.2,0.0,0,0.0,0
2014-11-10,2014-11-27,OPTSTK,OFSS,2615.0,PE,0.0,0.0,0.0,14.15,0.0,0,0.0,0
2014-11-10,2014-11-27,OPTSTK,OFSS,2650.0,PE,0.0,0.0,0.0,1.9,0.0,0,0.0,0
2014-11-10,2014-11-27,OPTSTK,OFSS,2665.0,PE,0.0,0.0,0.0,18.95,0.0,0,0.0,0
2014-11-10,2014-11-27,OPTSTK,OFSS,2700.0,PE,0.0,0.0,0.0,2.85,0.0,0,0.0,0
2014-11-10,2014-11-27,OPTSTK,OFSS,2715.0,PE,0.0,0.0,0.0,24.95,0.05,0,0.0,0
2014-11-10,2014-11-27,OPTSTK,OFSS,2750.0,PE,0.0,0.0,0.0,4.25,0.05,0,0.0,0
2014-11-10,2014-11-27,OPTSTK,OFSS,2765.0,PE,0.0,0.0,0.0,32.3,0.05,0,0.0,0
2014-11-10,2014-11-27,OPTSTK,OFSS,2800.0,PE,0.0,0.0,0.0,6.1,0.05,0,0.0,0
2014-11-10,2014-11-27,OPTSTK,OFSS,2815.0,PE,0.0,0.0,0.0,41.2,0.1,0,0.0,0
2014-11-10,2014-11-27,OPTSTK,OFSS,2850.0,PE,0.0,0.0,0.0,8.65,0.15,0,0.0,0
2014-11-10,2014-11-27,OPTSTK,OFSS,2865.0,PE,0.0,0.0,0.0,51.8,0.2,0,0.0,0
2014-11-10,2014-11-27,OPTSTK,OFSS,2900.0,PE,0.0,0.0,0.0,12.0,0.4,0,0.0,0
2014-11-10,2014-11-27,OPTSTK,OFSS,2915.0,PE,0.0,0.0,0.0,64.35,0.5,0,0.0,0
2014-11-10,2014-11-27,OPTSTK,OFSS,2950.0,PE,0.0,0.0,0.0,16.3,0.95,0,0.0,0
2014-11-10,2014-11-27,OPTSTK,OFSS,2965.0,PE,0.0,0.0,0.0,78.6,1.2,0,0.0,0
2014-11-10,2014-11-27,OPTSTK,OFSS,3000.0,PE,0.0,0.0,0.0,21.75,2.05,0,0.0,0
2014-11-10,2014-11-27,OPTSTK,OFSS,3015.0,PE,0.0,0.0,0.0,95.05,2.55,0,0.0,0
2014-11-10,2014-11-27,OPTSTK,OFSS,3050.0,PE,0.0,0.0,0.0,28.55,4.2,0,0.0,0
2014-11-10,2014-11-27,OPTSTK,OFSS,3065.0,PE,0.0,0.0,0.0,113.7,5.1,0,0.0,0
2014-11-10,2014-11-27,OPTSTK,OFSS,3100.0,PE,0.0,0.0,0.0,36.75,7.95,0,0.0,0
2014-11-10,2014-11-27,OPTSTK,OFSS,3115.0,PE,0.0,0.0,0.0,134.5,9.5,0,0.0,0
2014-11-10,2014-11-27,OPTSTK,OFSS,3150.0,PE,0.0,0.0,0.0,46.7,14.15,0,0.0,0
2014-11-10,2014-11-27,OPTSTK,OFSS,3165.0,PE,0.0,0.0,0.0,157.55,16.6,0,0.0,0
2014-11-10,2014-11-27,OPTSTK,OFSS,3200.0,PE,0.0,0.0,0.0,58.5,23.55,0,0.0,0
2014-11-10,2014-11-27,OPTSTK,OFSS,3215.0,PE,0.0,0.0,0.0,182.75,27.15,0,0.0,0
2014-11-10,2014-11-27,OPTSTK,OFSS,3250.0,PE,0.0,0.0,0.0,72.0,37.05,0,0.0,0
2014-11-10,2014-11-27,OPTSTK,OFSS,3265.0,PE,0.0,0.0,0.0,210.15,41.95,0,0.0,0
2014-11-10,2014-11-27,OPTSTK,OFSS,3300.0,PE,0.0,0.0,0.0,87.75,55.25,0,0.0,0
2014-11-10,2014-11-27,OPTSTK,OFSS,3315.0,PE,0.0,0.0,0.0,239.65,61.7,0,0.0,0
2014-11-10,2014-11-27,OPTSTK,OFSS,3350.0,PE,0.0,0.0,0.0,105.65,78.55,0,0.0,0
2014-11-10,2014-11-27,OPTSTK,OFSS,3365.0,PE,0.0,0.0,0.0,271.15,86.55,0,0.0,0
2014-11-10,2014-11-27,OPTSTK,OFSS,3400.0,PE,0.0,0.0,0.0,125.75,107.0,0,0.0,0
2014-11-10,2014-11-27,OPTSTK,OFSS,3415.0,PE,0.0,0.0,0.0,304.55,116.5,0,0.0,0
2014-11-10,2014-11-27,OPTSTK,OFSS,3450.0,PE,0.0,0.0,0.0,148.1,140.25,0,0.0,0
2014-11-10,2014-11-27,OPTSTK,OFSS,3465.0,PE,0.0,0.0,0.0,339.7,151.1,0,0.0,0
2014-11-10,2014-11-27,OPTSTK,OFSS,3500.0,PE,175.0,175.0,175.0,175.0,175.0,1,4.59,250
2014-11-10,2014-11-27,OPTSTK,OFSS,3515.0,PE,0.0,0.0,0.0,376.8,189.8,0,0.0,0
2014-11-10,2014-11-27,OPTSTK,OFSS,3550.0,PE,0.0,0.0,0.0,199.45,218.9,0,0.0,0
2014-11-10,2014-11-27,OPTSTK,OFSS,3565.0,PE,0.0,0.0,0.0,415.05,231.8,0,0.0,0
2014-11-10,2014-11-27,OPTSTK,OFSS,3600.0,PE,0.0,0.0,0.0,228.35,262.75,0,0.0,0
2014-11-10,2014-11-27,OPTSTK,OFSS,3615.0,PE,0.0,0.0,0.0,454.85,276.35,0,0.0,0
2014-11-10,2014-11-27,OPTSTK,OFSS,3650.0,PE,0.0,0.0,0.0,259.35,308.65,0,0.0,0
2014-11-10,2014-11-27,OPTSTK,OFSS,3665.0,PE,0.0,0.0,0.0,495.9,322.75,0,0.0,0
2014-11-10,2014-11-27,OPTSTK,OFSS,3700.0,PE,0.0,0.0,0.0,292.35,356.05,0,0.0,0
2014-11-10,2014-11-27,OPTSTK,OFSS,3715.0,PE,0.0,0.0,0.0,538.05,370.45,0,0.0,0
2014-11-10,2014-11-27,OPTSTK,OFSS,3750.0,PE,0.0,0.0,0.0,327.15,404.35,0,0.0,0
2014-11-10,2014-11-27,OPTSTK,OFSS,3765.0,PE,0.0,0.0,0.0,581.2,419.0,0,0.0,0
2014-11-10,2014-11-27,OPTSTK,OFSS,3800.0,PE,0.0,0.0,0.0,363.85,453.35,0,0.0,0
2014-11-10,2014-11-27,OPTSTK,OFSS,3815.0,PE,0.0,0.0,0.0,625.25,468.1,0,0.0,0
2014-11-10,2014-11-27,OPTSTK,OFSS,3850.0,PE,0.0,0.0,0.0,401.9,502.65,0,0.0,0
2014-11-10,2014-11-27,OPTSTK,OFSS,3865.0,PE,0.0,0.0,0.0,670.05,517.5,0,0.0,0
2014-11-10,2014-11-27,OPTSTK,OFSS,3900.0,PE,0.0,0.0,0.0,441.5,552.2,0,0.0,0
2014-11-10,2014-11-27,OPTSTK,OFSS,3915.0,PE,0.0,0.0,0.0,715.55,567.1,0,0.0,0
2014-11-10,2014-11-27,OPTSTK,OFSS,3950.0,PE,0.0,0.0,0.0,482.4,601.9,0,0.0,0
2014-11-10,2014-11-27,OPTSTK,OFSS,3965.0,PE,0.0,0.0,0.0,761.6,616.8,0,0.0,0
2014-11-10,2014-11-27,OPTSTK,OFSS,4000.0,PE,0.0,0.0,0.0,524.45,651.65,0,0.0,0
2014-11-10,2014-11-27,OPTSTK,OFSS,4015.0,PE,0.0,0.0,0.0,808.15,666.55,0,0.0,0
2014-11-10,2014-12-24,OPTSTK,OFSS,2450.0,CE,0.0,0.0,0.0,1040.35,908.35,0,0.0,0
2014-11-10,2014-12-24,OPTSTK,OFSS,2500.0,CE,0.0,0.0,0.0,991.9,858.9,0,0.0,0
2014-11-10,2014-12-24,OPTSTK,OFSS,2550.0,CE,0.0,0.0,0.0,943.75,809.45,0,0.0,0
2014-11-10,2014-12-24,OPTSTK,OFSS,2600.0,CE,0.0,0.0,0.0,895.8,760.1,0,0.0,0
2014-11-10,2014-12-24,OPTSTK,OFSS,2650.0,CE,0.0,0.0,0.0,848.25,710.8,0,0.0,0
2014-11-10,2014-12-24,OPTSTK,OFSS,2700.0,CE,0.0,0.0,0.0,801.15,661.7,0,0.0,0
2014-11-10,2014-12-24,OPTSTK,OFSS,2750.0,CE,0.0,0.0,0.0,754.6,612.85,0,0.0,0
2014-11-10,2014-12-24,OPTSTK,OFSS,2800.0,CE,0.0,0.0,0.0,708.75,564.4,0,0.0,0
2014-11-10,2014-12-24,OPTSTK,OFSS,2850.0,CE,0.0,0.0,0.0,663.7,516.5,0,0.0,0
2014-11-10,2014-12-24,OPTSTK,OFSS,2900.0,CE,0.0,0.0,0.0,619.55,469.4,0,0.0,0
2014-11-10,2014-12-24,OPTSTK,OFSS,2950.0,CE,0.0,0.0,0.0,576.5,423.4,0,0.0,0
2014-11-10,2014-12-24,OPTSTK,OFSS,3000.0,CE,0.0,0.0,0.0,534.65,378.8,0,0.0,0
2014-11-10,2014-12-24,OPTSTK,OFSS,3050.0,CE,0.0,0.0,0.0,494.15,335.9,0,0.0,0
2014-11-10,2014-12-24,OPTSTK,OFSS,3100.0,CE,0.0,0.0,0.0,455.1,295.05,0,0.0,0
2014-11-10,2014-12-24,OPTSTK,OFSS,3150.0,CE,0.0,0.0,0.0,417.6,256.6,0,0.0,0
2014-11-10,2014-12-24,OPTSTK,OFSS,3200.0,CE,0.0,0.0,0.0,381.9,220.75,0,0.0,0
2014-11-10,2014-12-24,OPTSTK,OFSS,3250.0,CE,0.0,0.0,0.0,347.75,187.95,0,0.0,0
2014-11-10,2014-12-24,OPTSTK,OFSS,3300.0,CE,0.0,0.0,0.0,315.6,158.2,0,0.0,0
2014-11-10,2014-12-24,OPTSTK,OFSS,3350.0,CE,0.0,0.0,0.0,285.3,131.65,0,0.0,0
2014-11-10,2014-12-24,OPTSTK,OFSS,3400.0,CE,0.0,0.0,0.0,257.0,108.25,0,0.0,0
2014-11-10,2014-12-24,OPTSTK,OFSS,3450.0,CE,0.0,0.0,0.0,230.6,87.95,0,0.0,0
2014-11-10,2014-12-24,OPTSTK,OFSS,3500.0,CE,0.0,0.0,0.0,206.1,70.65,0,0.0,0
2014-11-10,2014-12-24,OPTSTK,OFSS,3550.0,CE,0.0,0.0,0.0,183.55,56.05,0,0.0,0
2014-11-10,2014-12-24,OPTSTK,OFSS,3600.0,CE,0.0,0.0,0.0,162.85,44.0,0,0.0,0
2014-11-10,2014-12-24,OPTSTK,OFSS,3650.0,CE,0.0,0.0,0.0,143.95,34.1,0,0.0,0
2014-11-10,2014-12-24,OPTSTK,OFSS,3700.0,CE,0.0,0.0,0.0,126.8,26.1,0,0.0,0
2014-11-10,2014-12-24,OPTSTK,OFSS,3750.0,CE,0.0,0.0,0.0,111.25,19.75,0,0.0,0
2014-11-10,2014-12-24,OPTSTK,OFSS,3800.0,CE,0.0,0.0,0.0,97.25,14.8,0,0.0,0
2014-11-10,2014-12-24,OPTSTK,OFSS,3850.0,CE,0.0,0.0,0.0,84.9,10.95,0,0.0,0
2014-11-10,2014-12-24,OPTSTK,OFSS,3900.0,CE,0.0,0.0,0.0,73.8,8.0,0,0.0,0
2014-11-10,2014-12-24,OPTSTK,OFSS,3950.0,CE,0.0,0.0,0.0,63.75,5.8,0,0.0,0
2014-11-10,2014-12-24,OPTSTK,OFSS,4000.0,CE,0.0,0.0,0.0,55.0,4.15,0,0.0,0
2014-11-10,2014-12-24,OPTSTK,OFSS,2450.0,PE,0.0,0.0,0.0,0.95,0.05,0,0.0,0
2014-11-10,2014-12-24,OPTSTK,OFSS,2500.0,PE,0.0,0.0,0.0,1.45,0.05,0,0.0,0
2014-11-10,2014-12-24,OPTSTK,OFSS,2550.0,PE,0.0,0.0,0.0,2.2,0.1,0,0.0,0
2014-11-10,2014-12-24,OPTSTK,OFSS,2600.0,PE,0.0,0.0,0.0,3.15,0.25,0,0.0,0
2014-11-10,2014-12-24,OPTSTK,OFSS,2650.0,PE,0.0,0.0,0.0,4.55,0.45,0,0.0,0
2014-11-10,2014-12-24,OPTSTK,OFSS,2700.0,PE,0.0,0.0,0.0,6.35,0.8,0,0.0,0
2014-11-10,2014-12-24,OPTSTK,OFSS,2750.0,PE,0.0,0.0,0.0,8.7,1.4,0,0.0,0
2014-11-10,2014-12-24,OPTSTK,OFSS,2800.0,PE,0.0,0.0,0.0,11.75,2.45,0,0.0,0
2014-11-10,2014-12-24,OPTSTK,OFSS,2850.0,PE,0.0,0.0,0.0,15.6,4.0,0,0.0,0
2014-11-10,2014-12-24,OPTSTK,OFSS,2900.0,PE,0.0,0.0,0.0,20.4,6.4,0,0.0,0
2014-11-10,2014-12-24,OPTSTK,OFSS,2950.0,PE,0.0,0.0,0.0,26.25,9.9,0,0.0,0
2014-11-10,2014-12-24,OPTSTK,OFSS,3000.0,PE,0.0,0.0,0.0,33.3,14.75,0,0.0,0
2014-11-10,2014-12-24,OPTSTK,OFSS,3050.0,PE,0.0,0.0,0.0,41.7,21.3,0,0.0,0
2014-11-10,2014-12-24,OPTSTK,OFSS,3100.0,PE,0.0,0.0,0.0,51.55,29.95,0,0.0,0
2014-11-10,2014-12-24,OPTSTK,OFSS,3150.0,PE,0.0,0.0,0.0,63.0,40.95,0,0.0,0
2014-11-10,2014-12-24,OPTSTK,OFSS,3200.0,PE,0.0,0.0,0.0,76.2,54.65,0,0.0,0
2014-11-10,2014-12-24,OPTSTK,OFSS,3250.0,PE,0.0,0.0,0.0,90.95,71.25,0,0.0,0
2014-11-10,2014-12-24,OPTSTK,OFSS,3300.0,PE,0.0,0.0,0.0,107.7,91.0,0,0.0,0
2014-11-10,2014-12-24,OPTSTK,OFSS,3350.0,PE,0.0,0.0,0.0,126.35,113.9,0,0.0,0
2014-11-10,2014-12-24,OPTSTK,OFSS,3400.0,PE,0.0,0.0,0.0,146.9,140.0,0,0.0,0
2014-11-10,2014-12-24,OPTSTK,OFSS,3450.0,PE,0.0,0.0,0.0,169.4,169.2,0,0.0,0
2014-11-10,2014-12-24,OPTSTK,OFSS,3500.0,PE,0.0,0.0,0.0,193.85,201.35,0,0.0,0
2014-11-10,2014-12-24,OPTSTK,OFSS,3550.0,PE,0.0,0.0,0.0,220.2,236.2,0,0.0,0
2014-11-10,2014-12-24,OPTSTK,OFSS,3600.0,PE,0.0,0.0,0.0,248.4,273.65,0,0.0,0
2014-11-10,2014-12-24,OPTSTK,OFSS,3650.0,PE,0.0,0.0,0.0,278.4,313.25,0,0.0,0
2014-11-10,2014-12-24,OPTSTK,OFSS,3700.0,PE,0.0,0.0,0.0,310.15,354.7,0,0.0,0
2014-11-10,2014-12-24,OPTSTK,OFSS,3750.0,PE,0.0,0.0,0.0,343.55,397.85,0,0.0,0
2014-11-10,2014-12-24,OPTSTK,OFSS,3800.0,PE,0.0,0.0,0.0,378.45,442.35,0,0.0,0
2014-11-10,2014-12-24,OPTSTK,OFSS,3850.0,PE,0.0,0.0,0.0,415.05,488.0,0,0.0,0
2014-11-10,2014-12-24,OPTSTK,OFSS,3900.0,PE,0.0,0.0,0.0,452.85,534.5,0,0.0,0
2014-11-10,2014-12-24,OPTSTK,OFSS,3950.0,PE,0.0,0.0,0.0,491.7,581.8,0,0.0,0
2014-11-10,2014-12-24,OPTSTK,OFSS,4000.0,PE,0.0,0.0,0.0,531.85,629.6,0,0.0,0
2014-11-10,2015-01-29,OPTSTK,OFSS,2450.0,CE,0.0,0.0,0.0,937.15,929.6,0,0.0,0
2014-11-10,2015-01-29,OPTSTK,OFSS,2500.0,CE,0.0,0.0,0.0,889.0,880.85,0,0.0,0
2014-11-10,2015-01-29,OPTSTK,OFSS,2550.0,CE,0.0,0.0,0.0,841.2,832.3,0,0.0,0
2014-11-10,2015-01-29,OPTSTK,OFSS,2600.0,CE,0.0,0.0,0.0,793.8,784.05,0,0.0,0
2014-11-10,2015-01-29,OPTSTK,OFSS,2650.0,CE,0.0,0.0,0.0,746.9,736.1,0,0.0,0
2014-11-10,2015-01-29,OPTSTK,OFSS,2700.0,CE,0.0,0.0,0.0,700.65,688.6,0,0.0,0
2014-11-10,2015-01-29,OPTSTK,OFSS,2750.0,CE,0.0,0.0,0.0,655.15,641.75,0,0.0,0
2014-11-10,2015-01-29,OPTSTK,OFSS,2800.0,CE,0.0,0.0,0.0,610.6,595.6,0,0.0,0
2014-11-10,2015-01-29,OPTSTK,OFSS,2850.0,CE,0.0,0.0,0.0,567.05,550.4,0,0.0,0
2014-11-10,2015-01-29,OPTSTK,OFSS,2900.0,CE,0.0,0.0,0.0,524.75,506.35,0,0.0,0
2014-11-10,2015-01-29,OPTSTK,OFSS,2950.0,CE,0.0,0.0,0.0,483.75,463.55,0,0.0,0
2014-11-10,2015-01-29,OPTSTK,OFSS,3000.0,CE,0.0,0.0,0.0,444.3,422.3,0,0.0,0
2014-11-10,2015-01-29,OPTSTK,OFSS,3050.0,CE,0.0,0.0,0.0,406.4,382.7,0,0.0,0
2014-11-10,2015-01-29,OPTSTK,OFSS,3100.0,CE,0.0,0.0,0.0,370.4,344.95,0,0.0,0
2014-11-10,2015-01-29,OPTSTK,OFSS,3150.0,CE,0.0,0.0,0.0,335.95,309.3,0,0.0,0
2014-11-10,2015-01-29,OPTSTK,OFSS,3200.0,CE,0.0,0.0,0.0,303.6,275.6,0,0.0,0
2014-11-10,2015-01-29,OPTSTK,OFSS,3250.0,CE,0.0,0.0,0.0,273.25,244.3,0,0.0,0
2014-11-10,2015-01-29,OPTSTK,OFSS,3300.0,CE,0.0,0.0,0.0,244.9,215.3,0,0.0,0
2014-11-10,2015-01-29,OPTSTK,OFSS,3350.0,CE,0.0,0.0,0.0,218.55,188.65,0,0.0,0
2014-11-10,2015-01-29,OPTSTK,OFSS,3400.0,CE,0.0,0.0,0.0,194.25,164.3,0,0.0,0
2014-11-10,2015-01-29,OPTSTK,OFSS,3450.0,CE,0.0,0.0,0.0,171.95,142.25,0,0.0,0
2014-11-10,2015-01-29,OPTSTK,OFSS,3500.0,CE,0.0,0.0,0.0,151.55,122.45,0,0.0,0
2014-11-10,2015-01-29,OPTSTK,OFSS,3550.0,CE,0.0,0.0,0.0,133.05,104.8,0,0.0,0
2014-11-10,2015-01-29,OPTSTK,OFSS,3600.0,CE,0.0,0.0,0.0,116.35,89.2,0,0.0,0
2014-11-10,2015-01-29,OPTSTK,OFSS,3650.0,CE,0.0,0.0,0.0,101.3,75.45,0,0.0,0
2014-11-10,2015-01-29,OPTSTK,OFSS,3700.0,CE,0.0,0.0,0.0,87.85,63.65,0,0.0,0
2014-11-10,2015-01-29,OPTSTK,OFSS,3750.0,CE,0.0,0.0,0.0,76.1,53.2,0,0.0,0
2014-11-10,2015-01-29,OPTSTK,OFSS,3800.0,CE,0.0,0.0,0.0,65.45,44.25,0,0.0,0
2014-11-10,2015-01-29,OPTSTK,OFSS,3850.0,CE,0.0,0.0,0.0,56.15,36.65,0,0.0,0
2014-11-10,2015-01-29,OPTSTK,OFSS,3900.0,CE,0.0,0.0,0.0,48.0,30.15,0,0.0,0
2014-11-10,2015-01-29,OPTSTK,OFSS,3950.0,CE,0.0,0.0,0.0,40.85,24.7,0,0.0,0
2014-11-10,2015-01-29,OPTSTK,OFSS,4000.0,CE,0.0,0.0,0.0,34.7,20.15,0,0.0,0
2014-11-10,2015-01-29,OPTSTK,OFSS,2450.0,PE,0.0,0.0,0.0,1.55,0.5,0,0.0,0
2014-11-10,2015-01-29,OPTSTK,OFSS,2500.0,PE,0.0,0.0,0.0,2.35,0.85,0,0.0,0
2014-11-10,2015-01-29,OPTSTK,OFSS,2550.0,PE,0.0,0.0,0.0,3.45,1.35,0,0.0,0
2014-11-10,2015-01-29,OPTSTK,OFSS,2600.0,PE,0.0,0.0,0.0,5.0,2.1,0,0.0,0
2014-11-10,2015-01-29,OPTSTK,OFSS,2650.0,PE,0.0,0.0,0.0,7.0,3.2,0,0.0,0
2014-11-10,2015-01-29,OPTSTK,OFSS,2700.0,PE,0.0,0.0,0.0,9.7,4.8,0,0.0,0
2014-11-10,2015-01-29,OPTSTK,OFSS,2750.0,PE,0.0,0.0,0.0,13.1,6.95,0,0.0,0
2014-11-10,2015-01-29,OPTSTK,OFSS,2800.0,PE,0.0,0.0,0.0,17.45,9.9,0,0.0,0
2014-11-10,2015-01-29,OPTSTK,OFSS,2850.0,PE,0.0,0.0,0.0,22.85,13.75,0,0.0,0
2014-11-10,2015-01-29,OPTSTK,OFSS,2900.0,PE,0.0,0.0,0.0,29.45,18.75,0,0.0,0
2014-11-10,2015-01-29,OPTSTK,OFSS,2950.0,PE,0.0,0.0,0.0,37.4,25.0,0,0.0,0
2014-11-10,2015-01-29,OPTSTK,OFSS,3000.0,PE,0.0,0.0,0.0,46.85,32.8,0,0.0,0
2014-11-10,2015-01-29,OPTSTK,OFSS,3050.0,PE,0.0,0.0,0.0,57.9,42.25,0,0.0,0
2014-11-10,2015-01-29,OPTSTK,OFSS,3100.0,PE,0.0,0.0,0.0,70.8,53.55,0,0.0,0
2014-11-10,2015-01-29,OPTSTK,OFSS,3150.0,PE,0.0,0.0,0.0,85.3,66.95,0,0.0,0
2014-11-10,2015-01-29,OPTSTK,OFSS,3200.0,PE,0.0,0.0,0.0,101.85,82.3,0,0.0,0
2014-11-10,2015-01-29,OPTSTK,OFSS,3250.0,PE,0.0,0.0,0.0,120.4,100.05,0,0.0,0
2014-11-10,2015-01-29,OPTSTK,OFSS,3300.0,PE,0.0,0.0,0.0,141.0,120.1,0,0.0,0
2014-11-10,2015-01-29,OPTSTK,OFSS,3350.0,PE,0.0,0.0,0.0,163.6,142.5,0,0.0,0
2014-11-10,2015-01-29,OPTSTK,OFSS,3400.0,PE,0.0,0.0,0.0,188.2,167.2,0,0.0,0
2014-11-10,2015-01-29,OPTSTK,OFSS,3450.0,PE,0.0,0.0,0.0,214.8,194.2,0,0.0,0
2014-11-10,2015-01-29,OPTSTK,OFSS,3500.0,PE,0.0,0.0,0.0,243.35,223.5,0,0.0,0
2014-11-10,2015-01-29,OPTSTK,OFSS,3550.0,PE,0.0,0.0,0.0,273.75,254.9,0,0.0,0
2014-11-10,2015-01-29,OPTSTK,OFSS,3600.0,PE,0.0,0.0,0.0,305.95,288.3,0,0.0,0
2014-11-10,2015-01-29,OPTSTK,OFSS,3650.0,PE,0.0,0.0,0.0,339.85,323.6,0,0.0,0
2014-11-10,2015-01-29,OPTSTK,OFSS,3700.0,PE,0.0,0.0,0.0,375.35,360.9,0,0.0,0
2014-11-10,2015-01-29,OPTSTK,OFSS,3750.0,PE,0.0,0.0,0.0,412.5,399.45,0,0.0,0
2014-11-10,2015-01-29,OPTSTK,OFSS,3800.0,PE,0.0,0.0,0.0,450.75,439.6,0,0.0,0
2014-11-10,2015-01-29,OPTSTK,OFSS,3850.0,PE,0.0,0.0,0.0,490.35,481.0,0,0.0,0
2014-11-10,2015-01-29,OPTSTK,OFSS,3900.0,PE,0.0,0.0,0.0,531.15,523.6,0,0.0,0
2014-11-10,2015-01-29,OPTSTK,OFSS,3950.0,PE,0.0,0.0,0.0,572.95,567.2,0,0.0,0
2014-11-10,2015-01-29,OPTSTK,OFSS,4000.0,PE,0.0,0.0,0.0,615.65,611.7,0,0.0,0
2014-11-10,2014-11-27,OPTSTK,ONGC,280.0,CE,0.0,0.0,0.0,161.2,115.35,0,0.0,0
2014-11-10,2014-11-27,OPTSTK,ONGC,290.0,CE,0.0,0.0,0.0,115.45,105.35,0,0.0,0
2014-11-10,2014-11-27,OPTSTK,ONGC,300.0,CE,0.0,0.0,0.0,142.0,95.4,0,0.0,0
2014-11-10,2014-11-27,OPTSTK,ONGC,310.0,CE,0.0,0.0,0.0,96.75,85.45,0,0.0,0
2014-11-10,2014-11-27,OPTSTK,ONGC,320.0,CE,0.0,0.0,0.0,123.3,75.55,0,0.0,0
2014-11-10,2014-11-27,OPTSTK,ONGC,330.0,CE,0.0,0.0,0.0,79.1,65.7,0,0.0,0
2014-11-10,2014-11-27,OPTSTK,ONGC,340.0,CE,0.0,0.0,0.0,105.3,56.0,0,0.0,0
2014-11-10,2014-11-27,OPTSTK,ONGC,350.0,CE,0.0,0.0,0.0,62.9,46.65,0,0.0,0
2014-11-10,2014-11-27,OPTSTK,ONGC,360.0,CE,0.0,0.0,0.0,88.35,37.75,0,0.0,0
2014-11-10,2014-11-27,OPTSTK,ONGC,370.0,CE,0.0,0.0,0.0,35.0,29.65,0,0.0,2000
2014-11-10,2014-11-27,OPTSTK,ONGC,380.0,CE,29.35,30.1,19.3,19.7,19.7,41,82.29,37000
2014-11-10,2014-11-27,OPTSTK,ONGC,390.0,CE,18.7,18.7,13.0,13.4,13.4,75,151.69,68500
2014-11-10,2014-11-27,OPTSTK,ONGC,400.0,CE,17.0,17.95,8.05,8.5,8.5,2204,4522.1,753000
2014-11-10,2014-11-27,OPTSTK,ONGC,410.0,CE,11.2,11.95,5.15,5.4,5.4,1944,4055.91,810500
2014-11-10,2014-11-27,OPTSTK,ONGC,420.0,CE,7.0,7.95,3.3,3.4,3.4,1499,3181.93,1229000
2014-11-10,2014-11-27,OPTSTK,ONGC,430.0,CE,4.85,4.85,2.0,2.1,2.1,488,1056.21,329000
2014-11-10,2014-11-27,OPTSTK,ONGC,440.0,CE,2.7,2.7,1.2,1.3,1.3,252,556.45,360000
2014-11-10,2014-11-27,OPTSTK,ONGC,450.0,CE,1.55,1.55,0.85,0.9,0.9,109,245.78,170500
2014-11-10,2014-11-27,OPTSTK,ONGC,460.0,CE,0.85,0.85,0.5,0.7,0.7,16,36.84,67000
2014-11-10,2014-11-27,OPTSTK,ONGC,470.0,CE,0.0,0.0,0.0,0.75,0.3,0,0.0,2500
2014-11-10,2014-11-27,OPTSTK,ONGC,480.0,CE,0.0,0.0,0.0,0.55,0.15,0,0.0,2000
2014-11-10,2014-11-27,OPTSTK,ONGC,490.0,CE,0.0,0.0,0.0,5.75,0.1,0,0.0,0
2014-11-10,2014-11-27,OPTSTK,ONGC,500.0,CE,0.0,0.0,0.0,0.25,0.05,0,0.0,4500
2014-11-10,2014-11-27,OPTSTK,ONGC,510.0,CE,0.0,0.0,0.0,3.7,0.05,0,0.0,0
2014-11-10,2014-11-27,OPTSTK,ONGC,520.0,CE,0.0,0.0,0.0,11.25,0.05,0,0.0,0
2014-11-10,2014-11-27,OPTSTK,ONGC,530.0,CE,0.0,0.0,0.0,2.35,0.0,0,0.0,0
2014-11-10,2014-11-27,OPTSTK,ONGC,540.0,CE,0.0,0.0,0.0,8.1,0.0,0,0.0,0
2014-11-10,2014-11-27,OPTSTK,ONGC,550.0,CE,0.0,0.0,0.0,1.45,0.0,0,0.0,0
2014-11-10,2014-11-27,OPTSTK,ONGC,560.0,CE,0.0,0.0,0.0,5.75,0.0,0,0.0,0
2014-11-10,2014-11-27,OPTSTK,ONGC,280.0,PE,0.0,0.0,0.0,0.25,0.0,0,0.0,0
2014-11-10,2014-11-27,OPTSTK,ONGC,290.0,PE,0.0,0.0,0.0,0.65,0.0,0,0.0,0
2014-11-10,2014-11-27,OPTSTK,ONGC,300.0,PE,0.0,0.0,0.0,0.65,0.0,0,0.0,0
2014-11-10,2014-11-27,OPTSTK,ONGC,310.0,PE,0.0,0.0,0.0,1.65,0.05,0,0.0,0
2014-11-10,2014-11-27,OPTSTK,ONGC,320.0,PE,0.0,0.0,0.0,1.5,0.1,0,0.0,0
2014-11-10,2014-11-27,OPTSTK,ONGC,330.0,PE,0.0,0.0,0.0,3.7,0.2,0,0.0,0
2014-11-10,2014-11-27,OPTSTK,ONGC,340.0,PE,0.0,0.0,0.0,3.05,0.5,0,0.0,0
2014-11-10,2014-11-27,OPTSTK,ONGC,350.0,PE,0.0,0.0,0.0,7.2,1.05,0,0.0,0
2014-11-10,2014-11-27,OPTSTK,ONGC,360.0,PE,0.8,0.9,0.8,0.9,0.9,3,5.41,12000
2014-11-10,2014-11-27,OPTSTK,ONGC,370.0,PE,1.25,1.8,1.1,1.7,1.7,110,204.32,83500
2014-11-10,2014-11-27,OPTSTK,ONGC,380.0,PE,1.85,3.65,1.55,3.5,3.5,352,673.54,216000
2014-11-10,2014-11-27,OPTSTK,ONGC,390.0,PE,4.4,7.1,3.45,6.85,6.85,465,918.61,251000
2014-11-10,2014-11-27,OPTSTK,ONGC,400.0,PE,5.9,12.2,5.9,11.8,11.8,1011,2070.65,478000
2014-11-10,2014-11-27,OPTSTK,ONGC,410.0,PE,11.05,18.8,10.5,18.65,18.65,242,513.33,135000
2014-11-10,2014-11-27,OPTSTK,ONGC,420.0,PE,16.75,26.65,16.75,26.6,26.6,59,130.42,179000
2014-11-10,2014-11-27,OPTSTK,ONGC,430.0,PE,28.5,28.5,28.5,28.5,28.5,4,9.17,4000
2014-11-10,2014-11-27,OPTSTK,ONGC,440.0,PE,33.5,41.0,33.5,41.0,41.0,23,54.81,50500
2014-11-10,2014-11-27,OPTSTK,ONGC,450.0,PE,0.0,0.0,0.0,54.9,55.05,0,0.0,2000
2014-11-10,2014-11-27,OPTSTK,ONGC,460.0,PE,57.3,59.5,57.3,59.5,59.5,6,15.55,34000
2014-11-10,2014-11-27,OPTSTK,ONGC,470.0,PE,0.0,0.0,0.0,71.5,74.25,0,0.0,2000
2014-11-10,2014-11-27,OPTSTK,ONGC,480.0,PE,0.0,0.0,0.0,81.0,84.05,0,0.0,2000
2014-11-10,2014-11-27,OPTSTK,ONGC,490.0,PE,0.0,0.0,0.0,87.9,93.95,0,0.0,0
2014-11-10,2014-11-27,OPTSTK,ONGC,500.0,PE,0.0,0.0,0.0,101.15,103.9,0,0.0,1000
2014-11-10,2014-11-27,OPTSTK,ONGC,510.0,PE,0.0,0.0,0.0,105.55,113.8,0,0.0,0
2014-11-10,2014-11-27,OPTSTK,ONGC,520.0,PE,0.0,0.0,0.0,85.2,123.75,0,0.0,0
2014-11-10,2014-11-27,OPTSTK,ONGC,530.0,PE,0.0,0.0,0.0,123.9,133.75,0,0.0,0
2014-11-10,2014-11-27,OPTSTK,ONGC,540.0,PE,0.0,0.0,0.0,101.65,143.7,0,0.0,0
2014-11-10,2014-11-27,OPTSTK,ONGC,550.0,PE,0.0,0.0,0.0,142.7,153.65,0,0.0,0
2014-11-10,2014-11-27,OPTSTK,ONGC,560.0,PE,0.0,0.0,0.0,118.85,163.6,0,0.0,0
2014-11-10,2014-12-24,OPTSTK,ONGC,280.0,CE,0.0,0.0,0.0,127.45,117.2,0,0.0,0
2014-11-10,2014-12-24,OPTSTK,ONGC,290.0,CE,0.0,0.0,0.0,118.2,107.4,0,0.0,0
2014-11-10,2014-12-24,OPTSTK,ONGC,300.0,CE,0.0,0.0,0.0,109.15,97.7,0,0.0,0
2014-11-10,2014-12-24,OPTSTK,ONGC,310.0,CE,0.0,0.0,0.0,100.35,88.1,0,0.0,0
2014-11-10,2014-12-24,OPTSTK,ONGC,320.0,CE,0.0,0.0,0.0,91.8,78.7,0,0.0,0
2014-11-10,2014-12-24,OPTSTK,ONGC,330.0,CE,0.0,0.0,0.0,83.6,69.55,0,0.0,0
2014-11-10,2014-12-24,OPTSTK,ONGC,340.0,CE,0.0,0.0,0.0,75.75,60.8,0,0.0,0
2014-11-10,2014-12-24,OPTSTK,ONGC,350.0,CE,0.0,0.0,0.0,68.35,52.55,0,0.0,0
2014-11-10,2014-12-24,OPTSTK,ONGC,360.0,CE,0.0,0.0,0.0,61.3,44.8,0,0.0,0
2014-11-10,2014-12-24,OPTSTK,ONGC,370.0,CE,0.0,0.0,0.0,54.75,37.7,0,0.0,0
2014-11-10,2014-12-24,OPTSTK,ONGC,380.0,CE,0.0,0.0,0.0,48.65,31.35,0,0.0,0
2014-11-10,2014-12-24,OPTSTK,ONGC,390.0,CE,0.0,0.0,0.0,43.05,25.65,0,0.0,0
2014-11-10,2014-12-24,OPTSTK,ONGC,400.0,CE,0.0,0.0,0.0,37.9,20.75,0,0.0,0
2014-11-10,2014-12-24,OPTSTK,ONGC,410.0,CE,0.0,0.0,0.0,33.25,16.55,0,0.0,0
2014-11-10,2014-12-24,OPTSTK,ONGC,420.0,CE,13.65,13.65,6.9,7.0,7.0,33,70.65,22000
2014-11-10,2014-12-24,OPTSTK,ONGC,430.0,CE,7.5,7.5,5.0,5.0,5.0,8,17.45,4000
2014-11-10,2014-12-24,OPTSTK,ONGC,440.0,CE,5.5,5.5,3.95,3.95,3.95,45,100.0,48500
2014-11-10,2014-12-24,OPTSTK,ONGC,450.0,CE,0.0,0.0,0.0,18.8,5.85,0,0.0,0
2014-11-10,2014-12-24,OPTSTK,ONGC,460.0,CE,0.0,0.0,0.0,16.15,4.4,0,0.0,0
2014-11-10,2014-12-24,OPTSTK,ONGC,470.0,CE,0.0,0.0,0.0,13.85,3.25,0,0.0,0
2014-11-10,2014-12-24,OPTSTK,ONGC,480.0,CE,0.0,0.0,0.0,11.85,2.35,0,0.0,0
2014-11-10,2014-12-24,OPTSTK,ONGC,490.0,CE,0.0,0.0,0.0,10.05,1.7,0,0.0,0
2014-11-10,2014-12-24,OPTSTK,ONGC,500.0,CE,0.0,0.0,0.0,8.5,1.25,0,0.0,0
2014-11-10,2014-12-24,OPTSTK,ONGC,510.0,CE,0.0,0.0,0.0,7.2,0.9,0,0.0,0
2014-11-10,2014-12-24,OPTSTK,ONGC,520.0,CE,0.0,0.0,0.0,6.05,0.6,0,0.0,0
2014-11-10,2014-12-24,OPTSTK,ONGC,530.0,CE,0.0,0.0,0.0,5.1,0.45,0,0.0,0
2014-11-10,2014-12-24,OPTSTK,ONGC,540.0,CE,0.0,0.0,0.0,4.25,0.3,0,0.0,0
2014-11-10,2014-12-24,OPTSTK,ONGC,550.0,CE,0.0,0.0,0.0,3.55,0.2,0,0.0,0
2014-11-10,2014-12-24,OPTSTK,ONGC,560.0,CE,0.0,0.0,0.0,3.0,0.15,0,0.0,0
2014-11-10,2014-12-24,OPTSTK,ONGC,280.0,PE,0.0,0.0,0.0,1.0,0.1,0,0.0,0
2014-11-10,2014-12-24,OPTSTK,ONGC,290.0,PE,0.0,0.0,0.0,1.55,0.2,0,0.0,0
2014-11-10,2014-12-24,OPTSTK,ONGC,300.0,PE,0.0,0.0,0.0,2.25,0.35,0,0.0,0
2014-11-10,2014-12-24,OPTSTK,ONGC,310.0,PE,0.0,0.0,0.0,3.2,0.65,0,0.0,0
2014-11-10,2014-12-24,OPTSTK,ONGC,320.0,PE,0.0,0.0,0.0,4.45,1.15,0,0.0,0
2014-11-10,2014-12-24,OPTSTK,ONGC,330.0,PE,0.0,0.0,0.0,6.05,1.9,0,0.0,0
2014-11-10,2014-12-24,OPTSTK,ONGC,340.0,PE,0.0,0.0,0.0,8.0,3.05,0,0.0,0
2014-11-10,2014-12-24,OPTSTK,ONGC,350.0,PE,0.0,0.0,0.0,10.35,4.65,0,0.0,0
2014-11-10,2014-12-24,OPTSTK,ONGC,360.0,PE,0.0,0.0,0.0,13.1,6.85,0,0.0,0
2014-11-10,2014-12-24,OPTSTK,ONGC,370.0,PE,0.0,0.0,0.0,16.35,9.65,0,0.0,0
2014-11-10,2014-12-24,OPTSTK,ONGC,380.0,PE,0.0,0.0,0.0,20.05,13.15,0,0.0,0
2014-11-10,2014-12-24,OPTSTK,ONGC,390.0,PE,0.0,0.0,0.0,24.2,17.4,0,0.0,0
2014-11-10,2014-12-24,OPTSTK,ONGC,400.0,PE,15.75,15.75,11.5,13.65,13.65,5,10.34,2000
2014-11-10,2014-12-24,OPTSTK,ONGC,410.0,PE,0.0,0.0,0.0,33.95,28.05,0,0.0,0
2014-11-10,2014-12-24,OPTSTK,ONGC,420.0,PE,0.0,0.0,0.0,39.5,34.4,0,0.0,0
2014-11-10,2014-12-24,OPTSTK,ONGC,430.0,PE,0.0,0.0,0.0,45.5,41.4,0,0.0,0
2014-11-10,2014-12-24,OPTSTK,ONGC,440.0,PE,0.0,0.0,0.0,51.9,48.95,0,0.0,0
2014-11-10,2014-12-24,OPTSTK,ONGC,450.0,PE,0.0,0.0,0.0,58.65,56.95,0,0.0,0
2014-11-10,2014-12-24,OPTSTK,ONGC,460.0,PE,0.0,0.0,0.0,65.8,65.35,0,0.0,0
2014-11-10,2014-12-24,OPTSTK,ONGC,470.0,PE,0.0,0.0,0.0,73.25,74.1,0,0.0,0
2014-11-10,2014-12-24,OPTSTK,ONGC,480.0,PE,0.0,0.0,0.0,81.0,83.15,0,0.0,0
2014-11-10,2014-12-24,OPTSTK,ONGC,490.0,PE,0.0,0.0,0.0,89.0,92.4,0,0.0,0
2014-11-10,2014-12-24,OPTSTK,ONGC,500.0,PE,0.0,0.0,0.0,97.25,101.8,0,0.0,0
2014-11-10,2014-12-24,OPTSTK,ONGC,510.0,PE,0.0,0.0,0.0,105.7,111.35,0,0.0,0
2014-11-10,2014-12-24,OPTSTK,ONGC,520.0,PE,0.0,0.0,0.0,114.35,121.0,0,0.0,0
2014-11-10,2014-12-24,OPTSTK,ONGC,530.0,PE,0.0,0.0,0.0,123.2,130.7,0,0.0,0
2014-11-10,2014-12-24,OPTSTK,ONGC,540.0,PE,0.0,0.0,0.0,132.15,140.45,0,0.0,0
2014-11-10,2014-12-24,OPTSTK,ONGC,550.0,PE,0.0,0.0,0.0,141.25,150.25,0,0.0,0
2014-11-10,2014-12-24,OPTSTK,ONGC,560.0,PE,0.0,0.0,0.0,150.4,160.1,0,0.0,0
2014-11-10,2015-01-29,OPTSTK,ONGC,280.0,CE,0.0,0.0,0.0,122.65,120.1,0,0.0,0
2014-11-10,2015-01-29,OPTSTK,ONGC,290.0,CE,0.0,0.0,0.0,113.25,110.65,0,0.0,0
2014-11-10,2015-01-29,OPTSTK,ONGC,300.0,CE,0.0,0.0,0.0,104.1,101.4,0,0.0,0
2014-11-10,2015-01-29,OPTSTK,ONGC,310.0,CE,0.0,0.0,0.0,95.15,92.4,0,0.0,0
2014-11-10,2015-01-29,OPTSTK,ONGC,320.0,CE,0.0,0.0,0.0,86.45,83.65,0,0.0,0
2014-11-10,2015-01-29,OPTSTK,ONGC,330.0,CE,0.0,0.0,0.0,78.15,75.3,0,0.0,0
2014-11-10,2015-01-29,OPTSTK,ONGC,340.0,CE,0.0,0.0,0.0,70.2,67.3,0,0.0,0
2014-11-10,2015-01-29,OPTSTK,ONGC,350.0,CE,0.0,0.0,0.0,62.7,59.75,0,0.0,0
2014-11-10,2015-01-29,OPTSTK,ONGC,360.0,CE,0.0,0.0,0.0,55.65,52.7,0,0.0,0
2014-11-10,2015-01-29,OPTSTK,ONGC,370.0,CE,0.0,0.0,0.0,49.05,46.15,0,0.0,0
2014-11-10,2015-01-29,OPTSTK,ONGC,380.0,CE,0.0,0.0,0.0,43.0,40.15,0,0.0,0
2014-11-10,2015-01-29,OPTSTK,ONGC,390.0,CE,0.0,0.0,0.0,37.5,34.7,0,0.0,0
2014-11-10,2015-01-29,OPTSTK,ONGC,400.0,CE,0.0,0.0,0.0,32.5,29.8,0,0.0,0
2014-11-10,2015-01-29,OPTSTK,ONGC,410.0,CE,0.0,0.0,0.0,28.0,25.4,0,0.0,0
2014-11-10,2015-01-29,OPTSTK,ONGC,420.0,CE,0.0,0.0,0.0,23.95,21.55,0,0.0,0
2014-11-10,2015-01-29,OPTSTK,ONGC,430.0,CE,0.0,0.0,0.0,20.4,18.15,0,0.0,0
2014-11-10,2015-01-29,OPTSTK,ONGC,440.0,CE,0.0,0.0,0.0,17.3,15.2,0,0.0,0
2014-11-10,2015-01-29,OPTSTK,ONGC,450.0,CE,0.0,0.0,0.0,14.6,12.65,0,0.0,0
2014-11-10,2015-01-29,OPTSTK,ONGC,460.0,CE,0.0,0.0,0.0,12.25,10.5,0,0.0,0
2014-11-10,2015-01-29,OPTSTK,ONGC,470.0,CE,0.0,0.0,0.0,10.25,8.65,0,0.0,0
2014-11-10,2015-01-29,OPTSTK,ONGC,480.0,CE,0.0,0.0,0.0,8.5,7.1,0,0.0,0
2014-11-10,2015-01-29,OPTSTK,ONGC,490.0,CE,0.0,0.0,0.0,7.05,5.8,0,0.0,0
2014-11-10,2015-01-29,OPTSTK,ONGC,500.0,CE,0.0,0.0,0.0,5.8,4.7,0,0.0,0
2014-11-10,2015-01-29,OPTSTK,ONGC,510.0,CE,0.0,0.0,0.0,4.8,3.8,0,0.0,0
2014-11-10,2015-01-29,OPTSTK,ONGC,520.0,CE,0.0,0.0,0.0,3.9,3.05,0,0.0,0
2014-11-10,2015-01-29,OPTSTK,ONGC,530.0,CE,0.0,0.0,0.0,3.2,2.45,0,0.0,0
2014-11-10,2015-01-29,OPTSTK,ONGC,540.0,CE,0.0,0.0,0.0,2.6,1.95,0,0.0,0
2014-11-10,2015-01-29,OPTSTK,ONGC,550.0,CE,0.0,0.0,0.0,2.1,1.55,0,0.0,0
2014-11-10,2015-01-29,OPTSTK,ONGC,560.0,CE,0.0,0.0,0.0,1.7,1.25,0,0.0,0
2014-11-10,2015-01-29,OPTSTK,ONGC,280.0,PE,0.0,0.0,0.0,0.7,0.6,0,0.0,0
2014-11-10,2015-01-29,OPTSTK,ONGC,290.0,PE,0.0,0.0,0.0,1.1,0.95,0,0.0,0
2014-11-10,2015-01-29,OPTSTK,ONGC,300.0,PE,0.0,0.0,0.0,1.7,1.55,0,0.0,0
2014-11-10,2015-01-29,OPTSTK,ONGC,310.0,PE,0.0,0.0,0.0,2.55,2.3,0,0.0,0
2014-11-10,2015-01-29,OPTSTK,ONGC,320.0,PE,0.0,0.0,0.0,3.65,3.4,0,0.0,0
2014-11-10,2015-01-29,OPTSTK,ONGC,330.0,PE,0.0,0.0,0.0,5.1,4.85,0,0.0,0
2014-11-10,2015-01-29,OPTSTK,ONGC,340.0,PE,0.0,0.0,0.0,6.95,6.65,0,0.0,0
2014-11-10,2015-01-29,OPTSTK,ONGC,350.0,PE,0.0,0.0,0.0,9.25,8.95,0,0.0,0
2014-11-10,2015-01-29,OPTSTK,ONGC,360.0,PE,0.0,0.0,0.0,11.95,11.7,0,0.0,0
2014-11-10,2015-01-29,OPTSTK,ONGC,370.0,PE,0.0,0.0,0.0,15.15,14.95,0,0.0,0
2014-11-10,2015-01-29,OPTSTK,ONGC,380.0,PE,0.0,0.0,0.0,18.9,18.75,0,0.0,0
2014-11-10,2015-01-29,OPTSTK,ONGC,390.0,PE,0.0,0.0,0.0,23.15,23.1,0,0.0,0
2014-11-10,2015-01-29,OPTSTK,ONGC,400.0,PE,0.0,0.0,0.0,27.95,28.0,0,0.0,0
2014-11-10,2015-01-29,OPTSTK,ONGC,410.0,PE,0.0,0.0,0.0,33.25,33.45,0,0.0,0
2014-11-10,2015-01-29,OPTSTK,ONGC,420.0,PE,0.0,0.0,0.0,39.0,39.4,0,0.0,0
2014-11-10,2015-01-29,OPTSTK,ONGC,430.0,PE,0.0,0.0,0.0,45.25,45.8,0,0.0,0
2014-11-10,2015-01-29,OPTSTK,ONGC,440.0,PE,0.0,0.0,0.0,51.9,52.65,0,0.0,0
2014-11-10,2015-01-29,OPTSTK,ONGC,450.0,PE,0.0,0.0,0.0,59.0,59.95,0,0.0,0
2014-11-10,2015-01-29,OPTSTK,ONGC,460.0,PE,0.0,0.0,0.0,66.45,67.6,0,0.0,0
2014-11-10,2015-01-29,OPTSTK,ONGC,470.0,PE,0.0,0.0,0.0,74.2,75.55,0,0.0,0
2014-11-10,2015-01-29,OPTSTK,ONGC,480.0,PE,0.0,0.0,0.0,82.25,83.8,0,0.0,0
2014-11-10,2015-01-29,OPTSTK,ONGC,490.0,PE,0.0,0.0,0.0,90.6,92.3,0,0.0,0
2014-11-10,2015-01-29,OPTSTK,ONGC,500.0,PE,0.0,0.0,0.0,99.1,101.0,0,0.0,0
2014-11-10,2015-01-29,OPTSTK,ONGC,510.0,PE,0.0,0.0,0.0,107.85,109.95,0,0.0,0
2014-11-10,2015-01-29,OPTSTK,ONGC,520.0,PE,0.0,0.0,0.0,116.8,119.0,0,0.0,0
2014-11-10,2015-01-29,OPTSTK,ONGC,530.0,PE,0.0,0.0,0.0,125.85,128.2,0,0.0,0
2014-11-10,2015-01-29,OPTSTK,ONGC,540.0,PE,0.0,0.0,0.0,135.05,137.55,0,0.0,0
2014-11-10,2015-01-29,OPTSTK,ONGC,550.0,PE,0.0,0.0,0.0,144.35,146.95,0,0.0,0
2014-11-10,2015-01-29,OPTSTK,ONGC,560.0,PE,0.0,0.0,0.0,153.7,156.45,0,0.0,0
2014-11-10,2014-11-27,OPTSTK,ORIENTBANK,160.0,CE,0.0,0.0,0.0,105.4,128.75,0,0.0,0
2014-11-10,2014-11-27,OPTSTK,ORIENTBANK,170.0,CE,0.0,0.0,0.0,69.3,118.8,0,0.0,0
2014-11-10,2014-11-27,OPTSTK,ORIENTBANK,180.0,CE,0.0,0.0,0.0,86.95,108.85,0,0.0,0
2014-11-10,2014-11-27,OPTSTK,ORIENTBANK,190.0,CE,0.0,0.0,0.0,53.85,98.9,0,0.0,0
2014-11-10,2014-11-27,OPTSTK,ORIENTBANK,200.0,CE,0.0,0.0,0.0,69.7,88.95,0,0.0,0
2014-11-10,2014-11-27,OPTSTK,ORIENTBANK,210.0,CE,0.0,0.0,0.0,40.7,79.05,0,0.0,0
2014-11-10,2014-11-27,OPTSTK,ORIENTBANK,220.0,CE,0.0,0.0,0.0,54.35,69.2,0,0.0,0
2014-11-10,2014-11-27,OPTSTK,ORIENTBANK,230.0,CE,0.0,0.0,0.0,30.0,59.6,0,0.0,0
2014-11-10,2014-11-27,OPTSTK,ORIENTBANK,240.0,CE,0.0,0.0,0.0,30.35,50.25,0,0.0,2000
2014-11-10,2014-11-27,OPTSTK,ORIENTBANK,250.0,CE,0.0,0.0,0.0,11.25,41.45,0,0.0,2000
2014-11-10,2014-11-27,OPTSTK,ORIENTBANK,260.0,CE,28.15,28.15,28.15,28.15,28.15,2,5.76,25000
2014-11-10,2014-11-27,OPTSTK,ORIENTBANK,270.0,CE,27.65,27.65,21.3,21.5,21.5,9,26.42,34000
2014-11-10,2014-11-27,OPTSTK,ORIENTBANK,280.0,CE,20.0,20.0,14.0,14.1,14.1,14,41.51,47000
2014-11-10,2014-11-27,OPTSTK,ORIENTBANK,290.0,CE,13.0,13.8,9.0,10.5,10.5,69,207.37,52000
2014-11-10,2014-11-27,OPTSTK,ORIENTBANK,300.0,CE,9.3,9.4,5.35,6.25,6.25,123,377.54,90000
2014-11-10,2014-11-27,OPTSTK,ORIENTBANK,310.0,CE,4.35,4.35,3.0,3.7,3.7,10,31.37,35000
2014-11-10,2014-11-27,OPTSTK,ORIENTBANK,320.0,CE,3.0,3.1,1.85,2.25,2.25,20,64.45,29000
2014-11-10,2014-11-27,OPTSTK,ORIENTBANK,330.0,CE,1.05,1.05,1.0,1.0,1.0,5,16.55,14000
2014-11-10,2014-11-27,OPTSTK,ORIENTBANK,340.0,CE,0.0,0.0,0.0,1.05,2.2,0,0.0,1000
2014-11-10,2014-11-27,OPTSTK,ORIENTBANK,350.0,CE,0.0,0.0,0.0,3.45,1.4,0,0.0,0
2014-11-10,2014-11-27,OPTSTK,ORIENTBANK,360.0,CE,0.0,0.0,0.0,5.0,0.85,0,0.0,0
2014-11-10,2014-11-27,OPTSTK,ORIENTBANK,380.0,CE,0.0,0.0,0.0,3.35,0.3,0,0.0,0
2014-11-10,2014-11-27,OPTSTK,ORIENTBANK,400.0,CE,0.0,0.0,0.0,2.2,0.1,0,0.0,0
2014-11-10,2014-11-27,OPTSTK,ORIENTBANK,420.0,CE,0.0,0.0,0.0,1.45,0.05,0,0.0,0
2014-11-10,2014-11-27,OPTSTK,ORIENTBANK,160.0,PE,0.0,0.0,0.0,0.5,0.0,0,0.0,0
2014-11-10,2014-11-27,OPTSTK,ORIENTBANK,170.0,PE,0.0,0.0,0.0,3.7,0.0,0,0.0,0
2014-11-10,2014-11-27,OPTSTK,ORIENTBANK,180.0,PE,0.0,0.0,0.0,1.6,0.0,0,0.0,0
2014-11-10,2014-11-27,OPTSTK,ORIENTBANK,190.0,PE,0.0,0.0,0.0,7.9,0.05,0,0.0,0
2014-11-10,2014-11-27,OPTSTK,ORIENTBANK,200.0,PE,0.0,0.0,0.0,3.95,0.05,0,0.0,0
2014-11-10,2014-11-27,OPTSTK,ORIENTBANK,210.0,PE,0.0,0.0,0.0,14.45,0.1,0,0.0,0
2014-11-10,2014-11-27,OPTSTK,ORIENTBANK,220.0,PE,0.0,0.0,0.0,3.75,0.25,0,0.0,2000
2014-11-10,2014-11-27,OPTSTK,ORIENTBANK,230.0,PE,0.0,0.0,0.0,0.35,0.55,0,0.0,18000
2014-11-10,2014-11-27,OPTSTK,ORIENTBANK,240.0,PE,0.5,0.6,0.5,0.6,0.6,6,14.43,40000
2014-11-10,2014-11-27,OPTSTK,ORIENTBANK,250.0,PE,1.55,1.55,1.25,1.25,1.25,4,10.05,66000
2014-11-10,2014-11-27,OPTSTK,ORIENTBANK,260.0,PE,1.65,2.8,1.6,2.35,2.35,22,57.73,92000
2014-11-10,2014-11-27,OPTSTK,ORIENTBANK,270.0,PE,3.0,5.45,3.0,4.45,4.45,30,82.14,61000
2014-11-10,2014-11-27,OPTSTK,ORIENTBANK,280.0,PE,5.05,9.25,5.05,7.05,7.05,47,135.09,59000
2014-11-10,2014-11-27,OPTSTK,ORIENTBANK,290.0,PE,8.85,14.0,8.85,11.3,11.3,57,171.89,33000
2014-11-10,2014-11-27,OPTSTK,ORIENTBANK,300.0,PE,19.05,19.4,18.1,19.0,19.0,5,15.94,4000
2014-11-10,2014-11-27,OPTSTK,ORIENTBANK,310.0,PE,24.0,24.0,24.0,24.0,24.0,1,3.34,2000
2014-11-10,2014-11-27,OPTSTK,ORIENTBANK,320.0,PE,0.0,0.0,0.0,31.0,35.7,0,0.0,2000
2014-11-10,2014-11-27,OPTSTK,ORIENTBANK,330.0,PE,0.0,0.0,0.0,97.0,43.95,0,0.0,0
2014-11-10,2014-11-27,OPTSTK,ORIENTBANK,340.0,PE,0.0,0.0,0.0,78.65,52.75,0,0.0,0
2014-11-10,2014-11-27,OPTSTK,ORIENTBANK,350.0,PE,0.0,0.0,0.0,115.05,61.9,0,0.0,0
2014-11-10,2014-11-27,OPTSTK,ORIENTBANK,360.0,PE,0.0,0.0,0.0,95.85,71.35,0,0.0,0
2014-11-10,2014-11-27,OPTSTK,ORIENTBANK,380.0,PE,0.0,0.0,0.0,113.75,90.7,0,0.0,0
2014-11-10,2014-11-27,OPTSTK,ORIENTBANK,400.0,PE,0.0,0.0,0.0,132.2,110.45,0,0.0,0
2014-11-10,2014-11-27,OPTSTK,ORIENTBANK,420.0,PE,0.0,0.0,0.0,151.0,130.3,0,0.0,0
2014-11-10,2014-12-24,OPTSTK,ORIENTBANK,160.0,CE,0.0,0.0,0.0,80.65,129.85,0,0.0,0
2014-11-10,2014-12-24,OPTSTK,ORIENTBANK,170.0,CE,0.0,0.0,0.0,72.75,120.0,0,0.0,0
2014-11-10,2014-12-24,OPTSTK,ORIENTBANK,180.0,CE,0.0,0.0,0.0,65.3,110.2,0,0.0,0
2014-11-10,2014-12-24,OPTSTK,ORIENTBANK,190.0,CE,0.0,0.0,0.0,58.35,100.5,0,0.0,0
2014-11-10,2014-12-24,OPTSTK,ORIENTBANK,200.0,CE,0.0,0.0,0.0,51.95,90.95,0,0.0,0
2014-11-10,2014-12-24,OPTSTK,ORIENTBANK,210.0,CE,0.0,0.0,0.0,46.05,81.7,0,0.0,0
2014-11-10,2014-12-24,OPTSTK,ORIENTBANK,220.0,CE,0.0,0.0,0.0,40.7,72.7,0,0.0,0
2014-11-10,2014-12-24,OPTSTK,ORIENTBANK,230.0,CE,0.0,0.0,0.0,35.85,64.1,0,0.0,0
2014-11-10,2014-12-24,OPTSTK,ORIENTBANK,240.0,CE,0.0,0.0,0.0,31.45,56.0,0,0.0,0
2014-11-10,2014-12-24,OPTSTK,ORIENTBANK,250.0,CE,0.0,0.0,0.0,27.55,48.5,0,0.0,0
2014-11-10,2014-12-24,OPTSTK,ORIENTBANK,260.0,CE,0.0,0.0,0.0,24.1,41.55,0,0.0,0
2014-11-10,2014-12-24,OPTSTK,ORIENTBANK,270.0,CE,0.0,0.0,0.0,21.0,35.3,0,0.0,0
2014-11-10,2014-12-24,OPTSTK,ORIENTBANK,280.0,CE,0.0,0.0,0.0,18.25,29.7,0,0.0,0
2014-11-10,2014-12-24,OPTSTK,ORIENTBANK,290.0,CE,0.0,0.0,0.0,15.9,24.75,0,0.0,0
2014-11-10,2014-12-24,OPTSTK,ORIENTBANK,300.0,CE,0.0,0.0,0.0,13.8,20.45,0,0.0,0
2014-11-10,2014-12-24,OPTSTK,ORIENTBANK,310.0,CE,0.0,0.0,0.0,11.95,16.8,0,0.0,0
2014-11-10,2014-12-24,OPTSTK,ORIENTBANK,320.0,CE,0.0,0.0,0.0,10.35,13.65,0,0.0,0
2014-11-10,2014-12-24,OPTSTK,ORIENTBANK,330.0,CE,0.0,0.0,0.0,8.95,11.05,0,0.0,0
2014-11-10,2014-12-24,OPTSTK,ORIENTBANK,340.0,CE,0.0,0.0,0.0,7.7,8.85,0,0.0,0
2014-11-10,2014-12-24,OPTSTK,ORIENTBANK,350.0,CE,0.0,0.0,0.0,6.65,7.05,0,0.0,0
2014-11-10,2014-12-24,OPTSTK,ORIENTBANK,160.0,PE,0.0,0.0,0.0,4.2,0.05,0,0.0,0
2014-11-10,2014-12-24,OPTSTK,ORIENTBANK,170.0,PE,0.0,0.0,0.0,6.05,0.1,0,0.0,0
2014-11-10,2014-12-24,OPTSTK,ORIENTBANK,180.0,PE,0.0,0.0,0.0,8.4,0.2,0,0.0,0
2014-11-10,2014-12-24,OPTSTK,ORIENTBANK,190.0,PE,0.0,0.0,0.0,11.2,0.4,0,0.0,0
2014-11-10,2014-12-24,OPTSTK,ORIENTBANK,200.0,PE,0.0,0.0,0.0,14.6,0.8,0,0.0,0
2014-11-10,2014-12-24,OPTSTK,ORIENTBANK,210.0,PE,0.0,0.0,0.0,18.45,1.4,0,0.0,0
2014-11-10,2014-12-24,OPTSTK,ORIENTBANK,220.0,PE,0.0,0.0,0.0,22.9,2.3,0,0.0,0
2014-11-10,2014-12-24,OPTSTK,ORIENTBANK,230.0,PE,0.0,0.0,0.0,27.8,3.6,0,0.0,0
2014-11-10,2014-12-24,OPTSTK,ORIENTBANK,240.0,PE,0.0,0.0,0.0,33.25,5.4,0,0.0,0
2014-11-10,2014-12-24,OPTSTK,ORIENTBANK,250.0,PE,0.0,0.0,0.0,39.1,7.75,0,0.0,0
2014-11-10,2014-12-24,OPTSTK,ORIENTBANK,260.0,PE,0.0,0.0,0.0,45.4,10.75,0,0.0,0
2014-11-10,2014-12-24,OPTSTK,ORIENTBANK,270.0,PE,0.0,0.0,0.0,52.1,14.35,0,0.0,0
2014-11-10,2014-12-24,OPTSTK,ORIENTBANK,280.0,PE,0.0,0.0,0.0,59.15,18.65,0,0.0,0
2014-11-10,2014-12-24,OPTSTK,ORIENTBANK,290.0,PE,0.0,0.0,0.0,66.55,23.65,0,0.0,0
2014-11-10,2014-12-24,OPTSTK,ORIENTBANK,300.0,PE,0.0,0.0,0.0,74.25,29.25,0,0.0,0
2014-11-10,2014-12-24,OPTSTK,ORIENTBANK,310.0,PE,0.0,0.0,0.0,82.2,35.45,0,0.0,0
2014-11-10,2014-12-24,OPTSTK,ORIENTBANK,320.0,PE,0.0,0.0,0.0,90.35,42.2,0,0.0,0
2014-11-10,2014-12-24,OPTSTK,ORIENTBANK,330.0,PE,0.0,0.0,0.0,98.75,49.5,0,0.0,0
2014-11-10,2014-12-24,OPTSTK,ORIENTBANK,340.0,PE,0.0,0.0,0.0,107.3,57.2,0,0.0,0
2014-11-10,2014-12-24,OPTSTK,ORIENTBANK,350.0,PE,0.0,0.0,0.0,116.0,65.3,0,0.0,0
2014-11-10,2015-01-29,OPTSTK,ORIENTBANK,160.0,CE,0.0,0.0,0.0,116.15,131.5,0,0.0,0
2014-11-10,2015-01-29,OPTSTK,ORIENTBANK,170.0,CE,0.0,0.0,0.0,107.15,122.0,0,0.0,0
2014-11-10,2015-01-29,OPTSTK,ORIENTBANK,180.0,CE,0.0,0.0,0.0,98.4,112.65,0,0.0,0
2014-11-10,2015-01-29,OPTSTK,ORIENTBANK,190.0,CE,0.0,0.0,0.0,90.05,103.5,0,0.0,0
2014-11-10,2015-01-29,OPTSTK,ORIENTBANK,200.0,CE,0.0,0.0,0.0,82.0,94.65,0,0.0,0
2014-11-10,2015-01-29,OPTSTK,ORIENTBANK,210.0,CE,0.0,0.0,0.0,74.4,86.15,0,0.0,0
2014-11-10,2015-01-29,OPTSTK,ORIENTBANK,220.0,CE,0.0,0.0,0.0,67.3,78.0,0,0.0,0
2014-11-10,2015-01-29,OPTSTK,ORIENTBANK,230.0,CE,0.0,0.0,0.0,60.6,70.3,0,0.0,0
2014-11-10,2015-01-29,OPTSTK,ORIENTBANK,240.0,CE,0.0,0.0,0.0,54.4,63.05,0,0.0,0
2014-11-10,2015-01-29,OPTSTK,ORIENTBANK,250.0,CE,0.0,0.0,0.0,48.65,56.3,0,0.0,0
2014-11-10,2015-01-29,OPTSTK,ORIENTBANK,260.0,CE,0.0,0.0,0.0,43.4,50.0,0,0.0,0
2014-11-10,2015-01-29,OPTSTK,ORIENTBANK,270.0,CE,0.0,0.0,0.0,38.6,44.25,0,0.0,0
2014-11-10,2015-01-29,OPTSTK,ORIENTBANK,280.0,CE,0.0,0.0,0.0,34.25,39.0,0,0.0,0
2014-11-10,2015-01-29,OPTSTK,ORIENTBANK,290.0,CE,0.0,0.0,0.0,30.3,34.25,0,0.0,0
2014-11-10,2015-01-29,OPTSTK,ORIENTBANK,300.0,CE,0.0,0.0,0.0,26.75,29.95,0,0.0,0
2014-11-10,2015-01-29,OPTSTK,ORIENTBANK,310.0,CE,0.0,0.0,0.0,23.6,26.1,0,0.0,0
2014-11-10,2015-01-29,OPTSTK,ORIENTBANK,320.0,CE,0.0,0.0,0.0,20.75,22.7,0,0.0,0
2014-11-10,2015-01-29,OPTSTK,ORIENTBANK,330.0,CE,0.0,0.0,0.0,18.2,19.65,0,0.0,0
2014-11-10,2015-01-29,OPTSTK,ORIENTBANK,340.0,CE,0.0,0.0,0.0,15.95,17.0,0,0.0,0
2014-11-10,2015-01-29,OPTSTK,ORIENTBANK,350.0,CE,0.0,0.0,0.0,14.0,14.65,0,0.0,0
2014-11-10,2015-01-29,OPTSTK,ORIENTBANK,160.0,PE,0.0,0.0,0.0,1.3,0.4,0,0.0,0
2014-11-10,2015-01-29,OPTSTK,ORIENTBANK,170.0,PE,0.0,0.0,0.0,2.1,0.65,0,0.0,0
2014-11-10,2015-01-29,OPTSTK,ORIENTBANK,180.0,PE,0.0,0.0,0.0,3.15,1.15,0,0.0,0
2014-11-10,2015-01-29,OPTSTK,ORIENTBANK,190.0,PE,0.0,0.0,0.0,4.55,1.8,0,0.0,0
2014-11-10,2015-01-29,OPTSTK,ORIENTBANK,200.0,PE,0.0,0.0,0.0,6.3,2.8,0,0.0,0
2014-11-10,2015-01-29,OPTSTK,ORIENTBANK,210.0,PE,0.0,0.0,0.0,8.5,4.05,0,0.0,0
2014-11-10,2015-01-29,OPTSTK,ORIENTBANK,220.0,PE,0.0,0.0,0.0,11.15,5.75,0,0.0,0
2014-11-10,2015-01-29,OPTSTK,ORIENTBANK,230.0,PE,0.0,0.0,0.0,14.25,7.85,0,0.0,0
2014-11-10,2015-01-29,OPTSTK,ORIENTBANK,240.0,PE,0.0,0.0,0.0,17.8,10.4,0,0.0,0
2014-11-10,2015-01-29,OPTSTK,ORIENTBANK,250.0,PE,0.0,0.0,0.0,21.85,13.45,0,0.0,0
2014-11-10,2015-01-29,OPTSTK,ORIENTBANK,260.0,PE,0.0,0.0,0.0,26.4,17.0,0,0.0,0
2014-11-10,2015-01-29,OPTSTK,ORIENTBANK,270.0,PE,0.0,0.0,0.0,31.4,21.05,0,0.0,0
2014-11-10,2015-01-29,OPTSTK,ORIENTBANK,280.0,PE,0.0,0.0,0.0,36.8,25.6,0,0.0,0
2014-11-10,2015-01-29,OPTSTK,ORIENTBANK,290.0,PE,0.0,0.0,0.0,42.65,30.65,0,0.0,0
2014-11-10,2015-01-29,OPTSTK,ORIENTBANK,300.0,PE,0.0,0.0,0.0,48.9,36.2,0,0.0,0
2014-11-10,2015-01-29,OPTSTK,ORIENTBANK,310.0,PE,0.0,0.0,0.0,55.5,42.15,0,0.0,0
2014-11-10,2015-01-29,OPTSTK,ORIENTBANK,320.0,PE,0.0,0.0,0.0,62.45,48.55,0,0.0,0
2014-11-10,2015-01-29,OPTSTK,ORIENTBANK,330.0,PE,0.0,0.0,0.0,69.7,55.3,0,0.0,0
2014-11-10,2015-01-29,OPTSTK,ORIENTBANK,340.0,PE,0.0,0.0,0.0,77.25,62.45,0,0.0,0
2014-11-10,2015-01-29,OPTSTK,ORIENTBANK,350.0,PE,0.0,0.0,0.0,85.05,69.9,0,0.0,0
2014-11-10,2014-11-27,OPTSTK,PETRONET,115.0,CE,0.0,0.0,0.0,71.6,85.8,0,0.0,0
2014-11-10,2014-11-27,OPTSTK,PETRONET,120.0,CE,0.0,0.0,0.0,66.75,80.85,0,0.0,0
2014-11-10,2014-11-27,OPTSTK,PETRONET,125.0,CE,0.0,0.0,0.0,61.95,75.85,0,0.0,0
2014-11-10,2014-11-27,OPTSTK,PETRONET,130.0,CE,0.0,0.0,0.0,57.2,70.9,0,0.0,0
2014-11-10,2014-11-27,OPTSTK,PETRONET,135.0,CE,0.0,0.0,0.0,52.55,65.9,0,0.0,0
2014-11-10,2014-11-27,OPTSTK,PETRONET,140.0,CE,0.0,0.0,0.0,48.0,60.9,0,0.0,0
2014-11-10,2014-11-27,OPTSTK,PETRONET,145.0,CE,0.0,0.0,0.0,43.55,55.95,0,0.0,0
2014-11-10,2014-11-27,OPTSTK,PETRONET,150.0,CE,0.0,0.0,0.0,39.25,50.95,0,0.0,0
2014-11-10,2014-11-27,OPTSTK,PETRONET,155.0,CE,0.0,0.0,0.0,35.15,46.0,0,0.0,0
2014-11-10,2014-11-27,OPTSTK,PETRONET,160.0,CE,0.0,0.0,0.0,31.3,41.0,0,0.0,0
2014-11-10,2014-11-27,OPTSTK,PETRONET,165.0,CE,0.0,0.0,0.0,27.65,36.05,0,0.0,0
2014-11-10,2014-11-27,OPTSTK,PETRONET,170.0,CE,0.0,0.0,0.0,24.3,31.1,0,0.0,0
2014-11-10,2014-11-27,OPTSTK,PETRONET,175.0,CE,0.0,0.0,0.0,21.15,26.25,0,0.0,0
2014-11-10,2014-11-27,OPTSTK,PETRONET,180.0,CE,0.0,0.0,0.0,16.0,21.55,0,0.0,2000
2014-11-10,2014-11-27,OPTSTK,PETRONET,185.0,CE,0.0,0.0,0.0,22.0,17.1,0,0.0,2000
2014-11-10,2014-11-27,OPTSTK,PETRONET,190.0,CE,0.0,0.0,0.0,9.0,13.05,0,0.0,4000
2014-11-10,2014-11-27,OPTSTK,PETRONET,195.0,CE,9.35,10.0,9.35,10.0,10.0,10,40.94,8000
2014-11-10,2014-11-27,OPTSTK,PETRONET,200.0,CE,7.75,7.75,5.85,6.25,6.25,38,157.06,138000
2014-11-10,2014-11-27,OPTSTK,PETRONET,205.0,CE,6.25,6.25,3.7,4.1,4.1,58,242.98,70000
2014-11-10,2014-11-27,OPTSTK,PETRONET,210.0,CE,4.0,4.2,2.4,2.6,2.6,148,630.61,380000
2014-11-10,2014-11-27,OPTSTK,PETRONET,215.0,CE,2.1,2.1,1.4,1.6,1.6,14,60.68,94000
2014-11-10,2014-11-27,OPTSTK,PETRONET,220.0,CE,1.75,1.75,0.8,1.0,1.0,106,468.7,218000
2014-11-10,2014-11-27,OPTSTK,PETRONET,225.0,CE,0.6,0.65,0.55,0.55,0.55,10,45.11,42000
2014-11-10,2014-11-27,OPTSTK,PETRONET,230.0,CE,0.3,0.5,0.3,0.45,0.45,7,32.26,46000
2014-11-10,2014-11-27,OPTSTK,PETRONET,235.0,CE,0.0,0.0,0.0,0.4,0.15,0,0.0,2000
2014-11-10,2014-11-27,OPTSTK,PETRONET,240.0,CE,0.0,0.0,0.0,0.4,0.05,0,0.0,20000
2014-11-10,2014-11-27,OPTSTK,PETRONET,250.0,CE,0.0,0.0,0.0,0.1,0.05,0,0.0,2000
2014-11-10,2014-11-27,OPTSTK,PETRONET,115.0,PE,0.0,0.0,0.0,0.05,0.0,0,0.0,0
2014-11-10,2014-11-27,OPTSTK,PETRONET,120.0,PE,0.0,0.0,0.0,0.1,0.0,0,0.0,0
2014-11-10,2014-11-27,OPTSTK,PETRONET,125.0,PE,0.0,0.0,0.0,0.2,0.0,0,0.0,0
2014-11-10,2014-11-27,OPTSTK,PETRONET,130.0,PE,0.0,0.0,0.0,0.35,0.0,0,0.0,0
2014-11-10,2014-11-27,OPTSTK,PETRONET,135.0,PE,0.0,0.0,0.0,0.6,0.0,0,0.0,0
2014-11-10,2014-11-27,OPTSTK,PETRONET,140.0,PE,0.0,0.0,0.0,0.9,0.0,0,0.0,0
2014-11-10,2014-11-27,OPTSTK,PETRONET,145.0,PE,0.0,0.0,0.0,1.35,0.0,0,0.0,0
2014-11-10,2014-11-27,OPTSTK,PETRONET,150.0,PE,0.0,0.0,0.0,1.95,0.0,0,0.0,0
2014-11-10,2014-11-27,OPTSTK,PETRONET,155.0,PE,0.0,0.0,0.0,2.8,0.0,0,0.0,0
2014-11-10,2014-11-27,OPTSTK,PETRONET,160.0,PE,0.0,0.0,0.0,3.8,0.0,0,0.0,0
2014-11-10,2014-11-27,OPTSTK,PETRONET,165.0,PE,0.0,0.0,0.0,5.05,0.05,0,0.0,0
2014-11-10,2014-11-27,OPTSTK,PETRONET,170.0,PE,0.0,0.0,0.0,6.55,0.1,0,0.0,0
2014-11-10,2014-11-27,OPTSTK,PETRONET,175.0,PE,0.0,0.0,0.0,0.55,0.2,0,0.0,2000
2014-11-10,2014-11-27,OPTSTK,PETRONET,180.0,PE,0.5,0.5,0.5,0.5,0.5,1,3.61,28000
2014-11-10,2014-11-27,OPTSTK,PETRONET,185.0,PE,1.0,1.5,0.9,1.0,1.0,7,26.05,26000
2014-11-10,2014-11-27,OPTSTK,PETRONET,190.0,PE,1.8,2.5,1.7,2.0,2.0,34,130.51,62000
2014-11-10,2014-11-27,OPTSTK,PETRONET,195.0,PE,4.0,4.1,3.15,3.15,3.15,7,27.79,14000
2014-11-10,2014-11-27,OPTSTK,PETRONET,200.0,PE,4.1,6.45,4.1,5.7,5.7,42,172.44,104000
2014-11-10,2014-11-27,OPTSTK,PETRONET,205.0,PE,7.95,8.55,7.15,8.1,8.1,8,34.09,14000
2014-11-10,2014-11-27,OPTSTK,PETRONET,210.0,PE,10.6,12.35,10.6,12.35,12.35,2,8.85,18000
2014-11-10,2014-11-27,OPTSTK,PETRONET,215.0,PE,0.0,0.0,0.0,32.0,15.45,0,0.0,0
2014-11-10,2014-11-27,OPTSTK,PETRONET,220.0,PE,0.0,0.0,0.0,35.9,19.7,0,0.0,0
2014-11-10,2014-11-27,OPTSTK,PETRONET,225.0,PE,0.0,0.0,0.0,39.95,24.25,0,0.0,0
2014-11-10,2014-11-27,OPTSTK,PETRONET,230.0,PE,0.0,0.0,0.0,44.15,29.0,0,0.0,0
2014-11-10,2014-11-27,OPTSTK,PETRONET,235.0,PE,0.0,0.0,0.0,48.45,33.85,0,0.0,0
2014-11-10,2014-11-27,OPTSTK,PETRONET,240.0,PE,0.0,0.0,0.0,52.9,38.8,0,0.0,0
2014-11-10,2014-11-27,OPTSTK,PETRONET,250.0,PE,0.0,0.0,0.0,61.95,48.7,0,0.0,0
2014-11-10,2014-12-24,OPTSTK,PETRONET,120.0,CE,0.0,0.0,0.0,75.55,81.65,0,0.0,0
2014-11-10,2014-12-24,OPTSTK,PETRONET,130.0,CE,0.0,0.0,0.0,65.95,71.75,0,0.0,0
2014-11-10,2014-12-24,OPTSTK,PETRONET,140.0,CE,0.0,0.0,0.0,56.6,61.85,0,0.0,0
2014-11-10,2014-12-24,OPTSTK,PETRONET,150.0,CE,0.0,0.0,0.0,47.65,52.0,0,0.0,0
2014-11-10,2014-12-24,OPTSTK,PETRONET,160.0,CE,0.0,0.0,0.0,39.25,42.25,0,0.0,0
2014-11-10,2014-12-24,OPTSTK,PETRONET,170.0,CE,0.0,0.0,0.0,31.7,32.9,0,0.0,0
2014-11-10,2014-12-24,OPTSTK,PETRONET,180.0,CE,0.0,0.0,0.0,25.0,24.3,0,0.0,0
2014-11-10,2014-12-24,OPTSTK,PETRONET,190.0,CE,0.0,0.0,0.0,19.3,16.85,0,0.0,0
2014-11-10,2014-12-24,OPTSTK,PETRONET,200.0,CE,0.0,0.0,0.0,14.6,10.9,0,0.0,0
2014-11-10,2014-12-24,OPTSTK,PETRONET,210.0,CE,0.0,0.0,0.0,10.85,6.6,0,0.0,0
2014-11-10,2014-12-24,OPTSTK,PETRONET,220.0,CE,0.0,0.0,0.0,7.9,3.75,0,0.0,0
2014-11-10,2014-12-24,OPTSTK,PETRONET,230.0,CE,0.0,0.0,0.0,5.65,2.0,0,0.0,0
2014-11-10,2014-12-24,OPTSTK,PETRONET,240.0,CE,0.0,0.0,0.0,4.0,1.0,0,0.0,0
2014-11-10,2014-12-24,OPTSTK,PETRONET,250.0,CE,0.0,0.0,0.0,2.8,0.45,0,0.0,0
2014-11-10,2014-12-24,OPTSTK,PETRONET,120.0,PE,0.0,0.0,0.0,0.1,0.0,0,0.0,0
2014-11-10,2014-12-24,OPTSTK,PETRONET,130.0,PE,0.0,0.0,0.0,0.3,0.0,0,0.0,0
2014-11-10,2014-12-24,OPTSTK,PETRONET,140.0,PE,0.0,0.0,0.0,0.7,0.05,0,0.0,0
2014-11-10,2014-12-24,OPTSTK,PETRONET,150.0,PE,0.0,0.0,0.0,1.5,0.05,0,0.0,0
2014-11-10,2014-12-24,OPTSTK,PETRONET,160.0,PE,0.0,0.0,0.0,2.9,0.25,0,0.0,0
2014-11-10,2014-12-24,OPTSTK,PETRONET,170.0,PE,0.0,0.0,0.0,5.1,0.75,0,0.0,0
2014-11-10,2014-12-24,OPTSTK,PETRONET,180.0,PE,0.0,0.0,0.0,8.2,2.05,0,0.0,0
2014-11-10,2014-12-24,OPTSTK,PETRONET,190.0,PE,0.0,0.0,0.0,12.3,4.5,0,0.0,0
2014-11-10,2014-12-24,OPTSTK,PETRONET,200.0,PE,0.0,0.0,0.0,17.4,8.5,0,0.0,0
2014-11-10,2014-12-24,OPTSTK,PETRONET,210.0,PE,0.0,0.0,0.0,23.4,14.05,0,0.0,0
2014-11-10,2014-12-24,OPTSTK,PETRONET,220.0,PE,0.0,0.0,0.0,30.25,21.1,0,0.0,0
2014-11-10,2014-12-24,OPTSTK,PETRONET,230.0,PE,0.0,0.0,0.0,37.8,29.2,0,0.0,0
2014-11-10,2014-12-24,OPTSTK,PETRONET,240.0,PE,0.0,0.0,0.0,45.9,38.15,0,0.0,0
2014-11-10,2014-12-24,OPTSTK,PETRONET,250.0,PE,0.0,0.0,0.0,54.5,47.5,0,0.0,0
2014-11-10,2015-01-29,OPTSTK,PETRONET,120.0,CE,0.0,0.0,0.0,80.5,82.65,0,0.0,0
2014-11-10,2015-01-29,OPTSTK,PETRONET,130.0,CE,0.0,0.0,0.0,70.85,72.85,0,0.0,0
2014-11-10,2015-01-29,OPTSTK,PETRONET,140.0,CE,0.0,0.0,0.0,61.35,63.1,0,0.0,0
2014-11-10,2015-01-29,OPTSTK,PETRONET,150.0,CE,0.0,0.0,0.0,52.15,53.55,0,0.0,0
2014-11-10,2015-01-29,OPTSTK,PETRONET,160.0,CE,0.0,0.0,0.0,43.5,44.25,0,0.0,0
2014-11-10,2015-01-29,OPTSTK,PETRONET,170.0,CE,0.0,0.0,0.0,35.5,35.55,0,0.0,0
2014-11-10,2015-01-29,OPTSTK,PETRONET,180.0,CE,0.0,0.0,0.0,28.35,27.65,0,0.0,0
2014-11-10,2015-01-29,OPTSTK,PETRONET,190.0,CE,0.0,0.0,0.0,22.15,20.8,0,0.0,0
2014-11-10,2015-01-29,OPTSTK,PETRONET,200.0,CE,0.0,0.0,0.0,16.95,15.1,0,0.0,0
2014-11-10,2015-01-29,OPTSTK,PETRONET,210.0,CE,0.0,0.0,0.0,12.7,10.6,0,0.0,0
2014-11-10,2015-01-29,OPTSTK,PETRONET,220.0,CE,0.0,0.0,0.0,9.35,7.2,0,0.0,0
2014-11-10,2015-01-29,OPTSTK,PETRONET,230.0,CE,0.0,0.0,0.0,6.75,4.75,0,0.0,0
2014-11-10,2015-01-29,OPTSTK,PETRONET,240.0,CE,0.0,0.0,0.0,4.8,3.05,0,0.0,0
2014-11-10,2015-01-29,OPTSTK,PETRONET,250.0,CE,0.0,0.0,0.0,3.35,1.9,0,0.0,0
2014-11-10,2015-01-29,OPTSTK,PETRONET,120.0,PE,0.0,0.0,0.0,0.05,0.0,0,0.0,0
2014-11-10,2015-01-29,OPTSTK,PETRONET,130.0,PE,0.0,0.0,0.0,0.2,0.05,0,0.0,0
2014-11-10,2015-01-29,OPTSTK,PETRONET,140.0,PE,0.0,0.0,0.0,0.45,0.1,0,0.0,0
2014-11-10,2015-01-29,OPTSTK,PETRONET,150.0,PE,0.0,0.0,0.0,1.1,0.35,0,0.0,0
2014-11-10,2015-01-29,OPTSTK,PETRONET,160.0,PE,0.0,0.0,0.0,2.2,0.9,0,0.0,0
2014-11-10,2015-01-29,OPTSTK,PETRONET,170.0,PE,0.0,0.0,0.0,3.95,2.0,0,0.0,0
2014-11-10,2015-01-29,OPTSTK,PETRONET,180.0,PE,0.0,0.0,0.0,6.6,3.9,0,0.0,0
2014-11-10,2015-01-29,OPTSTK,PETRONET,190.0,PE,0.0,0.0,0.0,10.2,6.85,0,0.0,0
2014-11-10,2015-01-29,OPTSTK,PETRONET,200.0,PE,0.0,0.0,0.0,14.8,11.0,0,0.0,0
2014-11-10,2015-01-29,OPTSTK,PETRONET,210.0,PE,0.0,0.0,0.0,20.3,16.3,0,0.0,0
2014-11-10,2015-01-29,OPTSTK,PETRONET,220.0,PE,0.0,0.0,0.0,26.75,22.7,0,0.0,0
2014-11-10,2015-01-29,OPTSTK,PETRONET,230.0,PE,0.0,0.0,0.0,33.95,30.05,0,0.0,0
2014-11-10,2015-01-29,OPTSTK,PETRONET,240.0,PE,0.0,0.0,0.0,41.8,38.15,0,0.0,0
2014-11-10,2015-01-29,OPTSTK,PETRONET,250.0,PE,0.0,0.0,0.0,50.15,46.8,0,0.0,0
2014-11-10,2014-11-27,OPTSTK,PFC,140.0,CE,0.0,0.0,0.0,113.25,135.55,0,0.0,0
2014-11-10,2014-11-27,OPTSTK,PFC,150.0,CE,0.0,0.0,0.0,86.25,125.6,0,0.0,0
2014-11-10,2014-11-27,OPTSTK,PFC,160.0,CE,0.0,0.0,0.0,94.2,115.65,0,0.0,0
2014-11-10,2014-11-27,OPTSTK,PFC,170.0,CE,0.0,0.0,0.0,67.2,105.7,0,0.0,0
2014-11-10,2014-11-27,OPTSTK,PFC,180.0,CE,0.0,0.0,0.0,76.1,95.75,0,0.0,0
2014-11-10,2014-11-27,OPTSTK,PFC,190.0,CE,0.0,0.0,0.0,49.45,85.75,0,0.0,0
2014-11-10,2014-11-27,OPTSTK,PFC,200.0,CE,0.0,0.0,0.0,59.6,75.8,0,0.0,0
2014-11-10,2014-11-27,OPTSTK,PFC,210.0,CE,0.0,0.0,0.0,34.2,65.9,0,0.0,0
2014-11-10,2014-11-27,OPTSTK,PFC,220.0,CE,0.0,0.0,0.0,45.2,56.0,0,0.0,0
2014-11-10,2014-11-27,OPTSTK,PFC,230.0,CE,0.0,0.0,0.0,22.15,46.3,0,0.0,0
2014-11-10,2014-11-27,OPTSTK,PFC,240.0,CE,0.0,0.0,0.0,20.4,37.0,0,0.0,2000
2014-11-10,2014-11-27,OPTSTK,PFC,250.0,CE,29.0,30.6,29.0,30.6,30.6,2,5.59,7000
2014-11-10,2014-11-27,OPTSTK,PFC,260.0,CE,18.5,18.5,14.6,18.0,18.0,8,22.09,23000
2014-11-10,2014-11-27,OPTSTK,PFC,270.0,CE,19.1,19.1,9.0,12.75,12.75,157,442.08,75000
2014-11-10,2014-11-27,OPTSTK,PFC,280.0,CE,15.0,15.1,5.35,8.05,8.05,594,1711.5,215000
2014-11-10,2014-11-27,OPTSTK,PFC,290.0,CE,9.2,10.0,3.1,4.75,4.75,667,1970.05,270000
2014-11-10,2014-11-27,OPTSTK,PFC,300.0,CE,5.75,6.2,1.8,2.6,2.6,469,1421.67,395000
2014-11-10,2014-11-27,OPTSTK,PFC,310.0,CE,3.3,3.5,1.0,1.45,1.45,157,489.61,66000
2014-11-10,2014-11-27,OPTSTK,PFC,320.0,CE,2.1,2.1,0.6,0.95,0.95,127,407.73,147000
2014-11-10,2014-11-27,OPTSTK,PFC,330.0,CE,0.6,0.6,0.4,0.6,0.6,10,33.05,27000
2014-11-10,2014-11-27,OPTSTK,PFC,340.0,CE,0.35,0.35,0.3,0.3,0.3,2,6.8,1000
2014-11-10,2014-11-27,OPTSTK,PFC,350.0,CE,0.0,0.0,0.0,0.55,0.15,0,0.0,0
2014-11-10,2014-11-27,OPTSTK,PFC,360.0,CE,0.0,0.0,0.0,3.3,0.05,0,0.0,0
2014-11-10,2014-11-27,OPTSTK,PFC,380.0,CE,0.0,0.0,0.0,2.15,0.05,0,0.0,0
2014-11-10,2014-11-27,OPTSTK,PFC,400.0,CE,0.0,0.0,0.0,1.35,0.0,0,0.0,0
2014-11-10,2014-11-27,OPTSTK,PFC,420.0,CE,0.0,0.0,0.0,0.9,0.0,0,0.0,0
2014-11-10,2014-11-27,OPTSTK,PFC,140.0,PE,0.0,0.0,0.0,0.2,0.0,0,0.0,0
2014-11-10,2014-11-27,OPTSTK,PFC,150.0,PE,0.0,0.0,0.0,0.15,0.0,0,0.0,0
2014-11-10,2014-11-27,OPTSTK,PFC,160.0,PE,0.0,0.0,0.0,0.7,0.0,0,0.0,0
2014-11-10,2014-11-27,OPTSTK,PFC,170.0,PE,0.0,0.0,0.0,0.75,0.0,0,0.0,0
2014-11-10,2014-11-27,OPTSTK,PFC,180.0,PE,0.0,0.0,0.0,2.2,0.0,0,0.0,0
2014-11-10,2014-11-27,OPTSTK,PFC,190.0,PE,0.0,0.0,0.0,2.75,0.0,0,0.0,0
2014-11-10,2014-11-27,OPTSTK,PFC,200.0,PE,0.0,0.0,0.0,5.25,0.0,0,0.0,0
2014-11-10,2014-11-27,OPTSTK,PFC,210.0,PE,0.0,0.0,0.0,7.15,0.05,0,0.0,0
2014-11-10,2014-11-27,OPTSTK,PFC,220.0,PE,0.3,0.35,0.3,0.3,0.3,24,52.87,8000
2014-11-10,2014-11-27,OPTSTK,PFC,230.0,PE,0.5,0.6,0.5,0.5,0.5,106,244.37,3000
2014-11-10,2014-11-27,OPTSTK,PFC,240.0,PE,1.2,1.4,1.2,1.4,1.4,18,43.42,41000
2014-11-10,2014-11-27,OPTSTK,PFC,250.0,PE,1.4,2.9,1.35,1.65,1.65,111,280.19,80000
2014-11-10,2014-11-27,OPTSTK,PFC,260.0,PE,2.4,5.95,2.4,3.5,3.5,199,525.37,120000
2014-11-10,2014-11-27,OPTSTK,PFC,270.0,PE,4.45,10.9,4.45,6.65,6.65,328,909.87,120000
2014-11-10,2014-11-27,OPTSTK,PFC,280.0,PE,7.6,16.75,7.35,11.25,11.25,203,592.06,69000
2014-11-10,2014-11-27,OPTSTK,PFC,290.0,PE,12.1,21.35,12.1,16.6,16.6,28,86.02,9000
2014-11-10,2014-11-27,OPTSTK,PFC,300.0,PE,25.7,28.0,25.7,26.3,26.3,4,13.06,55000
2014-11-10,2014-11-27,OPTSTK,PFC,310.0,PE,34.1,35.75,34.1,35.55,35.55,16,55.09,16000
2014-11-10,2014-11-27,OPTSTK,PFC,320.0,PE,43.25,43.35,43.25,43.35,43.35,14,50.86,14000
2014-11-10,2014-11-27,OPTSTK,PFC,330.0,PE,0.0,0.0,0.0,92.3,54.2,0,0.0,0
2014-11-10,2014-11-27,OPTSTK,PFC,340.0,PE,0.0,0.0,0.0,87.75,63.9,0,0.0,0
2014-11-10,2014-11-27,OPTSTK,PFC,350.0,PE,0.0,0.0,0.0,111.4,73.75,0,0.0,0
2014-11-10,2014-11-27,OPTSTK,PFC,360.0,PE,0.0,0.0,0.0,105.55,83.65,0,0.0,0
2014-11-10,2014-11-27,OPTSTK,PFC,380.0,PE,0.0,0.0,0.0,123.95,103.55,0,0.0,0
2014-11-10,2014-11-27,OPTSTK,PFC,400.0,PE,0.0,0.0,0.0,142.75,123.45,0,0.0,0
2014-11-10,2014-11-27,OPTSTK,PFC,420.0,PE,0.0,0.0,0.0,161.85,143.35,0,0.0,0
2014-11-10,2014-12-24,OPTSTK,PFC,140.0,CE,0.0,0.0,0.0,97.05,136.5,0,0.0,0
2014-11-10,2014-12-24,OPTSTK,PFC,150.0,CE,0.0,0.0,0.0,87.5,126.6,0,0.0,0
2014-11-10,2014-12-24,OPTSTK,PFC,160.0,CE,0.0,0.0,0.0,78.15,116.7,0,0.0,0
2014-11-10,2014-12-24,OPTSTK,PFC,170.0,CE,0.0,0.0,0.0,69.1,106.8,0,0.0,0
2014-11-10,2014-12-24,OPTSTK,PFC,180.0,CE,0.0,0.0,0.0,60.5,96.95,0,0.0,0
2014-11-10,2014-12-24,OPTSTK,PFC,190.0,CE,0.0,0.0,0.0,52.35,87.15,0,0.0,0
2014-11-10,2014-12-24,OPTSTK,PFC,200.0,CE,0.0,0.0,0.0,44.85,77.45,0,0.0,0
2014-11-10,2014-12-24,OPTSTK,PFC,210.0,CE,0.0,0.0,0.0,37.95,67.9,0,0.0,0
2014-11-10,2014-12-24,OPTSTK,PFC,220.0,CE,0.0,0.0,0.0,31.8,58.7,0,0.0,0
2014-11-10,2014-12-24,OPTSTK,PFC,230.0,CE,0.0,0.0,0.0,26.4,49.95,0,0.0,0
2014-11-10,2014-12-24,OPTSTK,PFC,240.0,CE,0.0,0.0,0.0,21.7,41.75,0,0.0,0
2014-11-10,2014-12-24,OPTSTK,PFC,250.0,CE,0.0,0.0,0.0,17.65,34.3,0,0.0,0
2014-11-10,2014-12-24,OPTSTK,PFC,260.0,CE,0.0,0.0,0.0,14.25,27.65,0,0.0,0
2014-11-10,2014-12-24,OPTSTK,PFC,270.0,CE,0.0,0.0,0.0,11.4,21.9,0,0.0,0
2014-11-10,2014-12-24,OPTSTK,PFC,280.0,CE,0.0,0.0,0.0,9.1,17.0,0,0.0,0
2014-11-10,2014-12-24,OPTSTK,PFC,290.0,CE,0.0,0.0,0.0,7.15,13.0,0,0.0,0
2014-11-10,2014-12-24,OPTSTK,PFC,300.0,CE,0.0,0.0,0.0,5.65,9.75,0,0.0,0
2014-11-10,2014-12-24,OPTSTK,PFC,310.0,CE,0.0,0.0,0.0,4.4,7.2,0,0.0,0
2014-11-10,2014-12-24,OPTSTK,PFC,320.0,CE,0.0,0.0,0.0,3.4,5.25,0,0.0,0
2014-11-10,2014-12-24,OPTSTK,PFC,330.0,CE,0.0,0.0,0.0,2.65,3.75,0,0.0,0
2014-11-10,2014-12-24,OPTSTK,PFC,340.0,CE,0.0,0.0,0.0,2.05,2.65,0,0.0,0
2014-11-10,2014-12-24,OPTSTK,PFC,350.0,CE,0.0,0.0,0.0,1.55,1.85,0,0.0,0
2014-11-10,2014-12-24,OPTSTK,PFC,140.0,PE,0.0,0.0,0.0,0.2,0.0,0,0.0,0
2014-11-10,2014-12-24,OPTSTK,PFC,150.0,PE,0.0,0.0,0.0,0.45,0.0,0,0.0,0
2014-11-10,2014-12-24,OPTSTK,PFC,160.0,PE,0.0,0.0,0.0,0.85,0.0,0,0.0,0
2014-11-10,2014-12-24,OPTSTK,PFC,170.0,PE,0.0,0.0,0.0,1.6,0.05,0,0.0,0
2014-11-10,2014-12-24,OPTSTK,PFC,180.0,PE,0.0,0.0,0.0,2.75,0.05,0,0.0,0
2014-11-10,2014-12-24,OPTSTK,PFC,190.0,PE,0.0,0.0,0.0,4.4,0.15,0,0.0,0
2014-11-10,2014-12-24,OPTSTK,PFC,200.0,PE,0.0,0.0,0.0,6.65,0.35,0,0.0,0
2014-11-10,2014-12-24,OPTSTK,PFC,210.0,PE,0.0,0.0,0.0,9.6,0.7,0,0.0,0
2014-11-10,2014-12-24,OPTSTK,PFC,220.0,PE,0.0,0.0,0.0,13.2,1.4,0,0.0,0
2014-11-10,2014-12-24,OPTSTK,PFC,230.0,PE,0.0,0.0,0.0,17.6,2.55,0,0.0,0
2014-11-10,2014-12-24,OPTSTK,PFC,240.0,PE,0.0,0.0,0.0,22.65,4.25,0,0.0,0
2014-11-10,2014-12-24,OPTSTK,PFC,250.0,PE,0.0,0.0,0.0,28.4,6.7,0,0.0,0
2014-11-10,2014-12-24,OPTSTK,PFC,260.0,PE,0.0,0.0,0.0,34.8,9.95,0,0.0,0
2014-11-10,2014-12-24,OPTSTK,PFC,270.0,PE,0.0,0.0,0.0,41.7,14.05,0,0.0,0
2014-11-10,2014-12-24,OPTSTK,PFC,280.0,PE,0.0,0.0,0.0,49.2,19.1,0,0.0,0
2014-11-10,2014-12-24,OPTSTK,PFC,290.0,PE,0.0,0.0,0.0,57.05,24.95,0,0.0,0
2014-11-10,2014-12-24,OPTSTK,PFC,300.0,PE,0.0,0.0,0.0,65.3,31.6,0,0.0,0
2014-11-10,2014-12-24,OPTSTK,PFC,310.0,PE,0.0,0.0,0.0,73.85,38.95,0,0.0,0
2014-11-10,2014-12-24,OPTSTK,PFC,320.0,PE,0.0,0.0,0.0,82.65,46.9,0,0.0,0
2014-11-10,2014-12-24,OPTSTK,PFC,330.0,PE,0.0,0.0,0.0,91.65,55.3,0,0.0,0
2014-11-10,2014-12-24,OPTSTK,PFC,340.0,PE,0.0,0.0,0.0,100.8,64.1,0,0.0,0
2014-11-10,2014-12-24,OPTSTK,PFC,350.0,PE,0.0,0.0,0.0,110.15,73.2,0,0.0,0
2014-11-10,2015-01-29,OPTSTK,PFC,160.0,CE,0.0,0.0,0.0,120.9,118.15,0,0.0,0
2014-11-10,2015-01-29,OPTSTK,PFC,170.0,CE,0.0,0.0,0.0,111.35,108.45,0,0.0,0
2014-11-10,2015-01-29,OPTSTK,PFC,180.0,CE,0.0,0.0,0.0,101.95,98.85,0,0.0,0
2014-11-10,2015-01-29,OPTSTK,PFC,190.0,CE,0.0,0.0,0.0,92.8,89.4,0,0.0,0
2014-11-10,2015-01-29,OPTSTK,PFC,200.0,CE,0.0,0.0,0.0,83.95,80.2,0,0.0,0
2014-11-10,2015-01-29,OPTSTK,PFC,210.0,CE,0.0,0.0,0.0,75.45,71.35,0,0.0,0
2014-11-10,2015-01-29,OPTSTK,PFC,220.0,CE,0.0,0.0,0.0,67.35,62.9,0,0.0,0
2014-11-10,2015-01-29,OPTSTK,PFC,230.0,CE,0.0,0.0,0.0,59.75,54.95,0,0.0,0
2014-11-10,2015-01-29,OPTSTK,PFC,240.0,CE,0.0,0.0,0.0,52.7,47.55,0,0.0,0
2014-11-10,2015-01-29,OPTSTK,PFC,250.0,CE,0.0,0.0,0.0,46.15,40.75,0,0.0,0
2014-11-10,2015-01-29,OPTSTK,PFC,260.0,CE,0.0,0.0,0.0,40.2,34.6,0,0.0,0
2014-11-10,2015-01-29,OPTSTK,PFC,270.0,CE,0.0,0.0,0.0,34.8,29.15,0,0.0,0
2014-11-10,2015-01-29,OPTSTK,PFC,280.0,CE,0.0,0.0,0.0,29.95,24.35,0,0.0,0
2014-11-10,2015-01-29,OPTSTK,PFC,290.0,CE,0.0,0.0,0.0,25.65,20.15,0,0.0,0
2014-11-10,2015-01-29,OPTSTK,PFC,300.0,CE,0.0,0.0,0.0,21.85,16.55,0,0.0,0
2014-11-10,2015-01-29,OPTSTK,PFC,310.0,CE,0.0,0.0,0.0,18.55,13.5,0,0.0,0
2014-11-10,2015-01-29,OPTSTK,PFC,320.0,CE,0.0,0.0,0.0,15.65,10.95,0,0.0,0
2014-11-10,2015-01-29,OPTSTK,PFC,330.0,CE,0.0,0.0,0.0,13.2,8.8,0,0.0,0
2014-11-10,2015-01-29,OPTSTK,PFC,340.0,CE,0.0,0.0,0.0,11.05,7.05,0,0.0,0
2014-11-10,2015-01-29,OPTSTK,PFC,350.0,CE,0.0,0.0,0.0,9.25,5.6,0,0.0,0
2014-11-10,2015-01-29,OPTSTK,PFC,160.0,PE,0.0,0.0,0.0,0.25,0.1,0,0.0,0
2014-11-10,2015-01-29,OPTSTK,PFC,170.0,PE,0.0,0.0,0.0,0.5,0.2,0,0.0,0
2014-11-10,2015-01-29,OPTSTK,PFC,180.0,PE,0.0,0.0,0.0,0.95,0.45,0,0.0,0
2014-11-10,2015-01-29,OPTSTK,PFC,190.0,PE,0.0,0.0,0.0,1.55,0.8,0,0.0,0
2014-11-10,2015-01-29,OPTSTK,PFC,200.0,PE,0.0,0.0,0.0,2.5,1.45,0,0.0,0
2014-11-10,2015-01-29,OPTSTK,PFC,210.0,PE,0.0,0.0,0.0,3.75,2.35,0,0.0,0
2014-11-10,2015-01-29,OPTSTK,PFC,220.0,PE,0.0,0.0,0.0,5.5,3.75,0,0.0,0
2014-11-10,2015-01-29,OPTSTK,PFC,230.0,PE,0.0,0.0,0.0,7.65,5.6,0,0.0,0
2014-11-10,2015-01-29,OPTSTK,PFC,240.0,PE,0.0,0.0,0.0,10.35,8.0,0,0.0,0
2014-11-10,2015-01-29,OPTSTK,PFC,250.0,PE,0.0,0.0,0.0,13.6,11.0,0,0.0,0
2014-11-10,2015-01-29,OPTSTK,PFC,260.0,PE,0.0,0.0,0.0,17.45,14.7,0,0.0,0
2014-11-10,2015-01-29,OPTSTK,PFC,270.0,PE,0.0,0.0,0.0,21.8,19.05,0,0.0,0
2014-11-10,2015-01-29,OPTSTK,PFC,280.0,PE,0.0,0.0,0.0,26.75,24.05,0,0.0,0
2014-11-10,2015-01-29,OPTSTK,PFC,290.0,PE,0.0,0.0,0.0,32.25,29.65,0,0.0,0
2014-11-10,2015-01-29,OPTSTK,PFC,300.0,PE,0.0,0.0,0.0,38.25,35.85,0,0.0,0
2014-11-10,2015-01-29,OPTSTK,PFC,310.0,PE,0.0,0.0,0.0,44.7,42.6,0,0.0,0
2014-11-10,2015-01-29,OPTSTK,PFC,320.0,PE,0.0,0.0,0.0,51.6,49.9,0,0.0,0
2014-11-10,2015-01-29,OPTSTK,PFC,330.0,PE,0.0,0.0,0.0,58.9,57.55,0,0.0,0
2014-11-10,2015-01-29,OPTSTK,PFC,340.0,PE,0.0,0.0,0.0,66.6,65.6,0,0.0,0
2014-11-10,2015-01-29,OPTSTK,PFC,350.0,PE,0.0,0.0,0.0,74.55,73.95,0,0.0,0
2014-11-10,2014-11-27,OPTSTK,PNB,680.0,CE,0.0,0.0,0.0,283.75,245.25,0,0.0,0
2014-11-10,2014-11-27,OPTSTK,PNB,700.0,CE,0.0,0.0,0.0,264.8,225.35,0,0.0,0
2014-11-10,2014-11-27,OPTSTK,PNB,720.0,CE,0.0,0.0,0.0,246.1,205.4,0,0.0,0
2014-11-10,2014-11-27,OPTSTK,PNB,740.0,CE,0.0,0.0,0.0,227.8,185.5,0,0.0,0
2014-11-10,2014-11-27,OPTSTK,PNB,760.0,CE,0.0,0.0,0.0,209.85,165.65,0,0.0,0
2014-11-10,2014-11-27,OPTSTK,PNB,780.0,CE,0.0,0.0,0.0,192.45,145.85,0,0.0,0
2014-11-10,2014-11-27,OPTSTK,PNB,800.0,CE,0.0,0.0,0.0,131.0,126.3,0,0.0,500
2014-11-10,2014-11-27,OPTSTK,PNB,820.0,CE,0.0,0.0,0.0,96.0,107.2,0,0.0,1000
2014-11-10,2014-11-27,OPTSTK,PNB,840.0,CE,0.0,0.0,0.0,144.1,88.8,0,0.0,0
2014-11-10,2014-11-27,OPTSTK,PNB,860.0,CE,0.0,0.0,0.0,129.55,71.5,0,0.0,0
2014-11-10,2014-11-27,OPTSTK,PNB,880.0,CE,0.0,0.0,0.0,58.1,55.85,0,0.0,500
2014-11-10,2014-11-27,OPTSTK,PNB,900.0,CE,59.0,59.0,40.0,40.0,40.0,8,19.01,35250
2014-11-10,2014-11-27,OPTSTK,PNB,920.0,CE,45.15,45.15,28.5,29.2,29.2,29,69.01,33750
2014-11-10,2014-11-27,OPTSTK,PNB,940.0,CE,30.3,34.7,18.05,19.6,19.6,371,895.01,52750
2014-11-10,2014-11-27,OPTSTK,PNB,960.0,CE,21.0,24.8,12.15,13.0,13.0,290,708.88,74250
2014-11-10,2014-11-27,OPTSTK,PNB,980.0,CE,15.95,16.65,7.95,8.45,8.45,204,505.81,44750
2014-11-10,2014-11-27,OPTSTK,PNB,1000.0,CE,10.75,10.75,5.0,5.35,5.35,164,412.87,46000
2014-11-10,2014-11-27,OPTSTK,PNB,1020.0,CE,6.15,6.15,3.25,3.45,3.45,62,158.83,21750
2014-11-10,2014-11-27,OPTSTK,PNB,1040.0,CE,4.25,4.3,2.25,2.25,2.25,57,148.7,21250
2014-11-10,2014-11-27,OPTSTK,PNB,1060.0,CE,2.3,2.3,1.55,1.6,1.6,8,21.23,14500
2014-11-10,2014-11-27,OPTSTK,PNB,1080.0,CE,0.0,0.0,0.0,3.3,0.55,0,0.0,2500
2014-11-10,2014-11-27,OPTSTK,PNB,1100.0,CE,0.0,0.0,0.0,1.15,0.3,0,0.0,4500
2014-11-10,2014-11-27,OPTSTK,PNB,1120.0,CE,0.0,0.0,0.0,20.35,0.15,0,0.0,0
2014-11-10,2014-11-27,OPTSTK,PNB,1140.0,CE,0.0,0.0,0.0,17.1,0.1,0,0.0,0
2014-11-10,2014-11-27,OPTSTK,PNB,1160.0,CE,0.0,0.0,0.0,14.3,0.05,0,0.0,0
2014-11-10,2014-11-27,OPTSTK,PNB,1180.0,CE,0.0,0.0,0.0,11.9,0.05,0,0.0,0
2014-11-10,2014-11-27,OPTSTK,PNB,1200.0,CE,0.0,0.0,0.0,9.9,0.0,0,0.0,0
2014-11-10,2014-11-27,OPTSTK,PNB,680.0,PE,0.0,0.0,0.0,1.15,0.0,0,0.0,0
2014-11-10,2014-11-27,OPTSTK,PNB,700.0,PE,0.0,0.0,0.0,0.5,0.0,0,0.0,2000
2014-11-10,2014-11-27,OPTSTK,PNB,720.0,PE,0.0,0.0,0.0,2.65,0.05,0,0.0,0
2014-11-10,2014-11-27,OPTSTK,PNB,740.0,PE,0.0,0.0,0.0,3.9,0.05,0,0.0,0
2014-11-10,2014-11-27,OPTSTK,PNB,760.0,PE,0.0,0.0,0.0,5.55,0.1,0,0.0,0
2014-11-10,2014-11-27,OPTSTK,PNB,780.0,PE,0.0,0.0,0.0,7.75,0.25,0,0.0,0
2014-11-10,2014-11-27,OPTSTK,PNB,800.0,PE,0.0,0.0,0.0,1.5,0.6,0,0.0,21750
2014-11-10,2014-11-27,OPTSTK,PNB,820.0,PE,0.0,0.0,0.0,2.0,1.4,0,0.0,2500
2014-11-10,2014-11-27,OPTSTK,PNB,840.0,PE,3.15,3.15,2.75,3.0,3.0,4,8.42,18500
2014-11-10,2014-11-27,OPTSTK,PNB,860.0,PE,4.0,5.1,2.8,4.95,4.95,14,30.25,26500
2014-11-10,2014-11-27,OPTSTK,PNB,880.0,PE,5.0,10.0,5.0,9.55,9.55,89,197.57,27500
2014-11-10,2014-11-27,OPTSTK,PNB,900.0,PE,8.25,15.9,7.7,15.1,15.1,197,449.33,57750
2014-11-10,2014-11-27,OPTSTK,PNB,920.0,PE,12.3,24.6,12.15,23.0,23.0,200,469.48,55500
2014-11-10,2014-11-27,OPTSTK,PNB,940.0,PE,20.1,35.8,19.15,33.55,33.55,209,505.49,29500
2014-11-10,2014-11-27,OPTSTK,PNB,960.0,PE,28.0,47.9,28.0,47.9,47.9,48,119.73,12250
2014-11-10,2014-11-27,OPTSTK,PNB,980.0,PE,0.0,0.0,0.0,49.55,62.75,0,0.0,4000
2014-11-10,2014-11-27,OPTSTK,PNB,1000.0,PE,0.0,0.0,0.0,92.8,79.15,0,0.0,500
2014-11-10,2014-11-27,OPTSTK,PNB,1020.0,PE,0.0,0.0,0.0,69.25,96.75,0,0.0,500
2014-11-10,2014-11-27,OPTSTK,PNB,1040.0,PE,0.0,0.0,0.0,108.95,115.25,0,0.0,0
2014-11-10,2014-11-27,OPTSTK,PNB,1060.0,PE,0.0,0.0,0.0,122.8,134.3,0,0.0,0
2014-11-10,2014-11-27,OPTSTK,PNB,1080.0,PE,0.0,0.0,0.0,137.45,153.75,0,0.0,0
2014-11-10,2014-11-27,OPTSTK,PNB,1100.0,PE,0.0,0.0,0.0,185.5,173.4,0,0.0,6000
2014-11-10,2014-11-27,OPTSTK,PNB,1120.0,PE,0.0,0.0,0.0,168.4,193.2,0,0.0,0
2014-11-10,2014-11-27,OPTSTK,PNB,1140.0,PE,0.0,0.0,0.0,184.7,213.05,0,0.0,0
2014-11-10,2014-11-27,OPTSTK,PNB,1160.0,PE,0.0,0.0,0.0,201.5,232.9,0,0.0,0
2014-11-10,2014-11-27,OPTSTK,PNB,1180.0,PE,0.0,0.0,0.0,218.7,252.8,0,0.0,0
2014-11-10,2014-11-27,OPTSTK,PNB,1200.0,PE,0.0,0.0,0.0,236.25,272.75,0,0.0,0
2014-11-10,2014-12-24,OPTSTK,PNB,680.0,CE,0.0,0.0,0.0,216.6,249.8,0,0.0,0
2014-11-10,2014-12-24,OPTSTK,PNB,700.0,CE,0.0,0.0,0.0,200.4,230.15,0,0.0,0
2014-11-10,2014-12-24,OPTSTK,PNB,720.0,CE,0.0,0.0,0.0,184.8,210.65,0,0.0,0
2014-11-10,2014-12-24,OPTSTK,PNB,740.0,CE,0.0,0.0,0.0,169.95,191.35,0,0.0,0
2014-11-10,2014-12-24,OPTSTK,PNB,760.0,CE,0.0,0.0,0.0,155.75,172.35,0,0.0,0
2014-11-10,2014-12-24,OPTSTK,PNB,780.0,CE,0.0,0.0,0.0,142.3,153.75,0,0.0,0
2014-11-10,2014-12-24,OPTSTK,PNB,800.0,CE,0.0,0.0,0.0,129.55,135.85,0,0.0,0
2014-11-10,2014-12-24,OPTSTK,PNB,820.0,CE,0.0,0.0,0.0,117.65,118.65,0,0.0,0
2014-11-10,2014-12-24,OPTSTK,PNB,840.0,CE,0.0,0.0,0.0,106.55,102.5,0,0.0,0
2014-11-10,2014-12-24,OPTSTK,PNB,860.0,CE,0.0,0.0,0.0,96.2,87.45,0,0.0,0
2014-11-10,2014-12-24,OPTSTK,PNB,880.0,CE,0.0,0.0,0.0,86.6,73.6,0,0.0,0
2014-11-10,2014-12-24,OPTSTK,PNB,900.0,CE,0.0,0.0,0.0,77.75,61.15,0,0.0,0
2014-11-10,2014-12-24,OPTSTK,PNB,920.0,CE,0.0,0.0,0.0,69.65,50.1,0,0.0,0
2014-11-10,2014-12-24,OPTSTK,PNB,940.0,CE,0.0,0.0,0.0,62.2,40.55,0,0.0,0
2014-11-10,2014-12-24,OPTSTK,PNB,960.0,CE,0.0,0.0,0.0,55.45,32.35,0,0.0,0
2014-11-10,2014-12-24,OPTSTK,PNB,980.0,CE,0.0,0.0,0.0,49.3,25.45,0,0.0,0
2014-11-10,2014-12-24,OPTSTK,PNB,1000.0,CE,0.0,0.0,0.0,43.7,19.75,0,0.0,0
2014-11-10,2014-12-24,OPTSTK,PNB,1020.0,CE,0.0,0.0,0.0,38.75,15.15,0,0.0,0
2014-11-10,2014-12-24,OPTSTK,PNB,1040.0,CE,0.0,0.0,0.0,34.25,11.45,0,0.0,0
2014-11-10,2014-12-24,OPTSTK,PNB,1060.0,CE,0.0,0.0,0.0,30.2,8.55,0,0.0,0
2014-11-10,2014-12-24,OPTSTK,PNB,1080.0,CE,0.0,0.0,0.0,26.55,6.3,0,0.0,0
2014-11-10,2014-12-24,OPTSTK,PNB,1100.0,CE,0.0,0.0,0.0,23.35,4.6,0,0.0,0
2014-11-10,2014-12-24,OPTSTK,PNB,1120.0,CE,0.0,0.0,0.0,20.45,3.35,0,0.0,0
2014-11-10,2014-12-24,OPTSTK,PNB,1140.0,CE,0.0,0.0,0.0,17.9,2.35,0,0.0,0
2014-11-10,2014-12-24,OPTSTK,PNB,1160.0,CE,0.0,0.0,0.0,15.65,1.7,0,0.0,0
2014-11-10,2014-12-24,OPTSTK,PNB,1180.0,CE,0.0,0.0,0.0,13.65,1.15,0,0.0,0
2014-11-10,2014-12-24,OPTSTK,PNB,1200.0,CE,0.0,0.0,0.0,11.9,0.8,0,0.0,0
2014-11-10,2014-12-24,OPTSTK,PNB,680.0,PE,0.0,0.0,0.0,11.7,0.15,0,0.0,0
2014-11-10,2014-12-24,OPTSTK,PNB,700.0,PE,0.0,0.0,0.0,15.05,0.3,0,0.0,0
2014-11-10,2014-12-24,OPTSTK,PNB,720.0,PE,0.0,0.0,0.0,19.0,0.55,0,0.0,0
2014-11-10,2014-12-24,OPTSTK,PNB,740.0,PE,0.0,0.0,0.0,23.7,1.05,0,0.0,0
2014-11-10,2014-12-24,OPTSTK,PNB,760.0,PE,0.0,0.0,0.0,29.05,1.8,0,0.0,0
2014-11-10,2014-12-24,OPTSTK,PNB,780.0,PE,0.0,0.0,0.0,35.15,3.05,0,0.0,0
2014-11-10,2014-12-24,OPTSTK,PNB,800.0,PE,0.0,0.0,0.0,42.0,4.9,0,0.0,0
2014-11-10,2014-12-24,OPTSTK,PNB,820.0,PE,0.0,0.0,0.0,49.7,7.55,0,0.0,0
2014-11-10,2014-12-24,OPTSTK,PNB,840.0,PE,0.0,0.0,0.0,58.1,11.15,0,0.0,0
2014-11-10,2014-12-24,OPTSTK,PNB,860.0,PE,0.0,0.0,0.0,67.35,15.9,0,0.0,0
2014-11-10,2014-12-24,OPTSTK,PNB,880.0,PE,0.0,0.0,0.0,77.3,21.8,0,0.0,0
2014-11-10,2014-12-24,OPTSTK,PNB,900.0,PE,25.0,28.0,25.0,27.0,27.0,3,6.95,500
2014-11-10,2014-12-24,OPTSTK,PNB,920.0,PE,0.0,0.0,0.0,99.5,37.95,0,0.0,0
2014-11-10,2014-12-24,OPTSTK,PNB,940.0,PE,0.0,0.0,0.0,111.6,48.15,0,0.0,0
2014-11-10,2014-12-24,OPTSTK,PNB,960.0,PE,0.0,0.0,0.0,124.4,59.75,0,0.0,0
2014-11-10,2014-12-24,OPTSTK,PNB,980.0,PE,0.0,0.0,0.0,137.8,72.65,0,0.0,0
2014-11-10,2014-12-24,OPTSTK,PNB,1000.0,PE,0.0,0.0,0.0,151.8,86.75,0,0.0,0
2014-11-10,2014-12-24,OPTSTK,PNB,1020.0,PE,0.0,0.0,0.0,166.4,101.95,0,0.0,0
2014-11-10,2014-12-24,OPTSTK,PNB,1040.0,PE,0.0,0.0,0.0,181.45,118.05,0,0.0,0
2014-11-10,2014-12-24,OPTSTK,PNB,1060.0,PE,0.0,0.0,0.0,197.0,134.9,0,0.0,0
2014-11-10,2014-12-24,OPTSTK,PNB,1080.0,PE,0.0,0.0,0.0,212.9,152.45,0,0.0,0
2014-11-10,2014-12-24,OPTSTK,PNB,1100.0,PE,0.0,0.0,0.0,229.25,170.55,0,0.0,0
2014-11-10,2014-12-24,OPTSTK,PNB,1120.0,PE,0.0,0.0,0.0,245.95,189.05,0,0.0,0
2014-11-10,2014-12-24,OPTSTK,PNB,1140.0,PE,0.0,0.0,0.0,262.95,207.9,0,0.0,0
2014-11-10,2014-12-24,OPTSTK,PNB,1160.0,PE,0.0,0.0,0.0,280.25,227.0,0,0.0,0
2014-11-10,2014-12-24,OPTSTK,PNB,1180.0,PE,0.0,0.0,0.0,297.85,246.25,0,0.0,0
2014-11-10,2014-12-24,OPTSTK,PNB,1200.0,PE,0.0,0.0,0.0,315.65,265.7,0,0.0,0
2014-11-10,2015-01-29,OPTSTK,PNB,680.0,CE,0.0,0.0,0.0,252.75,256.5,0,0.0,0
2014-11-10,2015-01-29,OPTSTK,PNB,700.0,CE,0.0,0.0,0.0,234.25,237.55,0,0.0,0
2014-11-10,2015-01-29,OPTSTK,PNB,720.0,CE,0.0,0.0,0.0,216.2,218.9,0,0.0,0
2014-11-10,2015-01-29,OPTSTK,PNB,740.0,CE,0.0,0.0,0.0,198.6,200.6,0,0.0,0
2014-11-10,2015-01-29,OPTSTK,PNB,760.0,CE,0.0,0.0,0.0,181.6,182.85,0,0.0,0
2014-11-10,2015-01-29,OPTSTK,PNB,780.0,CE,0.0,0.0,0.0,165.2,165.65,0,0.0,0
2014-11-10,2015-01-29,OPTSTK,PNB,800.0,CE,0.0,0.0,0.0,149.55,149.15,0,0.0,0
2014-11-10,2015-01-29,OPTSTK,PNB,820.0,CE,0.0,0.0,0.0,134.7,133.45,0,0.0,0
2014-11-10,2015-01-29,OPTSTK,PNB,840.0,CE,0.0,0.0,0.0,120.65,118.65,0,0.0,0
2014-11-10,2015-01-29,OPTSTK,PNB,860.0,CE,0.0,0.0,0.0,107.5,104.7,0,0.0,0
2014-11-10,2015-01-29,OPTSTK,PNB,880.0,CE,0.0,0.0,0.0,95.35,91.85,0,0.0,0
2014-11-10,2015-01-29,OPTSTK,PNB,900.0,CE,0.0,0.0,0.0,84.1,80.05,0,0.0,0
2014-11-10,2015-01-29,OPTSTK,PNB,920.0,CE,0.0,0.0,0.0,73.8,69.25,0,0.0,0
2014-11-10,2015-01-29,OPTSTK,PNB,940.0,CE,0.0,0.0,0.0,64.45,59.55,0,0.0,0
2014-11-10,2015-01-29,OPTSTK,PNB,960.0,CE,0.0,0.0,0.0,56.0,50.85,0,0.0,0
2014-11-10,2015-01-29,OPTSTK,PNB,980.0,CE,0.0,0.0,0.0,48.45,43.15,0,0.0,0
2014-11-10,2015-01-29,OPTSTK,PNB,1000.0,CE,0.0,0.0,0.0,41.7,36.35,0,0.0,0
2014-11-10,2015-01-29,OPTSTK,PNB,1020.0,CE,0.0,0.0,0.0,35.7,30.5,0,0.0,0
2014-11-10,2015-01-29,OPTSTK,PNB,1040.0,CE,0.0,0.0,0.0,30.5,25.45,0,0.0,0
2014-11-10,2015-01-29,OPTSTK,PNB,1060.0,CE,0.0,0.0,0.0,25.95,21.1,0,0.0,0
2014-11-10,2015-01-29,OPTSTK,PNB,1080.0,CE,0.0,0.0,0.0,21.9,17.35,0,0.0,0
2014-11-10,2015-01-29,OPTSTK,PNB,1100.0,CE,0.0,0.0,0.0,18.45,14.2,0,0.0,0
2014-11-10,2015-01-29,OPTSTK,PNB,1120.0,CE,0.0,0.0,0.0,15.5,11.55,0,0.0,0
2014-11-10,2015-01-29,OPTSTK,PNB,1140.0,CE,0.0,0.0,0.0,12.95,9.35,0,0.0,0
2014-11-10,2015-01-29,OPTSTK,PNB,1160.0,CE,0.0,0.0,0.0,10.8,7.55,0,0.0,0
2014-11-10,2015-01-29,OPTSTK,PNB,1180.0,CE,0.0,0.0,0.0,8.95,6.05,0,0.0,0
2014-11-10,2015-01-29,OPTSTK,PNB,1200.0,CE,0.0,0.0,0.0,7.4,4.85,0,0.0,0
2014-11-10,2015-01-29,OPTSTK,PNB,680.0,PE,0.0,0.0,0.0,2.25,1.05,0,0.0,0
2014-11-10,2015-01-29,OPTSTK,PNB,700.0,PE,0.0,0.0,0.0,3.35,1.75,0,0.0,0
2014-11-10,2015-01-29,OPTSTK,PNB,720.0,PE,0.0,0.0,0.0,4.85,2.7,0,0.0,0
2014-11-10,2015-01-29,OPTSTK,PNB,740.0,PE,0.0,0.0,0.0,6.85,4.05,0,0.0,0
2014-11-10,2015-01-29,OPTSTK,PNB,760.0,PE,0.0,0.0,0.0,9.4,5.9,0,0.0,0
2014-11-10,2015-01-29,OPTSTK,PNB,780.0,PE,0.0,0.0,0.0,12.55,8.3,0,0.0,0
2014-11-10,2015-01-29,OPTSTK,PNB,800.0,PE,0.0,0.0,0.0,16.45,11.45,0,0.0,0
2014-11-10,2015-01-29,OPTSTK,PNB,820.0,PE,0.0,0.0,0.0,21.2,15.35,0,0.0,0
2014-11-10,2015-01-29,OPTSTK,PNB,840.0,PE,0.0,0.0,0.0,26.75,20.2,0,0.0,0
2014-11-10,2015-01-29,OPTSTK,PNB,860.0,PE,0.0,0.0,0.0,33.15,25.85,0,0.0,0
2014-11-10,2015-01-29,OPTSTK,PNB,880.0,PE,0.0,0.0,0.0,40.55,32.6,0,0.0,0
2014-11-10,2015-01-29,OPTSTK,PNB,900.0,PE,0.0,0.0,0.0,48.9,40.4,0,0.0,0
2014-11-10,2015-01-29,OPTSTK,PNB,920.0,PE,0.0,0.0,0.0,58.15,49.25,0,0.0,0
2014-11-10,2015-01-29,OPTSTK,PNB,940.0,PE,0.0,0.0,0.0,68.4,59.15,0,0.0,0
2014-11-10,2015-01-29,OPTSTK,PNB,960.0,PE,0.0,0.0,0.0,79.5,70.1,0,0.0,0
2014-11-10,2015-01-29,OPTSTK,PNB,980.0,PE,0.0,0.0,0.0,91.5,82.0,0,0.0,0
2014-11-10,2015-01-29,OPTSTK,PNB,1000.0,PE,0.0,0.0,0.0,104.3,94.85,0,0.0,0
2014-11-10,2015-01-29,OPTSTK,PNB,1020.0,PE,0.0,0.0,0.0,117.9,108.6,0,0.0,0
2014-11-10,2015-01-29,OPTSTK,PNB,1040.0,PE,0.0,0.0,0.0,132.25,123.15,0,0.0,0
2014-11-10,2015-01-29,OPTSTK,PNB,1060.0,PE,0.0,0.0,0.0,147.25,138.45,0,0.0,0
2014-11-10,2015-01-29,OPTSTK,PNB,1080.0,PE,0.0,0.0,0.0,162.8,154.3,0,0.0,0
2014-11-10,2015-01-29,OPTSTK,PNB,1100.0,PE,0.0,0.0,0.0,178.95,170.8,0,0.0,0
2014-11-10,2015-01-29,OPTSTK,PNB,1120.0,PE,0.0,0.0,0.0,195.55,187.8,0,0.0,0
2014-11-10,2015-01-29,OPTSTK,PNB,1140.0,PE,0.0,0.0,0.0,212.55,205.2,0,0.0,0
2014-11-10,2015-01-29,OPTSTK,PNB,1160.0,PE,0.0,0.0,0.0,229.95,223.0,0,0.0,0
2014-11-10,2015-01-29,OPTSTK,PNB,1180.0,PE,0.0,0.0,0.0,247.7,241.15,0,0.0,0
2014-11-10,2015-01-29,OPTSTK,PNB,1200.0,PE,0.0,0.0,0.0,265.75,259.55,0,0.0,0
2014-11-10,2014-11-27,OPTSTK,POWERGRID,85.0,CE,0.0,0.0,0.0,46.05,63.45,0,0.0,0
2014-11-10,2014-11-27,OPTSTK,POWERGRID,87.5,CE,0.0,0.0,0.0,49.85,60.95,0,0.0,0
2014-11-10,2014-11-27,OPTSTK,POWERGRID,90.0,CE,0.0,0.0,0.0,41.15,58.5,0,0.0,0
2014-11-10,2014-11-27,OPTSTK,POWERGRID,92.5,CE,0.0,0.0,0.0,44.95,56.0,0,0.0,0
2014-11-10,2014-11-27,OPTSTK,POWERGRID,95.0,CE,0.0,0.0,0.0,36.25,53.5,0,0.0,0
2014-11-10,2014-11-27,OPTSTK,POWERGRID,97.5,CE,0.0,0.0,0.0,40.0,51.0,0,0.0,0
2014-11-10,2014-11-27,OPTSTK,POWERGRID,100.0,CE,0.0,0.0,0.0,31.4,48.5,0,0.0,0
2014-11-10,2014-11-27,OPTSTK,POWERGRID,102.5,CE,0.0,0.0,0.0,35.1,46.0,0,0.0,0
2014-11-10,2014-11-27,OPTSTK,POWERGRID,105.0,CE,0.0,0.0,0.0,26.65,43.55,0,0.0,0
2014-11-10,2014-11-27,OPTSTK,POWERGRID,107.5,CE,0.0,0.0,0.0,30.15,41.05,0,0.0,0
2014-11-10,2014-11-27,OPTSTK,POWERGRID,110.0,CE,0.0,0.0,0.0,22.05,38.55,0,0.0,0
2014-11-10,2014-11-27,OPTSTK,POWERGRID,112.5,CE,0.0,0.0,0.0,25.25,36.05,0,0.0,0
2014-11-10,2014-11-27,OPTSTK,POWERGRID,115.0,CE,0.0,0.0,0.0,17.7,33.55,0,0.0,0
2014-11-10,2014-11-27,OPTSTK,POWERGRID,117.5,CE,0.0,0.0,0.0,20.45,31.1,0,0.0,0
2014-11-10,2014-11-27,OPTSTK,POWERGRID,120.0,CE,0.0,0.0,0.0,13.75,28.6,0,0.0,0
2014-11-10,2014-11-27,OPTSTK,POWERGRID,122.5,CE,0.0,0.0,0.0,15.8,26.1,0,0.0,0
2014-11-10,2014-11-27,OPTSTK,POWERGRID,125.0,CE,0.0,0.0,0.0,10.3,23.6,0,0.0,0
2014-11-10,2014-11-27,OPTSTK,POWERGRID,127.5,CE,0.0,0.0,0.0,11.5,21.15,0,0.0,0
2014-11-10,2014-11-27,OPTSTK,POWERGRID,130.0,CE,0.0,0.0,0.0,13.0,18.65,0,0.0,2000
2014-11-10,2014-11-27,OPTSTK,POWERGRID,132.5,CE,0.0,0.0,0.0,7.85,16.2,0,0.0,0
2014-11-10,2014-11-27,OPTSTK,POWERGRID,135.0,CE,0.0,0.0,0.0,11.55,13.8,0,0.0,22000
2014-11-10,2014-11-27,OPTSTK,POWERGRID,137.5,CE,0.0,0.0,0.0,8.8,11.45,0,0.0,12000
2014-11-10,2014-11-27,OPTSTK,POWERGRID,140.0,CE,5.7,9.4,5.5,9.4,9.4,22,64.9,108000
2014-11-10,2014-11-27,OPTSTK,POWERGRID,142.5,CE,0.0,0.0,0.0,1.85,7.25,0,0.0,12000
2014-11-10,2014-11-27,OPTSTK,POWERGRID,145.0,CE,3.0,6.7,2.65,5.9,5.9,189,565.57,196000
2014-11-10,2014-11-27,OPTSTK,POWERGRID,147.5,CE,2.0,4.2,2.0,4.2,4.2,6,18.07,12000
2014-11-10,2014-11-27,OPTSTK,POWERGRID,150.0,CE,1.8,3.75,1.2,3.1,3.1,561,1714.4,502000
2014-11-10,2014-11-27,OPTSTK,POWERGRID,152.5,CE,0.85,2.5,0.85,2.3,2.3,13,40.13,26000
2014-11-10,2014-11-27,OPTSTK,POWERGRID,155.0,CE,0.6,1.8,0.45,1.5,1.5,168,524.15,204000
2014-11-10,2014-11-27,OPTSTK,POWERGRID,157.5,CE,0.0,0.0,0.0,0.35,0.7,0,0.0,0
2014-11-10,2014-11-27,OPTSTK,POWERGRID,160.0,CE,0.3,0.8,0.25,0.65,0.65,160,513.8,140000
2014-11-10,2014-11-27,OPTSTK,POWERGRID,162.5,CE,0.0,0.0,0.0,0.15,0.25,0,0.0,0
2014-11-10,2014-11-27,OPTSTK,POWERGRID,165.0,CE,0.25,0.4,0.2,0.35,0.35,11,36.36,14000
2014-11-10,2014-11-27,OPTSTK,POWERGRID,167.5,CE,0.0,0.0,0.0,0.05,0.05,0,0.0,0
2014-11-10,2014-11-27,OPTSTK,POWERGRID,170.0,CE,0.0,0.0,0.0,0.15,0.05,0,0.0,0
2014-11-10,2014-11-27,OPTSTK,POWERGRID,172.5,CE,0.0,0.0,0.0,0.05,0.05,0,0.0,0
2014-11-10,2014-11-27,OPTSTK,POWERGRID,175.0,CE,0.0,0.0,0.0,0.1,0.0,0,0.0,0
2014-11-10,2014-11-27,OPTSTK,POWERGRID,85.0,PE,0.0,0.0,0.0,0.05,0.0,0,0.0,0
2014-11-10,2014-11-27,OPTSTK,POWERGRID,87.5,PE,0.0,0.0,0.0,0.05,0.0,0,0.0,0
2014-11-10,2014-11-27,OPTSTK,POWERGRID,90.0,PE,0.0,0.0,0.0,0.05,0.0,0,0.0,0
2014-11-10,2014-11-27,OPTSTK,POWERGRID,92.5,PE,0.0,0.0,0.0,0.05,0.0,0,0.0,0
2014-11-10,2014-11-27,OPTSTK,POWERGRID,95.0,PE,0.0,0.0,0.0,0.05,0.0,0,0.0,0
2014-11-10,2014-11-27,OPTSTK,POWERGRID,97.5,PE,0.0,0.0,0.0,0.05,0.0,0,0.0,0
2014-11-10,2014-11-27,OPTSTK,POWERGRID,100.0,PE,0.0,0.0,0.0,0.1,0.0,0,0.0,0
2014-11-10,2014-11-27,OPTSTK,POWERGRID,102.5,PE,0.0,0.0,0.0,0.05,0.0,0,0.0,0
2014-11-10,2014-11-27,OPTSTK,POWERGRID,105.0,PE,0.0,0.0,0.0,0.2,0.0,0,0.0,0
2014-11-10,2014-11-27,OPTSTK,POWERGRID,107.5,PE,0.0,0.0,0.0,0.05,0.0,0,0.0,0
2014-11-10,2014-11-27,OPTSTK,POWERGRID,110.0,PE,0.0,0.0,0.0,0.5,0.0,0,0.0,0
2014-11-10,2014-11-27,OPTSTK,POWERGRID,112.5,PE,0.0,0.0,0.0,0.05,0.0,0,0.0,0
2014-11-10,2014-11-27,OPTSTK,POWERGRID,115.0,PE,0.0,0.0,0.0,1.05,0.0,0,0.0,0
2014-11-10,2014-11-27,OPTSTK,POWERGRID,117.5,PE,0.0,0.0,0.0,0.15,0.0,0,0.0,0
2014-11-10,2014-11-27,OPTSTK,POWERGRID,120.0,PE,0.0,0.0,0.0,0.4,0.0,0,0.0,6000
2014-11-10,2014-11-27,OPTSTK,POWERGRID,122.5,PE,0.0,0.0,0.0,0.4,0.0,0,0.0,0
2014-11-10,2014-11-27,OPTSTK,POWERGRID,125.0,PE,0.0,0.0,0.0,3.4,0.0,0,0.0,0
2014-11-10,2014-11-27,OPTSTK,POWERGRID,127.5,PE,0.0,0.0,0.0,1.05,0.05,0,0.0,0
2014-11-10,2014-11-27,OPTSTK,POWERGRID,130.0,PE,0.0,0.0,0.0,0.3,0.05,0,0.0,12000
2014-11-10,2014-11-27,OPTSTK,POWERGRID,132.5,PE,0.0,0.0,0.0,2.3,0.1,0,0.0,0
2014-11-10,2014-11-27,OPTSTK,POWERGRID,135.0,PE,0.6,0.6,0.25,0.25,0.25,14,37.88,62000
2014-11-10,2014-11-27,OPTSTK,POWERGRID,137.5,PE,1.0,1.0,0.4,0.5,0.5,7,19.32,18000
2014-11-10,2014-11-27,OPTSTK,POWERGRID,140.0,PE,1.5,1.7,0.55,0.7,0.7,135,380.25,364000
2014-11-10,2014-11-27,OPTSTK,POWERGRID,142.5,PE,2.35,2.65,1.05,1.15,1.15,7,20.19,34000
2014-11-10,2014-11-27,OPTSTK,POWERGRID,145.0,PE,3.55,3.9,1.4,1.8,1.8,125,367.81,166000
2014-11-10,2014-11-27,OPTSTK,POWERGRID,147.5,PE,2.55,2.8,2.55,2.8,2.8,2,6.0,4000
2014-11-10,2014-11-27,OPTSTK,POWERGRID,150.0,PE,5.0,5.0,3.6,4.0,4.0,16,49.26,24000
2014-11-10,2014-11-27,OPTSTK,POWERGRID,152.5,PE,0.0,0.0,0.0,14.9,5.6,0,0.0,0
2014-11-10,2014-11-27,OPTSTK,POWERGRID,155.0,PE,0.0,0.0,0.0,10.5,7.45,0,0.0,6000
2014-11-10,2014-11-27,OPTSTK,POWERGRID,157.5,PE,0.0,0.0,0.0,19.45,9.45,0,0.0,0
2014-11-10,2014-11-27,OPTSTK,POWERGRID,160.0,PE,0.0,0.0,0.0,27.9,11.65,0,0.0,0
2014-11-10,2014-11-27,OPTSTK,POWERGRID,162.5,PE,0.0,0.0,0.0,24.15,14.0,0,0.0,0
2014-11-10,2014-11-27,OPTSTK,POWERGRID,165.0,PE,0.0,0.0,0.0,32.6,16.4,0,0.0,0
2014-11-10,2014-11-27,OPTSTK,POWERGRID,167.5,PE,0.0,0.0,0.0,29.0,18.8,0,0.0,0
2014-11-10,2014-11-27,OPTSTK,POWERGRID,170.0,PE,0.0,0.0,0.0,26.0,21.25,0,0.0,8000
2014-11-10,2014-11-27,OPTSTK,POWERGRID,172.5,PE,0.0,0.0,0.0,33.9,23.75,0,0.0,0
2014-11-10,2014-11-27,OPTSTK,POWERGRID,175.0,PE,0.0,0.0,0.0,42.2,26.25,0,0.0,0
2014-11-10,2014-12-24,OPTSTK,POWERGRID,85.0,CE,0.0,0.0,0.0,52.85,64.0,0,0.0,0
2014-11-10,2014-12-24,OPTSTK,POWERGRID,87.5,CE,0.0,0.0,0.0,50.45,61.55,0,0.0,0
2014-11-10,2014-12-24,OPTSTK,POWERGRID,90.0,CE,0.0,0.0,0.0,48.0,59.05,0,0.0,0
2014-11-10,2014-12-24,OPTSTK,POWERGRID,92.5,CE,0.0,0.0,0.0,45.55,56.6,0,0.0,0
2014-11-10,2014-12-24,OPTSTK,POWERGRID,95.0,CE,0.0,0.0,0.0,43.1,54.1,0,0.0,0
2014-11-10,2014-12-24,OPTSTK,POWERGRID,97.5,CE,0.0,0.0,0.0,40.65,51.65,0,0.0,0
2014-11-10,2014-12-24,OPTSTK,POWERGRID,100.0,CE,0.0,0.0,0.0,38.2,49.15,0,0.0,0
2014-11-10,2014-12-24,OPTSTK,POWERGRID,102.5,CE,0.0,0.0,0.0,35.75,46.7,0,0.0,0
2014-11-10,2014-12-24,OPTSTK,POWERGRID,105.0,CE,0.0,0.0,0.0,33.3,44.2,0,0.0,0
2014-11-10,2014-12-24,OPTSTK,POWERGRID,107.5,CE,0.0,0.0,0.0,30.9,41.75,0,0.0,0
2014-11-10,2014-12-24,OPTSTK,POWERGRID,110.0,CE,0.0,0.0,0.0,28.45,39.25,0,0.0,0
2014-11-10,2014-12-24,OPTSTK,POWERGRID,112.5,CE,0.0,0.0,0.0,26.05,36.8,0,0.0,0
2014-11-10,2014-12-24,OPTSTK,POWERGRID,115.0,CE,0.0,0.0,0.0,23.7,34.35,0,0.0,0
2014-11-10,2014-12-24,OPTSTK,POWERGRID,117.5,CE,0.0,0.0,0.0,21.35,31.85,0,0.0,0
2014-11-10,2014-12-24,OPTSTK,POWERGRID,120.0,CE,0.0,0.0,0.0,19.05,29.4,0,0.0,0
2014-11-10,2014-12-24,OPTSTK,POWERGRID,122.5,CE,0.0,0.0,0.0,16.85,26.95,0,0.0,0
2014-11-10,2014-12-24,OPTSTK,POWERGRID,125.0,CE,0.0,0.0,0.0,14.75,24.55,0,0.0,0
2014-11-10,2014-12-24,OPTSTK,POWERGRID,127.5,CE,0.0,0.0,0.0,12.75,22.15,0,0.0,0
2014-11-10,2014-12-24,OPTSTK,POWERGRID,130.0,CE,0.0,0.0,0.0,10.9,19.8,0,0.0,0
2014-11-10,2014-12-24,OPTSTK,POWERGRID,132.5,CE,0.0,0.0,0.0,9.2,17.5,0,0.0,0
2014-11-10,2014-12-24,OPTSTK,POWERGRID,135.0,CE,0.0,0.0,0.0,7.65,15.35,0,0.0,0
2014-11-10,2014-12-24,OPTSTK,POWERGRID,137.5,CE,0.0,0.0,0.0,6.3,13.25,0,0.0,0
2014-11-10,2014-12-24,OPTSTK,POWERGRID,140.0,CE,0.0,0.0,0.0,5.1,11.3,0,0.0,0
2014-11-10,2014-12-24,OPTSTK,POWERGRID,142.5,CE,0.0,0.0,0.0,4.1,9.5,0,0.0,0
2014-11-10,2014-12-24,OPTSTK,POWERGRID,145.0,CE,0.0,0.0,0.0,3.2,7.9,0,0.0,0
2014-11-10,2014-12-24,OPTSTK,POWERGRID,147.5,CE,0.0,0.0,0.0,2.5,6.45,0,0.0,0
2014-11-10,2014-12-24,OPTSTK,POWERGRID,150.0,CE,5.25,5.25,5.25,5.25,5.25,1,3.1,2000
2014-11-10,2014-12-24,OPTSTK,POWERGRID,152.5,CE,0.0,0.0,0.0,1.45,4.1,0,0.0,0
2014-11-10,2014-12-24,OPTSTK,POWERGRID,155.0,CE,0.0,0.0,0.0,1.1,3.2,0,0.0,0
2014-11-10,2014-12-24,OPTSTK,POWERGRID,157.5,CE,0.0,0.0,0.0,0.8,2.45,0,0.0,0
2014-11-10,2014-12-24,OPTSTK,POWERGRID,160.0,CE,0.0,0.0,0.0,0.6,1.85,0,0.0,0
2014-11-10,2014-12-24,OPTSTK,POWERGRID,162.5,CE,0.0,0.0,0.0,0.45,1.4,0,0.0,0
2014-11-10,2014-12-24,OPTSTK,POWERGRID,165.0,CE,0.0,0.0,0.0,0.3,1.0,0,0.0,0
2014-11-10,2014-12-24,OPTSTK,POWERGRID,167.5,CE,0.0,0.0,0.0,0.2,0.75,0,0.0,0
2014-11-10,2014-12-24,OPTSTK,POWERGRID,170.0,CE,0.0,0.0,0.0,0.15,0.55,0,0.0,0
2014-11-10,2014-12-24,OPTSTK,POWERGRID,172.5,CE,0.0,0.0,0.0,0.1,0.35,0,0.0,0
2014-11-10,2014-12-24,OPTSTK,POWERGRID,175.0,CE,0.0,0.0,0.0,0.1,0.25,0,0.0,0
2014-11-10,2014-12-24,OPTSTK,POWERGRID,85.0,PE,0.0,0.0,0.0,0.05,0.0,0,0.0,0
2014-11-10,2014-12-24,OPTSTK,POWERGRID,87.5,PE,0.0,0.0,0.0,0.05,0.0,0,0.0,0
2014-11-10,2014-12-24,OPTSTK,POWERGRID,90.0,PE,0.0,0.0,0.0,0.05,0.0,0,0.0,0
2014-11-10,2014-12-24,OPTSTK,POWERGRID,92.5,PE,0.0,0.0,0.0,0.05,0.0,0,0.0,0
2014-11-10,2014-12-24,OPTSTK,POWERGRID,95.0,PE,0.0,0.0,0.0,0.05,0.0,0,0.0,0
2014-11-10,2014-12-24,OPTSTK,POWERGRID,97.5,PE,0.0,0.0,0.0,0.05,0.0,0,0.0,0
2014-11-10,2014-12-24,OPTSTK,POWERGRID,100.0,PE,0.0,0.0,0.0,0.05,0.0,0,0.0,0
2014-11-10,2014-12-24,OPTSTK,POWERGRID,102.5,PE,0.0,0.0,0.0,0.05,0.0,0,0.0,0
2014-11-10,2014-12-24,OPTSTK,POWERGRID,105.0,PE,0.0,0.0,0.0,0.05,0.0,0,0.0,0
2014-11-10,2014-12-24,OPTSTK,POWERGRID,107.5,PE,0.0,0.0,0.0,0.05,0.0,0,0.0,0
2014-11-10,2014-12-24,OPTSTK,POWERGRID,110.0,PE,0.0,0.0,0.0,0.05,0.0,0,0.0,0
2014-11-10,2014-12-24,OPTSTK,POWERGRID,112.5,PE,0.0,0.0,0.0,0.1,0.0,0,0.0,0
2014-11-10,2014-12-24,OPTSTK,POWERGRID,115.0,PE,0.0,0.0,0.0,0.15,0.05,0,0.0,0
2014-11-10,2014-12-24,OPTSTK,POWERGRID,117.5,PE,0.0,0.0,0.0,0.3,0.05,0,0.0,0
2014-11-10,2014-12-24,OPTSTK,POWERGRID,120.0,PE,0.0,0.0,0.0,0.45,0.05,0,0.0,0
2014-11-10,2014-12-24,OPTSTK,POWERGRID,122.5,PE,0.0,0.0,0.0,0.7,0.1,0,0.0,0
2014-11-10,2014-12-24,OPTSTK,POWERGRID,125.0,PE,0.0,0.0,0.0,1.05,0.1,0,0.0,0
2014-11-10,2014-12-24,OPTSTK,POWERGRID,127.5,PE,0.0,0.0,0.0,1.5,0.2,0,0.0,0
2014-11-10,2014-12-24,OPTSTK,POWERGRID,130.0,PE,0.0,0.0,0.0,2.1,0.35,0,0.0,0
2014-11-10,2014-12-24,OPTSTK,POWERGRID,132.5,PE,0.0,0.0,0.0,2.8,0.55,0,0.0,0
2014-11-10,2014-12-24,OPTSTK,POWERGRID,135.0,PE,0.0,0.0,0.0,3.7,0.8,0,0.0,0
2014-11-10,2014-12-24,OPTSTK,POWERGRID,137.5,PE,0.0,0.0,0.0,4.8,1.2,0,0.0,0
2014-11-10,2014-12-24,OPTSTK,POWERGRID,140.0,PE,0.0,0.0,0.0,6.05,1.75,0,0.0,0
2014-11-10,2014-12-24,OPTSTK,POWERGRID,142.5,PE,0.0,0.0,0.0,7.45,2.4,0,0.0,0
2014-11-10,2014-12-24,OPTSTK,POWERGRID,145.0,PE,0.0,0.0,0.0,9.05,3.25,0,0.0,0
2014-11-10,2014-12-24,OPTSTK,POWERGRID,147.5,PE,0.0,0.0,0.0,10.8,4.3,0,0.0,0
2014-11-10,2014-12-24,OPTSTK,POWERGRID,150.0,PE,0.0,0.0,0.0,12.65,5.5,0,0.0,0
2014-11-10,2014-12-24,OPTSTK,POWERGRID,152.5,PE,0.0,0.0,0.0,14.65,6.9,0,0.0,0
2014-11-10,2014-12-24,OPTSTK,POWERGRID,155.0,PE,0.0,0.0,0.0,16.7,8.5,0,0.0,0
2014-11-10,2014-12-24,OPTSTK,POWERGRID,157.5,PE,0.0,0.0,0.0,18.9,10.2,0,0.0,0
2014-11-10,2014-12-24,OPTSTK,POWERGRID,160.0,PE,0.0,0.0,0.0,21.1,12.1,0,0.0,0
2014-11-10,2014-12-24,OPTSTK,POWERGRID,162.5,PE,0.0,0.0,0.0,23.4,14.1,0,0.0,0
2014-11-10,2014-12-24,OPTSTK,POWERGRID,165.0,PE,0.0,0.0,0.0,25.7,16.2,0,0.0,0
2014-11-10,2014-12-24,OPTSTK,POWERGRID,167.5,PE,0.0,0.0,0.0,28.05,18.4,0,0.0,0
2014-11-10,2014-12-24,OPTSTK,POWERGRID,170.0,PE,0.0,0.0,0.0,30.45,20.65,0,0.0,0
2014-11-10,2014-12-24,OPTSTK,POWERGRID,172.5,PE,0.0,0.0,0.0,32.85,22.95,0,0.0,0
2014-11-10,2014-12-24,OPTSTK,POWERGRID,175.0,PE,0.0,0.0,0.0,35.25,25.35,0,0.0,0
2014-11-10,2015-01-29,OPTSTK,POWERGRID,95.0,CE,0.0,0.0,0.0,51.5,54.9,0,0.0,0
2014-11-10,2015-01-29,OPTSTK,POWERGRID,97.5,CE,0.0,0.0,0.0,49.1,52.45,0,0.0,0
2014-11-10,2015-01-29,OPTSTK,POWERGRID,100.0,CE,0.0,0.0,0.0,46.65,50.0,0,0.0,0
2014-11-10,2015-01-29,OPTSTK,POWERGRID,102.5,CE,0.0,0.0,0.0,44.2,47.55,0,0.0,0
2014-11-10,2015-01-29,OPTSTK,POWERGRID,105.0,CE,0.0,0.0,0.0,41.75,45.1,0,0.0,0
2014-11-10,2015-01-29,OPTSTK,POWERGRID,107.5,CE,0.0,0.0,0.0,39.3,42.65,0,0.0,0
2014-11-10,2015-01-29,OPTSTK,POWERGRID,110.0,CE,0.0,0.0,0.0,36.9,40.25,0,0.0,0
2014-11-10,2015-01-29,OPTSTK,POWERGRID,112.5,CE,0.0,0.0,0.0,34.45,37.8,0,0.0,0
2014-11-10,2015-01-29,OPTSTK,POWERGRID,115.0,CE,0.0,0.0,0.0,32.05,35.35,0,0.0,0
2014-11-10,2015-01-29,OPTSTK,POWERGRID,117.5,CE,0.0,0.0,0.0,29.7,32.95,0,0.0,0
2014-11-10,2015-01-29,OPTSTK,POWERGRID,120.0,CE,0.0,0.0,0.0,27.35,30.6,0,0.0,0
2014-11-10,2015-01-29,OPTSTK,POWERGRID,122.5,CE,0.0,0.0,0.0,25.05,28.2,0,0.0,0
2014-11-10,2015-01-29,OPTSTK,POWERGRID,125.0,CE,0.0,0.0,0.0,22.8,25.9,0,0.0,0
2014-11-10,2015-01-29,OPTSTK,POWERGRID,127.5,CE,0.0,0.0,0.0,20.6,23.65,0,0.0,0
2014-11-10,2015-01-29,OPTSTK,POWERGRID,130.0,CE,0.0,0.0,0.0,18.5,21.45,0,0.0,0
2014-11-10,2015-01-29,OPTSTK,POWERGRID,132.5,CE,0.0,0.0,0.0,16.5,19.35,0,0.0,0
2014-11-10,2015-01-29,OPTSTK,POWERGRID,135.0,CE,0.0,0.0,0.0,14.6,17.35,0,0.0,0
2014-11-10,2015-01-29,OPTSTK,POWERGRID,137.5,CE,0.0,0.0,0.0,12.85,15.4,0,0.0,0
2014-11-10,2015-01-29,OPTSTK,POWERGRID,140.0,CE,0.0,0.0,0.0,11.2,13.6,0,0.0,0
2014-11-10,2015-01-29,OPTSTK,POWERGRID,142.5,CE,0.0,0.0,0.0,9.7,11.9,0,0.0,0
2014-11-10,2015-01-29,OPTSTK,POWERGRID,145.0,CE,0.0,0.0,0.0,8.3,10.35,0,0.0,0
2014-11-10,2015-01-29,OPTSTK,POWERGRID,147.5,CE,0.0,0.0,0.0,7.05,8.95,0,0.0,0
2014-11-10,2015-01-29,OPTSTK,POWERGRID,150.0,CE,0.0,0.0,0.0,5.95,7.65,0,0.0,0
2014-11-10,2015-01-29,OPTSTK,POWERGRID,152.5,CE,0.0,0.0,0.0,5.0,6.5,0,0.0,0
2014-11-10,2015-01-29,OPTSTK,POWERGRID,155.0,CE,0.0,0.0,0.0,4.15,5.5,0,0.0,0
2014-11-10,2015-01-29,OPTSTK,POWERGRID,157.5,CE,0.0,0.0,0.0,3.4,4.6,0,0.0,0
2014-11-10,2015-01-29,OPTSTK,POWERGRID,160.0,CE,0.0,0.0,0.0,2.8,3.8,0,0.0,0
2014-11-10,2015-01-29,OPTSTK,POWERGRID,162.5,CE,0.0,0.0,0.0,2.25,3.15,0,0.0,0
2014-11-10,2015-01-29,OPTSTK,POWERGRID,165.0,CE,0.0,0.0,0.0,1.8,2.55,0,0.0,0
2014-11-10,2015-01-29,OPTSTK,POWERGRID,167.5,CE,0.0,0.0,0.0,1.45,2.1,0,0.0,0
2014-11-10,2015-01-29,OPTSTK,POWERGRID,170.0,CE,0.0,0.0,0.0,1.15,1.7,0,0.0,0
2014-11-10,2015-01-29,OPTSTK,POWERGRID,172.5,CE,0.0,0.0,0.0,0.9,1.35,0,0.0,0
2014-11-10,2015-01-29,OPTSTK,POWERGRID,175.0,CE,0.0,0.0,0.0,0.7,1.05,0,0.0,0
2014-11-10,2015-01-29,OPTSTK,POWERGRID,95.0,PE,0.0,0.0,0.0,0.05,0.0,0,0.0,0
2014-11-10,2015-01-29,OPTSTK,POWERGRID,97.5,PE,0.0,0.0,0.0,0.05,0.0,0,0.0,0
2014-11-10,2015-01-29,OPTSTK,POWERGRID,100.0,PE,0.0,0.0,0.0,0.05,0.0,0,0.0,0
2014-11-10,2015-01-29,OPTSTK,POWERGRID,102.5,PE,0.0,0.0,0.0,0.05,0.0,0,0.0,0
2014-11-10,2015-01-29,OPTSTK,POWERGRID,105.0,PE,0.0,0.0,0.0,0.05,0.05,0,0.0,0
2014-11-10,2015-01-29,OPTSTK,POWERGRID,107.5,PE,0.0,0.0,0.0,0.05,0.05,0,0.0,0
2014-11-10,2015-01-29,OPTSTK,POWERGRID,110.0,PE,0.0,0.0,0.0,0.05,0.05,0,0.0,0
2014-11-10,2015-01-29,OPTSTK,POWERGRID,112.5,PE,0.0,0.0,0.0,0.1,0.05,0,0.0,0
2014-11-10,2015-01-29,OPTSTK,POWERGRID,115.0,PE,0.0,0.0,0.0,0.15,0.1,0,0.0,0
2014-11-10,2015-01-29,OPTSTK,POWERGRID,117.5,PE,0.0,0.0,0.0,0.2,0.15,0,0.0,0
2014-11-10,2015-01-29,OPTSTK,POWERGRID,120.0,PE,0.0,0.0,0.0,0.3,0.2,0,0.0,0
2014-11-10,2015-01-29,OPTSTK,POWERGRID,122.5,PE,0.0,0.0,0.0,0.45,0.3,0,0.0,0
2014-11-10,2015-01-29,OPTSTK,POWERGRID,125.0,PE,0.0,0.0,0.0,0.65,0.45,0,0.0,0
2014-11-10,2015-01-29,OPTSTK,POWERGRID,127.5,PE,0.0,0.0,0.0,0.9,0.65,0,0.0,0
2014-11-10,2015-01-29,OPTSTK,POWERGRID,130.0,PE,0.0,0.0,0.0,1.25,0.9,0,0.0,0
2014-11-10,2015-01-29,OPTSTK,POWERGRID,132.5,PE,0.0,0.0,0.0,1.7,1.25,0,0.0,0
2014-11-10,2015-01-29,OPTSTK,POWERGRID,135.0,PE,0.0,0.0,0.0,2.25,1.65,0,0.0,0
2014-11-10,2015-01-29,OPTSTK,POWERGRID,137.5,PE,0.0,0.0,0.0,2.95,2.2,0,0.0,0
2014-11-10,2015-01-29,OPTSTK,POWERGRID,140.0,PE,0.0,0.0,0.0,3.7,2.85,0,0.0,0
2014-11-10,2015-01-29,OPTSTK,POWERGRID,142.5,PE,0.0,0.0,0.0,4.65,3.6,0,0.0,0
2014-11-10,2015-01-29,OPTSTK,POWERGRID,145.0,PE,0.0,0.0,0.0,5.7,4.5,0,0.0,0
2014-11-10,2015-01-29,OPTSTK,POWERGRID,147.5,PE,0.0,0.0,0.0,6.95,5.55,0,0.0,0
2014-11-10,2015-01-29,OPTSTK,POWERGRID,150.0,PE,0.0,0.0,0.0,8.25,6.7,0,0.0,0
2014-11-10,2015-01-29,OPTSTK,POWERGRID,152.5,PE,0.0,0.0,0.0,9.75,8.0,0,0.0,0
2014-11-10,2015-01-29,OPTSTK,POWERGRID,155.0,PE,0.0,0.0,0.0,11.35,9.45,0,0.0,0
2014-11-10,2015-01-29,OPTSTK,POWERGRID,157.5,PE,0.0,0.0,0.0,13.05,11.0,0,0.0,0
2014-11-10,2015-01-29,OPTSTK,POWERGRID,160.0,PE,0.0,0.0,0.0,14.9,12.65,0,0.0,0
2014-11-10,2015-01-29,OPTSTK,POWERGRID,162.5,PE,0.0,0.0,0.0,16.8,14.45,0,0.0,0
2014-11-10,2015-01-29,OPTSTK,POWERGRID,165.0,PE,0.0,0.0,0.0,18.8,16.35,0,0.0,0
2014-11-10,2015-01-29,OPTSTK,POWERGRID,167.5,PE,0.0,0.0,0.0,20.9,18.3,0,0.0,0
2014-11-10,2015-01-29,OPTSTK,POWERGRID,170.0,PE,0.0,0.0,0.0,23.05,20.35,0,0.0,0
2014-11-10,2015-01-29,OPTSTK,POWERGRID,172.5,PE,0.0,0.0,0.0,25.25,22.5,0,0.0,0
2014-11-10,2015-01-29,OPTSTK,POWERGRID,175.0,PE,0.0,0.0,0.0,27.5,24.65,0,0.0,0
2014-11-10,2014-11-27,OPTSTK,PTC,55.0,CE,0.0,0.0,0.0,33.55,38.45,0,0.0,0
2014-11-10,2014-11-27,OPTSTK,PTC,57.5,CE,0.0,0.0,0.0,28.15,35.95,0,0.0,0
2014-11-10,2014-11-27,OPTSTK,PTC,60.0,CE,0.0,0.0,0.0,28.85,33.45,0,0.0,0
2014-11-10,2014-11-27,OPTSTK,PTC,62.5,CE,0.0,0.0,0.0,23.6,30.95,0,0.0,0
2014-11-10,2014-11-27,OPTSTK,PTC,65.0,CE,0.0,0.0,0.0,24.45,28.5,0,0.0,0
2014-11-10,2014-11-27,OPTSTK,PTC,67.5,CE,0.0,0.0,0.0,19.35,26.0,0,0.0,0
2014-11-10,2014-11-27,OPTSTK,PTC,70.0,CE,0.0,0.0,0.0,20.3,23.5,0,0.0,0
2014-11-10,2014-11-27,OPTSTK,PTC,72.5,CE,0.0,0.0,0.0,15.5,21.0,0,0.0,0
2014-11-10,2014-11-27,OPTSTK,PTC,75.0,CE,0.0,0.0,0.0,16.55,18.55,0,0.0,0
2014-11-10,2014-11-27,OPTSTK,PTC,77.5,CE,0.0,0.0,0.0,12.1,16.1,0,0.0,0
2014-11-10,2014-11-27,OPTSTK,PTC,80.0,CE,0.0,0.0,0.0,13.25,13.7,0,0.0,0
2014-11-10,2014-11-27,OPTSTK,PTC,82.5,CE,0.0,0.0,0.0,9.3,11.4,0,0.0,0
2014-11-10,2014-11-27,OPTSTK,PTC,85.0,CE,9.75,9.75,9.75,9.75,9.75,2,7.58,8000
2014-11-10,2014-11-27,OPTSTK,PTC,87.5,CE,0.0,0.0,0.0,6.95,7.25,0,0.0,0
2014-11-10,2014-11-27,OPTSTK,PTC,90.0,CE,3.65,5.6,3.65,5.55,5.55,4,15.2,76000
2014-11-10,2014-11-27,OPTSTK,PTC,92.5,CE,2.4,3.55,2.35,3.55,3.55,9,34.29,36000
2014-11-10,2014-11-27,OPTSTK,PTC,95.0,CE,1.6,2.75,1.35,2.5,2.5,92,357.3,320000
2014-11-10,2014-11-27,OPTSTK,PTC,97.5,CE,1.1,1.65,1.1,1.65,1.65,3,11.86,28000
2014-11-10,2014-11-27,OPTSTK,PTC,100.0,CE,0.7,1.4,0.45,1.25,1.25,67,270.62,276000
2014-11-10,2014-11-27,OPTSTK,PTC,102.5,CE,0.0,0.0,0.0,1.25,0.8,0,0.0,0
2014-11-10,2014-11-27,OPTSTK,PTC,105.0,CE,0.2,0.35,0.2,0.35,0.35,4,16.84,40000
2014-11-10,2014-11-27,OPTSTK,PTC,107.5,CE,0.0,0.0,0.0,1.85,0.3,0,0.0,0
2014-11-10,2014-11-27,OPTSTK,PTC,110.0,CE,0.0,0.0,0.0,0.6,0.2,0,0.0,4000
2014-11-10,2014-11-27,OPTSTK,PTC,112.5,CE,0.0,0.0,0.0,1.3,0.1,0,0.0,0
2014-11-10,2014-11-27,OPTSTK,PTC,115.0,CE,0.0,0.0,0.0,0.1,0.05,0,0.0,0
2014-11-10,2014-11-27,OPTSTK,PTC,117.5,CE,0.0,0.0,0.0,0.9,0.05,0,0.0,0
2014-11-10,2014-11-27,OPTSTK,PTC,120.0,CE,0.0,0.0,0.0,1.35,0.05,0,0.0,0
2014-11-10,2014-11-27,OPTSTK,PTC,122.5,CE,0.0,0.0,0.0,0.6,0.05,0,0.0,0
2014-11-10,2014-11-27,OPTSTK,PTC,125.0,CE,0.0,0.0,0.0,0.95,0.0,0,0.0,0
2014-11-10,2014-11-27,OPTSTK,PTC,55.0,PE,0.0,0.0,0.0,0.15,0.0,0,0.0,0
2014-11-10,2014-11-27,OPTSTK,PTC,57.5,PE,0.0,0.0,0.0,0.25,0.0,0,0.0,0
2014-11-10,2014-11-27,OPTSTK,PTC,60.0,PE,0.0,0.0,0.0,0.4,0.0,0,0.0,0
2014-11-10,2014-11-27,OPTSTK,PTC,62.5,PE,0.0,0.0,0.0,0.65,0.0,0,0.0,0
2014-11-10,2014-11-27,OPTSTK,PTC,65.0,PE,0.0,0.0,0.0,0.85,0.0,0,0.0,0
2014-11-10,2014-11-27,OPTSTK,PTC,67.5,PE,0.0,0.0,0.0,1.3,0.0,0,0.0,0
2014-11-10,2014-11-27,OPTSTK,PTC,70.0,PE,0.0,0.0,0.0,2.0,0.0,0,0.0,0
2014-11-10,2014-11-27,OPTSTK,PTC,72.5,PE,0.0,0.0,0.0,2.4,0.05,0,0.0,0
2014-11-10,2014-11-27,OPTSTK,PTC,75.0,PE,0.0,0.0,0.0,0.1,0.05,0,0.0,24000
2014-11-10,2014-11-27,OPTSTK,PTC,77.5,PE,0.0,0.0,0.0,3.95,0.1,0,0.0,0
2014-11-10,2014-11-27,OPTSTK,PTC,80.0,PE,0.25,0.3,0.25,0.25,0.25,4,12.84,92000
2014-11-10,2014-11-27,OPTSTK,PTC,82.5,PE,0.0,0.0,0.0,1.0,0.35,0,0.0,4000
2014-11-10,2014-11-27,OPTSTK,PTC,85.0,PE,0.9,0.9,0.45,0.45,0.45,8,27.39,44000
2014-11-10,2014-11-27,OPTSTK,PTC,87.5,PE,0.0,0.0,0.0,3.2,1.2,0,0.0,4000
2014-11-10,2014-11-27,OPTSTK,PTC,90.0,PE,1.5,1.5,1.25,1.35,1.35,4,14.62,48000
2014-11-10,2014-11-27,OPTSTK,PTC,92.5,PE,0.0,0.0,0.0,3.3,2.95,0,0.0,4000
2014-11-10,2014-11-27,OPTSTK,PTC,95.0,PE,3.65,3.65,3.3,3.3,3.3,4,15.75,20000
2014-11-10,2014-11-27,OPTSTK,PTC,97.5,PE,0.0,0.0,0.0,15.2,5.85,0,0.0,0
2014-11-10,2014-11-27,OPTSTK,PTC,100.0,PE,0.0,0.0,0.0,12.8,7.7,0,0.0,8000
2014-11-10,2014-11-27,OPTSTK,PTC,102.5,PE,0.0,0.0,0.0,19.05,9.7,0,0.0,0
2014-11-10,2014-11-27,OPTSTK,PTC,105.0,PE,0.0,0.0,0.0,19.0,11.9,0,0.0,0
2014-11-10,2014-11-27,OPTSTK,PTC,107.5,PE,0.0,0.0,0.0,23.2,14.2,0,0.0,0
2014-11-10,2014-11-27,OPTSTK,PTC,110.0,PE,0.0,0.0,0.0,23.0,16.55,0,0.0,0
2014-11-10,2014-11-27,OPTSTK,PTC,112.5,PE,0.0,0.0,0.0,27.55,18.95,0,0.0,0
2014-11-10,2014-11-27,OPTSTK,PTC,115.0,PE,0.0,0.0,0.0,27.2,21.4,0,0.0,0
2014-11-10,2014-11-27,OPTSTK,PTC,117.5,PE,0.0,0.0,0.0,32.1,23.9,0,0.0,0
2014-11-10,2014-11-27,OPTSTK,PTC,120.0,PE,0.0,0.0,0.0,31.6,26.35,0,0.0,0
2014-11-10,2014-11-27,OPTSTK,PTC,122.5,PE,0.0,0.0,0.0,36.75,28.85,0,0.0,0
2014-11-10,2014-11-27,OPTSTK,PTC,125.0,PE,0.0,0.0,0.0,36.1,31.35,0,0.0,0
2014-11-10,2014-12-24,OPTSTK,PTC,55.0,CE,0.0,0.0,0.0,31.1,38.8,0,0.0,0
2014-11-10,2014-12-24,OPTSTK,PTC,57.5,CE,0.0,0.0,0.0,28.85,36.3,0,0.0,0
2014-11-10,2014-12-24,OPTSTK,PTC,60.0,CE,0.0,0.0,0.0,26.65,33.85,0,0.0,0
2014-11-10,2014-12-24,OPTSTK,PTC,62.5,CE,0.0,0.0,0.0,24.5,31.4,0,0.0,0
2014-11-10,2014-12-24,OPTSTK,PTC,65.0,CE,0.0,0.0,0.0,22.45,28.95,0,0.0,0
2014-11-10,2014-12-24,OPTSTK,PTC,67.5,CE,0.0,0.0,0.0,20.5,26.5,0,0.0,0
2014-11-10,2014-12-24,OPTSTK,PTC,70.0,CE,0.0,0.0,0.0,18.65,24.05,0,0.0,0
2014-11-10,2014-12-24,OPTSTK,PTC,72.5,CE,0.0,0.0,0.0,16.9,21.7,0,0.0,0
2014-11-10,2014-12-24,OPTSTK,PTC,75.0,CE,0.0,0.0,0.0,15.25,19.35,0,0.0,0
2014-11-10,2014-12-24,OPTSTK,PTC,77.5,CE,0.0,0.0,0.0,13.7,17.1,0,0.0,0
2014-11-10,2014-12-24,OPTSTK,PTC,80.0,CE,0.0,0.0,0.0,12.3,14.95,0,0.0,0
2014-11-10,2014-12-24,OPTSTK,PTC,82.5,CE,0.0,0.0,0.0,11.0,12.95,0,0.0,0
2014-11-10,2014-12-24,OPTSTK,PTC,85.0,CE,0.0,0.0,0.0,9.8,11.1,0,0.0,0
2014-11-10,2014-12-24,OPTSTK,PTC,87.5,CE,0.0,0.0,0.0,8.7,9.35,0,0.0,0
2014-11-10,2014-12-24,OPTSTK,PTC,90.0,CE,0.0,0.0,0.0,7.7,7.8,0,0.0,0
2014-11-10,2014-12-24,OPTSTK,PTC,92.5,CE,0.0,0.0,0.0,6.8,6.45,0,0.0,0
2014-11-10,2014-12-24,OPTSTK,PTC,95.0,CE,0.0,0.0,0.0,6.0,5.25,0,0.0,0
2014-11-10,2014-12-24,OPTSTK,PTC,97.5,CE,0.0,0.0,0.0,5.25,4.2,0,0.0,0
2014-11-10,2014-12-24,OPTSTK,PTC,100.0,CE,0.0,0.0,0.0,4.6,3.35,0,0.0,0
2014-11-10,2014-12-24,OPTSTK,PTC,102.5,CE,0.0,0.0,0.0,4.05,2.65,0,0.0,0
2014-11-10,2014-12-24,OPTSTK,PTC,105.0,CE,0.0,0.0,0.0,3.55,2.05,0,0.0,0
2014-11-10,2014-12-24,OPTSTK,PTC,107.5,CE,0.0,0.0,0.0,3.1,1.6,0,0.0,0
2014-11-10,2014-12-24,OPTSTK,PTC,110.0,CE,0.0,0.0,0.0,2.7,1.2,0,0.0,0
2014-11-10,2014-12-24,OPTSTK,PTC,112.5,CE,0.0,0.0,0.0,2.35,0.9,0,0.0,0
2014-11-10,2014-12-24,OPTSTK,PTC,115.0,CE,0.0,0.0,0.0,2.0,0.7,0,0.0,0
2014-11-10,2014-12-24,OPTSTK,PTC,117.5,CE,0.0,0.0,0.0,1.75,0.5,0,0.0,0
2014-11-10,2014-12-24,OPTSTK,PTC,120.0,CE,0.0,0.0,0.0,1.5,0.4,0,0.0,0
2014-11-10,2014-12-24,OPTSTK,PTC,122.5,CE,0.0,0.0,0.0,1.3,0.3,0,0.0,0
2014-11-10,2014-12-24,OPTSTK,PTC,125.0,CE,0.0,0.0,0.0,1.15,0.2,0,0.0,0
2014-11-10,2014-12-24,OPTSTK,PTC,55.0,PE,0.0,0.0,0.0,0.4,0.0,0,0.0,0
2014-11-10,2014-12-24,OPTSTK,PTC,57.5,PE,0.0,0.0,0.0,0.6,0.0,0,0.0,0
2014-11-10,2014-12-24,OPTSTK,PTC,60.0,PE,0.0,0.0,0.0,0.8,0.0,0,0.0,0
2014-11-10,2014-12-24,OPTSTK,PTC,62.5,PE,0.0,0.0,0.0,1.15,0.05,0,0.0,0
2014-11-10,2014-12-24,OPTSTK,PTC,65.0,PE,0.0,0.0,0.0,1.55,0.05,0,0.0,0
2014-11-10,2014-12-24,OPTSTK,PTC,67.5,PE,0.0,0.0,0.0,2.05,0.1,0,0.0,0
2014-11-10,2014-12-24,OPTSTK,PTC,70.0,PE,0.0,0.0,0.0,2.65,0.15,0,0.0,0
2014-11-10,2014-12-24,OPTSTK,PTC,72.5,PE,0.0,0.0,0.0,3.3,0.25,0,0.0,0
2014-11-10,2014-12-24,OPTSTK,PTC,75.0,PE,0.0,0.0,0.0,4.1,0.4,0,0.0,0
2014-11-10,2014-12-24,OPTSTK,PTC,77.5,PE,0.0,0.0,0.0,5.05,0.6,0,0.0,0
2014-11-10,2014-12-24,OPTSTK,PTC,80.0,PE,0.0,0.0,0.0,6.05,0.95,0,0.0,0
2014-11-10,2014-12-24,OPTSTK,PTC,82.5,PE,0.0,0.0,0.0,7.2,1.4,0,0.0,0
2014-11-10,2014-12-24,OPTSTK,PTC,85.0,PE,0.0,0.0,0.0,8.45,2.0,0,0.0,0
2014-11-10,2014-12-24,OPTSTK,PTC,87.5,PE,0.0,0.0,0.0,9.8,2.75,0,0.0,0
2014-11-10,2014-12-24,OPTSTK,PTC,90.0,PE,0.0,0.0,0.0,11.25,3.65,0,0.0,0
2014-11-10,2014-12-24,OPTSTK,PTC,92.5,PE,0.0,0.0,0.0,12.8,4.75,0,0.0,0
2014-11-10,2014-12-24,OPTSTK,PTC,95.0,PE,0.0,0.0,0.0,14.4,6.05,0,0.0,0
2014-11-10,2014-12-24,OPTSTK,PTC,97.5,PE,0.0,0.0,0.0,16.15,7.5,0,0.0,0
2014-11-10,2014-12-24,OPTSTK,PTC,100.0,PE,0.0,0.0,0.0,17.95,9.1,0,0.0,0
2014-11-10,2014-12-24,OPTSTK,PTC,102.5,PE,0.0,0.0,0.0,19.8,10.85,0,0.0,0
2014-11-10,2014-12-24,OPTSTK,PTC,105.0,PE,0.0,0.0,0.0,21.75,12.75,0,0.0,0
2014-11-10,2014-12-24,OPTSTK,PTC,107.5,PE,0.0,0.0,0.0,23.75,14.75,0,0.0,0
2014-11-10,2014-12-24,OPTSTK,PTC,110.0,PE,0.0,0.0,0.0,25.8,16.85,0,0.0,0
2014-11-10,2014-12-24,OPTSTK,PTC,112.5,PE,0.0,0.0,0.0,27.9,19.05,0,0.0,0
2014-11-10,2014-12-24,OPTSTK,PTC,115.0,PE,0.0,0.0,0.0,30.0,21.3,0,0.0,0
2014-11-10,2014-12-24,OPTSTK,PTC,117.5,PE,0.0,0.0,0.0,32.2,23.6,0,0.0,0
2014-11-10,2014-12-24,OPTSTK,PTC,120.0,PE,0.0,0.0,0.0,34.4,25.9,0,0.0,0
2014-11-10,2014-12-24,OPTSTK,PTC,122.5,PE,0.0,0.0,0.0,36.65,28.3,0,0.0,0
2014-11-10,2014-12-24,OPTSTK,PTC,125.0,PE,0.0,0.0,0.0,38.9,30.7,0,0.0,0
2014-11-10,2015-01-29,OPTSTK,PTC,55.0,CE,0.0,0.0,0.0,34.6,39.3,0,0.0,0
2014-11-10,2015-01-29,OPTSTK,PTC,57.5,CE,0.0,0.0,0.0,32.25,36.85,0,0.0,0
2014-11-10,2015-01-29,OPTSTK,PTC,60.0,CE,0.0,0.0,0.0,29.85,34.4,0,0.0,0
2014-11-10,2015-01-29,OPTSTK,PTC,62.5,CE,0.0,0.0,0.0,27.55,32.0,0,0.0,0
2014-11-10,2015-01-29,OPTSTK,PTC,65.0,CE,0.0,0.0,0.0,25.25,29.65,0,0.0,0
2014-11-10,2015-01-29,OPTSTK,PTC,67.5,CE,0.0,0.0,0.0,23.05,27.3,0,0.0,0
2014-11-10,2015-01-29,OPTSTK,PTC,70.0,CE,0.0,0.0,0.0,20.95,25.0,0,0.0,0
2014-11-10,2015-01-29,OPTSTK,PTC,72.5,CE,0.0,0.0,0.0,18.9,22.8,0,0.0,0
2014-11-10,2015-01-29,OPTSTK,PTC,75.0,CE,0.0,0.0,0.0,16.95,20.65,0,0.0,0
2014-11-10,2015-01-29,OPTSTK,PTC,77.5,CE,0.0,0.0,0.0,15.15,18.6,0,0.0,0
2014-11-10,2015-01-29,OPTSTK,PTC,80.0,CE,0.0,0.0,0.0,13.45,16.65,0,0.0,0
2014-11-10,2015-01-29,OPTSTK,PTC,82.5,CE,0.0,0.0,0.0,11.85,14.8,0,0.0,0
2014-11-10,2015-01-29,OPTSTK,PTC,85.0,CE,0.0,0.0,0.0,10.4,13.1,0,0.0,0
2014-11-10,2015-01-29,OPTSTK,PTC,87.5,CE,0.0,0.0,0.0,9.1,11.5,0,0.0,0
2014-11-10,2015-01-29,OPTSTK,PTC,90.0,CE,0.0,0.0,0.0,7.9,10.05,0,0.0,0
2014-11-10,2015-01-29,OPTSTK,PTC,92.5,CE,0.0,0.0,0.0,6.85,8.75,0,0.0,0
2014-11-10,2015-01-29,OPTSTK,PTC,95.0,CE,0.0,0.0,0.0,5.9,7.55,0,0.0,0
2014-11-10,2015-01-29,OPTSTK,PTC,97.5,CE,0.0,0.0,0.0,5.05,6.5,0,0.0,0
2014-11-10,2015-01-29,OPTSTK,PTC,100.0,CE,0.0,0.0,0.0,4.3,5.55,0,0.0,0
2014-11-10,2015-01-29,OPTSTK,PTC,102.5,CE,0.0,0.0,0.0,3.65,4.7,0,0.0,0
2014-11-10,2015-01-29,OPTSTK,PTC,105.0,CE,0.0,0.0,0.0,3.1,4.0,0,0.0,0
2014-11-10,2015-01-29,OPTSTK,PTC,107.5,CE,0.0,0.0,0.0,2.6,3.35,0,0.0,0
2014-11-10,2015-01-29,OPTSTK,PTC,110.0,CE,0.0,0.0,0.0,2.2,2.8,0,0.0,0
2014-11-10,2015-01-29,OPTSTK,PTC,112.5,CE,0.0,0.0,0.0,1.85,2.35,0,0.0,0
2014-11-10,2015-01-29,OPTSTK,PTC,115.0,CE,0.0,0.0,0.0,1.55,1.95,0,0.0,0
2014-11-10,2015-01-29,OPTSTK,PTC,117.5,CE,0.0,0.0,0.0,1.25,1.6,0,0.0,0
2014-11-10,2015-01-29,OPTSTK,PTC,120.0,CE,0.0,0.0,0.0,1.05,1.35,0,0.0,0
2014-11-10,2015-01-29,OPTSTK,PTC,122.5,CE,0.0,0.0,0.0,0.9,1.1,0,0.0,0
2014-11-10,2015-01-29,OPTSTK,PTC,125.0,CE,0.0,0.0,0.0,0.75,0.9,0,0.0,0
2014-11-10,2015-01-29,OPTSTK,PTC,55.0,PE,0.0,0.0,0.0,0.1,0.05,0,0.0,0
2014-11-10,2015-01-29,OPTSTK,PTC,57.5,PE,0.0,0.0,0.0,0.15,0.05,0,0.0,0
2014-11-10,2015-01-29,OPTSTK,PTC,60.0,PE,0.0,0.0,0.0,0.2,0.1,0,0.0,0
2014-11-10,2015-01-29,OPTSTK,PTC,62.5,PE,0.0,0.0,0.0,0.35,0.15,0,0.0,0
2014-11-10,2015-01-29,OPTSTK,PTC,65.0,PE,0.0,0.0,0.0,0.5,0.2,0,0.0,0
2014-11-10,2015-01-29,OPTSTK,PTC,67.5,PE,0.0,0.0,0.0,0.75,0.3,0,0.0,0
2014-11-10,2015-01-29,OPTSTK,PTC,70.0,PE,0.0,0.0,0.0,1.05,0.5,0,0.0,0
2014-11-10,2015-01-29,OPTSTK,PTC,72.5,PE,0.0,0.0,0.0,1.5,0.7,0,0.0,0
2014-11-10,2015-01-29,OPTSTK,PTC,75.0,PE,0.0,0.0,0.0,2.0,1.05,0,0.0,0
2014-11-10,2015-01-29,OPTSTK,PTC,77.5,PE,0.0,0.0,0.0,2.6,1.45,0,0.0,0
2014-11-10,2015-01-29,OPTSTK,PTC,80.0,PE,0.0,0.0,0.0,3.35,1.95,0,0.0,0
2014-11-10,2015-01-29,OPTSTK,PTC,82.5,PE,0.0,0.0,0.0,4.25,2.55,0,0.0,0
2014-11-10,2015-01-29,OPTSTK,PTC,85.0,PE,0.0,0.0,0.0,5.25,3.3,0,0.0,0
2014-11-10,2015-01-29,OPTSTK,PTC,87.5,PE,0.0,0.0,0.0,6.35,4.15,0,0.0,0
2014-11-10,2015-01-29,OPTSTK,PTC,90.0,PE,0.0,0.0,0.0,7.6,5.15,0,0.0,0
2014-11-10,2015-01-29,OPTSTK,PTC,92.5,PE,0.0,0.0,0.0,9.0,6.3,0,0.0,0
2014-11-10,2015-01-29,OPTSTK,PTC,95.0,PE,0.0,0.0,0.0,10.5,7.55,0,0.0,0
2014-11-10,2015-01-29,OPTSTK,PTC,97.5,PE,0.0,0.0,0.0,12.1,8.95,0,0.0,0
2014-11-10,2015-01-29,OPTSTK,PTC,100.0,PE,0.0,0.0,0.0,13.8,10.45,0,0.0,0
2014-11-10,2015-01-29,OPTSTK,PTC,102.5,PE,0.0,0.0,0.0,15.6,12.05,0,0.0,0
2014-11-10,2015-01-29,OPTSTK,PTC,105.0,PE,0.0,0.0,0.0,17.45,13.8,0,0.0,0
2014-11-10,2015-01-29,OPTSTK,PTC,107.5,PE,0.0,0.0,0.0,19.45,15.6,0,0.0,0
2014-11-10,2015-01-29,OPTSTK,PTC,110.0,PE,0.0,0.0,0.0,21.45,17.55,0,0.0,0
2014-11-10,2015-01-29,OPTSTK,PTC,112.5,PE,0.0,0.0,0.0,23.55,19.5,0,0.0,0
2014-11-10,2015-01-29,OPTSTK,PTC,115.0,PE,0.0,0.0,0.0,25.7,21.55,0,0.0,0
2014-11-10,2015-01-29,OPTSTK,PTC,117.5,PE,0.0,0.0,0.0,27.9,23.7,0,0.0,0
2014-11-10,2015-01-29,OPTSTK,PTC,120.0,PE,0.0,0.0,0.0,30.1,25.85,0,0.0,0
2014-11-10,2015-01-29,OPTSTK,PTC,122.5,PE,0.0,0.0,0.0,32.4,28.1,0,0.0,0
2014-11-10,2015-01-29,OPTSTK,PTC,125.0,PE,0.0,0.0,0.0,34.7,30.35,0,0.0,0
2014-11-10,2014-11-27,OPTSTK,RANBAXY,440.0,CE,0.0,0.0,0.0,210.3,244.65,0,0.0,0
2014-11-10,2014-11-27,OPTSTK,RANBAXY,450.0,CE,0.0,0.0,0.0,200.6,234.7,0,0.0,0
2014-11-10,2014-11-27,OPTSTK,RANBAXY,460.0,CE,0.0,0.0,0.0,191.0,224.75,0,0.0,0
2014-11-10,2014-11-27,OPTSTK,RANBAXY,470.0,CE,0.0,0.0,0.0,181.45,214.75,0,0.0,0
2014-11-10,2014-11-27,OPTSTK,RANBAXY,480.0,CE,0.0,0.0,0.0,171.95,204.8,0,0.0,0
2014-11-10,2014-11-27,OPTSTK,RANBAXY,490.0,CE,0.0,0.0,0.0,162.55,194.85,0,0.0,0
2014-11-10,2014-11-27,OPTSTK,RANBAXY,500.0,CE,0.0,0.0,0.0,153.3,184.9,0,0.0,0
2014-11-10,2014-11-27,OPTSTK,RANBAXY,510.0,CE,0.0,0.0,0.0,144.15,174.95,0,0.0,0
2014-11-10,2014-11-27,OPTSTK,RANBAXY,520.0,CE,0.0,0.0,0.0,108.0,165.0,0,0.0,1000
2014-11-10,2014-11-27,OPTSTK,RANBAXY,530.0,CE,0.0,0.0,0.0,126.4,155.05,0,0.0,0
2014-11-10,2014-11-27,OPTSTK,RANBAXY,540.0,CE,0.0,0.0,0.0,117.85,145.1,0,0.0,0
2014-11-10,2014-11-27,OPTSTK,RANBAXY,550.0,CE,0.0,0.0,0.0,109.55,135.15,0,0.0,0
2014-11-10,2014-11-27,OPTSTK,RANBAXY,560.0,CE,0.0,0.0,0.0,101.5,125.3,0,0.0,0
2014-11-10,2014-11-27,OPTSTK,RANBAXY,570.0,CE,0.0,0.0,0.0,93.75,115.45,0,0.0,0
2014-11-10,2014-11-27,OPTSTK,RANBAXY,580.0,CE,0.0,0.0,0.0,39.15,105.7,0,0.0,1000
2014-11-10,2014-11-27,OPTSTK,RANBAXY,590.0,CE,0.0,0.0,0.0,65.0,96.1,0,0.0,1000
2014-11-10,2014-11-27,OPTSTK,RANBAXY,600.0,CE,93.0,93.0,92.0,92.5,92.5,4,13.85,20500
2014-11-10,2014-11-27,OPTSTK,RANBAXY,610.0,CE,75.0,85.0,75.0,85.0,85.0,2,6.9,23000
2014-11-10,2014-11-27,OPTSTK,RANBAXY,620.0,CE,80.0,80.0,71.0,71.0,71.0,5,17.39,40500
2014-11-10,2014-11-27,OPTSTK,RANBAXY,630.0,CE,65.0,67.5,63.0,64.15,64.15,13,45.18,21500
2014-11-10,2014-11-27,OPTSTK,RANBAXY,640.0,CE,47.95,62.0,47.95,50.15,50.15,62,216.13,50500
2014-11-10,2014-11-27,OPTSTK,RANBAXY,650.0,CE,40.0,54.5,39.0,40.25,40.25,83,288.81,100000
2014-11-10,2014-11-27,OPTSTK,RANBAXY,660.0,CE,32.7,47.0,31.5,35.85,35.85,170,594.69,102500
2014-11-10,2014-11-27,OPTSTK,RANBAXY,670.0,CE,26.95,39.85,25.5,27.15,27.15,128,450.35,57000
2014-11-10,2014-11-27,OPTSTK,RANBAXY,680.0,CE,21.15,33.4,20.0,22.2,22.2,437,1544.91,83000
2014-11-10,2014-11-27,OPTSTK,RANBAXY,690.0,CE,17.95,27.7,15.35,17.6,17.6,540,1924.2,83500
2014-11-10,2014-11-27,OPTSTK,RANBAXY,700.0,CE,13.0,22.8,11.5,13.45,13.45,1072,3849.21,124500
2014-11-10,2014-11-27,OPTSTK,RANBAXY,710.0,CE,10.0,18.0,9.7,10.25,10.25,139,503.58,18500
2014-11-10,2014-11-27,OPTSTK,RANBAXY,720.0,CE,7.9,14.4,7.2,7.8,7.8,259,947.24,29000
2014-11-10,2014-11-27,OPTSTK,RANBAXY,730.0,CE,7.0,10.75,5.7,6.05,6.05,76,280.68,26500
2014-11-10,2014-11-27,OPTSTK,RANBAXY,740.0,CE,6.25,8.95,4.4,4.45,4.45,54,201.72,18000
2014-11-10,2014-11-27,OPTSTK,RANBAXY,750.0,CE,5.0,6.55,3.2,3.4,3.4,83,313.5,20000
2014-11-10,2014-11-27,OPTSTK,RANBAXY,760.0,CE,3.15,5.3,3.05,3.05,3.05,29,110.85,14000
2014-11-10,2014-11-27,OPTSTK,RANBAXY,780.0,CE,3.9,3.9,1.55,2.0,2.0,17,66.52,0
2014-11-10,2014-11-27,OPTSTK,RANBAXY,440.0,PE,0.0,0.0,0.0,0.25,0.0,0,0.0,0
2014-11-10,2014-11-27,OPTSTK,RANBAXY,450.0,PE,0.0,0.0,0.0,0.35,0.0,0,0.0,0
2014-11-10,2014-11-27,OPTSTK,RANBAXY,460.0,PE,0.0,0.0,0.0,0.5,0.0,0,0.0,0
2014-11-10,2014-11-27,OPTSTK,RANBAXY,470.0,PE,0.0,0.0,0.0,0.75,0.0,0,0.0,0
2014-11-10,2014-11-27,OPTSTK,RANBAXY,480.0,PE,0.0,0.0,0.0,1.05,0.0,0,0.0,0
2014-11-10,2014-11-27,OPTSTK,RANBAXY,490.0,PE,0.0,0.0,0.0,1.45,0.0,0,0.0,0
2014-11-10,2014-11-27,OPTSTK,RANBAXY,500.0,PE,0.0,0.0,0.0,1.95,0.0,0,0.0,0
2014-11-10,2014-11-27,OPTSTK,RANBAXY,510.0,PE,0.0,0.0,0.0,2.6,0.0,0,0.0,0
2014-11-10,2014-11-27,OPTSTK,RANBAXY,520.0,PE,0.0,0.0,0.0,0.6,0.05,0,0.0,1000
2014-11-10,2014-11-27,OPTSTK,RANBAXY,530.0,PE,0.0,0.0,0.0,4.45,0.05,0,0.0,0
2014-11-10,2014-11-27,OPTSTK,RANBAXY,540.0,PE,0.0,0.0,0.0,1.1,0.05,0,0.0,1000
2014-11-10,2014-11-27,OPTSTK,RANBAXY,550.0,PE,0.0,0.0,0.0,7.15,0.1,0,0.0,0
2014-11-10,2014-11-27,OPTSTK,RANBAXY,560.0,PE,0.0,0.0,0.0,1.45,0.15,0,0.0,2000
2014-11-10,2014-11-27,OPTSTK,RANBAXY,570.0,PE,0.0,0.0,0.0,1.7,0.3,0,0.0,18500
2014-11-10,2014-11-27,OPTSTK,RANBAXY,580.0,PE,0.95,0.95,0.75,0.75,0.75,3,8.71,41500
2014-11-10,2014-11-27,OPTSTK,RANBAXY,590.0,PE,1.0,1.25,1.0,1.25,1.25,3,8.86,23000
2014-11-10,2014-11-27,OPTSTK,RANBAXY,600.0,PE,1.05,3.05,1.05,1.75,1.75,131,394.17,123500
2014-11-10,2014-11-27,OPTSTK,RANBAXY,610.0,PE,1.9,2.3,1.75,2.1,2.1,53,162.19,68000
2014-11-10,2014-11-27,OPTSTK,RANBAXY,620.0,PE,4.5,4.5,2.5,3.0,3.0,203,632.37,160000
2014-11-10,2014-11-27,OPTSTK,RANBAXY,630.0,PE,4.0,5.75,3.3,4.2,4.2,210,665.89,113000
2014-11-10,2014-11-27,OPTSTK,RANBAXY,640.0,PE,6.5,6.55,4.4,5.85,5.85,198,638.91,63500
2014-11-10,2014-11-27,OPTSTK,RANBAXY,650.0,PE,8.5,9.5,6.0,8.05,8.05,196,644.43,96500
2014-11-10,2014-11-27,OPTSTK,RANBAXY,660.0,PE,11.0,11.85,7.65,10.85,10.85,281,940.99,55000
2014-11-10,2014-11-27,OPTSTK,RANBAXY,670.0,PE,15.25,20.8,10.15,14.0,14.0,217,740.88,29500
2014-11-10,2014-11-27,OPTSTK,RANBAXY,680.0,PE,18.0,20.0,13.1,18.15,18.15,227,790.25,32500
2014-11-10,2014-11-27,OPTSTK,RANBAXY,690.0,PE,21.05,25.0,17.3,24.1,24.1,165,586.27,30500
2014-11-10,2014-11-27,OPTSTK,RANBAXY,700.0,PE,30.0,30.0,22.05,29.35,29.35,94,340.71,31000
2014-11-10,2014-11-27,OPTSTK,RANBAXY,710.0,PE,0.0,0.0,0.0,76.0,37.65,0,0.0,0
2014-11-10,2014-11-27,OPTSTK,RANBAXY,720.0,PE,0.0,0.0,0.0,83.2,44.7,0,0.0,0
2014-11-10,2014-11-27,OPTSTK,RANBAXY,730.0,PE,0.0,0.0,0.0,90.65,52.25,0,0.0,0
2014-11-10,2014-11-27,OPTSTK,RANBAXY,740.0,PE,0.0,0.0,0.0,98.3,60.25,0,0.0,0
2014-11-10,2014-11-27,OPTSTK,RANBAXY,750.0,PE,0.0,0.0,0.0,106.2,68.7,0,0.0,0
2014-11-10,2014-11-27,OPTSTK,RANBAXY,760.0,PE,0.0,0.0,0.0,114.35,77.45,0,0.0,0
2014-11-10,2014-11-27,OPTSTK,RANBAXY,780.0,PE,0.0,0.0,0.0,131.15,95.8,0,0.0,0
2014-11-10,2014-12-24,OPTSTK,RANBAXY,440.0,CE,0.0,0.0,0.0,144.85,247.55,0,0.0,0
2014-11-10,2014-12-24,OPTSTK,RANBAXY,460.0,CE,0.0,0.0,0.0,126.65,227.75,0,0.0,0
2014-11-10,2014-12-24,OPTSTK,RANBAXY,480.0,CE,0.0,0.0,0.0,109.25,208.05,0,0.0,0
2014-11-10,2014-12-24,OPTSTK,RANBAXY,500.0,CE,0.0,0.0,0.0,92.85,188.4,0,0.0,0
2014-11-10,2014-12-24,OPTSTK,RANBAXY,520.0,CE,0.0,0.0,0.0,77.8,168.95,0,0.0,0
2014-11-10,2014-12-24,OPTSTK,RANBAXY,540.0,CE,0.0,0.0,0.0,64.15,149.75,0,0.0,0
2014-11-10,2014-12-24,OPTSTK,RANBAXY,560.0,CE,0.0,0.0,0.0,52.1,131.1,0,0.0,0
2014-11-10,2014-12-24,OPTSTK,RANBAXY,580.0,CE,0.0,0.0,0.0,41.65,113.15,0,0.0,0
2014-11-10,2014-12-24,OPTSTK,RANBAXY,600.0,CE,0.0,0.0,0.0,32.8,96.15,0,0.0,0
2014-11-10,2014-12-24,OPTSTK,RANBAXY,620.0,CE,0.0,0.0,0.0,25.45,80.35,0,0.0,0
2014-11-10,2014-12-24,OPTSTK,RANBAXY,640.0,CE,0.0,0.0,0.0,19.45,66.0,0,0.0,0
2014-11-10,2014-12-24,OPTSTK,RANBAXY,660.0,CE,0.0,0.0,0.0,14.7,53.25,0,0.0,0
2014-11-10,2014-12-24,OPTSTK,RANBAXY,680.0,CE,0.0,0.0,0.0,10.95,42.15,0,0.0,0
2014-11-10,2014-12-24,OPTSTK,RANBAXY,700.0,CE,0.0,0.0,0.0,8.05,32.8,0,0.0,0
2014-11-10,2014-12-24,OPTSTK,RANBAXY,720.0,CE,25.0,25.0,25.0,25.0,25.0,1,3.72,500
2014-11-10,2014-12-24,OPTSTK,RANBAXY,740.0,CE,0.0,0.0,0.0,4.2,18.8,0,0.0,0
2014-11-10,2014-12-24,OPTSTK,RANBAXY,760.0,CE,0.0,0.0,0.0,3.0,13.9,0,0.0,0
2014-11-10,2014-12-24,OPTSTK,RANBAXY,780.0,CE,0.0,0.0,0.0,2.1,10.05,0,0.0,0
2014-11-10,2014-12-24,OPTSTK,RANBAXY,440.0,PE,0.0,0.0,0.0,1.55,0.05,0,0.0,0
2014-11-10,2014-12-24,OPTSTK,RANBAXY,460.0,PE,0.0,0.0,0.0,2.9,0.05,0,0.0,0
2014-11-10,2014-12-24,OPTSTK,RANBAXY,480.0,PE,0.0,0.0,0.0,5.05,0.1,0,0.0,0
2014-11-10,2014-12-24,OPTSTK,RANBAXY,500.0,PE,0.0,0.0,0.0,8.25,0.25,0,0.0,0
2014-11-10,2014-12-24,OPTSTK,RANBAXY,520.0,PE,0.0,0.0,0.0,12.75,0.6,0,0.0,0
2014-11-10,2014-12-24,OPTSTK,RANBAXY,540.0,PE,0.0,0.0,0.0,18.65,1.2,0,0.0,0
2014-11-10,2014-12-24,OPTSTK,RANBAXY,560.0,PE,0.0,0.0,0.0,26.15,2.35,0,0.0,0
2014-11-10,2014-12-24,OPTSTK,RANBAXY,580.0,PE,0.0,0.0,0.0,35.3,4.15,0,0.0,0
2014-11-10,2014-12-24,OPTSTK,RANBAXY,600.0,PE,0.0,0.0,0.0,15.85,6.95,0,0.0,1000
2014-11-10,2014-12-24,OPTSTK,RANBAXY,620.0,PE,0.0,0.0,0.0,58.2,10.95,0,0.0,0
2014-11-10,2014-12-24,OPTSTK,RANBAXY,640.0,PE,0.0,0.0,0.0,71.8,16.4,0,0.0,0
2014-11-10,2014-12-24,OPTSTK,RANBAXY,660.0,PE,0.0,0.0,0.0,86.6,23.4,0,0.0,0
2014-11-10,2014-12-24,OPTSTK,RANBAXY,680.0,PE,0.0,0.0,0.0,102.4,32.15,0,0.0,0
2014-11-10,2014-12-24,OPTSTK,RANBAXY,700.0,PE,0.0,0.0,0.0,119.1,42.55,0,0.0,0
2014-11-10,2014-12-24,OPTSTK,RANBAXY,720.0,PE,0.0,0.0,0.0,136.45,54.6,0,0.0,0
2014-11-10,2014-12-24,OPTSTK,RANBAXY,740.0,PE,0.0,0.0,0.0,154.4,68.15,0,0.0,0
2014-11-10,2014-12-24,OPTSTK,RANBAXY,760.0,PE,0.0,0.0,0.0,172.75,83.05,0,0.0,0
2014-11-10,2014-12-24,OPTSTK,RANBAXY,780.0,PE,0.0,0.0,0.0,191.4,99.0,0,0.0,0
2014-11-10,2015-01-29,OPTSTK,RANBAXY,440.0,CE,0.0,0.0,0.0,194.2,251.45,0,0.0,0
2014-11-10,2015-01-29,OPTSTK,RANBAXY,460.0,CE,0.0,0.0,0.0,175.7,232.05,0,0.0,0
2014-11-10,2015-01-29,OPTSTK,RANBAXY,480.0,CE,0.0,0.0,0.0,157.7,212.85,0,0.0,0
2014-11-10,2015-01-29,OPTSTK,RANBAXY,500.0,CE,0.0,0.0,0.0,140.4,193.95,0,0.0,0
2014-11-10,2015-01-29,OPTSTK,RANBAXY,520.0,CE,0.0,0.0,0.0,124.0,175.4,0,0.0,0
2014-11-10,2015-01-29,OPTSTK,RANBAXY,540.0,CE,0.0,0.0,0.0,108.5,157.4,0,0.0,0
2014-11-10,2015-01-29,OPTSTK,RANBAXY,560.0,CE,0.0,0.0,0.0,94.15,140.1,0,0.0,0
2014-11-10,2015-01-29,OPTSTK,RANBAXY,580.0,CE,0.0,0.0,0.0,80.95,123.65,0,0.0,0
2014-11-10,2015-01-29,OPTSTK,RANBAXY,600.0,CE,0.0,0.0,0.0,69.05,108.15,0,0.0,0
2014-11-10,2015-01-29,OPTSTK,RANBAXY,620.0,CE,0.0,0.0,0.0,58.4,93.8,0,0.0,0
2014-11-10,2015-01-29,OPTSTK,RANBAXY,640.0,CE,0.0,0.0,0.0,48.95,80.55,0,0.0,0
2014-11-10,2015-01-29,OPTSTK,RANBAXY,660.0,CE,0.0,0.0,0.0,40.7,68.55,0,0.0,0
2014-11-10,2015-01-29,OPTSTK,RANBAXY,680.0,CE,0.0,0.0,0.0,33.6,57.85,0,0.0,0
2014-11-10,2015-01-29,OPTSTK,RANBAXY,700.0,CE,0.0,0.0,0.0,27.55,48.4,0,0.0,0
2014-11-10,2015-01-29,OPTSTK,RANBAXY,720.0,CE,0.0,0.0,0.0,22.45,40.1,0,0.0,0
2014-11-10,2015-01-29,OPTSTK,RANBAXY,740.0,CE,0.0,0.0,0.0,18.15,33.0,0,0.0,0
2014-11-10,2015-01-29,OPTSTK,RANBAXY,760.0,CE,0.0,0.0,0.0,14.55,26.9,0,0.0,0
2014-11-10,2015-01-29,OPTSTK,RANBAXY,780.0,CE,0.0,0.0,0.0,11.65,21.85,0,0.0,0
2014-11-10,2015-01-29,OPTSTK,RANBAXY,440.0,PE,0.0,0.0,0.0,1.4,0.25,0,0.0,0
2014-11-10,2015-01-29,OPTSTK,RANBAXY,460.0,PE,0.0,0.0,0.0,2.45,0.45,0,0.0,0
2014-11-10,2015-01-29,OPTSTK,RANBAXY,480.0,PE,0.0,0.0,0.0,4.05,0.85,0,0.0,0
2014-11-10,2015-01-29,OPTSTK,RANBAXY,500.0,PE,0.0,0.0,0.0,6.35,1.55,0,0.0,0
2014-11-10,2015-01-29,OPTSTK,RANBAXY,520.0,PE,0.0,0.0,0.0,9.45,2.65,0,0.0,0
2014-11-10,2015-01-29,OPTSTK,RANBAXY,540.0,PE,0.0,0.0,0.0,13.55,4.3,0,0.0,0
2014-11-10,2015-01-29,OPTSTK,RANBAXY,560.0,PE,0.0,0.0,0.0,18.8,6.6,0,0.0,0
2014-11-10,2015-01-29,OPTSTK,RANBAXY,580.0,PE,0.0,0.0,0.0,25.15,9.75,0,0.0,0
2014-11-10,2015-01-29,OPTSTK,RANBAXY,600.0,PE,0.0,0.0,0.0,32.8,13.9,0,0.0,0
2014-11-10,2015-01-29,OPTSTK,RANBAXY,620.0,PE,0.0,0.0,0.0,41.7,19.15,0,0.0,0
2014-11-10,2015-01-29,OPTSTK,RANBAXY,640.0,PE,0.0,0.0,0.0,51.85,25.5,0,0.0,0
2014-11-10,2015-01-29,OPTSTK,RANBAXY,660.0,PE,0.0,0.0,0.0,63.2,33.15,0,0.0,0
2014-11-10,2015-01-29,OPTSTK,RANBAXY,680.0,PE,0.0,0.0,0.0,75.65,42.05,0,0.0,0
2014-11-10,2015-01-29,OPTSTK,RANBAXY,700.0,PE,0.0,0.0,0.0,89.15,52.2,0,0.0,0
2014-11-10,2015-01-29,OPTSTK,RANBAXY,720.0,PE,0.0,0.0,0.0,103.6,63.6,0,0.0,0
2014-11-10,2015-01-29,OPTSTK,RANBAXY,740.0,PE,0.0,0.0,0.0,118.9,76.05,0,0.0,0
2014-11-10,2015-01-29,OPTSTK,RANBAXY,760.0,PE,0.0,0.0,0.0,134.85,89.6,0,0.0,0
2014-11-10,2015-01-29,OPTSTK,RANBAXY,780.0,PE,0.0,0.0,0.0,151.5,104.15,0,0.0,0
2014-11-10,2014-11-27,OPTSTK,RCOM,70.0,CE,0.0,0.0,0.0,47.5,36.85,0,0.0,0
2014-11-10,2014-11-27,OPTSTK,RCOM,72.5,CE,0.0,0.0,0.0,24.9,34.35,0,0.0,0
2014-11-10,2014-11-27,OPTSTK,RCOM,75.0,CE,0.0,0.0,0.0,42.65,31.85,0,0.0,0
2014-11-10,2014-11-27,OPTSTK,RCOM,77.5,CE,0.0,0.0,0.0,20.6,29.4,0,0.0,0
2014-11-10,2014-11-27,OPTSTK,RCOM,80.0,CE,0.0,0.0,0.0,37.8,26.9,0,0.0,0
2014-11-10,2014-11-27,OPTSTK,RCOM,82.5,CE,0.0,0.0,0.0,16.65,24.4,0,0.0,0
2014-11-10,2014-11-27,OPTSTK,RCOM,85.0,CE,0.0,0.0,0.0,33.05,21.95,0,0.0,0
2014-11-10,2014-11-27,OPTSTK,RCOM,87.5,CE,0.0,0.0,0.0,13.15,19.5,0,0.0,0
2014-11-10,2014-11-27,OPTSTK,RCOM,90.0,CE,0.0,0.0,0.0,17.65,17.1,0,0.0,4000
2014-11-10,2014-11-27,OPTSTK,RCOM,92.5,CE,0.0,0.0,0.0,10.15,14.75,0,0.0,0
2014-11-10,2014-11-27,OPTSTK,RCOM,95.0,CE,15.5,15.75,13.4,13.4,13.4,3,6.59,38000
2014-11-10,2014-11-27,OPTSTK,RCOM,97.5,CE,0.0,0.0,0.0,11.9,10.45,0,0.0,8000
2014-11-10,2014-11-27,OPTSTK,RCOM,100.0,CE,11.0,11.1,8.5,9.0,9.0,146,319.94,1142000
2014-11-10,2014-11-27,OPTSTK,RCOM,102.5,CE,0.0,0.0,0.0,9.0,6.8,0,0.0,56000
2014-11-10,2014-11-27,OPTSTK,RCOM,105.0,CE,7.25,7.75,5.3,5.5,5.5,92,204.86,616000
2014-11-10,2014-11-27,OPTSTK,RCOM,107.5,CE,5.0,5.7,4.1,4.25,4.25,43,96.34,92000
2014-11-10,2014-11-27,OPTSTK,RCOM,110.0,CE,4.25,4.9,3.1,3.2,3.2,1027,2337.64,2176000
2014-11-10,2014-11-27,OPTSTK,RCOM,112.5,CE,3.0,3.8,2.4,2.45,2.45,46,106.14,110000
2014-11-10,2014-11-27,OPTSTK,RCOM,115.0,CE,2.6,2.85,1.7,1.8,1.8,508,1191.14,1536000
2014-11-10,2014-11-27,OPTSTK,RCOM,117.5,CE,2.0,2.0,1.5,1.55,1.55,12,28.6,52000
2014-11-10,2014-11-27,OPTSTK,RCOM,120.0,CE,1.5,1.7,0.9,1.0,1.0,642,1556.66,1042000
2014-11-10,2014-11-27,OPTSTK,RCOM,122.5,CE,0.85,0.85,0.85,0.85,0.85,1,2.46,28000
2014-11-10,2014-11-27,OPTSTK,RCOM,125.0,CE,0.7,0.95,0.5,0.55,0.55,70,175.85,280000
2014-11-10,2014-11-27,OPTSTK,RCOM,127.5,CE,0.0,0.0,0.0,1.0,0.2,0,0.0,0
2014-11-10,2014-11-27,OPTSTK,RCOM,130.0,CE,0.4,0.5,0.3,0.3,0.3,29,75.62,222000
2014-11-10,2014-11-27,OPTSTK,RCOM,132.5,CE,0.0,0.0,0.0,0.65,0.1,0,0.0,0
2014-11-10,2014-11-27,OPTSTK,RCOM,135.0,CE,0.0,0.0,0.0,0.25,0.05,0,0.0,4000
2014-11-10,2014-11-27,OPTSTK,RCOM,137.5,CE,0.0,0.0,0.0,0.45,0.05,0,0.0,0
2014-11-10,2014-11-27,OPTSTK,RCOM,140.0,CE,0.15,0.25,0.15,0.25,0.25,6,16.82,98000
2014-11-10,2014-11-27,OPTSTK,RCOM,142.5,CE,0.0,0.0,0.0,0.3,0.05,0,0.0,0
2014-11-10,2014-11-27,OPTSTK,RCOM,145.0,CE,0.0,0.0,0.0,1.4,0.0,0,0.0,2000
2014-11-10,2014-11-27,OPTSTK,RCOM,147.5,CE,0.0,0.0,0.0,0.4,0.0,0,0.0,0
2014-11-10,2014-11-27,OPTSTK,RCOM,150.0,CE,0.0,0.0,0.0,0.15,0.0,0,0.0,4000
2014-11-10,2014-11-27,OPTSTK,RCOM,155.0,CE,0.0,0.0,0.0,0.8,0.0,0,0.0,0
2014-11-10,2014-11-27,OPTSTK,RCOM,160.0,CE,0.0,0.0,0.0,0.55,0.0,0,0.0,0
2014-11-10,2014-11-27,OPTSTK,RCOM,165.0,CE,0.0,0.0,0.0,0.35,0.0,0,0.0,0
2014-11-10,2014-11-27,OPTSTK,RCOM,170.0,CE,0.0,0.0,0.0,0.25,0.0,0,0.0,0
2014-11-10,2014-11-27,OPTSTK,RCOM,175.0,CE,0.0,0.0,0.0,0.2,0.0,0,0.0,0
2014-11-10,2014-11-27,OPTSTK,RCOM,70.0,PE,0.0,0.0,0.0,0.05,0.0,0,0.0,0
2014-11-10,2014-11-27,OPTSTK,RCOM,72.5,PE,0.0,0.0,0.0,0.6,0.0,0,0.0,0
2014-11-10,2014-11-27,OPTSTK,RCOM,75.0,PE,0.0,0.0,0.0,0.05,0.0,0,0.0,0
2014-11-10,2014-11-27,OPTSTK,RCOM,77.5,PE,0.0,0.0,0.0,1.2,0.0,0,0.0,0
2014-11-10,2014-11-27,OPTSTK,RCOM,80.0,PE,0.15,0.15,0.1,0.1,0.1,3,4.8,100000
2014-11-10,2014-11-27,OPTSTK,RCOM,82.5,PE,0.0,0.0,0.0,0.3,0.05,0,0.0,10000
2014-11-10,2014-11-27,OPTSTK,RCOM,85.0,PE,0.3,0.3,0.25,0.25,0.25,14,23.87,50000
2014-11-10,2014-11-27,OPTSTK,RCOM,87.5,PE,0.3,0.3,0.3,0.3,0.3,1,1.75,6000
2014-11-10,2014-11-27,OPTSTK,RCOM,90.0,PE,0.55,0.6,0.45,0.6,0.6,12,21.72,226000
2014-11-10,2014-11-27,OPTSTK,RCOM,92.5,PE,0.0,0.0,0.0,0.7,0.35,0,0.0,30000
2014-11-10,2014-11-27,OPTSTK,RCOM,95.0,PE,0.95,1.05,0.75,0.8,0.8,46,88.2,366000
2014-11-10,2014-11-27,OPTSTK,RCOM,97.5,PE,1.2,1.45,1.2,1.45,1.45,3,5.92,162000
2014-11-10,2014-11-27,OPTSTK,RCOM,100.0,PE,1.55,2.1,1.4,1.7,1.7,355,722.71,730000
2014-11-10,2014-11-27,OPTSTK,RCOM,102.5,PE,2.45,2.75,1.9,2.45,2.45,25,52.48,66000
2014-11-10,2014-11-27,OPTSTK,RCOM,105.0,PE,2.8,3.8,2.5,3.35,3.35,295,638.63,576000
2014-11-10,2014-11-27,OPTSTK,RCOM,107.5,PE,4.25,5.0,3.75,4.55,4.55,19,42.54,78000
2014-11-10,2014-11-27,OPTSTK,RCOM,110.0,PE,5.4,6.6,4.55,6.05,6.05,152,351.9,514000
2014-11-10,2014-11-27,OPTSTK,RCOM,112.5,PE,0.0,0.0,0.0,6.35,7.7,0,0.0,4000
2014-11-10,2014-11-27,OPTSTK,RCOM,115.0,PE,9.9,10.25,9.05,9.05,9.05,6,14.96,98000
2014-11-10,2014-11-27,OPTSTK,RCOM,117.5,PE,0.0,0.0,0.0,22.1,11.6,0,0.0,0
2014-11-10,2014-11-27,OPTSTK,RCOM,120.0,PE,0.0,0.0,0.0,14.6,13.7,0,0.0,152000
2014-11-10,2014-11-27,OPTSTK,RCOM,122.5,PE,0.0,0.0,0.0,26.35,15.95,0,0.0,0
2014-11-10,2014-11-27,OPTSTK,RCOM,125.0,PE,0.0,0.0,0.0,21.7,18.3,0,0.0,10000
2014-11-10,2014-11-27,OPTSTK,RCOM,127.5,PE,0.0,0.0,0.0,30.85,20.65,0,0.0,0
2014-11-10,2014-11-27,OPTSTK,RCOM,130.0,PE,0.0,0.0,0.0,26.85,23.1,0,0.0,64000
2014-11-10,2014-11-27,OPTSTK,RCOM,132.5,PE,0.0,0.0,0.0,35.45,25.5,0,0.0,0
2014-11-10,2014-11-27,OPTSTK,RCOM,135.0,PE,0.0,0.0,0.0,33.0,28.0,0,0.0,8000
2014-11-10,2014-11-27,OPTSTK,RCOM,137.5,PE,0.0,0.0,0.0,40.15,30.45,0,0.0,0
2014-11-10,2014-11-27,OPTSTK,RCOM,140.0,PE,0.0,0.0,0.0,36.0,32.95,0,0.0,68000
2014-11-10,2014-11-27,OPTSTK,RCOM,142.5,PE,0.0,0.0,0.0,43.2,35.4,0,0.0,0
2014-11-10,2014-11-27,OPTSTK,RCOM,145.0,PE,0.0,0.0,0.0,42.5,37.9,0,0.0,10000
2014-11-10,2014-11-27,OPTSTK,RCOM,147.5,PE,0.0,0.0,0.0,41.3,40.4,0,0.0,0
2014-11-10,2014-11-27,OPTSTK,RCOM,150.0,PE,0.0,0.0,0.0,45.0,42.9,0,0.0,30000
2014-11-10,2014-11-27,OPTSTK,RCOM,155.0,PE,0.0,0.0,0.0,36.5,47.85,0,0.0,0
2014-11-10,2014-11-27,OPTSTK,RCOM,160.0,PE,0.0,0.0,0.0,60.2,52.85,0,0.0,12000
2014-11-10,2014-11-27,OPTSTK,RCOM,165.0,PE,0.0,0.0,0.0,45.85,57.8,0,0.0,0
2014-11-10,2014-11-27,OPTSTK,RCOM,170.0,PE,0.0,0.0,0.0,50.65,62.8,0,0.0,0
2014-11-10,2014-11-27,OPTSTK,RCOM,175.0,PE,0.0,0.0,0.0,55.45,67.8,0,0.0,0
2014-11-10,2014-12-24,OPTSTK,RCOM,70.0,CE,0.0,0.0,0.0,28.05,37.3,0,0.0,0
2014-11-10,2014-12-24,OPTSTK,RCOM,72.5,CE,0.0,0.0,0.0,25.9,34.85,0,0.0,0
2014-11-10,2014-12-24,OPTSTK,RCOM,75.0,CE,0.0,0.0,0.0,23.8,32.4,0,0.0,0
2014-11-10,2014-12-24,OPTSTK,RCOM,77.5,CE,0.0,0.0,0.0,21.8,30.0,0,0.0,0
2014-11-10,2014-12-24,OPTSTK,RCOM,80.0,CE,0.0,0.0,0.0,19.9,27.6,0,0.0,0
2014-11-10,2014-12-24,OPTSTK,RCOM,82.5,CE,0.0,0.0,0.0,18.1,25.25,0,0.0,0
2014-11-10,2014-12-24,OPTSTK,RCOM,85.0,CE,0.0,0.0,0.0,16.4,22.95,0,0.0,0
2014-11-10,2014-12-24,OPTSTK,RCOM,87.5,CE,0.0,0.0,0.0,14.8,20.75,0,0.0,0
2014-11-10,2014-12-24,OPTSTK,RCOM,90.0,CE,0.0,0.0,0.0,13.3,18.6,0,0.0,0
2014-11-10,2014-12-24,OPTSTK,RCOM,92.5,CE,0.0,0.0,0.0,11.95,16.55,0,0.0,0
2014-11-10,2014-12-24,OPTSTK,RCOM,95.0,CE,0.0,0.0,0.0,10.65,14.6,0,0.0,0
2014-11-10,2014-12-24,OPTSTK,RCOM,97.5,CE,0.0,0.0,0.0,9.5,12.8,0,0.0,0
2014-11-10,2014-12-24,OPTSTK,RCOM,100.0,CE,0.0,0.0,0.0,8.45,11.15,0,0.0,0
2014-11-10,2014-12-24,OPTSTK,RCOM,102.5,CE,0.0,0.0,0.0,7.45,9.6,0,0.0,0
2014-11-10,2014-12-24,OPTSTK,RCOM,105.0,CE,0.0,0.0,0.0,6.6,8.25,0,0.0,0
2014-11-10,2014-12-24,OPTSTK,RCOM,107.5,CE,0.0,0.0,0.0,5.8,7.0,0,0.0,0
2014-11-10,2014-12-24,OPTSTK,RCOM,110.0,CE,0.0,0.0,0.0,5.1,5.9,0,0.0,0
2014-11-10,2014-12-24,OPTSTK,RCOM,112.5,CE,0.0,0.0,0.0,4.45,4.95,0,0.0,0
2014-11-10,2014-12-24,OPTSTK,RCOM,115.0,CE,0.0,0.0,0.0,6.5,4.1,0,0.0,0
2014-11-10,2014-12-24,OPTSTK,RCOM,117.5,CE,0.0,0.0,0.0,3.4,3.4,0,0.0,0
2014-11-10,2014-12-24,OPTSTK,RCOM,120.0,CE,0.0,0.0,0.0,3.1,2.8,0,0.0,0
2014-11-10,2014-12-24,OPTSTK,RCOM,122.5,CE,0.0,0.0,0.0,2.55,2.25,0,0.0,0
2014-11-10,2014-12-24,OPTSTK,RCOM,125.0,CE,0.0,0.0,0.0,2.2,1.85,0,0.0,0
2014-11-10,2014-12-24,OPTSTK,RCOM,127.5,CE,0.0,0.0,0.0,1.9,1.45,0,0.0,0
2014-11-10,2014-12-24,OPTSTK,RCOM,130.0,CE,0.0,0.0,0.0,1.65,1.2,0,0.0,0
2014-11-10,2014-12-24,OPTSTK,RCOM,132.5,CE,0.0,0.0,0.0,1.45,0.95,0,0.0,0
2014-11-10,2014-12-24,OPTSTK,RCOM,135.0,CE,0.0,0.0,0.0,1.25,0.75,0,0.0,0
2014-11-10,2014-12-24,OPTSTK,RCOM,137.5,CE,0.0,0.0,0.0,1.05,0.6,0,0.0,0
2014-11-10,2014-12-24,OPTSTK,RCOM,140.0,CE,0.0,0.0,0.0,0.9,0.45,0,0.0,0
2014-11-10,2014-12-24,OPTSTK,RCOM,70.0,PE,0.0,0.0,0.0,0.8,0.05,0,0.0,0
2014-11-10,2014-12-24,OPTSTK,RCOM,72.5,PE,0.0,0.0,0.0,1.1,0.05,0,0.0,0
2014-11-10,2014-12-24,OPTSTK,RCOM,75.0,PE,0.0,0.0,0.0,1.45,0.1,0,0.0,0
2014-11-10,2014-12-24,OPTSTK,RCOM,77.5,PE,0.0,0.0,0.0,1.9,0.15,0,0.0,0
2014-11-10,2014-12-24,OPTSTK,RCOM,80.0,PE,0.0,0.0,0.0,2.45,0.2,0,0.0,0
2014-11-10,2014-12-24,OPTSTK,RCOM,82.5,PE,0.0,0.0,0.0,3.1,0.35,0,0.0,0
2014-11-10,2014-12-24,OPTSTK,RCOM,85.0,PE,0.0,0.0,0.0,3.85,0.5,0,0.0,0
2014-11-10,2014-12-24,OPTSTK,RCOM,87.5,PE,0.0,0.0,0.0,4.7,0.75,0,0.0,0
2014-11-10,2014-12-24,OPTSTK,RCOM,90.0,PE,0.0,0.0,0.0,5.65,1.1,0,0.0,0
2014-11-10,2014-12-24,OPTSTK,RCOM,92.5,PE,0.0,0.0,0.0,6.7,1.55,0,0.0,0
2014-11-10,2014-12-24,OPTSTK,RCOM,95.0,PE,0.0,0.0,0.0,7.9,2.05,0,0.0,0
2014-11-10,2014-12-24,OPTSTK,RCOM,97.5,PE,0.0,0.0,0.0,9.15,2.75,0,0.0,0
2014-11-10,2014-12-24,OPTSTK,RCOM,100.0,PE,0.0,0.0,0.0,2.8,3.55,0,0.0,2000
2014-11-10,2014-12-24,OPTSTK,RCOM,102.5,PE,0.0,0.0,0.0,12.05,4.5,0,0.0,0
2014-11-10,2014-12-24,OPTSTK,RCOM,105.0,PE,0.0,0.0,0.0,13.6,5.6,0,0.0,0
2014-11-10,2014-12-24,OPTSTK,RCOM,107.5,PE,0.0,0.0,0.0,15.25,6.8,0,0.0,0
2014-11-10,2014-12-24,OPTSTK,RCOM,110.0,PE,8.15,8.15,8.15,8.15,8.15,1,2.36,2000
2014-11-10,2014-12-24,OPTSTK,RCOM,112.5,PE,0.0,0.0,0.0,18.8,9.7,0,0.0,0
2014-11-10,2014-12-24,OPTSTK,RCOM,115.0,PE,0.0,0.0,0.0,20.7,11.35,0,0.0,0
2014-11-10,2014-12-24,OPTSTK,RCOM,117.5,PE,0.0,0.0,0.0,22.65,13.1,0,0.0,0
2014-11-10,2014-12-24,OPTSTK,RCOM,120.0,PE,0.0,0.0,0.0,24.65,14.95,0,0.0,0
2014-11-10,2014-12-24,OPTSTK,RCOM,122.5,PE,0.0,0.0,0.0,26.7,16.9,0,0.0,0
2014-11-10,2014-12-24,OPTSTK,RCOM,125.0,PE,0.0,0.0,0.0,28.8,18.95,0,0.0,0
2014-11-10,2014-12-24,OPTSTK,RCOM,127.5,PE,0.0,0.0,0.0,30.95,21.1,0,0.0,0
2014-11-10,2014-12-24,OPTSTK,RCOM,130.0,PE,0.0,0.0,0.0,33.15,23.25,0,0.0,0
2014-11-10,2014-12-24,OPTSTK,RCOM,132.5,PE,0.0,0.0,0.0,35.35,25.5,0,0.0,0
2014-11-10,2014-12-24,OPTSTK,RCOM,135.0,PE,0.0,0.0,0.0,37.6,27.8,0,0.0,0
2014-11-10,2014-12-24,OPTSTK,RCOM,137.5,PE,0.0,0.0,0.0,39.85,30.1,0,0.0,0
2014-11-10,2014-12-24,OPTSTK,RCOM,140.0,PE,0.0,0.0,0.0,42.15,32.45,0,0.0,0
2014-11-10,2015-01-29,OPTSTK,RCOM,70.0,CE,0.0,0.0,0.0,34.2,38.05,0,0.0,0
2014-11-10,2015-01-29,OPTSTK,RCOM,72.5,CE,0.0,0.0,0.0,31.9,35.7,0,0.0,0
2014-11-10,2015-01-29,OPTSTK,RCOM,75.0,CE,0.0,0.0,0.0,29.65,33.35,0,0.0,0
2014-11-10,2015-01-29,OPTSTK,RCOM,77.5,CE,0.0,0.0,0.0,27.45,31.05,0,0.0,0
2014-11-10,2015-01-29,OPTSTK,RCOM,80.0,CE,0.0,0.0,0.0,25.3,28.8,0,0.0,0
2014-11-10,2015-01-29,OPTSTK,RCOM,82.5,CE,0.0,0.0,0.0,23.25,26.65,0,0.0,0
2014-11-10,2015-01-29,OPTSTK,RCOM,85.0,CE,0.0,0.0,0.0,21.3,24.55,0,0.0,0
2014-11-10,2015-01-29,OPTSTK,RCOM,87.5,CE,0.0,0.0,0.0,19.4,22.5,0,0.0,0
2014-11-10,2015-01-29,OPTSTK,RCOM,90.0,CE,0.0,0.0,0.0,17.65,20.55,0,0.0,0
2014-11-10,2015-01-29,OPTSTK,RCOM,92.5,CE,0.0,0.0,0.0,15.95,18.7,0,0.0,0
2014-11-10,2015-01-29,OPTSTK,RCOM,95.0,CE,0.0,0.0,0.0,14.4,16.95,0,0.0,0
2014-11-10,2015-01-29,OPTSTK,RCOM,97.5,CE,0.0,0.0,0.0,12.95,15.3,0,0.0,0
2014-11-10,2015-01-29,OPTSTK,RCOM,100.0,CE,0.0,0.0,0.0,11.6,13.8,0,0.0,0
2014-11-10,2015-01-29,OPTSTK,RCOM,102.5,CE,0.0,0.0,0.0,10.3,12.35,0,0.0,0
2014-11-10,2015-01-29,OPTSTK,RCOM,105.0,CE,0.0,0.0,0.0,9.2,11.05,0,0.0,0
2014-11-10,2015-01-29,OPTSTK,RCOM,107.5,CE,0.0,0.0,0.0,8.15,9.8,0,0.0,0
2014-11-10,2015-01-29,OPTSTK,RCOM,110.0,CE,0.0,0.0,0.0,7.2,8.7,0,0.0,0
2014-11-10,2015-01-29,OPTSTK,RCOM,112.5,CE,0.0,0.0,0.0,6.3,7.7,0,0.0,0
2014-11-10,2015-01-29,OPTSTK,RCOM,115.0,CE,0.0,0.0,0.0,5.55,6.75,0,0.0,0
2014-11-10,2015-01-29,OPTSTK,RCOM,117.5,CE,0.0,0.0,0.0,4.85,5.95,0,0.0,0
2014-11-10,2015-01-29,OPTSTK,RCOM,120.0,CE,0.0,0.0,0.0,4.25,5.2,0,0.0,0
2014-11-10,2015-01-29,OPTSTK,RCOM,122.5,CE,0.0,0.0,0.0,3.7,4.55,0,0.0,0
2014-11-10,2015-01-29,OPTSTK,RCOM,125.0,CE,0.0,0.0,0.0,3.2,3.95,0,0.0,0
2014-11-10,2015-01-29,OPTSTK,RCOM,127.5,CE,0.0,0.0,0.0,2.8,3.45,0,0.0,0
2014-11-10,2015-01-29,OPTSTK,RCOM,130.0,CE,0.0,0.0,0.0,2.4,2.95,0,0.0,0
2014-11-10,2015-01-29,OPTSTK,RCOM,132.5,CE,0.0,0.0,0.0,2.1,2.55,0,0.0,0
2014-11-10,2015-01-29,OPTSTK,RCOM,135.0,CE,0.0,0.0,0.0,1.8,2.2,0,0.0,0
2014-11-10,2015-01-29,OPTSTK,RCOM,137.5,CE,0.0,0.0,0.0,1.55,1.9,0,0.0,0
2014-11-10,2015-01-29,OPTSTK,RCOM,140.0,CE,0.0,0.0,0.0,1.35,1.65,0,0.0,0
2014-11-10,2015-01-29,OPTSTK,RCOM,70.0,PE,0.0,0.0,0.0,0.35,0.2,0,0.0,0
2014-11-10,2015-01-29,OPTSTK,RCOM,72.5,PE,0.0,0.0,0.0,0.45,0.25,0,0.0,0
2014-11-10,2015-01-29,OPTSTK,RCOM,75.0,PE,0.0,0.0,0.0,0.65,0.4,0,0.0,0
2014-11-10,2015-01-29,OPTSTK,RCOM,77.5,PE,0.0,0.0,0.0,0.9,0.55,0,0.0,0
2014-11-10,2015-01-29,OPTSTK,RCOM,80.0,PE,0.0,0.0,0.0,1.25,0.75,0,0.0,0
2014-11-10,2015-01-29,OPTSTK,RCOM,82.5,PE,0.0,0.0,0.0,1.65,1.05,0,0.0,0
2014-11-10,2015-01-29,OPTSTK,RCOM,85.0,PE,0.0,0.0,0.0,2.1,1.4,0,0.0,0
2014-11-10,2015-01-29,OPTSTK,RCOM,87.5,PE,0.0,0.0,0.0,2.7,1.8,0,0.0,0
2014-11-10,2015-01-29,OPTSTK,RCOM,90.0,PE,0.0,0.0,0.0,3.35,2.3,0,0.0,0
2014-11-10,2015-01-29,OPTSTK,RCOM,92.5,PE,0.0,0.0,0.0,4.1,2.9,0,0.0,0
2014-11-10,2015-01-29,OPTSTK,RCOM,95.0,PE,0.0,0.0,0.0,5.0,3.6,0,0.0,0
2014-11-10,2015-01-29,OPTSTK,RCOM,97.5,PE,0.0,0.0,0.0,6.0,4.4,0,0.0,0
2014-11-10,2015-01-29,OPTSTK,RCOM,100.0,PE,0.0,0.0,0.0,7.05,5.35,0,0.0,0
2014-11-10,2015-01-29,OPTSTK,RCOM,102.5,PE,0.0,0.0,0.0,8.25,6.35,0,0.0,0
2014-11-10,2015-01-29,OPTSTK,RCOM,105.0,PE,0.0,0.0,0.0,9.55,7.5,0,0.0,0
2014-11-10,2015-01-29,OPTSTK,RCOM,107.5,PE,0.0,0.0,0.0,10.95,8.7,0,0.0,0
2014-11-10,2015-01-29,OPTSTK,RCOM,110.0,PE,0.0,0.0,0.0,12.45,10.05,0,0.0,0
2014-11-10,2015-01-29,OPTSTK,RCOM,112.5,PE,0.0,0.0,0.0,14.05,11.5,0,0.0,0
2014-11-10,2015-01-29,OPTSTK,RCOM,115.0,PE,0.0,0.0,0.0,15.7,13.05,0,0.0,0
2014-11-10,2015-01-29,OPTSTK,RCOM,117.5,PE,0.0,0.0,0.0,17.5,14.65,0,0.0,0
2014-11-10,2015-01-29,OPTSTK,RCOM,120.0,PE,0.0,0.0,0.0,19.3,16.35,0,0.0,0
2014-11-10,2015-01-29,OPTSTK,RCOM,122.5,PE,0.0,0.0,0.0,21.2,18.15,0,0.0,0
2014-11-10,2015-01-29,OPTSTK,RCOM,125.0,PE,0.0,0.0,0.0,23.15,20.05,0,0.0,0
2014-11-10,2015-01-29,OPTSTK,RCOM,127.5,PE,0.0,0.0,0.0,25.2,21.95,0,0.0,0
2014-11-10,2015-01-29,OPTSTK,RCOM,130.0,PE,0.0,0.0,0.0,27.25,23.95,0,0.0,0
2014-11-10,2015-01-29,OPTSTK,RCOM,132.5,PE,0.0,0.0,0.0,29.35,26.0,0,0.0,0
2014-11-10,2015-01-29,OPTSTK,RCOM,135.0,PE,0.0,0.0,0.0,31.55,28.1,0,0.0,0
2014-11-10,2015-01-29,OPTSTK,RCOM,137.5,PE,0.0,0.0,0.0,33.75,30.25,0,0.0,0
2014-11-10,2015-01-29,OPTSTK,RCOM,140.0,PE,0.0,0.0,0.0,35.95,32.45,0,0.0,0
2014-11-10,2014-11-27,OPTSTK,RECLTD,140.0,CE,0.0,0.0,0.0,131.4,161.65,0,0.0,0
2014-11-10,2014-11-27,OPTSTK,RECLTD,150.0,CE,0.0,0.0,0.0,93.1,151.7,0,0.0,0
2014-11-10,2014-11-27,OPTSTK,RECLTD,160.0,CE,0.0,0.0,0.0,112.05,141.75,0,0.0,0
2014-11-10,2014-11-27,OPTSTK,RECLTD,170.0,CE,0.0,0.0,0.0,74.25,131.8,0,0.0,0
2014-11-10,2014-11-27,OPTSTK,RECLTD,180.0,CE,0.0,0.0,0.0,93.15,121.85,0,0.0,0
2014-11-10,2014-11-27,OPTSTK,RECLTD,190.0,CE,0.0,0.0,0.0,56.85,111.85,0,0.0,0
2014-11-10,2014-11-27,OPTSTK,RECLTD,200.0,CE,0.0,0.0,0.0,75.3,101.9,0,0.0,0
2014-11-10,2014-11-27,OPTSTK,RECLTD,210.0,CE,0.0,0.0,0.0,41.6,91.95,0,0.0,0
2014-11-10,2014-11-27,OPTSTK,RECLTD,220.0,CE,0.0,0.0,0.0,59.05,82.0,0,0.0,0
2014-11-10,2014-11-27,OPTSTK,RECLTD,230.0,CE,69.0,69.0,69.0,69.0,69.0,3,8.97,3000
2014-11-10,2014-11-27,OPTSTK,RECLTD,240.0,CE,61.0,61.0,61.0,61.0,61.0,3,9.03,6000
2014-11-10,2014-11-27,OPTSTK,RECLTD,250.0,CE,0.0,0.0,0.0,31.25,52.4,0,0.0,3000
2014-11-10,2014-11-27,OPTSTK,RECLTD,260.0,CE,0.0,0.0,0.0,36.6,42.9,0,0.0,1000
2014-11-10,2014-11-27,OPTSTK,RECLTD,270.0,CE,0.0,0.0,0.0,35.45,33.95,0,0.0,4000
2014-11-10,2014-11-27,OPTSTK,RECLTD,280.0,CE,33.25,33.25,31.5,31.5,31.5,10,31.22,16000
2014-11-10,2014-11-27,OPTSTK,RECLTD,290.0,CE,14.4,25.0,9.15,17.45,17.45,61,186.52,32000
2014-11-10,2014-11-27,OPTSTK,RECLTD,300.0,CE,15.0,18.45,5.7,11.9,11.9,851,2654.97,214000
2014-11-10,2014-11-27,OPTSTK,RECLTD,310.0,CE,9.65,12.6,3.5,7.1,7.1,701,2235.99,174000
2014-11-10,2014-11-27,OPTSTK,RECLTD,320.0,CE,6.2,8.25,1.85,4.5,4.5,727,2369.15,172000
2014-11-10,2014-11-27,OPTSTK,RECLTD,330.0,CE,4.1,5.0,1.05,2.45,2.45,209,696.23,68000
2014-11-10,2014-11-27,OPTSTK,RECLTD,340.0,CE,2.75,3.05,0.65,1.35,1.35,210,716.97,131000
2014-11-10,2014-11-27,OPTSTK,RECLTD,350.0,CE,0.55,1.6,0.4,0.75,0.75,12,42.1,12000
2014-11-10,2014-11-27,OPTSTK,RECLTD,360.0,CE,0.0,0.0,0.0,5.15,0.5,0,0.0,0
2014-11-10,2014-11-27,OPTSTK,RECLTD,370.0,CE,0.0,0.0,0.0,2.4,0.25,0,0.0,0
2014-11-10,2014-11-27,OPTSTK,RECLTD,380.0,CE,0.0,0.0,0.0,3.4,0.15,0,0.0,0
2014-11-10,2014-11-27,OPTSTK,RECLTD,400.0,CE,0.0,0.0,0.0,2.2,0.05,0,0.0,0
2014-11-10,2014-11-27,OPTSTK,RECLTD,420.0,CE,0.0,0.0,0.0,1.4,0.0,0,0.0,0
2014-11-10,2014-11-27,OPTSTK,RECLTD,440.0,CE,0.0,0.0,0.0,0.9,0.0,0,0.0,0
2014-11-10,2014-11-27,OPTSTK,RECLTD,460.0,CE,0.0,0.0,0.0,0.6,0.0,0,0.0,0
2014-11-10,2014-11-27,OPTSTK,RECLTD,140.0,PE,0.0,0.0,0.0,0.05,0.0,0,0.0,0
2014-11-10,2014-11-27,OPTSTK,RECLTD,150.0,PE,0.0,0.0,0.0,0.3,0.0,0,0.0,0
2014-11-10,2014-11-27,OPTSTK,RECLTD,160.0,PE,0.0,0.0,0.0,0.3,0.0,0,0.0,0
2014-11-10,2014-11-27,OPTSTK,RECLTD,170.0,PE,0.0,0.0,0.0,1.15,0.0,0,0.0,0
2014-11-10,2014-11-27,OPTSTK,RECLTD,180.0,PE,0.0,0.0,0.0,1.0,0.0,0,0.0,0
2014-11-10,2014-11-27,OPTSTK,RECLTD,190.0,PE,0.0,0.0,0.0,3.4,0.0,0,0.0,0
2014-11-10,2014-11-27,OPTSTK,RECLTD,200.0,PE,0.0,0.0,0.0,2.7,0.0,0,0.0,0
2014-11-10,2014-11-27,OPTSTK,RECLTD,210.0,PE,0.0,0.0,0.0,7.9,0.0,0,0.0,0
2014-11-10,2014-11-27,OPTSTK,RECLTD,220.0,PE,0.0,0.0,0.0,6.05,0.0,0,0.0,0
2014-11-10,2014-11-27,OPTSTK,RECLTD,230.0,PE,0.0,0.0,0.0,15.1,0.05,0,0.0,0
2014-11-10,2014-11-27,OPTSTK,RECLTD,240.0,PE,0.15,0.15,0.15,0.15,0.15,3,7.2,5000
2014-11-10,2014-11-27,OPTSTK,RECLTD,250.0,PE,0.0,0.0,0.0,1.2,0.3,0,0.0,5000
2014-11-10,2014-11-27,OPTSTK,RECLTD,260.0,PE,1.75,2.1,0.35,0.5,0.5,47,122.72,59000
2014-11-10,2014-11-27,OPTSTK,RECLTD,270.0,PE,1.95,4.35,0.8,1.05,1.05,96,260.81,55000
2014-11-10,2014-11-27,OPTSTK,RECLTD,280.0,PE,4.1,7.65,1.7,2.75,2.75,149,421.82,53000
2014-11-10,2014-11-27,OPTSTK,RECLTD,290.0,PE,8.05,12.5,3.4,5.3,5.3,260,768.81,82000
2014-11-10,2014-11-27,OPTSTK,RECLTD,300.0,PE,9.0,18.8,5.65,9.15,9.15,411,1273.82,70000
2014-11-10,2014-11-27,OPTSTK,RECLTD,310.0,PE,11.75,14.0,10.5,14.0,14.0,30,96.43,20000
2014-11-10,2014-11-27,OPTSTK,RECLTD,320.0,PE,33.9,34.2,15.45,21.45,21.45,16,54.76,25000
2014-11-10,2014-11-27,OPTSTK,RECLTD,330.0,PE,40.4,40.4,40.4,40.4,40.4,1,3.7,1000
2014-11-10,2014-11-27,OPTSTK,RECLTD,340.0,PE,0.0,0.0,0.0,43.0,39.35,0,0.0,14000
2014-11-10,2014-11-27,OPTSTK,RECLTD,350.0,PE,0.0,0.0,0.0,105.85,48.5,0,0.0,0
2014-11-10,2014-11-27,OPTSTK,RECLTD,360.0,PE,0.0,0.0,0.0,89.15,58.0,0,0.0,0
2014-11-10,2014-11-27,OPTSTK,RECLTD,370.0,PE,0.0,0.0,0.0,111.9,67.7,0,0.0,0
2014-11-10,2014-11-27,OPTSTK,RECLTD,380.0,PE,0.0,0.0,0.0,106.95,77.55,0,0.0,0
2014-11-10,2014-11-27,OPTSTK,RECLTD,400.0,PE,0.0,0.0,0.0,125.35,97.35,0,0.0,0
2014-11-10,2014-11-27,OPTSTK,RECLTD,420.0,PE,0.0,0.0,0.0,144.15,117.25,0,0.0,0
2014-11-10,2014-11-27,OPTSTK,RECLTD,440.0,PE,0.0,0.0,0.0,163.2,137.2,0,0.0,0
2014-11-10,2014-11-27,OPTSTK,RECLTD,460.0,PE,0.0,0.0,0.0,182.45,157.1,0,0.0,0
2014-11-10,2014-12-24,OPTSTK,RECLTD,140.0,CE,0.0,0.0,0.0,103.95,162.6,0,0.0,0
2014-11-10,2014-12-24,OPTSTK,RECLTD,150.0,CE,0.0,0.0,0.0,94.55,152.7,0,0.0,0
2014-11-10,2014-12-24,OPTSTK,RECLTD,160.0,CE,0.0,0.0,0.0,85.35,142.8,0,0.0,0
2014-11-10,2014-12-24,OPTSTK,RECLTD,170.0,CE,0.0,0.0,0.0,76.5,132.9,0,0.0,0
2014-11-10,2014-12-24,OPTSTK,RECLTD,180.0,CE,0.0,0.0,0.0,68.05,123.0,0,0.0,0
2014-11-10,2014-12-24,OPTSTK,RECLTD,190.0,CE,0.0,0.0,0.0,60.1,113.1,0,0.0,0
2014-11-10,2014-12-24,OPTSTK,RECLTD,200.0,CE,0.0,0.0,0.0,52.65,103.25,0,0.0,0
2014-11-10,2014-12-24,OPTSTK,RECLTD,210.0,CE,0.0,0.0,0.0,45.8,93.45,0,0.0,0
2014-11-10,2014-12-24,OPTSTK,RECLTD,220.0,CE,0.0,0.0,0.0,39.6,83.75,0,0.0,0
2014-11-10,2014-12-24,OPTSTK,RECLTD,230.0,CE,0.0,0.0,0.0,33.95,74.15,0,0.0,0
2014-11-10,2014-12-24,OPTSTK,RECLTD,240.0,CE,0.0,0.0,0.0,28.95,64.9,0,0.0,0
2014-11-10,2014-12-24,OPTSTK,RECLTD,250.0,CE,0.0,0.0,0.0,24.55,55.95,0,0.0,0
2014-11-10,2014-12-24,OPTSTK,RECLTD,260.0,CE,0.0,0.0,0.0,20.7,47.55,0,0.0,0
2014-11-10,2014-12-24,OPTSTK,RECLTD,270.0,CE,0.0,0.0,0.0,17.4,39.8,0,0.0,0
2014-11-10,2014-12-24,OPTSTK,RECLTD,280.0,CE,0.0,0.0,0.0,14.5,32.75,0,0.0,0
2014-11-10,2014-12-24,OPTSTK,RECLTD,290.0,CE,0.0,0.0,0.0,12.1,26.5,0,0.0,0
2014-11-10,2014-12-24,OPTSTK,RECLTD,300.0,CE,23.95,23.95,23.0,23.0,23.0,2,6.46,1000
2014-11-10,2014-12-24,OPTSTK,RECLTD,310.0,CE,12.0,12.0,12.0,12.0,12.0,3,9.66,3000
2014-11-10,2014-12-24,OPTSTK,RECLTD,320.0,CE,0.0,0.0,0.0,6.8,12.7,0,0.0,0
2014-11-10,2014-12-24,OPTSTK,RECLTD,330.0,CE,0.0,0.0,0.0,5.6,9.65,0,0.0,0
2014-11-10,2014-12-24,OPTSTK,RECLTD,340.0,CE,0.0,0.0,0.0,4.55,7.2,0,0.0,0
2014-11-10,2014-12-24,OPTSTK,RECLTD,350.0,CE,0.0,0.0,0.0,3.7,5.3,0,0.0,0
2014-11-10,2014-12-24,OPTSTK,RECLTD,360.0,CE,0.0,0.0,0.0,3.05,3.85,0,0.0,0
2014-11-10,2014-12-24,OPTSTK,RECLTD,140.0,PE,0.0,0.0,0.0,0.4,0.0,0,0.0,0
2014-11-10,2014-12-24,OPTSTK,RECLTD,150.0,PE,0.0,0.0,0.0,0.75,0.0,0,0.0,0
2014-11-10,2014-12-24,OPTSTK,RECLTD,160.0,PE,0.0,0.0,0.0,1.35,0.0,0,0.0,0
2014-11-10,2014-12-24,OPTSTK,RECLTD,170.0,PE,0.0,0.0,0.0,2.3,0.0,0,0.0,0
2014-11-10,2014-12-24,OPTSTK,RECLTD,180.0,PE,0.0,0.0,0.0,3.65,0.0,0,0.0,0
2014-11-10,2014-12-24,OPTSTK,RECLTD,190.0,PE,0.0,0.0,0.0,5.45,0.05,0,0.0,0
2014-11-10,2014-12-24,OPTSTK,RECLTD,200.0,PE,0.0,0.0,0.0,7.8,0.05,0,0.0,0
2014-11-10,2014-12-24,OPTSTK,RECLTD,210.0,PE,0.0,0.0,0.0,10.75,0.15,0,0.0,0
2014-11-10,2014-12-24,OPTSTK,RECLTD,220.0,PE,0.0,0.0,0.0,14.3,0.3,0,0.0,0
2014-11-10,2014-12-24,OPTSTK,RECLTD,230.0,PE,0.0,0.0,0.0,18.45,0.65,0,0.0,0
2014-11-10,2014-12-24,OPTSTK,RECLTD,240.0,PE,0.0,0.0,0.0,23.25,1.25,0,0.0,0
2014-11-10,2014-12-24,OPTSTK,RECLTD,250.0,PE,0.0,0.0,0.0,28.6,2.25,0,0.0,0
2014-11-10,2014-12-24,OPTSTK,RECLTD,260.0,PE,0.0,0.0,0.0,34.55,3.75,0,0.0,0
2014-11-10,2014-12-24,OPTSTK,RECLTD,270.0,PE,0.0,0.0,0.0,41.0,5.85,0,0.0,0
2014-11-10,2014-12-24,OPTSTK,RECLTD,280.0,PE,0.0,0.0,0.0,47.9,8.7,0,0.0,0
2014-11-10,2014-12-24,OPTSTK,RECLTD,290.0,PE,0.0,0.0,0.0,55.25,12.35,0,0.0,0
2014-11-10,2014-12-24,OPTSTK,RECLTD,300.0,PE,0.0,0.0,0.0,62.95,16.85,0,0.0,0
2014-11-10,2014-12-24,OPTSTK,RECLTD,310.0,PE,0.0,0.0,0.0,71.0,22.15,0,0.0,0
2014-11-10,2014-12-24,OPTSTK,RECLTD,320.0,PE,0.0,0.0,0.0,79.3,28.25,0,0.0,0
2014-11-10,2014-12-24,OPTSTK,RECLTD,330.0,PE,0.0,0.0,0.0,87.9,35.1,0,0.0,0
2014-11-10,2014-12-24,OPTSTK,RECLTD,340.0,PE,0.0,0.0,0.0,96.65,42.55,0,0.0,0
2014-11-10,2014-12-24,OPTSTK,RECLTD,350.0,PE,0.0,0.0,0.0,105.6,50.55,0,0.0,0
2014-11-10,2014-12-24,OPTSTK,RECLTD,360.0,PE,0.0,0.0,0.0,114.7,59.0,0,0.0,0
2014-11-10,2015-01-29,OPTSTK,RECLTD,170.0,CE,0.0,0.0,0.0,128.0,134.4,0,0.0,0
2014-11-10,2015-01-29,OPTSTK,RECLTD,180.0,CE,0.0,0.0,0.0,118.45,124.65,0,0.0,0
2014-11-10,2015-01-29,OPTSTK,RECLTD,190.0,CE,0.0,0.0,0.0,109.05,114.95,0,0.0,0
2014-11-10,2015-01-29,OPTSTK,RECLTD,200.0,CE,0.0,0.0,0.0,99.85,105.35,0,0.0,0
2014-11-10,2015-01-29,OPTSTK,RECLTD,210.0,CE,0.0,0.0,0.0,90.95,95.9,0,0.0,0
2014-11-10,2015-01-29,OPTSTK,RECLTD,220.0,CE,0.0,0.0,0.0,82.35,86.7,0,0.0,0
2014-11-10,2015-01-29,OPTSTK,RECLTD,230.0,CE,0.0,0.0,0.0,74.1,77.75,0,0.0,0
2014-11-10,2015-01-29,OPTSTK,RECLTD,240.0,CE,0.0,0.0,0.0,66.3,69.2,0,0.0,0
2014-11-10,2015-01-29,OPTSTK,RECLTD,250.0,CE,0.0,0.0,0.0,59.0,61.05,0,0.0,0
2014-11-10,2015-01-29,OPTSTK,RECLTD,260.0,CE,0.0,0.0,0.0,52.2,53.45,0,0.0,0
2014-11-10,2015-01-29,OPTSTK,RECLTD,270.0,CE,0.0,0.0,0.0,45.9,46.4,0,0.0,0
2014-11-10,2015-01-29,OPTSTK,RECLTD,280.0,CE,0.0,0.0,0.0,40.2,39.9,0,0.0,0
2014-11-10,2015-01-29,OPTSTK,RECLTD,290.0,CE,0.0,0.0,0.0,35.0,34.05,0,0.0,0
2014-11-10,2015-01-29,OPTSTK,RECLTD,300.0,CE,0.0,0.0,0.0,30.3,28.85,0,0.0,0
2014-11-10,2015-01-29,OPTSTK,RECLTD,310.0,CE,0.0,0.0,0.0,26.15,24.25,0,0.0,0
2014-11-10,2015-01-29,OPTSTK,RECLTD,320.0,CE,0.0,0.0,0.0,22.45,20.25,0,0.0,0
2014-11-10,2015-01-29,OPTSTK,RECLTD,330.0,CE,0.0,0.0,0.0,19.2,16.75,0,0.0,0
2014-11-10,2015-01-29,OPTSTK,RECLTD,340.0,CE,0.0,0.0,0.0,16.35,13.8,0,0.0,0
2014-11-10,2015-01-29,OPTSTK,RECLTD,350.0,CE,0.0,0.0,0.0,13.9,11.3,0,0.0,0
2014-11-10,2015-01-29,OPTSTK,RECLTD,360.0,CE,0.0,0.0,0.0,11.75,9.2,0,0.0,0
2014-11-10,2015-01-29,OPTSTK,RECLTD,170.0,PE,0.0,0.0,0.0,0.3,0.05,0,0.0,0
2014-11-10,2015-01-29,OPTSTK,RECLTD,180.0,PE,0.0,0.0,0.0,0.5,0.1,0,0.0,0
2014-11-10,2015-01-29,OPTSTK,RECLTD,190.0,PE,0.0,0.0,0.0,0.9,0.25,0,0.0,0
2014-11-10,2015-01-29,OPTSTK,RECLTD,200.0,PE,0.0,0.0,0.0,1.5,0.45,0,0.0,0
2014-11-10,2015-01-29,OPTSTK,RECLTD,210.0,PE,0.0,0.0,0.0,2.35,0.8,0,0.0,0
2014-11-10,2015-01-29,OPTSTK,RECLTD,220.0,PE,0.0,0.0,0.0,3.55,1.4,0,0.0,0
2014-11-10,2015-01-29,OPTSTK,RECLTD,230.0,PE,0.0,0.0,0.0,5.1,2.3,0,0.0,0
2014-11-10,2015-01-29,OPTSTK,RECLTD,240.0,PE,0.0,0.0,0.0,7.1,3.55,0,0.0,0
2014-11-10,2015-01-29,OPTSTK,RECLTD,250.0,PE,0.0,0.0,0.0,9.55,5.2,0,0.0,0
2014-11-10,2015-01-29,OPTSTK,RECLTD,260.0,PE,0.0,0.0,0.0,12.55,7.4,0,0.0,0
2014-11-10,2015-01-29,OPTSTK,RECLTD,270.0,PE,0.0,0.0,0.0,16.05,10.15,0,0.0,0
2014-11-10,2015-01-29,OPTSTK,RECLTD,280.0,PE,0.0,0.0,0.0,20.1,13.5,0,0.0,0
2014-11-10,2015-01-29,OPTSTK,RECLTD,290.0,PE,0.0,0.0,0.0,24.7,17.5,0,0.0,0
2014-11-10,2015-01-29,OPTSTK,RECLTD,300.0,PE,0.0,0.0,0.0,29.8,22.05,0,0.0,0
2014-11-10,2015-01-29,OPTSTK,RECLTD,310.0,PE,0.0,0.0,0.0,35.4,27.3,0,0.0,0
2014-11-10,2015-01-29,OPTSTK,RECLTD,320.0,PE,0.0,0.0,0.0,41.5,33.05,0,0.0,0
2014-11-10,2015-01-29,OPTSTK,RECLTD,330.0,PE,0.0,0.0,0.0,48.0,39.4,0,0.0,0
2014-11-10,2015-01-29,OPTSTK,RECLTD,340.0,PE,0.0,0.0,0.0,54.95,46.25,0,0.0,0
2014-11-10,2015-01-29,OPTSTK,RECLTD,350.0,PE,0.0,0.0,0.0,62.3,53.55,0,0.0,0
2014-11-10,2015-01-29,OPTSTK,RECLTD,360.0,PE,0.0,0.0,0.0,69.95,61.25,0,0.0,0
2014-11-10,2014-11-27,OPTSTK,RELCAPITAL,320.0,CE,0.0,0.0,0.0,215.85,149.1,0,0.0,0
2014-11-10,2014-11-27,OPTSTK,RELCAPITAL,340.0,CE,0.0,0.0,0.0,196.55,129.15,0,0.0,0
2014-11-10,2014-11-27,OPTSTK,RELCAPITAL,360.0,CE,0.0,0.0,0.0,177.55,109.3,0,0.0,0
2014-11-10,2014-11-27,OPTSTK,RELCAPITAL,380.0,CE,0.0,0.0,0.0,158.95,89.5,0,0.0,0
2014-11-10,2014-11-27,OPTSTK,RELCAPITAL,400.0,CE,0.0,0.0,0.0,76.0,70.25,0,0.0,1500
2014-11-10,2014-11-27,OPTSTK,RELCAPITAL,420.0,CE,0.0,0.0,0.0,73.0,52.1,0,0.0,8000
2014-11-10,2014-11-27,OPTSTK,RELCAPITAL,440.0,CE,39.1,44.15,38.35,41.35,41.35,10,24.04,17000
2014-11-10,2014-11-27,OPTSTK,RELCAPITAL,460.0,CE,23.4,31.2,22.35,23.25,23.25,287,698.96,179000
2014-11-10,2014-11-27,OPTSTK,RELCAPITAL,480.0,CE,14.15,19.75,13.15,14.2,14.2,1553,3851.15,507000
2014-11-10,2014-11-27,OPTSTK,RELCAPITAL,500.0,CE,8.15,11.7,7.4,7.95,7.95,1510,3846.36,947500
2014-11-10,2014-11-27,OPTSTK,RELCAPITAL,520.0,CE,4.45,6.65,4.0,4.5,4.5,517,1357.32,308000
2014-11-10,2014-11-27,OPTSTK,RELCAPITAL,540.0,CE,2.2,3.7,2.2,2.5,2.5,171,464.16,169000
2014-11-10,2014-11-27,OPTSTK,RELCAPITAL,560.0,CE,1.35,2.0,1.2,1.25,1.25,58,162.85,109000
2014-11-10,2014-11-27,OPTSTK,RELCAPITAL,580.0,CE,1.05,1.15,1.05,1.15,1.15,8,23.24,73000
2014-11-10,2014-11-27,OPTSTK,RELCAPITAL,600.0,CE,0.6,0.95,0.6,0.65,0.65,5,15.01,34000
2014-11-10,2014-11-27,OPTSTK,RELCAPITAL,620.0,CE,0.0,0.0,0.0,19.35,0.05,0,0.0,0
2014-11-10,2014-11-27,OPTSTK,RELCAPITAL,640.0,CE,0.0,0.0,0.0,15.3,0.05,0,0.0,0
2014-11-10,2014-11-27,OPTSTK,RELCAPITAL,660.0,CE,0.0,0.0,0.0,12.0,0.0,0,0.0,0
2014-11-10,2014-11-27,OPTSTK,RELCAPITAL,680.0,CE,0.0,0.0,0.0,9.4,0.0,0,0.0,0
2014-11-10,2014-11-27,OPTSTK,RELCAPITAL,700.0,CE,2.35,2.35,1.85,1.85,1.85,4,14.04,2000
2014-11-10,2014-11-27,OPTSTK,RELCAPITAL,720.0,CE,0.0,0.0,0.0,5.6,0.0,0,0.0,0
2014-11-10,2014-11-27,OPTSTK,RELCAPITAL,740.0,CE,0.0,0.0,0.0,4.3,0.0,0,0.0,0
2014-11-10,2014-11-27,OPTSTK,RELCAPITAL,760.0,CE,0.0,0.0,0.0,3.3,0.0,0,0.0,0
2014-11-10,2014-11-27,OPTSTK,RELCAPITAL,320.0,PE,0.0,0.0,0.0,0.25,0.0,0,0.0,0
2014-11-10,2014-11-27,OPTSTK,RELCAPITAL,340.0,PE,0.0,0.0,0.0,0.55,0.0,0,0.0,0
2014-11-10,2014-11-27,OPTSTK,RELCAPITAL,360.0,PE,0.0,0.0,0.0,1.1,0.05,0,0.0,0
2014-11-10,2014-11-27,OPTSTK,RELCAPITAL,380.0,PE,0.0,0.0,0.0,1.45,0.2,0,0.0,500
2014-11-10,2014-11-27,OPTSTK,RELCAPITAL,400.0,PE,1.4,1.5,1.25,1.45,1.45,92,184.65,135500
2014-11-10,2014-11-27,OPTSTK,RELCAPITAL,420.0,PE,3.65,3.7,2.55,3.3,3.3,138,291.96,140500
2014-11-10,2014-11-27,OPTSTK,RELCAPITAL,440.0,PE,7.1,7.8,5.15,6.75,6.75,280,625.12,181000
2014-11-10,2014-11-27,OPTSTK,RELCAPITAL,460.0,PE,14.15,14.7,10.05,13.2,13.2,573,1353.27,286000
2014-11-10,2014-11-27,OPTSTK,RELCAPITAL,480.0,PE,22.25,24.6,18.0,24.0,24.0,247,619.02,202000
2014-11-10,2014-11-27,OPTSTK,RELCAPITAL,500.0,PE,36.2,38.55,29.9,37.3,37.3,51,136.22,143000
2014-11-10,2014-11-27,OPTSTK,RELCAPITAL,520.0,PE,47.85,47.85,47.85,47.85,47.85,1,2.83,6000
2014-11-10,2014-11-27,OPTSTK,RELCAPITAL,540.0,PE,68.4,69.35,68.4,69.35,69.35,4,12.17,22000
2014-11-10,2014-11-27,OPTSTK,RELCAPITAL,560.0,PE,0.0,0.0,0.0,74.0,90.65,0,0.0,41500
2014-11-10,2014-11-27,OPTSTK,RELCAPITAL,580.0,PE,0.0,0.0,0.0,85.0,110.2,0,0.0,33500
2014-11-10,2014-11-27,OPTSTK,RELCAPITAL,600.0,PE,0.0,0.0,0.0,137.0,129.95,0,0.0,3000
2014-11-10,2014-11-27,OPTSTK,RELCAPITAL,620.0,PE,0.0,0.0,0.0,97.35,149.8,0,0.0,0
2014-11-10,2014-11-27,OPTSTK,RELCAPITAL,640.0,PE,0.0,0.0,0.0,112.9,169.7,0,0.0,0
2014-11-10,2014-11-27,OPTSTK,RELCAPITAL,660.0,PE,0.0,0.0,0.0,129.2,189.6,0,0.0,0
2014-11-10,2014-11-27,OPTSTK,RELCAPITAL,680.0,PE,0.0,0.0,0.0,146.15,209.55,0,0.0,0
2014-11-10,2014-11-27,OPTSTK,RELCAPITAL,700.0,PE,0.0,0.0,0.0,163.6,229.45,0,0.0,0
2014-11-10,2014-11-27,OPTSTK,RELCAPITAL,720.0,PE,0.0,0.0,0.0,181.5,249.4,0,0.0,0
2014-11-10,2014-11-27,OPTSTK,RELCAPITAL,740.0,PE,0.0,0.0,0.0,199.8,269.3,0,0.0,0
2014-11-10,2014-11-27,OPTSTK,RELCAPITAL,760.0,PE,0.0,0.0,0.0,218.35,289.2,0,0.0,0
2014-11-10,2014-12-24,OPTSTK,RELCAPITAL,320.0,CE,0.0,0.0,0.0,147.75,151.3,0,0.0,0
2014-11-10,2014-12-24,OPTSTK,RELCAPITAL,340.0,CE,0.0,0.0,0.0,129.95,131.75,0,0.0,0
2014-11-10,2014-12-24,OPTSTK,RELCAPITAL,360.0,CE,0.0,0.0,0.0,113.15,112.6,0,0.0,0
2014-11-10,2014-12-24,OPTSTK,RELCAPITAL,380.0,CE,0.0,0.0,0.0,97.4,94.15,0,0.0,0
2014-11-10,2014-12-24,OPTSTK,RELCAPITAL,400.0,CE,0.0,0.0,0.0,82.95,76.8,0,0.0,0
2014-11-10,2014-12-24,OPTSTK,RELCAPITAL,420.0,CE,0.0,0.0,0.0,69.85,61.0,0,0.0,0
2014-11-10,2014-12-24,OPTSTK,RELCAPITAL,440.0,CE,0.0,0.0,0.0,58.25,47.05,0,0.0,0
2014-11-10,2014-12-24,OPTSTK,RELCAPITAL,460.0,CE,0.0,0.0,0.0,48.1,35.3,0,0.0,0
2014-11-10,2014-12-24,OPTSTK,RELCAPITAL,480.0,CE,28.95,33.3,27.5,27.9,27.9,21,53.5,5000
2014-11-10,2014-12-24,OPTSTK,RELCAPITAL,500.0,CE,21.2,25.0,20.0,20.0,20.0,97,253.1,33000
2014-11-10,2014-12-24,OPTSTK,RELCAPITAL,520.0,CE,15.85,20.0,14.5,14.75,14.75,136,364.7,93000
2014-11-10,2014-12-24,OPTSTK,RELCAPITAL,540.0,CE,12.55,14.15,10.65,10.8,10.8,11,30.38,2500
2014-11-10,2014-12-24,OPTSTK,RELCAPITAL,560.0,CE,7.85,9.8,7.8,7.8,7.8,11,31.25,3500
2014-11-10,2014-12-24,OPTSTK,RELCAPITAL,580.0,CE,0.0,0.0,0.0,12.8,3.55,0,0.0,0
2014-11-10,2014-12-24,OPTSTK,RELCAPITAL,600.0,CE,0.0,0.0,0.0,10.0,2.2,0,0.0,0
2014-11-10,2014-12-24,OPTSTK,RELCAPITAL,620.0,CE,0.0,0.0,0.0,7.8,1.35,0,0.0,0
2014-11-10,2014-12-24,OPTSTK,RELCAPITAL,640.0,CE,0.0,0.0,0.0,6.05,0.85,0,0.0,0
2014-11-10,2014-12-24,OPTSTK,RELCAPITAL,660.0,CE,0.0,0.0,0.0,4.65,0.5,0,0.0,0
2014-11-10,2014-12-24,OPTSTK,RELCAPITAL,680.0,CE,0.0,0.0,0.0,3.6,0.3,0,0.0,0
2014-11-10,2014-12-24,OPTSTK,RELCAPITAL,700.0,CE,0.0,0.0,0.0,2.75,0.2,0,0.0,0
2014-11-10,2014-12-24,OPTSTK,RELCAPITAL,320.0,PE,0.0,0.0,0.0,2.25,0.15,0,0.0,0
2014-11-10,2014-12-24,OPTSTK,RELCAPITAL,340.0,PE,0.0,0.0,0.0,4.05,0.4,0,0.0,0
2014-11-10,2014-12-24,OPTSTK,RELCAPITAL,360.0,PE,0.0,0.0,0.0,6.8,1.05,0,0.0,0
2014-11-10,2014-12-24,OPTSTK,RELCAPITAL,380.0,PE,0.0,0.0,0.0,10.6,2.35,0,0.0,0
2014-11-10,2014-12-24,OPTSTK,RELCAPITAL,400.0,PE,0.0,0.0,0.0,15.75,4.8,0,0.0,0
2014-11-10,2014-12-24,OPTSTK,RELCAPITAL,420.0,PE,0.0,0.0,0.0,22.2,8.8,0,0.0,0
2014-11-10,2014-12-24,OPTSTK,RELCAPITAL,440.0,PE,0.0,0.0,0.0,30.15,14.65,0,0.0,0
2014-11-10,2014-12-24,OPTSTK,RELCAPITAL,460.0,PE,24.6,24.6,20.55,20.55,20.55,2,4.82,1000
2014-11-10,2014-12-24,OPTSTK,RELCAPITAL,480.0,PE,0.0,0.0,0.0,50.4,32.85,0,0.0,0
2014-11-10,2014-12-24,OPTSTK,RELCAPITAL,500.0,PE,0.0,0.0,0.0,62.5,45.15,0,0.0,0
2014-11-10,2014-12-24,OPTSTK,RELCAPITAL,520.0,PE,0.0,0.0,0.0,75.8,59.3,0,0.0,0
2014-11-10,2014-12-24,OPTSTK,RELCAPITAL,540.0,PE,0.0,0.0,0.0,90.2,74.95,0,0.0,0
2014-11-10,2014-12-24,OPTSTK,RELCAPITAL,560.0,PE,0.0,0.0,0.0,105.55,91.85,0,0.0,0
2014-11-10,2014-12-24,OPTSTK,RELCAPITAL,580.0,PE,0.0,0.0,0.0,121.65,109.65,0,0.0,0
2014-11-10,2014-12-24,OPTSTK,RELCAPITAL,600.0,PE,0.0,0.0,0.0,138.45,128.15,0,0.0,0
2014-11-10,2014-12-24,OPTSTK,RELCAPITAL,620.0,PE,0.0,0.0,0.0,155.8,147.1,0,0.0,0
2014-11-10,2014-12-24,OPTSTK,RELCAPITAL,640.0,PE,0.0,0.0,0.0,173.6,166.35,0,0.0,0
2014-11-10,2014-12-24,OPTSTK,RELCAPITAL,660.0,PE,0.0,0.0,0.0,191.8,185.8,0,0.0,0
2014-11-10,2014-12-24,OPTSTK,RELCAPITAL,680.0,PE,0.0,0.0,0.0,210.25,205.4,0,0.0,0
2014-11-10,2014-12-24,OPTSTK,RELCAPITAL,700.0,PE,0.0,0.0,0.0,229.0,225.05,0,0.0,0
2014-11-10,2015-01-29,OPTSTK,RELCAPITAL,320.0,CE,0.0,0.0,0.0,145.2,154.75,0,0.0,0
2014-11-10,2015-01-29,OPTSTK,RELCAPITAL,340.0,CE,0.0,0.0,0.0,126.8,136.1,0,0.0,0
2014-11-10,2015-01-29,OPTSTK,RELCAPITAL,360.0,CE,0.0,0.0,0.0,109.25,118.15,0,0.0,0
2014-11-10,2015-01-29,OPTSTK,RELCAPITAL,380.0,CE,0.0,0.0,0.0,92.75,101.15,0,0.0,0
2014-11-10,2015-01-29,OPTSTK,RELCAPITAL,400.0,CE,0.0,0.0,0.0,77.6,85.4,0,0.0,0
2014-11-10,2015-01-29,OPTSTK,RELCAPITAL,420.0,CE,0.0,0.0,0.0,63.9,71.05,0,0.0,0
2014-11-10,2015-01-29,OPTSTK,RELCAPITAL,440.0,CE,0.0,0.0,0.0,51.9,58.25,0,0.0,0
2014-11-10,2015-01-29,OPTSTK,RELCAPITAL,460.0,CE,0.0,0.0,0.0,41.5,47.1,0,0.0,0
2014-11-10,2015-01-29,OPTSTK,RELCAPITAL,480.0,CE,0.0,0.0,0.0,32.75,37.55,0,0.0,0
2014-11-10,2015-01-29,OPTSTK,RELCAPITAL,500.0,CE,0.0,0.0,0.0,25.5,29.55,0,0.0,0
2014-11-10,2015-01-29,OPTSTK,RELCAPITAL,520.0,CE,0.0,0.0,0.0,19.6,22.95,0,0.0,0
2014-11-10,2015-01-29,OPTSTK,RELCAPITAL,540.0,CE,0.0,0.0,0.0,14.95,17.7,0,0.0,0
2014-11-10,2015-01-29,OPTSTK,RELCAPITAL,560.0,CE,0.0,0.0,0.0,11.25,13.45,0,0.0,0
2014-11-10,2015-01-29,OPTSTK,RELCAPITAL,580.0,CE,0.0,0.0,0.0,8.4,10.1,0,0.0,0
2014-11-10,2015-01-29,OPTSTK,RELCAPITAL,600.0,CE,0.0,0.0,0.0,6.2,7.55,0,0.0,0
2014-11-10,2015-01-29,OPTSTK,RELCAPITAL,620.0,CE,0.0,0.0,0.0,4.55,5.6,0,0.0,0
2014-11-10,2015-01-29,OPTSTK,RELCAPITAL,640.0,CE,0.0,0.0,0.0,3.3,4.1,0,0.0,0
2014-11-10,2015-01-29,OPTSTK,RELCAPITAL,660.0,CE,0.0,0.0,0.0,2.4,3.0,0,0.0,0
2014-11-10,2015-01-29,OPTSTK,RELCAPITAL,680.0,CE,0.0,0.0,0.0,1.7,2.15,0,0.0,0
2014-11-10,2015-01-29,OPTSTK,RELCAPITAL,700.0,CE,0.0,0.0,0.0,1.2,1.55,0,0.0,0
2014-11-10,2015-01-29,OPTSTK,RELCAPITAL,320.0,PE,0.0,0.0,0.0,1.15,0.9,0,0.0,0
2014-11-10,2015-01-29,OPTSTK,RELCAPITAL,340.0,PE,0.0,0.0,0.0,2.3,1.85,0,0.0,0
2014-11-10,2015-01-29,OPTSTK,RELCAPITAL,360.0,PE,0.0,0.0,0.0,4.3,3.55,0,0.0,0
2014-11-10,2015-01-29,OPTSTK,RELCAPITAL,380.0,PE,0.0,0.0,0.0,7.4,6.15,0,0.0,0
2014-11-10,2015-01-29,OPTSTK,RELCAPITAL,400.0,PE,0.0,0.0,0.0,11.8,10.0,0,0.0,0
2014-11-10,2015-01-29,OPTSTK,RELCAPITAL,420.0,PE,0.0,0.0,0.0,17.7,15.3,0,0.0,0
2014-11-10,2015-01-29,OPTSTK,RELCAPITAL,440.0,PE,0.0,0.0,0.0,25.25,22.1,0,0.0,0
2014-11-10,2015-01-29,OPTSTK,RELCAPITAL,460.0,PE,0.0,0.0,0.0,34.45,30.55,0,0.0,0
2014-11-10,2015-01-29,OPTSTK,RELCAPITAL,480.0,PE,0.0,0.0,0.0,45.25,40.65,0,0.0,0
2014-11-10,2015-01-29,OPTSTK,RELCAPITAL,500.0,PE,0.0,0.0,0.0,57.55,52.3,0,0.0,0
2014-11-10,2015-01-29,OPTSTK,RELCAPITAL,520.0,PE,0.0,0.0,0.0,71.25,65.3,0,0.0,0
2014-11-10,2015-01-29,OPTSTK,RELCAPITAL,540.0,PE,0.0,0.0,0.0,86.15,79.65,0,0.0,0
2014-11-10,2015-01-29,OPTSTK,RELCAPITAL,560.0,PE,0.0,0.0,0.0,102.0,95.0,0,0.0,0
2014-11-10,2015-01-29,OPTSTK,RELCAPITAL,580.0,PE,0.0,0.0,0.0,118.7,111.35,0,0.0,0
2014-11-10,2015-01-29,OPTSTK,RELCAPITAL,600.0,PE,0.0,0.0,0.0,136.1,128.4,0,0.0,0
2014-11-10,2015-01-29,OPTSTK,RELCAPITAL,620.0,PE,0.0,0.0,0.0,154.0,146.05,0,0.0,0
2014-11-10,2015-01-29,OPTSTK,RELCAPITAL,640.0,PE,0.0,0.0,0.0,172.35,164.15,0,0.0,0
2014-11-10,2015-01-29,OPTSTK,RELCAPITAL,660.0,PE,0.0,0.0,0.0,191.0,182.7,0,0.0,0
2014-11-10,2015-01-29,OPTSTK,RELCAPITAL,680.0,PE,0.0,0.0,0.0,209.9,201.5,0,0.0,0
2014-11-10,2015-01-29,OPTSTK,RELCAPITAL,700.0,PE,0.0,0.0,0.0,228.95,220.5,0,0.0,0
2014-11-10,2014-11-27,OPTSTK,RELIANCE,720.0,CE,0.0,0.0,0.0,294.05,252.2,0,0.0,0
2014-11-10,2014-11-27,OPTSTK,RELIANCE,740.0,CE,0.0,0.0,0.0,274.45,232.3,0,0.0,0
2014-11-10,2014-11-27,OPTSTK,RELIANCE,760.0,CE,0.0,0.0,0.0,254.95,212.35,0,0.0,0
2014-11-10,2014-11-27,OPTSTK,RELIANCE,780.0,CE,0.0,0.0,0.0,235.45,192.45,0,0.0,0
2014-11-10,2014-11-27,OPTSTK,RELIANCE,800.0,CE,0.0,0.0,0.0,216.0,172.55,0,0.0,0
2014-11-10,2014-11-27,OPTSTK,RELIANCE,820.0,CE,0.0,0.0,0.0,196.75,152.65,0,0.0,0
2014-11-10,2014-11-27,OPTSTK,RELIANCE,840.0,CE,0.0,0.0,0.0,160.0,132.8,0,0.0,0
2014-11-10,2014-11-27,OPTSTK,RELIANCE,860.0,CE,0.0,0.0,0.0,159.0,113.15,0,0.0,0
2014-11-10,2014-11-27,OPTSTK,RELIANCE,880.0,CE,108.95,108.95,108.95,108.95,108.95,1,2.47,2250
2014-11-10,2014-11-27,OPTSTK,RELIANCE,900.0,CE,89.1,89.1,78.35,78.35,78.35,6,14.74,2500
2014-11-10,2014-11-27,OPTSTK,RELIANCE,920.0,CE,67.85,69.8,60.5,60.5,60.5,15,36.97,17250
2014-11-10,2014-11-27,OPTSTK,RELIANCE,940.0,CE,53.05,53.05,40.6,41.85,41.85,51,125.6,187750
2014-11-10,2014-11-27,OPTSTK,RELIANCE,960.0,CE,35.75,40.0,25.2,26.15,26.15,778,1930.12,341000
2014-11-10,2014-11-27,OPTSTK,RELIANCE,980.0,CE,24.5,27.4,15.15,16.1,16.1,2411,6022.39,580250
2014-11-10,2014-11-27,OPTSTK,RELIANCE,1000.0,CE,14.75,17.0,8.55,9.0,9.0,5290,13380.68,1956250
2014-11-10,2014-11-27,OPTSTK,RELIANCE,1020.0,CE,8.2,9.55,4.45,4.75,4.75,1883,4830.93,978750
2014-11-10,2014-11-27,OPTSTK,RELIANCE,1040.0,CE,4.4,5.3,2.4,2.55,2.55,1060,2764.71,514250
2014-11-10,2014-11-27,OPTSTK,RELIANCE,1060.0,CE,2.1,2.95,1.1,1.35,1.35,364,966.29,384000
2014-11-10,2014-11-27,OPTSTK,RELIANCE,1080.0,CE,1.75,1.9,0.85,0.9,0.9,100,270.33,102000
2014-11-10,2014-11-27,OPTSTK,RELIANCE,1100.0,CE,0.4,1.3,0.4,0.7,0.7,221,608.23,446250
2014-11-10,2014-11-27,OPTSTK,RELIANCE,1120.0,CE,0.5,0.5,0.5,0.5,0.5,5,14.0,14500
2014-11-10,2014-11-27,OPTSTK,RELIANCE,1140.0,CE,0.0,0.0,0.0,0.65,0.1,0,0.0,1250
2014-11-10,2014-11-27,OPTSTK,RELIANCE,1160.0,CE,0.0,0.0,0.0,2.0,0.05,0,0.0,0
2014-11-10,2014-11-27,OPTSTK,RELIANCE,1180.0,CE,0.0,0.0,0.0,4.15,0.05,0,0.0,0
2014-11-10,2014-11-27,OPTSTK,RELIANCE,1200.0,CE,0.0,0.0,0.0,0.15,0.0,0,0.0,1750
2014-11-10,2014-11-27,OPTSTK,RELIANCE,1220.0,CE,0.0,0.0,0.0,2.0,0.0,0,0.0,0
2014-11-10,2014-11-27,OPTSTK,RELIANCE,1240.0,CE,0.0,0.0,0.0,1.4,0.0,0,0.0,0
2014-11-10,2014-11-27,OPTSTK,RELIANCE,1260.0,CE,0.0,0.0,0.0,2.0,0.0,0,0.0,250
2014-11-10,2014-11-27,OPTSTK,RELIANCE,1280.0,CE,0.0,0.0,0.0,0.6,0.0,0,0.0,0
2014-11-10,2014-11-27,OPTSTK,RELIANCE,1300.0,CE,0.0,0.0,0.0,0.4,0.0,0,0.0,0
2014-11-10,2014-11-27,OPTSTK,RELIANCE,720.0,PE,0.0,0.0,0.0,0.05,0.0,0,0.0,0
2014-11-10,2014-11-27,OPTSTK,RELIANCE,740.0,PE,0.0,0.0,0.0,0.05,0.0,0,0.0,0
2014-11-10,2014-11-27,OPTSTK,RELIANCE,760.0,PE,0.0,0.0,0.0,0.1,0.0,0,0.0,0
2014-11-10,2014-11-27,OPTSTK,RELIANCE,780.0,PE,0.0,0.0,0.0,0.15,0.0,0,0.0,0
2014-11-10,2014-11-27,OPTSTK,RELIANCE,800.0,PE,0.0,0.0,0.0,0.3,0.05,0,0.0,0
2014-11-10,2014-11-27,OPTSTK,RELIANCE,820.0,PE,0.0,0.0,0.0,0.6,0.05,0,0.0,0
2014-11-10,2014-11-27,OPTSTK,RELIANCE,840.0,PE,0.0,0.0,0.0,1.5,0.15,0,0.0,750
2014-11-10,2014-11-27,OPTSTK,RELIANCE,860.0,PE,0.0,0.0,0.0,0.3,0.4,0,0.0,4000
2014-11-10,2014-11-27,OPTSTK,RELIANCE,880.0,PE,0.35,0.65,0.2,0.65,0.65,26,57.23,29250
2014-11-10,2014-11-27,OPTSTK,RELIANCE,900.0,PE,1.0,1.35,0.95,1.35,1.35,116,261.33,244000
2014-11-10,2014-11-27,OPTSTK,RELIANCE,920.0,PE,2.05,2.6,1.75,2.5,2.5,178,410.37,99250
2014-11-10,2014-11-27,OPTSTK,RELIANCE,940.0,PE,3.9,5.35,3.1,5.0,5.0,850,2006.52,363750
2014-11-10,2014-11-27,OPTSTK,RELIANCE,960.0,PE,7.7,10.65,6.1,10.05,10.05,1718,4160.59,440000
2014-11-10,2014-11-27,OPTSTK,RELIANCE,980.0,PE,14.95,20.25,11.9,19.45,19.45,1944,4842.27,641000
2014-11-10,2014-11-27,OPTSTK,RELIANCE,1000.0,PE,25.0,33.3,21.1,32.25,32.25,969,2490.35,629250
2014-11-10,2014-11-27,OPTSTK,RELIANCE,1020.0,PE,35.95,48.95,33.65,47.75,47.75,48,127.26,174250
2014-11-10,2014-11-27,OPTSTK,RELIANCE,1040.0,PE,50.0,65.5,50.0,64.75,64.75,19,52.21,55000
2014-11-10,2014-11-27,OPTSTK,RELIANCE,1060.0,PE,0.0,0.0,0.0,62.0,88.55,0,0.0,43000
2014-11-10,2014-11-27,OPTSTK,RELIANCE,1080.0,PE,0.0,0.0,0.0,94.55,107.4,0,0.0,4750
2014-11-10,2014-11-27,OPTSTK,RELIANCE,1100.0,PE,122.15,122.15,122.15,122.15,122.15,2,6.11,24750
2014-11-10,2014-11-27,OPTSTK,RELIANCE,1120.0,PE,0.0,0.0,0.0,135.5,146.45,0,0.0,1500
2014-11-10,2014-11-27,OPTSTK,RELIANCE,1140.0,PE,0.0,0.0,0.0,125.15,166.25,0,0.0,0
2014-11-10,2014-11-27,OPTSTK,RELIANCE,1160.0,PE,0.0,0.0,0.0,142.5,186.1,0,0.0,0
2014-11-10,2014-11-27,OPTSTK,RELIANCE,1180.0,PE,0.0,0.0,0.0,160.35,206.0,0,0.0,0
2014-11-10,2014-11-27,OPTSTK,RELIANCE,1200.0,PE,0.0,0.0,0.0,178.7,225.95,0,0.0,0
2014-11-10,2014-11-27,OPTSTK,RELIANCE,1220.0,PE,0.0,0.0,0.0,197.4,245.85,0,0.0,0
2014-11-10,2014-11-27,OPTSTK,RELIANCE,1240.0,PE,0.0,0.0,0.0,216.3,265.8,0,0.0,0
2014-11-10,2014-11-27,OPTSTK,RELIANCE,1260.0,PE,0.0,0.0,0.0,235.45,285.7,0,0.0,0
2014-11-10,2014-11-27,OPTSTK,RELIANCE,1280.0,PE,0.0,0.0,0.0,254.7,305.6,0,0.0,0
2014-11-10,2014-11-27,OPTSTK,RELIANCE,1300.0,PE,0.0,0.0,0.0,274.1,325.55,0,0.0,0
2014-11-10,2014-12-24,OPTSTK,RELIANCE,720.0,CE,0.0,0.0,0.0,226.7,256.9,0,0.0,0
2014-11-10,2014-12-24,OPTSTK,RELIANCE,740.0,CE,0.0,0.0,0.0,207.9,237.15,0,0.0,0
2014-11-10,2014-12-24,OPTSTK,RELIANCE,760.0,CE,0.0,0.0,0.0,189.45,217.45,0,0.0,0
2014-11-10,2014-12-24,OPTSTK,RELIANCE,780.0,CE,0.0,0.0,0.0,171.45,197.8,0,0.0,0
2014-11-10,2014-12-24,OPTSTK,RELIANCE,800.0,CE,0.0,0.0,0.0,154.1,178.3,0,0.0,0
2014-11-10,2014-12-24,OPTSTK,RELIANCE,820.0,CE,0.0,0.0,0.0,137.4,159.05,0,0.0,0
2014-11-10,2014-12-24,OPTSTK,RELIANCE,840.0,CE,0.0,0.0,0.0,121.6,140.2,0,0.0,0
2014-11-10,2014-12-24,OPTSTK,RELIANCE,860.0,CE,0.0,0.0,0.0,106.7,121.9,0,0.0,0
2014-11-10,2014-12-24,OPTSTK,RELIANCE,880.0,CE,0.0,0.0,0.0,92.8,104.45,0,0.0,0
2014-11-10,2014-12-24,OPTSTK,RELIANCE,900.0,CE,0.0,0.0,0.0,80.05,88.05,0,0.0,0
2014-11-10,2014-12-24,OPTSTK,RELIANCE,920.0,CE,0.0,0.0,0.0,68.5,73.0,0,0.0,0
2014-11-10,2014-12-24,OPTSTK,RELIANCE,940.0,CE,0.0,0.0,0.0,58.05,59.3,0,0.0,0
2014-11-10,2014-12-24,OPTSTK,RELIANCE,960.0,CE,0.0,0.0,0.0,64.0,47.3,0,0.0,3750
2014-11-10,2014-12-24,OPTSTK,RELIANCE,980.0,CE,0.0,0.0,0.0,40.65,37.0,0,0.0,0
2014-11-10,2014-12-24,OPTSTK,RELIANCE,1000.0,CE,30.0,30.0,20.55,21.05,21.05,64,163.59,36500
2014-11-10,2014-12-24,OPTSTK,RELIANCE,1020.0,CE,16.95,16.95,16.05,16.05,16.05,2,5.18,750
2014-11-10,2014-12-24,OPTSTK,RELIANCE,1040.0,CE,14.3,14.9,10.0,10.0,10.0,35,92.06,9000
2014-11-10,2014-12-24,OPTSTK,RELIANCE,1060.0,CE,9.25,9.4,6.5,6.7,6.7,196,522.86,294750
2014-11-10,2014-12-24,OPTSTK,RELIANCE,1080.0,CE,5.0,5.0,5.0,5.0,5.0,1,2.71,500
2014-11-10,2014-12-24,OPTSTK,RELIANCE,1100.0,CE,3.3,3.9,3.3,3.9,3.9,2,5.51,9500
2014-11-10,2014-12-24,OPTSTK,RELIANCE,1120.0,CE,0.0,0.0,0.0,9.05,3.75,0,0.0,0
2014-11-10,2014-12-24,OPTSTK,RELIANCE,1140.0,CE,0.0,0.0,0.0,7.1,2.5,0,0.0,0
2014-11-10,2014-12-24,OPTSTK,RELIANCE,1160.0,CE,0.0,0.0,0.0,5.5,1.65,0,0.0,0
2014-11-10,2014-12-24,OPTSTK,RELIANCE,1180.0,CE,0.0,0.0,0.0,4.25,1.05,0,0.0,0
2014-11-10,2014-12-24,OPTSTK,RELIANCE,1200.0,CE,3.5,3.5,3.5,3.5,3.5,1,3.0,250
2014-11-10,2014-12-24,OPTSTK,RELIANCE,1220.0,CE,0.0,0.0,0.0,2.5,0.4,0,0.0,0
2014-11-10,2014-12-24,OPTSTK,RELIANCE,1240.0,CE,0.0,0.0,0.0,1.9,0.25,0,0.0,0
2014-11-10,2014-12-24,OPTSTK,RELIANCE,1260.0,CE,0.0,0.0,0.0,1.45,0.15,0,0.0,0
2014-11-10,2014-12-24,OPTSTK,RELIANCE,1280.0,CE,0.0,0.0,0.0,1.1,0.1,0,0.0,0
2014-11-10,2014-12-24,OPTSTK,RELIANCE,1300.0,CE,0.0,0.0,0.0,0.8,0.05,0,0.0,0
2014-11-10,2014-12-24,OPTSTK,RELIANCE,720.0,PE,0.0,0.0,0.0,1.15,0.05,0,0.0,0
2014-11-10,2014-12-24,OPTSTK,RELIANCE,740.0,PE,0.0,0.0,0.0,1.9,0.05,0,0.0,0
2014-11-10,2014-12-24,OPTSTK,RELIANCE,760.0,PE,0.0,0.0,0.0,3.05,0.15,0,0.0,0
2014-11-10,2014-12-24,OPTSTK,RELIANCE,780.0,PE,0.0,0.0,0.0,4.6,0.25,0,0.0,0
2014-11-10,2014-12-24,OPTSTK,RELIANCE,800.0,PE,0.0,0.0,0.0,6.8,0.55,0,0.0,0
2014-11-10,2014-12-24,OPTSTK,RELIANCE,820.0,PE,0.0,0.0,0.0,9.7,1.1,0,0.0,0
2014-11-10,2014-12-24,OPTSTK,RELIANCE,840.0,PE,0.0,0.0,0.0,13.4,2.05,0,0.0,0
2014-11-10,2014-12-24,OPTSTK,RELIANCE,860.0,PE,0.0,0.0,0.0,18.1,3.55,0,0.0,0
2014-11-10,2014-12-24,OPTSTK,RELIANCE,880.0,PE,0.0,0.0,0.0,23.8,5.9,0,0.0,0
2014-11-10,2014-12-24,OPTSTK,RELIANCE,900.0,PE,0.0,0.0,0.0,30.6,9.3,0,0.0,0
2014-11-10,2014-12-24,OPTSTK,RELIANCE,920.0,PE,5.8,6.5,5.8,6.15,6.15,4,9.26,1000
2014-11-10,2014-12-24,OPTSTK,RELIANCE,940.0,PE,9.75,12.25,9.75,12.0,12.0,24,57.03,10750
2014-11-10,2014-12-24,OPTSTK,RELIANCE,960.0,PE,15.8,18.25,15.25,18.0,18.0,24,58.59,10750
2014-11-10,2014-12-24,OPTSTK,RELIANCE,980.0,PE,0.0,0.0,0.0,22.0,37.35,0,0.0,500
2014-11-10,2014-12-24,OPTSTK,RELIANCE,1000.0,PE,35.25,38.65,34.8,38.65,38.65,4,10.36,1250
2014-11-10,2014-12-24,OPTSTK,RELIANCE,1020.0,PE,0.0,0.0,0.0,95.45,61.2,0,0.0,0
2014-11-10,2014-12-24,OPTSTK,RELIANCE,1040.0,PE,0.0,0.0,0.0,109.9,75.4,0,0.0,0
2014-11-10,2014-12-24,OPTSTK,RELIANCE,1060.0,PE,0.0,0.0,0.0,125.1,90.8,0,0.0,0
2014-11-10,2014-12-24,OPTSTK,RELIANCE,1080.0,PE,0.0,0.0,0.0,141.05,107.3,0,0.0,0
2014-11-10,2014-12-24,OPTSTK,RELIANCE,1100.0,PE,0.0,0.0,0.0,157.65,124.65,0,0.0,0
2014-11-10,2014-12-24,OPTSTK,RELIANCE,1120.0,PE,0.0,0.0,0.0,174.8,142.65,0,0.0,0
2014-11-10,2014-12-24,OPTSTK,RELIANCE,1140.0,PE,0.0,0.0,0.0,192.4,161.2,0,0.0,0
2014-11-10,2014-12-24,OPTSTK,RELIANCE,1160.0,PE,0.0,0.0,0.0,210.35,180.15,0,0.0,0
2014-11-10,2014-12-24,OPTSTK,RELIANCE,1180.0,PE,0.0,0.0,0.0,228.7,199.35,0,0.0,0
2014-11-10,2014-12-24,OPTSTK,RELIANCE,1200.0,PE,0.0,0.0,0.0,247.25,218.75,0,0.0,0
2014-11-10,2014-12-24,OPTSTK,RELIANCE,1220.0,PE,0.0,0.0,0.0,266.05,238.3,0,0.0,0
2014-11-10,2014-12-24,OPTSTK,RELIANCE,1240.0,PE,0.0,0.0,0.0,285.0,257.95,0,0.0,0
2014-11-10,2014-12-24,OPTSTK,RELIANCE,1260.0,PE,0.0,0.0,0.0,304.1,277.65,0,0.0,0
2014-11-10,2014-12-24,OPTSTK,RELIANCE,1280.0,PE,0.0,0.0,0.0,323.3,297.35,0,0.0,0
2014-11-10,2014-12-24,OPTSTK,RELIANCE,1300.0,PE,0.0,0.0,0.0,342.6,317.1,0,0.0,0
2014-11-10,2015-01-29,OPTSTK,RELIANCE,720.0,CE,0.0,0.0,0.0,275.25,263.25,0,0.0,0
2014-11-10,2015-01-29,OPTSTK,RELIANCE,740.0,CE,0.0,0.0,0.0,256.05,243.9,0,0.0,0
2014-11-10,2015-01-29,OPTSTK,RELIANCE,760.0,CE,0.0,0.0,0.0,237.0,224.65,0,0.0,0
2014-11-10,2015-01-29,OPTSTK,RELIANCE,780.0,CE,0.0,0.0,0.0,218.2,205.65,0,0.0,0
2014-11-10,2015-01-29,OPTSTK,RELIANCE,800.0,CE,0.0,0.0,0.0,199.8,187.0,0,0.0,0
2014-11-10,2015-01-29,OPTSTK,RELIANCE,820.0,CE,0.0,0.0,0.0,181.8,168.75,0,0.0,0
2014-11-10,2015-01-29,OPTSTK,RELIANCE,840.0,CE,0.0,0.0,0.0,164.4,151.15,0,0.0,0
2014-11-10,2015-01-29,OPTSTK,RELIANCE,860.0,CE,0.0,0.0,0.0,147.65,134.2,0,0.0,0
2014-11-10,2015-01-29,OPTSTK,RELIANCE,880.0,CE,0.0,0.0,0.0,131.65,118.1,0,0.0,0
2014-11-10,2015-01-29,OPTSTK,RELIANCE,900.0,CE,0.0,0.0,0.0,116.55,103.0,0,0.0,0
2014-11-10,2015-01-29,OPTSTK,RELIANCE,920.0,CE,0.0,0.0,0.0,102.4,88.9,0,0.0,0
2014-11-10,2015-01-29,OPTSTK,RELIANCE,940.0,CE,0.0,0.0,0.0,89.3,76.05,0,0.0,0
2014-11-10,2015-01-29,OPTSTK,RELIANCE,960.0,CE,0.0,0.0,0.0,77.3,64.35,0,0.0,0
2014-11-10,2015-01-29,OPTSTK,RELIANCE,980.0,CE,0.0,0.0,0.0,66.4,53.95,0,0.0,0
2014-11-10,2015-01-29,OPTSTK,RELIANCE,1000.0,CE,0.0,0.0,0.0,56.55,44.75,0,0.0,0
2014-11-10,2015-01-29,OPTSTK,RELIANCE,1020.0,CE,0.0,0.0,0.0,47.85,36.75,0,0.0,0
2014-11-10,2015-01-29,OPTSTK,RELIANCE,1040.0,CE,0.0,0.0,0.0,40.15,29.9,0,0.0,0
2014-11-10,2015-01-29,OPTSTK,RELIANCE,1060.0,CE,0.0,0.0,0.0,33.45,24.05,0,0.0,0
2014-11-10,2015-01-29,OPTSTK,RELIANCE,1080.0,CE,0.0,0.0,0.0,27.65,19.25,0,0.0,0
2014-11-10,2015-01-29,OPTSTK,RELIANCE,1100.0,CE,0.0,0.0,0.0,22.75,15.2,0,0.0,0
2014-11-10,2015-01-29,OPTSTK,RELIANCE,1120.0,CE,0.0,0.0,0.0,18.5,11.9,0,0.0,0
2014-11-10,2015-01-29,OPTSTK,RELIANCE,1140.0,CE,0.0,0.0,0.0,15.0,9.2,0,0.0,0
2014-11-10,2015-01-29,OPTSTK,RELIANCE,1160.0,CE,0.0,0.0,0.0,12.05,7.1,0,0.0,0
2014-11-10,2015-01-29,OPTSTK,RELIANCE,1180.0,CE,0.0,0.0,0.0,9.65,5.4,0,0.0,0
2014-11-10,2015-01-29,OPTSTK,RELIANCE,1200.0,CE,0.0,0.0,0.0,7.65,4.1,0,0.0,0
2014-11-10,2015-01-29,OPTSTK,RELIANCE,1220.0,CE,0.0,0.0,0.0,6.05,3.05,0,0.0,0
2014-11-10,2015-01-29,OPTSTK,RELIANCE,1240.0,CE,0.0,0.0,0.0,4.75,2.3,0,0.0,0
2014-11-10,2015-01-29,OPTSTK,RELIANCE,1260.0,CE,0.0,0.0,0.0,3.7,1.7,0,0.0,0
2014-11-10,2015-01-29,OPTSTK,RELIANCE,1280.0,CE,0.0,0.0,0.0,2.85,1.25,0,0.0,0
2014-11-10,2015-01-29,OPTSTK,RELIANCE,1300.0,CE,0.0,0.0,0.0,2.2,0.9,0,0.0,0
2014-11-10,2015-01-29,OPTSTK,RELIANCE,720.0,PE,0.0,0.0,0.0,0.45,0.3,0,0.0,0
2014-11-10,2015-01-29,OPTSTK,RELIANCE,740.0,PE,0.0,0.0,0.0,0.8,0.5,0,0.0,0
2014-11-10,2015-01-29,OPTSTK,RELIANCE,760.0,PE,0.0,0.0,0.0,1.35,0.9,0,0.0,0
2014-11-10,2015-01-29,OPTSTK,RELIANCE,780.0,PE,0.0,0.0,0.0,2.1,1.5,0,0.0,0
2014-11-10,2015-01-29,OPTSTK,RELIANCE,800.0,PE,0.0,0.0,0.0,3.25,2.5,0,0.0,0
2014-11-10,2015-01-29,OPTSTK,RELIANCE,820.0,PE,0.0,0.0,0.0,4.85,3.9,0,0.0,0
2014-11-10,2015-01-29,OPTSTK,RELIANCE,840.0,PE,0.0,0.0,0.0,7.0,5.85,0,0.0,0
2014-11-10,2015-01-29,OPTSTK,RELIANCE,860.0,PE,0.0,0.0,0.0,9.85,8.55,0,0.0,0
2014-11-10,2015-01-29,OPTSTK,RELIANCE,880.0,PE,0.0,0.0,0.0,13.45,12.05,0,0.0,0
2014-11-10,2015-01-29,OPTSTK,RELIANCE,900.0,PE,0.0,0.0,0.0,17.9,16.6,0,0.0,0
2014-11-10,2015-01-29,OPTSTK,RELIANCE,920.0,PE,0.0,0.0,0.0,23.3,22.1,0,0.0,0
2014-11-10,2015-01-29,OPTSTK,RELIANCE,940.0,PE,0.0,0.0,0.0,29.8,28.85,0,0.0,0
2014-11-10,2015-01-29,OPTSTK,RELIANCE,960.0,PE,0.0,0.0,0.0,37.35,36.85,0,0.0,0
2014-11-10,2015-01-29,OPTSTK,RELIANCE,980.0,PE,0.0,0.0,0.0,46.0,46.05,0,0.0,0
2014-11-10,2015-01-29,OPTSTK,RELIANCE,1000.0,PE,0.0,0.0,0.0,55.75,56.45,0,0.0,0
2014-11-10,2015-01-29,OPTSTK,RELIANCE,1020.0,PE,0.0,0.0,0.0,66.55,68.1,0,0.0,0
2014-11-10,2015-01-29,OPTSTK,RELIANCE,1040.0,PE,0.0,0.0,0.0,78.45,80.85,0,0.0,0
2014-11-10,2015-01-29,OPTSTK,RELIANCE,1060.0,PE,0.0,0.0,0.0,91.3,94.65,0,0.0,0
2014-11-10,2015-01-29,OPTSTK,RELIANCE,1080.0,PE,0.0,0.0,0.0,105.1,109.45,0,0.0,0
2014-11-10,2015-01-29,OPTSTK,RELIANCE,1100.0,PE,0.0,0.0,0.0,119.75,125.0,0,0.0,0
2014-11-10,2015-01-29,OPTSTK,RELIANCE,1120.0,PE,0.0,0.0,0.0,135.1,141.3,0,0.0,0
2014-11-10,2015-01-29,OPTSTK,RELIANCE,1140.0,PE,0.0,0.0,0.0,151.15,158.25,0,0.0,0
2014-11-10,2015-01-29,OPTSTK,RELIANCE,1160.0,PE,0.0,0.0,0.0,167.75,175.75,0,0.0,0
2014-11-10,2015-01-29,OPTSTK,RELIANCE,1180.0,PE,0.0,0.0,0.0,184.9,193.7,0,0.0,0
2014-11-10,2015-01-29,OPTSTK,RELIANCE,1200.0,PE,0.0,0.0,0.0,202.5,212.0,0,0.0,0
2014-11-10,2015-01-29,OPTSTK,RELIANCE,1220.0,PE,0.0,0.0,0.0,220.45,230.6,0,0.0,0
2014-11-10,2015-01-29,OPTSTK,RELIANCE,1240.0,PE,0.0,0.0,0.0,238.75,249.45,0,0.0,0
2014-11-10,2015-01-29,OPTSTK,RELIANCE,1260.0,PE,0.0,0.0,0.0,257.25,268.45,0,0.0,0
2014-11-10,2015-01-29,OPTSTK,RELIANCE,1280.0,PE,0.0,0.0,0.0,276.0,287.65,0,0.0,0
2014-11-10,2015-01-29,OPTSTK,RELIANCE,1300.0,PE,0.0,0.0,0.0,294.9,306.9,0,0.0,0
2014-11-10,2014-11-27,OPTSTK,RELINFRA,400.0,CE,0.0,0.0,0.0,307.9,242.45,0,0.0,0
2014-11-10,2014-11-27,OPTSTK,RELINFRA,420.0,CE,0.0,0.0,0.0,288.45,222.55,0,0.0,0
2014-11-10,2014-11-27,OPTSTK,RELINFRA,440.0,CE,0.0,0.0,0.0,269.05,202.6,0,0.0,0
2014-11-10,2014-11-27,OPTSTK,RELINFRA,460.0,CE,0.0,0.0,0.0,249.8,182.7,0,0.0,0
2014-11-10,2014-11-27,OPTSTK,RELINFRA,480.0,CE,0.0,0.0,0.0,230.8,162.8,0,0.0,0
2014-11-10,2014-11-27,OPTSTK,RELINFRA,500.0,CE,0.0,0.0,0.0,212.1,143.0,0,0.0,0
2014-11-10,2014-11-27,OPTSTK,RELINFRA,520.0,CE,0.0,0.0,0.0,193.8,123.4,0,0.0,0
2014-11-10,2014-11-27,OPTSTK,RELINFRA,540.0,CE,0.0,0.0,0.0,140.0,104.2,0,0.0,1500
2014-11-10,2014-11-27,OPTSTK,RELINFRA,560.0,CE,95.0,95.0,95.0,95.0,95.0,1,3.27,13000
2014-11-10,2014-11-27,OPTSTK,RELINFRA,580.0,CE,66.55,76.5,63.5,69.75,69.75,109,354.68,37000
2014-11-10,2014-11-27,OPTSTK,RELINFRA,600.0,CE,52.5,60.0,50.2,52.65,52.65,22,71.92,70000
2014-11-10,2014-11-27,OPTSTK,RELINFRA,620.0,CE,36.3,44.0,34.0,36.95,36.95,79,259.84,58000
2014-11-10,2014-11-27,OPTSTK,RELINFRA,640.0,CE,23.7,32.0,22.65,25.5,25.5,666,2222.59,125500
2014-11-10,2014-11-27,OPTSTK,RELINFRA,660.0,CE,15.75,21.8,14.9,16.9,16.9,877,2973.41,246500
2014-11-10,2014-11-27,OPTSTK,RELINFRA,680.0,CE,10.6,14.45,9.75,10.6,10.6,264,912.51,103500
2014-11-10,2014-11-27,OPTSTK,RELINFRA,700.0,CE,6.5,9.25,6.0,6.45,6.45,201,710.94,149500
2014-11-10,2014-11-27,OPTSTK,RELINFRA,720.0,CE,4.15,5.8,3.7,3.8,3.8,47,170.26,40500
2014-11-10,2014-11-27,OPTSTK,RELINFRA,740.0,CE,2.9,3.5,2.3,2.45,2.45,41,152.28,32500
2014-11-10,2014-11-27,OPTSTK,RELINFRA,760.0,CE,1.65,2.2,1.6,1.6,1.6,19,72.38,21500
2014-11-10,2014-11-27,OPTSTK,RELINFRA,780.0,CE,1.45,1.45,0.95,0.95,0.95,12,46.86,10500
2014-11-10,2014-11-27,OPTSTK,RELINFRA,800.0,CE,1.0,1.0,0.75,0.75,0.75,7,28.03,25000
2014-11-10,2014-11-27,OPTSTK,RELINFRA,820.0,CE,0.0,0.0,0.0,0.55,0.3,0,0.0,2000
2014-11-10,2014-11-27,OPTSTK,RELINFRA,840.0,CE,0.0,0.0,0.0,0.4,0.15,0,0.0,2000
2014-11-10,2014-11-27,OPTSTK,RELINFRA,860.0,CE,0.0,0.0,0.0,16.3,0.1,0,0.0,0
2014-11-10,2014-11-27,OPTSTK,RELINFRA,880.0,CE,0.0,0.0,0.0,13.4,0.05,0,0.0,0
2014-11-10,2014-11-27,OPTSTK,RELINFRA,900.0,CE,0.0,0.0,0.0,11.0,0.05,0,0.0,0
2014-11-10,2014-11-27,OPTSTK,RELINFRA,920.0,CE,0.0,0.0,0.0,9.0,0.05,0,0.0,0
2014-11-10,2014-11-27,OPTSTK,RELINFRA,940.0,CE,0.0,0.0,0.0,7.3,0.0,0,0.0,0
2014-11-10,2014-11-27,OPTSTK,RELINFRA,960.0,CE,0.0,0.0,0.0,5.95,0.0,0,0.0,0
2014-11-10,2014-11-27,OPTSTK,RELINFRA,400.0,PE,0.0,0.0,0.0,1.1,0.0,0,0.0,2000
2014-11-10,2014-11-27,OPTSTK,RELINFRA,420.0,PE,0.0,0.0,0.0,1.1,0.0,0,0.0,2000
2014-11-10,2014-11-27,OPTSTK,RELINFRA,440.0,PE,0.0,0.0,0.0,0.9,0.0,0,0.0,3000
2014-11-10,2014-11-27,OPTSTK,RELINFRA,460.0,PE,0.0,0.0,0.0,0.75,0.05,0,0.0,0
2014-11-10,2014-11-27,OPTSTK,RELINFRA,480.0,PE,0.0,0.0,0.0,1.3,0.05,0,0.0,0
2014-11-10,2014-11-27,OPTSTK,RELINFRA,500.0,PE,0.9,0.9,0.9,0.9,0.9,1,2.5,17500
2014-11-10,2014-11-27,OPTSTK,RELINFRA,520.0,PE,0.0,0.0,0.0,1.4,0.5,0,0.0,5000
2014-11-10,2014-11-27,OPTSTK,RELINFRA,540.0,PE,1.95,2.4,1.95,2.05,2.05,20,54.21,25500
2014-11-10,2014-11-27,OPTSTK,RELINFRA,560.0,PE,3.0,3.4,2.5,3.25,3.25,27,76.0,62000
2014-11-10,2014-11-27,OPTSTK,RELINFRA,580.0,PE,5.25,5.7,4.45,5.1,5.1,173,506.05,76000
2014-11-10,2014-11-27,OPTSTK,RELINFRA,600.0,PE,9.95,9.95,7.25,8.2,8.2,148,450.1,85000
2014-11-10,2014-11-27,OPTSTK,RELINFRA,620.0,PE,15.2,15.35,11.75,13.9,13.9,143,453.12,57500
2014-11-10,2014-11-27,OPTSTK,RELINFRA,640.0,PE,27.0,27.0,19.0,21.75,21.75,294,972.72,75500
2014-11-10,2014-11-27,OPTSTK,RELINFRA,660.0,PE,33.0,35.9,28.05,31.0,31.0,52,179.68,23500
2014-11-10,2014-11-27,OPTSTK,RELINFRA,680.0,PE,46.95,49.0,45.6,48.3,48.3,10,36.38,7000
2014-11-10,2014-11-27,OPTSTK,RELINFRA,700.0,PE,60.0,63.35,60.0,63.35,63.35,3,11.42,20000
2014-11-10,2014-11-27,OPTSTK,RELINFRA,720.0,PE,0.0,0.0,0.0,75.05,81.4,0,0.0,1000
2014-11-10,2014-11-27,OPTSTK,RELINFRA,740.0,PE,0.0,0.0,0.0,153.05,99.25,0,0.0,4500
2014-11-10,2014-11-27,OPTSTK,RELINFRA,760.0,PE,0.0,0.0,0.0,84.65,117.9,0,0.0,0
2014-11-10,2014-11-27,OPTSTK,RELINFRA,780.0,PE,0.0,0.0,0.0,97.95,137.05,0,0.0,0
2014-11-10,2014-11-27,OPTSTK,RELINFRA,800.0,PE,0.0,0.0,0.0,213.65,156.5,0,0.0,10500
2014-11-10,2014-11-27,OPTSTK,RELINFRA,820.0,PE,0.0,0.0,0.0,127.0,176.2,0,0.0,0
2014-11-10,2014-11-27,OPTSTK,RELINFRA,840.0,PE,0.0,0.0,0.0,142.55,196.0,0,0.0,0
2014-11-10,2014-11-27,OPTSTK,RELINFRA,860.0,PE,0.0,0.0,0.0,158.7,215.85,0,0.0,0
2014-11-10,2014-11-27,OPTSTK,RELINFRA,880.0,PE,0.0,0.0,0.0,175.4,235.75,0,0.0,0
2014-11-10,2014-11-27,OPTSTK,RELINFRA,900.0,PE,0.0,0.0,0.0,192.55,255.65,0,0.0,0
2014-11-10,2014-11-27,OPTSTK,RELINFRA,920.0,PE,0.0,0.0,0.0,210.15,275.55,0,0.0,0
2014-11-10,2014-11-27,OPTSTK,RELINFRA,940.0,PE,0.0,0.0,0.0,228.05,295.45,0,0.0,0
2014-11-10,2014-11-27,OPTSTK,RELINFRA,960.0,PE,0.0,0.0,0.0,246.25,315.4,0,0.0,0
2014-11-10,2014-12-24,OPTSTK,RELINFRA,400.0,CE,0.0,0.0,0.0,209.9,245.1,0,0.0,0
2014-11-10,2014-12-24,OPTSTK,RELINFRA,420.0,CE,0.0,0.0,0.0,191.95,225.4,0,0.0,0
2014-11-10,2014-12-24,OPTSTK,RELINFRA,440.0,CE,0.0,0.0,0.0,174.6,205.8,0,0.0,0
2014-11-10,2014-12-24,OPTSTK,RELINFRA,460.0,CE,0.0,0.0,0.0,157.95,186.4,0,0.0,0
2014-11-10,2014-12-24,OPTSTK,RELINFRA,480.0,CE,0.0,0.0,0.0,142.15,167.3,0,0.0,0
2014-11-10,2014-12-24,OPTSTK,RELINFRA,500.0,CE,0.0,0.0,0.0,127.25,148.65,0,0.0,0
2014-11-10,2014-12-24,OPTSTK,RELINFRA,520.0,CE,0.0,0.0,0.0,113.3,130.65,0,0.0,0
2014-11-10,2014-12-24,OPTSTK,RELINFRA,540.0,CE,0.0,0.0,0.0,100.3,113.5,0,0.0,0
2014-11-10,2014-12-24,OPTSTK,RELINFRA,560.0,CE,0.0,0.0,0.0,88.4,97.45,0,0.0,0
2014-11-10,2014-12-24,OPTSTK,RELINFRA,580.0,CE,0.0,0.0,0.0,77.55,82.6,0,0.0,0
2014-11-10,2014-12-24,OPTSTK,RELINFRA,600.0,CE,0.0,0.0,0.0,67.7,69.1,0,0.0,0
2014-11-10,2014-12-24,OPTSTK,RELINFRA,620.0,CE,0.0,0.0,0.0,58.9,57.05,0,0.0,0
2014-11-10,2014-12-24,OPTSTK,RELINFRA,640.0,CE,0.0,0.0,0.0,51.0,46.55,0,0.0,0
2014-11-10,2014-12-24,OPTSTK,RELINFRA,660.0,CE,0.0,0.0,0.0,43.95,37.5,0,0.0,0
2014-11-10,2014-12-24,OPTSTK,RELINFRA,680.0,CE,24.25,24.25,24.25,24.25,24.25,1,3.52,500
2014-11-10,2014-12-24,OPTSTK,RELINFRA,700.0,CE,0.0,0.0,0.0,32.35,23.4,0,0.0,0
2014-11-10,2014-12-24,OPTSTK,RELINFRA,720.0,CE,0.0,0.0,0.0,27.65,18.25,0,0.0,0
2014-11-10,2014-12-24,OPTSTK,RELINFRA,740.0,CE,0.0,0.0,0.0,23.55,14.0,0,0.0,0
2014-11-10,2014-12-24,OPTSTK,RELINFRA,760.0,CE,0.0,0.0,0.0,19.95,10.65,0,0.0,0
2014-11-10,2014-12-24,OPTSTK,RELINFRA,780.0,CE,0.0,0.0,0.0,16.9,8.0,0,0.0,0
2014-11-10,2014-12-24,OPTSTK,RELINFRA,800.0,CE,0.0,0.0,0.0,14.25,6.0,0,0.0,0
2014-11-10,2014-12-24,OPTSTK,RELINFRA,820.0,CE,0.0,0.0,0.0,12.0,4.4,0,0.0,0
2014-11-10,2014-12-24,OPTSTK,RELINFRA,840.0,CE,0.0,0.0,0.0,10.1,3.25,0,0.0,0
2014-11-10,2014-12-24,OPTSTK,RELINFRA,860.0,CE,0.0,0.0,0.0,8.5,2.35,0,0.0,0
2014-11-10,2014-12-24,OPTSTK,RELINFRA,880.0,CE,0.0,0.0,0.0,7.1,1.7,0,0.0,0
2014-11-10,2014-12-24,OPTSTK,RELINFRA,400.0,PE,0.0,0.0,0.0,2.85,0.05,0,0.0,0
2014-11-10,2014-12-24,OPTSTK,RELINFRA,420.0,PE,0.0,0.0,0.0,4.45,0.15,0,0.0,0
2014-11-10,2014-12-24,OPTSTK,RELINFRA,440.0,PE,0.0,0.0,0.0,6.65,0.35,0,0.0,0
2014-11-10,2014-12-24,OPTSTK,RELINFRA,460.0,PE,0.0,0.0,0.0,9.6,0.7,0,0.0,0
2014-11-10,2014-12-24,OPTSTK,RELINFRA,480.0,PE,0.0,0.0,0.0,13.3,1.4,0,0.0,0
2014-11-10,2014-12-24,OPTSTK,RELINFRA,500.0,PE,0.0,0.0,0.0,18.0,2.55,0,0.0,0
2014-11-10,2014-12-24,OPTSTK,RELINFRA,520.0,PE,0.0,0.0,0.0,23.6,4.35,0,0.0,0
2014-11-10,2014-12-24,OPTSTK,RELINFRA,540.0,PE,0.0,0.0,0.0,30.2,7.0,0,0.0,0
2014-11-10,2014-12-24,OPTSTK,RELINFRA,560.0,PE,0.0,0.0,0.0,37.85,10.7,0,0.0,0
2014-11-10,2014-12-24,OPTSTK,RELINFRA,580.0,PE,0.0,0.0,0.0,46.55,15.7,0,0.0,0
2014-11-10,2014-12-24,OPTSTK,RELINFRA,600.0,PE,0.0,0.0,0.0,56.3,21.95,0,0.0,0
2014-11-10,2014-12-24,OPTSTK,RELINFRA,620.0,PE,0.0,0.0,0.0,67.0,29.75,0,0.0,0
2014-11-10,2014-12-24,OPTSTK,RELINFRA,640.0,PE,0.0,0.0,0.0,78.65,39.0,0,0.0,0
2014-11-10,2014-12-24,OPTSTK,RELINFRA,660.0,PE,0.0,0.0,0.0,91.2,49.7,0,0.0,0
2014-11-10,2014-12-24,OPTSTK,RELINFRA,680.0,PE,0.0,0.0,0.0,104.6,61.85,0,0.0,0
2014-11-10,2014-12-24,OPTSTK,RELINFRA,700.0,PE,0.0,0.0,0.0,118.75,75.25,0,0.0,0
2014-11-10,2014-12-24,OPTSTK,RELINFRA,720.0,PE,0.0,0.0,0.0,133.6,89.85,0,0.0,0
2014-11-10,2014-12-24,OPTSTK,RELINFRA,740.0,PE,0.0,0.0,0.0,92.25,105.4,0,0.0,500
2014-11-10,2014-12-24,OPTSTK,RELINFRA,760.0,PE,0.0,0.0,0.0,165.05,121.85,0,0.0,0
2014-11-10,2014-12-24,OPTSTK,RELINFRA,780.0,PE,0.0,0.0,0.0,181.55,139.0,0,0.0,0
2014-11-10,2014-12-24,OPTSTK,RELINFRA,800.0,PE,0.0,0.0,0.0,198.5,156.75,0,0.0,0
2014-11-10,2014-12-24,OPTSTK,RELINFRA,820.0,PE,0.0,0.0,0.0,215.8,175.0,0,0.0,0
2014-11-10,2014-12-24,OPTSTK,RELINFRA,840.0,PE,0.0,0.0,0.0,233.45,193.6,0,0.0,0
2014-11-10,2014-12-24,OPTSTK,RELINFRA,860.0,PE,0.0,0.0,0.0,251.4,212.5,0,0.0,0
2014-11-10,2014-12-24,OPTSTK,RELINFRA,880.0,PE,0.0,0.0,0.0,269.55,231.65,0,0.0,0
2014-11-10,2015-01-29,OPTSTK,RELINFRA,400.0,CE,0.0,0.0,0.0,207.15,249.05,0,0.0,0
2014-11-10,2015-01-29,OPTSTK,RELINFRA,420.0,CE,0.0,0.0,0.0,188.4,229.95,0,0.0,0
2014-11-10,2015-01-29,OPTSTK,RELINFRA,440.0,CE,0.0,0.0,0.0,170.05,211.15,0,0.0,0
2014-11-10,2015-01-29,OPTSTK,RELINFRA,460.0,CE,0.0,0.0,0.0,152.35,192.8,0,0.0,0
2014-11-10,2015-01-29,OPTSTK,RELINFRA,480.0,CE,0.0,0.0,0.0,135.4,174.95,0,0.0,0
2014-11-10,2015-01-29,OPTSTK,RELINFRA,500.0,CE,0.0,0.0,0.0,119.35,157.75,0,0.0,0
2014-11-10,2015-01-29,OPTSTK,RELINFRA,520.0,CE,0.0,0.0,0.0,104.35,141.35,0,0.0,0
2014-11-10,2015-01-29,OPTSTK,RELINFRA,540.0,CE,0.0,0.0,0.0,90.45,125.85,0,0.0,0
2014-11-10,2015-01-29,OPTSTK,RELINFRA,560.0,CE,0.0,0.0,0.0,77.75,111.3,0,0.0,0
2014-11-10,2015-01-29,OPTSTK,RELINFRA,580.0,CE,0.0,0.0,0.0,66.3,97.8,0,0.0,0
2014-11-10,2015-01-29,OPTSTK,RELINFRA,600.0,CE,0.0,0.0,0.0,56.1,85.4,0,0.0,0
2014-11-10,2015-01-29,OPTSTK,RELINFRA,620.0,CE,0.0,0.0,0.0,47.1,74.1,0,0.0,0
2014-11-10,2015-01-29,OPTSTK,RELINFRA,640.0,CE,0.0,0.0,0.0,39.25,63.95,0,0.0,0
2014-11-10,2015-01-29,OPTSTK,RELINFRA,660.0,CE,0.0,0.0,0.0,32.5,54.85,0,0.0,0
2014-11-10,2015-01-29,OPTSTK,RELINFRA,680.0,CE,0.0,0.0,0.0,26.7,46.75,0,0.0,0
2014-11-10,2015-01-29,OPTSTK,RELINFRA,700.0,CE,0.0,0.0,0.0,21.85,39.7,0,0.0,0
2014-11-10,2015-01-29,OPTSTK,RELINFRA,720.0,CE,0.0,0.0,0.0,17.8,33.5,0,0.0,0
2014-11-10,2015-01-29,OPTSTK,RELINFRA,740.0,CE,0.0,0.0,0.0,14.35,28.15,0,0.0,0
2014-11-10,2015-01-29,OPTSTK,RELINFRA,760.0,CE,0.0,0.0,0.0,11.55,23.55,0,0.0,0
2014-11-10,2015-01-29,OPTSTK,RELINFRA,780.0,CE,0.0,0.0,0.0,9.2,19.6,0,0.0,0
2014-11-10,2015-01-29,OPTSTK,RELINFRA,800.0,CE,0.0,0.0,0.0,7.35,16.25,0,0.0,0
2014-11-10,2015-01-29,OPTSTK,RELINFRA,820.0,CE,0.0,0.0,0.0,5.8,13.45,0,0.0,0
2014-11-10,2015-01-29,OPTSTK,RELINFRA,840.0,CE,0.0,0.0,0.0,4.6,11.05,0,0.0,0
2014-11-10,2015-01-29,OPTSTK,RELINFRA,860.0,CE,0.0,0.0,0.0,3.6,9.1,0,0.0,0
2014-11-10,2015-01-29,OPTSTK,RELINFRA,880.0,CE,0.0,0.0,0.0,2.85,7.45,0,0.0,0
2014-11-10,2015-01-29,OPTSTK,RELINFRA,400.0,PE,0.0,0.0,0.0,1.0,0.65,0,0.0,0
2014-11-10,2015-01-29,OPTSTK,RELINFRA,420.0,PE,0.0,0.0,0.0,1.75,1.15,0,0.0,0
2014-11-10,2015-01-29,OPTSTK,RELINFRA,440.0,PE,0.0,0.0,0.0,3.05,1.95,0,0.0,0
2014-11-10,2015-01-29,OPTSTK,RELINFRA,460.0,PE,0.0,0.0,0.0,4.9,3.2,0,0.0,0
2014-11-10,2015-01-29,OPTSTK,RELINFRA,480.0,PE,0.0,0.0,0.0,7.5,5.0,0,0.0,0
2014-11-10,2015-01-29,OPTSTK,RELINFRA,500.0,PE,0.0,0.0,0.0,11.0,7.45,0,0.0,0
2014-11-10,2015-01-29,OPTSTK,RELINFRA,520.0,PE,0.0,0.0,0.0,15.6,10.65,0,0.0,0
2014-11-10,2015-01-29,OPTSTK,RELINFRA,540.0,PE,0.0,0.0,0.0,21.25,14.75,0,0.0,0
2014-11-10,2015-01-29,OPTSTK,RELINFRA,560.0,PE,0.0,0.0,0.0,28.1,19.85,0,0.0,0
2014-11-10,2015-01-29,OPTSTK,RELINFRA,580.0,PE,0.0,0.0,0.0,36.25,25.95,0,0.0,0
2014-11-10,2015-01-29,OPTSTK,RELINFRA,600.0,PE,0.0,0.0,0.0,45.6,33.2,0,0.0,0
2014-11-10,2015-01-29,OPTSTK,RELINFRA,620.0,PE,0.0,0.0,0.0,56.2,41.5,0,0.0,0
2014-11-10,2015-01-29,OPTSTK,RELINFRA,640.0,PE,0.0,0.0,0.0,67.9,50.95,0,0.0,0
2014-11-10,2015-01-29,OPTSTK,RELINFRA,660.0,PE,0.0,0.0,0.0,80.7,61.5,0,0.0,0
2014-11-10,2015-01-29,OPTSTK,RELINFRA,680.0,PE,0.0,0.0,0.0,94.5,73.05,0,0.0,0
2014-11-10,2015-01-29,OPTSTK,RELINFRA,700.0,PE,0.0,0.0,0.0,109.2,85.55,0,0.0,0
2014-11-10,2015-01-29,OPTSTK,RELINFRA,720.0,PE,0.0,0.0,0.0,124.7,99.0,0,0.0,0
2014-11-10,2015-01-29,OPTSTK,RELINFRA,740.0,PE,0.0,0.0,0.0,140.85,113.3,0,0.0,0
2014-11-10,2015-01-29,OPTSTK,RELINFRA,760.0,PE,0.0,0.0,0.0,157.6,128.3,0,0.0,0
2014-11-10,2015-01-29,OPTSTK,RELINFRA,780.0,PE,0.0,0.0,0.0,174.85,144.0,0,0.0,0
2014-11-10,2015-01-29,OPTSTK,RELINFRA,800.0,PE,0.0,0.0,0.0,192.55,160.25,0,0.0,0
2014-11-10,2015-01-29,OPTSTK,RELINFRA,820.0,PE,0.0,0.0,0.0,210.6,177.05,0,0.0,0
2014-11-10,2015-01-29,OPTSTK,RELINFRA,840.0,PE,0.0,0.0,0.0,228.9,194.3,0,0.0,0
2014-11-10,2015-01-29,OPTSTK,RELINFRA,860.0,PE,0.0,0.0,0.0,247.5,211.95,0,0.0,0
2014-11-10,2015-01-29,OPTSTK,RELINFRA,880.0,PE,0.0,0.0,0.0,266.3,229.9,0,0.0,0
2014-11-10,2014-11-27,OPTSTK,RPOWER,50.0,CE,0.0,0.0,0.0,26.0,24.1,0,0.0,0
2014-11-10,2014-11-27,OPTSTK,RPOWER,52.5,CE,0.0,0.0,0.0,23.75,21.65,0,0.0,0
2014-11-10,2014-11-27,OPTSTK,RPOWER,55.0,CE,0.0,0.0,0.0,21.55,19.15,0,0.0,0
2014-11-10,2014-11-27,OPTSTK,RPOWER,57.5,CE,0.0,0.0,0.0,19.5,16.65,0,0.0,0
2014-11-10,2014-11-27,OPTSTK,RPOWER,60.0,CE,0.0,0.0,0.0,17.5,14.2,0,0.0,0
2014-11-10,2014-11-27,OPTSTK,RPOWER,62.5,CE,0.0,0.0,0.0,15.65,11.8,0,0.0,0
2014-11-10,2014-11-27,OPTSTK,RPOWER,65.0,CE,0.0,0.0,0.0,14.5,9.5,0,0.0,8000
2014-11-10,2014-11-27,OPTSTK,RPOWER,67.5,CE,0.0,0.0,0.0,12.7,7.4,0,0.0,12000
2014-11-10,2014-11-27,OPTSTK,RPOWER,70.0,CE,5.85,5.85,5.85,5.85,5.85,3,9.1,292000
2014-11-10,2014-11-27,OPTSTK,RPOWER,72.5,CE,4.2,4.2,4.0,4.0,4.0,8,24.48,140000
2014-11-10,2014-11-27,OPTSTK,RPOWER,75.0,CE,3.2,3.3,2.35,2.5,2.5,383,1190.9,1592000
2014-11-10,2014-11-27,OPTSTK,RPOWER,77.5,CE,1.95,2.1,1.5,1.55,1.55,108,342.37,660000
2014-11-10,2014-11-27,OPTSTK,RPOWER,80.0,CE,1.3,1.5,0.95,1.0,1.0,557,1807.49,3072000
2014-11-10,2014-11-27,OPTSTK,RPOWER,82.5,CE,0.75,0.9,0.55,0.6,0.6,37,123.2,380000
2014-11-10,2014-11-27,OPTSTK,RPOWER,85.0,CE,0.5,0.6,0.35,0.4,0.4,176,601.85,1828000
2014-11-10,2014-11-27,OPTSTK,RPOWER,87.5,CE,0.35,0.4,0.3,0.3,0.3,4,14.05,100000
2014-11-10,2014-11-27,OPTSTK,RPOWER,90.0,CE,0.25,0.3,0.15,0.2,0.2,138,498.02,1284000
2014-11-10,2014-11-27,OPTSTK,RPOWER,92.5,CE,0.0,0.0,0.0,0.25,0.05,0,0.0,20000
2014-11-10,2014-11-27,OPTSTK,RPOWER,95.0,CE,0.15,0.15,0.1,0.1,0.1,18,68.47,292000
2014-11-10,2014-11-27,OPTSTK,RPOWER,97.5,CE,0.0,0.0,0.0,2.0,0.05,0,0.0,0
2014-11-10,2014-11-27,OPTSTK,RPOWER,100.0,CE,0.05,0.05,0.05,0.05,0.05,1,4.0,604000
2014-11-10,2014-11-27,OPTSTK,RPOWER,102.5,CE,0.0,0.0,0.0,1.4,0.0,0,0.0,0
2014-11-10,2014-11-27,OPTSTK,RPOWER,105.0,CE,0.0,0.0,0.0,1.2,0.0,0,0.0,0
2014-11-10,2014-11-27,OPTSTK,RPOWER,107.5,CE,0.0,0.0,0.0,1.0,0.0,0,0.0,0
2014-11-10,2014-11-27,OPTSTK,RPOWER,110.0,CE,0.0,0.0,0.0,0.1,0.0,0,0.0,32000
2014-11-10,2014-11-27,OPTSTK,RPOWER,112.5,CE,0.0,0.0,0.0,0.7,0.0,0,0.0,0
2014-11-10,2014-11-27,OPTSTK,RPOWER,115.0,CE,0.0,0.0,0.0,0.6,0.0,0,0.0,0
2014-11-10,2014-11-27,OPTSTK,RPOWER,117.5,CE,0.0,0.0,0.0,0.5,0.0,0,0.0,0
2014-11-10,2014-11-27,OPTSTK,RPOWER,120.0,CE,0.0,0.0,0.0,0.4,0.0,0,0.0,0
2014-11-10,2014-11-27,OPTSTK,RPOWER,50.0,PE,0.0,0.0,0.0,0.35,0.0,0,0.0,0
2014-11-10,2014-11-27,OPTSTK,RPOWER,52.5,PE,0.0,0.0,0.0,0.55,0.0,0,0.0,0
2014-11-10,2014-11-27,OPTSTK,RPOWER,55.0,PE,0.0,0.0,0.0,0.1,0.0,0,0.0,4000
2014-11-10,2014-11-27,OPTSTK,RPOWER,57.5,PE,0.0,0.0,0.0,1.2,0.05,0,0.0,0
2014-11-10,2014-11-27,OPTSTK,RPOWER,60.0,PE,0.2,0.2,0.2,0.2,0.2,5,12.04,224000
2014-11-10,2014-11-27,OPTSTK,RPOWER,62.5,PE,0.4,0.4,0.25,0.35,0.35,37,93.0,256000
2014-11-10,2014-11-27,OPTSTK,RPOWER,65.0,PE,0.5,0.65,0.4,0.6,0.6,456,1195.79,3660000
2014-11-10,2014-11-27,OPTSTK,RPOWER,67.5,PE,0.85,0.85,0.65,0.85,0.85,31,84.59,300000
2014-11-10,2014-11-27,OPTSTK,RPOWER,70.0,PE,1.0,1.35,0.95,1.3,1.3,193,549.67,1292000
2014-11-10,2014-11-27,OPTSTK,RPOWER,72.5,PE,2.05,2.1,1.5,2.0,2.0,45,133.92,476000
2014-11-10,2014-11-27,OPTSTK,RPOWER,75.0,PE,2.5,3.25,2.45,3.15,3.15,170,530.04,868000
2014-11-10,2014-11-27,OPTSTK,RPOWER,77.5,PE,4.5,4.55,4.0,4.55,4.55,6,19.61,228000
2014-11-10,2014-11-27,OPTSTK,RPOWER,80.0,PE,5.8,6.75,5.55,6.65,6.65,8,27.53,524000
2014-11-10,2014-11-27,OPTSTK,RPOWER,82.5,PE,0.0,0.0,0.0,6.2,8.9,0,0.0,4000
2014-11-10,2014-11-27,OPTSTK,RPOWER,85.0,PE,9.75,9.75,9.75,9.75,9.75,1,3.79,124000
2014-11-10,2014-11-27,OPTSTK,RPOWER,87.5,PE,0.0,0.0,0.0,14.6,13.45,0,0.0,4000
2014-11-10,2014-11-27,OPTSTK,RPOWER,90.0,PE,15.25,15.25,15.25,15.25,15.25,1,4.21,140000
2014-11-10,2014-11-27,OPTSTK,RPOWER,92.5,PE,0.0,0.0,0.0,18.8,18.3,0,0.0,0
2014-11-10,2014-11-27,OPTSTK,RPOWER,95.0,PE,0.0,0.0,0.0,21.1,20.75,0,0.0,16000
2014-11-10,2014-11-27,OPTSTK,RPOWER,97.5,PE,0.0,0.0,0.0,22.9,23.25,0,0.0,0
2014-11-10,2014-11-27,OPTSTK,RPOWER,100.0,PE,0.0,0.0,0.0,24.0,25.75,0,0.0,132000
2014-11-10,2014-11-27,OPTSTK,RPOWER,102.5,PE,0.0,0.0,0.0,27.2,28.2,0,0.0,0
2014-11-10,2014-11-27,OPTSTK,RPOWER,105.0,PE,0.0,0.0,0.0,29.4,30.7,0,0.0,0
2014-11-10,2014-11-27,OPTSTK,RPOWER,107.5,PE,0.0,0.0,0.0,31.65,33.2,0,0.0,0
2014-11-10,2014-11-27,OPTSTK,RPOWER,110.0,PE,0.0,0.0,0.0,36.0,35.7,0,0.0,20000
2014-11-10,2014-11-27,OPTSTK,RPOWER,112.5,PE,0.0,0.0,0.0,36.25,38.2,0,0.0,0
2014-11-10,2014-11-27,OPTSTK,RPOWER,115.0,PE,0.0,0.0,0.0,38.6,40.65,0,0.0,0
2014-11-10,2014-11-27,OPTSTK,RPOWER,117.5,PE,0.0,0.0,0.0,40.95,43.15,0,0.0,0
2014-11-10,2014-11-27,OPTSTK,RPOWER,120.0,PE,0.0,0.0,0.0,43.3,45.65,0,0.0,0
2014-11-10,2014-12-24,OPTSTK,RPOWER,50.0,CE,0.0,0.0,0.0,22.35,24.45,0,0.0,0
2014-11-10,2014-12-24,OPTSTK,RPOWER,52.5,CE,0.0,0.0,0.0,20.35,22.05,0,0.0,0
2014-11-10,2014-12-24,OPTSTK,RPOWER,55.0,CE,0.0,0.0,0.0,18.45,19.65,0,0.0,0
2014-11-10,2014-12-24,OPTSTK,RPOWER,57.5,CE,0.0,0.0,0.0,16.65,17.3,0,0.0,0
2014-11-10,2014-12-24,OPTSTK,RPOWER,60.0,CE,0.0,0.0,0.0,14.95,15.0,0,0.0,0
2014-11-10,2014-12-24,OPTSTK,RPOWER,62.5,CE,0.0,0.0,0.0,13.4,12.85,0,0.0,0
2014-11-10,2014-12-24,OPTSTK,RPOWER,65.0,CE,0.0,0.0,0.0,11.95,10.85,0,0.0,0
2014-11-10,2014-12-24,OPTSTK,RPOWER,67.5,CE,0.0,0.0,0.0,10.65,9.05,0,0.0,0
2014-11-10,2014-12-24,OPTSTK,RPOWER,70.0,CE,0.0,0.0,0.0,9.45,7.4,0,0.0,0
2014-11-10,2014-12-24,OPTSTK,RPOWER,72.5,CE,0.0,0.0,0.0,8.35,5.95,0,0.0,0
2014-11-10,2014-12-24,OPTSTK,RPOWER,75.0,CE,0.0,0.0,0.0,7.35,4.75,0,0.0,0
2014-11-10,2014-12-24,OPTSTK,RPOWER,77.5,CE,0.0,0.0,0.0,6.45,3.7,0,0.0,0
2014-11-10,2014-12-24,OPTSTK,RPOWER,80.0,CE,2.55,2.75,2.55,2.7,2.7,13,42.97,64000
2014-11-10,2014-12-24,OPTSTK,RPOWER,82.5,CE,0.0,0.0,0.0,4.95,2.15,0,0.0,0
2014-11-10,2014-12-24,OPTSTK,RPOWER,85.0,CE,0.0,0.0,0.0,4.35,1.65,0,0.0,0
2014-11-10,2014-12-24,OPTSTK,RPOWER,87.5,CE,0.0,0.0,0.0,3.8,1.2,0,0.0,0
2014-11-10,2014-12-24,OPTSTK,RPOWER,90.0,CE,0.0,0.0,0.0,3.3,0.9,0,0.0,0
2014-11-10,2014-12-24,OPTSTK,RPOWER,92.5,CE,0.0,0.0,0.0,2.85,0.65,0,0.0,0
2014-11-10,2014-12-24,OPTSTK,RPOWER,95.0,CE,0.0,0.0,0.0,2.5,0.45,0,0.0,0
2014-11-10,2014-12-24,OPTSTK,RPOWER,97.5,CE,0.0,0.0,0.0,2.15,0.35,0,0.0,0
2014-11-10,2014-12-24,OPTSTK,RPOWER,100.0,CE,0.0,0.0,0.0,1.85,0.25,0,0.0,0
2014-11-10,2014-12-24,OPTSTK,RPOWER,50.0,PE,0.0,0.0,0.0,1.1,0.05,0,0.0,0
2014-11-10,2014-12-24,OPTSTK,RPOWER,52.5,PE,0.0,0.0,0.0,1.55,0.1,0,0.0,0
2014-11-10,2014-12-24,OPTSTK,RPOWER,55.0,PE,0.0,0.0,0.0,2.1,0.15,0,0.0,0
2014-11-10,2014-12-24,OPTSTK,RPOWER,57.5,PE,0.0,0.0,0.0,2.75,0.3,0,0.0,0
2014-11-10,2014-12-24,OPTSTK,RPOWER,60.0,PE,0.0,0.0,0.0,3.5,0.5,0,0.0,0
2014-11-10,2014-12-24,OPTSTK,RPOWER,62.5,PE,0.0,0.0,0.0,4.4,0.8,0,0.0,0
2014-11-10,2014-12-24,OPTSTK,RPOWER,65.0,PE,0.0,0.0,0.0,5.4,1.3,0,0.0,0
2014-11-10,2014-12-24,OPTSTK,RPOWER,67.5,PE,0.0,0.0,0.0,6.5,1.95,0,0.0,0
2014-11-10,2014-12-24,OPTSTK,RPOWER,70.0,PE,2.35,2.35,2.35,2.35,2.35,1,2.89,4000
2014-11-10,2014-12-24,OPTSTK,RPOWER,72.5,PE,0.0,0.0,0.0,9.1,3.8,0,0.0,0
2014-11-10,2014-12-24,OPTSTK,RPOWER,75.0,PE,0.0,0.0,0.0,10.55,5.05,0,0.0,0
2014-11-10,2014-12-24,OPTSTK,RPOWER,77.5,PE,0.0,0.0,0.0,12.1,6.5,0,0.0,0
2014-11-10,2014-12-24,OPTSTK,RPOWER,80.0,PE,0.0,0.0,0.0,13.75,8.1,0,0.0,0
2014-11-10,2014-12-24,OPTSTK,RPOWER,82.5,PE,0.0,0.0,0.0,15.5,9.9,0,0.0,0
2014-11-10,2014-12-24,OPTSTK,RPOWER,85.0,PE,0.0,0.0,0.0,17.35,11.85,0,0.0,0
2014-11-10,2014-12-24,OPTSTK,RPOWER,87.5,PE,0.0,0.0,0.0,19.25,13.9,0,0.0,0
2014-11-10,2014-12-24,OPTSTK,RPOWER,90.0,PE,15.05,15.05,15.05,15.05,15.05,1,4.2,12000
2014-11-10,2014-12-24,OPTSTK,RPOWER,92.5,PE,0.0,0.0,0.0,23.2,18.3,0,0.0,0
2014-11-10,2014-12-24,OPTSTK,RPOWER,95.0,PE,0.0,0.0,0.0,25.25,20.55,0,0.0,0
2014-11-10,2014-12-24,OPTSTK,RPOWER,97.5,PE,0.0,0.0,0.0,27.4,22.9,0,0.0,0
2014-11-10,2014-12-24,OPTSTK,RPOWER,100.0,PE,0.0,0.0,0.0,29.55,25.3,0,0.0,0
2014-11-10,2015-01-29,OPTSTK,RPOWER,50.0,CE,0.0,0.0,0.0,23.95,25.05,0,0.0,0
2014-11-10,2015-01-29,OPTSTK,RPOWER,52.5,CE,0.0,0.0,0.0,21.6,22.7,0,0.0,0
2014-11-10,2015-01-29,OPTSTK,RPOWER,55.0,CE,0.0,0.0,0.0,19.35,20.45,0,0.0,0
2014-11-10,2015-01-29,OPTSTK,RPOWER,57.5,CE,0.0,0.0,0.0,17.15,18.3,0,0.0,0
2014-11-10,2015-01-29,OPTSTK,RPOWER,60.0,CE,0.0,0.0,0.0,15.05,16.25,0,0.0,0
2014-11-10,2015-01-29,OPTSTK,RPOWER,62.5,CE,0.0,0.0,0.0,13.1,14.3,0,0.0,0
2014-11-10,2015-01-29,OPTSTK,RPOWER,65.0,CE,0.0,0.0,0.0,11.3,12.45,0,0.0,0
2014-11-10,2015-01-29,OPTSTK,RPOWER,67.5,CE,0.0,0.0,0.0,9.6,10.8,0,0.0,0
2014-11-10,2015-01-29,OPTSTK,RPOWER,70.0,CE,0.0,0.0,0.0,8.1,9.3,0,0.0,0
2014-11-10,2015-01-29,OPTSTK,RPOWER,72.5,CE,0.0,0.0,0.0,6.8,7.95,0,0.0,0
2014-11-10,2015-01-29,OPTSTK,RPOWER,75.0,CE,0.0,0.0,0.0,5.65,6.7,0,0.0,0
2014-11-10,2015-01-29,OPTSTK,RPOWER,77.5,CE,0.0,0.0,0.0,4.6,5.65,0,0.0,0
2014-11-10,2015-01-29,OPTSTK,RPOWER,80.0,CE,0.0,0.0,0.0,3.75,4.7,0,0.0,0
2014-11-10,2015-01-29,OPTSTK,RPOWER,82.5,CE,0.0,0.0,0.0,3.05,3.95,0,0.0,0
2014-11-10,2015-01-29,OPTSTK,RPOWER,85.0,CE,0.0,0.0,0.0,2.45,3.25,0,0.0,0
2014-11-10,2015-01-29,OPTSTK,RPOWER,87.5,CE,0.0,0.0,0.0,1.95,2.65,0,0.0,0
2014-11-10,2015-01-29,OPTSTK,RPOWER,90.0,CE,0.0,0.0,0.0,1.55,2.2,0,0.0,0
2014-11-10,2015-01-29,OPTSTK,RPOWER,92.5,CE,0.0,0.0,0.0,1.2,1.75,0,0.0,0
2014-11-10,2015-01-29,OPTSTK,RPOWER,95.0,CE,0.0,0.0,0.0,0.95,1.45,0,0.0,0
2014-11-10,2015-01-29,OPTSTK,RPOWER,97.5,CE,0.0,0.0,0.0,0.75,1.15,0,0.0,0
2014-11-10,2015-01-29,OPTSTK,RPOWER,100.0,CE,0.0,0.0,0.0,0.6,0.95,0,0.0,0
2014-11-10,2015-01-29,OPTSTK,RPOWER,50.0,PE,0.0,0.0,0.0,0.15,0.2,0,0.0,0
2014-11-10,2015-01-29,OPTSTK,RPOWER,52.5,PE,0.0,0.0,0.0,0.25,0.3,0,0.0,0
2014-11-10,2015-01-29,OPTSTK,RPOWER,55.0,PE,0.0,0.0,0.0,0.4,0.5,0,0.0,0
2014-11-10,2015-01-29,OPTSTK,RPOWER,57.5,PE,0.0,0.0,0.0,0.65,0.8,0,0.0,0
2014-11-10,2015-01-29,OPTSTK,RPOWER,60.0,PE,0.0,0.0,0.0,1.0,1.2,0,0.0,0
2014-11-10,2015-01-29,OPTSTK,RPOWER,62.5,PE,0.0,0.0,0.0,1.5,1.7,0,0.0,0
2014-11-10,2015-01-29,OPTSTK,RPOWER,65.0,PE,0.0,0.0,0.0,2.15,2.35,0,0.0,0
2014-11-10,2015-01-29,OPTSTK,RPOWER,67.5,PE,0.0,0.0,0.0,2.9,3.15,0,0.0,0
2014-11-10,2015-01-29,OPTSTK,RPOWER,70.0,PE,0.0,0.0,0.0,3.85,4.05,0,0.0,0
2014-11-10,2015-01-29,OPTSTK,RPOWER,72.5,PE,0.0,0.0,0.0,5.0,5.15,0,0.0,0
2014-11-10,2015-01-29,OPTSTK,RPOWER,75.0,PE,0.0,0.0,0.0,6.25,6.4,0,0.0,0
2014-11-10,2015-01-29,OPTSTK,RPOWER,77.5,PE,0.0,0.0,0.0,7.7,7.8,0,0.0,0
2014-11-10,2015-01-29,OPTSTK,RPOWER,80.0,PE,0.0,0.0,0.0,9.3,9.3,0,0.0,0
2014-11-10,2015-01-29,OPTSTK,RPOWER,82.5,PE,0.0,0.0,0.0,11.0,10.95,0,0.0,0
2014-11-10,2015-01-29,OPTSTK,RPOWER,85.0,PE,0.0,0.0,0.0,12.85,12.75,0,0.0,0
2014-11-10,2015-01-29,OPTSTK,RPOWER,87.5,PE,0.0,0.0,0.0,14.8,14.6,0,0.0,0
2014-11-10,2015-01-29,OPTSTK,RPOWER,90.0,PE,0.0,0.0,0.0,16.85,16.55,0,0.0,0
2014-11-10,2015-01-29,OPTSTK,RPOWER,92.5,PE,0.0,0.0,0.0,18.95,18.6,0,0.0,0
2014-11-10,2015-01-29,OPTSTK,RPOWER,95.0,PE,0.0,0.0,0.0,21.15,20.75,0,0.0,0
2014-11-10,2015-01-29,OPTSTK,RPOWER,97.5,PE,0.0,0.0,0.0,23.4,22.9,0,0.0,0
2014-11-10,2015-01-29,OPTSTK,RPOWER,100.0,PE,0.0,0.0,0.0,25.65,25.15,0,0.0,0
2014-11-10,2014-11-27,OPTSTK,SAIL,45.0,CE,0.0,0.0,0.0,37.05,38.2,0,0.0,0
2014-11-10,2014-11-27,OPTSTK,SAIL,47.5,CE,0.0,0.0,0.0,20.7,35.7,0,0.0,0
2014-11-10,2014-11-27,OPTSTK,SAIL,50.0,CE,0.0,0.0,0.0,32.15,33.2,0,0.0,0
2014-11-10,2014-11-27,OPTSTK,SAIL,52.5,CE,0.0,0.0,0.0,16.0,30.75,0,0.0,0
2014-11-10,2014-11-27,OPTSTK,SAIL,55.0,CE,0.0,0.0,0.0,27.35,28.25,0,0.0,0
2014-11-10,2014-11-27,OPTSTK,SAIL,57.5,CE,0.0,0.0,0.0,11.65,25.75,0,0.0,0
2014-11-10,2014-11-27,OPTSTK,SAIL,60.0,CE,0.0,0.0,0.0,21.0,23.25,0,0.0,16000
2014-11-10,2014-11-27,OPTSTK,SAIL,62.5,CE,0.0,0.0,0.0,7.95,20.75,0,0.0,0
2014-11-10,2014-11-27,OPTSTK,SAIL,65.0,CE,0.0,0.0,0.0,18.25,18.3,0,0.0,0
2014-11-10,2014-11-27,OPTSTK,SAIL,67.5,CE,0.0,0.0,0.0,5.05,15.8,0,0.0,0
2014-11-10,2014-11-27,OPTSTK,SAIL,70.0,CE,12.85,12.85,12.85,12.85,12.85,1,3.31,16000
2014-11-10,2014-11-27,OPTSTK,SAIL,72.5,CE,0.0,0.0,0.0,3.0,11.0,0,0.0,0
2014-11-10,2014-11-27,OPTSTK,SAIL,75.0,CE,7.8,7.8,7.8,7.8,7.8,1,3.31,28000
2014-11-10,2014-11-27,OPTSTK,SAIL,77.5,CE,0.0,0.0,0.0,6.0,6.65,0,0.0,4000
2014-11-10,2014-11-27,OPTSTK,SAIL,80.0,CE,5.5,5.5,3.8,4.2,4.2,26,87.54,328000
2014-11-10,2014-11-27,OPTSTK,SAIL,82.5,CE,3.75,3.75,2.75,2.9,2.9,29,99.29,96000
2014-11-10,2014-11-27,OPTSTK,SAIL,85.0,CE,2.65,2.95,1.85,2.15,2.15,179,625.18,924000
2014-11-10,2014-11-27,OPTSTK,SAIL,87.5,CE,2.0,2.0,1.4,1.55,1.55,11,39.19,236000
2014-11-10,2014-11-27,OPTSTK,SAIL,90.0,CE,1.25,1.4,0.9,1.0,1.0,162,590.44,1160000
2014-11-10,2014-11-27,OPTSTK,SAIL,92.5,CE,0.75,0.8,0.65,0.7,0.7,5,18.64,32000
2014-11-10,2014-11-27,OPTSTK,SAIL,95.0,CE,0.6,0.65,0.45,0.45,0.45,44,168.06,444000
2014-11-10,2014-11-27,OPTSTK,SAIL,97.5,CE,0.0,0.0,0.0,0.4,0.15,0,0.0,20000
2014-11-10,2014-11-27,OPTSTK,SAIL,100.0,CE,0.3,0.3,0.2,0.25,0.25,14,56.14,408000
2014-11-10,2014-11-27,OPTSTK,SAIL,102.5,CE,0.0,0.0,0.0,0.05,0.05,0,0.0,0
2014-11-10,2014-11-27,OPTSTK,SAIL,105.0,CE,0.1,0.15,0.1,0.15,0.15,3,12.61,232000
2014-11-10,2014-11-27,OPTSTK,SAIL,107.5,CE,0.0,0.0,0.0,0.2,0.05,0,0.0,0
2014-11-10,2014-11-27,OPTSTK,SAIL,110.0,CE,0.0,0.0,0.0,0.7,0.0,0,0.0,0
2014-11-10,2014-11-27,OPTSTK,SAIL,115.0,CE,0.0,0.0,0.0,0.25,0.0,0,0.0,4000
2014-11-10,2014-11-27,OPTSTK,SAIL,120.0,CE,0.0,0.0,0.0,0.3,0.0,0,0.0,0
2014-11-10,2014-11-27,OPTSTK,SAIL,125.0,CE,0.0,0.0,0.0,0.15,0.0,0,0.0,0
2014-11-10,2014-11-27,OPTSTK,SAIL,45.0,PE,0.0,0.0,0.0,0.05,0.0,0,0.0,0
2014-11-10,2014-11-27,OPTSTK,SAIL,47.5,PE,0.0,0.0,0.0,0.05,0.0,0,0.0,0
2014-11-10,2014-11-27,OPTSTK,SAIL,50.0,PE,0.0,0.0,0.0,0.05,0.0,0,0.0,0
2014-11-10,2014-11-27,OPTSTK,SAIL,52.5,PE,0.0,0.0,0.0,0.3,0.0,0,0.0,0
2014-11-10,2014-11-27,OPTSTK,SAIL,55.0,PE,0.0,0.0,0.0,0.15,0.0,0,0.0,0
2014-11-10,2014-11-27,OPTSTK,SAIL,57.5,PE,0.0,0.0,0.0,0.85,0.0,0,0.0,0
2014-11-10,2014-11-27,OPTSTK,SAIL,60.0,PE,0.0,0.0,0.0,0.05,0.0,0,0.0,4000
2014-11-10,2014-11-27,OPTSTK,SAIL,62.5,PE,0.0,0.0,0.0,2.05,0.0,0,0.0,0
2014-11-10,2014-11-27,OPTSTK,SAIL,65.0,PE,0.0,0.0,0.0,0.85,0.05,0,0.0,0
2014-11-10,2014-11-27,OPTSTK,SAIL,67.5,PE,0.0,0.0,0.0,4.1,0.05,0,0.0,0
2014-11-10,2014-11-27,OPTSTK,SAIL,70.0,PE,0.4,0.45,0.4,0.4,0.4,30,84.52,196000
2014-11-10,2014-11-27,OPTSTK,SAIL,72.5,PE,0.0,0.0,0.0,7.0,0.2,0,0.0,0
2014-11-10,2014-11-27,OPTSTK,SAIL,75.0,PE,0.95,1.3,0.95,1.05,1.05,58,176.65,256000
2014-11-10,2014-11-27,OPTSTK,SAIL,77.5,PE,1.5,1.75,1.5,1.75,1.75,5,15.81,36000
2014-11-10,2014-11-27,OPTSTK,SAIL,80.0,PE,2.45,3.0,1.7,2.6,2.6,63,208.27,524000
2014-11-10,2014-11-27,OPTSTK,SAIL,82.5,PE,3.25,4.5,3.25,3.8,3.8,27,93.28,92000
2014-11-10,2014-11-27,OPTSTK,SAIL,85.0,PE,5.05,5.85,5.05,5.4,5.4,8,28.98,172000
2014-11-10,2014-11-27,OPTSTK,SAIL,87.5,PE,0.0,0.0,0.0,9.25,5.55,0,0.0,4000
2014-11-10,2014-11-27,OPTSTK,SAIL,90.0,PE,9.45,9.45,9.2,9.2,9.2,2,7.94,64000
2014-11-10,2014-11-27,OPTSTK,SAIL,92.5,PE,0.0,0.0,0.0,23.9,9.6,0,0.0,0
2014-11-10,2014-11-27,OPTSTK,SAIL,95.0,PE,0.0,0.0,0.0,14.25,11.9,0,0.0,4000
2014-11-10,2014-11-27,OPTSTK,SAIL,97.5,PE,0.0,0.0,0.0,28.7,14.25,0,0.0,0
2014-11-10,2014-11-27,OPTSTK,SAIL,100.0,PE,19.1,19.1,19.1,19.1,19.1,1,4.76,60000
2014-11-10,2014-11-27,OPTSTK,SAIL,102.5,PE,0.0,0.0,0.0,33.6,19.15,0,0.0,0
2014-11-10,2014-11-27,OPTSTK,SAIL,105.0,PE,0.0,0.0,0.0,23.4,21.6,0,0.0,40000
2014-11-10,2014-11-27,OPTSTK,SAIL,107.5,PE,0.0,0.0,0.0,34.45,24.1,0,0.0,0
2014-11-10,2014-11-27,OPTSTK,SAIL,110.0,PE,0.0,0.0,0.0,28.4,26.6,0,0.0,36000
2014-11-10,2014-11-27,OPTSTK,SAIL,115.0,PE,0.0,0.0,0.0,28.0,31.55,0,0.0,12000
2014-11-10,2014-11-27,OPTSTK,SAIL,120.0,PE,0.0,0.0,0.0,36.7,36.55,0,0.0,0
2014-11-10,2014-11-27,OPTSTK,SAIL,125.0,PE,0.0,0.0,0.0,41.45,41.55,0,0.0,0
2014-11-10,2014-12-24,OPTSTK,SAIL,45.0,CE,0.0,0.0,0.0,23.45,38.5,0,0.0,0
2014-11-10,2014-12-24,OPTSTK,SAIL,47.5,CE,0.0,0.0,0.0,21.1,36.0,0,0.0,0
2014-11-10,2014-12-24,OPTSTK,SAIL,50.0,CE,0.0,0.0,0.0,18.8,33.55,0,0.0,0
2014-11-10,2014-12-24,OPTSTK,SAIL,52.5,CE,0.0,0.0,0.0,16.55,31.05,0,0.0,0
2014-11-10,2014-12-24,OPTSTK,SAIL,55.0,CE,0.0,0.0,0.0,14.45,28.6,0,0.0,0
2014-11-10,2014-12-24,OPTSTK,SAIL,57.5,CE,0.0,0.0,0.0,12.45,26.15,0,0.0,0
2014-11-10,2014-12-24,OPTSTK,SAIL,60.0,CE,0.0,0.0,0.0,10.6,23.7,0,0.0,0
2014-11-10,2014-12-24,OPTSTK,SAIL,62.5,CE,0.0,0.0,0.0,8.95,21.25,0,0.0,0
2014-11-10,2014-12-24,OPTSTK,SAIL,65.0,CE,0.0,0.0,0.0,7.45,18.85,0,0.0,0
2014-11-10,2014-12-24,OPTSTK,SAIL,67.5,CE,0.0,0.0,0.0,6.15,16.55,0,0.0,0
2014-11-10,2014-12-24,OPTSTK,SAIL,70.0,CE,0.0,0.0,0.0,5.0,14.3,0,0.0,0
2014-11-10,2014-12-24,OPTSTK,SAIL,72.5,CE,0.0,0.0,0.0,4.05,12.2,0,0.0,0
2014-11-10,2014-12-24,OPTSTK,SAIL,75.0,CE,0.0,0.0,0.0,3.25,10.2,0,0.0,0
2014-11-10,2014-12-24,OPTSTK,SAIL,77.5,CE,0.0,0.0,0.0,2.55,8.4,0,0.0,0
2014-11-10,2014-12-24,OPTSTK,SAIL,80.0,CE,0.0,0.0,0.0,2.0,6.85,0,0.0,0
2014-11-10,2014-12-24,OPTSTK,SAIL,82.5,CE,0.0,0.0,0.0,1.55,5.45,0,0.0,0
2014-11-10,2014-12-24,OPTSTK,SAIL,85.0,CE,0.0,0.0,0.0,1.2,4.25,0,0.0,0
2014-11-10,2014-12-24,OPTSTK,SAIL,87.5,CE,0.0,0.0,0.0,0.95,3.3,0,0.0,0
2014-11-10,2014-12-24,OPTSTK,SAIL,90.0,CE,2.5,2.5,2.5,2.5,2.5,1,3.7,4000
2014-11-10,2014-12-24,OPTSTK,SAIL,92.5,CE,0.0,0.0,0.0,0.55,1.85,0,0.0,0
2014-11-10,2014-12-24,OPTSTK,SAIL,95.0,CE,0.0,0.0,0.0,0.4,1.35,0,0.0,0
2014-11-10,2014-12-24,OPTSTK,SAIL,97.5,CE,0.0,0.0,0.0,0.3,1.0,0,0.0,0
2014-11-10,2014-12-24,OPTSTK,SAIL,100.0,CE,0.0,0.0,0.0,1.0,0.7,0,0.0,4000
2014-11-10,2014-12-24,OPTSTK,SAIL,102.5,CE,0.0,0.0,0.0,0.2,0.5,0,0.0,0
2014-11-10,2014-12-24,OPTSTK,SAIL,105.0,CE,0.0,0.0,0.0,0.6,0.35,0,0.0,0
2014-11-10,2014-12-24,OPTSTK,SAIL,45.0,PE,0.0,0.0,0.0,0.1,0.0,0,0.0,0
2014-11-10,2014-12-24,OPTSTK,SAIL,47.5,PE,0.0,0.0,0.0,0.15,0.0,0,0.0,0
2014-11-10,2014-12-24,OPTSTK,SAIL,50.0,PE,0.0,0.0,0.0,0.3,0.0,0,0.0,0
2014-11-10,2014-12-24,OPTSTK,SAIL,52.5,PE,0.0,0.0,0.0,0.55,0.0,0,0.0,0
2014-11-10,2014-12-24,OPTSTK,SAIL,55.0,PE,0.0,0.0,0.0,0.85,0.0,0,0.0,0
2014-11-10,2014-12-24,OPTSTK,SAIL,57.5,PE,0.0,0.0,0.0,1.3,0.05,0,0.0,0
2014-11-10,2014-12-24,OPTSTK,SAIL,60.0,PE,0.0,0.0,0.0,1.9,0.05,0,0.0,0
2014-11-10,2014-12-24,OPTSTK,SAIL,62.5,PE,0.0,0.0,0.0,2.7,0.1,0,0.0,0
2014-11-10,2014-12-24,OPTSTK,SAIL,65.0,PE,0.0,0.0,0.0,3.65,0.2,0,0.0,0
2014-11-10,2014-12-24,OPTSTK,SAIL,67.5,PE,0.0,0.0,0.0,4.75,0.3,0,0.0,0
2014-11-10,2014-12-24,OPTSTK,SAIL,70.0,PE,0.0,0.0,0.0,6.1,0.55,0,0.0,0
2014-11-10,2014-12-24,OPTSTK,SAIL,72.5,PE,0.0,0.0,0.0,7.55,0.9,0,0.0,0
2014-11-10,2014-12-24,OPTSTK,SAIL,75.0,PE,0.0,0.0,0.0,9.2,1.4,0,0.0,0
2014-11-10,2014-12-24,OPTSTK,SAIL,77.5,PE,0.0,0.0,0.0,10.95,2.1,0,0.0,0
2014-11-10,2014-12-24,OPTSTK,SAIL,80.0,PE,0.0,0.0,0.0,12.85,3.0,0,0.0,0
2014-11-10,2014-12-24,OPTSTK,SAIL,82.5,PE,0.0,0.0,0.0,14.85,4.1,0,0.0,0
2014-11-10,2014-12-24,OPTSTK,SAIL,85.0,PE,0.0,0.0,0.0,16.95,5.4,0,0.0,0
2014-11-10,2014-12-24,OPTSTK,SAIL,87.5,PE,0.0,0.0,0.0,19.15,6.85,0,0.0,0
2014-11-10,2014-12-24,OPTSTK,SAIL,90.0,PE,0.0,0.0,0.0,21.35,8.55,0,0.0,0
2014-11-10,2014-12-24,OPTSTK,SAIL,92.5,PE,0.0,0.0,0.0,23.65,10.4,0,0.0,0
2014-11-10,2014-12-24,OPTSTK,SAIL,95.0,PE,0.0,0.0,0.0,25.95,12.4,0,0.0,0
2014-11-10,2014-12-24,OPTSTK,SAIL,97.5,PE,0.0,0.0,0.0,28.3,14.5,0,0.0,0
2014-11-10,2014-12-24,OPTSTK,SAIL,100.0,PE,0.0,0.0,0.0,30.65,16.65,0,0.0,0
2014-11-10,2014-12-24,OPTSTK,SAIL,102.5,PE,0.0,0.0,0.0,33.05,18.95,0,0.0,0
2014-11-10,2014-12-24,OPTSTK,SAIL,105.0,PE,0.0,0.0,0.0,31.75,21.25,0,0.0,0
2014-11-10,2015-01-29,OPTSTK,SAIL,47.5,CE,0.0,0.0,0.0,36.95,36.45,0,0.0,0
2014-11-10,2015-01-29,OPTSTK,SAIL,50.0,CE,0.0,0.0,0.0,34.5,34.0,0,0.0,0
2014-11-10,2015-01-29,OPTSTK,SAIL,52.5,CE,0.0,0.0,0.0,32.1,31.55,0,0.0,0
2014-11-10,2015-01-29,OPTSTK,SAIL,55.0,CE,0.0,0.0,0.0,29.7,29.1,0,0.0,0
2014-11-10,2015-01-29,OPTSTK,SAIL,57.5,CE,0.0,0.0,0.0,27.3,26.7,0,0.0,0
2014-11-10,2015-01-29,OPTSTK,SAIL,60.0,CE,0.0,0.0,0.0,24.95,24.35,0,0.0,0
2014-11-10,2015-01-29,OPTSTK,SAIL,62.5,CE,0.0,0.0,0.0,22.65,22.05,0,0.0,0
2014-11-10,2015-01-29,OPTSTK,SAIL,65.0,CE,0.0,0.0,0.0,20.45,19.8,0,0.0,0
2014-11-10,2015-01-29,OPTSTK,SAIL,67.5,CE,0.0,0.0,0.0,18.3,17.65,0,0.0,0
2014-11-10,2015-01-29,OPTSTK,SAIL,70.0,CE,0.0,0.0,0.0,16.3,15.6,0,0.0,0
2014-11-10,2015-01-29,OPTSTK,SAIL,72.5,CE,0.0,0.0,0.0,14.35,13.7,0,0.0,0
2014-11-10,2015-01-29,OPTSTK,SAIL,75.0,CE,0.0,0.0,0.0,12.6,11.9,0,0.0,0
2014-11-10,2015-01-29,OPTSTK,SAIL,77.5,CE,0.0,0.0,0.0,10.95,10.25,0,0.0,0
2014-11-10,2015-01-29,OPTSTK,SAIL,80.0,CE,0.0,0.0,0.0,9.45,8.75,0,0.0,0
2014-11-10,2015-01-29,OPTSTK,SAIL,82.5,CE,0.0,0.0,0.0,8.1,7.45,0,0.0,0
2014-11-10,2015-01-29,OPTSTK,SAIL,85.0,CE,0.0,0.0,0.0,6.9,6.25,0,0.0,0
2014-11-10,2015-01-29,OPTSTK,SAIL,87.5,CE,0.0,0.0,0.0,5.8,5.2,0,0.0,0
2014-11-10,2015-01-29,OPTSTK,SAIL,90.0,CE,0.0,0.0,0.0,4.85,4.3,0,0.0,0
2014-11-10,2015-01-29,OPTSTK,SAIL,92.5,CE,0.0,0.0,0.0,4.05,3.55,0,0.0,0
2014-11-10,2015-01-29,OPTSTK,SAIL,95.0,CE,0.0,0.0,0.0,3.35,2.9,0,0.0,0
2014-11-10,2015-01-29,OPTSTK,SAIL,97.5,CE,0.0,0.0,0.0,2.8,2.35,0,0.0,0
2014-11-10,2015-01-29,OPTSTK,SAIL,100.0,CE,0.0,0.0,0.0,2.3,1.9,0,0.0,0
2014-11-10,2015-01-29,OPTSTK,SAIL,102.5,CE,0.0,0.0,0.0,1.85,1.5,0,0.0,0
2014-11-10,2015-01-29,OPTSTK,SAIL,105.0,CE,0.0,0.0,0.0,1.5,1.2,0,0.0,0
2014-11-10,2015-01-29,OPTSTK,SAIL,47.5,PE,0.0,0.0,0.0,0.05,0.0,0,0.0,0
2014-11-10,2015-01-29,OPTSTK,SAIL,50.0,PE,0.0,0.0,0.0,0.05,0.05,0,0.0,0
2014-11-10,2015-01-29,OPTSTK,SAIL,52.5,PE,0.0,0.0,0.0,0.05,0.05,0,0.0,0
2014-11-10,2015-01-29,OPTSTK,SAIL,55.0,PE,0.0,0.0,0.0,0.1,0.1,0,0.0,0
2014-11-10,2015-01-29,OPTSTK,SAIL,57.5,PE,0.0,0.0,0.0,0.15,0.15,0,0.0,0
2014-11-10,2015-01-29,OPTSTK,SAIL,60.0,PE,0.0,0.0,0.0,0.25,0.25,0,0.0,0
2014-11-10,2015-01-29,OPTSTK,SAIL,62.5,PE,0.0,0.0,0.0,0.4,0.35,0,0.0,0
2014-11-10,2015-01-29,OPTSTK,SAIL,65.0,PE,0.0,0.0,0.0,0.65,0.6,0,0.0,0
2014-11-10,2015-01-29,OPTSTK,SAIL,67.5,PE,0.0,0.0,0.0,0.95,0.9,0,0.0,0
2014-11-10,2015-01-29,OPTSTK,SAIL,70.0,PE,0.0,0.0,0.0,1.35,1.3,0,0.0,0
2014-11-10,2015-01-29,OPTSTK,SAIL,72.5,PE,0.0,0.0,0.0,1.9,1.8,0,0.0,0
2014-11-10,2015-01-29,OPTSTK,SAIL,75.0,PE,0.0,0.0,0.0,2.55,2.5,0,0.0,0
2014-11-10,2015-01-29,OPTSTK,SAIL,77.5,PE,0.0,0.0,0.0,3.35,3.3,0,0.0,0
2014-11-10,2015-01-29,OPTSTK,SAIL,80.0,PE,0.0,0.0,0.0,4.3,4.25,0,0.0,0
2014-11-10,2015-01-29,OPTSTK,SAIL,82.5,PE,0.0,0.0,0.0,5.4,5.35,0,0.0,0
2014-11-10,2015-01-29,OPTSTK,SAIL,85.0,PE,0.0,0.0,0.0,6.65,6.65,0,0.0,0
2014-11-10,2015-01-29,OPTSTK,SAIL,87.5,PE,0.0,0.0,0.0,8.0,8.05,0,0.0,0
2014-11-10,2015-01-29,OPTSTK,SAIL,90.0,PE,0.0,0.0,0.0,9.55,9.6,0,0.0,0
2014-11-10,2015-01-29,OPTSTK,SAIL,92.5,PE,0.0,0.0,0.0,11.15,11.3,0,0.0,0
2014-11-10,2015-01-29,OPTSTK,SAIL,95.0,PE,0.0,0.0,0.0,12.9,13.1,0,0.0,0
2014-11-10,2015-01-29,OPTSTK,SAIL,97.5,PE,0.0,0.0,0.0,14.8,15.0,0,0.0,0
2014-11-10,2015-01-29,OPTSTK,SAIL,100.0,PE,0.0,0.0,0.0,16.7,17.0,0,0.0,0
2014-11-10,2015-01-29,OPTSTK,SAIL,102.5,PE,0.0,0.0,0.0,18.75,19.05,0,0.0,0
2014-11-10,2015-01-29,OPTSTK,SAIL,105.0,PE,0.0,0.0,0.0,20.85,21.2,0,0.0,0
2014-11-10,2014-11-27,OPTSTK,SBIN,1850.0,CE,0.0,0.0,0.0,652.15,896.8,0,0.0,0
2014-11-10,2014-11-27,OPTSTK,SBIN,1900.0,CE,0.0,0.0,0.0,604.55,847.0,0,0.0,0
2014-11-10,2014-11-27,OPTSTK,SBIN,1950.0,CE,0.0,0.0,0.0,557.6,797.2,0,0.0,0
2014-11-10,2014-11-27,OPTSTK,SBIN,2000.0,CE,0.0,0.0,0.0,641.15,747.4,0,0.0,750
2014-11-10,2014-11-27,OPTSTK,SBIN,2050.0,CE,0.0,0.0,0.0,466.6,697.6,0,0.0,0
2014-11-10,2014-11-27,OPTSTK,SBIN,2100.0,CE,0.0,0.0,0.0,423.0,647.8,0,0.0,0
2014-11-10,2014-11-27,OPTSTK,SBIN,2150.0,CE,0.0,0.0,0.0,381.05,598.0,0,0.0,0
2014-11-10,2014-11-27,OPTSTK,SBIN,2200.0,CE,0.0,0.0,0.0,341.0,548.2,0,0.0,0
2014-11-10,2014-11-27,OPTSTK,SBIN,2250.0,CE,0.0,0.0,0.0,303.05,498.45,0,0.0,0
2014-11-10,2014-11-27,OPTSTK,SBIN,2300.0,CE,0.0,0.0,0.0,348.65,448.8,0,0.0,1125
2014-11-10,2014-11-27,OPTSTK,SBIN,2350.0,CE,0.0,0.0,0.0,310.0,399.3,0,0.0,500
2014-11-10,2014-11-27,OPTSTK,SBIN,2400.0,CE,365.0,365.0,365.0,365.0,365.0,1,3.45,3625
2014-11-10,2014-11-27,OPTSTK,SBIN,2450.0,CE,0.0,0.0,0.0,315.0,302.1,0,0.0,4000
2014-11-10,2014-11-27,OPTSTK,SBIN,2500.0,CE,261.0,265.25,261.0,265.25,265.25,4,13.81,19375
2014-11-10,2014-11-27,OPTSTK,SBIN,2550.0,CE,219.0,230.0,219.0,230.0,230.0,5,17.36,9000
2014-11-10,2014-11-27,OPTSTK,SBIN,2600.0,CE,195.1,195.1,173.2,175.5,175.5,43,149.48,37375
2014-11-10,2014-11-27,OPTSTK,SBIN,2650.0,CE,159.0,160.0,135.0,135.0,135.0,18,62.94,29625
2014-11-10,2014-11-27,OPTSTK,SBIN,2700.0,CE,117.0,133.5,103.05,107.15,107.15,426,1498.01,74125
2014-11-10,2014-11-27,OPTSTK,SBIN,2750.0,CE,96.85,102.25,78.25,80.8,80.8,1264,4484.4,125500
2014-11-10,2014-11-27,OPTSTK,SBIN,2800.0,CE,71.45,78.75,57.6,59.85,59.85,3045,10908.09,803625
2014-11-10,2014-11-27,OPTSTK,SBIN,2850.0,CE,50.2,56.6,39.55,41.65,41.65,1439,5210.0,165000
2014-11-10,2014-11-27,OPTSTK,SBIN,2900.0,CE,34.85,41.0,27.0,28.7,28.7,2160,7917.94,548125
2014-11-10,2014-11-27,OPTSTK,SBIN,2950.0,CE,22.8,28.0,18.45,19.4,19.4,294,1092.43,80375
2014-11-10,2014-11-27,OPTSTK,SBIN,3000.0,CE,17.05,20.5,12.8,13.4,13.4,1103,4157.91,199125
2014-11-10,2014-11-27,OPTSTK,SBIN,3050.0,CE,10.35,13.55,8.45,8.75,8.75,83,317.46,22375
2014-11-10,2014-11-27,OPTSTK,SBIN,3100.0,CE,10.0,10.0,5.75,6.0,6.0,213,827.25,45500
2014-11-10,2014-11-27,OPTSTK,SBIN,3150.0,CE,5.0,6.7,4.0,4.0,4.0,54,212.99,8000
2014-11-10,2014-11-27,OPTSTK,SBIN,3200.0,CE,5.0,5.0,3.1,3.1,3.1,60,240.3,44125
2014-11-10,2014-11-27,OPTSTK,SBIN,3250.0,CE,0.0,0.0,0.0,6.75,0.4,0,0.0,0
2014-11-10,2014-11-27,OPTSTK,SBIN,3300.0,CE,0.0,0.0,0.0,5.25,0.2,0,0.0,0
2014-11-10,2014-11-27,OPTSTK,SBIN,1850.0,PE,0.0,0.0,0.0,2.1,0.0,0,0.0,0
2014-11-10,2014-11-27,OPTSTK,SBIN,1900.0,PE,0.0,0.0,0.0,3.45,0.0,0,0.0,0
2014-11-10,2014-11-27,OPTSTK,SBIN,1950.0,PE,0.0,0.0,0.0,5.45,0.0,0,0.0,0
2014-11-10,2014-11-27,OPTSTK,SBIN,2000.0,PE,0.0,0.0,0.0,8.35,0.0,0,0.0,0
2014-11-10,2014-11-27,OPTSTK,SBIN,2050.0,PE,0.0,0.0,0.0,12.35,0.0,0,0.0,0
2014-11-10,2014-11-27,OPTSTK,SBIN,2100.0,PE,0.0,0.0,0.0,17.7,0.0,0,0.0,0
2014-11-10,2014-11-27,OPTSTK,SBIN,2150.0,PE,0.0,0.0,0.0,24.65,0.0,0,0.0,0
2014-11-10,2014-11-27,OPTSTK,SBIN,2200.0,PE,0.0,0.0,0.0,1.3,0.05,0,0.0,2250
2014-11-10,2014-11-27,OPTSTK,SBIN,2250.0,PE,0.0,0.0,0.0,1.35,0.1,0,0.0,4125
2014-11-10,2014-11-27,OPTSTK,SBIN,2300.0,PE,1.85,3.9,1.85,3.9,3.9,6,17.26,14375
2014-11-10,2014-11-27,OPTSTK,SBIN,2350.0,PE,3.9,3.9,2.85,2.9,2.9,24,70.59,4625
2014-11-10,2014-11-27,OPTSTK,SBIN,2400.0,PE,4.8,5.6,4.15,4.5,4.5,46,138.28,59875
2014-11-10,2014-11-27,OPTSTK,SBIN,2450.0,PE,7.45,8.5,6.45,7.3,7.3,79,242.68,47125
2014-11-10,2014-11-27,OPTSTK,SBIN,2500.0,PE,11.95,13.7,10.5,11.9,11.9,578,1815.02,99750
2014-11-10,2014-11-27,OPTSTK,SBIN,2550.0,PE,18.35,20.85,16.25,17.9,17.9,396,1271.35,56875
2014-11-10,2014-11-27,OPTSTK,SBIN,2600.0,PE,25.0,31.7,25.0,27.7,27.7,938,3081.56,161125
2014-11-10,2014-11-27,OPTSTK,SBIN,2650.0,PE,40.2,45.0,36.2,40.35,40.35,1067,3588.74,107875
2014-11-10,2014-11-27,OPTSTK,SBIN,2700.0,PE,56.55,63.55,52.05,58.2,58.2,1702,5868.07,214750
2014-11-10,2014-11-27,OPTSTK,SBIN,2750.0,PE,78.1,86.45,72.0,82.0,82.0,1123,3972.35,52625
2014-11-10,2014-11-27,OPTSTK,SBIN,2800.0,PE,106.45,113.3,96.8,109.75,109.75,262,951.82,89625
2014-11-10,2014-11-27,OPTSTK,SBIN,2850.0,PE,131.0,131.0,130.0,130.0,130.0,12,44.7,1625
2014-11-10,2014-11-27,OPTSTK,SBIN,2900.0,PE,163.7,166.8,163.7,165.0,165.0,3,11.49,4250
2014-11-10,2014-11-27,OPTSTK,SBIN,2950.0,PE,0.0,0.0,0.0,215.0,213.2,0,0.0,250
2014-11-10,2014-11-27,OPTSTK,SBIN,3000.0,PE,0.0,0.0,0.0,354.4,257.35,0,0.0,250
2014-11-10,2014-11-27,OPTSTK,SBIN,3050.0,PE,0.0,0.0,0.0,542.1,303.5,0,0.0,0
2014-11-10,2014-11-27,OPTSTK,SBIN,3100.0,PE,0.0,0.0,0.0,587.4,351.1,0,0.0,0
2014-11-10,2014-11-27,OPTSTK,SBIN,3150.0,PE,0.0,0.0,0.0,633.4,399.6,0,0.0,0
2014-11-10,2014-11-27,OPTSTK,SBIN,3200.0,PE,0.0,0.0,0.0,679.95,448.7,0,0.0,0
2014-11-10,2014-11-27,OPTSTK,SBIN,3250.0,PE,0.0,0.0,0.0,727.0,498.1,0,0.0,0
2014-11-10,2014-11-27,OPTSTK,SBIN,3300.0,PE,0.0,0.0,0.0,774.4,547.7,0,0.0,0
2014-11-10,2014-12-24,OPTSTK,SBIN,1850.0,CE,0.0,0.0,0.0,579.15,908.9,0,0.0,0
2014-11-10,2014-12-24,OPTSTK,SBIN,1900.0,CE,0.0,0.0,0.0,534.7,859.4,0,0.0,0
2014-11-10,2014-12-24,OPTSTK,SBIN,1950.0,CE,0.0,0.0,0.0,491.55,809.95,0,0.0,0
2014-11-10,2014-12-24,OPTSTK,SBIN,2000.0,CE,0.0,0.0,0.0,449.85,760.55,0,0.0,0
2014-11-10,2014-12-24,OPTSTK,SBIN,2050.0,CE,0.0,0.0,0.0,409.8,711.15,0,0.0,0
2014-11-10,2014-12-24,OPTSTK,SBIN,2100.0,CE,0.0,0.0,0.0,371.6,661.9,0,0.0,0
2014-11-10,2014-12-24,OPTSTK,SBIN,2150.0,CE,0.0,0.0,0.0,335.4,612.85,0,0.0,0
2014-11-10,2014-12-24,OPTSTK,SBIN,2200.0,CE,0.0,0.0,0.0,301.1,564.05,0,0.0,0
2014-11-10,2014-12-24,OPTSTK,SBIN,2250.0,CE,0.0,0.0,0.0,269.15,515.75,0,0.0,0
2014-11-10,2014-12-24,OPTSTK,SBIN,2300.0,CE,0.0,0.0,0.0,239.45,468.2,0,0.0,0
2014-11-10,2014-12-24,OPTSTK,SBIN,2350.0,CE,0.0,0.0,0.0,212.0,421.6,0,0.0,0
2014-11-10,2014-12-24,OPTSTK,SBIN,2400.0,CE,0.0,0.0,0.0,200.0,376.35,0,0.0,500
2014-11-10,2014-12-24,OPTSTK,SBIN,2450.0,CE,0.0,0.0,0.0,163.9,332.75,0,0.0,0
2014-11-10,2014-12-24,OPTSTK,SBIN,2500.0,CE,0.0,0.0,0.0,143.15,291.25,0,0.0,0
2014-11-10,2014-12-24,OPTSTK,SBIN,2550.0,CE,0.0,0.0,0.0,124.45,252.2,0,0.0,0
2014-11-10,2014-12-24,OPTSTK,SBIN,2600.0,CE,0.0,0.0,0.0,107.7,215.9,0,0.0,0
2014-11-10,2014-12-24,OPTSTK,SBIN,2650.0,CE,0.0,0.0,0.0,92.85,182.7,0,0.0,0
2014-11-10,2014-12-24,OPTSTK,SBIN,2700.0,CE,0.0,0.0,0.0,110.0,152.8,0,0.0,125
2014-11-10,2014-12-24,OPTSTK,SBIN,2750.0,CE,133.9,137.25,120.0,121.0,121.0,17,61.16,1625
2014-11-10,2014-12-24,OPTSTK,SBIN,2800.0,CE,104.0,104.0,94.2,94.45,94.45,15,54.38,7750
2014-11-10,2014-12-24,OPTSTK,SBIN,2850.0,CE,0.0,0.0,0.0,49.35,82.9,0,0.0,0
2014-11-10,2014-12-24,OPTSTK,SBIN,2900.0,CE,59.05,59.05,59.05,59.05,59.05,2,7.39,17125
2014-11-10,2014-12-24,OPTSTK,SBIN,2950.0,CE,0.0,0.0,0.0,35.2,51.8,0,0.0,0
2014-11-10,2014-12-24,OPTSTK,SBIN,3000.0,CE,40.0,40.0,34.0,34.0,34.0,22,83.49,10750
2014-11-10,2014-12-24,OPTSTK,SBIN,3050.0,CE,0.0,0.0,0.0,24.75,30.9,0,0.0,0
2014-11-10,2014-12-24,OPTSTK,SBIN,3100.0,CE,0.0,0.0,0.0,20.65,23.4,0,0.0,0
2014-11-10,2014-12-24,OPTSTK,SBIN,3150.0,CE,0.0,0.0,0.0,17.2,17.55,0,0.0,0
2014-11-10,2014-12-24,OPTSTK,SBIN,3200.0,CE,0.0,0.0,0.0,14.25,12.95,0,0.0,0
2014-11-10,2014-12-24,OPTSTK,SBIN,3250.0,CE,0.0,0.0,0.0,11.8,9.5,0,0.0,0
2014-11-10,2014-12-24,OPTSTK,SBIN,3300.0,CE,0.0,0.0,0.0,9.75,6.85,0,0.0,0
2014-11-10,2014-12-24,OPTSTK,SBIN,1850.0,PE,0.0,0.0,0.0,11.1,0.0,0,0.0,0
2014-11-10,2014-12-24,OPTSTK,SBIN,1900.0,PE,0.0,0.0,0.0,15.6,0.05,0,0.0,0
2014-11-10,2014-12-24,OPTSTK,SBIN,1950.0,PE,0.0,0.0,0.0,21.35,0.05,0,0.0,0
2014-11-10,2014-12-24,OPTSTK,SBIN,2000.0,PE,0.0,0.0,0.0,28.55,0.1,0,0.0,0
2014-11-10,2014-12-24,OPTSTK,SBIN,2050.0,PE,0.0,0.0,0.0,37.4,0.2,0,0.0,0
2014-11-10,2014-12-24,OPTSTK,SBIN,2100.0,PE,0.0,0.0,0.0,48.1,0.45,0,0.0,0
2014-11-10,2014-12-24,OPTSTK,SBIN,2150.0,PE,0.0,0.0,0.0,60.8,0.85,0,0.0,0
2014-11-10,2014-12-24,OPTSTK,SBIN,2200.0,PE,0.0,0.0,0.0,75.45,1.55,0,0.0,0
2014-11-10,2014-12-24,OPTSTK,SBIN,2250.0,PE,0.0,0.0,0.0,92.4,2.7,0,0.0,0
2014-11-10,2014-12-24,OPTSTK,SBIN,2300.0,PE,0.0,0.0,0.0,111.6,4.6,0,0.0,0
2014-11-10,2014-12-24,OPTSTK,SBIN,2350.0,PE,0.0,0.0,0.0,133.05,7.5,0,0.0,0
2014-11-10,2014-12-24,OPTSTK,SBIN,2400.0,PE,0.0,0.0,0.0,156.8,11.7,0,0.0,0
2014-11-10,2014-12-24,OPTSTK,SBIN,2450.0,PE,0.0,0.0,0.0,182.8,17.6,0,0.0,0
2014-11-10,2014-12-24,OPTSTK,SBIN,2500.0,PE,0.0,0.0,0.0,210.95,25.6,0,0.0,0
2014-11-10,2014-12-24,OPTSTK,SBIN,2550.0,PE,0.0,0.0,0.0,241.15,36.0,0,0.0,0
2014-11-10,2014-12-24,OPTSTK,SBIN,2600.0,PE,49.15,49.15,49.15,49.15,49.15,1,3.31,125
2014-11-10,2014-12-24,OPTSTK,SBIN,2650.0,PE,0.0,0.0,0.0,307.4,65.5,0,0.0,0
2014-11-10,2014-12-24,OPTSTK,SBIN,2700.0,PE,79.0,80.0,70.55,79.85,79.85,16,55.57,3875
2014-11-10,2014-12-24,OPTSTK,SBIN,2750.0,PE,0.0,0.0,0.0,380.65,107.9,0,0.0,0
2014-11-10,2014-12-24,OPTSTK,SBIN,2800.0,PE,125.0,128.0,125.0,125.0,125.0,20,73.17,2500
2014-11-10,2014-12-24,OPTSTK,SBIN,2850.0,PE,0.0,0.0,0.0,459.5,163.6,0,0.0,0
2014-11-10,2014-12-24,OPTSTK,SBIN,2900.0,PE,0.0,0.0,0.0,500.8,196.1,0,0.0,0
2014-11-10,2014-12-24,OPTSTK,SBIN,2950.0,PE,0.0,0.0,0.0,543.15,231.45,0,0.0,0
2014-11-10,2014-12-24,OPTSTK,SBIN,3000.0,PE,0.0,0.0,0.0,586.45,269.35,0,0.0,0
2014-11-10,2014-12-24,OPTSTK,SBIN,3050.0,PE,0.0,0.0,0.0,630.55,309.45,0,0.0,0
2014-11-10,2014-12-24,OPTSTK,SBIN,3100.0,PE,0.0,0.0,0.0,675.35,351.45,0,0.0,0
2014-11-10,2014-12-24,OPTSTK,SBIN,3150.0,PE,0.0,0.0,0.0,720.8,395.05,0,0.0,0
2014-11-10,2014-12-24,OPTSTK,SBIN,3200.0,PE,0.0,0.0,0.0,766.8,439.95,0,0.0,0
2014-11-10,2014-12-24,OPTSTK,SBIN,3250.0,PE,0.0,0.0,0.0,813.25,485.95,0,0.0,0
2014-11-10,2014-12-24,OPTSTK,SBIN,3300.0,PE,0.0,0.0,0.0,860.1,532.85,0,0.0,0
2014-11-10,2015-01-29,OPTSTK,SBIN,1850.0,CE,0.0,0.0,0.0,828.8,924.8,0,0.0,0
2014-11-10,2015-01-29,OPTSTK,SBIN,1900.0,CE,0.0,0.0,0.0,780.5,875.9,0,0.0,0
2014-11-10,2015-01-29,OPTSTK,SBIN,1950.0,CE,0.0,0.0,0.0,732.5,827.2,0,0.0,0
2014-11-10,2015-01-29,OPTSTK,SBIN,2000.0,CE,0.0,0.0,0.0,684.9,778.65,0,0.0,0
2014-11-10,2015-01-29,OPTSTK,SBIN,2050.0,CE,0.0,0.0,0.0,637.95,730.35,0,0.0,0
2014-11-10,2015-01-29,OPTSTK,SBIN,2100.0,CE,0.0,0.0,0.0,591.7,682.5,0,0.0,0
2014-11-10,2015-01-29,OPTSTK,SBIN,2150.0,CE,0.0,0.0,0.0,546.4,635.15,0,0.0,0
2014-11-10,2015-01-29,OPTSTK,SBIN,2200.0,CE,0.0,0.0,0.0,502.2,588.5,0,0.0,0
2014-11-10,2015-01-29,OPTSTK,SBIN,2250.0,CE,0.0,0.0,0.0,459.35,542.8,0,0.0,0
2014-11-10,2015-01-29,OPTSTK,SBIN,2300.0,CE,0.0,0.0,0.0,418.05,498.15,0,0.0,0
2014-11-10,2015-01-29,OPTSTK,SBIN,2350.0,CE,0.0,0.0,0.0,378.5,454.8,0,0.0,0
2014-11-10,2015-01-29,OPTSTK,SBIN,2400.0,CE,0.0,0.0,0.0,340.9,413.0,0,0.0,0
2014-11-10,2015-01-29,OPTSTK,SBIN,2450.0,CE,0.0,0.0,0.0,305.4,372.95,0,0.0,0
2014-11-10,2015-01-29,OPTSTK,SBIN,2500.0,CE,0.0,0.0,0.0,271.95,334.85,0,0.0,0
2014-11-10,2015-01-29,OPTSTK,SBIN,2550.0,CE,0.0,0.0,0.0,240.9,298.95,0,0.0,0
2014-11-10,2015-01-29,OPTSTK,SBIN,2600.0,CE,0.0,0.0,0.0,212.25,265.1,0,0.0,0
2014-11-10,2015-01-29,OPTSTK,SBIN,2650.0,CE,0.0,0.0,0.0,185.95,233.8,0,0.0,0
2014-11-10,2015-01-29,OPTSTK,SBIN,2700.0,CE,0.0,0.0,0.0,162.0,204.9,0,0.0,0
2014-11-10,2015-01-29,OPTSTK,SBIN,2750.0,CE,0.0,0.0,0.0,140.4,178.5,0,0.0,0
2014-11-10,2015-01-29,OPTSTK,SBIN,2800.0,CE,0.0,0.0,0.0,121.0,154.5,0,0.0,0
2014-11-10,2015-01-29,OPTSTK,SBIN,2850.0,CE,0.0,0.0,0.0,103.7,132.95,0,0.0,0
2014-11-10,2015-01-29,OPTSTK,SBIN,2900.0,CE,0.0,0.0,0.0,88.45,113.7,0,0.0,0
2014-11-10,2015-01-29,OPTSTK,SBIN,2950.0,CE,0.0,0.0,0.0,75.05,96.7,0,0.0,0
2014-11-10,2015-01-29,OPTSTK,SBIN,3000.0,CE,0.0,0.0,0.0,63.5,81.7,0,0.0,0
2014-11-10,2015-01-29,OPTSTK,SBIN,3050.0,CE,0.0,0.0,0.0,53.3,68.8,0,0.0,0
2014-11-10,2015-01-29,OPTSTK,SBIN,3100.0,CE,0.0,0.0,0.0,44.6,57.55,0,0.0,0
2014-11-10,2015-01-29,OPTSTK,SBIN,3150.0,CE,0.0,0.0,0.0,37.1,47.75,0,0.0,0
2014-11-10,2015-01-29,OPTSTK,SBIN,3200.0,CE,0.0,0.0,0.0,30.75,39.5,0,0.0,0
2014-11-10,2015-01-29,OPTSTK,SBIN,3250.0,CE,0.0,0.0,0.0,25.4,32.45,0,0.0,0
2014-11-10,2015-01-29,OPTSTK,SBIN,3300.0,CE,0.0,0.0,0.0,20.85,26.55,0,0.0,0
2014-11-10,2015-01-29,OPTSTK,SBIN,1850.0,PE,0.0,0.0,0.0,0.9,0.25,0,0.0,0
2014-11-10,2015-01-29,OPTSTK,SBIN,1900.0,PE,0.0,0.0,0.0,1.5,0.4,0,0.0,0
2014-11-10,2015-01-29,OPTSTK,SBIN,1950.0,PE,0.0,0.0,0.0,2.4,0.7,0,0.0,0
2014-11-10,2015-01-29,OPTSTK,SBIN,2000.0,PE,0.0,0.0,0.0,3.75,1.25,0,0.0,0
2014-11-10,2015-01-29,OPTSTK,SBIN,2050.0,PE,0.0,0.0,0.0,5.7,2.0,0,0.0,0
2014-11-10,2015-01-29,OPTSTK,SBIN,2100.0,PE,0.0,0.0,0.0,8.4,3.2,0,0.0,0
2014-11-10,2015-01-29,OPTSTK,SBIN,2150.0,PE,0.0,0.0,0.0,12.0,4.9,0,0.0,0
2014-11-10,2015-01-29,OPTSTK,SBIN,2200.0,PE,0.0,0.0,0.0,16.75,7.35,0,0.0,0
2014-11-10,2015-01-29,OPTSTK,SBIN,2250.0,PE,0.0,0.0,0.0,22.8,10.65,0,0.0,0
2014-11-10,2015-01-29,OPTSTK,SBIN,2300.0,PE,0.0,0.0,0.0,30.45,15.05,0,0.0,0
2014-11-10,2015-01-29,OPTSTK,SBIN,2350.0,PE,0.0,0.0,0.0,39.8,20.75,0,0.0,0
2014-11-10,2015-01-29,OPTSTK,SBIN,2400.0,PE,0.0,0.0,0.0,51.1,28.05,0,0.0,0
2014-11-10,2015-01-29,OPTSTK,SBIN,2450.0,PE,0.0,0.0,0.0,64.5,37.05,0,0.0,0
2014-11-10,2015-01-29,OPTSTK,SBIN,2500.0,PE,0.0,0.0,0.0,80.0,48.0,0,0.0,0
2014-11-10,2015-01-29,OPTSTK,SBIN,2550.0,PE,0.0,0.0,0.0,97.9,61.1,0,0.0,0
2014-11-10,2015-01-29,OPTSTK,SBIN,2600.0,PE,0.0,0.0,0.0,118.15,76.35,0,0.0,0
2014-11-10,2015-01-29,OPTSTK,SBIN,2650.0,PE,0.0,0.0,0.0,140.75,94.05,0,0.0,0
2014-11-10,2015-01-29,OPTSTK,SBIN,2700.0,PE,0.0,0.0,0.0,165.75,114.2,0,0.0,0
2014-11-10,2015-01-29,OPTSTK,SBIN,2750.0,PE,0.0,0.0,0.0,193.05,136.85,0,0.0,0
2014-11-10,2015-01-29,OPTSTK,SBIN,2800.0,PE,0.0,0.0,0.0,222.55,161.95,0,0.0,0
2014-11-10,2015-01-29,OPTSTK,SBIN,2850.0,PE,0.0,0.0,0.0,254.2,189.45,0,0.0,0
2014-11-10,2015-01-29,OPTSTK,SBIN,2900.0,PE,0.0,0.0,0.0,287.85,219.25,0,0.0,0
2014-11-10,2015-01-29,OPTSTK,SBIN,2950.0,PE,0.0,0.0,0.0,323.4,251.25,0,0.0,0
2014-11-10,2015-01-29,OPTSTK,SBIN,3000.0,PE,0.0,0.0,0.0,360.8,285.35,0,0.0,0
2014-11-10,2015-01-29,OPTSTK,SBIN,3050.0,PE,0.0,0.0,0.0,399.5,321.5,0,0.0,0
2014-11-10,2015-01-29,OPTSTK,SBIN,3100.0,PE,0.0,0.0,0.0,439.7,359.3,0,0.0,0
2014-11-10,2015-01-29,OPTSTK,SBIN,3150.0,PE,0.0,0.0,0.0,481.15,398.55,0,0.0,0
2014-11-10,2015-01-29,OPTSTK,SBIN,3200.0,PE,0.0,0.0,0.0,523.7,439.35,0,0.0,0
2014-11-10,2015-01-29,OPTSTK,SBIN,3250.0,PE,0.0,0.0,0.0,567.25,481.4,0,0.0,0
2014-11-10,2015-01-29,OPTSTK,SBIN,3300.0,PE,0.0,0.0,0.0,611.65,524.55,0,0.0,0
2014-11-10,2014-11-27,OPTSTK,SIEMENS,550.0,CE,0.0,0.0,0.0,256.5,319.2,0,0.0,0
2014-11-10,2014-11-27,OPTSTK,SIEMENS,560.0,CE,0.0,0.0,0.0,268.3,309.25,0,0.0,0
2014-11-10,2014-11-27,OPTSTK,SIEMENS,580.0,CE,0.0,0.0,0.0,249.05,289.3,0,0.0,0
2014-11-10,2014-11-27,OPTSTK,SIEMENS,600.0,CE,0.0,0.0,0.0,209.0,269.4,0,0.0,0
2014-11-10,2014-11-27,OPTSTK,SIEMENS,620.0,CE,0.0,0.0,0.0,211.4,249.45,0,0.0,0
2014-11-10,2014-11-27,OPTSTK,SIEMENS,640.0,CE,0.0,0.0,0.0,193.2,229.55,0,0.0,0
2014-11-10,2014-11-27,OPTSTK,SIEMENS,650.0,CE,0.0,0.0,0.0,163.95,219.6,0,0.0,0
2014-11-10,2014-11-27,OPTSTK,SIEMENS,660.0,CE,0.0,0.0,0.0,175.55,209.65,0,0.0,0
2014-11-10,2014-11-27,OPTSTK,SIEMENS,680.0,CE,0.0,0.0,0.0,158.55,189.7,0,0.0,0
2014-11-10,2014-11-27,OPTSTK,SIEMENS,700.0,CE,0.0,0.0,0.0,123.15,169.85,0,0.0,0
2014-11-10,2014-11-27,OPTSTK,SIEMENS,720.0,CE,0.0,0.0,0.0,126.85,150.0,0,0.0,0
2014-11-10,2014-11-27,OPTSTK,SIEMENS,740.0,CE,0.0,0.0,0.0,112.4,130.35,0,0.0,0
2014-11-10,2014-11-27,OPTSTK,SIEMENS,750.0,CE,0.0,0.0,0.0,88.25,120.65,0,0.0,0
2014-11-10,2014-11-27,OPTSTK,SIEMENS,760.0,CE,0.0,0.0,0.0,98.9,111.05,0,0.0,0
2014-11-10,2014-11-27,OPTSTK,SIEMENS,780.0,CE,0.0,0.0,0.0,86.45,92.4,0,0.0,0
2014-11-10,2014-11-27,OPTSTK,SIEMENS,800.0,CE,0.0,0.0,0.0,60.3,74.75,0,0.0,0
2014-11-10,2014-11-27,OPTSTK,SIEMENS,820.0,CE,0.0,0.0,0.0,64.85,58.55,0,0.0,0
2014-11-10,2014-11-27,OPTSTK,SIEMENS,840.0,CE,40.0,40.0,40.0,40.0,40.0,1,2.2,250
2014-11-10,2014-11-27,OPTSTK,SIEMENS,850.0,CE,0.0,0.0,0.0,43.0,37.95,0,0.0,500
2014-11-10,2014-11-27,OPTSTK,SIEMENS,860.0,CE,0.0,0.0,0.0,32.0,32.25,0,0.0,500
2014-11-10,2014-11-27,OPTSTK,SIEMENS,880.0,CE,25.35,25.35,19.25,22.5,22.5,13,29.27,5250
2014-11-10,2014-11-27,OPTSTK,SIEMENS,900.0,CE,17.45,18.6,12.45,14.4,14.4,58,132.54,22500
2014-11-10,2014-11-27,OPTSTK,SIEMENS,920.0,CE,8.75,8.75,8.75,8.75,8.75,2,4.64,4000
2014-11-10,2014-11-27,OPTSTK,SIEMENS,940.0,CE,8.3,8.3,4.75,5.4,5.4,3,7.09,1750
2014-11-10,2014-11-27,OPTSTK,SIEMENS,950.0,CE,0.0,0.0,0.0,14.7,4.6,0,0.0,0
2014-11-10,2014-11-27,OPTSTK,SIEMENS,960.0,CE,0.0,0.0,0.0,6.7,3.5,0,0.0,0
2014-11-10,2014-11-27,OPTSTK,SIEMENS,980.0,CE,0.0,0.0,0.0,16.15,2.0,0,0.0,0
2014-11-10,2014-11-27,OPTSTK,SIEMENS,1000.0,CE,0.0,0.0,0.0,3.0,1.1,0,0.0,250
2014-11-10,2014-11-27,OPTSTK,SIEMENS,1020.0,CE,0.0,0.0,0.0,10.8,0.55,0,0.0,0
2014-11-10,2014-11-27,OPTSTK,SIEMENS,1040.0,CE,0.0,0.0,0.0,8.8,0.3,0,0.0,0
2014-11-10,2014-11-27,OPTSTK,SIEMENS,1050.0,CE,0.0,0.0,0.0,4.75,0.2,0,0.0,0
2014-11-10,2014-11-27,OPTSTK,SIEMENS,1060.0,CE,0.0,0.0,0.0,7.1,0.15,0,0.0,0
2014-11-10,2014-11-27,OPTSTK,SIEMENS,1080.0,CE,0.0,0.0,0.0,5.75,0.1,0,0.0,0
2014-11-10,2014-11-27,OPTSTK,SIEMENS,1100.0,CE,0.0,0.0,0.0,2.6,0.05,0,0.0,0
2014-11-10,2014-11-27,OPTSTK,SIEMENS,1120.0,CE,0.0,0.0,0.0,3.7,0.05,0,0.0,0
2014-11-10,2014-11-27,OPTSTK,SIEMENS,1140.0,CE,0.0,0.0,0.0,2.95,0.0,0,0.0,0
2014-11-10,2014-11-27,OPTSTK,SIEMENS,1150.0,CE,0.0,0.0,0.0,1.35,0.0,0,0.0,0
2014-11-10,2014-11-27,OPTSTK,SIEMENS,1160.0,CE,0.0,0.0,0.0,2.35,0.0,0,0.0,0
2014-11-10,2014-11-27,OPTSTK,SIEMENS,1180.0,CE,0.0,0.0,0.0,1.85,0.0,0,0.0,0
2014-11-10,2014-11-27,OPTSTK,SIEMENS,1200.0,CE,0.0,0.0,0.0,0.7,0.0,0,0.0,0
2014-11-10,2014-11-27,OPTSTK,SIEMENS,1250.0,CE,0.0,0.0,0.0,0.35,0.0,0,0.0,0
2014-11-10,2014-11-27,OPTSTK,SIEMENS,550.0,PE,0.0,0.0,0.0,0.5,0.0,0,0.0,0
2014-11-10,2014-11-27,OPTSTK,SIEMENS,560.0,PE,0.0,0.0,0.0,0.65,0.0,0,0.0,0
2014-11-10,2014-11-27,OPTSTK,SIEMENS,580.0,PE,0.0,0.0,0.0,1.1,0.0,0,0.0,0
2014-11-10,2014-11-27,OPTSTK,SIEMENS,600.0,PE,0.0,0.0,0.0,1.95,0.0,0,0.0,0
2014-11-10,2014-11-27,OPTSTK,SIEMENS,620.0,PE,0.0,0.0,0.0,2.9,0.0,0,0.0,0
2014-11-10,2014-11-27,OPTSTK,SIEMENS,640.0,PE,0.0,0.0,0.0,4.35,0.0,0,0.0,0
2014-11-10,2014-11-27,OPTSTK,SIEMENS,650.0,PE,0.0,0.0,0.0,5.85,0.0,0,0.0,0
2014-11-10,2014-11-27,OPTSTK,SIEMENS,660.0,PE,0.0,0.0,0.0,6.4,0.0,0,0.0,0
2014-11-10,2014-11-27,OPTSTK,SIEMENS,680.0,PE,0.0,0.0,0.0,9.05,0.05,0,0.0,0
2014-11-10,2014-11-27,OPTSTK,SIEMENS,700.0,PE,0.0,0.0,0.0,13.95,0.05,0,0.0,0
2014-11-10,2014-11-27,OPTSTK,SIEMENS,720.0,PE,0.0,0.0,0.0,16.8,0.15,0,0.0,0
2014-11-10,2014-11-27,OPTSTK,SIEMENS,740.0,PE,0.0,0.0,0.0,22.0,0.45,0,0.0,0
2014-11-10,2014-11-27,OPTSTK,SIEMENS,750.0,PE,0.0,0.0,0.0,28.0,0.7,0,0.0,0
2014-11-10,2014-11-27,OPTSTK,SIEMENS,760.0,PE,0.0,0.0,0.0,28.2,1.05,0,0.0,0
2014-11-10,2014-11-27,OPTSTK,SIEMENS,780.0,PE,0.0,0.0,0.0,5.8,2.3,0,0.0,1000
2014-11-10,2014-11-27,OPTSTK,SIEMENS,800.0,PE,5.0,5.0,4.75,4.75,4.75,2,4.02,11500
2014-11-10,2014-11-27,OPTSTK,SIEMENS,820.0,PE,9.1,9.1,9.1,9.1,9.1,2,4.14,500
2014-11-10,2014-11-27,OPTSTK,SIEMENS,840.0,PE,15.95,15.95,15.95,15.95,15.95,1,2.13,4750
2014-11-10,2014-11-27,OPTSTK,SIEMENS,850.0,PE,16.45,16.45,16.45,16.45,16.45,1,2.16,11750
2014-11-10,2014-11-27,OPTSTK,SIEMENS,860.0,PE,18.4,25.0,18.4,25.0,25.0,4,8.83,3500
2014-11-10,2014-11-27,OPTSTK,SIEMENS,880.0,PE,30.65,32.75,26.95,30.25,30.25,19,43.19,2000
2014-11-10,2014-11-27,OPTSTK,SIEMENS,900.0,PE,0.0,0.0,0.0,32.0,44.55,0,0.0,1000
2014-11-10,2014-11-27,OPTSTK,SIEMENS,920.0,PE,60.15,60.15,60.15,60.15,60.15,1,2.45,250
2014-11-10,2014-11-27,OPTSTK,SIEMENS,940.0,PE,0.0,0.0,0.0,130.2,75.25,0,0.0,0
2014-11-10,2014-11-27,OPTSTK,SIEMENS,950.0,PE,0.0,0.0,0.0,150.2,83.85,0,0.0,0
2014-11-10,2014-11-27,OPTSTK,SIEMENS,960.0,PE,0.0,0.0,0.0,145.8,92.75,0,0.0,0
2014-11-10,2014-11-27,OPTSTK,SIEMENS,980.0,PE,0.0,0.0,0.0,162.05,111.15,0,0.0,0
2014-11-10,2014-11-27,OPTSTK,SIEMENS,1000.0,PE,0.0,0.0,0.0,192.95,130.15,0,0.0,0
2014-11-10,2014-11-27,OPTSTK,SIEMENS,1020.0,PE,0.0,0.0,0.0,196.15,149.55,0,0.0,0
2014-11-10,2014-11-27,OPTSTK,SIEMENS,1040.0,PE,0.0,0.0,0.0,213.8,169.2,0,0.0,0
2014-11-10,2014-11-27,OPTSTK,SIEMENS,1050.0,PE,0.0,0.0,0.0,238.15,179.05,0,0.0,0
2014-11-10,2014-11-27,OPTSTK,SIEMENS,1060.0,PE,0.0,0.0,0.0,231.85,188.95,0,0.0,0
2014-11-10,2014-11-27,OPTSTK,SIEMENS,1080.0,PE,0.0,0.0,0.0,250.15,208.8,0,0.0,0
2014-11-10,2014-11-27,OPTSTK,SIEMENS,1100.0,PE,0.0,0.0,0.0,284.9,228.7,0,0.0,0
2014-11-10,2014-11-27,OPTSTK,SIEMENS,1120.0,PE,0.0,0.0,0.0,287.5,248.6,0,0.0,0
2014-11-10,2014-11-27,OPTSTK,SIEMENS,1140.0,PE,0.0,0.0,0.0,306.45,268.55,0,0.0,0
2014-11-10,2014-11-27,OPTSTK,SIEMENS,1150.0,PE,0.0,0.0,0.0,332.65,278.5,0,0.0,0
2014-11-10,2014-11-27,OPTSTK,SIEMENS,1160.0,PE,0.0,0.0,0.0,325.5,288.45,0,0.0,0
2014-11-10,2014-11-27,OPTSTK,SIEMENS,1180.0,PE,0.0,0.0,0.0,344.75,308.35,0,0.0,0
2014-11-10,2014-11-27,OPTSTK,SIEMENS,1200.0,PE,0.0,0.0,0.0,380.9,328.3,0,0.0,0
2014-11-10,2014-11-27,OPTSTK,SIEMENS,1250.0,PE,0.0,0.0,0.0,429.5,378.1,0,0.0,0
2014-11-10,2014-12-24,OPTSTK,SIEMENS,560.0,CE,0.0,0.0,0.0,273.1,312.9,0,0.0,0
2014-11-10,2014-12-24,OPTSTK,SIEMENS,580.0,CE,0.0,0.0,0.0,254.45,293.1,0,0.0,0
2014-11-10,2014-12-24,OPTSTK,SIEMENS,600.0,CE,0.0,0.0,0.0,236.2,273.35,0,0.0,0
2014-11-10,2014-12-24,OPTSTK,SIEMENS,620.0,CE,0.0,0.0,0.0,218.4,253.6,0,0.0,0
2014-11-10,2014-12-24,OPTSTK,SIEMENS,640.0,CE,0.0,0.0,0.0,201.05,233.9,0,0.0,0
2014-11-10,2014-12-24,OPTSTK,SIEMENS,660.0,CE,0.0,0.0,0.0,184.35,214.3,0,0.0,0
2014-11-10,2014-12-24,OPTSTK,SIEMENS,680.0,CE,0.0,0.0,0.0,168.3,194.9,0,0.0,0
2014-11-10,2014-12-24,OPTSTK,SIEMENS,700.0,CE,0.0,0.0,0.0,153.0,175.75,0,0.0,0
2014-11-10,2014-12-24,OPTSTK,SIEMENS,720.0,CE,0.0,0.0,0.0,138.45,157.0,0,0.0,0
2014-11-10,2014-12-24,OPTSTK,SIEMENS,740.0,CE,0.0,0.0,0.0,124.75,138.85,0,0.0,0
2014-11-10,2014-12-24,OPTSTK,SIEMENS,760.0,CE,0.0,0.0,0.0,111.9,121.4,0,0.0,0
2014-11-10,2014-12-24,OPTSTK,SIEMENS,780.0,CE,0.0,0.0,0.0,100.0,104.9,0,0.0,0
2014-11-10,2014-12-24,OPTSTK,SIEMENS,800.0,CE,0.0,0.0,0.0,88.95,89.5,0,0.0,0
2014-11-10,2014-12-24,OPTSTK,SIEMENS,820.0,CE,0.0,0.0,0.0,78.85,75.35,0,0.0,0
2014-11-10,2014-12-24,OPTSTK,SIEMENS,840.0,CE,0.0,0.0,0.0,69.6,62.6,0,0.0,0
2014-11-10,2014-12-24,OPTSTK,SIEMENS,860.0,CE,0.0,0.0,0.0,61.2,51.3,0,0.0,0
2014-11-10,2014-12-24,OPTSTK,SIEMENS,880.0,CE,0.0,0.0,0.0,53.6,41.45,0,0.0,0
2014-11-10,2014-12-24,OPTSTK,SIEMENS,900.0,CE,0.0,0.0,0.0,46.8,33.0,0,0.0,0
2014-11-10,2014-12-24,OPTSTK,SIEMENS,920.0,CE,0.0,0.0,0.0,40.7,25.95,0,0.0,0
2014-11-10,2014-12-24,OPTSTK,SIEMENS,940.0,CE,0.0,0.0,0.0,35.25,20.1,0,0.0,0
2014-11-10,2014-12-24,OPTSTK,SIEMENS,960.0,CE,0.0,0.0,0.0,30.5,15.4,0,0.0,0
2014-11-10,2014-12-24,OPTSTK,SIEMENS,980.0,CE,0.0,0.0,0.0,26.3,11.6,0,0.0,0
2014-11-10,2014-12-24,OPTSTK,SIEMENS,1000.0,CE,0.0,0.0,0.0,22.6,8.65,0,0.0,0
2014-11-10,2014-12-24,OPTSTK,SIEMENS,1020.0,CE,0.0,0.0,0.0,19.35,6.35,0,0.0,0
2014-11-10,2014-12-24,OPTSTK,SIEMENS,1040.0,CE,0.0,0.0,0.0,16.55,4.65,0,0.0,0
2014-11-10,2014-12-24,OPTSTK,SIEMENS,1060.0,CE,0.0,0.0,0.0,14.1,3.35,0,0.0,0
2014-11-10,2014-12-24,OPTSTK,SIEMENS,1080.0,CE,0.0,0.0,0.0,12.0,2.35,0,0.0,0
2014-11-10,2014-12-24,OPTSTK,SIEMENS,1100.0,CE,0.0,0.0,0.0,10.15,1.65,0,0.0,0
2014-11-10,2014-12-24,OPTSTK,SIEMENS,1120.0,CE,0.0,0.0,0.0,8.6,1.15,0,0.0,0
2014-11-10,2014-12-24,OPTSTK,SIEMENS,1140.0,CE,0.0,0.0,0.0,7.25,0.8,0,0.0,0
2014-11-10,2014-12-24,OPTSTK,SIEMENS,1160.0,CE,0.0,0.0,0.0,6.1,0.55,0,0.0,0
2014-11-10,2014-12-24,OPTSTK,SIEMENS,1180.0,CE,0.0,0.0,0.0,5.15,0.4,0,0.0,0
2014-11-10,2014-12-24,OPTSTK,SIEMENS,560.0,PE,0.0,0.0,0.0,1.85,0.0,0,0.0,0
2014-11-10,2014-12-24,OPTSTK,SIEMENS,580.0,PE,0.0,0.0,0.0,2.8,0.05,0,0.0,0
2014-11-10,2014-12-24,OPTSTK,SIEMENS,600.0,PE,0.0,0.0,0.0,4.1,0.05,0,0.0,0
2014-11-10,2014-12-24,OPTSTK,SIEMENS,620.0,PE,0.0,0.0,0.0,5.8,0.1,0,0.0,0
2014-11-10,2014-12-24,OPTSTK,SIEMENS,640.0,PE,0.0,0.0,0.0,8.05,0.2,0,0.0,0
2014-11-10,2014-12-24,OPTSTK,SIEMENS,660.0,PE,0.0,0.0,0.0,10.9,0.4,0,0.0,0
2014-11-10,2014-12-24,OPTSTK,SIEMENS,680.0,PE,0.0,0.0,0.0,14.4,0.75,0,0.0,0
2014-11-10,2014-12-24,OPTSTK,SIEMENS,700.0,PE,0.0,0.0,0.0,18.65,1.4,0,0.0,0
2014-11-10,2014-12-24,OPTSTK,SIEMENS,720.0,PE,0.0,0.0,0.0,23.7,2.45,0,0.0,0
2014-11-10,2014-12-24,OPTSTK,SIEMENS,740.0,PE,0.0,0.0,0.0,29.6,4.1,0,0.0,0
2014-11-10,2014-12-24,OPTSTK,SIEMENS,760.0,PE,0.0,0.0,0.0,36.3,6.45,0,0.0,0
2014-11-10,2014-12-24,OPTSTK,SIEMENS,780.0,PE,0.0,0.0,0.0,43.95,9.75,0,0.0,0
2014-11-10,2014-12-24,OPTSTK,SIEMENS,800.0,PE,0.0,0.0,0.0,52.5,14.1,0,0.0,0
2014-11-10,2014-12-24,OPTSTK,SIEMENS,820.0,PE,0.0,0.0,0.0,61.9,19.75,0,0.0,0
2014-11-10,2014-12-24,OPTSTK,SIEMENS,840.0,PE,0.0,0.0,0.0,72.2,26.8,0,0.0,0
2014-11-10,2014-12-24,OPTSTK,SIEMENS,860.0,PE,0.0,0.0,0.0,83.4,35.3,0,0.0,0
2014-11-10,2014-12-24,OPTSTK,SIEMENS,880.0,PE,0.0,0.0,0.0,95.35,45.2,0,0.0,0
2014-11-10,2014-12-24,OPTSTK,SIEMENS,900.0,PE,0.0,0.0,0.0,108.1,56.6,0,0.0,0
2014-11-10,2014-12-24,OPTSTK,SIEMENS,920.0,PE,0.0,0.0,0.0,121.6,69.3,0,0.0,0
2014-11-10,2014-12-24,OPTSTK,SIEMENS,940.0,PE,0.0,0.0,0.0,135.7,83.25,0,0.0,0
2014-11-10,2014-12-24,OPTSTK,SIEMENS,960.0,PE,0.0,0.0,0.0,150.55,98.35,0,0.0,0
2014-11-10,2014-12-24,OPTSTK,SIEMENS,980.0,PE,0.0,0.0,0.0,165.9,114.35,0,0.0,0
2014-11-10,2014-12-24,OPTSTK,SIEMENS,1000.0,PE,0.0,0.0,0.0,181.75,131.2,0,0.0,0
2014-11-10,2014-12-24,OPTSTK,SIEMENS,1020.0,PE,0.0,0.0,0.0,198.05,148.7,0,0.0,0
2014-11-10,2014-12-24,OPTSTK,SIEMENS,1040.0,PE,0.0,0.0,0.0,214.8,166.75,0,0.0,0
2014-11-10,2014-12-24,OPTSTK,SIEMENS,1060.0,PE,0.0,0.0,0.0,231.95,185.25,0,0.0,0
2014-11-10,2014-12-24,OPTSTK,SIEMENS,1080.0,PE,0.0,0.0,0.0,249.4,204.05,0,0.0,0
2014-11-10,2014-12-24,OPTSTK,SIEMENS,1100.0,PE,0.0,0.0,0.0,267.15,223.15,0,0.0,0
2014-11-10,2014-12-24,OPTSTK,SIEMENS,1120.0,PE,0.0,0.0,0.0,285.15,242.45,0,0.0,0
2014-11-10,2014-12-24,OPTSTK,SIEMENS,1140.0,PE,0.0,0.0,0.0,303.35,261.85,0,0.0,0
2014-11-10,2014-12-24,OPTSTK,SIEMENS,1160.0,PE,0.0,0.0,0.0,321.8,281.4,0,0.0,0
2014-11-10,2014-12-24,OPTSTK,SIEMENS,1180.0,PE,0.0,0.0,0.0,340.35,301.05,0,0.0,0
2014-11-10,2015-01-29,OPTSTK,SIEMENS,560.0,CE,0.0,0.0,0.0,311.3,317.75,0,0.0,0
2014-11-10,2015-01-29,OPTSTK,SIEMENS,580.0,CE,0.0,0.0,0.0,292.1,298.25,0,0.0,0
2014-11-10,2015-01-29,OPTSTK,SIEMENS,600.0,CE,0.0,0.0,0.0,273.15,278.85,0,0.0,0
2014-11-10,2015-01-29,OPTSTK,SIEMENS,620.0,CE,0.0,0.0,0.0,254.4,259.55,0,0.0,0
2014-11-10,2015-01-29,OPTSTK,SIEMENS,640.0,CE,0.0,0.0,0.0,236.0,240.45,0,0.0,0
2014-11-10,2015-01-29,OPTSTK,SIEMENS,660.0,CE,0.0,0.0,0.0,218.05,221.65,0,0.0,0
2014-11-10,2015-01-29,OPTSTK,SIEMENS,680.0,CE,0.0,0.0,0.0,200.55,203.2,0,0.0,0
2014-11-10,2015-01-29,OPTSTK,SIEMENS,700.0,CE,0.0,0.0,0.0,183.6,185.25,0,0.0,0
2014-11-10,2015-01-29,OPTSTK,SIEMENS,720.0,CE,0.0,0.0,0.0,167.35,167.8,0,0.0,0
2014-11-10,2015-01-29,OPTSTK,SIEMENS,740.0,CE,0.0,0.0,0.0,151.8,151.1,0,0.0,0
2014-11-10,2015-01-29,OPTSTK,SIEMENS,760.0,CE,0.0,0.0,0.0,137.1,135.15,0,0.0,0
2014-11-10,2015-01-29,OPTSTK,SIEMENS,780.0,CE,0.0,0.0,0.0,123.2,120.1,0,0.0,0
2014-11-10,2015-01-29,OPTSTK,SIEMENS,800.0,CE,0.0,0.0,0.0,110.15,105.95,0,0.0,0
2014-11-10,2015-01-29,OPTSTK,SIEMENS,820.0,CE,0.0,0.0,0.0,98.05,92.8,0,0.0,0
2014-11-10,2015-01-29,OPTSTK,SIEMENS,840.0,CE,0.0,0.0,0.0,86.85,80.8,0,0.0,0
2014-11-10,2015-01-29,OPTSTK,SIEMENS,860.0,CE,0.0,0.0,0.0,76.6,69.85,0,0.0,0
2014-11-10,2015-01-29,OPTSTK,SIEMENS,880.0,CE,0.0,0.0,0.0,67.25,59.95,0,0.0,0
2014-11-10,2015-01-29,OPTSTK,SIEMENS,900.0,CE,0.0,0.0,0.0,58.8,51.1,0,0.0,0
2014-11-10,2015-01-29,OPTSTK,SIEMENS,920.0,CE,0.0,0.0,0.0,51.2,43.3,0,0.0,0
2014-11-10,2015-01-29,OPTSTK,SIEMENS,940.0,CE,0.0,0.0,0.0,44.35,36.45,0,0.0,0
2014-11-10,2015-01-29,OPTSTK,SIEMENS,960.0,CE,0.0,0.0,0.0,38.3,30.5,0,0.0,0
2014-11-10,2015-01-29,OPTSTK,SIEMENS,980.0,CE,0.0,0.0,0.0,32.95,25.4,0,0.0,0
2014-11-10,2015-01-29,OPTSTK,SIEMENS,1000.0,CE,0.0,0.0,0.0,28.3,21.0,0,0.0,0
2014-11-10,2015-01-29,OPTSTK,SIEMENS,1020.0,CE,0.0,0.0,0.0,24.2,17.25,0,0.0,0
2014-11-10,2015-01-29,OPTSTK,SIEMENS,1040.0,CE,0.0,0.0,0.0,20.55,14.1,0,0.0,0
2014-11-10,2015-01-29,OPTSTK,SIEMENS,1060.0,CE,0.0,0.0,0.0,17.45,11.45,0,0.0,0
2014-11-10,2015-01-29,OPTSTK,SIEMENS,1080.0,CE,0.0,0.0,0.0,14.75,9.25,0,0.0,0
2014-11-10,2015-01-29,OPTSTK,SIEMENS,1100.0,CE,0.0,0.0,0.0,12.45,7.45,0,0.0,0
2014-11-10,2015-01-29,OPTSTK,SIEMENS,1120.0,CE,0.0,0.0,0.0,10.45,5.95,0,0.0,0
2014-11-10,2015-01-29,OPTSTK,SIEMENS,1140.0,CE,0.0,0.0,0.0,8.75,4.75,0,0.0,0
2014-11-10,2015-01-29,OPTSTK,SIEMENS,1160.0,CE,0.0,0.0,0.0,7.3,3.8,0,0.0,0
2014-11-10,2015-01-29,OPTSTK,SIEMENS,1180.0,CE,0.0,0.0,0.0,6.1,3.0,0,0.0,0
2014-11-10,2015-01-29,OPTSTK,SIEMENS,560.0,PE,0.0,0.0,0.0,0.6,0.15,0,0.0,0
2014-11-10,2015-01-29,OPTSTK,SIEMENS,580.0,PE,0.0,0.0,0.0,1.0,0.25,0,0.0,0
2014-11-10,2015-01-29,OPTSTK,SIEMENS,600.0,PE,0.0,0.0,0.0,1.6,0.45,0,0.0,0
2014-11-10,2015-01-29,OPTSTK,SIEMENS,620.0,PE,0.0,0.0,0.0,2.45,0.8,0,0.0,0
2014-11-10,2015-01-29,OPTSTK,SIEMENS,640.0,PE,0.0,0.0,0.0,3.6,1.35,0,0.0,0
2014-11-10,2015-01-29,OPTSTK,SIEMENS,660.0,PE,0.0,0.0,0.0,5.2,2.15,0,0.0,0
2014-11-10,2015-01-29,OPTSTK,SIEMENS,680.0,PE,0.0,0.0,0.0,7.25,3.35,0,0.0,0
2014-11-10,2015-01-29,OPTSTK,SIEMENS,700.0,PE,0.0,0.0,0.0,9.9,4.95,0,0.0,0
2014-11-10,2015-01-29,OPTSTK,SIEMENS,720.0,PE,0.0,0.0,0.0,13.2,7.2,0,0.0,0
2014-11-10,2015-01-29,OPTSTK,SIEMENS,740.0,PE,0.0,0.0,0.0,17.25,10.05,0,0.0,0
2014-11-10,2015-01-29,OPTSTK,SIEMENS,760.0,PE,0.0,0.0,0.0,22.1,13.75,0,0.0,0
2014-11-10,2015-01-29,OPTSTK,SIEMENS,780.0,PE,0.0,0.0,0.0,27.75,18.3,0,0.0,0
2014-11-10,2015-01-29,OPTSTK,SIEMENS,800.0,PE,0.0,0.0,0.0,34.25,23.8,0,0.0,0
2014-11-10,2015-01-29,OPTSTK,SIEMENS,820.0,PE,0.0,0.0,0.0,41.75,30.3,0,0.0,0
2014-11-10,2015-01-29,OPTSTK,SIEMENS,840.0,PE,0.0,0.0,0.0,50.15,37.85,0,0.0,0
2014-11-10,2015-01-29,OPTSTK,SIEMENS,860.0,PE,0.0,0.0,0.0,59.45,46.55,0,0.0,0
2014-11-10,2015-01-29,OPTSTK,SIEMENS,880.0,PE,0.0,0.0,0.0,69.7,56.25,0,0.0,0
2014-11-10,2015-01-29,OPTSTK,SIEMENS,900.0,PE,0.0,0.0,0.0,80.8,67.05,0,0.0,0
2014-11-10,2015-01-29,OPTSTK,SIEMENS,920.0,PE,0.0,0.0,0.0,92.75,78.85,0,0.0,0
2014-11-10,2015-01-29,OPTSTK,SIEMENS,940.0,PE,0.0,0.0,0.0,105.5,91.65,0,0.0,0
2014-11-10,2015-01-29,OPTSTK,SIEMENS,960.0,PE,0.0,0.0,0.0,119.0,105.3,0,0.0,0
2014-11-10,2015-01-29,OPTSTK,SIEMENS,980.0,PE,0.0,0.0,0.0,133.2,119.8,0,0.0,0
2014-11-10,2015-01-29,OPTSTK,SIEMENS,1000.0,PE,0.0,0.0,0.0,148.1,135.05,0,0.0,0
2014-11-10,2015-01-29,OPTSTK,SIEMENS,1020.0,PE,0.0,0.0,0.0,163.55,150.9,0,0.0,0
2014-11-10,2015-01-29,OPTSTK,SIEMENS,1040.0,PE,0.0,0.0,0.0,179.5,167.35,0,0.0,0
2014-11-10,2015-01-29,OPTSTK,SIEMENS,1060.0,PE,0.0,0.0,0.0,195.95,184.35,0,0.0,0
2014-11-10,2015-01-29,OPTSTK,SIEMENS,1080.0,PE,0.0,0.0,0.0,212.85,201.8,0,0.0,0
2014-11-10,2015-01-29,OPTSTK,SIEMENS,1100.0,PE,0.0,0.0,0.0,230.1,219.6,0,0.0,0
2014-11-10,2015-01-29,OPTSTK,SIEMENS,1120.0,PE,0.0,0.0,0.0,247.7,237.75,0,0.0,0
2014-11-10,2015-01-29,OPTSTK,SIEMENS,1140.0,PE,0.0,0.0,0.0,265.55,256.15,0,0.0,0
2014-11-10,2015-01-29,OPTSTK,SIEMENS,1160.0,PE,0.0,0.0,0.0,283.7,274.8,0,0.0,0
2014-11-10,2015-01-29,OPTSTK,SIEMENS,1180.0,PE,0.0,0.0,0.0,302.05,293.65,0,0.0,0
2014-11-10,2014-11-27,OPTSTK,SKSMICRO,210.0,CE,0.0,0.0,0.0,132.75,143.3,0,0.0,0
2014-11-10,2014-11-27,OPTSTK,SKSMICRO,220.0,CE,0.0,0.0,0.0,123.05,133.35,0,0.0,0
2014-11-10,2014-11-27,OPTSTK,SKSMICRO,230.0,CE,0.0,0.0,0.0,113.45,123.4,0,0.0,0
2014-11-10,2014-11-27,OPTSTK,SKSMICRO,240.0,CE,0.0,0.0,0.0,104.0,113.45,0,0.0,0
2014-11-10,2014-11-27,OPTSTK,SKSMICRO,250.0,CE,0.0,0.0,0.0,94.7,103.55,0,0.0,0
2014-11-10,2014-11-27,OPTSTK,SKSMICRO,260.0,CE,0.0,0.0,0.0,85.7,93.65,0,0.0,0
2014-11-10,2014-11-27,OPTSTK,SKSMICRO,270.0,CE,0.0,0.0,0.0,77.0,83.9,0,0.0,0
2014-11-10,2014-11-27,OPTSTK,SKSMICRO,280.0,CE,0.0,0.0,0.0,68.65,74.35,0,0.0,0
2014-11-10,2014-11-27,OPTSTK,SKSMICRO,290.0,CE,0.0,0.0,0.0,60.8,65.0,0,0.0,0
2014-11-10,2014-11-27,OPTSTK,SKSMICRO,300.0,CE,0.0,0.0,0.0,65.3,56.1,0,0.0,1000
2014-11-10,2014-11-27,OPTSTK,SKSMICRO,310.0,CE,0.0,0.0,0.0,27.1,47.65,0,0.0,5000
2014-11-10,2014-11-27,OPTSTK,SKSMICRO,320.0,CE,0.0,0.0,0.0,43.0,39.85,0,0.0,35000
2014-11-10,2014-11-27,OPTSTK,SKSMICRO,330.0,CE,32.35,32.35,29.7,29.7,29.7,4,14.46,43000
2014-11-10,2014-11-27,OPTSTK,SKSMICRO,340.0,CE,23.15,23.15,21.4,21.65,21.65,6,21.71,39000
2014-11-10,2014-11-27,OPTSTK,SKSMICRO,350.0,CE,24.1,24.1,14.8,15.5,15.5,123,450.81,165000
2014-11-10,2014-11-27,OPTSTK,SKSMICRO,360.0,CE,17.5,17.9,10.3,10.95,10.95,178,663.05,150000
2014-11-10,2014-11-27,OPTSTK,SKSMICRO,370.0,CE,12.85,12.85,6.9,7.35,7.35,89,337.34,85000
2014-11-10,2014-11-27,OPTSTK,SKSMICRO,380.0,CE,8.4,8.4,4.55,4.85,4.85,155,598.39,187000
2014-11-10,2014-11-27,OPTSTK,SKSMICRO,390.0,CE,5.6,5.6,3.15,3.3,3.3,20,78.9,18000
2014-11-10,2014-11-27,OPTSTK,SKSMICRO,400.0,CE,4.5,4.5,2.25,2.55,2.55,50,201.37,109000
2014-11-10,2014-11-27,OPTSTK,SKSMICRO,410.0,CE,0.0,0.0,0.0,3.0,3.7,0,0.0,3000
2014-11-10,2014-11-27,OPTSTK,SKSMICRO,420.0,CE,0.0,0.0,0.0,2.0,2.65,0,0.0,2000
2014-11-10,2014-11-27,OPTSTK,SKSMICRO,430.0,CE,0.0,0.0,0.0,5.3,1.85,0,0.0,0
2014-11-10,2014-11-27,OPTSTK,SKSMICRO,210.0,PE,0.0,0.0,0.0,0.15,0.0,0,0.0,0
2014-11-10,2014-11-27,OPTSTK,SKSMICRO,220.0,PE,0.0,0.0,0.0,0.25,0.0,0,0.0,0
2014-11-10,2014-11-27,OPTSTK,SKSMICRO,230.0,PE,0.0,0.0,0.0,0.45,0.05,0,0.0,0
2014-11-10,2014-11-27,OPTSTK,SKSMICRO,240.0,PE,0.0,0.0,0.0,0.8,0.05,0,0.0,0
2014-11-10,2014-11-27,OPTSTK,SKSMICRO,250.0,PE,0.0,0.0,0.0,1.35,0.1,0,0.0,0
2014-11-10,2014-11-27,OPTSTK,SKSMICRO,260.0,PE,0.0,0.0,0.0,0.3,0.2,0,0.0,2000
2014-11-10,2014-11-27,OPTSTK,SKSMICRO,270.0,PE,0.0,0.0,0.0,0.75,0.4,0,0.0,2000
2014-11-10,2014-11-27,OPTSTK,SKSMICRO,280.0,PE,0.0,0.0,0.0,1.65,0.75,0,0.0,2000
2014-11-10,2014-11-27,OPTSTK,SKSMICRO,290.0,PE,0.0,0.0,0.0,6.65,1.4,0,0.0,0
2014-11-10,2014-11-27,OPTSTK,SKSMICRO,300.0,PE,0.8,1.0,0.8,1.0,1.0,2,6.01,6000
2014-11-10,2014-11-27,OPTSTK,SKSMICRO,310.0,PE,1.1,1.1,1.1,1.1,1.1,1,3.11,37000
2014-11-10,2014-11-27,OPTSTK,SKSMICRO,320.0,PE,2.0,2.5,2.0,2.3,2.3,5,16.1,23000
2014-11-10,2014-11-27,OPTSTK,SKSMICRO,330.0,PE,3.5,4.85,3.5,4.3,4.3,19,63.52,48000
2014-11-10,2014-11-27,OPTSTK,SKSMICRO,340.0,PE,6.2,8.25,6.2,7.85,7.85,10,34.74,46000
2014-11-10,2014-11-27,OPTSTK,SKSMICRO,350.0,PE,8.4,12.25,8.4,11.4,11.4,83,299.45,52000
2014-11-10,2014-11-27,OPTSTK,SKSMICRO,360.0,PE,13.2,18.2,13.2,16.15,16.15,37,138.97,39000
2014-11-10,2014-11-27,OPTSTK,SKSMICRO,370.0,PE,0.0,0.0,0.0,27.35,28.7,0,0.0,1000
2014-11-10,2014-11-27,OPTSTK,SKSMICRO,380.0,PE,0.0,0.0,0.0,33.55,35.55,0,0.0,2000
2014-11-10,2014-11-27,OPTSTK,SKSMICRO,390.0,PE,0.0,0.0,0.0,56.0,43.1,0,0.0,0
2014-11-10,2014-11-27,OPTSTK,SKSMICRO,400.0,PE,0.0,0.0,0.0,63.65,51.15,0,0.0,0
2014-11-10,2014-11-27,OPTSTK,SKSMICRO,410.0,PE,0.0,0.0,0.0,71.65,59.65,0,0.0,0
2014-11-10,2014-11-27,OPTSTK,SKSMICRO,420.0,PE,0.0,0.0,0.0,79.95,68.55,0,0.0,0
2014-11-10,2014-11-27,OPTSTK,SKSMICRO,430.0,PE,0.0,0.0,0.0,88.5,77.7,0,0.0,0
2014-11-10,2014-12-24,OPTSTK,SKSMICRO,210.0,CE,0.0,0.0,0.0,82.4,144.85,0,0.0,0
2014-11-10,2014-12-24,OPTSTK,SKSMICRO,220.0,CE,0.0,0.0,0.0,74.25,135.05,0,0.0,0
2014-11-10,2014-12-24,OPTSTK,SKSMICRO,230.0,CE,0.0,0.0,0.0,66.55,125.4,0,0.0,0
2014-11-10,2014-12-24,OPTSTK,SKSMICRO,240.0,CE,0.0,0.0,0.0,59.3,115.9,0,0.0,0
2014-11-10,2014-12-24,OPTSTK,SKSMICRO,250.0,CE,0.0,0.0,0.0,52.55,106.55,0,0.0,0
2014-11-10,2014-12-24,OPTSTK,SKSMICRO,260.0,CE,0.0,0.0,0.0,46.35,97.45,0,0.0,0
2014-11-10,2014-12-24,OPTSTK,SKSMICRO,270.0,CE,0.0,0.0,0.0,40.7,88.6,0,0.0,0
2014-11-10,2014-12-24,OPTSTK,SKSMICRO,280.0,CE,0.0,0.0,0.0,35.55,80.15,0,0.0,0
2014-11-10,2014-12-24,OPTSTK,SKSMICRO,290.0,CE,0.0,0.0,0.0,30.9,72.05,0,0.0,0
2014-11-10,2014-12-24,OPTSTK,SKSMICRO,300.0,CE,0.0,0.0,0.0,26.75,64.4,0,0.0,0
2014-11-10,2014-12-24,OPTSTK,SKSMICRO,310.0,CE,0.0,0.0,0.0,23.1,57.25,0,0.0,0
2014-11-10,2014-12-24,OPTSTK,SKSMICRO,320.0,CE,0.0,0.0,0.0,19.85,50.55,0,0.0,0
2014-11-10,2014-12-24,OPTSTK,SKSMICRO,330.0,CE,0.0,0.0,0.0,17.0,44.4,0,0.0,0
2014-11-10,2014-12-24,OPTSTK,SKSMICRO,340.0,CE,0.0,0.0,0.0,14.5,38.8,0,0.0,0
2014-11-10,2014-12-24,OPTSTK,SKSMICRO,350.0,CE,30.55,30.55,30.55,30.55,30.55,1,3.8,3000
2014-11-10,2014-12-24,OPTSTK,SKSMICRO,360.0,CE,0.0,0.0,0.0,10.5,29.15,0,0.0,0
2014-11-10,2014-12-24,OPTSTK,SKSMICRO,370.0,CE,0.0,0.0,0.0,8.85,25.05,0,0.0,0
2014-11-10,2014-12-24,OPTSTK,SKSMICRO,380.0,CE,0.0,0.0,0.0,7.5,21.45,0,0.0,0
2014-11-10,2014-12-24,OPTSTK,SKSMICRO,390.0,CE,0.0,0.0,0.0,6.3,18.25,0,0.0,0
2014-11-10,2014-12-24,OPTSTK,SKSMICRO,400.0,CE,0.0,0.0,0.0,5.3,15.45,0,0.0,0
2014-11-10,2014-12-24,OPTSTK,SKSMICRO,410.0,CE,0.0,0.0,0.0,4.45,13.1,0,0.0,0
2014-11-10,2014-12-24,OPTSTK,SKSMICRO,420.0,CE,0.0,0.0,0.0,3.75,11.0,0,0.0,0
2014-11-10,2014-12-24,OPTSTK,SKSMICRO,430.0,CE,0.0,0.0,0.0,3.8,9.2,0,0.0,0
2014-11-10,2014-12-24,OPTSTK,SKSMICRO,210.0,PE,0.0,0.0,0.0,3.75,0.2,0,0.0,0
2014-11-10,2014-12-24,OPTSTK,SKSMICRO,220.0,PE,0.0,0.0,0.0,5.35,0.3,0,0.0,0
2014-11-10,2014-12-24,OPTSTK,SKSMICRO,230.0,PE,0.0,0.0,0.0,7.45,0.55,0,0.0,0
2014-11-10,2014-12-24,OPTSTK,SKSMICRO,240.0,PE,0.0,0.0,0.0,9.95,0.95,0,0.0,0
2014-11-10,2014-12-24,OPTSTK,SKSMICRO,250.0,PE,0.0,0.0,0.0,13.0,1.5,0,0.0,0
2014-11-10,2014-12-24,OPTSTK,SKSMICRO,260.0,PE,0.0,0.0,0.0,16.6,2.25,0,0.0,0
2014-11-10,2014-12-24,OPTSTK,SKSMICRO,270.0,PE,0.0,0.0,0.0,20.7,3.35,0,0.0,0
2014-11-10,2014-12-24,OPTSTK,SKSMICRO,280.0,PE,0.0,0.0,0.0,25.35,4.75,0,0.0,0
2014-11-10,2014-12-24,OPTSTK,SKSMICRO,290.0,PE,0.0,0.0,0.0,30.5,6.55,0,0.0,0
2014-11-10,2014-12-24,OPTSTK,SKSMICRO,300.0,PE,0.0,0.0,0.0,36.1,8.8,0,0.0,0
2014-11-10,2014-12-24,OPTSTK,SKSMICRO,310.0,PE,0.0,0.0,0.0,42.2,11.55,0,0.0,0
2014-11-10,2014-12-24,OPTSTK,SKSMICRO,320.0,PE,0.0,0.0,0.0,48.75,14.75,0,0.0,0
2014-11-10,2014-12-24,OPTSTK,SKSMICRO,330.0,PE,0.0,0.0,0.0,55.7,18.5,0,0.0,0
2014-11-10,2014-12-24,OPTSTK,SKSMICRO,340.0,PE,0.0,0.0,0.0,63.0,22.8,0,0.0,0
2014-11-10,2014-12-24,OPTSTK,SKSMICRO,350.0,PE,0.0,0.0,0.0,70.6,27.6,0,0.0,0
2014-11-10,2014-12-24,OPTSTK,SKSMICRO,360.0,PE,0.0,0.0,0.0,78.55,32.9,0,0.0,0
2014-11-10,2014-12-24,OPTSTK,SKSMICRO,370.0,PE,0.0,0.0,0.0,86.7,38.7,0,0.0,0
2014-11-10,2014-12-24,OPTSTK,SKSMICRO,380.0,PE,0.0,0.0,0.0,95.1,45.0,0,0.0,0
2014-11-10,2014-12-24,OPTSTK,SKSMICRO,390.0,PE,0.0,0.0,0.0,103.7,51.7,0,0.0,0
2014-11-10,2014-12-24,OPTSTK,SKSMICRO,400.0,PE,0.0,0.0,0.0,112.5,58.85,0,0.0,0
2014-11-10,2014-12-24,OPTSTK,SKSMICRO,410.0,PE,0.0,0.0,0.0,121.4,66.35,0,0.0,0
2014-11-10,2014-12-24,OPTSTK,SKSMICRO,420.0,PE,0.0,0.0,0.0,130.5,74.15,0,0.0,0
2014-11-10,2014-12-24,OPTSTK,SKSMICRO,430.0,PE,0.0,0.0,0.0,132.0,82.25,0,0.0,0
2014-11-10,2015-01-29,OPTSTK,SKSMICRO,210.0,CE,0.0,0.0,0.0,108.65,147.55,0,0.0,0
2014-11-10,2015-01-29,OPTSTK,SKSMICRO,220.0,CE,0.0,0.0,0.0,99.85,138.3,0,0.0,0
2014-11-10,2015-01-29,OPTSTK,SKSMICRO,230.0,CE,0.0,0.0,0.0,91.3,129.25,0,0.0,0
2014-11-10,2015-01-29,OPTSTK,SKSMICRO,240.0,CE,0.0,0.0,0.0,83.15,120.4,0,0.0,0
2014-11-10,2015-01-29,OPTSTK,SKSMICRO,250.0,CE,0.0,0.0,0.0,75.35,111.8,0,0.0,0
2014-11-10,2015-01-29,OPTSTK,SKSMICRO,260.0,CE,0.0,0.0,0.0,68.0,103.55,0,0.0,0
2014-11-10,2015-01-29,OPTSTK,SKSMICRO,270.0,CE,0.0,0.0,0.0,61.1,95.6,0,0.0,0
2014-11-10,2015-01-29,OPTSTK,SKSMICRO,280.0,CE,0.0,0.0,0.0,54.65,88.0,0,0.0,0
2014-11-10,2015-01-29,OPTSTK,SKSMICRO,290.0,CE,0.0,0.0,0.0,48.7,80.75,0,0.0,0
2014-11-10,2015-01-29,OPTSTK,SKSMICRO,300.0,CE,0.0,0.0,0.0,43.25,73.9,0,0.0,0
2014-11-10,2015-01-29,OPTSTK,SKSMICRO,310.0,CE,0.0,0.0,0.0,38.25,67.45,0,0.0,0
2014-11-10,2015-01-29,OPTSTK,SKSMICRO,320.0,CE,0.0,0.0,0.0,33.7,61.4,0,0.0,0
2014-11-10,2015-01-29,OPTSTK,SKSMICRO,330.0,CE,0.0,0.0,0.0,29.6,55.75,0,0.0,0
2014-11-10,2015-01-29,OPTSTK,SKSMICRO,340.0,CE,0.0,0.0,0.0,25.9,50.5,0,0.0,0
2014-11-10,2015-01-29,OPTSTK,SKSMICRO,350.0,CE,0.0,0.0,0.0,22.6,45.65,0,0.0,0
2014-11-10,2015-01-29,OPTSTK,SKSMICRO,360.0,CE,0.0,0.0,0.0,19.7,41.15,0,0.0,0
2014-11-10,2015-01-29,OPTSTK,SKSMICRO,370.0,CE,0.0,0.0,0.0,17.1,37.05,0,0.0,0
2014-11-10,2015-01-29,OPTSTK,SKSMICRO,380.0,CE,0.0,0.0,0.0,14.8,33.25,0,0.0,0
2014-11-10,2015-01-29,OPTSTK,SKSMICRO,390.0,CE,0.0,0.0,0.0,12.8,29.8,0,0.0,0
2014-11-10,2015-01-29,OPTSTK,SKSMICRO,400.0,CE,0.0,0.0,0.0,11.05,26.65,0,0.0,0
2014-11-10,2015-01-29,OPTSTK,SKSMICRO,410.0,CE,0.0,0.0,0.0,9.5,23.85,0,0.0,0
2014-11-10,2015-01-29,OPTSTK,SKSMICRO,420.0,CE,0.0,0.0,0.0,8.15,21.25,0,0.0,0
2014-11-10,2015-01-29,OPTSTK,SKSMICRO,430.0,CE,0.0,0.0,0.0,7.0,18.95,0,0.0,0
2014-11-10,2015-01-29,OPTSTK,SKSMICRO,210.0,PE,0.0,0.0,0.0,1.95,1.1,0,0.0,0
2014-11-10,2015-01-29,OPTSTK,SKSMICRO,220.0,PE,0.0,0.0,0.0,2.9,1.65,0,0.0,0
2014-11-10,2015-01-29,OPTSTK,SKSMICRO,230.0,PE,0.0,0.0,0.0,4.15,2.4,0,0.0,0
2014-11-10,2015-01-29,OPTSTK,SKSMICRO,240.0,PE,0.0,0.0,0.0,5.75,3.4,0,0.0,0
2014-11-10,2015-01-29,OPTSTK,SKSMICRO,250.0,PE,0.0,0.0,0.0,7.75,4.65,0,0.0,0
2014-11-10,2015-01-29,OPTSTK,SKSMICRO,260.0,PE,0.0,0.0,0.0,10.2,6.15,0,0.0,0
2014-11-10,2015-01-29,OPTSTK,SKSMICRO,270.0,PE,0.0,0.0,0.0,13.1,8.05,0,0.0,0
2014-11-10,2015-01-29,OPTSTK,SKSMICRO,280.0,PE,0.0,0.0,0.0,16.4,10.25,0,0.0,0
2014-11-10,2015-01-29,OPTSTK,SKSMICRO,290.0,PE,0.0,0.0,0.0,20.25,12.85,0,0.0,0
2014-11-10,2015-01-29,OPTSTK,SKSMICRO,300.0,PE,0.0,0.0,0.0,24.55,15.8,0,0.0,0
2014-11-10,2015-01-29,OPTSTK,SKSMICRO,310.0,PE,0.0,0.0,0.0,29.35,19.15,0,0.0,0
2014-11-10,2015-01-29,OPTSTK,SKSMICRO,320.0,PE,0.0,0.0,0.0,34.6,22.9,0,0.0,0
2014-11-10,2015-01-29,OPTSTK,SKSMICRO,330.0,PE,0.0,0.0,0.0,40.3,27.05,0,0.0,0
2014-11-10,2015-01-29,OPTSTK,SKSMICRO,340.0,PE,0.0,0.0,0.0,46.4,31.6,0,0.0,0
2014-11-10,2015-01-29,OPTSTK,SKSMICRO,350.0,PE,0.0,0.0,0.0,52.85,36.55,0,0.0,0
2014-11-10,2015-01-29,OPTSTK,SKSMICRO,360.0,PE,0.0,0.0,0.0,59.7,41.9,0,0.0,0
2014-11-10,2015-01-29,OPTSTK,SKSMICRO,370.0,PE,0.0,0.0,0.0,66.9,47.55,0,0.0,0
2014-11-10,2015-01-29,OPTSTK,SKSMICRO,380.0,PE,0.0,0.0,0.0,74.4,53.6,0,0.0,0
2014-11-10,2015-01-29,OPTSTK,SKSMICRO,390.0,PE,0.0,0.0,0.0,82.2,59.95,0,0.0,0
2014-11-10,2015-01-29,OPTSTK,SKSMICRO,400.0,PE,0.0,0.0,0.0,90.2,66.65,0,0.0,0
2014-11-10,2015-01-29,OPTSTK,SKSMICRO,410.0,PE,0.0,0.0,0.0,98.45,73.6,0,0.0,0
2014-11-10,2015-01-29,OPTSTK,SKSMICRO,420.0,PE,0.0,0.0,0.0,106.9,80.85,0,0.0,0
2014-11-10,2015-01-29,OPTSTK,SKSMICRO,430.0,PE,0.0,0.0,0.0,115.5,88.35,0,0.0,0
2014-11-10,2014-11-27,OPTSTK,SRTRANSFIN,600.0,CE,0.0,0.0,0.0,317.15,370.3,0,0.0,0
2014-11-10,2014-11-27,OPTSTK,SRTRANSFIN,620.0,CE,0.0,0.0,0.0,309.35,350.35,0,0.0,0
2014-11-10,2014-11-27,OPTSTK,SRTRANSFIN,640.0,CE,0.0,0.0,0.0,289.8,330.45,0,0.0,0
2014-11-10,2014-11-27,OPTSTK,SRTRANSFIN,650.0,CE,0.0,0.0,0.0,268.95,320.5,0,0.0,0
2014-11-10,2014-11-27,OPTSTK,SRTRANSFIN,660.0,CE,0.0,0.0,0.0,270.35,310.5,0,0.0,0
2014-11-10,2014-11-27,OPTSTK,SRTRANSFIN,680.0,CE,0.0,0.0,0.0,251.05,290.6,0,0.0,0
2014-11-10,2014-11-27,OPTSTK,SRTRANSFIN,700.0,CE,0.0,0.0,0.0,222.0,270.7,0,0.0,0
2014-11-10,2014-11-27,OPTSTK,SRTRANSFIN,720.0,CE,0.0,0.0,0.0,213.25,250.8,0,0.0,0
2014-11-10,2014-11-27,OPTSTK,SRTRANSFIN,740.0,CE,0.0,0.0,0.0,194.9,230.9,0,0.0,0
2014-11-10,2014-11-27,OPTSTK,SRTRANSFIN,750.0,CE,0.0,0.0,0.0,177.6,220.95,0,0.0,0
2014-11-10,2014-11-27,OPTSTK,SRTRANSFIN,760.0,CE,0.0,0.0,0.0,177.05,211.05,0,0.0,0
2014-11-10,2014-11-27,OPTSTK,SRTRANSFIN,780.0,CE,0.0,0.0,0.0,159.85,191.25,0,0.0,0
2014-11-10,2014-11-27,OPTSTK,SRTRANSFIN,800.0,CE,0.0,0.0,0.0,137.2,171.65,0,0.0,0
2014-11-10,2014-11-27,OPTSTK,SRTRANSFIN,820.0,CE,0.0,0.0,0.0,127.65,152.35,0,0.0,0
2014-11-10,2014-11-27,OPTSTK,SRTRANSFIN,840.0,CE,0.0,0.0,0.0,112.9,133.45,0,0.0,0
2014-11-10,2014-11-27,OPTSTK,SRTRANSFIN,850.0,CE,0.0,0.0,0.0,102.05,124.25,0,0.0,0
2014-11-10,2014-11-27,OPTSTK,SRTRANSFIN,860.0,CE,0.0,0.0,0.0,99.1,115.25,0,0.0,0
2014-11-10,2014-11-27,OPTSTK,SRTRANSFIN,880.0,CE,0.0,0.0,0.0,86.4,97.9,0,0.0,0
2014-11-10,2014-11-27,OPTSTK,SRTRANSFIN,900.0,CE,0.0,0.0,0.0,39.25,81.7,0,0.0,500
2014-11-10,2014-11-27,OPTSTK,SRTRANSFIN,920.0,CE,0.0,0.0,0.0,48.95,66.9,0,0.0,250
2014-11-10,2014-11-27,OPTSTK,SRTRANSFIN,940.0,CE,0.0,0.0,0.0,24.15,53.7,0,0.0,2500
2014-11-10,2014-11-27,OPTSTK,SRTRANSFIN,950.0,CE,49.0,49.0,43.0,43.0,43.0,2,4.98,750
2014-11-10,2014-11-27,OPTSTK,SRTRANSFIN,960.0,CE,35.3,35.3,35.3,35.3,35.3,1,2.48,500
2014-11-10,2014-11-27,OPTSTK,SRTRANSFIN,980.0,CE,28.0,30.0,24.0,24.0,24.0,3,7.55,500
2014-11-10,2014-11-27,OPTSTK,SRTRANSFIN,1000.0,CE,23.5,26.0,16.0,16.5,16.5,69,175.87,17250
2014-11-10,2014-11-27,OPTSTK,SRTRANSFIN,1020.0,CE,0.0,0.0,0.0,15.0,18.0,0,0.0,500
2014-11-10,2014-11-27,OPTSTK,SRTRANSFIN,1040.0,CE,0.0,0.0,0.0,22.35,13.0,0,0.0,0
2014-11-10,2014-11-27,OPTSTK,SRTRANSFIN,1050.0,CE,0.0,0.0,0.0,21.6,10.95,0,0.0,0
2014-11-10,2014-11-27,OPTSTK,SRTRANSFIN,1060.0,CE,0.0,0.0,0.0,18.25,9.15,0,0.0,0
2014-11-10,2014-11-27,OPTSTK,SRTRANSFIN,1080.0,CE,0.0,0.0,0.0,14.85,6.3,0,0.0,0
2014-11-10,2014-11-27,OPTSTK,SRTRANSFIN,1100.0,CE,0.0,0.0,0.0,13.5,4.25,0,0.0,0
2014-11-10,2014-11-27,OPTSTK,SRTRANSFIN,1120.0,CE,0.0,0.0,0.0,9.7,2.8,0,0.0,0
2014-11-10,2014-11-27,OPTSTK,SRTRANSFIN,1140.0,CE,0.0,0.0,0.0,7.75,1.85,0,0.0,0
2014-11-10,2014-11-27,OPTSTK,SRTRANSFIN,1150.0,CE,0.0,0.0,0.0,8.15,1.45,0,0.0,0
2014-11-10,2014-11-27,OPTSTK,SRTRANSFIN,1160.0,CE,0.0,0.0,0.0,6.15,1.15,0,0.0,0
2014-11-10,2014-11-27,OPTSTK,SRTRANSFIN,1180.0,CE,0.0,0.0,0.0,4.9,0.75,0,0.0,0
2014-11-10,2014-11-27,OPTSTK,SRTRANSFIN,1200.0,CE,0.0,0.0,0.0,4.85,0.45,0,0.0,0
2014-11-10,2014-11-27,OPTSTK,SRTRANSFIN,1220.0,CE,0.0,0.0,0.0,3.0,0.3,0,0.0,0
2014-11-10,2014-11-27,OPTSTK,SRTRANSFIN,1240.0,CE,0.0,0.0,0.0,2.35,0.15,0,0.0,0
2014-11-10,2014-11-27,OPTSTK,SRTRANSFIN,1250.0,CE,0.0,0.0,0.0,2.8,0.15,0,0.0,0
2014-11-10,2014-11-27,OPTSTK,SRTRANSFIN,600.0,PE,0.0,0.0,0.0,0.25,0.0,0,0.0,0
2014-11-10,2014-11-27,OPTSTK,SRTRANSFIN,620.0,PE,0.0,0.0,0.0,0.2,0.0,0,0.0,0
2014-11-10,2014-11-27,OPTSTK,SRTRANSFIN,640.0,PE,0.0,0.0,0.0,0.35,0.0,0,0.0,0
2014-11-10,2014-11-27,OPTSTK,SRTRANSFIN,650.0,PE,0.0,0.0,0.0,0.95,0.0,0,0.0,0
2014-11-10,2014-11-27,OPTSTK,SRTRANSFIN,660.0,PE,0.0,0.0,0.0,0.6,0.0,0,0.0,0
2014-11-10,2014-11-27,OPTSTK,SRTRANSFIN,680.0,PE,0.0,0.0,0.0,1.0,0.0,0,0.0,0
2014-11-10,2014-11-27,OPTSTK,SRTRANSFIN,700.0,PE,0.0,0.0,0.0,3.0,0.0,0,0.0,0
2014-11-10,2014-11-27,OPTSTK,SRTRANSFIN,720.0,PE,0.0,0.0,0.0,2.6,0.05,0,0.0,0
2014-11-10,2014-11-27,OPTSTK,SRTRANSFIN,740.0,PE,0.0,0.0,0.0,3.95,0.05,0,0.0,0
2014-11-10,2014-11-27,OPTSTK,SRTRANSFIN,750.0,PE,0.0,0.0,0.0,7.5,0.1,0,0.0,0
2014-11-10,2014-11-27,OPTSTK,SRTRANSFIN,760.0,PE,0.0,0.0,0.0,5.8,0.15,0,0.0,0
2014-11-10,2014-11-27,OPTSTK,SRTRANSFIN,780.0,PE,0.0,0.0,0.0,8.25,0.3,0,0.0,0
2014-11-10,2014-11-27,OPTSTK,SRTRANSFIN,800.0,PE,0.0,0.0,0.0,16.05,0.6,0,0.0,0
2014-11-10,2014-11-27,OPTSTK,SRTRANSFIN,820.0,PE,0.0,0.0,0.0,15.45,1.2,0,0.0,0
2014-11-10,2014-11-27,OPTSTK,SRTRANSFIN,840.0,PE,0.0,0.0,0.0,20.4,2.25,0,0.0,0
2014-11-10,2014-11-27,OPTSTK,SRTRANSFIN,850.0,PE,0.0,0.0,0.0,29.85,3.0,0,0.0,0
2014-11-10,2014-11-27,OPTSTK,SRTRANSFIN,860.0,PE,0.0,0.0,0.0,26.3,3.95,0,0.0,0
2014-11-10,2014-11-27,OPTSTK,SRTRANSFIN,880.0,PE,0.0,0.0,0.0,7.5,6.55,0,0.0,0
2014-11-10,2014-11-27,OPTSTK,SRTRANSFIN,900.0,PE,0.0,0.0,0.0,8.25,10.25,0,0.0,5750
2014-11-10,2014-11-27,OPTSTK,SRTRANSFIN,920.0,PE,0.0,0.0,0.0,50.5,15.4,0,0.0,0
2014-11-10,2014-11-27,OPTSTK,SRTRANSFIN,940.0,PE,0.0,0.0,0.0,26.15,22.1,0,0.0,500
2014-11-10,2014-11-27,OPTSTK,SRTRANSFIN,950.0,PE,15.6,17.25,15.6,17.25,17.25,2,4.83,2250
2014-11-10,2014-11-27,OPTSTK,SRTRANSFIN,960.0,PE,27.1,27.1,27.1,27.1,27.1,1,2.46,250
2014-11-10,2014-11-27,OPTSTK,SRTRANSFIN,980.0,PE,0.0,0.0,0.0,84.35,40.7,0,0.0,0
2014-11-10,2014-11-27,OPTSTK,SRTRANSFIN,1000.0,PE,0.0,0.0,0.0,108.15,52.6,0,0.0,0
2014-11-10,2014-11-27,OPTSTK,SRTRANSFIN,1020.0,PE,0.0,0.0,0.0,111.75,66.05,0,0.0,0
2014-11-10,2014-11-27,OPTSTK,SRTRANSFIN,1040.0,PE,0.0,0.0,0.0,126.75,80.95,0,0.0,0
2014-11-10,2014-11-27,OPTSTK,SRTRANSFIN,1050.0,PE,0.0,0.0,0.0,145.15,88.9,0,0.0,0
2014-11-10,2014-11-27,OPTSTK,SRTRANSFIN,1060.0,PE,0.0,0.0,0.0,142.4,97.05,0,0.0,0
2014-11-10,2014-11-27,OPTSTK,SRTRANSFIN,1080.0,PE,0.0,0.0,0.0,158.7,114.15,0,0.0,0
2014-11-10,2014-11-27,OPTSTK,SRTRANSFIN,1100.0,PE,0.0,0.0,0.0,185.95,132.0,0,0.0,0
2014-11-10,2014-11-27,OPTSTK,SRTRANSFIN,1120.0,PE,0.0,0.0,0.0,192.9,150.5,0,0.0,0
2014-11-10,2014-11-27,OPTSTK,SRTRANSFIN,1140.0,PE,0.0,0.0,0.0,210.65,169.45,0,0.0,0
2014-11-10,2014-11-27,OPTSTK,SRTRANSFIN,1150.0,PE,0.0,0.0,0.0,229.6,179.05,0,0.0,0
2014-11-10,2014-11-27,OPTSTK,SRTRANSFIN,1160.0,PE,0.0,0.0,0.0,228.75,188.7,0,0.0,0
2014-11-10,2014-11-27,OPTSTK,SRTRANSFIN,1180.0,PE,0.0,0.0,0.0,247.15,208.2,0,0.0,0
2014-11-10,2014-11-27,OPTSTK,SRTRANSFIN,1200.0,PE,0.0,0.0,0.0,275.2,227.8,0,0.0,0
2014-11-10,2014-11-27,OPTSTK,SRTRANSFIN,1220.0,PE,0.0,0.0,0.0,284.7,247.55,0,0.0,0
2014-11-10,2014-11-27,OPTSTK,SRTRANSFIN,1240.0,PE,0.0,0.0,0.0,303.7,267.4,0,0.0,0
2014-11-10,2014-11-27,OPTSTK,SRTRANSFIN,1250.0,PE,0.0,0.0,0.0,322.05,277.3,0,0.0,0
2014-11-10,2014-12-24,OPTSTK,SRTRANSFIN,600.0,CE,0.0,0.0,0.0,333.15,374.2,0,0.0,0
2014-11-10,2014-12-24,OPTSTK,SRTRANSFIN,620.0,CE,0.0,0.0,0.0,313.85,354.45,0,0.0,0
2014-11-10,2014-12-24,OPTSTK,SRTRANSFIN,640.0,CE,0.0,0.0,0.0,294.7,334.7,0,0.0,0
2014-11-10,2014-12-24,OPTSTK,SRTRANSFIN,660.0,CE,0.0,0.0,0.0,275.7,315.0,0,0.0,0
2014-11-10,2014-12-24,OPTSTK,SRTRANSFIN,680.0,CE,0.0,0.0,0.0,257.0,295.35,0,0.0,0
2014-11-10,2014-12-24,OPTSTK,SRTRANSFIN,700.0,CE,0.0,0.0,0.0,238.6,275.85,0,0.0,0
2014-11-10,2014-12-24,OPTSTK,SRTRANSFIN,720.0,CE,0.0,0.0,0.0,220.65,256.45,0,0.0,0
2014-11-10,2014-12-24,OPTSTK,SRTRANSFIN,740.0,CE,0.0,0.0,0.0,203.15,237.3,0,0.0,0
2014-11-10,2014-12-24,OPTSTK,SRTRANSFIN,760.0,CE,0.0,0.0,0.0,186.2,218.45,0,0.0,0
2014-11-10,2014-12-24,OPTSTK,SRTRANSFIN,780.0,CE,0.0,0.0,0.0,169.85,199.95,0,0.0,0
2014-11-10,2014-12-24,OPTSTK,SRTRANSFIN,800.0,CE,0.0,0.0,0.0,154.25,181.95,0,0.0,0
2014-11-10,2014-12-24,OPTSTK,SRTRANSFIN,820.0,CE,0.0,0.0,0.0,139.45,164.6,0,0.0,0
2014-11-10,2014-12-24,OPTSTK,SRTRANSFIN,840.0,CE,0.0,0.0,0.0,125.4,147.9,0,0.0,0
2014-11-10,2014-12-24,OPTSTK,SRTRANSFIN,860.0,CE,0.0,0.0,0.0,112.25,132.0,0,0.0,0
2014-11-10,2014-12-24,OPTSTK,SRTRANSFIN,880.0,CE,0.0,0.0,0.0,100.0,117.05,0,0.0,0
2014-11-10,2014-12-24,OPTSTK,SRTRANSFIN,900.0,CE,0.0,0.0,0.0,88.7,102.95,0,0.0,0
2014-11-10,2014-12-24,OPTSTK,SRTRANSFIN,920.0,CE,0.0,0.0,0.0,78.3,89.95,0,0.0,0
2014-11-10,2014-12-24,OPTSTK,SRTRANSFIN,940.0,CE,0.0,0.0,0.0,68.8,78.05,0,0.0,0
2014-11-10,2014-12-24,OPTSTK,SRTRANSFIN,960.0,CE,0.0,0.0,0.0,60.15,67.25,0,0.0,0
2014-11-10,2014-12-24,OPTSTK,SRTRANSFIN,980.0,CE,0.0,0.0,0.0,52.4,57.5,0,0.0,0
2014-11-10,2014-12-24,OPTSTK,SRTRANSFIN,1000.0,CE,0.0,0.0,0.0,45.4,48.85,0,0.0,0
2014-11-10,2014-12-24,OPTSTK,SRTRANSFIN,1020.0,CE,0.0,0.0,0.0,39.2,41.15,0,0.0,0
2014-11-10,2014-12-24,OPTSTK,SRTRANSFIN,1040.0,CE,0.0,0.0,0.0,33.7,34.45,0,0.0,0
2014-11-10,2014-12-24,OPTSTK,SRTRANSFIN,1060.0,CE,0.0,0.0,0.0,28.95,28.65,0,0.0,0
2014-11-10,2014-12-24,OPTSTK,SRTRANSFIN,1080.0,CE,0.0,0.0,0.0,24.7,23.75,0,0.0,0
2014-11-10,2014-12-24,OPTSTK,SRTRANSFIN,1100.0,CE,0.0,0.0,0.0,21.0,19.45,0,0.0,0
2014-11-10,2014-12-24,OPTSTK,SRTRANSFIN,1120.0,CE,0.0,0.0,0.0,17.8,15.9,0,0.0,0
2014-11-10,2014-12-24,OPTSTK,SRTRANSFIN,1140.0,CE,0.0,0.0,0.0,15.0,12.9,0,0.0,0
2014-11-10,2014-12-24,OPTSTK,SRTRANSFIN,1160.0,CE,0.0,0.0,0.0,12.65,10.4,0,0.0,0
2014-11-10,2014-12-24,OPTSTK,SRTRANSFIN,1180.0,CE,0.0,0.0,0.0,10.6,8.35,0,0.0,0
2014-11-10,2014-12-24,OPTSTK,SRTRANSFIN,1200.0,CE,0.0,0.0,0.0,8.85,6.65,0,0.0,0
2014-11-10,2014-12-24,OPTSTK,SRTRANSFIN,1220.0,CE,0.0,0.0,0.0,7.4,5.25,0,0.0,0
2014-11-10,2014-12-24,OPTSTK,SRTRANSFIN,1240.0,CE,0.0,0.0,0.0,6.15,4.15,0,0.0,0
2014-11-10,2014-12-24,OPTSTK,SRTRANSFIN,600.0,PE,0.0,0.0,0.0,0.4,0.05,0,0.0,0
2014-11-10,2014-12-24,OPTSTK,SRTRANSFIN,620.0,PE,0.0,0.0,0.0,0.65,0.05,0,0.0,0
2014-11-10,2014-12-24,OPTSTK,SRTRANSFIN,640.0,PE,0.0,0.0,0.0,1.05,0.1,0,0.0,0
2014-11-10,2014-12-24,OPTSTK,SRTRANSFIN,660.0,PE,0.0,0.0,0.0,1.7,0.2,0,0.0,0
2014-11-10,2014-12-24,OPTSTK,SRTRANSFIN,680.0,PE,0.0,0.0,0.0,2.55,0.35,0,0.0,0
2014-11-10,2014-12-24,OPTSTK,SRTRANSFIN,700.0,PE,0.0,0.0,0.0,3.7,0.6,0,0.0,0
2014-11-10,2014-12-24,OPTSTK,SRTRANSFIN,720.0,PE,0.0,0.0,0.0,5.3,1.0,0,0.0,0
2014-11-10,2014-12-24,OPTSTK,SRTRANSFIN,740.0,PE,0.0,0.0,0.0,7.35,1.65,0,0.0,0
2014-11-10,2014-12-24,OPTSTK,SRTRANSFIN,760.0,PE,0.0,0.0,0.0,9.95,2.55,0,0.0,0
2014-11-10,2014-12-24,OPTSTK,SRTRANSFIN,780.0,PE,0.0,0.0,0.0,13.2,3.9,0,0.0,0
2014-11-10,2014-12-24,OPTSTK,SRTRANSFIN,800.0,PE,0.0,0.0,0.0,17.15,5.7,0,0.0,0
2014-11-10,2014-12-24,OPTSTK,SRTRANSFIN,820.0,PE,0.0,0.0,0.0,21.9,8.1,0,0.0,0
2014-11-10,2014-12-24,OPTSTK,SRTRANSFIN,840.0,PE,0.0,0.0,0.0,27.45,11.2,0,0.0,0
2014-11-10,2014-12-24,OPTSTK,SRTRANSFIN,860.0,PE,0.0,0.0,0.0,33.85,15.1,0,0.0,0
2014-11-10,2014-12-24,OPTSTK,SRTRANSFIN,880.0,PE,0.0,0.0,0.0,41.2,19.9,0,0.0,0
2014-11-10,2014-12-24,OPTSTK,SRTRANSFIN,900.0,PE,0.0,0.0,0.0,49.4,25.65,0,0.0,0
2014-11-10,2014-12-24,OPTSTK,SRTRANSFIN,920.0,PE,0.0,0.0,0.0,58.6,32.45,0,0.0,0
2014-11-10,2014-12-24,OPTSTK,SRTRANSFIN,940.0,PE,0.0,0.0,0.0,68.65,40.3,0,0.0,0
2014-11-10,2014-12-24,OPTSTK,SRTRANSFIN,960.0,PE,0.0,0.0,0.0,79.6,49.3,0,0.0,0
2014-11-10,2014-12-24,OPTSTK,SRTRANSFIN,980.0,PE,0.0,0.0,0.0,91.35,59.35,0,0.0,0
2014-11-10,2014-12-24,OPTSTK,SRTRANSFIN,1000.0,PE,0.0,0.0,0.0,103.95,70.45,0,0.0,0
2014-11-10,2014-12-24,OPTSTK,SRTRANSFIN,1020.0,PE,0.0,0.0,0.0,117.3,82.6,0,0.0,0
2014-11-10,2014-12-24,OPTSTK,SRTRANSFIN,1040.0,PE,0.0,0.0,0.0,131.4,95.7,0,0.0,0
2014-11-10,2014-12-24,OPTSTK,SRTRANSFIN,1060.0,PE,0.0,0.0,0.0,146.15,109.65,0,0.0,0
2014-11-10,2014-12-24,OPTSTK,SRTRANSFIN,1080.0,PE,0.0,0.0,0.0,161.5,124.55,0,0.0,0
2014-11-10,2014-12-24,OPTSTK,SRTRANSFIN,1100.0,PE,0.0,0.0,0.0,177.35,140.05,0,0.0,0
2014-11-10,2014-12-24,OPTSTK,SRTRANSFIN,1120.0,PE,0.0,0.0,0.0,193.7,156.25,0,0.0,0
2014-11-10,2014-12-24,OPTSTK,SRTRANSFIN,1140.0,PE,0.0,0.0,0.0,210.5,173.05,0,0.0,0
2014-11-10,2014-12-24,OPTSTK,SRTRANSFIN,1160.0,PE,0.0,0.0,0.0,227.7,190.35,0,0.0,0
2014-11-10,2014-12-24,OPTSTK,SRTRANSFIN,1180.0,PE,0.0,0.0,0.0,245.2,208.1,0,0.0,0
2014-11-10,2014-12-24,OPTSTK,SRTRANSFIN,1200.0,PE,0.0,0.0,0.0,263.05,226.2,0,0.0,0
2014-11-10,2014-12-24,OPTSTK,SRTRANSFIN,1220.0,PE,0.0,0.0,0.0,281.15,244.6,0,0.0,0
2014-11-10,2014-12-24,OPTSTK,SRTRANSFIN,1240.0,PE,0.0,0.0,0.0,299.45,263.25,0,0.0,0
2014-11-10,2015-01-29,OPTSTK,SRTRANSFIN,600.0,CE,0.0,0.0,0.0,321.5,379.65,0,0.0,0
2014-11-10,2015-01-29,OPTSTK,SRTRANSFIN,620.0,CE,0.0,0.0,0.0,302.55,360.3,0,0.0,0
2014-11-10,2015-01-29,OPTSTK,SRTRANSFIN,640.0,CE,0.0,0.0,0.0,283.85,341.0,0,0.0,0
2014-11-10,2015-01-29,OPTSTK,SRTRANSFIN,660.0,CE,0.0,0.0,0.0,265.5,321.9,0,0.0,0
2014-11-10,2015-01-29,OPTSTK,SRTRANSFIN,680.0,CE,0.0,0.0,0.0,247.5,303.0,0,0.0,0
2014-11-10,2015-01-29,OPTSTK,SRTRANSFIN,700.0,CE,0.0,0.0,0.0,229.9,284.35,0,0.0,0
2014-11-10,2015-01-29,OPTSTK,SRTRANSFIN,720.0,CE,0.0,0.0,0.0,212.85,266.05,0,0.0,0
2014-11-10,2015-01-29,OPTSTK,SRTRANSFIN,740.0,CE,0.0,0.0,0.0,196.35,248.05,0,0.0,0
2014-11-10,2015-01-29,OPTSTK,SRTRANSFIN,760.0,CE,0.0,0.0,0.0,180.45,230.55,0,0.0,0
2014-11-10,2015-01-29,OPTSTK,SRTRANSFIN,780.0,CE,0.0,0.0,0.0,165.25,213.55,0,0.0,0
2014-11-10,2015-01-29,OPTSTK,SRTRANSFIN,800.0,CE,0.0,0.0,0.0,150.8,197.1,0,0.0,0
2014-11-10,2015-01-29,OPTSTK,SRTRANSFIN,820.0,CE,0.0,0.0,0.0,137.1,181.3,0,0.0,0
2014-11-10,2015-01-29,OPTSTK,SRTRANSFIN,840.0,CE,0.0,0.0,0.0,124.15,166.15,0,0.0,0
2014-11-10,2015-01-29,OPTSTK,SRTRANSFIN,860.0,CE,0.0,0.0,0.0,112.1,151.75,0,0.0,0
2014-11-10,2015-01-29,OPTSTK,SRTRANSFIN,880.0,CE,0.0,0.0,0.0,100.8,138.0,0,0.0,0
2014-11-10,2015-01-29,OPTSTK,SRTRANSFIN,900.0,CE,0.0,0.0,0.0,90.35,125.15,0,0.0,0
2014-11-10,2015-01-29,OPTSTK,SRTRANSFIN,920.0,CE,0.0,0.0,0.0,80.75,113.05,0,0.0,0
2014-11-10,2015-01-29,OPTSTK,SRTRANSFIN,940.0,CE,0.0,0.0,0.0,71.9,101.8,0,0.0,0
2014-11-10,2015-01-29,OPTSTK,SRTRANSFIN,960.0,CE,0.0,0.0,0.0,63.8,91.3,0,0.0,0
2014-11-10,2015-01-29,OPTSTK,SRTRANSFIN,980.0,CE,0.0,0.0,0.0,56.45,81.65,0,0.0,0
2014-11-10,2015-01-29,OPTSTK,SRTRANSFIN,1000.0,CE,0.0,0.0,0.0,49.8,72.75,0,0.0,0
2014-11-10,2015-01-29,OPTSTK,SRTRANSFIN,1020.0,CE,0.0,0.0,0.0,43.8,64.65,0,0.0,0
2014-11-10,2015-01-29,OPTSTK,SRTRANSFIN,1040.0,CE,0.0,0.0,0.0,38.4,57.25,0,0.0,0
2014-11-10,2015-01-29,OPTSTK,SRTRANSFIN,1060.0,CE,0.0,0.0,0.0,33.65,50.5,0,0.0,0
2014-11-10,2015-01-29,OPTSTK,SRTRANSFIN,1080.0,CE,0.0,0.0,0.0,29.35,44.45,0,0.0,0
2014-11-10,2015-01-29,OPTSTK,SRTRANSFIN,1100.0,CE,0.0,0.0,0.0,25.55,39.0,0,0.0,0
2014-11-10,2015-01-29,OPTSTK,SRTRANSFIN,1120.0,CE,0.0,0.0,0.0,22.2,34.2,0,0.0,0
2014-11-10,2015-01-29,OPTSTK,SRTRANSFIN,1140.0,CE,0.0,0.0,0.0,19.2,29.9,0,0.0,0
2014-11-10,2015-01-29,OPTSTK,SRTRANSFIN,1160.0,CE,0.0,0.0,0.0,16.6,26.0,0,0.0,0
2014-11-10,2015-01-29,OPTSTK,SRTRANSFIN,1180.0,CE,0.0,0.0,0.0,14.3,22.55,0,0.0,0
2014-11-10,2015-01-29,OPTSTK,SRTRANSFIN,1200.0,CE,0.0,0.0,0.0,12.35,19.55,0,0.0,0
2014-11-10,2015-01-29,OPTSTK,SRTRANSFIN,1220.0,CE,0.0,0.0,0.0,10.6,16.9,0,0.0,0
2014-11-10,2015-01-29,OPTSTK,SRTRANSFIN,1240.0,CE,0.0,0.0,0.0,9.1,14.6,0,0.0,0
2014-11-10,2015-01-29,OPTSTK,SRTRANSFIN,600.0,PE,0.0,0.0,0.0,1.25,0.4,0,0.0,0
2014-11-10,2015-01-29,OPTSTK,SRTRANSFIN,620.0,PE,0.0,0.0,0.0,1.85,0.65,0,0.0,0
2014-11-10,2015-01-29,OPTSTK,SRTRANSFIN,640.0,PE,0.0,0.0,0.0,2.75,1.0,0,0.0,0
2014-11-10,2015-01-29,OPTSTK,SRTRANSFIN,660.0,PE,0.0,0.0,0.0,3.95,1.5,0,0.0,0
2014-11-10,2015-01-29,OPTSTK,SRTRANSFIN,680.0,PE,0.0,0.0,0.0,5.5,2.2,0,0.0,0
2014-11-10,2015-01-29,OPTSTK,SRTRANSFIN,700.0,PE,0.0,0.0,0.0,7.5,3.2,0,0.0,0
2014-11-10,2015-01-29,OPTSTK,SRTRANSFIN,720.0,PE,0.0,0.0,0.0,10.0,4.5,0,0.0,0
2014-11-10,2015-01-29,OPTSTK,SRTRANSFIN,740.0,PE,0.0,0.0,0.0,13.05,6.15,0,0.0,0
2014-11-10,2015-01-29,OPTSTK,SRTRANSFIN,760.0,PE,0.0,0.0,0.0,16.75,8.25,0,0.0,0
2014-11-10,2015-01-29,OPTSTK,SRTRANSFIN,780.0,PE,0.0,0.0,0.0,21.15,10.85,0,0.0,0
2014-11-10,2015-01-29,OPTSTK,SRTRANSFIN,800.0,PE,0.0,0.0,0.0,26.25,14.05,0,0.0,0
2014-11-10,2015-01-29,OPTSTK,SRTRANSFIN,820.0,PE,0.0,0.0,0.0,32.1,17.85,0,0.0,0
2014-11-10,2015-01-29,OPTSTK,SRTRANSFIN,840.0,PE,0.0,0.0,0.0,38.75,22.3,0,0.0,0
2014-11-10,2015-01-29,OPTSTK,SRTRANSFIN,860.0,PE,0.0,0.0,0.0,46.2,27.55,0,0.0,0
2014-11-10,2015-01-29,OPTSTK,SRTRANSFIN,880.0,PE,0.0,0.0,0.0,54.5,33.45,0,0.0,0
2014-11-10,2015-01-29,OPTSTK,SRTRANSFIN,900.0,PE,0.0,0.0,0.0,63.65,40.15,0,0.0,0
2014-11-10,2015-01-29,OPTSTK,SRTRANSFIN,920.0,PE,0.0,0.0,0.0,73.6,47.7,0,0.0,0
2014-11-10,2015-01-29,OPTSTK,SRTRANSFIN,940.0,PE,0.0,0.0,0.0,84.3,56.05,0,0.0,0
2014-11-10,2015-01-29,OPTSTK,SRTRANSFIN,960.0,PE,0.0,0.0,0.0,95.8,65.2,0,0.0,0
2014-11-10,2015-01-29,OPTSTK,SRTRANSFIN,980.0,PE,0.0,0.0,0.0,108.0,75.15,0,0.0,0
2014-11-10,2015-01-29,OPTSTK,SRTRANSFIN,1000.0,PE,0.0,0.0,0.0,120.9,85.9,0,0.0,0
2014-11-10,2015-01-29,OPTSTK,SRTRANSFIN,1020.0,PE,0.0,0.0,0.0,134.5,97.4,0,0.0,0
2014-11-10,2015-01-29,OPTSTK,SRTRANSFIN,1040.0,PE,0.0,0.0,0.0,148.65,109.6,0,0.0,0
2014-11-10,2015-01-29,OPTSTK,SRTRANSFIN,1060.0,PE,0.0,0.0,0.0,163.5,122.55,0,0.0,0
2014-11-10,2015-01-29,OPTSTK,SRTRANSFIN,1080.0,PE,0.0,0.0,0.0,178.75,136.1,0,0.0,0
2014-11-10,2015-01-29,OPTSTK,SRTRANSFIN,1100.0,PE,0.0,0.0,0.0,194.5,150.3,0,0.0,0
2014-11-10,2015-01-29,OPTSTK,SRTRANSFIN,1120.0,PE,0.0,0.0,0.0,210.7,165.1,0,0.0,0
2014-11-10,2015-01-29,OPTSTK,SRTRANSFIN,1140.0,PE,0.0,0.0,0.0,227.3,180.35,0,0.0,0
2014-11-10,2015-01-29,OPTSTK,SRTRANSFIN,1160.0,PE,0.0,0.0,0.0,244.3,196.1,0,0.0,0
2014-11-10,2015-01-29,OPTSTK,SRTRANSFIN,1180.0,PE,0.0,0.0,0.0,261.55,212.3,0,0.0,0
2014-11-10,2015-01-29,OPTSTK,SRTRANSFIN,1200.0,PE,0.0,0.0,0.0,279.15,228.9,0,0.0,0
2014-11-10,2015-01-29,OPTSTK,SRTRANSFIN,1220.0,PE,0.0,0.0,0.0,296.95,245.9,0,0.0,0
2014-11-10,2015-01-29,OPTSTK,SRTRANSFIN,1240.0,PE,0.0,0.0,0.0,315.0,263.2,0,0.0,0
2014-11-10,2014-11-27,OPTSTK,SSLT,170.0,CE,0.0,0.0,0.0,110.85,75.85,0,0.0,0
2014-11-10,2014-11-27,OPTSTK,SSLT,180.0,CE,0.0,0.0,0.0,101.15,65.9,0,0.0,0
2014-11-10,2014-11-27,OPTSTK,SSLT,190.0,CE,0.0,0.0,0.0,91.55,55.95,0,0.0,0
2014-11-10,2014-11-27,OPTSTK,SSLT,200.0,CE,0.0,0.0,0.0,82.1,46.05,0,0.0,0
2014-11-10,2014-11-27,OPTSTK,SSLT,210.0,CE,0.0,0.0,0.0,42.5,36.35,0,0.0,8000
2014-11-10,2014-11-27,OPTSTK,SSLT,220.0,CE,0.0,0.0,0.0,33.25,27.15,0,0.0,10000
2014-11-10,2014-11-27,OPTSTK,SSLT,230.0,CE,0.0,0.0,0.0,23.25,18.95,0,0.0,2000
2014-11-10,2014-11-27,OPTSTK,SSLT,240.0,CE,13.6,13.6,10.9,12.6,12.6,17,42.86,14000
2014-11-10,2014-11-27,OPTSTK,SSLT,250.0,CE,8.0,9.95,5.95,7.0,7.0,279,717.67,319000
2014-11-10,2014-11-27,OPTSTK,SSLT,260.0,CE,5.2,5.4,3.2,3.7,3.7,188,495.99,577000
2014-11-10,2014-11-27,OPTSTK,SSLT,270.0,CE,1.75,2.65,1.7,1.9,1.9,122,331.84,393000
2014-11-10,2014-11-27,OPTSTK,SSLT,280.0,CE,1.15,1.15,0.85,1.1,1.1,43,120.83,300000
2014-11-10,2014-11-27,OPTSTK,SSLT,290.0,CE,0.6,0.6,0.55,0.55,0.55,10,29.05,85000
2014-11-10,2014-11-27,OPTSTK,SSLT,300.0,CE,0.45,0.45,0.35,0.4,0.4,11,33.04,187000
2014-11-10,2014-11-27,OPTSTK,SSLT,310.0,CE,0.0,0.0,0.0,11.9,0.05,0,0.0,0
2014-11-10,2014-11-27,OPTSTK,SSLT,320.0,CE,0.0,0.0,0.0,0.2,0.05,0,0.0,15000
2014-11-10,2014-11-27,OPTSTK,SSLT,330.0,CE,0.0,0.0,0.0,7.25,0.0,0,0.0,0
2014-11-10,2014-11-27,OPTSTK,SSLT,340.0,CE,0.0,0.0,0.0,5.6,0.0,0,0.0,0
2014-11-10,2014-11-27,OPTSTK,SSLT,350.0,CE,0.0,0.0,0.0,4.3,0.0,0,0.0,0
2014-11-10,2014-11-27,OPTSTK,SSLT,360.0,CE,0.0,0.0,0.0,3.25,0.0,0,0.0,0
2014-11-10,2014-11-27,OPTSTK,SSLT,370.0,CE,0.0,0.0,0.0,2.45,0.0,0,0.0,0
2014-11-10,2014-11-27,OPTSTK,SSLT,170.0,PE,0.0,0.0,0.0,0.1,0.0,0,0.0,0
2014-11-10,2014-11-27,OPTSTK,SSLT,180.0,PE,0.0,0.0,0.0,0.15,0.0,0,0.0,0
2014-11-10,2014-11-27,OPTSTK,SSLT,190.0,PE,0.0,0.0,0.0,0.35,0.05,0,0.0,0
2014-11-10,2014-11-27,OPTSTK,SSLT,200.0,PE,0.0,0.0,0.0,0.7,0.1,0,0.0,0
2014-11-10,2014-11-27,OPTSTK,SSLT,210.0,PE,0.0,0.0,0.0,1.0,0.35,0,0.0,5000
2014-11-10,2014-11-27,OPTSTK,SSLT,220.0,PE,1.6,1.8,1.45,1.6,1.6,35,77.56,79000
2014-11-10,2014-11-27,OPTSTK,SSLT,230.0,PE,2.0,3.4,2.0,2.8,2.8,121,281.87,202000
2014-11-10,2014-11-27,OPTSTK,SSLT,240.0,PE,5.8,6.7,4.35,5.55,5.55,192,471.92,203000
2014-11-10,2014-11-27,OPTSTK,SSLT,250.0,PE,8.4,11.8,8.4,10.2,10.2,58,151.16,131000
2014-11-10,2014-11-27,OPTSTK,SSLT,260.0,PE,16.4,18.3,16.4,17.0,17.0,9,24.98,68000
2014-11-10,2014-11-27,OPTSTK,SSLT,270.0,PE,26.25,26.25,26.25,26.25,26.25,1,2.96,26000
2014-11-10,2014-11-27,OPTSTK,SSLT,280.0,PE,0.0,0.0,0.0,32.45,34.6,0,0.0,36000
2014-11-10,2014-11-27,OPTSTK,SSLT,290.0,PE,0.0,0.0,0.0,36.0,44.1,0,0.0,32000
2014-11-10,2014-11-27,OPTSTK,SSLT,300.0,PE,0.0,0.0,0.0,45.65,53.8,0,0.0,20000
2014-11-10,2014-11-27,OPTSTK,SSLT,310.0,PE,0.0,0.0,0.0,51.95,63.7,0,0.0,2000
2014-11-10,2014-11-27,OPTSTK,SSLT,320.0,PE,0.0,0.0,0.0,45.4,73.6,0,0.0,0
2014-11-10,2014-11-27,OPTSTK,SSLT,330.0,PE,0.0,0.0,0.0,53.1,83.55,0,0.0,0
2014-11-10,2014-11-27,OPTSTK,SSLT,340.0,PE,0.0,0.0,0.0,61.25,93.55,0,0.0,0
2014-11-10,2014-11-27,OPTSTK,SSLT,350.0,PE,0.0,0.0,0.0,69.7,103.5,0,0.0,0
2014-11-10,2014-11-27,OPTSTK,SSLT,360.0,PE,0.0,0.0,0.0,78.45,113.45,0,0.0,0
2014-11-10,2014-11-27,OPTSTK,SSLT,370.0,PE,0.0,0.0,0.0,87.45,123.4,0,0.0,0
2014-11-10,2014-12-24,OPTSTK,SSLT,170.0,CE,0.0,0.0,0.0,106.95,77.0,0,0.0,0
2014-11-10,2014-12-24,OPTSTK,SSLT,180.0,CE,0.0,0.0,0.0,97.15,67.2,0,0.0,0
2014-11-10,2014-12-24,OPTSTK,SSLT,190.0,CE,0.0,0.0,0.0,87.4,57.6,0,0.0,0
2014-11-10,2014-12-24,OPTSTK,SSLT,200.0,CE,0.0,0.0,0.0,77.75,48.3,0,0.0,0
2014-11-10,2014-12-24,OPTSTK,SSLT,210.0,CE,0.0,0.0,0.0,68.15,39.55,0,0.0,0
2014-11-10,2014-12-24,OPTSTK,SSLT,220.0,CE,0.0,0.0,0.0,58.85,31.5,0,0.0,0
2014-11-10,2014-12-24,OPTSTK,SSLT,230.0,CE,0.0,0.0,0.0,49.9,24.35,0,0.0,0
2014-11-10,2014-12-24,OPTSTK,SSLT,240.0,CE,0.0,0.0,0.0,41.5,18.3,0,0.0,0
2014-11-10,2014-12-24,OPTSTK,SSLT,250.0,CE,0.0,0.0,0.0,33.75,13.35,0,0.0,0
2014-11-10,2014-12-24,OPTSTK,SSLT,260.0,CE,0.0,0.0,0.0,26.85,9.45,0,0.0,0
2014-11-10,2014-12-24,OPTSTK,SSLT,270.0,CE,0.0,0.0,0.0,20.9,6.5,0,0.0,0
2014-11-10,2014-12-24,OPTSTK,SSLT,280.0,CE,0.0,0.0,0.0,15.9,4.35,0,0.0,0
2014-11-10,2014-12-24,OPTSTK,SSLT,290.0,CE,0.0,0.0,0.0,11.8,2.85,0,0.0,0
2014-11-10,2014-12-24,OPTSTK,SSLT,300.0,CE,0.0,0.0,0.0,8.6,1.8,0,0.0,0
2014-11-10,2014-12-24,OPTSTK,SSLT,310.0,CE,0.0,0.0,0.0,6.15,1.15,0,0.0,0
2014-11-10,2014-12-24,OPTSTK,SSLT,320.0,CE,0.0,0.0,0.0,4.3,0.7,0,0.0,0
2014-11-10,2014-12-24,OPTSTK,SSLT,330.0,CE,0.0,0.0,0.0,2.95,0.4,0,0.0,0
2014-11-10,2014-12-24,OPTSTK,SSLT,340.0,CE,0.0,0.0,0.0,1.95,0.25,0,0.0,0
2014-11-10,2014-12-24,OPTSTK,SSLT,350.0,CE,0.0,0.0,0.0,1.3,0.15,0,0.0,0
2014-11-10,2014-12-24,OPTSTK,SSLT,360.0,CE,0.0,0.0,0.0,0.85,0.1,0,0.0,0
2014-11-10,2014-12-24,OPTSTK,SSLT,370.0,CE,0.0,0.0,0.0,0.55,0.05,0,0.0,0
2014-11-10,2014-12-24,OPTSTK,SSLT,170.0,PE,0.0,0.0,0.0,0.05,0.05,0,0.0,0
2014-11-10,2014-12-24,OPTSTK,SSLT,180.0,PE,0.0,0.0,0.0,0.05,0.2,0,0.0,0
2014-11-10,2014-12-24,OPTSTK,SSLT,190.0,PE,0.0,0.0,0.0,0.05,0.45,0,0.0,0
2014-11-10,2014-12-24,OPTSTK,SSLT,200.0,PE,0.0,0.0,0.0,0.15,1.05,0,0.0,0
2014-11-10,2014-12-24,OPTSTK,SSLT,210.0,PE,0.0,0.0,0.0,0.4,2.2,0,0.0,0
2014-11-10,2014-12-24,OPTSTK,SSLT,220.0,PE,0.0,0.0,0.0,0.85,4.05,0,0.0,0
2014-11-10,2014-12-24,OPTSTK,SSLT,230.0,PE,0.0,0.0,0.0,1.7,6.8,0,0.0,0
2014-11-10,2014-12-24,OPTSTK,SSLT,240.0,PE,0.0,0.0,0.0,3.05,10.65,0,0.0,0
2014-11-10,2014-12-24,OPTSTK,SSLT,250.0,PE,0.0,0.0,0.0,5.1,15.6,0,0.0,0
2014-11-10,2014-12-24,OPTSTK,SSLT,260.0,PE,0.0,0.0,0.0,8.0,21.6,0,0.0,0
2014-11-10,2014-12-24,OPTSTK,SSLT,270.0,PE,0.0,0.0,0.0,11.8,28.55,0,0.0,0
2014-11-10,2014-12-24,OPTSTK,SSLT,280.0,PE,0.0,0.0,0.0,16.6,36.3,0,0.0,0
2014-11-10,2014-12-24,OPTSTK,SSLT,290.0,PE,0.0,0.0,0.0,22.3,44.65,0,0.0,0
2014-11-10,2014-12-24,OPTSTK,SSLT,300.0,PE,0.0,0.0,0.0,28.85,53.55,0,0.0,0
2014-11-10,2014-12-24,OPTSTK,SSLT,310.0,PE,0.0,0.0,0.0,36.15,62.75,0,0.0,0
2014-11-10,2014-12-24,OPTSTK,SSLT,320.0,PE,0.0,0.0,0.0,44.1,72.2,0,0.0,0
2014-11-10,2014-12-24,OPTSTK,SSLT,330.0,PE,0.0,0.0,0.0,52.55,81.8,0,0.0,0
2014-11-10,2014-12-24,OPTSTK,SSLT,340.0,PE,0.0,0.0,0.0,61.35,91.55,0,0.0,0
2014-11-10,2014-12-24,OPTSTK,SSLT,350.0,PE,0.0,0.0,0.0,70.45,101.35,0,0.0,0
2014-11-10,2014-12-24,OPTSTK,SSLT,360.0,PE,0.0,0.0,0.0,79.8,111.2,0,0.0,0
2014-11-10,2014-12-24,OPTSTK,SSLT,370.0,PE,0.0,0.0,0.0,89.3,121.05,0,0.0,0
2014-11-10,2015-01-29,OPTSTK,SSLT,170.0,CE,0.0,0.0,0.0,86.95,78.8,0,0.0,0
2014-11-10,2015-01-29,OPTSTK,SSLT,180.0,CE,0.0,0.0,0.0,77.5,69.4,0,0.0,0
2014-11-10,2015-01-29,OPTSTK,SSLT,190.0,CE,0.0,0.0,0.0,68.25,60.4,0,0.0,0
2014-11-10,2015-01-29,OPTSTK,SSLT,200.0,CE,0.0,0.0,0.0,59.35,51.8,0,0.0,0
2014-11-10,2015-01-29,OPTSTK,SSLT,210.0,CE,0.0,0.0,0.0,50.9,43.8,0,0.0,0
2014-11-10,2015-01-29,OPTSTK,SSLT,220.0,CE,0.0,0.0,0.0,43.05,36.5,0,0.0,0
2014-11-10,2015-01-29,OPTSTK,SSLT,230.0,CE,0.0,0.0,0.0,35.95,29.95,0,0.0,0
2014-11-10,2015-01-29,OPTSTK,SSLT,240.0,CE,0.0,0.0,0.0,29.55,24.25,0,0.0,0
2014-11-10,2015-01-29,OPTSTK,SSLT,250.0,CE,0.0,0.0,0.0,23.95,19.3,0,0.0,0
2014-11-10,2015-01-29,OPTSTK,SSLT,260.0,CE,0.0,0.0,0.0,19.15,15.2,0,0.0,0
2014-11-10,2015-01-29,OPTSTK,SSLT,270.0,CE,0.0,0.0,0.0,15.15,11.8,0,0.0,0
2014-11-10,2015-01-29,OPTSTK,SSLT,280.0,CE,0.0,0.0,0.0,11.8,9.05,0,0.0,0
2014-11-10,2015-01-29,OPTSTK,SSLT,290.0,CE,0.0,0.0,0.0,9.1,6.85,0,0.0,0
2014-11-10,2015-01-29,OPTSTK,SSLT,300.0,CE,0.0,0.0,0.0,6.95,5.15,0,0.0,0
2014-11-10,2015-01-29,OPTSTK,SSLT,310.0,CE,0.0,0.0,0.0,5.25,3.8,0,0.0,0
2014-11-10,2015-01-29,OPTSTK,SSLT,320.0,CE,0.0,0.0,0.0,3.9,2.8,0,0.0,0
2014-11-10,2015-01-29,OPTSTK,SSLT,330.0,CE,0.0,0.0,0.0,2.9,2.05,0,0.0,0
2014-11-10,2015-01-29,OPTSTK,SSLT,340.0,CE,0.0,0.0,0.0,2.15,1.5,0,0.0,0
2014-11-10,2015-01-29,OPTSTK,SSLT,350.0,CE,0.0,0.0,0.0,1.55,1.05,0,0.0,0
2014-11-10,2015-01-29,OPTSTK,SSLT,360.0,CE,0.0,0.0,0.0,1.15,0.75,0,0.0,0
2014-11-10,2015-01-29,OPTSTK,SSLT,370.0,CE,0.0,0.0,0.0,0.8,0.55,0,0.0,0
2014-11-10,2015-01-29,OPTSTK,SSLT,170.0,PE,0.0,0.0,0.0,0.25,0.4,0,0.0,0
2014-11-10,2015-01-29,OPTSTK,SSLT,180.0,PE,0.0,0.0,0.0,0.55,0.85,0,0.0,0
2014-11-10,2015-01-29,OPTSTK,SSLT,190.0,PE,0.0,0.0,0.0,1.1,1.65,0,0.0,0
2014-11-10,2015-01-29,OPTSTK,SSLT,200.0,PE,0.0,0.0,0.0,1.95,2.85,0,0.0,0
2014-11-10,2015-01-29,OPTSTK,SSLT,210.0,PE,0.0,0.0,0.0,3.3,4.7,0,0.0,0
2014-11-10,2015-01-29,OPTSTK,SSLT,220.0,PE,0.0,0.0,0.0,5.3,7.2,0,0.0,0
2014-11-10,2015-01-29,OPTSTK,SSLT,230.0,PE,0.0,0.0,0.0,7.95,10.45,0,0.0,0
2014-11-10,2015-01-29,OPTSTK,SSLT,240.0,PE,0.0,0.0,0.0,11.3,14.55,0,0.0,0
2014-11-10,2015-01-29,OPTSTK,SSLT,250.0,PE,0.0,0.0,0.0,15.5,19.45,0,0.0,0
2014-11-10,2015-01-29,OPTSTK,SSLT,260.0,PE,0.0,0.0,0.0,20.5,25.1,0,0.0,0
2014-11-10,2015-01-29,OPTSTK,SSLT,270.0,PE,0.0,0.0,0.0,26.25,31.55,0,0.0,0
2014-11-10,2015-01-29,OPTSTK,SSLT,280.0,PE,0.0,0.0,0.0,32.7,38.6,0,0.0,0
2014-11-10,2015-01-29,OPTSTK,SSLT,290.0,PE,0.0,0.0,0.0,39.8,46.2,0,0.0,0
2014-11-10,2015-01-29,OPTSTK,SSLT,300.0,PE,0.0,0.0,0.0,47.45,54.3,0,0.0,0
2014-11-10,2015-01-29,OPTSTK,SSLT,310.0,PE,0.0,0.0,0.0,55.5,62.8,0,0.0,0
2014-11-10,2015-01-29,OPTSTK,SSLT,320.0,PE,0.0,0.0,0.0,63.95,71.6,0,0.0,0
2014-11-10,2015-01-29,OPTSTK,SSLT,330.0,PE,0.0,0.0,0.0,72.75,80.65,0,0.0,0
2014-11-10,2015-01-29,OPTSTK,SSLT,340.0,PE,0.0,0.0,0.0,81.75,89.9,0,0.0,0
2014-11-10,2015-01-29,OPTSTK,SSLT,350.0,PE,0.0,0.0,0.0,90.95,99.3,0,0.0,0
2014-11-10,2015-01-29,OPTSTK,SSLT,360.0,PE,0.0,0.0,0.0,100.3,108.8,0,0.0,0
2014-11-10,2015-01-29,OPTSTK,SSLT,370.0,PE,0.0,0.0,0.0,109.8,118.4,0,0.0,0
2014-11-10,2014-11-27,OPTSTK,SUNPHARMA,620.0,CE,0.0,0.0,0.0,215.0,293.7,0,0.0,2000
2014-11-10,2014-11-27,OPTSTK,SUNPHARMA,640.0,CE,0.0,0.0,0.0,216.85,273.8,0,0.0,0
2014-11-10,2014-11-27,OPTSTK,SUNPHARMA,660.0,CE,0.0,0.0,0.0,210.8,253.85,0,0.0,0
2014-11-10,2014-11-27,OPTSTK,SUNPHARMA,670.0,CE,0.0,0.0,0.0,201.45,243.9,0,0.0,0
2014-11-10,2014-11-27,OPTSTK,SUNPHARMA,680.0,CE,0.0,0.0,0.0,192.2,233.95,0,0.0,0
2014-11-10,2014-11-27,OPTSTK,SUNPHARMA,690.0,CE,0.0,0.0,0.0,183.05,224.0,0,0.0,0
2014-11-10,2014-11-27,OPTSTK,SUNPHARMA,700.0,CE,0.0,0.0,0.0,174.05,214.05,0,0.0,0
2014-11-10,2014-11-27,OPTSTK,SUNPHARMA,710.0,CE,0.0,0.0,0.0,165.15,204.1,0,0.0,0
2014-11-10,2014-11-27,OPTSTK,SUNPHARMA,720.0,CE,0.0,0.0,0.0,156.45,194.15,0,0.0,0
2014-11-10,2014-11-27,OPTSTK,SUNPHARMA,730.0,CE,0.0,0.0,0.0,147.9,184.2,0,0.0,0
2014-11-10,2014-11-27,OPTSTK,SUNPHARMA,740.0,CE,0.0,0.0,0.0,139.55,174.25,0,0.0,0
2014-11-10,2014-11-27,OPTSTK,SUNPHARMA,750.0,CE,0.0,0.0,0.0,131.4,164.35,0,0.0,0
2014-11-10,2014-11-27,OPTSTK,SUNPHARMA,760.0,CE,0.0,0.0,0.0,123.45,154.45,0,0.0,0
2014-11-10,2014-11-27,OPTSTK,SUNPHARMA,770.0,CE,0.0,0.0,0.0,115.8,144.6,0,0.0,0
2014-11-10,2014-11-27,OPTSTK,SUNPHARMA,780.0,CE,0.0,0.0,0.0,108.35,134.8,0,0.0,0
2014-11-10,2014-11-27,OPTSTK,SUNPHARMA,790.0,CE,0.0,0.0,0.0,64.8,125.1,0,0.0,500
2014-11-10,2014-11-27,OPTSTK,SUNPHARMA,800.0,CE,0.0,0.0,0.0,57.25,115.55,0,0.0,2500
2014-11-10,2014-11-27,OPTSTK,SUNPHARMA,810.0,CE,0.0,0.0,0.0,76.0,106.1,0,0.0,2500
2014-11-10,2014-11-27,OPTSTK,SUNPHARMA,820.0,CE,92.0,92.0,92.0,92.0,92.0,1,2.28,16000
2014-11-10,2014-11-27,OPTSTK,SUNPHARMA,830.0,CE,80.15,80.15,79.1,79.9,79.9,12,27.29,18000
2014-11-10,2014-11-27,OPTSTK,SUNPHARMA,840.0,CE,72.0,91.5,70.95,72.15,72.15,25,57.51,80000
2014-11-10,2014-11-27,OPTSTK,SUNPHARMA,850.0,CE,75.0,86.5,65.0,65.0,65.0,30,69.48,32750
2014-11-10,2014-11-27,OPTSTK,SUNPHARMA,860.0,CE,74.0,78.0,58.2,58.2,58.2,45,104.78,26500
2014-11-10,2014-11-27,OPTSTK,SUNPHARMA,870.0,CE,46.0,69.0,46.0,52.0,52.0,119,277.76,51750
2014-11-10,2014-11-27,OPTSTK,SUNPHARMA,880.0,CE,42.85,61.25,42.0,46.35,46.35,295,688.56,81000
2014-11-10,2014-11-27,OPTSTK,SUNPHARMA,890.0,CE,40.0,54.0,35.0,40.45,40.45,82,192.1,25000
2014-11-10,2014-11-27,OPTSTK,SUNPHARMA,900.0,CE,27.05,47.0,27.05,33.45,33.45,405,949.53,83500
2014-11-10,2014-11-27,OPTSTK,SUNPHARMA,910.0,CE,26.15,40.0,25.0,28.2,28.2,128,301.69,11750
2014-11-10,2014-11-27,OPTSTK,SUNPHARMA,920.0,CE,18.65,35.45,18.65,23.4,23.4,821,1946.05,51750
2014-11-10,2014-11-27,OPTSTK,SUNPHARMA,930.0,CE,18.0,30.0,17.05,19.0,19.0,720,1716.04,60250
2014-11-10,2014-11-27,OPTSTK,SUNPHARMA,940.0,CE,15.0,25.5,14.0,15.85,15.85,365,876.35,46250
2014-11-10,2014-11-27,OPTSTK,SUNPHARMA,950.0,CE,12.45,21.0,11.5,12.65,12.65,459,1108.89,51750
2014-11-10,2014-11-27,OPTSTK,SUNPHARMA,960.0,CE,12.0,17.25,9.75,10.6,10.6,133,323.96,17500
2014-11-10,2014-11-27,OPTSTK,SUNPHARMA,970.0,CE,12.3,14.45,7.4,7.8,7.8,79,193.85,11000
2014-11-10,2014-11-27,OPTSTK,SUNPHARMA,980.0,CE,10.0,11.75,5.45,5.65,5.65,97,239.93,10500
2014-11-10,2014-11-27,OPTSTK,SUNPHARMA,1000.0,CE,7.6,7.95,3.4,3.6,3.6,88,221.14,18250
2014-11-10,2014-11-27,OPTSTK,SUNPHARMA,1020.0,CE,2.0,2.0,2.0,2.0,2.0,2,5.11,500
2014-11-10,2014-11-27,OPTSTK,SUNPHARMA,1040.0,CE,0.0,0.0,0.0,9.15,1.55,0,0.0,0
2014-11-10,2014-11-27,OPTSTK,SUNPHARMA,1060.0,CE,0.0,0.0,0.0,7.2,0.85,0,0.0,0
2014-11-10,2014-11-27,OPTSTK,SUNPHARMA,620.0,PE,0.0,0.0,0.0,1.05,0.0,0,0.0,0
2014-11-10,2014-11-27,OPTSTK,SUNPHARMA,640.0,PE,0.0,0.0,0.0,1.1,0.0,0,0.0,0
2014-11-10,2014-11-27,OPTSTK,SUNPHARMA,660.0,PE,0.0,0.0,0.0,1.55,0.0,0,0.0,0
2014-11-10,2014-11-27,OPTSTK,SUNPHARMA,670.0,PE,0.0,0.0,0.0,1.95,0.0,0,0.0,0
2014-11-10,2014-11-27,OPTSTK,SUNPHARMA,680.0,PE,0.0,0.0,0.0,2.5,0.0,0,0.0,0
2014-11-10,2014-11-27,OPTSTK,SUNPHARMA,690.0,PE,0.0,0.0,0.0,3.15,0.0,0,0.0,0
2014-11-10,2014-11-27,OPTSTK,SUNPHARMA,700.0,PE,0.0,0.0,0.0,3.9,0.0,0,0.0,0
2014-11-10,2014-11-27,OPTSTK,SUNPHARMA,710.0,PE,0.0,0.0,0.0,4.8,0.05,0,0.0,0
2014-11-10,2014-11-27,OPTSTK,SUNPHARMA,720.0,PE,0.0,0.0,0.0,5.9,0.05,0,0.0,0
2014-11-10,2014-11-27,OPTSTK,SUNPHARMA,730.0,PE,0.0,0.0,0.0,7.1,0.05,0,0.0,0
2014-11-10,2014-11-27,OPTSTK,SUNPHARMA,740.0,PE,0.0,0.0,0.0,8.55,0.1,0,0.0,0
2014-11-10,2014-11-27,OPTSTK,SUNPHARMA,750.0,PE,0.0,0.0,0.0,10.2,0.1,0,0.0,0
2014-11-10,2014-11-27,OPTSTK,SUNPHARMA,760.0,PE,0.1,3.0,0.1,2.9,2.9,8,15.23,3500
2014-11-10,2014-11-27,OPTSTK,SUNPHARMA,770.0,PE,0.0,0.0,0.0,14.15,0.3,0,0.0,0
2014-11-10,2014-11-27,OPTSTK,SUNPHARMA,780.0,PE,0.0,0.0,0.0,1.75,0.5,0,0.0,6250
2014-11-10,2014-11-27,OPTSTK,SUNPHARMA,790.0,PE,0.0,0.0,0.0,2.15,0.75,0,0.0,13250
2014-11-10,2014-11-27,OPTSTK,SUNPHARMA,800.0,PE,2.0,2.0,1.0,1.6,1.6,22,44.08,111250
2014-11-10,2014-11-27,OPTSTK,SUNPHARMA,810.0,PE,2.0,2.5,2.0,2.05,2.05,22,44.67,14000
2014-11-10,2014-11-27,OPTSTK,SUNPHARMA,820.0,PE,2.3,4.0,2.25,2.85,2.85,59,121.35,47500
2014-11-10,2014-11-27,OPTSTK,SUNPHARMA,830.0,PE,5.0,5.0,3.0,3.5,3.5,33,68.76,56250
2014-11-10,2014-11-27,OPTSTK,SUNPHARMA,840.0,PE,2.65,5.1,2.15,4.8,4.8,48,101.29,60500
2014-11-10,2014-11-27,OPTSTK,SUNPHARMA,850.0,PE,10.5,10.5,4.3,6.45,6.45,148,316.5,35500
2014-11-10,2014-11-27,OPTSTK,SUNPHARMA,860.0,PE,10.5,10.5,5.6,8.8,8.8,111,240.62,47000
2014-11-10,2014-11-27,OPTSTK,SUNPHARMA,870.0,PE,8.55,12.05,7.15,11.0,11.0,128,281.17,14750
2014-11-10,2014-11-27,OPTSTK,SUNPHARMA,880.0,PE,12.5,15.4,9.05,14.05,14.05,293,653.11,35000
2014-11-10,2014-11-27,OPTSTK,SUNPHARMA,890.0,PE,19.0,19.0,11.95,18.0,18.0,104,235.21,15000
2014-11-10,2014-11-27,OPTSTK,SUNPHARMA,900.0,PE,21.45,23.0,15.0,22.35,22.35,316,725.76,42000
2014-11-10,2014-11-27,OPTSTK,SUNPHARMA,910.0,PE,21.6,27.65,20.15,27.2,27.2,32,74.74,3750
2014-11-10,2014-11-27,OPTSTK,SUNPHARMA,920.0,PE,24.0,32.45,22.0,29.95,29.95,123,291.03,5500
2014-11-10,2014-11-27,OPTSTK,SUNPHARMA,930.0,PE,28.0,36.75,28.0,34.45,34.45,44,105.98,4250
2014-11-10,2014-11-27,OPTSTK,SUNPHARMA,940.0,PE,33.0,40.1,33.0,40.1,40.1,3,7.32,250
2014-11-10,2014-11-27,OPTSTK,SUNPHARMA,950.0,PE,0.0,0.0,0.0,62.0,49.5,0,0.0,250
2014-11-10,2014-11-27,OPTSTK,SUNPHARMA,960.0,PE,0.0,0.0,0.0,107.05,56.7,0,0.0,0
2014-11-10,2014-11-27,OPTSTK,SUNPHARMA,970.0,PE,0.0,0.0,0.0,114.55,64.35,0,0.0,0
2014-11-10,2014-11-27,OPTSTK,SUNPHARMA,980.0,PE,0.0,0.0,0.0,122.2,72.35,0,0.0,0
2014-11-10,2014-11-27,OPTSTK,SUNPHARMA,1000.0,PE,0.0,0.0,0.0,138.1,89.4,0,0.0,0
2014-11-10,2014-11-27,OPTSTK,SUNPHARMA,1020.0,PE,0.0,0.0,0.0,154.7,107.45,0,0.0,0
2014-11-10,2014-11-27,OPTSTK,SUNPHARMA,1040.0,PE,0.0,0.0,0.0,171.8,126.2,0,0.0,0
2014-11-10,2014-11-27,OPTSTK,SUNPHARMA,1060.0,PE,0.0,0.0,0.0,189.4,145.4,0,0.0,0
2014-11-10,2014-12-24,OPTSTK,SUNPHARMA,620.0,CE,0.0,0.0,0.0,169.75,297.8,0,0.0,0
2014-11-10,2014-12-24,OPTSTK,SUNPHARMA,640.0,CE,0.0,0.0,0.0,151.5,278.0,0,0.0,0
2014-11-10,2014-12-24,OPTSTK,SUNPHARMA,660.0,CE,0.0,0.0,0.0,133.95,258.3,0,0.0,0
2014-11-10,2014-12-24,OPTSTK,SUNPHARMA,680.0,CE,0.0,0.0,0.0,117.15,238.65,0,0.0,0
2014-11-10,2014-12-24,OPTSTK,SUNPHARMA,700.0,CE,0.0,0.0,0.0,101.35,219.1,0,0.0,0
2014-11-10,2014-12-24,OPTSTK,SUNPHARMA,720.0,CE,0.0,0.0,0.0,86.75,199.7,0,0.0,0
2014-11-10,2014-12-24,OPTSTK,SUNPHARMA,740.0,CE,0.0,0.0,0.0,73.3,180.65,0,0.0,0
2014-11-10,2014-12-24,OPTSTK,SUNPHARMA,760.0,CE,0.0,0.0,0.0,61.25,161.95,0,0.0,0
2014-11-10,2014-12-24,OPTSTK,SUNPHARMA,780.0,CE,0.0,0.0,0.0,50.55,143.85,0,0.0,0
2014-11-10,2014-12-24,OPTSTK,SUNPHARMA,800.0,CE,0.0,0.0,0.0,41.25,126.45,0,0.0,0
2014-11-10,2014-12-24,OPTSTK,SUNPHARMA,820.0,CE,0.0,0.0,0.0,33.25,109.95,0,0.0,0
2014-11-10,2014-12-24,OPTSTK,SUNPHARMA,840.0,CE,0.0,0.0,0.0,26.5,94.55,0,0.0,0
2014-11-10,2014-12-24,OPTSTK,SUNPHARMA,860.0,CE,0.0,0.0,0.0,20.85,80.25,0,0.0,0
2014-11-10,2014-12-24,OPTSTK,SUNPHARMA,880.0,CE,0.0,0.0,0.0,23.2,67.35,0,0.0,1000
2014-11-10,2014-12-24,OPTSTK,SUNPHARMA,900.0,CE,0.0,0.0,0.0,35.25,55.8,0,0.0,1250
2014-11-10,2014-12-24,OPTSTK,SUNPHARMA,920.0,CE,0.0,0.0,0.0,9.6,45.6,0,0.0,0
2014-11-10,2014-12-24,OPTSTK,SUNPHARMA,940.0,CE,0.0,0.0,0.0,7.25,36.85,0,0.0,0
2014-11-10,2014-12-24,OPTSTK,SUNPHARMA,960.0,CE,26.65,26.65,26.1,26.1,26.1,6,14.79,1500
2014-11-10,2014-12-24,OPTSTK,SUNPHARMA,980.0,CE,0.0,0.0,0.0,4.0,23.1,0,0.0,0
2014-11-10,2014-12-24,OPTSTK,SUNPHARMA,1000.0,CE,22.1,22.1,22.1,22.1,22.1,1,2.55,250
2014-11-10,2014-12-24,OPTSTK,SUNPHARMA,1020.0,CE,0.0,0.0,0.0,2.15,13.8,0,0.0,0
2014-11-10,2014-12-24,OPTSTK,SUNPHARMA,1040.0,CE,0.0,0.0,0.0,1.55,10.5,0,0.0,0
2014-11-10,2014-12-24,OPTSTK,SUNPHARMA,1060.0,CE,0.0,0.0,0.0,1.1,7.85,0,0.0,0
2014-11-10,2014-12-24,OPTSTK,SUNPHARMA,620.0,PE,0.0,0.0,0.0,1.95,0.05,0,0.0,0
2014-11-10,2014-12-24,OPTSTK,SUNPHARMA,640.0,PE,0.0,0.0,0.0,3.3,0.05,0,0.0,0
2014-11-10,2014-12-24,OPTSTK,SUNPHARMA,660.0,PE,0.0,0.0,0.0,5.3,0.15,0,0.0,0
2014-11-10,2014-12-24,OPTSTK,SUNPHARMA,680.0,PE,0.0,0.0,0.0,8.1,0.25,0,0.0,0
2014-11-10,2014-12-24,OPTSTK,SUNPHARMA,700.0,PE,0.0,0.0,0.0,11.85,0.5,0,0.0,0
2014-11-10,2014-12-24,OPTSTK,SUNPHARMA,720.0,PE,0.0,0.0,0.0,16.8,0.9,0,0.0,0
2014-11-10,2014-12-24,OPTSTK,SUNPHARMA,740.0,PE,0.0,0.0,0.0,22.9,1.65,0,0.0,0
2014-11-10,2014-12-24,OPTSTK,SUNPHARMA,760.0,PE,0.0,0.0,0.0,30.4,2.75,0,0.0,0
2014-11-10,2014-12-24,OPTSTK,SUNPHARMA,780.0,PE,0.0,0.0,0.0,39.3,4.45,0,0.0,0
2014-11-10,2014-12-24,OPTSTK,SUNPHARMA,800.0,PE,0.0,0.0,0.0,49.55,6.85,0,0.0,0
2014-11-10,2014-12-24,OPTSTK,SUNPHARMA,820.0,PE,0.0,0.0,0.0,61.1,10.15,0,0.0,0
2014-11-10,2014-12-24,OPTSTK,SUNPHARMA,840.0,PE,8.85,8.85,8.85,8.85,8.85,2,4.24,1000
2014-11-10,2014-12-24,OPTSTK,SUNPHARMA,860.0,PE,13.7,14.5,13.5,13.85,13.85,8,17.47,3750
2014-11-10,2014-12-24,OPTSTK,SUNPHARMA,880.0,PE,23.9,23.9,17.25,20.7,20.7,6,13.49,3000
2014-11-10,2014-12-24,OPTSTK,SUNPHARMA,900.0,PE,0.0,0.0,0.0,118.7,35.1,0,0.0,0
2014-11-10,2014-12-24,OPTSTK,SUNPHARMA,920.0,PE,0.0,0.0,0.0,135.25,44.75,0,0.0,0
2014-11-10,2014-12-24,OPTSTK,SUNPHARMA,940.0,PE,0.0,0.0,0.0,152.5,55.75,0,0.0,0
2014-11-10,2014-12-24,OPTSTK,SUNPHARMA,960.0,PE,0.0,0.0,0.0,170.25,68.05,0,0.0,0
2014-11-10,2014-12-24,OPTSTK,SUNPHARMA,980.0,PE,0.0,0.0,0.0,188.4,81.6,0,0.0,0
2014-11-10,2014-12-24,OPTSTK,SUNPHARMA,1000.0,PE,0.0,0.0,0.0,206.9,96.3,0,0.0,0
2014-11-10,2014-12-24,OPTSTK,SUNPHARMA,1020.0,PE,0.0,0.0,0.0,225.65,111.9,0,0.0,0
2014-11-10,2014-12-24,OPTSTK,SUNPHARMA,1040.0,PE,0.0,0.0,0.0,244.65,128.35,0,0.0,0
2014-11-10,2014-12-24,OPTSTK,SUNPHARMA,1060.0,PE,0.0,0.0,0.0,263.75,145.55,0,0.0,0
2014-11-10,2015-01-29,OPTSTK,SUNPHARMA,620.0,CE,0.0,0.0,0.0,223.9,303.35,0,0.0,0
2014-11-10,2015-01-29,OPTSTK,SUNPHARMA,640.0,CE,0.0,0.0,0.0,205.4,284.0,0,0.0,0
2014-11-10,2015-01-29,OPTSTK,SUNPHARMA,660.0,CE,0.0,0.0,0.0,187.3,264.75,0,0.0,0
2014-11-10,2015-01-29,OPTSTK,SUNPHARMA,680.0,CE,0.0,0.0,0.0,169.8,245.75,0,0.0,0
2014-11-10,2015-01-29,OPTSTK,SUNPHARMA,700.0,CE,0.0,0.0,0.0,152.95,227.05,0,0.0,0
2014-11-10,2015-01-29,OPTSTK,SUNPHARMA,720.0,CE,0.0,0.0,0.0,136.9,208.7,0,0.0,0
2014-11-10,2015-01-29,OPTSTK,SUNPHARMA,740.0,CE,0.0,0.0,0.0,121.7,190.8,0,0.0,0
2014-11-10,2015-01-29,OPTSTK,SUNPHARMA,760.0,CE,0.0,0.0,0.0,107.45,173.5,0,0.0,0
2014-11-10,2015-01-29,OPTSTK,SUNPHARMA,780.0,CE,0.0,0.0,0.0,94.15,156.85,0,0.0,0
2014-11-10,2015-01-29,OPTSTK,SUNPHARMA,800.0,CE,0.0,0.0,0.0,82.0,140.9,0,0.0,0
2014-11-10,2015-01-29,OPTSTK,SUNPHARMA,820.0,CE,0.0,0.0,0.0,70.9,125.9,0,0.0,0
2014-11-10,2015-01-29,OPTSTK,SUNPHARMA,840.0,CE,0.0,0.0,0.0,60.9,111.7,0,0.0,0
2014-11-10,2015-01-29,OPTSTK,SUNPHARMA,860.0,CE,0.0,0.0,0.0,51.95,98.5,0,0.0,0
2014-11-10,2015-01-29,OPTSTK,SUNPHARMA,880.0,CE,0.0,0.0,0.0,44.0,86.3,0,0.0,0
2014-11-10,2015-01-29,OPTSTK,SUNPHARMA,900.0,CE,0.0,0.0,0.0,37.05,75.2,0,0.0,0
2014-11-10,2015-01-29,OPTSTK,SUNPHARMA,920.0,CE,0.0,0.0,0.0,31.0,65.05,0,0.0,0
2014-11-10,2015-01-29,OPTSTK,SUNPHARMA,940.0,CE,0.0,0.0,0.0,25.85,55.95,0,0.0,0
2014-11-10,2015-01-29,OPTSTK,SUNPHARMA,960.0,CE,0.0,0.0,0.0,21.4,47.85,0,0.0,0
2014-11-10,2015-01-29,OPTSTK,SUNPHARMA,980.0,CE,0.0,0.0,0.0,17.55,40.65,0,0.0,0
2014-11-10,2015-01-29,OPTSTK,SUNPHARMA,1000.0,CE,0.0,0.0,0.0,14.35,34.35,0,0.0,0
2014-11-10,2015-01-29,OPTSTK,SUNPHARMA,1020.0,CE,0.0,0.0,0.0,11.7,28.85,0,0.0,0
2014-11-10,2015-01-29,OPTSTK,SUNPHARMA,1040.0,CE,0.0,0.0,0.0,9.45,24.15,0,0.0,0
2014-11-10,2015-01-29,OPTSTK,SUNPHARMA,1060.0,CE,0.0,0.0,0.0,7.65,20.05,0,0.0,0
2014-11-10,2015-01-29,OPTSTK,SUNPHARMA,620.0,PE,0.0,0.0,0.0,1.85,0.35,0,0.0,0
2014-11-10,2015-01-29,OPTSTK,SUNPHARMA,640.0,PE,0.0,0.0,0.0,2.9,0.6,0,0.0,0
2014-11-10,2015-01-29,OPTSTK,SUNPHARMA,660.0,PE,0.0,0.0,0.0,4.45,1.0,0,0.0,0
2014-11-10,2015-01-29,OPTSTK,SUNPHARMA,680.0,PE,0.0,0.0,0.0,6.5,1.65,0,0.0,0
2014-11-10,2015-01-29,OPTSTK,SUNPHARMA,700.0,PE,0.0,0.0,0.0,9.2,2.55,0,0.0,0
2014-11-10,2015-01-29,OPTSTK,SUNPHARMA,720.0,PE,0.0,0.0,0.0,12.7,3.8,0,0.0,0
2014-11-10,2015-01-29,OPTSTK,SUNPHARMA,740.0,PE,0.0,0.0,0.0,17.05,5.55,0,0.0,0
2014-11-10,2015-01-29,OPTSTK,SUNPHARMA,760.0,PE,0.0,0.0,0.0,22.4,7.85,0,0.0,0
2014-11-10,2015-01-29,OPTSTK,SUNPHARMA,780.0,PE,0.0,0.0,0.0,28.7,10.8,0,0.0,0
2014-11-10,2015-01-29,OPTSTK,SUNPHARMA,800.0,PE,0.0,0.0,0.0,36.05,14.5,0,0.0,0
2014-11-10,2015-01-29,OPTSTK,SUNPHARMA,820.0,PE,0.0,0.0,0.0,44.55,19.1,0,0.0,0
2014-11-10,2015-01-29,OPTSTK,SUNPHARMA,840.0,PE,0.0,0.0,0.0,54.1,24.55,0,0.0,0
2014-11-10,2015-01-29,OPTSTK,SUNPHARMA,860.0,PE,0.0,0.0,0.0,64.75,30.95,0,0.0,0
2014-11-10,2015-01-29,OPTSTK,SUNPHARMA,880.0,PE,0.0,0.0,0.0,76.4,38.4,0,0.0,0
2014-11-10,2015-01-29,OPTSTK,SUNPHARMA,900.0,PE,0.0,0.0,0.0,89.0,46.85,0,0.0,0
2014-11-10,2015-01-29,OPTSTK,SUNPHARMA,920.0,PE,0.0,0.0,0.0,102.5,56.4,0,0.0,0
2014-11-10,2015-01-29,OPTSTK,SUNPHARMA,940.0,PE,0.0,0.0,0.0,116.9,66.9,0,0.0,0
2014-11-10,2015-01-29,OPTSTK,SUNPHARMA,960.0,PE,0.0,0.0,0.0,132.0,78.4,0,0.0,0
2014-11-10,2015-01-29,OPTSTK,SUNPHARMA,980.0,PE,0.0,0.0,0.0,147.75,90.85,0,0.0,0
2014-11-10,2015-01-29,OPTSTK,SUNPHARMA,1000.0,PE,0.0,0.0,0.0,164.15,104.15,0,0.0,0
2014-11-10,2015-01-29,OPTSTK,SUNPHARMA,1020.0,PE,0.0,0.0,0.0,181.05,118.3,0,0.0,0
2014-11-10,2015-01-29,OPTSTK,SUNPHARMA,1040.0,PE,0.0,0.0,0.0,198.4,133.2,0,0.0,0
2014-11-10,2015-01-29,OPTSTK,SUNPHARMA,1060.0,PE,0.0,0.0,0.0,216.1,148.75,0,0.0,0
2014-11-10,2014-11-27,OPTSTK,SUNTV,230.0,CE,0.0,0.0,0.0,127.55,95.0,0,0.0,0
2014-11-10,2014-11-27,OPTSTK,SUNTV,240.0,CE,0.0,0.0,0.0,118.05,85.0,0,0.0,0
2014-11-10,2014-11-27,OPTSTK,SUNTV,250.0,CE,0.0,0.0,0.0,108.7,75.05,0,0.0,0
2014-11-10,2014-11-27,OPTSTK,SUNTV,260.0,CE,0.0,0.0,0.0,99.6,65.1,0,0.0,0
2014-11-10,2014-11-27,OPTSTK,SUNTV,270.0,CE,0.0,0.0,0.0,90.75,55.2,0,0.0,0
2014-11-10,2014-11-27,OPTSTK,SUNTV,280.0,CE,0.0,0.0,0.0,82.2,45.4,0,0.0,0
2014-11-10,2014-11-27,OPTSTK,SUNTV,290.0,CE,0.0,0.0,0.0,36.0,35.9,0,0.0,2000
2014-11-10,2014-11-27,OPTSTK,SUNTV,300.0,CE,31.25,31.25,31.25,31.25,31.25,2,6.62,2000
2014-11-10,2014-11-27,OPTSTK,SUNTV,310.0,CE,0.0,0.0,0.0,17.15,19.15,0,0.0,2000
2014-11-10,2014-11-27,OPTSTK,SUNTV,320.0,CE,16.75,20.0,11.1,12.25,12.25,12,40.31,12000
2014-11-10,2014-11-27,OPTSTK,SUNTV,330.0,CE,13.15,14.3,8.5,8.8,8.8,44,150.35,33000
2014-11-10,2014-11-27,OPTSTK,SUNTV,340.0,CE,8.4,10.5,5.1,5.65,5.65,44,153.14,36000
2014-11-10,2014-11-27,OPTSTK,SUNTV,350.0,CE,5.05,6.45,3.65,3.65,3.65,16,56.83,20000
2014-11-10,2014-11-27,OPTSTK,SUNTV,360.0,CE,3.5,3.5,1.95,1.95,1.95,8,29.02,13000
2014-11-10,2014-11-27,OPTSTK,SUNTV,370.0,CE,2.05,2.5,1.6,1.6,1.6,11,40.92,11000
2014-11-10,2014-11-27,OPTSTK,SUNTV,380.0,CE,0.7,0.7,0.7,0.7,0.7,1,3.8,1000
2014-11-10,2014-11-27,OPTSTK,SUNTV,390.0,CE,0.0,0.0,0.0,18.9,0.1,0,0.0,0
2014-11-10,2014-11-27,OPTSTK,SUNTV,400.0,CE,0.0,0.0,0.0,16.0,0.05,0,0.0,0
2014-11-10,2014-11-27,OPTSTK,SUNTV,410.0,CE,0.0,0.0,0.0,13.55,0.05,0,0.0,0
2014-11-10,2014-11-27,OPTSTK,SUNTV,420.0,CE,0.0,0.0,0.0,11.35,0.0,0,0.0,0
2014-11-10,2014-11-27,OPTSTK,SUNTV,430.0,CE,0.0,0.0,0.0,9.5,0.0,0,0.0,0
2014-11-10,2014-11-27,OPTSTK,SUNTV,440.0,CE,0.0,0.0,0.0,7.95,0.0,0,0.0,0
2014-11-10,2014-11-27,OPTSTK,SUNTV,450.0,CE,0.0,0.0,0.0,6.6,0.0,0,0.0,0
2014-11-10,2014-11-27,OPTSTK,SUNTV,460.0,CE,0.0,0.0,0.0,5.45,0.0,0,0.0,0
2014-11-10,2014-11-27,OPTSTK,SUNTV,470.0,CE,0.0,0.0,0.0,4.5,0.0,0,0.0,0
2014-11-10,2014-11-27,OPTSTK,SUNTV,480.0,CE,0.0,0.0,0.0,3.7,0.0,0,0.0,0
2014-11-10,2014-11-27,OPTSTK,SUNTV,490.0,CE,0.0,0.0,0.0,3.05,0.0,0,0.0,0
2014-11-10,2014-11-27,OPTSTK,SUNTV,500.0,CE,0.0,0.0,0.0,2.5,0.0,0,0.0,0
2014-11-10,2014-11-27,OPTSTK,SUNTV,510.0,CE,0.0,0.0,0.0,2.05,0.0,0,0.0,0
2014-11-10,2014-11-27,OPTSTK,SUNTV,520.0,CE,0.0,0.0,0.0,1.65,0.0,0,0.0,0
2014-11-10,2014-11-27,OPTSTK,SUNTV,530.0,CE,0.0,0.0,0.0,1.35,0.0,0,0.0,0
2014-11-10,2014-11-27,OPTSTK,SUNTV,230.0,PE,0.0,0.0,0.0,0.45,0.0,0,0.0,0
2014-11-10,2014-11-27,OPTSTK,SUNTV,240.0,PE,0.0,0.0,0.0,0.75,0.0,0,0.0,0
2014-11-10,2014-11-27,OPTSTK,SUNTV,250.0,PE,0.0,0.0,0.0,1.2,0.0,0,0.0,0
2014-11-10,2014-11-27,OPTSTK,SUNTV,260.0,PE,0.0,0.0,0.0,1.85,0.05,0,0.0,0
2014-11-10,2014-11-27,OPTSTK,SUNTV,270.0,PE,0.0,0.0,0.0,4.55,0.05,0,0.0,2000
2014-11-10,2014-11-27,OPTSTK,SUNTV,280.0,PE,0.0,0.0,0.0,4.75,0.25,0,0.0,1000
2014-11-10,2014-11-27,OPTSTK,SUNTV,290.0,PE,0.0,0.0,0.0,3.05,0.7,0,0.0,6000
2014-11-10,2014-11-27,OPTSTK,SUNTV,300.0,PE,3.1,4.0,2.0,3.3,3.3,16,48.45,34000
2014-11-10,2014-11-27,OPTSTK,SUNTV,310.0,PE,4.95,6.9,4.95,6.9,6.9,4,12.62,9000
2014-11-10,2014-11-27,OPTSTK,SUNTV,320.0,PE,8.5,11.0,6.5,10.05,10.05,31,102.03,17000
2014-11-10,2014-11-27,OPTSTK,SUNTV,330.0,PE,13.05,13.1,13.05,13.1,13.1,4,13.72,5000
2014-11-10,2014-11-27,OPTSTK,SUNTV,340.0,PE,0.0,0.0,0.0,27.1,19.0,0,0.0,8000
2014-11-10,2014-11-27,OPTSTK,SUNTV,350.0,PE,0.0,0.0,0.0,35.25,26.9,0,0.0,6000
2014-11-10,2014-11-27,OPTSTK,SUNTV,360.0,PE,0.0,0.0,0.0,30.3,35.65,0,0.0,0
2014-11-10,2014-11-27,OPTSTK,SUNTV,370.0,PE,0.0,0.0,0.0,51.25,45.0,0,0.0,1000
2014-11-10,2014-11-27,OPTSTK,SUNTV,380.0,PE,50.0,50.0,50.0,50.0,50.0,1,4.3,1000
2014-11-10,2014-11-27,OPTSTK,SUNTV,390.0,PE,0.0,0.0,0.0,48.4,64.5,0,0.0,0
2014-11-10,2014-11-27,OPTSTK,SUNTV,400.0,PE,0.0,0.0,0.0,55.3,74.4,0,0.0,0
2014-11-10,2014-11-27,OPTSTK,SUNTV,410.0,PE,0.0,0.0,0.0,62.6,84.35,0,0.0,0
2014-11-10,2014-11-27,OPTSTK,SUNTV,420.0,PE,0.0,0.0,0.0,70.25,94.3,0,0.0,0
2014-11-10,2014-11-27,OPTSTK,SUNTV,430.0,PE,0.0,0.0,0.0,78.15,104.25,0,0.0,0
2014-11-10,2014-11-27,OPTSTK,SUNTV,440.0,PE,0.0,0.0,0.0,86.4,114.25,0,0.0,0
2014-11-10,2014-11-27,OPTSTK,SUNTV,450.0,PE,0.0,0.0,0.0,94.8,124.2,0,0.0,0
2014-11-10,2014-11-27,OPTSTK,SUNTV,460.0,PE,0.0,0.0,0.0,103.5,134.15,0,0.0,0
2014-11-10,2014-11-27,OPTSTK,SUNTV,470.0,PE,0.0,0.0,0.0,112.3,144.1,0,0.0,0
2014-11-10,2014-11-27,OPTSTK,SUNTV,480.0,PE,0.0,0.0,0.0,121.3,154.1,0,0.0,0
2014-11-10,2014-11-27,OPTSTK,SUNTV,490.0,PE,0.0,0.0,0.0,130.4,164.05,0,0.0,0
2014-11-10,2014-11-27,OPTSTK,SUNTV,500.0,PE,0.0,0.0,0.0,139.65,174.0,0,0.0,0
2014-11-10,2014-11-27,OPTSTK,SUNTV,510.0,PE,0.0,0.0,0.0,149.0,183.95,0,0.0,0
2014-11-10,2014-11-27,OPTSTK,SUNTV,520.0,PE,0.0,0.0,0.0,158.4,193.9,0,0.0,0
2014-11-10,2014-11-27,OPTSTK,SUNTV,530.0,PE,0.0,0.0,0.0,167.9,203.9,0,0.0,0
2014-11-10,2014-12-24,OPTSTK,SUNTV,230.0,CE,0.0,0.0,0.0,97.4,96.5,0,0.0,0
2014-11-10,2014-12-24,OPTSTK,SUNTV,240.0,CE,0.0,0.0,0.0,88.15,86.65,0,0.0,0
2014-11-10,2014-12-24,OPTSTK,SUNTV,250.0,CE,0.0,0.0,0.0,79.2,76.85,0,0.0,0
2014-11-10,2014-12-24,OPTSTK,SUNTV,260.0,CE,0.0,0.0,0.0,70.55,67.2,0,0.0,0
2014-11-10,2014-12-24,OPTSTK,SUNTV,270.0,CE,0.0,0.0,0.0,62.35,57.8,0,0.0,0
2014-11-10,2014-12-24,OPTSTK,SUNTV,280.0,CE,0.0,0.0,0.0,54.6,48.75,0,0.0,0
2014-11-10,2014-12-24,OPTSTK,SUNTV,290.0,CE,0.0,0.0,0.0,47.45,40.25,0,0.0,0
2014-11-10,2014-12-24,OPTSTK,SUNTV,300.0,CE,0.0,0.0,0.0,40.8,32.5,0,0.0,0
2014-11-10,2014-12-24,OPTSTK,SUNTV,310.0,CE,0.0,0.0,0.0,34.85,25.55,0,0.0,0
2014-11-10,2014-12-24,OPTSTK,SUNTV,320.0,CE,0.0,0.0,0.0,29.5,19.6,0,0.0,0
2014-11-10,2014-12-24,OPTSTK,SUNTV,330.0,CE,0.0,0.0,0.0,24.75,14.65,0,0.0,0
2014-11-10,2014-12-24,OPTSTK,SUNTV,340.0,CE,0.0,0.0,0.0,20.6,10.7,0,0.0,0
2014-11-10,2014-12-24,OPTSTK,SUNTV,350.0,CE,0.0,0.0,0.0,17.0,7.55,0,0.0,0
2014-11-10,2014-12-24,OPTSTK,SUNTV,360.0,CE,0.0,0.0,0.0,13.95,5.25,0,0.0,0
2014-11-10,2014-12-24,OPTSTK,SUNTV,370.0,CE,0.0,0.0,0.0,11.35,3.55,0,0.0,0
2014-11-10,2014-12-24,OPTSTK,SUNTV,380.0,CE,0.0,0.0,0.0,9.2,2.35,0,0.0,0
2014-11-10,2014-12-24,OPTSTK,SUNTV,390.0,CE,0.0,0.0,0.0,7.4,1.5,0,0.0,0
2014-11-10,2014-12-24,OPTSTK,SUNTV,400.0,CE,0.0,0.0,0.0,5.9,0.95,0,0.0,0
2014-11-10,2014-12-24,OPTSTK,SUNTV,410.0,CE,0.0,0.0,0.0,4.7,0.6,0,0.0,0
2014-11-10,2014-12-24,OPTSTK,SUNTV,420.0,CE,0.0,0.0,0.0,3.7,0.35,0,0.0,0
2014-11-10,2014-12-24,OPTSTK,SUNTV,430.0,CE,0.0,0.0,0.0,2.9,0.25,0,0.0,0
2014-11-10,2014-12-24,OPTSTK,SUNTV,440.0,CE,0.0,0.0,0.0,2.3,0.15,0,0.0,0
2014-11-10,2014-12-24,OPTSTK,SUNTV,450.0,CE,0.0,0.0,0.0,1.8,0.1,0,0.0,0
2014-11-10,2014-12-24,OPTSTK,SUNTV,460.0,CE,0.0,0.0,0.0,1.4,0.05,0,0.0,0
2014-11-10,2014-12-24,OPTSTK,SUNTV,470.0,CE,0.0,0.0,0.0,1.05,0.05,0,0.0,0
2014-11-10,2014-12-24,OPTSTK,SUNTV,480.0,CE,0.0,0.0,0.0,0.85,0.05,0,0.0,0
2014-11-10,2014-12-24,OPTSTK,SUNTV,230.0,PE,0.0,0.0,0.0,0.75,0.05,0,0.0,0
2014-11-10,2014-12-24,OPTSTK,SUNTV,240.0,PE,0.0,0.0,0.0,1.3,0.1,0,0.0,0
2014-11-10,2014-12-24,OPTSTK,SUNTV,250.0,PE,0.0,0.0,0.0,2.1,0.2,0,0.0,0
2014-11-10,2014-12-24,OPTSTK,SUNTV,260.0,PE,0.0,0.0,0.0,3.25,0.45,0,0.0,0
2014-11-10,2014-12-24,OPTSTK,SUNTV,270.0,PE,0.0,0.0,0.0,4.8,0.9,0,0.0,0
2014-11-10,2014-12-24,OPTSTK,SUNTV,280.0,PE,0.0,0.0,0.0,6.85,1.75,0,0.0,0
2014-11-10,2014-12-24,OPTSTK,SUNTV,290.0,PE,0.0,0.0,0.0,9.45,3.15,0,0.0,0
2014-11-10,2014-12-24,OPTSTK,SUNTV,300.0,PE,0.0,0.0,0.0,12.65,5.3,0,0.0,0
2014-11-10,2014-12-24,OPTSTK,SUNTV,310.0,PE,0.0,0.0,0.0,16.45,8.25,0,0.0,0
2014-11-10,2014-12-24,OPTSTK,SUNTV,320.0,PE,0.0,0.0,0.0,20.85,12.2,0,0.0,0
2014-11-10,2014-12-24,OPTSTK,SUNTV,330.0,PE,0.0,0.0,0.0,25.9,17.15,0,0.0,0
2014-11-10,2014-12-24,OPTSTK,SUNTV,340.0,PE,0.0,0.0,0.0,31.55,23.05,0,0.0,0
2014-11-10,2014-12-24,OPTSTK,SUNTV,350.0,PE,0.0,0.0,0.0,37.75,29.85,0,0.0,0
2014-11-10,2014-12-24,OPTSTK,SUNTV,360.0,PE,0.0,0.0,0.0,44.45,37.45,0,0.0,0
2014-11-10,2014-12-24,OPTSTK,SUNTV,370.0,PE,0.0,0.0,0.0,51.65,45.6,0,0.0,0
2014-11-10,2014-12-24,OPTSTK,SUNTV,380.0,PE,0.0,0.0,0.0,59.25,54.3,0,0.0,0
2014-11-10,2014-12-24,OPTSTK,SUNTV,390.0,PE,0.0,0.0,0.0,67.25,63.4,0,0.0,0
2014-11-10,2014-12-24,OPTSTK,SUNTV,400.0,PE,0.0,0.0,0.0,75.55,72.7,0,0.0,0
2014-11-10,2014-12-24,OPTSTK,SUNTV,410.0,PE,0.0,0.0,0.0,84.1,82.25,0,0.0,0
2014-11-10,2014-12-24,OPTSTK,SUNTV,420.0,PE,0.0,0.0,0.0,92.9,91.9,0,0.0,0
2014-11-10,2014-12-24,OPTSTK,SUNTV,430.0,PE,0.0,0.0,0.0,101.9,101.65,0,0.0,0
2014-11-10,2014-12-24,OPTSTK,SUNTV,440.0,PE,0.0,0.0,0.0,111.05,111.5,0,0.0,0
2014-11-10,2014-12-24,OPTSTK,SUNTV,450.0,PE,0.0,0.0,0.0,120.3,121.35,0,0.0,0
2014-11-10,2014-12-24,OPTSTK,SUNTV,460.0,PE,0.0,0.0,0.0,129.7,131.2,0,0.0,0
2014-11-10,2014-12-24,OPTSTK,SUNTV,470.0,PE,0.0,0.0,0.0,139.15,141.05,0,0.0,0
2014-11-10,2014-12-24,OPTSTK,SUNTV,480.0,PE,0.0,0.0,0.0,148.7,150.95,0,0.0,0
2014-11-10,2015-01-29,OPTSTK,SUNTV,230.0,CE,0.0,0.0,0.0,94.85,98.65,0,0.0,0
2014-11-10,2015-01-29,OPTSTK,SUNTV,240.0,CE,0.0,0.0,0.0,85.55,89.1,0,0.0,0
2014-11-10,2015-01-29,OPTSTK,SUNTV,250.0,CE,0.0,0.0,0.0,76.55,79.7,0,0.0,0
2014-11-10,2015-01-29,OPTSTK,SUNTV,260.0,CE,0.0,0.0,0.0,67.9,70.55,0,0.0,0
2014-11-10,2015-01-29,OPTSTK,SUNTV,270.0,CE,0.0,0.0,0.0,59.65,61.8,0,0.0,0
2014-11-10,2015-01-29,OPTSTK,SUNTV,280.0,CE,0.0,0.0,0.0,51.9,53.45,0,0.0,0
2014-11-10,2015-01-29,OPTSTK,SUNTV,290.0,CE,0.0,0.0,0.0,44.7,45.7,0,0.0,0
2014-11-10,2015-01-29,OPTSTK,SUNTV,300.0,CE,0.0,0.0,0.0,38.15,38.55,0,0.0,0
2014-11-10,2015-01-29,OPTSTK,SUNTV,310.0,CE,0.0,0.0,0.0,32.25,32.15,0,0.0,0
2014-11-10,2015-01-29,OPTSTK,SUNTV,320.0,CE,0.0,0.0,0.0,27.0,26.4,0,0.0,0
2014-11-10,2015-01-29,OPTSTK,SUNTV,330.0,CE,0.0,0.0,0.0,22.4,21.45,0,0.0,0
2014-11-10,2015-01-29,OPTSTK,SUNTV,340.0,CE,0.0,0.0,0.0,18.4,17.2,0,0.0,0
2014-11-10,2015-01-29,OPTSTK,SUNTV,350.0,CE,0.0,0.0,0.0,15.0,13.6,0,0.0,0
2014-11-10,2015-01-29,OPTSTK,SUNTV,360.0,CE,0.0,0.0,0.0,12.1,10.65,0,0.0,0
2014-11-10,2015-01-29,OPTSTK,SUNTV,370.0,CE,0.0,0.0,0.0,9.7,8.25,0,0.0,0
2014-11-10,2015-01-29,OPTSTK,SUNTV,380.0,CE,0.0,0.0,0.0,7.7,6.3,0,0.0,0
2014-11-10,2015-01-29,OPTSTK,SUNTV,390.0,CE,0.0,0.0,0.0,6.1,4.8,0,0.0,0
2014-11-10,2015-01-29,OPTSTK,SUNTV,400.0,CE,0.0,0.0,0.0,4.8,3.6,0,0.0,0
2014-11-10,2015-01-29,OPTSTK,SUNTV,410.0,CE,0.0,0.0,0.0,3.75,2.65,0,0.0,0
2014-11-10,2015-01-29,OPTSTK,SUNTV,420.0,CE,0.0,0.0,0.0,2.9,1.95,0,0.0,0
2014-11-10,2015-01-29,OPTSTK,SUNTV,430.0,CE,0.0,0.0,0.0,2.25,1.45,0,0.0,0
2014-11-10,2015-01-29,OPTSTK,SUNTV,440.0,CE,0.0,0.0,0.0,1.7,1.05,0,0.0,0
2014-11-10,2015-01-29,OPTSTK,SUNTV,450.0,CE,0.0,0.0,0.0,1.3,0.75,0,0.0,0
2014-11-10,2015-01-29,OPTSTK,SUNTV,460.0,CE,0.0,0.0,0.0,1.0,0.55,0,0.0,0
2014-11-10,2015-01-29,OPTSTK,SUNTV,470.0,CE,0.0,0.0,0.0,0.75,0.4,0,0.0,0
2014-11-10,2015-01-29,OPTSTK,SUNTV,480.0,CE,0.0,0.0,0.0,0.55,0.3,0,0.0,0
2014-11-10,2015-01-29,OPTSTK,SUNTV,230.0,PE,0.0,0.0,0.0,0.65,0.25,0,0.0,0
2014-11-10,2015-01-29,OPTSTK,SUNTV,240.0,PE,0.0,0.0,0.0,1.15,0.5,0,0.0,0
2014-11-10,2015-01-29,OPTSTK,SUNTV,250.0,PE,0.0,0.0,0.0,1.9,0.9,0,0.0,0
2014-11-10,2015-01-29,OPTSTK,SUNTV,260.0,PE,0.0,0.0,0.0,3.0,1.55,0,0.0,0
2014-11-10,2015-01-29,OPTSTK,SUNTV,270.0,PE,0.0,0.0,0.0,4.55,2.6,0,0.0,0
2014-11-10,2015-01-29,OPTSTK,SUNTV,280.0,PE,0.0,0.0,0.0,6.6,4.1,0,0.0,0
2014-11-10,2015-01-29,OPTSTK,SUNTV,290.0,PE,0.0,0.0,0.0,9.2,6.15,0,0.0,0
2014-11-10,2015-01-29,OPTSTK,SUNTV,300.0,PE,0.0,0.0,0.0,12.45,8.85,0,0.0,0
2014-11-10,2015-01-29,OPTSTK,SUNTV,310.0,PE,0.0,0.0,0.0,16.3,12.2,0,0.0,0
2014-11-10,2015-01-29,OPTSTK,SUNTV,320.0,PE,0.0,0.0,0.0,20.85,16.3,0,0.0,0
2014-11-10,2015-01-29,OPTSTK,SUNTV,330.0,PE,0.0,0.0,0.0,26.0,21.15,0,0.0,0
2014-11-10,2015-01-29,OPTSTK,SUNTV,340.0,PE,0.0,0.0,0.0,31.8,26.7,0,0.0,0
2014-11-10,2015-01-29,OPTSTK,SUNTV,350.0,PE,0.0,0.0,0.0,38.2,32.95,0,0.0,0
2014-11-10,2015-01-29,OPTSTK,SUNTV,360.0,PE,0.0,0.0,0.0,45.1,39.8,0,0.0,0
2014-11-10,2015-01-29,OPTSTK,SUNTV,370.0,PE,0.0,0.0,0.0,52.5,47.2,0,0.0,0
2014-11-10,2015-01-29,OPTSTK,SUNTV,380.0,PE,0.0,0.0,0.0,60.25,55.05,0,0.0,0
2014-11-10,2015-01-29,OPTSTK,SUNTV,390.0,PE,0.0,0.0,0.0,68.45,63.35,0,0.0,0
2014-11-10,2015-01-29,OPTSTK,SUNTV,400.0,PE,0.0,0.0,0.0,76.9,71.95,0,0.0,0
2014-11-10,2015-01-29,OPTSTK,SUNTV,410.0,PE,0.0,0.0,0.0,85.65,80.85,0,0.0,0
2014-11-10,2015-01-29,OPTSTK,SUNTV,420.0,PE,0.0,0.0,0.0,94.6,89.95,0,0.0,0
2014-11-10,2015-01-29,OPTSTK,SUNTV,430.0,PE,0.0,0.0,0.0,103.7,99.25,0,0.0,0
2014-11-10,2015-01-29,OPTSTK,SUNTV,440.0,PE,0.0,0.0,0.0,112.95,108.65,0,0.0,0
2014-11-10,2015-01-29,OPTSTK,SUNTV,450.0,PE,0.0,0.0,0.0,122.35,118.2,0,0.0,0
2014-11-10,2015-01-29,OPTSTK,SUNTV,460.0,PE,0.0,0.0,0.0,131.8,127.8,0,0.0,0
2014-11-10,2015-01-29,OPTSTK,SUNTV,470.0,PE,0.0,0.0,0.0,141.35,137.45,0,0.0,0
2014-11-10,2015-01-29,OPTSTK,SUNTV,480.0,PE,0.0,0.0,0.0,150.95,147.15,0,0.0,0
2014-11-10,2014-11-27,OPTSTK,SYNDIBANK,75.0,CE,0.0,0.0,0.0,46.35,50.8,0,0.0,0
2014-11-10,2014-11-27,OPTSTK,SYNDIBANK,80.0,CE,0.0,0.0,0.0,41.75,45.85,0,0.0,0
2014-11-10,2014-11-27,OPTSTK,SYNDIBANK,85.0,CE,0.0,0.0,0.0,37.35,40.85,0,0.0,0
2014-11-10,2014-11-27,OPTSTK,SYNDIBANK,90.0,CE,0.0,0.0,0.0,33.15,35.9,0,0.0,0
2014-11-10,2014-11-27,OPTSTK,SYNDIBANK,95.0,CE,0.0,0.0,0.0,29.2,30.9,0,0.0,0
2014-11-10,2014-11-27,OPTSTK,SYNDIBANK,100.0,CE,0.0,0.0,0.0,25.5,26.0,0,0.0,0
2014-11-10,2014-11-27,OPTSTK,SYNDIBANK,105.0,CE,0.0,0.0,0.0,24.15,21.15,0,0.0,2000
2014-11-10,2014-11-27,OPTSTK,SYNDIBANK,110.0,CE,0.0,0.0,0.0,9.9,16.55,0,0.0,4000
2014-11-10,2014-11-27,OPTSTK,SYNDIBANK,115.0,CE,0.0,0.0,0.0,12.95,12.35,0,0.0,32000
2014-11-10,2014-11-27,OPTSTK,SYNDIBANK,120.0,CE,8.1,8.35,7.0,7.0,7.0,35,89.36,306000
2014-11-10,2014-11-27,OPTSTK,SYNDIBANK,125.0,CE,5.4,5.5,4.55,4.9,4.9,60,156.0,280000
2014-11-10,2014-11-27,OPTSTK,SYNDIBANK,130.0,CE,3.0,3.4,2.6,2.85,2.85,130,345.59,496000
2014-11-10,2014-11-27,OPTSTK,SYNDIBANK,135.0,CE,2.05,2.05,1.45,1.55,1.55,27,73.75,164000
2014-11-10,2014-11-27,OPTSTK,SYNDIBANK,140.0,CE,1.1,1.1,0.85,0.9,0.9,24,67.65,232000
2014-11-10,2014-11-27,OPTSTK,SYNDIBANK,145.0,CE,0.55,0.6,0.5,0.6,0.6,11,32.02,94000
2014-11-10,2014-11-27,OPTSTK,SYNDIBANK,150.0,CE,0.0,0.0,0.0,0.4,0.35,0,0.0,74000
2014-11-10,2014-11-27,OPTSTK,SYNDIBANK,155.0,CE,0.0,0.0,0.0,0.8,0.15,0,0.0,4000
2014-11-10,2014-11-27,OPTSTK,SYNDIBANK,160.0,CE,0.0,0.0,0.0,0.2,0.1,0,0.0,20000
2014-11-10,2014-11-27,OPTSTK,SYNDIBANK,165.0,CE,0.0,0.0,0.0,2.55,0.05,0,0.0,0
2014-11-10,2014-11-27,OPTSTK,SYNDIBANK,170.0,CE,0.0,0.0,0.0,2.1,0.05,0,0.0,0
2014-11-10,2014-11-27,OPTSTK,SYNDIBANK,175.0,CE,0.0,0.0,0.0,1.7,0.0,0,0.0,0
2014-11-10,2014-11-27,OPTSTK,SYNDIBANK,180.0,CE,0.0,0.0,0.0,1.4,0.0,0,0.0,0
2014-11-10,2014-11-27,OPTSTK,SYNDIBANK,185.0,CE,0.0,0.0,0.0,1.1,0.0,0,0.0,0
2014-11-10,2014-11-27,OPTSTK,SYNDIBANK,190.0,CE,0.0,0.0,0.0,0.9,0.0,0,0.0,0
2014-11-10,2014-11-27,OPTSTK,SYNDIBANK,75.0,PE,0.0,0.0,0.0,0.4,0.0,0,0.0,0
2014-11-10,2014-11-27,OPTSTK,SYNDIBANK,80.0,PE,0.0,0.0,0.0,0.7,0.0,0,0.0,0
2014-11-10,2014-11-27,OPTSTK,SYNDIBANK,85.0,PE,0.0,0.0,0.0,1.2,0.0,0,0.0,0
2014-11-10,2014-11-27,OPTSTK,SYNDIBANK,90.0,PE,0.0,0.0,0.0,1.9,0.0,0,0.0,0
2014-11-10,2014-11-27,OPTSTK,SYNDIBANK,95.0,PE,0.0,0.0,0.0,2.8,0.05,0,0.0,0
2014-11-10,2014-11-27,OPTSTK,SYNDIBANK,100.0,PE,0.0,0.0,0.0,0.2,0.1,0,0.0,24000
2014-11-10,2014-11-27,OPTSTK,SYNDIBANK,105.0,PE,0.0,0.0,0.0,0.25,0.25,0,0.0,36000
2014-11-10,2014-11-27,OPTSTK,SYNDIBANK,110.0,PE,0.5,0.6,0.4,0.45,0.45,17,37.55,184000
2014-11-10,2014-11-27,OPTSTK,SYNDIBANK,115.0,PE,1.1,1.2,0.9,0.95,0.95,42,97.49,218000
2014-11-10,2014-11-27,OPTSTK,SYNDIBANK,120.0,PE,2.55,2.55,1.9,2.05,2.05,108,264.01,402000
2014-11-10,2014-11-27,OPTSTK,SYNDIBANK,125.0,PE,4.25,4.55,3.6,3.95,3.95,70,180.69,202000
2014-11-10,2014-11-27,OPTSTK,SYNDIBANK,130.0,PE,6.0,7.15,6.0,7.15,7.15,2,5.46,44000
2014-11-10,2014-11-27,OPTSTK,SYNDIBANK,135.0,PE,0.0,0.0,0.0,17.7,11.15,0,0.0,8000
2014-11-10,2014-11-27,OPTSTK,SYNDIBANK,140.0,PE,0.0,0.0,0.0,18.85,15.15,0,0.0,8000
2014-11-10,2014-11-27,OPTSTK,SYNDIBANK,145.0,PE,0.0,0.0,0.0,26.5,19.6,0,0.0,4000
2014-11-10,2014-11-27,OPTSTK,SYNDIBANK,150.0,PE,0.0,0.0,0.0,32.1,24.25,0,0.0,4000
2014-11-10,2014-11-27,OPTSTK,SYNDIBANK,155.0,PE,0.0,0.0,0.0,36.2,29.05,0,0.0,0
2014-11-10,2014-11-27,OPTSTK,SYNDIBANK,160.0,PE,0.0,0.0,0.0,42.0,33.95,0,0.0,4000
2014-11-10,2014-11-27,OPTSTK,SYNDIBANK,165.0,PE,0.0,0.0,0.0,44.7,38.9,0,0.0,0
2014-11-10,2014-11-27,OPTSTK,SYNDIBANK,170.0,PE,0.0,0.0,0.0,49.1,43.85,0,0.0,0
2014-11-10,2014-11-27,OPTSTK,SYNDIBANK,175.0,PE,0.0,0.0,0.0,53.65,48.85,0,0.0,0
2014-11-10,2014-11-27,OPTSTK,SYNDIBANK,180.0,PE,0.0,0.0,0.0,58.2,53.8,0,0.0,0
2014-11-10,2014-11-27,OPTSTK,SYNDIBANK,185.0,PE,0.0,0.0,0.0,62.85,58.8,0,0.0,0
2014-11-10,2014-11-27,OPTSTK,SYNDIBANK,190.0,PE,0.0,0.0,0.0,67.5,63.75,0,0.0,0
2014-11-10,2014-12-24,OPTSTK,SYNDIBANK,75.0,CE,0.0,0.0,0.0,35.45,51.3,0,0.0,0
2014-11-10,2014-12-24,OPTSTK,SYNDIBANK,80.0,CE,0.0,0.0,0.0,31.5,46.4,0,0.0,0
2014-11-10,2014-12-24,OPTSTK,SYNDIBANK,85.0,CE,0.0,0.0,0.0,27.8,41.45,0,0.0,0
2014-11-10,2014-12-24,OPTSTK,SYNDIBANK,90.0,CE,0.0,0.0,0.0,24.45,36.6,0,0.0,0
2014-11-10,2014-12-24,OPTSTK,SYNDIBANK,95.0,CE,0.0,0.0,0.0,21.35,31.85,0,0.0,0
2014-11-10,2014-12-24,OPTSTK,SYNDIBANK,100.0,CE,0.0,0.0,0.0,18.55,27.3,0,0.0,0
2014-11-10,2014-12-24,OPTSTK,SYNDIBANK,105.0,CE,0.0,0.0,0.0,16.05,22.95,0,0.0,0
2014-11-10,2014-12-24,OPTSTK,SYNDIBANK,110.0,CE,0.0,0.0,0.0,13.8,18.95,0,0.0,0
2014-11-10,2014-12-24,OPTSTK,SYNDIBANK,115.0,CE,0.0,0.0,0.0,11.85,15.35,0,0.0,0
2014-11-10,2014-12-24,OPTSTK,SYNDIBANK,120.0,CE,0.0,0.0,0.0,10.15,12.15,0,0.0,0
2014-11-10,2014-12-24,OPTSTK,SYNDIBANK,125.0,CE,8.1,8.1,8.1,8.1,8.1,1,2.66,2000
2014-11-10,2014-12-24,OPTSTK,SYNDIBANK,130.0,CE,0.0,0.0,0.0,7.35,7.2,0,0.0,0
2014-11-10,2014-12-24,OPTSTK,SYNDIBANK,135.0,CE,0.0,0.0,0.0,6.25,5.4,0,0.0,0
2014-11-10,2014-12-24,OPTSTK,SYNDIBANK,140.0,CE,0.0,0.0,0.0,5.3,3.95,0,0.0,0
2014-11-10,2014-12-24,OPTSTK,SYNDIBANK,145.0,CE,0.0,0.0,0.0,4.5,2.85,0,0.0,0
2014-11-10,2014-12-24,OPTSTK,SYNDIBANK,150.0,CE,0.0,0.0,0.0,3.8,2.05,0,0.0,0
2014-11-10,2014-12-24,OPTSTK,SYNDIBANK,155.0,CE,0.0,0.0,0.0,3.2,1.45,0,0.0,0
2014-11-10,2014-12-24,OPTSTK,SYNDIBANK,160.0,CE,0.0,0.0,0.0,2.7,1.0,0,0.0,0
2014-11-10,2014-12-24,OPTSTK,SYNDIBANK,165.0,CE,0.0,0.0,0.0,2.25,0.7,0,0.0,0
2014-11-10,2014-12-24,OPTSTK,SYNDIBANK,75.0,PE,0.0,0.0,0.0,1.9,0.0,0,0.0,0
2014-11-10,2014-12-24,OPTSTK,SYNDIBANK,80.0,PE,0.0,0.0,0.0,2.85,0.05,0,0.0,0
2014-11-10,2014-12-24,OPTSTK,SYNDIBANK,85.0,PE,0.0,0.0,0.0,4.05,0.1,0,0.0,0
2014-11-10,2014-12-24,OPTSTK,SYNDIBANK,90.0,PE,0.0,0.0,0.0,5.55,0.15,0,0.0,0
2014-11-10,2014-12-24,OPTSTK,SYNDIBANK,95.0,PE,0.0,0.0,0.0,7.35,0.35,0,0.0,0
2014-11-10,2014-12-24,OPTSTK,SYNDIBANK,100.0,PE,0.0,0.0,0.0,9.45,0.75,0,0.0,0
2014-11-10,2014-12-24,OPTSTK,SYNDIBANK,105.0,PE,0.0,0.0,0.0,11.85,1.35,0,0.0,0
2014-11-10,2014-12-24,OPTSTK,SYNDIBANK,110.0,PE,0.0,0.0,0.0,14.55,2.3,0,0.0,0
2014-11-10,2014-12-24,OPTSTK,SYNDIBANK,115.0,PE,0.0,0.0,0.0,17.45,3.65,0,0.0,0
2014-11-10,2014-12-24,OPTSTK,SYNDIBANK,120.0,PE,0.0,0.0,0.0,20.65,5.4,0,0.0,0
2014-11-10,2014-12-24,OPTSTK,SYNDIBANK,125.0,PE,0.0,0.0,0.0,24.05,7.65,0,0.0,0
2014-11-10,2014-12-24,OPTSTK,SYNDIBANK,130.0,PE,0.0,0.0,0.0,27.65,10.35,0,0.0,0
2014-11-10,2014-12-24,OPTSTK,SYNDIBANK,135.0,PE,0.0,0.0,0.0,31.4,13.5,0,0.0,0
2014-11-10,2014-12-24,OPTSTK,SYNDIBANK,140.0,PE,0.0,0.0,0.0,35.35,17.0,0,0.0,0
2014-11-10,2014-12-24,OPTSTK,SYNDIBANK,145.0,PE,0.0,0.0,0.0,39.4,20.85,0,0.0,0
2014-11-10,2014-12-24,OPTSTK,SYNDIBANK,150.0,PE,0.0,0.0,0.0,43.6,25.0,0,0.0,0
2014-11-10,2014-12-24,OPTSTK,SYNDIBANK,155.0,PE,0.0,0.0,0.0,47.9,29.3,0,0.0,0
2014-11-10,2014-12-24,OPTSTK,SYNDIBANK,160.0,PE,0.0,0.0,0.0,52.3,33.8,0,0.0,0
2014-11-10,2014-12-24,OPTSTK,SYNDIBANK,165.0,PE,0.0,0.0,0.0,56.75,38.45,0,0.0,0
2014-11-10,2015-01-29,OPTSTK,SYNDIBANK,75.0,CE,0.0,0.0,0.0,47.2,52.0,0,0.0,0
2014-11-10,2015-01-29,OPTSTK,SYNDIBANK,80.0,CE,0.0,0.0,0.0,42.5,47.2,0,0.0,0
2014-11-10,2015-01-29,OPTSTK,SYNDIBANK,85.0,CE,0.0,0.0,0.0,37.95,42.5,0,0.0,0
2014-11-10,2015-01-29,OPTSTK,SYNDIBANK,90.0,CE,0.0,0.0,0.0,33.55,37.9,0,0.0,0
2014-11-10,2015-01-29,OPTSTK,SYNDIBANK,95.0,CE,0.0,0.0,0.0,29.35,33.5,0,0.0,0
2014-11-10,2015-01-29,OPTSTK,SYNDIBANK,100.0,CE,0.0,0.0,0.0,25.45,29.3,0,0.0,0
2014-11-10,2015-01-29,OPTSTK,SYNDIBANK,105.0,CE,0.0,0.0,0.0,21.85,25.35,0,0.0,0
2014-11-10,2015-01-29,OPTSTK,SYNDIBANK,110.0,CE,0.0,0.0,0.0,18.6,21.75,0,0.0,0
2014-11-10,2015-01-29,OPTSTK,SYNDIBANK,115.0,CE,0.0,0.0,0.0,15.65,18.45,0,0.0,0
2014-11-10,2015-01-29,OPTSTK,SYNDIBANK,120.0,CE,0.0,0.0,0.0,13.1,15.5,0,0.0,0
2014-11-10,2015-01-29,OPTSTK,SYNDIBANK,125.0,CE,0.0,0.0,0.0,10.85,12.9,0,0.0,0
2014-11-10,2015-01-29,OPTSTK,SYNDIBANK,130.0,CE,0.0,0.0,0.0,8.9,10.65,0,0.0,0
2014-11-10,2015-01-29,OPTSTK,SYNDIBANK,135.0,CE,0.0,0.0,0.0,7.25,8.75,0,0.0,0
2014-11-10,2015-01-29,OPTSTK,SYNDIBANK,140.0,CE,0.0,0.0,0.0,5.9,7.1,0,0.0,0
2014-11-10,2015-01-29,OPTSTK,SYNDIBANK,145.0,CE,0.0,0.0,0.0,4.75,5.7,0,0.0,0
2014-11-10,2015-01-29,OPTSTK,SYNDIBANK,150.0,CE,0.0,0.0,0.0,3.8,4.6,0,0.0,0
2014-11-10,2015-01-29,OPTSTK,SYNDIBANK,155.0,CE,0.0,0.0,0.0,3.05,3.65,0,0.0,0
2014-11-10,2015-01-29,OPTSTK,SYNDIBANK,160.0,CE,0.0,0.0,0.0,2.4,2.9,0,0.0,0
2014-11-10,2015-01-29,OPTSTK,SYNDIBANK,165.0,CE,0.0,0.0,0.0,1.9,2.25,0,0.0,0
2014-11-10,2015-01-29,OPTSTK,SYNDIBANK,75.0,PE,0.0,0.0,0.0,0.2,0.1,0,0.0,0
2014-11-10,2015-01-29,OPTSTK,SYNDIBANK,80.0,PE,0.0,0.0,0.0,0.4,0.2,0,0.0,0
2014-11-10,2015-01-29,OPTSTK,SYNDIBANK,85.0,PE,0.0,0.0,0.0,0.7,0.4,0,0.0,0
2014-11-10,2015-01-29,OPTSTK,SYNDIBANK,90.0,PE,0.0,0.0,0.0,1.2,0.7,0,0.0,0
2014-11-10,2015-01-29,OPTSTK,SYNDIBANK,95.0,PE,0.0,0.0,0.0,1.9,1.2,0,0.0,0
2014-11-10,2015-01-29,OPTSTK,SYNDIBANK,100.0,PE,0.0,0.0,0.0,2.9,1.9,0,0.0,0
2014-11-10,2015-01-29,OPTSTK,SYNDIBANK,105.0,PE,0.0,0.0,0.0,4.2,2.9,0,0.0,0
2014-11-10,2015-01-29,OPTSTK,SYNDIBANK,110.0,PE,0.0,0.0,0.0,5.8,4.15,0,0.0,0
2014-11-10,2015-01-29,OPTSTK,SYNDIBANK,115.0,PE,0.0,0.0,0.0,7.8,5.8,0,0.0,0
2014-11-10,2015-01-29,OPTSTK,SYNDIBANK,120.0,PE,0.0,0.0,0.0,10.1,7.75,0,0.0,0
2014-11-10,2015-01-29,OPTSTK,SYNDIBANK,125.0,PE,0.0,0.0,0.0,12.75,10.05,0,0.0,0
2014-11-10,2015-01-29,OPTSTK,SYNDIBANK,130.0,PE,0.0,0.0,0.0,15.7,12.7,0,0.0,0
2014-11-10,2015-01-29,OPTSTK,SYNDIBANK,135.0,PE,0.0,0.0,0.0,18.95,15.65,0,0.0,0
2014-11-10,2015-01-29,OPTSTK,SYNDIBANK,140.0,PE,0.0,0.0,0.0,22.45,18.95,0,0.0,0
2014-11-10,2015-01-29,OPTSTK,SYNDIBANK,145.0,PE,0.0,0.0,0.0,26.25,22.45,0,0.0,0
2014-11-10,2015-01-29,OPTSTK,SYNDIBANK,150.0,PE,0.0,0.0,0.0,30.15,26.25,0,0.0,0
2014-11-10,2015-01-29,OPTSTK,SYNDIBANK,155.0,PE,0.0,0.0,0.0,34.3,30.2,0,0.0,0
2014-11-10,2015-01-29,OPTSTK,SYNDIBANK,160.0,PE,0.0,0.0,0.0,38.55,34.35,0,0.0,0
2014-11-10,2015-01-29,OPTSTK,SYNDIBANK,165.0,PE,0.0,0.0,0.0,42.95,38.65,0,0.0,0
2014-11-10,2014-11-27,OPTSTK,TATACHEM,240.0,CE,0.0,0.0,0.0,142.1,184.65,0,0.0,0
2014-11-10,2014-11-27,OPTSTK,TATACHEM,250.0,CE,0.0,0.0,0.0,132.3,174.7,0,0.0,0
2014-11-10,2014-11-27,OPTSTK,TATACHEM,260.0,CE,0.0,0.0,0.0,122.55,164.75,0,0.0,0
2014-11-10,2014-11-27,OPTSTK,TATACHEM,270.0,CE,0.0,0.0,0.0,112.85,154.8,0,0.0,0
2014-11-10,2014-11-27,OPTSTK,TATACHEM,280.0,CE,0.0,0.0,0.0,103.25,144.85,0,0.0,0
2014-11-10,2014-11-27,OPTSTK,TATACHEM,290.0,CE,0.0,0.0,0.0,93.75,134.85,0,0.0,0
2014-11-10,2014-11-27,OPTSTK,TATACHEM,300.0,CE,0.0,0.0,0.0,84.45,124.9,0,0.0,0
2014-11-10,2014-11-27,OPTSTK,TATACHEM,310.0,CE,0.0,0.0,0.0,75.4,114.95,0,0.0,0
2014-11-10,2014-11-27,OPTSTK,TATACHEM,320.0,CE,0.0,0.0,0.0,66.65,105.0,0,0.0,0
2014-11-10,2014-11-27,OPTSTK,TATACHEM,330.0,CE,0.0,0.0,0.0,58.35,95.0,0,0.0,0
2014-11-10,2014-11-27,OPTSTK,TATACHEM,340.0,CE,0.0,0.0,0.0,50.55,85.05,0,0.0,0
2014-11-10,2014-11-27,OPTSTK,TATACHEM,350.0,CE,0.0,0.0,0.0,43.3,75.1,0,0.0,0
2014-11-10,2014-11-27,OPTSTK,TATACHEM,360.0,CE,0.0,0.0,0.0,36.65,65.15,0,0.0,0
2014-11-10,2014-11-27,OPTSTK,TATACHEM,370.0,CE,0.0,0.0,0.0,30.7,55.3,0,0.0,0
2014-11-10,2014-11-27,OPTSTK,TATACHEM,380.0,CE,43.05,43.05,43.05,43.05,43.05,1,4.23,2000
2014-11-10,2014-11-27,OPTSTK,TATACHEM,390.0,CE,34.55,34.55,34.55,34.55,34.55,1,4.24,2000
2014-11-10,2014-11-27,OPTSTK,TATACHEM,400.0,CE,26.7,29.5,26.5,29.5,29.5,4,17.12,22000
2014-11-10,2014-11-27,OPTSTK,TATACHEM,410.0,CE,23.0,25.5,20.0,21.5,21.5,36,155.82,65000
2014-11-10,2014-11-27,OPTSTK,TATACHEM,420.0,CE,16.95,19.7,14.0,15.7,15.7,208,908.43,107000
2014-11-10,2014-11-27,OPTSTK,TATACHEM,430.0,CE,11.45,14.25,9.45,10.4,10.4,731,3228.17,246000
2014-11-10,2014-11-27,OPTSTK,TATACHEM,440.0,CE,9.8,10.2,6.1,6.8,6.8,459,2055.34,160000
2014-11-10,2014-11-27,OPTSTK,TATACHEM,450.0,CE,5.7,6.45,3.85,4.2,4.2,240,1092.29,103000
2014-11-10,2014-11-27,OPTSTK,TATACHEM,460.0,CE,3.05,4.65,2.2,2.4,2.4,28,129.65,20000
2014-11-10,2014-11-27,OPTSTK,TATACHEM,470.0,CE,2.0,2.0,1.45,1.45,1.45,6,28.31,6000
2014-11-10,2014-11-27,OPTSTK,TATACHEM,480.0,CE,1.5,1.5,1.5,1.5,1.5,1,4.81,1000
2014-11-10,2014-11-27,OPTSTK,TATACHEM,490.0,CE,0.0,0.0,0.0,1.6,0.15,0,0.0,0
2014-11-10,2014-11-27,OPTSTK,TATACHEM,500.0,CE,0.0,0.0,0.0,1.2,0.05,0,0.0,0
2014-11-10,2014-11-27,OPTSTK,TATACHEM,240.0,PE,0.5,0.5,0.5,0.5,0.5,1,2.4,1000
2014-11-10,2014-11-27,OPTSTK,TATACHEM,250.0,PE,0.0,0.0,0.0,0.05,0.0,0,0.0,0
2014-11-10,2014-11-27,OPTSTK,TATACHEM,260.0,PE,0.0,0.0,0.0,0.1,0.0,0,0.0,0
2014-11-10,2014-11-27,OPTSTK,TATACHEM,270.0,PE,0.0,0.0,0.0,0.2,0.0,0,0.0,0
2014-11-10,2014-11-27,OPTSTK,TATACHEM,280.0,PE,0.0,0.0,0.0,0.35,0.0,0,0.0,0
2014-11-10,2014-11-27,OPTSTK,TATACHEM,290.0,PE,0.0,0.0,0.0,0.65,0.0,0,0.0,0
2014-11-10,2014-11-27,OPTSTK,TATACHEM,300.0,PE,0.0,0.0,0.0,1.1,0.0,0,0.0,0
2014-11-10,2014-11-27,OPTSTK,TATACHEM,310.0,PE,0.0,0.0,0.0,1.85,0.0,0,0.0,0
2014-11-10,2014-11-27,OPTSTK,TATACHEM,320.0,PE,0.0,0.0,0.0,2.9,0.0,0,0.0,0
2014-11-10,2014-11-27,OPTSTK,TATACHEM,330.0,PE,0.0,0.0,0.0,4.4,0.0,0,0.0,0
2014-11-10,2014-11-27,OPTSTK,TATACHEM,340.0,PE,0.0,0.0,0.0,6.35,0.0,0,0.0,0
2014-11-10,2014-11-27,OPTSTK,TATACHEM,350.0,PE,0.0,0.0,0.0,8.9,0.05,0,0.0,0
2014-11-10,2014-11-27,OPTSTK,TATACHEM,360.0,PE,0.0,0.0,0.0,12.05,0.05,0,0.0,0
2014-11-10,2014-11-27,OPTSTK,TATACHEM,370.0,PE,0.0,0.0,0.0,15.9,0.1,0,0.0,0
2014-11-10,2014-11-27,OPTSTK,TATACHEM,380.0,PE,1.6,2.1,0.95,1.0,1.0,12,45.77,12000
2014-11-10,2014-11-27,OPTSTK,TATACHEM,390.0,PE,2.75,3.15,1.6,1.9,1.9,12,47.1,17000
2014-11-10,2014-11-27,OPTSTK,TATACHEM,400.0,PE,5.0,5.05,2.5,3.0,3.0,72,290.8,46000
2014-11-10,2014-11-27,OPTSTK,TATACHEM,410.0,PE,7.1,7.7,4.6,5.5,5.5,99,412.14,51000
2014-11-10,2014-11-27,OPTSTK,TATACHEM,420.0,PE,8.9,12.3,7.3,9.25,9.25,118,506.59,45000
2014-11-10,2014-11-27,OPTSTK,TATACHEM,430.0,PE,15.5,18.7,12.0,14.05,14.05,74,329.06,10000
2014-11-10,2014-11-27,OPTSTK,TATACHEM,440.0,PE,20.1,20.15,20.1,20.15,20.15,5,23.0,5000
2014-11-10,2014-11-27,OPTSTK,TATACHEM,450.0,PE,27.05,27.05,27.05,27.05,27.05,1,4.77,1000
2014-11-10,2014-11-27,OPTSTK,TATACHEM,460.0,PE,0.0,0.0,0.0,77.1,35.85,0,0.0,0
2014-11-10,2014-11-27,OPTSTK,TATACHEM,470.0,PE,0.0,0.0,0.0,85.95,45.1,0,0.0,0
2014-11-10,2014-11-27,OPTSTK,TATACHEM,480.0,PE,0.0,0.0,0.0,95.05,54.7,0,0.0,0
2014-11-10,2014-11-27,OPTSTK,TATACHEM,490.0,PE,0.0,0.0,0.0,104.25,64.5,0,0.0,0
2014-11-10,2014-11-27,OPTSTK,TATACHEM,500.0,PE,0.0,0.0,0.0,113.65,74.4,0,0.0,0
2014-11-10,2014-12-24,OPTSTK,TATACHEM,240.0,CE,0.0,0.0,0.0,138.95,186.25,0,0.0,0
2014-11-10,2014-12-24,OPTSTK,TATACHEM,250.0,CE,0.0,0.0,0.0,129.25,176.35,0,0.0,0
2014-11-10,2014-12-24,OPTSTK,TATACHEM,260.0,CE,0.0,0.0,0.0,119.6,166.45,0,0.0,0
2014-11-10,2014-12-24,OPTSTK,TATACHEM,270.0,CE,0.0,0.0,0.0,110.05,156.55,0,0.0,0
2014-11-10,2014-12-24,OPTSTK,TATACHEM,280.0,CE,0.0,0.0,0.0,100.65,146.65,0,0.0,0
2014-11-10,2014-12-24,OPTSTK,TATACHEM,290.0,CE,0.0,0.0,0.0,91.4,136.75,0,0.0,0
2014-11-10,2014-12-24,OPTSTK,TATACHEM,300.0,CE,0.0,0.0,0.0,82.45,126.85,0,0.0,0
2014-11-10,2014-12-24,OPTSTK,TATACHEM,310.0,CE,0.0,0.0,0.0,73.8,116.95,0,0.0,0
2014-11-10,2014-12-24,OPTSTK,TATACHEM,320.0,CE,0.0,0.0,0.0,65.55,107.1,0,0.0,0
2014-11-10,2014-12-24,OPTSTK,TATACHEM,330.0,CE,0.0,0.0,0.0,57.75,97.25,0,0.0,0
2014-11-10,2014-12-24,OPTSTK,TATACHEM,340.0,CE,0.0,0.0,0.0,50.45,87.4,0,0.0,0
2014-11-10,2014-12-24,OPTSTK,TATACHEM,350.0,CE,0.0,0.0,0.0,43.7,77.7,0,0.0,0
2014-11-10,2014-12-24,OPTSTK,TATACHEM,360.0,CE,0.0,0.0,0.0,37.55,68.15,0,0.0,0
2014-11-10,2014-12-24,OPTSTK,TATACHEM,370.0,CE,0.0,0.0,0.0,32.0,58.85,0,0.0,0
2014-11-10,2014-12-24,OPTSTK,TATACHEM,380.0,CE,0.0,0.0,0.0,27.05,49.95,0,0.0,0
2014-11-10,2014-12-24,OPTSTK,TATACHEM,390.0,CE,0.0,0.0,0.0,22.65,41.6,0,0.0,0
2014-11-10,2014-12-24,OPTSTK,TATACHEM,400.0,CE,0.0,0.0,0.0,18.85,33.95,0,0.0,0
2014-11-10,2014-12-24,OPTSTK,TATACHEM,410.0,CE,0.0,0.0,0.0,15.55,27.05,0,0.0,0
2014-11-10,2014-12-24,OPTSTK,TATACHEM,420.0,CE,0.0,0.0,0.0,12.75,21.1,0,0.0,0
2014-11-10,2014-12-24,OPTSTK,TATACHEM,430.0,CE,0.0,0.0,0.0,10.4,16.05,0,0.0,0
2014-11-10,2014-12-24,OPTSTK,TATACHEM,440.0,CE,0.0,0.0,0.0,8.4,11.9,0,0.0,0
2014-11-10,2014-12-24,OPTSTK,TATACHEM,450.0,CE,0.0,0.0,0.0,6.7,8.6,0,0.0,0
2014-11-10,2014-12-24,OPTSTK,TATACHEM,460.0,CE,0.0,0.0,0.0,5.35,6.1,0,0.0,0
2014-11-10,2014-12-24,OPTSTK,TATACHEM,470.0,CE,0.0,0.0,0.0,4.25,4.2,0,0.0,0
2014-11-10,2014-12-24,OPTSTK,TATACHEM,480.0,CE,0.0,0.0,0.0,3.35,2.85,0,0.0,0
2014-11-10,2014-12-24,OPTSTK,TATACHEM,490.0,CE,0.0,0.0,0.0,2.65,1.85,0,0.0,0
2014-11-10,2014-12-24,OPTSTK,TATACHEM,500.0,CE,0.0,0.0,0.0,2.05,1.2,0,0.0,0
2014-11-10,2014-12-24,OPTSTK,TATACHEM,240.0,PE,0.0,0.0,0.0,0.1,0.0,0,0.0,0
2014-11-10,2014-12-24,OPTSTK,TATACHEM,250.0,PE,0.0,0.0,0.0,0.15,0.0,0,0.0,0
2014-11-10,2014-12-24,OPTSTK,TATACHEM,260.0,PE,0.0,0.0,0.0,0.3,0.0,0,0.0,0
2014-11-10,2014-12-24,OPTSTK,TATACHEM,270.0,PE,0.0,0.0,0.0,0.5,0.0,0,0.0,0
2014-11-10,2014-12-24,OPTSTK,TATACHEM,280.0,PE,0.0,0.0,0.0,0.9,0.0,0,0.0,0
2014-11-10,2014-12-24,OPTSTK,TATACHEM,290.0,PE,0.0,0.0,0.0,1.45,0.0,0,0.0,0
2014-11-10,2014-12-24,OPTSTK,TATACHEM,300.0,PE,0.0,0.0,0.0,2.25,0.0,0,0.0,0
2014-11-10,2014-12-24,OPTSTK,TATACHEM,310.0,PE,0.0,0.0,0.0,3.4,0.05,0,0.0,0
2014-11-10,2014-12-24,OPTSTK,TATACHEM,320.0,PE,0.0,0.0,0.0,4.95,0.05,0,0.0,0
2014-11-10,2014-12-24,OPTSTK,TATACHEM,330.0,PE,0.0,0.0,0.0,6.9,0.05,0,0.0,0
2014-11-10,2014-12-24,OPTSTK,TATACHEM,340.0,PE,0.0,0.0,0.0,9.4,0.15,0,0.0,0
2014-11-10,2014-12-24,OPTSTK,TATACHEM,350.0,PE,0.0,0.0,0.0,12.45,0.35,0,0.0,0
2014-11-10,2014-12-24,OPTSTK,TATACHEM,360.0,PE,0.0,0.0,0.0,16.05,0.65,0,0.0,0
2014-11-10,2014-12-24,OPTSTK,TATACHEM,370.0,PE,0.0,0.0,0.0,20.3,1.3,0,0.0,0
2014-11-10,2014-12-24,OPTSTK,TATACHEM,380.0,PE,0.0,0.0,0.0,25.1,2.3,0,0.0,0
2014-11-10,2014-12-24,OPTSTK,TATACHEM,390.0,PE,0.0,0.0,0.0,30.5,3.8,0,0.0,0
2014-11-10,2014-12-24,OPTSTK,TATACHEM,400.0,PE,0.0,0.0,0.0,36.5,6.05,0,0.0,0
2014-11-10,2014-12-24,OPTSTK,TATACHEM,410.0,PE,0.0,0.0,0.0,42.95,9.05,0,0.0,0
2014-11-10,2014-12-24,OPTSTK,TATACHEM,420.0,PE,0.0,0.0,0.0,49.95,13.0,0,0.0,0
2014-11-10,2014-12-24,OPTSTK,TATACHEM,430.0,PE,0.0,0.0,0.0,57.35,17.85,0,0.0,0
2014-11-10,2014-12-24,OPTSTK,TATACHEM,440.0,PE,0.0,0.0,0.0,65.15,23.6,0,0.0,0
2014-11-10,2014-12-24,OPTSTK,TATACHEM,450.0,PE,0.0,0.0,0.0,73.25,30.2,0,0.0,0
2014-11-10,2014-12-24,OPTSTK,TATACHEM,460.0,PE,0.0,0.0,0.0,81.7,37.6,0,0.0,0
2014-11-10,2014-12-24,OPTSTK,TATACHEM,470.0,PE,0.0,0.0,0.0,90.35,45.6,0,0.0,0
2014-11-10,2014-12-24,OPTSTK,TATACHEM,480.0,PE,0.0,0.0,0.0,99.25,54.1,0,0.0,0
2014-11-10,2014-12-24,OPTSTK,TATACHEM,490.0,PE,0.0,0.0,0.0,108.3,63.05,0,0.0,0
2014-11-10,2014-12-24,OPTSTK,TATACHEM,500.0,PE,0.0,0.0,0.0,117.5,72.25,0,0.0,0
2014-11-10,2015-01-29,OPTSTK,TATACHEM,240.0,CE,0.0,0.0,0.0,166.7,188.25,0,0.0,0
2014-11-10,2015-01-29,OPTSTK,TATACHEM,250.0,CE,0.0,0.0,0.0,156.9,178.45,0,0.0,0
2014-11-10,2015-01-29,OPTSTK,TATACHEM,260.0,CE,0.0,0.0,0.0,147.15,168.65,0,0.0,0
2014-11-10,2015-01-29,OPTSTK,TATACHEM,270.0,CE,0.0,0.0,0.0,137.4,158.85,0,0.0,0
2014-11-10,2015-01-29,OPTSTK,TATACHEM,280.0,CE,0.0,0.0,0.0,127.65,149.05,0,0.0,0
2014-11-10,2015-01-29,OPTSTK,TATACHEM,290.0,CE,0.0,0.0,0.0,117.95,139.25,0,0.0,0
2014-11-10,2015-01-29,OPTSTK,TATACHEM,300.0,CE,0.0,0.0,0.0,108.35,129.45,0,0.0,0
2014-11-10,2015-01-29,OPTSTK,TATACHEM,310.0,CE,0.0,0.0,0.0,98.85,119.7,0,0.0,0
2014-11-10,2015-01-29,OPTSTK,TATACHEM,320.0,CE,0.0,0.0,0.0,89.5,110.0,0,0.0,0
2014-11-10,2015-01-29,OPTSTK,TATACHEM,330.0,CE,0.0,0.0,0.0,80.4,100.4,0,0.0,0
2014-11-10,2015-01-29,OPTSTK,TATACHEM,340.0,CE,0.0,0.0,0.0,71.6,90.95,0,0.0,0
2014-11-10,2015-01-29,OPTSTK,TATACHEM,350.0,CE,0.0,0.0,0.0,63.2,81.65,0,0.0,0
2014-11-10,2015-01-29,OPTSTK,TATACHEM,360.0,CE,0.0,0.0,0.0,55.2,72.65,0,0.0,0
2014-11-10,2015-01-29,OPTSTK,TATACHEM,370.0,CE,0.0,0.0,0.0,47.8,64.0,0,0.0,0
2014-11-10,2015-01-29,OPTSTK,TATACHEM,380.0,CE,0.0,0.0,0.0,40.9,55.8,0,0.0,0
2014-11-10,2015-01-29,OPTSTK,TATACHEM,390.0,CE,0.0,0.0,0.0,34.7,48.1,0,0.0,0
2014-11-10,2015-01-29,OPTSTK,TATACHEM,400.0,CE,0.0,0.0,0.0,29.1,41.0,0,0.0,0
2014-11-10,2015-01-29,OPTSTK,TATACHEM,410.0,CE,0.0,0.0,0.0,24.15,34.55,0,0.0,0
2014-11-10,2015-01-29,OPTSTK,TATACHEM,420.0,CE,0.0,0.0,0.0,19.85,28.75,0,0.0,0
2014-11-10,2015-01-29,OPTSTK,TATACHEM,430.0,CE,0.0,0.0,0.0,16.15,23.65,0,0.0,0
2014-11-10,2015-01-29,OPTSTK,TATACHEM,440.0,CE,0.0,0.0,0.0,13.0,19.2,0,0.0,0
2014-11-10,2015-01-29,OPTSTK,TATACHEM,450.0,CE,0.0,0.0,0.0,10.35,15.4,0,0.0,0
2014-11-10,2015-01-29,OPTSTK,TATACHEM,460.0,CE,0.0,0.0,0.0,8.2,12.25,0,0.0,0
2014-11-10,2015-01-29,OPTSTK,TATACHEM,470.0,CE,0.0,0.0,0.0,6.4,9.6,0,0.0,0
2014-11-10,2015-01-29,OPTSTK,TATACHEM,480.0,CE,0.0,0.0,0.0,5.0,7.45,0,0.0,0
2014-11-10,2015-01-29,OPTSTK,TATACHEM,490.0,CE,0.0,0.0,0.0,3.85,5.7,0,0.0,0
2014-11-10,2015-01-29,OPTSTK,TATACHEM,500.0,CE,0.0,0.0,0.0,2.9,4.35,0,0.0,0
2014-11-10,2015-01-29,OPTSTK,TATACHEM,240.0,PE,0.0,0.0,0.0,0.05,0.0,0,0.0,0
2014-11-10,2015-01-29,OPTSTK,TATACHEM,250.0,PE,0.0,0.0,0.0,0.05,0.0,0,0.0,0
2014-11-10,2015-01-29,OPTSTK,TATACHEM,260.0,PE,0.0,0.0,0.0,0.05,0.0,0,0.0,0
2014-11-10,2015-01-29,OPTSTK,TATACHEM,270.0,PE,0.0,0.0,0.0,0.05,0.0,0,0.0,0
2014-11-10,2015-01-29,OPTSTK,TATACHEM,280.0,PE,0.0,0.0,0.0,0.1,0.05,0,0.0,0
2014-11-10,2015-01-29,OPTSTK,TATACHEM,290.0,PE,0.0,0.0,0.0,0.2,0.05,0,0.0,0
2014-11-10,2015-01-29,OPTSTK,TATACHEM,300.0,PE,0.0,0.0,0.0,0.35,0.05,0,0.0,0
2014-11-10,2015-01-29,OPTSTK,TATACHEM,310.0,PE,0.0,0.0,0.0,0.65,0.15,0,0.0,0
2014-11-10,2015-01-29,OPTSTK,TATACHEM,320.0,PE,0.0,0.0,0.0,1.1,0.25,0,0.0,0
2014-11-10,2015-01-29,OPTSTK,TATACHEM,330.0,PE,0.0,0.0,0.0,1.75,0.45,0,0.0,0
2014-11-10,2015-01-29,OPTSTK,TATACHEM,340.0,PE,0.0,0.0,0.0,2.75,0.8,0,0.0,0
2014-11-10,2015-01-29,OPTSTK,TATACHEM,350.0,PE,0.0,0.0,0.0,4.15,1.35,0,0.0,0
2014-11-10,2015-01-29,OPTSTK,TATACHEM,360.0,PE,0.0,0.0,0.0,5.95,2.15,0,0.0,0
2014-11-10,2015-01-29,OPTSTK,TATACHEM,370.0,PE,0.0,0.0,0.0,8.3,3.3,0,0.0,0
2014-11-10,2015-01-29,OPTSTK,TATACHEM,380.0,PE,0.0,0.0,0.0,11.2,4.9,0,0.0,0
2014-11-10,2015-01-29,OPTSTK,TATACHEM,390.0,PE,0.0,0.0,0.0,14.75,7.05,0,0.0,0
2014-11-10,2015-01-29,OPTSTK,TATACHEM,400.0,PE,0.0,0.0,0.0,18.95,9.75,0,0.0,0
2014-11-10,2015-01-29,OPTSTK,TATACHEM,410.0,PE,0.0,0.0,0.0,23.8,13.05,0,0.0,0
2014-11-10,2015-01-29,OPTSTK,TATACHEM,420.0,PE,0.0,0.0,0.0,29.25,17.1,0,0.0,0
2014-11-10,2015-01-29,OPTSTK,TATACHEM,430.0,PE,0.0,0.0,0.0,35.35,21.8,0,0.0,0
2014-11-10,2015-01-29,OPTSTK,TATACHEM,440.0,PE,0.0,0.0,0.0,42.0,27.15,0,0.0,0
2014-11-10,2015-01-29,OPTSTK,TATACHEM,450.0,PE,0.0,0.0,0.0,49.15,33.2,0,0.0,0
2014-11-10,2015-01-29,OPTSTK,TATACHEM,460.0,PE,0.0,0.0,0.0,56.75,39.8,0,0.0,0
2014-11-10,2015-01-29,OPTSTK,TATACHEM,470.0,PE,0.0,0.0,0.0,64.75,47.0,0,0.0,0
2014-11-10,2015-01-29,OPTSTK,TATACHEM,480.0,PE,0.0,0.0,0.0,73.1,54.65,0,0.0,0
2014-11-10,2015-01-29,OPTSTK,TATACHEM,490.0,PE,0.0,0.0,0.0,81.75,62.75,0,0.0,0
2014-11-10,2015-01-29,OPTSTK,TATACHEM,500.0,PE,0.0,0.0,0.0,90.65,71.15,0,0.0,0
2014-11-10,2014-11-27,OPTSTK,TATACOMM,240.0,CE,0.0,0.0,0.0,141.15,192.8,0,0.0,0
2014-11-10,2014-11-27,OPTSTK,TATACOMM,250.0,CE,0.0,0.0,0.0,131.55,182.85,0,0.0,0
2014-11-10,2014-11-27,OPTSTK,TATACOMM,260.0,CE,0.0,0.0,0.0,122.05,172.9,0,0.0,0
2014-11-10,2014-11-27,OPTSTK,TATACOMM,270.0,CE,0.0,0.0,0.0,112.7,162.95,0,0.0,0
2014-11-10,2014-11-27,OPTSTK,TATACOMM,280.0,CE,0.0,0.0,0.0,103.55,153.0,0,0.0,0
2014-11-10,2014-11-27,OPTSTK,TATACOMM,290.0,CE,0.0,0.0,0.0,94.65,143.0,0,0.0,0
2014-11-10,2014-11-27,OPTSTK,TATACOMM,300.0,CE,0.0,0.0,0.0,86.0,133.05,0,0.0,0
2014-11-10,2014-11-27,OPTSTK,TATACOMM,310.0,CE,0.0,0.0,0.0,77.75,123.1,0,0.0,0
2014-11-10,2014-11-27,OPTSTK,TATACOMM,320.0,CE,0.0,0.0,0.0,69.85,113.15,0,0.0,0
2014-11-10,2014-11-27,OPTSTK,TATACOMM,330.0,CE,0.0,0.0,0.0,62.45,103.2,0,0.0,0
2014-11-10,2014-11-27,OPTSTK,TATACOMM,340.0,CE,0.0,0.0,0.0,55.45,93.25,0,0.0,0
2014-11-10,2014-11-27,OPTSTK,TATACOMM,350.0,CE,0.0,0.0,0.0,48.95,83.3,0,0.0,0
2014-11-10,2014-11-27,OPTSTK,TATACOMM,360.0,CE,0.0,0.0,0.0,27.85,73.5,0,0.0,2000
2014-11-10,2014-11-27,OPTSTK,TATACOMM,370.0,CE,0.0,0.0,0.0,12.0,63.8,0,0.0,1000
2014-11-10,2014-11-27,OPTSTK,TATACOMM,380.0,CE,0.0,0.0,0.0,50.0,54.35,0,0.0,9000
2014-11-10,2014-11-27,OPTSTK,TATACOMM,390.0,CE,0.0,0.0,0.0,35.5,45.3,0,0.0,18000
2014-11-10,2014-11-27,OPTSTK,TATACOMM,400.0,CE,33.4,38.1,33.4,34.55,34.55,3,13.06,48000
2014-11-10,2014-11-27,OPTSTK,TATACOMM,410.0,CE,30.95,30.95,30.95,30.95,30.95,5,22.04,21000
2014-11-10,2014-11-27,OPTSTK,TATACOMM,420.0,CE,21.5,24.6,19.25,21.6,21.6,24,106.13,58000
2014-11-10,2014-11-27,OPTSTK,TATACOMM,430.0,CE,16.5,18.4,12.9,15.8,15.8,40,178.41,60000
2014-11-10,2014-11-27,OPTSTK,TATACOMM,440.0,CE,11.5,13.15,9.75,10.85,10.85,76,343.35,43000
2014-11-10,2014-11-27,OPTSTK,TATACOMM,450.0,CE,8.5,9.5,6.7,7.45,7.45,21,96.18,63000
2014-11-10,2014-11-27,OPTSTK,TATACOMM,460.0,CE,6.25,6.25,3.95,4.75,4.75,7,32.59,24000
2014-11-10,2014-11-27,OPTSTK,TATACOMM,470.0,CE,4.3,4.3,3.25,3.25,3.25,2,9.47,5000
2014-11-10,2014-11-27,OPTSTK,TATACOMM,480.0,CE,1.6,2.0,1.6,2.0,2.0,8,38.55,11000
2014-11-10,2014-11-27,OPTSTK,TATACOMM,490.0,CE,0.0,0.0,0.0,5.05,1.45,0,0.0,0
2014-11-10,2014-11-27,OPTSTK,TATACOMM,500.0,CE,0.0,0.0,0.0,4.15,0.85,0,0.0,0
2014-11-10,2014-11-27,OPTSTK,TATACOMM,510.0,CE,0.0,0.0,0.0,3.4,0.5,0,0.0,0
2014-11-10,2014-11-27,OPTSTK,TATACOMM,240.0,PE,0.0,0.0,0.0,0.25,0.0,0,0.0,0
2014-11-10,2014-11-27,OPTSTK,TATACOMM,250.0,PE,0.0,0.0,0.0,0.45,0.0,0,0.0,0
2014-11-10,2014-11-27,OPTSTK,TATACOMM,260.0,PE,0.0,0.0,0.0,0.75,0.0,0,0.0,0
2014-11-10,2014-11-27,OPTSTK,TATACOMM,270.0,PE,0.0,0.0,0.0,1.15,0.0,0,0.0,0
2014-11-10,2014-11-27,OPTSTK,TATACOMM,280.0,PE,0.0,0.0,0.0,1.8,0.0,0,0.0,0
2014-11-10,2014-11-27,OPTSTK,TATACOMM,290.0,PE,0.0,0.0,0.0,2.65,0.0,0,0.0,0
2014-11-10,2014-11-27,OPTSTK,TATACOMM,300.0,PE,0.0,0.0,0.0,3.85,0.0,0,0.0,0
2014-11-10,2014-11-27,OPTSTK,TATACOMM,310.0,PE,0.0,0.0,0.0,5.35,0.0,0,0.0,0
2014-11-10,2014-11-27,OPTSTK,TATACOMM,320.0,PE,0.0,0.0,0.0,7.25,0.0,0,0.0,0
2014-11-10,2014-11-27,OPTSTK,TATACOMM,330.0,PE,0.0,0.0,0.0,9.6,0.05,0,0.0,0
2014-11-10,2014-11-27,OPTSTK,TATACOMM,340.0,PE,0.0,0.0,0.0,12.4,0.05,0,0.0,0
2014-11-10,2014-11-27,OPTSTK,TATACOMM,350.0,PE,0.0,0.0,0.0,1.5,0.1,0,0.0,1000
2014-11-10,2014-11-27,OPTSTK,TATACOMM,360.0,PE,0.0,0.0,0.0,0.5,0.2,0,0.0,0
2014-11-10,2014-11-27,OPTSTK,TATACOMM,370.0,PE,0.0,0.0,0.0,1.0,0.5,0,0.0,19000
2014-11-10,2014-11-27,OPTSTK,TATACOMM,380.0,PE,0.0,0.0,0.0,1.9,1.0,0,0.0,16000
2014-11-10,2014-11-27,OPTSTK,TATACOMM,390.0,PE,2.05,2.15,1.7,1.7,1.7,8,31.35,24000
2014-11-10,2014-11-27,OPTSTK,TATACOMM,400.0,PE,3.15,4.4,3.15,3.25,3.25,20,80.68,44000
2014-11-10,2014-11-27,OPTSTK,TATACOMM,410.0,PE,6.0,7.7,4.85,5.75,5.75,18,74.76,28000
2014-11-10,2014-11-27,OPTSTK,TATACOMM,420.0,PE,8.5,10.6,7.9,9.4,9.4,30,128.64,34000
2014-11-10,2014-11-27,OPTSTK,TATACOMM,430.0,PE,14.35,15.65,12.25,12.45,12.45,10,44.36,10000
2014-11-10,2014-11-27,OPTSTK,TATACOMM,440.0,PE,18.2,18.2,16.95,16.95,16.95,8,36.57,8000
2014-11-10,2014-11-27,OPTSTK,TATACOMM,450.0,PE,0.0,0.0,0.0,75.2,24.8,0,0.0,0
2014-11-10,2014-11-27,OPTSTK,TATACOMM,460.0,PE,0.0,0.0,0.0,83.25,32.05,0,0.0,0
2014-11-10,2014-11-27,OPTSTK,TATACOMM,470.0,PE,0.0,0.0,0.0,91.55,40.0,0,0.0,0
2014-11-10,2014-11-27,OPTSTK,TATACOMM,480.0,PE,0.0,0.0,0.0,100.1,48.6,0,0.0,0
2014-11-10,2014-11-27,OPTSTK,TATACOMM,490.0,PE,0.0,0.0,0.0,108.85,57.65,0,0.0,0
2014-11-10,2014-11-27,OPTSTK,TATACOMM,500.0,PE,0.0,0.0,0.0,117.75,67.05,0,0.0,0
2014-11-10,2014-11-27,OPTSTK,TATACOMM,510.0,PE,0.0,0.0,0.0,126.8,76.65,0,0.0,0
2014-11-10,2014-12-24,OPTSTK,TATACOMM,240.0,CE,0.0,0.0,0.0,115.3,194.4,0,0.0,0
2014-11-10,2014-12-24,OPTSTK,TATACOMM,250.0,CE,0.0,0.0,0.0,105.75,184.5,0,0.0,0
2014-11-10,2014-12-24,OPTSTK,TATACOMM,260.0,CE,0.0,0.0,0.0,96.4,174.6,0,0.0,0
2014-11-10,2014-12-24,OPTSTK,TATACOMM,270.0,CE,0.0,0.0,0.0,87.2,164.7,0,0.0,0
2014-11-10,2014-12-24,OPTSTK,TATACOMM,280.0,CE,0.0,0.0,0.0,78.35,154.8,0,0.0,0
2014-11-10,2014-12-24,OPTSTK,TATACOMM,290.0,CE,0.0,0.0,0.0,69.8,144.95,0,0.0,0
2014-11-10,2014-12-24,OPTSTK,TATACOMM,300.0,CE,0.0,0.0,0.0,61.7,135.05,0,0.0,0
2014-11-10,2014-12-24,OPTSTK,TATACOMM,310.0,CE,0.0,0.0,0.0,54.1,125.25,0,0.0,0
2014-11-10,2014-12-24,OPTSTK,TATACOMM,320.0,CE,0.0,0.0,0.0,47.0,115.45,0,0.0,0
2014-11-10,2014-12-24,OPTSTK,TATACOMM,330.0,CE,0.0,0.0,0.0,40.5,105.75,0,0.0,0
2014-11-10,2014-12-24,OPTSTK,TATACOMM,340.0,CE,0.0,0.0,0.0,34.6,96.2,0,0.0,0
2014-11-10,2014-12-24,OPTSTK,TATACOMM,350.0,CE,0.0,0.0,0.0,29.3,86.85,0,0.0,0
2014-11-10,2014-12-24,OPTSTK,TATACOMM,360.0,CE,0.0,0.0,0.0,24.6,77.75,0,0.0,0
2014-11-10,2014-12-24,OPTSTK,TATACOMM,370.0,CE,0.0,0.0,0.0,20.5,68.95,0,0.0,0
2014-11-10,2014-12-24,OPTSTK,TATACOMM,380.0,CE,0.0,0.0,0.0,16.95,60.6,0,0.0,0
2014-11-10,2014-12-24,OPTSTK,TATACOMM,390.0,CE,0.0,0.0,0.0,13.95,52.7,0,0.0,0
2014-11-10,2014-12-24,OPTSTK,TATACOMM,400.0,CE,0.0,0.0,0.0,11.35,45.4,0,0.0,0
2014-11-10,2014-12-24,OPTSTK,TATACOMM,410.0,CE,0.0,0.0,0.0,9.2,38.65,0,0.0,0
2014-11-10,2014-12-24,OPTSTK,TATACOMM,420.0,CE,0.0,0.0,0.0,7.4,32.55,0,0.0,0
2014-11-10,2014-12-24,OPTSTK,TATACOMM,430.0,CE,0.0,0.0,0.0,5.9,27.15,0,0.0,0
2014-11-10,2014-12-24,OPTSTK,TATACOMM,440.0,CE,0.0,0.0,0.0,4.7,22.35,0,0.0,0
2014-11-10,2014-12-24,OPTSTK,TATACOMM,450.0,CE,0.0,0.0,0.0,3.7,18.25,0,0.0,0
2014-11-10,2014-12-24,OPTSTK,TATACOMM,460.0,CE,0.0,0.0,0.0,2.9,14.7,0,0.0,0
2014-11-10,2014-12-24,OPTSTK,TATACOMM,470.0,CE,0.0,0.0,0.0,2.3,11.75,0,0.0,0
2014-11-10,2014-12-24,OPTSTK,TATACOMM,480.0,CE,0.0,0.0,0.0,1.75,9.3,0,0.0,0
2014-11-10,2014-12-24,OPTSTK,TATACOMM,490.0,CE,0.0,0.0,0.0,1.35,7.25,0,0.0,0
2014-11-10,2014-12-24,OPTSTK,TATACOMM,500.0,CE,0.0,0.0,0.0,1.05,5.65,0,0.0,0
2014-11-10,2014-12-24,OPTSTK,TATACOMM,510.0,CE,0.0,0.0,0.0,0.8,4.35,0,0.0,0
2014-11-10,2014-12-24,OPTSTK,TATACOMM,240.0,PE,0.0,0.0,0.0,0.3,0.0,0,0.0,0
2014-11-10,2014-12-24,OPTSTK,TATACOMM,250.0,PE,0.0,0.0,0.0,0.55,0.0,0,0.0,0
2014-11-10,2014-12-24,OPTSTK,TATACOMM,260.0,PE,0.0,0.0,0.0,0.95,0.0,0,0.0,0
2014-11-10,2014-12-24,OPTSTK,TATACOMM,270.0,PE,0.0,0.0,0.0,1.6,0.0,0,0.0,0
2014-11-10,2014-12-24,OPTSTK,TATACOMM,280.0,PE,0.0,0.0,0.0,2.5,0.05,0,0.0,0
2014-11-10,2014-12-24,OPTSTK,TATACOMM,290.0,PE,0.0,0.0,0.0,3.75,0.05,0,0.0,0
2014-11-10,2014-12-24,OPTSTK,TATACOMM,300.0,PE,0.0,0.0,0.0,5.4,0.05,0,0.0,0
2014-11-10,2014-12-24,OPTSTK,TATACOMM,310.0,PE,0.0,0.0,0.0,7.55,0.15,0,0.0,0
2014-11-10,2014-12-24,OPTSTK,TATACOMM,320.0,PE,0.0,0.0,0.0,10.3,0.25,0,0.0,0
2014-11-10,2014-12-24,OPTSTK,TATACOMM,330.0,PE,0.0,0.0,0.0,13.55,0.45,0,0.0,0
2014-11-10,2014-12-24,OPTSTK,TATACOMM,340.0,PE,0.0,0.0,0.0,17.45,0.8,0,0.0,0
2014-11-10,2014-12-24,OPTSTK,TATACOMM,350.0,PE,0.0,0.0,0.0,21.9,1.3,0,0.0,0
2014-11-10,2014-12-24,OPTSTK,TATACOMM,360.0,PE,0.0,0.0,0.0,27.0,2.1,0,0.0,0
2014-11-10,2014-12-24,OPTSTK,TATACOMM,370.0,PE,0.0,0.0,0.0,32.7,3.25,0,0.0,0
2014-11-10,2014-12-24,OPTSTK,TATACOMM,380.0,PE,0.0,0.0,0.0,38.95,4.75,0,0.0,0
2014-11-10,2014-12-24,OPTSTK,TATACOMM,390.0,PE,0.0,0.0,0.0,45.65,6.75,0,0.0,0
2014-11-10,2014-12-24,OPTSTK,TATACOMM,400.0,PE,0.0,0.0,0.0,52.9,9.35,0,0.0,0
2014-11-10,2014-12-24,OPTSTK,TATACOMM,410.0,PE,0.0,0.0,0.0,60.5,12.5,0,0.0,0
2014-11-10,2014-12-24,OPTSTK,TATACOMM,420.0,PE,0.0,0.0,0.0,68.5,16.3,0,0.0,0
2014-11-10,2014-12-24,OPTSTK,TATACOMM,430.0,PE,0.0,0.0,0.0,76.8,20.8,0,0.0,0
2014-11-10,2014-12-24,OPTSTK,TATACOMM,440.0,PE,0.0,0.0,0.0,85.35,25.9,0,0.0,0
2014-11-10,2014-12-24,OPTSTK,TATACOMM,450.0,PE,0.0,0.0,0.0,94.15,31.7,0,0.0,0
2014-11-10,2014-12-24,OPTSTK,TATACOMM,460.0,PE,0.0,0.0,0.0,103.15,38.05,0,0.0,0
2014-11-10,2014-12-24,OPTSTK,TATACOMM,470.0,PE,0.0,0.0,0.0,112.3,44.95,0,0.0,0
2014-11-10,2014-12-24,OPTSTK,TATACOMM,480.0,PE,0.0,0.0,0.0,121.55,52.45,0,0.0,0
2014-11-10,2014-12-24,OPTSTK,TATACOMM,490.0,PE,0.0,0.0,0.0,130.95,60.3,0,0.0,0
2014-11-10,2014-12-24,OPTSTK,TATACOMM,500.0,PE,0.0,0.0,0.0,140.4,68.55,0,0.0,0
2014-11-10,2014-12-24,OPTSTK,TATACOMM,510.0,PE,0.0,0.0,0.0,149.95,77.15,0,0.0,0
2014-11-10,2015-01-29,OPTSTK,TATACOMM,240.0,CE,0.0,0.0,0.0,161.0,196.45,0,0.0,0
2014-11-10,2015-01-29,OPTSTK,TATACOMM,250.0,CE,0.0,0.0,0.0,151.3,186.65,0,0.0,0
2014-11-10,2015-01-29,OPTSTK,TATACOMM,260.0,CE,0.0,0.0,0.0,141.65,176.85,0,0.0,0
2014-11-10,2015-01-29,OPTSTK,TATACOMM,270.0,CE,0.0,0.0,0.0,132.05,167.1,0,0.0,0
2014-11-10,2015-01-29,OPTSTK,TATACOMM,280.0,CE,0.0,0.0,0.0,122.6,157.35,0,0.0,0
2014-11-10,2015-01-29,OPTSTK,TATACOMM,290.0,CE,0.0,0.0,0.0,113.3,147.65,0,0.0,0
2014-11-10,2015-01-29,OPTSTK,TATACOMM,300.0,CE,0.0,0.0,0.0,104.15,138.05,0,0.0,0
2014-11-10,2015-01-29,OPTSTK,TATACOMM,310.0,CE,0.0,0.0,0.0,95.25,128.55,0,0.0,0
2014-11-10,2015-01-29,OPTSTK,TATACOMM,320.0,CE,0.0,0.0,0.0,86.65,119.2,0,0.0,0
2014-11-10,2015-01-29,OPTSTK,TATACOMM,330.0,CE,0.0,0.0,0.0,78.4,110.05,0,0.0,0
2014-11-10,2015-01-29,OPTSTK,TATACOMM,340.0,CE,0.0,0.0,0.0,70.55,101.1,0,0.0,0
2014-11-10,2015-01-29,OPTSTK,TATACOMM,350.0,CE,0.0,0.0,0.0,63.1,92.4,0,0.0,0
2014-11-10,2015-01-29,OPTSTK,TATACOMM,360.0,CE,0.0,0.0,0.0,56.15,84.0,0,0.0,0
2014-11-10,2015-01-29,OPTSTK,TATACOMM,370.0,CE,0.0,0.0,0.0,49.6,76.0,0,0.0,0
2014-11-10,2015-01-29,OPTSTK,TATACOMM,380.0,CE,0.0,0.0,0.0,43.65,68.4,0,0.0,0
2014-11-10,2015-01-29,OPTSTK,TATACOMM,390.0,CE,0.0,0.0,0.0,38.15,61.25,0,0.0,0
2014-11-10,2015-01-29,OPTSTK,TATACOMM,400.0,CE,0.0,0.0,0.0,33.15,54.5,0,0.0,0
2014-11-10,2015-01-29,OPTSTK,TATACOMM,410.0,CE,0.0,0.0,0.0,28.7,48.25,0,0.0,0
2014-11-10,2015-01-29,OPTSTK,TATACOMM,420.0,CE,0.0,0.0,0.0,24.7,42.45,0,0.0,0
2014-11-10,2015-01-29,OPTSTK,TATACOMM,430.0,CE,0.0,0.0,0.0,21.15,37.2,0,0.0,0
2014-11-10,2015-01-29,OPTSTK,TATACOMM,440.0,CE,0.0,0.0,0.0,18.0,32.4,0,0.0,0
2014-11-10,2015-01-29,OPTSTK,TATACOMM,450.0,CE,0.0,0.0,0.0,15.25,28.1,0,0.0,0
2014-11-10,2015-01-29,OPTSTK,TATACOMM,460.0,CE,0.0,0.0,0.0,12.9,24.25,0,0.0,0
2014-11-10,2015-01-29,OPTSTK,TATACOMM,470.0,CE,0.0,0.0,0.0,10.85,20.8,0,0.0,0
2014-11-10,2015-01-29,OPTSTK,TATACOMM,480.0,CE,0.0,0.0,0.0,9.05,17.8,0,0.0,0
2014-11-10,2015-01-29,OPTSTK,TATACOMM,490.0,CE,0.0,0.0,0.0,7.55,15.15,0,0.0,0
2014-11-10,2015-01-29,OPTSTK,TATACOMM,500.0,CE,0.0,0.0,0.0,6.25,12.85,0,0.0,0
2014-11-10,2015-01-29,OPTSTK,TATACOMM,510.0,CE,0.0,0.0,0.0,5.2,10.8,0,0.0,0
2014-11-10,2015-01-29,OPTSTK,TATACOMM,240.0,PE,0.0,0.0,0.0,0.1,0.05,0,0.0,0
2014-11-10,2015-01-29,OPTSTK,TATACOMM,250.0,PE,0.0,0.0,0.0,0.15,0.05,0,0.0,0
2014-11-10,2015-01-29,OPTSTK,TATACOMM,260.0,PE,0.0,0.0,0.0,0.3,0.05,0,0.0,0
2014-11-10,2015-01-29,OPTSTK,TATACOMM,270.0,PE,0.0,0.0,0.0,0.5,0.1,0,0.0,0
2014-11-10,2015-01-29,OPTSTK,TATACOMM,280.0,PE,0.0,0.0,0.0,0.8,0.2,0,0.0,0
2014-11-10,2015-01-29,OPTSTK,TATACOMM,290.0,PE,0.0,0.0,0.0,1.25,0.3,0,0.0,0
2014-11-10,2015-01-29,OPTSTK,TATACOMM,300.0,PE,0.0,0.0,0.0,1.9,0.55,0,0.0,0
2014-11-10,2015-01-29,OPTSTK,TATACOMM,310.0,PE,0.0,0.0,0.0,2.8,0.85,0,0.0,0
2014-11-10,2015-01-29,OPTSTK,TATACOMM,320.0,PE,0.0,0.0,0.0,4.0,1.3,0,0.0,0
2014-11-10,2015-01-29,OPTSTK,TATACOMM,330.0,PE,0.0,0.0,0.0,5.55,1.95,0,0.0,0
2014-11-10,2015-01-29,OPTSTK,TATACOMM,340.0,PE,0.0,0.0,0.0,7.45,2.8,0,0.0,0
2014-11-10,2015-01-29,OPTSTK,TATACOMM,350.0,PE,0.0,0.0,0.0,9.8,3.9,0,0.0,0
2014-11-10,2015-01-29,OPTSTK,TATACOMM,360.0,PE,0.0,0.0,0.0,12.6,5.35,0,0.0,0
2014-11-10,2015-01-29,OPTSTK,TATACOMM,370.0,PE,0.0,0.0,0.0,15.9,7.15,0,0.0,0
2014-11-10,2015-01-29,OPTSTK,TATACOMM,380.0,PE,0.0,0.0,0.0,19.7,9.35,0,0.0,0
2014-11-10,2015-01-29,OPTSTK,TATACOMM,390.0,PE,0.0,0.0,0.0,24.0,12.0,0,0.0,0
2014-11-10,2015-01-29,OPTSTK,TATACOMM,400.0,PE,0.0,0.0,0.0,28.8,15.05,0,0.0,0
2014-11-10,2015-01-29,OPTSTK,TATACOMM,410.0,PE,0.0,0.0,0.0,34.1,18.6,0,0.0,0
2014-11-10,2015-01-29,OPTSTK,TATACOMM,420.0,PE,0.0,0.0,0.0,39.85,22.65,0,0.0,0
2014-11-10,2015-01-29,OPTSTK,TATACOMM,430.0,PE,0.0,0.0,0.0,46.1,27.2,0,0.0,0
2014-11-10,2015-01-29,OPTSTK,TATACOMM,440.0,PE,0.0,0.0,0.0,52.75,32.25,0,0.0,0
2014-11-10,2015-01-29,OPTSTK,TATACOMM,450.0,PE,0.0,0.0,0.0,59.8,37.75,0,0.0,0
2014-11-10,2015-01-29,OPTSTK,TATACOMM,460.0,PE,0.0,0.0,0.0,67.2,43.65,0,0.0,0
2014-11-10,2015-01-29,OPTSTK,TATACOMM,470.0,PE,0.0,0.0,0.0,74.95,50.05,0,0.0,0
2014-11-10,2015-01-29,OPTSTK,TATACOMM,480.0,PE,0.0,0.0,0.0,82.95,56.85,0,0.0,0
2014-11-10,2015-01-29,OPTSTK,TATACOMM,490.0,PE,0.0,0.0,0.0,91.25,64.0,0,0.0,0
2014-11-10,2015-01-29,OPTSTK,TATACOMM,500.0,PE,0.0,0.0,0.0,99.75,71.5,0,0.0,0
2014-11-10,2015-01-29,OPTSTK,TATACOMM,510.0,PE,0.0,0.0,0.0,108.45,79.3,0,0.0,0
2014-11-10,2014-11-27,OPTSTK,TATAGLOBAL,105.0,CE,0.0,0.0,0.0,47.75,53.2,0,0.0,0
2014-11-10,2014-11-27,OPTSTK,TATAGLOBAL,110.0,CE,0.0,0.0,0.0,42.9,48.2,0,0.0,0
2014-11-10,2014-11-27,OPTSTK,TATAGLOBAL,115.0,CE,0.0,0.0,0.0,38.1,43.2,0,0.0,0
2014-11-10,2014-11-27,OPTSTK,TATAGLOBAL,120.0,CE,0.0,0.0,0.0,33.35,38.25,0,0.0,0
2014-11-10,2014-11-27,OPTSTK,TATAGLOBAL,125.0,CE,0.0,0.0,0.0,28.75,33.25,0,0.0,0
2014-11-10,2014-11-27,OPTSTK,TATAGLOBAL,130.0,CE,0.0,0.0,0.0,24.35,28.3,0,0.0,0
2014-11-10,2014-11-27,OPTSTK,TATAGLOBAL,135.0,CE,0.0,0.0,0.0,20.2,23.3,0,0.0,0
2014-11-10,2014-11-27,OPTSTK,TATAGLOBAL,140.0,CE,0.0,0.0,0.0,16.45,18.4,0,0.0,0
2014-11-10,2014-11-27,OPTSTK,TATAGLOBAL,145.0,CE,0.0,0.0,0.0,13.1,13.65,0,0.0,0
2014-11-10,2014-11-27,OPTSTK,TATAGLOBAL,150.0,CE,10.0,10.0,9.8,9.8,9.8,2,6.39,12000
2014-11-10,2014-11-27,OPTSTK,TATAGLOBAL,155.0,CE,7.25,7.25,5.1,5.65,5.65,12,38.61,52000
2014-11-10,2014-11-27,OPTSTK,TATAGLOBAL,160.0,CE,5.25,5.5,2.65,2.9,2.9,374,1223.27,1074000
2014-11-10,2014-11-27,OPTSTK,TATAGLOBAL,165.0,CE,3.0,3.4,1.4,1.5,1.5,370,1236.74,812000
2014-11-10,2014-11-27,OPTSTK,TATAGLOBAL,170.0,CE,1.55,1.65,0.8,0.85,0.85,244,834.91,1106000
2014-11-10,2014-11-27,OPTSTK,TATAGLOBAL,175.0,CE,0.8,0.8,0.4,0.45,0.45,58,203.62,362000
2014-11-10,2014-11-27,OPTSTK,TATAGLOBAL,180.0,CE,0.45,0.6,0.25,0.25,0.25,97,349.83,472000
2014-11-10,2014-11-27,OPTSTK,TATAGLOBAL,185.0,CE,0.0,0.0,0.0,0.35,0.05,0,0.0,4000
2014-11-10,2014-11-27,OPTSTK,TATAGLOBAL,190.0,CE,0.2,0.2,0.15,0.15,0.15,5,19.01,128000
2014-11-10,2014-11-27,OPTSTK,TATAGLOBAL,195.0,CE,0.0,0.0,0.0,0.15,0.0,0,0.0,0
2014-11-10,2014-11-27,OPTSTK,TATAGLOBAL,200.0,CE,0.0,0.0,0.0,0.35,0.0,0,0.0,6000
2014-11-10,2014-11-27,OPTSTK,TATAGLOBAL,205.0,CE,0.0,0.0,0.0,0.2,0.0,0,0.0,0
2014-11-10,2014-11-27,OPTSTK,TATAGLOBAL,210.0,CE,0.0,0.0,0.0,0.1,0.0,0,0.0,0
2014-11-10,2014-11-27,OPTSTK,TATAGLOBAL,105.0,PE,0.0,0.0,0.0,0.05,0.0,0,0.0,0
2014-11-10,2014-11-27,OPTSTK,TATAGLOBAL,110.0,PE,0.0,0.0,0.0,0.05,0.0,0,0.0,0
2014-11-10,2014-11-27,OPTSTK,TATAGLOBAL,115.0,PE,0.0,0.0,0.0,0.15,0.0,0,0.0,0
2014-11-10,2014-11-27,OPTSTK,TATAGLOBAL,120.0,PE,0.0,0.0,0.0,0.3,0.0,0,0.0,0
2014-11-10,2014-11-27,OPTSTK,TATAGLOBAL,125.0,PE,0.0,0.0,0.0,0.6,0.0,0,0.0,0
2014-11-10,2014-11-27,OPTSTK,TATAGLOBAL,130.0,PE,0.0,0.0,0.0,1.1,0.0,0,0.0,0
2014-11-10,2014-11-27,OPTSTK,TATAGLOBAL,135.0,PE,0.0,0.0,0.0,1.85,0.05,0,0.0,0
2014-11-10,2014-11-27,OPTSTK,TATAGLOBAL,140.0,PE,0.0,0.0,0.0,0.15,0.1,0,0.0,22000
2014-11-10,2014-11-27,OPTSTK,TATAGLOBAL,145.0,PE,0.3,0.4,0.3,0.4,0.4,17,49.43,110000
2014-11-10,2014-11-27,OPTSTK,TATAGLOBAL,150.0,PE,0.4,0.95,0.4,0.7,0.7,93,280.18,348000
2014-11-10,2014-11-27,OPTSTK,TATAGLOBAL,155.0,PE,1.0,1.95,1.0,1.9,1.9,68,213.07,556000
2014-11-10,2014-11-27,OPTSTK,TATAGLOBAL,160.0,PE,2.55,4.25,2.2,4.15,4.15,165,539.5,698000
2014-11-10,2014-11-27,OPTSTK,TATAGLOBAL,165.0,PE,5.0,7.95,5.0,7.95,7.95,11,37.89,102000
2014-11-10,2014-11-27,OPTSTK,TATAGLOBAL,170.0,PE,0.0,0.0,0.0,9.35,12.2,0,0.0,24000
2014-11-10,2014-11-27,OPTSTK,TATAGLOBAL,175.0,PE,0.0,0.0,0.0,13.5,16.8,0,0.0,10000
2014-11-10,2014-11-27,OPTSTK,TATAGLOBAL,180.0,PE,0.0,0.0,0.0,21.95,21.6,0,0.0,56000
2014-11-10,2014-11-27,OPTSTK,TATAGLOBAL,185.0,PE,0.0,0.0,0.0,21.6,26.55,0,0.0,2000
2014-11-10,2014-11-27,OPTSTK,TATAGLOBAL,190.0,PE,0.0,0.0,0.0,36.15,31.5,0,0.0,0
2014-11-10,2014-11-27,OPTSTK,TATAGLOBAL,195.0,PE,0.0,0.0,0.0,40.8,36.5,0,0.0,0
2014-11-10,2014-11-27,OPTSTK,TATAGLOBAL,200.0,PE,0.0,0.0,0.0,45.55,41.5,0,0.0,0
2014-11-10,2014-11-27,OPTSTK,TATAGLOBAL,205.0,PE,0.0,0.0,0.0,50.35,46.45,0,0.0,0
2014-11-10,2014-11-27,OPTSTK,TATAGLOBAL,210.0,PE,0.0,0.0,0.0,55.15,51.45,0,0.0,0
2014-11-10,2014-12-24,OPTSTK,TATAGLOBAL,105.0,CE,0.0,0.0,0.0,57.75,53.85,0,0.0,0
2014-11-10,2014-12-24,OPTSTK,TATAGLOBAL,110.0,CE,0.0,0.0,0.0,52.95,48.9,0,0.0,0
2014-11-10,2014-12-24,OPTSTK,TATAGLOBAL,115.0,CE,0.0,0.0,0.0,48.25,44.0,0,0.0,0
2014-11-10,2014-12-24,OPTSTK,TATAGLOBAL,120.0,CE,0.0,0.0,0.0,43.7,39.05,0,0.0,0
2014-11-10,2014-12-24,OPTSTK,TATAGLOBAL,125.0,CE,0.0,0.0,0.0,39.25,34.1,0,0.0,0
2014-11-10,2014-12-24,OPTSTK,TATAGLOBAL,130.0,CE,0.0,0.0,0.0,34.95,29.2,0,0.0,0
2014-11-10,2014-12-24,OPTSTK,TATAGLOBAL,135.0,CE,0.0,0.0,0.0,30.9,24.45,0,0.0,0
2014-11-10,2014-12-24,OPTSTK,TATAGLOBAL,140.0,CE,0.0,0.0,0.0,27.1,19.85,0,0.0,0
2014-11-10,2014-12-24,OPTSTK,TATAGLOBAL,145.0,CE,0.0,0.0,0.0,23.6,15.6,0,0.0,0
2014-11-10,2014-12-24,OPTSTK,TATAGLOBAL,150.0,CE,0.0,0.0,0.0,20.35,11.75,0,0.0,0
2014-11-10,2014-12-24,OPTSTK,TATAGLOBAL,155.0,CE,0.0,0.0,0.0,17.4,8.5,0,0.0,0
2014-11-10,2014-12-24,OPTSTK,TATAGLOBAL,160.0,CE,0.0,0.0,0.0,14.75,5.9,0,0.0,0
2014-11-10,2014-12-24,OPTSTK,TATAGLOBAL,165.0,CE,0.0,0.0,0.0,12.45,3.9,0,0.0,0
2014-11-10,2014-12-24,OPTSTK,TATAGLOBAL,170.0,CE,0.0,0.0,0.0,10.4,2.45,0,0.0,0
2014-11-10,2014-12-24,OPTSTK,TATAGLOBAL,175.0,CE,0.0,0.0,0.0,8.65,1.5,0,0.0,0
2014-11-10,2014-12-24,OPTSTK,TATAGLOBAL,180.0,CE,0.0,0.0,0.0,7.1,0.85,0,0.0,0
2014-11-10,2014-12-24,OPTSTK,TATAGLOBAL,185.0,CE,0.0,0.0,0.0,5.85,0.5,0,0.0,0
2014-11-10,2014-12-24,OPTSTK,TATAGLOBAL,190.0,CE,0.0,0.0,0.0,4.75,0.25,0,0.0,0
2014-11-10,2014-12-24,OPTSTK,TATAGLOBAL,195.0,CE,0.0,0.0,0.0,3.85,0.15,0,0.0,0
2014-11-10,2014-12-24,OPTSTK,TATAGLOBAL,200.0,CE,0.0,0.0,0.0,3.1,0.1,0,0.0,0
2014-11-10,2014-12-24,OPTSTK,TATAGLOBAL,205.0,CE,0.0,0.0,0.0,2.45,0.05,0,0.0,0
2014-11-10,2014-12-24,OPTSTK,TATAGLOBAL,210.0,CE,0.0,0.0,0.0,1.95,0.05,0,0.0,0
2014-11-10,2014-12-24,OPTSTK,TATAGLOBAL,105.0,PE,0.0,0.0,0.0,0.15,0.0,0,0.0,0
2014-11-10,2014-12-24,OPTSTK,TATAGLOBAL,110.0,PE,0.0,0.0,0.0,0.25,0.0,0,0.0,0
2014-11-10,2014-12-24,OPTSTK,TATAGLOBAL,115.0,PE,0.0,0.0,0.0,0.45,0.0,0,0.0,0
2014-11-10,2014-12-24,OPTSTK,TATAGLOBAL,120.0,PE,0.0,0.0,0.0,0.75,0.05,0,0.0,0
2014-11-10,2014-12-24,OPTSTK,TATAGLOBAL,125.0,PE,0.0,0.0,0.0,1.2,0.05,0,0.0,0
2014-11-10,2014-12-24,OPTSTK,TATAGLOBAL,130.0,PE,0.0,0.0,0.0,1.85,0.1,0,0.0,0
2014-11-10,2014-12-24,OPTSTK,TATAGLOBAL,135.0,PE,0.0,0.0,0.0,2.65,0.3,0,0.0,0
2014-11-10,2014-12-24,OPTSTK,TATAGLOBAL,140.0,PE,0.0,0.0,0.0,3.75,0.65,0,0.0,0
2014-11-10,2014-12-24,OPTSTK,TATAGLOBAL,145.0,PE,0.0,0.0,0.0,5.1,1.3,0,0.0,0
2014-11-10,2014-12-24,OPTSTK,TATAGLOBAL,150.0,PE,2.75,2.75,2.75,2.75,2.75,1,3.05,0
2014-11-10,2014-12-24,OPTSTK,TATAGLOBAL,155.0,PE,0.0,0.0,0.0,8.7,4.15,0,0.0,0
2014-11-10,2014-12-24,OPTSTK,TATAGLOBAL,160.0,PE,0.0,0.0,0.0,11.0,6.45,0,0.0,0
2014-11-10,2014-12-24,OPTSTK,TATAGLOBAL,165.0,PE,0.0,0.0,0.0,13.55,9.4,0,0.0,0
2014-11-10,2014-12-24,OPTSTK,TATAGLOBAL,170.0,PE,0.0,0.0,0.0,16.4,12.9,0,0.0,0
2014-11-10,2014-12-24,OPTSTK,TATAGLOBAL,175.0,PE,0.0,0.0,0.0,19.5,16.9,0,0.0,0
2014-11-10,2014-12-24,OPTSTK,TATAGLOBAL,180.0,PE,0.0,0.0,0.0,22.9,21.2,0,0.0,0
2014-11-10,2014-12-24,OPTSTK,TATAGLOBAL,185.0,PE,0.0,0.0,0.0,26.5,25.8,0,0.0,0
2014-11-10,2014-12-24,OPTSTK,TATAGLOBAL,190.0,PE,0.0,0.0,0.0,30.3,30.5,0,0.0,0
2014-11-10,2014-12-24,OPTSTK,TATAGLOBAL,195.0,PE,0.0,0.0,0.0,34.3,35.35,0,0.0,0
2014-11-10,2014-12-24,OPTSTK,TATAGLOBAL,200.0,PE,0.0,0.0,0.0,38.45,40.25,0,0.0,0
2014-11-10,2014-12-24,OPTSTK,TATAGLOBAL,205.0,PE,0.0,0.0,0.0,42.7,45.15,0,0.0,0
2014-11-10,2014-12-24,OPTSTK,TATAGLOBAL,210.0,PE,0.0,0.0,0.0,47.1,50.1,0,0.0,0
2014-11-10,2015-01-29,OPTSTK,TATAGLOBAL,105.0,CE,0.0,0.0,0.0,54.75,54.75,0,0.0,0
2014-11-10,2015-01-29,OPTSTK,TATAGLOBAL,110.0,CE,0.0,0.0,0.0,49.85,49.85,0,0.0,0
2014-11-10,2015-01-29,OPTSTK,TATAGLOBAL,115.0,CE,0.0,0.0,0.0,45.0,45.0,0,0.0,0
2014-11-10,2015-01-29,OPTSTK,TATAGLOBAL,120.0,CE,0.0,0.0,0.0,40.15,40.15,0,0.0,0
2014-11-10,2015-01-29,OPTSTK,TATAGLOBAL,125.0,CE,0.0,0.0,0.0,35.4,35.35,0,0.0,0
2014-11-10,2015-01-29,OPTSTK,TATAGLOBAL,130.0,CE,0.0,0.0,0.0,30.7,30.65,0,0.0,0
2014-11-10,2015-01-29,OPTSTK,TATAGLOBAL,135.0,CE,0.0,0.0,0.0,26.25,26.15,0,0.0,0
2014-11-10,2015-01-29,OPTSTK,TATAGLOBAL,140.0,CE,0.0,0.0,0.0,22.0,21.9,0,0.0,0
2014-11-10,2015-01-29,OPTSTK,TATAGLOBAL,145.0,CE,0.0,0.0,0.0,18.1,17.95,0,0.0,0
2014-11-10,2015-01-29,OPTSTK,TATAGLOBAL,150.0,CE,0.0,0.0,0.0,14.55,14.4,0,0.0,0
2014-11-10,2015-01-29,OPTSTK,TATAGLOBAL,155.0,CE,0.0,0.0,0.0,11.45,11.3,0,0.0,0
2014-11-10,2015-01-29,OPTSTK,TATAGLOBAL,160.0,CE,0.0,0.0,0.0,8.85,8.65,0,0.0,0
2014-11-10,2015-01-29,OPTSTK,TATAGLOBAL,165.0,CE,0.0,0.0,0.0,6.65,6.5,0,0.0,0
2014-11-10,2015-01-29,OPTSTK,TATAGLOBAL,170.0,CE,0.0,0.0,0.0,4.9,4.75,0,0.0,0
2014-11-10,2015-01-29,OPTSTK,TATAGLOBAL,175.0,CE,0.0,0.0,0.0,3.55,3.4,0,0.0,0
2014-11-10,2015-01-29,OPTSTK,TATAGLOBAL,180.0,CE,0.0,0.0,0.0,2.5,2.4,0,0.0,0
2014-11-10,2015-01-29,OPTSTK,TATAGLOBAL,185.0,CE,0.0,0.0,0.0,1.75,1.65,0,0.0,0
2014-11-10,2015-01-29,OPTSTK,TATAGLOBAL,190.0,CE,0.0,0.0,0.0,1.2,1.1,0,0.0,0
2014-11-10,2015-01-29,OPTSTK,TATAGLOBAL,195.0,CE,0.0,0.0,0.0,0.8,0.75,0,0.0,0
2014-11-10,2015-01-29,OPTSTK,TATAGLOBAL,200.0,CE,0.0,0.0,0.0,0.55,0.5,0,0.0,0
2014-11-10,2015-01-29,OPTSTK,TATAGLOBAL,205.0,CE,0.0,0.0,0.0,0.35,0.3,0,0.0,0
2014-11-10,2015-01-29,OPTSTK,TATAGLOBAL,210.0,CE,0.0,0.0,0.0,0.25,0.2,0,0.0,0
2014-11-10,2015-01-29,OPTSTK,TATAGLOBAL,105.0,PE,0.0,0.0,0.0,0.05,0.0,0,0.0,0
2014-11-10,2015-01-29,OPTSTK,TATAGLOBAL,110.0,PE,0.0,0.0,0.0,0.05,0.05,0,0.0,0
2014-11-10,2015-01-29,OPTSTK,TATAGLOBAL,115.0,PE,0.0,0.0,0.0,0.05,0.05,0,0.0,0
2014-11-10,2015-01-29,OPTSTK,TATAGLOBAL,120.0,PE,0.0,0.0,0.0,0.1,0.1,0,0.0,0
2014-11-10,2015-01-29,OPTSTK,TATAGLOBAL,125.0,PE,0.0,0.0,0.0,0.25,0.2,0,0.0,0
2014-11-10,2015-01-29,OPTSTK,TATAGLOBAL,130.0,PE,0.0,0.0,0.0,0.45,0.45,0,0.0,0
2014-11-10,2015-01-29,OPTSTK,TATAGLOBAL,135.0,PE,0.0,0.0,0.0,0.85,0.85,0,0.0,0
2014-11-10,2015-01-29,OPTSTK,TATAGLOBAL,140.0,PE,0.0,0.0,0.0,1.55,1.45,0,0.0,0
2014-11-10,2015-01-29,OPTSTK,TATAGLOBAL,145.0,PE,0.0,0.0,0.0,2.5,2.45,0,0.0,0
2014-11-10,2015-01-29,OPTSTK,TATAGLOBAL,150.0,PE,0.0,0.0,0.0,3.85,3.8,0,0.0,0
2014-11-10,2015-01-29,OPTSTK,TATAGLOBAL,155.0,PE,0.0,0.0,0.0,5.65,5.6,0,0.0,0
2014-11-10,2015-01-29,OPTSTK,TATAGLOBAL,160.0,PE,0.0,0.0,0.0,7.95,7.9,0,0.0,0
2014-11-10,2015-01-29,OPTSTK,TATAGLOBAL,165.0,PE,0.0,0.0,0.0,10.65,10.6,0,0.0,0
2014-11-10,2015-01-29,OPTSTK,TATAGLOBAL,170.0,PE,0.0,0.0,0.0,13.8,13.8,0,0.0,0
2014-11-10,2015-01-29,OPTSTK,TATAGLOBAL,175.0,PE,0.0,0.0,0.0,17.35,17.35,0,0.0,0
2014-11-10,2015-01-29,OPTSTK,TATAGLOBAL,180.0,PE,0.0,0.0,0.0,21.2,21.25,0,0.0,0
2014-11-10,2015-01-29,OPTSTK,TATAGLOBAL,185.0,PE,0.0,0.0,0.0,25.3,25.4,0,0.0,0
2014-11-10,2015-01-29,OPTSTK,TATAGLOBAL,190.0,PE,0.0,0.0,0.0,29.65,29.75,0,0.0,0
2014-11-10,2015-01-29,OPTSTK,TATAGLOBAL,195.0,PE,0.0,0.0,0.0,34.15,34.3,0,0.0,0
2014-11-10,2015-01-29,OPTSTK,TATAGLOBAL,200.0,PE,0.0,0.0,0.0,38.75,38.95,0,0.0,0
2014-11-10,2015-01-29,OPTSTK,TATAGLOBAL,205.0,PE,0.0,0.0,0.0,43.45,43.7,0,0.0,0
2014-11-10,2015-01-29,OPTSTK,TATAGLOBAL,210.0,PE,0.0,0.0,0.0,48.25,48.45,0,0.0,0
2014-11-10,2014-11-27,OPTSTK,TATAMOTORS,350.0,CE,0.0,0.0,0.0,182.9,173.7,0,0.0,0
2014-11-10,2014-11-27,OPTSTK,TATAMOTORS,360.0,CE,0.0,0.0,0.0,163.5,163.75,0,0.0,2000
2014-11-10,2014-11-27,OPTSTK,TATAMOTORS,370.0,CE,0.0,0.0,0.0,163.85,153.8,0,0.0,0
2014-11-10,2014-11-27,OPTSTK,TATAMOTORS,380.0,CE,0.0,0.0,0.0,154.45,143.8,0,0.0,0
2014-11-10,2014-11-27,OPTSTK,TATAMOTORS,390.0,CE,0.0,0.0,0.0,145.2,133.85,0,0.0,0
2014-11-10,2014-11-27,OPTSTK,TATAMOTORS,400.0,CE,0.0,0.0,0.0,136.1,123.9,0,0.0,0
2014-11-10,2014-11-27,OPTSTK,TATAMOTORS,410.0,CE,0.0,0.0,0.0,127.2,113.95,0,0.0,0
2014-11-10,2014-11-27,OPTSTK,TATAMOTORS,420.0,CE,0.0,0.0,0.0,118.5,104.0,0,0.0,0
2014-11-10,2014-11-27,OPTSTK,TATAMOTORS,430.0,CE,0.0,0.0,0.0,110.05,94.15,0,0.0,0
2014-11-10,2014-11-27,OPTSTK,TATAMOTORS,440.0,CE,0.0,0.0,0.0,89.45,84.3,0,0.0,17000
2014-11-10,2014-11-27,OPTSTK,TATAMOTORS,450.0,CE,0.0,0.0,0.0,76.65,74.6,0,0.0,37000
2014-11-10,2014-11-27,OPTSTK,TATAMOTORS,460.0,CE,0.0,0.0,0.0,71.5,65.15,0,0.0,34000
2014-11-10,2014-11-27,OPTSTK,TATAMOTORS,470.0,CE,0.0,0.0,0.0,59.0,56.0,0,0.0,8000
2014-11-10,2014-11-27,OPTSTK,TATAMOTORS,480.0,CE,0.0,0.0,0.0,62.0,47.25,0,0.0,18000
2014-11-10,2014-11-27,OPTSTK,TATAMOTORS,490.0,CE,41.0,41.0,38.5,39.2,39.2,6,15.88,18500
2014-11-10,2014-11-27,OPTSTK,TATAMOTORS,500.0,CE,35.0,35.0,28.05,30.8,30.8,17,45.13,122500
2014-11-10,2014-11-27,OPTSTK,TATAMOTORS,510.0,CE,30.0,30.15,21.2,23.85,23.85,36,96.43,76000
2014-11-10,2014-11-27,OPTSTK,TATAMOTORS,520.0,CE,23.15,23.15,15.5,16.9,16.9,259,695.65,223000
2014-11-10,2014-11-27,OPTSTK,TATAMOTORS,530.0,CE,17.45,19.6,10.8,12.25,12.25,928,2521.45,321500
2014-11-10,2014-11-27,OPTSTK,TATAMOTORS,540.0,CE,11.95,13.45,7.5,8.45,8.45,1384,3804.36,535000
2014-11-10,2014-11-27,OPTSTK,TATAMOTORS,550.0,CE,8.45,9.35,4.85,5.55,5.55,1032,2870.65,423500
2014-11-10,2014-11-27,OPTSTK,TATAMOTORS,560.0,CE,5.6,6.4,3.05,3.55,3.55,706,1991.46,667500
2014-11-10,2014-11-27,OPTSTK,TATAMOTORS,570.0,CE,3.8,4.2,2.0,2.25,2.25,485,1388.74,188000
2014-11-10,2014-11-27,OPTSTK,TATAMOTORS,580.0,CE,2.7,2.85,1.3,1.45,1.45,217,631.24,209500
2014-11-10,2014-11-27,OPTSTK,TATAMOTORS,590.0,CE,1.65,1.75,0.85,1.0,1.0,55,162.57,87500
2014-11-10,2014-11-27,OPTSTK,TATAMOTORS,600.0,CE,1.3,1.3,0.35,0.65,0.65,124,372.44,90500
2014-11-10,2014-11-27,OPTSTK,TATAMOTORS,610.0,CE,0.55,0.55,0.55,0.55,0.55,1,3.05,43000
2014-11-10,2014-11-27,OPTSTK,TATAMOTORS,620.0,CE,0.0,0.0,0.0,14.6,0.4,0,0.0,0
2014-11-10,2014-11-27,OPTSTK,TATAMOTORS,630.0,CE,0.0,0.0,0.0,12.75,0.25,0,0.0,0
2014-11-10,2014-11-27,OPTSTK,TATAMOTORS,640.0,CE,0.0,0.0,0.0,11.1,0.15,0,0.0,0
2014-11-10,2014-11-27,OPTSTK,TATAMOTORS,350.0,PE,0.0,0.0,0.0,0.45,0.0,0,0.0,0
2014-11-10,2014-11-27,OPTSTK,TATAMOTORS,360.0,PE,0.0,0.0,0.0,0.65,0.0,0,0.0,0
2014-11-10,2014-11-27,OPTSTK,TATAMOTORS,370.0,PE,0.0,0.0,0.0,0.95,0.0,0,0.0,0
2014-11-10,2014-11-27,OPTSTK,TATAMOTORS,380.0,PE,0.0,0.0,0.0,1.35,0.0,0,0.0,0
2014-11-10,2014-11-27,OPTSTK,TATAMOTORS,390.0,PE,0.0,0.0,0.0,1.9,0.0,0,0.0,0
2014-11-10,2014-11-27,OPTSTK,TATAMOTORS,400.0,PE,0.0,0.0,0.0,2.55,0.05,0,0.0,0
2014-11-10,2014-11-27,OPTSTK,TATAMOTORS,410.0,PE,0.0,0.0,0.0,3.45,0.05,0,0.0,0
2014-11-10,2014-11-27,OPTSTK,TATAMOTORS,420.0,PE,0.0,0.0,0.0,4.55,0.05,0,0.0,0
2014-11-10,2014-11-27,OPTSTK,TATAMOTORS,430.0,PE,0.0,0.0,0.0,0.85,0.15,0,0.0,1000
2014-11-10,2014-11-27,OPTSTK,TATAMOTORS,440.0,PE,0.0,0.0,0.0,0.5,0.25,0,0.0,15500
2014-11-10,2014-11-27,OPTSTK,TATAMOTORS,450.0,PE,0.0,0.0,0.0,0.6,0.55,0,0.0,41000
2014-11-10,2014-11-27,OPTSTK,TATAMOTORS,460.0,PE,1.05,1.05,1.0,1.0,1.0,2,4.61,55000
2014-11-10,2014-11-27,OPTSTK,TATAMOTORS,470.0,PE,1.6,1.85,1.35,1.45,1.45,49,115.55,59000
2014-11-10,2014-11-27,OPTSTK,TATAMOTORS,480.0,PE,2.0,2.7,1.8,2.3,2.3,101,243.59,135500
2014-11-10,2014-11-27,OPTSTK,TATAMOTORS,490.0,PE,2.9,4.25,2.8,3.65,3.65,226,557.99,133500
2014-11-10,2014-11-27,OPTSTK,TATAMOTORS,500.0,PE,4.55,6.35,4.2,5.35,5.35,492,1243.56,309500
2014-11-10,2014-11-27,OPTSTK,TATAMOTORS,510.0,PE,6.5,9.45,5.35,8.05,8.05,453,1173.49,185500
2014-11-10,2014-11-27,OPTSTK,TATAMOTORS,520.0,PE,9.15,13.5,9.0,11.95,11.95,1060,2819.02,284500
2014-11-10,2014-11-27,OPTSTK,TATAMOTORS,530.0,PE,13.95,18.85,12.65,16.95,16.95,890,2430.85,234000
2014-11-10,2014-11-27,OPTSTK,TATAMOTORS,540.0,PE,20.0,25.2,17.95,22.6,22.6,211,593.23,84500
2014-11-10,2014-11-27,OPTSTK,TATAMOTORS,550.0,PE,27.0,31.0,26.2,28.7,28.7,7,20.23,23000
2014-11-10,2014-11-27,OPTSTK,TATAMOTORS,560.0,PE,32.0,32.0,32.0,32.0,32.0,1,2.96,17500
2014-11-10,2014-11-27,OPTSTK,TATAMOTORS,570.0,PE,0.0,0.0,0.0,38.5,49.2,0,0.0,1000
2014-11-10,2014-11-27,OPTSTK,TATAMOTORS,580.0,PE,0.0,0.0,0.0,46.05,57.9,0,0.0,500
2014-11-10,2014-11-27,OPTSTK,TATAMOTORS,590.0,PE,0.0,0.0,0.0,54.8,67.0,0,0.0,500
2014-11-10,2014-11-27,OPTSTK,TATAMOTORS,600.0,PE,0.0,0.0,0.0,70.35,76.4,0,0.0,1000
2014-11-10,2014-11-27,OPTSTK,TATAMOTORS,610.0,PE,0.0,0.0,0.0,88.65,85.95,0,0.0,0
2014-11-10,2014-11-27,OPTSTK,TATAMOTORS,620.0,PE,0.0,0.0,0.0,96.4,95.65,0,0.0,0
2014-11-10,2014-11-27,OPTSTK,TATAMOTORS,630.0,PE,0.0,0.0,0.0,104.3,105.45,0,0.0,0
2014-11-10,2014-11-27,OPTSTK,TATAMOTORS,640.0,PE,0.0,0.0,0.0,112.45,115.3,0,0.0,0
2014-11-10,2014-12-24,OPTSTK,TATAMOTORS,350.0,CE,0.0,0.0,0.0,162.9,176.0,0,0.0,0
2014-11-10,2014-12-24,OPTSTK,TATAMOTORS,360.0,CE,0.0,0.0,0.0,153.55,166.1,0,0.0,0
2014-11-10,2014-12-24,OPTSTK,TATAMOTORS,370.0,CE,0.0,0.0,0.0,144.3,156.25,0,0.0,0
2014-11-10,2014-12-24,OPTSTK,TATAMOTORS,380.0,CE,0.0,0.0,0.0,135.2,146.45,0,0.0,0
2014-11-10,2014-12-24,OPTSTK,TATAMOTORS,390.0,CE,0.0,0.0,0.0,126.3,136.65,0,0.0,0
2014-11-10,2014-12-24,OPTSTK,TATAMOTORS,400.0,CE,0.0,0.0,0.0,117.65,126.95,0,0.0,0
2014-11-10,2014-12-24,OPTSTK,TATAMOTORS,410.0,CE,0.0,0.0,0.0,109.2,117.3,0,0.0,0
2014-11-10,2014-12-24,OPTSTK,TATAMOTORS,420.0,CE,0.0,0.0,0.0,101.05,107.85,0,0.0,0
2014-11-10,2014-12-24,OPTSTK,TATAMOTORS,430.0,CE,0.0,0.0,0.0,93.2,98.55,0,0.0,0
2014-11-10,2014-12-24,OPTSTK,TATAMOTORS,440.0,CE,0.0,0.0,0.0,85.65,89.45,0,0.0,0
2014-11-10,2014-12-24,OPTSTK,TATAMOTORS,450.0,CE,0.0,0.0,0.0,78.5,80.7,0,0.0,0
2014-11-10,2014-12-24,OPTSTK,TATAMOTORS,460.0,CE,0.0,0.0,0.0,71.7,72.25,0,0.0,0
2014-11-10,2014-12-24,OPTSTK,TATAMOTORS,470.0,CE,0.0,0.0,0.0,65.2,64.25,0,0.0,0
2014-11-10,2014-12-24,OPTSTK,TATAMOTORS,480.0,CE,0.0,0.0,0.0,59.15,56.7,0,0.0,0
2014-11-10,2014-12-24,OPTSTK,TATAMOTORS,490.0,CE,0.0,0.0,0.0,53.5,49.6,0,0.0,0
2014-11-10,2014-12-24,OPTSTK,TATAMOTORS,500.0,CE,0.0,0.0,0.0,40.0,43.05,0,0.0,30000
2014-11-10,2014-12-24,OPTSTK,TATAMOTORS,510.0,CE,0.0,0.0,0.0,43.35,37.1,0,0.0,0
2014-11-10,2014-12-24,OPTSTK,TATAMOTORS,520.0,CE,0.0,0.0,0.0,28.5,31.65,0,0.0,17000
2014-11-10,2014-12-24,OPTSTK,TATAMOTORS,530.0,CE,0.0,0.0,0.0,34.65,26.8,0,0.0,0
2014-11-10,2014-12-24,OPTSTK,TATAMOTORS,540.0,CE,0.0,0.0,0.0,30.85,22.55,0,0.0,0
2014-11-10,2014-12-24,OPTSTK,TATAMOTORS,550.0,CE,0.0,0.0,0.0,27.4,18.8,0,0.0,0
2014-11-10,2014-12-24,OPTSTK,TATAMOTORS,560.0,CE,0.0,0.0,0.0,15.1,15.5,0,0.0,500
2014-11-10,2014-12-24,OPTSTK,TATAMOTORS,570.0,CE,0.0,0.0,0.0,21.4,12.75,0,0.0,0
2014-11-10,2014-12-24,OPTSTK,TATAMOTORS,580.0,CE,0.0,0.0,0.0,18.9,10.4,0,0.0,0
2014-11-10,2014-12-24,OPTSTK,TATAMOTORS,590.0,CE,0.0,0.0,0.0,16.6,8.35,0,0.0,0
2014-11-10,2014-12-24,OPTSTK,TATAMOTORS,600.0,CE,0.0,0.0,0.0,14.55,6.7,0,0.0,0
2014-11-10,2014-12-24,OPTSTK,TATAMOTORS,610.0,CE,0.0,0.0,0.0,12.7,5.35,0,0.0,0
2014-11-10,2014-12-24,OPTSTK,TATAMOTORS,620.0,CE,0.0,0.0,0.0,11.1,4.25,0,0.0,0
2014-11-10,2014-12-24,OPTSTK,TATAMOTORS,630.0,CE,0.0,0.0,0.0,9.65,3.3,0,0.0,0
2014-11-10,2014-12-24,OPTSTK,TATAMOTORS,640.0,CE,0.0,0.0,0.0,8.4,2.6,0,0.0,0
2014-11-10,2014-12-24,OPTSTK,TATAMOTORS,350.0,PE,0.0,0.0,0.0,0.95,0.05,0,0.0,0
2014-11-10,2014-12-24,OPTSTK,TATAMOTORS,360.0,PE,0.0,0.0,0.0,1.35,0.05,0,0.0,0
2014-11-10,2014-12-24,OPTSTK,TATAMOTORS,370.0,PE,0.0,0.0,0.0,1.85,0.1,0,0.0,0
2014-11-10,2014-12-24,OPTSTK,TATAMOTORS,380.0,PE,0.0,0.0,0.0,2.55,0.15,0,0.0,0
2014-11-10,2014-12-24,OPTSTK,TATAMOTORS,390.0,PE,0.0,0.0,0.0,3.45,0.25,0,0.0,0
2014-11-10,2014-12-24,OPTSTK,TATAMOTORS,400.0,PE,0.0,0.0,0.0,4.55,0.45,0,0.0,0
2014-11-10,2014-12-24,OPTSTK,TATAMOTORS,410.0,PE,0.0,0.0,0.0,5.9,0.7,0,0.0,0
2014-11-10,2014-12-24,OPTSTK,TATAMOTORS,420.0,PE,0.0,0.0,0.0,7.55,1.15,0,0.0,0
2014-11-10,2014-12-24,OPTSTK,TATAMOTORS,430.0,PE,0.0,0.0,0.0,9.5,1.75,0,0.0,0
2014-11-10,2014-12-24,OPTSTK,TATAMOTORS,440.0,PE,0.0,0.0,0.0,11.75,2.55,0,0.0,0
2014-11-10,2014-12-24,OPTSTK,TATAMOTORS,450.0,PE,0.0,0.0,0.0,14.35,3.7,0,0.0,0
2014-11-10,2014-12-24,OPTSTK,TATAMOTORS,460.0,PE,0.0,0.0,0.0,17.3,5.15,0,0.0,0
2014-11-10,2014-12-24,OPTSTK,TATAMOTORS,470.0,PE,0.0,0.0,0.0,20.65,7.0,0,0.0,0
2014-11-10,2014-12-24,OPTSTK,TATAMOTORS,480.0,PE,0.0,0.0,0.0,24.35,9.35,0,0.0,0
2014-11-10,2014-12-24,OPTSTK,TATAMOTORS,490.0,PE,0.0,0.0,0.0,28.45,12.15,0,0.0,0
2014-11-10,2014-12-24,OPTSTK,TATAMOTORS,500.0,PE,0.0,0.0,0.0,32.95,15.5,0,0.0,0
2014-11-10,2014-12-24,OPTSTK,TATAMOTORS,510.0,PE,0.0,0.0,0.0,37.85,19.45,0,0.0,0
2014-11-10,2014-12-24,OPTSTK,TATAMOTORS,520.0,PE,0.0,0.0,0.0,43.1,23.95,0,0.0,0
2014-11-10,2014-12-24,OPTSTK,TATAMOTORS,530.0,PE,0.0,0.0,0.0,48.75,29.0,0,0.0,0
2014-11-10,2014-12-24,OPTSTK,TATAMOTORS,540.0,PE,0.0,0.0,0.0,54.75,34.6,0,0.0,0
2014-11-10,2014-12-24,OPTSTK,TATAMOTORS,550.0,PE,0.0,0.0,0.0,26.7,40.7,0,0.0,20000
2014-11-10,2014-12-24,OPTSTK,TATAMOTORS,560.0,PE,0.0,0.0,0.0,67.7,47.35,0,0.0,0
2014-11-10,2014-12-24,OPTSTK,TATAMOTORS,570.0,PE,0.0,0.0,0.0,74.65,54.45,0,0.0,0
2014-11-10,2014-12-24,OPTSTK,TATAMOTORS,580.0,PE,0.0,0.0,0.0,81.9,62.0,0,0.0,0
2014-11-10,2014-12-24,OPTSTK,TATAMOTORS,590.0,PE,0.0,0.0,0.0,89.4,69.9,0,0.0,0
2014-11-10,2014-12-24,OPTSTK,TATAMOTORS,600.0,PE,0.0,0.0,0.0,97.1,78.15,0,0.0,0
2014-11-10,2014-12-24,OPTSTK,TATAMOTORS,610.0,PE,0.0,0.0,0.0,105.05,86.65,0,0.0,0
2014-11-10,2014-12-24,OPTSTK,TATAMOTORS,620.0,PE,0.0,0.0,0.0,113.2,95.45,0,0.0,0
2014-11-10,2014-12-24,OPTSTK,TATAMOTORS,630.0,PE,0.0,0.0,0.0,121.55,104.4,0,0.0,0
2014-11-10,2014-12-24,OPTSTK,TATAMOTORS,640.0,PE,0.0,0.0,0.0,130.05,113.6,0,0.0,0
2014-11-10,2015-01-29,OPTSTK,TATAMOTORS,350.0,CE,0.0,0.0,0.0,185.2,179.2,0,0.0,0
2014-11-10,2015-01-29,OPTSTK,TATAMOTORS,360.0,CE,0.0,0.0,0.0,175.7,169.55,0,0.0,0
2014-11-10,2015-01-29,OPTSTK,TATAMOTORS,370.0,CE,0.0,0.0,0.0,166.3,159.95,0,0.0,0
2014-11-10,2015-01-29,OPTSTK,TATAMOTORS,380.0,CE,0.0,0.0,0.0,157.05,150.45,0,0.0,0
2014-11-10,2015-01-29,OPTSTK,TATAMOTORS,390.0,CE,0.0,0.0,0.0,147.95,141.1,0,0.0,0
2014-11-10,2015-01-29,OPTSTK,TATAMOTORS,400.0,CE,0.0,0.0,0.0,139.0,131.85,0,0.0,0
2014-11-10,2015-01-29,OPTSTK,TATAMOTORS,410.0,CE,0.0,0.0,0.0,130.25,122.8,0,0.0,0
2014-11-10,2015-01-29,OPTSTK,TATAMOTORS,420.0,CE,0.0,0.0,0.0,121.75,113.95,0,0.0,0
2014-11-10,2015-01-29,OPTSTK,TATAMOTORS,430.0,CE,0.0,0.0,0.0,113.45,105.35,0,0.0,0
2014-11-10,2015-01-29,OPTSTK,TATAMOTORS,440.0,CE,0.0,0.0,0.0,105.45,97.05,0,0.0,0
2014-11-10,2015-01-29,OPTSTK,TATAMOTORS,450.0,CE,0.0,0.0,0.0,97.75,89.0,0,0.0,0
2014-11-10,2015-01-29,OPTSTK,TATAMOTORS,460.0,CE,0.0,0.0,0.0,90.35,81.35,0,0.0,0
2014-11-10,2015-01-29,OPTSTK,TATAMOTORS,470.0,CE,0.0,0.0,0.0,83.25,74.05,0,0.0,0
2014-11-10,2015-01-29,OPTSTK,TATAMOTORS,480.0,CE,0.0,0.0,0.0,76.5,67.1,0,0.0,0
2014-11-10,2015-01-29,OPTSTK,TATAMOTORS,490.0,CE,0.0,0.0,0.0,70.1,60.55,0,0.0,0
2014-11-10,2015-01-29,OPTSTK,TATAMOTORS,500.0,CE,0.0,0.0,0.0,64.1,54.4,0,0.0,0
2014-11-10,2015-01-29,OPTSTK,TATAMOTORS,510.0,CE,0.0,0.0,0.0,58.4,48.75,0,0.0,0
2014-11-10,2015-01-29,OPTSTK,TATAMOTORS,520.0,CE,0.0,0.0,0.0,53.1,43.45,0,0.0,0
2014-11-10,2015-01-29,OPTSTK,TATAMOTORS,530.0,CE,0.0,0.0,0.0,48.15,38.6,0,0.0,0
2014-11-10,2015-01-29,OPTSTK,TATAMOTORS,540.0,CE,0.0,0.0,0.0,43.55,34.15,0,0.0,0
2014-11-10,2015-01-29,OPTSTK,TATAMOTORS,550.0,CE,0.0,0.0,0.0,39.3,30.1,0,0.0,0
2014-11-10,2015-01-29,OPTSTK,TATAMOTORS,560.0,CE,0.0,0.0,0.0,35.35,26.45,0,0.0,0
2014-11-10,2015-01-29,OPTSTK,TATAMOTORS,570.0,CE,0.0,0.0,0.0,31.75,23.1,0,0.0,0
2014-11-10,2015-01-29,OPTSTK,TATAMOTORS,580.0,CE,0.0,0.0,0.0,28.4,20.15,0,0.0,0
2014-11-10,2015-01-29,OPTSTK,TATAMOTORS,590.0,CE,0.0,0.0,0.0,25.4,17.5,0,0.0,0
2014-11-10,2015-01-29,OPTSTK,TATAMOTORS,600.0,CE,6.6,6.6,6.55,6.6,6.6,34,103.11,17000
2014-11-10,2015-01-29,OPTSTK,TATAMOTORS,610.0,CE,0.0,0.0,0.0,20.15,13.1,0,0.0,0
2014-11-10,2015-01-29,OPTSTK,TATAMOTORS,620.0,CE,0.0,0.0,0.0,17.9,11.25,0,0.0,0
2014-11-10,2015-01-29,OPTSTK,TATAMOTORS,630.0,CE,0.0,0.0,0.0,15.9,9.65,0,0.0,0
2014-11-10,2015-01-29,OPTSTK,TATAMOTORS,640.0,CE,0.0,0.0,0.0,14.05,8.25,0,0.0,0
2014-11-10,2015-01-29,OPTSTK,TATAMOTORS,350.0,PE,0.0,0.0,0.0,0.7,0.3,0,0.0,0
2014-11-10,2015-01-29,OPTSTK,TATAMOTORS,360.0,PE,0.0,0.0,0.0,1.0,0.45,0,0.0,0
2014-11-10,2015-01-29,OPTSTK,TATAMOTORS,370.0,PE,0.0,0.0,0.0,1.4,0.65,0,0.0,0
2014-11-10,2015-01-29,OPTSTK,TATAMOTORS,380.0,PE,0.0,0.0,0.0,1.9,0.95,0,0.0,0
2014-11-10,2015-01-29,OPTSTK,TATAMOTORS,390.0,PE,0.0,0.0,0.0,2.6,1.4,0,0.0,0
2014-11-10,2015-01-29,OPTSTK,TATAMOTORS,400.0,PE,0.0,0.0,0.0,3.4,1.95,0,0.0,0
2014-11-10,2015-01-29,OPTSTK,TATAMOTORS,410.0,PE,0.0,0.0,0.0,4.45,2.75,0,0.0,0
2014-11-10,2015-01-29,OPTSTK,TATAMOTORS,420.0,PE,0.0,0.0,0.0,5.7,3.7,0,0.0,0
2014-11-10,2015-01-29,OPTSTK,TATAMOTORS,430.0,PE,0.0,0.0,0.0,7.25,4.9,0,0.0,0
2014-11-10,2015-01-29,OPTSTK,TATAMOTORS,440.0,PE,0.0,0.0,0.0,9.0,6.4,0,0.0,0
2014-11-10,2015-01-29,OPTSTK,TATAMOTORS,450.0,PE,0.0,0.0,0.0,11.1,8.2,0,0.0,0
2014-11-10,2015-01-29,OPTSTK,TATAMOTORS,460.0,PE,0.0,0.0,0.0,13.5,10.3,0,0.0,0
2014-11-10,2015-01-29,OPTSTK,TATAMOTORS,470.0,PE,0.0,0.0,0.0,16.2,12.8,0,0.0,0
2014-11-10,2015-01-29,OPTSTK,TATAMOTORS,480.0,PE,0.0,0.0,0.0,19.2,15.7,0,0.0,0
2014-11-10,2015-01-29,OPTSTK,TATAMOTORS,490.0,PE,0.0,0.0,0.0,22.6,18.95,0,0.0,0
2014-11-10,2015-01-29,OPTSTK,TATAMOTORS,500.0,PE,0.0,0.0,0.0,26.35,22.65,0,0.0,0
2014-11-10,2015-01-29,OPTSTK,TATAMOTORS,510.0,PE,0.0,0.0,0.0,30.45,26.75,0,0.0,0
2014-11-10,2015-01-29,OPTSTK,TATAMOTORS,520.0,PE,0.0,0.0,0.0,34.95,31.3,0,0.0,0
2014-11-10,2015-01-29,OPTSTK,TATAMOTORS,530.0,PE,0.0,0.0,0.0,39.75,36.25,0,0.0,0
2014-11-10,2015-01-29,OPTSTK,TATAMOTORS,540.0,PE,30.0,31.8,30.0,31.45,31.45,158,451.16,66500
2014-11-10,2015-01-29,OPTSTK,TATAMOTORS,550.0,PE,0.0,0.0,0.0,50.45,47.35,0,0.0,0
2014-11-10,2015-01-29,OPTSTK,TATAMOTORS,560.0,PE,0.0,0.0,0.0,56.3,53.5,0,0.0,0
2014-11-10,2015-01-29,OPTSTK,TATAMOTORS,570.0,PE,0.0,0.0,0.0,62.5,60.0,0,0.0,0
2014-11-10,2015-01-29,OPTSTK,TATAMOTORS,580.0,PE,0.0,0.0,0.0,68.95,66.85,0,0.0,0
2014-11-10,2015-01-29,OPTSTK,TATAMOTORS,590.0,PE,0.0,0.0,0.0,75.7,74.0,0,0.0,0
2014-11-10,2015-01-29,OPTSTK,TATAMOTORS,600.0,PE,0.0,0.0,0.0,82.75,81.5,0,0.0,0
2014-11-10,2015-01-29,OPTSTK,TATAMOTORS,610.0,PE,0.0,0.0,0.0,90.05,89.25,0,0.0,0
2014-11-10,2015-01-29,OPTSTK,TATAMOTORS,620.0,PE,0.0,0.0,0.0,97.6,97.2,0,0.0,0
2014-11-10,2015-01-29,OPTSTK,TATAMOTORS,630.0,PE,0.0,0.0,0.0,105.35,105.4,0,0.0,0
2014-11-10,2015-01-29,OPTSTK,TATAMOTORS,640.0,PE,0.0,0.0,0.0,113.25,113.85,0,0.0,0
2014-11-10,2014-11-27,OPTSTK,TATAMTRDVR,220.0,CE,0.0,0.0,0.0,125.7,104.45,0,0.0,0
2014-11-10,2014-11-27,OPTSTK,TATAMTRDVR,230.0,CE,0.0,0.0,0.0,127.95,94.5,0,0.0,0
2014-11-10,2014-11-27,OPTSTK,TATAMTRDVR,240.0,CE,0.0,0.0,0.0,122.35,84.5,0,0.0,0
2014-11-10,2014-11-27,OPTSTK,TATAMTRDVR,250.0,CE,0.0,0.0,0.0,127.7,74.6,0,0.0,0
2014-11-10,2014-11-27,OPTSTK,TATAMTRDVR,260.0,CE,0.0,0.0,0.0,124.05,64.7,0,0.0,0
2014-11-10,2014-11-27,OPTSTK,TATAMTRDVR,270.0,CE,0.0,0.0,0.0,114.9,54.9,0,0.0,0
2014-11-10,2014-11-27,OPTSTK,TATAMTRDVR,280.0,CE,0.0,0.0,0.0,49.55,45.4,0,0.0,2000
2014-11-10,2014-11-27,OPTSTK,TATAMTRDVR,290.0,CE,0.0,0.0,0.0,97.35,36.35,0,0.0,0
2014-11-10,2014-11-27,OPTSTK,TATAMTRDVR,300.0,CE,25.5,25.5,25.5,25.5,25.5,2,6.51,2000
2014-11-10,2014-11-27,OPTSTK,TATAMTRDVR,310.0,CE,0.0,0.0,0.0,17.5,20.75,0,0.0,2000
2014-11-10,2014-11-27,OPTSTK,TATAMTRDVR,320.0,CE,11.0,13.05,10.45,11.8,11.8,27,89.66,126000
2014-11-10,2014-11-27,OPTSTK,TATAMTRDVR,330.0,CE,8.6,9.0,6.95,7.2,7.2,149,503.15,355000
2014-11-10,2014-11-27,OPTSTK,TATAMTRDVR,340.0,CE,5.05,5.35,4.0,4.1,4.1,111,382.29,438000
2014-11-10,2014-11-27,OPTSTK,TATAMTRDVR,350.0,CE,2.9,3.2,2.3,2.55,2.55,169,596.0,252000
2014-11-10,2014-11-27,OPTSTK,TATAMTRDVR,360.0,CE,1.4,1.5,1.4,1.4,1.4,5,18.07,117000
2014-11-10,2014-11-27,OPTSTK,TATAMTRDVR,370.0,CE,1.25,1.25,0.8,0.95,0.95,40,148.46,130000
2014-11-10,2014-11-27,OPTSTK,TATAMTRDVR,380.0,CE,0.4,0.4,0.4,0.4,0.4,1,3.8,39000
2014-11-10,2014-11-27,OPTSTK,TATAMTRDVR,390.0,CE,0.0,0.0,0.0,32.55,0.35,0,0.0,0
2014-11-10,2014-11-27,OPTSTK,TATAMTRDVR,400.0,CE,0.0,0.0,0.0,28.5,0.2,0,0.0,0
2014-11-10,2014-11-27,OPTSTK,TATAMTRDVR,410.0,CE,0.0,0.0,0.0,24.9,0.1,0,0.0,0
2014-11-10,2014-11-27,OPTSTK,TATAMTRDVR,420.0,CE,0.0,0.0,0.0,21.65,0.05,0,0.0,0
2014-11-10,2014-11-27,OPTSTK,TATAMTRDVR,430.0,CE,0.0,0.0,0.0,18.75,0.05,0,0.0,0
2014-11-10,2014-11-27,OPTSTK,TATAMTRDVR,440.0,CE,0.0,0.0,0.0,16.25,0.05,0,0.0,0
2014-11-10,2014-11-27,OPTSTK,TATAMTRDVR,450.0,CE,0.0,0.0,0.0,14.0,0.0,0,0.0,0
2014-11-10,2014-11-27,OPTSTK,TATAMTRDVR,220.0,PE,0.0,0.0,0.0,0.45,0.0,0,0.0,0
2014-11-10,2014-11-27,OPTSTK,TATAMTRDVR,230.0,PE,0.0,0.0,0.0,0.5,0.0,0,0.0,0
2014-11-10,2014-11-27,OPTSTK,TATAMTRDVR,240.0,PE,0.0,0.0,0.0,0.6,0.0,0,0.0,0
2014-11-10,2014-11-27,OPTSTK,TATAMTRDVR,250.0,PE,0.0,0.0,0.0,0.7,0.05,0,0.0,0
2014-11-10,2014-11-27,OPTSTK,TATAMTRDVR,260.0,PE,0.0,0.0,0.0,1.3,0.1,0,0.0,0
2014-11-10,2014-11-27,OPTSTK,TATAMTRDVR,270.0,PE,0.0,0.0,0.0,1.9,0.3,0,0.0,0
2014-11-10,2014-11-27,OPTSTK,TATAMTRDVR,280.0,PE,0.0,0.0,0.0,0.35,0.75,0,0.0,2000
2014-11-10,2014-11-27,OPTSTK,TATAMTRDVR,290.0,PE,0.0,0.0,0.0,2.85,1.65,0,0.0,6000
2014-11-10,2014-11-27,OPTSTK,TATAMTRDVR,300.0,PE,2.5,2.5,2.5,2.5,2.5,3,9.07,142000
2014-11-10,2014-11-27,OPTSTK,TATAMTRDVR,310.0,PE,3.95,4.5,3.9,3.9,3.9,7,21.99,110000
2014-11-10,2014-11-27,OPTSTK,TATAMTRDVR,320.0,PE,8.05,8.7,7.2,7.5,7.5,37,121.26,185000
2014-11-10,2014-11-27,OPTSTK,TATAMTRDVR,330.0,PE,12.0,13.4,11.55,12.8,12.8,17,58.22,509000
2014-11-10,2014-11-27,OPTSTK,TATAMTRDVR,340.0,PE,0.0,0.0,0.0,17.75,21.5,0,0.0,12000
2014-11-10,2014-11-27,OPTSTK,TATAMTRDVR,350.0,PE,0.0,0.0,0.0,24.1,29.0,0,0.0,47000
2014-11-10,2014-11-27,OPTSTK,TATAMTRDVR,360.0,PE,0.0,0.0,0.0,30.15,37.3,0,0.0,72000
2014-11-10,2014-11-27,OPTSTK,TATAMTRDVR,370.0,PE,0.0,0.0,0.0,37.4,46.25,0,0.0,20000
2014-11-10,2014-11-27,OPTSTK,TATAMTRDVR,380.0,PE,0.0,0.0,0.0,50.75,55.65,0,0.0,10000
2014-11-10,2014-11-27,OPTSTK,TATAMTRDVR,390.0,PE,0.0,0.0,0.0,37.0,65.25,0,0.0,0
2014-11-10,2014-11-27,OPTSTK,TATAMTRDVR,400.0,PE,0.0,0.0,0.0,42.75,75.05,0,0.0,0
2014-11-10,2014-11-27,OPTSTK,TATAMTRDVR,410.0,PE,0.0,0.0,0.0,48.95,84.95,0,0.0,0
2014-11-10,2014-11-27,OPTSTK,TATAMTRDVR,420.0,PE,0.0,0.0,0.0,55.5,94.85,0,0.0,0
2014-11-10,2014-11-27,OPTSTK,TATAMTRDVR,430.0,PE,0.0,0.0,0.0,62.4,104.8,0,0.0,0
2014-11-10,2014-11-27,OPTSTK,TATAMTRDVR,440.0,PE,0.0,0.0,0.0,69.65,114.75,0,0.0,0
2014-11-10,2014-11-27,OPTSTK,TATAMTRDVR,450.0,PE,0.0,0.0,0.0,77.2,124.7,0,0.0,0
2014-11-10,2014-12-24,OPTSTK,TATAMTRDVR,220.0,CE,0.0,0.0,0.0,127.85,105.95,0,0.0,0
2014-11-10,2014-12-24,OPTSTK,TATAMTRDVR,230.0,CE,0.0,0.0,0.0,118.7,96.1,0,0.0,0
2014-11-10,2014-12-24,OPTSTK,TATAMTRDVR,240.0,CE,0.0,0.0,0.0,109.75,86.4,0,0.0,0
2014-11-10,2014-12-24,OPTSTK,TATAMTRDVR,250.0,CE,0.0,0.0,0.0,101.05,76.85,0,0.0,0
2014-11-10,2014-12-24,OPTSTK,TATAMTRDVR,260.0,CE,0.0,0.0,0.0,92.7,67.55,0,0.0,0
2014-11-10,2014-12-24,OPTSTK,TATAMTRDVR,270.0,CE,0.0,0.0,0.0,84.65,58.6,0,0.0,0
2014-11-10,2014-12-24,OPTSTK,TATAMTRDVR,280.0,CE,0.0,0.0,0.0,77.0,50.15,0,0.0,0
2014-11-10,2014-12-24,OPTSTK,TATAMTRDVR,290.0,CE,0.0,0.0,0.0,69.8,42.3,0,0.0,0
2014-11-10,2014-12-24,OPTSTK,TATAMTRDVR,300.0,CE,0.0,0.0,0.0,62.95,35.1,0,0.0,0
2014-11-10,2014-12-24,OPTSTK,TATAMTRDVR,310.0,CE,0.0,0.0,0.0,56.6,28.7,0,0.0,0
2014-11-10,2014-12-24,OPTSTK,TATAMTRDVR,320.0,CE,0.0,0.0,0.0,50.7,23.05,0,0.0,0
2014-11-10,2014-12-24,OPTSTK,TATAMTRDVR,330.0,CE,0.0,0.0,0.0,18.6,18.25,0,0.0,6000
2014-11-10,2014-12-24,OPTSTK,TATAMTRDVR,340.0,CE,0.0,0.0,0.0,15.95,14.25,0,0.0,4000
2014-11-10,2014-12-24,OPTSTK,TATAMTRDVR,350.0,CE,0.0,0.0,0.0,35.65,10.9,0,0.0,0
2014-11-10,2014-12-24,OPTSTK,TATAMTRDVR,360.0,CE,0.0,0.0,0.0,31.5,8.3,0,0.0,0
2014-11-10,2014-12-24,OPTSTK,TATAMTRDVR,370.0,CE,0.0,0.0,0.0,27.75,6.15,0,0.0,0
2014-11-10,2014-12-24,OPTSTK,TATAMTRDVR,380.0,CE,0.0,0.0,0.0,24.4,4.55,0,0.0,0
2014-11-10,2014-12-24,OPTSTK,TATAMTRDVR,390.0,CE,0.0,0.0,0.0,21.35,3.3,0,0.0,0
2014-11-10,2014-12-24,OPTSTK,TATAMTRDVR,400.0,CE,0.0,0.0,0.0,18.65,2.35,0,0.0,0
2014-11-10,2014-12-24,OPTSTK,TATAMTRDVR,410.0,CE,0.0,0.0,0.0,16.3,1.7,0,0.0,0
2014-11-10,2014-12-24,OPTSTK,TATAMTRDVR,420.0,CE,0.0,0.0,0.0,14.15,1.2,0,0.0,0
2014-11-10,2014-12-24,OPTSTK,TATAMTRDVR,430.0,CE,0.0,0.0,0.0,12.3,0.85,0,0.0,0
2014-11-10,2014-12-24,OPTSTK,TATAMTRDVR,440.0,CE,0.0,0.0,0.0,10.65,0.55,0,0.0,0
2014-11-10,2014-12-24,OPTSTK,TATAMTRDVR,450.0,CE,0.0,0.0,0.0,9.2,0.4,0,0.0,0
2014-11-10,2014-12-24,OPTSTK,TATAMTRDVR,220.0,PE,0.0,0.0,0.0,1.15,0.1,0,0.0,0
2014-11-10,2014-12-24,OPTSTK,TATAMTRDVR,230.0,PE,0.0,0.0,0.0,1.75,0.15,0,0.0,0
2014-11-10,2014-12-24,OPTSTK,TATAMTRDVR,240.0,PE,0.0,0.0,0.0,2.6,0.35,0,0.0,0
2014-11-10,2014-12-24,OPTSTK,TATAMTRDVR,250.0,PE,0.0,0.0,0.0,3.7,0.7,0,0.0,0
2014-11-10,2014-12-24,OPTSTK,TATAMTRDVR,260.0,PE,0.0,0.0,0.0,5.1,1.3,0,0.0,0
2014-11-10,2014-12-24,OPTSTK,TATAMTRDVR,270.0,PE,0.0,0.0,0.0,6.85,2.25,0,0.0,0
2014-11-10,2014-12-24,OPTSTK,TATAMTRDVR,280.0,PE,0.0,0.0,0.0,9.0,3.7,0,0.0,0
2014-11-10,2014-12-24,OPTSTK,TATAMTRDVR,290.0,PE,0.0,0.0,0.0,11.55,5.7,0,0.0,0
2014-11-10,2014-12-24,OPTSTK,TATAMTRDVR,300.0,PE,0.0,0.0,0.0,14.55,8.4,0,0.0,0
2014-11-10,2014-12-24,OPTSTK,TATAMTRDVR,310.0,PE,0.0,0.0,0.0,17.95,11.9,0,0.0,0
2014-11-10,2014-12-24,OPTSTK,TATAMTRDVR,320.0,PE,0.0,0.0,0.0,21.8,16.15,0,0.0,0
2014-11-10,2014-12-24,OPTSTK,TATAMTRDVR,330.0,PE,0.0,0.0,0.0,26.15,21.25,0,0.0,0
2014-11-10,2014-12-24,OPTSTK,TATAMTRDVR,340.0,PE,0.0,0.0,0.0,30.9,27.1,0,0.0,0
2014-11-10,2014-12-24,OPTSTK,TATAMTRDVR,350.0,PE,0.0,0.0,0.0,36.15,33.7,0,0.0,0
2014-11-10,2014-12-24,OPTSTK,TATAMTRDVR,360.0,PE,0.0,0.0,0.0,41.75,40.95,0,0.0,0
2014-11-10,2014-12-24,OPTSTK,TATAMTRDVR,370.0,PE,0.0,0.0,0.0,47.8,48.75,0,0.0,0
2014-11-10,2014-12-24,OPTSTK,TATAMTRDVR,380.0,PE,0.0,0.0,0.0,54.2,57.0,0,0.0,0
2014-11-10,2014-12-24,OPTSTK,TATAMTRDVR,390.0,PE,0.0,0.0,0.0,60.95,65.65,0,0.0,0
2014-11-10,2014-12-24,OPTSTK,TATAMTRDVR,400.0,PE,0.0,0.0,0.0,68.05,74.65,0,0.0,0
2014-11-10,2014-12-24,OPTSTK,TATAMTRDVR,410.0,PE,0.0,0.0,0.0,75.45,83.85,0,0.0,0
2014-11-10,2014-12-24,OPTSTK,TATAMTRDVR,420.0,PE,0.0,0.0,0.0,83.1,93.25,0,0.0,0
2014-11-10,2014-12-24,OPTSTK,TATAMTRDVR,430.0,PE,0.0,0.0,0.0,91.05,102.75,0,0.0,0
2014-11-10,2014-12-24,OPTSTK,TATAMTRDVR,440.0,PE,0.0,0.0,0.0,99.15,112.4,0,0.0,0
2014-11-10,2014-12-24,OPTSTK,TATAMTRDVR,450.0,PE,0.0,0.0,0.0,107.5,122.15,0,0.0,0
2014-11-10,2015-01-29,OPTSTK,TATAMTRDVR,220.0,CE,0.0,0.0,0.0,113.3,108.25,0,0.0,0
2014-11-10,2015-01-29,OPTSTK,TATAMTRDVR,230.0,CE,0.0,0.0,0.0,104.0,98.8,0,0.0,0
2014-11-10,2015-01-29,OPTSTK,TATAMTRDVR,240.0,CE,0.0,0.0,0.0,94.95,89.6,0,0.0,0
2014-11-10,2015-01-29,OPTSTK,TATAMTRDVR,250.0,CE,0.0,0.0,0.0,86.2,80.65,0,0.0,0
2014-11-10,2015-01-29,OPTSTK,TATAMTRDVR,260.0,CE,0.0,0.0,0.0,77.75,72.1,0,0.0,0
2014-11-10,2015-01-29,OPTSTK,TATAMTRDVR,270.0,CE,0.0,0.0,0.0,69.75,63.9,0,0.0,0
2014-11-10,2015-01-29,OPTSTK,TATAMTRDVR,280.0,CE,0.0,0.0,0.0,62.15,56.25,0,0.0,0
2014-11-10,2015-01-29,OPTSTK,TATAMTRDVR,290.0,CE,0.0,0.0,0.0,55.05,49.1,0,0.0,0
2014-11-10,2015-01-29,OPTSTK,TATAMTRDVR,300.0,CE,0.0,0.0,0.0,48.5,42.5,0,0.0,0
2014-11-10,2015-01-29,OPTSTK,TATAMTRDVR,310.0,CE,0.0,0.0,0.0,42.45,36.5,0,0.0,0
2014-11-10,2015-01-29,OPTSTK,TATAMTRDVR,320.0,CE,0.0,0.0,0.0,36.95,31.15,0,0.0,0
2014-11-10,2015-01-29,OPTSTK,TATAMTRDVR,330.0,CE,0.0,0.0,0.0,31.95,26.35,0,0.0,0
2014-11-10,2015-01-29,OPTSTK,TATAMTRDVR,340.0,CE,0.0,0.0,0.0,27.5,22.15,0,0.0,0
2014-11-10,2015-01-29,OPTSTK,TATAMTRDVR,350.0,CE,0.0,0.0,0.0,23.55,18.45,0,0.0,0
2014-11-10,2015-01-29,OPTSTK,TATAMTRDVR,360.0,CE,0.0,0.0,0.0,20.1,15.3,0,0.0,0
2014-11-10,2015-01-29,OPTSTK,TATAMTRDVR,370.0,CE,0.0,0.0,0.0,17.05,12.6,0,0.0,0
2014-11-10,2015-01-29,OPTSTK,TATAMTRDVR,380.0,CE,0.0,0.0,0.0,14.4,10.35,0,0.0,0
2014-11-10,2015-01-29,OPTSTK,TATAMTRDVR,390.0,CE,0.0,0.0,0.0,12.1,8.4,0,0.0,0
2014-11-10,2015-01-29,OPTSTK,TATAMTRDVR,400.0,CE,0.0,0.0,0.0,10.15,6.8,0,0.0,0
2014-11-10,2015-01-29,OPTSTK,TATAMTRDVR,410.0,CE,0.0,0.0,0.0,8.45,5.5,0,0.0,0
2014-11-10,2015-01-29,OPTSTK,TATAMTRDVR,420.0,CE,0.0,0.0,0.0,7.05,4.4,0,0.0,0
2014-11-10,2015-01-29,OPTSTK,TATAMTRDVR,430.0,CE,0.0,0.0,0.0,5.85,3.5,0,0.0,0
2014-11-10,2015-01-29,OPTSTK,TATAMTRDVR,440.0,CE,0.0,0.0,0.0,4.8,2.8,0,0.0,0
2014-11-10,2015-01-29,OPTSTK,TATAMTRDVR,450.0,CE,0.0,0.0,0.0,3.95,2.2,0,0.0,0
2014-11-10,2015-01-29,OPTSTK,TATAMTRDVR,220.0,PE,0.0,0.0,0.0,0.8,0.5,0,0.0,0
2014-11-10,2015-01-29,OPTSTK,TATAMTRDVR,230.0,PE,0.0,0.0,0.0,1.3,0.9,0,0.0,0
2014-11-10,2015-01-29,OPTSTK,TATAMTRDVR,240.0,PE,0.0,0.0,0.0,2.0,1.5,0,0.0,0
2014-11-10,2015-01-29,OPTSTK,TATAMTRDVR,250.0,PE,0.0,0.0,0.0,3.05,2.4,0,0.0,0
2014-11-10,2015-01-29,OPTSTK,TATAMTRDVR,260.0,PE,0.0,0.0,0.0,4.4,3.6,0,0.0,0
2014-11-10,2015-01-29,OPTSTK,TATAMTRDVR,270.0,PE,0.0,0.0,0.0,6.15,5.25,0,0.0,0
2014-11-10,2015-01-29,OPTSTK,TATAMTRDVR,280.0,PE,0.0,0.0,0.0,8.35,7.4,0,0.0,0
2014-11-10,2015-01-29,OPTSTK,TATAMTRDVR,290.0,PE,0.0,0.0,0.0,11.05,10.05,0,0.0,0
2014-11-10,2015-01-29,OPTSTK,TATAMTRDVR,300.0,PE,0.0,0.0,0.0,14.25,13.25,0,0.0,0
2014-11-10,2015-01-29,OPTSTK,TATAMTRDVR,310.0,PE,0.0,0.0,0.0,18.0,17.1,0,0.0,0
2014-11-10,2015-01-29,OPTSTK,TATAMTRDVR,320.0,PE,0.0,0.0,0.0,22.3,21.5,0,0.0,0
2014-11-10,2015-01-29,OPTSTK,TATAMTRDVR,330.0,PE,0.0,0.0,0.0,27.1,26.55,0,0.0,0
2014-11-10,2015-01-29,OPTSTK,TATAMTRDVR,340.0,PE,0.0,0.0,0.0,32.45,32.15,0,0.0,0
2014-11-10,2015-01-29,OPTSTK,TATAMTRDVR,350.0,PE,0.0,0.0,0.0,38.25,38.3,0,0.0,0
2014-11-10,2015-01-29,OPTSTK,TATAMTRDVR,360.0,PE,0.0,0.0,0.0,44.55,44.95,0,0.0,0
2014-11-10,2015-01-29,OPTSTK,TATAMTRDVR,370.0,PE,0.0,0.0,0.0,51.3,52.05,0,0.0,0
2014-11-10,2015-01-29,OPTSTK,TATAMTRDVR,380.0,PE,0.0,0.0,0.0,58.45,59.6,0,0.0,0
2014-11-10,2015-01-29,OPTSTK,TATAMTRDVR,390.0,PE,0.0,0.0,0.0,65.95,67.45,0,0.0,0
2014-11-10,2015-01-29,OPTSTK,TATAMTRDVR,400.0,PE,0.0,0.0,0.0,73.75,75.7,0,0.0,0
2014-11-10,2015-01-29,OPTSTK,TATAMTRDVR,410.0,PE,0.0,0.0,0.0,81.85,84.15,0,0.0,0
2014-11-10,2015-01-29,OPTSTK,TATAMTRDVR,420.0,PE,0.0,0.0,0.0,90.2,92.9,0,0.0,0
2014-11-10,2015-01-29,OPTSTK,TATAMTRDVR,430.0,PE,0.0,0.0,0.0,98.8,101.8,0,0.0,0
2014-11-10,2015-01-29,OPTSTK,TATAMTRDVR,440.0,PE,0.0,0.0,0.0,107.55,110.9,0,0.0,0
2014-11-10,2015-01-29,OPTSTK,TATAMTRDVR,450.0,PE,0.0,0.0,0.0,116.5,120.15,0,0.0,0
2014-11-10,2014-11-27,OPTSTK,TATAPOWER,60.0,CE,0.0,0.0,0.0,28.05,33.6,0,0.0,0
2014-11-10,2014-11-27,OPTSTK,TATAPOWER,62.5,CE,0.0,0.0,0.0,22.2,31.1,0,0.0,0
2014-11-10,2014-11-27,OPTSTK,TATAPOWER,65.0,CE,0.0,0.0,0.0,23.4,28.65,0,0.0,0
2014-11-10,2014-11-27,OPTSTK,TATAPOWER,67.5,CE,0.0,0.0,0.0,17.65,26.15,0,0.0,0
2014-11-10,2014-11-27,OPTSTK,TATAPOWER,70.0,CE,0.0,0.0,0.0,19.0,23.65,0,0.0,0
2014-11-10,2014-11-27,OPTSTK,TATAPOWER,72.5,CE,0.0,0.0,0.0,13.5,21.15,0,0.0,0
2014-11-10,2014-11-27,OPTSTK,TATAPOWER,75.0,CE,0.0,0.0,0.0,15.0,18.65,0,0.0,0
2014-11-10,2014-11-27,OPTSTK,TATAPOWER,77.5,CE,0.0,0.0,0.0,9.9,16.2,0,0.0,0
2014-11-10,2014-11-27,OPTSTK,TATAPOWER,80.0,CE,0.0,0.0,0.0,11.5,13.75,0,0.0,0
2014-11-10,2014-11-27,OPTSTK,TATAPOWER,82.5,CE,0.0,0.0,0.0,7.0,11.35,0,0.0,0
2014-11-10,2014-11-27,OPTSTK,TATAPOWER,85.0,CE,0.0,0.0,0.0,8.05,9.05,0,0.0,12000
2014-11-10,2014-11-27,OPTSTK,TATAPOWER,87.5,CE,0.0,0.0,0.0,5.1,6.95,0,0.0,20000
2014-11-10,2014-11-27,OPTSTK,TATAPOWER,90.0,CE,3.85,4.65,3.5,4.65,4.65,10,37.6,356000
2014-11-10,2014-11-27,OPTSTK,TATAPOWER,92.5,CE,2.6,3.4,2.5,3.4,3.4,10,38.22,132000
2014-11-10,2014-11-27,OPTSTK,TATAPOWER,95.0,CE,1.7,2.2,1.4,2.15,2.15,160,619.32,800000
2014-11-10,2014-11-27,OPTSTK,TATAPOWER,97.5,CE,1.1,1.4,0.9,1.35,1.35,21,82.84,160000
2014-11-10,2014-11-27,OPTSTK,TATAPOWER,100.0,CE,0.6,0.8,0.5,0.8,0.8,46,185.28,828000
2014-11-10,2014-11-27,OPTSTK,TATAPOWER,102.5,CE,0.0,0.0,0.0,0.4,0.5,0,0.0,4000
2014-11-10,2014-11-27,OPTSTK,TATAPOWER,105.0,CE,0.15,0.3,0.15,0.3,0.3,4,16.83,180000
2014-11-10,2014-11-27,OPTSTK,TATAPOWER,107.5,CE,0.0,0.0,0.0,0.7,0.15,0,0.0,0
2014-11-10,2014-11-27,OPTSTK,TATAPOWER,110.0,CE,0.15,0.15,0.15,0.15,0.15,2,8.81,116000
2014-11-10,2014-11-27,OPTSTK,TATAPOWER,112.5,CE,0.25,0.75,0.25,0.75,0.75,2,9.04,0
2014-11-10,2014-11-27,OPTSTK,TATAPOWER,115.0,CE,0.0,0.0,0.0,0.9,0.05,0,0.0,0
2014-11-10,2014-11-27,OPTSTK,TATAPOWER,117.5,CE,0.0,0.0,0.0,0.25,0.0,0,0.0,0
2014-11-10,2014-11-27,OPTSTK,TATAPOWER,120.0,CE,0.0,0.0,0.0,0.55,0.0,0,0.0,0
2014-11-10,2014-11-27,OPTSTK,TATAPOWER,122.5,CE,0.0,0.0,0.0,0.15,0.0,0,0.0,0
2014-11-10,2014-11-27,OPTSTK,TATAPOWER,125.0,CE,0.0,0.0,0.0,0.35,0.0,0,0.0,0
2014-11-10,2014-11-27,OPTSTK,TATAPOWER,130.0,CE,0.0,0.0,0.0,0.25,0.0,0,0.0,0
2014-11-10,2014-11-27,OPTSTK,TATAPOWER,135.0,CE,0.0,0.0,0.0,0.15,0.0,0,0.0,0
2014-11-10,2014-11-27,OPTSTK,TATAPOWER,60.0,PE,0.0,0.0,0.0,0.15,0.0,0,0.0,0
2014-11-10,2014-11-27,OPTSTK,TATAPOWER,62.5,PE,0.0,0.0,0.0,0.25,0.0,0,0.0,0
2014-11-10,2014-11-27,OPTSTK,TATAPOWER,65.0,PE,0.0,0.0,0.0,0.4,0.0,0,0.0,0
2014-11-10,2014-11-27,OPTSTK,TATAPOWER,67.5,PE,0.0,0.0,0.0,0.6,0.0,0,0.0,0
2014-11-10,2014-11-27,OPTSTK,TATAPOWER,70.0,PE,0.0,0.0,0.0,0.9,0.0,0,0.0,0
2014-11-10,2014-11-27,OPTSTK,TATAPOWER,72.5,PE,0.0,0.0,0.0,1.4,0.0,0,0.0,0
2014-11-10,2014-11-27,OPTSTK,TATAPOWER,75.0,PE,0.0,0.0,0.0,1.8,0.0,0,0.0,0
2014-11-10,2014-11-27,OPTSTK,TATAPOWER,77.5,PE,0.0,0.0,0.0,2.75,0.05,0,0.0,0
2014-11-10,2014-11-27,OPTSTK,TATAPOWER,80.0,PE,0.2,0.2,0.2,0.2,0.2,1,3.2,32000
2014-11-10,2014-11-27,OPTSTK,TATAPOWER,82.5,PE,0.3,0.3,0.3,0.3,0.3,1,3.31,8000
2014-11-10,2014-11-27,OPTSTK,TATAPOWER,85.0,PE,0.6,0.6,0.35,0.35,0.35,11,37.62,172000
2014-11-10,2014-11-27,OPTSTK,TATAPOWER,87.5,PE,1.2,1.2,0.65,0.65,0.65,3,10.6,52000
2014-11-10,2014-11-27,OPTSTK,TATAPOWER,90.0,PE,1.8,2.15,1.2,1.3,1.3,97,356.06,512000
2014-11-10,2014-11-27,OPTSTK,TATAPOWER,92.5,PE,3.0,3.0,2.25,2.4,2.4,11,41.89,28000
2014-11-10,2014-11-27,OPTSTK,TATAPOWER,95.0,PE,4.85,4.85,3.55,3.55,3.55,4,15.84,100000
2014-11-10,2014-11-27,OPTSTK,TATAPOWER,97.5,PE,0.0,0.0,0.0,14.45,5.25,0,0.0,0
2014-11-10,2014-11-27,OPTSTK,TATAPOWER,100.0,PE,0.0,0.0,0.0,8.15,7.15,0,0.0,96000
2014-11-10,2014-11-27,OPTSTK,TATAPOWER,102.5,PE,0.0,0.0,0.0,18.6,9.25,0,0.0,0
2014-11-10,2014-11-27,OPTSTK,TATAPOWER,105.0,PE,0.0,0.0,0.0,13.25,11.5,0,0.0,40000
2014-11-10,2014-11-27,OPTSTK,TATAPOWER,107.5,PE,0.0,0.0,0.0,23.05,13.85,0,0.0,0
2014-11-10,2014-11-27,OPTSTK,TATAPOWER,110.0,PE,0.0,0.0,0.0,18.65,16.3,0,0.0,32000
2014-11-10,2014-11-27,OPTSTK,TATAPOWER,112.5,PE,0.0,0.0,0.0,27.7,18.75,0,0.0,0
2014-11-10,2014-11-27,OPTSTK,TATAPOWER,115.0,PE,0.0,0.0,0.0,26.85,21.25,0,0.0,0
2014-11-10,2014-11-27,OPTSTK,TATAPOWER,117.5,PE,0.0,0.0,0.0,32.45,23.7,0,0.0,0
2014-11-10,2014-11-27,OPTSTK,TATAPOWER,120.0,PE,0.0,0.0,0.0,31.4,26.2,0,0.0,0
2014-11-10,2014-11-27,OPTSTK,TATAPOWER,122.5,PE,0.0,0.0,0.0,37.25,28.7,0,0.0,0
2014-11-10,2014-11-27,OPTSTK,TATAPOWER,125.0,PE,0.0,0.0,0.0,36.1,31.2,0,0.0,0
2014-11-10,2014-11-27,OPTSTK,TATAPOWER,130.0,PE,0.0,0.0,0.0,40.85,36.15,0,0.0,0
2014-11-10,2014-11-27,OPTSTK,TATAPOWER,135.0,PE,0.0,0.0,0.0,45.7,41.15,0,0.0,0
2014-11-10,2014-12-24,OPTSTK,TATAPOWER,60.0,CE,0.0,0.0,0.0,25.1,34.0,0,0.0,0
2014-11-10,2014-12-24,OPTSTK,TATAPOWER,62.5,CE,0.0,0.0,0.0,22.85,31.55,0,0.0,0
2014-11-10,2014-12-24,OPTSTK,TATAPOWER,65.0,CE,0.0,0.0,0.0,20.65,29.05,0,0.0,0
2014-11-10,2014-12-24,OPTSTK,TATAPOWER,67.5,CE,0.0,0.0,0.0,18.5,26.6,0,0.0,0
2014-11-10,2014-12-24,OPTSTK,TATAPOWER,70.0,CE,0.0,0.0,0.0,16.5,24.15,0,0.0,0
2014-11-10,2014-12-24,OPTSTK,TATAPOWER,72.5,CE,0.0,0.0,0.0,14.6,21.7,0,0.0,0
2014-11-10,2014-12-24,OPTSTK,TATAPOWER,75.0,CE,0.0,0.0,0.0,12.85,19.3,0,0.0,0
2014-11-10,2014-12-24,OPTSTK,TATAPOWER,77.5,CE,0.0,0.0,0.0,11.2,16.95,0,0.0,0
2014-11-10,2014-12-24,OPTSTK,TATAPOWER,80.0,CE,0.0,0.0,0.0,9.75,14.7,0,0.0,0
2014-11-10,2014-12-24,OPTSTK,TATAPOWER,82.5,CE,0.0,0.0,0.0,8.4,12.55,0,0.0,0
2014-11-10,2014-12-24,OPTSTK,TATAPOWER,85.0,CE,0.0,0.0,0.0,7.15,10.55,0,0.0,0
2014-11-10,2014-12-24,OPTSTK,TATAPOWER,87.5,CE,0.0,0.0,0.0,6.1,8.7,0,0.0,0
2014-11-10,2014-12-24,OPTSTK,TATAPOWER,90.0,CE,0.0,0.0,0.0,5.15,7.05,0,0.0,0
2014-11-10,2014-12-24,OPTSTK,TATAPOWER,92.5,CE,0.0,0.0,0.0,4.35,5.6,0,0.0,0
2014-11-10,2014-12-24,OPTSTK,TATAPOWER,95.0,CE,0.0,0.0,0.0,4.05,4.4,0,0.0,8000
2014-11-10,2014-12-24,OPTSTK,TATAPOWER,97.5,CE,0.0,0.0,0.0,3.0,3.35,0,0.0,0
2014-11-10,2014-12-24,OPTSTK,TATAPOWER,100.0,CE,0.0,0.0,0.0,2.5,2.55,0,0.0,0
2014-11-10,2014-12-24,OPTSTK,TATAPOWER,102.5,CE,0.0,0.0,0.0,2.05,1.9,0,0.0,0
2014-11-10,2014-12-24,OPTSTK,TATAPOWER,105.0,CE,0.0,0.0,0.0,1.7,1.35,0,0.0,0
2014-11-10,2014-12-24,OPTSTK,TATAPOWER,107.5,CE,0.0,0.0,0.0,1.4,1.0,0,0.0,0
2014-11-10,2014-12-24,OPTSTK,TATAPOWER,110.0,CE,0.0,0.0,0.0,1.1,0.7,0,0.0,0
2014-11-10,2014-12-24,OPTSTK,TATAPOWER,112.5,CE,0.0,0.0,0.0,0.9,0.5,0,0.0,0
2014-11-10,2014-12-24,OPTSTK,TATAPOWER,115.0,CE,0.0,0.0,0.0,0.75,0.35,0,0.0,0
2014-11-10,2014-12-24,OPTSTK,TATAPOWER,117.5,CE,0.0,0.0,0.0,0.6,0.25,0,0.0,0
2014-11-10,2014-12-24,OPTSTK,TATAPOWER,120.0,CE,0.0,0.0,0.0,0.5,0.15,0,0.0,0
2014-11-10,2014-12-24,OPTSTK,TATAPOWER,122.5,CE,0.0,0.0,0.0,0.4,0.1,0,0.0,0
2014-11-10,2014-12-24,OPTSTK,TATAPOWER,60.0,PE,0.0,0.0,0.0,0.3,0.0,0,0.0,0
2014-11-10,2014-12-24,OPTSTK,TATAPOWER,62.5,PE,0.0,0.0,0.0,0.5,0.0,0,0.0,0
2014-11-10,2014-12-24,OPTSTK,TATAPOWER,65.0,PE,0.0,0.0,0.0,0.7,0.0,0,0.0,0
2014-11-10,2014-12-24,OPTSTK,TATAPOWER,67.5,PE,0.0,0.0,0.0,1.05,0.05,0,0.0,0
2014-11-10,2014-12-24,OPTSTK,TATAPOWER,70.0,PE,0.0,0.0,0.0,1.5,0.05,0,0.0,0
2014-11-10,2014-12-24,OPTSTK,TATAPOWER,72.5,PE,0.0,0.0,0.0,2.05,0.1,0,0.0,0
2014-11-10,2014-12-24,OPTSTK,TATAPOWER,75.0,PE,0.0,0.0,0.0,2.7,0.15,0,0.0,0
2014-11-10,2014-12-24,OPTSTK,TATAPOWER,77.5,PE,0.0,0.0,0.0,3.55,0.3,0,0.0,0
2014-11-10,2014-12-24,OPTSTK,TATAPOWER,80.0,PE,0.0,0.0,0.0,4.5,0.5,0,0.0,0
2014-11-10,2014-12-24,OPTSTK,TATAPOWER,82.5,PE,0.0,0.0,0.0,5.6,0.8,0,0.0,0
2014-11-10,2014-12-24,OPTSTK,TATAPOWER,85.0,PE,0.0,0.0,0.0,6.8,1.3,0,0.0,0
2014-11-10,2014-12-24,OPTSTK,TATAPOWER,87.5,PE,0.0,0.0,0.0,8.2,1.9,0,0.0,0
2014-11-10,2014-12-24,OPTSTK,TATAPOWER,90.0,PE,0.0,0.0,0.0,9.7,2.75,0,0.0,0
2014-11-10,2014-12-24,OPTSTK,TATAPOWER,92.5,PE,0.0,0.0,0.0,11.3,3.8,0,0.0,0
2014-11-10,2014-12-24,OPTSTK,TATAPOWER,95.0,PE,0.0,0.0,0.0,13.05,5.05,0,0.0,0
2014-11-10,2014-12-24,OPTSTK,TATAPOWER,97.5,PE,0.0,0.0,0.0,14.9,6.5,0,0.0,0
2014-11-10,2014-12-24,OPTSTK,TATAPOWER,100.0,PE,0.0,0.0,0.0,16.8,8.15,0,0.0,0
2014-11-10,2014-12-24,OPTSTK,TATAPOWER,102.5,PE,0.0,0.0,0.0,18.8,9.95,0,0.0,0
2014-11-10,2014-12-24,OPTSTK,TATAPOWER,105.0,PE,0.0,0.0,0.0,20.9,11.9,0,0.0,0
2014-11-10,2014-12-24,OPTSTK,TATAPOWER,107.5,PE,0.0,0.0,0.0,23.05,14.0,0,0.0,0
2014-11-10,2014-12-24,OPTSTK,TATAPOWER,110.0,PE,0.0,0.0,0.0,25.2,16.2,0,0.0,0
2014-11-10,2014-12-24,OPTSTK,TATAPOWER,112.5,PE,0.0,0.0,0.0,27.45,18.45,0,0.0,0
2014-11-10,2014-12-24,OPTSTK,TATAPOWER,115.0,PE,0.0,0.0,0.0,29.75,20.8,0,0.0,0
2014-11-10,2014-12-24,OPTSTK,TATAPOWER,117.5,PE,0.0,0.0,0.0,32.05,23.15,0,0.0,0
2014-11-10,2014-12-24,OPTSTK,TATAPOWER,120.0,PE,0.0,0.0,0.0,34.35,25.55,0,0.0,0
2014-11-10,2014-12-24,OPTSTK,TATAPOWER,122.5,PE,0.0,0.0,0.0,36.7,28.0,0,0.0,0
2014-11-10,2015-01-29,OPTSTK,TATAPOWER,60.0,CE,0.0,0.0,0.0,32.0,34.5,0,0.0,0
2014-11-10,2015-01-29,OPTSTK,TATAPOWER,62.5,CE,0.0,0.0,0.0,29.6,32.1,0,0.0,0
2014-11-10,2015-01-29,OPTSTK,TATAPOWER,65.0,CE,0.0,0.0,0.0,27.2,29.65,0,0.0,0
2014-11-10,2015-01-29,OPTSTK,TATAPOWER,67.5,CE,0.0,0.0,0.0,24.85,27.25,0,0.0,0
2014-11-10,2015-01-29,OPTSTK,TATAPOWER,70.0,CE,0.0,0.0,0.0,22.55,24.9,0,0.0,0
2014-11-10,2015-01-29,OPTSTK,TATAPOWER,72.5,CE,0.0,0.0,0.0,20.3,22.55,0,0.0,0
2014-11-10,2015-01-29,OPTSTK,TATAPOWER,75.0,CE,0.0,0.0,0.0,18.15,20.3,0,0.0,0
2014-11-10,2015-01-29,OPTSTK,TATAPOWER,77.5,CE,0.0,0.0,0.0,16.05,18.1,0,0.0,0
2014-11-10,2015-01-29,OPTSTK,TATAPOWER,80.0,CE,0.0,0.0,0.0,14.1,16.05,0,0.0,0
2014-11-10,2015-01-29,OPTSTK,TATAPOWER,82.5,CE,0.0,0.0,0.0,12.3,14.05,0,0.0,0
2014-11-10,2015-01-29,OPTSTK,TATAPOWER,85.0,CE,0.0,0.0,0.0,10.65,12.25,0,0.0,0
2014-11-10,2015-01-29,OPTSTK,TATAPOWER,87.5,CE,0.0,0.0,0.0,9.1,10.55,0,0.0,0
2014-11-10,2015-01-29,OPTSTK,TATAPOWER,90.0,CE,0.0,0.0,0.0,7.75,9.0,0,0.0,0
2014-11-10,2015-01-29,OPTSTK,TATAPOWER,92.5,CE,0.0,0.0,0.0,6.5,7.6,0,0.0,0
2014-11-10,2015-01-29,OPTSTK,TATAPOWER,95.0,CE,0.0,0.0,0.0,5.45,6.4,0,0.0,0
2014-11-10,2015-01-29,OPTSTK,TATAPOWER,97.5,CE,0.0,0.0,0.0,4.5,5.3,0,0.0,0
2014-11-10,2015-01-29,OPTSTK,TATAPOWER,100.0,CE,0.0,0.0,0.0,3.7,4.4,0,0.0,0
2014-11-10,2015-01-29,OPTSTK,TATAPOWER,102.5,CE,0.0,0.0,0.0,3.05,3.6,0,0.0,0
2014-11-10,2015-01-29,OPTSTK,TATAPOWER,105.0,CE,0.0,0.0,0.0,2.45,2.9,0,0.0,0
2014-11-10,2015-01-29,OPTSTK,TATAPOWER,107.5,CE,0.0,0.0,0.0,2.0,2.35,0,0.0,0
2014-11-10,2015-01-29,OPTSTK,TATAPOWER,110.0,CE,0.0,0.0,0.0,1.6,1.85,0,0.0,0
2014-11-10,2015-01-29,OPTSTK,TATAPOWER,112.5,CE,0.0,0.0,0.0,1.25,1.5,0,0.0,0
2014-11-10,2015-01-29,OPTSTK,TATAPOWER,115.0,CE,0.0,0.0,0.0,1.0,1.15,0,0.0,0
2014-11-10,2015-01-29,OPTSTK,TATAPOWER,117.5,CE,0.0,0.0,0.0,0.8,0.9,0,0.0,0
2014-11-10,2015-01-29,OPTSTK,TATAPOWER,120.0,CE,0.0,0.0,0.0,0.6,0.7,0,0.0,0
2014-11-10,2015-01-29,OPTSTK,TATAPOWER,122.5,CE,0.0,0.0,0.0,0.5,0.55,0,0.0,0
2014-11-10,2015-01-29,OPTSTK,TATAPOWER,60.0,PE,0.0,0.0,0.0,0.05,0.05,0,0.0,0
2014-11-10,2015-01-29,OPTSTK,TATAPOWER,62.5,PE,0.0,0.0,0.0,0.1,0.05,0,0.0,0
2014-11-10,2015-01-29,OPTSTK,TATAPOWER,65.0,PE,0.0,0.0,0.0,0.15,0.1,0,0.0,0
2014-11-10,2015-01-29,OPTSTK,TATAPOWER,67.5,PE,0.0,0.0,0.0,0.25,0.1,0,0.0,0
2014-11-10,2015-01-29,OPTSTK,TATAPOWER,70.0,PE,0.0,0.0,0.0,0.35,0.2,0,0.0,0
2014-11-10,2015-01-29,OPTSTK,TATAPOWER,72.5,PE,0.0,0.0,0.0,0.55,0.35,0,0.0,0
2014-11-10,2015-01-29,OPTSTK,TATAPOWER,75.0,PE,0.0,0.0,0.0,0.85,0.55,0,0.0,0
2014-11-10,2015-01-29,OPTSTK,TATAPOWER,77.5,PE,0.0,0.0,0.0,1.25,0.8,0,0.0,0
2014-11-10,2015-01-29,OPTSTK,TATAPOWER,80.0,PE,0.0,0.0,0.0,1.75,1.15,0,0.0,0
2014-11-10,2015-01-29,OPTSTK,TATAPOWER,82.5,PE,0.0,0.0,0.0,2.4,1.65,0,0.0,0
2014-11-10,2015-01-29,OPTSTK,TATAPOWER,85.0,PE,0.0,0.0,0.0,3.15,2.3,0,0.0,0
2014-11-10,2015-01-29,OPTSTK,TATAPOWER,87.5,PE,0.0,0.0,0.0,4.1,3.05,0,0.0,0
2014-11-10,2015-01-29,OPTSTK,TATAPOWER,90.0,PE,0.0,0.0,0.0,5.15,3.95,0,0.0,0
2014-11-10,2015-01-29,OPTSTK,TATAPOWER,92.5,PE,0.0,0.0,0.0,6.4,5.0,0,0.0,0
2014-11-10,2015-01-29,OPTSTK,TATAPOWER,95.0,PE,0.0,0.0,0.0,7.75,6.25,0,0.0,0
2014-11-10,2015-01-29,OPTSTK,TATAPOWER,97.5,PE,0.0,0.0,0.0,9.25,7.6,0,0.0,0
2014-11-10,2015-01-29,OPTSTK,TATAPOWER,100.0,PE,0.0,0.0,0.0,10.9,9.15,0,0.0,0
2014-11-10,2015-01-29,OPTSTK,TATAPOWER,102.5,PE,0.0,0.0,0.0,12.65,10.8,0,0.0,0
2014-11-10,2015-01-29,OPTSTK,TATAPOWER,105.0,PE,0.0,0.0,0.0,14.55,12.55,0,0.0,0
2014-11-10,2015-01-29,OPTSTK,TATAPOWER,107.5,PE,0.0,0.0,0.0,16.5,14.45,0,0.0,0
2014-11-10,2015-01-29,OPTSTK,TATAPOWER,110.0,PE,0.0,0.0,0.0,18.55,16.45,0,0.0,0
2014-11-10,2015-01-29,OPTSTK,TATAPOWER,112.5,PE,0.0,0.0,0.0,20.7,18.5,0,0.0,0
2014-11-10,2015-01-29,OPTSTK,TATAPOWER,115.0,PE,0.0,0.0,0.0,22.85,20.65,0,0.0,0
2014-11-10,2015-01-29,OPTSTK,TATAPOWER,117.5,PE,0.0,0.0,0.0,25.1,22.85,0,0.0,0
2014-11-10,2015-01-29,OPTSTK,TATAPOWER,120.0,PE,0.0,0.0,0.0,27.4,25.1,0,0.0,0
2014-11-10,2015-01-29,OPTSTK,TATAPOWER,122.5,PE,0.0,0.0,0.0,29.7,27.4,0,0.0,0
2014-11-10,2014-11-27,OPTSTK,TATASTEEL,340.0,CE,0.0,0.0,0.0,180.65,132.2,0,0.0,0
2014-11-10,2014-11-27,OPTSTK,TATASTEEL,350.0,CE,0.0,0.0,0.0,116.65,122.25,0,0.0,0
2014-11-10,2014-11-27,OPTSTK,TATASTEEL,360.0,CE,0.0,0.0,0.0,161.45,112.3,0,0.0,0
2014-11-10,2014-11-27,OPTSTK,TATASTEEL,370.0,CE,0.0,0.0,0.0,98.15,102.35,0,0.0,0
2014-11-10,2014-11-27,OPTSTK,TATASTEEL,380.0,CE,0.0,0.0,0.0,142.65,92.45,0,0.0,0
2014-11-10,2014-11-27,OPTSTK,TATASTEEL,390.0,CE,0.0,0.0,0.0,80.65,82.6,0,0.0,0
2014-11-10,2014-11-27,OPTSTK,TATASTEEL,400.0,CE,0.0,0.0,0.0,74.0,72.85,0,0.0,4000
2014-11-10,2014-11-27,OPTSTK,TATASTEEL,410.0,CE,0.0,0.0,0.0,50.95,63.3,0,0.0,1000
2014-11-10,2014-11-27,OPTSTK,TATASTEEL,420.0,CE,0.0,0.0,0.0,43.35,54.05,0,0.0,5000
2014-11-10,2014-11-27,OPTSTK,TATASTEEL,430.0,CE,0.0,0.0,0.0,39.0,45.3,0,0.0,2000
2014-11-10,2014-11-27,OPTSTK,TATASTEEL,440.0,CE,32.4,35.15,30.35,32.45,32.45,10,23.63,16500
2014-11-10,2014-11-27,OPTSTK,TATASTEEL,450.0,CE,31.75,31.75,23.05,27.7,27.7,187,445.41,102500
2014-11-10,2014-11-27,OPTSTK,TATASTEEL,460.0,CE,25.0,25.0,16.85,21.6,21.6,447,1074.82,286000
2014-11-10,2014-11-27,OPTSTK,TATASTEEL,470.0,CE,17.65,18.45,12.2,15.75,15.75,1602,3881.15,243000
2014-11-10,2014-11-27,OPTSTK,TATASTEEL,480.0,CE,14.1,14.25,8.55,11.8,11.8,2072,5085.39,620000
2014-11-10,2014-11-27,OPTSTK,TATASTEEL,490.0,CE,10.2,10.2,6.05,8.25,8.25,1206,3000.51,422500
2014-11-10,2014-11-27,OPTSTK,TATASTEEL,500.0,CE,7.0,7.3,4.2,5.55,5.55,2730,6896.74,1511500
2014-11-10,2014-11-27,OPTSTK,TATASTEEL,510.0,CE,5.05,5.05,2.85,3.95,3.95,475,1219.78,246500
2014-11-10,2014-11-27,OPTSTK,TATASTEEL,520.0,CE,3.4,3.4,1.9,2.7,2.7,406,1060.56,414500
2014-11-10,2014-11-27,OPTSTK,TATASTEEL,530.0,CE,2.45,2.45,1.35,1.9,1.9,198,526.43,136500
2014-11-10,2014-11-27,OPTSTK,TATASTEEL,540.0,CE,1.6,1.7,1.0,1.3,1.3,297,803.75,171000
2014-11-10,2014-11-27,OPTSTK,TATASTEEL,550.0,CE,1.15,1.2,0.7,0.95,0.95,119,327.75,130000
2014-11-10,2014-11-27,OPTSTK,TATASTEEL,560.0,CE,0.7,0.7,0.5,0.65,0.65,11,30.83,120500
2014-11-10,2014-11-27,OPTSTK,TATASTEEL,570.0,CE,0.5,0.5,0.5,0.5,0.5,2,5.7,16500
2014-11-10,2014-11-27,OPTSTK,TATASTEEL,580.0,CE,0.0,0.0,0.0,0.5,0.15,0,0.0,9000
2014-11-10,2014-11-27,OPTSTK,TATASTEEL,590.0,CE,0.0,0.0,0.0,0.8,0.1,0,0.0,6000
2014-11-10,2014-11-27,OPTSTK,TATASTEEL,600.0,CE,0.0,0.0,0.0,0.4,0.05,0,0.0,17000
2014-11-10,2014-11-27,OPTSTK,TATASTEEL,610.0,CE,0.0,0.0,0.0,1.65,0.05,0,0.0,0
2014-11-10,2014-11-27,OPTSTK,TATASTEEL,620.0,CE,0.0,0.0,0.0,10.45,0.05,0,0.0,0
2014-11-10,2014-11-27,OPTSTK,TATASTEEL,630.0,CE,0.0,0.0,0.0,1.05,0.05,0,0.0,0
2014-11-10,2014-11-27,OPTSTK,TATASTEEL,640.0,CE,0.0,0.0,0.0,6.1,0.0,0,0.0,1000
2014-11-10,2014-11-27,OPTSTK,TATASTEEL,650.0,CE,0.0,0.0,0.0,0.65,0.0,0,0.0,0
2014-11-10,2014-11-27,OPTSTK,TATASTEEL,660.0,CE,0.0,0.0,0.0,5.6,0.0,0,0.0,0
2014-11-10,2014-11-27,OPTSTK,TATASTEEL,680.0,CE,0.0,0.0,0.0,4.05,0.0,0,0.0,0
2014-11-10,2014-11-27,OPTSTK,TATASTEEL,340.0,PE,0.0,0.0,0.0,0.25,0.0,0,0.0,2000
2014-11-10,2014-11-27,OPTSTK,TATASTEEL,350.0,PE,0.0,0.0,0.0,0.9,0.0,0,0.0,0
2014-11-10,2014-11-27,OPTSTK,TATASTEEL,360.0,PE,0.0,0.0,0.0,0.25,0.05,0,0.0,2000
2014-11-10,2014-11-27,OPTSTK,TATASTEEL,370.0,PE,0.0,0.0,0.0,2.05,0.05,0,0.0,0
2014-11-10,2014-11-27,OPTSTK,TATASTEEL,380.0,PE,0.0,0.0,0.0,0.5,0.1,0,0.0,2000
2014-11-10,2014-11-27,OPTSTK,TATASTEEL,390.0,PE,0.0,0.0,0.0,4.3,0.2,0,0.0,0
2014-11-10,2014-11-27,OPTSTK,TATASTEEL,400.0,PE,1.0,1.15,0.85,1.0,1.0,55,110.27,32000
2014-11-10,2014-11-27,OPTSTK,TATASTEEL,410.0,PE,1.35,1.55,1.35,1.4,1.4,57,117.26,26500
2014-11-10,2014-11-27,OPTSTK,TATASTEEL,420.0,PE,1.6,2.3,1.45,2.1,2.1,135,284.91,118500
2014-11-10,2014-11-27,OPTSTK,TATASTEEL,430.0,PE,2.25,3.5,2.25,3.2,3.2,101,218.73,79000
2014-11-10,2014-11-27,OPTSTK,TATASTEEL,440.0,PE,3.75,5.5,3.5,4.7,4.7,510,1133.88,238000
2014-11-10,2014-11-27,OPTSTK,TATASTEEL,450.0,PE,6.0,8.25,5.15,7.0,7.0,687,1570.02,343500
2014-11-10,2014-11-27,OPTSTK,TATASTEEL,460.0,PE,8.45,12.2,7.65,10.15,10.15,1148,2700.04,461500
2014-11-10,2014-11-27,OPTSTK,TATASTEEL,470.0,PE,10.8,17.35,10.8,14.5,14.5,1057,2561.94,313500
2014-11-10,2014-11-27,OPTSTK,TATASTEEL,480.0,PE,15.75,23.5,15.75,19.8,19.8,601,1502.24,305500
2014-11-10,2014-11-27,OPTSTK,TATASTEEL,490.0,PE,23.0,30.8,22.3,26.2,26.2,76,196.87,98500
2014-11-10,2014-11-27,OPTSTK,TATASTEEL,500.0,PE,29.5,37.3,29.3,33.65,33.65,53,141.45,411000
2014-11-10,2014-11-27,OPTSTK,TATASTEEL,510.0,PE,0.0,0.0,0.0,63.0,41.6,0,0.0,3000
2014-11-10,2014-11-27,OPTSTK,TATASTEEL,520.0,PE,49.3,51.7,49.3,51.7,51.7,8,22.78,179500
2014-11-10,2014-11-27,OPTSTK,TATASTEEL,530.0,PE,0.0,0.0,0.0,42.5,58.95,0,0.0,500
2014-11-10,2014-11-27,OPTSTK,TATASTEEL,540.0,PE,0.0,0.0,0.0,50.0,68.2,0,0.0,46000
2014-11-10,2014-11-27,OPTSTK,TATASTEEL,550.0,PE,0.0,0.0,0.0,87.6,77.7,0,0.0,0
2014-11-10,2014-11-27,OPTSTK,TATASTEEL,560.0,PE,0.0,0.0,0.0,77.7,87.4,0,0.0,67500
2014-11-10,2014-11-27,OPTSTK,TATASTEEL,570.0,PE,0.0,0.0,0.0,95.5,97.15,0,0.0,1000
2014-11-10,2014-11-27,OPTSTK,TATASTEEL,580.0,PE,0.0,0.0,0.0,85.05,107.0,0,0.0,7500
2014-11-10,2014-11-27,OPTSTK,TATASTEEL,590.0,PE,0.0,0.0,0.0,123.25,116.9,0,0.0,0
2014-11-10,2014-11-27,OPTSTK,TATASTEEL,600.0,PE,0.0,0.0,0.0,123.25,126.85,0,0.0,6000
2014-11-10,2014-11-27,OPTSTK,TATASTEEL,610.0,PE,0.0,0.0,0.0,141.95,136.8,0,0.0,0
2014-11-10,2014-11-27,OPTSTK,TATASTEEL,620.0,PE,0.0,0.0,0.0,104.1,146.75,0,0.0,0
2014-11-10,2014-11-27,OPTSTK,TATASTEEL,630.0,PE,0.0,0.0,0.0,161.0,156.7,0,0.0,0
2014-11-10,2014-11-27,OPTSTK,TATASTEEL,640.0,PE,0.0,0.0,0.0,120.95,166.65,0,0.0,0
2014-11-10,2014-11-27,OPTSTK,TATASTEEL,650.0,PE,0.0,0.0,0.0,180.3,176.6,0,0.0,0
2014-11-10,2014-11-27,OPTSTK,TATASTEEL,660.0,PE,0.0,0.0,0.0,138.4,186.55,0,0.0,0
2014-11-10,2014-11-27,OPTSTK,TATASTEEL,680.0,PE,0.0,0.0,0.0,156.45,206.5,0,0.0,0
2014-11-10,2014-12-24,OPTSTK,TATASTEEL,340.0,CE,0.0,0.0,0.0,129.15,134.6,0,0.0,0
2014-11-10,2014-12-24,OPTSTK,TATASTEEL,350.0,CE,0.0,0.0,0.0,120.0,124.8,0,0.0,0
2014-11-10,2014-12-24,OPTSTK,TATASTEEL,360.0,CE,0.0,0.0,0.0,111.05,115.1,0,0.0,0
2014-11-10,2014-12-24,OPTSTK,TATASTEEL,370.0,CE,0.0,0.0,0.0,102.3,105.55,0,0.0,0
2014-11-10,2014-12-24,OPTSTK,TATASTEEL,380.0,CE,0.0,0.0,0.0,93.85,96.15,0,0.0,0
2014-11-10,2014-12-24,OPTSTK,TATASTEEL,390.0,CE,0.0,0.0,0.0,85.7,87.0,0,0.0,0
2014-11-10,2014-12-24,OPTSTK,TATASTEEL,400.0,CE,0.0,0.0,0.0,77.95,78.15,0,0.0,0
2014-11-10,2014-12-24,OPTSTK,TATASTEEL,410.0,CE,0.0,0.0,0.0,70.55,69.6,0,0.0,0
2014-11-10,2014-12-24,OPTSTK,TATASTEEL,420.0,CE,0.0,0.0,0.0,63.55,61.5,0,0.0,0
2014-11-10,2014-12-24,OPTSTK,TATASTEEL,430.0,CE,0.0,0.0,0.0,57.0,53.9,0,0.0,0
2014-11-10,2014-12-24,OPTSTK,TATASTEEL,440.0,CE,0.0,0.0,0.0,50.85,46.8,0,0.0,0
2014-11-10,2014-12-24,OPTSTK,TATASTEEL,450.0,CE,0.0,0.0,0.0,40.0,40.25,0,0.0,9000
2014-11-10,2014-12-24,OPTSTK,TATASTEEL,460.0,CE,0.0,0.0,0.0,40.0,34.3,0,0.0,0
2014-11-10,2014-12-24,OPTSTK,TATASTEEL,470.0,CE,0.0,0.0,0.0,35.25,29.0,0,0.0,0
2014-11-10,2014-12-24,OPTSTK,TATASTEEL,480.0,CE,0.0,0.0,0.0,30.9,24.25,0,0.0,0
2014-11-10,2014-12-24,OPTSTK,TATASTEEL,490.0,CE,0.0,0.0,0.0,27.0,20.15,0,0.0,0
2014-11-10,2014-12-24,OPTSTK,TATASTEEL,500.0,CE,12.0,12.0,12.0,12.0,12.0,20,51.2,10000
2014-11-10,2014-12-24,OPTSTK,TATASTEEL,510.0,CE,0.0,0.0,0.0,20.3,13.5,0,0.0,0
2014-11-10,2014-12-24,OPTSTK,TATASTEEL,520.0,CE,0.0,0.0,0.0,17.55,10.9,0,0.0,0
2014-11-10,2014-12-24,OPTSTK,TATASTEEL,530.0,CE,0.0,0.0,0.0,15.1,8.75,0,0.0,0
2014-11-10,2014-12-24,OPTSTK,TATASTEEL,540.0,CE,0.0,0.0,0.0,12.95,6.95,0,0.0,0
2014-11-10,2014-12-24,OPTSTK,TATASTEEL,550.0,CE,0.0,0.0,0.0,11.05,5.45,0,0.0,0
2014-11-10,2014-12-24,OPTSTK,TATASTEEL,560.0,CE,0.0,0.0,0.0,9.4,4.3,0,0.0,0
2014-11-10,2014-12-24,OPTSTK,TATASTEEL,570.0,CE,0.0,0.0,0.0,7.95,3.3,0,0.0,0
2014-11-10,2014-12-24,OPTSTK,TATASTEEL,580.0,CE,0.0,0.0,0.0,6.75,2.55,0,0.0,0
2014-11-10,2014-12-24,OPTSTK,TATASTEEL,590.0,CE,0.0,0.0,0.0,5.65,1.95,0,0.0,0
2014-11-10,2014-12-24,OPTSTK,TATASTEEL,600.0,CE,0.0,0.0,0.0,4.75,1.5,0,0.0,0
2014-11-10,2014-12-24,OPTSTK,TATASTEEL,610.0,CE,0.0,0.0,0.0,4.0,1.15,0,0.0,0
2014-11-10,2014-12-24,OPTSTK,TATASTEEL,620.0,CE,0.0,0.0,0.0,3.35,0.85,0,0.0,0
2014-11-10,2014-12-24,OPTSTK,TATASTEEL,630.0,CE,0.0,0.0,0.0,2.8,0.65,0,0.0,0
2014-11-10,2014-12-24,OPTSTK,TATASTEEL,640.0,CE,0.0,0.0,0.0,2.3,0.5,0,0.0,0
2014-11-10,2014-12-24,OPTSTK,TATASTEEL,650.0,CE,0.0,0.0,0.0,1.9,0.35,0,0.0,0
2014-11-10,2014-12-24,OPTSTK,TATASTEEL,660.0,CE,0.0,0.0,0.0,1.6,0.25,0,0.0,0
2014-11-10,2014-12-24,OPTSTK,TATASTEEL,340.0,PE,0.0,0.0,0.0,1.35,0.15,0,0.0,0
2014-11-10,2014-12-24,OPTSTK,TATASTEEL,350.0,PE,0.0,0.0,0.0,1.95,0.3,0,0.0,0
2014-11-10,2014-12-24,OPTSTK,TATASTEEL,360.0,PE,0.0,0.0,0.0,2.8,0.5,0,0.0,0
2014-11-10,2014-12-24,OPTSTK,TATASTEEL,370.0,PE,0.0,0.0,0.0,3.85,0.85,0,0.0,0
2014-11-10,2014-12-24,OPTSTK,TATASTEEL,380.0,PE,0.0,0.0,0.0,5.15,1.35,0,0.0,0
2014-11-10,2014-12-24,OPTSTK,TATASTEEL,390.0,PE,0.0,0.0,0.0,6.8,2.05,0,0.0,0
2014-11-10,2014-12-24,OPTSTK,TATASTEEL,400.0,PE,0.0,0.0,0.0,8.8,3.1,0,0.0,0
2014-11-10,2014-12-24,OPTSTK,TATASTEEL,410.0,PE,0.0,0.0,0.0,11.2,4.45,0,0.0,0
2014-11-10,2014-12-24,OPTSTK,TATASTEEL,420.0,PE,0.0,0.0,0.0,14.0,6.25,0,0.0,0
2014-11-10,2014-12-24,OPTSTK,TATASTEEL,430.0,PE,0.0,0.0,0.0,17.2,8.55,0,0.0,0
2014-11-10,2014-12-24,OPTSTK,TATASTEEL,440.0,PE,0.0,0.0,0.0,20.9,11.3,0,0.0,0
2014-11-10,2014-12-24,OPTSTK,TATASTEEL,450.0,PE,0.0,0.0,0.0,6.15,14.7,0,0.0,3000
2014-11-10,2014-12-24,OPTSTK,TATASTEEL,460.0,PE,0.0,0.0,0.0,29.55,18.65,0,0.0,0
2014-11-10,2014-12-24,OPTSTK,TATASTEEL,470.0,PE,0.0,0.0,0.0,34.6,23.25,0,0.0,0
2014-11-10,2014-12-24,OPTSTK,TATASTEEL,480.0,PE,0.0,0.0,0.0,40.05,28.4,0,0.0,0
2014-11-10,2014-12-24,OPTSTK,TATASTEEL,490.0,PE,0.0,0.0,0.0,45.9,34.15,0,0.0,0
2014-11-10,2014-12-24,OPTSTK,TATASTEEL,500.0,PE,0.0,0.0,0.0,52.15,40.45,0,0.0,0
2014-11-10,2014-12-24,OPTSTK,TATASTEEL,510.0,PE,0.0,0.0,0.0,58.8,47.3,0,0.0,0
2014-11-10,2014-12-24,OPTSTK,TATASTEEL,520.0,PE,0.0,0.0,0.0,65.8,54.6,0,0.0,0
2014-11-10,2014-12-24,OPTSTK,TATASTEEL,530.0,PE,0.0,0.0,0.0,73.15,62.35,0,0.0,0
2014-11-10,2014-12-24,OPTSTK,TATASTEEL,540.0,PE,0.0,0.0,0.0,80.75,70.45,0,0.0,0
2014-11-10,2014-12-24,OPTSTK,TATASTEEL,550.0,PE,0.0,0.0,0.0,88.65,78.85,0,0.0,0
2014-11-10,2014-12-24,OPTSTK,TATASTEEL,560.0,PE,0.0,0.0,0.0,96.8,87.55,0,0.0,0
2014-11-10,2014-12-24,OPTSTK,TATASTEEL,570.0,PE,0.0,0.0,0.0,105.15,96.5,0,0.0,0
2014-11-10,2014-12-24,OPTSTK,TATASTEEL,580.0,PE,0.0,0.0,0.0,113.7,105.65,0,0.0,0
2014-11-10,2014-12-24,OPTSTK,TATASTEEL,590.0,PE,0.0,0.0,0.0,122.4,114.95,0,0.0,0
2014-11-10,2014-12-24,OPTSTK,TATASTEEL,600.0,PE,0.0,0.0,0.0,131.3,124.35,0,0.0,0
2014-11-10,2014-12-24,OPTSTK,TATASTEEL,610.0,PE,0.0,0.0,0.0,140.3,133.9,0,0.0,0
2014-11-10,2014-12-24,OPTSTK,TATASTEEL,620.0,PE,0.0,0.0,0.0,149.4,143.5,0,0.0,0
2014-11-10,2014-12-24,OPTSTK,TATASTEEL,630.0,PE,0.0,0.0,0.0,158.65,153.2,0,0.0,0
2014-11-10,2014-12-24,OPTSTK,TATASTEEL,640.0,PE,0.0,0.0,0.0,167.95,162.95,0,0.0,0
2014-11-10,2014-12-24,OPTSTK,TATASTEEL,650.0,PE,0.0,0.0,0.0,177.35,172.7,0,0.0,0
2014-11-10,2014-12-24,OPTSTK,TATASTEEL,660.0,PE,0.0,0.0,0.0,186.8,182.5,0,0.0,0
2014-11-10,2015-01-29,OPTSTK,TATASTEEL,340.0,CE,0.0,0.0,0.0,143.4,138.3,0,0.0,0
2014-11-10,2015-01-29,OPTSTK,TATASTEEL,350.0,CE,0.0,0.0,0.0,134.25,128.95,0,0.0,0
2014-11-10,2015-01-29,OPTSTK,TATASTEEL,360.0,CE,0.0,0.0,0.0,125.25,119.8,0,0.0,0
2014-11-10,2015-01-29,OPTSTK,TATASTEEL,370.0,CE,0.0,0.0,0.0,116.5,110.85,0,0.0,0
2014-11-10,2015-01-29,OPTSTK,TATASTEEL,380.0,CE,0.0,0.0,0.0,108.0,102.1,0,0.0,0
2014-11-10,2015-01-29,OPTSTK,TATASTEEL,390.0,CE,0.0,0.0,0.0,99.8,93.7,0,0.0,0
2014-11-10,2015-01-29,OPTSTK,TATASTEEL,400.0,CE,0.0,0.0,0.0,91.9,85.55,0,0.0,0
2014-11-10,2015-01-29,OPTSTK,TATASTEEL,410.0,CE,0.0,0.0,0.0,84.3,77.8,0,0.0,0
2014-11-10,2015-01-29,OPTSTK,TATASTEEL,420.0,CE,0.0,0.0,0.0,77.1,70.45,0,0.0,0
2014-11-10,2015-01-29,OPTSTK,TATASTEEL,430.0,CE,0.0,0.0,0.0,70.2,63.5,0,0.0,0
2014-11-10,2015-01-29,OPTSTK,TATASTEEL,440.0,CE,0.0,0.0,0.0,63.75,56.9,0,0.0,0
2014-11-10,2015-01-29,OPTSTK,TATASTEEL,450.0,CE,0.0,0.0,0.0,57.65,50.85,0,0.0,0
2014-11-10,2015-01-29,OPTSTK,TATASTEEL,460.0,CE,0.0,0.0,0.0,52.0,45.2,0,0.0,0
2014-11-10,2015-01-29,OPTSTK,TATASTEEL,470.0,CE,0.0,0.0,0.0,46.75,40.0,0,0.0,0
2014-11-10,2015-01-29,OPTSTK,TATASTEEL,480.0,CE,0.0,0.0,0.0,41.85,35.25,0,0.0,0
2014-11-10,2015-01-29,OPTSTK,TATASTEEL,490.0,CE,0.0,0.0,0.0,37.35,30.9,0,0.0,0
2014-11-10,2015-01-29,OPTSTK,TATASTEEL,500.0,CE,0.0,0.0,0.0,33.25,27.0,0,0.0,0
2014-11-10,2015-01-29,OPTSTK,TATASTEEL,510.0,CE,0.0,0.0,0.0,29.5,23.5,0,0.0,0
2014-11-10,2015-01-29,OPTSTK,TATASTEEL,520.0,CE,0.0,0.0,0.0,26.1,20.35,0,0.0,0
2014-11-10,2015-01-29,OPTSTK,TATASTEEL,530.0,CE,0.0,0.0,0.0,23.05,17.6,0,0.0,0
2014-11-10,2015-01-29,OPTSTK,TATASTEEL,540.0,CE,0.0,0.0,0.0,20.25,15.15,0,0.0,0
2014-11-10,2015-01-29,OPTSTK,TATASTEEL,550.0,CE,0.0,0.0,0.0,17.8,13.0,0,0.0,0
2014-11-10,2015-01-29,OPTSTK,TATASTEEL,560.0,CE,0.0,0.0,0.0,15.6,11.1,0,0.0,0
2014-11-10,2015-01-29,OPTSTK,TATASTEEL,570.0,CE,0.0,0.0,0.0,13.6,9.45,0,0.0,0
2014-11-10,2015-01-29,OPTSTK,TATASTEEL,580.0,CE,0.0,0.0,0.0,11.85,8.0,0,0.0,0
2014-11-10,2015-01-29,OPTSTK,TATASTEEL,590.0,CE,0.0,0.0,0.0,10.3,6.75,0,0.0,0
2014-11-10,2015-01-29,OPTSTK,TATASTEEL,600.0,CE,0.0,0.0,0.0,8.95,5.7,0,0.0,0
2014-11-10,2015-01-29,OPTSTK,TATASTEEL,610.0,CE,0.0,0.0,0.0,7.75,4.8,0,0.0,0
2014-11-10,2015-01-29,OPTSTK,TATASTEEL,620.0,CE,0.0,0.0,0.0,6.65,4.0,0,0.0,0
2014-11-10,2015-01-29,OPTSTK,TATASTEEL,630.0,CE,0.0,0.0,0.0,5.75,3.35,0,0.0,0
2014-11-10,2015-01-29,OPTSTK,TATASTEEL,640.0,CE,0.0,0.0,0.0,4.95,2.8,0,0.0,0
2014-11-10,2015-01-29,OPTSTK,TATASTEEL,650.0,CE,0.0,0.0,0.0,4.25,2.35,0,0.0,0
2014-11-10,2015-01-29,OPTSTK,TATASTEEL,660.0,CE,0.0,0.0,0.0,3.65,1.95,0,0.0,0
2014-11-10,2015-01-29,OPTSTK,TATASTEEL,340.0,PE,0.0,0.0,0.0,1.55,1.0,0,0.0,0
2014-11-10,2015-01-29,OPTSTK,TATASTEEL,350.0,PE,0.0,0.0,0.0,2.2,1.45,0,0.0,0
2014-11-10,2015-01-29,OPTSTK,TATASTEEL,360.0,PE,0.0,0.0,0.0,3.0,2.1,0,0.0,0
2014-11-10,2015-01-29,OPTSTK,TATASTEEL,370.0,PE,0.0,0.0,0.0,4.05,2.95,0,0.0,0
2014-11-10,2015-01-29,OPTSTK,TATASTEEL,380.0,PE,0.0,0.0,0.0,5.3,4.05,0,0.0,0
2014-11-10,2015-01-29,OPTSTK,TATASTEEL,390.0,PE,0.0,0.0,0.0,6.9,5.45,0,0.0,0
2014-11-10,2015-01-29,OPTSTK,TATASTEEL,400.0,PE,0.0,0.0,0.0,8.75,7.15,0,0.0,0
2014-11-10,2015-01-29,OPTSTK,TATASTEEL,410.0,PE,0.0,0.0,0.0,10.95,9.2,0,0.0,0
2014-11-10,2015-01-29,OPTSTK,TATASTEEL,420.0,PE,0.0,0.0,0.0,13.5,11.65,0,0.0,0
2014-11-10,2015-01-29,OPTSTK,TATASTEEL,430.0,PE,0.0,0.0,0.0,16.45,14.5,0,0.0,0
2014-11-10,2015-01-29,OPTSTK,TATASTEEL,440.0,PE,0.0,0.0,0.0,19.75,17.75,0,0.0,0
2014-11-10,2015-01-29,OPTSTK,TATASTEEL,450.0,PE,0.0,0.0,0.0,23.45,21.45,0,0.0,0
2014-11-10,2015-01-29,OPTSTK,TATASTEEL,460.0,PE,0.0,0.0,0.0,27.55,25.6,0,0.0,0
2014-11-10,2015-01-29,OPTSTK,TATASTEEL,470.0,PE,0.0,0.0,0.0,32.1,30.25,0,0.0,0
2014-11-10,2015-01-29,OPTSTK,TATASTEEL,480.0,PE,0.0,0.0,0.0,37.0,35.3,0,0.0,0
2014-11-10,2015-01-29,OPTSTK,TATASTEEL,490.0,PE,0.0,0.0,0.0,42.3,40.75,0,0.0,0
2014-11-10,2015-01-29,OPTSTK,TATASTEEL,500.0,PE,0.0,0.0,0.0,47.95,46.7,0,0.0,0
2014-11-10,2015-01-29,OPTSTK,TATASTEEL,510.0,PE,0.0,0.0,0.0,54.0,53.0,0,0.0,0
2014-11-10,2015-01-29,OPTSTK,TATASTEEL,520.0,PE,0.0,0.0,0.0,60.4,59.65,0,0.0,0
2014-11-10,2015-01-29,OPTSTK,TATASTEEL,530.0,PE,0.0,0.0,0.0,67.1,66.7,0,0.0,0
2014-11-10,2015-01-29,OPTSTK,TATASTEEL,540.0,PE,0.0,0.0,0.0,74.1,74.05,0,0.0,0
2014-11-10,2015-01-29,OPTSTK,TATASTEEL,550.0,PE,0.0,0.0,0.0,81.45,81.7,0,0.0,0
2014-11-10,2015-01-29,OPTSTK,TATASTEEL,560.0,PE,0.0,0.0,0.0,89.0,89.6,0,0.0,0
2014-11-10,2015-01-29,OPTSTK,TATASTEEL,570.0,PE,0.0,0.0,0.0,96.8,97.75,0,0.0,0
2014-11-10,2015-01-29,OPTSTK,TATASTEEL,580.0,PE,0.0,0.0,0.0,104.85,106.15,0,0.0,0
2014-11-10,2015-01-29,OPTSTK,TATASTEEL,590.0,PE,0.0,0.0,0.0,113.05,114.75,0,0.0,0
2014-11-10,2015-01-29,OPTSTK,TATASTEEL,600.0,PE,0.0,0.0,0.0,121.5,123.5,0,0.0,0
2014-11-10,2015-01-29,OPTSTK,TATASTEEL,610.0,PE,0.0,0.0,0.0,130.05,132.4,0,0.0,0
2014-11-10,2015-01-29,OPTSTK,TATASTEEL,620.0,PE,0.0,0.0,0.0,138.8,141.4,0,0.0,0
2014-11-10,2015-01-29,OPTSTK,TATASTEEL,630.0,PE,0.0,0.0,0.0,147.65,150.55,0,0.0,0
2014-11-10,2015-01-29,OPTSTK,TATASTEEL,640.0,PE,0.0,0.0,0.0,156.65,159.85,0,0.0,0
2014-11-10,2015-01-29,OPTSTK,TATASTEEL,650.0,PE,0.0,0.0,0.0,165.7,169.15,0,0.0,0
2014-11-10,2015-01-29,OPTSTK,TATASTEEL,660.0,PE,0.0,0.0,0.0,174.9,178.6,0,0.0,0
2014-11-10,2014-11-27,OPTSTK,TCS,1700.0,CE,0.0,0.0,0.0,858.5,876.4,0,0.0,0
2014-11-10,2014-11-27,OPTSTK,TCS,1750.0,CE,0.0,0.0,0.0,809.6,826.6,0,0.0,0
2014-11-10,2014-11-27,OPTSTK,TCS,1800.0,CE,0.0,0.0,0.0,733.9,776.75,0,0.0,250
2014-11-10,2014-11-27,OPTSTK,TCS,1850.0,CE,0.0,0.0,0.0,711.85,726.95,0,0.0,0
2014-11-10,2014-11-27,OPTSTK,TCS,1900.0,CE,0.0,0.0,0.0,663.15,677.15,0,0.0,0
2014-11-10,2014-11-27,OPTSTK,TCS,1950.0,CE,0.0,0.0,0.0,614.6,627.4,0,0.0,0
2014-11-10,2014-11-27,OPTSTK,TCS,2000.0,CE,0.0,0.0,0.0,550.2,577.6,0,0.0,2750
2014-11-10,2014-11-27,OPTSTK,TCS,2050.0,CE,0.0,0.0,0.0,518.55,527.85,0,0.0,0
2014-11-10,2014-11-27,OPTSTK,TCS,2100.0,CE,0.0,0.0,0.0,471.5,478.25,0,0.0,0
2014-11-10,2014-11-27,OPTSTK,TCS,2150.0,CE,0.0,0.0,0.0,425.35,428.9,0,0.0,0
2014-11-10,2014-11-27,OPTSTK,TCS,2200.0,CE,0.0,0.0,0.0,278.7,380.05,0,0.0,125
2014-11-10,2014-11-27,OPTSTK,TCS,2250.0,CE,0.0,0.0,0.0,337.4,332.0,0,0.0,0
2014-11-10,2014-11-27,OPTSTK,TCS,2300.0,CE,270.0,270.1,265.0,270.1,270.1,16,51.39,500
2014-11-10,2014-11-27,OPTSTK,TCS,2350.0,CE,0.0,0.0,0.0,257.45,240.85,0,0.0,0
2014-11-10,2014-11-27,OPTSTK,TCS,2400.0,CE,181.0,187.05,180.95,186.55,186.55,6,19.38,6000
2014-11-10,2014-11-27,OPTSTK,TCS,2450.0,CE,0.0,0.0,0.0,168.0,160.9,0,0.0,7375
2014-11-10,2014-11-27,OPTSTK,TCS,2500.0,CE,96.45,100.5,86.85,100.2,100.2,30,97.23,31750
2014-11-10,2014-11-27,OPTSTK,TCS,2550.0,CE,61.0,68.5,55.45,64.15,64.15,244,796.15,18250
2014-11-10,2014-11-27,OPTSTK,TCS,2600.0,CE,45.0,45.0,32.85,38.4,38.4,2330,7679.12,211000
2014-11-10,2014-11-27,OPTSTK,TCS,2650.0,CE,34.9,34.9,18.45,21.85,21.85,948,3165.13,122500
2014-11-10,2014-11-27,OPTSTK,TCS,2700.0,CE,18.85,18.85,9.9,12.05,12.05,1242,4209.71,263000
2014-11-10,2014-11-27,OPTSTK,TCS,2750.0,CE,6.3,7.55,5.3,6.05,6.05,260,895.79,64375
2014-11-10,2014-11-27,OPTSTK,TCS,2800.0,CE,3.85,4.7,3.2,3.7,3.7,296,1037.36,110125
2014-11-10,2014-11-27,OPTSTK,TCS,2850.0,CE,2.3,2.4,1.9,2.4,2.4,108,385.04,14250
2014-11-10,2014-11-27,OPTSTK,TCS,2900.0,CE,1.4,1.65,1.4,1.65,1.65,39,141.44,20250
2014-11-10,2014-11-27,OPTSTK,TCS,2950.0,CE,0.9,0.9,0.9,0.9,0.9,1,3.68,750
2014-11-10,2014-11-27,OPTSTK,TCS,3000.0,CE,0.0,0.0,0.0,2.0,2.6,0,0.0,27875
2014-11-10,2014-11-27,OPTSTK,TCS,3050.0,CE,0.0,0.0,0.0,1.1,1.5,0,0.0,375
2014-11-10,2014-11-27,OPTSTK,TCS,3100.0,CE,0.0,0.0,0.0,0.05,0.85,0,0.0,250
2014-11-10,2014-11-27,OPTSTK,TCS,3150.0,CE,0.0,0.0,0.0,6.0,0.5,0,0.0,0
2014-11-10,2014-11-27,OPTSTK,TCS,3200.0,CE,0.0,0.0,0.0,4.35,0.25,0,0.0,0
2014-11-10,2014-11-27,OPTSTK,TCS,3250.0,CE,0.0,0.0,0.0,3.1,0.15,0,0.0,0
2014-11-10,2014-11-27,OPTSTK,TCS,3300.0,CE,0.0,0.0,0.0,2.2,0.1,0,0.0,0
2014-11-10,2014-11-27,OPTSTK,TCS,1700.0,PE,0.0,0.0,0.0,0.05,0.0,0,0.0,0
2014-11-10,2014-11-27,OPTSTK,TCS,1750.0,PE,0.0,0.0,0.0,0.05,0.0,0,0.0,0
2014-11-10,2014-11-27,OPTSTK,TCS,1800.0,PE,0.0,0.0,0.0,0.1,0.0,0,0.0,0
2014-11-10,2014-11-27,OPTSTK,TCS,1850.0,PE,0.0,0.0,0.0,0.2,0.0,0,0.0,0
2014-11-10,2014-11-27,OPTSTK,TCS,1900.0,PE,0.0,0.0,0.0,0.4,0.0,0,0.0,0
2014-11-10,2014-11-27,OPTSTK,TCS,1950.0,PE,0.0,0.0,0.0,0.8,0.05,0,0.0,0
2014-11-10,2014-11-27,OPTSTK,TCS,2000.0,PE,0.0,0.0,0.0,0.85,0.05,0,0.0,375
2014-11-10,2014-11-27,OPTSTK,TCS,2050.0,PE,0.0,0.0,0.0,2.1,0.15,0,0.0,250
2014-11-10,2014-11-27,OPTSTK,TCS,2100.0,PE,0.0,0.0,0.0,2.1,0.3,0,0.0,250
2014-11-10,2014-11-27,OPTSTK,TCS,2150.0,PE,0.0,0.0,0.0,2.1,0.75,0,0.0,250
2014-11-10,2014-11-27,OPTSTK,TCS,2200.0,PE,0.0,0.0,0.0,1.1,1.7,0,0.0,250
2014-11-10,2014-11-27,OPTSTK,TCS,2250.0,PE,1.25,1.25,1.25,1.25,1.25,1,2.81,250
2014-11-10,2014-11-27,OPTSTK,TCS,2300.0,PE,1.7,2.1,1.7,2.1,2.1,19,54.67,10375
2014-11-10,2014-11-27,OPTSTK,TCS,2350.0,PE,3.0,3.0,3.0,3.0,3.0,4,11.76,5875
2014-11-10,2014-11-27,OPTSTK,TCS,2400.0,PE,5.55,6.75,4.25,4.9,4.9,586,1762.53,71875
2014-11-10,2014-11-27,OPTSTK,TCS,2450.0,PE,11.6,11.9,7.8,8.4,8.4,404,1242.26,42250
2014-11-10,2014-11-27,OPTSTK,TCS,2500.0,PE,20.1,22.95,15.15,17.05,17.05,667,2100.8,83000
2014-11-10,2014-11-27,OPTSTK,TCS,2550.0,PE,40.95,41.05,28.9,31.65,31.65,782,2526.93,82625
2014-11-10,2014-11-27,OPTSTK,TCS,2600.0,PE,60.8,68.0,51.05,55.5,55.5,781,2593.3,47375
2014-11-10,2014-11-27,OPTSTK,TCS,2650.0,PE,96.1,96.1,94.85,94.85,94.85,2,6.86,12125
2014-11-10,2014-11-27,OPTSTK,TCS,2700.0,PE,137.8,137.8,122.0,129.15,129.15,3,10.61,11625
2014-11-10,2014-11-27,OPTSTK,TCS,2750.0,PE,0.0,0.0,0.0,280.0,195.25,0,0.0,2000
2014-11-10,2014-11-27,OPTSTK,TCS,2800.0,PE,0.0,0.0,0.0,221.55,236.5,0,0.0,500
2014-11-10,2014-11-27,OPTSTK,TCS,2850.0,PE,0.0,0.0,0.0,301.2,280.25,0,0.0,0
2014-11-10,2014-11-27,OPTSTK,TCS,2900.0,PE,0.0,0.0,0.0,229.1,325.95,0,0.0,125
2014-11-10,2014-11-27,OPTSTK,TCS,2950.0,PE,0.0,0.0,0.0,384.85,373.05,0,0.0,0
2014-11-10,2014-11-27,OPTSTK,TCS,3000.0,PE,0.0,0.0,0.0,426.3,421.1,0,0.0,2000
2014-11-10,2014-11-27,OPTSTK,TCS,3050.0,PE,0.0,0.0,0.0,473.95,469.85,0,0.0,0
2014-11-10,2014-11-27,OPTSTK,TCS,3100.0,PE,0.0,0.0,0.0,524.0,519.0,0,0.0,1000
2014-11-10,2014-11-27,OPTSTK,TCS,3150.0,PE,0.0,0.0,0.0,566.7,568.4,0,0.0,0
2014-11-10,2014-11-27,OPTSTK,TCS,3200.0,PE,0.0,0.0,0.0,613.95,618.0,0,0.0,0
2014-11-10,2014-11-27,OPTSTK,TCS,3250.0,PE,0.0,0.0,0.0,661.7,667.7,0,0.0,0
2014-11-10,2014-11-27,OPTSTK,TCS,3300.0,PE,0.0,0.0,0.0,709.7,717.4,0,0.0,0
2014-11-10,2014-12-24,OPTSTK,TCS,1700.0,CE,0.0,0.0,0.0,1045.7,887.5,0,0.0,0
2014-11-10,2014-12-24,OPTSTK,TCS,1750.0,CE,0.0,0.0,0.0,996.8,838.05,0,0.0,0
2014-11-10,2014-12-24,OPTSTK,TCS,1800.0,CE,0.0,0.0,0.0,947.95,788.7,0,0.0,0
2014-11-10,2014-12-24,OPTSTK,TCS,1850.0,CE,0.0,0.0,0.0,899.15,739.4,0,0.0,0
2014-11-10,2014-12-24,OPTSTK,TCS,1900.0,CE,0.0,0.0,0.0,850.35,690.3,0,0.0,0
2014-11-10,2014-12-24,OPTSTK,TCS,1950.0,CE,0.0,0.0,0.0,801.75,641.4,0,0.0,0
2014-11-10,2014-12-24,OPTSTK,TCS,2000.0,CE,0.0,0.0,0.0,753.3,592.9,0,0.0,0
2014-11-10,2014-12-24,OPTSTK,TCS,2050.0,CE,0.0,0.0,0.0,705.1,545.0,0,0.0,0
2014-11-10,2014-12-24,OPTSTK,TCS,2100.0,CE,0.0,0.0,0.0,657.3,497.85,0,0.0,0
2014-11-10,2014-12-24,OPTSTK,TCS,2150.0,CE,0.0,0.0,0.0,610.05,451.75,0,0.0,0
2014-11-10,2014-12-24,OPTSTK,TCS,2200.0,CE,0.0,0.0,0.0,563.55,407.0,0,0.0,0
2014-11-10,2014-12-24,OPTSTK,TCS,2250.0,CE,0.0,0.0,0.0,517.9,363.9,0,0.0,0
2014-11-10,2014-12-24,OPTSTK,TCS,2300.0,CE,0.0,0.0,0.0,473.45,322.75,0,0.0,0
2014-11-10,2014-12-24,OPTSTK,TCS,2350.0,CE,0.0,0.0,0.0,430.3,283.9,0,0.0,0
2014-11-10,2014-12-24,OPTSTK,TCS,2400.0,CE,0.0,0.0,0.0,388.8,247.55,0,0.0,0
2014-11-10,2014-12-24,OPTSTK,TCS,2450.0,CE,0.0,0.0,0.0,349.15,213.85,0,0.0,0
2014-11-10,2014-12-24,OPTSTK,TCS,2500.0,CE,0.0,0.0,0.0,311.55,183.1,0,0.0,0
2014-11-10,2014-12-24,OPTSTK,TCS,2550.0,CE,0.0,0.0,0.0,276.1,155.35,0,0.0,0
2014-11-10,2014-12-24,OPTSTK,TCS,2600.0,CE,0.0,0.0,0.0,243.15,130.6,0,0.0,0
2014-11-10,2014-12-24,OPTSTK,TCS,2650.0,CE,58.9,58.9,54.0,54.0,54.0,4,13.53,500
2014-11-10,2014-12-24,OPTSTK,TCS,2700.0,CE,39.75,39.75,30.35,31.1,31.1,6,20.49,500
2014-11-10,2014-12-24,OPTSTK,TCS,2750.0,CE,0.0,0.0,0.0,159.4,73.4,0,0.0,0
2014-11-10,2014-12-24,OPTSTK,TCS,2800.0,CE,0.0,0.0,0.0,136.6,59.45,0,0.0,0
2014-11-10,2014-12-24,OPTSTK,TCS,2850.0,CE,0.0,0.0,0.0,116.3,47.9,0,0.0,0
2014-11-10,2014-12-24,OPTSTK,TCS,2900.0,CE,0.0,0.0,0.0,98.3,38.1,0,0.0,0
2014-11-10,2014-12-24,OPTSTK,TCS,2950.0,CE,0.0,0.0,0.0,82.6,30.1,0,0.0,0
2014-11-10,2014-12-24,OPTSTK,TCS,3000.0,CE,0.0,0.0,0.0,68.9,23.55,0,0.0,0
2014-11-10,2014-12-24,OPTSTK,TCS,3050.0,CE,0.0,0.0,0.0,57.3,18.3,0,0.0,0
2014-11-10,2014-12-24,OPTSTK,TCS,3100.0,CE,0.0,0.0,0.0,47.15,14.1,0,0.0,0
2014-11-10,2014-12-24,OPTSTK,TCS,3150.0,CE,0.0,0.0,0.0,38.65,10.8,0,0.0,0
2014-11-10,2014-12-24,OPTSTK,TCS,3200.0,CE,0.0,0.0,0.0,31.45,8.2,0,0.0,0
2014-11-10,2014-12-24,OPTSTK,TCS,3250.0,CE,0.0,0.0,0.0,25.45,6.2,0,0.0,0
2014-11-10,2014-12-24,OPTSTK,TCS,3300.0,CE,0.0,0.0,0.0,20.5,4.6,0,0.0,0
2014-11-10,2014-12-24,OPTSTK,TCS,1700.0,PE,0.0,0.0,0.0,0.05,0.05,0,0.0,0
2014-11-10,2014-12-24,OPTSTK,TCS,1750.0,PE,0.0,0.0,0.0,0.05,0.1,0,0.0,0
2014-11-10,2014-12-24,OPTSTK,TCS,1800.0,PE,0.0,0.0,0.0,0.1,0.2,0,0.0,0
2014-11-10,2014-12-24,OPTSTK,TCS,1850.0,PE,0.0,0.0,0.0,0.2,0.4,0,0.0,0
2014-11-10,2014-12-24,OPTSTK,TCS,1900.0,PE,0.0,0.0,0.0,0.35,0.75,0,0.0,0
2014-11-10,2014-12-24,OPTSTK,TCS,1950.0,PE,0.0,0.0,0.0,0.6,1.35,0,0.0,0
2014-11-10,2014-12-24,OPTSTK,TCS,2000.0,PE,0.0,0.0,0.0,1.1,2.35,0,0.0,0
2014-11-10,2014-12-24,OPTSTK,TCS,2050.0,PE,0.0,0.0,0.0,1.8,3.9,0,0.0,0
2014-11-10,2014-12-24,OPTSTK,TCS,2100.0,PE,0.0,0.0,0.0,2.95,6.25,0,0.0,0
2014-11-10,2014-12-24,OPTSTK,TCS,2150.0,PE,0.0,0.0,0.0,4.6,9.6,0,0.0,0
2014-11-10,2014-12-24,OPTSTK,TCS,2200.0,PE,0.0,0.0,0.0,6.95,14.35,0,0.0,0
2014-11-10,2014-12-24,OPTSTK,TCS,2250.0,PE,0.0,0.0,0.0,10.25,20.7,0,0.0,0
2014-11-10,2014-12-24,OPTSTK,TCS,2300.0,PE,0.0,0.0,0.0,14.7,29.05,0,0.0,0
2014-11-10,2014-12-24,OPTSTK,TCS,2350.0,PE,0.0,0.0,0.0,20.5,39.65,0,0.0,0
2014-11-10,2014-12-24,OPTSTK,TCS,2400.0,PE,0.0,0.0,0.0,27.9,52.8,0,0.0,0
2014-11-10,2014-12-24,OPTSTK,TCS,2450.0,PE,0.0,0.0,0.0,37.15,68.55,0,0.0,0
2014-11-10,2014-12-24,OPTSTK,TCS,2500.0,PE,0.0,0.0,0.0,48.45,87.3,0,0.0,0
2014-11-10,2014-12-24,OPTSTK,TCS,2550.0,PE,55.2,55.2,50.0,50.0,50.0,8,26.02,1875
2014-11-10,2014-12-24,OPTSTK,TCS,2600.0,PE,0.0,0.0,0.0,72.0,133.75,0,0.0,625
2014-11-10,2014-12-24,OPTSTK,TCS,2650.0,PE,0.0,0.0,0.0,96.3,161.4,0,0.0,0
2014-11-10,2014-12-24,OPTSTK,TCS,2700.0,PE,0.0,0.0,0.0,117.3,191.85,0,0.0,0
2014-11-10,2014-12-24,OPTSTK,TCS,2750.0,PE,0.0,0.0,0.0,140.85,224.95,0,0.0,0
2014-11-10,2014-12-24,OPTSTK,TCS,2800.0,PE,0.0,0.0,0.0,166.95,260.5,0,0.0,0
2014-11-10,2014-12-24,OPTSTK,TCS,2850.0,PE,0.0,0.0,0.0,195.55,298.45,0,0.0,0
2014-11-10,2014-12-24,OPTSTK,TCS,2900.0,PE,0.0,0.0,0.0,226.5,338.1,0,0.0,0
2014-11-10,2014-12-24,OPTSTK,TCS,2950.0,PE,0.0,0.0,0.0,259.65,379.55,0,0.0,0
2014-11-10,2014-12-24,OPTSTK,TCS,3000.0,PE,0.0,0.0,0.0,294.9,422.5,0,0.0,0
2014-11-10,2014-12-24,OPTSTK,TCS,3050.0,PE,0.0,0.0,0.0,332.2,466.7,0,0.0,0
2014-11-10,2014-12-24,OPTSTK,TCS,3100.0,PE,0.0,0.0,0.0,370.95,512.0,0,0.0,0
2014-11-10,2014-12-24,OPTSTK,TCS,3150.0,PE,0.0,0.0,0.0,411.35,558.15,0,0.0,0
2014-11-10,2014-12-24,OPTSTK,TCS,3200.0,PE,0.0,0.0,0.0,453.1,605.05,0,0.0,0
2014-11-10,2014-12-24,OPTSTK,TCS,3250.0,PE,0.0,0.0,0.0,496.0,652.5,0,0.0,0
2014-11-10,2014-12-24,OPTSTK,TCS,3300.0,PE,0.0,0.0,0.0,539.95,700.45,0,0.0,0
2014-11-10,2015-01-29,OPTSTK,TCS,1700.0,CE,0.0,0.0,0.0,898.0,902.65,0,0.0,0
2014-11-10,2015-01-29,OPTSTK,TCS,1750.0,CE,0.0,0.0,0.0,850.55,854.1,0,0.0,0
2014-11-10,2015-01-29,OPTSTK,TCS,1800.0,CE,0.0,0.0,0.0,803.55,805.85,0,0.0,0
2014-11-10,2015-01-29,OPTSTK,TCS,1850.0,CE,0.0,0.0,0.0,757.25,757.9,0,0.0,0
2014-11-10,2015-01-29,OPTSTK,TCS,1900.0,CE,0.0,0.0,0.0,711.7,710.5,0,0.0,0
2014-11-10,2015-01-29,OPTSTK,TCS,1950.0,CE,0.0,0.0,0.0,667.0,663.75,0,0.0,0
2014-11-10,2015-01-29,OPTSTK,TCS,2000.0,CE,0.0,0.0,0.0,623.4,617.75,0,0.0,0
2014-11-10,2015-01-29,OPTSTK,TCS,2050.0,CE,0.0,0.0,0.0,580.9,572.7,0,0.0,0
2014-11-10,2015-01-29,OPTSTK,TCS,2100.0,CE,0.0,0.0,0.0,539.7,528.85,0,0.0,0
2014-11-10,2015-01-29,OPTSTK,TCS,2150.0,CE,0.0,0.0,0.0,499.95,486.3,0,0.0,0
2014-11-10,2015-01-29,OPTSTK,TCS,2200.0,CE,0.0,0.0,0.0,461.7,445.25,0,0.0,0
2014-11-10,2015-01-29,OPTSTK,TCS,2250.0,CE,0.0,0.0,0.0,425.2,405.9,0,0.0,0
2014-11-10,2015-01-29,OPTSTK,TCS,2300.0,CE,0.0,0.0,0.0,390.25,368.4,0,0.0,0
2014-11-10,2015-01-29,OPTSTK,TCS,2350.0,CE,0.0,0.0,0.0,357.05,332.8,0,0.0,0
2014-11-10,2015-01-29,OPTSTK,TCS,2400.0,CE,0.0,0.0,0.0,325.75,299.15,0,0.0,0
2014-11-10,2015-01-29,OPTSTK,TCS,2450.0,CE,0.0,0.0,0.0,296.35,267.8,0,0.0,0
2014-11-10,2015-01-29,OPTSTK,TCS,2500.0,CE,0.0,0.0,0.0,268.8,238.65,0,0.0,0
2014-11-10,2015-01-29,OPTSTK,TCS,2550.0,CE,0.0,0.0,0.0,243.15,211.7,0,0.0,0
2014-11-10,2015-01-29,OPTSTK,TCS,2600.0,CE,0.0,0.0,0.0,219.25,186.95,0,0.0,0
2014-11-10,2015-01-29,OPTSTK,TCS,2650.0,CE,0.0,0.0,0.0,197.2,164.35,0,0.0,0
2014-11-10,2015-01-29,OPTSTK,TCS,2700.0,CE,0.0,0.0,0.0,176.9,143.9,0,0.0,0
2014-11-10,2015-01-29,OPTSTK,TCS,2750.0,CE,0.0,0.0,0.0,158.25,125.4,0,0.0,0
2014-11-10,2015-01-29,OPTSTK,TCS,2800.0,CE,0.0,0.0,0.0,141.2,108.85,0,0.0,0
2014-11-10,2015-01-29,OPTSTK,TCS,2850.0,CE,0.0,0.0,0.0,125.65,94.1,0,0.0,0
2014-11-10,2015-01-29,OPTSTK,TCS,2900.0,CE,0.0,0.0,0.0,111.55,81.1,0,0.0,0
2014-11-10,2015-01-29,OPTSTK,TCS,2950.0,CE,0.0,0.0,0.0,98.95,69.6,0,0.0,0
2014-11-10,2015-01-29,OPTSTK,TCS,3000.0,CE,0.0,0.0,0.0,87.5,59.4,0,0.0,0
2014-11-10,2015-01-29,OPTSTK,TCS,3050.0,CE,0.0,0.0,0.0,77.2,50.6,0,0.0,0
2014-11-10,2015-01-29,OPTSTK,TCS,3100.0,CE,0.0,0.0,0.0,67.85,42.9,0,0.0,0
2014-11-10,2015-01-29,OPTSTK,TCS,3150.0,CE,0.0,0.0,0.0,59.6,36.3,0,0.0,0
2014-11-10,2015-01-29,OPTSTK,TCS,3200.0,CE,0.0,0.0,0.0,52.25,30.55,0,0.0,0
2014-11-10,2015-01-29,OPTSTK,TCS,3250.0,CE,0.0,0.0,0.0,45.7,25.7,0,0.0,0
2014-11-10,2015-01-29,OPTSTK,TCS,3300.0,CE,0.0,0.0,0.0,39.9,21.5,0,0.0,0
2014-11-10,2015-01-29,OPTSTK,TCS,1700.0,PE,0.0,0.0,0.0,3.1,0.75,0,0.0,0
2014-11-10,2015-01-29,OPTSTK,TCS,1750.0,PE,0.0,0.0,0.0,4.55,1.3,0,0.0,0
2014-11-10,2015-01-29,OPTSTK,TCS,1800.0,PE,0.0,0.0,0.0,6.55,2.05,0,0.0,0
2014-11-10,2015-01-29,OPTSTK,TCS,1850.0,PE,0.0,0.0,0.0,9.15,3.2,0,0.0,0
2014-11-10,2015-01-29,OPTSTK,TCS,1900.0,PE,0.0,0.0,0.0,12.5,4.85,0,0.0,0
2014-11-10,2015-01-29,OPTSTK,TCS,1950.0,PE,0.0,0.0,0.0,16.75,7.1,0,0.0,0
2014-11-10,2015-01-29,OPTSTK,TCS,2000.0,PE,0.0,0.0,0.0,22.0,10.2,0,0.0,0
2014-11-10,2015-01-29,OPTSTK,TCS,2050.0,PE,0.0,0.0,0.0,28.45,14.2,0,0.0,0
2014-11-10,2015-01-29,OPTSTK,TCS,2100.0,PE,0.0,0.0,0.0,36.2,19.4,0,0.0,0
2014-11-10,2015-01-29,OPTSTK,TCS,2150.0,PE,0.0,0.0,0.0,45.35,25.9,0,0.0,0
2014-11-10,2015-01-29,OPTSTK,TCS,2200.0,PE,0.0,0.0,0.0,56.05,33.9,0,0.0,0
2014-11-10,2015-01-29,OPTSTK,TCS,2250.0,PE,0.0,0.0,0.0,68.45,43.6,0,0.0,0
2014-11-10,2015-01-29,OPTSTK,TCS,2300.0,PE,0.0,0.0,0.0,82.45,55.2,0,0.0,0
2014-11-10,2015-01-29,OPTSTK,TCS,2350.0,PE,0.0,0.0,0.0,98.15,68.6,0,0.0,0
2014-11-10,2015-01-29,OPTSTK,TCS,2400.0,PE,0.0,0.0,0.0,115.8,84.05,0,0.0,0
2014-11-10,2015-01-29,OPTSTK,TCS,2450.0,PE,0.0,0.0,0.0,135.3,101.75,0,0.0,0
2014-11-10,2015-01-29,OPTSTK,TCS,2500.0,PE,0.0,0.0,0.0,156.65,121.65,0,0.0,0
2014-11-10,2015-01-29,OPTSTK,TCS,2550.0,PE,0.0,0.0,0.0,179.9,143.75,0,0.0,0
2014-11-10,2015-01-29,OPTSTK,TCS,2600.0,PE,0.0,0.0,0.0,204.95,168.05,0,0.0,0
2014-11-10,2015-01-29,OPTSTK,TCS,2650.0,PE,0.0,0.0,0.0,231.85,194.5,0,0.0,0
2014-11-10,2015-01-29,OPTSTK,TCS,2700.0,PE,0.0,0.0,0.0,260.4,223.05,0,0.0,0
2014-11-10,2015-01-29,OPTSTK,TCS,2750.0,PE,0.0,0.0,0.0,290.7,253.65,0,0.0,0
2014-11-10,2015-01-29,OPTSTK,TCS,2800.0,PE,0.0,0.0,0.0,322.55,286.1,0,0.0,0
2014-11-10,2015-01-29,OPTSTK,TCS,2850.0,PE,0.0,0.0,0.0,355.95,320.4,0,0.0,0
2014-11-10,2015-01-29,OPTSTK,TCS,2900.0,PE,0.0,0.0,0.0,390.8,356.5,0,0.0,0
2014-11-10,2015-01-29,OPTSTK,TCS,2950.0,PE,0.0,0.0,0.0,427.1,394.05,0,0.0,0
2014-11-10,2015-01-29,OPTSTK,TCS,3000.0,PE,0.0,0.0,0.0,464.55,432.9,0,0.0,0
2014-11-10,2015-01-29,OPTSTK,TCS,3050.0,PE,0.0,0.0,0.0,503.2,473.15,0,0.0,0
2014-11-10,2015-01-29,OPTSTK,TCS,3100.0,PE,0.0,0.0,0.0,542.8,514.5,0,0.0,0
2014-11-10,2015-01-29,OPTSTK,TCS,3150.0,PE,0.0,0.0,0.0,583.45,556.95,0,0.0,0
2014-11-10,2015-01-29,OPTSTK,TCS,3200.0,PE,0.0,0.0,0.0,625.0,600.3,0,0.0,0
2014-11-10,2015-01-29,OPTSTK,TCS,3250.0,PE,0.0,0.0,0.0,667.4,644.45,0,0.0,0
2014-11-10,2015-01-29,OPTSTK,TCS,3300.0,PE,0.0,0.0,0.0,710.5,689.3,0,0.0,0
2014-11-10,2014-11-27,OPTSTK,TECHM,1550.0,CE,0.0,0.0,0.0,845.95,1090.25,0,0.0,0
2014-11-10,2014-11-27,OPTSTK,TECHM,1600.0,CE,0.0,0.0,0.0,797.05,1040.45,0,0.0,0
2014-11-10,2014-11-27,OPTSTK,TECHM,1650.0,CE,0.0,0.0,0.0,748.15,990.65,0,0.0,0
2014-11-10,2014-11-27,OPTSTK,TECHM,1700.0,CE,0.0,0.0,0.0,699.3,940.85,0,0.0,0
2014-11-10,2014-11-27,OPTSTK,TECHM,1750.0,CE,0.0,0.0,0.0,650.55,891.05,0,0.0,0
2014-11-10,2014-11-27,OPTSTK,TECHM,1800.0,CE,0.0,0.0,0.0,602.0,841.2,0,0.0,0
2014-11-10,2014-11-27,OPTSTK,TECHM,1850.0,CE,0.0,0.0,0.0,553.75,791.4,0,0.0,0
2014-11-10,2014-11-27,OPTSTK,TECHM,1900.0,CE,0.0,0.0,0.0,506.0,741.6,0,0.0,0
2014-11-10,2014-11-27,OPTSTK,TECHM,1950.0,CE,0.0,0.0,0.0,458.95,691.8,0,0.0,0
2014-11-10,2014-11-27,OPTSTK,TECHM,2000.0,CE,0.0,0.0,0.0,412.9,642.0,0,0.0,0
2014-11-10,2014-11-27,OPTSTK,TECHM,2050.0,CE,0.0,0.0,0.0,368.2,592.2,0,0.0,0
2014-11-10,2014-11-27,OPTSTK,TECHM,2100.0,CE,0.0,0.0,0.0,397.2,542.4,0,0.0,375
2014-11-10,2014-11-27,OPTSTK,TECHM,2150.0,CE,0.0,0.0,0.0,194.8,492.65,0,0.0,250
2014-11-10,2014-11-27,OPTSTK,TECHM,2200.0,CE,0.0,0.0,0.0,390.0,442.95,0,0.0,625
2014-11-10,2014-11-27,OPTSTK,TECHM,2250.0,CE,0.0,0.0,0.0,248.75,393.45,0,0.0,1375
2014-11-10,2014-11-27,OPTSTK,TECHM,2300.0,CE,346.0,346.0,346.0,346.0,346.0,2,6.61,5375
2014-11-10,2014-11-27,OPTSTK,TECHM,2350.0,CE,0.0,0.0,0.0,189.45,296.2,0,0.0,4000
2014-11-10,2014-11-27,OPTSTK,TECHM,2400.0,CE,0.0,0.0,0.0,195.95,249.45,0,0.0,5500
2014-11-10,2014-11-27,OPTSTK,TECHM,2450.0,CE,0.0,0.0,0.0,153.0,205.0,0,0.0,4500
2014-11-10,2014-11-27,OPTSTK,TECHM,2500.0,CE,156.25,156.25,142.4,155.0,155.0,11,36.38,28250
2014-11-10,2014-11-27,OPTSTK,TECHM,2550.0,CE,109.0,122.0,104.0,117.05,117.05,9,29.95,24125
2014-11-10,2014-11-27,OPTSTK,TECHM,2600.0,CE,74.0,82.8,67.75,77.75,77.75,23,76.91,25750
2014-11-10,2014-11-27,OPTSTK,TECHM,2650.0,CE,57.1,59.0,44.55,55.25,55.25,140,472.74,16625
2014-11-10,2014-11-27,OPTSTK,TECHM,2700.0,CE,42.35,42.35,26.1,35.4,35.4,142,484.86,42000
2014-11-10,2014-11-27,OPTSTK,TECHM,2750.0,CE,21.65,22.2,15.9,20.8,20.8,76,263.08,16500
2014-11-10,2014-11-27,OPTSTK,TECHM,2800.0,CE,12.5,12.65,9.1,11.45,11.45,68,238.91,19625
2014-11-10,2014-11-27,OPTSTK,TECHM,2850.0,CE,6.65,6.65,5.75,6.0,6.0,27,96.39,16250
2014-11-10,2014-11-27,OPTSTK,TECHM,2900.0,CE,0.0,0.0,0.0,5.0,7.5,0,0.0,3500
2014-11-10,2014-11-27,OPTSTK,TECHM,2950.0,CE,0.0,0.0,0.0,7.15,4.3,0,0.0,0
2014-11-10,2014-11-27,OPTSTK,TECHM,3000.0,CE,0.0,0.0,0.0,3.0,2.35,0,0.0,125
2014-11-10,2014-11-27,OPTSTK,TECHM,3050.0,CE,0.0,0.0,0.0,3.7,1.25,0,0.0,0
2014-11-10,2014-11-27,OPTSTK,TECHM,3100.0,CE,0.0,0.0,0.0,2.65,0.65,0,0.0,0
2014-11-10,2014-11-27,OPTSTK,TECHM,3150.0,CE,0.0,0.0,0.0,1.9,0.3,0,0.0,0
2014-11-10,2014-11-27,OPTSTK,TECHM,1550.0,PE,0.0,0.0,0.0,0.05,0.0,0,0.0,0
2014-11-10,2014-11-27,OPTSTK,TECHM,1600.0,PE,0.0,0.0,0.0,0.05,0.0,0,0.0,0
2014-11-10,2014-11-27,OPTSTK,TECHM,1650.0,PE,0.0,0.0,0.0,0.1,0.0,0,0.0,0
2014-11-10,2014-11-27,OPTSTK,TECHM,1700.0,PE,0.0,0.0,0.0,0.2,0.0,0,0.0,0
2014-11-10,2014-11-27,OPTSTK,TECHM,1750.0,PE,0.0,0.0,0.0,0.4,0.0,0,0.0,0
2014-11-10,2014-11-27,OPTSTK,TECHM,1800.0,PE,0.0,0.0,0.0,0.75,0.0,0,0.0,0
2014-11-10,2014-11-27,OPTSTK,TECHM,1850.0,PE,0.0,0.0,0.0,1.45,0.0,0,0.0,0
2014-11-10,2014-11-27,OPTSTK,TECHM,1900.0,PE,0.0,0.0,0.0,2.6,0.0,0,0.0,0
2014-11-10,2014-11-27,OPTSTK,TECHM,1950.0,PE,0.0,0.0,0.0,4.5,0.0,0,0.0,0
2014-11-10,2014-11-27,OPTSTK,TECHM,2000.0,PE,0.0,0.0,0.0,7.4,0.0,0,0.0,0
2014-11-10,2014-11-27,OPTSTK,TECHM,2050.0,PE,0.0,0.0,0.0,11.65,0.0,0,0.0,0
2014-11-10,2014-11-27,OPTSTK,TECHM,2100.0,PE,0.0,0.0,0.0,17.65,0.05,0,0.0,0
2014-11-10,2014-11-27,OPTSTK,TECHM,2150.0,PE,0.0,0.0,0.0,1.15,0.05,0,0.0,750
2014-11-10,2014-11-27,OPTSTK,TECHM,2200.0,PE,0.0,0.0,0.0,1.05,0.2,0,0.0,7750
2014-11-10,2014-11-27,OPTSTK,TECHM,2250.0,PE,0.0,0.0,0.0,2.05,0.5,0,0.0,4000
2014-11-10,2014-11-27,OPTSTK,TECHM,2300.0,PE,2.3,2.3,1.9,1.9,1.9,6,17.26,15375
2014-11-10,2014-11-27,OPTSTK,TECHM,2350.0,PE,4.0,4.0,4.0,4.0,4.0,3,8.82,23125
2014-11-10,2014-11-27,OPTSTK,TECHM,2400.0,PE,6.0,7.05,5.15,5.4,5.4,12,36.08,20125
2014-11-10,2014-11-27,OPTSTK,TECHM,2450.0,PE,9.0,11.25,8.1,8.15,8.15,20,61.48,11750
2014-11-10,2014-11-27,OPTSTK,TECHM,2500.0,PE,15.15,19.15,13.7,14.45,14.45,121,380.76,25750
2014-11-10,2014-11-27,OPTSTK,TECHM,2550.0,PE,24.55,31.65,22.25,24.25,24.25,93,299.57,28750
2014-11-10,2014-11-27,OPTSTK,TECHM,2600.0,PE,37.25,50.0,35.8,39.45,39.45,147,485.99,19375
2014-11-10,2014-11-27,OPTSTK,TECHM,2650.0,PE,65.8,75.3,57.65,59.25,59.25,96,325.89,7000
2014-11-10,2014-11-27,OPTSTK,TECHM,2700.0,PE,94.7,100.45,94.7,100.45,100.45,3,10.48,1625
2014-11-10,2014-11-27,OPTSTK,TECHM,2750.0,PE,127.25,127.25,127.25,127.25,127.25,1,3.59,125
2014-11-10,2014-11-27,OPTSTK,TECHM,2800.0,PE,0.0,0.0,0.0,395.15,175.35,0,0.0,0
2014-11-10,2014-11-27,OPTSTK,TECHM,2850.0,PE,0.0,0.0,0.0,439.6,217.3,0,0.0,0
2014-11-10,2014-11-27,OPTSTK,TECHM,2900.0,PE,0.0,0.0,0.0,485.1,261.95,0,0.0,0
2014-11-10,2014-11-27,OPTSTK,TECHM,2950.0,PE,0.0,0.0,0.0,531.45,308.55,0,0.0,0
2014-11-10,2014-11-27,OPTSTK,TECHM,3000.0,PE,0.0,0.0,0.0,578.4,356.4,0,0.0,0
2014-11-10,2014-11-27,OPTSTK,TECHM,3050.0,PE,0.0,0.0,0.0,625.9,405.1,0,0.0,0
2014-11-10,2014-11-27,OPTSTK,TECHM,3100.0,PE,0.0,0.0,0.0,673.75,454.3,0,0.0,0
2014-11-10,2014-11-27,OPTSTK,TECHM,3150.0,PE,0.0,0.0,0.0,721.95,503.8,0,0.0,0
2014-11-10,2014-12-24,OPTSTK,TECHM,1550.0,CE,0.0,0.0,0.0,985.75,1100.35,0,0.0,0
2014-11-10,2014-12-24,OPTSTK,TECHM,1600.0,CE,0.0,0.0,0.0,936.85,1050.85,0,0.0,0
2014-11-10,2014-12-24,OPTSTK,TECHM,1650.0,CE,0.0,0.0,0.0,887.95,1001.4,0,0.0,0
2014-11-10,2014-12-24,OPTSTK,TECHM,1700.0,CE,0.0,0.0,0.0,839.05,951.9,0,0.0,0
2014-11-10,2014-12-24,OPTSTK,TECHM,1750.0,CE,0.0,0.0,0.0,790.15,902.45,0,0.0,0
2014-11-10,2014-12-24,OPTSTK,TECHM,1800.0,CE,0.0,0.0,0.0,741.25,852.95,0,0.0,0
2014-11-10,2014-12-24,OPTSTK,TECHM,1850.0,CE,0.0,0.0,0.0,692.35,803.5,0,0.0,0
2014-11-10,2014-12-24,OPTSTK,TECHM,1900.0,CE,0.0,0.0,0.0,643.55,754.1,0,0.0,0
2014-11-10,2014-12-24,OPTSTK,TECHM,1950.0,CE,0.0,0.0,0.0,594.8,704.7,0,0.0,0
2014-11-10,2014-12-24,OPTSTK,TECHM,2000.0,CE,0.0,0.0,0.0,546.3,655.4,0,0.0,0
2014-11-10,2014-12-24,OPTSTK,TECHM,2050.0,CE,0.0,0.0,0.0,498.1,606.3,0,0.0,0
2014-11-10,2014-12-24,OPTSTK,TECHM,2100.0,CE,0.0,0.0,0.0,450.45,557.45,0,0.0,0
2014-11-10,2014-12-24,OPTSTK,TECHM,2150.0,CE,0.0,0.0,0.0,403.6,509.1,0,0.0,0
2014-11-10,2014-12-24,OPTSTK,TECHM,2200.0,CE,0.0,0.0,0.0,358.0,461.4,0,0.0,0
2014-11-10,2014-12-24,OPTSTK,TECHM,2250.0,CE,0.0,0.0,0.0,313.95,414.7,0,0.0,0
2014-11-10,2014-12-24,OPTSTK,TECHM,2300.0,CE,0.0,0.0,0.0,272.0,369.35,0,0.0,0
2014-11-10,2014-12-24,OPTSTK,TECHM,2350.0,CE,0.0,0.0,0.0,232.6,325.75,0,0.0,0
2014-11-10,2014-12-24,OPTSTK,TECHM,2400.0,CE,0.0,0.0,0.0,196.15,284.25,0,0.0,0
2014-11-10,2014-12-24,OPTSTK,TECHM,2450.0,CE,0.0,0.0,0.0,163.05,245.25,0,0.0,0
2014-11-10,2014-12-24,OPTSTK,TECHM,2500.0,CE,0.0,0.0,0.0,133.5,209.1,0,0.0,0
2014-11-10,2014-12-24,OPTSTK,TECHM,2550.0,CE,0.0,0.0,0.0,107.65,176.1,0,0.0,0
2014-11-10,2014-12-24,OPTSTK,TECHM,2600.0,CE,0.0,0.0,0.0,85.45,146.5,0,0.0,0
2014-11-10,2014-12-24,OPTSTK,TECHM,2650.0,CE,0.0,0.0,0.0,66.8,120.3,0,0.0,0
2014-11-10,2014-12-24,OPTSTK,TECHM,2700.0,CE,60.25,60.25,60.2,60.25,60.25,5,17.25,750
2014-11-10,2014-12-24,OPTSTK,TECHM,2750.0,CE,0.0,0.0,0.0,39.05,78.0,0,0.0,0
2014-11-10,2014-12-24,OPTSTK,TECHM,2800.0,CE,0.0,0.0,0.0,29.1,61.6,0,0.0,0
2014-11-10,2014-12-24,OPTSTK,TECHM,2850.0,CE,0.0,0.0,0.0,21.35,48.15,0,0.0,0
2014-11-10,2014-12-24,OPTSTK,TECHM,2900.0,CE,0.0,0.0,0.0,15.45,37.0,0,0.0,0
2014-11-10,2014-12-24,OPTSTK,TECHM,2950.0,CE,0.0,0.0,0.0,11.05,28.15,0,0.0,0
2014-11-10,2014-12-24,OPTSTK,TECHM,3000.0,CE,0.0,0.0,0.0,7.75,21.1,0,0.0,0
2014-11-10,2014-12-24,OPTSTK,TECHM,3050.0,CE,0.0,0.0,0.0,5.4,15.65,0,0.0,0
2014-11-10,2014-12-24,OPTSTK,TECHM,3100.0,CE,0.0,0.0,0.0,3.7,11.5,0,0.0,0
2014-11-10,2014-12-24,OPTSTK,TECHM,3150.0,CE,0.0,0.0,0.0,2.5,8.3,0,0.0,0
2014-11-10,2014-12-24,OPTSTK,TECHM,1550.0,PE,0.0,0.0,0.0,0.05,0.0,0,0.0,0
2014-11-10,2014-12-24,OPTSTK,TECHM,1600.0,PE,0.0,0.0,0.0,0.05,0.0,0,0.0,0
2014-11-10,2014-12-24,OPTSTK,TECHM,1650.0,PE,0.0,0.0,0.0,0.05,0.0,0,0.0,0
2014-11-10,2014-12-24,OPTSTK,TECHM,1700.0,PE,0.0,0.0,0.0,0.05,0.0,0,0.0,0
2014-11-10,2014-12-24,OPTSTK,TECHM,1750.0,PE,0.0,0.0,0.0,0.05,0.0,0,0.0,0
2014-11-10,2014-12-24,OPTSTK,TECHM,1800.0,PE,0.0,0.0,0.0,0.05,0.05,0,0.0,0
2014-11-10,2014-12-24,OPTSTK,TECHM,1850.0,PE,0.0,0.0,0.0,0.1,0.05,0,0.0,0
2014-11-10,2014-12-24,OPTSTK,TECHM,1900.0,PE,0.0,0.0,0.0,0.15,0.1,0,0.0,0
2014-11-10,2014-12-24,OPTSTK,TECHM,1950.0,PE,0.0,0.0,0.0,0.35,0.2,0,0.0,0
2014-11-10,2014-12-24,OPTSTK,TECHM,2000.0,PE,0.0,0.0,0.0,0.75,0.35,0,0.0,0
2014-11-10,2014-12-24,OPTSTK,TECHM,2050.0,PE,0.0,0.0,0.0,1.45,0.7,0,0.0,0
2014-11-10,2014-12-24,OPTSTK,TECHM,2100.0,PE,0.0,0.0,0.0,2.7,1.35,0,0.0,0
2014-11-10,2014-12-24,OPTSTK,TECHM,2150.0,PE,0.0,0.0,0.0,4.8,2.45,0,0.0,0
2014-11-10,2014-12-24,OPTSTK,TECHM,2200.0,PE,0.0,0.0,0.0,8.05,4.3,0,0.0,0
2014-11-10,2014-12-24,OPTSTK,TECHM,2250.0,PE,0.0,0.0,0.0,12.95,7.05,0,0.0,0
2014-11-10,2014-12-24,OPTSTK,TECHM,2300.0,PE,0.0,0.0,0.0,19.95,11.2,0,0.0,0
2014-11-10,2014-12-24,OPTSTK,TECHM,2350.0,PE,0.0,0.0,0.0,29.45,17.05,0,0.0,0
2014-11-10,2014-12-24,OPTSTK,TECHM,2400.0,PE,0.0,0.0,0.0,41.85,25.0,0,0.0,0
2014-11-10,2014-12-24,OPTSTK,TECHM,2450.0,PE,0.0,0.0,0.0,57.7,35.5,0,0.0,0
2014-11-10,2014-12-24,OPTSTK,TECHM,2500.0,PE,0.0,0.0,0.0,77.05,48.8,0,0.0,0
2014-11-10,2014-12-24,OPTSTK,TECHM,2550.0,PE,0.0,0.0,0.0,100.1,65.3,0,0.0,0
2014-11-10,2014-12-24,OPTSTK,TECHM,2600.0,PE,0.0,0.0,0.0,126.85,85.15,0,0.0,0
2014-11-10,2014-12-24,OPTSTK,TECHM,2650.0,PE,79.6,79.6,79.6,79.6,79.6,2,6.82,250
2014-11-10,2014-12-24,OPTSTK,TECHM,2700.0,PE,0.0,0.0,0.0,190.55,135.15,0,0.0,0
2014-11-10,2014-12-24,OPTSTK,TECHM,2750.0,PE,0.0,0.0,0.0,227.15,165.1,0,0.0,0
2014-11-10,2014-12-24,OPTSTK,TECHM,2800.0,PE,0.0,0.0,0.0,266.1,198.2,0,0.0,0
2014-11-10,2014-12-24,OPTSTK,TECHM,2850.0,PE,0.0,0.0,0.0,307.3,234.2,0,0.0,0
2014-11-10,2014-12-24,OPTSTK,TECHM,2900.0,PE,0.0,0.0,0.0,350.3,272.55,0,0.0,0
2014-11-10,2014-12-24,OPTSTK,TECHM,2950.0,PE,0.0,0.0,0.0,394.75,313.15,0,0.0,0
2014-11-10,2014-12-24,OPTSTK,TECHM,3000.0,PE,0.0,0.0,0.0,440.4,355.6,0,0.0,0
2014-11-10,2014-12-24,OPTSTK,TECHM,3050.0,PE,0.0,0.0,0.0,486.95,399.65,0,0.0,0
2014-11-10,2014-12-24,OPTSTK,TECHM,3100.0,PE,0.0,0.0,0.0,534.15,444.95,0,0.0,0
2014-11-10,2014-12-24,OPTSTK,TECHM,3150.0,PE,0.0,0.0,0.0,581.85,491.25,0,0.0,0
2014-11-10,2015-01-29,OPTSTK,TECHM,1550.0,CE,0.0,0.0,0.0,963.1,1113.5,0,0.0,0
2014-11-10,2015-01-29,OPTSTK,TECHM,1600.0,CE,0.0,0.0,0.0,914.3,1064.45,0,0.0,0
2014-11-10,2015-01-29,OPTSTK,TECHM,1650.0,CE,0.0,0.0,0.0,865.55,1015.45,0,0.0,0
2014-11-10,2015-01-29,OPTSTK,TECHM,1700.0,CE,0.0,0.0,0.0,816.9,966.4,0,0.0,0
2014-11-10,2015-01-29,OPTSTK,TECHM,1750.0,CE,0.0,0.0,0.0,768.45,917.45,0,0.0,0
2014-11-10,2015-01-29,OPTSTK,TECHM,1800.0,CE,0.0,0.0,0.0,720.35,868.55,0,0.0,0
2014-11-10,2015-01-29,OPTSTK,TECHM,1850.0,CE,0.0,0.0,0.0,672.6,819.75,0,0.0,0
2014-11-10,2015-01-29,OPTSTK,TECHM,1900.0,CE,0.0,0.0,0.0,625.4,771.15,0,0.0,0
2014-11-10,2015-01-29,OPTSTK,TECHM,1950.0,CE,0.0,0.0,0.0,579.0,722.8,0,0.0,0
2014-11-10,2015-01-29,OPTSTK,TECHM,2000.0,CE,0.0,0.0,0.0,533.45,674.85,0,0.0,0
2014-11-10,2015-01-29,OPTSTK,TECHM,2050.0,CE,0.0,0.0,0.0,489.1,627.4,0,0.0,0
2014-11-10,2015-01-29,OPTSTK,TECHM,2100.0,CE,0.0,0.0,0.0,446.1,580.65,0,0.0,0
2014-11-10,2015-01-29,OPTSTK,TECHM,2150.0,CE,0.0,0.0,0.0,404.65,534.8,0,0.0,0
2014-11-10,2015-01-29,OPTSTK,TECHM,2200.0,CE,0.0,0.0,0.0,365.05,490.0,0,0.0,0
2014-11-10,2015-01-29,OPTSTK,TECHM,2250.0,CE,0.0,0.0,0.0,327.45,446.6,0,0.0,0
2014-11-10,2015-01-29,OPTSTK,TECHM,2300.0,CE,0.0,0.0,0.0,292.05,404.7,0,0.0,0
2014-11-10,2015-01-29,OPTSTK,TECHM,2350.0,CE,0.0,0.0,0.0,258.8,364.65,0,0.0,0
2014-11-10,2015-01-29,OPTSTK,TECHM,2400.0,CE,0.0,0.0,0.0,228.1,326.55,0,0.0,0
2014-11-10,2015-01-29,OPTSTK,TECHM,2450.0,CE,0.0,0.0,0.0,199.8,290.7,0,0.0,0
2014-11-10,2015-01-29,OPTSTK,TECHM,2500.0,CE,0.0,0.0,0.0,174.0,257.0,0,0.0,0
2014-11-10,2015-01-29,OPTSTK,TECHM,2550.0,CE,0.0,0.0,0.0,150.65,225.85,0,0.0,0
2014-11-10,2015-01-29,OPTSTK,TECHM,2600.0,CE,0.0,0.0,0.0,129.7,197.25,0,0.0,0
2014-11-10,2015-01-29,OPTSTK,TECHM,2650.0,CE,0.0,0.0,0.0,111.0,171.15,0,0.0,0
2014-11-10,2015-01-29,OPTSTK,TECHM,2700.0,CE,0.0,0.0,0.0,94.45,147.55,0,0.0,0
2014-11-10,2015-01-29,OPTSTK,TECHM,2750.0,CE,0.0,0.0,0.0,79.95,126.4,0,0.0,0
2014-11-10,2015-01-29,OPTSTK,TECHM,2800.0,CE,0.0,0.0,0.0,67.45,107.6,0,0.0,0
2014-11-10,2015-01-29,OPTSTK,TECHM,2850.0,CE,0.0,0.0,0.0,56.55,91.05,0,0.0,0
2014-11-10,2015-01-29,OPTSTK,TECHM,2900.0,CE,0.0,0.0,0.0,47.05,76.55,0,0.0,0
2014-11-10,2015-01-29,OPTSTK,TECHM,2950.0,CE,0.0,0.0,0.0,39.0,64.15,0,0.0,0
2014-11-10,2015-01-29,OPTSTK,TECHM,3000.0,CE,0.0,0.0,0.0,32.2,53.25,0,0.0,0
2014-11-10,2015-01-29,OPTSTK,TECHM,3050.0,CE,0.0,0.0,0.0,26.45,44.05,0,0.0,0
2014-11-10,2015-01-29,OPTSTK,TECHM,3100.0,CE,0.0,0.0,0.0,21.65,36.2,0,0.0,0
2014-11-10,2015-01-29,OPTSTK,TECHM,3150.0,CE,0.0,0.0,0.0,17.6,29.6,0,0.0,0
2014-11-10,2015-01-29,OPTSTK,TECHM,1550.0,PE,0.0,0.0,0.0,0.1,0.05,0,0.0,0
2014-11-10,2015-01-29,OPTSTK,TECHM,1600.0,PE,0.0,0.0,0.0,0.2,0.05,0,0.0,0
2014-11-10,2015-01-29,OPTSTK,TECHM,1650.0,PE,0.0,0.0,0.0,0.35,0.05,0,0.0,0
2014-11-10,2015-01-29,OPTSTK,TECHM,1700.0,PE,0.0,0.0,0.0,0.65,0.1,0,0.0,0
2014-11-10,2015-01-29,OPTSTK,TECHM,1750.0,PE,0.0,0.0,0.0,1.15,0.2,0,0.0,0
2014-11-10,2015-01-29,OPTSTK,TECHM,1800.0,PE,0.0,0.0,0.0,1.95,0.35,0,0.0,0
2014-11-10,2015-01-29,OPTSTK,TECHM,1850.0,PE,0.0,0.0,0.0,3.15,0.6,0,0.0,0
2014-11-10,2015-01-29,OPTSTK,TECHM,1900.0,PE,0.0,0.0,0.0,4.85,1.05,0,0.0,0
2014-11-10,2015-01-29,OPTSTK,TECHM,1950.0,PE,0.0,0.0,0.0,7.35,1.75,0,0.0,0
2014-11-10,2015-01-29,OPTSTK,TECHM,2000.0,PE,0.0,0.0,0.0,10.75,2.85,0,0.0,0
2014-11-10,2015-01-29,OPTSTK,TECHM,2050.0,PE,0.0,0.0,0.0,15.3,4.45,0,0.0,0
2014-11-10,2015-01-29,OPTSTK,TECHM,2100.0,PE,0.0,0.0,0.0,21.2,6.75,0,0.0,0
2014-11-10,2015-01-29,OPTSTK,TECHM,2150.0,PE,0.0,0.0,0.0,28.7,9.95,0,0.0,0
2014-11-10,2015-01-29,OPTSTK,TECHM,2200.0,PE,0.0,0.0,0.0,38.05,14.25,0,0.0,0
2014-11-10,2015-01-29,OPTSTK,TECHM,2250.0,PE,0.0,0.0,0.0,49.35,19.85,0,0.0,0
2014-11-10,2015-01-29,OPTSTK,TECHM,2300.0,PE,0.0,0.0,0.0,62.85,27.05,0,0.0,0
2014-11-10,2015-01-29,OPTSTK,TECHM,2350.0,PE,0.0,0.0,0.0,78.55,36.0,0,0.0,0
2014-11-10,2015-01-29,OPTSTK,TECHM,2400.0,PE,0.0,0.0,0.0,96.75,46.95,0,0.0,0
2014-11-10,2015-01-29,OPTSTK,TECHM,2450.0,PE,0.0,0.0,0.0,117.4,60.15,0,0.0,0
2014-11-10,2015-01-29,OPTSTK,TECHM,2500.0,PE,0.0,0.0,0.0,140.5,75.5,0,0.0,0
2014-11-10,2015-01-29,OPTSTK,TECHM,2550.0,PE,0.0,0.0,0.0,166.1,93.4,0,0.0,0
2014-11-10,2015-01-29,OPTSTK,TECHM,2600.0,PE,0.0,0.0,0.0,194.05,113.85,0,0.0,0
2014-11-10,2015-01-29,OPTSTK,TECHM,2650.0,PE,0.0,0.0,0.0,224.25,136.8,0,0.0,0
2014-11-10,2015-01-29,OPTSTK,TECHM,2700.0,PE,0.0,0.0,0.0,256.65,162.25,0,0.0,0
2014-11-10,2015-01-29,OPTSTK,TECHM,2750.0,PE,0.0,0.0,0.0,291.05,190.2,0,0.0,0
2014-11-10,2015-01-29,OPTSTK,TECHM,2800.0,PE,0.0,0.0,0.0,327.45,220.45,0,0.0,0
2014-11-10,2015-01-29,OPTSTK,TECHM,2850.0,PE,0.0,0.0,0.0,365.5,252.95,0,0.0,0
2014-11-10,2015-01-29,OPTSTK,TECHM,2900.0,PE,0.0,0.0,0.0,404.9,287.5,0,0.0,0
2014-11-10,2015-01-29,OPTSTK,TECHM,2950.0,PE,0.0,0.0,0.0,445.8,324.15,0,0.0,0
2014-11-10,2015-01-29,OPTSTK,TECHM,3000.0,PE,0.0,0.0,0.0,487.9,362.3,0,0.0,0
2014-11-10,2015-01-29,OPTSTK,TECHM,3050.0,PE,0.0,0.0,0.0,531.1,402.15,0,0.0,0
2014-11-10,2015-01-29,OPTSTK,TECHM,3100.0,PE,0.0,0.0,0.0,575.2,443.35,0,0.0,0
2014-11-10,2015-01-29,OPTSTK,TECHM,3150.0,PE,0.0,0.0,0.0,620.1,485.8,0,0.0,0
2014-11-10,2014-11-27,OPTSTK,TITAN,220.0,CE,0.0,0.0,0.0,148.15,159.85,0,0.0,0
2014-11-10,2014-11-27,OPTSTK,TITAN,230.0,CE,0.0,0.0,0.0,138.4,149.9,0,0.0,0
2014-11-10,2014-11-27,OPTSTK,TITAN,240.0,CE,0.0,0.0,0.0,128.75,139.9,0,0.0,0
2014-11-10,2014-11-27,OPTSTK,TITAN,250.0,CE,0.0,0.0,0.0,119.15,129.95,0,0.0,0
2014-11-10,2014-11-27,OPTSTK,TITAN,260.0,CE,0.0,0.0,0.0,109.65,120.0,0,0.0,0
2014-11-10,2014-11-27,OPTSTK,TITAN,270.0,CE,0.0,0.0,0.0,100.3,110.05,0,0.0,0
2014-11-10,2014-11-27,OPTSTK,TITAN,280.0,CE,0.0,0.0,0.0,91.2,100.1,0,0.0,0
2014-11-10,2014-11-27,OPTSTK,TITAN,290.0,CE,0.0,0.0,0.0,82.4,90.15,0,0.0,0
2014-11-10,2014-11-27,OPTSTK,TITAN,300.0,CE,0.0,0.0,0.0,73.9,80.2,0,0.0,0
2014-11-10,2014-11-27,OPTSTK,TITAN,310.0,CE,0.0,0.0,0.0,65.85,70.35,0,0.0,0
2014-11-10,2014-11-27,OPTSTK,TITAN,320.0,CE,0.0,0.0,0.0,58.2,60.65,0,0.0,0
2014-11-10,2014-11-27,OPTSTK,TITAN,330.0,CE,0.0,0.0,0.0,51.1,51.2,0,0.0,0
2014-11-10,2014-11-27,OPTSTK,TITAN,340.0,CE,0.0,0.0,0.0,44.5,42.2,0,0.0,0
2014-11-10,2014-11-27,OPTSTK,TITAN,350.0,CE,0.0,0.0,0.0,72.0,33.85,0,0.0,1000
2014-11-10,2014-11-27,OPTSTK,TITAN,360.0,CE,25.4,25.4,25.4,25.4,25.4,1,3.85,8000
2014-11-10,2014-11-27,OPTSTK,TITAN,370.0,CE,19.2,19.2,19.2,19.2,19.2,1,3.89,22000
2014-11-10,2014-11-27,OPTSTK,TITAN,380.0,CE,14.0,14.8,9.15,11.1,11.1,173,677.82,175000
2014-11-10,2014-11-27,OPTSTK,TITAN,390.0,CE,9.0,9.95,6.45,7.5,7.5,98,390.16,165000
2014-11-10,2014-11-27,OPTSTK,TITAN,400.0,CE,6.3,6.55,3.75,4.7,4.7,238,963.85,609000
2014-11-10,2014-11-27,OPTSTK,TITAN,410.0,CE,3.9,3.9,2.55,3.15,3.15,108,446.19,287000
2014-11-10,2014-11-27,OPTSTK,TITAN,420.0,CE,2.3,2.5,1.7,2.05,2.05,73,308.04,336000
2014-11-10,2014-11-27,OPTSTK,TITAN,430.0,CE,1.45,1.6,1.1,1.25,1.25,25,107.81,288000
2014-11-10,2014-11-27,OPTSTK,TITAN,440.0,CE,1.1,1.15,0.75,0.9,0.9,36,158.71,219000
2014-11-10,2014-11-27,OPTSTK,TITAN,450.0,CE,0.6,0.6,0.5,0.5,0.5,7,31.53,115000
2014-11-10,2014-11-27,OPTSTK,TITAN,460.0,CE,0.3,0.3,0.3,0.3,0.3,1,4.6,22000
2014-11-10,2014-11-27,OPTSTK,TITAN,470.0,CE,0.0,0.0,0.0,0.1,0.2,0,0.0,2000
2014-11-10,2014-11-27,OPTSTK,TITAN,480.0,CE,0.0,0.0,0.0,1.5,0.1,0,0.0,1000
2014-11-10,2014-11-27,OPTSTK,TITAN,490.0,CE,0.0,0.0,0.0,2.6,0.05,0,0.0,0
2014-11-10,2014-11-27,OPTSTK,TITAN,500.0,CE,0.0,0.0,0.0,2.05,0.05,0,0.0,0
2014-11-10,2014-11-27,OPTSTK,TITAN,220.0,PE,0.0,0.0,0.0,0.05,0.0,0,0.0,0
2014-11-10,2014-11-27,OPTSTK,TITAN,230.0,PE,0.0,0.0,0.0,0.15,0.0,0,0.0,0
2014-11-10,2014-11-27,OPTSTK,TITAN,240.0,PE,0.0,0.0,0.0,0.25,0.0,0,0.0,0
2014-11-10,2014-11-27,OPTSTK,TITAN,250.0,PE,0.0,0.0,0.0,0.4,0.0,0,0.0,0
2014-11-10,2014-11-27,OPTSTK,TITAN,260.0,PE,0.0,0.0,0.0,0.7,0.0,0,0.0,0
2014-11-10,2014-11-27,OPTSTK,TITAN,270.0,PE,0.0,0.0,0.0,1.2,0.0,0,0.0,0
2014-11-10,2014-11-27,OPTSTK,TITAN,280.0,PE,0.0,0.0,0.0,1.85,0.0,0,0.0,0
2014-11-10,2014-11-27,OPTSTK,TITAN,290.0,PE,0.0,0.0,0.0,2.85,0.05,0,0.0,0
2014-11-10,2014-11-27,OPTSTK,TITAN,300.0,PE,0.0,0.0,0.0,4.15,0.1,0,0.0,0
2014-11-10,2014-11-27,OPTSTK,TITAN,310.0,PE,0.0,0.0,0.0,5.85,0.2,0,0.0,0
2014-11-10,2014-11-27,OPTSTK,TITAN,320.0,PE,0.0,0.0,0.0,8.0,0.45,0,0.0,0
2014-11-10,2014-11-27,OPTSTK,TITAN,330.0,PE,0.0,0.0,0.0,10.7,0.95,0,0.0,0
2014-11-10,2014-11-27,OPTSTK,TITAN,340.0,PE,1.05,1.05,1.05,1.05,1.05,2,6.82,13000
2014-11-10,2014-11-27,OPTSTK,TITAN,350.0,PE,0.85,2.1,0.85,1.7,1.7,32,112.57,70000
2014-11-10,2014-11-27,OPTSTK,TITAN,360.0,PE,3.75,4.4,2.95,3.65,3.65,40,145.49,128000
2014-11-10,2014-11-27,OPTSTK,TITAN,370.0,PE,6.0,7.8,5.65,6.35,6.35,24,90.42,100000
2014-11-10,2014-11-27,OPTSTK,TITAN,380.0,PE,10.3,12.75,8.6,11.15,11.15,69,269.76,145000
2014-11-10,2014-11-27,OPTSTK,TITAN,390.0,PE,14.6,19.85,14.2,16.9,16.9,22,89.64,48000
2014-11-10,2014-11-27,OPTSTK,TITAN,400.0,PE,22.1,25.5,22.0,24.55,24.55,14,59.33,71000
2014-11-10,2014-11-27,OPTSTK,TITAN,410.0,PE,33.15,34.15,33.15,34.15,34.15,3,13.31,16000
2014-11-10,2014-11-27,OPTSTK,TITAN,420.0,PE,44.0,44.0,41.75,41.75,41.75,4,18.49,25000
2014-11-10,2014-11-27,OPTSTK,TITAN,430.0,PE,0.0,0.0,0.0,48.05,51.1,0,0.0,7000
2014-11-10,2014-11-27,OPTSTK,TITAN,440.0,PE,0.0,0.0,0.0,27.6,60.35,0,0.0,0
2014-11-10,2014-11-27,OPTSTK,TITAN,450.0,PE,0.0,0.0,0.0,83.3,69.85,0,0.0,0
2014-11-10,2014-11-27,OPTSTK,TITAN,460.0,PE,0.0,0.0,0.0,43.0,79.55,0,0.0,1000
2014-11-10,2014-11-27,OPTSTK,TITAN,470.0,PE,0.0,0.0,0.0,100.7,89.4,0,0.0,0
2014-11-10,2014-11-27,OPTSTK,TITAN,480.0,PE,0.0,0.0,0.0,109.65,99.25,0,0.0,0
2014-11-10,2014-11-27,OPTSTK,TITAN,490.0,PE,0.0,0.0,0.0,118.8,109.2,0,0.0,0
2014-11-10,2014-11-27,OPTSTK,TITAN,500.0,PE,0.0,0.0,0.0,128.05,119.1,0,0.0,0
2014-11-10,2014-12-24,OPTSTK,TITAN,230.0,CE,0.0,0.0,0.0,164.05,151.4,0,0.0,0
2014-11-10,2014-12-24,OPTSTK,TITAN,240.0,CE,0.0,0.0,0.0,154.3,141.5,0,0.0,0
2014-11-10,2014-12-24,OPTSTK,TITAN,250.0,CE,0.0,0.0,0.0,144.6,131.6,0,0.0,0
2014-11-10,2014-12-24,OPTSTK,TITAN,260.0,CE,0.0,0.0,0.0,134.95,121.75,0,0.0,0
2014-11-10,2014-12-24,OPTSTK,TITAN,270.0,CE,0.0,0.0,0.0,125.35,111.95,0,0.0,0
2014-11-10,2014-12-24,OPTSTK,TITAN,280.0,CE,0.0,0.0,0.0,115.9,102.25,0,0.0,0
2014-11-10,2014-12-24,OPTSTK,TITAN,290.0,CE,0.0,0.0,0.0,106.6,92.65,0,0.0,0
2014-11-10,2014-12-24,OPTSTK,TITAN,300.0,CE,0.0,0.0,0.0,97.45,83.25,0,0.0,0
2014-11-10,2014-12-24,OPTSTK,TITAN,310.0,CE,0.0,0.0,0.0,88.65,74.1,0,0.0,0
2014-11-10,2014-12-24,OPTSTK,TITAN,320.0,CE,0.0,0.0,0.0,80.1,65.35,0,0.0,0
2014-11-10,2014-12-24,OPTSTK,TITAN,330.0,CE,0.0,0.0,0.0,71.95,57.0,0,0.0,0
2014-11-10,2014-12-24,OPTSTK,TITAN,340.0,CE,0.0,0.0,0.0,64.2,49.15,0,0.0,0
2014-11-10,2014-12-24,OPTSTK,TITAN,350.0,CE,0.0,0.0,0.0,56.9,41.95,0,0.0,0
2014-11-10,2014-12-24,OPTSTK,TITAN,360.0,CE,0.0,0.0,0.0,50.1,35.35,0,0.0,0
2014-11-10,2014-12-24,OPTSTK,TITAN,370.0,CE,0.0,0.0,0.0,43.85,29.45,0,0.0,0
2014-11-10,2014-12-24,OPTSTK,TITAN,380.0,CE,0.0,0.0,0.0,38.1,24.25,0,0.0,0
2014-11-10,2014-12-24,OPTSTK,TITAN,390.0,CE,0.0,0.0,0.0,32.95,19.75,0,0.0,0
2014-11-10,2014-12-24,OPTSTK,TITAN,400.0,CE,0.0,0.0,0.0,28.25,15.9,0,0.0,0
2014-11-10,2014-12-24,OPTSTK,TITAN,410.0,CE,0.0,0.0,0.0,24.1,12.65,0,0.0,0
2014-11-10,2014-12-24,OPTSTK,TITAN,420.0,CE,0.0,0.0,0.0,20.45,9.95,0,0.0,0
2014-11-10,2014-12-24,OPTSTK,TITAN,430.0,CE,0.0,0.0,0.0,17.25,7.75,0,0.0,0
2014-11-10,2014-12-24,OPTSTK,TITAN,440.0,CE,0.0,0.0,0.0,14.45,6.0,0,0.0,0
2014-11-10,2014-12-24,OPTSTK,TITAN,450.0,CE,0.0,0.0,0.0,5.0,4.55,0,0.0,1000
2014-11-10,2014-12-24,OPTSTK,TITAN,460.0,CE,0.0,0.0,0.0,10.0,3.45,0,0.0,0
2014-11-10,2014-12-24,OPTSTK,TITAN,470.0,CE,0.0,0.0,0.0,8.3,2.6,0,0.0,0
2014-11-10,2014-12-24,OPTSTK,TITAN,480.0,CE,0.0,0.0,0.0,6.8,1.95,0,0.0,0
2014-11-10,2014-12-24,OPTSTK,TITAN,490.0,CE,0.0,0.0,0.0,5.55,1.4,0,0.0,0
2014-11-10,2014-12-24,OPTSTK,TITAN,500.0,CE,0.0,0.0,0.0,4.55,1.05,0,0.0,0
2014-11-10,2014-12-24,OPTSTK,TITAN,230.0,PE,0.0,0.0,0.0,0.05,0.0,0,0.0,0
2014-11-10,2014-12-24,OPTSTK,TITAN,240.0,PE,0.0,0.0,0.0,0.1,0.05,0,0.0,0
2014-11-10,2014-12-24,OPTSTK,TITAN,250.0,PE,0.0,0.0,0.0,0.15,0.05,0,0.0,0
2014-11-10,2014-12-24,OPTSTK,TITAN,260.0,PE,0.0,0.0,0.0,0.25,0.1,0,0.0,0
2014-11-10,2014-12-24,OPTSTK,TITAN,270.0,PE,0.0,0.0,0.0,0.45,0.2,0,0.0,0
2014-11-10,2014-12-24,OPTSTK,TITAN,280.0,PE,0.0,0.0,0.0,0.8,0.35,0,0.0,0
2014-11-10,2014-12-24,OPTSTK,TITAN,290.0,PE,0.0,0.0,0.0,1.25,0.65,0,0.0,0
2014-11-10,2014-12-24,OPTSTK,TITAN,300.0,PE,0.0,0.0,0.0,1.95,1.15,0,0.0,0
2014-11-10,2014-12-24,OPTSTK,TITAN,310.0,PE,0.0,0.0,0.0,2.85,1.9,0,0.0,0
2014-11-10,2014-12-24,OPTSTK,TITAN,320.0,PE,0.0,0.0,0.0,4.1,3.05,0,0.0,0
2014-11-10,2014-12-24,OPTSTK,TITAN,330.0,PE,0.0,0.0,0.0,5.75,4.6,0,0.0,0
2014-11-10,2014-12-24,OPTSTK,TITAN,340.0,PE,0.0,0.0,0.0,7.8,6.65,0,0.0,0
2014-11-10,2014-12-24,OPTSTK,TITAN,350.0,PE,0.0,0.0,0.0,10.3,9.3,0,0.0,0
2014-11-10,2014-12-24,OPTSTK,TITAN,360.0,PE,0.0,0.0,0.0,13.25,12.6,0,0.0,0
2014-11-10,2014-12-24,OPTSTK,TITAN,370.0,PE,0.0,0.0,0.0,16.8,16.6,0,0.0,0
2014-11-10,2014-12-24,OPTSTK,TITAN,380.0,PE,0.0,0.0,0.0,20.85,21.3,0,0.0,0
2014-11-10,2014-12-24,OPTSTK,TITAN,390.0,PE,0.0,0.0,0.0,25.45,26.7,0,0.0,0
2014-11-10,2014-12-24,OPTSTK,TITAN,400.0,PE,0.0,0.0,0.0,30.55,32.75,0,0.0,0
2014-11-10,2014-12-24,OPTSTK,TITAN,410.0,PE,0.0,0.0,0.0,36.2,39.4,0,0.0,0
2014-11-10,2014-12-24,OPTSTK,TITAN,420.0,PE,0.0,0.0,0.0,42.3,46.6,0,0.0,0
2014-11-10,2014-12-24,OPTSTK,TITAN,430.0,PE,0.0,0.0,0.0,48.85,54.3,0,0.0,0
2014-11-10,2014-12-24,OPTSTK,TITAN,440.0,PE,0.0,0.0,0.0,55.85,62.4,0,0.0,0
2014-11-10,2014-12-24,OPTSTK,TITAN,450.0,PE,0.0,0.0,0.0,63.25,70.9,0,0.0,0
2014-11-10,2014-12-24,OPTSTK,TITAN,460.0,PE,0.0,0.0,0.0,71.0,79.7,0,0.0,0
2014-11-10,2014-12-24,OPTSTK,TITAN,470.0,PE,0.0,0.0,0.0,79.05,88.7,0,0.0,0
2014-11-10,2014-12-24,OPTSTK,TITAN,480.0,PE,0.0,0.0,0.0,87.35,97.95,0,0.0,0
2014-11-10,2014-12-24,OPTSTK,TITAN,490.0,PE,0.0,0.0,0.0,95.9,107.35,0,0.0,0
2014-11-10,2014-12-24,OPTSTK,TITAN,500.0,PE,0.0,0.0,0.0,104.65,116.85,0,0.0,0
2014-11-10,2015-01-29,OPTSTK,TITAN,260.0,CE,0.0,0.0,0.0,165.1,124.5,0,0.0,0
2014-11-10,2015-01-29,OPTSTK,TITAN,270.0,CE,0.0,0.0,0.0,155.35,115.1,0,0.0,0
2014-11-10,2015-01-29,OPTSTK,TITAN,280.0,CE,0.0,0.0,0.0,145.65,105.9,0,0.0,0
2014-11-10,2015-01-29,OPTSTK,TITAN,290.0,CE,0.0,0.0,0.0,136.0,96.9,0,0.0,0
2014-11-10,2015-01-29,OPTSTK,TITAN,300.0,CE,0.0,0.0,0.0,126.45,88.15,0,0.0,0
2014-11-10,2015-01-29,OPTSTK,TITAN,310.0,CE,0.0,0.0,0.0,117.05,79.8,0,0.0,0
2014-11-10,2015-01-29,OPTSTK,TITAN,320.0,CE,0.0,0.0,0.0,107.8,71.8,0,0.0,0
2014-11-10,2015-01-29,OPTSTK,TITAN,330.0,CE,0.0,0.0,0.0,98.75,64.2,0,0.0,0
2014-11-10,2015-01-29,OPTSTK,TITAN,340.0,CE,0.0,0.0,0.0,89.95,57.1,0,0.0,0
2014-11-10,2015-01-29,OPTSTK,TITAN,350.0,CE,0.0,0.0,0.0,81.5,50.45,0,0.0,0
2014-11-10,2015-01-29,OPTSTK,TITAN,360.0,CE,0.0,0.0,0.0,73.35,44.35,0,0.0,0
2014-11-10,2015-01-29,OPTSTK,TITAN,370.0,CE,0.0,0.0,0.0,65.65,38.75,0,0.0,0
2014-11-10,2015-01-29,OPTSTK,TITAN,380.0,CE,0.0,0.0,0.0,58.4,33.7,0,0.0,0
2014-11-10,2015-01-29,OPTSTK,TITAN,390.0,CE,0.0,0.0,0.0,51.6,29.1,0,0.0,0
2014-11-10,2015-01-29,OPTSTK,TITAN,400.0,CE,0.0,0.0,0.0,45.35,25.05,0,0.0,0
2014-11-10,2015-01-29,OPTSTK,TITAN,410.0,CE,0.0,0.0,0.0,39.6,21.4,0,0.0,0
2014-11-10,2015-01-29,OPTSTK,TITAN,420.0,CE,0.0,0.0,0.0,34.35,18.25,0,0.0,0
2014-11-10,2015-01-29,OPTSTK,TITAN,430.0,CE,0.0,0.0,0.0,29.65,15.45,0,0.0,0
2014-11-10,2015-01-29,OPTSTK,TITAN,440.0,CE,0.0,0.0,0.0,25.4,13.05,0,0.0,0
2014-11-10,2015-01-29,OPTSTK,TITAN,450.0,CE,0.0,0.0,0.0,21.65,10.95,0,0.0,0
2014-11-10,2015-01-29,OPTSTK,TITAN,460.0,CE,0.0,0.0,0.0,18.35,9.15,0,0.0,0
2014-11-10,2015-01-29,OPTSTK,TITAN,470.0,CE,0.0,0.0,0.0,15.45,7.6,0,0.0,0
2014-11-10,2015-01-29,OPTSTK,TITAN,480.0,CE,0.0,0.0,0.0,13.0,6.35,0,0.0,0
2014-11-10,2015-01-29,OPTSTK,TITAN,490.0,CE,0.0,0.0,0.0,10.85,5.25,0,0.0,0
2014-11-10,2015-01-29,OPTSTK,TITAN,500.0,CE,0.0,0.0,0.0,9.0,4.3,0,0.0,0
2014-11-10,2015-01-29,OPTSTK,TITAN,260.0,PE,0.0,0.0,0.0,0.05,0.65,0,0.0,0
2014-11-10,2015-01-29,OPTSTK,TITAN,270.0,PE,0.0,0.0,0.0,0.1,1.05,0,0.0,0
2014-11-10,2015-01-29,OPTSTK,TITAN,280.0,PE,0.0,0.0,0.0,0.2,1.65,0,0.0,0
2014-11-10,2015-01-29,OPTSTK,TITAN,290.0,PE,0.0,0.0,0.0,0.35,2.45,0,0.0,0
2014-11-10,2015-01-29,OPTSTK,TITAN,300.0,PE,0.0,0.0,0.0,0.6,3.55,0,0.0,0
2014-11-10,2015-01-29,OPTSTK,TITAN,310.0,PE,0.0,0.0,0.0,0.95,4.95,0,0.0,0
2014-11-10,2015-01-29,OPTSTK,TITAN,320.0,PE,0.0,0.0,0.0,1.5,6.75,0,0.0,0
2014-11-10,2015-01-29,OPTSTK,TITAN,330.0,PE,0.0,0.0,0.0,2.25,9.0,0,0.0,0
2014-11-10,2015-01-29,OPTSTK,TITAN,340.0,PE,0.0,0.0,0.0,3.2,11.7,0,0.0,0
2014-11-10,2015-01-29,OPTSTK,TITAN,350.0,PE,0.0,0.0,0.0,4.55,14.9,0,0.0,0
2014-11-10,2015-01-29,OPTSTK,TITAN,360.0,PE,0.0,0.0,0.0,6.2,18.6,0,0.0,0
2014-11-10,2015-01-29,OPTSTK,TITAN,370.0,PE,0.0,0.0,0.0,8.3,22.8,0,0.0,0
2014-11-10,2015-01-29,OPTSTK,TITAN,380.0,PE,0.0,0.0,0.0,10.8,27.55,0,0.0,0
2014-11-10,2015-01-29,OPTSTK,TITAN,390.0,PE,0.0,0.0,0.0,13.8,32.8,0,0.0,0
2014-11-10,2015-01-29,OPTSTK,TITAN,400.0,PE,0.0,0.0,0.0,17.3,38.5,0,0.0,0
2014-11-10,2015-01-29,OPTSTK,TITAN,410.0,PE,0.0,0.0,0.0,21.35,44.7,0,0.0,0
2014-11-10,2015-01-29,OPTSTK,TITAN,420.0,PE,0.0,0.0,0.0,25.9,51.3,0,0.0,0
2014-11-10,2015-01-29,OPTSTK,TITAN,430.0,PE,0.0,0.0,0.0,30.95,58.35,0,0.0,0
2014-11-10,2015-01-29,OPTSTK,TITAN,440.0,PE,0.0,0.0,0.0,36.5,65.75,0,0.0,0
2014-11-10,2015-01-29,OPTSTK,TITAN,450.0,PE,0.0,0.0,0.0,42.55,73.5,0,0.0,0
2014-11-10,2015-01-29,OPTSTK,TITAN,460.0,PE,0.0,0.0,0.0,49.05,81.5,0,0.0,0
2014-11-10,2015-01-29,OPTSTK,TITAN,470.0,PE,0.0,0.0,0.0,55.95,89.75,0,0.0,0
2014-11-10,2015-01-29,OPTSTK,TITAN,480.0,PE,0.0,0.0,0.0,63.25,98.3,0,0.0,0
2014-11-10,2015-01-29,OPTSTK,TITAN,490.0,PE,0.0,0.0,0.0,70.9,107.0,0,0.0,0
2014-11-10,2015-01-29,OPTSTK,TITAN,500.0,PE,0.0,0.0,0.0,78.8,115.9,0,0.0,0
2014-11-10,2014-11-27,OPTSTK,TVSMOTOR,160.0,CE,0.0,0.0,0.0,70.55,90.55,0,0.0,0
2014-11-10,2014-11-27,OPTSTK,TVSMOTOR,170.0,CE,0.0,0.0,0.0,62.65,80.6,0,0.0,0
2014-11-10,2014-11-27,OPTSTK,TVSMOTOR,180.0,CE,0.0,0.0,0.0,55.25,70.65,0,0.0,0
2014-11-10,2014-11-27,OPTSTK,TVSMOTOR,190.0,CE,0.0,0.0,0.0,48.45,60.7,0,0.0,0
2014-11-10,2014-11-27,OPTSTK,TVSMOTOR,200.0,CE,0.0,0.0,0.0,42.25,50.8,0,0.0,0
2014-11-10,2014-11-27,OPTSTK,TVSMOTOR,210.0,CE,0.0,0.0,0.0,36.65,41.05,0,0.0,0
2014-11-10,2014-11-27,OPTSTK,TVSMOTOR,220.0,CE,0.0,0.0,0.0,34.55,31.75,0,0.0,6000
2014-11-10,2014-11-27,OPTSTK,TVSMOTOR,230.0,CE,22.1,22.1,22.1,22.1,22.1,1,2.52,1000
2014-11-10,2014-11-27,OPTSTK,TVSMOTOR,240.0,CE,16.35,17.7,16.35,16.85,16.85,3,7.7,4000
2014-11-10,2014-11-27,OPTSTK,TVSMOTOR,250.0,CE,12.0,14.05,10.2,11.45,11.45,70,183.11,74000
2014-11-10,2014-11-27,OPTSTK,TVSMOTOR,260.0,CE,8.0,9.3,6.6,7.35,7.35,132,353.36,219000
2014-11-10,2014-11-27,OPTSTK,TVSMOTOR,270.0,CE,5.0,6.0,4.1,4.6,4.6,91,250.01,325000
2014-11-10,2014-11-27,OPTSTK,TVSMOTOR,280.0,CE,3.2,3.8,2.6,2.85,2.85,85,240.5,189000
2014-11-10,2014-11-27,OPTSTK,TVSMOTOR,290.0,CE,2.25,2.45,0.85,2.1,2.1,37,108.02,69000
2014-11-10,2014-11-27,OPTSTK,TVSMOTOR,300.0,CE,0.9,1.65,0.9,1.45,1.45,16,48.21,64000
2014-11-10,2014-11-27,OPTSTK,TVSMOTOR,310.0,CE,0.0,0.0,0.0,2.0,0.15,0,0.0,5000
2014-11-10,2014-11-27,OPTSTK,TVSMOTOR,160.0,PE,0.0,0.0,0.0,3.9,0.0,0,0.0,0
2014-11-10,2014-11-27,OPTSTK,TVSMOTOR,170.0,PE,0.0,0.0,0.0,5.8,0.0,0,0.0,0
2014-11-10,2014-11-27,OPTSTK,TVSMOTOR,180.0,PE,0.0,0.0,0.0,8.2,0.0,0,0.0,0
2014-11-10,2014-11-27,OPTSTK,TVSMOTOR,190.0,PE,0.0,0.0,0.0,11.25,0.05,0,0.0,0
2014-11-10,2014-11-27,OPTSTK,TVSMOTOR,200.0,PE,0.0,0.0,0.0,14.85,0.1,0,0.0,0
2014-11-10,2014-11-27,OPTSTK,TVSMOTOR,210.0,PE,0.0,0.0,0.0,19.05,0.35,0,0.0,0
2014-11-10,2014-11-27,OPTSTK,TVSMOTOR,220.0,PE,1.2,1.85,1.2,1.45,1.45,9,19.93,11000
2014-11-10,2014-11-27,OPTSTK,TVSMOTOR,230.0,PE,3.5,4.0,2.6,3.05,3.05,36,83.99,50000
2014-11-10,2014-11-27,OPTSTK,TVSMOTOR,240.0,PE,5.0,6.8,4.85,5.7,5.7,66,162.41,40000
2014-11-10,2014-11-27,OPTSTK,TVSMOTOR,250.0,PE,12.0,12.0,8.2,10.15,10.15,43,111.73,61000
2014-11-10,2014-11-27,OPTSTK,TVSMOTOR,260.0,PE,13.75,16.7,13.7,16.7,16.7,6,16.47,33000
2014-11-10,2014-11-27,OPTSTK,TVSMOTOR,270.0,PE,21.9,23.3,21.9,23.3,23.3,3,8.77,3000
2014-11-10,2014-11-27,OPTSTK,TVSMOTOR,280.0,PE,0.0,0.0,0.0,27.45,30.7,0,0.0,4000
2014-11-10,2014-11-27,OPTSTK,TVSMOTOR,290.0,PE,0.0,0.0,0.0,71.05,39.8,0,0.0,0
2014-11-10,2014-11-27,OPTSTK,TVSMOTOR,300.0,PE,0.0,0.0,0.0,79.25,49.3,0,0.0,0
2014-11-10,2014-11-27,OPTSTK,TVSMOTOR,310.0,PE,0.0,0.0,0.0,87.65,59.05,0,0.0,0
2014-11-10,2014-12-24,OPTSTK,TVSMOTOR,160.0,CE,0.0,0.0,0.0,61.75,91.6,0,0.0,0
2014-11-10,2014-12-24,OPTSTK,TVSMOTOR,170.0,CE,0.0,0.0,0.0,53.85,81.75,0,0.0,0
2014-11-10,2014-12-24,OPTSTK,TVSMOTOR,180.0,CE,0.0,0.0,0.0,46.55,72.0,0,0.0,0
2014-11-10,2014-12-24,OPTSTK,TVSMOTOR,190.0,CE,0.0,0.0,0.0,39.9,62.4,0,0.0,0
2014-11-10,2014-12-24,OPTSTK,TVSMOTOR,200.0,CE,0.0,0.0,0.0,33.9,53.1,0,0.0,0
2014-11-10,2014-12-24,OPTSTK,TVSMOTOR,210.0,CE,0.0,0.0,0.0,28.65,44.25,0,0.0,0
2014-11-10,2014-12-24,OPTSTK,TVSMOTOR,220.0,CE,0.0,0.0,0.0,24.0,36.1,0,0.0,0
2014-11-10,2014-12-24,OPTSTK,TVSMOTOR,230.0,CE,0.0,0.0,0.0,19.95,28.75,0,0.0,0
2014-11-10,2014-12-24,OPTSTK,TVSMOTOR,240.0,CE,0.0,0.0,0.0,16.55,22.35,0,0.0,0
2014-11-10,2014-12-24,OPTSTK,TVSMOTOR,250.0,CE,0.0,0.0,0.0,13.6,16.95,0,0.0,0
2014-11-10,2014-12-24,OPTSTK,TVSMOTOR,260.0,CE,0.0,0.0,0.0,11.15,12.55,0,0.0,0
2014-11-10,2014-12-24,OPTSTK,TVSMOTOR,270.0,CE,0.0,0.0,0.0,9.1,9.05,0,0.0,0
2014-11-10,2014-12-24,OPTSTK,TVSMOTOR,280.0,CE,0.0,0.0,0.0,7.4,6.4,0,0.0,0
2014-11-10,2014-12-24,OPTSTK,TVSMOTOR,290.0,CE,0.0,0.0,0.0,6.0,4.45,0,0.0,0
2014-11-10,2014-12-24,OPTSTK,TVSMOTOR,300.0,CE,0.0,0.0,0.0,4.85,3.0,0,0.0,0
2014-11-10,2014-12-24,OPTSTK,TVSMOTOR,310.0,CE,0.0,0.0,0.0,3.9,2.0,0,0.0,0
2014-11-10,2014-12-24,OPTSTK,TVSMOTOR,160.0,PE,0.0,0.0,0.0,3.4,0.05,0,0.0,0
2014-11-10,2014-12-24,OPTSTK,TVSMOTOR,170.0,PE,0.0,0.0,0.0,5.3,0.1,0,0.0,0
2014-11-10,2014-12-24,OPTSTK,TVSMOTOR,180.0,PE,0.0,0.0,0.0,7.8,0.2,0,0.0,0
2014-11-10,2014-12-24,OPTSTK,TVSMOTOR,190.0,PE,0.0,0.0,0.0,10.9,0.5,0,0.0,0
2014-11-10,2014-12-24,OPTSTK,TVSMOTOR,200.0,PE,0.0,0.0,0.0,14.7,1.1,0,0.0,0
2014-11-10,2014-12-24,OPTSTK,TVSMOTOR,210.0,PE,0.0,0.0,0.0,19.2,2.15,0,0.0,0
2014-11-10,2014-12-24,OPTSTK,TVSMOTOR,220.0,PE,0.0,0.0,0.0,24.35,3.9,0,0.0,0
2014-11-10,2014-12-24,OPTSTK,TVSMOTOR,230.0,PE,0.0,0.0,0.0,30.1,6.45,0,0.0,0
2014-11-10,2014-12-24,OPTSTK,TVSMOTOR,240.0,PE,0.0,0.0,0.0,36.45,9.9,0,0.0,0
2014-11-10,2014-12-24,OPTSTK,TVSMOTOR,250.0,PE,0.0,0.0,0.0,43.3,14.4,0,0.0,0
2014-11-10,2014-12-24,OPTSTK,TVSMOTOR,260.0,PE,0.0,0.0,0.0,50.65,19.9,0,0.0,0
2014-11-10,2014-12-24,OPTSTK,TVSMOTOR,270.0,PE,0.0,0.0,0.0,58.35,26.35,0,0.0,0
2014-11-10,2014-12-24,OPTSTK,TVSMOTOR,280.0,PE,0.0,0.0,0.0,66.45,33.6,0,0.0,0
2014-11-10,2014-12-24,OPTSTK,TVSMOTOR,290.0,PE,0.0,0.0,0.0,74.8,41.5,0,0.0,0
2014-11-10,2014-12-24,OPTSTK,TVSMOTOR,300.0,PE,0.0,0.0,0.0,83.45,49.95,0,0.0,0
2014-11-10,2014-12-24,OPTSTK,TVSMOTOR,310.0,PE,0.0,0.0,0.0,92.3,58.85,0,0.0,0
2014-11-10,2015-01-29,OPTSTK,TVSMOTOR,160.0,CE,0.0,0.0,0.0,101.0,93.15,0,0.0,0
2014-11-10,2015-01-29,OPTSTK,TVSMOTOR,170.0,CE,0.0,0.0,0.0,91.65,83.6,0,0.0,0
2014-11-10,2015-01-29,OPTSTK,TVSMOTOR,180.0,CE,0.0,0.0,0.0,82.5,74.3,0,0.0,0
2014-11-10,2015-01-29,OPTSTK,TVSMOTOR,190.0,CE,0.0,0.0,0.0,73.75,65.3,0,0.0,0
2014-11-10,2015-01-29,OPTSTK,TVSMOTOR,200.0,CE,0.0,0.0,0.0,65.4,56.7,0,0.0,0
2014-11-10,2015-01-29,OPTSTK,TVSMOTOR,210.0,CE,0.0,0.0,0.0,57.5,48.65,0,0.0,0
2014-11-10,2015-01-29,OPTSTK,TVSMOTOR,220.0,CE,0.0,0.0,0.0,50.2,41.25,0,0.0,0
2014-11-10,2015-01-29,OPTSTK,TVSMOTOR,230.0,CE,0.0,0.0,0.0,43.45,34.55,0,0.0,0
2014-11-10,2015-01-29,OPTSTK,TVSMOTOR,240.0,CE,0.0,0.0,0.0,37.35,28.6,0,0.0,0
2014-11-10,2015-01-29,OPTSTK,TVSMOTOR,250.0,CE,0.0,0.0,0.0,31.85,23.4,0,0.0,0
2014-11-10,2015-01-29,OPTSTK,TVSMOTOR,260.0,CE,0.0,0.0,0.0,27.0,18.9,0,0.0,0
2014-11-10,2015-01-29,OPTSTK,TVSMOTOR,270.0,CE,0.0,0.0,0.0,22.75,15.15,0,0.0,0
2014-11-10,2015-01-29,OPTSTK,TVSMOTOR,280.0,CE,0.0,0.0,0.0,19.0,12.0,0,0.0,0
2014-11-10,2015-01-29,OPTSTK,TVSMOTOR,290.0,CE,0.0,0.0,0.0,15.8,9.4,0,0.0,0
2014-11-10,2015-01-29,OPTSTK,TVSMOTOR,300.0,CE,0.0,0.0,0.0,13.1,7.3,0,0.0,0
2014-11-10,2015-01-29,OPTSTK,TVSMOTOR,310.0,CE,0.0,0.0,0.0,10.8,5.65,0,0.0,0
2014-11-10,2015-01-29,OPTSTK,TVSMOTOR,160.0,PE,0.0,0.0,0.0,0.5,0.25,0,0.0,0
2014-11-10,2015-01-29,OPTSTK,TVSMOTOR,170.0,PE,0.0,0.0,0.0,0.9,0.5,0,0.0,0
2014-11-10,2015-01-29,OPTSTK,TVSMOTOR,180.0,PE,0.0,0.0,0.0,1.6,1.0,0,0.0,0
2014-11-10,2015-01-29,OPTSTK,TVSMOTOR,190.0,PE,0.0,0.0,0.0,2.6,1.8,0,0.0,0
2014-11-10,2015-01-29,OPTSTK,TVSMOTOR,200.0,PE,0.0,0.0,0.0,4.0,3.0,0,0.0,0
2014-11-10,2015-01-29,OPTSTK,TVSMOTOR,210.0,PE,0.0,0.0,0.0,5.95,4.8,0,0.0,0
2014-11-10,2015-01-29,OPTSTK,TVSMOTOR,220.0,PE,0.0,0.0,0.0,8.4,7.2,0,0.0,0
2014-11-10,2015-01-29,OPTSTK,TVSMOTOR,230.0,PE,0.0,0.0,0.0,11.45,10.3,0,0.0,0
2014-11-10,2015-01-29,OPTSTK,TVSMOTOR,240.0,PE,0.0,0.0,0.0,15.1,14.15,0,0.0,0
2014-11-10,2015-01-29,OPTSTK,TVSMOTOR,250.0,PE,0.0,0.0,0.0,19.4,18.75,0,0.0,0
2014-11-10,2015-01-29,OPTSTK,TVSMOTOR,260.0,PE,0.0,0.0,0.0,24.35,24.1,0,0.0,0
2014-11-10,2015-01-29,OPTSTK,TVSMOTOR,270.0,PE,0.0,0.0,0.0,29.85,30.1,0,0.0,0
2014-11-10,2015-01-29,OPTSTK,TVSMOTOR,280.0,PE,0.0,0.0,0.0,35.95,36.75,0,0.0,0
2014-11-10,2015-01-29,OPTSTK,TVSMOTOR,290.0,PE,0.0,0.0,0.0,42.5,44.0,0,0.0,0
2014-11-10,2015-01-29,OPTSTK,TVSMOTOR,300.0,PE,0.0,0.0,0.0,49.55,51.75,0,0.0,0
2014-11-10,2015-01-29,OPTSTK,TVSMOTOR,310.0,PE,0.0,0.0,0.0,57.05,59.85,0,0.0,0
2014-11-10,2014-11-27,OPTSTK,UBL,480.0,CE,0.0,0.0,0.0,237.5,208.15,0,0.0,0
2014-11-10,2014-11-27,OPTSTK,UBL,500.0,CE,0.0,0.0,0.0,217.9,188.25,0,0.0,0
2014-11-10,2014-11-27,OPTSTK,UBL,520.0,CE,0.0,0.0,0.0,198.4,168.35,0,0.0,0
2014-11-10,2014-11-27,OPTSTK,UBL,540.0,CE,0.0,0.0,0.0,178.9,148.45,0,0.0,0
2014-11-10,2014-11-27,OPTSTK,UBL,560.0,CE,0.0,0.0,0.0,159.6,128.65,0,0.0,0
2014-11-10,2014-11-27,OPTSTK,UBL,580.0,CE,0.0,0.0,0.0,140.55,109.15,0,0.0,0
2014-11-10,2014-11-27,OPTSTK,UBL,600.0,CE,0.0,0.0,0.0,122.0,90.1,0,0.0,0
2014-11-10,2014-11-27,OPTSTK,UBL,620.0,CE,0.0,0.0,0.0,104.15,72.05,0,0.0,0
2014-11-10,2014-11-27,OPTSTK,UBL,640.0,CE,0.0,0.0,0.0,87.25,55.5,0,0.0,0
2014-11-10,2014-11-27,OPTSTK,UBL,660.0,CE,0.0,0.0,0.0,71.7,41.0,0,0.0,0
2014-11-10,2014-11-27,OPTSTK,UBL,680.0,CE,0.0,0.0,0.0,57.65,28.95,0,0.0,0
2014-11-10,2014-11-27,OPTSTK,UBL,700.0,CE,0.0,0.0,0.0,32.0,19.45,0,0.0,250
2014-11-10,2014-11-27,OPTSTK,UBL,720.0,CE,12.4,12.45,10.4,10.4,10.4,4,7.31,10750
2014-11-10,2014-11-27,OPTSTK,UBL,740.0,CE,0.0,0.0,0.0,11.45,7.6,0,0.0,2250
2014-11-10,2014-11-27,OPTSTK,UBL,760.0,CE,0.0,0.0,0.0,19.25,4.4,0,0.0,0
2014-11-10,2014-11-27,OPTSTK,UBL,780.0,CE,0.0,0.0,0.0,3.8,2.45,0,0.0,500
2014-11-10,2014-11-27,OPTSTK,UBL,800.0,CE,0.0,0.0,0.0,1.55,1.3,0,0.0,500
2014-11-10,2014-11-27,OPTSTK,UBL,820.0,CE,0.0,0.0,0.0,6.7,0.65,0,0.0,0
2014-11-10,2014-11-27,OPTSTK,UBL,840.0,CE,0.0,0.0,0.0,4.5,0.3,0,0.0,0
2014-11-10,2014-11-27,OPTSTK,UBL,860.0,CE,0.0,0.0,0.0,3.0,0.15,0,0.0,0
2014-11-10,2014-11-27,OPTSTK,UBL,880.0,CE,0.0,0.0,0.0,1.95,0.1,0,0.0,0
2014-11-10,2014-11-27,OPTSTK,UBL,900.0,CE,0.0,0.0,0.0,1.25,0.05,0,0.0,0
2014-11-10,2014-11-27,OPTSTK,UBL,920.0,CE,0.0,0.0,0.0,0.8,0.05,0,0.0,0
2014-11-10,2014-11-27,OPTSTK,UBL,940.0,CE,0.0,0.0,0.0,0.5,0.0,0,0.0,0
2014-11-10,2014-11-27,OPTSTK,UBL,960.0,CE,0.0,0.0,0.0,0.3,0.0,0,0.0,0
2014-11-10,2014-11-27,OPTSTK,UBL,980.0,CE,0.0,0.0,0.0,0.2,0.0,0,0.0,0
2014-11-10,2014-11-27,OPTSTK,UBL,1000.0,CE,0.0,0.0,0.0,0.1,0.0,0,0.0,0
2014-11-10,2014-11-27,OPTSTK,UBL,1020.0,CE,0.0,0.0,0.0,0.1,0.0,0,0.0,0
2014-11-10,2014-11-27,OPTSTK,UBL,480.0,PE,0.0,0.0,0.0,0.05,0.0,0,0.0,0
2014-11-10,2014-11-27,OPTSTK,UBL,500.0,PE,0.0,0.0,0.0,0.05,0.0,0,0.0,0
2014-11-10,2014-11-27,OPTSTK,UBL,520.0,PE,0.0,0.0,0.0,0.1,0.05,0,0.0,0
2014-11-10,2014-11-27,OPTSTK,UBL,540.0,PE,0.0,0.0,0.0,0.2,0.05,0,0.0,0
2014-11-10,2014-11-27,OPTSTK,UBL,560.0,PE,0.0,0.0,0.0,0.45,0.2,0,0.0,0
2014-11-10,2014-11-27,OPTSTK,UBL,580.0,PE,0.0,0.0,0.0,1.0,0.6,0,0.0,0
2014-11-10,2014-11-27,OPTSTK,UBL,600.0,PE,0.0,0.0,0.0,2.0,1.5,0,0.0,0
2014-11-10,2014-11-27,OPTSTK,UBL,620.0,PE,0.0,0.0,0.0,3.7,3.35,0,0.0,0
2014-11-10,2014-11-27,OPTSTK,UBL,640.0,PE,0.0,0.0,0.0,6.4,6.75,0,0.0,0
2014-11-10,2014-11-27,OPTSTK,UBL,660.0,PE,7.5,7.55,7.5,7.55,7.55,6,10.01,1000
2014-11-10,2014-11-27,OPTSTK,UBL,680.0,PE,16.75,16.75,16.75,16.75,16.75,1,1.74,500
2014-11-10,2014-11-27,OPTSTK,UBL,700.0,PE,24.45,24.45,24.45,24.45,24.45,1,1.81,1000
2014-11-10,2014-11-27,OPTSTK,UBL,720.0,PE,0.0,0.0,0.0,32.3,43.35,0,0.0,0
2014-11-10,2014-11-27,OPTSTK,UBL,740.0,PE,0.0,0.0,0.0,43.25,58.4,0,0.0,0
2014-11-10,2014-11-27,OPTSTK,UBL,760.0,PE,0.0,0.0,0.0,55.85,75.15,0,0.0,0
2014-11-10,2014-11-27,OPTSTK,UBL,780.0,PE,0.0,0.0,0.0,70.05,93.1,0,0.0,0
2014-11-10,2014-11-27,OPTSTK,UBL,800.0,PE,0.0,0.0,0.0,85.45,111.9,0,0.0,0
2014-11-10,2014-11-27,OPTSTK,UBL,820.0,PE,0.0,0.0,0.0,102.0,131.15,0,0.0,0
2014-11-10,2014-11-27,OPTSTK,UBL,840.0,PE,0.0,0.0,0.0,119.4,150.75,0,0.0,0
2014-11-10,2014-11-27,OPTSTK,UBL,860.0,PE,0.0,0.0,0.0,137.45,170.5,0,0.0,0
2014-11-10,2014-11-27,OPTSTK,UBL,880.0,PE,0.0,0.0,0.0,156.0,190.35,0,0.0,0
2014-11-10,2014-11-27,OPTSTK,UBL,900.0,PE,0.0,0.0,0.0,174.85,210.25,0,0.0,0
2014-11-10,2014-11-27,OPTSTK,UBL,920.0,PE,0.0,0.0,0.0,193.95,230.15,0,0.0,0
2014-11-10,2014-11-27,OPTSTK,UBL,940.0,PE,0.0,0.0,0.0,213.25,250.05,0,0.0,0
2014-11-10,2014-11-27,OPTSTK,UBL,960.0,PE,0.0,0.0,0.0,232.65,270.0,0,0.0,0
2014-11-10,2014-11-27,OPTSTK,UBL,980.0,PE,0.0,0.0,0.0,252.1,289.9,0,0.0,0
2014-11-10,2014-11-27,OPTSTK,UBL,1000.0,PE,0.0,0.0,0.0,271.6,309.8,0,0.0,0
2014-11-10,2014-11-27,OPTSTK,UBL,1020.0,PE,0.0,0.0,0.0,291.15,329.75,0,0.0,0
2014-11-10,2014-12-24,OPTSTK,UBL,480.0,CE,0.0,0.0,0.0,244.85,211.45,0,0.0,0
2014-11-10,2014-12-24,OPTSTK,UBL,500.0,CE,0.0,0.0,0.0,225.35,191.8,0,0.0,0
2014-11-10,2014-12-24,OPTSTK,UBL,520.0,CE,0.0,0.0,0.0,206.0,172.4,0,0.0,0
2014-11-10,2014-12-24,OPTSTK,UBL,540.0,CE,0.0,0.0,0.0,186.8,153.35,0,0.0,0
2014-11-10,2014-12-24,OPTSTK,UBL,560.0,CE,0.0,0.0,0.0,167.9,134.75,0,0.0,0
2014-11-10,2014-12-24,OPTSTK,UBL,580.0,CE,0.0,0.0,0.0,149.45,116.9,0,0.0,0
2014-11-10,2014-12-24,OPTSTK,UBL,600.0,CE,0.0,0.0,0.0,131.6,100.0,0,0.0,0
2014-11-10,2014-12-24,OPTSTK,UBL,620.0,CE,0.0,0.0,0.0,114.55,84.25,0,0.0,0
2014-11-10,2014-12-24,OPTSTK,UBL,640.0,CE,0.0,0.0,0.0,98.5,69.9,0,0.0,0
2014-11-10,2014-12-24,OPTSTK,UBL,660.0,CE,0.0,0.0,0.0,83.65,57.05,0,0.0,0
2014-11-10,2014-12-24,OPTSTK,UBL,680.0,CE,0.0,0.0,0.0,70.05,45.85,0,0.0,0
2014-11-10,2014-12-24,OPTSTK,UBL,700.0,CE,0.0,0.0,0.0,57.95,36.2,0,0.0,0
2014-11-10,2014-12-24,OPTSTK,UBL,720.0,CE,0.0,0.0,0.0,47.25,28.15,0,0.0,0
2014-11-10,2014-12-24,OPTSTK,UBL,740.0,CE,0.0,0.0,0.0,38.05,21.55,0,0.0,0
2014-11-10,2014-12-24,OPTSTK,UBL,760.0,CE,0.0,0.0,0.0,30.2,16.25,0,0.0,0
2014-11-10,2014-12-24,OPTSTK,UBL,780.0,CE,0.0,0.0,0.0,23.7,12.05,0,0.0,0
2014-11-10,2014-12-24,OPTSTK,UBL,800.0,CE,0.0,0.0,0.0,18.35,8.85,0,0.0,0
2014-11-10,2014-12-24,OPTSTK,UBL,820.0,CE,0.0,0.0,0.0,14.05,6.4,0,0.0,0
2014-11-10,2014-12-24,OPTSTK,UBL,840.0,CE,0.0,0.0,0.0,10.6,4.55,0,0.0,0
2014-11-10,2014-12-24,OPTSTK,UBL,860.0,CE,0.0,0.0,0.0,7.95,3.2,0,0.0,0
2014-11-10,2014-12-24,OPTSTK,UBL,880.0,CE,0.0,0.0,0.0,5.85,2.25,0,0.0,0
2014-11-10,2014-12-24,OPTSTK,UBL,900.0,CE,0.0,0.0,0.0,4.3,1.55,0,0.0,0
2014-11-10,2014-12-24,OPTSTK,UBL,920.0,CE,0.0,0.0,0.0,3.1,1.05,0,0.0,0
2014-11-10,2014-12-24,OPTSTK,UBL,940.0,CE,0.0,0.0,0.0,2.25,0.7,0,0.0,0
2014-11-10,2014-12-24,OPTSTK,UBL,960.0,CE,0.0,0.0,0.0,1.6,0.5,0,0.0,0
2014-11-10,2014-12-24,OPTSTK,UBL,980.0,CE,0.0,0.0,0.0,1.15,0.3,0,0.0,0
2014-11-10,2014-12-24,OPTSTK,UBL,1000.0,CE,0.0,0.0,0.0,0.8,0.2,0,0.0,0
2014-11-10,2014-12-24,OPTSTK,UBL,1020.0,CE,0.0,0.0,0.0,0.55,0.15,0,0.0,0
2014-11-10,2014-12-24,OPTSTK,UBL,480.0,PE,0.0,0.0,0.0,0.1,0.15,0,0.0,0
2014-11-10,2014-12-24,OPTSTK,UBL,500.0,PE,0.0,0.0,0.0,0.15,0.35,0,0.0,0
2014-11-10,2014-12-24,OPTSTK,UBL,520.0,PE,0.0,0.0,0.0,0.35,0.7,0,0.0,0
2014-11-10,2014-12-24,OPTSTK,UBL,540.0,PE,0.0,0.0,0.0,0.75,1.45,0,0.0,0
2014-11-10,2014-12-24,OPTSTK,UBL,560.0,PE,0.0,0.0,0.0,1.4,2.65,0,0.0,0
2014-11-10,2014-12-24,OPTSTK,UBL,580.0,PE,0.0,0.0,0.0,2.5,4.6,0,0.0,0
2014-11-10,2014-12-24,OPTSTK,UBL,600.0,PE,0.0,0.0,0.0,4.2,7.45,0,0.0,0
2014-11-10,2014-12-24,OPTSTK,UBL,620.0,PE,0.0,0.0,0.0,6.75,11.5,0,0.0,0
2014-11-10,2014-12-24,OPTSTK,UBL,640.0,PE,0.0,0.0,0.0,10.25,16.95,0,0.0,0
2014-11-10,2014-12-24,OPTSTK,UBL,660.0,PE,0.0,0.0,0.0,14.95,23.9,0,0.0,0
2014-11-10,2014-12-24,OPTSTK,UBL,680.0,PE,0.0,0.0,0.0,20.95,32.45,0,0.0,0
2014-11-10,2014-12-24,OPTSTK,UBL,700.0,PE,0.0,0.0,0.0,28.35,42.65,0,0.0,0
2014-11-10,2014-12-24,OPTSTK,UBL,720.0,PE,0.0,0.0,0.0,37.25,54.35,0,0.0,0
2014-11-10,2014-12-24,OPTSTK,UBL,740.0,PE,0.0,0.0,0.0,47.6,67.55,0,0.0,0
2014-11-10,2014-12-24,OPTSTK,UBL,760.0,PE,0.0,0.0,0.0,59.35,82.05,0,0.0,0
2014-11-10,2014-12-24,OPTSTK,UBL,780.0,PE,0.0,0.0,0.0,72.4,97.65,0,0.0,0
2014-11-10,2014-12-24,OPTSTK,UBL,800.0,PE,0.0,0.0,0.0,86.65,114.2,0,0.0,0
2014-11-10,2014-12-24,OPTSTK,UBL,820.0,PE,0.0,0.0,0.0,101.85,131.55,0,0.0,0
2014-11-10,2014-12-24,OPTSTK,UBL,840.0,PE,0.0,0.0,0.0,118.0,149.5,0,0.0,0
2014-11-10,2014-12-24,OPTSTK,UBL,860.0,PE,0.0,0.0,0.0,134.9,167.95,0,0.0,0
2014-11-10,2014-12-24,OPTSTK,UBL,880.0,PE,0.0,0.0,0.0,152.4,186.75,0,0.0,0
2014-11-10,2014-12-24,OPTSTK,UBL,900.0,PE,0.0,0.0,0.0,170.4,205.85,0,0.0,0
2014-11-10,2014-12-24,OPTSTK,UBL,920.0,PE,0.0,0.0,0.0,188.75,225.15,0,0.0,0
2014-11-10,2014-12-24,OPTSTK,UBL,940.0,PE,0.0,0.0,0.0,207.45,244.6,0,0.0,0
2014-11-10,2014-12-24,OPTSTK,UBL,960.0,PE,0.0,0.0,0.0,226.35,264.2,0,0.0,0
2014-11-10,2014-12-24,OPTSTK,UBL,980.0,PE,0.0,0.0,0.0,245.45,283.8,0,0.0,0
2014-11-10,2014-12-24,OPTSTK,UBL,1000.0,PE,0.0,0.0,0.0,264.7,303.5,0,0.0,0
2014-11-10,2014-12-24,OPTSTK,UBL,1020.0,PE,0.0,0.0,0.0,284.0,323.2,0,0.0,0
2014-11-10,2015-01-29,OPTSTK,UBL,480.0,CE,0.0,0.0,0.0,234.6,216.45,0,0.0,0
2014-11-10,2015-01-29,OPTSTK,UBL,500.0,CE,0.0,0.0,0.0,216.3,197.6,0,0.0,0
2014-11-10,2015-01-29,OPTSTK,UBL,520.0,CE,0.0,0.0,0.0,198.45,179.2,0,0.0,0
2014-11-10,2015-01-29,OPTSTK,UBL,540.0,CE,0.0,0.0,0.0,181.2,161.35,0,0.0,0
2014-11-10,2015-01-29,OPTSTK,UBL,560.0,CE,0.0,0.0,0.0,164.6,144.2,0,0.0,0
2014-11-10,2015-01-29,OPTSTK,UBL,580.0,CE,0.0,0.0,0.0,148.75,127.85,0,0.0,0
2014-11-10,2015-01-29,OPTSTK,UBL,600.0,CE,0.0,0.0,0.0,133.75,112.5,0,0.0,0
2014-11-10,2015-01-29,OPTSTK,UBL,620.0,CE,0.0,0.0,0.0,119.65,98.2,0,0.0,0
2014-11-10,2015-01-29,OPTSTK,UBL,640.0,CE,0.0,0.0,0.0,106.5,84.95,0,0.0,0
2014-11-10,2015-01-29,OPTSTK,UBL,660.0,CE,0.0,0.0,0.0,94.3,72.95,0,0.0,0
2014-11-10,2015-01-29,OPTSTK,UBL,680.0,CE,0.0,0.0,0.0,83.15,62.15,0,0.0,0
2014-11-10,2015-01-29,OPTSTK,UBL,700.0,CE,0.0,0.0,0.0,72.95,52.55,0,0.0,0
2014-11-10,2015-01-29,OPTSTK,UBL,720.0,CE,0.0,0.0,0.0,63.7,44.05,0,0.0,0
2014-11-10,2015-01-29,OPTSTK,UBL,740.0,CE,0.0,0.0,0.0,55.4,36.7,0,0.0,0
2014-11-10,2015-01-29,OPTSTK,UBL,760.0,CE,0.0,0.0,0.0,47.95,30.35,0,0.0,0
2014-11-10,2015-01-29,OPTSTK,UBL,780.0,CE,0.0,0.0,0.0,41.35,24.95,0,0.0,0
2014-11-10,2015-01-29,OPTSTK,UBL,800.0,CE,0.0,0.0,0.0,35.55,20.4,0,0.0,0
2014-11-10,2015-01-29,OPTSTK,UBL,820.0,CE,0.0,0.0,0.0,30.45,16.55,0,0.0,0
2014-11-10,2015-01-29,OPTSTK,UBL,840.0,CE,0.0,0.0,0.0,26.0,13.35,0,0.0,0
2014-11-10,2015-01-29,OPTSTK,UBL,860.0,CE,0.0,0.0,0.0,22.1,10.7,0,0.0,0
2014-11-10,2015-01-29,OPTSTK,UBL,880.0,CE,0.0,0.0,0.0,18.75,8.55,0,0.0,0
2014-11-10,2015-01-29,OPTSTK,UBL,900.0,CE,0.0,0.0,0.0,15.85,6.75,0,0.0,0
2014-11-10,2015-01-29,OPTSTK,UBL,920.0,CE,0.0,0.0,0.0,13.35,5.35,0,0.0,0
2014-11-10,2015-01-29,OPTSTK,UBL,940.0,CE,0.0,0.0,0.0,11.25,4.2,0,0.0,0
2014-11-10,2015-01-29,OPTSTK,UBL,960.0,CE,0.0,0.0,0.0,9.4,3.3,0,0.0,0
2014-11-10,2015-01-29,OPTSTK,UBL,980.0,CE,0.0,0.0,0.0,7.9,2.55,0,0.0,0
2014-11-10,2015-01-29,OPTSTK,UBL,1000.0,CE,0.0,0.0,0.0,6.6,2.0,0,0.0,0
2014-11-10,2015-01-29,OPTSTK,UBL,1020.0,CE,0.0,0.0,0.0,5.5,1.55,0,0.0,0
2014-11-10,2015-01-29,OPTSTK,UBL,480.0,PE,0.0,0.0,0.0,2.25,1.1,0,0.0,0
2014-11-10,2015-01-29,OPTSTK,UBL,500.0,PE,0.0,0.0,0.0,3.5,1.9,0,0.0,0
2014-11-10,2015-01-29,OPTSTK,UBL,520.0,PE,0.0,0.0,0.0,5.25,3.1,0,0.0,0
2014-11-10,2015-01-29,OPTSTK,UBL,540.0,PE,0.0,0.0,0.0,7.55,4.85,0,0.0,0
2014-11-10,2015-01-29,OPTSTK,UBL,560.0,PE,0.0,0.0,0.0,10.5,7.35,0,0.0,0
2014-11-10,2015-01-29,OPTSTK,UBL,580.0,PE,0.0,0.0,0.0,14.25,10.65,0,0.0,0
2014-11-10,2015-01-29,OPTSTK,UBL,600.0,PE,0.0,0.0,0.0,18.8,14.85,0,0.0,0
2014-11-10,2015-01-29,OPTSTK,UBL,620.0,PE,0.0,0.0,0.0,24.3,20.2,0,0.0,0
2014-11-10,2015-01-29,OPTSTK,UBL,640.0,PE,0.0,0.0,0.0,30.65,26.55,0,0.0,0
2014-11-10,2015-01-29,OPTSTK,UBL,660.0,PE,0.0,0.0,0.0,38.05,34.2,0,0.0,0
2014-11-10,2015-01-29,OPTSTK,UBL,680.0,PE,0.0,0.0,0.0,46.45,43.0,0,0.0,0
2014-11-10,2015-01-29,OPTSTK,UBL,700.0,PE,0.0,0.0,0.0,55.85,53.0,0,0.0,0
2014-11-10,2015-01-29,OPTSTK,UBL,720.0,PE,0.0,0.0,0.0,66.15,64.2,0,0.0,0
2014-11-10,2015-01-29,OPTSTK,UBL,740.0,PE,0.0,0.0,0.0,77.45,76.45,0,0.0,0
2014-11-10,2015-01-29,OPTSTK,UBL,760.0,PE,0.0,0.0,0.0,89.55,89.7,0,0.0,0
2014-11-10,2015-01-29,OPTSTK,UBL,780.0,PE,0.0,0.0,0.0,102.55,103.9,0,0.0,0
2014-11-10,2015-01-29,OPTSTK,UBL,800.0,PE,0.0,0.0,0.0,116.3,119.0,0,0.0,0
2014-11-10,2015-01-29,OPTSTK,UBL,820.0,PE,0.0,0.0,0.0,130.75,134.75,0,0.0,0
2014-11-10,2015-01-29,OPTSTK,UBL,840.0,PE,0.0,0.0,0.0,145.9,151.15,0,0.0,0
2014-11-10,2015-01-29,OPTSTK,UBL,860.0,PE,0.0,0.0,0.0,161.55,168.15,0,0.0,0
2014-11-10,2015-01-29,OPTSTK,UBL,880.0,PE,0.0,0.0,0.0,177.75,185.6,0,0.0,0
2014-11-10,2015-01-29,OPTSTK,UBL,900.0,PE,0.0,0.0,0.0,194.4,203.45,0,0.0,0
2014-11-10,2015-01-29,OPTSTK,UBL,920.0,PE,0.0,0.0,0.0,211.5,221.65,0,0.0,0
2014-11-10,2015-01-29,OPTSTK,UBL,940.0,PE,0.0,0.0,0.0,228.95,240.15,0,0.0,0
2014-11-10,2015-01-29,OPTSTK,UBL,960.0,PE,0.0,0.0,0.0,246.7,258.85,0,0.0,0
2014-11-10,2015-01-29,OPTSTK,UBL,980.0,PE,0.0,0.0,0.0,264.75,277.75,0,0.0,0
2014-11-10,2015-01-29,OPTSTK,UBL,1000.0,PE,0.0,0.0,0.0,283.0,296.8,0,0.0,0
2014-11-10,2015-01-29,OPTSTK,UBL,1020.0,PE,0.0,0.0,0.0,301.5,315.95,0,0.0,0
2014-11-10,2014-11-27,OPTSTK,UCOBANK,55.0,CE,0.0,0.0,0.0,35.5,29.3,0,0.0,0
2014-11-10,2014-11-27,OPTSTK,UCOBANK,57.5,CE,0.0,0.0,0.0,22.45,26.8,0,0.0,0
2014-11-10,2014-11-27,OPTSTK,UCOBANK,60.0,CE,0.0,0.0,0.0,31.0,24.3,0,0.0,0
2014-11-10,2014-11-27,OPTSTK,UCOBANK,62.5,CE,0.0,0.0,0.0,18.1,21.8,0,0.0,0
2014-11-10,2014-11-27,OPTSTK,UCOBANK,65.0,CE,0.0,0.0,0.0,26.8,19.35,0,0.0,0
2014-11-10,2014-11-27,OPTSTK,UCOBANK,67.5,CE,0.0,0.0,0.0,14.2,16.9,0,0.0,0
2014-11-10,2014-11-27,OPTSTK,UCOBANK,70.0,CE,0.0,0.0,0.0,15.0,14.45,0,0.0,4000
2014-11-10,2014-11-27,OPTSTK,UCOBANK,72.5,CE,0.0,0.0,0.0,10.8,12.15,0,0.0,0
2014-11-10,2014-11-27,OPTSTK,UCOBANK,75.0,CE,0.0,0.0,0.0,13.7,9.9,0,0.0,8000
2014-11-10,2014-11-27,OPTSTK,UCOBANK,77.5,CE,6.0,7.0,6.0,7.0,7.0,4,13.44,4000
2014-11-10,2014-11-27,OPTSTK,UCOBANK,80.0,CE,4.7,5.5,3.95,4.9,4.9,23,77.84,144000
2014-11-10,2014-11-27,OPTSTK,UCOBANK,82.5,CE,3.3,4.0,2.7,4.0,4.0,36,123.52,92000
2014-11-10,2014-11-27,OPTSTK,UCOBANK,85.0,CE,2.4,2.8,1.65,2.6,2.6,274,956.61,504000
2014-11-10,2014-11-27,OPTSTK,UCOBANK,87.5,CE,1.45,1.75,1.15,1.55,1.55,28,99.61,64000
2014-11-10,2014-11-27,OPTSTK,UCOBANK,90.0,CE,0.9,1.15,0.7,1.1,1.1,184,669.39,732000
2014-11-10,2014-11-27,OPTSTK,UCOBANK,92.5,CE,0.6,0.7,0.5,0.7,0.7,18,67.03,96000
2014-11-10,2014-11-27,OPTSTK,UCOBANK,95.0,CE,0.35,0.4,0.3,0.4,0.4,57,217.4,400000
2014-11-10,2014-11-27,OPTSTK,UCOBANK,97.5,CE,0.25,0.25,0.25,0.25,0.25,1,3.91,8000
2014-11-10,2014-11-27,OPTSTK,UCOBANK,100.0,CE,0.2,0.2,0.15,0.2,0.2,26,104.16,252000
2014-11-10,2014-11-27,OPTSTK,UCOBANK,102.5,CE,0.0,0.0,0.0,1.25,0.15,0,0.0,0
2014-11-10,2014-11-27,OPTSTK,UCOBANK,105.0,CE,0.05,0.1,0.05,0.1,0.1,2,8.4,20000
2014-11-10,2014-11-27,OPTSTK,UCOBANK,107.5,CE,0.0,0.0,0.0,0.85,0.05,0,0.0,0
2014-11-10,2014-11-27,OPTSTK,UCOBANK,110.0,CE,0.0,0.0,0.0,0.2,0.05,0,0.0,36000
2014-11-10,2014-11-27,OPTSTK,UCOBANK,112.5,CE,0.0,0.0,0.0,0.55,0.05,0,0.0,0
2014-11-10,2014-11-27,OPTSTK,UCOBANK,115.0,CE,0.0,0.0,0.0,3.7,0.0,0,0.0,0
2014-11-10,2014-11-27,OPTSTK,UCOBANK,117.5,CE,0.0,0.0,0.0,0.35,0.0,0,0.0,0
2014-11-10,2014-11-27,OPTSTK,UCOBANK,120.0,CE,0.0,0.0,0.0,2.9,0.0,0,0.0,0
2014-11-10,2014-11-27,OPTSTK,UCOBANK,125.0,CE,0.0,0.0,0.0,2.3,0.0,0,0.0,0
2014-11-10,2014-11-27,OPTSTK,UCOBANK,130.0,CE,0.0,0.0,0.0,1.8,0.0,0,0.0,0
2014-11-10,2014-11-27,OPTSTK,UCOBANK,135.0,CE,0.0,0.0,0.0,1.4,0.0,0,0.0,0
2014-11-10,2014-11-27,OPTSTK,UCOBANK,140.0,CE,0.0,0.0,0.0,0.2,0.0,0,0.0,0
2014-11-10,2014-11-27,OPTSTK,UCOBANK,55.0,PE,0.0,0.0,0.0,0.1,0.0,0,0.0,4000
2014-11-10,2014-11-27,OPTSTK,UCOBANK,57.5,PE,0.0,0.0,0.0,0.45,0.0,0,0.0,0
2014-11-10,2014-11-27,OPTSTK,UCOBANK,60.0,PE,0.0,0.0,0.0,0.85,0.0,0,0.0,0
2014-11-10,2014-11-27,OPTSTK,UCOBANK,62.5,PE,0.0,0.0,0.0,1.05,0.0,0,0.0,0
2014-11-10,2014-11-27,OPTSTK,UCOBANK,65.0,PE,0.0,0.0,0.0,1.5,0.05,0,0.0,0
2014-11-10,2014-11-27,OPTSTK,UCOBANK,67.5,PE,0.0,0.0,0.0,2.05,0.05,0,0.0,0
2014-11-10,2014-11-27,OPTSTK,UCOBANK,70.0,PE,0.05,0.45,0.05,0.25,0.25,15,42.18,68000
2014-11-10,2014-11-27,OPTSTK,UCOBANK,72.5,PE,0.0,0.0,0.0,3.6,0.3,0,0.0,0
2014-11-10,2014-11-27,OPTSTK,UCOBANK,75.0,PE,0.9,1.05,0.6,0.65,0.65,82,248.64,256000
2014-11-10,2014-11-27,OPTSTK,UCOBANK,77.5,PE,0.0,0.0,0.0,0.85,1.0,0,0.0,8000
2014-11-10,2014-11-27,OPTSTK,UCOBANK,80.0,PE,2.5,2.55,1.4,1.5,1.5,231,756.97,620000
2014-11-10,2014-11-27,OPTSTK,UCOBANK,82.5,PE,3.2,3.65,2.05,2.05,2.05,22,75.15,64000
2014-11-10,2014-11-27,OPTSTK,UCOBANK,85.0,PE,4.85,5.35,3.3,3.4,3.4,60,214.31,256000
2014-11-10,2014-11-27,OPTSTK,UCOBANK,87.5,PE,7.5,7.5,5.4,5.5,5.5,8,29.85,36000
2014-11-10,2014-11-27,OPTSTK,UCOBANK,90.0,PE,8.25,8.75,6.6,6.6,6.6,7,27.47,144000
2014-11-10,2014-11-27,OPTSTK,UCOBANK,92.5,PE,0.0,0.0,0.0,15.3,9.05,0,0.0,0
2014-11-10,2014-11-27,OPTSTK,UCOBANK,95.0,PE,0.0,0.0,0.0,8.9,11.2,0,0.0,44000
2014-11-10,2014-11-27,OPTSTK,UCOBANK,97.5,PE,0.0,0.0,0.0,19.3,13.45,0,0.0,0
2014-11-10,2014-11-27,OPTSTK,UCOBANK,100.0,PE,17.3,17.3,17.3,17.3,17.3,1,4.69,4000
2014-11-10,2014-11-27,OPTSTK,UCOBANK,102.5,PE,0.0,0.0,0.0,23.6,18.2,0,0.0,0
2014-11-10,2014-11-27,OPTSTK,UCOBANK,105.0,PE,0.0,0.0,0.0,19.65,20.6,0,0.0,0
2014-11-10,2014-11-27,OPTSTK,UCOBANK,107.5,PE,0.0,0.0,0.0,28.1,23.1,0,0.0,0
2014-11-10,2014-11-27,OPTSTK,UCOBANK,110.0,PE,0.0,0.0,0.0,26.15,25.55,0,0.0,40000
2014-11-10,2014-11-27,OPTSTK,UCOBANK,112.5,PE,0.0,0.0,0.0,32.7,28.05,0,0.0,0
2014-11-10,2014-11-27,OPTSTK,UCOBANK,115.0,PE,0.0,0.0,0.0,27.8,30.5,0,0.0,4000
2014-11-10,2014-11-27,OPTSTK,UCOBANK,117.5,PE,0.0,0.0,0.0,37.45,33.0,0,0.0,0
2014-11-10,2014-11-27,OPTSTK,UCOBANK,120.0,PE,0.0,0.0,0.0,31.45,35.5,0,0.0,0
2014-11-10,2014-11-27,OPTSTK,UCOBANK,125.0,PE,0.0,0.0,0.0,35.75,40.5,0,0.0,0
2014-11-10,2014-11-27,OPTSTK,UCOBANK,130.0,PE,0.0,0.0,0.0,40.15,45.45,0,0.0,0
2014-11-10,2014-11-27,OPTSTK,UCOBANK,135.0,PE,0.0,0.0,0.0,44.65,50.45,0,0.0,0
2014-11-10,2014-11-27,OPTSTK,UCOBANK,140.0,PE,0.0,0.0,0.0,49.25,55.4,0,0.0,0
2014-11-10,2014-12-24,OPTSTK,UCOBANK,55.0,CE,0.0,0.0,0.0,25.4,29.65,0,0.0,0
2014-11-10,2014-12-24,OPTSTK,UCOBANK,57.5,CE,0.0,0.0,0.0,23.2,27.2,0,0.0,0
2014-11-10,2014-12-24,OPTSTK,UCOBANK,60.0,CE,0.0,0.0,0.0,21.15,24.8,0,0.0,0
2014-11-10,2014-12-24,OPTSTK,UCOBANK,62.5,CE,0.0,0.0,0.0,19.15,22.4,0,0.0,0
2014-11-10,2014-12-24,OPTSTK,UCOBANK,65.0,CE,0.0,0.0,0.0,17.25,20.05,0,0.0,0
2014-11-10,2014-12-24,OPTSTK,UCOBANK,67.5,CE,0.0,0.0,0.0,15.45,17.8,0,0.0,0
2014-11-10,2014-12-24,OPTSTK,UCOBANK,70.0,CE,0.0,0.0,0.0,13.8,15.6,0,0.0,0
2014-11-10,2014-12-24,OPTSTK,UCOBANK,72.5,CE,0.0,0.0,0.0,12.25,13.55,0,0.0,0
2014-11-10,2014-12-24,OPTSTK,UCOBANK,75.0,CE,0.0,0.0,0.0,10.85,11.65,0,0.0,0
2014-11-10,2014-12-24,OPTSTK,UCOBANK,77.5,CE,0.0,0.0,0.0,9.55,9.85,0,0.0,0
2014-11-10,2014-12-24,OPTSTK,UCOBANK,80.0,CE,0.0,0.0,0.0,8.4,8.3,0,0.0,0
2014-11-10,2014-12-24,OPTSTK,UCOBANK,82.5,CE,0.0,0.0,0.0,7.35,6.85,0,0.0,0
2014-11-10,2014-12-24,OPTSTK,UCOBANK,85.0,CE,0.0,0.0,0.0,6.4,5.65,0,0.0,0
2014-11-10,2014-12-24,OPTSTK,UCOBANK,87.5,CE,0.0,0.0,0.0,5.55,4.55,0,0.0,0
2014-11-10,2014-12-24,OPTSTK,UCOBANK,90.0,CE,0.0,0.0,0.0,2.8,3.65,0,0.0,8000
2014-11-10,2014-12-24,OPTSTK,UCOBANK,92.5,CE,0.0,0.0,0.0,4.15,2.9,0,0.0,0
2014-11-10,2014-12-24,OPTSTK,UCOBANK,95.0,CE,0.0,0.0,0.0,3.6,2.3,0,0.0,0
2014-11-10,2014-12-24,OPTSTK,UCOBANK,97.5,CE,0.0,0.0,0.0,3.05,1.8,0,0.0,0
2014-11-10,2014-12-24,OPTSTK,UCOBANK,100.0,CE,0.0,0.0,0.0,2.65,1.4,0,0.0,0
2014-11-10,2014-12-24,OPTSTK,UCOBANK,102.5,CE,0.0,0.0,0.0,2.25,1.05,0,0.0,0
2014-11-10,2014-12-24,OPTSTK,UCOBANK,105.0,CE,0.0,0.0,0.0,1.9,0.8,0,0.0,0
2014-11-10,2014-12-24,OPTSTK,UCOBANK,107.5,CE,0.0,0.0,0.0,1.65,0.6,0,0.0,0
2014-11-10,2014-12-24,OPTSTK,UCOBANK,110.0,CE,0.0,0.0,0.0,1.4,0.45,0,0.0,0
2014-11-10,2014-12-24,OPTSTK,UCOBANK,112.5,CE,0.0,0.0,0.0,1.2,0.35,0,0.0,0
2014-11-10,2014-12-24,OPTSTK,UCOBANK,115.0,CE,0.0,0.0,0.0,1.0,0.25,0,0.0,0
2014-11-10,2014-12-24,OPTSTK,UCOBANK,117.5,CE,0.0,0.0,0.0,0.85,0.2,0,0.0,0
2014-11-10,2014-12-24,OPTSTK,UCOBANK,55.0,PE,0.0,0.0,0.0,0.6,0.05,0,0.0,0
2014-11-10,2014-12-24,OPTSTK,UCOBANK,57.5,PE,0.0,0.0,0.0,0.85,0.05,0,0.0,0
2014-11-10,2014-12-24,OPTSTK,UCOBANK,60.0,PE,0.0,0.0,0.0,1.2,0.1,0,0.0,0
2014-11-10,2014-12-24,OPTSTK,UCOBANK,62.5,PE,0.0,0.0,0.0,1.65,0.2,0,0.0,0
2014-11-10,2014-12-24,OPTSTK,UCOBANK,65.0,PE,0.0,0.0,0.0,2.2,0.3,0,0.0,0
2014-11-10,2014-12-24,OPTSTK,UCOBANK,67.5,PE,0.0,0.0,0.0,2.9,0.5,0,0.0,0
2014-11-10,2014-12-24,OPTSTK,UCOBANK,70.0,PE,0.0,0.0,0.0,3.7,0.8,0,0.0,0
2014-11-10,2014-12-24,OPTSTK,UCOBANK,72.5,PE,0.0,0.0,0.0,4.6,1.25,0,0.0,0
2014-11-10,2014-12-24,OPTSTK,UCOBANK,75.0,PE,0.0,0.0,0.0,5.6,1.8,0,0.0,0
2014-11-10,2014-12-24,OPTSTK,UCOBANK,77.5,PE,0.0,0.0,0.0,6.8,2.5,0,0.0,0
2014-11-10,2014-12-24,OPTSTK,UCOBANK,80.0,PE,0.0,0.0,0.0,8.05,3.4,0,0.0,0
2014-11-10,2014-12-24,OPTSTK,UCOBANK,82.5,PE,0.0,0.0,0.0,9.45,4.45,0,0.0,0
2014-11-10,2014-12-24,OPTSTK,UCOBANK,85.0,PE,0.0,0.0,0.0,10.95,5.7,0,0.0,0
2014-11-10,2014-12-24,OPTSTK,UCOBANK,87.5,PE,0.0,0.0,0.0,12.55,7.1,0,0.0,0
2014-11-10,2014-12-24,OPTSTK,UCOBANK,90.0,PE,0.0,0.0,0.0,14.25,8.65,0,0.0,0
2014-11-10,2014-12-24,OPTSTK,UCOBANK,92.5,PE,0.0,0.0,0.0,16.05,10.4,0,0.0,0
2014-11-10,2014-12-24,OPTSTK,UCOBANK,95.0,PE,0.0,0.0,0.0,17.9,12.25,0,0.0,0
2014-11-10,2014-12-24,OPTSTK,UCOBANK,97.5,PE,0.0,0.0,0.0,19.85,14.2,0,0.0,0
2014-11-10,2014-12-24,OPTSTK,UCOBANK,100.0,PE,0.0,0.0,0.0,21.85,16.3,0,0.0,0
2014-11-10,2014-12-24,OPTSTK,UCOBANK,102.5,PE,0.0,0.0,0.0,23.9,18.45,0,0.0,0
2014-11-10,2014-12-24,OPTSTK,UCOBANK,105.0,PE,0.0,0.0,0.0,26.05,20.65,0,0.0,0
2014-11-10,2014-12-24,OPTSTK,UCOBANK,107.5,PE,0.0,0.0,0.0,28.2,22.95,0,0.0,0
2014-11-10,2014-12-24,OPTSTK,UCOBANK,110.0,PE,0.0,0.0,0.0,30.4,25.25,0,0.0,0
2014-11-10,2014-12-24,OPTSTK,UCOBANK,112.5,PE,0.0,0.0,0.0,32.65,27.6,0,0.0,0
2014-11-10,2014-12-24,OPTSTK,UCOBANK,115.0,PE,0.0,0.0,0.0,34.9,30.0,0,0.0,0
2014-11-10,2014-12-24,OPTSTK,UCOBANK,117.5,PE,0.0,0.0,0.0,37.2,32.4,0,0.0,0
2014-11-10,2015-01-29,OPTSTK,UCOBANK,55.0,CE,0.0,0.0,0.0,32.25,30.25,0,0.0,0
2014-11-10,2015-01-29,OPTSTK,UCOBANK,57.5,CE,0.0,0.0,0.0,29.9,27.9,0,0.0,0
2014-11-10,2015-01-29,OPTSTK,UCOBANK,60.0,CE,0.0,0.0,0.0,27.6,25.6,0,0.0,0
2014-11-10,2015-01-29,OPTSTK,UCOBANK,62.5,CE,0.0,0.0,0.0,25.35,23.35,0,0.0,0
2014-11-10,2015-01-29,OPTSTK,UCOBANK,65.0,CE,0.0,0.0,0.0,23.2,21.2,0,0.0,0
2014-11-10,2015-01-29,OPTSTK,UCOBANK,67.5,CE,0.0,0.0,0.0,21.1,19.15,0,0.0,0
2014-11-10,2015-01-29,OPTSTK,UCOBANK,70.0,CE,0.0,0.0,0.0,19.1,17.15,0,0.0,0
2014-11-10,2015-01-29,OPTSTK,UCOBANK,72.5,CE,0.0,0.0,0.0,17.2,15.3,0,0.0,0
2014-11-10,2015-01-29,OPTSTK,UCOBANK,75.0,CE,0.0,0.0,0.0,15.45,13.55,0,0.0,0
2014-11-10,2015-01-29,OPTSTK,UCOBANK,77.5,CE,0.0,0.0,0.0,13.75,11.95,0,0.0,0
2014-11-10,2015-01-29,OPTSTK,UCOBANK,80.0,CE,0.0,0.0,0.0,12.2,10.5,0,0.0,0
2014-11-10,2015-01-29,OPTSTK,UCOBANK,82.5,CE,0.0,0.0,0.0,10.8,9.15,0,0.0,0
2014-11-10,2015-01-29,OPTSTK,UCOBANK,85.0,CE,0.0,0.0,0.0,9.5,7.95,0,0.0,0
2014-11-10,2015-01-29,OPTSTK,UCOBANK,87.5,CE,0.0,0.0,0.0,8.3,6.85,0,0.0,0
2014-11-10,2015-01-29,OPTSTK,UCOBANK,90.0,CE,0.0,0.0,0.0,7.25,5.85,0,0.0,0
2014-11-10,2015-01-29,OPTSTK,UCOBANK,92.5,CE,0.0,0.0,0.0,6.3,5.0,0,0.0,0
2014-11-10,2015-01-29,OPTSTK,UCOBANK,95.0,CE,0.0,0.0,0.0,5.45,4.25,0,0.0,0
2014-11-10,2015-01-29,OPTSTK,UCOBANK,97.5,CE,0.0,0.0,0.0,4.7,3.6,0,0.0,0
2014-11-10,2015-01-29,OPTSTK,UCOBANK,100.0,CE,0.0,0.0,0.0,4.05,3.05,0,0.0,0
2014-11-10,2015-01-29,OPTSTK,UCOBANK,102.5,CE,0.0,0.0,0.0,3.45,2.55,0,0.0,0
2014-11-10,2015-01-29,OPTSTK,UCOBANK,105.0,CE,0.0,0.0,0.0,2.95,2.15,0,0.0,0
2014-11-10,2015-01-29,OPTSTK,UCOBANK,107.5,CE,0.0,0.0,0.0,2.5,1.8,0,0.0,0
2014-11-10,2015-01-29,OPTSTK,UCOBANK,110.0,CE,0.0,0.0,0.0,2.15,1.5,0,0.0,0
2014-11-10,2015-01-29,OPTSTK,UCOBANK,112.5,CE,0.0,0.0,0.0,1.8,1.25,0,0.0,0
2014-11-10,2015-01-29,OPTSTK,UCOBANK,115.0,CE,0.0,0.0,0.0,1.55,1.05,0,0.0,0
2014-11-10,2015-01-29,OPTSTK,UCOBANK,117.5,CE,0.0,0.0,0.0,1.3,0.85,0,0.0,0
2014-11-10,2015-01-29,OPTSTK,UCOBANK,55.0,PE,0.0,0.0,0.0,0.15,0.15,0,0.0,0
2014-11-10,2015-01-29,OPTSTK,UCOBANK,57.5,PE,0.0,0.0,0.0,0.25,0.25,0,0.0,0
2014-11-10,2015-01-29,OPTSTK,UCOBANK,60.0,PE,0.0,0.0,0.0,0.4,0.4,0,0.0,0
2014-11-10,2015-01-29,OPTSTK,UCOBANK,62.5,PE,0.0,0.0,0.0,0.6,0.65,0,0.0,0
2014-11-10,2015-01-29,OPTSTK,UCOBANK,65.0,PE,0.0,0.0,0.0,0.9,0.9,0,0.0,0
2014-11-10,2015-01-29,OPTSTK,UCOBANK,67.5,PE,0.0,0.0,0.0,1.25,1.3,0,0.0,0
2014-11-10,2015-01-29,OPTSTK,UCOBANK,70.0,PE,0.0,0.0,0.0,1.7,1.8,0,0.0,0
2014-11-10,2015-01-29,OPTSTK,UCOBANK,72.5,PE,0.0,0.0,0.0,2.25,2.4,0,0.0,0
2014-11-10,2015-01-29,OPTSTK,UCOBANK,75.0,PE,0.0,0.0,0.0,2.9,3.1,0,0.0,0
2014-11-10,2015-01-29,OPTSTK,UCOBANK,77.5,PE,0.0,0.0,0.0,3.7,3.95,0,0.0,0
2014-11-10,2015-01-29,OPTSTK,UCOBANK,80.0,PE,0.0,0.0,0.0,4.6,4.9,0,0.0,0
2014-11-10,2015-01-29,OPTSTK,UCOBANK,82.5,PE,0.0,0.0,0.0,5.6,6.05,0,0.0,0
2014-11-10,2015-01-29,OPTSTK,UCOBANK,85.0,PE,0.0,0.0,0.0,6.75,7.25,0,0.0,0
2014-11-10,2015-01-29,OPTSTK,UCOBANK,87.5,PE,0.0,0.0,0.0,8.0,8.65,0,0.0,0
2014-11-10,2015-01-29,OPTSTK,UCOBANK,90.0,PE,0.0,0.0,0.0,9.4,10.1,0,0.0,0
2014-11-10,2015-01-29,OPTSTK,UCOBANK,92.5,PE,0.0,0.0,0.0,10.9,11.7,0,0.0,0
2014-11-10,2015-01-29,OPTSTK,UCOBANK,95.0,PE,0.0,0.0,0.0,12.5,13.4,0,0.0,0
2014-11-10,2015-01-29,OPTSTK,UCOBANK,97.5,PE,0.0,0.0,0.0,14.2,15.2,0,0.0,0
2014-11-10,2015-01-29,OPTSTK,UCOBANK,100.0,PE,0.0,0.0,0.0,16.0,17.1,0,0.0,0
2014-11-10,2015-01-29,OPTSTK,UCOBANK,102.5,PE,0.0,0.0,0.0,17.85,19.1,0,0.0,0
2014-11-10,2015-01-29,OPTSTK,UCOBANK,105.0,PE,0.0,0.0,0.0,19.8,21.1,0,0.0,0
2014-11-10,2015-01-29,OPTSTK,UCOBANK,107.5,PE,0.0,0.0,0.0,21.8,23.2,0,0.0,0
2014-11-10,2015-01-29,OPTSTK,UCOBANK,110.0,PE,0.0,0.0,0.0,23.85,25.35,0,0.0,0
2014-11-10,2015-01-29,OPTSTK,UCOBANK,112.5,PE,0.0,0.0,0.0,26.0,27.55,0,0.0,0
2014-11-10,2015-01-29,OPTSTK,UCOBANK,115.0,PE,0.0,0.0,0.0,28.15,29.8,0,0.0,0
2014-11-10,2015-01-29,OPTSTK,UCOBANK,117.5,PE,0.0,0.0,0.0,30.35,32.1,0,0.0,0
2014-11-10,2014-11-27,OPTSTK,ULTRACEMCO,1700.0,CE,0.0,0.0,0.0,886.7,887.85,0,0.0,0
2014-11-10,2014-11-27,OPTSTK,ULTRACEMCO,1750.0,CE,0.0,0.0,0.0,838.15,838.05,0,0.0,0
2014-11-10,2014-11-27,OPTSTK,ULTRACEMCO,1800.0,CE,0.0,0.0,0.0,789.85,788.2,0,0.0,0
2014-11-10,2014-11-27,OPTSTK,ULTRACEMCO,1850.0,CE,0.0,0.0,0.0,741.85,738.4,0,0.0,0
2014-11-10,2014-11-27,OPTSTK,ULTRACEMCO,1900.0,CE,0.0,0.0,0.0,694.25,688.6,0,0.0,0
2014-11-10,2014-11-27,OPTSTK,ULTRACEMCO,1950.0,CE,0.0,0.0,0.0,647.3,638.8,0,0.0,0
2014-11-10,2014-11-27,OPTSTK,ULTRACEMCO,2000.0,CE,0.0,0.0,0.0,601.05,589.05,0,0.0,0
2014-11-10,2014-11-27,OPTSTK,ULTRACEMCO,2050.0,CE,0.0,0.0,0.0,555.75,539.3,0,0.0,0
2014-11-10,2014-11-27,OPTSTK,ULTRACEMCO,2100.0,CE,0.0,0.0,0.0,511.6,489.6,0,0.0,0
2014-11-10,2014-11-27,OPTSTK,ULTRACEMCO,2150.0,CE,0.0,0.0,0.0,468.75,440.15,0,0.0,0
2014-11-10,2014-11-27,OPTSTK,ULTRACEMCO,2200.0,CE,0.0,0.0,0.0,427.45,391.1,0,0.0,0
2014-11-10,2014-11-27,OPTSTK,ULTRACEMCO,2250.0,CE,0.0,0.0,0.0,387.85,342.75,0,0.0,0
2014-11-10,2014-11-27,OPTSTK,ULTRACEMCO,2300.0,CE,0.0,0.0,0.0,350.15,295.65,0,0.0,0
2014-11-10,2014-11-27,OPTSTK,ULTRACEMCO,2350.0,CE,0.0,0.0,0.0,314.55,250.4,0,0.0,0
2014-11-10,2014-11-27,OPTSTK,ULTRACEMCO,2400.0,CE,0.0,0.0,0.0,280.95,207.7,0,0.0,0
2014-11-10,2014-11-27,OPTSTK,ULTRACEMCO,2450.0,CE,0.0,0.0,0.0,104.75,168.45,0,0.0,625
2014-11-10,2014-11-27,OPTSTK,ULTRACEMCO,2500.0,CE,100.85,110.0,100.85,110.0,110.0,4,13.02,4000
2014-11-10,2014-11-27,OPTSTK,ULTRACEMCO,2550.0,CE,74.4,81.8,66.75,76.1,76.1,35,114.86,3625
2014-11-10,2014-11-27,OPTSTK,ULTRACEMCO,2600.0,CE,54.95,57.15,46.2,52.5,52.5,35,116.02,16375
2014-11-10,2014-11-27,OPTSTK,ULTRACEMCO,2650.0,CE,32.75,34.75,29.6,33.95,33.95,11,36.89,3250
2014-11-10,2014-11-27,OPTSTK,ULTRACEMCO,2700.0,CE,21.05,21.05,18.7,18.7,18.7,4,13.59,4000
2014-11-10,2014-11-27,OPTSTK,ULTRACEMCO,2750.0,CE,12.3,12.75,9.3,10.05,10.05,14,48.32,2750
2014-11-10,2014-11-27,OPTSTK,ULTRACEMCO,2800.0,CE,0.0,0.0,0.0,6.7,18.2,0,0.0,2625
2014-11-10,2014-11-27,OPTSTK,ULTRACEMCO,2850.0,CE,0.0,0.0,0.0,80.95,11.8,0,0.0,0
2014-11-10,2014-11-27,OPTSTK,ULTRACEMCO,2900.0,CE,0.0,0.0,0.0,68.95,7.4,0,0.0,0
2014-11-10,2014-11-27,OPTSTK,ULTRACEMCO,2950.0,CE,0.0,0.0,0.0,58.3,4.55,0,0.0,0
2014-11-10,2014-11-27,OPTSTK,ULTRACEMCO,3000.0,CE,0.0,0.0,0.0,49.1,2.7,0,0.0,0
2014-11-10,2014-11-27,OPTSTK,ULTRACEMCO,3050.0,CE,0.0,0.0,0.0,41.2,1.55,0,0.0,0
2014-11-10,2014-11-27,OPTSTK,ULTRACEMCO,3100.0,CE,0.0,0.0,0.0,34.45,0.9,0,0.0,0
2014-11-10,2014-11-27,OPTSTK,ULTRACEMCO,3150.0,CE,0.0,0.0,0.0,28.65,0.5,0,0.0,0
2014-11-10,2014-11-27,OPTSTK,ULTRACEMCO,3200.0,CE,0.0,0.0,0.0,23.75,0.3,0,0.0,0
2014-11-10,2014-11-27,OPTSTK,ULTRACEMCO,1700.0,PE,0.0,0.0,0.0,0.55,0.0,0,0.0,0
2014-11-10,2014-11-27,OPTSTK,ULTRACEMCO,1750.0,PE,0.0,0.0,0.0,0.9,0.0,0,0.0,0
2014-11-10,2014-11-27,OPTSTK,ULTRACEMCO,1800.0,PE,0.0,0.0,0.0,1.55,0.0,0,0.0,0
2014-11-10,2014-11-27,OPTSTK,ULTRACEMCO,1850.0,PE,0.0,0.0,0.0,2.45,0.0,0,0.0,0
2014-11-10,2014-11-27,OPTSTK,ULTRACEMCO,1900.0,PE,0.0,0.0,0.0,3.85,0.0,0,0.0,0
2014-11-10,2014-11-27,OPTSTK,ULTRACEMCO,1950.0,PE,0.0,0.0,0.0,5.8,0.05,0,0.0,0
2014-11-10,2014-11-27,OPTSTK,ULTRACEMCO,2000.0,PE,0.0,0.0,0.0,8.5,0.05,0,0.0,0
2014-11-10,2014-11-27,OPTSTK,ULTRACEMCO,2050.0,PE,0.0,0.0,0.0,12.15,0.1,0,0.0,0
2014-11-10,2014-11-27,OPTSTK,ULTRACEMCO,2100.0,PE,0.0,0.0,0.0,16.9,0.25,0,0.0,0
2014-11-10,2014-11-27,OPTSTK,ULTRACEMCO,2150.0,PE,0.0,0.0,0.0,23.0,0.55,0,0.0,0
2014-11-10,2014-11-27,OPTSTK,ULTRACEMCO,2200.0,PE,0.0,0.0,0.0,3.75,1.3,0,0.0,125
2014-11-10,2014-11-27,OPTSTK,ULTRACEMCO,2250.0,PE,0.0,0.0,0.0,40.0,2.75,0,0.0,0
2014-11-10,2014-11-27,OPTSTK,ULTRACEMCO,2300.0,PE,0.0,0.0,0.0,4.35,5.45,0,0.0,2000
2014-11-10,2014-11-27,OPTSTK,ULTRACEMCO,2350.0,PE,0.0,0.0,0.0,4.8,10.0,0,0.0,875
2014-11-10,2014-11-27,OPTSTK,ULTRACEMCO,2400.0,PE,0.0,0.0,0.0,14.0,17.15,0,0.0,3875
2014-11-10,2014-11-27,OPTSTK,ULTRACEMCO,2450.0,PE,15.0,15.0,12.85,13.75,13.75,18,55.43,1000
2014-11-10,2014-11-27,OPTSTK,ULTRACEMCO,2500.0,PE,22.1,27.4,22.1,22.55,22.55,11,34.71,7625
2014-11-10,2014-11-27,OPTSTK,ULTRACEMCO,2550.0,PE,37.55,46.55,37.55,39.6,39.6,25,81.06,3000
2014-11-10,2014-11-27,OPTSTK,ULTRACEMCO,2600.0,PE,59.75,62.1,59.75,61.1,61.1,11,36.59,2875
2014-11-10,2014-11-27,OPTSTK,ULTRACEMCO,2650.0,PE,0.0,0.0,0.0,120.15,114.45,0,0.0,375
2014-11-10,2014-11-27,OPTSTK,ULTRACEMCO,2700.0,PE,0.0,0.0,0.0,220.8,147.85,0,0.0,0
2014-11-10,2014-11-27,OPTSTK,ULTRACEMCO,2750.0,PE,0.0,0.0,0.0,252.05,185.3,0,0.0,0
2014-11-10,2014-11-27,OPTSTK,ULTRACEMCO,2800.0,PE,0.0,0.0,0.0,285.25,226.05,0,0.0,0
2014-11-10,2014-11-27,OPTSTK,ULTRACEMCO,2850.0,PE,0.0,0.0,0.0,320.35,269.45,0,0.0,0
2014-11-10,2014-11-27,OPTSTK,ULTRACEMCO,2900.0,PE,0.0,0.0,0.0,357.25,314.85,0,0.0,0
2014-11-10,2014-11-27,OPTSTK,ULTRACEMCO,2950.0,PE,0.0,0.0,0.0,395.55,361.8,0,0.0,0
2014-11-10,2014-11-27,OPTSTK,ULTRACEMCO,3000.0,PE,0.0,0.0,0.0,435.3,409.75,0,0.0,0
2014-11-10,2014-11-27,OPTSTK,ULTRACEMCO,3050.0,PE,0.0,0.0,0.0,476.35,458.45,0,0.0,0
2014-11-10,2014-11-27,OPTSTK,ULTRACEMCO,3100.0,PE,0.0,0.0,0.0,518.5,507.55,0,0.0,0
2014-11-10,2014-11-27,OPTSTK,ULTRACEMCO,3150.0,PE,0.0,0.0,0.0,561.65,556.95,0,0.0,0
2014-11-10,2014-11-27,OPTSTK,ULTRACEMCO,3200.0,PE,0.0,0.0,0.0,605.7,606.55,0,0.0,0
2014-11-10,2014-12-24,OPTSTK,ULTRACEMCO,1700.0,CE,0.0,0.0,0.0,911.25,898.95,0,0.0,0
2014-11-10,2014-12-24,OPTSTK,ULTRACEMCO,1750.0,CE,0.0,0.0,0.0,862.55,849.5,0,0.0,0
2014-11-10,2014-12-24,OPTSTK,ULTRACEMCO,1800.0,CE,0.0,0.0,0.0,813.95,800.1,0,0.0,0
2014-11-10,2014-12-24,OPTSTK,ULTRACEMCO,1850.0,CE,0.0,0.0,0.0,765.5,750.75,0,0.0,0
2014-11-10,2014-12-24,OPTSTK,ULTRACEMCO,1900.0,CE,0.0,0.0,0.0,717.4,701.55,0,0.0,0
2014-11-10,2014-12-24,OPTSTK,ULTRACEMCO,1950.0,CE,0.0,0.0,0.0,669.65,652.6,0,0.0,0
2014-11-10,2014-12-24,OPTSTK,ULTRACEMCO,2000.0,CE,0.0,0.0,0.0,622.5,603.95,0,0.0,0
2014-11-10,2014-12-24,OPTSTK,ULTRACEMCO,2050.0,CE,0.0,0.0,0.0,576.05,555.75,0,0.0,0
2014-11-10,2014-12-24,OPTSTK,ULTRACEMCO,2100.0,CE,0.0,0.0,0.0,530.55,508.35,0,0.0,0
2014-11-10,2014-12-24,OPTSTK,ULTRACEMCO,2150.0,CE,0.0,0.0,0.0,486.15,461.85,0,0.0,0
2014-11-10,2014-12-24,OPTSTK,ULTRACEMCO,2200.0,CE,0.0,0.0,0.0,443.15,416.6,0,0.0,0
2014-11-10,2014-12-24,OPTSTK,ULTRACEMCO,2250.0,CE,0.0,0.0,0.0,401.7,372.9,0,0.0,0
2014-11-10,2014-12-24,OPTSTK,ULTRACEMCO,2300.0,CE,0.0,0.0,0.0,362.1,331.1,0,0.0,0
2014-11-10,2014-12-24,OPTSTK,ULTRACEMCO,2350.0,CE,0.0,0.0,0.0,324.45,291.5,0,0.0,0
2014-11-10,2014-12-24,OPTSTK,ULTRACEMCO,2400.0,CE,0.0,0.0,0.0,289.05,254.4,0,0.0,0
2014-11-10,2014-12-24,OPTSTK,ULTRACEMCO,2450.0,CE,0.0,0.0,0.0,255.85,219.85,0,0.0,0
2014-11-10,2014-12-24,OPTSTK,ULTRACEMCO,2500.0,CE,0.0,0.0,0.0,225.15,188.35,0,0.0,0
2014-11-10,2014-12-24,OPTSTK,ULTRACEMCO,2550.0,CE,0.0,0.0,0.0,196.9,159.8,0,0.0,0
2014-11-10,2014-12-24,OPTSTK,ULTRACEMCO,2600.0,CE,0.0,0.0,0.0,171.15,134.3,0,0.0,0
2014-11-10,2014-12-24,OPTSTK,ULTRACEMCO,2650.0,CE,0.0,0.0,0.0,147.85,111.8,0,0.0,0
2014-11-10,2014-12-24,OPTSTK,ULTRACEMCO,2700.0,CE,0.0,0.0,0.0,127.0,92.15,0,0.0,0
2014-11-10,2014-12-24,OPTSTK,ULTRACEMCO,2750.0,CE,0.0,0.0,0.0,108.4,75.25,0,0.0,0
2014-11-10,2014-12-24,OPTSTK,ULTRACEMCO,2800.0,CE,0.0,0.0,0.0,92.0,60.9,0,0.0,0
2014-11-10,2014-12-24,OPTSTK,ULTRACEMCO,2850.0,CE,0.0,0.0,0.0,77.6,48.95,0,0.0,0
2014-11-10,2014-12-24,OPTSTK,ULTRACEMCO,2900.0,CE,0.0,0.0,0.0,65.25,38.85,0,0.0,0
2014-11-10,2014-12-24,OPTSTK,ULTRACEMCO,2950.0,CE,0.0,0.0,0.0,54.4,30.6,0,0.0,0
2014-11-10,2014-12-24,OPTSTK,ULTRACEMCO,3000.0,CE,0.0,0.0,0.0,45.15,23.9,0,0.0,0
2014-11-10,2014-12-24,OPTSTK,ULTRACEMCO,3050.0,CE,0.0,0.0,0.0,37.3,18.5,0,0.0,0
2014-11-10,2014-12-24,OPTSTK,ULTRACEMCO,3100.0,CE,0.0,0.0,0.0,30.65,14.2,0,0.0,0
2014-11-10,2014-12-24,OPTSTK,ULTRACEMCO,3150.0,CE,0.0,0.0,0.0,25.05,10.8,0,0.0,0
2014-11-10,2014-12-24,OPTSTK,ULTRACEMCO,3200.0,CE,0.0,0.0,0.0,20.4,8.2,0,0.0,0
2014-11-10,2014-12-24,OPTSTK,ULTRACEMCO,1700.0,PE,0.0,0.0,0.0,0.2,0.05,0,0.0,0
2014-11-10,2014-12-24,OPTSTK,ULTRACEMCO,1750.0,PE,0.0,0.0,0.0,0.4,0.1,0,0.0,0
2014-11-10,2014-12-24,OPTSTK,ULTRACEMCO,1800.0,PE,0.0,0.0,0.0,0.7,0.15,0,0.0,0
2014-11-10,2014-12-24,OPTSTK,ULTRACEMCO,1850.0,PE,0.0,0.0,0.0,1.2,0.3,0,0.0,0
2014-11-10,2014-12-24,OPTSTK,ULTRACEMCO,1900.0,PE,0.0,0.0,0.0,1.95,0.6,0,0.0,0
2014-11-10,2014-12-24,OPTSTK,ULTRACEMCO,1950.0,PE,0.0,0.0,0.0,3.15,1.05,0,0.0,0
2014-11-10,2014-12-24,OPTSTK,ULTRACEMCO,2000.0,PE,0.0,0.0,0.0,4.9,1.9,0,0.0,0
2014-11-10,2014-12-24,OPTSTK,ULTRACEMCO,2050.0,PE,0.0,0.0,0.0,7.35,3.2,0,0.0,0
2014-11-10,2014-12-24,OPTSTK,ULTRACEMCO,2100.0,PE,0.0,0.0,0.0,10.75,5.25,0,0.0,0
2014-11-10,2014-12-24,OPTSTK,ULTRACEMCO,2150.0,PE,0.0,0.0,0.0,15.3,8.25,0,0.0,0
2014-11-10,2014-12-24,OPTSTK,ULTRACEMCO,2200.0,PE,0.0,0.0,0.0,21.2,12.45,0,0.0,0
2014-11-10,2014-12-24,OPTSTK,ULTRACEMCO,2250.0,PE,0.0,0.0,0.0,28.65,18.25,0,0.0,0
2014-11-10,2014-12-24,OPTSTK,ULTRACEMCO,2300.0,PE,0.0,0.0,0.0,37.95,25.95,0,0.0,0
2014-11-10,2014-12-24,OPTSTK,ULTRACEMCO,2350.0,PE,0.0,0.0,0.0,49.25,35.8,0,0.0,0
2014-11-10,2014-12-24,OPTSTK,ULTRACEMCO,2400.0,PE,0.0,0.0,0.0,62.75,48.2,0,0.0,0
2014-11-10,2014-12-24,OPTSTK,ULTRACEMCO,2450.0,PE,0.0,0.0,0.0,78.4,63.1,0,0.0,0
2014-11-10,2014-12-24,OPTSTK,ULTRACEMCO,2500.0,PE,0.0,0.0,0.0,96.6,81.05,0,0.0,0
2014-11-10,2014-12-24,OPTSTK,ULTRACEMCO,2550.0,PE,0.0,0.0,0.0,117.3,102.0,0,0.0,0
2014-11-10,2014-12-24,OPTSTK,ULTRACEMCO,2600.0,PE,0.0,0.0,0.0,140.45,126.0,0,0.0,0
2014-11-10,2014-12-24,OPTSTK,ULTRACEMCO,2650.0,PE,0.0,0.0,0.0,166.1,152.95,0,0.0,0
2014-11-10,2014-12-24,OPTSTK,ULTRACEMCO,2700.0,PE,0.0,0.0,0.0,194.1,182.8,0,0.0,0
2014-11-10,2014-12-24,OPTSTK,ULTRACEMCO,2750.0,PE,0.0,0.0,0.0,224.45,215.4,0,0.0,0
2014-11-10,2014-12-24,OPTSTK,ULTRACEMCO,2800.0,PE,0.0,0.0,0.0,256.95,250.5,0,0.0,0
2014-11-10,2014-12-24,OPTSTK,ULTRACEMCO,2850.0,PE,0.0,0.0,0.0,291.45,288.05,0,0.0,0
2014-11-10,2014-12-24,OPTSTK,ULTRACEMCO,2900.0,PE,0.0,0.0,0.0,328.0,327.4,0,0.0,0
2014-11-10,2014-12-24,OPTSTK,ULTRACEMCO,2950.0,PE,0.0,0.0,0.0,366.1,368.6,0,0.0,0
2014-11-10,2014-12-24,OPTSTK,ULTRACEMCO,3000.0,PE,0.0,0.0,0.0,405.75,411.4,0,0.0,0
2014-11-10,2014-12-24,OPTSTK,ULTRACEMCO,3050.0,PE,0.0,0.0,0.0,446.8,455.45,0,0.0,0
2014-11-10,2014-12-24,OPTSTK,ULTRACEMCO,3100.0,PE,0.0,0.0,0.0,489.05,500.65,0,0.0,0
2014-11-10,2014-12-24,OPTSTK,ULTRACEMCO,3150.0,PE,0.0,0.0,0.0,532.35,546.75,0,0.0,0
2014-11-10,2014-12-24,OPTSTK,ULTRACEMCO,3200.0,PE,0.0,0.0,0.0,576.6,593.6,0,0.0,0
2014-11-10,2015-01-29,OPTSTK,ULTRACEMCO,1700.0,CE,0.0,0.0,0.0,852.3,913.95,0,0.0,0
2014-11-10,2015-01-29,OPTSTK,ULTRACEMCO,1750.0,CE,0.0,0.0,0.0,805.05,865.3,0,0.0,0
2014-11-10,2015-01-29,OPTSTK,ULTRACEMCO,1800.0,CE,0.0,0.0,0.0,758.3,816.9,0,0.0,0
2014-11-10,2015-01-29,OPTSTK,ULTRACEMCO,1850.0,CE,0.0,0.0,0.0,712.3,768.85,0,0.0,0
2014-11-10,2015-01-29,OPTSTK,ULTRACEMCO,1900.0,CE,0.0,0.0,0.0,667.15,721.2,0,0.0,0
2014-11-10,2015-01-29,OPTSTK,ULTRACEMCO,1950.0,CE,0.0,0.0,0.0,622.95,674.15,0,0.0,0
2014-11-10,2015-01-29,OPTSTK,ULTRACEMCO,2000.0,CE,0.0,0.0,0.0,579.9,627.85,0,0.0,0
2014-11-10,2015-01-29,OPTSTK,ULTRACEMCO,2050.0,CE,0.0,0.0,0.0,538.15,582.45,0,0.0,0
2014-11-10,2015-01-29,OPTSTK,ULTRACEMCO,2100.0,CE,0.0,0.0,0.0,497.8,538.1,0,0.0,0
2014-11-10,2015-01-29,OPTSTK,ULTRACEMCO,2150.0,CE,0.0,0.0,0.0,458.95,495.05,0,0.0,0
2014-11-10,2015-01-29,OPTSTK,ULTRACEMCO,2200.0,CE,0.0,0.0,0.0,421.85,453.45,0,0.0,0
2014-11-10,2015-01-29,OPTSTK,ULTRACEMCO,2250.0,CE,0.0,0.0,0.0,386.4,413.5,0,0.0,0
2014-11-10,2015-01-29,OPTSTK,ULTRACEMCO,2300.0,CE,0.0,0.0,0.0,352.65,375.35,0,0.0,0
2014-11-10,2015-01-29,OPTSTK,ULTRACEMCO,2350.0,CE,0.0,0.0,0.0,320.9,339.15,0,0.0,0
2014-11-10,2015-01-29,OPTSTK,ULTRACEMCO,2400.0,CE,0.0,0.0,0.0,291.1,304.85,0,0.0,0
2014-11-10,2015-01-29,OPTSTK,ULTRACEMCO,2450.0,CE,0.0,0.0,0.0,263.25,272.85,0,0.0,0
2014-11-10,2015-01-29,OPTSTK,ULTRACEMCO,2500.0,CE,0.0,0.0,0.0,237.3,243.05,0,0.0,0
2014-11-10,2015-01-29,OPTSTK,ULTRACEMCO,2550.0,CE,0.0,0.0,0.0,213.2,215.5,0,0.0,0
2014-11-10,2015-01-29,OPTSTK,ULTRACEMCO,2600.0,CE,0.0,0.0,0.0,191.05,190.2,0,0.0,0
2014-11-10,2015-01-29,OPTSTK,ULTRACEMCO,2650.0,CE,0.0,0.0,0.0,170.65,167.05,0,0.0,0
2014-11-10,2015-01-29,OPTSTK,ULTRACEMCO,2700.0,CE,0.0,0.0,0.0,152.0,146.1,0,0.0,0
2014-11-10,2015-01-29,OPTSTK,ULTRACEMCO,2750.0,CE,0.0,0.0,0.0,135.0,127.15,0,0.0,0
2014-11-10,2015-01-29,OPTSTK,ULTRACEMCO,2800.0,CE,0.0,0.0,0.0,119.6,110.2,0,0.0,0
2014-11-10,2015-01-29,OPTSTK,ULTRACEMCO,2850.0,CE,0.0,0.0,0.0,105.65,95.1,0,0.0,0
2014-11-10,2015-01-29,OPTSTK,ULTRACEMCO,2900.0,CE,0.0,0.0,0.0,93.2,81.75,0,0.0,0
2014-11-10,2015-01-29,OPTSTK,ULTRACEMCO,2950.0,CE,0.0,0.0,0.0,82.0,70.1,0,0.0,0
2014-11-10,2015-01-29,OPTSTK,ULTRACEMCO,3000.0,CE,0.0,0.0,0.0,71.95,59.75,0,0.0,0
2014-11-10,2015-01-29,OPTSTK,ULTRACEMCO,3050.0,CE,0.0,0.0,0.0,62.85,50.75,0,0.0,0
2014-11-10,2015-01-29,OPTSTK,ULTRACEMCO,3100.0,CE,0.0,0.0,0.0,54.9,42.95,0,0.0,0
2014-11-10,2015-01-29,OPTSTK,ULTRACEMCO,3150.0,CE,0.0,0.0,0.0,47.8,36.2,0,0.0,0
2014-11-10,2015-01-29,OPTSTK,ULTRACEMCO,3200.0,CE,0.0,0.0,0.0,41.6,30.4,0,0.0,0
2014-11-10,2015-01-29,OPTSTK,ULTRACEMCO,1700.0,PE,0.0,0.0,0.0,3.5,0.6,0,0.0,0
2014-11-10,2015-01-29,OPTSTK,ULTRACEMCO,1750.0,PE,0.0,0.0,0.0,5.1,1.05,0,0.0,0
2014-11-10,2015-01-29,OPTSTK,ULTRACEMCO,1800.0,PE,0.0,0.0,0.0,7.35,1.7,0,0.0,0
2014-11-10,2015-01-29,OPTSTK,ULTRACEMCO,1850.0,PE,0.0,0.0,0.0,10.25,2.65,0,0.0,0
2014-11-10,2015-01-29,OPTSTK,ULTRACEMCO,1900.0,PE,0.0,0.0,0.0,14.0,4.1,0,0.0,0
2014-11-10,2015-01-29,OPTSTK,ULTRACEMCO,1950.0,PE,0.0,0.0,0.0,18.75,6.1,0,0.0,0
2014-11-10,2015-01-29,OPTSTK,ULTRACEMCO,2000.0,PE,0.0,0.0,0.0,24.6,8.85,0,0.0,0
2014-11-10,2015-01-29,OPTSTK,ULTRACEMCO,2050.0,PE,0.0,0.0,0.0,31.75,12.5,0,0.0,0
2014-11-10,2015-01-29,OPTSTK,ULTRACEMCO,2100.0,PE,0.0,0.0,0.0,40.3,17.2,0,0.0,0
2014-11-10,2015-01-29,OPTSTK,ULTRACEMCO,2150.0,PE,0.0,0.0,0.0,50.4,23.2,0,0.0,0
2014-11-10,2015-01-29,OPTSTK,ULTRACEMCO,2200.0,PE,0.0,0.0,0.0,62.25,30.65,0,0.0,0
2014-11-10,2015-01-29,OPTSTK,ULTRACEMCO,2250.0,PE,0.0,0.0,0.0,75.7,39.75,0,0.0,0
2014-11-10,2015-01-29,OPTSTK,ULTRACEMCO,2300.0,PE,0.0,0.0,0.0,90.85,50.65,0,0.0,0
2014-11-10,2015-01-29,OPTSTK,ULTRACEMCO,2350.0,PE,0.0,0.0,0.0,108.05,63.5,0,0.0,0
2014-11-10,2015-01-29,OPTSTK,ULTRACEMCO,2400.0,PE,0.0,0.0,0.0,127.15,78.3,0,0.0,0
2014-11-10,2015-01-29,OPTSTK,ULTRACEMCO,2450.0,PE,0.0,0.0,0.0,148.2,95.35,0,0.0,0
2014-11-10,2015-01-29,OPTSTK,ULTRACEMCO,2500.0,PE,0.0,0.0,0.0,171.2,114.6,0,0.0,0
2014-11-10,2015-01-29,OPTSTK,ULTRACEMCO,2550.0,PE,0.0,0.0,0.0,196.05,136.1,0,0.0,0
2014-11-10,2015-01-29,OPTSTK,ULTRACEMCO,2600.0,PE,0.0,0.0,0.0,222.8,159.8,0,0.0,0
2014-11-10,2015-01-29,OPTSTK,ULTRACEMCO,2650.0,PE,0.0,0.0,0.0,251.3,185.75,0,0.0,0
2014-11-10,2015-01-29,OPTSTK,ULTRACEMCO,2700.0,PE,0.0,0.0,0.0,281.6,213.8,0,0.0,0
2014-11-10,2015-01-29,OPTSTK,ULTRACEMCO,2750.0,PE,0.0,0.0,0.0,313.5,243.95,0,0.0,0
2014-11-10,2015-01-29,OPTSTK,ULTRACEMCO,2800.0,PE,0.0,0.0,0.0,347.0,276.05,0,0.0,0
2014-11-10,2015-01-29,OPTSTK,ULTRACEMCO,2850.0,PE,0.0,0.0,0.0,382.0,310.0,0,0.0,0
2014-11-10,2015-01-29,OPTSTK,ULTRACEMCO,2900.0,PE,0.0,0.0,0.0,418.5,345.7,0,0.0,0
2014-11-10,2015-01-29,OPTSTK,ULTRACEMCO,2950.0,PE,0.0,0.0,0.0,456.2,383.1,0,0.0,0
2014-11-10,2015-01-29,OPTSTK,ULTRACEMCO,3000.0,PE,0.0,0.0,0.0,495.05,421.75,0,0.0,0
2014-11-10,2015-01-29,OPTSTK,ULTRACEMCO,3050.0,PE,0.0,0.0,0.0,534.9,461.85,0,0.0,0
2014-11-10,2015-01-29,OPTSTK,ULTRACEMCO,3100.0,PE,0.0,0.0,0.0,575.85,503.1,0,0.0,0
2014-11-10,2015-01-29,OPTSTK,ULTRACEMCO,3150.0,PE,0.0,0.0,0.0,617.7,545.4,0,0.0,0
2014-11-10,2015-01-29,OPTSTK,ULTRACEMCO,3200.0,PE,0.0,0.0,0.0,660.35,588.65,0,0.0,0
2014-11-10,2014-11-27,OPTSTK,UNIONBANK,140.0,CE,0.0,0.0,0.0,73.7,72.5,0,0.0,0
2014-11-10,2014-11-27,OPTSTK,UNIONBANK,150.0,CE,0.0,0.0,0.0,65.2,62.55,0,0.0,0
2014-11-10,2014-11-27,OPTSTK,UNIONBANK,160.0,CE,0.0,0.0,0.0,57.15,52.6,0,0.0,0
2014-11-10,2014-11-27,OPTSTK,UNIONBANK,170.0,CE,0.0,0.0,0.0,49.7,42.75,0,0.0,0
2014-11-10,2014-11-27,OPTSTK,UNIONBANK,180.0,CE,0.0,0.0,0.0,42.9,33.15,0,0.0,0
2014-11-10,2014-11-27,OPTSTK,UNIONBANK,190.0,CE,0.0,0.0,0.0,35.1,24.25,0,0.0,2000
2014-11-10,2014-11-27,OPTSTK,UNIONBANK,200.0,CE,0.0,0.0,0.0,25.0,16.45,0,0.0,7000
2014-11-10,2014-11-27,OPTSTK,UNIONBANK,210.0,CE,11.7,12.45,8.65,9.25,9.25,36,79.14,32000
2014-11-10,2014-11-27,OPTSTK,UNIONBANK,220.0,CE,6.0,7.1,4.3,5.0,5.0,245,552.04,276000
2014-11-10,2014-11-27,OPTSTK,UNIONBANK,230.0,CE,3.4,3.8,2.2,2.5,2.5,248,577.29,512000
2014-11-10,2014-11-27,OPTSTK,UNIONBANK,240.0,CE,1.8,1.95,1.1,1.35,1.35,153,369.33,424000
2014-11-10,2014-11-27,OPTSTK,UNIONBANK,250.0,CE,1.0,1.0,0.5,0.75,0.75,70,175.49,393000
2014-11-10,2014-11-27,OPTSTK,UNIONBANK,260.0,CE,0.45,0.45,0.35,0.4,0.4,9,23.43,83000
2014-11-10,2014-11-27,OPTSTK,UNIONBANK,270.0,CE,0.0,0.0,0.0,0.3,0.1,0,0.0,22000
2014-11-10,2014-11-27,OPTSTK,UNIONBANK,280.0,CE,0.2,0.2,0.2,0.2,0.2,9,25.21,28000
2014-11-10,2014-11-27,OPTSTK,UNIONBANK,290.0,CE,0.0,0.0,0.0,5.8,0.05,0,0.0,0
2014-11-10,2014-11-27,OPTSTK,UNIONBANK,140.0,PE,0.0,0.0,0.0,1.85,0.0,0,0.0,0
2014-11-10,2014-11-27,OPTSTK,UNIONBANK,150.0,PE,0.0,0.0,0.0,3.1,0.0,0,0.0,0
2014-11-10,2014-11-27,OPTSTK,UNIONBANK,160.0,PE,0.0,0.0,0.0,4.85,0.05,0,0.0,0
2014-11-10,2014-11-27,OPTSTK,UNIONBANK,170.0,PE,0.0,0.0,0.0,1.4,0.15,0,0.0,30000
2014-11-10,2014-11-27,OPTSTK,UNIONBANK,180.0,PE,0.0,0.0,0.0,0.35,0.5,0,0.0,18000
2014-11-10,2014-11-27,OPTSTK,UNIONBANK,190.0,PE,1.1,1.45,1.0,1.15,1.15,30,57.36,45000
2014-11-10,2014-11-27,OPTSTK,UNIONBANK,200.0,PE,3.15,3.5,2.25,2.85,2.85,124,251.51,116000
2014-11-10,2014-11-27,OPTSTK,UNIONBANK,210.0,PE,4.85,7.2,4.85,6.25,6.25,190,410.8,203000
2014-11-10,2014-11-27,OPTSTK,UNIONBANK,220.0,PE,10.25,13.0,9.85,11.7,11.7,176,407.98,178000
2014-11-10,2014-11-27,OPTSTK,UNIONBANK,230.0,PE,16.75,19.8,16.75,19.8,19.8,12,29.79,45000
2014-11-10,2014-11-27,OPTSTK,UNIONBANK,240.0,PE,0.0,0.0,0.0,18.75,28.6,0,0.0,11000
2014-11-10,2014-11-27,OPTSTK,UNIONBANK,250.0,PE,0.0,0.0,0.0,27.0,37.75,0,0.0,7000
2014-11-10,2014-11-27,OPTSTK,UNIONBANK,260.0,PE,0.0,0.0,0.0,35.2,47.3,0,0.0,1000
2014-11-10,2014-11-27,OPTSTK,UNIONBANK,270.0,PE,0.0,0.0,0.0,64.05,57.1,0,0.0,0
2014-11-10,2014-11-27,OPTSTK,UNIONBANK,280.0,PE,0.0,0.0,0.0,72.25,67.0,0,0.0,0
2014-11-10,2014-11-27,OPTSTK,UNIONBANK,290.0,PE,0.0,0.0,0.0,80.75,76.95,0,0.0,0
2014-11-10,2014-12-24,OPTSTK,UNIONBANK,140.0,CE,0.0,0.0,0.0,57.35,73.5,0,0.0,0
2014-11-10,2014-12-24,OPTSTK,UNIONBANK,150.0,CE,0.0,0.0,0.0,49.8,63.75,0,0.0,0
2014-11-10,2014-12-24,OPTSTK,UNIONBANK,160.0,CE,0.0,0.0,0.0,42.85,54.2,0,0.0,0
2014-11-10,2014-12-24,OPTSTK,UNIONBANK,170.0,CE,0.0,0.0,0.0,36.6,45.0,0,0.0,0
2014-11-10,2014-12-24,OPTSTK,UNIONBANK,180.0,CE,0.0,0.0,0.0,31.05,36.45,0,0.0,0
2014-11-10,2014-12-24,OPTSTK,UNIONBANK,190.0,CE,0.0,0.0,0.0,26.2,28.7,0,0.0,0
2014-11-10,2014-12-24,OPTSTK,UNIONBANK,200.0,CE,0.0,0.0,0.0,21.95,21.95,0,0.0,0
2014-11-10,2014-12-24,OPTSTK,UNIONBANK,210.0,CE,0.0,0.0,0.0,18.3,16.3,0,0.0,0
2014-11-10,2014-12-24,OPTSTK,UNIONBANK,220.0,CE,0.0,0.0,0.0,15.2,11.8,0,0.0,0
2014-11-10,2014-12-24,OPTSTK,UNIONBANK,230.0,CE,0.0,0.0,0.0,12.55,8.3,0,0.0,0
2014-11-10,2014-12-24,OPTSTK,UNIONBANK,240.0,CE,0.0,0.0,0.0,10.35,5.7,0,0.0,0
2014-11-10,2014-12-24,OPTSTK,UNIONBANK,250.0,CE,0.0,0.0,0.0,8.5,3.8,0,0.0,0
2014-11-10,2014-12-24,OPTSTK,UNIONBANK,260.0,CE,0.0,0.0,0.0,6.95,2.5,0,0.0,0
2014-11-10,2014-12-24,OPTSTK,UNIONBANK,270.0,CE,0.0,0.0,0.0,5.7,1.6,0,0.0,0
2014-11-10,2014-12-24,OPTSTK,UNIONBANK,280.0,CE,0.0,0.0,0.0,4.65,1.0,0,0.0,0
2014-11-10,2014-12-24,OPTSTK,UNIONBANK,290.0,CE,0.05,2.75,0.05,2.75,2.75,6,17.48,0
2014-11-10,2014-12-24,OPTSTK,UNIONBANK,140.0,PE,0.0,0.0,0.0,4.1,0.1,0,0.0,0
2014-11-10,2014-12-24,OPTSTK,UNIONBANK,150.0,PE,0.0,0.0,0.0,6.3,0.2,0,0.0,0
2014-11-10,2014-12-24,OPTSTK,UNIONBANK,160.0,PE,0.0,0.0,0.0,9.15,0.55,0,0.0,0
2014-11-10,2014-12-24,OPTSTK,UNIONBANK,170.0,PE,0.0,0.0,0.0,12.7,1.3,0,0.0,0
2014-11-10,2014-12-24,OPTSTK,UNIONBANK,180.0,PE,0.0,0.0,0.0,16.95,2.6,0,0.0,0
2014-11-10,2014-12-24,OPTSTK,UNIONBANK,190.0,PE,0.0,0.0,0.0,21.85,4.75,0,0.0,0
2014-11-10,2014-12-24,OPTSTK,UNIONBANK,200.0,PE,0.0,0.0,0.0,27.4,7.9,0,0.0,0
2014-11-10,2014-12-24,OPTSTK,UNIONBANK,210.0,PE,0.0,0.0,0.0,33.5,12.15,0,0.0,0
2014-11-10,2014-12-24,OPTSTK,UNIONBANK,220.0,PE,0.0,0.0,0.0,40.2,17.55,0,0.0,0
2014-11-10,2014-12-24,OPTSTK,UNIONBANK,230.0,PE,0.0,0.0,0.0,47.35,23.9,0,0.0,0
2014-11-10,2014-12-24,OPTSTK,UNIONBANK,240.0,PE,0.0,0.0,0.0,54.9,31.2,0,0.0,0
2014-11-10,2014-12-24,OPTSTK,UNIONBANK,250.0,PE,0.0,0.0,0.0,62.85,39.25,0,0.0,0
2014-11-10,2014-12-24,OPTSTK,UNIONBANK,260.0,PE,0.0,0.0,0.0,71.1,47.8,0,0.0,0
2014-11-10,2014-12-24,OPTSTK,UNIONBANK,270.0,PE,0.0,0.0,0.0,79.6,56.8,0,0.0,0
2014-11-10,2014-12-24,OPTSTK,UNIONBANK,280.0,PE,0.0,0.0,0.0,88.35,66.1,0,0.0,0
2014-11-10,2014-12-24,OPTSTK,UNIONBANK,290.0,PE,0.0,0.0,0.0,97.25,75.65,0,0.0,0
2014-11-10,2015-01-29,OPTSTK,UNIONBANK,140.0,CE,0.0,0.0,0.0,87.85,75.05,0,0.0,0
2014-11-10,2015-01-29,OPTSTK,UNIONBANK,150.0,CE,0.0,0.0,0.0,78.6,65.75,0,0.0,0
2014-11-10,2015-01-29,OPTSTK,UNIONBANK,160.0,CE,0.0,0.0,0.0,69.7,56.8,0,0.0,0
2014-11-10,2015-01-29,OPTSTK,UNIONBANK,170.0,CE,0.0,0.0,0.0,61.25,48.4,0,0.0,0
2014-11-10,2015-01-29,OPTSTK,UNIONBANK,180.0,CE,0.0,0.0,0.0,53.3,40.65,0,0.0,0
2014-11-10,2015-01-29,OPTSTK,UNIONBANK,190.0,CE,0.0,0.0,0.0,45.95,33.65,0,0.0,0
2014-11-10,2015-01-29,OPTSTK,UNIONBANK,200.0,CE,0.0,0.0,0.0,39.25,27.45,0,0.0,0
2014-11-10,2015-01-29,OPTSTK,UNIONBANK,210.0,CE,0.0,0.0,0.0,33.25,22.1,0,0.0,0
2014-11-10,2015-01-29,OPTSTK,UNIONBANK,220.0,CE,0.0,0.0,0.0,27.95,17.55,0,0.0,0
2014-11-10,2015-01-29,OPTSTK,UNIONBANK,230.0,CE,0.0,0.0,0.0,23.3,13.75,0,0.0,0
2014-11-10,2015-01-29,OPTSTK,UNIONBANK,240.0,CE,0.0,0.0,0.0,19.3,10.65,0,0.0,0
2014-11-10,2015-01-29,OPTSTK,UNIONBANK,250.0,CE,0.0,0.0,0.0,15.85,8.2,0,0.0,0
2014-11-10,2015-01-29,OPTSTK,UNIONBANK,260.0,CE,0.0,0.0,0.0,12.95,6.25,0,0.0,0
2014-11-10,2015-01-29,OPTSTK,UNIONBANK,270.0,CE,0.0,0.0,0.0,10.55,4.7,0,0.0,0
2014-11-10,2015-01-29,OPTSTK,UNIONBANK,280.0,CE,0.0,0.0,0.0,8.5,3.5,0,0.0,0
2014-11-10,2015-01-29,OPTSTK,UNIONBANK,290.0,CE,0.0,0.0,0.0,6.85,2.6,0,0.0,0
2014-11-10,2015-01-29,OPTSTK,UNIONBANK,140.0,PE,0.0,0.0,0.0,0.6,0.45,0,0.0,0
2014-11-10,2015-01-29,OPTSTK,UNIONBANK,150.0,PE,0.0,0.0,0.0,1.15,0.95,0,0.0,0
2014-11-10,2015-01-29,OPTSTK,UNIONBANK,160.0,PE,0.0,0.0,0.0,2.0,1.85,0,0.0,0
2014-11-10,2015-01-29,OPTSTK,UNIONBANK,170.0,PE,0.0,0.0,0.0,3.35,3.25,0,0.0,0
2014-11-10,2015-01-29,OPTSTK,UNIONBANK,180.0,PE,0.0,0.0,0.0,5.15,5.3,0,0.0,0
2014-11-10,2015-01-29,OPTSTK,UNIONBANK,190.0,PE,0.0,0.0,0.0,7.6,8.1,0,0.0,0
2014-11-10,2015-01-29,OPTSTK,UNIONBANK,200.0,PE,0.0,0.0,0.0,10.7,11.7,0,0.0,0
2014-11-10,2015-01-29,OPTSTK,UNIONBANK,210.0,PE,0.0,0.0,0.0,14.5,16.15,0,0.0,0
2014-11-10,2015-01-29,OPTSTK,UNIONBANK,220.0,PE,0.0,0.0,0.0,18.95,21.4,0,0.0,0
2014-11-10,2015-01-29,OPTSTK,UNIONBANK,230.0,PE,0.0,0.0,0.0,24.1,27.45,0,0.0,0
2014-11-10,2015-01-29,OPTSTK,UNIONBANK,240.0,PE,0.0,0.0,0.0,29.85,34.15,0,0.0,0
2014-11-10,2015-01-29,OPTSTK,UNIONBANK,250.0,PE,0.0,0.0,0.0,36.2,41.5,0,0.0,0
2014-11-10,2015-01-29,OPTSTK,UNIONBANK,260.0,PE,0.0,0.0,0.0,43.1,49.35,0,0.0,0
2014-11-10,2015-01-29,OPTSTK,UNIONBANK,270.0,PE,0.0,0.0,0.0,50.45,57.65,0,0.0,0
2014-11-10,2015-01-29,OPTSTK,UNIONBANK,280.0,PE,0.0,0.0,0.0,58.25,66.25,0,0.0,0
2014-11-10,2015-01-29,OPTSTK,UNIONBANK,290.0,PE,0.0,0.0,0.0,66.35,75.15,0,0.0,0
2014-11-10,2014-11-27,OPTSTK,UNITECH,5.0,CE,0.0,0.0,0.0,16.85,16.55,0,0.0,0
2014-11-10,2014-11-27,OPTSTK,UNITECH,7.5,CE,0.0,0.0,0.0,14.4,14.05,0,0.0,0
2014-11-10,2014-11-27,OPTSTK,UNITECH,10.0,CE,0.0,0.0,0.0,12.05,11.55,0,0.0,0
2014-11-10,2014-11-27,OPTSTK,UNITECH,12.5,CE,0.0,0.0,0.0,5.05,9.05,0,0.0,17000
2014-11-10,2014-11-27,OPTSTK,UNITECH,15.0,CE,0.0,0.0,0.0,7.5,6.6,0,0.0,1020000
2014-11-10,2014-11-27,OPTSTK,UNITECH,17.5,CE,4.6,4.7,4.3,4.3,4.3,3,11.23,986000
2014-11-10,2014-11-27,OPTSTK,UNITECH,20.0,CE,3.1,3.1,2.3,2.35,2.35,72,276.74,4301000
2014-11-10,2014-11-27,OPTSTK,UNITECH,22.5,CE,1.75,1.75,1.1,1.15,1.15,740,2998.05,12971000
2014-11-10,2014-11-27,OPTSTK,UNITECH,25.0,CE,1.0,1.0,0.5,0.55,0.55,1070,4667.58,15589000
2014-11-10,2014-11-27,OPTSTK,UNITECH,27.5,CE,0.45,0.45,0.2,0.25,0.25,681,3220.11,6426000
2014-11-10,2014-11-27,OPTSTK,UNITECH,30.0,CE,0.25,0.25,0.1,0.15,0.15,310,1590.08,6528000
2014-11-10,2014-11-27,OPTSTK,UNITECH,32.5,CE,0.1,0.1,0.1,0.1,0.1,31,171.8,2584000
2014-11-10,2014-11-27,OPTSTK,UNITECH,35.0,CE,0.1,0.1,0.05,0.05,0.05,37,220.48,1547000
2014-11-10,2014-11-27,OPTSTK,UNITECH,37.5,CE,0.0,0.0,0.0,0.05,0.0,0,0.0,408000
2014-11-10,2014-11-27,OPTSTK,UNITECH,40.0,CE,0.0,0.0,0.0,0.05,0.0,0,0.0,595000
2014-11-10,2014-11-27,OPTSTK,UNITECH,42.5,CE,0.0,0.0,0.0,0.5,0.0,0,0.0,0
2014-11-10,2014-11-27,OPTSTK,UNITECH,45.0,CE,0.0,0.0,0.0,0.05,0.0,0,0.0,0
2014-11-10,2014-11-27,OPTSTK,UNITECH,47.5,CE,0.0,0.0,0.0,0.3,0.0,0,0.0,0
2014-11-10,2014-11-27,OPTSTK,UNITECH,5.0,PE,0.0,0.0,0.0,0.05,0.0,0,0.0,17000
2014-11-10,2014-11-27,OPTSTK,UNITECH,7.5,PE,0.0,0.0,0.0,0.05,0.0,0,0.0,0
2014-11-10,2014-11-27,OPTSTK,UNITECH,10.0,PE,0.0,0.0,0.0,0.05,0.0,0,0.0,51000
2014-11-10,2014-11-27,OPTSTK,UNITECH,12.5,PE,0.05,0.05,0.05,0.05,0.05,1,2.13,255000
2014-11-10,2014-11-27,OPTSTK,UNITECH,15.0,PE,0.1,0.1,0.05,0.1,0.1,13,33.34,1853000
2014-11-10,2014-11-27,OPTSTK,UNITECH,17.5,PE,0.25,0.3,0.2,0.25,0.25,81,244.47,4301000
2014-11-10,2014-11-27,OPTSTK,UNITECH,20.0,PE,0.55,0.8,0.55,0.75,0.75,264,930.4,7242000
2014-11-10,2014-11-27,OPTSTK,UNITECH,22.5,PE,1.6,2.05,1.55,2.0,2.0,243,1003.39,2941000
2014-11-10,2014-11-27,OPTSTK,UNITECH,25.0,PE,3.5,3.7,3.45,3.45,3.45,3,14.56,1122000
2014-11-10,2014-11-27,OPTSTK,UNITECH,27.5,PE,0.0,0.0,0.0,5.0,6.15,0,0.0,17000
2014-11-10,2014-11-27,OPTSTK,UNITECH,30.0,PE,0.0,0.0,0.0,10.55,8.5,0,0.0,17000
2014-11-10,2014-11-27,OPTSTK,UNITECH,32.5,PE,0.0,0.0,0.0,11.45,10.9,0,0.0,0
2014-11-10,2014-11-27,OPTSTK,UNITECH,35.0,PE,0.0,0.0,0.0,15.55,13.4,0,0.0,187000
2014-11-10,2014-11-27,OPTSTK,UNITECH,37.5,PE,0.0,0.0,0.0,15.8,15.9,0,0.0,0
2014-11-10,2014-11-27,OPTSTK,UNITECH,40.0,PE,0.0,0.0,0.0,18.05,18.35,0,0.0,0
2014-11-10,2014-11-27,OPTSTK,UNITECH,42.5,PE,0.0,0.0,0.0,20.35,20.85,0,0.0,0
2014-11-10,2014-11-27,OPTSTK,UNITECH,45.0,PE,0.0,0.0,0.0,22.7,23.35,0,0.0,0
2014-11-10,2014-11-27,OPTSTK,UNITECH,47.5,PE,0.0,0.0,0.0,25.1,25.85,0,0.0,0
2014-11-10,2014-12-24,OPTSTK,UNITECH,5.0,CE,0.0,0.0,0.0,14.4,16.55,0,0.0,0
2014-11-10,2014-12-24,OPTSTK,UNITECH,7.5,CE,0.0,0.0,0.0,12.05,14.1,0,0.0,0
2014-11-10,2014-12-24,OPTSTK,UNITECH,10.0,CE,0.0,0.0,0.0,9.85,11.65,0,0.0,0
2014-11-10,2014-12-24,OPTSTK,UNITECH,12.5,CE,0.0,0.0,0.0,7.95,9.2,0,0.0,0
2014-11-10,2014-12-24,OPTSTK,UNITECH,15.0,CE,0.0,0.0,0.0,6.35,7.0,0,0.0,0
2014-11-10,2014-12-24,OPTSTK,UNITECH,17.5,CE,0.0,0.0,0.0,5.05,5.05,0,0.0,0
2014-11-10,2014-12-24,OPTSTK,UNITECH,20.0,CE,5.35,5.35,2.85,2.85,2.85,10,42.67,153000
2014-11-10,2014-12-24,OPTSTK,UNITECH,22.5,CE,2.4,2.4,2.0,2.0,2.0,2,8.39,34000
2014-11-10,2014-12-24,OPTSTK,UNITECH,25.0,CE,1.2,1.2,1.2,1.2,1.2,2,8.9,51000
2014-11-10,2014-12-24,OPTSTK,UNITECH,27.5,CE,0.8,0.8,0.65,0.65,0.65,4,19.16,102000
2014-11-10,2014-12-24,OPTSTK,UNITECH,30.0,CE,0.5,0.5,0.5,0.5,0.5,5,25.92,85000
2014-11-10,2014-12-24,OPTSTK,UNITECH,32.5,CE,0.0,0.0,0.0,1.25,0.4,0,0.0,0
2014-11-10,2014-12-24,OPTSTK,UNITECH,35.0,CE,0.0,0.0,0.0,1.0,0.25,0,0.0,0
2014-11-10,2014-12-24,OPTSTK,UNITECH,37.5,CE,0.0,0.0,0.0,0.8,0.15,0,0.0,0
2014-11-10,2014-12-24,OPTSTK,UNITECH,40.0,CE,0.0,0.0,0.0,0.65,0.1,0,0.0,0
2014-11-10,2014-12-24,OPTSTK,UNITECH,42.5,CE,0.0,0.0,0.0,0.55,0.05,0,0.0,0
2014-11-10,2014-12-24,OPTSTK,UNITECH,45.0,CE,0.0,0.0,0.0,0.45,0.05,0,0.0,0
2014-11-10,2014-12-24,OPTSTK,UNITECH,5.0,PE,0.0,0.0,0.0,0.05,0.0,0,0.0,0
2014-11-10,2014-12-24,OPTSTK,UNITECH,7.5,PE,0.0,0.0,0.0,0.1,0.0,0,0.0,0
2014-11-10,2014-12-24,OPTSTK,UNITECH,10.0,PE,0.0,0.0,0.0,0.4,0.05,0,0.0,0
2014-11-10,2014-12-24,OPTSTK,UNITECH,12.5,PE,0.0,0.0,0.0,0.95,0.1,0,0.0,0
2014-11-10,2014-12-24,OPTSTK,UNITECH,15.0,PE,0.1,0.1,0.1,0.1,0.1,3,7.7,51000
2014-11-10,2014-12-24,OPTSTK,UNITECH,17.5,PE,0.0,0.0,0.0,2.9,0.85,0,0.0,0
2014-11-10,2014-12-24,OPTSTK,UNITECH,20.0,PE,0.0,0.0,0.0,4.3,1.8,0,0.0,0
2014-11-10,2014-12-24,OPTSTK,UNITECH,22.5,PE,0.0,0.0,0.0,5.9,3.1,0,0.0,0
2014-11-10,2014-12-24,OPTSTK,UNITECH,25.0,PE,0.0,0.0,0.0,7.7,4.75,0,0.0,0
2014-11-10,2014-12-24,OPTSTK,UNITECH,27.5,PE,0.0,0.0,0.0,9.65,6.7,0,0.0,0
2014-11-10,2014-12-24,OPTSTK,UNITECH,30.0,PE,0.0,0.0,0.0,11.7,8.8,0,0.0,0
2014-11-10,2014-12-24,OPTSTK,UNITECH,32.5,PE,0.0,0.0,0.0,13.8,11.05,0,0.0,0
2014-11-10,2014-12-24,OPTSTK,UNITECH,35.0,PE,0.0,0.0,0.0,16.0,13.35,0,0.0,0
2014-11-10,2014-12-24,OPTSTK,UNITECH,37.5,PE,0.0,0.0,0.0,18.25,15.75,0,0.0,0
2014-11-10,2014-12-24,OPTSTK,UNITECH,40.0,PE,0.0,0.0,0.0,20.55,18.2,0,0.0,0
2014-11-10,2014-12-24,OPTSTK,UNITECH,42.5,PE,0.0,0.0,0.0,22.85,20.6,0,0.0,0
2014-11-10,2014-12-24,OPTSTK,UNITECH,45.0,PE,0.0,0.0,0.0,25.2,23.1,0,0.0,0
2014-11-10,2015-01-29,OPTSTK,UNITECH,5.0,CE,0.0,0.0,0.0,14.45,16.6,0,0.0,0
2014-11-10,2015-01-29,OPTSTK,UNITECH,7.5,CE,0.0,0.0,0.0,12.0,14.15,0,0.0,0
2014-11-10,2015-01-29,OPTSTK,UNITECH,10.0,CE,0.0,0.0,0.0,9.65,11.8,0,0.0,0
2014-11-10,2015-01-29,OPTSTK,UNITECH,12.5,CE,0.0,0.0,0.0,7.55,9.55,0,0.0,0
2014-11-10,2015-01-29,OPTSTK,UNITECH,15.0,CE,0.0,0.0,0.0,5.7,7.5,0,0.0,0
2014-11-10,2015-01-29,OPTSTK,UNITECH,17.5,CE,0.0,0.0,0.0,4.25,5.8,0,0.0,0
2014-11-10,2015-01-29,OPTSTK,UNITECH,20.0,CE,0.0,0.0,0.0,3.1,4.4,0,0.0,0
2014-11-10,2015-01-29,OPTSTK,UNITECH,22.5,CE,0.0,0.0,0.0,2.25,3.3,0,0.0,0
2014-11-10,2015-01-29,OPTSTK,UNITECH,25.0,CE,0.0,0.0,0.0,1.6,2.5,0,0.0,0
2014-11-10,2015-01-29,OPTSTK,UNITECH,27.5,CE,0.0,0.0,0.0,1.15,1.85,0,0.0,0
2014-11-10,2015-01-29,OPTSTK,UNITECH,30.0,CE,0.0,0.0,0.0,0.8,1.35,0,0.0,0
2014-11-10,2015-01-29,OPTSTK,UNITECH,32.5,CE,0.0,0.0,0.0,0.6,1.0,0,0.0,0
2014-11-10,2015-01-29,OPTSTK,UNITECH,35.0,CE,0.0,0.0,0.0,0.45,0.75,0,0.0,0
2014-11-10,2015-01-29,OPTSTK,UNITECH,37.5,CE,0.0,0.0,0.0,0.3,0.55,0,0.0,0
2014-11-10,2015-01-29,OPTSTK,UNITECH,40.0,CE,0.0,0.0,0.0,0.25,0.4,0,0.0,0
2014-11-10,2015-01-29,OPTSTK,UNITECH,42.5,CE,0.0,0.0,0.0,0.15,0.3,0,0.0,0
2014-11-10,2015-01-29,OPTSTK,UNITECH,45.0,CE,0.0,0.0,0.0,0.2,0.25,0,0.0,0
2014-11-10,2015-01-29,OPTSTK,UNITECH,5.0,PE,0.0,0.0,0.0,0.05,0.0,0,0.0,0
2014-11-10,2015-01-29,OPTSTK,UNITECH,7.5,PE,0.0,0.0,0.0,0.05,0.05,0,0.0,0
2014-11-10,2015-01-29,OPTSTK,UNITECH,10.0,PE,0.0,0.0,0.0,0.15,0.1,0,0.0,0
2014-11-10,2015-01-29,OPTSTK,UNITECH,12.5,PE,0.0,0.0,0.0,0.45,0.3,0,0.0,0
2014-11-10,2015-01-29,OPTSTK,UNITECH,15.0,PE,0.0,0.0,0.0,1.1,0.75,0,0.0,0
2014-11-10,2015-01-29,OPTSTK,UNITECH,17.5,PE,0.0,0.0,0.0,2.05,1.5,0,0.0,0
2014-11-10,2015-01-29,OPTSTK,UNITECH,20.0,PE,0.0,0.0,0.0,3.35,2.55,0,0.0,0
2014-11-10,2015-01-29,OPTSTK,UNITECH,22.5,PE,0.0,0.0,0.0,4.95,3.9,0,0.0,0
2014-11-10,2015-01-29,OPTSTK,UNITECH,25.0,PE,0.0,0.0,0.0,6.75,5.5,0,0.0,0
2014-11-10,2015-01-29,OPTSTK,UNITECH,27.5,PE,0.0,0.0,0.0,8.75,7.3,0,0.0,0
2014-11-10,2015-01-29,OPTSTK,UNITECH,30.0,PE,0.0,0.0,0.0,10.85,9.3,0,0.0,0
2014-11-10,2015-01-29,OPTSTK,UNITECH,32.5,PE,0.0,0.0,0.0,13.1,11.4,0,0.0,0
2014-11-10,2015-01-29,OPTSTK,UNITECH,35.0,PE,0.0,0.0,0.0,15.35,13.6,0,0.0,0
2014-11-10,2015-01-29,OPTSTK,UNITECH,37.5,PE,0.0,0.0,0.0,17.7,15.85,0,0.0,0
2014-11-10,2015-01-29,OPTSTK,UNITECH,40.0,PE,0.0,0.0,0.0,20.05,18.15,0,0.0,0
2014-11-10,2015-01-29,OPTSTK,UNITECH,42.5,PE,0.0,0.0,0.0,22.45,20.5,0,0.0,0
2014-11-10,2015-01-29,OPTSTK,UNITECH,45.0,PE,0.0,0.0,0.0,24.85,22.9,0,0.0,0
2014-11-10,2014-11-27,OPTSTK,UPL,230.0,CE,0.0,0.0,0.0,92.55,106.55,0,0.0,0
2014-11-10,2014-11-27,OPTSTK,UPL,240.0,CE,0.0,0.0,0.0,83.65,96.55,0,0.0,0
2014-11-10,2014-11-27,OPTSTK,UPL,250.0,CE,0.0,0.0,0.0,75.1,86.6,0,0.0,0
2014-11-10,2014-11-27,OPTSTK,UPL,260.0,CE,0.0,0.0,0.0,66.95,76.65,0,0.0,0
2014-11-10,2014-11-27,OPTSTK,UPL,270.0,CE,0.0,0.0,0.0,59.3,66.75,0,0.0,0
2014-11-10,2014-11-27,OPTSTK,UPL,280.0,CE,0.0,0.0,0.0,52.1,56.95,0,0.0,0
2014-11-10,2014-11-27,OPTSTK,UPL,290.0,CE,0.0,0.0,0.0,45.45,47.35,0,0.0,0
2014-11-10,2014-11-27,OPTSTK,UPL,300.0,CE,0.0,0.0,0.0,39.4,38.15,0,0.0,0
2014-11-10,2014-11-27,OPTSTK,UPL,310.0,CE,0.0,0.0,0.0,36.2,29.65,0,0.0,2000
2014-11-10,2014-11-27,OPTSTK,UPL,320.0,CE,0.0,0.0,0.0,29.0,22.15,0,0.0,0
2014-11-10,2014-11-27,OPTSTK,UPL,330.0,CE,13.65,15.7,12.6,14.2,14.2,17,58.44,18000
2014-11-10,2014-11-27,OPTSTK,UPL,340.0,CE,8.85,11.0,8.85,9.1,9.1,18,62.91,32000
2014-11-10,2014-11-27,OPTSTK,UPL,350.0,CE,5.3,6.95,4.9,5.6,5.6,45,160.07,91000
2014-11-10,2014-11-27,OPTSTK,UPL,360.0,CE,3.5,4.05,3.05,3.55,3.55,19,69.06,111000
2014-11-10,2014-11-27,OPTSTK,UPL,370.0,CE,2.0,2.3,1.8,2.3,2.3,7,26.04,37000
2014-11-10,2014-11-27,OPTSTK,UPL,380.0,CE,0.95,1.35,0.95,1.05,1.05,8,30.49,57000
2014-11-10,2014-11-27,OPTSTK,UPL,390.0,CE,0.0,0.0,0.0,1.6,0.75,0,0.0,1000
2014-11-10,2014-11-27,OPTSTK,UPL,400.0,CE,0.0,0.0,0.0,6.8,0.4,0,0.0,0
2014-11-10,2014-11-27,OPTSTK,UPL,410.0,CE,2.5,2.5,2.5,2.5,2.5,1,4.12,0
2014-11-10,2014-11-27,OPTSTK,UPL,420.0,CE,0.0,0.0,0.0,4.5,0.1,0,0.0,0
2014-11-10,2014-11-27,OPTSTK,UPL,430.0,CE,0.0,0.0,0.0,3.65,0.05,0,0.0,0
2014-11-10,2014-11-27,OPTSTK,UPL,440.0,CE,0.0,0.0,0.0,2.95,0.05,0,0.0,0
2014-11-10,2014-11-27,OPTSTK,UPL,450.0,CE,0.0,0.0,0.0,3.95,0.05,0,0.0,0
2014-11-10,2014-11-27,OPTSTK,UPL,230.0,PE,0.0,0.0,0.0,1.55,0.0,0,0.0,0
2014-11-10,2014-11-27,OPTSTK,UPL,240.0,PE,0.0,0.0,0.0,2.45,0.0,0,0.0,0
2014-11-10,2014-11-27,OPTSTK,UPL,250.0,PE,0.0,0.0,0.0,3.7,0.0,0,0.0,0
2014-11-10,2014-11-27,OPTSTK,UPL,260.0,PE,0.0,0.0,0.0,5.35,0.05,0,0.0,0
2014-11-10,2014-11-27,OPTSTK,UPL,270.0,PE,0.0,0.0,0.0,7.45,0.1,0,0.0,0
2014-11-10,2014-11-27,OPTSTK,UPL,280.0,PE,0.0,0.0,0.0,10.05,0.25,0,0.0,0
2014-11-10,2014-11-27,OPTSTK,UPL,290.0,PE,0.0,0.0,0.0,13.2,0.6,0,0.0,0
2014-11-10,2014-11-27,OPTSTK,UPL,300.0,PE,1.25,1.25,1.25,1.25,1.25,1,3.01,10000
2014-11-10,2014-11-27,OPTSTK,UPL,310.0,PE,2.3,2.3,1.9,1.9,1.9,3,9.36,6000
2014-11-10,2014-11-27,OPTSTK,UPL,320.0,PE,5.5,5.5,4.55,4.55,4.55,3,9.75,2000
2014-11-10,2014-11-27,OPTSTK,UPL,330.0,PE,7.75,9.3,7.25,7.65,7.65,28,94.7,21000
2014-11-10,2014-11-27,OPTSTK,UPL,340.0,PE,11.75,13.4,11.75,12.0,12.0,43,151.63,118000
2014-11-10,2014-11-27,OPTSTK,UPL,350.0,PE,0.0,0.0,0.0,20.35,19.95,0,0.0,8000
2014-11-10,2014-11-27,OPTSTK,UPL,360.0,PE,0.0,0.0,0.0,18.85,27.25,0,0.0,6000
2014-11-10,2014-11-27,OPTSTK,UPL,370.0,PE,0.0,0.0,0.0,58.2,35.45,0,0.0,0
2014-11-10,2014-11-27,OPTSTK,UPL,380.0,PE,0.0,0.0,0.0,36.4,44.3,0,0.0,1000
2014-11-10,2014-11-27,OPTSTK,UPL,390.0,PE,0.0,0.0,0.0,73.9,53.6,0,0.0,0
2014-11-10,2014-11-27,OPTSTK,UPL,400.0,PE,0.0,0.0,0.0,82.2,63.2,0,0.0,0
2014-11-10,2014-11-27,OPTSTK,UPL,410.0,PE,0.0,0.0,0.0,90.7,73.0,0,0.0,0
2014-11-10,2014-11-27,OPTSTK,UPL,420.0,PE,0.0,0.0,0.0,99.45,82.85,0,0.0,0
2014-11-10,2014-11-27,OPTSTK,UPL,430.0,PE,0.0,0.0,0.0,108.4,92.75,0,0.0,0
2014-11-10,2014-11-27,OPTSTK,UPL,440.0,PE,0.0,0.0,0.0,117.5,102.7,0,0.0,0
2014-11-10,2014-11-27,OPTSTK,UPL,450.0,PE,0.0,0.0,0.0,116.8,112.65,0,0.0,0
2014-11-10,2014-12-24,OPTSTK,UPL,230.0,CE,0.0,0.0,0.0,112.85,108.1,0,0.0,0
2014-11-10,2014-12-24,OPTSTK,UPL,240.0,CE,0.0,0.0,0.0,104.0,98.25,0,0.0,0
2014-11-10,2014-12-24,OPTSTK,UPL,250.0,CE,0.0,0.0,0.0,95.4,88.5,0,0.0,0
2014-11-10,2014-12-24,OPTSTK,UPL,260.0,CE,0.0,0.0,0.0,87.15,78.9,0,0.0,0
2014-11-10,2014-12-24,OPTSTK,UPL,270.0,CE,0.0,0.0,0.0,79.3,69.55,0,0.0,0
2014-11-10,2014-12-24,OPTSTK,UPL,280.0,CE,0.0,0.0,0.0,71.8,60.5,0,0.0,0
2014-11-10,2014-12-24,OPTSTK,UPL,290.0,CE,0.0,0.0,0.0,64.75,51.9,0,0.0,0
2014-11-10,2014-12-24,OPTSTK,UPL,300.0,CE,0.0,0.0,0.0,58.15,43.9,0,0.0,0
2014-11-10,2014-12-24,OPTSTK,UPL,310.0,CE,0.0,0.0,0.0,52.0,36.55,0,0.0,0
2014-11-10,2014-12-24,OPTSTK,UPL,320.0,CE,0.0,0.0,0.0,46.35,29.9,0,0.0,0
2014-11-10,2014-12-24,OPTSTK,UPL,330.0,CE,0.0,0.0,0.0,41.15,24.1,0,0.0,0
2014-11-10,2014-12-24,OPTSTK,UPL,340.0,CE,0.0,0.0,0.0,36.4,19.1,0,0.0,0
2014-11-10,2014-12-24,OPTSTK,UPL,350.0,CE,0.0,0.0,0.0,32.1,14.9,0,0.0,0
2014-11-10,2014-12-24,OPTSTK,UPL,360.0,CE,0.0,0.0,0.0,28.2,11.45,0,0.0,0
2014-11-10,2014-12-24,OPTSTK,UPL,370.0,CE,0.0,0.0,0.0,24.7,8.65,0,0.0,0
2014-11-10,2014-12-24,OPTSTK,UPL,380.0,CE,0.0,0.0,0.0,21.55,6.45,0,0.0,0
2014-11-10,2014-12-24,OPTSTK,UPL,390.0,CE,0.0,0.0,0.0,18.75,4.75,0,0.0,0
2014-11-10,2014-12-24,OPTSTK,UPL,400.0,CE,0.0,0.0,0.0,16.3,3.45,0,0.0,0
2014-11-10,2014-12-24,OPTSTK,UPL,410.0,CE,0.0,0.0,0.0,14.15,2.45,0,0.0,0
2014-11-10,2014-12-24,OPTSTK,UPL,420.0,CE,0.0,0.0,0.0,12.25,1.75,0,0.0,0
2014-11-10,2014-12-24,OPTSTK,UPL,430.0,CE,0.0,0.0,0.0,10.55,1.2,0,0.0,0
2014-11-10,2014-12-24,OPTSTK,UPL,440.0,CE,0.0,0.0,0.0,9.05,0.85,0,0.0,0
2014-11-10,2014-12-24,OPTSTK,UPL,450.0,CE,0.0,0.0,0.0,7.8,0.6,0,0.0,0
2014-11-10,2014-12-24,OPTSTK,UPL,230.0,PE,0.0,0.0,0.0,1.95,0.05,0,0.0,0
2014-11-10,2014-12-24,OPTSTK,UPL,240.0,PE,0.0,0.0,0.0,2.85,0.15,0,0.0,0
2014-11-10,2014-12-24,OPTSTK,UPL,250.0,PE,0.0,0.0,0.0,4.05,0.3,0,0.0,0
2014-11-10,2014-12-24,OPTSTK,UPL,260.0,PE,0.0,0.0,0.0,5.6,0.6,0,0.0,0
2014-11-10,2014-12-24,OPTSTK,UPL,270.0,PE,0.0,0.0,0.0,7.5,1.1,0,0.0,0
2014-11-10,2014-12-24,OPTSTK,UPL,280.0,PE,0.0,0.0,0.0,9.8,2.0,0,0.0,0
2014-11-10,2014-12-24,OPTSTK,UPL,290.0,PE,0.0,0.0,0.0,12.55,3.3,0,0.0,0
2014-11-10,2014-12-24,OPTSTK,UPL,300.0,PE,0.0,0.0,0.0,15.7,5.15,0,0.0,0
2014-11-10,2014-12-24,OPTSTK,UPL,310.0,PE,0.0,0.0,0.0,19.35,7.7,0,0.0,0
2014-11-10,2014-12-24,OPTSTK,UPL,320.0,PE,0.0,0.0,0.0,23.45,10.95,0,0.0,0
2014-11-10,2014-12-24,OPTSTK,UPL,330.0,PE,0.0,0.0,0.0,28.05,15.05,0,0.0,0
2014-11-10,2014-12-24,OPTSTK,UPL,340.0,PE,0.0,0.0,0.0,33.1,19.95,0,0.0,0
2014-11-10,2014-12-24,OPTSTK,UPL,350.0,PE,0.0,0.0,0.0,38.55,25.65,0,0.0,0
2014-11-10,2014-12-24,OPTSTK,UPL,360.0,PE,0.0,0.0,0.0,44.45,32.1,0,0.0,0
2014-11-10,2014-12-24,OPTSTK,UPL,370.0,PE,0.0,0.0,0.0,50.7,39.2,0,0.0,0
2014-11-10,2014-12-24,OPTSTK,UPL,380.0,PE,0.0,0.0,0.0,57.35,46.85,0,0.0,0
2014-11-10,2014-12-24,OPTSTK,UPL,390.0,PE,0.0,0.0,0.0,64.35,55.05,0,0.0,0
2014-11-10,2014-12-24,OPTSTK,UPL,400.0,PE,0.0,0.0,0.0,71.7,63.65,0,0.0,0
2014-11-10,2014-12-24,OPTSTK,UPL,410.0,PE,0.0,0.0,0.0,79.3,72.55,0,0.0,0
2014-11-10,2014-12-24,OPTSTK,UPL,420.0,PE,0.0,0.0,0.0,87.15,81.75,0,0.0,0
2014-11-10,2014-12-24,OPTSTK,UPL,430.0,PE,0.0,0.0,0.0,95.25,91.1,0,0.0,0
2014-11-10,2014-12-24,OPTSTK,UPL,440.0,PE,0.0,0.0,0.0,103.6,100.65,0,0.0,0
2014-11-10,2014-12-24,OPTSTK,UPL,450.0,PE,0.0,0.0,0.0,112.1,110.25,0,0.0,0
2014-11-10,2015-01-29,OPTSTK,UPL,230.0,CE,0.0,0.0,0.0,115.9,110.4,0,0.0,0
2014-11-10,2015-01-29,OPTSTK,UPL,240.0,CE,0.0,0.0,0.0,106.65,100.95,0,0.0,0
2014-11-10,2015-01-29,OPTSTK,UPL,250.0,CE,0.0,0.0,0.0,97.6,91.7,0,0.0,0
2014-11-10,2015-01-29,OPTSTK,UPL,260.0,CE,0.0,0.0,0.0,88.85,82.65,0,0.0,0
2014-11-10,2015-01-29,OPTSTK,UPL,270.0,CE,0.0,0.0,0.0,80.45,74.0,0,0.0,0
2014-11-10,2015-01-29,OPTSTK,UPL,280.0,CE,0.0,0.0,0.0,72.4,65.7,0,0.0,0
2014-11-10,2015-01-29,OPTSTK,UPL,290.0,CE,0.0,0.0,0.0,64.8,57.9,0,0.0,0
2014-11-10,2015-01-29,OPTSTK,UPL,300.0,CE,0.0,0.0,0.0,57.7,50.6,0,0.0,0
2014-11-10,2015-01-29,OPTSTK,UPL,310.0,CE,0.0,0.0,0.0,51.05,43.85,0,0.0,0
2014-11-10,2015-01-29,OPTSTK,UPL,320.0,CE,0.0,0.0,0.0,44.9,37.7,0,0.0,0
2014-11-10,2015-01-29,OPTSTK,UPL,330.0,CE,0.0,0.0,0.0,39.3,32.15,0,0.0,0
2014-11-10,2015-01-29,OPTSTK,UPL,340.0,CE,0.0,0.0,0.0,34.25,27.25,0,0.0,0
2014-11-10,2015-01-29,OPTSTK,UPL,350.0,CE,0.0,0.0,0.0,29.65,22.85,0,0.0,0
2014-11-10,2015-01-29,OPTSTK,UPL,360.0,CE,0.0,0.0,0.0,25.55,19.05,0,0.0,0
2014-11-10,2015-01-29,OPTSTK,UPL,370.0,CE,0.0,0.0,0.0,21.95,15.8,0,0.0,0
2014-11-10,2015-01-29,OPTSTK,UPL,380.0,CE,0.0,0.0,0.0,18.75,13.0,0,0.0,0
2014-11-10,2015-01-29,OPTSTK,UPL,390.0,CE,0.0,0.0,0.0,15.95,10.65,0,0.0,0
2014-11-10,2015-01-29,OPTSTK,UPL,400.0,CE,0.0,0.0,0.0,13.5,8.65,0,0.0,0
2014-11-10,2015-01-29,OPTSTK,UPL,410.0,CE,0.0,0.0,0.0,11.4,6.95,0,0.0,0
2014-11-10,2015-01-29,OPTSTK,UPL,420.0,CE,0.0,0.0,0.0,9.6,5.6,0,0.0,0
2014-11-10,2015-01-29,OPTSTK,UPL,430.0,CE,0.0,0.0,0.0,8.05,4.45,0,0.0,0
2014-11-10,2015-01-29,OPTSTK,UPL,440.0,CE,0.0,0.0,0.0,6.7,3.55,0,0.0,0
2014-11-10,2015-01-29,OPTSTK,UPL,450.0,CE,0.0,0.0,0.0,5.6,2.8,0,0.0,0
2014-11-10,2015-01-29,OPTSTK,UPL,230.0,PE,0.0,0.0,0.0,0.85,0.45,0,0.0,0
2014-11-10,2015-01-29,OPTSTK,UPL,240.0,PE,0.0,0.0,0.0,1.4,0.8,0,0.0,0
2014-11-10,2015-01-29,OPTSTK,UPL,250.0,PE,0.0,0.0,0.0,2.15,1.35,0,0.0,0
2014-11-10,2015-01-29,OPTSTK,UPL,260.0,PE,0.0,0.0,0.0,3.2,2.15,0,0.0,0
2014-11-10,2015-01-29,OPTSTK,UPL,270.0,PE,0.0,0.0,0.0,4.55,3.25,0,0.0,0
2014-11-10,2015-01-29,OPTSTK,UPL,280.0,PE,0.0,0.0,0.0,6.3,4.8,0,0.0,0
2014-11-10,2015-01-29,OPTSTK,UPL,290.0,PE,0.0,0.0,0.0,8.5,6.8,0,0.0,0
2014-11-10,2015-01-29,OPTSTK,UPL,300.0,PE,0.0,0.0,0.0,11.15,9.3,0,0.0,0
2014-11-10,2015-01-29,OPTSTK,UPL,310.0,PE,0.0,0.0,0.0,14.3,12.35,0,0.0,0
2014-11-10,2015-01-29,OPTSTK,UPL,320.0,PE,0.0,0.0,0.0,17.95,16.05,0,0.0,0
2014-11-10,2015-01-29,OPTSTK,UPL,330.0,PE,0.0,0.0,0.0,22.15,20.3,0,0.0,0
2014-11-10,2015-01-29,OPTSTK,UPL,340.0,PE,0.0,0.0,0.0,26.85,25.2,0,0.0,0
2014-11-10,2015-01-29,OPTSTK,UPL,350.0,PE,0.0,0.0,0.0,32.05,30.65,0,0.0,0
2014-11-10,2015-01-29,OPTSTK,UPL,360.0,PE,0.0,0.0,0.0,37.75,36.65,0,0.0,0
2014-11-10,2015-01-29,OPTSTK,UPL,370.0,PE,0.0,0.0,0.0,43.9,43.2,0,0.0,0
2014-11-10,2015-01-29,OPTSTK,UPL,380.0,PE,0.0,0.0,0.0,50.5,50.2,0,0.0,0
2014-11-10,2015-01-29,OPTSTK,UPL,390.0,PE,0.0,0.0,0.0,57.45,57.65,0,0.0,0
2014-11-10,2015-01-29,OPTSTK,UPL,400.0,PE,0.0,0.0,0.0,64.85,65.45,0,0.0,0
2014-11-10,2015-01-29,OPTSTK,UPL,410.0,PE,0.0,0.0,0.0,72.5,73.6,0,0.0,0
2014-11-10,2015-01-29,OPTSTK,UPL,420.0,PE,0.0,0.0,0.0,80.5,82.05,0,0.0,0
2014-11-10,2015-01-29,OPTSTK,UPL,430.0,PE,0.0,0.0,0.0,88.7,90.75,0,0.0,0
2014-11-10,2015-01-29,OPTSTK,UPL,440.0,PE,0.0,0.0,0.0,97.15,99.6,0,0.0,0
2014-11-10,2015-01-29,OPTSTK,UPL,450.0,PE,0.0,0.0,0.0,105.85,108.7,0,0.0,0
2014-11-10,2014-11-27,OPTSTK,VOLTAS,140.0,CE,0.0,0.0,0.0,108.45,119.4,0,0.0,0
2014-11-10,2014-11-27,OPTSTK,VOLTAS,150.0,CE,0.0,0.0,0.0,99.3,109.45,0,0.0,0
2014-11-10,2014-11-27,OPTSTK,VOLTAS,160.0,CE,0.0,0.0,0.0,90.4,99.5,0,0.0,0
2014-11-10,2014-11-27,OPTSTK,VOLTAS,170.0,CE,0.0,0.0,0.0,81.9,89.55,0,0.0,0
2014-11-10,2014-11-27,OPTSTK,VOLTAS,180.0,CE,0.0,0.0,0.0,73.8,79.6,0,0.0,0
2014-11-10,2014-11-27,OPTSTK,VOLTAS,190.0,CE,0.0,0.0,0.0,66.15,69.65,0,0.0,0
2014-11-10,2014-11-27,OPTSTK,VOLTAS,200.0,CE,0.0,0.0,0.0,48.0,59.75,0,0.0,2000
2014-11-10,2014-11-27,OPTSTK,VOLTAS,210.0,CE,0.0,0.0,0.0,52.35,50.05,0,0.0,0
2014-11-10,2014-11-27,OPTSTK,VOLTAS,220.0,CE,29.75,35.0,29.75,35.0,35.0,2,5.04,11000
2014-11-10,2014-11-27,OPTSTK,VOLTAS,230.0,CE,25.3,28.9,23.95,28.9,28.9,14,35.89,8000
2014-11-10,2014-11-27,OPTSTK,VOLTAS,240.0,CE,15.5,24.0,15.15,23.55,23.55,56,145.2,69000
2014-11-10,2014-11-27,OPTSTK,VOLTAS,250.0,CE,11.0,17.4,9.9,16.35,16.35,499,1316.43,224000
2014-11-10,2014-11-27,OPTSTK,VOLTAS,260.0,CE,7.35,12.0,6.3,10.95,10.95,894,2411.51,281000
2014-11-10,2014-11-27,OPTSTK,VOLTAS,270.0,CE,4.1,7.6,3.9,6.9,6.9,441,1217.96,181000
2014-11-10,2014-11-27,OPTSTK,VOLTAS,280.0,CE,2.75,4.75,2.5,4.15,4.15,255,723.91,107000
2014-11-10,2014-11-27,OPTSTK,VOLTAS,290.0,CE,1.7,2.8,1.45,2.5,2.5,119,347.63,61000
2014-11-10,2014-11-27,OPTSTK,VOLTAS,300.0,CE,1.05,1.65,1.05,1.5,1.5,37,111.5,56000
2014-11-10,2014-11-27,OPTSTK,VOLTAS,310.0,CE,0.0,0.0,0.0,13.05,0.95,0,0.0,0
2014-11-10,2014-11-27,OPTSTK,VOLTAS,320.0,CE,0.0,0.0,0.0,11.2,0.5,0,0.0,0
2014-11-10,2014-11-27,OPTSTK,VOLTAS,140.0,PE,0.0,0.0,0.0,0.85,0.0,0,0.0,0
2014-11-10,2014-11-27,OPTSTK,VOLTAS,150.0,PE,0.0,0.0,0.0,1.45,0.0,0,0.0,0
2014-11-10,2014-11-27,OPTSTK,VOLTAS,160.0,PE,0.0,0.0,0.0,2.35,0.0,0,0.0,0
2014-11-10,2014-11-27,OPTSTK,VOLTAS,170.0,PE,0.0,0.0,0.0,3.6,0.0,0,0.0,0
2014-11-10,2014-11-27,OPTSTK,VOLTAS,180.0,PE,0.0,0.0,0.0,5.3,0.05,0,0.0,0
2014-11-10,2014-11-27,OPTSTK,VOLTAS,190.0,PE,0.0,0.0,0.0,7.45,0.05,0,0.0,0
2014-11-10,2014-11-27,OPTSTK,VOLTAS,200.0,PE,0.0,0.0,0.0,0.5,0.15,0,0.0,12000
2014-11-10,2014-11-27,OPTSTK,VOLTAS,210.0,PE,1.1,1.2,0.4,0.4,0.4,13,27.41,40000
2014-11-10,2014-11-27,OPTSTK,VOLTAS,220.0,PE,2.35,2.35,0.75,0.85,0.85,35,77.57,85000
2014-11-10,2014-11-27,OPTSTK,VOLTAS,230.0,PE,4.4,4.55,1.3,1.8,1.8,155,361.04,91000
2014-11-10,2014-11-27,OPTSTK,VOLTAS,240.0,PE,7.2,7.95,3.0,3.4,3.4,238,584.0,135000
2014-11-10,2014-11-27,OPTSTK,VOLTAS,250.0,PE,11.5,12.8,5.85,6.3,6.3,502,1299.2,142000
2014-11-10,2014-11-27,OPTSTK,VOLTAS,260.0,PE,18.7,18.7,9.0,10.6,10.6,153,417.29,25000
2014-11-10,2014-11-27,OPTSTK,VOLTAS,270.0,PE,20.25,22.25,20.25,22.2,22.2,20,58.31,6000
2014-11-10,2014-11-27,OPTSTK,VOLTAS,280.0,PE,29.3,29.3,29.3,29.3,29.3,3,9.27,3000
2014-11-10,2014-11-27,OPTSTK,VOLTAS,290.0,PE,0.0,0.0,0.0,56.8,32.95,0,0.0,0
2014-11-10,2014-11-27,OPTSTK,VOLTAS,300.0,PE,0.0,0.0,0.0,64.15,41.65,0,0.0,0
2014-11-10,2014-11-27,OPTSTK,VOLTAS,310.0,PE,0.0,0.0,0.0,71.85,50.85,0,0.0,0
2014-11-10,2014-11-27,OPTSTK,VOLTAS,320.0,PE,0.0,0.0,0.0,79.75,60.4,0,0.0,0
2014-11-10,2014-12-24,OPTSTK,VOLTAS,140.0,CE,0.0,0.0,0.0,85.85,120.35,0,0.0,0
2014-11-10,2014-12-24,OPTSTK,VOLTAS,150.0,CE,0.0,0.0,0.0,76.9,110.45,0,0.0,0
2014-11-10,2014-12-24,OPTSTK,VOLTAS,160.0,CE,0.0,0.0,0.0,68.35,100.6,0,0.0,0
2014-11-10,2014-12-24,OPTSTK,VOLTAS,170.0,CE,0.0,0.0,0.0,60.3,90.8,0,0.0,0
2014-11-10,2014-12-24,OPTSTK,VOLTAS,180.0,CE,0.0,0.0,0.0,52.85,81.1,0,0.0,0
2014-11-10,2014-12-24,OPTSTK,VOLTAS,190.0,CE,0.0,0.0,0.0,45.95,71.6,0,0.0,0
2014-11-10,2014-12-24,OPTSTK,VOLTAS,200.0,CE,0.0,0.0,0.0,39.65,62.35,0,0.0,0
2014-11-10,2014-12-24,OPTSTK,VOLTAS,210.0,CE,0.0,0.0,0.0,34.0,53.6,0,0.0,0
2014-11-10,2014-12-24,OPTSTK,VOLTAS,220.0,CE,0.0,0.0,0.0,29.0,45.35,0,0.0,0
2014-11-10,2014-12-24,OPTSTK,VOLTAS,230.0,CE,0.0,0.0,0.0,24.6,37.85,0,0.0,0
2014-11-10,2014-12-24,OPTSTK,VOLTAS,240.0,CE,0.0,0.0,0.0,20.75,31.05,0,0.0,0
2014-11-10,2014-12-24,OPTSTK,VOLTAS,250.0,CE,0.0,0.0,0.0,17.4,25.1,0,0.0,0
2014-11-10,2014-12-24,OPTSTK,VOLTAS,260.0,CE,0.0,0.0,0.0,14.55,19.95,0,0.0,0
2014-11-10,2014-12-24,OPTSTK,VOLTAS,270.0,CE,0.0,0.0,0.0,12.15,15.65,0,0.0,0
2014-11-10,2014-12-24,OPTSTK,VOLTAS,280.0,CE,0.0,0.0,0.0,10.05,12.1,0,0.0,0
2014-11-10,2014-12-24,OPTSTK,VOLTAS,290.0,CE,0.0,0.0,0.0,8.35,9.2,0,0.0,0
2014-11-10,2014-12-24,OPTSTK,VOLTAS,300.0,CE,0.0,0.0,0.0,6.85,6.95,0,0.0,0
2014-11-10,2014-12-24,OPTSTK,VOLTAS,310.0,CE,0.0,0.0,0.0,5.65,5.15,0,0.0,0
2014-11-10,2014-12-24,OPTSTK,VOLTAS,320.0,CE,0.0,0.0,0.0,4.65,3.8,0,0.0,0
2014-11-10,2014-12-24,OPTSTK,VOLTAS,140.0,PE,0.0,0.0,0.0,1.15,0.0,0,0.0,0
2014-11-10,2014-12-24,OPTSTK,VOLTAS,150.0,PE,0.0,0.0,0.0,2.0,0.05,0,0.0,0
2014-11-10,2014-12-24,OPTSTK,VOLTAS,160.0,PE,0.0,0.0,0.0,3.25,0.05,0,0.0,0
2014-11-10,2014-12-24,OPTSTK,VOLTAS,170.0,PE,0.0,0.0,0.0,4.95,0.15,0,0.0,0
2014-11-10,2014-12-24,OPTSTK,VOLTAS,180.0,PE,0.0,0.0,0.0,7.25,0.35,0,0.0,0
2014-11-10,2014-12-24,OPTSTK,VOLTAS,190.0,PE,0.0,0.0,0.0,10.15,0.75,0,0.0,0
2014-11-10,2014-12-24,OPTSTK,VOLTAS,200.0,PE,0.0,0.0,0.0,13.65,1.45,0,0.0,0
2014-11-10,2014-12-24,OPTSTK,VOLTAS,210.0,PE,0.0,0.0,0.0,17.8,2.55,0,0.0,0
2014-11-10,2014-12-24,OPTSTK,VOLTAS,220.0,PE,5.0,5.5,3.65,5.5,5.5,5,11.23,8000
2014-11-10,2014-12-24,OPTSTK,VOLTAS,230.0,PE,0.0,0.0,0.0,27.95,6.55,0,0.0,0
2014-11-10,2014-12-24,OPTSTK,VOLTAS,240.0,PE,0.0,0.0,0.0,33.85,9.7,0,0.0,0
2014-11-10,2014-12-24,OPTSTK,VOLTAS,250.0,PE,0.0,0.0,0.0,40.3,13.6,0,0.0,0
2014-11-10,2014-12-24,OPTSTK,VOLTAS,260.0,PE,0.0,0.0,0.0,47.25,18.4,0,0.0,0
2014-11-10,2014-12-24,OPTSTK,VOLTAS,270.0,PE,0.0,0.0,0.0,54.6,23.95,0,0.0,0
2014-11-10,2014-12-24,OPTSTK,VOLTAS,280.0,PE,0.0,0.0,0.0,62.3,30.3,0,0.0,0
2014-11-10,2014-12-24,OPTSTK,VOLTAS,290.0,PE,0.0,0.0,0.0,70.35,37.35,0,0.0,0
2014-11-10,2014-12-24,OPTSTK,VOLTAS,300.0,PE,0.0,0.0,0.0,78.7,44.95,0,0.0,0
2014-11-10,2014-12-24,OPTSTK,VOLTAS,310.0,PE,0.0,0.0,0.0,87.25,53.1,0,0.0,0
2014-11-10,2014-12-24,OPTSTK,VOLTAS,320.0,PE,0.0,0.0,0.0,96.0,61.6,0,0.0,0
2014-11-10,2015-01-29,OPTSTK,VOLTAS,150.0,CE,0.0,0.0,0.0,101.0,111.9,0,0.0,0
2014-11-10,2015-01-29,OPTSTK,VOLTAS,160.0,CE,0.0,0.0,0.0,91.7,102.35,0,0.0,0
2014-11-10,2015-01-29,OPTSTK,VOLTAS,170.0,CE,0.0,0.0,0.0,82.75,92.95,0,0.0,0
2014-11-10,2015-01-29,OPTSTK,VOLTAS,180.0,CE,0.0,0.0,0.0,74.15,83.75,0,0.0,0
2014-11-10,2015-01-29,OPTSTK,VOLTAS,190.0,CE,0.0,0.0,0.0,65.95,74.95,0,0.0,0
2014-11-10,2015-01-29,OPTSTK,VOLTAS,200.0,CE,0.0,0.0,0.0,58.3,66.5,0,0.0,0
2014-11-10,2015-01-29,OPTSTK,VOLTAS,210.0,CE,0.0,0.0,0.0,51.15,58.55,0,0.0,0
2014-11-10,2015-01-29,OPTSTK,VOLTAS,220.0,CE,0.0,0.0,0.0,44.6,51.15,0,0.0,0
2014-11-10,2015-01-29,OPTSTK,VOLTAS,230.0,CE,0.0,0.0,0.0,38.6,44.35,0,0.0,0
2014-11-10,2015-01-29,OPTSTK,VOLTAS,240.0,CE,0.0,0.0,0.0,33.25,38.15,0,0.0,0
2014-11-10,2015-01-29,OPTSTK,VOLTAS,250.0,CE,0.0,0.0,0.0,28.5,32.55,0,0.0,0
2014-11-10,2015-01-29,OPTSTK,VOLTAS,260.0,CE,0.0,0.0,0.0,24.25,27.6,0,0.0,0
2014-11-10,2015-01-29,OPTSTK,VOLTAS,270.0,CE,0.0,0.0,0.0,20.55,23.25,0,0.0,0
2014-11-10,2015-01-29,OPTSTK,VOLTAS,280.0,CE,0.0,0.0,0.0,17.35,19.5,0,0.0,0
2014-11-10,2015-01-29,OPTSTK,VOLTAS,290.0,CE,0.0,0.0,0.0,14.6,16.2,0,0.0,0
2014-11-10,2015-01-29,OPTSTK,VOLTAS,300.0,CE,0.0,0.0,0.0,12.25,13.45,0,0.0,0
2014-11-10,2015-01-29,OPTSTK,VOLTAS,310.0,CE,0.0,0.0,0.0,10.2,11.1,0,0.0,0
2014-11-10,2015-01-29,OPTSTK,VOLTAS,320.0,CE,0.0,0.0,0.0,8.5,9.1,0,0.0,0
2014-11-10,2015-01-29,OPTSTK,VOLTAS,150.0,PE,0.0,0.0,0.0,0.65,0.25,0,0.0,0
2014-11-10,2015-01-29,OPTSTK,VOLTAS,160.0,PE,0.0,0.0,0.0,1.15,0.45,0,0.0,0
2014-11-10,2015-01-29,OPTSTK,VOLTAS,170.0,PE,0.0,0.0,0.0,2.0,0.85,0,0.0,0
2014-11-10,2015-01-29,OPTSTK,VOLTAS,180.0,PE,0.0,0.0,0.0,3.15,1.5,0,0.0,0
2014-11-10,2015-01-29,OPTSTK,VOLTAS,190.0,PE,0.0,0.0,0.0,4.75,2.5,0,0.0,0
2014-11-10,2015-01-29,OPTSTK,VOLTAS,200.0,PE,0.0,0.0,0.0,6.85,3.85,0,0.0,0
2014-11-10,2015-01-29,OPTSTK,VOLTAS,210.0,PE,0.0,0.0,0.0,9.5,5.75,0,0.0,0
2014-11-10,2015-01-29,OPTSTK,VOLTAS,220.0,PE,0.0,0.0,0.0,12.75,8.15,0,0.0,0
2014-11-10,2015-01-29,OPTSTK,VOLTAS,230.0,PE,0.0,0.0,0.0,16.55,11.15,0,0.0,0
2014-11-10,2015-01-29,OPTSTK,VOLTAS,240.0,PE,0.0,0.0,0.0,21.0,14.75,0,0.0,0
2014-11-10,2015-01-29,OPTSTK,VOLTAS,250.0,PE,0.0,0.0,0.0,26.0,19.0,0,0.0,0
2014-11-10,2015-01-29,OPTSTK,VOLTAS,260.0,PE,0.0,0.0,0.0,31.55,23.85,0,0.0,0
2014-11-10,2015-01-29,OPTSTK,VOLTAS,270.0,PE,0.0,0.0,0.0,37.65,29.3,0,0.0,0
2014-11-10,2015-01-29,OPTSTK,VOLTAS,280.0,PE,0.0,0.0,0.0,44.2,35.35,0,0.0,0
2014-11-10,2015-01-29,OPTSTK,VOLTAS,290.0,PE,0.0,0.0,0.0,51.25,41.9,0,0.0,0
2014-11-10,2015-01-29,OPTSTK,VOLTAS,300.0,PE,0.0,0.0,0.0,58.65,48.9,0,0.0,0
2014-11-10,2015-01-29,OPTSTK,VOLTAS,310.0,PE,0.0,0.0,0.0,66.4,56.35,0,0.0,0
2014-11-10,2015-01-29,OPTSTK,VOLTAS,320.0,PE,0.0,0.0,0.0,74.5,64.2,0,0.0,0
2014-11-10,2014-11-27,OPTSTK,WIPRO,380.0,CE,0.0,0.0,0.0,193.35,180.35,0,0.0,0
2014-11-10,2014-11-27,OPTSTK,WIPRO,390.0,CE,0.0,0.0,0.0,183.55,170.4,0,0.0,0
2014-11-10,2014-11-27,OPTSTK,WIPRO,400.0,CE,0.0,0.0,0.0,173.8,160.45,0,0.0,0
2014-11-10,2014-11-27,OPTSTK,WIPRO,410.0,CE,0.0,0.0,0.0,164.0,150.5,0,0.0,0
2014-11-10,2014-11-27,OPTSTK,WIPRO,420.0,CE,0.0,0.0,0.0,154.25,140.55,0,0.0,0
2014-11-10,2014-11-27,OPTSTK,WIPRO,430.0,CE,0.0,0.0,0.0,144.5,130.55,0,0.0,0
2014-11-10,2014-11-27,OPTSTK,WIPRO,440.0,CE,0.0,0.0,0.0,134.8,120.6,0,0.0,0
2014-11-10,2014-11-27,OPTSTK,WIPRO,450.0,CE,0.0,0.0,0.0,125.15,110.65,0,0.0,0
2014-11-10,2014-11-27,OPTSTK,WIPRO,460.0,CE,0.0,0.0,0.0,115.6,100.7,0,0.0,0
2014-11-10,2014-11-27,OPTSTK,WIPRO,470.0,CE,0.0,0.0,0.0,106.15,90.75,0,0.0,0
2014-11-10,2014-11-27,OPTSTK,WIPRO,480.0,CE,0.0,0.0,0.0,96.9,80.85,0,0.0,0
2014-11-10,2014-11-27,OPTSTK,WIPRO,490.0,CE,0.0,0.0,0.0,87.85,71.0,0,0.0,0
2014-11-10,2014-11-27,OPTSTK,WIPRO,500.0,CE,0.0,0.0,0.0,79.05,61.3,0,0.0,0
2014-11-10,2014-11-27,OPTSTK,WIPRO,510.0,CE,0.0,0.0,0.0,70.65,51.8,0,0.0,0
2014-11-10,2014-11-27,OPTSTK,WIPRO,520.0,CE,0.0,0.0,0.0,62.6,42.8,0,0.0,0
2014-11-10,2014-11-27,OPTSTK,WIPRO,530.0,CE,30.0,30.0,30.0,30.0,30.0,1,2.8,500
2014-11-10,2014-11-27,OPTSTK,WIPRO,540.0,CE,0.0,0.0,0.0,29.0,26.7,0,0.0,6000
2014-11-10,2014-11-27,OPTSTK,WIPRO,550.0,CE,16.9,19.2,15.25,18.35,18.35,28,79.46,18500
2014-11-10,2014-11-27,OPTSTK,WIPRO,560.0,CE,12.9,13.45,10.35,12.75,12.75,194,555.08,178000
2014-11-10,2014-11-27,OPTSTK,WIPRO,570.0,CE,9.15,9.4,7.0,8.55,8.55,126,364.3,191500
2014-11-10,2014-11-27,OPTSTK,WIPRO,580.0,CE,5.5,5.85,4.45,5.35,5.35,124,362.82,170000
2014-11-10,2014-11-27,OPTSTK,WIPRO,590.0,CE,3.5,3.7,2.5,3.15,3.15,123,364.72,158000
2014-11-10,2014-11-27,OPTSTK,WIPRO,600.0,CE,2.6,2.7,1.75,1.95,1.95,117,352.14,251000
2014-11-10,2014-11-27,OPTSTK,WIPRO,610.0,CE,1.4,1.4,1.15,1.15,1.15,4,12.22,13500
2014-11-10,2014-11-27,OPTSTK,WIPRO,620.0,CE,0.0,0.0,0.0,1.4,0.9,0,0.0,17000
2014-11-10,2014-11-27,OPTSTK,WIPRO,630.0,CE,0.0,0.0,0.0,10.75,0.5,0,0.0,1500
2014-11-10,2014-11-27,OPTSTK,WIPRO,640.0,CE,0.0,0.0,0.0,1.2,0.25,0,0.0,1500
2014-11-10,2014-11-27,OPTSTK,WIPRO,650.0,CE,0.0,0.0,0.0,6.5,0.15,0,0.0,19500
2014-11-10,2014-11-27,OPTSTK,WIPRO,660.0,CE,0.0,0.0,0.0,4.4,0.1,0,0.0,0
2014-11-10,2014-11-27,OPTSTK,WIPRO,670.0,CE,0.0,0.0,0.0,3.4,0.05,0,0.0,0
2014-11-10,2014-11-27,OPTSTK,WIPRO,680.0,CE,0.0,0.0,0.0,2.6,0.05,0,0.0,0
2014-11-10,2014-11-27,OPTSTK,WIPRO,690.0,CE,0.0,0.0,0.0,2.0,0.0,0,0.0,0
2014-11-10,2014-11-27,OPTSTK,WIPRO,700.0,CE,0.0,0.0,0.0,1.5,0.0,0,0.0,0
2014-11-10,2014-11-27,OPTSTK,WIPRO,710.0,CE,0.0,0.0,0.0,1.15,0.0,0,0.0,0
2014-11-10,2014-11-27,OPTSTK,WIPRO,720.0,CE,0.0,0.0,0.0,0.85,0.0,0,0.0,0
2014-11-10,2014-11-27,OPTSTK,WIPRO,380.0,PE,0.0,0.0,0.0,0.05,0.0,0,0.0,0
2014-11-10,2014-11-27,OPTSTK,WIPRO,390.0,PE,0.0,0.0,0.0,0.05,0.0,0,0.0,0
2014-11-10,2014-11-27,OPTSTK,WIPRO,400.0,PE,0.0,0.0,0.0,0.05,0.0,0,0.0,0
2014-11-10,2014-11-27,OPTSTK,WIPRO,410.0,PE,0.0,0.0,0.0,0.05,0.0,0,0.0,0
2014-11-10,2014-11-27,OPTSTK,WIPRO,420.0,PE,0.0,0.0,0.0,0.05,0.0,0,0.0,0
2014-11-10,2014-11-27,OPTSTK,WIPRO,430.0,PE,0.0,0.0,0.0,0.1,0.0,0,0.0,0
2014-11-10,2014-11-27,OPTSTK,WIPRO,440.0,PE,0.0,0.0,0.0,0.2,0.0,0,0.0,0
2014-11-10,2014-11-27,OPTSTK,WIPRO,450.0,PE,0.0,0.0,0.0,0.35,0.0,0,0.0,0
2014-11-10,2014-11-27,OPTSTK,WIPRO,460.0,PE,0.0,0.0,0.0,0.6,0.05,0,0.0,0
2014-11-10,2014-11-27,OPTSTK,WIPRO,470.0,PE,0.0,0.0,0.0,0.95,0.05,0,0.0,0
2014-11-10,2014-11-27,OPTSTK,WIPRO,480.0,PE,0.0,0.0,0.0,1.45,0.1,0,0.0,0
2014-11-10,2014-11-27,OPTSTK,WIPRO,490.0,PE,3.4,3.4,3.4,3.4,3.4,1,2.46,500
2014-11-10,2014-11-27,OPTSTK,WIPRO,500.0,PE,0.0,0.0,0.0,3.2,0.45,0,0.0,0
2014-11-10,2014-11-27,OPTSTK,WIPRO,510.0,PE,0.0,0.0,0.0,4.55,0.95,0,0.0,0
2014-11-10,2014-11-27,OPTSTK,WIPRO,520.0,PE,1.75,1.75,1.75,1.75,1.75,1,2.6,14500
2014-11-10,2014-11-27,OPTSTK,WIPRO,530.0,PE,3.0,3.5,2.55,2.75,2.75,13,34.64,24000
2014-11-10,2014-11-27,OPTSTK,WIPRO,540.0,PE,6.95,6.95,4.7,5.2,5.2,16,43.63,95500
2014-11-10,2014-11-27,OPTSTK,WIPRO,550.0,PE,8.6,9.95,7.3,7.75,7.75,109,304.44,80000
2014-11-10,2014-11-27,OPTSTK,WIPRO,560.0,PE,13.15,15.15,11.45,12.0,12.0,119,341.01,113500
2014-11-10,2014-11-27,OPTSTK,WIPRO,570.0,PE,20.25,20.25,17.25,17.25,17.25,7,20.6,69000
2014-11-10,2014-11-27,OPTSTK,WIPRO,580.0,PE,0.0,0.0,0.0,29.5,25.6,0,0.0,18000
2014-11-10,2014-11-27,OPTSTK,WIPRO,590.0,PE,36.1,36.1,36.1,36.1,36.1,1,3.13,3500
2014-11-10,2014-11-27,OPTSTK,WIPRO,600.0,PE,42.5,42.5,42.5,42.5,42.5,1,3.21,5000
2014-11-10,2014-11-27,OPTSTK,WIPRO,610.0,PE,0.0,0.0,0.0,45.8,50.3,0,0.0,0
2014-11-10,2014-11-27,OPTSTK,WIPRO,620.0,PE,0.0,0.0,0.0,28.85,59.6,0,0.0,500
2014-11-10,2014-11-27,OPTSTK,WIPRO,630.0,PE,0.0,0.0,0.0,60.45,69.15,0,0.0,0
2014-11-10,2014-11-27,OPTSTK,WIPRO,640.0,PE,0.0,0.0,0.0,68.35,78.9,0,0.0,0
2014-11-10,2014-11-27,OPTSTK,WIPRO,650.0,PE,0.0,0.0,0.0,76.6,88.75,0,0.0,0
2014-11-10,2014-11-27,OPTSTK,WIPRO,660.0,PE,0.0,0.0,0.0,85.15,98.6,0,0.0,0
2014-11-10,2014-11-27,OPTSTK,WIPRO,670.0,PE,0.0,0.0,0.0,93.95,108.55,0,0.0,0
2014-11-10,2014-11-27,OPTSTK,WIPRO,680.0,PE,0.0,0.0,0.0,102.9,118.5,0,0.0,0
2014-11-10,2014-11-27,OPTSTK,WIPRO,690.0,PE,0.0,0.0,0.0,112.1,128.45,0,0.0,0
2014-11-10,2014-11-27,OPTSTK,WIPRO,700.0,PE,0.0,0.0,0.0,121.4,138.4,0,0.0,0
2014-11-10,2014-11-27,OPTSTK,WIPRO,710.0,PE,0.0,0.0,0.0,130.8,148.35,0,0.0,0
2014-11-10,2014-11-27,OPTSTK,WIPRO,720.0,PE,0.0,0.0,0.0,140.3,158.35,0,0.0,0
2014-11-10,2014-12-24,OPTSTK,WIPRO,380.0,CE,0.0,0.0,0.0,210.85,182.85,0,0.0,0
2014-11-10,2014-12-24,OPTSTK,WIPRO,390.0,CE,0.0,0.0,0.0,201.1,172.95,0,0.0,0
2014-11-10,2014-12-24,OPTSTK,WIPRO,400.0,CE,0.0,0.0,0.0,191.3,163.05,0,0.0,0
2014-11-10,2014-12-24,OPTSTK,WIPRO,410.0,CE,0.0,0.0,0.0,181.55,153.15,0,0.0,0
2014-11-10,2014-12-24,OPTSTK,WIPRO,420.0,CE,0.0,0.0,0.0,171.8,143.3,0,0.0,0
2014-11-10,2014-12-24,OPTSTK,WIPRO,430.0,CE,0.0,0.0,0.0,162.05,133.4,0,0.0,0
2014-11-10,2014-12-24,OPTSTK,WIPRO,440.0,CE,0.0,0.0,0.0,152.4,123.6,0,0.0,0
2014-11-10,2014-12-24,OPTSTK,WIPRO,450.0,CE,0.0,0.0,0.0,142.75,113.8,0,0.0,0
2014-11-10,2014-12-24,OPTSTK,WIPRO,460.0,CE,0.0,0.0,0.0,133.2,104.1,0,0.0,0
2014-11-10,2014-12-24,OPTSTK,WIPRO,470.0,CE,0.0,0.0,0.0,123.75,94.5,0,0.0,0
2014-11-10,2014-12-24,OPTSTK,WIPRO,480.0,CE,0.0,0.0,0.0,114.4,85.1,0,0.0,0
2014-11-10,2014-12-24,OPTSTK,WIPRO,490.0,CE,0.0,0.0,0.0,105.25,75.9,0,0.0,0
2014-11-10,2014-12-24,OPTSTK,WIPRO,500.0,CE,0.0,0.0,0.0,96.35,67.05,0,0.0,0
2014-11-10,2014-12-24,OPTSTK,WIPRO,510.0,CE,0.0,0.0,0.0,87.65,58.6,0,0.0,0
2014-11-10,2014-12-24,OPTSTK,WIPRO,520.0,CE,0.0,0.0,0.0,79.3,50.6,0,0.0,0
2014-11-10,2014-12-24,OPTSTK,WIPRO,530.0,CE,0.0,0.0,0.0,71.35,43.2,0,0.0,0
2014-11-10,2014-12-24,OPTSTK,WIPRO,540.0,CE,0.0,0.0,0.0,27.7,36.4,0,0.0,5000
2014-11-10,2014-12-24,OPTSTK,WIPRO,550.0,CE,0.0,0.0,0.0,56.6,30.3,0,0.0,0
2014-11-10,2014-12-24,OPTSTK,WIPRO,560.0,CE,0.0,0.0,0.0,17.5,24.85,0,0.0,2000
2014-11-10,2014-12-24,OPTSTK,WIPRO,570.0,CE,0.0,0.0,0.0,43.7,20.1,0,0.0,0
2014-11-10,2014-12-24,OPTSTK,WIPRO,580.0,CE,0.0,0.0,0.0,16.5,16.05,0,0.0,1000
2014-11-10,2014-12-24,OPTSTK,WIPRO,590.0,CE,0.0,0.0,0.0,12.3,12.65,0,0.0,1000
2014-11-10,2014-12-24,OPTSTK,WIPRO,600.0,CE,0.0,0.0,0.0,28.15,9.8,0,0.0,0
2014-11-10,2014-12-24,OPTSTK,WIPRO,610.0,CE,0.0,0.0,0.0,24.0,7.55,0,0.0,0
2014-11-10,2014-12-24,OPTSTK,WIPRO,620.0,CE,0.0,0.0,0.0,20.3,5.7,0,0.0,0
2014-11-10,2014-12-24,OPTSTK,WIPRO,630.0,CE,0.0,0.0,0.0,17.05,4.25,0,0.0,0
2014-11-10,2014-12-24,OPTSTK,WIPRO,640.0,CE,0.0,0.0,0.0,14.25,3.15,0,0.0,0
2014-11-10,2014-12-24,OPTSTK,WIPRO,650.0,CE,0.0,0.0,0.0,11.85,2.3,0,0.0,0
2014-11-10,2014-12-24,OPTSTK,WIPRO,660.0,CE,0.0,0.0,0.0,9.75,1.65,0,0.0,0
2014-11-10,2014-12-24,OPTSTK,WIPRO,670.0,CE,0.0,0.0,0.0,8.0,1.15,0,0.0,0
2014-11-10,2014-12-24,OPTSTK,WIPRO,680.0,CE,0.0,0.0,0.0,6.5,0.8,0,0.0,0
2014-11-10,2014-12-24,OPTSTK,WIPRO,690.0,CE,0.0,0.0,0.0,5.25,0.55,0,0.0,0
2014-11-10,2014-12-24,OPTSTK,WIPRO,700.0,CE,0.0,0.0,0.0,4.2,0.4,0,0.0,0
2014-11-10,2014-12-24,OPTSTK,WIPRO,710.0,CE,0.0,0.0,0.0,3.4,0.3,0,0.0,0
2014-11-10,2014-12-24,OPTSTK,WIPRO,720.0,CE,0.0,0.0,0.0,2.7,0.2,0,0.0,0
2014-11-10,2014-12-24,OPTSTK,WIPRO,380.0,PE,0.0,0.0,0.0,0.05,0.0,0,0.0,0
2014-11-10,2014-12-24,OPTSTK,WIPRO,390.0,PE,0.0,0.0,0.0,0.05,0.0,0,0.0,0
2014-11-10,2014-12-24,OPTSTK,WIPRO,400.0,PE,0.0,0.0,0.0,0.05,0.0,0,0.0,0
2014-11-10,2014-12-24,OPTSTK,WIPRO,410.0,PE,0.0,0.0,0.0,0.05,0.05,0,0.0,0
2014-11-10,2014-12-24,OPTSTK,WIPRO,420.0,PE,0.0,0.0,0.0,0.1,0.05,0,0.0,0
2014-11-10,2014-12-24,OPTSTK,WIPRO,430.0,PE,0.0,0.0,0.0,0.15,0.05,0,0.0,0
2014-11-10,2014-12-24,OPTSTK,WIPRO,440.0,PE,0.0,0.0,0.0,0.25,0.15,0,0.0,0
2014-11-10,2014-12-24,OPTSTK,WIPRO,450.0,PE,0.0,0.0,0.0,0.4,0.25,0,0.0,0
2014-11-10,2014-12-24,OPTSTK,WIPRO,460.0,PE,0.0,0.0,0.0,0.6,0.4,0,0.0,0
2014-11-10,2014-12-24,OPTSTK,WIPRO,470.0,PE,0.0,0.0,0.0,0.95,0.7,0,0.0,0
2014-11-10,2014-12-24,OPTSTK,WIPRO,480.0,PE,0.0,0.0,0.0,1.4,1.2,0,0.0,0
2014-11-10,2014-12-24,OPTSTK,WIPRO,490.0,PE,0.0,0.0,0.0,2.05,1.9,0,0.0,0
2014-11-10,2014-12-24,OPTSTK,WIPRO,500.0,PE,0.0,0.0,0.0,2.9,2.95,0,0.0,0
2014-11-10,2014-12-24,OPTSTK,WIPRO,510.0,PE,0.0,0.0,0.0,4.0,4.4,0,0.0,0
2014-11-10,2014-12-24,OPTSTK,WIPRO,520.0,PE,0.0,0.0,0.0,5.45,6.35,0,0.0,0
2014-11-10,2014-12-24,OPTSTK,WIPRO,530.0,PE,0.0,0.0,0.0,7.2,8.8,0,0.0,0
2014-11-10,2014-12-24,OPTSTK,WIPRO,540.0,PE,0.0,0.0,0.0,9.4,11.9,0,0.0,0
2014-11-10,2014-12-24,OPTSTK,WIPRO,550.0,PE,12.0,12.0,12.0,12.0,12.0,2,5.62,2000
2014-11-10,2014-12-24,OPTSTK,WIPRO,560.0,PE,16.5,16.9,16.5,16.9,16.9,2,5.76,2000
2014-11-10,2014-12-24,OPTSTK,WIPRO,570.0,PE,0.0,0.0,0.0,19.45,25.3,0,0.0,1000
2014-11-10,2014-12-24,OPTSTK,WIPRO,580.0,PE,0.0,0.0,0.0,22.8,31.15,0,0.0,0
2014-11-10,2014-12-24,OPTSTK,WIPRO,590.0,PE,0.0,0.0,0.0,27.4,37.6,0,0.0,0
2014-11-10,2014-12-24,OPTSTK,WIPRO,600.0,PE,0.0,0.0,0.0,32.5,44.7,0,0.0,0
2014-11-10,2014-12-24,OPTSTK,WIPRO,610.0,PE,0.0,0.0,0.0,38.15,52.3,0,0.0,0
2014-11-10,2014-12-24,OPTSTK,WIPRO,620.0,PE,0.0,0.0,0.0,44.25,60.35,0,0.0,0
2014-11-10,2014-12-24,OPTSTK,WIPRO,630.0,PE,0.0,0.0,0.0,50.75,68.8,0,0.0,0
2014-11-10,2014-12-24,OPTSTK,WIPRO,640.0,PE,0.0,0.0,0.0,57.75,77.6,0,0.0,0
2014-11-10,2014-12-24,OPTSTK,WIPRO,650.0,PE,0.0,0.0,0.0,65.1,86.65,0,0.0,0
2014-11-10,2014-12-24,OPTSTK,WIPRO,660.0,PE,0.0,0.0,0.0,72.8,95.9,0,0.0,0
2014-11-10,2014-12-24,OPTSTK,WIPRO,670.0,PE,0.0,0.0,0.0,80.8,105.3,0,0.0,0
2014-11-10,2014-12-24,OPTSTK,WIPRO,680.0,PE,0.0,0.0,0.0,89.1,114.85,0,0.0,0
2014-11-10,2014-12-24,OPTSTK,WIPRO,690.0,PE,0.0,0.0,0.0,97.65,124.5,0,0.0,0
2014-11-10,2014-12-24,OPTSTK,WIPRO,700.0,PE,0.0,0.0,0.0,106.4,134.2,0,0.0,0
2014-11-10,2014-12-24,OPTSTK,WIPRO,710.0,PE,0.0,0.0,0.0,115.35,144.0,0,0.0,0
2014-11-10,2014-12-24,OPTSTK,WIPRO,720.0,PE,0.0,0.0,0.0,124.45,153.8,0,0.0,0
2014-11-10,2015-01-29,OPTSTK,WIPRO,380.0,CE,0.0,0.0,0.0,188.6,186.1,0,0.0,0
2014-11-10,2015-01-29,OPTSTK,WIPRO,390.0,CE,0.0,0.0,0.0,178.9,176.3,0,0.0,0
2014-11-10,2015-01-29,OPTSTK,WIPRO,400.0,CE,0.0,0.0,0.0,169.25,166.55,0,0.0,0
2014-11-10,2015-01-29,OPTSTK,WIPRO,410.0,CE,0.0,0.0,0.0,159.7,156.8,0,0.0,0
2014-11-10,2015-01-29,OPTSTK,WIPRO,420.0,CE,0.0,0.0,0.0,150.15,147.1,0,0.0,0
2014-11-10,2015-01-29,OPTSTK,WIPRO,430.0,CE,0.0,0.0,0.0,140.8,137.5,0,0.0,0
2014-11-10,2015-01-29,OPTSTK,WIPRO,440.0,CE,0.0,0.0,0.0,131.5,127.95,0,0.0,0
2014-11-10,2015-01-29,OPTSTK,WIPRO,450.0,CE,0.0,0.0,0.0,122.45,118.55,0,0.0,0
2014-11-10,2015-01-29,OPTSTK,WIPRO,460.0,CE,0.0,0.0,0.0,113.55,109.3,0,0.0,0
2014-11-10,2015-01-29,OPTSTK,WIPRO,470.0,CE,0.0,0.0,0.0,104.9,100.25,0,0.0,0
2014-11-10,2015-01-29,OPTSTK,WIPRO,480.0,CE,0.0,0.0,0.0,96.5,91.45,0,0.0,0
2014-11-10,2015-01-29,OPTSTK,WIPRO,490.0,CE,0.0,0.0,0.0,88.4,82.95,0,0.0,0
2014-11-10,2015-01-29,OPTSTK,WIPRO,500.0,CE,0.0,0.0,0.0,80.65,74.8,0,0.0,0
2014-11-10,2015-01-29,OPTSTK,WIPRO,510.0,CE,0.0,0.0,0.0,73.25,67.0,0,0.0,0
2014-11-10,2015-01-29,OPTSTK,WIPRO,520.0,CE,0.0,0.0,0.0,66.25,59.65,0,0.0,0
2014-11-10,2015-01-29,OPTSTK,WIPRO,530.0,CE,0.0,0.0,0.0,59.6,52.75,0,0.0,0
2014-11-10,2015-01-29,OPTSTK,WIPRO,540.0,CE,0.0,0.0,0.0,53.45,46.35,0,0.0,0
2014-11-10,2015-01-29,OPTSTK,WIPRO,550.0,CE,0.0,0.0,0.0,47.7,40.45,0,0.0,0
2014-11-10,2015-01-29,OPTSTK,WIPRO,560.0,CE,0.0,0.0,0.0,42.35,35.05,0,0.0,0
2014-11-10,2015-01-29,OPTSTK,WIPRO,570.0,CE,0.0,0.0,0.0,37.45,30.15,0,0.0,0
2014-11-10,2015-01-29,OPTSTK,WIPRO,580.0,CE,0.0,0.0,0.0,33.0,25.8,0,0.0,0
2014-11-10,2015-01-29,OPTSTK,WIPRO,590.0,CE,0.0,0.0,0.0,28.9,21.9,0,0.0,0
2014-11-10,2015-01-29,OPTSTK,WIPRO,600.0,CE,0.0,0.0,0.0,25.25,18.5,0,0.0,0
2014-11-10,2015-01-29,OPTSTK,WIPRO,610.0,CE,0.0,0.0,0.0,21.95,15.5,0,0.0,0
2014-11-10,2015-01-29,OPTSTK,WIPRO,620.0,CE,0.0,0.0,0.0,19.0,12.95,0,0.0,0
2014-11-10,2015-01-29,OPTSTK,WIPRO,630.0,CE,0.0,0.0,0.0,16.4,10.7,0,0.0,0
2014-11-10,2015-01-29,OPTSTK,WIPRO,640.0,CE,0.0,0.0,0.0,14.1,8.8,0,0.0,0
2014-11-10,2015-01-29,OPTSTK,WIPRO,650.0,CE,0.0,0.0,0.0,12.05,7.2,0,0.0,0
2014-11-10,2015-01-29,OPTSTK,WIPRO,660.0,CE,0.0,0.0,0.0,10.25,5.85,0,0.0,0
2014-11-10,2015-01-29,OPTSTK,WIPRO,670.0,CE,0.0,0.0,0.0,8.75,4.75,0,0.0,0
2014-11-10,2015-01-29,OPTSTK,WIPRO,680.0,CE,0.0,0.0,0.0,7.4,3.8,0,0.0,0
2014-11-10,2015-01-29,OPTSTK,WIPRO,690.0,CE,0.0,0.0,0.0,6.25,3.05,0,0.0,0
2014-11-10,2015-01-29,OPTSTK,WIPRO,700.0,CE,0.0,0.0,0.0,5.25,2.4,0,0.0,0
2014-11-10,2015-01-29,OPTSTK,WIPRO,710.0,CE,0.0,0.0,0.0,4.4,1.9,0,0.0,0
2014-11-10,2015-01-29,OPTSTK,WIPRO,720.0,CE,0.0,0.0,0.0,3.65,1.5,0,0.0,0
2014-11-10,2015-01-29,OPTSTK,WIPRO,380.0,PE,0.0,0.0,0.0,0.15,0.05,0,0.0,0
2014-11-10,2015-01-29,OPTSTK,WIPRO,390.0,PE,0.0,0.0,0.0,0.25,0.05,0,0.0,0
2014-11-10,2015-01-29,OPTSTK,WIPRO,400.0,PE,0.0,0.0,0.0,0.4,0.1,0,0.0,0
2014-11-10,2015-01-29,OPTSTK,WIPRO,410.0,PE,0.0,0.0,0.0,0.6,0.2,0,0.0,0
2014-11-10,2015-01-29,OPTSTK,WIPRO,420.0,PE,0.0,0.0,0.0,0.85,0.3,0,0.0,0
2014-11-10,2015-01-29,OPTSTK,WIPRO,430.0,PE,0.0,0.0,0.0,1.25,0.5,0,0.0,0
2014-11-10,2015-01-29,OPTSTK,WIPRO,440.0,PE,0.0,0.0,0.0,1.8,0.75,0,0.0,0
2014-11-10,2015-01-29,OPTSTK,WIPRO,450.0,PE,0.0,0.0,0.0,2.45,1.15,0,0.0,0
2014-11-10,2015-01-29,OPTSTK,WIPRO,460.0,PE,0.0,0.0,0.0,3.35,1.75,0,0.0,0
2014-11-10,2015-01-29,OPTSTK,WIPRO,470.0,PE,0.0,0.0,0.0,4.5,2.5,0,0.0,0
2014-11-10,2015-01-29,OPTSTK,WIPRO,480.0,PE,0.0,0.0,0.0,5.9,3.5,0,0.0,0
2014-11-10,2015-01-29,OPTSTK,WIPRO,490.0,PE,0.0,0.0,0.0,7.6,4.8,0,0.0,0
2014-11-10,2015-01-29,OPTSTK,WIPRO,500.0,PE,0.0,0.0,0.0,9.6,6.45,0,0.0,0
2014-11-10,2015-01-29,OPTSTK,WIPRO,510.0,PE,0.0,0.0,0.0,12.0,8.5,0,0.0,0
2014-11-10,2015-01-29,OPTSTK,WIPRO,520.0,PE,0.0,0.0,0.0,14.8,10.95,0,0.0,0
2014-11-10,2015-01-29,OPTSTK,WIPRO,530.0,PE,0.0,0.0,0.0,17.95,13.85,0,0.0,0
2014-11-10,2015-01-29,OPTSTK,WIPRO,540.0,PE,0.0,0.0,0.0,21.55,17.25,0,0.0,0
2014-11-10,2015-01-29,OPTSTK,WIPRO,550.0,PE,0.0,0.0,0.0,25.55,21.15,0,0.0,0
2014-11-10,2015-01-29,OPTSTK,WIPRO,560.0,PE,0.0,0.0,0.0,30.0,25.6,0,0.0,0
2014-11-10,2015-01-29,OPTSTK,WIPRO,570.0,PE,0.0,0.0,0.0,34.9,30.5,0,0.0,0
2014-11-10,2015-01-29,OPTSTK,WIPRO,580.0,PE,0.0,0.0,0.0,40.2,35.95,0,0.0,0
2014-11-10,2015-01-29,OPTSTK,WIPRO,590.0,PE,0.0,0.0,0.0,45.95,41.9,0,0.0,0
2014-11-10,2015-01-29,OPTSTK,WIPRO,600.0,PE,0.0,0.0,0.0,52.05,48.25,0,0.0,0
2014-11-10,2015-01-29,OPTSTK,WIPRO,610.0,PE,0.0,0.0,0.0,58.55,55.1,0,0.0,0
2014-11-10,2015-01-29,OPTSTK,WIPRO,620.0,PE,0.0,0.0,0.0,65.35,62.35,0,0.0,0
2014-11-10,2015-01-29,OPTSTK,WIPRO,630.0,PE,0.0,0.0,0.0,72.55,69.9,0,0.0,0
2014-11-10,2015-01-29,OPTSTK,WIPRO,640.0,PE,0.0,0.0,0.0,80.05,77.8,0,0.0,0
2014-11-10,2015-01-29,OPTSTK,WIPRO,650.0,PE,0.0,0.0,0.0,87.75,86.05,0,0.0,0
2014-11-10,2015-01-29,OPTSTK,WIPRO,660.0,PE,0.0,0.0,0.0,95.8,94.5,0,0.0,0
2014-11-10,2015-01-29,OPTSTK,WIPRO,670.0,PE,0.0,0.0,0.0,104.0,103.2,0,0.0,0
2014-11-10,2015-01-29,OPTSTK,WIPRO,680.0,PE,0.0,0.0,0.0,112.45,112.05,0,0.0,0
2014-11-10,2015-01-29,OPTSTK,WIPRO,690.0,PE,0.0,0.0,0.0,121.1,121.1,0,0.0,0
2014-11-10,2015-01-29,OPTSTK,WIPRO,700.0,PE,0.0,0.0,0.0,129.9,130.3,0,0.0,0
2014-11-10,2015-01-29,OPTSTK,WIPRO,710.0,PE,0.0,0.0,0.0,138.8,139.6,0,0.0,0
2014-11-10,2015-01-29,OPTSTK,WIPRO,720.0,PE,0.0,0.0,0.0,147.9,149.0,0,0.0,0
2014-11-10,2014-11-27,OPTSTK,YESBANK,400.0,CE,0.0,0.0,0.0,180.85,276.25,0,0.0,0
2014-11-10,2014-11-27,OPTSTK,YESBANK,420.0,CE,0.0,0.0,0.0,161.6,256.35,0,0.0,0
2014-11-10,2014-11-27,OPTSTK,YESBANK,440.0,CE,0.0,0.0,0.0,142.75,236.4,0,0.0,0
2014-11-10,2014-11-27,OPTSTK,YESBANK,460.0,CE,0.0,0.0,0.0,124.45,216.5,0,0.0,0
2014-11-10,2014-11-27,OPTSTK,YESBANK,480.0,CE,0.0,0.0,0.0,106.95,196.55,0,0.0,0
2014-11-10,2014-11-27,OPTSTK,YESBANK,500.0,CE,0.0,0.0,0.0,90.5,176.65,0,0.0,0
2014-11-10,2014-11-27,OPTSTK,YESBANK,520.0,CE,0.0,0.0,0.0,131.5,156.75,0,0.0,1000
2014-11-10,2014-11-27,OPTSTK,YESBANK,540.0,CE,0.0,0.0,0.0,56.55,136.85,0,0.0,2000
2014-11-10,2014-11-27,OPTSTK,YESBANK,560.0,CE,0.0,0.0,0.0,98.0,117.1,0,0.0,3000
2014-11-10,2014-11-27,OPTSTK,YESBANK,580.0,CE,0.0,0.0,0.0,87.5,97.7,0,0.0,7000
2014-11-10,2014-11-27,OPTSTK,YESBANK,600.0,CE,75.85,75.85,75.85,75.85,75.85,1,3.37,36000
2014-11-10,2014-11-27,OPTSTK,YESBANK,620.0,CE,63.7,63.7,57.85,57.85,57.85,4,13.6,45500
2014-11-10,2014-11-27,OPTSTK,YESBANK,640.0,CE,41.05,41.05,41.05,41.05,41.05,1,3.4,272000
2014-11-10,2014-11-27,OPTSTK,YESBANK,660.0,CE,32.0,34.95,27.0,30.7,30.7,44,151.87,116000
2014-11-10,2014-11-27,OPTSTK,YESBANK,680.0,CE,23.25,23.95,16.6,18.95,18.95,403,1409.75,212500
2014-11-10,2014-11-27,OPTSTK,YESBANK,700.0,CE,14.05,14.5,9.4,11.1,11.1,432,1536.82,382500
2014-11-10,2014-11-27,OPTSTK,YESBANK,720.0,CE,8.25,8.25,5.35,6.3,6.3,149,541.36,122000
2014-11-10,2014-11-27,OPTSTK,YESBANK,740.0,CE,4.05,4.2,2.65,3.3,3.3,44,163.58,88000
2014-11-10,2014-11-27,OPTSTK,YESBANK,760.0,CE,2.15,2.5,1.5,1.9,1.9,37,140.93,47000
2014-11-10,2014-11-27,OPTSTK,YESBANK,780.0,CE,1.1,1.1,0.9,0.9,0.9,2,7.81,15500
2014-11-10,2014-11-27,OPTSTK,YESBANK,800.0,CE,0.0,0.0,0.0,0.85,0.65,0,0.0,4500
2014-11-10,2014-11-27,OPTSTK,YESBANK,400.0,PE,0.0,0.0,0.0,0.3,0.0,0,0.0,0
2014-11-10,2014-11-27,OPTSTK,YESBANK,420.0,PE,0.0,0.0,0.0,0.65,0.0,0,0.0,0
2014-11-10,2014-11-27,OPTSTK,YESBANK,440.0,PE,0.0,0.0,0.0,1.35,0.0,0,0.0,0
2014-11-10,2014-11-27,OPTSTK,YESBANK,460.0,PE,0.0,0.0,0.0,2.65,0.0,0,0.0,0
2014-11-10,2014-11-27,OPTSTK,YESBANK,480.0,PE,0.0,0.0,0.0,4.7,0.0,0,0.0,0
2014-11-10,2014-11-27,OPTSTK,YESBANK,500.0,PE,0.0,0.0,0.0,7.8,0.0,0,0.0,0
2014-11-10,2014-11-27,OPTSTK,YESBANK,520.0,PE,0.0,0.0,0.0,12.25,0.05,0,0.0,0
2014-11-10,2014-11-27,OPTSTK,YESBANK,540.0,PE,0.5,0.5,0.5,0.5,0.5,1,2.7,15500
2014-11-10,2014-11-27,OPTSTK,YESBANK,560.0,PE,0.75,0.75,0.75,0.75,0.75,2,5.6,78500
2014-11-10,2014-11-27,OPTSTK,YESBANK,580.0,PE,1.45,1.6,1.3,1.3,1.3,8,23.25,69500
2014-11-10,2014-11-27,OPTSTK,YESBANK,600.0,PE,2.3,2.75,2.2,2.3,2.3,75,225.91,239000
2014-11-10,2014-11-27,OPTSTK,YESBANK,620.0,PE,3.8,4.65,3.8,3.95,3.95,75,234.06,204500
2014-11-10,2014-11-27,OPTSTK,YESBANK,640.0,PE,7.5,8.75,6.65,7.35,7.35,235,761.01,304000
2014-11-10,2014-11-27,OPTSTK,YESBANK,660.0,PE,12.1,15.1,11.75,12.75,12.75,249,838.18,214500
2014-11-10,2014-11-27,OPTSTK,YESBANK,680.0,PE,19.95,24.95,19.05,21.25,21.25,258,905.16,105000
2014-11-10,2014-11-27,OPTSTK,YESBANK,700.0,PE,31.75,36.95,31.75,36.95,36.95,7,25.69,14500
2014-11-10,2014-11-27,OPTSTK,YESBANK,720.0,PE,47.6,47.6,47.1,47.1,47.1,4,15.34,1500
2014-11-10,2014-11-27,OPTSTK,YESBANK,740.0,PE,0.0,0.0,0.0,155.7,67.15,0,0.0,0
2014-11-10,2014-11-27,OPTSTK,YESBANK,760.0,PE,0.0,0.0,0.0,174.25,84.9,0,0.0,0
2014-11-10,2014-11-27,OPTSTK,YESBANK,780.0,PE,0.0,0.0,0.0,193.05,103.55,0,0.0,0
2014-11-10,2014-11-27,OPTSTK,YESBANK,800.0,PE,0.0,0.0,0.0,212.1,122.85,0,0.0,0
2014-11-10,2014-12-24,OPTSTK,YESBANK,400.0,CE,0.0,0.0,0.0,156.0,278.85,0,0.0,0
2014-11-10,2014-12-24,OPTSTK,YESBANK,420.0,CE,0.0,0.0,0.0,138.55,259.05,0,0.0,0
2014-11-10,2014-12-24,OPTSTK,YESBANK,440.0,CE,0.0,0.0,0.0,121.95,239.3,0,0.0,0
2014-11-10,2014-12-24,OPTSTK,YESBANK,460.0,CE,0.0,0.0,0.0,106.4,219.55,0,0.0,0
2014-11-10,2014-12-24,OPTSTK,YESBANK,480.0,CE,0.0,0.0,0.0,92.0,199.85,0,0.0,0
2014-11-10,2014-12-24,OPTSTK,YESBANK,500.0,CE,0.0,0.0,0.0,78.85,180.25,0,0.0,0
2014-11-10,2014-12-24,OPTSTK,YESBANK,520.0,CE,0.0,0.0,0.0,66.95,160.85,0,0.0,0
2014-11-10,2014-12-24,OPTSTK,YESBANK,540.0,CE,0.0,0.0,0.0,56.4,141.85,0,0.0,0
2014-11-10,2014-12-24,OPTSTK,YESBANK,560.0,CE,0.0,0.0,0.0,47.15,123.4,0,0.0,0
2014-11-10,2014-12-24,OPTSTK,YESBANK,580.0,CE,0.0,0.0,0.0,39.05,105.8,0,0.0,0
2014-11-10,2014-12-24,OPTSTK,YESBANK,600.0,CE,0.0,0.0,0.0,32.15,89.25,0,0.0,0
2014-11-10,2014-12-24,OPTSTK,YESBANK,620.0,CE,0.0,0.0,0.0,26.25,74.0,0,0.0,0
2014-11-10,2014-12-24,OPTSTK,YESBANK,640.0,CE,0.0,0.0,0.0,21.35,60.25,0,0.0,0
2014-11-10,2014-12-24,OPTSTK,YESBANK,660.0,CE,0.0,0.0,0.0,45.0,48.2,0,0.0,2000
2014-11-10,2014-12-24,OPTSTK,YESBANK,680.0,CE,0.0,0.0,0.0,13.8,37.85,0,0.0,0
2014-11-10,2014-12-24,OPTSTK,YESBANK,700.0,CE,0.0,0.0,0.0,11.05,29.15,0,0.0,0
2014-11-10,2014-12-24,OPTSTK,YESBANK,720.0,CE,14.55,14.55,14.15,14.2,14.2,5,18.35,2500
2014-11-10,2014-12-24,OPTSTK,YESBANK,740.0,CE,0.0,0.0,0.0,6.95,16.45,0,0.0,0
2014-11-10,2014-12-24,OPTSTK,YESBANK,760.0,CE,0.0,0.0,0.0,5.45,12.0,0,0.0,0
2014-11-10,2014-12-24,OPTSTK,YESBANK,780.0,CE,0.0,0.0,0.0,4.3,8.65,0,0.0,0
2014-11-10,2014-12-24,OPTSTK,YESBANK,800.0,CE,0.0,0.0,0.0,8.2,6.1,0,0.0,0
2014-11-10,2014-12-24,OPTSTK,YESBANK,400.0,PE,0.0,0.0,0.0,3.35,0.0,0,0.0,0
2014-11-10,2014-12-24,OPTSTK,YESBANK,420.0,PE,0.0,0.0,0.0,5.5,0.0,0,0.0,0
2014-11-10,2014-12-24,OPTSTK,YESBANK,440.0,PE,0.0,0.0,0.0,8.5,0.05,0,0.0,0
2014-11-10,2014-12-24,OPTSTK,YESBANK,460.0,PE,0.0,0.0,0.0,12.5,0.05,0,0.0,0
2014-11-10,2014-12-24,OPTSTK,YESBANK,480.0,PE,0.0,0.0,0.0,17.65,0.15,0,0.0,0
2014-11-10,2014-12-24,OPTSTK,YESBANK,500.0,PE,0.0,0.0,0.0,24.05,0.35,0,0.0,0
2014-11-10,2014-12-24,OPTSTK,YESBANK,520.0,PE,0.0,0.0,0.0,31.75,0.75,0,0.0,0
2014-11-10,2014-12-24,OPTSTK,YESBANK,540.0,PE,0.0,0.0,0.0,40.75,1.55,0,0.0,0
2014-11-10,2014-12-24,OPTSTK,YESBANK,560.0,PE,0.0,0.0,0.0,51.0,2.9,0,0.0,0
2014-11-10,2014-12-24,OPTSTK,YESBANK,580.0,PE,0.0,0.0,0.0,62.5,5.05,0,0.0,0
2014-11-10,2014-12-24,OPTSTK,YESBANK,600.0,PE,0.0,0.0,0.0,75.15,8.3,0,0.0,0
2014-11-10,2014-12-24,OPTSTK,YESBANK,620.0,PE,0.0,0.0,0.0,88.85,12.85,0,0.0,0
2014-11-10,2014-12-24,OPTSTK,YESBANK,640.0,PE,0.0,0.0,0.0,103.5,18.9,0,0.0,0
2014-11-10,2014-12-24,OPTSTK,YESBANK,660.0,PE,0.0,0.0,0.0,118.95,26.65,0,0.0,0
2014-11-10,2014-12-24,OPTSTK,YESBANK,680.0,PE,0.0,0.0,0.0,135.1,36.05,0,0.0,0
2014-11-10,2014-12-24,OPTSTK,YESBANK,700.0,PE,0.0,0.0,0.0,151.85,47.2,0,0.0,0
2014-11-10,2014-12-24,OPTSTK,YESBANK,720.0,PE,0.0,0.0,0.0,169.15,59.85,0,0.0,0
2014-11-10,2014-12-24,OPTSTK,YESBANK,740.0,PE,0.0,0.0,0.0,186.9,74.05,0,0.0,0
2014-11-10,2014-12-24,OPTSTK,YESBANK,760.0,PE,0.0,0.0,0.0,205.0,89.4,0,0.0,0
2014-11-10,2014-12-24,OPTSTK,YESBANK,780.0,PE,0.0,0.0,0.0,223.35,105.8,0,0.0,0
2014-11-10,2014-12-24,OPTSTK,YESBANK,800.0,PE,0.0,0.0,0.0,217.85,123.1,0,0.0,0
2014-11-10,2015-01-29,OPTSTK,YESBANK,420.0,CE,0.0,0.0,0.0,252.15,262.75,0,0.0,0
2014-11-10,2015-01-29,OPTSTK,YESBANK,440.0,CE,0.0,0.0,0.0,233.0,243.25,0,0.0,0
2014-11-10,2015-01-29,OPTSTK,YESBANK,460.0,CE,0.0,0.0,0.0,214.1,223.95,0,0.0,0
2014-11-10,2015-01-29,OPTSTK,YESBANK,480.0,CE,0.0,0.0,0.0,195.55,204.8,0,0.0,0
2014-11-10,2015-01-29,OPTSTK,YESBANK,500.0,CE,0.0,0.0,0.0,177.55,186.0,0,0.0,0
2014-11-10,2015-01-29,OPTSTK,YESBANK,520.0,CE,0.0,0.0,0.0,160.1,167.65,0,0.0,0
2014-11-10,2015-01-29,OPTSTK,YESBANK,540.0,CE,0.0,0.0,0.0,143.4,149.9,0,0.0,0
2014-11-10,2015-01-29,OPTSTK,YESBANK,560.0,CE,0.0,0.0,0.0,127.6,132.9,0,0.0,0
2014-11-10,2015-01-29,OPTSTK,YESBANK,580.0,CE,0.0,0.0,0.0,112.75,116.8,0,0.0,0
2014-11-10,2015-01-29,OPTSTK,YESBANK,600.0,CE,0.0,0.0,0.0,98.9,101.75,0,0.0,0
2014-11-10,2015-01-29,OPTSTK,YESBANK,620.0,CE,0.0,0.0,0.0,86.1,87.75,0,0.0,0
2014-11-10,2015-01-29,OPTSTK,YESBANK,640.0,CE,0.0,0.0,0.0,74.5,75.05,0,0.0,0
2014-11-10,2015-01-29,OPTSTK,YESBANK,660.0,CE,0.0,0.0,0.0,64.05,63.6,0,0.0,0
2014-11-10,2015-01-29,OPTSTK,YESBANK,680.0,CE,0.0,0.0,0.0,54.7,53.4,0,0.0,0
2014-11-10,2015-01-29,OPTSTK,YESBANK,700.0,CE,0.0,0.0,0.0,46.4,44.45,0,0.0,0
2014-11-10,2015-01-29,OPTSTK,YESBANK,720.0,CE,0.0,0.0,0.0,39.15,36.7,0,0.0,0
2014-11-10,2015-01-29,OPTSTK,YESBANK,740.0,CE,0.0,0.0,0.0,32.85,30.05,0,0.0,0
2014-11-10,2015-01-29,OPTSTK,YESBANK,760.0,CE,0.0,0.0,0.0,27.4,24.4,0,0.0,0
2014-11-10,2015-01-29,OPTSTK,YESBANK,780.0,CE,0.0,0.0,0.0,22.75,19.7,0,0.0,0
2014-11-10,2015-01-29,OPTSTK,YESBANK,800.0,CE,0.0,0.0,0.0,18.8,15.75,0,0.0,0
2014-11-10,2015-01-29,OPTSTK,YESBANK,420.0,PE,0.0,0.0,0.0,0.5,0.15,0,0.0,0
2014-11-10,2015-01-29,OPTSTK,YESBANK,440.0,PE,0.0,0.0,0.0,0.9,0.3,0,0.0,0
2014-11-10,2015-01-29,OPTSTK,YESBANK,460.0,PE,0.0,0.0,0.0,1.55,0.55,0,0.0,0
2014-11-10,2015-01-29,OPTSTK,YESBANK,480.0,PE,0.0,0.0,0.0,2.6,1.05,0,0.0,0
2014-11-10,2015-01-29,OPTSTK,YESBANK,500.0,PE,0.0,0.0,0.0,4.15,1.9,0,0.0,0
2014-11-10,2015-01-29,OPTSTK,YESBANK,520.0,PE,0.0,0.0,0.0,6.3,3.15,0,0.0,0
2014-11-10,2015-01-29,OPTSTK,YESBANK,540.0,PE,0.0,0.0,0.0,9.15,5.0,0,0.0,0
2014-11-10,2015-01-29,OPTSTK,YESBANK,560.0,PE,0.0,0.0,0.0,12.9,7.65,0,0.0,0
2014-11-10,2015-01-29,OPTSTK,YESBANK,580.0,PE,0.0,0.0,0.0,17.6,11.15,0,0.0,0
2014-11-10,2015-01-29,OPTSTK,YESBANK,600.0,PE,0.0,0.0,0.0,23.35,15.7,0,0.0,0
2014-11-10,2015-01-29,OPTSTK,YESBANK,620.0,PE,0.0,0.0,0.0,30.15,21.35,0,0.0,0
2014-11-10,2015-01-29,OPTSTK,YESBANK,640.0,PE,0.0,0.0,0.0,38.1,28.3,0,0.0,0
2014-11-10,2015-01-29,OPTSTK,YESBANK,660.0,PE,0.0,0.0,0.0,47.2,36.45,0,0.0,0
2014-11-10,2015-01-29,OPTSTK,YESBANK,680.0,PE,0.0,0.0,0.0,57.4,45.9,0,0.0,0
2014-11-10,2015-01-29,OPTSTK,YESBANK,700.0,PE,0.0,0.0,0.0,68.7,56.55,0,0.0,0
2014-11-10,2015-01-29,OPTSTK,YESBANK,720.0,PE,0.0,0.0,0.0,81.0,68.4,0,0.0,0
2014-11-10,2015-01-29,OPTSTK,YESBANK,740.0,PE,0.0,0.0,0.0,94.25,81.35,0,0.0,0
2014-11-10,2015-01-29,OPTSTK,YESBANK,760.0,PE,0.0,0.0,0.0,108.4,95.35,0,0.0,0
2014-11-10,2015-01-29,OPTSTK,YESBANK,780.0,PE,0.0,0.0,0.0,123.35,110.3,0,0.0,0
2014-11-10,2015-01-29,OPTSTK,YESBANK,800.0,PE,0.0,0.0,0.0,138.9,125.95,0,0.0,0
2014-11-10,2014-11-27,OPTSTK,ZEEL,210.0,CE,0.0,0.0,0.0,68.65,159.4,0,0.0,0
2014-11-10,2014-11-27,OPTSTK,ZEEL,215.0,CE,0.0,0.0,0.0,64.0,154.4,0,0.0,0
2014-11-10,2014-11-27,OPTSTK,ZEEL,220.0,CE,0.0,0.0,0.0,59.4,149.45,0,0.0,0
2014-11-10,2014-11-27,OPTSTK,ZEEL,225.0,CE,0.0,0.0,0.0,54.9,144.45,0,0.0,0
2014-11-10,2014-11-27,OPTSTK,ZEEL,230.0,CE,0.0,0.0,0.0,50.55,139.5,0,0.0,0
2014-11-10,2014-11-27,OPTSTK,ZEEL,235.0,CE,0.0,0.0,0.0,46.3,134.5,0,0.0,0
2014-11-10,2014-11-27,OPTSTK,ZEEL,240.0,CE,0.0,0.0,0.0,42.25,129.5,0,0.0,0
2014-11-10,2014-11-27,OPTSTK,ZEEL,245.0,CE,0.0,0.0,0.0,38.35,124.55,0,0.0,0
2014-11-10,2014-11-27,OPTSTK,ZEEL,250.0,CE,0.0,0.0,0.0,34.6,119.55,0,0.0,0
2014-11-10,2014-11-27,OPTSTK,ZEEL,255.0,CE,0.0,0.0,0.0,31.1,114.6,0,0.0,0
2014-11-10,2014-11-27,OPTSTK,ZEEL,260.0,CE,0.0,0.0,0.0,27.8,109.6,0,0.0,0
2014-11-10,2014-11-27,OPTSTK,ZEEL,265.0,CE,0.0,0.0,0.0,24.7,104.6,0,0.0,0
2014-11-10,2014-11-27,OPTSTK,ZEEL,270.0,CE,0.0,0.0,0.0,21.85,99.65,0,0.0,0
2014-11-10,2014-11-27,OPTSTK,ZEEL,275.0,CE,0.0,0.0,0.0,19.25,94.65,0,0.0,0
2014-11-10,2014-11-27,OPTSTK,ZEEL,280.0,CE,0.0,0.0,0.0,16.85,89.7,0,0.0,0
2014-11-10,2014-11-27,OPTSTK,ZEEL,285.0,CE,0.0,0.0,0.0,14.7,84.7,0,0.0,0
2014-11-10,2014-11-27,OPTSTK,ZEEL,290.0,CE,0.0,0.0,0.0,12.75,79.75,0,0.0,0
2014-11-10,2014-11-27,OPTSTK,ZEEL,295.0,CE,0.0,0.0,0.0,11.0,74.8,0,0.0,0
2014-11-10,2014-11-27,OPTSTK,ZEEL,300.0,CE,0.0,0.0,0.0,9.45,69.85,0,0.0,0
2014-11-10,2014-11-27,OPTSTK,ZEEL,305.0,CE,0.0,0.0,0.0,8.05,64.9,0,0.0,0
2014-11-10,2014-11-27,OPTSTK,ZEEL,310.0,CE,0.0,0.0,0.0,6.85,60.0,0,0.0,0
2014-11-10,2014-11-27,OPTSTK,ZEEL,315.0,CE,0.0,0.0,0.0,29.0,55.2,0,0.0,1000
2014-11-10,2014-11-27,OPTSTK,ZEEL,320.0,CE,0.0,0.0,0.0,36.95,50.4,0,0.0,4000
2014-11-10,2014-11-27,OPTSTK,ZEEL,325.0,CE,0.0,0.0,0.0,4.1,45.75,0,0.0,0
2014-11-10,2014-11-27,OPTSTK,ZEEL,330.0,CE,0.0,0.0,0.0,24.1,41.2,0,0.0,2000
2014-11-10,2014-11-27,OPTSTK,ZEEL,335.0,CE,0.0,0.0,0.0,14.95,36.8,0,0.0,1000
2014-11-10,2014-11-27,OPTSTK,ZEEL,340.0,CE,32.75,32.75,28.7,28.7,28.7,2,7.41,34000
2014-11-10,2014-11-27,OPTSTK,ZEEL,345.0,CE,0.0,0.0,0.0,20.0,28.6,0,0.0,3000
2014-11-10,2014-11-27,OPTSTK,ZEEL,350.0,CE,25.35,27.0,23.3,25.5,25.5,7,26.29,38000
2014-11-10,2014-11-27,OPTSTK,ZEEL,355.0,CE,0.0,0.0,0.0,20.8,21.4,0,0.0,7000
2014-11-10,2014-11-27,OPTSTK,ZEEL,360.0,CE,18.95,19.8,13.5,16.15,16.15,19,71.55,37000
2014-11-10,2014-11-27,OPTSTK,ZEEL,365.0,CE,15.5,15.5,12.1,12.1,12.1,4,15.16,14000
2014-11-10,2014-11-27,OPTSTK,ZEEL,370.0,CE,12.0,13.7,8.95,11.05,11.05,94,358.92,57000
2014-11-10,2014-11-27,OPTSTK,ZEEL,375.0,CE,10.05,11.0,7.25,8.0,8.0,23,88.47,18000
2014-11-10,2014-11-27,OPTSTK,ZEEL,380.0,CE,8.6,9.05,5.75,7.4,7.4,57,220.89,59000
2014-11-10,2014-11-27,OPTSTK,ZEEL,385.0,CE,7.0,7.0,4.5,5.25,5.25,10,39.09,15000
2014-11-10,2014-11-27,OPTSTK,ZEEL,390.0,CE,5.5,5.5,3.3,4.2,4.2,36,142.02,41000
2014-11-10,2014-11-27,OPTSTK,ZEEL,395.0,CE,3.4,3.4,3.4,3.4,3.4,1,3.98,0
2014-11-10,2014-11-27,OPTSTK,ZEEL,400.0,CE,3.0,3.0,1.65,2.0,2.0,15,60.35,14000
2014-11-10,2014-11-27,OPTSTK,ZEEL,405.0,CE,0.0,0.0,0.0,1.8,2.6,0,0.0,0
2014-11-10,2014-11-27,OPTSTK,ZEEL,410.0,CE,0.0,0.0,0.0,1.95,2.0,0,0.0,0
2014-11-10,2014-11-27,OPTSTK,ZEEL,415.0,CE,0.0,0.0,0.0,1.65,1.5,0,0.0,0
2014-11-10,2014-11-27,OPTSTK,ZEEL,420.0,CE,0.0,0.0,0.0,1.4,1.1,0,0.0,0
2014-11-10,2014-11-27,OPTSTK,ZEEL,210.0,PE,0.0,0.0,0.0,0.5,0.0,0,0.0,0
2014-11-10,2014-11-27,OPTSTK,ZEEL,215.0,PE,0.0,0.0,0.0,0.75,0.0,0,0.0,0
2014-11-10,2014-11-27,OPTSTK,ZEEL,220.0,PE,0.0,0.0,0.0,1.05,0.0,0,0.0,0
2014-11-10,2014-11-27,OPTSTK,ZEEL,225.0,PE,0.0,0.0,0.0,1.45,0.0,0,0.0,0
2014-11-10,2014-11-27,OPTSTK,ZEEL,230.0,PE,0.0,0.0,0.0,1.95,0.0,0,0.0,0
2014-11-10,2014-11-27,OPTSTK,ZEEL,235.0,PE,0.0,0.0,0.0,2.6,0.0,0,0.0,0
2014-11-10,2014-11-27,OPTSTK,ZEEL,240.0,PE,0.0,0.0,0.0,3.45,0.0,0,0.0,0
2014-11-10,2014-11-27,OPTSTK,ZEEL,245.0,PE,0.0,0.0,0.0,4.4,0.0,0,0.0,0
2014-11-10,2014-11-27,OPTSTK,ZEEL,250.0,PE,0.0,0.0,0.0,5.6,0.0,0,0.0,0
2014-11-10,2014-11-27,OPTSTK,ZEEL,255.0,PE,0.0,0.0,0.0,7.0,0.0,0,0.0,0
2014-11-10,2014-11-27,OPTSTK,ZEEL,260.0,PE,0.0,0.0,0.0,1.0,0.0,0,0.0,1000
2014-11-10,2014-11-27,OPTSTK,ZEEL,265.0,PE,0.0,0.0,0.0,10.4,0.0,0,0.0,0
2014-11-10,2014-11-27,OPTSTK,ZEEL,270.0,PE,0.0,0.0,0.0,12.45,0.0,0,0.0,0
2014-11-10,2014-11-27,OPTSTK,ZEEL,275.0,PE,0.0,0.0,0.0,14.7,0.0,0,0.0,0
2014-11-10,2014-11-27,OPTSTK,ZEEL,280.0,PE,0.0,0.0,0.0,17.2,0.0,0,0.0,0
2014-11-10,2014-11-27,OPTSTK,ZEEL,285.0,PE,0.0,0.0,0.0,19.95,0.05,0,0.0,0
2014-11-10,2014-11-27,OPTSTK,ZEEL,290.0,PE,0.0,0.0,0.0,22.85,0.05,0,0.0,0
2014-11-10,2014-11-27,OPTSTK,ZEEL,295.0,PE,0.0,0.0,0.0,26.0,0.05,0,0.0,0
2014-11-10,2014-11-27,OPTSTK,ZEEL,300.0,PE,0.0,0.0,0.0,29.35,0.1,0,0.0,0
2014-11-10,2014-11-27,OPTSTK,ZEEL,305.0,PE,0.0,0.0,0.0,32.9,0.15,0,0.0,0
2014-11-10,2014-11-27,OPTSTK,ZEEL,310.0,PE,0.0,0.0,0.0,2.8,0.25,0,0.0,1000
2014-11-10,2014-11-27,OPTSTK,ZEEL,315.0,PE,0.0,0.0,0.0,40.4,0.4,0,0.0,0
2014-11-10,2014-11-27,OPTSTK,ZEEL,320.0,PE,0.0,0.0,0.0,0.4,0.6,0,0.0,28000
2014-11-10,2014-11-27,OPTSTK,ZEEL,325.0,PE,0.0,0.0,0.0,1.8,0.9,0,0.0,3000
2014-11-10,2014-11-27,OPTSTK,ZEEL,330.0,PE,0.75,1.1,0.65,0.9,0.9,6,19.85,27000
2014-11-10,2014-11-27,OPTSTK,ZEEL,335.0,PE,0.0,0.0,0.0,1.05,1.95,0,0.0,37000
2014-11-10,2014-11-27,OPTSTK,ZEEL,340.0,PE,1.8,2.1,1.3,1.55,1.55,78,266.53,83000
2014-11-10,2014-11-27,OPTSTK,ZEEL,345.0,PE,2.1,2.7,2.1,2.7,2.7,3,10.41,12000
2014-11-10,2014-11-27,OPTSTK,ZEEL,350.0,PE,3.0,4.1,2.8,3.3,3.3,50,176.65,58000
2014-11-10,2014-11-27,OPTSTK,ZEEL,355.0,PE,3.6,4.65,3.6,4.0,4.0,8,28.72,15000
2014-11-10,2014-11-27,OPTSTK,ZEEL,360.0,PE,4.6,7.55,4.6,6.2,6.2,70,256.25,58000
2014-11-10,2014-11-27,OPTSTK,ZEEL,365.0,PE,6.95,8.8,6.95,8.8,8.8,5,18.62,4000
2014-11-10,2014-11-27,OPTSTK,ZEEL,370.0,PE,9.05,12.65,8.3,10.15,10.15,68,258.71,23000
2014-11-10,2014-11-27,OPTSTK,ZEEL,375.0,PE,11.5,15.15,10.9,13.1,13.1,66,255.62,13000
2014-11-10,2014-11-27,OPTSTK,ZEEL,380.0,PE,0.0,0.0,0.0,89.05,18.55,0,0.0,0
2014-11-10,2014-11-27,OPTSTK,ZEEL,385.0,PE,20.95,20.95,20.95,20.95,20.95,1,4.05,1000
2014-11-10,2014-11-27,OPTSTK,ZEEL,390.0,PE,0.0,0.0,0.0,90.85,25.4,0,0.0,0
2014-11-10,2014-11-27,OPTSTK,ZEEL,395.0,PE,0.0,0.0,0.0,95.6,29.25,0,0.0,0
2014-11-10,2014-11-27,OPTSTK,ZEEL,400.0,PE,0.0,0.0,0.0,88.9,33.25,0,0.0,0
2014-11-10,2014-11-27,OPTSTK,ZEEL,405.0,PE,0.0,0.0,0.0,93.5,37.45,0,0.0,0
2014-11-10,2014-11-27,OPTSTK,ZEEL,410.0,PE,0.0,0.0,0.0,91.9,41.8,0,0.0,0
2014-11-10,2014-11-27,OPTSTK,ZEEL,415.0,PE,0.0,0.0,0.0,96.55,46.3,0,0.0,0
2014-11-10,2014-11-27,OPTSTK,ZEEL,420.0,PE,0.0,0.0,0.0,91.55,50.9,0,0.0,0
2014-11-10,2014-12-24,OPTSTK,ZEEL,210.0,CE,0.0,0.0,0.0,101.05,160.75,0,0.0,0
2014-11-10,2014-12-24,OPTSTK,ZEEL,215.0,CE,0.0,0.0,0.0,96.3,155.8,0,0.0,0
2014-11-10,2014-12-24,OPTSTK,ZEEL,220.0,CE,0.0,0.0,0.0,91.6,150.85,0,0.0,0
2014-11-10,2014-12-24,OPTSTK,ZEEL,225.0,CE,0.0,0.0,0.0,86.95,145.95,0,0.0,0
2014-11-10,2014-12-24,OPTSTK,ZEEL,230.0,CE,0.0,0.0,0.0,82.4,141.0,0,0.0,0
2014-11-10,2014-12-24,OPTSTK,ZEEL,235.0,CE,0.0,0.0,0.0,77.85,136.05,0,0.0,0
2014-11-10,2014-12-24,OPTSTK,ZEEL,240.0,CE,0.0,0.0,0.0,73.45,131.1,0,0.0,0
2014-11-10,2014-12-24,OPTSTK,ZEEL,245.0,CE,0.0,0.0,0.0,69.1,126.15,0,0.0,0
2014-11-10,2014-12-24,OPTSTK,ZEEL,250.0,CE,0.0,0.0,0.0,64.85,121.2,0,0.0,0
2014-11-10,2014-12-24,OPTSTK,ZEEL,255.0,CE,0.0,0.0,0.0,60.75,116.3,0,0.0,0
2014-11-10,2014-12-24,OPTSTK,ZEEL,260.0,CE,0.0,0.0,0.0,56.75,111.35,0,0.0,0
2014-11-10,2014-12-24,OPTSTK,ZEEL,265.0,CE,0.0,0.0,0.0,52.9,106.45,0,0.0,0
2014-11-10,2014-12-24,OPTSTK,ZEEL,270.0,CE,0.0,0.0,0.0,49.15,101.55,0,0.0,0
2014-11-10,2014-12-24,OPTSTK,ZEEL,275.0,CE,0.0,0.0,0.0,45.6,96.7,0,0.0,0
2014-11-10,2014-12-24,OPTSTK,ZEEL,280.0,CE,0.0,0.0,0.0,42.15,91.85,0,0.0,0
2014-11-10,2014-12-24,OPTSTK,ZEEL,285.0,CE,0.0,0.0,0.0,38.9,87.05,0,0.0,0
2014-11-10,2014-12-24,OPTSTK,ZEEL,290.0,CE,0.0,0.0,0.0,35.8,82.25,0,0.0,0
2014-11-10,2014-12-24,OPTSTK,ZEEL,295.0,CE,0.0,0.0,0.0,32.9,77.55,0,0.0,0
2014-11-10,2014-12-24,OPTSTK,ZEEL,300.0,CE,0.0,0.0,0.0,30.15,72.95,0,0.0,0
2014-11-10,2014-12-24,OPTSTK,ZEEL,305.0,CE,0.0,0.0,0.0,27.55,68.35,0,0.0,0
2014-11-10,2014-12-24,OPTSTK,ZEEL,310.0,CE,0.0,0.0,0.0,25.1,63.9,0,0.0,0
2014-11-10,2014-12-24,OPTSTK,ZEEL,315.0,CE,0.0,0.0,0.0,22.85,59.55,0,0.0,0
2014-11-10,2014-12-24,OPTSTK,ZEEL,320.0,CE,0.0,0.0,0.0,20.7,55.3,0,0.0,0
2014-11-10,2014-12-24,OPTSTK,ZEEL,325.0,CE,0.0,0.0,0.0,18.75,51.2,0,0.0,0
2014-11-10,2014-12-24,OPTSTK,ZEEL,330.0,CE,0.0,0.0,0.0,16.95,47.2,0,0.0,0
2014-11-10,2014-12-24,OPTSTK,ZEEL,335.0,CE,0.0,0.0,0.0,15.3,43.4,0,0.0,0
2014-11-10,2014-12-24,OPTSTK,ZEEL,340.0,CE,0.0,0.0,0.0,13.75,39.75,0,0.0,0
2014-11-10,2014-12-24,OPTSTK,ZEEL,345.0,CE,0.0,0.0,0.0,12.35,36.25,0,0.0,0
2014-11-10,2014-12-24,OPTSTK,ZEEL,350.0,CE,0.0,0.0,0.0,11.05,32.95,0,0.0,0
2014-11-10,2014-12-24,OPTSTK,ZEEL,355.0,CE,0.0,0.0,0.0,9.9,29.85,0,0.0,0
2014-11-10,2014-12-24,OPTSTK,ZEEL,360.0,CE,0.0,0.0,0.0,8.85,26.95,0,0.0,0
2014-11-10,2014-12-24,OPTSTK,ZEEL,365.0,CE,0.0,0.0,0.0,7.85,24.25,0,0.0,0
2014-11-10,2014-12-24,OPTSTK,ZEEL,370.0,CE,0.0,0.0,0.0,9.95,21.7,0,0.0,1000
2014-11-10,2014-12-24,OPTSTK,ZEEL,375.0,CE,0.0,0.0,0.0,6.2,19.4,0,0.0,0
2014-11-10,2014-12-24,OPTSTK,ZEEL,380.0,CE,0.0,0.0,0.0,5.5,17.25,0,0.0,0
2014-11-10,2014-12-24,OPTSTK,ZEEL,385.0,CE,0.0,0.0,0.0,4.9,15.25,0,0.0,0
2014-11-10,2014-12-24,OPTSTK,ZEEL,390.0,CE,0.0,0.0,0.0,4.3,13.5,0,0.0,0
2014-11-10,2014-12-24,OPTSTK,ZEEL,395.0,CE,0.0,0.0,0.0,3.8,11.85,0,0.0,0
2014-11-10,2014-12-24,OPTSTK,ZEEL,400.0,CE,0.0,0.0,0.0,3.35,10.4,0,0.0,0
2014-11-10,2014-12-24,OPTSTK,ZEEL,405.0,CE,0.0,0.0,0.0,2.95,9.1,0,0.0,0
2014-11-10,2014-12-24,OPTSTK,ZEEL,410.0,CE,0.0,0.0,0.0,3.25,7.9,0,0.0,0
2014-11-10,2014-12-24,OPTSTK,ZEEL,415.0,CE,0.0,0.0,0.0,2.85,6.85,0,0.0,0
2014-11-10,2014-12-24,OPTSTK,ZEEL,420.0,CE,0.0,0.0,0.0,3.7,5.95,0,0.0,0
2014-11-10,2014-12-24,OPTSTK,ZEEL,210.0,PE,0.0,0.0,0.0,0.4,0.0,0,0.0,0
2014-11-10,2014-12-24,OPTSTK,ZEEL,215.0,PE,0.0,0.0,0.0,0.55,0.0,0,0.0,0
2014-11-10,2014-12-24,OPTSTK,ZEEL,220.0,PE,0.0,0.0,0.0,0.7,0.0,0,0.0,0
2014-11-10,2014-12-24,OPTSTK,ZEEL,225.0,PE,0.0,0.0,0.0,0.95,0.0,0,0.0,0
2014-11-10,2014-12-24,OPTSTK,ZEEL,230.0,PE,0.0,0.0,0.0,1.25,0.0,0,0.0,0
2014-11-10,2014-12-24,OPTSTK,ZEEL,235.0,PE,0.0,0.0,0.0,1.65,0.05,0,0.0,0
2014-11-10,2014-12-24,OPTSTK,ZEEL,240.0,PE,0.0,0.0,0.0,2.1,0.05,0,0.0,0
2014-11-10,2014-12-24,OPTSTK,ZEEL,245.0,PE,0.0,0.0,0.0,2.65,0.05,0,0.0,0
2014-11-10,2014-12-24,OPTSTK,ZEEL,250.0,PE,0.0,0.0,0.0,3.3,0.05,0,0.0,0
2014-11-10,2014-12-24,OPTSTK,ZEEL,255.0,PE,0.0,0.0,0.0,4.1,0.05,0,0.0,0
2014-11-10,2014-12-24,OPTSTK,ZEEL,260.0,PE,0.0,0.0,0.0,4.95,0.1,0,0.0,0
2014-11-10,2014-12-24,OPTSTK,ZEEL,265.0,PE,0.0,0.0,0.0,6.0,0.15,0,0.0,0
2014-11-10,2014-12-24,OPTSTK,ZEEL,270.0,PE,0.0,0.0,0.0,7.2,0.2,0,0.0,0
2014-11-10,2014-12-24,OPTSTK,ZEEL,275.0,PE,0.0,0.0,0.0,8.5,0.25,0,0.0,0
2014-11-10,2014-12-24,OPTSTK,ZEEL,280.0,PE,0.0,0.0,0.0,9.95,0.35,0,0.0,0
2014-11-10,2014-12-24,OPTSTK,ZEEL,285.0,PE,0.0,0.0,0.0,11.6,0.5,0,0.0,0
2014-11-10,2014-12-24,OPTSTK,ZEEL,290.0,PE,0.0,0.0,0.0,13.4,0.7,0,0.0,0
2014-11-10,2014-12-24,OPTSTK,ZEEL,295.0,PE,0.0,0.0,0.0,15.35,0.95,0,0.0,0
2014-11-10,2014-12-24,OPTSTK,ZEEL,300.0,PE,0.0,0.0,0.0,17.5,1.25,0,0.0,0
2014-11-10,2014-12-24,OPTSTK,ZEEL,305.0,PE,0.0,0.0,0.0,19.8,1.6,0,0.0,0
2014-11-10,2014-12-24,OPTSTK,ZEEL,310.0,PE,0.0,0.0,0.0,22.25,2.1,0,0.0,0
2014-11-10,2014-12-24,OPTSTK,ZEEL,315.0,PE,0.0,0.0,0.0,24.85,2.7,0,0.0,0
2014-11-10,2014-12-24,OPTSTK,ZEEL,320.0,PE,0.0,0.0,0.0,27.65,3.4,0,0.0,0
2014-11-10,2014-12-24,OPTSTK,ZEEL,325.0,PE,0.0,0.0,0.0,30.55,4.25,0,0.0,0
2014-11-10,2014-12-24,OPTSTK,ZEEL,330.0,PE,0.0,0.0,0.0,33.65,5.2,0,0.0,0
2014-11-10,2014-12-24,OPTSTK,ZEEL,335.0,PE,0.0,0.0,0.0,36.85,6.35,0,0.0,0
2014-11-10,2014-12-24,OPTSTK,ZEEL,340.0,PE,0.0,0.0,0.0,40.25,7.65,0,0.0,0
2014-11-10,2014-12-24,OPTSTK,ZEEL,345.0,PE,0.0,0.0,0.0,43.7,9.1,0,0.0,0
2014-11-10,2014-12-24,OPTSTK,ZEEL,350.0,PE,0.0,0.0,0.0,47.35,10.75,0,0.0,0
2014-11-10,2014-12-24,OPTSTK,ZEEL,355.0,PE,0.0,0.0,0.0,51.05,12.6,0,0.0,0
2014-11-10,2014-12-24,OPTSTK,ZEEL,360.0,PE,0.0,0.0,0.0,54.9,14.65,0,0.0,0
2014-11-10,2014-12-24,OPTSTK,ZEEL,365.0,PE,0.0,0.0,0.0,58.8,16.85,0,0.0,0
2014-11-10,2014-12-24,OPTSTK,ZEEL,370.0,PE,0.0,0.0,0.0,62.85,19.3,0,0.0,0
2014-11-10,2014-12-24,OPTSTK,ZEEL,375.0,PE,0.0,0.0,0.0,66.95,21.9,0,0.0,0
2014-11-10,2014-12-24,OPTSTK,ZEEL,380.0,PE,0.0,0.0,0.0,71.15,24.7,0,0.0,0
2014-11-10,2014-12-24,OPTSTK,ZEEL,385.0,PE,0.0,0.0,0.0,75.4,27.7,0,0.0,0
2014-11-10,2014-12-24,OPTSTK,ZEEL,390.0,PE,0.0,0.0,0.0,79.7,30.85,0,0.0,0
2014-11-10,2014-12-24,OPTSTK,ZEEL,395.0,PE,0.0,0.0,0.0,84.1,34.15,0,0.0,0
2014-11-10,2014-12-24,OPTSTK,ZEEL,400.0,PE,0.0,0.0,0.0,88.55,37.65,0,0.0,0
2014-11-10,2014-12-24,OPTSTK,ZEEL,405.0,PE,0.0,0.0,0.0,93.0,41.3,0,0.0,0
2014-11-10,2014-12-24,OPTSTK,ZEEL,410.0,PE,0.0,0.0,0.0,90.65,45.1,0,0.0,0
2014-11-10,2014-12-24,OPTSTK,ZEEL,415.0,PE,0.0,0.0,0.0,95.2,48.95,0,0.0,0
2014-11-10,2014-12-24,OPTSTK,ZEEL,420.0,PE,0.0,0.0,0.0,91.1,53.0,0,0.0,0
2014-11-10,2015-01-29,OPTSTK,ZEEL,245.0,CE,0.0,0.0,0.0,108.15,128.45,0,0.0,0
2014-11-10,2015-01-29,OPTSTK,ZEEL,250.0,CE,0.0,0.0,0.0,103.45,123.6,0,0.0,0
2014-11-10,2015-01-29,OPTSTK,ZEEL,255.0,CE,0.0,0.0,0.0,98.75,118.8,0,0.0,0
2014-11-10,2015-01-29,OPTSTK,ZEEL,260.0,CE,0.0,0.0,0.0,94.15,114.05,0,0.0,0
2014-11-10,2015-01-29,OPTSTK,ZEEL,265.0,CE,0.0,0.0,0.0,89.6,109.3,0,0.0,0
2014-11-10,2015-01-29,OPTSTK,ZEEL,270.0,CE,0.0,0.0,0.0,85.1,104.65,0,0.0,0
2014-11-10,2015-01-29,OPTSTK,ZEEL,275.0,CE,0.0,0.0,0.0,80.65,100.0,0,0.0,0
2014-11-10,2015-01-29,OPTSTK,ZEEL,280.0,CE,0.0,0.0,0.0,76.3,95.4,0,0.0,0
2014-11-10,2015-01-29,OPTSTK,ZEEL,285.0,CE,0.0,0.0,0.0,72.1,90.9,0,0.0,0
2014-11-10,2015-01-29,OPTSTK,ZEEL,290.0,CE,0.0,0.0,0.0,67.95,86.45,0,0.0,0
2014-11-10,2015-01-29,OPTSTK,ZEEL,295.0,CE,0.0,0.0,0.0,63.9,82.05,0,0.0,0
2014-11-10,2015-01-29,OPTSTK,ZEEL,300.0,CE,0.0,0.0,0.0,60.0,77.8,0,0.0,0
2014-11-10,2015-01-29,OPTSTK,ZEEL,305.0,CE,0.0,0.0,0.0,56.2,73.6,0,0.0,0
2014-11-10,2015-01-29,OPTSTK,ZEEL,310.0,CE,0.0,0.0,0.0,52.55,69.5,0,0.0,0
2014-11-10,2015-01-29,OPTSTK,ZEEL,315.0,CE,0.0,0.0,0.0,49.05,65.55,0,0.0,0
2014-11-10,2015-01-29,OPTSTK,ZEEL,320.0,CE,0.0,0.0,0.0,45.65,61.65,0,0.0,0
2014-11-10,2015-01-29,OPTSTK,ZEEL,325.0,CE,0.0,0.0,0.0,42.4,57.9,0,0.0,0
2014-11-10,2015-01-29,OPTSTK,ZEEL,330.0,CE,0.0,0.0,0.0,39.35,54.3,0,0.0,0
2014-11-10,2015-01-29,OPTSTK,ZEEL,335.0,CE,0.0,0.0,0.0,36.4,50.85,0,0.0,0
2014-11-10,2015-01-29,OPTSTK,ZEEL,340.0,CE,0.0,0.0,0.0,33.6,47.45,0,0.0,0
2014-11-10,2015-01-29,OPTSTK,ZEEL,345.0,CE,0.0,0.0,0.0,31.0,44.25,0,0.0,0
2014-11-10,2015-01-29,OPTSTK,ZEEL,350.0,CE,0.0,0.0,0.0,28.5,41.2,0,0.0,0
2014-11-10,2015-01-29,OPTSTK,ZEEL,355.0,CE,0.0,0.0,0.0,26.15,38.25,0,0.0,0
2014-11-10,2015-01-29,OPTSTK,ZEEL,360.0,CE,0.0,0.0,0.0,23.95,35.5,0,0.0,0
2014-11-10,2015-01-29,OPTSTK,ZEEL,365.0,CE,0.0,0.0,0.0,21.9,32.85,0,0.0,0
2014-11-10,2015-01-29,OPTSTK,ZEEL,370.0,CE,0.0,0.0,0.0,20.0,30.35,0,0.0,0
2014-11-10,2015-01-29,OPTSTK,ZEEL,375.0,CE,0.0,0.0,0.0,18.25,28.0,0,0.0,0
2014-11-10,2015-01-29,OPTSTK,ZEEL,380.0,CE,0.0,0.0,0.0,16.6,25.75,0,0.0,0
2014-11-10,2015-01-29,OPTSTK,ZEEL,385.0,CE,0.0,0.0,0.0,15.05,23.7,0,0.0,0
2014-11-10,2015-01-29,OPTSTK,ZEEL,390.0,CE,0.0,0.0,0.0,13.65,21.75,0,0.0,0
2014-11-10,2015-01-29,OPTSTK,ZEEL,395.0,CE,0.0,0.0,0.0,12.35,19.9,0,0.0,0
2014-11-10,2015-01-29,OPTSTK,ZEEL,400.0,CE,0.0,0.0,0.0,11.15,18.2,0,0.0,0
2014-11-10,2015-01-29,OPTSTK,ZEEL,405.0,CE,0.0,0.0,0.0,10.1,16.65,0,0.0,0
2014-11-10,2015-01-29,OPTSTK,ZEEL,410.0,CE,0.0,0.0,0.0,9.05,15.15,0,0.0,0
2014-11-10,2015-01-29,OPTSTK,ZEEL,415.0,CE,0.0,0.0,0.0,8.15,13.8,0,0.0,0
2014-11-10,2015-01-29,OPTSTK,ZEEL,420.0,CE,0.0,0.0,0.0,7.3,12.55,0,0.0,0
2014-11-10,2015-01-29,OPTSTK,ZEEL,245.0,PE,0.0,0.0,0.0,0.55,0.25,0,0.0,0
2014-11-10,2015-01-29,OPTSTK,ZEEL,250.0,PE,0.0,0.0,0.0,0.7,0.35,0,0.0,0
2014-11-10,2015-01-29,OPTSTK,ZEEL,255.0,PE,0.0,0.0,0.0,0.9,0.45,0,0.0,0
2014-11-10,2015-01-29,OPTSTK,ZEEL,260.0,PE,0.0,0.0,0.0,1.2,0.6,0,0.0,0
2014-11-10,2015-01-29,OPTSTK,ZEEL,265.0,PE,0.0,0.0,0.0,1.5,0.75,0,0.0,0
2014-11-10,2015-01-29,OPTSTK,ZEEL,270.0,PE,0.0,0.0,0.0,1.9,0.95,0,0.0,0
2014-11-10,2015-01-29,OPTSTK,ZEEL,275.0,PE,0.0,0.0,0.0,2.35,1.25,0,0.0,0
2014-11-10,2015-01-29,OPTSTK,ZEEL,280.0,PE,0.0,0.0,0.0,2.95,1.55,0,0.0,0
2014-11-10,2015-01-29,OPTSTK,ZEEL,285.0,PE,0.0,0.0,0.0,3.6,1.95,0,0.0,0
2014-11-10,2015-01-29,OPTSTK,ZEEL,290.0,PE,0.0,0.0,0.0,4.35,2.4,0,0.0,0
2014-11-10,2015-01-29,OPTSTK,ZEEL,295.0,PE,0.0,0.0,0.0,5.2,2.95,0,0.0,0
2014-11-10,2015-01-29,OPTSTK,ZEEL,300.0,PE,0.0,0.0,0.0,6.15,3.55,0,0.0,0
2014-11-10,2015-01-29,OPTSTK,ZEEL,305.0,PE,0.0,0.0,0.0,7.3,4.25,0,0.0,0
2014-11-10,2015-01-29,OPTSTK,ZEEL,310.0,PE,0.0,0.0,0.0,8.5,5.1,0,0.0,0
2014-11-10,2015-01-29,OPTSTK,ZEEL,315.0,PE,0.0,0.0,0.0,9.9,6.0,0,0.0,0
2014-11-10,2015-01-29,OPTSTK,ZEEL,320.0,PE,0.0,0.0,0.0,11.4,7.05,0,0.0,0
2014-11-10,2015-01-29,OPTSTK,ZEEL,325.0,PE,0.0,0.0,0.0,13.05,8.2,0,0.0,0
2014-11-10,2015-01-29,OPTSTK,ZEEL,330.0,PE,0.0,0.0,0.0,14.85,9.5,0,0.0,0
2014-11-10,2015-01-29,OPTSTK,ZEEL,335.0,PE,0.0,0.0,0.0,16.8,10.95,0,0.0,0
2014-11-10,2015-01-29,OPTSTK,ZEEL,340.0,PE,0.0,0.0,0.0,18.95,12.45,0,0.0,0
2014-11-10,2015-01-29,OPTSTK,ZEEL,345.0,PE,0.0,0.0,0.0,21.2,14.15,0,0.0,0
2014-11-10,2015-01-29,OPTSTK,ZEEL,350.0,PE,0.0,0.0,0.0,23.6,16.0,0,0.0,0
2014-11-10,2015-01-29,OPTSTK,ZEEL,355.0,PE,0.0,0.0,0.0,26.15,18.0,0,0.0,0
2014-11-10,2015-01-29,OPTSTK,ZEEL,360.0,PE,0.0,0.0,0.0,28.85,20.1,0,0.0,0
2014-11-10,2015-01-29,OPTSTK,ZEEL,365.0,PE,0.0,0.0,0.0,31.7,22.4,0,0.0,0
2014-11-10,2015-01-29,OPTSTK,ZEEL,370.0,PE,0.0,0.0,0.0,34.7,24.8,0,0.0,0
2014-11-10,2015-01-29,OPTSTK,ZEEL,375.0,PE,0.0,0.0,0.0,37.8,27.35,0,0.0,0
2014-11-10,2015-01-29,OPTSTK,ZEEL,380.0,PE,0.0,0.0,0.0,41.05,30.0,0,0.0,0
2014-11-10,2015-01-29,OPTSTK,ZEEL,385.0,PE,0.0,0.0,0.0,44.4,32.85,0,0.0,0
2014-11-10,2015-01-29,OPTSTK,ZEEL,390.0,PE,0.0,0.0,0.0,47.9,35.8,0,0.0,0
2014-11-10,2015-01-29,OPTSTK,ZEEL,395.0,PE,0.0,0.0,0.0,51.45,38.85,0,0.0,0
2014-11-10,2015-01-29,OPTSTK,ZEEL,400.0,PE,0.0,0.0,0.0,55.2,42.1,0,0.0,0
2014-11-10,2015-01-29,OPTSTK,ZEEL,405.0,PE,0.0,0.0,0.0,59.0,45.4,0,0.0,0
2014-11-10,2015-01-29,OPTSTK,ZEEL,410.0,PE,0.0,0.0,0.0,62.85,48.85,0,0.0,0
2014-11-10,2015-01-29,OPTSTK,ZEEL,415.0,PE,0.0,0.0,0.0,66.85,52.4,0,0.0,0
2014-11-10,2015-01-29,OPTSTK,ZEEL,420.0,PE,0.0,0.0,0.0,70.9,56.05,0,0.0,0
