Ticker,Date,Time,Expiry Date,Open,High,Low,Close,Volume,Open Interest,Padding Flag
BANKNIFTY31JUL2548600PE.NFO,2025-05-12,09:15:00,2025-07-31,1930.0,1930.0,1930.0,1930.0,0,0,0
BANKNIFTY31JUL2548600PE.NFO,2025-05-12,09:16:00,2025-07-31,1930.0,1930.0,1930.0,1930.0,0,0,1
BANKNIFTY31JUL2548600PE.NFO,2025-05-12,09:17:00,2025-07-31,1930.0,1930.0,1930.0,1930.0,0,0,1
BANKNIFTY31JUL2548600PE.NFO,2025-05-12,09:18:00,2025-07-31,1930.0,1930.0,1930.0,1930.0,0,0,1
BANKNIFTY31JUL2548600PE.NFO,2025-05-12,09:19:00,2025-07-31,1930.0,1930.0,1930.0,1930.0,0,0,1
BANKNIFTY31JUL2548600PE.NFO,2025-05-12,09:20:00,2025-07-31,1930.0,1930.0,1930.0,1930.0,0,0,1
BANKNIFTY31JUL2548600PE.NFO,2025-05-12,09:21:00,2025-07-31,1930.0,1930.0,1930.0,1930.0,0,0,1
BANKNIFTY31JUL2548600PE.NFO,2025-05-12,09:22:00,2025-07-31,1930.0,1930.0,1930.0,1930.0,0,0,1
BANKNIFTY31JUL2548600PE.NFO,2025-05-12,09:23:00,2025-07-31,1930.0,1930.0,1930.0,1930.0,0,0,1
BANKNIFTY31JUL2548600PE.NFO,2025-05-12,09:24:00,2025-07-31,1930.0,1930.0,1930.0,1930.0,0,0,1
BANKNIFTY31JUL2548600PE.NFO,2025-05-12,09:25:00,2025-07-31,1930.0,1930.0,1930.0,1930.0,0,0,1
BANKNIFTY31JUL2548600PE.NFO,2025-05-12,09:26:00,2025-07-31,1930.0,1930.0,1930.0,1930.0,0,0,1
BANKNIFTY31JUL2548600PE.NFO,2025-05-12,09:27:00,2025-07-31,1930.0,1930.0,1930.0,1930.0,0,0,1
BANKNIFTY31JUL2548600PE.NFO,2025-05-12,09:28:00,2025-07-31,1930.0,1930.0,1930.0,1930.0,0,0,1
BANKNIFTY31JUL2548600PE.NFO,2025-05-12,09:29:00,2025-07-31,1930.0,1930.0,1930.0,1930.0,0,0,1
BANKNIFTY31JUL2548600PE.NFO,2025-05-12,09:30:00,2025-07-31,1930.0,1930.0,1930.0,1930.0,0,0,1
BANKNIFTY31JUL2548600PE.NFO,2025-05-12,09:31:00,2025-07-31,1930.0,1930.0,1930.0,1930.0,0,0,1
BANKNIFTY31JUL2548600PE.NFO,2025-05-12,09:32:00,2025-07-31,1930.0,1930.0,1930.0,1930.0,0,0,1
BANKNIFTY31JUL2548600PE.NFO,2025-05-12,09:33:00,2025-07-31,1930.0,1930.0,1930.0,1930.0,0,0,1
BANKNIFTY31JUL2548600PE.NFO,2025-05-12,09:34:00,2025-07-31,1930.0,1930.0,1930.0,1930.0,0,0,1
BANKNIFTY31JUL2548600PE.NFO,2025-05-12,09:35:00,2025-07-31,1930.0,1930.0,1930.0,1930.0,0,0,1
BANKNIFTY31JUL2548600PE.NFO,2025-05-12,09:36:00,2025-07-31,1930.0,1930.0,1930.0,1930.0,0,0,1
BANKNIFTY31JUL2548600PE.NFO,2025-05-12,09:37:00,2025-07-31,1930.0,1930.0,1930.0,1930.0,0,0,1
BANKNIFTY31JUL2548600PE.NFO,2025-05-12,09:38:00,2025-07-31,1930.0,1930.0,1930.0,1930.0,0,0,1
BANKNIFTY31JUL2548600PE.NFO,2025-05-12,09:39:00,2025-07-31,1930.0,1930.0,1930.0,1930.0,0,0,1
BANKNIFTY31JUL2548600PE.NFO,2025-05-12,09:40:00,2025-07-31,1930.0,1930.0,1930.0,1930.0,0,0,1
BANKNIFTY31JUL2548600PE.NFO,2025-05-12,09:41:00,2025-07-31,1930.0,1930.0,1930.0,1930.0,0,0,1
BANKNIFTY31JUL2548600PE.NFO,2025-05-12,09:42:00,2025-07-31,1930.0,1930.0,1930.0,1930.0,0,0,1
BANKNIFTY31JUL2548600PE.NFO,2025-05-12,09:43:00,2025-07-31,1930.0,1930.0,1930.0,1930.0,0,0,1
BANKNIFTY31JUL2548600PE.NFO,2025-05-12,09:44:00,2025-07-31,1930.0,1930.0,1930.0,1930.0,0,0,1
BANKNIFTY31JUL2548600PE.NFO,2025-05-12,09:45:00,2025-07-31,1930.0,1930.0,1930.0,1930.0,0,0,1
BANKNIFTY31JUL2548600PE.NFO,2025-05-12,09:46:00,2025-07-31,1930.0,1930.0,1930.0,1930.0,0,0,1
BANKNIFTY31JUL2548600PE.NFO,2025-05-12,09:47:00,2025-07-31,1930.0,1930.0,1930.0,1930.0,0,0,1
BANKNIFTY31JUL2548600PE.NFO,2025-05-12,09:48:00,2025-07-31,1930.0,1930.0,1930.0,1930.0,0,0,1
BANKNIFTY31JUL2548600PE.NFO,2025-05-12,09:49:00,2025-07-31,1930.0,1930.0,1930.0,1930.0,0,0,1
BANKNIFTY31JUL2548600PE.NFO,2025-05-12,09:50:00,2025-07-31,1930.0,1930.0,1930.0,1930.0,0,0,1
BANKNIFTY31JUL2548600PE.NFO,2025-05-12,09:51:00,2025-07-31,1930.0,1930.0,1930.0,1930.0,0,0,1
BANKNIFTY31JUL2548600PE.NFO,2025-05-12,09:52:00,2025-07-31,1930.0,1930.0,1930.0,1930.0,0,0,1
BANKNIFTY31JUL2548600PE.NFO,2025-05-12,09:53:00,2025-07-31,1930.0,1930.0,1930.0,1930.0,0,0,1
BANKNIFTY31JUL2548600PE.NFO,2025-05-12,09:54:00,2025-07-31,1930.0,1930.0,1930.0,1930.0,0,0,1
BANKNIFTY31JUL2548600PE.NFO,2025-05-12,09:55:00,2025-07-31,1930.0,1930.0,1930.0,1930.0,0,0,1
BANKNIFTY31JUL2548600PE.NFO,2025-05-12,09:56:00,2025-07-31,1930.0,1930.0,1930.0,1930.0,0,0,1
BANKNIFTY31JUL2548600PE.NFO,2025-05-12,09:57:00,2025-07-31,1930.0,1930.0,1930.0,1930.0,0,0,1
BANKNIFTY31JUL2548600PE.NFO,2025-05-12,09:58:00,2025-07-31,1930.0,1930.0,1930.0,1930.0,0,0,1
BANKNIFTY31JUL2548600PE.NFO,2025-05-12,09:59:00,2025-07-31,1930.0,1930.0,1930.0,1930.0,0,0,1
BANKNIFTY31JUL2548600PE.NFO,2025-05-12,10:00:00,2025-07-31,1930.0,1930.0,1930.0,1930.0,0,0,1
BANKNIFTY31JUL2548600PE.NFO,2025-05-12,10:01:00,2025-07-31,1930.0,1930.0,1930.0,1930.0,0,0,1
BANKNIFTY31JUL2548600PE.NFO,2025-05-12,10:02:00,2025-07-31,1930.0,1930.0,1930.0,1930.0,0,0,1
BANKNIFTY31JUL2548600PE.NFO,2025-05-12,10:03:00,2025-07-31,1930.0,1930.0,1930.0,1930.0,0,0,1
BANKNIFTY31JUL2548600PE.NFO,2025-05-12,10:04:00,2025-07-31,1930.0,1930.0,1930.0,1930.0,0,0,1
BANKNIFTY31JUL2548600PE.NFO,2025-05-12,10:05:00,2025-07-31,1930.0,1930.0,1930.0,1930.0,0,0,1
BANKNIFTY31JUL2548600PE.NFO,2025-05-12,10:06:00,2025-07-31,1930.0,1930.0,1930.0,1930.0,0,0,1
BANKNIFTY31JUL2548600PE.NFO,2025-05-12,10:07:00,2025-07-31,1930.0,1930.0,1930.0,1930.0,0,0,1
BANKNIFTY31JUL2548600PE.NFO,2025-05-12,10:08:00,2025-07-31,1930.0,1930.0,1930.0,1930.0,0,0,1
BANKNIFTY31JUL2548600PE.NFO,2025-05-12,10:09:00,2025-07-31,1930.0,1930.0,1930.0,1930.0,0,0,1
BANKNIFTY31JUL2548600PE.NFO,2025-05-12,10:10:00,2025-07-31,1930.0,1930.0,1930.0,1930.0,0,0,1
BANKNIFTY31JUL2548600PE.NFO,2025-05-12,10:11:00,2025-07-31,1930.0,1930.0,1930.0,1930.0,0,0,1
BANKNIFTY31JUL2548600PE.NFO,2025-05-12,10:12:00,2025-07-31,1930.0,1930.0,1930.0,1930.0,0,0,1
BANKNIFTY31JUL2548600PE.NFO,2025-05-12,10:13:00,2025-07-31,1930.0,1930.0,1930.0,1930.0,0,0,1
BANKNIFTY31JUL2548600PE.NFO,2025-05-12,10:14:00,2025-07-31,1930.0,1930.0,1930.0,1930.0,0,0,1
BANKNIFTY31JUL2548600PE.NFO,2025-05-12,10:15:00,2025-07-31,1930.0,1930.0,1930.0,1930.0,0,0,1
BANKNIFTY31JUL2548600PE.NFO,2025-05-12,10:16:00,2025-07-31,1930.0,1930.0,1930.0,1930.0,0,0,1
BANKNIFTY31JUL2548600PE.NFO,2025-05-12,10:17:00,2025-07-31,1930.0,1930.0,1930.0,1930.0,0,0,1
BANKNIFTY31JUL2548600PE.NFO,2025-05-12,10:18:00,2025-07-31,1930.0,1930.0,1930.0,1930.0,0,0,1
BANKNIFTY31JUL2548600PE.NFO,2025-05-12,10:19:00,2025-07-31,1930.0,1930.0,1930.0,1930.0,0,0,1
BANKNIFTY31JUL2548600PE.NFO,2025-05-12,10:20:00,2025-07-31,1930.0,1930.0,1930.0,1930.0,0,0,1
BANKNIFTY31JUL2548600PE.NFO,2025-05-12,10:21:00,2025-07-31,1930.0,1930.0,1930.0,1930.0,0,0,1
BANKNIFTY31JUL2548600PE.NFO,2025-05-12,10:22:00,2025-07-31,1930.0,1930.0,1930.0,1930.0,0,0,1
BANKNIFTY31JUL2548600PE.NFO,2025-05-12,10:23:00,2025-07-31,1930.0,1930.0,1930.0,1930.0,0,0,1
BANKNIFTY31JUL2548600PE.NFO,2025-05-12,10:24:00,2025-07-31,1930.0,1930.0,1930.0,1930.0,0,0,1
BANKNIFTY31JUL2548600PE.NFO,2025-05-12,10:25:00,2025-07-31,1930.0,1930.0,1930.0,1930.0,0,0,1
BANKNIFTY31JUL2548600PE.NFO,2025-05-12,10:26:00,2025-07-31,1930.0,1930.0,1930.0,1930.0,0,0,1
BANKNIFTY31JUL2548600PE.NFO,2025-05-12,10:27:00,2025-07-31,1930.0,1930.0,1930.0,1930.0,0,0,1
BANKNIFTY31JUL2548600PE.NFO,2025-05-12,10:28:00,2025-07-31,1930.0,1930.0,1930.0,1930.0,0,0,1
BANKNIFTY31JUL2548600PE.NFO,2025-05-12,10:29:00,2025-07-31,1930.0,1930.0,1930.0,1930.0,0,0,1
BANKNIFTY31JUL2548600PE.NFO,2025-05-12,10:30:00,2025-07-31,1930.0,1930.0,1930.0,1930.0,0,0,1
BANKNIFTY31JUL2548600PE.NFO,2025-05-12,10:31:00,2025-07-31,1930.0,1930.0,1930.0,1930.0,0,0,1
BANKNIFTY31JUL2548600PE.NFO,2025-05-12,10:32:00,2025-07-31,1930.0,1930.0,1930.0,1930.0,0,0,1
BANKNIFTY31JUL2548600PE.NFO,2025-05-12,10:33:00,2025-07-31,1930.0,1930.0,1930.0,1930.0,0,0,1
BANKNIFTY31JUL2548600PE.NFO,2025-05-12,10:34:00,2025-07-31,1930.0,1930.0,1930.0,1930.0,0,0,1
BANKNIFTY31JUL2548600PE.NFO,2025-05-12,10:35:00,2025-07-31,1930.0,1930.0,1930.0,1930.0,0,0,1
BANKNIFTY31JUL2548600PE.NFO,2025-05-12,10:36:00,2025-07-31,1930.0,1930.0,1930.0,1930.0,0,0,1
BANKNIFTY31JUL2548600PE.NFO,2025-05-12,10:37:00,2025-07-31,1930.0,1930.0,1930.0,1930.0,0,0,1
BANKNIFTY31JUL2548600PE.NFO,2025-05-12,10:38:00,2025-07-31,1930.0,1930.0,1930.0,1930.0,0,0,1
BANKNIFTY31JUL2548600PE.NFO,2025-05-12,10:39:00,2025-07-31,1930.0,1930.0,1930.0,1930.0,0,0,1
BANKNIFTY31JUL2548600PE.NFO,2025-05-12,10:40:00,2025-07-31,1930.0,1930.0,1930.0,1930.0,0,0,1
BANKNIFTY31JUL2548600PE.NFO,2025-05-12,10:41:00,2025-07-31,1930.0,1930.0,1930.0,1930.0,0,0,1
BANKNIFTY31JUL2548600PE.NFO,2025-05-12,10:42:00,2025-07-31,1930.0,1930.0,1930.0,1930.0,0,0,1
BANKNIFTY31JUL2548600PE.NFO,2025-05-12,10:43:00,2025-07-31,1930.0,1930.0,1930.0,1930.0,0,0,1
BANKNIFTY31JUL2548600PE.NFO,2025-05-12,10:44:00,2025-07-31,1930.0,1930.0,1930.0,1930.0,0,0,1
BANKNIFTY31JUL2548600PE.NFO,2025-05-12,10:45:00,2025-07-31,1930.0,1930.0,1930.0,1930.0,0,0,1
BANKNIFTY31JUL2548600PE.NFO,2025-05-12,10:46:00,2025-07-31,1930.0,1930.0,1930.0,1930.0,0,0,1
BANKNIFTY31JUL2548600PE.NFO,2025-05-12,10:47:00,2025-07-31,1930.0,1930.0,1930.0,1930.0,0,0,1
BANKNIFTY31JUL2548600PE.NFO,2025-05-12,10:48:00,2025-07-31,1930.0,1930.0,1930.0,1930.0,0,0,1
BANKNIFTY31JUL2548600PE.NFO,2025-05-12,10:49:00,2025-07-31,1930.0,1930.0,1930.0,1930.0,0,0,1
BANKNIFTY31JUL2548600PE.NFO,2025-05-12,10:50:00,2025-07-31,1930.0,1930.0,1930.0,1930.0,0,0,1
BANKNIFTY31JUL2548600PE.NFO,2025-05-12,10:51:00,2025-07-31,1930.0,1930.0,1930.0,1930.0,0,0,1
BANKNIFTY31JUL2548600PE.NFO,2025-05-12,10:52:00,2025-07-31,1930.0,1930.0,1930.0,1930.0,0,0,1
BANKNIFTY31JUL2548600PE.NFO,2025-05-12,10:53:00,2025-07-31,1930.0,1930.0,1930.0,1930.0,0,0,1
BANKNIFTY31JUL2548600PE.NFO,2025-05-12,10:54:00,2025-07-31,1930.0,1930.0,1930.0,1930.0,0,0,1
BANKNIFTY31JUL2548600PE.NFO,2025-05-12,10:55:00,2025-07-31,1930.0,1930.0,1930.0,1930.0,0,0,1
BANKNIFTY31JUL2548600PE.NFO,2025-05-12,10:56:00,2025-07-31,1930.0,1930.0,1930.0,1930.0,0,0,1
BANKNIFTY31JUL2548600PE.NFO,2025-05-12,10:57:00,2025-07-31,1930.0,1930.0,1930.0,1930.0,0,0,1
BANKNIFTY31JUL2548600PE.NFO,2025-05-12,10:58:00,2025-07-31,1930.0,1930.0,1930.0,1930.0,0,0,1
BANKNIFTY31JUL2548600PE.NFO,2025-05-12,10:59:00,2025-07-31,1930.0,1930.0,1930.0,1930.0,0,0,1
BANKNIFTY31JUL2548600PE.NFO,2025-05-12,11:00:00,2025-07-31,1930.0,1930.0,1930.0,1930.0,0,0,1
BANKNIFTY31JUL2548600PE.NFO,2025-05-12,11:01:00,2025-07-31,1930.0,1930.0,1930.0,1930.0,0,0,1
BANKNIFTY31JUL2548600PE.NFO,2025-05-12,11:02:00,2025-07-31,1930.0,1930.0,1930.0,1930.0,0,0,1
BANKNIFTY31JUL2548600PE.NFO,2025-05-12,11:03:00,2025-07-31,1930.0,1930.0,1930.0,1930.0,0,0,1
BANKNIFTY31JUL2548600PE.NFO,2025-05-12,11:04:00,2025-07-31,1930.0,1930.0,1930.0,1930.0,0,0,1
BANKNIFTY31JUL2548600PE.NFO,2025-05-12,11:05:00,2025-07-31,1930.0,1930.0,1930.0,1930.0,0,0,1
BANKNIFTY31JUL2548600PE.NFO,2025-05-12,11:06:00,2025-07-31,1930.0,1930.0,1930.0,1930.0,0,0,1
BANKNIFTY31JUL2548600PE.NFO,2025-05-12,11:07:00,2025-07-31,1930.0,1930.0,1930.0,1930.0,0,0,1
BANKNIFTY31JUL2548600PE.NFO,2025-05-12,11:08:00,2025-07-31,1930.0,1930.0,1930.0,1930.0,0,0,1
BANKNIFTY31JUL2548600PE.NFO,2025-05-12,11:09:00,2025-07-31,1930.0,1930.0,1930.0,1930.0,0,0,1
BANKNIFTY31JUL2548600PE.NFO,2025-05-12,11:10:00,2025-07-31,1930.0,1930.0,1930.0,1930.0,0,0,1
BANKNIFTY31JUL2548600PE.NFO,2025-05-12,11:11:00,2025-07-31,1930.0,1930.0,1930.0,1930.0,0,0,1
BANKNIFTY31JUL2548600PE.NFO,2025-05-12,11:12:00,2025-07-31,1930.0,1930.0,1930.0,1930.0,0,0,1
BANKNIFTY31JUL2548600PE.NFO,2025-05-12,11:13:00,2025-07-31,1930.0,1930.0,1930.0,1930.0,0,0,1
BANKNIFTY31JUL2548600PE.NFO,2025-05-12,11:14:00,2025-07-31,1930.0,1930.0,1930.0,1930.0,0,0,1
BANKNIFTY31JUL2548600PE.NFO,2025-05-12,11:15:00,2025-07-31,1930.0,1930.0,1930.0,1930.0,0,0,1
BANKNIFTY31JUL2548600PE.NFO,2025-05-12,11:16:00,2025-07-31,1930.0,1930.0,1930.0,1930.0,0,0,1
BANKNIFTY31JUL2548600PE.NFO,2025-05-12,11:17:00,2025-07-31,1930.0,1930.0,1930.0,1930.0,0,0,1
BANKNIFTY31JUL2548600PE.NFO,2025-05-12,11:18:00,2025-07-31,1930.0,1930.0,1930.0,1930.0,0,0,1
BANKNIFTY31JUL2548600PE.NFO,2025-05-12,11:19:00,2025-07-31,1930.0,1930.0,1930.0,1930.0,0,0,1
BANKNIFTY31JUL2548600PE.NFO,2025-05-12,11:20:00,2025-07-31,1930.0,1930.0,1930.0,1930.0,0,0,1
BANKNIFTY31JUL2548600PE.NFO,2025-05-12,11:21:00,2025-07-31,1930.0,1930.0,1930.0,1930.0,0,0,1
BANKNIFTY31JUL2548600PE.NFO,2025-05-12,11:22:00,2025-07-31,1930.0,1930.0,1930.0,1930.0,0,0,1
BANKNIFTY31JUL2548600PE.NFO,2025-05-12,11:23:00,2025-07-31,1930.0,1930.0,1930.0,1930.0,0,0,1
BANKNIFTY31JUL2548600PE.NFO,2025-05-12,11:24:00,2025-07-31,1930.0,1930.0,1930.0,1930.0,0,0,1
BANKNIFTY31JUL2548600PE.NFO,2025-05-12,11:25:00,2025-07-31,1930.0,1930.0,1930.0,1930.0,0,0,1
BANKNIFTY31JUL2548600PE.NFO,2025-05-12,11:26:00,2025-07-31,1930.0,1930.0,1930.0,1930.0,0,0,1
BANKNIFTY31JUL2548600PE.NFO,2025-05-12,11:27:00,2025-07-31,1930.0,1930.0,1930.0,1930.0,0,0,1
BANKNIFTY31JUL2548600PE.NFO,2025-05-12,11:28:00,2025-07-31,1930.0,1930.0,1930.0,1930.0,0,0,1
BANKNIFTY31JUL2548600PE.NFO,2025-05-12,11:29:00,2025-07-31,1930.0,1930.0,1930.0,1930.0,0,0,1
BANKNIFTY31JUL2548600PE.NFO,2025-05-12,11:30:00,2025-07-31,1930.0,1930.0,1930.0,1930.0,0,0,1
BANKNIFTY31JUL2548600PE.NFO,2025-05-12,11:31:00,2025-07-31,1930.0,1930.0,1930.0,1930.0,0,0,1
BANKNIFTY31JUL2548600PE.NFO,2025-05-12,11:32:00,2025-07-31,1930.0,1930.0,1930.0,1930.0,0,0,1
BANKNIFTY31JUL2548600PE.NFO,2025-05-12,11:33:00,2025-07-31,1930.0,1930.0,1930.0,1930.0,0,0,1
BANKNIFTY31JUL2548600PE.NFO,2025-05-12,11:34:00,2025-07-31,1930.0,1930.0,1930.0,1930.0,0,0,1
BANKNIFTY31JUL2548600PE.NFO,2025-05-12,11:35:00,2025-07-31,1930.0,1930.0,1930.0,1930.0,0,0,1
BANKNIFTY31JUL2548600PE.NFO,2025-05-12,11:36:00,2025-07-31,1930.0,1930.0,1930.0,1930.0,0,0,1
BANKNIFTY31JUL2548600PE.NFO,2025-05-12,11:37:00,2025-07-31,1930.0,1930.0,1930.0,1930.0,0,0,1
BANKNIFTY31JUL2548600PE.NFO,2025-05-12,11:38:00,2025-07-31,1930.0,1930.0,1930.0,1930.0,0,0,1
BANKNIFTY31JUL2548600PE.NFO,2025-05-12,11:39:00,2025-07-31,1930.0,1930.0,1930.0,1930.0,0,0,1
BANKNIFTY31JUL2548600PE.NFO,2025-05-12,11:40:00,2025-07-31,1930.0,1930.0,1930.0,1930.0,0,0,1
BANKNIFTY31JUL2548600PE.NFO,2025-05-12,11:41:00,2025-07-31,1930.0,1930.0,1930.0,1930.0,0,0,1
BANKNIFTY31JUL2548600PE.NFO,2025-05-12,11:42:00,2025-07-31,1930.0,1930.0,1930.0,1930.0,0,0,1
BANKNIFTY31JUL2548600PE.NFO,2025-05-12,11:43:00,2025-07-31,1930.0,1930.0,1930.0,1930.0,0,0,1
BANKNIFTY31JUL2548600PE.NFO,2025-05-12,11:44:00,2025-07-31,1930.0,1930.0,1930.0,1930.0,0,0,1
BANKNIFTY31JUL2548600PE.NFO,2025-05-12,11:45:00,2025-07-31,1930.0,1930.0,1930.0,1930.0,0,0,1
BANKNIFTY31JUL2548600PE.NFO,2025-05-12,11:46:00,2025-07-31,1930.0,1930.0,1930.0,1930.0,0,0,1
BANKNIFTY31JUL2548600PE.NFO,2025-05-12,11:47:00,2025-07-31,1930.0,1930.0,1930.0,1930.0,0,0,1
BANKNIFTY31JUL2548600PE.NFO,2025-05-12,11:48:00,2025-07-31,1930.0,1930.0,1930.0,1930.0,0,0,1
BANKNIFTY31JUL2548600PE.NFO,2025-05-12,11:49:00,2025-07-31,1930.0,1930.0,1930.0,1930.0,0,0,1
BANKNIFTY31JUL2548600PE.NFO,2025-05-12,11:50:00,2025-07-31,1930.0,1930.0,1930.0,1930.0,0,0,1
BANKNIFTY31JUL2548600PE.NFO,2025-05-12,11:51:00,2025-07-31,1930.0,1930.0,1930.0,1930.0,0,0,1
BANKNIFTY31JUL2548600PE.NFO,2025-05-12,11:52:00,2025-07-31,1930.0,1930.0,1930.0,1930.0,0,0,1
BANKNIFTY31JUL2548600PE.NFO,2025-05-12,11:53:00,2025-07-31,1930.0,1930.0,1930.0,1930.0,0,0,1
BANKNIFTY31JUL2548600PE.NFO,2025-05-12,11:54:00,2025-07-31,1930.0,1930.0,1930.0,1930.0,0,0,1
BANKNIFTY31JUL2548600PE.NFO,2025-05-12,11:55:00,2025-07-31,1930.0,1930.0,1930.0,1930.0,0,0,1
BANKNIFTY31JUL2548600PE.NFO,2025-05-12,11:56:00,2025-07-31,1930.0,1930.0,1930.0,1930.0,0,0,1
BANKNIFTY31JUL2548600PE.NFO,2025-05-12,11:57:00,2025-07-31,1930.0,1930.0,1930.0,1930.0,0,0,1
BANKNIFTY31JUL2548600PE.NFO,2025-05-12,11:58:00,2025-07-31,1930.0,1930.0,1930.0,1930.0,0,0,1
BANKNIFTY31JUL2548600PE.NFO,2025-05-12,11:59:00,2025-07-31,1930.0,1930.0,1930.0,1930.0,0,0,1
BANKNIFTY31JUL2548600PE.NFO,2025-05-12,12:00:00,2025-07-31,1930.0,1930.0,1930.0,1930.0,0,0,1
BANKNIFTY31JUL2548600PE.NFO,2025-05-12,12:01:00,2025-07-31,1930.0,1930.0,1930.0,1930.0,0,0,1
BANKNIFTY31JUL2548600PE.NFO,2025-05-12,12:02:00,2025-07-31,1930.0,1930.0,1930.0,1930.0,0,0,1
BANKNIFTY31JUL2548600PE.NFO,2025-05-12,12:03:00,2025-07-31,1930.0,1930.0,1930.0,1930.0,0,0,1
BANKNIFTY31JUL2548600PE.NFO,2025-05-12,12:04:00,2025-07-31,1930.0,1930.0,1930.0,1930.0,0,0,1
BANKNIFTY31JUL2548600PE.NFO,2025-05-12,12:05:00,2025-07-31,1930.0,1930.0,1930.0,1930.0,0,0,1
BANKNIFTY31JUL2548600PE.NFO,2025-05-12,12:06:00,2025-07-31,1930.0,1930.0,1930.0,1930.0,0,0,1
BANKNIFTY31JUL2548600PE.NFO,2025-05-12,12:07:00,2025-07-31,1930.0,1930.0,1930.0,1930.0,0,0,1
BANKNIFTY31JUL2548600PE.NFO,2025-05-12,12:08:00,2025-07-31,1930.0,1930.0,1930.0,1930.0,0,0,1
BANKNIFTY31JUL2548600PE.NFO,2025-05-12,12:09:00,2025-07-31,1930.0,1930.0,1930.0,1930.0,0,0,1
BANKNIFTY31JUL2548600PE.NFO,2025-05-12,12:10:00,2025-07-31,1930.0,1930.0,1930.0,1930.0,0,0,1
BANKNIFTY31JUL2548600PE.NFO,2025-05-12,12:11:00,2025-07-31,1930.0,1930.0,1930.0,1930.0,0,0,1
BANKNIFTY31JUL2548600PE.NFO,2025-05-12,12:12:00,2025-07-31,1930.0,1930.0,1930.0,1930.0,0,0,1
BANKNIFTY31JUL2548600PE.NFO,2025-05-12,12:13:00,2025-07-31,1930.0,1930.0,1930.0,1930.0,0,0,1
BANKNIFTY31JUL2548600PE.NFO,2025-05-12,12:14:00,2025-07-31,1930.0,1930.0,1930.0,1930.0,0,0,1
BANKNIFTY31JUL2548600PE.NFO,2025-05-12,12:15:00,2025-07-31,1930.0,1930.0,1930.0,1930.0,0,0,1
BANKNIFTY31JUL2548600PE.NFO,2025-05-12,12:16:00,2025-07-31,1930.0,1930.0,1930.0,1930.0,0,0,1
BANKNIFTY31JUL2548600PE.NFO,2025-05-12,12:17:00,2025-07-31,1930.0,1930.0,1930.0,1930.0,0,0,1
BANKNIFTY31JUL2548600PE.NFO,2025-05-12,12:18:00,2025-07-31,1930.0,1930.0,1930.0,1930.0,0,0,1
BANKNIFTY31JUL2548600PE.NFO,2025-05-12,12:19:00,2025-07-31,1930.0,1930.0,1930.0,1930.0,0,0,1
BANKNIFTY31JUL2548600PE.NFO,2025-05-12,12:20:00,2025-07-31,1930.0,1930.0,1930.0,1930.0,0,0,1
BANKNIFTY31JUL2548600PE.NFO,2025-05-12,12:21:00,2025-07-31,1930.0,1930.0,1930.0,1930.0,0,0,1
BANKNIFTY31JUL2548600PE.NFO,2025-05-12,12:22:00,2025-07-31,1930.0,1930.0,1930.0,1930.0,0,0,1
BANKNIFTY31JUL2548600PE.NFO,2025-05-12,12:23:00,2025-07-31,1930.0,1930.0,1930.0,1930.0,0,0,1
BANKNIFTY31JUL2548600PE.NFO,2025-05-12,12:24:00,2025-07-31,1930.0,1930.0,1930.0,1930.0,0,0,1
BANKNIFTY31JUL2548600PE.NFO,2025-05-12,12:25:00,2025-07-31,1930.0,1930.0,1930.0,1930.0,0,0,1
BANKNIFTY31JUL2548600PE.NFO,2025-05-12,12:26:00,2025-07-31,1930.0,1930.0,1930.0,1930.0,0,0,1
BANKNIFTY31JUL2548600PE.NFO,2025-05-12,12:27:00,2025-07-31,1930.0,1930.0,1930.0,1930.0,0,0,1
BANKNIFTY31JUL2548600PE.NFO,2025-05-12,12:28:00,2025-07-31,1930.0,1930.0,1930.0,1930.0,0,0,1
BANKNIFTY31JUL2548600PE.NFO,2025-05-12,12:29:00,2025-07-31,1930.0,1930.0,1930.0,1930.0,0,0,1
BANKNIFTY31JUL2548600PE.NFO,2025-05-12,12:30:00,2025-07-31,1930.0,1930.0,1930.0,1930.0,0,0,1
BANKNIFTY31JUL2548600PE.NFO,2025-05-12,12:31:00,2025-07-31,1930.0,1930.0,1930.0,1930.0,0,0,1
BANKNIFTY31JUL2548600PE.NFO,2025-05-12,12:32:00,2025-07-31,1930.0,1930.0,1930.0,1930.0,0,0,1
BANKNIFTY31JUL2548600PE.NFO,2025-05-12,12:33:00,2025-07-31,1930.0,1930.0,1930.0,1930.0,0,0,1
BANKNIFTY31JUL2548600PE.NFO,2025-05-12,12:34:00,2025-07-31,1930.0,1930.0,1930.0,1930.0,0,0,1
BANKNIFTY31JUL2548600PE.NFO,2025-05-12,12:35:00,2025-07-31,1930.0,1930.0,1930.0,1930.0,0,0,1
BANKNIFTY31JUL2548600PE.NFO,2025-05-12,12:36:00,2025-07-31,1930.0,1930.0,1930.0,1930.0,0,0,1
BANKNIFTY31JUL2548600PE.NFO,2025-05-12,12:37:00,2025-07-31,1930.0,1930.0,1930.0,1930.0,0,0,1
BANKNIFTY31JUL2548600PE.NFO,2025-05-12,12:38:00,2025-07-31,1930.0,1930.0,1930.0,1930.0,0,0,1
BANKNIFTY31JUL2548600PE.NFO,2025-05-12,12:39:00,2025-07-31,1930.0,1930.0,1930.0,1930.0,0,0,1
BANKNIFTY31JUL2548600PE.NFO,2025-05-12,12:40:00,2025-07-31,1930.0,1930.0,1930.0,1930.0,0,0,1
BANKNIFTY31JUL2548600PE.NFO,2025-05-12,12:41:00,2025-07-31,1930.0,1930.0,1930.0,1930.0,0,0,1
BANKNIFTY31JUL2548600PE.NFO,2025-05-12,12:42:00,2025-07-31,1930.0,1930.0,1930.0,1930.0,0,0,1
BANKNIFTY31JUL2548600PE.NFO,2025-05-12,12:43:00,2025-07-31,1930.0,1930.0,1930.0,1930.0,0,0,1
BANKNIFTY31JUL2548600PE.NFO,2025-05-12,12:44:00,2025-07-31,1930.0,1930.0,1930.0,1930.0,0,0,1
BANKNIFTY31JUL2548600PE.NFO,2025-05-12,12:45:00,2025-07-31,1930.0,1930.0,1930.0,1930.0,0,0,1
BANKNIFTY31JUL2548600PE.NFO,2025-05-12,12:46:00,2025-07-31,1930.0,1930.0,1930.0,1930.0,0,0,1
BANKNIFTY31JUL2548600PE.NFO,2025-05-12,12:47:00,2025-07-31,1930.0,1930.0,1930.0,1930.0,0,0,1
BANKNIFTY31JUL2548600PE.NFO,2025-05-12,12:48:00,2025-07-31,1930.0,1930.0,1930.0,1930.0,0,0,1
BANKNIFTY31JUL2548600PE.NFO,2025-05-12,12:49:00,2025-07-31,1930.0,1930.0,1930.0,1930.0,0,0,1
BANKNIFTY31JUL2548600PE.NFO,2025-05-12,12:50:00,2025-07-31,1930.0,1930.0,1930.0,1930.0,0,0,1
BANKNIFTY31JUL2548600PE.NFO,2025-05-12,12:51:00,2025-07-31,1930.0,1930.0,1930.0,1930.0,0,0,1
BANKNIFTY31JUL2548600PE.NFO,2025-05-12,12:52:00,2025-07-31,1930.0,1930.0,1930.0,1930.0,0,0,1
BANKNIFTY31JUL2548600PE.NFO,2025-05-12,12:53:00,2025-07-31,1930.0,1930.0,1930.0,1930.0,0,0,1
BANKNIFTY31JUL2548600PE.NFO,2025-05-12,12:54:00,2025-07-31,1930.0,1930.0,1930.0,1930.0,0,0,1
BANKNIFTY31JUL2548600PE.NFO,2025-05-12,12:55:00,2025-07-31,1930.0,1930.0,1930.0,1930.0,0,0,1
BANKNIFTY31JUL2548600PE.NFO,2025-05-12,12:56:00,2025-07-31,1930.0,1930.0,1930.0,1930.0,0,0,1
BANKNIFTY31JUL2548600PE.NFO,2025-05-12,12:57:00,2025-07-31,1930.0,1930.0,1930.0,1930.0,0,0,1
BANKNIFTY31JUL2548600PE.NFO,2025-05-12,12:58:00,2025-07-31,1930.0,1930.0,1930.0,1930.0,0,0,1
BANKNIFTY31JUL2548600PE.NFO,2025-05-12,12:59:00,2025-07-31,1930.0,1930.0,1930.0,1930.0,0,0,1
BANKNIFTY31JUL2548600PE.NFO,2025-05-12,13:00:00,2025-07-31,1930.0,1930.0,1930.0,1930.0,0,0,1
BANKNIFTY31JUL2548600PE.NFO,2025-05-12,13:01:00,2025-07-31,1930.0,1930.0,1930.0,1930.0,0,0,1
BANKNIFTY31JUL2548600PE.NFO,2025-05-12,13:02:00,2025-07-31,1930.0,1930.0,1930.0,1930.0,0,0,1
BANKNIFTY31JUL2548600PE.NFO,2025-05-12,13:03:00,2025-07-31,1930.0,1930.0,1930.0,1930.0,0,0,1
BANKNIFTY31JUL2548600PE.NFO,2025-05-12,13:04:00,2025-07-31,1930.0,1930.0,1930.0,1930.0,0,0,1
BANKNIFTY31JUL2548600PE.NFO,2025-05-12,13:05:00,2025-07-31,1930.0,1930.0,1930.0,1930.0,0,0,1
BANKNIFTY31JUL2548600PE.NFO,2025-05-12,13:06:00,2025-07-31,1930.0,1930.0,1930.0,1930.0,0,0,1
BANKNIFTY31JUL2548600PE.NFO,2025-05-12,13:07:00,2025-07-31,1930.0,1930.0,1930.0,1930.0,0,0,1
BANKNIFTY31JUL2548600PE.NFO,2025-05-12,13:08:00,2025-07-31,1930.0,1930.0,1930.0,1930.0,0,0,1
BANKNIFTY31JUL2548600PE.NFO,2025-05-12,13:09:00,2025-07-31,1930.0,1930.0,1930.0,1930.0,0,0,1
BANKNIFTY31JUL2548600PE.NFO,2025-05-12,13:10:00,2025-07-31,1930.0,1930.0,1930.0,1930.0,0,0,1
BANKNIFTY31JUL2548600PE.NFO,2025-05-12,13:11:00,2025-07-31,1930.0,1930.0,1930.0,1930.0,0,0,1
BANKNIFTY31JUL2548600PE.NFO,2025-05-12,13:12:00,2025-07-31,1930.0,1930.0,1930.0,1930.0,0,0,1
BANKNIFTY31JUL2548600PE.NFO,2025-05-12,13:13:00,2025-07-31,1930.0,1930.0,1930.0,1930.0,0,0,1
BANKNIFTY31JUL2548600PE.NFO,2025-05-12,13:14:00,2025-07-31,1930.0,1930.0,1930.0,1930.0,0,0,1
BANKNIFTY31JUL2548600PE.NFO,2025-05-12,13:15:00,2025-07-31,1930.0,1930.0,1930.0,1930.0,0,0,1
BANKNIFTY31JUL2548600PE.NFO,2025-05-12,13:16:00,2025-07-31,1930.0,1930.0,1930.0,1930.0,0,0,1
BANKNIFTY31JUL2548600PE.NFO,2025-05-12,13:17:00,2025-07-31,1930.0,1930.0,1930.0,1930.0,0,0,1
BANKNIFTY31JUL2548600PE.NFO,2025-05-12,13:18:00,2025-07-31,1930.0,1930.0,1930.0,1930.0,0,0,1
BANKNIFTY31JUL2548600PE.NFO,2025-05-12,13:19:00,2025-07-31,1930.0,1930.0,1930.0,1930.0,0,0,1
BANKNIFTY31JUL2548600PE.NFO,2025-05-12,13:20:00,2025-07-31,1930.0,1930.0,1930.0,1930.0,0,0,1
BANKNIFTY31JUL2548600PE.NFO,2025-05-12,13:21:00,2025-07-31,1930.0,1930.0,1930.0,1930.0,0,0,1
BANKNIFTY31JUL2548600PE.NFO,2025-05-12,13:22:00,2025-07-31,1930.0,1930.0,1930.0,1930.0,0,0,1
BANKNIFTY31JUL2548600PE.NFO,2025-05-12,13:23:00,2025-07-31,1930.0,1930.0,1930.0,1930.0,0,0,1
BANKNIFTY31JUL2548600PE.NFO,2025-05-12,13:24:00,2025-07-31,1930.0,1930.0,1930.0,1930.0,0,0,1
BANKNIFTY31JUL2548600PE.NFO,2025-05-12,13:25:00,2025-07-31,1930.0,1930.0,1930.0,1930.0,0,0,1
BANKNIFTY31JUL2548600PE.NFO,2025-05-12,13:26:00,2025-07-31,1930.0,1930.0,1930.0,1930.0,0,0,1
BANKNIFTY31JUL2548600PE.NFO,2025-05-12,13:27:00,2025-07-31,1930.0,1930.0,1930.0,1930.0,0,0,1
BANKNIFTY31JUL2548600PE.NFO,2025-05-12,13:28:00,2025-07-31,1930.0,1930.0,1930.0,1930.0,0,0,1
BANKNIFTY31JUL2548600PE.NFO,2025-05-12,13:29:00,2025-07-31,1930.0,1930.0,1930.0,1930.0,0,0,1
BANKNIFTY31JUL2548600PE.NFO,2025-05-12,13:30:00,2025-07-31,1930.0,1930.0,1930.0,1930.0,0,0,1
BANKNIFTY31JUL2548600PE.NFO,2025-05-12,13:31:00,2025-07-31,1930.0,1930.0,1930.0,1930.0,0,0,1
BANKNIFTY31JUL2548600PE.NFO,2025-05-12,13:32:00,2025-07-31,1930.0,1930.0,1930.0,1930.0,0,0,1
BANKNIFTY31JUL2548600PE.NFO,2025-05-12,13:33:00,2025-07-31,1930.0,1930.0,1930.0,1930.0,0,0,1
BANKNIFTY31JUL2548600PE.NFO,2025-05-12,13:34:00,2025-07-31,1930.0,1930.0,1930.0,1930.0,0,0,1
BANKNIFTY31JUL2548600PE.NFO,2025-05-12,13:35:00,2025-07-31,1930.0,1930.0,1930.0,1930.0,0,0,1
BANKNIFTY31JUL2548600PE.NFO,2025-05-12,13:36:00,2025-07-31,1930.0,1930.0,1930.0,1930.0,0,0,1
BANKNIFTY31JUL2548600PE.NFO,2025-05-12,13:37:00,2025-07-31,1930.0,1930.0,1930.0,1930.0,0,0,1
BANKNIFTY31JUL2548600PE.NFO,2025-05-12,13:38:00,2025-07-31,1930.0,1930.0,1930.0,1930.0,0,0,1
BANKNIFTY31JUL2548600PE.NFO,2025-05-12,13:39:00,2025-07-31,1930.0,1930.0,1930.0,1930.0,0,0,1
BANKNIFTY31JUL2548600PE.NFO,2025-05-12,13:40:00,2025-07-31,1930.0,1930.0,1930.0,1930.0,0,0,1
BANKNIFTY31JUL2548600PE.NFO,2025-05-12,13:41:00,2025-07-31,1930.0,1930.0,1930.0,1930.0,0,0,1
BANKNIFTY31JUL2548600PE.NFO,2025-05-12,13:42:00,2025-07-31,1930.0,1930.0,1930.0,1930.0,0,0,1
BANKNIFTY31JUL2548600PE.NFO,2025-05-12,13:43:00,2025-07-31,1930.0,1930.0,1930.0,1930.0,0,0,1
BANKNIFTY31JUL2548600PE.NFO,2025-05-12,13:44:00,2025-07-31,1930.0,1930.0,1930.0,1930.0,0,0,1
BANKNIFTY31JUL2548600PE.NFO,2025-05-12,13:45:00,2025-07-31,1930.0,1930.0,1930.0,1930.0,0,0,1
BANKNIFTY31JUL2548600PE.NFO,2025-05-12,13:46:00,2025-07-31,1930.0,1930.0,1930.0,1930.0,0,0,1
BANKNIFTY31JUL2548600PE.NFO,2025-05-12,13:47:00,2025-07-31,1930.0,1930.0,1930.0,1930.0,0,0,1
BANKNIFTY31JUL2548600PE.NFO,2025-05-12,13:48:00,2025-07-31,1930.0,1930.0,1930.0,1930.0,0,0,1
BANKNIFTY31JUL2548600PE.NFO,2025-05-12,13:49:00,2025-07-31,1930.0,1930.0,1930.0,1930.0,0,0,1
BANKNIFTY31JUL2548600PE.NFO,2025-05-12,13:50:00,2025-07-31,1930.0,1930.0,1930.0,1930.0,0,0,1
BANKNIFTY31JUL2548600PE.NFO,2025-05-12,13:51:00,2025-07-31,1930.0,1930.0,1930.0,1930.0,0,0,1
BANKNIFTY31JUL2548600PE.NFO,2025-05-12,13:52:00,2025-07-31,1930.0,1930.0,1930.0,1930.0,0,0,1
BANKNIFTY31JUL2548600PE.NFO,2025-05-12,13:53:00,2025-07-31,1930.0,1930.0,1930.0,1930.0,0,0,1
BANKNIFTY31JUL2548600PE.NFO,2025-05-12,13:54:00,2025-07-31,1930.0,1930.0,1930.0,1930.0,0,0,1
BANKNIFTY31JUL2548600PE.NFO,2025-05-12,13:55:00,2025-07-31,1930.0,1930.0,1930.0,1930.0,0,0,1
BANKNIFTY31JUL2548600PE.NFO,2025-05-12,13:56:00,2025-07-31,1930.0,1930.0,1930.0,1930.0,0,0,1
BANKNIFTY31JUL2548600PE.NFO,2025-05-12,13:57:00,2025-07-31,1930.0,1930.0,1930.0,1930.0,0,0,1
BANKNIFTY31JUL2548600PE.NFO,2025-05-12,13:58:00,2025-07-31,1930.0,1930.0,1930.0,1930.0,0,0,1
BANKNIFTY31JUL2548600PE.NFO,2025-05-12,13:59:00,2025-07-31,1930.0,1930.0,1930.0,1930.0,0,0,1
BANKNIFTY31JUL2548600PE.NFO,2025-05-12,14:00:00,2025-07-31,1930.0,1930.0,1930.0,1930.0,0,0,1
BANKNIFTY31JUL2548600PE.NFO,2025-05-12,14:01:00,2025-07-31,1930.0,1930.0,1930.0,1930.0,0,0,1
BANKNIFTY31JUL2548600PE.NFO,2025-05-12,14:02:00,2025-07-31,1930.0,1930.0,1930.0,1930.0,0,0,1
BANKNIFTY31JUL2548600PE.NFO,2025-05-12,14:03:00,2025-07-31,1930.0,1930.0,1930.0,1930.0,0,0,1
BANKNIFTY31JUL2548600PE.NFO,2025-05-12,14:04:00,2025-07-31,1930.0,1930.0,1930.0,1930.0,0,0,1
BANKNIFTY31JUL2548600PE.NFO,2025-05-12,14:05:00,2025-07-31,1930.0,1930.0,1930.0,1930.0,0,0,1
BANKNIFTY31JUL2548600PE.NFO,2025-05-12,14:06:00,2025-07-31,1930.0,1930.0,1930.0,1930.0,0,0,1
BANKNIFTY31JUL2548600PE.NFO,2025-05-12,14:07:00,2025-07-31,1930.0,1930.0,1930.0,1930.0,0,0,1
BANKNIFTY31JUL2548600PE.NFO,2025-05-12,14:08:00,2025-07-31,1930.0,1930.0,1930.0,1930.0,0,0,1
BANKNIFTY31JUL2548600PE.NFO,2025-05-12,14:09:00,2025-07-31,1930.0,1930.0,1930.0,1930.0,0,0,1
BANKNIFTY31JUL2548600PE.NFO,2025-05-12,14:10:00,2025-07-31,1930.0,1930.0,1930.0,1930.0,0,0,1
BANKNIFTY31JUL2548600PE.NFO,2025-05-12,14:11:00,2025-07-31,1930.0,1930.0,1930.0,1930.0,0,0,1
BANKNIFTY31JUL2548600PE.NFO,2025-05-12,14:12:00,2025-07-31,1930.0,1930.0,1930.0,1930.0,0,0,1
BANKNIFTY31JUL2548600PE.NFO,2025-05-12,14:13:00,2025-07-31,1930.0,1930.0,1930.0,1930.0,0,0,1
BANKNIFTY31JUL2548600PE.NFO,2025-05-12,14:14:00,2025-07-31,1930.0,1930.0,1930.0,1930.0,0,0,1
BANKNIFTY31JUL2548600PE.NFO,2025-05-12,14:15:00,2025-07-31,1930.0,1930.0,1930.0,1930.0,0,0,1
BANKNIFTY31JUL2548600PE.NFO,2025-05-12,14:16:00,2025-07-31,1930.0,1930.0,1930.0,1930.0,0,0,1
BANKNIFTY31JUL2548600PE.NFO,2025-05-12,14:17:00,2025-07-31,1930.0,1930.0,1930.0,1930.0,0,0,1
BANKNIFTY31JUL2548600PE.NFO,2025-05-12,14:18:00,2025-07-31,1930.0,1930.0,1930.0,1930.0,0,0,1
BANKNIFTY31JUL2548600PE.NFO,2025-05-12,14:19:00,2025-07-31,1930.0,1930.0,1930.0,1930.0,0,0,1
BANKNIFTY31JUL2548600PE.NFO,2025-05-12,14:20:00,2025-07-31,1930.0,1930.0,1930.0,1930.0,0,0,1
BANKNIFTY31JUL2548600PE.NFO,2025-05-12,14:21:00,2025-07-31,1930.0,1930.0,1930.0,1930.0,0,0,1
BANKNIFTY31JUL2548600PE.NFO,2025-05-12,14:22:00,2025-07-31,1930.0,1930.0,1930.0,1930.0,0,0,1
BANKNIFTY31JUL2548600PE.NFO,2025-05-12,14:23:00,2025-07-31,1930.0,1930.0,1930.0,1930.0,0,0,1
BANKNIFTY31JUL2548600PE.NFO,2025-05-12,14:24:00,2025-07-31,1930.0,1930.0,1930.0,1930.0,0,0,1
BANKNIFTY31JUL2548600PE.NFO,2025-05-12,14:25:00,2025-07-31,1930.0,1930.0,1930.0,1930.0,0,0,1
BANKNIFTY31JUL2548600PE.NFO,2025-05-12,14:26:00,2025-07-31,1930.0,1930.0,1930.0,1930.0,0,0,1
BANKNIFTY31JUL2548600PE.NFO,2025-05-12,14:27:00,2025-07-31,1930.0,1930.0,1930.0,1930.0,0,0,1
BANKNIFTY31JUL2548600PE.NFO,2025-05-12,14:28:00,2025-07-31,1930.0,1930.0,1930.0,1930.0,0,0,1
BANKNIFTY31JUL2548600PE.NFO,2025-05-12,14:29:00,2025-07-31,1930.0,1930.0,1930.0,1930.0,0,0,1
BANKNIFTY31JUL2548600PE.NFO,2025-05-12,14:30:00,2025-07-31,1930.0,1930.0,1930.0,1930.0,0,0,1
BANKNIFTY31JUL2548600PE.NFO,2025-05-12,14:31:00,2025-07-31,1930.0,1930.0,1930.0,1930.0,0,0,1
BANKNIFTY31JUL2548600PE.NFO,2025-05-12,14:32:00,2025-07-31,1930.0,1930.0,1930.0,1930.0,0,0,1
BANKNIFTY31JUL2548600PE.NFO,2025-05-12,14:33:00,2025-07-31,1930.0,1930.0,1930.0,1930.0,0,0,1
BANKNIFTY31JUL2548600PE.NFO,2025-05-12,14:34:00,2025-07-31,1930.0,1930.0,1930.0,1930.0,0,0,1
BANKNIFTY31JUL2548600PE.NFO,2025-05-12,14:35:00,2025-07-31,1930.0,1930.0,1930.0,1930.0,0,0,1
BANKNIFTY31JUL2548600PE.NFO,2025-05-12,14:36:00,2025-07-31,1930.0,1930.0,1930.0,1930.0,0,0,1
BANKNIFTY31JUL2548600PE.NFO,2025-05-12,14:37:00,2025-07-31,1930.0,1930.0,1930.0,1930.0,0,0,1
BANKNIFTY31JUL2548600PE.NFO,2025-05-12,14:38:00,2025-07-31,1930.0,1930.0,1930.0,1930.0,0,0,1
BANKNIFTY31JUL2548600PE.NFO,2025-05-12,14:39:00,2025-07-31,1930.0,1930.0,1930.0,1930.0,0,0,1
BANKNIFTY31JUL2548600PE.NFO,2025-05-12,14:40:00,2025-07-31,1930.0,1930.0,1930.0,1930.0,0,0,1
BANKNIFTY31JUL2548600PE.NFO,2025-05-12,14:41:00,2025-07-31,1930.0,1930.0,1930.0,1930.0,0,0,1
BANKNIFTY31JUL2548600PE.NFO,2025-05-12,14:42:00,2025-07-31,1930.0,1930.0,1930.0,1930.0,0,0,1
BANKNIFTY31JUL2548600PE.NFO,2025-05-12,14:43:00,2025-07-31,1930.0,1930.0,1930.0,1930.0,0,0,1
BANKNIFTY31JUL2548600PE.NFO,2025-05-12,14:44:00,2025-07-31,1930.0,1930.0,1930.0,1930.0,0,0,1
BANKNIFTY31JUL2548600PE.NFO,2025-05-12,14:45:00,2025-07-31,1930.0,1930.0,1930.0,1930.0,0,0,1
BANKNIFTY31JUL2548600PE.NFO,2025-05-12,14:46:00,2025-07-31,1930.0,1930.0,1930.0,1930.0,0,0,1
BANKNIFTY31JUL2548600PE.NFO,2025-05-12,14:47:00,2025-07-31,1930.0,1930.0,1930.0,1930.0,0,0,1
BANKNIFTY31JUL2548600PE.NFO,2025-05-12,14:48:00,2025-07-31,1930.0,1930.0,1930.0,1930.0,0,0,1
BANKNIFTY31JUL2548600PE.NFO,2025-05-12,14:49:00,2025-07-31,1930.0,1930.0,1930.0,1930.0,0,0,1
BANKNIFTY31JUL2548600PE.NFO,2025-05-12,14:50:00,2025-07-31,1930.0,1930.0,1930.0,1930.0,0,0,1
BANKNIFTY31JUL2548600PE.NFO,2025-05-12,14:51:00,2025-07-31,1930.0,1930.0,1930.0,1930.0,0,0,1
BANKNIFTY31JUL2548600PE.NFO,2025-05-12,14:52:00,2025-07-31,1930.0,1930.0,1930.0,1930.0,0,0,1
BANKNIFTY31JUL2548600PE.NFO,2025-05-12,14:53:00,2025-07-31,1930.0,1930.0,1930.0,1930.0,0,0,1
BANKNIFTY31JUL2548600PE.NFO,2025-05-12,14:54:00,2025-07-31,1930.0,1930.0,1930.0,1930.0,0,0,1
BANKNIFTY31JUL2548600PE.NFO,2025-05-12,14:55:00,2025-07-31,1930.0,1930.0,1930.0,1930.0,0,0,1
BANKNIFTY31JUL2548600PE.NFO,2025-05-12,14:56:00,2025-07-31,1930.0,1930.0,1930.0,1930.0,0,0,1
BANKNIFTY31JUL2548600PE.NFO,2025-05-12,14:57:00,2025-07-31,1930.0,1930.0,1930.0,1930.0,0,0,1
BANKNIFTY31JUL2548600PE.NFO,2025-05-12,14:58:00,2025-07-31,1930.0,1930.0,1930.0,1930.0,0,0,1
BANKNIFTY31JUL2548600PE.NFO,2025-05-12,14:59:00,2025-07-31,1930.0,1930.0,1930.0,1930.0,0,0,1
BANKNIFTY31JUL2548600PE.NFO,2025-05-12,15:00:00,2025-07-31,1930.0,1930.0,1930.0,1930.0,0,0,1
BANKNIFTY31JUL2548600PE.NFO,2025-05-12,15:01:00,2025-07-31,1930.0,1930.0,1930.0,1930.0,0,0,1
BANKNIFTY31JUL2548600PE.NFO,2025-05-12,15:02:00,2025-07-31,1930.0,1930.0,1930.0,1930.0,0,0,1
BANKNIFTY31JUL2548600PE.NFO,2025-05-12,15:03:00,2025-07-31,1930.0,1930.0,1930.0,1930.0,0,0,1
BANKNIFTY31JUL2548600PE.NFO,2025-05-12,15:04:00,2025-07-31,1930.0,1930.0,1930.0,1930.0,0,0,1
BANKNIFTY31JUL2548600PE.NFO,2025-05-12,15:05:00,2025-07-31,1930.0,1930.0,1930.0,1930.0,0,0,1
BANKNIFTY31JUL2548600PE.NFO,2025-05-12,15:06:00,2025-07-31,1930.0,1930.0,1930.0,1930.0,0,0,1
BANKNIFTY31JUL2548600PE.NFO,2025-05-12,15:07:00,2025-07-31,1930.0,1930.0,1930.0,1930.0,0,0,1
BANKNIFTY31JUL2548600PE.NFO,2025-05-12,15:08:00,2025-07-31,1930.0,1930.0,1930.0,1930.0,0,0,1
BANKNIFTY31JUL2548600PE.NFO,2025-05-12,15:09:00,2025-07-31,1930.0,1930.0,1930.0,1930.0,0,0,1
BANKNIFTY31JUL2548600PE.NFO,2025-05-12,15:10:00,2025-07-31,1930.0,1930.0,1930.0,1930.0,0,0,1
BANKNIFTY31JUL2548600PE.NFO,2025-05-12,15:11:00,2025-07-31,1930.0,1930.0,1930.0,1930.0,0,0,1
BANKNIFTY31JUL2548600PE.NFO,2025-05-12,15:12:00,2025-07-31,1930.0,1930.0,1930.0,1930.0,0,0,1
BANKNIFTY31JUL2548600PE.NFO,2025-05-12,15:13:00,2025-07-31,1930.0,1930.0,1930.0,1930.0,0,0,1
BANKNIFTY31JUL2548600PE.NFO,2025-05-12,15:14:00,2025-07-31,1930.0,1930.0,1930.0,1930.0,0,0,1
BANKNIFTY31JUL2548600PE.NFO,2025-05-12,15:15:00,2025-07-31,1930.0,1930.0,1930.0,1930.0,0,0,1
BANKNIFTY31JUL2548600PE.NFO,2025-05-12,15:16:00,2025-07-31,1930.0,1930.0,1930.0,1930.0,0,0,1
BANKNIFTY31JUL2548600PE.NFO,2025-05-12,15:17:00,2025-07-31,1930.0,1930.0,1930.0,1930.0,0,0,1
BANKNIFTY31JUL2548600PE.NFO,2025-05-12,15:18:00,2025-07-31,1930.0,1930.0,1930.0,1930.0,0,0,1
BANKNIFTY31JUL2548600PE.NFO,2025-05-12,15:19:00,2025-07-31,1930.0,1930.0,1930.0,1930.0,0,0,1
BANKNIFTY31JUL2548600PE.NFO,2025-05-12,15:20:00,2025-07-31,1930.0,1930.0,1930.0,1930.0,0,0,1
BANKNIFTY31JUL2548600PE.NFO,2025-05-12,15:21:00,2025-07-31,1930.0,1930.0,1930.0,1930.0,0,0,1
BANKNIFTY31JUL2548600PE.NFO,2025-05-12,15:22:00,2025-07-31,1930.0,1930.0,1930.0,1930.0,0,0,1
BANKNIFTY31JUL2548600PE.NFO,2025-05-12,15:23:00,2025-07-31,1930.0,1930.0,1930.0,1930.0,0,0,1
BANKNIFTY31JUL2548600PE.NFO,2025-05-12,15:24:00,2025-07-31,1930.0,1930.0,1930.0,1930.0,0,0,1
BANKNIFTY31JUL2548600PE.NFO,2025-05-12,15:25:00,2025-07-31,1930.0,1930.0,1930.0,1930.0,0,0,1
BANKNIFTY31JUL2548600PE.NFO,2025-05-12,15:26:00,2025-07-31,1930.0,1930.0,1930.0,1930.0,0,0,1
BANKNIFTY31JUL2548600PE.NFO,2025-05-12,15:27:00,2025-07-31,1930.0,1930.0,1930.0,1930.0,0,0,1
BANKNIFTY31JUL2548600PE.NFO,2025-05-12,15:28:00,2025-07-31,1930.0,1930.0,1930.0,1930.0,0,0,1
BANKNIFTY31JUL2548600PE.NFO,2025-05-12,15:29:00,2025-07-31,1930.0,1930.0,1930.0,1930.0,0,0,1
BANKNIFTY31JUL2548600PE.NFO,2025-05-12,15:30:00,2025-07-31,1930.0,1930.0,1930.0,1930.0,0,0,1
BANKNIFTY31JUL2548600PE.NFO,2025-05-13,09:15:00,2025-07-31,1930.0,1930.0,1930.0,1930.0,0,0,0
BANKNIFTY31JUL2548600PE.NFO,2025-05-13,09:16:00,2025-07-31,1930.0,1930.0,1930.0,1930.0,0,0,1
BANKNIFTY31JUL2548600PE.NFO,2025-05-13,09:17:00,2025-07-31,1930.0,1930.0,1930.0,1930.0,0,0,1
BANKNIFTY31JUL2548600PE.NFO,2025-05-13,09:18:00,2025-07-31,1930.0,1930.0,1930.0,1930.0,0,0,1
BANKNIFTY31JUL2548600PE.NFO,2025-05-13,09:19:00,2025-07-31,1930.0,1930.0,1930.0,1930.0,0,0,1
BANKNIFTY31JUL2548600PE.NFO,2025-05-13,09:20:00,2025-07-31,1930.0,1930.0,1930.0,1930.0,0,0,1
BANKNIFTY31JUL2548600PE.NFO,2025-05-13,09:21:00,2025-07-31,1930.0,1930.0,1930.0,1930.0,0,0,1
BANKNIFTY31JUL2548600PE.NFO,2025-05-13,09:22:00,2025-07-31,1930.0,1930.0,1930.0,1930.0,0,0,1
BANKNIFTY31JUL2548600PE.NFO,2025-05-13,09:23:00,2025-07-31,1930.0,1930.0,1930.0,1930.0,0,0,1
BANKNIFTY31JUL2548600PE.NFO,2025-05-13,09:24:00,2025-07-31,1930.0,1930.0,1930.0,1930.0,0,0,1
BANKNIFTY31JUL2548600PE.NFO,2025-05-13,09:25:00,2025-07-31,1930.0,1930.0,1930.0,1930.0,0,0,1
BANKNIFTY31JUL2548600PE.NFO,2025-05-13,09:26:00,2025-07-31,1930.0,1930.0,1930.0,1930.0,0,0,1
BANKNIFTY31JUL2548600PE.NFO,2025-05-13,09:27:00,2025-07-31,1930.0,1930.0,1930.0,1930.0,0,0,1
BANKNIFTY31JUL2548600PE.NFO,2025-05-13,09:28:00,2025-07-31,1930.0,1930.0,1930.0,1930.0,0,0,1
BANKNIFTY31JUL2548600PE.NFO,2025-05-13,09:29:00,2025-07-31,1930.0,1930.0,1930.0,1930.0,0,0,1
BANKNIFTY31JUL2548600PE.NFO,2025-05-13,09:30:00,2025-07-31,1930.0,1930.0,1930.0,1930.0,0,0,1
BANKNIFTY31JUL2548600PE.NFO,2025-05-13,09:31:00,2025-07-31,1930.0,1930.0,1930.0,1930.0,0,0,1
BANKNIFTY31JUL2548600PE.NFO,2025-05-13,09:32:00,2025-07-31,1930.0,1930.0,1930.0,1930.0,0,0,1
BANKNIFTY31JUL2548600PE.NFO,2025-05-13,09:33:00,2025-07-31,1930.0,1930.0,1930.0,1930.0,0,0,1
BANKNIFTY31JUL2548600PE.NFO,2025-05-13,09:34:00,2025-07-31,1930.0,1930.0,1930.0,1930.0,0,0,1
BANKNIFTY31JUL2548600PE.NFO,2025-05-13,09:35:00,2025-07-31,1930.0,1930.0,1930.0,1930.0,0,0,1
BANKNIFTY31JUL2548600PE.NFO,2025-05-13,09:36:00,2025-07-31,1930.0,1930.0,1930.0,1930.0,0,0,1
BANKNIFTY31JUL2548600PE.NFO,2025-05-13,09:37:00,2025-07-31,1930.0,1930.0,1930.0,1930.0,0,0,1
BANKNIFTY31JUL2548600PE.NFO,2025-05-13,09:38:00,2025-07-31,1930.0,1930.0,1930.0,1930.0,0,0,1
BANKNIFTY31JUL2548600PE.NFO,2025-05-13,09:39:00,2025-07-31,1930.0,1930.0,1930.0,1930.0,0,0,1
BANKNIFTY31JUL2548600PE.NFO,2025-05-13,09:40:00,2025-07-31,1930.0,1930.0,1930.0,1930.0,0,0,1
BANKNIFTY31JUL2548600PE.NFO,2025-05-13,09:41:00,2025-07-31,1930.0,1930.0,1930.0,1930.0,0,0,1
BANKNIFTY31JUL2548600PE.NFO,2025-05-13,09:42:00,2025-07-31,1930.0,1930.0,1930.0,1930.0,0,0,1
BANKNIFTY31JUL2548600PE.NFO,2025-05-13,09:43:00,2025-07-31,1930.0,1930.0,1930.0,1930.0,0,0,1
BANKNIFTY31JUL2548600PE.NFO,2025-05-13,09:44:00,2025-07-31,1930.0,1930.0,1930.0,1930.0,0,0,1
BANKNIFTY31JUL2548600PE.NFO,2025-05-13,09:45:00,2025-07-31,1930.0,1930.0,1930.0,1930.0,0,0,1
BANKNIFTY31JUL2548600PE.NFO,2025-05-13,09:46:00,2025-07-31,1930.0,1930.0,1930.0,1930.0,0,0,1
BANKNIFTY31JUL2548600PE.NFO,2025-05-13,09:47:00,2025-07-31,1930.0,1930.0,1930.0,1930.0,0,0,1
BANKNIFTY31JUL2548600PE.NFO,2025-05-13,09:48:00,2025-07-31,1930.0,1930.0,1930.0,1930.0,0,0,1
BANKNIFTY31JUL2548600PE.NFO,2025-05-13,09:49:00,2025-07-31,1930.0,1930.0,1930.0,1930.0,0,0,1
BANKNIFTY31JUL2548600PE.NFO,2025-05-13,09:50:00,2025-07-31,1930.0,1930.0,1930.0,1930.0,0,0,1
BANKNIFTY31JUL2548600PE.NFO,2025-05-13,09:51:00,2025-07-31,1930.0,1930.0,1930.0,1930.0,0,0,1
BANKNIFTY31JUL2548600PE.NFO,2025-05-13,09:52:00,2025-07-31,1930.0,1930.0,1930.0,1930.0,0,0,1
BANKNIFTY31JUL2548600PE.NFO,2025-05-13,09:53:00,2025-07-31,1930.0,1930.0,1930.0,1930.0,0,0,1
BANKNIFTY31JUL2548600PE.NFO,2025-05-13,09:54:00,2025-07-31,1930.0,1930.0,1930.0,1930.0,0,0,1
BANKNIFTY31JUL2548600PE.NFO,2025-05-13,09:55:00,2025-07-31,1930.0,1930.0,1930.0,1930.0,0,0,1
BANKNIFTY31JUL2548600PE.NFO,2025-05-13,09:56:00,2025-07-31,1930.0,1930.0,1930.0,1930.0,0,0,1
BANKNIFTY31JUL2548600PE.NFO,2025-05-13,09:57:00,2025-07-31,1930.0,1930.0,1930.0,1930.0,0,0,1
BANKNIFTY31JUL2548600PE.NFO,2025-05-13,09:58:00,2025-07-31,1930.0,1930.0,1930.0,1930.0,0,0,1
BANKNIFTY31JUL2548600PE.NFO,2025-05-13,09:59:00,2025-07-31,1930.0,1930.0,1930.0,1930.0,0,0,1
BANKNIFTY31JUL2548600PE.NFO,2025-05-13,10:00:00,2025-07-31,1930.0,1930.0,1930.0,1930.0,0,0,1
BANKNIFTY31JUL2548600PE.NFO,2025-05-13,10:01:00,2025-07-31,1930.0,1930.0,1930.0,1930.0,0,0,1
BANKNIFTY31JUL2548600PE.NFO,2025-05-13,10:02:00,2025-07-31,1930.0,1930.0,1930.0,1930.0,0,0,1
BANKNIFTY31JUL2548600PE.NFO,2025-05-13,10:03:00,2025-07-31,1930.0,1930.0,1930.0,1930.0,0,0,1
BANKNIFTY31JUL2548600PE.NFO,2025-05-13,10:04:00,2025-07-31,1930.0,1930.0,1930.0,1930.0,0,0,1
BANKNIFTY31JUL2548600PE.NFO,2025-05-13,10:05:00,2025-07-31,1930.0,1930.0,1930.0,1930.0,0,0,1
BANKNIFTY31JUL2548600PE.NFO,2025-05-13,10:06:00,2025-07-31,1930.0,1930.0,1930.0,1930.0,0,0,1
BANKNIFTY31JUL2548600PE.NFO,2025-05-13,10:07:00,2025-07-31,1930.0,1930.0,1930.0,1930.0,0,0,1
BANKNIFTY31JUL2548600PE.NFO,2025-05-13,10:08:00,2025-07-31,1930.0,1930.0,1930.0,1930.0,0,0,1
BANKNIFTY31JUL2548600PE.NFO,2025-05-13,10:09:00,2025-07-31,1930.0,1930.0,1930.0,1930.0,0,0,1
BANKNIFTY31JUL2548600PE.NFO,2025-05-13,10:10:00,2025-07-31,1930.0,1930.0,1930.0,1930.0,0,0,1
BANKNIFTY31JUL2548600PE.NFO,2025-05-13,10:11:00,2025-07-31,1930.0,1930.0,1930.0,1930.0,0,0,1
BANKNIFTY31JUL2548600PE.NFO,2025-05-13,10:12:00,2025-07-31,1930.0,1930.0,1930.0,1930.0,0,0,1
BANKNIFTY31JUL2548600PE.NFO,2025-05-13,10:13:00,2025-07-31,1930.0,1930.0,1930.0,1930.0,0,0,1
BANKNIFTY31JUL2548600PE.NFO,2025-05-13,10:14:00,2025-07-31,1930.0,1930.0,1930.0,1930.0,0,0,1
BANKNIFTY31JUL2548600PE.NFO,2025-05-13,10:15:00,2025-07-31,1930.0,1930.0,1930.0,1930.0,0,0,1
BANKNIFTY31JUL2548600PE.NFO,2025-05-13,10:16:00,2025-07-31,1930.0,1930.0,1930.0,1930.0,0,0,1
BANKNIFTY31JUL2548600PE.NFO,2025-05-13,10:17:00,2025-07-31,1930.0,1930.0,1930.0,1930.0,0,0,1
BANKNIFTY31JUL2548600PE.NFO,2025-05-13,10:18:00,2025-07-31,1930.0,1930.0,1930.0,1930.0,0,0,1
BANKNIFTY31JUL2548600PE.NFO,2025-05-13,10:19:00,2025-07-31,1930.0,1930.0,1930.0,1930.0,0,0,1
BANKNIFTY31JUL2548600PE.NFO,2025-05-13,10:20:00,2025-07-31,1930.0,1930.0,1930.0,1930.0,0,0,1
BANKNIFTY31JUL2548600PE.NFO,2025-05-13,10:21:00,2025-07-31,1930.0,1930.0,1930.0,1930.0,0,0,1
BANKNIFTY31JUL2548600PE.NFO,2025-05-13,10:22:00,2025-07-31,1930.0,1930.0,1930.0,1930.0,0,0,1
BANKNIFTY31JUL2548600PE.NFO,2025-05-13,10:23:00,2025-07-31,1930.0,1930.0,1930.0,1930.0,0,0,1
BANKNIFTY31JUL2548600PE.NFO,2025-05-13,10:24:00,2025-07-31,1930.0,1930.0,1930.0,1930.0,0,0,1
BANKNIFTY31JUL2548600PE.NFO,2025-05-13,10:25:00,2025-07-31,1930.0,1930.0,1930.0,1930.0,0,0,1
BANKNIFTY31JUL2548600PE.NFO,2025-05-13,10:26:00,2025-07-31,1930.0,1930.0,1930.0,1930.0,0,0,1
BANKNIFTY31JUL2548600PE.NFO,2025-05-13,10:27:00,2025-07-31,1930.0,1930.0,1930.0,1930.0,0,0,1
BANKNIFTY31JUL2548600PE.NFO,2025-05-13,10:28:00,2025-07-31,1930.0,1930.0,1930.0,1930.0,0,0,1
BANKNIFTY31JUL2548600PE.NFO,2025-05-13,10:29:00,2025-07-31,1930.0,1930.0,1930.0,1930.0,0,0,1
BANKNIFTY31JUL2548600PE.NFO,2025-05-13,10:30:00,2025-07-31,1930.0,1930.0,1930.0,1930.0,0,0,1
BANKNIFTY31JUL2548600PE.NFO,2025-05-13,10:31:00,2025-07-31,1930.0,1930.0,1930.0,1930.0,0,0,1
BANKNIFTY31JUL2548600PE.NFO,2025-05-13,10:32:00,2025-07-31,1930.0,1930.0,1930.0,1930.0,0,0,1
BANKNIFTY31JUL2548600PE.NFO,2025-05-13,10:33:00,2025-07-31,1930.0,1930.0,1930.0,1930.0,0,0,1
BANKNIFTY31JUL2548600PE.NFO,2025-05-13,10:34:00,2025-07-31,1930.0,1930.0,1930.0,1930.0,0,0,1
BANKNIFTY31JUL2548600PE.NFO,2025-05-13,10:35:00,2025-07-31,1930.0,1930.0,1930.0,1930.0,0,0,1
BANKNIFTY31JUL2548600PE.NFO,2025-05-13,10:36:00,2025-07-31,1930.0,1930.0,1930.0,1930.0,0,0,1
BANKNIFTY31JUL2548600PE.NFO,2025-05-13,10:37:00,2025-07-31,1930.0,1930.0,1930.0,1930.0,0,0,1
BANKNIFTY31JUL2548600PE.NFO,2025-05-13,10:38:00,2025-07-31,1930.0,1930.0,1930.0,1930.0,0,0,1
BANKNIFTY31JUL2548600PE.NFO,2025-05-13,10:39:00,2025-07-31,1930.0,1930.0,1930.0,1930.0,0,0,1
BANKNIFTY31JUL2548600PE.NFO,2025-05-13,10:40:00,2025-07-31,1930.0,1930.0,1930.0,1930.0,0,0,1
BANKNIFTY31JUL2548600PE.NFO,2025-05-13,10:41:00,2025-07-31,1930.0,1930.0,1930.0,1930.0,0,0,1
BANKNIFTY31JUL2548600PE.NFO,2025-05-13,10:42:00,2025-07-31,1930.0,1930.0,1930.0,1930.0,0,0,1
BANKNIFTY31JUL2548600PE.NFO,2025-05-13,10:43:00,2025-07-31,1930.0,1930.0,1930.0,1930.0,0,0,1
BANKNIFTY31JUL2548600PE.NFO,2025-05-13,10:44:00,2025-07-31,1930.0,1930.0,1930.0,1930.0,0,0,1
BANKNIFTY31JUL2548600PE.NFO,2025-05-13,10:45:00,2025-07-31,1930.0,1930.0,1930.0,1930.0,0,0,1
BANKNIFTY31JUL2548600PE.NFO,2025-05-13,10:46:00,2025-07-31,1930.0,1930.0,1930.0,1930.0,0,0,1
BANKNIFTY31JUL2548600PE.NFO,2025-05-13,10:47:00,2025-07-31,1930.0,1930.0,1930.0,1930.0,0,0,1
BANKNIFTY31JUL2548600PE.NFO,2025-05-13,10:48:00,2025-07-31,1930.0,1930.0,1930.0,1930.0,0,0,1
BANKNIFTY31JUL2548600PE.NFO,2025-05-13,10:49:00,2025-07-31,1930.0,1930.0,1930.0,1930.0,0,0,1
BANKNIFTY31JUL2548600PE.NFO,2025-05-13,10:50:00,2025-07-31,1930.0,1930.0,1930.0,1930.0,0,0,1
BANKNIFTY31JUL2548600PE.NFO,2025-05-13,10:51:00,2025-07-31,1930.0,1930.0,1930.0,1930.0,0,0,1
BANKNIFTY31JUL2548600PE.NFO,2025-05-13,10:52:00,2025-07-31,1930.0,1930.0,1930.0,1930.0,0,0,1
BANKNIFTY31JUL2548600PE.NFO,2025-05-13,10:53:00,2025-07-31,1930.0,1930.0,1930.0,1930.0,0,0,1
BANKNIFTY31JUL2548600PE.NFO,2025-05-13,10:54:00,2025-07-31,1930.0,1930.0,1930.0,1930.0,0,0,1
BANKNIFTY31JUL2548600PE.NFO,2025-05-13,10:55:00,2025-07-31,1930.0,1930.0,1930.0,1930.0,0,0,1
BANKNIFTY31JUL2548600PE.NFO,2025-05-13,10:56:00,2025-07-31,1930.0,1930.0,1930.0,1930.0,0,0,1
BANKNIFTY31JUL2548600PE.NFO,2025-05-13,10:57:00,2025-07-31,1930.0,1930.0,1930.0,1930.0,0,0,1
BANKNIFTY31JUL2548600PE.NFO,2025-05-13,10:58:00,2025-07-31,1930.0,1930.0,1930.0,1930.0,0,0,1
BANKNIFTY31JUL2548600PE.NFO,2025-05-13,10:59:00,2025-07-31,1930.0,1930.0,1930.0,1930.0,0,0,1
BANKNIFTY31JUL2548600PE.NFO,2025-05-13,11:00:00,2025-07-31,1930.0,1930.0,1930.0,1930.0,0,0,1
BANKNIFTY31JUL2548600PE.NFO,2025-05-13,11:01:00,2025-07-31,1930.0,1930.0,1930.0,1930.0,0,0,1
BANKNIFTY31JUL2548600PE.NFO,2025-05-13,11:02:00,2025-07-31,1930.0,1930.0,1930.0,1930.0,0,0,1
BANKNIFTY31JUL2548600PE.NFO,2025-05-13,11:03:00,2025-07-31,1930.0,1930.0,1930.0,1930.0,0,0,1
BANKNIFTY31JUL2548600PE.NFO,2025-05-13,11:04:00,2025-07-31,1930.0,1930.0,1930.0,1930.0,0,0,1
BANKNIFTY31JUL2548600PE.NFO,2025-05-13,11:05:00,2025-07-31,1930.0,1930.0,1930.0,1930.0,0,0,1
BANKNIFTY31JUL2548600PE.NFO,2025-05-13,11:06:00,2025-07-31,1930.0,1930.0,1930.0,1930.0,0,0,1
BANKNIFTY31JUL2548600PE.NFO,2025-05-13,11:07:00,2025-07-31,1930.0,1930.0,1930.0,1930.0,0,0,1
BANKNIFTY31JUL2548600PE.NFO,2025-05-13,11:08:00,2025-07-31,1930.0,1930.0,1930.0,1930.0,0,0,1
BANKNIFTY31JUL2548600PE.NFO,2025-05-13,11:09:00,2025-07-31,1930.0,1930.0,1930.0,1930.0,0,0,1
BANKNIFTY31JUL2548600PE.NFO,2025-05-13,11:10:00,2025-07-31,1930.0,1930.0,1930.0,1930.0,0,0,1
BANKNIFTY31JUL2548600PE.NFO,2025-05-13,11:11:00,2025-07-31,1930.0,1930.0,1930.0,1930.0,0,0,1
BANKNIFTY31JUL2548600PE.NFO,2025-05-13,11:12:00,2025-07-31,1930.0,1930.0,1930.0,1930.0,0,0,1
BANKNIFTY31JUL2548600PE.NFO,2025-05-13,11:13:00,2025-07-31,1930.0,1930.0,1930.0,1930.0,0,0,1
BANKNIFTY31JUL2548600PE.NFO,2025-05-13,11:14:00,2025-07-31,1930.0,1930.0,1930.0,1930.0,0,0,1
BANKNIFTY31JUL2548600PE.NFO,2025-05-13,11:15:00,2025-07-31,1930.0,1930.0,1930.0,1930.0,0,0,1
BANKNIFTY31JUL2548600PE.NFO,2025-05-13,11:16:00,2025-07-31,1930.0,1930.0,1930.0,1930.0,0,0,1
BANKNIFTY31JUL2548600PE.NFO,2025-05-13,11:17:00,2025-07-31,1930.0,1930.0,1930.0,1930.0,0,0,1
BANKNIFTY31JUL2548600PE.NFO,2025-05-13,11:18:00,2025-07-31,1930.0,1930.0,1930.0,1930.0,0,0,1
BANKNIFTY31JUL2548600PE.NFO,2025-05-13,11:19:00,2025-07-31,1930.0,1930.0,1930.0,1930.0,0,0,1
BANKNIFTY31JUL2548600PE.NFO,2025-05-13,11:20:00,2025-07-31,1930.0,1930.0,1930.0,1930.0,0,0,1
BANKNIFTY31JUL2548600PE.NFO,2025-05-13,11:21:00,2025-07-31,1930.0,1930.0,1930.0,1930.0,0,0,1
BANKNIFTY31JUL2548600PE.NFO,2025-05-13,11:22:00,2025-07-31,1930.0,1930.0,1930.0,1930.0,0,0,1
BANKNIFTY31JUL2548600PE.NFO,2025-05-13,11:23:00,2025-07-31,1930.0,1930.0,1930.0,1930.0,0,0,1
BANKNIFTY31JUL2548600PE.NFO,2025-05-13,11:24:00,2025-07-31,1930.0,1930.0,1930.0,1930.0,0,0,1
BANKNIFTY31JUL2548600PE.NFO,2025-05-13,11:25:00,2025-07-31,1930.0,1930.0,1930.0,1930.0,0,0,1
BANKNIFTY31JUL2548600PE.NFO,2025-05-13,11:26:00,2025-07-31,1930.0,1930.0,1930.0,1930.0,0,0,1
BANKNIFTY31JUL2548600PE.NFO,2025-05-13,11:27:00,2025-07-31,1930.0,1930.0,1930.0,1930.0,0,0,1
BANKNIFTY31JUL2548600PE.NFO,2025-05-13,11:28:00,2025-07-31,1930.0,1930.0,1930.0,1930.0,0,0,1
BANKNIFTY31JUL2548600PE.NFO,2025-05-13,11:29:00,2025-07-31,1930.0,1930.0,1930.0,1930.0,0,0,1
BANKNIFTY31JUL2548600PE.NFO,2025-05-13,11:30:00,2025-07-31,1930.0,1930.0,1930.0,1930.0,0,0,1
BANKNIFTY31JUL2548600PE.NFO,2025-05-13,11:31:00,2025-07-31,1930.0,1930.0,1930.0,1930.0,0,0,1
BANKNIFTY31JUL2548600PE.NFO,2025-05-13,11:32:00,2025-07-31,1930.0,1930.0,1930.0,1930.0,0,0,1
BANKNIFTY31JUL2548600PE.NFO,2025-05-13,11:33:00,2025-07-31,1930.0,1930.0,1930.0,1930.0,0,0,1
BANKNIFTY31JUL2548600PE.NFO,2025-05-13,11:34:00,2025-07-31,1930.0,1930.0,1930.0,1930.0,0,0,1
BANKNIFTY31JUL2548600PE.NFO,2025-05-13,11:35:00,2025-07-31,1930.0,1930.0,1930.0,1930.0,0,0,1
BANKNIFTY31JUL2548600PE.NFO,2025-05-13,11:36:00,2025-07-31,1930.0,1930.0,1930.0,1930.0,0,0,1
BANKNIFTY31JUL2548600PE.NFO,2025-05-13,11:37:00,2025-07-31,1930.0,1930.0,1930.0,1930.0,0,0,1
BANKNIFTY31JUL2548600PE.NFO,2025-05-13,11:38:00,2025-07-31,1930.0,1930.0,1930.0,1930.0,0,0,1
BANKNIFTY31JUL2548600PE.NFO,2025-05-13,11:39:00,2025-07-31,1930.0,1930.0,1930.0,1930.0,0,0,1
BANKNIFTY31JUL2548600PE.NFO,2025-05-13,11:40:00,2025-07-31,1930.0,1930.0,1930.0,1930.0,0,0,1
BANKNIFTY31JUL2548600PE.NFO,2025-05-13,11:41:00,2025-07-31,1930.0,1930.0,1930.0,1930.0,0,0,1
BANKNIFTY31JUL2548600PE.NFO,2025-05-13,11:42:00,2025-07-31,1930.0,1930.0,1930.0,1930.0,0,0,1
BANKNIFTY31JUL2548600PE.NFO,2025-05-13,11:43:00,2025-07-31,1930.0,1930.0,1930.0,1930.0,0,0,1
BANKNIFTY31JUL2548600PE.NFO,2025-05-13,11:44:00,2025-07-31,1930.0,1930.0,1930.0,1930.0,0,0,1
BANKNIFTY31JUL2548600PE.NFO,2025-05-13,11:45:00,2025-07-31,1930.0,1930.0,1930.0,1930.0,0,0,1
BANKNIFTY31JUL2548600PE.NFO,2025-05-13,11:46:00,2025-07-31,1930.0,1930.0,1930.0,1930.0,0,0,1
BANKNIFTY31JUL2548600PE.NFO,2025-05-13,11:47:00,2025-07-31,1930.0,1930.0,1930.0,1930.0,0,0,1
BANKNIFTY31JUL2548600PE.NFO,2025-05-13,11:48:00,2025-07-31,1930.0,1930.0,1930.0,1930.0,0,0,1
BANKNIFTY31JUL2548600PE.NFO,2025-05-13,11:49:00,2025-07-31,1930.0,1930.0,1930.0,1930.0,0,0,1
BANKNIFTY31JUL2548600PE.NFO,2025-05-13,11:50:00,2025-07-31,1930.0,1930.0,1930.0,1930.0,0,0,1
BANKNIFTY31JUL2548600PE.NFO,2025-05-13,11:51:00,2025-07-31,1930.0,1930.0,1930.0,1930.0,0,0,1
BANKNIFTY31JUL2548600PE.NFO,2025-05-13,11:52:00,2025-07-31,1930.0,1930.0,1930.0,1930.0,0,0,1
BANKNIFTY31JUL2548600PE.NFO,2025-05-13,11:53:00,2025-07-31,1930.0,1930.0,1930.0,1930.0,0,0,1
BANKNIFTY31JUL2548600PE.NFO,2025-05-13,11:54:00,2025-07-31,1930.0,1930.0,1930.0,1930.0,0,0,1
BANKNIFTY31JUL2548600PE.NFO,2025-05-13,11:55:00,2025-07-31,1930.0,1930.0,1930.0,1930.0,0,0,1
BANKNIFTY31JUL2548600PE.NFO,2025-05-13,11:56:00,2025-07-31,1930.0,1930.0,1930.0,1930.0,0,0,1
BANKNIFTY31JUL2548600PE.NFO,2025-05-13,11:57:00,2025-07-31,1930.0,1930.0,1930.0,1930.0,0,0,1
BANKNIFTY31JUL2548600PE.NFO,2025-05-13,11:58:00,2025-07-31,1930.0,1930.0,1930.0,1930.0,0,0,1
BANKNIFTY31JUL2548600PE.NFO,2025-05-13,11:59:00,2025-07-31,1930.0,1930.0,1930.0,1930.0,0,0,1
BANKNIFTY31JUL2548600PE.NFO,2025-05-13,12:00:00,2025-07-31,1930.0,1930.0,1930.0,1930.0,0,0,1
BANKNIFTY31JUL2548600PE.NFO,2025-05-13,12:01:00,2025-07-31,1930.0,1930.0,1930.0,1930.0,0,0,1
BANKNIFTY31JUL2548600PE.NFO,2025-05-13,12:02:00,2025-07-31,1930.0,1930.0,1930.0,1930.0,0,0,1
BANKNIFTY31JUL2548600PE.NFO,2025-05-13,12:03:00,2025-07-31,1930.0,1930.0,1930.0,1930.0,0,0,1
BANKNIFTY31JUL2548600PE.NFO,2025-05-13,12:04:00,2025-07-31,1930.0,1930.0,1930.0,1930.0,0,0,1
BANKNIFTY31JUL2548600PE.NFO,2025-05-13,12:05:00,2025-07-31,1930.0,1930.0,1930.0,1930.0,0,0,1
BANKNIFTY31JUL2548600PE.NFO,2025-05-13,12:06:00,2025-07-31,1930.0,1930.0,1930.0,1930.0,0,0,1
BANKNIFTY31JUL2548600PE.NFO,2025-05-13,12:07:00,2025-07-31,1930.0,1930.0,1930.0,1930.0,0,0,1
BANKNIFTY31JUL2548600PE.NFO,2025-05-13,12:08:00,2025-07-31,1930.0,1930.0,1930.0,1930.0,0,0,1
BANKNIFTY31JUL2548600PE.NFO,2025-05-13,12:09:00,2025-07-31,1930.0,1930.0,1930.0,1930.0,0,0,1
BANKNIFTY31JUL2548600PE.NFO,2025-05-13,12:10:00,2025-07-31,1930.0,1930.0,1930.0,1930.0,0,0,1
BANKNIFTY31JUL2548600PE.NFO,2025-05-13,12:11:00,2025-07-31,1930.0,1930.0,1930.0,1930.0,0,0,1
BANKNIFTY31JUL2548600PE.NFO,2025-05-13,12:12:00,2025-07-31,1930.0,1930.0,1930.0,1930.0,0,0,1
BANKNIFTY31JUL2548600PE.NFO,2025-05-13,12:13:00,2025-07-31,1930.0,1930.0,1930.0,1930.0,0,0,1
BANKNIFTY31JUL2548600PE.NFO,2025-05-13,12:14:00,2025-07-31,1930.0,1930.0,1930.0,1930.0,0,0,1
BANKNIFTY31JUL2548600PE.NFO,2025-05-13,12:15:00,2025-07-31,1930.0,1930.0,1930.0,1930.0,0,0,1
BANKNIFTY31JUL2548600PE.NFO,2025-05-13,12:16:00,2025-07-31,1930.0,1930.0,1930.0,1930.0,0,0,1
BANKNIFTY31JUL2548600PE.NFO,2025-05-13,12:17:00,2025-07-31,1930.0,1930.0,1930.0,1930.0,0,0,1
BANKNIFTY31JUL2548600PE.NFO,2025-05-13,12:18:00,2025-07-31,1930.0,1930.0,1930.0,1930.0,0,0,1
BANKNIFTY31JUL2548600PE.NFO,2025-05-13,12:19:00,2025-07-31,1930.0,1930.0,1930.0,1930.0,0,0,1
BANKNIFTY31JUL2548600PE.NFO,2025-05-13,12:20:00,2025-07-31,1930.0,1930.0,1930.0,1930.0,0,0,1
BANKNIFTY31JUL2548600PE.NFO,2025-05-13,12:21:00,2025-07-31,1930.0,1930.0,1930.0,1930.0,0,0,1
BANKNIFTY31JUL2548600PE.NFO,2025-05-13,12:22:00,2025-07-31,1930.0,1930.0,1930.0,1930.0,0,0,1
BANKNIFTY31JUL2548600PE.NFO,2025-05-13,12:23:00,2025-07-31,1930.0,1930.0,1930.0,1930.0,0,0,1
BANKNIFTY31JUL2548600PE.NFO,2025-05-13,12:24:00,2025-07-31,1930.0,1930.0,1930.0,1930.0,0,0,1
BANKNIFTY31JUL2548600PE.NFO,2025-05-13,12:25:00,2025-07-31,1930.0,1930.0,1930.0,1930.0,0,0,1
BANKNIFTY31JUL2548600PE.NFO,2025-05-13,12:26:00,2025-07-31,1930.0,1930.0,1930.0,1930.0,0,0,1
BANKNIFTY31JUL2548600PE.NFO,2025-05-13,12:27:00,2025-07-31,1930.0,1930.0,1930.0,1930.0,0,0,1
BANKNIFTY31JUL2548600PE.NFO,2025-05-13,12:28:00,2025-07-31,1930.0,1930.0,1930.0,1930.0,0,0,1
BANKNIFTY31JUL2548600PE.NFO,2025-05-13,12:29:00,2025-07-31,1930.0,1930.0,1930.0,1930.0,0,0,1
BANKNIFTY31JUL2548600PE.NFO,2025-05-13,12:30:00,2025-07-31,1930.0,1930.0,1930.0,1930.0,0,0,1
BANKNIFTY31JUL2548600PE.NFO,2025-05-13,12:31:00,2025-07-31,1930.0,1930.0,1930.0,1930.0,0,0,1
BANKNIFTY31JUL2548600PE.NFO,2025-05-13,12:32:00,2025-07-31,1930.0,1930.0,1930.0,1930.0,0,0,1
BANKNIFTY31JUL2548600PE.NFO,2025-05-13,12:33:00,2025-07-31,1930.0,1930.0,1930.0,1930.0,0,0,1
BANKNIFTY31JUL2548600PE.NFO,2025-05-13,12:34:00,2025-07-31,1930.0,1930.0,1930.0,1930.0,0,0,1
BANKNIFTY31JUL2548600PE.NFO,2025-05-13,12:35:00,2025-07-31,1930.0,1930.0,1930.0,1930.0,0,0,1
BANKNIFTY31JUL2548600PE.NFO,2025-05-13,12:36:00,2025-07-31,1930.0,1930.0,1930.0,1930.0,0,0,1
BANKNIFTY31JUL2548600PE.NFO,2025-05-13,12:37:00,2025-07-31,1930.0,1930.0,1930.0,1930.0,0,0,1
BANKNIFTY31JUL2548600PE.NFO,2025-05-13,12:38:00,2025-07-31,1930.0,1930.0,1930.0,1930.0,0,0,1
BANKNIFTY31JUL2548600PE.NFO,2025-05-13,12:39:00,2025-07-31,1930.0,1930.0,1930.0,1930.0,0,0,1
BANKNIFTY31JUL2548600PE.NFO,2025-05-13,12:40:00,2025-07-31,1930.0,1930.0,1930.0,1930.0,0,0,1
BANKNIFTY31JUL2548600PE.NFO,2025-05-13,12:41:00,2025-07-31,1930.0,1930.0,1930.0,1930.0,0,0,1
BANKNIFTY31JUL2548600PE.NFO,2025-05-13,12:42:00,2025-07-31,1930.0,1930.0,1930.0,1930.0,0,0,1
BANKNIFTY31JUL2548600PE.NFO,2025-05-13,12:43:00,2025-07-31,1930.0,1930.0,1930.0,1930.0,0,0,1
BANKNIFTY31JUL2548600PE.NFO,2025-05-13,12:44:00,2025-07-31,1930.0,1930.0,1930.0,1930.0,0,0,1
BANKNIFTY31JUL2548600PE.NFO,2025-05-13,12:45:00,2025-07-31,1930.0,1930.0,1930.0,1930.0,0,0,1
BANKNIFTY31JUL2548600PE.NFO,2025-05-13,12:46:00,2025-07-31,1930.0,1930.0,1930.0,1930.0,0,0,1
BANKNIFTY31JUL2548600PE.NFO,2025-05-13,12:47:00,2025-07-31,1930.0,1930.0,1930.0,1930.0,0,0,1
BANKNIFTY31JUL2548600PE.NFO,2025-05-13,12:48:00,2025-07-31,1930.0,1930.0,1930.0,1930.0,0,0,1
BANKNIFTY31JUL2548600PE.NFO,2025-05-13,12:49:00,2025-07-31,1930.0,1930.0,1930.0,1930.0,0,0,1
BANKNIFTY31JUL2548600PE.NFO,2025-05-13,12:50:00,2025-07-31,1930.0,1930.0,1930.0,1930.0,0,0,1
BANKNIFTY31JUL2548600PE.NFO,2025-05-13,12:51:00,2025-07-31,1930.0,1930.0,1930.0,1930.0,0,0,1
BANKNIFTY31JUL2548600PE.NFO,2025-05-13,12:52:00,2025-07-31,1930.0,1930.0,1930.0,1930.0,0,0,1
BANKNIFTY31JUL2548600PE.NFO,2025-05-13,12:53:00,2025-07-31,1930.0,1930.0,1930.0,1930.0,0,0,1
BANKNIFTY31JUL2548600PE.NFO,2025-05-13,12:54:00,2025-07-31,1930.0,1930.0,1930.0,1930.0,0,0,1
BANKNIFTY31JUL2548600PE.NFO,2025-05-13,12:55:00,2025-07-31,1930.0,1930.0,1930.0,1930.0,0,0,1
BANKNIFTY31JUL2548600PE.NFO,2025-05-13,12:56:00,2025-07-31,1930.0,1930.0,1930.0,1930.0,0,0,1
BANKNIFTY31JUL2548600PE.NFO,2025-05-13,12:57:00,2025-07-31,1930.0,1930.0,1930.0,1930.0,0,0,1
BANKNIFTY31JUL2548600PE.NFO,2025-05-13,12:58:00,2025-07-31,1930.0,1930.0,1930.0,1930.0,0,0,1
BANKNIFTY31JUL2548600PE.NFO,2025-05-13,12:59:00,2025-07-31,1930.0,1930.0,1930.0,1930.0,0,0,1
BANKNIFTY31JUL2548600PE.NFO,2025-05-13,13:00:00,2025-07-31,1930.0,1930.0,1930.0,1930.0,0,0,1
BANKNIFTY31JUL2548600PE.NFO,2025-05-13,13:01:00,2025-07-31,1930.0,1930.0,1930.0,1930.0,0,0,1
BANKNIFTY31JUL2548600PE.NFO,2025-05-13,13:02:00,2025-07-31,1930.0,1930.0,1930.0,1930.0,0,0,1
BANKNIFTY31JUL2548600PE.NFO,2025-05-13,13:03:00,2025-07-31,1930.0,1930.0,1930.0,1930.0,0,0,1
BANKNIFTY31JUL2548600PE.NFO,2025-05-13,13:04:00,2025-07-31,1930.0,1930.0,1930.0,1930.0,0,0,1
BANKNIFTY31JUL2548600PE.NFO,2025-05-13,13:05:00,2025-07-31,1930.0,1930.0,1930.0,1930.0,0,0,1
BANKNIFTY31JUL2548600PE.NFO,2025-05-13,13:06:00,2025-07-31,1930.0,1930.0,1930.0,1930.0,0,0,1
BANKNIFTY31JUL2548600PE.NFO,2025-05-13,13:07:00,2025-07-31,1930.0,1930.0,1930.0,1930.0,0,0,1
BANKNIFTY31JUL2548600PE.NFO,2025-05-13,13:08:00,2025-07-31,1930.0,1930.0,1930.0,1930.0,0,0,1
BANKNIFTY31JUL2548600PE.NFO,2025-05-13,13:09:00,2025-07-31,1930.0,1930.0,1930.0,1930.0,0,0,1
BANKNIFTY31JUL2548600PE.NFO,2025-05-13,13:10:00,2025-07-31,1930.0,1930.0,1930.0,1930.0,0,0,1
BANKNIFTY31JUL2548600PE.NFO,2025-05-13,13:11:00,2025-07-31,1930.0,1930.0,1930.0,1930.0,0,0,1
BANKNIFTY31JUL2548600PE.NFO,2025-05-13,13:12:00,2025-07-31,1930.0,1930.0,1930.0,1930.0,0,0,1
BANKNIFTY31JUL2548600PE.NFO,2025-05-13,13:13:00,2025-07-31,1930.0,1930.0,1930.0,1930.0,0,0,1
BANKNIFTY31JUL2548600PE.NFO,2025-05-13,13:14:00,2025-07-31,1930.0,1930.0,1930.0,1930.0,0,0,1
BANKNIFTY31JUL2548600PE.NFO,2025-05-13,13:15:00,2025-07-31,1930.0,1930.0,1930.0,1930.0,0,0,1
BANKNIFTY31JUL2548600PE.NFO,2025-05-13,13:16:00,2025-07-31,1930.0,1930.0,1930.0,1930.0,0,0,1
BANKNIFTY31JUL2548600PE.NFO,2025-05-13,13:17:00,2025-07-31,1930.0,1930.0,1930.0,1930.0,0,0,1
BANKNIFTY31JUL2548600PE.NFO,2025-05-13,13:18:00,2025-07-31,1930.0,1930.0,1930.0,1930.0,0,0,1
BANKNIFTY31JUL2548600PE.NFO,2025-05-13,13:19:00,2025-07-31,1930.0,1930.0,1930.0,1930.0,0,0,1
BANKNIFTY31JUL2548600PE.NFO,2025-05-13,13:20:00,2025-07-31,1930.0,1930.0,1930.0,1930.0,0,0,1
BANKNIFTY31JUL2548600PE.NFO,2025-05-13,13:21:00,2025-07-31,1930.0,1930.0,1930.0,1930.0,0,0,1
BANKNIFTY31JUL2548600PE.NFO,2025-05-13,13:22:00,2025-07-31,1930.0,1930.0,1930.0,1930.0,0,0,1
BANKNIFTY31JUL2548600PE.NFO,2025-05-13,13:23:00,2025-07-31,1930.0,1930.0,1930.0,1930.0,0,0,1
BANKNIFTY31JUL2548600PE.NFO,2025-05-13,13:24:00,2025-07-31,1930.0,1930.0,1930.0,1930.0,0,0,1
BANKNIFTY31JUL2548600PE.NFO,2025-05-13,13:25:00,2025-07-31,1930.0,1930.0,1930.0,1930.0,0,0,1
BANKNIFTY31JUL2548600PE.NFO,2025-05-13,13:26:00,2025-07-31,1930.0,1930.0,1930.0,1930.0,0,0,1
BANKNIFTY31JUL2548600PE.NFO,2025-05-13,13:27:00,2025-07-31,1930.0,1930.0,1930.0,1930.0,0,0,1
BANKNIFTY31JUL2548600PE.NFO,2025-05-13,13:28:00,2025-07-31,1930.0,1930.0,1930.0,1930.0,0,0,1
BANKNIFTY31JUL2548600PE.NFO,2025-05-13,13:29:00,2025-07-31,1930.0,1930.0,1930.0,1930.0,0,0,1
BANKNIFTY31JUL2548600PE.NFO,2025-05-13,13:30:00,2025-07-31,1930.0,1930.0,1930.0,1930.0,0,0,1
BANKNIFTY31JUL2548600PE.NFO,2025-05-13,13:31:00,2025-07-31,1930.0,1930.0,1930.0,1930.0,0,0,1
BANKNIFTY31JUL2548600PE.NFO,2025-05-13,13:32:00,2025-07-31,1930.0,1930.0,1930.0,1930.0,0,0,1
BANKNIFTY31JUL2548600PE.NFO,2025-05-13,13:33:00,2025-07-31,1930.0,1930.0,1930.0,1930.0,0,0,1
BANKNIFTY31JUL2548600PE.NFO,2025-05-13,13:34:00,2025-07-31,1930.0,1930.0,1930.0,1930.0,0,0,1
BANKNIFTY31JUL2548600PE.NFO,2025-05-13,13:35:00,2025-07-31,1930.0,1930.0,1930.0,1930.0,0,0,1
BANKNIFTY31JUL2548600PE.NFO,2025-05-13,13:36:00,2025-07-31,1930.0,1930.0,1930.0,1930.0,0,0,1
BANKNIFTY31JUL2548600PE.NFO,2025-05-13,13:37:00,2025-07-31,1930.0,1930.0,1930.0,1930.0,0,0,1
BANKNIFTY31JUL2548600PE.NFO,2025-05-13,13:38:00,2025-07-31,1930.0,1930.0,1930.0,1930.0,0,0,1
BANKNIFTY31JUL2548600PE.NFO,2025-05-13,13:39:00,2025-07-31,1930.0,1930.0,1930.0,1930.0,0,0,1
BANKNIFTY31JUL2548600PE.NFO,2025-05-13,13:40:00,2025-07-31,1930.0,1930.0,1930.0,1930.0,0,0,1
BANKNIFTY31JUL2548600PE.NFO,2025-05-13,13:41:00,2025-07-31,1930.0,1930.0,1930.0,1930.0,0,0,1
BANKNIFTY31JUL2548600PE.NFO,2025-05-13,13:42:00,2025-07-31,1930.0,1930.0,1930.0,1930.0,0,0,1
BANKNIFTY31JUL2548600PE.NFO,2025-05-13,13:43:00,2025-07-31,1930.0,1930.0,1930.0,1930.0,0,0,1
BANKNIFTY31JUL2548600PE.NFO,2025-05-13,13:44:00,2025-07-31,1930.0,1930.0,1930.0,1930.0,0,0,1
BANKNIFTY31JUL2548600PE.NFO,2025-05-13,13:45:00,2025-07-31,1930.0,1930.0,1930.0,1930.0,0,0,1
BANKNIFTY31JUL2548600PE.NFO,2025-05-13,13:46:00,2025-07-31,1930.0,1930.0,1930.0,1930.0,0,0,1
BANKNIFTY31JUL2548600PE.NFO,2025-05-13,13:47:00,2025-07-31,1930.0,1930.0,1930.0,1930.0,0,0,1
BANKNIFTY31JUL2548600PE.NFO,2025-05-13,13:48:00,2025-07-31,1930.0,1930.0,1930.0,1930.0,0,0,1
BANKNIFTY31JUL2548600PE.NFO,2025-05-13,13:49:00,2025-07-31,1930.0,1930.0,1930.0,1930.0,0,0,1
BANKNIFTY31JUL2548600PE.NFO,2025-05-13,13:50:00,2025-07-31,1930.0,1930.0,1930.0,1930.0,0,0,1
BANKNIFTY31JUL2548600PE.NFO,2025-05-13,13:51:00,2025-07-31,1930.0,1930.0,1930.0,1930.0,0,0,1
BANKNIFTY31JUL2548600PE.NFO,2025-05-13,13:52:00,2025-07-31,1930.0,1930.0,1930.0,1930.0,0,0,1
BANKNIFTY31JUL2548600PE.NFO,2025-05-13,13:53:00,2025-07-31,1930.0,1930.0,1930.0,1930.0,0,0,1
BANKNIFTY31JUL2548600PE.NFO,2025-05-13,13:54:00,2025-07-31,1930.0,1930.0,1930.0,1930.0,0,0,1
BANKNIFTY31JUL2548600PE.NFO,2025-05-13,13:55:00,2025-07-31,1930.0,1930.0,1930.0,1930.0,0,0,1
BANKNIFTY31JUL2548600PE.NFO,2025-05-13,13:56:00,2025-07-31,1930.0,1930.0,1930.0,1930.0,0,0,1
BANKNIFTY31JUL2548600PE.NFO,2025-05-13,13:57:00,2025-07-31,1930.0,1930.0,1930.0,1930.0,0,0,1
BANKNIFTY31JUL2548600PE.NFO,2025-05-13,13:58:00,2025-07-31,1930.0,1930.0,1930.0,1930.0,0,0,1
BANKNIFTY31JUL2548600PE.NFO,2025-05-13,13:59:00,2025-07-31,1930.0,1930.0,1930.0,1930.0,0,0,1
BANKNIFTY31JUL2548600PE.NFO,2025-05-13,14:00:00,2025-07-31,1930.0,1930.0,1930.0,1930.0,0,0,1
BANKNIFTY31JUL2548600PE.NFO,2025-05-13,14:01:00,2025-07-31,1930.0,1930.0,1930.0,1930.0,0,0,1
BANKNIFTY31JUL2548600PE.NFO,2025-05-13,14:02:00,2025-07-31,1930.0,1930.0,1930.0,1930.0,0,0,1
BANKNIFTY31JUL2548600PE.NFO,2025-05-13,14:03:00,2025-07-31,1930.0,1930.0,1930.0,1930.0,0,0,1
BANKNIFTY31JUL2548600PE.NFO,2025-05-13,14:04:00,2025-07-31,1930.0,1930.0,1930.0,1930.0,0,0,1
BANKNIFTY31JUL2548600PE.NFO,2025-05-13,14:05:00,2025-07-31,1930.0,1930.0,1930.0,1930.0,0,0,1
BANKNIFTY31JUL2548600PE.NFO,2025-05-13,14:06:00,2025-07-31,1930.0,1930.0,1930.0,1930.0,0,0,1
BANKNIFTY31JUL2548600PE.NFO,2025-05-13,14:07:00,2025-07-31,1930.0,1930.0,1930.0,1930.0,0,0,1
BANKNIFTY31JUL2548600PE.NFO,2025-05-13,14:08:00,2025-07-31,1930.0,1930.0,1930.0,1930.0,0,0,1
BANKNIFTY31JUL2548600PE.NFO,2025-05-13,14:09:00,2025-07-31,1930.0,1930.0,1930.0,1930.0,0,0,1
BANKNIFTY31JUL2548600PE.NFO,2025-05-13,14:10:00,2025-07-31,1930.0,1930.0,1930.0,1930.0,0,0,1
BANKNIFTY31JUL2548600PE.NFO,2025-05-13,14:11:00,2025-07-31,1930.0,1930.0,1930.0,1930.0,0,0,1
BANKNIFTY31JUL2548600PE.NFO,2025-05-13,14:12:00,2025-07-31,1930.0,1930.0,1930.0,1930.0,0,0,1
BANKNIFTY31JUL2548600PE.NFO,2025-05-13,14:13:00,2025-07-31,1930.0,1930.0,1930.0,1930.0,0,0,1
BANKNIFTY31JUL2548600PE.NFO,2025-05-13,14:14:00,2025-07-31,1930.0,1930.0,1930.0,1930.0,0,0,1
BANKNIFTY31JUL2548600PE.NFO,2025-05-13,14:15:00,2025-07-31,1930.0,1930.0,1930.0,1930.0,0,0,1
BANKNIFTY31JUL2548600PE.NFO,2025-05-13,14:16:00,2025-07-31,1930.0,1930.0,1930.0,1930.0,0,0,1
BANKNIFTY31JUL2548600PE.NFO,2025-05-13,14:17:00,2025-07-31,1930.0,1930.0,1930.0,1930.0,0,0,1
BANKNIFTY31JUL2548600PE.NFO,2025-05-13,14:18:00,2025-07-31,1930.0,1930.0,1930.0,1930.0,0,0,1
BANKNIFTY31JUL2548600PE.NFO,2025-05-13,14:19:00,2025-07-31,1930.0,1930.0,1930.0,1930.0,0,0,1
BANKNIFTY31JUL2548600PE.NFO,2025-05-13,14:20:00,2025-07-31,1930.0,1930.0,1930.0,1930.0,0,0,1
BANKNIFTY31JUL2548600PE.NFO,2025-05-13,14:21:00,2025-07-31,1930.0,1930.0,1930.0,1930.0,0,0,1
BANKNIFTY31JUL2548600PE.NFO,2025-05-13,14:22:00,2025-07-31,1930.0,1930.0,1930.0,1930.0,0,0,1
BANKNIFTY31JUL2548600PE.NFO,2025-05-13,14:23:00,2025-07-31,1930.0,1930.0,1930.0,1930.0,0,0,1
BANKNIFTY31JUL2548600PE.NFO,2025-05-13,14:24:00,2025-07-31,1930.0,1930.0,1930.0,1930.0,0,0,1
BANKNIFTY31JUL2548600PE.NFO,2025-05-13,14:25:00,2025-07-31,1930.0,1930.0,1930.0,1930.0,0,0,1
BANKNIFTY31JUL2548600PE.NFO,2025-05-13,14:26:00,2025-07-31,1930.0,1930.0,1930.0,1930.0,0,0,1
BANKNIFTY31JUL2548600PE.NFO,2025-05-13,14:27:00,2025-07-31,1930.0,1930.0,1930.0,1930.0,0,0,1
BANKNIFTY31JUL2548600PE.NFO,2025-05-13,14:28:00,2025-07-31,1930.0,1930.0,1930.0,1930.0,0,0,1
BANKNIFTY31JUL2548600PE.NFO,2025-05-13,14:29:00,2025-07-31,1930.0,1930.0,1930.0,1930.0,0,0,1
BANKNIFTY31JUL2548600PE.NFO,2025-05-13,14:30:00,2025-07-31,1930.0,1930.0,1930.0,1930.0,0,0,1
BANKNIFTY31JUL2548600PE.NFO,2025-05-13,14:31:00,2025-07-31,1930.0,1930.0,1930.0,1930.0,0,0,1
BANKNIFTY31JUL2548600PE.NFO,2025-05-13,14:32:00,2025-07-31,1930.0,1930.0,1930.0,1930.0,0,0,1
BANKNIFTY31JUL2548600PE.NFO,2025-05-13,14:33:00,2025-07-31,1930.0,1930.0,1930.0,1930.0,0,0,1
BANKNIFTY31JUL2548600PE.NFO,2025-05-13,14:34:00,2025-07-31,1930.0,1930.0,1930.0,1930.0,0,0,1
BANKNIFTY31JUL2548600PE.NFO,2025-05-13,14:35:00,2025-07-31,1930.0,1930.0,1930.0,1930.0,0,0,1
BANKNIFTY31JUL2548600PE.NFO,2025-05-13,14:36:00,2025-07-31,1930.0,1930.0,1930.0,1930.0,0,0,1
BANKNIFTY31JUL2548600PE.NFO,2025-05-13,14:37:00,2025-07-31,1930.0,1930.0,1930.0,1930.0,0,0,1
BANKNIFTY31JUL2548600PE.NFO,2025-05-13,14:38:00,2025-07-31,1930.0,1930.0,1930.0,1930.0,0,0,1
BANKNIFTY31JUL2548600PE.NFO,2025-05-13,14:39:00,2025-07-31,1930.0,1930.0,1930.0,1930.0,0,0,1
BANKNIFTY31JUL2548600PE.NFO,2025-05-13,14:40:00,2025-07-31,1930.0,1930.0,1930.0,1930.0,0,0,1
BANKNIFTY31JUL2548600PE.NFO,2025-05-13,14:41:00,2025-07-31,1930.0,1930.0,1930.0,1930.0,0,0,1
BANKNIFTY31JUL2548600PE.NFO,2025-05-13,14:42:00,2025-07-31,1930.0,1930.0,1930.0,1930.0,0,0,1
BANKNIFTY31JUL2548600PE.NFO,2025-05-13,14:43:00,2025-07-31,1930.0,1930.0,1930.0,1930.0,0,0,1
BANKNIFTY31JUL2548600PE.NFO,2025-05-13,14:44:00,2025-07-31,1930.0,1930.0,1930.0,1930.0,0,0,1
BANKNIFTY31JUL2548600PE.NFO,2025-05-13,14:45:00,2025-07-31,1930.0,1930.0,1930.0,1930.0,0,0,1
BANKNIFTY31JUL2548600PE.NFO,2025-05-13,14:46:00,2025-07-31,1930.0,1930.0,1930.0,1930.0,0,0,1
BANKNIFTY31JUL2548600PE.NFO,2025-05-13,14:47:00,2025-07-31,1930.0,1930.0,1930.0,1930.0,0,0,1
BANKNIFTY31JUL2548600PE.NFO,2025-05-13,14:48:00,2025-07-31,1930.0,1930.0,1930.0,1930.0,0,0,1
BANKNIFTY31JUL2548600PE.NFO,2025-05-13,14:49:00,2025-07-31,1930.0,1930.0,1930.0,1930.0,0,0,1
BANKNIFTY31JUL2548600PE.NFO,2025-05-13,14:50:00,2025-07-31,1930.0,1930.0,1930.0,1930.0,0,0,1
BANKNIFTY31JUL2548600PE.NFO,2025-05-13,14:51:00,2025-07-31,1930.0,1930.0,1930.0,1930.0,0,0,1
BANKNIFTY31JUL2548600PE.NFO,2025-05-13,14:52:00,2025-07-31,1930.0,1930.0,1930.0,1930.0,0,0,1
BANKNIFTY31JUL2548600PE.NFO,2025-05-13,14:53:00,2025-07-31,1930.0,1930.0,1930.0,1930.0,0,0,1
BANKNIFTY31JUL2548600PE.NFO,2025-05-13,14:54:00,2025-07-31,1930.0,1930.0,1930.0,1930.0,0,0,1
BANKNIFTY31JUL2548600PE.NFO,2025-05-13,14:55:00,2025-07-31,1930.0,1930.0,1930.0,1930.0,0,0,1
BANKNIFTY31JUL2548600PE.NFO,2025-05-13,14:56:00,2025-07-31,1930.0,1930.0,1930.0,1930.0,0,0,1
BANKNIFTY31JUL2548600PE.NFO,2025-05-13,14:57:00,2025-07-31,1930.0,1930.0,1930.0,1930.0,0,0,1
BANKNIFTY31JUL2548600PE.NFO,2025-05-13,14:58:00,2025-07-31,1930.0,1930.0,1930.0,1930.0,0,0,1
BANKNIFTY31JUL2548600PE.NFO,2025-05-13,14:59:00,2025-07-31,1930.0,1930.0,1930.0,1930.0,0,0,1
BANKNIFTY31JUL2548600PE.NFO,2025-05-13,15:00:00,2025-07-31,1930.0,1930.0,1930.0,1930.0,0,0,1
BANKNIFTY31JUL2548600PE.NFO,2025-05-13,15:01:00,2025-07-31,1930.0,1930.0,1930.0,1930.0,0,0,1
BANKNIFTY31JUL2548600PE.NFO,2025-05-13,15:02:00,2025-07-31,1930.0,1930.0,1930.0,1930.0,0,0,1
BANKNIFTY31JUL2548600PE.NFO,2025-05-13,15:03:00,2025-07-31,1930.0,1930.0,1930.0,1930.0,0,0,1
BANKNIFTY31JUL2548600PE.NFO,2025-05-13,15:04:00,2025-07-31,1930.0,1930.0,1930.0,1930.0,0,0,1
BANKNIFTY31JUL2548600PE.NFO,2025-05-13,15:05:00,2025-07-31,1930.0,1930.0,1930.0,1930.0,0,0,1
BANKNIFTY31JUL2548600PE.NFO,2025-05-13,15:06:00,2025-07-31,1930.0,1930.0,1930.0,1930.0,0,0,1
BANKNIFTY31JUL2548600PE.NFO,2025-05-13,15:07:00,2025-07-31,1930.0,1930.0,1930.0,1930.0,0,0,1
BANKNIFTY31JUL2548600PE.NFO,2025-05-13,15:08:00,2025-07-31,1930.0,1930.0,1930.0,1930.0,0,0,1
BANKNIFTY31JUL2548600PE.NFO,2025-05-13,15:09:00,2025-07-31,1930.0,1930.0,1930.0,1930.0,0,0,1
BANKNIFTY31JUL2548600PE.NFO,2025-05-13,15:10:00,2025-07-31,1930.0,1930.0,1930.0,1930.0,0,0,1
BANKNIFTY31JUL2548600PE.NFO,2025-05-13,15:11:00,2025-07-31,1930.0,1930.0,1930.0,1930.0,0,0,1
BANKNIFTY31JUL2548600PE.NFO,2025-05-13,15:12:00,2025-07-31,1930.0,1930.0,1930.0,1930.0,0,0,1
BANKNIFTY31JUL2548600PE.NFO,2025-05-13,15:13:00,2025-07-31,1930.0,1930.0,1930.0,1930.0,0,0,1
BANKNIFTY31JUL2548600PE.NFO,2025-05-13,15:14:00,2025-07-31,1930.0,1930.0,1930.0,1930.0,0,0,1
BANKNIFTY31JUL2548600PE.NFO,2025-05-13,15:15:00,2025-07-31,1930.0,1930.0,1930.0,1930.0,0,0,1
BANKNIFTY31JUL2548600PE.NFO,2025-05-13,15:16:00,2025-07-31,1930.0,1930.0,1930.0,1930.0,0,0,1
BANKNIFTY31JUL2548600PE.NFO,2025-05-13,15:17:00,2025-07-31,1930.0,1930.0,1930.0,1930.0,0,0,1
BANKNIFTY31JUL2548600PE.NFO,2025-05-13,15:18:00,2025-07-31,1930.0,1930.0,1930.0,1930.0,0,0,1
BANKNIFTY31JUL2548600PE.NFO,2025-05-13,15:19:00,2025-07-31,1930.0,1930.0,1930.0,1930.0,0,0,1
BANKNIFTY31JUL2548600PE.NFO,2025-05-13,15:20:00,2025-07-31,1930.0,1930.0,1930.0,1930.0,0,0,1
BANKNIFTY31JUL2548600PE.NFO,2025-05-13,15:21:00,2025-07-31,1930.0,1930.0,1930.0,1930.0,0,0,1
BANKNIFTY31JUL2548600PE.NFO,2025-05-13,15:22:00,2025-07-31,1930.0,1930.0,1930.0,1930.0,0,0,1
BANKNIFTY31JUL2548600PE.NFO,2025-05-13,15:23:00,2025-07-31,1930.0,1930.0,1930.0,1930.0,0,0,1
BANKNIFTY31JUL2548600PE.NFO,2025-05-13,15:24:00,2025-07-31,1930.0,1930.0,1930.0,1930.0,0,0,1
BANKNIFTY31JUL2548600PE.NFO,2025-05-13,15:25:00,2025-07-31,1930.0,1930.0,1930.0,1930.0,0,0,1
BANKNIFTY31JUL2548600PE.NFO,2025-05-13,15:26:00,2025-07-31,1930.0,1930.0,1930.0,1930.0,0,0,1
BANKNIFTY31JUL2548600PE.NFO,2025-05-13,15:27:00,2025-07-31,1930.0,1930.0,1930.0,1930.0,0,0,1
BANKNIFTY31JUL2548600PE.NFO,2025-05-13,15:28:00,2025-07-31,1930.0,1930.0,1930.0,1930.0,0,0,1
BANKNIFTY31JUL2548600PE.NFO,2025-05-13,15:29:00,2025-07-31,1930.0,1930.0,1930.0,1930.0,0,0,1
BANKNIFTY31JUL2548600PE.NFO,2025-05-13,15:30:00,2025-07-31,1930.0,1930.0,1930.0,1930.0,0,0,1
BANKNIFTY31JUL2548600PE.NFO,2025-05-14,09:15:00,2025-07-31,1930.0,1930.0,1930.0,1930.0,0,0,0
BANKNIFTY31JUL2548600PE.NFO,2025-05-14,09:16:00,2025-07-31,1930.0,1930.0,1930.0,1930.0,0,0,1
BANKNIFTY31JUL2548600PE.NFO,2025-05-14,09:17:00,2025-07-31,1930.0,1930.0,1930.0,1930.0,0,0,1
BANKNIFTY31JUL2548600PE.NFO,2025-05-14,09:18:00,2025-07-31,1930.0,1930.0,1930.0,1930.0,0,0,1
BANKNIFTY31JUL2548600PE.NFO,2025-05-14,09:19:00,2025-07-31,1930.0,1930.0,1930.0,1930.0,0,0,1
BANKNIFTY31JUL2548600PE.NFO,2025-05-14,09:20:00,2025-07-31,1930.0,1930.0,1930.0,1930.0,0,0,1
BANKNIFTY31JUL2548600PE.NFO,2025-05-14,09:21:00,2025-07-31,1930.0,1930.0,1930.0,1930.0,0,0,1
BANKNIFTY31JUL2548600PE.NFO,2025-05-14,09:22:00,2025-07-31,1930.0,1930.0,1930.0,1930.0,0,0,1
BANKNIFTY31JUL2548600PE.NFO,2025-05-14,09:23:00,2025-07-31,1930.0,1930.0,1930.0,1930.0,0,0,1
BANKNIFTY31JUL2548600PE.NFO,2025-05-14,09:24:00,2025-07-31,1930.0,1930.0,1930.0,1930.0,0,0,1
BANKNIFTY31JUL2548600PE.NFO,2025-05-14,09:25:00,2025-07-31,1930.0,1930.0,1930.0,1930.0,0,0,1
BANKNIFTY31JUL2548600PE.NFO,2025-05-14,09:26:00,2025-07-31,1930.0,1930.0,1930.0,1930.0,0,0,1
BANKNIFTY31JUL2548600PE.NFO,2025-05-14,09:27:00,2025-07-31,1930.0,1930.0,1930.0,1930.0,0,0,1
BANKNIFTY31JUL2548600PE.NFO,2025-05-14,09:28:00,2025-07-31,1930.0,1930.0,1930.0,1930.0,0,0,1
BANKNIFTY31JUL2548600PE.NFO,2025-05-14,09:29:00,2025-07-31,1930.0,1930.0,1930.0,1930.0,0,0,1
BANKNIFTY31JUL2548600PE.NFO,2025-05-14,09:30:00,2025-07-31,1930.0,1930.0,1930.0,1930.0,0,0,1
BANKNIFTY31JUL2548600PE.NFO,2025-05-14,09:31:00,2025-07-31,1930.0,1930.0,1930.0,1930.0,0,0,1
BANKNIFTY31JUL2548600PE.NFO,2025-05-14,09:32:00,2025-07-31,1930.0,1930.0,1930.0,1930.0,0,0,1
BANKNIFTY31JUL2548600PE.NFO,2025-05-14,09:33:00,2025-07-31,1930.0,1930.0,1930.0,1930.0,0,0,1
BANKNIFTY31JUL2548600PE.NFO,2025-05-14,09:34:00,2025-07-31,1930.0,1930.0,1930.0,1930.0,0,0,1
BANKNIFTY31JUL2548600PE.NFO,2025-05-14,09:35:00,2025-07-31,1930.0,1930.0,1930.0,1930.0,0,0,1
BANKNIFTY31JUL2548600PE.NFO,2025-05-14,09:36:00,2025-07-31,1930.0,1930.0,1930.0,1930.0,0,0,1
BANKNIFTY31JUL2548600PE.NFO,2025-05-14,09:37:00,2025-07-31,1930.0,1930.0,1930.0,1930.0,0,0,1
BANKNIFTY31JUL2548600PE.NFO,2025-05-14,09:38:00,2025-07-31,1930.0,1930.0,1930.0,1930.0,0,0,1
BANKNIFTY31JUL2548600PE.NFO,2025-05-14,09:39:00,2025-07-31,1930.0,1930.0,1930.0,1930.0,0,0,1
BANKNIFTY31JUL2548600PE.NFO,2025-05-14,09:40:00,2025-07-31,1930.0,1930.0,1930.0,1930.0,0,0,1
BANKNIFTY31JUL2548600PE.NFO,2025-05-14,09:41:00,2025-07-31,1930.0,1930.0,1930.0,1930.0,0,0,1
BANKNIFTY31JUL2548600PE.NFO,2025-05-14,09:42:00,2025-07-31,1930.0,1930.0,1930.0,1930.0,0,0,1
BANKNIFTY31JUL2548600PE.NFO,2025-05-14,09:43:00,2025-07-31,1930.0,1930.0,1930.0,1930.0,0,0,1
BANKNIFTY31JUL2548600PE.NFO,2025-05-14,09:44:00,2025-07-31,1930.0,1930.0,1930.0,1930.0,0,0,1
BANKNIFTY31JUL2548600PE.NFO,2025-05-14,09:45:00,2025-07-31,1930.0,1930.0,1930.0,1930.0,0,0,1
BANKNIFTY31JUL2548600PE.NFO,2025-05-14,09:46:00,2025-07-31,1930.0,1930.0,1930.0,1930.0,0,0,1
BANKNIFTY31JUL2548600PE.NFO,2025-05-14,09:47:00,2025-07-31,1930.0,1930.0,1930.0,1930.0,0,0,1
BANKNIFTY31JUL2548600PE.NFO,2025-05-14,09:48:00,2025-07-31,1930.0,1930.0,1930.0,1930.0,0,0,1
BANKNIFTY31JUL2548600PE.NFO,2025-05-14,09:49:00,2025-07-31,1930.0,1930.0,1930.0,1930.0,0,0,1
BANKNIFTY31JUL2548600PE.NFO,2025-05-14,09:50:00,2025-07-31,1930.0,1930.0,1930.0,1930.0,0,0,1
BANKNIFTY31JUL2548600PE.NFO,2025-05-14,09:51:00,2025-07-31,1930.0,1930.0,1930.0,1930.0,0,0,1
BANKNIFTY31JUL2548600PE.NFO,2025-05-14,09:52:00,2025-07-31,1930.0,1930.0,1930.0,1930.0,0,0,1
BANKNIFTY31JUL2548600PE.NFO,2025-05-14,09:53:00,2025-07-31,1930.0,1930.0,1930.0,1930.0,0,0,1
BANKNIFTY31JUL2548600PE.NFO,2025-05-14,09:54:00,2025-07-31,1930.0,1930.0,1930.0,1930.0,0,0,1
BANKNIFTY31JUL2548600PE.NFO,2025-05-14,09:55:00,2025-07-31,1930.0,1930.0,1930.0,1930.0,0,0,1
BANKNIFTY31JUL2548600PE.NFO,2025-05-14,09:56:00,2025-07-31,1930.0,1930.0,1930.0,1930.0,0,0,1
BANKNIFTY31JUL2548600PE.NFO,2025-05-14,09:57:00,2025-07-31,1930.0,1930.0,1930.0,1930.0,0,0,1
BANKNIFTY31JUL2548600PE.NFO,2025-05-14,09:58:00,2025-07-31,1930.0,1930.0,1930.0,1930.0,0,0,1
BANKNIFTY31JUL2548600PE.NFO,2025-05-14,09:59:00,2025-07-31,1930.0,1930.0,1930.0,1930.0,0,0,1
BANKNIFTY31JUL2548600PE.NFO,2025-05-14,10:00:00,2025-07-31,1930.0,1930.0,1930.0,1930.0,0,0,1
BANKNIFTY31JUL2548600PE.NFO,2025-05-14,10:01:00,2025-07-31,1930.0,1930.0,1930.0,1930.0,0,0,1
BANKNIFTY31JUL2548600PE.NFO,2025-05-14,10:02:00,2025-07-31,1930.0,1930.0,1930.0,1930.0,0,0,1
BANKNIFTY31JUL2548600PE.NFO,2025-05-14,10:03:00,2025-07-31,1930.0,1930.0,1930.0,1930.0,0,0,1
BANKNIFTY31JUL2548600PE.NFO,2025-05-14,10:04:00,2025-07-31,1930.0,1930.0,1930.0,1930.0,0,0,1
BANKNIFTY31JUL2548600PE.NFO,2025-05-14,10:05:00,2025-07-31,1930.0,1930.0,1930.0,1930.0,0,0,1
BANKNIFTY31JUL2548600PE.NFO,2025-05-14,10:06:00,2025-07-31,1930.0,1930.0,1930.0,1930.0,0,0,1
BANKNIFTY31JUL2548600PE.NFO,2025-05-14,10:07:00,2025-07-31,1930.0,1930.0,1930.0,1930.0,0,0,1
BANKNIFTY31JUL2548600PE.NFO,2025-05-14,10:08:00,2025-07-31,1930.0,1930.0,1930.0,1930.0,0,0,1
BANKNIFTY31JUL2548600PE.NFO,2025-05-14,10:09:00,2025-07-31,1930.0,1930.0,1930.0,1930.0,0,0,1
BANKNIFTY31JUL2548600PE.NFO,2025-05-14,10:10:00,2025-07-31,1930.0,1930.0,1930.0,1930.0,0,0,1
BANKNIFTY31JUL2548600PE.NFO,2025-05-14,10:11:00,2025-07-31,1930.0,1930.0,1930.0,1930.0,0,0,1
BANKNIFTY31JUL2548600PE.NFO,2025-05-14,10:12:00,2025-07-31,1930.0,1930.0,1930.0,1930.0,0,0,1
BANKNIFTY31JUL2548600PE.NFO,2025-05-14,10:13:00,2025-07-31,1930.0,1930.0,1930.0,1930.0,0,0,1
BANKNIFTY31JUL2548600PE.NFO,2025-05-14,10:14:00,2025-07-31,1930.0,1930.0,1930.0,1930.0,0,0,1
BANKNIFTY31JUL2548600PE.NFO,2025-05-14,10:15:00,2025-07-31,1930.0,1930.0,1930.0,1930.0,0,0,1
BANKNIFTY31JUL2548600PE.NFO,2025-05-14,10:16:00,2025-07-31,1930.0,1930.0,1930.0,1930.0,0,0,1
BANKNIFTY31JUL2548600PE.NFO,2025-05-14,10:17:00,2025-07-31,1930.0,1930.0,1930.0,1930.0,0,0,1
BANKNIFTY31JUL2548600PE.NFO,2025-05-14,10:18:00,2025-07-31,1930.0,1930.0,1930.0,1930.0,0,0,1
BANKNIFTY31JUL2548600PE.NFO,2025-05-14,10:19:00,2025-07-31,1930.0,1930.0,1930.0,1930.0,0,0,1
BANKNIFTY31JUL2548600PE.NFO,2025-05-14,10:20:00,2025-07-31,1930.0,1930.0,1930.0,1930.0,0,0,1
BANKNIFTY31JUL2548600PE.NFO,2025-05-14,10:21:00,2025-07-31,1930.0,1930.0,1930.0,1930.0,0,0,1
BANKNIFTY31JUL2548600PE.NFO,2025-05-14,10:22:00,2025-07-31,1930.0,1930.0,1930.0,1930.0,0,0,1
BANKNIFTY31JUL2548600PE.NFO,2025-05-14,10:23:00,2025-07-31,1930.0,1930.0,1930.0,1930.0,0,0,1
BANKNIFTY31JUL2548600PE.NFO,2025-05-14,10:24:00,2025-07-31,1930.0,1930.0,1930.0,1930.0,0,0,1
BANKNIFTY31JUL2548600PE.NFO,2025-05-14,10:25:00,2025-07-31,1930.0,1930.0,1930.0,1930.0,0,0,1
BANKNIFTY31JUL2548600PE.NFO,2025-05-14,10:26:00,2025-07-31,1930.0,1930.0,1930.0,1930.0,0,0,1
BANKNIFTY31JUL2548600PE.NFO,2025-05-14,10:27:00,2025-07-31,1930.0,1930.0,1930.0,1930.0,0,0,1
BANKNIFTY31JUL2548600PE.NFO,2025-05-14,10:28:00,2025-07-31,1930.0,1930.0,1930.0,1930.0,0,0,1
BANKNIFTY31JUL2548600PE.NFO,2025-05-14,10:29:00,2025-07-31,1930.0,1930.0,1930.0,1930.0,0,0,1
BANKNIFTY31JUL2548600PE.NFO,2025-05-14,10:30:00,2025-07-31,1930.0,1930.0,1930.0,1930.0,0,0,1
BANKNIFTY31JUL2548600PE.NFO,2025-05-14,10:31:00,2025-07-31,1930.0,1930.0,1930.0,1930.0,0,0,1
BANKNIFTY31JUL2548600PE.NFO,2025-05-14,10:32:00,2025-07-31,1930.0,1930.0,1930.0,1930.0,0,0,1
BANKNIFTY31JUL2548600PE.NFO,2025-05-14,10:33:00,2025-07-31,1930.0,1930.0,1930.0,1930.0,0,0,1
BANKNIFTY31JUL2548600PE.NFO,2025-05-14,10:34:00,2025-07-31,1930.0,1930.0,1930.0,1930.0,0,0,1
BANKNIFTY31JUL2548600PE.NFO,2025-05-14,10:35:00,2025-07-31,1930.0,1930.0,1930.0,1930.0,0,0,1
BANKNIFTY31JUL2548600PE.NFO,2025-05-14,10:36:00,2025-07-31,1930.0,1930.0,1930.0,1930.0,0,0,1
BANKNIFTY31JUL2548600PE.NFO,2025-05-14,10:37:00,2025-07-31,1930.0,1930.0,1930.0,1930.0,0,0,1
BANKNIFTY31JUL2548600PE.NFO,2025-05-14,10:38:00,2025-07-31,1930.0,1930.0,1930.0,1930.0,0,0,1
BANKNIFTY31JUL2548600PE.NFO,2025-05-14,10:39:00,2025-07-31,1930.0,1930.0,1930.0,1930.0,0,0,1
BANKNIFTY31JUL2548600PE.NFO,2025-05-14,10:40:00,2025-07-31,1930.0,1930.0,1930.0,1930.0,0,0,1
BANKNIFTY31JUL2548600PE.NFO,2025-05-14,10:41:00,2025-07-31,1930.0,1930.0,1930.0,1930.0,0,0,1
BANKNIFTY31JUL2548600PE.NFO,2025-05-14,10:42:00,2025-07-31,1930.0,1930.0,1930.0,1930.0,0,0,1
BANKNIFTY31JUL2548600PE.NFO,2025-05-14,10:43:00,2025-07-31,1930.0,1930.0,1930.0,1930.0,0,0,1
BANKNIFTY31JUL2548600PE.NFO,2025-05-14,10:44:00,2025-07-31,1930.0,1930.0,1930.0,1930.0,0,0,1
BANKNIFTY31JUL2548600PE.NFO,2025-05-14,10:45:00,2025-07-31,1930.0,1930.0,1930.0,1930.0,0,0,1
BANKNIFTY31JUL2548600PE.NFO,2025-05-14,10:46:00,2025-07-31,1930.0,1930.0,1930.0,1930.0,0,0,1
BANKNIFTY31JUL2548600PE.NFO,2025-05-14,10:47:00,2025-07-31,1930.0,1930.0,1930.0,1930.0,0,0,1
BANKNIFTY31JUL2548600PE.NFO,2025-05-14,10:48:00,2025-07-31,1930.0,1930.0,1930.0,1930.0,0,0,1
BANKNIFTY31JUL2548600PE.NFO,2025-05-14,10:49:00,2025-07-31,1930.0,1930.0,1930.0,1930.0,0,0,1
BANKNIFTY31JUL2548600PE.NFO,2025-05-14,10:50:00,2025-07-31,1930.0,1930.0,1930.0,1930.0,0,0,1
BANKNIFTY31JUL2548600PE.NFO,2025-05-14,10:51:00,2025-07-31,1930.0,1930.0,1930.0,1930.0,0,0,1
BANKNIFTY31JUL2548600PE.NFO,2025-05-14,10:52:00,2025-07-31,1930.0,1930.0,1930.0,1930.0,0,0,1
BANKNIFTY31JUL2548600PE.NFO,2025-05-14,10:53:00,2025-07-31,1930.0,1930.0,1930.0,1930.0,0,0,1
BANKNIFTY31JUL2548600PE.NFO,2025-05-14,10:54:00,2025-07-31,1930.0,1930.0,1930.0,1930.0,0,0,1
BANKNIFTY31JUL2548600PE.NFO,2025-05-14,10:55:00,2025-07-31,1930.0,1930.0,1930.0,1930.0,0,0,1
BANKNIFTY31JUL2548600PE.NFO,2025-05-14,10:56:00,2025-07-31,1930.0,1930.0,1930.0,1930.0,0,0,1
BANKNIFTY31JUL2548600PE.NFO,2025-05-14,10:57:00,2025-07-31,1930.0,1930.0,1930.0,1930.0,0,0,1
BANKNIFTY31JUL2548600PE.NFO,2025-05-14,10:58:00,2025-07-31,1930.0,1930.0,1930.0,1930.0,0,0,1
BANKNIFTY31JUL2548600PE.NFO,2025-05-14,10:59:00,2025-07-31,1930.0,1930.0,1930.0,1930.0,0,0,1
BANKNIFTY31JUL2548600PE.NFO,2025-05-14,11:00:00,2025-07-31,1930.0,1930.0,1930.0,1930.0,0,0,1
BANKNIFTY31JUL2548600PE.NFO,2025-05-14,11:01:00,2025-07-31,1930.0,1930.0,1930.0,1930.0,0,0,1
BANKNIFTY31JUL2548600PE.NFO,2025-05-14,11:02:00,2025-07-31,1930.0,1930.0,1930.0,1930.0,0,0,1
BANKNIFTY31JUL2548600PE.NFO,2025-05-14,11:03:00,2025-07-31,1930.0,1930.0,1930.0,1930.0,0,0,1
BANKNIFTY31JUL2548600PE.NFO,2025-05-14,11:04:00,2025-07-31,1930.0,1930.0,1930.0,1930.0,0,0,1
BANKNIFTY31JUL2548600PE.NFO,2025-05-14,11:05:00,2025-07-31,1930.0,1930.0,1930.0,1930.0,0,0,1
BANKNIFTY31JUL2548600PE.NFO,2025-05-14,11:06:00,2025-07-31,1930.0,1930.0,1930.0,1930.0,0,0,1
BANKNIFTY31JUL2548600PE.NFO,2025-05-14,11:07:00,2025-07-31,1930.0,1930.0,1930.0,1930.0,0,0,1
BANKNIFTY31JUL2548600PE.NFO,2025-05-14,11:08:00,2025-07-31,1930.0,1930.0,1930.0,1930.0,0,0,1
BANKNIFTY31JUL2548600PE.NFO,2025-05-14,11:09:00,2025-07-31,1930.0,1930.0,1930.0,1930.0,0,0,1
BANKNIFTY31JUL2548600PE.NFO,2025-05-14,11:10:00,2025-07-31,1930.0,1930.0,1930.0,1930.0,0,0,1
BANKNIFTY31JUL2548600PE.NFO,2025-05-14,11:11:00,2025-07-31,1930.0,1930.0,1930.0,1930.0,0,0,1
BANKNIFTY31JUL2548600PE.NFO,2025-05-14,11:12:00,2025-07-31,1930.0,1930.0,1930.0,1930.0,0,0,1
BANKNIFTY31JUL2548600PE.NFO,2025-05-14,11:13:00,2025-07-31,1930.0,1930.0,1930.0,1930.0,0,0,1
BANKNIFTY31JUL2548600PE.NFO,2025-05-14,11:14:00,2025-07-31,1930.0,1930.0,1930.0,1930.0,0,0,1
BANKNIFTY31JUL2548600PE.NFO,2025-05-14,11:15:00,2025-07-31,1930.0,1930.0,1930.0,1930.0,0,0,1
BANKNIFTY31JUL2548600PE.NFO,2025-05-14,11:16:00,2025-07-31,1930.0,1930.0,1930.0,1930.0,0,0,1
BANKNIFTY31JUL2548600PE.NFO,2025-05-14,11:17:00,2025-07-31,1930.0,1930.0,1930.0,1930.0,0,0,1
BANKNIFTY31JUL2548600PE.NFO,2025-05-14,11:18:00,2025-07-31,1930.0,1930.0,1930.0,1930.0,0,0,1
BANKNIFTY31JUL2548600PE.NFO,2025-05-14,11:19:00,2025-07-31,1930.0,1930.0,1930.0,1930.0,0,0,1
BANKNIFTY31JUL2548600PE.NFO,2025-05-14,11:20:00,2025-07-31,1930.0,1930.0,1930.0,1930.0,0,0,1
BANKNIFTY31JUL2548600PE.NFO,2025-05-14,11:21:00,2025-07-31,1930.0,1930.0,1930.0,1930.0,0,0,1
BANKNIFTY31JUL2548600PE.NFO,2025-05-14,11:22:00,2025-07-31,1930.0,1930.0,1930.0,1930.0,0,0,1
BANKNIFTY31JUL2548600PE.NFO,2025-05-14,11:23:00,2025-07-31,1930.0,1930.0,1930.0,1930.0,0,0,1
BANKNIFTY31JUL2548600PE.NFO,2025-05-14,11:24:00,2025-07-31,1930.0,1930.0,1930.0,1930.0,0,0,1
BANKNIFTY31JUL2548600PE.NFO,2025-05-14,11:25:00,2025-07-31,1930.0,1930.0,1930.0,1930.0,0,0,1
BANKNIFTY31JUL2548600PE.NFO,2025-05-14,11:26:00,2025-07-31,1930.0,1930.0,1930.0,1930.0,0,0,1
BANKNIFTY31JUL2548600PE.NFO,2025-05-14,11:27:00,2025-07-31,1930.0,1930.0,1930.0,1930.0,0,0,1
BANKNIFTY31JUL2548600PE.NFO,2025-05-14,11:28:00,2025-07-31,1930.0,1930.0,1930.0,1930.0,0,0,1
BANKNIFTY31JUL2548600PE.NFO,2025-05-14,11:29:00,2025-07-31,1930.0,1930.0,1930.0,1930.0,0,0,1
BANKNIFTY31JUL2548600PE.NFO,2025-05-14,11:30:00,2025-07-31,1930.0,1930.0,1930.0,1930.0,0,0,1
BANKNIFTY31JUL2548600PE.NFO,2025-05-14,11:31:00,2025-07-31,1930.0,1930.0,1930.0,1930.0,0,0,1
BANKNIFTY31JUL2548600PE.NFO,2025-05-14,11:32:00,2025-07-31,1930.0,1930.0,1930.0,1930.0,0,0,1
BANKNIFTY31JUL2548600PE.NFO,2025-05-14,11:33:00,2025-07-31,1930.0,1930.0,1930.0,1930.0,0,0,1
BANKNIFTY31JUL2548600PE.NFO,2025-05-14,11:34:00,2025-07-31,1930.0,1930.0,1930.0,1930.0,0,0,1
BANKNIFTY31JUL2548600PE.NFO,2025-05-14,11:35:00,2025-07-31,1930.0,1930.0,1930.0,1930.0,0,0,1
BANKNIFTY31JUL2548600PE.NFO,2025-05-14,11:36:00,2025-07-31,1930.0,1930.0,1930.0,1930.0,0,0,1
BANKNIFTY31JUL2548600PE.NFO,2025-05-14,11:37:00,2025-07-31,1930.0,1930.0,1930.0,1930.0,0,0,1
BANKNIFTY31JUL2548600PE.NFO,2025-05-14,11:38:00,2025-07-31,1930.0,1930.0,1930.0,1930.0,0,0,1
BANKNIFTY31JUL2548600PE.NFO,2025-05-14,11:39:00,2025-07-31,1930.0,1930.0,1930.0,1930.0,0,0,1
BANKNIFTY31JUL2548600PE.NFO,2025-05-14,11:40:00,2025-07-31,1930.0,1930.0,1930.0,1930.0,0,0,1
BANKNIFTY31JUL2548600PE.NFO,2025-05-14,11:41:00,2025-07-31,1930.0,1930.0,1930.0,1930.0,0,0,1
BANKNIFTY31JUL2548600PE.NFO,2025-05-14,11:42:00,2025-07-31,1930.0,1930.0,1930.0,1930.0,0,0,1
BANKNIFTY31JUL2548600PE.NFO,2025-05-14,11:43:00,2025-07-31,1930.0,1930.0,1930.0,1930.0,0,0,1
BANKNIFTY31JUL2548600PE.NFO,2025-05-14,11:44:00,2025-07-31,1930.0,1930.0,1930.0,1930.0,0,0,1
BANKNIFTY31JUL2548600PE.NFO,2025-05-14,11:45:00,2025-07-31,1930.0,1930.0,1930.0,1930.0,0,0,1
BANKNIFTY31JUL2548600PE.NFO,2025-05-14,11:46:00,2025-07-31,1930.0,1930.0,1930.0,1930.0,0,0,1
BANKNIFTY31JUL2548600PE.NFO,2025-05-14,11:47:00,2025-07-31,1930.0,1930.0,1930.0,1930.0,0,0,1
BANKNIFTY31JUL2548600PE.NFO,2025-05-14,11:48:00,2025-07-31,1930.0,1930.0,1930.0,1930.0,0,0,1
BANKNIFTY31JUL2548600PE.NFO,2025-05-14,11:49:00,2025-07-31,1930.0,1930.0,1930.0,1930.0,0,0,1
BANKNIFTY31JUL2548600PE.NFO,2025-05-14,11:50:00,2025-07-31,1930.0,1930.0,1930.0,1930.0,0,0,1
BANKNIFTY31JUL2548600PE.NFO,2025-05-14,11:51:00,2025-07-31,1930.0,1930.0,1930.0,1930.0,0,0,1
BANKNIFTY31JUL2548600PE.NFO,2025-05-14,11:52:00,2025-07-31,1930.0,1930.0,1930.0,1930.0,0,0,1
BANKNIFTY31JUL2548600PE.NFO,2025-05-14,11:53:00,2025-07-31,1930.0,1930.0,1930.0,1930.0,0,0,1
BANKNIFTY31JUL2548600PE.NFO,2025-05-14,11:54:00,2025-07-31,1930.0,1930.0,1930.0,1930.0,0,0,1
BANKNIFTY31JUL2548600PE.NFO,2025-05-14,11:55:00,2025-07-31,1930.0,1930.0,1930.0,1930.0,0,0,1
BANKNIFTY31JUL2548600PE.NFO,2025-05-14,11:56:00,2025-07-31,1930.0,1930.0,1930.0,1930.0,0,0,1
BANKNIFTY31JUL2548600PE.NFO,2025-05-14,11:57:00,2025-07-31,1930.0,1930.0,1930.0,1930.0,0,0,1
BANKNIFTY31JUL2548600PE.NFO,2025-05-14,11:58:00,2025-07-31,1930.0,1930.0,1930.0,1930.0,0,0,1
BANKNIFTY31JUL2548600PE.NFO,2025-05-14,11:59:00,2025-07-31,1930.0,1930.0,1930.0,1930.0,0,0,1
BANKNIFTY31JUL2548600PE.NFO,2025-05-14,12:00:00,2025-07-31,1930.0,1930.0,1930.0,1930.0,0,0,1
BANKNIFTY31JUL2548600PE.NFO,2025-05-14,12:01:00,2025-07-31,1930.0,1930.0,1930.0,1930.0,0,0,1
BANKNIFTY31JUL2548600PE.NFO,2025-05-14,12:02:00,2025-07-31,1930.0,1930.0,1930.0,1930.0,0,0,1
BANKNIFTY31JUL2548600PE.NFO,2025-05-14,12:03:00,2025-07-31,1930.0,1930.0,1930.0,1930.0,0,0,1
BANKNIFTY31JUL2548600PE.NFO,2025-05-14,12:04:00,2025-07-31,1930.0,1930.0,1930.0,1930.0,0,0,1
BANKNIFTY31JUL2548600PE.NFO,2025-05-14,12:05:00,2025-07-31,1930.0,1930.0,1930.0,1930.0,0,0,1
BANKNIFTY31JUL2548600PE.NFO,2025-05-14,12:06:00,2025-07-31,1930.0,1930.0,1930.0,1930.0,0,0,1
BANKNIFTY31JUL2548600PE.NFO,2025-05-14,12:07:00,2025-07-31,1930.0,1930.0,1930.0,1930.0,0,0,1
BANKNIFTY31JUL2548600PE.NFO,2025-05-14,12:08:00,2025-07-31,1930.0,1930.0,1930.0,1930.0,0,0,1
BANKNIFTY31JUL2548600PE.NFO,2025-05-14,12:09:00,2025-07-31,1930.0,1930.0,1930.0,1930.0,0,0,1
BANKNIFTY31JUL2548600PE.NFO,2025-05-14,12:10:00,2025-07-31,1930.0,1930.0,1930.0,1930.0,0,0,1
BANKNIFTY31JUL2548600PE.NFO,2025-05-14,12:11:00,2025-07-31,1930.0,1930.0,1930.0,1930.0,0,0,1
BANKNIFTY31JUL2548600PE.NFO,2025-05-14,12:12:00,2025-07-31,1930.0,1930.0,1930.0,1930.0,0,0,1
BANKNIFTY31JUL2548600PE.NFO,2025-05-14,12:13:00,2025-07-31,1930.0,1930.0,1930.0,1930.0,0,0,1
BANKNIFTY31JUL2548600PE.NFO,2025-05-14,12:14:00,2025-07-31,1930.0,1930.0,1930.0,1930.0,0,0,1
BANKNIFTY31JUL2548600PE.NFO,2025-05-14,12:15:00,2025-07-31,1930.0,1930.0,1930.0,1930.0,0,0,1
BANKNIFTY31JUL2548600PE.NFO,2025-05-14,12:16:00,2025-07-31,1930.0,1930.0,1930.0,1930.0,0,0,1
BANKNIFTY31JUL2548600PE.NFO,2025-05-14,12:17:00,2025-07-31,1930.0,1930.0,1930.0,1930.0,0,0,1
BANKNIFTY31JUL2548600PE.NFO,2025-05-14,12:18:00,2025-07-31,1930.0,1930.0,1930.0,1930.0,0,0,1
BANKNIFTY31JUL2548600PE.NFO,2025-05-14,12:19:00,2025-07-31,1930.0,1930.0,1930.0,1930.0,0,0,1
BANKNIFTY31JUL2548600PE.NFO,2025-05-14,12:20:00,2025-07-31,1930.0,1930.0,1930.0,1930.0,0,0,1
BANKNIFTY31JUL2548600PE.NFO,2025-05-14,12:21:00,2025-07-31,1930.0,1930.0,1930.0,1930.0,0,0,1
BANKNIFTY31JUL2548600PE.NFO,2025-05-14,12:22:00,2025-07-31,1930.0,1930.0,1930.0,1930.0,0,0,1
BANKNIFTY31JUL2548600PE.NFO,2025-05-14,12:23:00,2025-07-31,1930.0,1930.0,1930.0,1930.0,0,0,1
BANKNIFTY31JUL2548600PE.NFO,2025-05-14,12:24:00,2025-07-31,1930.0,1930.0,1930.0,1930.0,0,0,1
BANKNIFTY31JUL2548600PE.NFO,2025-05-14,12:25:00,2025-07-31,1930.0,1930.0,1930.0,1930.0,0,0,1
BANKNIFTY31JUL2548600PE.NFO,2025-05-14,12:26:00,2025-07-31,1930.0,1930.0,1930.0,1930.0,0,0,1
BANKNIFTY31JUL2548600PE.NFO,2025-05-14,12:27:00,2025-07-31,1930.0,1930.0,1930.0,1930.0,0,0,1
BANKNIFTY31JUL2548600PE.NFO,2025-05-14,12:28:00,2025-07-31,1930.0,1930.0,1930.0,1930.0,0,0,1
BANKNIFTY31JUL2548600PE.NFO,2025-05-14,12:29:00,2025-07-31,1930.0,1930.0,1930.0,1930.0,0,0,1
BANKNIFTY31JUL2548600PE.NFO,2025-05-14,12:30:00,2025-07-31,1930.0,1930.0,1930.0,1930.0,0,0,1
BANKNIFTY31JUL2548600PE.NFO,2025-05-14,12:31:00,2025-07-31,1930.0,1930.0,1930.0,1930.0,0,0,1
BANKNIFTY31JUL2548600PE.NFO,2025-05-14,12:32:00,2025-07-31,1930.0,1930.0,1930.0,1930.0,0,0,1
BANKNIFTY31JUL2548600PE.NFO,2025-05-14,12:33:00,2025-07-31,1930.0,1930.0,1930.0,1930.0,0,0,1
BANKNIFTY31JUL2548600PE.NFO,2025-05-14,12:34:00,2025-07-31,1930.0,1930.0,1930.0,1930.0,0,0,1
BANKNIFTY31JUL2548600PE.NFO,2025-05-14,12:35:00,2025-07-31,1930.0,1930.0,1930.0,1930.0,0,0,1
BANKNIFTY31JUL2548600PE.NFO,2025-05-14,12:36:00,2025-07-31,1930.0,1930.0,1930.0,1930.0,0,0,1
BANKNIFTY31JUL2548600PE.NFO,2025-05-14,12:37:00,2025-07-31,1930.0,1930.0,1930.0,1930.0,0,0,1
BANKNIFTY31JUL2548600PE.NFO,2025-05-14,12:38:00,2025-07-31,1930.0,1930.0,1930.0,1930.0,0,0,1
BANKNIFTY31JUL2548600PE.NFO,2025-05-14,12:39:00,2025-07-31,1930.0,1930.0,1930.0,1930.0,0,0,1
BANKNIFTY31JUL2548600PE.NFO,2025-05-14,12:40:00,2025-07-31,1930.0,1930.0,1930.0,1930.0,0,0,1
BANKNIFTY31JUL2548600PE.NFO,2025-05-14,12:41:00,2025-07-31,1930.0,1930.0,1930.0,1930.0,0,0,1
BANKNIFTY31JUL2548600PE.NFO,2025-05-14,12:42:00,2025-07-31,1930.0,1930.0,1930.0,1930.0,0,0,1
BANKNIFTY31JUL2548600PE.NFO,2025-05-14,12:43:00,2025-07-31,1930.0,1930.0,1930.0,1930.0,0,0,1
BANKNIFTY31JUL2548600PE.NFO,2025-05-14,12:44:00,2025-07-31,1930.0,1930.0,1930.0,1930.0,0,0,1
BANKNIFTY31JUL2548600PE.NFO,2025-05-14,12:45:00,2025-07-31,1930.0,1930.0,1930.0,1930.0,0,0,1
BANKNIFTY31JUL2548600PE.NFO,2025-05-14,12:46:00,2025-07-31,1930.0,1930.0,1930.0,1930.0,0,0,1
BANKNIFTY31JUL2548600PE.NFO,2025-05-14,12:47:00,2025-07-31,1930.0,1930.0,1930.0,1930.0,0,0,1
BANKNIFTY31JUL2548600PE.NFO,2025-05-14,12:48:00,2025-07-31,1930.0,1930.0,1930.0,1930.0,0,0,1
BANKNIFTY31JUL2548600PE.NFO,2025-05-14,12:49:00,2025-07-31,1930.0,1930.0,1930.0,1930.0,0,0,1
BANKNIFTY31JUL2548600PE.NFO,2025-05-14,12:50:00,2025-07-31,1930.0,1930.0,1930.0,1930.0,0,0,1
BANKNIFTY31JUL2548600PE.NFO,2025-05-14,12:51:00,2025-07-31,1930.0,1930.0,1930.0,1930.0,0,0,1
BANKNIFTY31JUL2548600PE.NFO,2025-05-14,12:52:00,2025-07-31,1930.0,1930.0,1930.0,1930.0,0,0,1
BANKNIFTY31JUL2548600PE.NFO,2025-05-14,12:53:00,2025-07-31,1930.0,1930.0,1930.0,1930.0,0,0,1
BANKNIFTY31JUL2548600PE.NFO,2025-05-14,12:54:00,2025-07-31,1930.0,1930.0,1930.0,1930.0,0,0,1
BANKNIFTY31JUL2548600PE.NFO,2025-05-14,12:55:00,2025-07-31,1930.0,1930.0,1930.0,1930.0,0,0,1
BANKNIFTY31JUL2548600PE.NFO,2025-05-14,12:56:00,2025-07-31,1930.0,1930.0,1930.0,1930.0,0,0,1
BANKNIFTY31JUL2548600PE.NFO,2025-05-14,12:57:00,2025-07-31,1930.0,1930.0,1930.0,1930.0,0,0,1
BANKNIFTY31JUL2548600PE.NFO,2025-05-14,12:58:00,2025-07-31,1930.0,1930.0,1930.0,1930.0,0,0,1
BANKNIFTY31JUL2548600PE.NFO,2025-05-14,12:59:00,2025-07-31,1930.0,1930.0,1930.0,1930.0,0,0,1
BANKNIFTY31JUL2548600PE.NFO,2025-05-14,13:00:00,2025-07-31,1930.0,1930.0,1930.0,1930.0,0,0,1
BANKNIFTY31JUL2548600PE.NFO,2025-05-14,13:01:00,2025-07-31,1930.0,1930.0,1930.0,1930.0,0,0,1
BANKNIFTY31JUL2548600PE.NFO,2025-05-14,13:02:00,2025-07-31,1930.0,1930.0,1930.0,1930.0,0,0,1
BANKNIFTY31JUL2548600PE.NFO,2025-05-14,13:03:00,2025-07-31,1930.0,1930.0,1930.0,1930.0,0,0,1
BANKNIFTY31JUL2548600PE.NFO,2025-05-14,13:04:00,2025-07-31,1930.0,1930.0,1930.0,1930.0,0,0,1
BANKNIFTY31JUL2548600PE.NFO,2025-05-14,13:05:00,2025-07-31,1930.0,1930.0,1930.0,1930.0,0,0,1
BANKNIFTY31JUL2548600PE.NFO,2025-05-14,13:06:00,2025-07-31,1930.0,1930.0,1930.0,1930.0,0,0,1
BANKNIFTY31JUL2548600PE.NFO,2025-05-14,13:07:00,2025-07-31,1930.0,1930.0,1930.0,1930.0,0,0,1
BANKNIFTY31JUL2548600PE.NFO,2025-05-14,13:08:00,2025-07-31,1930.0,1930.0,1930.0,1930.0,0,0,1
BANKNIFTY31JUL2548600PE.NFO,2025-05-14,13:09:00,2025-07-31,1930.0,1930.0,1930.0,1930.0,0,0,1
BANKNIFTY31JUL2548600PE.NFO,2025-05-14,13:10:00,2025-07-31,1930.0,1930.0,1930.0,1930.0,0,0,1
BANKNIFTY31JUL2548600PE.NFO,2025-05-14,13:11:00,2025-07-31,1930.0,1930.0,1930.0,1930.0,0,0,1
BANKNIFTY31JUL2548600PE.NFO,2025-05-14,13:12:00,2025-07-31,1930.0,1930.0,1930.0,1930.0,0,0,1
BANKNIFTY31JUL2548600PE.NFO,2025-05-14,13:13:00,2025-07-31,1930.0,1930.0,1930.0,1930.0,0,0,1
BANKNIFTY31JUL2548600PE.NFO,2025-05-14,13:14:00,2025-07-31,1930.0,1930.0,1930.0,1930.0,0,0,1
BANKNIFTY31JUL2548600PE.NFO,2025-05-14,13:15:00,2025-07-31,1930.0,1930.0,1930.0,1930.0,0,0,1
BANKNIFTY31JUL2548600PE.NFO,2025-05-14,13:16:00,2025-07-31,1930.0,1930.0,1930.0,1930.0,0,0,1
BANKNIFTY31JUL2548600PE.NFO,2025-05-14,13:17:00,2025-07-31,1930.0,1930.0,1930.0,1930.0,0,0,1
BANKNIFTY31JUL2548600PE.NFO,2025-05-14,13:18:00,2025-07-31,1930.0,1930.0,1930.0,1930.0,0,0,1
BANKNIFTY31JUL2548600PE.NFO,2025-05-14,13:19:00,2025-07-31,1930.0,1930.0,1930.0,1930.0,0,0,1
BANKNIFTY31JUL2548600PE.NFO,2025-05-14,13:20:00,2025-07-31,1930.0,1930.0,1930.0,1930.0,0,0,1
BANKNIFTY31JUL2548600PE.NFO,2025-05-14,13:21:00,2025-07-31,1930.0,1930.0,1930.0,1930.0,0,0,1
BANKNIFTY31JUL2548600PE.NFO,2025-05-14,13:22:00,2025-07-31,1930.0,1930.0,1930.0,1930.0,0,0,1
BANKNIFTY31JUL2548600PE.NFO,2025-05-14,13:23:00,2025-07-31,1930.0,1930.0,1930.0,1930.0,0,0,1
BANKNIFTY31JUL2548600PE.NFO,2025-05-14,13:24:00,2025-07-31,1930.0,1930.0,1930.0,1930.0,0,0,1
BANKNIFTY31JUL2548600PE.NFO,2025-05-14,13:25:00,2025-07-31,1930.0,1930.0,1930.0,1930.0,0,0,1
BANKNIFTY31JUL2548600PE.NFO,2025-05-14,13:26:00,2025-07-31,1930.0,1930.0,1930.0,1930.0,0,0,1
BANKNIFTY31JUL2548600PE.NFO,2025-05-14,13:27:00,2025-07-31,1930.0,1930.0,1930.0,1930.0,0,0,1
BANKNIFTY31JUL2548600PE.NFO,2025-05-14,13:28:00,2025-07-31,1930.0,1930.0,1930.0,1930.0,0,0,1
BANKNIFTY31JUL2548600PE.NFO,2025-05-14,13:29:00,2025-07-31,1930.0,1930.0,1930.0,1930.0,0,0,1
BANKNIFTY31JUL2548600PE.NFO,2025-05-14,13:30:00,2025-07-31,1930.0,1930.0,1930.0,1930.0,0,0,1
BANKNIFTY31JUL2548600PE.NFO,2025-05-14,13:31:00,2025-07-31,1930.0,1930.0,1930.0,1930.0,0,0,1
BANKNIFTY31JUL2548600PE.NFO,2025-05-14,13:32:00,2025-07-31,1930.0,1930.0,1930.0,1930.0,0,0,1
BANKNIFTY31JUL2548600PE.NFO,2025-05-14,13:33:00,2025-07-31,1930.0,1930.0,1930.0,1930.0,0,0,1
BANKNIFTY31JUL2548600PE.NFO,2025-05-14,13:34:00,2025-07-31,1930.0,1930.0,1930.0,1930.0,0,0,1
BANKNIFTY31JUL2548600PE.NFO,2025-05-14,13:35:00,2025-07-31,1930.0,1930.0,1930.0,1930.0,0,0,1
BANKNIFTY31JUL2548600PE.NFO,2025-05-14,13:36:00,2025-07-31,1930.0,1930.0,1930.0,1930.0,0,0,1
BANKNIFTY31JUL2548600PE.NFO,2025-05-14,13:37:00,2025-07-31,1930.0,1930.0,1930.0,1930.0,0,0,1
BANKNIFTY31JUL2548600PE.NFO,2025-05-14,13:38:00,2025-07-31,1930.0,1930.0,1930.0,1930.0,0,0,1
BANKNIFTY31JUL2548600PE.NFO,2025-05-14,13:39:00,2025-07-31,1930.0,1930.0,1930.0,1930.0,0,0,1
BANKNIFTY31JUL2548600PE.NFO,2025-05-14,13:40:00,2025-07-31,1930.0,1930.0,1930.0,1930.0,0,0,1
BANKNIFTY31JUL2548600PE.NFO,2025-05-14,13:41:00,2025-07-31,1930.0,1930.0,1930.0,1930.0,0,0,1
BANKNIFTY31JUL2548600PE.NFO,2025-05-14,13:42:00,2025-07-31,1930.0,1930.0,1930.0,1930.0,0,0,1
BANKNIFTY31JUL2548600PE.NFO,2025-05-14,13:43:00,2025-07-31,1930.0,1930.0,1930.0,1930.0,0,0,1
BANKNIFTY31JUL2548600PE.NFO,2025-05-14,13:44:00,2025-07-31,1930.0,1930.0,1930.0,1930.0,0,0,1
BANKNIFTY31JUL2548600PE.NFO,2025-05-14,13:45:00,2025-07-31,1930.0,1930.0,1930.0,1930.0,0,0,1
BANKNIFTY31JUL2548600PE.NFO,2025-05-14,13:46:00,2025-07-31,1930.0,1930.0,1930.0,1930.0,0,0,1
BANKNIFTY31JUL2548600PE.NFO,2025-05-14,13:47:00,2025-07-31,1930.0,1930.0,1930.0,1930.0,0,0,1
BANKNIFTY31JUL2548600PE.NFO,2025-05-14,13:48:00,2025-07-31,1930.0,1930.0,1930.0,1930.0,0,0,1
BANKNIFTY31JUL2548600PE.NFO,2025-05-14,13:49:00,2025-07-31,1930.0,1930.0,1930.0,1930.0,0,0,1
BANKNIFTY31JUL2548600PE.NFO,2025-05-14,13:50:00,2025-07-31,1930.0,1930.0,1930.0,1930.0,0,0,1
BANKNIFTY31JUL2548600PE.NFO,2025-05-14,13:51:00,2025-07-31,1930.0,1930.0,1930.0,1930.0,0,0,1
BANKNIFTY31JUL2548600PE.NFO,2025-05-14,13:52:00,2025-07-31,1930.0,1930.0,1930.0,1930.0,0,0,1
BANKNIFTY31JUL2548600PE.NFO,2025-05-14,13:53:00,2025-07-31,1930.0,1930.0,1930.0,1930.0,0,0,1
BANKNIFTY31JUL2548600PE.NFO,2025-05-14,13:54:00,2025-07-31,1930.0,1930.0,1930.0,1930.0,0,0,1
BANKNIFTY31JUL2548600PE.NFO,2025-05-14,13:55:00,2025-07-31,1930.0,1930.0,1930.0,1930.0,0,0,1
BANKNIFTY31JUL2548600PE.NFO,2025-05-14,13:56:00,2025-07-31,1930.0,1930.0,1930.0,1930.0,0,0,1
BANKNIFTY31JUL2548600PE.NFO,2025-05-14,13:57:00,2025-07-31,1930.0,1930.0,1930.0,1930.0,0,0,1
BANKNIFTY31JUL2548600PE.NFO,2025-05-14,13:58:00,2025-07-31,1930.0,1930.0,1930.0,1930.0,0,0,1
BANKNIFTY31JUL2548600PE.NFO,2025-05-14,13:59:00,2025-07-31,1930.0,1930.0,1930.0,1930.0,0,0,1
BANKNIFTY31JUL2548600PE.NFO,2025-05-14,14:00:00,2025-07-31,1930.0,1930.0,1930.0,1930.0,0,0,1
BANKNIFTY31JUL2548600PE.NFO,2025-05-14,14:01:00,2025-07-31,1930.0,1930.0,1930.0,1930.0,0,0,1
BANKNIFTY31JUL2548600PE.NFO,2025-05-14,14:02:00,2025-07-31,1930.0,1930.0,1930.0,1930.0,0,0,1
BANKNIFTY31JUL2548600PE.NFO,2025-05-14,14:03:00,2025-07-31,1930.0,1930.0,1930.0,1930.0,0,0,1
BANKNIFTY31JUL2548600PE.NFO,2025-05-14,14:04:00,2025-07-31,1930.0,1930.0,1930.0,1930.0,0,0,1
BANKNIFTY31JUL2548600PE.NFO,2025-05-14,14:05:00,2025-07-31,1930.0,1930.0,1930.0,1930.0,0,0,1
BANKNIFTY31JUL2548600PE.NFO,2025-05-14,14:06:00,2025-07-31,1930.0,1930.0,1930.0,1930.0,0,0,1
BANKNIFTY31JUL2548600PE.NFO,2025-05-14,14:07:00,2025-07-31,1930.0,1930.0,1930.0,1930.0,0,0,1
BANKNIFTY31JUL2548600PE.NFO,2025-05-14,14:08:00,2025-07-31,1930.0,1930.0,1930.0,1930.0,0,0,1
BANKNIFTY31JUL2548600PE.NFO,2025-05-14,14:09:00,2025-07-31,1930.0,1930.0,1930.0,1930.0,0,0,1
BANKNIFTY31JUL2548600PE.NFO,2025-05-14,14:10:00,2025-07-31,1930.0,1930.0,1930.0,1930.0,0,0,1
BANKNIFTY31JUL2548600PE.NFO,2025-05-14,14:11:00,2025-07-31,1930.0,1930.0,1930.0,1930.0,0,0,1
BANKNIFTY31JUL2548600PE.NFO,2025-05-14,14:12:00,2025-07-31,1930.0,1930.0,1930.0,1930.0,0,0,1
BANKNIFTY31JUL2548600PE.NFO,2025-05-14,14:13:00,2025-07-31,1930.0,1930.0,1930.0,1930.0,0,0,1
BANKNIFTY31JUL2548600PE.NFO,2025-05-14,14:14:00,2025-07-31,1930.0,1930.0,1930.0,1930.0,0,0,1
BANKNIFTY31JUL2548600PE.NFO,2025-05-14,14:15:00,2025-07-31,1930.0,1930.0,1930.0,1930.0,0,0,1
BANKNIFTY31JUL2548600PE.NFO,2025-05-14,14:16:00,2025-07-31,1930.0,1930.0,1930.0,1930.0,0,0,1
BANKNIFTY31JUL2548600PE.NFO,2025-05-14,14:17:00,2025-07-31,1930.0,1930.0,1930.0,1930.0,0,0,1
BANKNIFTY31JUL2548600PE.NFO,2025-05-14,14:18:00,2025-07-31,1930.0,1930.0,1930.0,1930.0,0,0,1
BANKNIFTY31JUL2548600PE.NFO,2025-05-14,14:19:00,2025-07-31,1930.0,1930.0,1930.0,1930.0,0,0,1
BANKNIFTY31JUL2548600PE.NFO,2025-05-14,14:20:00,2025-07-31,1930.0,1930.0,1930.0,1930.0,0,0,1
BANKNIFTY31JUL2548600PE.NFO,2025-05-14,14:21:00,2025-07-31,1930.0,1930.0,1930.0,1930.0,0,0,1
BANKNIFTY31JUL2548600PE.NFO,2025-05-14,14:22:00,2025-07-31,1930.0,1930.0,1930.0,1930.0,0,0,1
BANKNIFTY31JUL2548600PE.NFO,2025-05-14,14:23:00,2025-07-31,1930.0,1930.0,1930.0,1930.0,0,0,1
BANKNIFTY31JUL2548600PE.NFO,2025-05-14,14:24:00,2025-07-31,1930.0,1930.0,1930.0,1930.0,0,0,1
BANKNIFTY31JUL2548600PE.NFO,2025-05-14,14:25:00,2025-07-31,1930.0,1930.0,1930.0,1930.0,0,0,1
BANKNIFTY31JUL2548600PE.NFO,2025-05-14,14:26:00,2025-07-31,1930.0,1930.0,1930.0,1930.0,0,0,1
BANKNIFTY31JUL2548600PE.NFO,2025-05-14,14:27:00,2025-07-31,1930.0,1930.0,1930.0,1930.0,0,0,1
BANKNIFTY31JUL2548600PE.NFO,2025-05-14,14:28:00,2025-07-31,1930.0,1930.0,1930.0,1930.0,0,0,1
BANKNIFTY31JUL2548600PE.NFO,2025-05-14,14:29:00,2025-07-31,1930.0,1930.0,1930.0,1930.0,0,0,1
BANKNIFTY31JUL2548600PE.NFO,2025-05-14,14:30:00,2025-07-31,1930.0,1930.0,1930.0,1930.0,0,0,1
BANKNIFTY31JUL2548600PE.NFO,2025-05-14,14:31:00,2025-07-31,1930.0,1930.0,1930.0,1930.0,0,0,1
BANKNIFTY31JUL2548600PE.NFO,2025-05-14,14:32:00,2025-07-31,1930.0,1930.0,1930.0,1930.0,0,0,1
BANKNIFTY31JUL2548600PE.NFO,2025-05-14,14:33:00,2025-07-31,1930.0,1930.0,1930.0,1930.0,0,0,1
BANKNIFTY31JUL2548600PE.NFO,2025-05-14,14:34:00,2025-07-31,1930.0,1930.0,1930.0,1930.0,0,0,1
BANKNIFTY31JUL2548600PE.NFO,2025-05-14,14:35:00,2025-07-31,1930.0,1930.0,1930.0,1930.0,0,0,1
BANKNIFTY31JUL2548600PE.NFO,2025-05-14,14:36:00,2025-07-31,1930.0,1930.0,1930.0,1930.0,0,0,1
BANKNIFTY31JUL2548600PE.NFO,2025-05-14,14:37:00,2025-07-31,1930.0,1930.0,1930.0,1930.0,0,0,1
BANKNIFTY31JUL2548600PE.NFO,2025-05-14,14:38:00,2025-07-31,1930.0,1930.0,1930.0,1930.0,0,0,1
BANKNIFTY31JUL2548600PE.NFO,2025-05-14,14:39:00,2025-07-31,1930.0,1930.0,1930.0,1930.0,0,0,1
BANKNIFTY31JUL2548600PE.NFO,2025-05-14,14:40:00,2025-07-31,1930.0,1930.0,1930.0,1930.0,0,0,1
BANKNIFTY31JUL2548600PE.NFO,2025-05-14,14:41:00,2025-07-31,1930.0,1930.0,1930.0,1930.0,0,0,1
BANKNIFTY31JUL2548600PE.NFO,2025-05-14,14:42:00,2025-07-31,1930.0,1930.0,1930.0,1930.0,0,0,1
BANKNIFTY31JUL2548600PE.NFO,2025-05-14,14:43:00,2025-07-31,1930.0,1930.0,1930.0,1930.0,0,0,1
BANKNIFTY31JUL2548600PE.NFO,2025-05-14,14:44:00,2025-07-31,1930.0,1930.0,1930.0,1930.0,0,0,1
BANKNIFTY31JUL2548600PE.NFO,2025-05-14,14:45:00,2025-07-31,1930.0,1930.0,1930.0,1930.0,0,0,1
BANKNIFTY31JUL2548600PE.NFO,2025-05-14,14:46:00,2025-07-31,1930.0,1930.0,1930.0,1930.0,0,0,1
BANKNIFTY31JUL2548600PE.NFO,2025-05-14,14:47:00,2025-07-31,1930.0,1930.0,1930.0,1930.0,0,0,1
BANKNIFTY31JUL2548600PE.NFO,2025-05-14,14:48:00,2025-07-31,1930.0,1930.0,1930.0,1930.0,0,0,1
BANKNIFTY31JUL2548600PE.NFO,2025-05-14,14:49:00,2025-07-31,1930.0,1930.0,1930.0,1930.0,0,0,1
BANKNIFTY31JUL2548600PE.NFO,2025-05-14,14:50:00,2025-07-31,1930.0,1930.0,1930.0,1930.0,0,0,1
BANKNIFTY31JUL2548600PE.NFO,2025-05-14,14:51:00,2025-07-31,1930.0,1930.0,1930.0,1930.0,0,0,1
BANKNIFTY31JUL2548600PE.NFO,2025-05-14,14:52:00,2025-07-31,1930.0,1930.0,1930.0,1930.0,0,0,1
BANKNIFTY31JUL2548600PE.NFO,2025-05-14,14:53:00,2025-07-31,1930.0,1930.0,1930.0,1930.0,0,0,1
BANKNIFTY31JUL2548600PE.NFO,2025-05-14,14:54:00,2025-07-31,1930.0,1930.0,1930.0,1930.0,0,0,1
BANKNIFTY31JUL2548600PE.NFO,2025-05-14,14:55:00,2025-07-31,1930.0,1930.0,1930.0,1930.0,0,0,1
BANKNIFTY31JUL2548600PE.NFO,2025-05-14,14:56:00,2025-07-31,1930.0,1930.0,1930.0,1930.0,0,0,1
BANKNIFTY31JUL2548600PE.NFO,2025-05-14,14:57:00,2025-07-31,1930.0,1930.0,1930.0,1930.0,0,0,1
BANKNIFTY31JUL2548600PE.NFO,2025-05-14,14:58:00,2025-07-31,1930.0,1930.0,1930.0,1930.0,0,0,1
BANKNIFTY31JUL2548600PE.NFO,2025-05-14,14:59:00,2025-07-31,1930.0,1930.0,1930.0,1930.0,0,0,1
BANKNIFTY31JUL2548600PE.NFO,2025-05-14,15:00:00,2025-07-31,1930.0,1930.0,1930.0,1930.0,0,0,1
BANKNIFTY31JUL2548600PE.NFO,2025-05-14,15:01:00,2025-07-31,1930.0,1930.0,1930.0,1930.0,0,0,1
BANKNIFTY31JUL2548600PE.NFO,2025-05-14,15:02:00,2025-07-31,1930.0,1930.0,1930.0,1930.0,0,0,1
BANKNIFTY31JUL2548600PE.NFO,2025-05-14,15:03:00,2025-07-31,1930.0,1930.0,1930.0,1930.0,0,0,1
BANKNIFTY31JUL2548600PE.NFO,2025-05-14,15:04:00,2025-07-31,1930.0,1930.0,1930.0,1930.0,0,0,1
BANKNIFTY31JUL2548600PE.NFO,2025-05-14,15:05:00,2025-07-31,1930.0,1930.0,1930.0,1930.0,0,0,1
BANKNIFTY31JUL2548600PE.NFO,2025-05-14,15:06:00,2025-07-31,1930.0,1930.0,1930.0,1930.0,0,0,1
BANKNIFTY31JUL2548600PE.NFO,2025-05-14,15:07:00,2025-07-31,1930.0,1930.0,1930.0,1930.0,0,0,1
BANKNIFTY31JUL2548600PE.NFO,2025-05-14,15:08:00,2025-07-31,1930.0,1930.0,1930.0,1930.0,0,0,1
BANKNIFTY31JUL2548600PE.NFO,2025-05-14,15:09:00,2025-07-31,1930.0,1930.0,1930.0,1930.0,0,0,1
BANKNIFTY31JUL2548600PE.NFO,2025-05-14,15:10:00,2025-07-31,1930.0,1930.0,1930.0,1930.0,0,0,1
BANKNIFTY31JUL2548600PE.NFO,2025-05-14,15:11:00,2025-07-31,1930.0,1930.0,1930.0,1930.0,0,0,1
BANKNIFTY31JUL2548600PE.NFO,2025-05-14,15:12:00,2025-07-31,1930.0,1930.0,1930.0,1930.0,0,0,1
BANKNIFTY31JUL2548600PE.NFO,2025-05-14,15:13:00,2025-07-31,1930.0,1930.0,1930.0,1930.0,0,0,1
BANKNIFTY31JUL2548600PE.NFO,2025-05-14,15:14:00,2025-07-31,1930.0,1930.0,1930.0,1930.0,0,0,1
BANKNIFTY31JUL2548600PE.NFO,2025-05-14,15:15:00,2025-07-31,1930.0,1930.0,1930.0,1930.0,0,0,1
BANKNIFTY31JUL2548600PE.NFO,2025-05-14,15:16:00,2025-07-31,1930.0,1930.0,1930.0,1930.0,0,0,1
BANKNIFTY31JUL2548600PE.NFO,2025-05-14,15:17:00,2025-07-31,1930.0,1930.0,1930.0,1930.0,0,0,1
BANKNIFTY31JUL2548600PE.NFO,2025-05-14,15:18:00,2025-07-31,1930.0,1930.0,1930.0,1930.0,0,0,1
BANKNIFTY31JUL2548600PE.NFO,2025-05-14,15:19:00,2025-07-31,1930.0,1930.0,1930.0,1930.0,0,0,1
BANKNIFTY31JUL2548600PE.NFO,2025-05-14,15:20:00,2025-07-31,1930.0,1930.0,1930.0,1930.0,0,0,1
BANKNIFTY31JUL2548600PE.NFO,2025-05-14,15:21:00,2025-07-31,1930.0,1930.0,1930.0,1930.0,0,0,1
BANKNIFTY31JUL2548600PE.NFO,2025-05-14,15:22:00,2025-07-31,1930.0,1930.0,1930.0,1930.0,0,0,1
BANKNIFTY31JUL2548600PE.NFO,2025-05-14,15:23:00,2025-07-31,1930.0,1930.0,1930.0,1930.0,0,0,1
BANKNIFTY31JUL2548600PE.NFO,2025-05-14,15:24:00,2025-07-31,1930.0,1930.0,1930.0,1930.0,0,0,1
BANKNIFTY31JUL2548600PE.NFO,2025-05-14,15:25:00,2025-07-31,1930.0,1930.0,1930.0,1930.0,0,0,1
BANKNIFTY31JUL2548600PE.NFO,2025-05-14,15:26:00,2025-07-31,1930.0,1930.0,1930.0,1930.0,0,0,1
BANKNIFTY31JUL2548600PE.NFO,2025-05-14,15:27:00,2025-07-31,1930.0,1930.0,1930.0,1930.0,0,0,1
BANKNIFTY31JUL2548600PE.NFO,2025-05-14,15:28:00,2025-07-31,1930.0,1930.0,1930.0,1930.0,0,0,1
BANKNIFTY31JUL2548600PE.NFO,2025-05-14,15:29:00,2025-07-31,1930.0,1930.0,1930.0,1930.0,0,0,1
BANKNIFTY31JUL2548600PE.NFO,2025-05-14,15:30:00,2025-07-31,1930.0,1930.0,1930.0,1930.0,0,0,1
BANKNIFTY31JUL2548600PE.NFO,2025-05-15,09:15:00,2025-07-31,1930.0,1930.0,1930.0,1930.0,0,0,0
BANKNIFTY31JUL2548600PE.NFO,2025-05-15,09:16:00,2025-07-31,1930.0,1930.0,1930.0,1930.0,0,0,1
BANKNIFTY31JUL2548600PE.NFO,2025-05-15,09:17:00,2025-07-31,1930.0,1930.0,1930.0,1930.0,0,0,1
BANKNIFTY31JUL2548600PE.NFO,2025-05-15,09:18:00,2025-07-31,1930.0,1930.0,1930.0,1930.0,0,0,1
BANKNIFTY31JUL2548600PE.NFO,2025-05-15,09:19:00,2025-07-31,1930.0,1930.0,1930.0,1930.0,0,0,1
BANKNIFTY31JUL2548600PE.NFO,2025-05-15,09:20:00,2025-07-31,1930.0,1930.0,1930.0,1930.0,0,0,1
BANKNIFTY31JUL2548600PE.NFO,2025-05-15,09:21:00,2025-07-31,1930.0,1930.0,1930.0,1930.0,0,0,1
BANKNIFTY31JUL2548600PE.NFO,2025-05-15,09:22:00,2025-07-31,1930.0,1930.0,1930.0,1930.0,0,0,1
BANKNIFTY31JUL2548600PE.NFO,2025-05-15,09:23:00,2025-07-31,1930.0,1930.0,1930.0,1930.0,0,0,1
BANKNIFTY31JUL2548600PE.NFO,2025-05-15,09:24:00,2025-07-31,1930.0,1930.0,1930.0,1930.0,0,0,1
BANKNIFTY31JUL2548600PE.NFO,2025-05-15,09:25:00,2025-07-31,1930.0,1930.0,1930.0,1930.0,0,0,1
BANKNIFTY31JUL2548600PE.NFO,2025-05-15,09:26:00,2025-07-31,1930.0,1930.0,1930.0,1930.0,0,0,1
BANKNIFTY31JUL2548600PE.NFO,2025-05-15,09:27:00,2025-07-31,1930.0,1930.0,1930.0,1930.0,0,0,1
BANKNIFTY31JUL2548600PE.NFO,2025-05-15,09:28:00,2025-07-31,1930.0,1930.0,1930.0,1930.0,0,0,1
BANKNIFTY31JUL2548600PE.NFO,2025-05-15,09:29:00,2025-07-31,1930.0,1930.0,1930.0,1930.0,0,0,1
BANKNIFTY31JUL2548600PE.NFO,2025-05-15,09:30:00,2025-07-31,1930.0,1930.0,1930.0,1930.0,0,0,1
BANKNIFTY31JUL2548600PE.NFO,2025-05-15,09:31:00,2025-07-31,1930.0,1930.0,1930.0,1930.0,0,0,1
BANKNIFTY31JUL2548600PE.NFO,2025-05-15,09:32:00,2025-07-31,1930.0,1930.0,1930.0,1930.0,0,0,1
BANKNIFTY31JUL2548600PE.NFO,2025-05-15,09:33:00,2025-07-31,1930.0,1930.0,1930.0,1930.0,0,0,1
BANKNIFTY31JUL2548600PE.NFO,2025-05-15,09:34:00,2025-07-31,1930.0,1930.0,1930.0,1930.0,0,0,1
BANKNIFTY31JUL2548600PE.NFO,2025-05-15,09:35:00,2025-07-31,1930.0,1930.0,1930.0,1930.0,0,0,1
BANKNIFTY31JUL2548600PE.NFO,2025-05-15,09:36:00,2025-07-31,1930.0,1930.0,1930.0,1930.0,0,0,1
BANKNIFTY31JUL2548600PE.NFO,2025-05-15,09:37:00,2025-07-31,1930.0,1930.0,1930.0,1930.0,0,0,1
BANKNIFTY31JUL2548600PE.NFO,2025-05-15,09:38:00,2025-07-31,1930.0,1930.0,1930.0,1930.0,0,0,1
BANKNIFTY31JUL2548600PE.NFO,2025-05-15,09:39:00,2025-07-31,1930.0,1930.0,1930.0,1930.0,0,0,1
BANKNIFTY31JUL2548600PE.NFO,2025-05-15,09:40:00,2025-07-31,1930.0,1930.0,1930.0,1930.0,0,0,1
BANKNIFTY31JUL2548600PE.NFO,2025-05-15,09:41:00,2025-07-31,1930.0,1930.0,1930.0,1930.0,0,0,1
BANKNIFTY31JUL2548600PE.NFO,2025-05-15,09:42:00,2025-07-31,1930.0,1930.0,1930.0,1930.0,0,0,1
BANKNIFTY31JUL2548600PE.NFO,2025-05-15,09:43:00,2025-07-31,1930.0,1930.0,1930.0,1930.0,0,0,1
BANKNIFTY31JUL2548600PE.NFO,2025-05-15,09:44:00,2025-07-31,1930.0,1930.0,1930.0,1930.0,0,0,1
BANKNIFTY31JUL2548600PE.NFO,2025-05-15,09:45:00,2025-07-31,1930.0,1930.0,1930.0,1930.0,0,0,1
BANKNIFTY31JUL2548600PE.NFO,2025-05-15,09:46:00,2025-07-31,1930.0,1930.0,1930.0,1930.0,0,0,1
BANKNIFTY31JUL2548600PE.NFO,2025-05-15,09:47:00,2025-07-31,1930.0,1930.0,1930.0,1930.0,0,0,1
BANKNIFTY31JUL2548600PE.NFO,2025-05-15,09:48:00,2025-07-31,1930.0,1930.0,1930.0,1930.0,0,0,1
BANKNIFTY31JUL2548600PE.NFO,2025-05-15,09:49:00,2025-07-31,1930.0,1930.0,1930.0,1930.0,0,0,1
BANKNIFTY31JUL2548600PE.NFO,2025-05-15,09:50:00,2025-07-31,1930.0,1930.0,1930.0,1930.0,0,0,1
BANKNIFTY31JUL2548600PE.NFO,2025-05-15,09:51:00,2025-07-31,1930.0,1930.0,1930.0,1930.0,0,0,1
BANKNIFTY31JUL2548600PE.NFO,2025-05-15,09:52:00,2025-07-31,1930.0,1930.0,1930.0,1930.0,0,0,1
BANKNIFTY31JUL2548600PE.NFO,2025-05-15,09:53:00,2025-07-31,1930.0,1930.0,1930.0,1930.0,0,0,1
BANKNIFTY31JUL2548600PE.NFO,2025-05-15,09:54:00,2025-07-31,1930.0,1930.0,1930.0,1930.0,0,0,1
BANKNIFTY31JUL2548600PE.NFO,2025-05-15,09:55:00,2025-07-31,1930.0,1930.0,1930.0,1930.0,0,0,1
BANKNIFTY31JUL2548600PE.NFO,2025-05-15,09:56:00,2025-07-31,1930.0,1930.0,1930.0,1930.0,0,0,1
BANKNIFTY31JUL2548600PE.NFO,2025-05-15,09:57:00,2025-07-31,1930.0,1930.0,1930.0,1930.0,0,0,1
BANKNIFTY31JUL2548600PE.NFO,2025-05-15,09:58:00,2025-07-31,1930.0,1930.0,1930.0,1930.0,0,0,1
BANKNIFTY31JUL2548600PE.NFO,2025-05-15,09:59:00,2025-07-31,1930.0,1930.0,1930.0,1930.0,0,0,1
BANKNIFTY31JUL2548600PE.NFO,2025-05-15,10:00:00,2025-07-31,1930.0,1930.0,1930.0,1930.0,0,0,1
BANKNIFTY31JUL2548600PE.NFO,2025-05-15,10:01:00,2025-07-31,1930.0,1930.0,1930.0,1930.0,0,0,1
BANKNIFTY31JUL2548600PE.NFO,2025-05-15,10:02:00,2025-07-31,1930.0,1930.0,1930.0,1930.0,0,0,1
BANKNIFTY31JUL2548600PE.NFO,2025-05-15,10:03:00,2025-07-31,1930.0,1930.0,1930.0,1930.0,0,0,1
BANKNIFTY31JUL2548600PE.NFO,2025-05-15,10:04:00,2025-07-31,1930.0,1930.0,1930.0,1930.0,0,0,1
BANKNIFTY31JUL2548600PE.NFO,2025-05-15,10:05:00,2025-07-31,1930.0,1930.0,1930.0,1930.0,0,0,1
BANKNIFTY31JUL2548600PE.NFO,2025-05-15,10:06:00,2025-07-31,1930.0,1930.0,1930.0,1930.0,0,0,1
BANKNIFTY31JUL2548600PE.NFO,2025-05-15,10:07:00,2025-07-31,1930.0,1930.0,1930.0,1930.0,0,0,1
BANKNIFTY31JUL2548600PE.NFO,2025-05-15,10:08:00,2025-07-31,1930.0,1930.0,1930.0,1930.0,0,0,1
BANKNIFTY31JUL2548600PE.NFO,2025-05-15,10:09:00,2025-07-31,1930.0,1930.0,1930.0,1930.0,0,0,1
BANKNIFTY31JUL2548600PE.NFO,2025-05-15,10:10:00,2025-07-31,1930.0,1930.0,1930.0,1930.0,0,0,1
BANKNIFTY31JUL2548600PE.NFO,2025-05-15,10:11:00,2025-07-31,1930.0,1930.0,1930.0,1930.0,0,0,1
BANKNIFTY31JUL2548600PE.NFO,2025-05-15,10:12:00,2025-07-31,1930.0,1930.0,1930.0,1930.0,0,0,1
BANKNIFTY31JUL2548600PE.NFO,2025-05-15,10:13:00,2025-07-31,1930.0,1930.0,1930.0,1930.0,0,0,1
BANKNIFTY31JUL2548600PE.NFO,2025-05-15,10:14:00,2025-07-31,1930.0,1930.0,1930.0,1930.0,0,0,1
BANKNIFTY31JUL2548600PE.NFO,2025-05-15,10:15:00,2025-07-31,1930.0,1930.0,1930.0,1930.0,0,0,1
BANKNIFTY31JUL2548600PE.NFO,2025-05-15,10:16:00,2025-07-31,1930.0,1930.0,1930.0,1930.0,0,0,1
BANKNIFTY31JUL2548600PE.NFO,2025-05-15,10:17:00,2025-07-31,1930.0,1930.0,1930.0,1930.0,0,0,1
BANKNIFTY31JUL2548600PE.NFO,2025-05-15,10:18:00,2025-07-31,1930.0,1930.0,1930.0,1930.0,0,0,1
BANKNIFTY31JUL2548600PE.NFO,2025-05-15,10:19:00,2025-07-31,1930.0,1930.0,1930.0,1930.0,0,0,1
BANKNIFTY31JUL2548600PE.NFO,2025-05-15,10:20:00,2025-07-31,1930.0,1930.0,1930.0,1930.0,0,0,1
BANKNIFTY31JUL2548600PE.NFO,2025-05-15,10:21:00,2025-07-31,1930.0,1930.0,1930.0,1930.0,0,0,1
BANKNIFTY31JUL2548600PE.NFO,2025-05-15,10:22:00,2025-07-31,1930.0,1930.0,1930.0,1930.0,0,0,1
BANKNIFTY31JUL2548600PE.NFO,2025-05-15,10:23:00,2025-07-31,1930.0,1930.0,1930.0,1930.0,0,0,1
BANKNIFTY31JUL2548600PE.NFO,2025-05-15,10:24:00,2025-07-31,1930.0,1930.0,1930.0,1930.0,0,0,1
BANKNIFTY31JUL2548600PE.NFO,2025-05-15,10:25:00,2025-07-31,1930.0,1930.0,1930.0,1930.0,0,0,1
BANKNIFTY31JUL2548600PE.NFO,2025-05-15,10:26:00,2025-07-31,1930.0,1930.0,1930.0,1930.0,0,0,1
BANKNIFTY31JUL2548600PE.NFO,2025-05-15,10:27:00,2025-07-31,1930.0,1930.0,1930.0,1930.0,0,0,1
BANKNIFTY31JUL2548600PE.NFO,2025-05-15,10:28:00,2025-07-31,1930.0,1930.0,1930.0,1930.0,0,0,1
BANKNIFTY31JUL2548600PE.NFO,2025-05-15,10:29:00,2025-07-31,1930.0,1930.0,1930.0,1930.0,0,0,1
BANKNIFTY31JUL2548600PE.NFO,2025-05-15,10:30:00,2025-07-31,1930.0,1930.0,1930.0,1930.0,0,0,1
BANKNIFTY31JUL2548600PE.NFO,2025-05-15,10:31:00,2025-07-31,1930.0,1930.0,1930.0,1930.0,0,0,1
BANKNIFTY31JUL2548600PE.NFO,2025-05-15,10:32:00,2025-07-31,1930.0,1930.0,1930.0,1930.0,0,0,1
BANKNIFTY31JUL2548600PE.NFO,2025-05-15,10:33:00,2025-07-31,1930.0,1930.0,1930.0,1930.0,0,0,1
BANKNIFTY31JUL2548600PE.NFO,2025-05-15,10:34:00,2025-07-31,1930.0,1930.0,1930.0,1930.0,0,0,1
BANKNIFTY31JUL2548600PE.NFO,2025-05-15,10:35:00,2025-07-31,1930.0,1930.0,1930.0,1930.0,0,0,1
BANKNIFTY31JUL2548600PE.NFO,2025-05-15,10:36:00,2025-07-31,1930.0,1930.0,1930.0,1930.0,0,0,1
BANKNIFTY31JUL2548600PE.NFO,2025-05-15,10:37:00,2025-07-31,1930.0,1930.0,1930.0,1930.0,0,0,1
BANKNIFTY31JUL2548600PE.NFO,2025-05-15,10:38:00,2025-07-31,1930.0,1930.0,1930.0,1930.0,0,0,1
BANKNIFTY31JUL2548600PE.NFO,2025-05-15,10:39:00,2025-07-31,1930.0,1930.0,1930.0,1930.0,0,0,1
BANKNIFTY31JUL2548600PE.NFO,2025-05-15,10:40:00,2025-07-31,1930.0,1930.0,1930.0,1930.0,0,0,1
BANKNIFTY31JUL2548600PE.NFO,2025-05-15,10:41:00,2025-07-31,1930.0,1930.0,1930.0,1930.0,0,0,1
BANKNIFTY31JUL2548600PE.NFO,2025-05-15,10:42:00,2025-07-31,1930.0,1930.0,1930.0,1930.0,0,0,1
BANKNIFTY31JUL2548600PE.NFO,2025-05-15,10:43:00,2025-07-31,1930.0,1930.0,1930.0,1930.0,0,0,1
BANKNIFTY31JUL2548600PE.NFO,2025-05-15,10:44:00,2025-07-31,1930.0,1930.0,1930.0,1930.0,0,0,1
BANKNIFTY31JUL2548600PE.NFO,2025-05-15,10:45:00,2025-07-31,1930.0,1930.0,1930.0,1930.0,0,0,1
BANKNIFTY31JUL2548600PE.NFO,2025-05-15,10:46:00,2025-07-31,1930.0,1930.0,1930.0,1930.0,0,0,1
BANKNIFTY31JUL2548600PE.NFO,2025-05-15,10:47:00,2025-07-31,1930.0,1930.0,1930.0,1930.0,0,0,1
BANKNIFTY31JUL2548600PE.NFO,2025-05-15,10:48:00,2025-07-31,1930.0,1930.0,1930.0,1930.0,0,0,1
BANKNIFTY31JUL2548600PE.NFO,2025-05-15,10:49:00,2025-07-31,1930.0,1930.0,1930.0,1930.0,0,0,1
BANKNIFTY31JUL2548600PE.NFO,2025-05-15,10:50:00,2025-07-31,1930.0,1930.0,1930.0,1930.0,0,0,1
BANKNIFTY31JUL2548600PE.NFO,2025-05-15,10:51:00,2025-07-31,1930.0,1930.0,1930.0,1930.0,0,0,1
BANKNIFTY31JUL2548600PE.NFO,2025-05-15,10:52:00,2025-07-31,1930.0,1930.0,1930.0,1930.0,0,0,1
BANKNIFTY31JUL2548600PE.NFO,2025-05-15,10:53:00,2025-07-31,1930.0,1930.0,1930.0,1930.0,0,0,1
BANKNIFTY31JUL2548600PE.NFO,2025-05-15,10:54:00,2025-07-31,1930.0,1930.0,1930.0,1930.0,0,0,1
BANKNIFTY31JUL2548600PE.NFO,2025-05-15,10:55:00,2025-07-31,1930.0,1930.0,1930.0,1930.0,0,0,1
BANKNIFTY31JUL2548600PE.NFO,2025-05-15,10:56:00,2025-07-31,1930.0,1930.0,1930.0,1930.0,0,0,1
BANKNIFTY31JUL2548600PE.NFO,2025-05-15,10:57:00,2025-07-31,1930.0,1930.0,1930.0,1930.0,0,0,1
BANKNIFTY31JUL2548600PE.NFO,2025-05-15,10:58:00,2025-07-31,1930.0,1930.0,1930.0,1930.0,0,0,1
BANKNIFTY31JUL2548600PE.NFO,2025-05-15,10:59:00,2025-07-31,1930.0,1930.0,1930.0,1930.0,0,0,1
BANKNIFTY31JUL2548600PE.NFO,2025-05-15,11:00:00,2025-07-31,1930.0,1930.0,1930.0,1930.0,0,0,1
BANKNIFTY31JUL2548600PE.NFO,2025-05-15,11:01:00,2025-07-31,1930.0,1930.0,1930.0,1930.0,0,0,1
BANKNIFTY31JUL2548600PE.NFO,2025-05-15,11:02:00,2025-07-31,1930.0,1930.0,1930.0,1930.0,0,0,1
BANKNIFTY31JUL2548600PE.NFO,2025-05-15,11:03:00,2025-07-31,1930.0,1930.0,1930.0,1930.0,0,0,1
BANKNIFTY31JUL2548600PE.NFO,2025-05-15,11:04:00,2025-07-31,1930.0,1930.0,1930.0,1930.0,0,0,1
BANKNIFTY31JUL2548600PE.NFO,2025-05-15,11:05:00,2025-07-31,1930.0,1930.0,1930.0,1930.0,0,0,1
BANKNIFTY31JUL2548600PE.NFO,2025-05-15,11:06:00,2025-07-31,1930.0,1930.0,1930.0,1930.0,0,0,1
BANKNIFTY31JUL2548600PE.NFO,2025-05-15,11:07:00,2025-07-31,1930.0,1930.0,1930.0,1930.0,0,0,1
BANKNIFTY31JUL2548600PE.NFO,2025-05-15,11:08:00,2025-07-31,1930.0,1930.0,1930.0,1930.0,0,0,1
BANKNIFTY31JUL2548600PE.NFO,2025-05-15,11:09:00,2025-07-31,1930.0,1930.0,1930.0,1930.0,0,0,1
BANKNIFTY31JUL2548600PE.NFO,2025-05-15,11:10:00,2025-07-31,1930.0,1930.0,1930.0,1930.0,0,0,1
BANKNIFTY31JUL2548600PE.NFO,2025-05-15,11:11:00,2025-07-31,1930.0,1930.0,1930.0,1930.0,0,0,1
BANKNIFTY31JUL2548600PE.NFO,2025-05-15,11:12:00,2025-07-31,1930.0,1930.0,1930.0,1930.0,0,0,1
BANKNIFTY31JUL2548600PE.NFO,2025-05-15,11:13:00,2025-07-31,1930.0,1930.0,1930.0,1930.0,0,0,1
BANKNIFTY31JUL2548600PE.NFO,2025-05-15,11:14:00,2025-07-31,1930.0,1930.0,1930.0,1930.0,0,0,1
BANKNIFTY31JUL2548600PE.NFO,2025-05-15,11:15:00,2025-07-31,1930.0,1930.0,1930.0,1930.0,0,0,1
BANKNIFTY31JUL2548600PE.NFO,2025-05-15,11:16:00,2025-07-31,1930.0,1930.0,1930.0,1930.0,0,0,1
BANKNIFTY31JUL2548600PE.NFO,2025-05-15,11:17:00,2025-07-31,1930.0,1930.0,1930.0,1930.0,0,0,1
BANKNIFTY31JUL2548600PE.NFO,2025-05-15,11:18:00,2025-07-31,1930.0,1930.0,1930.0,1930.0,0,0,1
BANKNIFTY31JUL2548600PE.NFO,2025-05-15,11:19:00,2025-07-31,1930.0,1930.0,1930.0,1930.0,0,0,1
BANKNIFTY31JUL2548600PE.NFO,2025-05-15,11:20:00,2025-07-31,1930.0,1930.0,1930.0,1930.0,0,0,1
BANKNIFTY31JUL2548600PE.NFO,2025-05-15,11:21:00,2025-07-31,1930.0,1930.0,1930.0,1930.0,0,0,1
BANKNIFTY31JUL2548600PE.NFO,2025-05-15,11:22:00,2025-07-31,1930.0,1930.0,1930.0,1930.0,0,0,1
BANKNIFTY31JUL2548600PE.NFO,2025-05-15,11:23:00,2025-07-31,1930.0,1930.0,1930.0,1930.0,0,0,1
BANKNIFTY31JUL2548600PE.NFO,2025-05-15,11:24:00,2025-07-31,1930.0,1930.0,1930.0,1930.0,0,0,1
BANKNIFTY31JUL2548600PE.NFO,2025-05-15,11:25:00,2025-07-31,1930.0,1930.0,1930.0,1930.0,0,0,1
BANKNIFTY31JUL2548600PE.NFO,2025-05-15,11:26:00,2025-07-31,1930.0,1930.0,1930.0,1930.0,0,0,1
BANKNIFTY31JUL2548600PE.NFO,2025-05-15,11:27:00,2025-07-31,1930.0,1930.0,1930.0,1930.0,0,0,1
BANKNIFTY31JUL2548600PE.NFO,2025-05-15,11:28:00,2025-07-31,1930.0,1930.0,1930.0,1930.0,0,0,1
BANKNIFTY31JUL2548600PE.NFO,2025-05-15,11:29:00,2025-07-31,1930.0,1930.0,1930.0,1930.0,0,0,1
BANKNIFTY31JUL2548600PE.NFO,2025-05-15,11:30:00,2025-07-31,1930.0,1930.0,1930.0,1930.0,0,0,1
BANKNIFTY31JUL2548600PE.NFO,2025-05-15,11:31:00,2025-07-31,1930.0,1930.0,1930.0,1930.0,0,0,1
BANKNIFTY31JUL2548600PE.NFO,2025-05-15,11:32:00,2025-07-31,1930.0,1930.0,1930.0,1930.0,0,0,1
BANKNIFTY31JUL2548600PE.NFO,2025-05-15,11:33:00,2025-07-31,1930.0,1930.0,1930.0,1930.0,0,0,1
BANKNIFTY31JUL2548600PE.NFO,2025-05-15,11:34:00,2025-07-31,1930.0,1930.0,1930.0,1930.0,0,0,1
BANKNIFTY31JUL2548600PE.NFO,2025-05-15,11:35:00,2025-07-31,1930.0,1930.0,1930.0,1930.0,0,0,1
BANKNIFTY31JUL2548600PE.NFO,2025-05-15,11:36:00,2025-07-31,1930.0,1930.0,1930.0,1930.0,0,0,1
BANKNIFTY31JUL2548600PE.NFO,2025-05-15,11:37:00,2025-07-31,1930.0,1930.0,1930.0,1930.0,0,0,1
BANKNIFTY31JUL2548600PE.NFO,2025-05-15,11:38:00,2025-07-31,1930.0,1930.0,1930.0,1930.0,0,0,1
BANKNIFTY31JUL2548600PE.NFO,2025-05-15,11:39:00,2025-07-31,1930.0,1930.0,1930.0,1930.0,0,0,1
BANKNIFTY31JUL2548600PE.NFO,2025-05-15,11:40:00,2025-07-31,1930.0,1930.0,1930.0,1930.0,0,0,1
BANKNIFTY31JUL2548600PE.NFO,2025-05-15,11:41:00,2025-07-31,1930.0,1930.0,1930.0,1930.0,0,0,1
BANKNIFTY31JUL2548600PE.NFO,2025-05-15,11:42:00,2025-07-31,1930.0,1930.0,1930.0,1930.0,0,0,1
BANKNIFTY31JUL2548600PE.NFO,2025-05-15,11:43:00,2025-07-31,1930.0,1930.0,1930.0,1930.0,0,0,1
BANKNIFTY31JUL2548600PE.NFO,2025-05-15,11:44:00,2025-07-31,1930.0,1930.0,1930.0,1930.0,0,0,1
BANKNIFTY31JUL2548600PE.NFO,2025-05-15,11:45:00,2025-07-31,1930.0,1930.0,1930.0,1930.0,0,0,1
BANKNIFTY31JUL2548600PE.NFO,2025-05-15,11:46:00,2025-07-31,1930.0,1930.0,1930.0,1930.0,0,0,1
BANKNIFTY31JUL2548600PE.NFO,2025-05-15,11:47:00,2025-07-31,1930.0,1930.0,1930.0,1930.0,0,0,1
BANKNIFTY31JUL2548600PE.NFO,2025-05-15,11:48:00,2025-07-31,1930.0,1930.0,1930.0,1930.0,0,0,1
BANKNIFTY31JUL2548600PE.NFO,2025-05-15,11:49:00,2025-07-31,1930.0,1930.0,1930.0,1930.0,0,0,1
BANKNIFTY31JUL2548600PE.NFO,2025-05-15,11:50:00,2025-07-31,1930.0,1930.0,1930.0,1930.0,0,0,1
BANKNIFTY31JUL2548600PE.NFO,2025-05-15,11:51:00,2025-07-31,1930.0,1930.0,1930.0,1930.0,0,0,1
BANKNIFTY31JUL2548600PE.NFO,2025-05-15,11:52:00,2025-07-31,1930.0,1930.0,1930.0,1930.0,0,0,1
BANKNIFTY31JUL2548600PE.NFO,2025-05-15,11:53:00,2025-07-31,1930.0,1930.0,1930.0,1930.0,0,0,1
BANKNIFTY31JUL2548600PE.NFO,2025-05-15,11:54:00,2025-07-31,1930.0,1930.0,1930.0,1930.0,0,0,1
BANKNIFTY31JUL2548600PE.NFO,2025-05-15,11:55:00,2025-07-31,1930.0,1930.0,1930.0,1930.0,0,0,1
BANKNIFTY31JUL2548600PE.NFO,2025-05-15,11:56:00,2025-07-31,1930.0,1930.0,1930.0,1930.0,0,0,1
BANKNIFTY31JUL2548600PE.NFO,2025-05-15,11:57:00,2025-07-31,1930.0,1930.0,1930.0,1930.0,0,0,1
BANKNIFTY31JUL2548600PE.NFO,2025-05-15,11:58:00,2025-07-31,1930.0,1930.0,1930.0,1930.0,0,0,1
BANKNIFTY31JUL2548600PE.NFO,2025-05-15,11:59:00,2025-07-31,1930.0,1930.0,1930.0,1930.0,0,0,1
BANKNIFTY31JUL2548600PE.NFO,2025-05-15,12:00:00,2025-07-31,1930.0,1930.0,1930.0,1930.0,0,0,1
BANKNIFTY31JUL2548600PE.NFO,2025-05-15,12:01:00,2025-07-31,1930.0,1930.0,1930.0,1930.0,0,0,1
BANKNIFTY31JUL2548600PE.NFO,2025-05-15,12:02:00,2025-07-31,1930.0,1930.0,1930.0,1930.0,0,0,1
BANKNIFTY31JUL2548600PE.NFO,2025-05-15,12:03:00,2025-07-31,1930.0,1930.0,1930.0,1930.0,0,0,1
BANKNIFTY31JUL2548600PE.NFO,2025-05-15,12:04:00,2025-07-31,1930.0,1930.0,1930.0,1930.0,0,0,1
BANKNIFTY31JUL2548600PE.NFO,2025-05-15,12:05:00,2025-07-31,1930.0,1930.0,1930.0,1930.0,0,0,1
BANKNIFTY31JUL2548600PE.NFO,2025-05-15,12:06:00,2025-07-31,1930.0,1930.0,1930.0,1930.0,0,0,1
BANKNIFTY31JUL2548600PE.NFO,2025-05-15,12:07:00,2025-07-31,1930.0,1930.0,1930.0,1930.0,0,0,1
BANKNIFTY31JUL2548600PE.NFO,2025-05-15,12:08:00,2025-07-31,1930.0,1930.0,1930.0,1930.0,0,0,1
BANKNIFTY31JUL2548600PE.NFO,2025-05-15,12:09:00,2025-07-31,1930.0,1930.0,1930.0,1930.0,0,0,1
BANKNIFTY31JUL2548600PE.NFO,2025-05-15,12:10:00,2025-07-31,1930.0,1930.0,1930.0,1930.0,0,0,1
BANKNIFTY31JUL2548600PE.NFO,2025-05-15,12:11:00,2025-07-31,1930.0,1930.0,1930.0,1930.0,0,0,1
BANKNIFTY31JUL2548600PE.NFO,2025-05-15,12:12:00,2025-07-31,1930.0,1930.0,1930.0,1930.0,0,0,1
BANKNIFTY31JUL2548600PE.NFO,2025-05-15,12:13:00,2025-07-31,1930.0,1930.0,1930.0,1930.0,0,0,1
BANKNIFTY31JUL2548600PE.NFO,2025-05-15,12:14:00,2025-07-31,1930.0,1930.0,1930.0,1930.0,0,0,1
BANKNIFTY31JUL2548600PE.NFO,2025-05-15,12:15:00,2025-07-31,1930.0,1930.0,1930.0,1930.0,0,0,1
BANKNIFTY31JUL2548600PE.NFO,2025-05-15,12:16:00,2025-07-31,1930.0,1930.0,1930.0,1930.0,0,0,1
BANKNIFTY31JUL2548600PE.NFO,2025-05-15,12:17:00,2025-07-31,1930.0,1930.0,1930.0,1930.0,0,0,1
BANKNIFTY31JUL2548600PE.NFO,2025-05-15,12:18:00,2025-07-31,1930.0,1930.0,1930.0,1930.0,0,0,1
BANKNIFTY31JUL2548600PE.NFO,2025-05-15,12:19:00,2025-07-31,1930.0,1930.0,1930.0,1930.0,0,0,1
BANKNIFTY31JUL2548600PE.NFO,2025-05-15,12:20:00,2025-07-31,1930.0,1930.0,1930.0,1930.0,0,0,1
BANKNIFTY31JUL2548600PE.NFO,2025-05-15,12:21:00,2025-07-31,1930.0,1930.0,1930.0,1930.0,0,0,1
BANKNIFTY31JUL2548600PE.NFO,2025-05-15,12:22:00,2025-07-31,1930.0,1930.0,1930.0,1930.0,0,0,1
BANKNIFTY31JUL2548600PE.NFO,2025-05-15,12:23:00,2025-07-31,1930.0,1930.0,1930.0,1930.0,0,0,1
BANKNIFTY31JUL2548600PE.NFO,2025-05-15,12:24:00,2025-07-31,1930.0,1930.0,1930.0,1930.0,0,0,1
BANKNIFTY31JUL2548600PE.NFO,2025-05-15,12:25:00,2025-07-31,1930.0,1930.0,1930.0,1930.0,0,0,1
BANKNIFTY31JUL2548600PE.NFO,2025-05-15,12:26:00,2025-07-31,1930.0,1930.0,1930.0,1930.0,0,0,1
BANKNIFTY31JUL2548600PE.NFO,2025-05-15,12:27:00,2025-07-31,1930.0,1930.0,1930.0,1930.0,0,0,1
BANKNIFTY31JUL2548600PE.NFO,2025-05-15,12:28:00,2025-07-31,1930.0,1930.0,1930.0,1930.0,0,0,1
BANKNIFTY31JUL2548600PE.NFO,2025-05-15,12:29:00,2025-07-31,1930.0,1930.0,1930.0,1930.0,0,0,1
BANKNIFTY31JUL2548600PE.NFO,2025-05-15,12:30:00,2025-07-31,1930.0,1930.0,1930.0,1930.0,0,0,1
BANKNIFTY31JUL2548600PE.NFO,2025-05-15,12:31:00,2025-07-31,1930.0,1930.0,1930.0,1930.0,0,0,1
BANKNIFTY31JUL2548600PE.NFO,2025-05-15,12:32:00,2025-07-31,1930.0,1930.0,1930.0,1930.0,0,0,1
BANKNIFTY31JUL2548600PE.NFO,2025-05-15,12:33:00,2025-07-31,1930.0,1930.0,1930.0,1930.0,0,0,1
BANKNIFTY31JUL2548600PE.NFO,2025-05-15,12:34:00,2025-07-31,1930.0,1930.0,1930.0,1930.0,0,0,1
BANKNIFTY31JUL2548600PE.NFO,2025-05-15,12:35:00,2025-07-31,1930.0,1930.0,1930.0,1930.0,0,0,1
BANKNIFTY31JUL2548600PE.NFO,2025-05-15,12:36:00,2025-07-31,1930.0,1930.0,1930.0,1930.0,0,0,1
BANKNIFTY31JUL2548600PE.NFO,2025-05-15,12:37:00,2025-07-31,1930.0,1930.0,1930.0,1930.0,0,0,1
BANKNIFTY31JUL2548600PE.NFO,2025-05-15,12:38:00,2025-07-31,1930.0,1930.0,1930.0,1930.0,0,0,1
BANKNIFTY31JUL2548600PE.NFO,2025-05-15,12:39:00,2025-07-31,1930.0,1930.0,1930.0,1930.0,0,0,1
BANKNIFTY31JUL2548600PE.NFO,2025-05-15,12:40:00,2025-07-31,1930.0,1930.0,1930.0,1930.0,0,0,1
BANKNIFTY31JUL2548600PE.NFO,2025-05-15,12:41:00,2025-07-31,1930.0,1930.0,1930.0,1930.0,0,0,1
BANKNIFTY31JUL2548600PE.NFO,2025-05-15,12:42:00,2025-07-31,1930.0,1930.0,1930.0,1930.0,0,0,1
BANKNIFTY31JUL2548600PE.NFO,2025-05-15,12:43:00,2025-07-31,1930.0,1930.0,1930.0,1930.0,0,0,1
BANKNIFTY31JUL2548600PE.NFO,2025-05-15,12:44:00,2025-07-31,1930.0,1930.0,1930.0,1930.0,0,0,1
BANKNIFTY31JUL2548600PE.NFO,2025-05-15,12:45:00,2025-07-31,1930.0,1930.0,1930.0,1930.0,0,0,1
BANKNIFTY31JUL2548600PE.NFO,2025-05-15,12:46:00,2025-07-31,1930.0,1930.0,1930.0,1930.0,0,0,1
BANKNIFTY31JUL2548600PE.NFO,2025-05-15,12:47:00,2025-07-31,1930.0,1930.0,1930.0,1930.0,0,0,1
BANKNIFTY31JUL2548600PE.NFO,2025-05-15,12:48:00,2025-07-31,1930.0,1930.0,1930.0,1930.0,0,0,1
BANKNIFTY31JUL2548600PE.NFO,2025-05-15,12:49:00,2025-07-31,1930.0,1930.0,1930.0,1930.0,0,0,1
BANKNIFTY31JUL2548600PE.NFO,2025-05-15,12:50:00,2025-07-31,1930.0,1930.0,1930.0,1930.0,0,0,1
BANKNIFTY31JUL2548600PE.NFO,2025-05-15,12:51:00,2025-07-31,1930.0,1930.0,1930.0,1930.0,0,0,1
BANKNIFTY31JUL2548600PE.NFO,2025-05-15,12:52:00,2025-07-31,1930.0,1930.0,1930.0,1930.0,0,0,1
BANKNIFTY31JUL2548600PE.NFO,2025-05-15,12:53:00,2025-07-31,1930.0,1930.0,1930.0,1930.0,0,0,1
BANKNIFTY31JUL2548600PE.NFO,2025-05-15,12:54:00,2025-07-31,1930.0,1930.0,1930.0,1930.0,0,0,1
BANKNIFTY31JUL2548600PE.NFO,2025-05-15,12:55:00,2025-07-31,1930.0,1930.0,1930.0,1930.0,0,0,1
BANKNIFTY31JUL2548600PE.NFO,2025-05-15,12:56:00,2025-07-31,1930.0,1930.0,1930.0,1930.0,0,0,1
BANKNIFTY31JUL2548600PE.NFO,2025-05-15,12:57:00,2025-07-31,1930.0,1930.0,1930.0,1930.0,0,0,1
BANKNIFTY31JUL2548600PE.NFO,2025-05-15,12:58:00,2025-07-31,1930.0,1930.0,1930.0,1930.0,0,0,1
BANKNIFTY31JUL2548600PE.NFO,2025-05-15,12:59:00,2025-07-31,1930.0,1930.0,1930.0,1930.0,0,0,1
BANKNIFTY31JUL2548600PE.NFO,2025-05-15,13:00:00,2025-07-31,1930.0,1930.0,1930.0,1930.0,0,0,1
BANKNIFTY31JUL2548600PE.NFO,2025-05-15,13:01:00,2025-07-31,1930.0,1930.0,1930.0,1930.0,0,0,1
BANKNIFTY31JUL2548600PE.NFO,2025-05-15,13:02:00,2025-07-31,1930.0,1930.0,1930.0,1930.0,0,0,1
BANKNIFTY31JUL2548600PE.NFO,2025-05-15,13:03:00,2025-07-31,1930.0,1930.0,1930.0,1930.0,0,0,1
BANKNIFTY31JUL2548600PE.NFO,2025-05-15,13:04:00,2025-07-31,1930.0,1930.0,1930.0,1930.0,0,0,1
BANKNIFTY31JUL2548600PE.NFO,2025-05-15,13:05:00,2025-07-31,1930.0,1930.0,1930.0,1930.0,0,0,1
BANKNIFTY31JUL2548600PE.NFO,2025-05-15,13:06:00,2025-07-31,1930.0,1930.0,1930.0,1930.0,0,0,1
BANKNIFTY31JUL2548600PE.NFO,2025-05-15,13:07:00,2025-07-31,1930.0,1930.0,1930.0,1930.0,0,0,1
BANKNIFTY31JUL2548600PE.NFO,2025-05-15,13:08:00,2025-07-31,1930.0,1930.0,1930.0,1930.0,0,0,1
BANKNIFTY31JUL2548600PE.NFO,2025-05-15,13:09:00,2025-07-31,1930.0,1930.0,1930.0,1930.0,0,0,1
BANKNIFTY31JUL2548600PE.NFO,2025-05-15,13:10:00,2025-07-31,1930.0,1930.0,1930.0,1930.0,0,0,1
BANKNIFTY31JUL2548600PE.NFO,2025-05-15,13:11:00,2025-07-31,1930.0,1930.0,1930.0,1930.0,0,0,1
BANKNIFTY31JUL2548600PE.NFO,2025-05-15,13:12:00,2025-07-31,1930.0,1930.0,1930.0,1930.0,0,0,1
BANKNIFTY31JUL2548600PE.NFO,2025-05-15,13:13:00,2025-07-31,1930.0,1930.0,1930.0,1930.0,0,0,1
BANKNIFTY31JUL2548600PE.NFO,2025-05-15,13:14:00,2025-07-31,1930.0,1930.0,1930.0,1930.0,0,0,1
BANKNIFTY31JUL2548600PE.NFO,2025-05-15,13:15:00,2025-07-31,1930.0,1930.0,1930.0,1930.0,0,0,1
BANKNIFTY31JUL2548600PE.NFO,2025-05-15,13:16:00,2025-07-31,1930.0,1930.0,1930.0,1930.0,0,0,1
BANKNIFTY31JUL2548600PE.NFO,2025-05-15,13:17:00,2025-07-31,1930.0,1930.0,1930.0,1930.0,0,0,1
BANKNIFTY31JUL2548600PE.NFO,2025-05-15,13:18:00,2025-07-31,1930.0,1930.0,1930.0,1930.0,0,0,1
BANKNIFTY31JUL2548600PE.NFO,2025-05-15,13:19:00,2025-07-31,1930.0,1930.0,1930.0,1930.0,0,0,1
BANKNIFTY31JUL2548600PE.NFO,2025-05-15,13:20:00,2025-07-31,1930.0,1930.0,1930.0,1930.0,0,0,1
BANKNIFTY31JUL2548600PE.NFO,2025-05-15,13:21:00,2025-07-31,1930.0,1930.0,1930.0,1930.0,0,0,1
BANKNIFTY31JUL2548600PE.NFO,2025-05-15,13:22:00,2025-07-31,1930.0,1930.0,1930.0,1930.0,0,0,1
BANKNIFTY31JUL2548600PE.NFO,2025-05-15,13:23:00,2025-07-31,1930.0,1930.0,1930.0,1930.0,0,0,1
BANKNIFTY31JUL2548600PE.NFO,2025-05-15,13:24:00,2025-07-31,1930.0,1930.0,1930.0,1930.0,0,0,1
BANKNIFTY31JUL2548600PE.NFO,2025-05-15,13:25:00,2025-07-31,1930.0,1930.0,1930.0,1930.0,0,0,1
BANKNIFTY31JUL2548600PE.NFO,2025-05-15,13:26:00,2025-07-31,1930.0,1930.0,1930.0,1930.0,0,0,1
BANKNIFTY31JUL2548600PE.NFO,2025-05-15,13:27:00,2025-07-31,1930.0,1930.0,1930.0,1930.0,0,0,1
BANKNIFTY31JUL2548600PE.NFO,2025-05-15,13:28:00,2025-07-31,1930.0,1930.0,1930.0,1930.0,0,0,1
BANKNIFTY31JUL2548600PE.NFO,2025-05-15,13:29:00,2025-07-31,1930.0,1930.0,1930.0,1930.0,0,0,1
BANKNIFTY31JUL2548600PE.NFO,2025-05-15,13:30:00,2025-07-31,1930.0,1930.0,1930.0,1930.0,0,0,1
BANKNIFTY31JUL2548600PE.NFO,2025-05-15,13:31:00,2025-07-31,1930.0,1930.0,1930.0,1930.0,0,0,1
BANKNIFTY31JUL2548600PE.NFO,2025-05-15,13:32:00,2025-07-31,1930.0,1930.0,1930.0,1930.0,0,0,1
BANKNIFTY31JUL2548600PE.NFO,2025-05-15,13:33:00,2025-07-31,1930.0,1930.0,1930.0,1930.0,0,0,1
BANKNIFTY31JUL2548600PE.NFO,2025-05-15,13:34:00,2025-07-31,1930.0,1930.0,1930.0,1930.0,0,0,1
BANKNIFTY31JUL2548600PE.NFO,2025-05-15,13:35:00,2025-07-31,1930.0,1930.0,1930.0,1930.0,0,0,1
BANKNIFTY31JUL2548600PE.NFO,2025-05-15,13:36:00,2025-07-31,1930.0,1930.0,1930.0,1930.0,0,0,1
BANKNIFTY31JUL2548600PE.NFO,2025-05-15,13:37:00,2025-07-31,1930.0,1930.0,1930.0,1930.0,0,0,1
BANKNIFTY31JUL2548600PE.NFO,2025-05-15,13:38:00,2025-07-31,1930.0,1930.0,1930.0,1930.0,0,0,1
BANKNIFTY31JUL2548600PE.NFO,2025-05-15,13:39:00,2025-07-31,1930.0,1930.0,1930.0,1930.0,0,0,1
BANKNIFTY31JUL2548600PE.NFO,2025-05-15,13:40:00,2025-07-31,1930.0,1930.0,1930.0,1930.0,0,0,1
BANKNIFTY31JUL2548600PE.NFO,2025-05-15,13:41:00,2025-07-31,1930.0,1930.0,1930.0,1930.0,0,0,1
BANKNIFTY31JUL2548600PE.NFO,2025-05-15,13:42:00,2025-07-31,1930.0,1930.0,1930.0,1930.0,0,0,1
BANKNIFTY31JUL2548600PE.NFO,2025-05-15,13:43:00,2025-07-31,1930.0,1930.0,1930.0,1930.0,0,0,1
BANKNIFTY31JUL2548600PE.NFO,2025-05-15,13:44:00,2025-07-31,1930.0,1930.0,1930.0,1930.0,0,0,1
BANKNIFTY31JUL2548600PE.NFO,2025-05-15,13:45:00,2025-07-31,1930.0,1930.0,1930.0,1930.0,0,0,1
BANKNIFTY31JUL2548600PE.NFO,2025-05-15,13:46:00,2025-07-31,1930.0,1930.0,1930.0,1930.0,0,0,1
BANKNIFTY31JUL2548600PE.NFO,2025-05-15,13:47:00,2025-07-31,1930.0,1930.0,1930.0,1930.0,0,0,1
BANKNIFTY31JUL2548600PE.NFO,2025-05-15,13:48:00,2025-07-31,1930.0,1930.0,1930.0,1930.0,0,0,1
BANKNIFTY31JUL2548600PE.NFO,2025-05-15,13:49:00,2025-07-31,1930.0,1930.0,1930.0,1930.0,0,0,1
BANKNIFTY31JUL2548600PE.NFO,2025-05-15,13:50:00,2025-07-31,1930.0,1930.0,1930.0,1930.0,0,0,1
BANKNIFTY31JUL2548600PE.NFO,2025-05-15,13:51:00,2025-07-31,1930.0,1930.0,1930.0,1930.0,0,0,1
BANKNIFTY31JUL2548600PE.NFO,2025-05-15,13:52:00,2025-07-31,1930.0,1930.0,1930.0,1930.0,0,0,1
BANKNIFTY31JUL2548600PE.NFO,2025-05-15,13:53:00,2025-07-31,1930.0,1930.0,1930.0,1930.0,0,0,1
BANKNIFTY31JUL2548600PE.NFO,2025-05-15,13:54:00,2025-07-31,1930.0,1930.0,1930.0,1930.0,0,0,1
BANKNIFTY31JUL2548600PE.NFO,2025-05-15,13:55:00,2025-07-31,1930.0,1930.0,1930.0,1930.0,0,0,1
BANKNIFTY31JUL2548600PE.NFO,2025-05-15,13:56:00,2025-07-31,1930.0,1930.0,1930.0,1930.0,0,0,1
BANKNIFTY31JUL2548600PE.NFO,2025-05-15,13:57:00,2025-07-31,1930.0,1930.0,1930.0,1930.0,0,0,1
BANKNIFTY31JUL2548600PE.NFO,2025-05-15,13:58:00,2025-07-31,1930.0,1930.0,1930.0,1930.0,0,0,1
BANKNIFTY31JUL2548600PE.NFO,2025-05-15,13:59:00,2025-07-31,1930.0,1930.0,1930.0,1930.0,0,0,1
BANKNIFTY31JUL2548600PE.NFO,2025-05-15,14:00:00,2025-07-31,1930.0,1930.0,1930.0,1930.0,0,0,1
BANKNIFTY31JUL2548600PE.NFO,2025-05-15,14:01:00,2025-07-31,1930.0,1930.0,1930.0,1930.0,0,0,1
BANKNIFTY31JUL2548600PE.NFO,2025-05-15,14:02:00,2025-07-31,1930.0,1930.0,1930.0,1930.0,0,0,1
BANKNIFTY31JUL2548600PE.NFO,2025-05-15,14:03:00,2025-07-31,1930.0,1930.0,1930.0,1930.0,0,0,1
BANKNIFTY31JUL2548600PE.NFO,2025-05-15,14:04:00,2025-07-31,1930.0,1930.0,1930.0,1930.0,0,0,1
BANKNIFTY31JUL2548600PE.NFO,2025-05-15,14:05:00,2025-07-31,1930.0,1930.0,1930.0,1930.0,0,0,1
BANKNIFTY31JUL2548600PE.NFO,2025-05-15,14:06:00,2025-07-31,1930.0,1930.0,1930.0,1930.0,0,0,1
BANKNIFTY31JUL2548600PE.NFO,2025-05-15,14:07:00,2025-07-31,1930.0,1930.0,1930.0,1930.0,0,0,1
BANKNIFTY31JUL2548600PE.NFO,2025-05-15,14:08:00,2025-07-31,1930.0,1930.0,1930.0,1930.0,0,0,1
BANKNIFTY31JUL2548600PE.NFO,2025-05-15,14:09:00,2025-07-31,1930.0,1930.0,1930.0,1930.0,0,0,1
BANKNIFTY31JUL2548600PE.NFO,2025-05-15,14:10:00,2025-07-31,1930.0,1930.0,1930.0,1930.0,0,0,1
BANKNIFTY31JUL2548600PE.NFO,2025-05-15,14:11:00,2025-07-31,1930.0,1930.0,1930.0,1930.0,0,0,1
BANKNIFTY31JUL2548600PE.NFO,2025-05-15,14:12:00,2025-07-31,1930.0,1930.0,1930.0,1930.0,0,0,1
BANKNIFTY31JUL2548600PE.NFO,2025-05-15,14:13:00,2025-07-31,1930.0,1930.0,1930.0,1930.0,0,0,1
BANKNIFTY31JUL2548600PE.NFO,2025-05-15,14:14:00,2025-07-31,1930.0,1930.0,1930.0,1930.0,0,0,1
BANKNIFTY31JUL2548600PE.NFO,2025-05-15,14:15:00,2025-07-31,1930.0,1930.0,1930.0,1930.0,0,0,1
BANKNIFTY31JUL2548600PE.NFO,2025-05-15,14:16:00,2025-07-31,1930.0,1930.0,1930.0,1930.0,0,0,1
BANKNIFTY31JUL2548600PE.NFO,2025-05-15,14:17:00,2025-07-31,1930.0,1930.0,1930.0,1930.0,0,0,1
BANKNIFTY31JUL2548600PE.NFO,2025-05-15,14:18:00,2025-07-31,1930.0,1930.0,1930.0,1930.0,0,0,1
BANKNIFTY31JUL2548600PE.NFO,2025-05-15,14:19:00,2025-07-31,1930.0,1930.0,1930.0,1930.0,0,0,1
BANKNIFTY31JUL2548600PE.NFO,2025-05-15,14:20:00,2025-07-31,1930.0,1930.0,1930.0,1930.0,0,0,1
BANKNIFTY31JUL2548600PE.NFO,2025-05-15,14:21:00,2025-07-31,1930.0,1930.0,1930.0,1930.0,0,0,1
BANKNIFTY31JUL2548600PE.NFO,2025-05-15,14:22:00,2025-07-31,1930.0,1930.0,1930.0,1930.0,0,0,1
BANKNIFTY31JUL2548600PE.NFO,2025-05-15,14:23:00,2025-07-31,1930.0,1930.0,1930.0,1930.0,0,0,1
BANKNIFTY31JUL2548600PE.NFO,2025-05-15,14:24:00,2025-07-31,1930.0,1930.0,1930.0,1930.0,0,0,1
BANKNIFTY31JUL2548600PE.NFO,2025-05-15,14:25:00,2025-07-31,1930.0,1930.0,1930.0,1930.0,0,0,1
BANKNIFTY31JUL2548600PE.NFO,2025-05-15,14:26:00,2025-07-31,1930.0,1930.0,1930.0,1930.0,0,0,1
BANKNIFTY31JUL2548600PE.NFO,2025-05-15,14:27:00,2025-07-31,1930.0,1930.0,1930.0,1930.0,0,0,1
BANKNIFTY31JUL2548600PE.NFO,2025-05-15,14:28:00,2025-07-31,1930.0,1930.0,1930.0,1930.0,0,0,1
BANKNIFTY31JUL2548600PE.NFO,2025-05-15,14:29:00,2025-07-31,1930.0,1930.0,1930.0,1930.0,0,0,1
BANKNIFTY31JUL2548600PE.NFO,2025-05-15,14:30:00,2025-07-31,1930.0,1930.0,1930.0,1930.0,0,0,1
BANKNIFTY31JUL2548600PE.NFO,2025-05-15,14:31:00,2025-07-31,1930.0,1930.0,1930.0,1930.0,0,0,1
BANKNIFTY31JUL2548600PE.NFO,2025-05-15,14:32:00,2025-07-31,1930.0,1930.0,1930.0,1930.0,0,0,1
BANKNIFTY31JUL2548600PE.NFO,2025-05-15,14:33:00,2025-07-31,1930.0,1930.0,1930.0,1930.0,0,0,1
BANKNIFTY31JUL2548600PE.NFO,2025-05-15,14:34:00,2025-07-31,1930.0,1930.0,1930.0,1930.0,0,0,1
BANKNIFTY31JUL2548600PE.NFO,2025-05-15,14:35:00,2025-07-31,1930.0,1930.0,1930.0,1930.0,0,0,1
BANKNIFTY31JUL2548600PE.NFO,2025-05-15,14:36:00,2025-07-31,1930.0,1930.0,1930.0,1930.0,0,0,1
BANKNIFTY31JUL2548600PE.NFO,2025-05-15,14:37:00,2025-07-31,1930.0,1930.0,1930.0,1930.0,0,0,1
BANKNIFTY31JUL2548600PE.NFO,2025-05-15,14:38:00,2025-07-31,1930.0,1930.0,1930.0,1930.0,0,0,1
BANKNIFTY31JUL2548600PE.NFO,2025-05-15,14:39:00,2025-07-31,1930.0,1930.0,1930.0,1930.0,0,0,1
BANKNIFTY31JUL2548600PE.NFO,2025-05-15,14:40:00,2025-07-31,1930.0,1930.0,1930.0,1930.0,0,0,1
BANKNIFTY31JUL2548600PE.NFO,2025-05-15,14:41:00,2025-07-31,1930.0,1930.0,1930.0,1930.0,0,0,1
BANKNIFTY31JUL2548600PE.NFO,2025-05-15,14:42:00,2025-07-31,1930.0,1930.0,1930.0,1930.0,0,0,1
BANKNIFTY31JUL2548600PE.NFO,2025-05-15,14:43:00,2025-07-31,1930.0,1930.0,1930.0,1930.0,0,0,1
BANKNIFTY31JUL2548600PE.NFO,2025-05-15,14:44:00,2025-07-31,1930.0,1930.0,1930.0,1930.0,0,0,1
BANKNIFTY31JUL2548600PE.NFO,2025-05-15,14:45:00,2025-07-31,1930.0,1930.0,1930.0,1930.0,0,0,1
BANKNIFTY31JUL2548600PE.NFO,2025-05-15,14:46:00,2025-07-31,1930.0,1930.0,1930.0,1930.0,0,0,1
BANKNIFTY31JUL2548600PE.NFO,2025-05-15,14:47:00,2025-07-31,1930.0,1930.0,1930.0,1930.0,0,0,1
BANKNIFTY31JUL2548600PE.NFO,2025-05-15,14:48:00,2025-07-31,1930.0,1930.0,1930.0,1930.0,0,0,1
BANKNIFTY31JUL2548600PE.NFO,2025-05-15,14:49:00,2025-07-31,1930.0,1930.0,1930.0,1930.0,0,0,1
BANKNIFTY31JUL2548600PE.NFO,2025-05-15,14:50:00,2025-07-31,1930.0,1930.0,1930.0,1930.0,0,0,1
BANKNIFTY31JUL2548600PE.NFO,2025-05-15,14:51:00,2025-07-31,1930.0,1930.0,1930.0,1930.0,0,0,1
BANKNIFTY31JUL2548600PE.NFO,2025-05-15,14:52:00,2025-07-31,1930.0,1930.0,1930.0,1930.0,0,0,1
BANKNIFTY31JUL2548600PE.NFO,2025-05-15,14:53:00,2025-07-31,1930.0,1930.0,1930.0,1930.0,0,0,1
BANKNIFTY31JUL2548600PE.NFO,2025-05-15,14:54:00,2025-07-31,1930.0,1930.0,1930.0,1930.0,0,0,1
BANKNIFTY31JUL2548600PE.NFO,2025-05-15,14:55:00,2025-07-31,1930.0,1930.0,1930.0,1930.0,0,0,1
BANKNIFTY31JUL2548600PE.NFO,2025-05-15,14:56:00,2025-07-31,1930.0,1930.0,1930.0,1930.0,0,0,1
BANKNIFTY31JUL2548600PE.NFO,2025-05-15,14:57:00,2025-07-31,1930.0,1930.0,1930.0,1930.0,0,0,1
BANKNIFTY31JUL2548600PE.NFO,2025-05-15,14:58:00,2025-07-31,1930.0,1930.0,1930.0,1930.0,0,0,1
BANKNIFTY31JUL2548600PE.NFO,2025-05-15,14:59:00,2025-07-31,1930.0,1930.0,1930.0,1930.0,0,0,1
BANKNIFTY31JUL2548600PE.NFO,2025-05-15,15:00:00,2025-07-31,1930.0,1930.0,1930.0,1930.0,0,0,1
BANKNIFTY31JUL2548600PE.NFO,2025-05-15,15:01:00,2025-07-31,1930.0,1930.0,1930.0,1930.0,0,0,1
BANKNIFTY31JUL2548600PE.NFO,2025-05-15,15:02:00,2025-07-31,1930.0,1930.0,1930.0,1930.0,0,0,1
BANKNIFTY31JUL2548600PE.NFO,2025-05-15,15:03:00,2025-07-31,1930.0,1930.0,1930.0,1930.0,0,0,1
BANKNIFTY31JUL2548600PE.NFO,2025-05-15,15:04:00,2025-07-31,1930.0,1930.0,1930.0,1930.0,0,0,1
BANKNIFTY31JUL2548600PE.NFO,2025-05-15,15:05:00,2025-07-31,1930.0,1930.0,1930.0,1930.0,0,0,1
BANKNIFTY31JUL2548600PE.NFO,2025-05-15,15:06:00,2025-07-31,1930.0,1930.0,1930.0,1930.0,0,0,1
BANKNIFTY31JUL2548600PE.NFO,2025-05-15,15:07:00,2025-07-31,1930.0,1930.0,1930.0,1930.0,0,0,1
BANKNIFTY31JUL2548600PE.NFO,2025-05-15,15:08:00,2025-07-31,1930.0,1930.0,1930.0,1930.0,0,0,1
BANKNIFTY31JUL2548600PE.NFO,2025-05-15,15:09:00,2025-07-31,1930.0,1930.0,1930.0,1930.0,0,0,1
BANKNIFTY31JUL2548600PE.NFO,2025-05-15,15:10:00,2025-07-31,1930.0,1930.0,1930.0,1930.0,0,0,1
BANKNIFTY31JUL2548600PE.NFO,2025-05-15,15:11:00,2025-07-31,1930.0,1930.0,1930.0,1930.0,0,0,1
BANKNIFTY31JUL2548600PE.NFO,2025-05-15,15:12:00,2025-07-31,1930.0,1930.0,1930.0,1930.0,0,0,1
BANKNIFTY31JUL2548600PE.NFO,2025-05-15,15:13:00,2025-07-31,1930.0,1930.0,1930.0,1930.0,0,0,1
BANKNIFTY31JUL2548600PE.NFO,2025-05-15,15:14:00,2025-07-31,1930.0,1930.0,1930.0,1930.0,0,0,1
BANKNIFTY31JUL2548600PE.NFO,2025-05-15,15:15:00,2025-07-31,1930.0,1930.0,1930.0,1930.0,0,0,1
BANKNIFTY31JUL2548600PE.NFO,2025-05-15,15:16:00,2025-07-31,1930.0,1930.0,1930.0,1930.0,0,0,1
BANKNIFTY31JUL2548600PE.NFO,2025-05-15,15:17:00,2025-07-31,1930.0,1930.0,1930.0,1930.0,0,0,1
BANKNIFTY31JUL2548600PE.NFO,2025-05-15,15:18:00,2025-07-31,1930.0,1930.0,1930.0,1930.0,0,0,1
BANKNIFTY31JUL2548600PE.NFO,2025-05-15,15:19:00,2025-07-31,1930.0,1930.0,1930.0,1930.0,0,0,1
BANKNIFTY31JUL2548600PE.NFO,2025-05-15,15:20:00,2025-07-31,1930.0,1930.0,1930.0,1930.0,0,0,1
BANKNIFTY31JUL2548600PE.NFO,2025-05-15,15:21:00,2025-07-31,1930.0,1930.0,1930.0,1930.0,0,0,1
BANKNIFTY31JUL2548600PE.NFO,2025-05-15,15:22:00,2025-07-31,1930.0,1930.0,1930.0,1930.0,0,0,1
BANKNIFTY31JUL2548600PE.NFO,2025-05-15,15:23:00,2025-07-31,1930.0,1930.0,1930.0,1930.0,0,0,1
BANKNIFTY31JUL2548600PE.NFO,2025-05-15,15:24:00,2025-07-31,1930.0,1930.0,1930.0,1930.0,0,0,1
BANKNIFTY31JUL2548600PE.NFO,2025-05-15,15:25:00,2025-07-31,1930.0,1930.0,1930.0,1930.0,0,0,1
BANKNIFTY31JUL2548600PE.NFO,2025-05-15,15:26:00,2025-07-31,1930.0,1930.0,1930.0,1930.0,0,0,1
BANKNIFTY31JUL2548600PE.NFO,2025-05-15,15:27:00,2025-07-31,1930.0,1930.0,1930.0,1930.0,0,0,1
BANKNIFTY31JUL2548600PE.NFO,2025-05-15,15:28:00,2025-07-31,1930.0,1930.0,1930.0,1930.0,0,0,1
BANKNIFTY31JUL2548600PE.NFO,2025-05-15,15:29:00,2025-07-31,1930.0,1930.0,1930.0,1930.0,0,0,1
BANKNIFTY31JUL2548600PE.NFO,2025-05-15,15:30:00,2025-07-31,1930.0,1930.0,1930.0,1930.0,0,0,1
BANKNIFTY31JUL2548600PE.NFO,2025-05-16,09:15:00,2025-07-31,1930.0,1930.0,1930.0,1930.0,0,0,0
BANKNIFTY31JUL2548600PE.NFO,2025-05-16,09:16:00,2025-07-31,1930.0,1930.0,1930.0,1930.0,0,0,1
BANKNIFTY31JUL2548600PE.NFO,2025-05-16,09:17:00,2025-07-31,1930.0,1930.0,1930.0,1930.0,0,0,1
BANKNIFTY31JUL2548600PE.NFO,2025-05-16,09:18:00,2025-07-31,1930.0,1930.0,1930.0,1930.0,0,0,1
BANKNIFTY31JUL2548600PE.NFO,2025-05-16,09:19:00,2025-07-31,1930.0,1930.0,1930.0,1930.0,0,0,1
BANKNIFTY31JUL2548600PE.NFO,2025-05-16,09:20:00,2025-07-31,1930.0,1930.0,1930.0,1930.0,0,0,1
BANKNIFTY31JUL2548600PE.NFO,2025-05-16,09:21:00,2025-07-31,1930.0,1930.0,1930.0,1930.0,0,0,1
BANKNIFTY31JUL2548600PE.NFO,2025-05-16,09:22:00,2025-07-31,1930.0,1930.0,1930.0,1930.0,0,0,1
BANKNIFTY31JUL2548600PE.NFO,2025-05-16,09:23:00,2025-07-31,1930.0,1930.0,1930.0,1930.0,0,0,1
BANKNIFTY31JUL2548600PE.NFO,2025-05-16,09:24:00,2025-07-31,1930.0,1930.0,1930.0,1930.0,0,0,1
BANKNIFTY31JUL2548600PE.NFO,2025-05-16,09:25:00,2025-07-31,1930.0,1930.0,1930.0,1930.0,0,0,1
BANKNIFTY31JUL2548600PE.NFO,2025-05-16,09:26:00,2025-07-31,1930.0,1930.0,1930.0,1930.0,0,0,1
BANKNIFTY31JUL2548600PE.NFO,2025-05-16,09:27:00,2025-07-31,1930.0,1930.0,1930.0,1930.0,0,0,1
BANKNIFTY31JUL2548600PE.NFO,2025-05-16,09:28:00,2025-07-31,1930.0,1930.0,1930.0,1930.0,0,0,1
BANKNIFTY31JUL2548600PE.NFO,2025-05-16,09:29:00,2025-07-31,1930.0,1930.0,1930.0,1930.0,0,0,1
BANKNIFTY31JUL2548600PE.NFO,2025-05-16,09:30:00,2025-07-31,1930.0,1930.0,1930.0,1930.0,0,0,1
BANKNIFTY31JUL2548600PE.NFO,2025-05-16,09:31:00,2025-07-31,1930.0,1930.0,1930.0,1930.0,0,0,1
BANKNIFTY31JUL2548600PE.NFO,2025-05-16,09:32:00,2025-07-31,1930.0,1930.0,1930.0,1930.0,0,0,1
BANKNIFTY31JUL2548600PE.NFO,2025-05-16,09:33:00,2025-07-31,1930.0,1930.0,1930.0,1930.0,0,0,1
BANKNIFTY31JUL2548600PE.NFO,2025-05-16,09:34:00,2025-07-31,1930.0,1930.0,1930.0,1930.0,0,0,1
BANKNIFTY31JUL2548600PE.NFO,2025-05-16,09:35:00,2025-07-31,1930.0,1930.0,1930.0,1930.0,0,0,1
BANKNIFTY31JUL2548600PE.NFO,2025-05-16,09:36:00,2025-07-31,1930.0,1930.0,1930.0,1930.0,0,0,1
BANKNIFTY31JUL2548600PE.NFO,2025-05-16,09:37:00,2025-07-31,1930.0,1930.0,1930.0,1930.0,0,0,1
BANKNIFTY31JUL2548600PE.NFO,2025-05-16,09:38:00,2025-07-31,1930.0,1930.0,1930.0,1930.0,0,0,1
BANKNIFTY31JUL2548600PE.NFO,2025-05-16,09:39:00,2025-07-31,1930.0,1930.0,1930.0,1930.0,0,0,1
BANKNIFTY31JUL2548600PE.NFO,2025-05-16,09:40:00,2025-07-31,1930.0,1930.0,1930.0,1930.0,0,0,1
BANKNIFTY31JUL2548600PE.NFO,2025-05-16,09:41:00,2025-07-31,1930.0,1930.0,1930.0,1930.0,0,0,1
BANKNIFTY31JUL2548600PE.NFO,2025-05-16,09:42:00,2025-07-31,1930.0,1930.0,1930.0,1930.0,0,0,1
BANKNIFTY31JUL2548600PE.NFO,2025-05-16,09:43:00,2025-07-31,1930.0,1930.0,1930.0,1930.0,0,0,1
BANKNIFTY31JUL2548600PE.NFO,2025-05-16,09:44:00,2025-07-31,1930.0,1930.0,1930.0,1930.0,0,0,1
BANKNIFTY31JUL2548600PE.NFO,2025-05-16,09:45:00,2025-07-31,1930.0,1930.0,1930.0,1930.0,0,0,1
BANKNIFTY31JUL2548600PE.NFO,2025-05-16,09:46:00,2025-07-31,1930.0,1930.0,1930.0,1930.0,0,0,1
BANKNIFTY31JUL2548600PE.NFO,2025-05-16,09:47:00,2025-07-31,1930.0,1930.0,1930.0,1930.0,0,0,1
BANKNIFTY31JUL2548600PE.NFO,2025-05-16,09:48:00,2025-07-31,1930.0,1930.0,1930.0,1930.0,0,0,1
BANKNIFTY31JUL2548600PE.NFO,2025-05-16,09:49:00,2025-07-31,1930.0,1930.0,1930.0,1930.0,0,0,1
BANKNIFTY31JUL2548600PE.NFO,2025-05-16,09:50:00,2025-07-31,1930.0,1930.0,1930.0,1930.0,0,0,1
BANKNIFTY31JUL2548600PE.NFO,2025-05-16,09:51:00,2025-07-31,1930.0,1930.0,1930.0,1930.0,0,0,1
BANKNIFTY31JUL2548600PE.NFO,2025-05-16,09:52:00,2025-07-31,1930.0,1930.0,1930.0,1930.0,0,0,1
BANKNIFTY31JUL2548600PE.NFO,2025-05-16,09:53:00,2025-07-31,1930.0,1930.0,1930.0,1930.0,0,0,1
BANKNIFTY31JUL2548600PE.NFO,2025-05-16,09:54:00,2025-07-31,1930.0,1930.0,1930.0,1930.0,0,0,1
BANKNIFTY31JUL2548600PE.NFO,2025-05-16,09:55:00,2025-07-31,1930.0,1930.0,1930.0,1930.0,0,0,1
BANKNIFTY31JUL2548600PE.NFO,2025-05-16,09:56:00,2025-07-31,1930.0,1930.0,1930.0,1930.0,0,0,1
BANKNIFTY31JUL2548600PE.NFO,2025-05-16,09:57:00,2025-07-31,1930.0,1930.0,1930.0,1930.0,0,0,1
BANKNIFTY31JUL2548600PE.NFO,2025-05-16,09:58:00,2025-07-31,1930.0,1930.0,1930.0,1930.0,0,0,1
BANKNIFTY31JUL2548600PE.NFO,2025-05-16,09:59:00,2025-07-31,1930.0,1930.0,1930.0,1930.0,0,0,1
BANKNIFTY31JUL2548600PE.NFO,2025-05-16,10:00:00,2025-07-31,1930.0,1930.0,1930.0,1930.0,0,0,1
BANKNIFTY31JUL2548600PE.NFO,2025-05-16,10:01:00,2025-07-31,1930.0,1930.0,1930.0,1930.0,0,0,1
BANKNIFTY31JUL2548600PE.NFO,2025-05-16,10:02:00,2025-07-31,1930.0,1930.0,1930.0,1930.0,0,0,1
BANKNIFTY31JUL2548600PE.NFO,2025-05-16,10:03:00,2025-07-31,1930.0,1930.0,1930.0,1930.0,0,0,1
BANKNIFTY31JUL2548600PE.NFO,2025-05-16,10:04:00,2025-07-31,1930.0,1930.0,1930.0,1930.0,0,0,1
BANKNIFTY31JUL2548600PE.NFO,2025-05-16,10:05:00,2025-07-31,1930.0,1930.0,1930.0,1930.0,0,0,1
BANKNIFTY31JUL2548600PE.NFO,2025-05-16,10:06:00,2025-07-31,1930.0,1930.0,1930.0,1930.0,0,0,1
BANKNIFTY31JUL2548600PE.NFO,2025-05-16,10:07:00,2025-07-31,1930.0,1930.0,1930.0,1930.0,0,0,1
BANKNIFTY31JUL2548600PE.NFO,2025-05-16,10:08:00,2025-07-31,1930.0,1930.0,1930.0,1930.0,0,0,1
BANKNIFTY31JUL2548600PE.NFO,2025-05-16,10:09:00,2025-07-31,1930.0,1930.0,1930.0,1930.0,0,0,1
BANKNIFTY31JUL2548600PE.NFO,2025-05-16,10:10:00,2025-07-31,1930.0,1930.0,1930.0,1930.0,0,0,1
BANKNIFTY31JUL2548600PE.NFO,2025-05-16,10:11:00,2025-07-31,1930.0,1930.0,1930.0,1930.0,0,0,1
BANKNIFTY31JUL2548600PE.NFO,2025-05-16,10:12:00,2025-07-31,1930.0,1930.0,1930.0,1930.0,0,0,1
BANKNIFTY31JUL2548600PE.NFO,2025-05-16,10:13:00,2025-07-31,1930.0,1930.0,1930.0,1930.0,0,0,1
BANKNIFTY31JUL2548600PE.NFO,2025-05-16,10:14:00,2025-07-31,1930.0,1930.0,1930.0,1930.0,0,0,1
BANKNIFTY31JUL2548600PE.NFO,2025-05-16,10:15:00,2025-07-31,1930.0,1930.0,1930.0,1930.0,0,0,1
BANKNIFTY31JUL2548600PE.NFO,2025-05-16,10:16:00,2025-07-31,1930.0,1930.0,1930.0,1930.0,0,0,1
BANKNIFTY31JUL2548600PE.NFO,2025-05-16,10:17:00,2025-07-31,1930.0,1930.0,1930.0,1930.0,0,0,1
BANKNIFTY31JUL2548600PE.NFO,2025-05-16,10:18:00,2025-07-31,1930.0,1930.0,1930.0,1930.0,0,0,1
BANKNIFTY31JUL2548600PE.NFO,2025-05-16,10:19:00,2025-07-31,1930.0,1930.0,1930.0,1930.0,0,0,1
BANKNIFTY31JUL2548600PE.NFO,2025-05-16,10:20:00,2025-07-31,1930.0,1930.0,1930.0,1930.0,0,0,1
BANKNIFTY31JUL2548600PE.NFO,2025-05-16,10:21:00,2025-07-31,1930.0,1930.0,1930.0,1930.0,0,0,1
BANKNIFTY31JUL2548600PE.NFO,2025-05-16,10:22:00,2025-07-31,1930.0,1930.0,1930.0,1930.0,0,0,1
BANKNIFTY31JUL2548600PE.NFO,2025-05-16,10:23:00,2025-07-31,1930.0,1930.0,1930.0,1930.0,0,0,1
BANKNIFTY31JUL2548600PE.NFO,2025-05-16,10:24:00,2025-07-31,1930.0,1930.0,1930.0,1930.0,0,0,1
BANKNIFTY31JUL2548600PE.NFO,2025-05-16,10:25:00,2025-07-31,1930.0,1930.0,1930.0,1930.0,0,0,1
BANKNIFTY31JUL2548600PE.NFO,2025-05-16,10:26:00,2025-07-31,1930.0,1930.0,1930.0,1930.0,0,0,1
BANKNIFTY31JUL2548600PE.NFO,2025-05-16,10:27:00,2025-07-31,1930.0,1930.0,1930.0,1930.0,0,0,1
BANKNIFTY31JUL2548600PE.NFO,2025-05-16,10:28:00,2025-07-31,1930.0,1930.0,1930.0,1930.0,0,0,1
BANKNIFTY31JUL2548600PE.NFO,2025-05-16,10:29:00,2025-07-31,1930.0,1930.0,1930.0,1930.0,0,0,1
BANKNIFTY31JUL2548600PE.NFO,2025-05-16,10:30:00,2025-07-31,1930.0,1930.0,1930.0,1930.0,0,0,1
BANKNIFTY31JUL2548600PE.NFO,2025-05-16,10:31:00,2025-07-31,1930.0,1930.0,1930.0,1930.0,0,0,1
BANKNIFTY31JUL2548600PE.NFO,2025-05-16,10:32:00,2025-07-31,1930.0,1930.0,1930.0,1930.0,0,0,1
BANKNIFTY31JUL2548600PE.NFO,2025-05-16,10:33:00,2025-07-31,1930.0,1930.0,1930.0,1930.0,0,0,1
BANKNIFTY31JUL2548600PE.NFO,2025-05-16,10:34:00,2025-07-31,1930.0,1930.0,1930.0,1930.0,0,0,1
BANKNIFTY31JUL2548600PE.NFO,2025-05-16,10:35:00,2025-07-31,1930.0,1930.0,1930.0,1930.0,0,0,1
BANKNIFTY31JUL2548600PE.NFO,2025-05-16,10:36:00,2025-07-31,1930.0,1930.0,1930.0,1930.0,0,0,1
BANKNIFTY31JUL2548600PE.NFO,2025-05-16,10:37:00,2025-07-31,1930.0,1930.0,1930.0,1930.0,0,0,1
BANKNIFTY31JUL2548600PE.NFO,2025-05-16,10:38:00,2025-07-31,1930.0,1930.0,1930.0,1930.0,0,0,1
BANKNIFTY31JUL2548600PE.NFO,2025-05-16,10:39:00,2025-07-31,1930.0,1930.0,1930.0,1930.0,0,0,1
BANKNIFTY31JUL2548600PE.NFO,2025-05-16,10:40:00,2025-07-31,1930.0,1930.0,1930.0,1930.0,0,0,1
BANKNIFTY31JUL2548600PE.NFO,2025-05-16,10:41:00,2025-07-31,1930.0,1930.0,1930.0,1930.0,0,0,1
BANKNIFTY31JUL2548600PE.NFO,2025-05-16,10:42:00,2025-07-31,1930.0,1930.0,1930.0,1930.0,0,0,1
BANKNIFTY31JUL2548600PE.NFO,2025-05-16,10:43:00,2025-07-31,1930.0,1930.0,1930.0,1930.0,0,0,1
BANKNIFTY31JUL2548600PE.NFO,2025-05-16,10:44:00,2025-07-31,1930.0,1930.0,1930.0,1930.0,0,0,1
BANKNIFTY31JUL2548600PE.NFO,2025-05-16,10:45:00,2025-07-31,1930.0,1930.0,1930.0,1930.0,0,0,1
BANKNIFTY31JUL2548600PE.NFO,2025-05-16,10:46:00,2025-07-31,1930.0,1930.0,1930.0,1930.0,0,0,1
BANKNIFTY31JUL2548600PE.NFO,2025-05-16,10:47:00,2025-07-31,1930.0,1930.0,1930.0,1930.0,0,0,1
BANKNIFTY31JUL2548600PE.NFO,2025-05-16,10:48:00,2025-07-31,1930.0,1930.0,1930.0,1930.0,0,0,1
BANKNIFTY31JUL2548600PE.NFO,2025-05-16,10:49:00,2025-07-31,1930.0,1930.0,1930.0,1930.0,0,0,1
BANKNIFTY31JUL2548600PE.NFO,2025-05-16,10:50:00,2025-07-31,1930.0,1930.0,1930.0,1930.0,0,0,1
BANKNIFTY31JUL2548600PE.NFO,2025-05-16,10:51:00,2025-07-31,1930.0,1930.0,1930.0,1930.0,0,0,1
BANKNIFTY31JUL2548600PE.NFO,2025-05-16,10:52:00,2025-07-31,1930.0,1930.0,1930.0,1930.0,0,0,1
BANKNIFTY31JUL2548600PE.NFO,2025-05-16,10:53:00,2025-07-31,1930.0,1930.0,1930.0,1930.0,0,0,1
BANKNIFTY31JUL2548600PE.NFO,2025-05-16,10:54:00,2025-07-31,1930.0,1930.0,1930.0,1930.0,0,0,1
BANKNIFTY31JUL2548600PE.NFO,2025-05-16,10:55:00,2025-07-31,1930.0,1930.0,1930.0,1930.0,0,0,1
BANKNIFTY31JUL2548600PE.NFO,2025-05-16,10:56:00,2025-07-31,1930.0,1930.0,1930.0,1930.0,0,0,1
BANKNIFTY31JUL2548600PE.NFO,2025-05-16,10:57:00,2025-07-31,1930.0,1930.0,1930.0,1930.0,0,0,1
BANKNIFTY31JUL2548600PE.NFO,2025-05-16,10:58:00,2025-07-31,1930.0,1930.0,1930.0,1930.0,0,0,1
BANKNIFTY31JUL2548600PE.NFO,2025-05-16,10:59:00,2025-07-31,1930.0,1930.0,1930.0,1930.0,0,0,1
BANKNIFTY31JUL2548600PE.NFO,2025-05-16,11:00:00,2025-07-31,1930.0,1930.0,1930.0,1930.0,0,0,1
BANKNIFTY31JUL2548600PE.NFO,2025-05-16,11:01:00,2025-07-31,1930.0,1930.0,1930.0,1930.0,0,0,1
BANKNIFTY31JUL2548600PE.NFO,2025-05-16,11:02:00,2025-07-31,1930.0,1930.0,1930.0,1930.0,0,0,1
BANKNIFTY31JUL2548600PE.NFO,2025-05-16,11:03:00,2025-07-31,1930.0,1930.0,1930.0,1930.0,0,0,1
BANKNIFTY31JUL2548600PE.NFO,2025-05-16,11:04:00,2025-07-31,1930.0,1930.0,1930.0,1930.0,0,0,1
BANKNIFTY31JUL2548600PE.NFO,2025-05-16,11:05:00,2025-07-31,1930.0,1930.0,1930.0,1930.0,0,0,1
BANKNIFTY31JUL2548600PE.NFO,2025-05-16,11:06:00,2025-07-31,1930.0,1930.0,1930.0,1930.0,0,0,1
BANKNIFTY31JUL2548600PE.NFO,2025-05-16,11:07:00,2025-07-31,1930.0,1930.0,1930.0,1930.0,0,0,1
BANKNIFTY31JUL2548600PE.NFO,2025-05-16,11:08:00,2025-07-31,1930.0,1930.0,1930.0,1930.0,0,0,1
BANKNIFTY31JUL2548600PE.NFO,2025-05-16,11:09:00,2025-07-31,1930.0,1930.0,1930.0,1930.0,0,0,1
BANKNIFTY31JUL2548600PE.NFO,2025-05-16,11:10:00,2025-07-31,1930.0,1930.0,1930.0,1930.0,0,0,1
BANKNIFTY31JUL2548600PE.NFO,2025-05-16,11:11:00,2025-07-31,1930.0,1930.0,1930.0,1930.0,0,0,1
BANKNIFTY31JUL2548600PE.NFO,2025-05-16,11:12:00,2025-07-31,1930.0,1930.0,1930.0,1930.0,0,0,1
BANKNIFTY31JUL2548600PE.NFO,2025-05-16,11:13:00,2025-07-31,1930.0,1930.0,1930.0,1930.0,0,0,1
BANKNIFTY31JUL2548600PE.NFO,2025-05-16,11:14:00,2025-07-31,1930.0,1930.0,1930.0,1930.0,0,0,1
BANKNIFTY31JUL2548600PE.NFO,2025-05-16,11:15:00,2025-07-31,1930.0,1930.0,1930.0,1930.0,0,0,1
BANKNIFTY31JUL2548600PE.NFO,2025-05-16,11:16:00,2025-07-31,1930.0,1930.0,1930.0,1930.0,0,0,1
BANKNIFTY31JUL2548600PE.NFO,2025-05-16,11:17:00,2025-07-31,1930.0,1930.0,1930.0,1930.0,0,0,1
BANKNIFTY31JUL2548600PE.NFO,2025-05-16,11:18:00,2025-07-31,1930.0,1930.0,1930.0,1930.0,0,0,1
BANKNIFTY31JUL2548600PE.NFO,2025-05-16,11:19:00,2025-07-31,1930.0,1930.0,1930.0,1930.0,0,0,1
BANKNIFTY31JUL2548600PE.NFO,2025-05-16,11:20:00,2025-07-31,1930.0,1930.0,1930.0,1930.0,0,0,1
BANKNIFTY31JUL2548600PE.NFO,2025-05-16,11:21:00,2025-07-31,1930.0,1930.0,1930.0,1930.0,0,0,1
BANKNIFTY31JUL2548600PE.NFO,2025-05-16,11:22:00,2025-07-31,1930.0,1930.0,1930.0,1930.0,0,0,1
BANKNIFTY31JUL2548600PE.NFO,2025-05-16,11:23:00,2025-07-31,1930.0,1930.0,1930.0,1930.0,0,0,1
BANKNIFTY31JUL2548600PE.NFO,2025-05-16,11:24:00,2025-07-31,1930.0,1930.0,1930.0,1930.0,0,0,1
BANKNIFTY31JUL2548600PE.NFO,2025-05-16,11:25:00,2025-07-31,1930.0,1930.0,1930.0,1930.0,0,0,1
BANKNIFTY31JUL2548600PE.NFO,2025-05-16,11:26:00,2025-07-31,1930.0,1930.0,1930.0,1930.0,0,0,1
BANKNIFTY31JUL2548600PE.NFO,2025-05-16,11:27:00,2025-07-31,1930.0,1930.0,1930.0,1930.0,0,0,1
BANKNIFTY31JUL2548600PE.NFO,2025-05-16,11:28:00,2025-07-31,1930.0,1930.0,1930.0,1930.0,0,0,1
BANKNIFTY31JUL2548600PE.NFO,2025-05-16,11:29:00,2025-07-31,1930.0,1930.0,1930.0,1930.0,0,0,1
BANKNIFTY31JUL2548600PE.NFO,2025-05-16,11:30:00,2025-07-31,1930.0,1930.0,1930.0,1930.0,0,0,1
BANKNIFTY31JUL2548600PE.NFO,2025-05-16,11:31:00,2025-07-31,1930.0,1930.0,1930.0,1930.0,0,0,1
BANKNIFTY31JUL2548600PE.NFO,2025-05-16,11:32:00,2025-07-31,1930.0,1930.0,1930.0,1930.0,0,0,1
BANKNIFTY31JUL2548600PE.NFO,2025-05-16,11:33:00,2025-07-31,1930.0,1930.0,1930.0,1930.0,0,0,1
BANKNIFTY31JUL2548600PE.NFO,2025-05-16,11:34:00,2025-07-31,1930.0,1930.0,1930.0,1930.0,0,0,1
BANKNIFTY31JUL2548600PE.NFO,2025-05-16,11:35:00,2025-07-31,1930.0,1930.0,1930.0,1930.0,0,0,1
BANKNIFTY31JUL2548600PE.NFO,2025-05-16,11:36:00,2025-07-31,1930.0,1930.0,1930.0,1930.0,0,0,1
BANKNIFTY31JUL2548600PE.NFO,2025-05-16,11:37:00,2025-07-31,1930.0,1930.0,1930.0,1930.0,0,0,1
BANKNIFTY31JUL2548600PE.NFO,2025-05-16,11:38:00,2025-07-31,1930.0,1930.0,1930.0,1930.0,0,0,1
BANKNIFTY31JUL2548600PE.NFO,2025-05-16,11:39:00,2025-07-31,1930.0,1930.0,1930.0,1930.0,0,0,1
BANKNIFTY31JUL2548600PE.NFO,2025-05-16,11:40:00,2025-07-31,1930.0,1930.0,1930.0,1930.0,0,0,1
BANKNIFTY31JUL2548600PE.NFO,2025-05-16,11:41:00,2025-07-31,1930.0,1930.0,1930.0,1930.0,0,0,1
BANKNIFTY31JUL2548600PE.NFO,2025-05-16,11:42:00,2025-07-31,1930.0,1930.0,1930.0,1930.0,0,0,1
BANKNIFTY31JUL2548600PE.NFO,2025-05-16,11:43:00,2025-07-31,1930.0,1930.0,1930.0,1930.0,0,0,1
BANKNIFTY31JUL2548600PE.NFO,2025-05-16,11:44:00,2025-07-31,1930.0,1930.0,1930.0,1930.0,0,0,1
BANKNIFTY31JUL2548600PE.NFO,2025-05-16,11:45:00,2025-07-31,1930.0,1930.0,1930.0,1930.0,0,0,1
BANKNIFTY31JUL2548600PE.NFO,2025-05-16,11:46:00,2025-07-31,1930.0,1930.0,1930.0,1930.0,0,0,1
BANKNIFTY31JUL2548600PE.NFO,2025-05-16,11:47:00,2025-07-31,1930.0,1930.0,1930.0,1930.0,0,0,1
BANKNIFTY31JUL2548600PE.NFO,2025-05-16,11:48:00,2025-07-31,1930.0,1930.0,1930.0,1930.0,0,0,1
BANKNIFTY31JUL2548600PE.NFO,2025-05-16,11:49:00,2025-07-31,1930.0,1930.0,1930.0,1930.0,0,0,1
BANKNIFTY31JUL2548600PE.NFO,2025-05-16,11:50:00,2025-07-31,1930.0,1930.0,1930.0,1930.0,0,0,1
BANKNIFTY31JUL2548600PE.NFO,2025-05-16,11:51:00,2025-07-31,1930.0,1930.0,1930.0,1930.0,0,0,1
BANKNIFTY31JUL2548600PE.NFO,2025-05-16,11:52:00,2025-07-31,1930.0,1930.0,1930.0,1930.0,0,0,1
BANKNIFTY31JUL2548600PE.NFO,2025-05-16,11:53:00,2025-07-31,1930.0,1930.0,1930.0,1930.0,0,0,1
BANKNIFTY31JUL2548600PE.NFO,2025-05-16,11:54:00,2025-07-31,1930.0,1930.0,1930.0,1930.0,0,0,1
BANKNIFTY31JUL2548600PE.NFO,2025-05-16,11:55:00,2025-07-31,1930.0,1930.0,1930.0,1930.0,0,0,1
BANKNIFTY31JUL2548600PE.NFO,2025-05-16,11:56:00,2025-07-31,1930.0,1930.0,1930.0,1930.0,0,0,1
BANKNIFTY31JUL2548600PE.NFO,2025-05-16,11:57:00,2025-07-31,1930.0,1930.0,1930.0,1930.0,0,0,1
BANKNIFTY31JUL2548600PE.NFO,2025-05-16,11:58:00,2025-07-31,1930.0,1930.0,1930.0,1930.0,0,0,1
BANKNIFTY31JUL2548600PE.NFO,2025-05-16,11:59:00,2025-07-31,1930.0,1930.0,1930.0,1930.0,0,0,1
BANKNIFTY31JUL2548600PE.NFO,2025-05-16,12:00:00,2025-07-31,1930.0,1930.0,1930.0,1930.0,0,0,1
BANKNIFTY31JUL2548600PE.NFO,2025-05-16,12:01:00,2025-07-31,1930.0,1930.0,1930.0,1930.0,0,0,1
BANKNIFTY31JUL2548600PE.NFO,2025-05-16,12:02:00,2025-07-31,1930.0,1930.0,1930.0,1930.0,0,0,1
BANKNIFTY31JUL2548600PE.NFO,2025-05-16,12:03:00,2025-07-31,1930.0,1930.0,1930.0,1930.0,0,0,1
BANKNIFTY31JUL2548600PE.NFO,2025-05-16,12:04:00,2025-07-31,1930.0,1930.0,1930.0,1930.0,0,0,1
BANKNIFTY31JUL2548600PE.NFO,2025-05-16,12:05:00,2025-07-31,1930.0,1930.0,1930.0,1930.0,0,0,1
BANKNIFTY31JUL2548600PE.NFO,2025-05-16,12:06:00,2025-07-31,1930.0,1930.0,1930.0,1930.0,0,0,1
BANKNIFTY31JUL2548600PE.NFO,2025-05-16,12:07:00,2025-07-31,1930.0,1930.0,1930.0,1930.0,0,0,1
BANKNIFTY31JUL2548600PE.NFO,2025-05-16,12:08:00,2025-07-31,1930.0,1930.0,1930.0,1930.0,0,0,1
BANKNIFTY31JUL2548600PE.NFO,2025-05-16,12:09:00,2025-07-31,1930.0,1930.0,1930.0,1930.0,0,0,1
BANKNIFTY31JUL2548600PE.NFO,2025-05-16,12:10:00,2025-07-31,1930.0,1930.0,1930.0,1930.0,0,0,1
BANKNIFTY31JUL2548600PE.NFO,2025-05-16,12:11:00,2025-07-31,1930.0,1930.0,1930.0,1930.0,0,0,1
BANKNIFTY31JUL2548600PE.NFO,2025-05-16,12:12:00,2025-07-31,1930.0,1930.0,1930.0,1930.0,0,0,1
BANKNIFTY31JUL2548600PE.NFO,2025-05-16,12:13:00,2025-07-31,1930.0,1930.0,1930.0,1930.0,0,0,1
BANKNIFTY31JUL2548600PE.NFO,2025-05-16,12:14:00,2025-07-31,1930.0,1930.0,1930.0,1930.0,0,0,1
BANKNIFTY31JUL2548600PE.NFO,2025-05-16,12:15:00,2025-07-31,1930.0,1930.0,1930.0,1930.0,0,0,1
BANKNIFTY31JUL2548600PE.NFO,2025-05-16,12:16:00,2025-07-31,1930.0,1930.0,1930.0,1930.0,0,0,1
BANKNIFTY31JUL2548600PE.NFO,2025-05-16,12:17:00,2025-07-31,1930.0,1930.0,1930.0,1930.0,0,0,1
BANKNIFTY31JUL2548600PE.NFO,2025-05-16,12:18:00,2025-07-31,1930.0,1930.0,1930.0,1930.0,0,0,1
BANKNIFTY31JUL2548600PE.NFO,2025-05-16,12:19:00,2025-07-31,1930.0,1930.0,1930.0,1930.0,0,0,1
BANKNIFTY31JUL2548600PE.NFO,2025-05-16,12:20:00,2025-07-31,1930.0,1930.0,1930.0,1930.0,0,0,1
BANKNIFTY31JUL2548600PE.NFO,2025-05-16,12:21:00,2025-07-31,1930.0,1930.0,1930.0,1930.0,0,0,1
BANKNIFTY31JUL2548600PE.NFO,2025-05-16,12:22:00,2025-07-31,1930.0,1930.0,1930.0,1930.0,0,0,1
BANKNIFTY31JUL2548600PE.NFO,2025-05-16,12:23:00,2025-07-31,1930.0,1930.0,1930.0,1930.0,0,0,1
BANKNIFTY31JUL2548600PE.NFO,2025-05-16,12:24:00,2025-07-31,1930.0,1930.0,1930.0,1930.0,0,0,1
BANKNIFTY31JUL2548600PE.NFO,2025-05-16,12:25:00,2025-07-31,1930.0,1930.0,1930.0,1930.0,0,0,1
BANKNIFTY31JUL2548600PE.NFO,2025-05-16,12:26:00,2025-07-31,1930.0,1930.0,1930.0,1930.0,0,0,1
BANKNIFTY31JUL2548600PE.NFO,2025-05-16,12:27:00,2025-07-31,1930.0,1930.0,1930.0,1930.0,0,0,1
BANKNIFTY31JUL2548600PE.NFO,2025-05-16,12:28:00,2025-07-31,1930.0,1930.0,1930.0,1930.0,0,0,1
BANKNIFTY31JUL2548600PE.NFO,2025-05-16,12:29:00,2025-07-31,1930.0,1930.0,1930.0,1930.0,0,0,1
BANKNIFTY31JUL2548600PE.NFO,2025-05-16,12:30:00,2025-07-31,1930.0,1930.0,1930.0,1930.0,0,0,1
BANKNIFTY31JUL2548600PE.NFO,2025-05-16,12:31:00,2025-07-31,1930.0,1930.0,1930.0,1930.0,0,0,1
BANKNIFTY31JUL2548600PE.NFO,2025-05-16,12:32:00,2025-07-31,1930.0,1930.0,1930.0,1930.0,0,0,1
BANKNIFTY31JUL2548600PE.NFO,2025-05-16,12:33:00,2025-07-31,1930.0,1930.0,1930.0,1930.0,0,0,1
BANKNIFTY31JUL2548600PE.NFO,2025-05-16,12:34:00,2025-07-31,1930.0,1930.0,1930.0,1930.0,0,0,1
BANKNIFTY31JUL2548600PE.NFO,2025-05-16,12:35:00,2025-07-31,1930.0,1930.0,1930.0,1930.0,0,0,1
BANKNIFTY31JUL2548600PE.NFO,2025-05-16,12:36:00,2025-07-31,1930.0,1930.0,1930.0,1930.0,0,0,1
BANKNIFTY31JUL2548600PE.NFO,2025-05-16,12:37:00,2025-07-31,1930.0,1930.0,1930.0,1930.0,0,0,1
BANKNIFTY31JUL2548600PE.NFO,2025-05-16,12:38:00,2025-07-31,1930.0,1930.0,1930.0,1930.0,0,0,1
BANKNIFTY31JUL2548600PE.NFO,2025-05-16,12:39:00,2025-07-31,1930.0,1930.0,1930.0,1930.0,0,0,1
BANKNIFTY31JUL2548600PE.NFO,2025-05-16,12:40:00,2025-07-31,1930.0,1930.0,1930.0,1930.0,0,0,1
BANKNIFTY31JUL2548600PE.NFO,2025-05-16,12:41:00,2025-07-31,1930.0,1930.0,1930.0,1930.0,0,0,1
BANKNIFTY31JUL2548600PE.NFO,2025-05-16,12:42:00,2025-07-31,1930.0,1930.0,1930.0,1930.0,0,0,1
BANKNIFTY31JUL2548600PE.NFO,2025-05-16,12:43:00,2025-07-31,1930.0,1930.0,1930.0,1930.0,0,0,1
BANKNIFTY31JUL2548600PE.NFO,2025-05-16,12:44:00,2025-07-31,1930.0,1930.0,1930.0,1930.0,0,0,1
BANKNIFTY31JUL2548600PE.NFO,2025-05-16,12:45:00,2025-07-31,1930.0,1930.0,1930.0,1930.0,0,0,1
BANKNIFTY31JUL2548600PE.NFO,2025-05-16,12:46:00,2025-07-31,1930.0,1930.0,1930.0,1930.0,0,0,1
BANKNIFTY31JUL2548600PE.NFO,2025-05-16,12:47:00,2025-07-31,1930.0,1930.0,1930.0,1930.0,0,0,1
BANKNIFTY31JUL2548600PE.NFO,2025-05-16,12:48:00,2025-07-31,1930.0,1930.0,1930.0,1930.0,0,0,1
BANKNIFTY31JUL2548600PE.NFO,2025-05-16,12:49:00,2025-07-31,1930.0,1930.0,1930.0,1930.0,0,0,1
BANKNIFTY31JUL2548600PE.NFO,2025-05-16,12:50:00,2025-07-31,1930.0,1930.0,1930.0,1930.0,0,0,1
BANKNIFTY31JUL2548600PE.NFO,2025-05-16,12:51:00,2025-07-31,1930.0,1930.0,1930.0,1930.0,0,0,1
BANKNIFTY31JUL2548600PE.NFO,2025-05-16,12:52:00,2025-07-31,1930.0,1930.0,1930.0,1930.0,0,0,1
BANKNIFTY31JUL2548600PE.NFO,2025-05-16,12:53:00,2025-07-31,1930.0,1930.0,1930.0,1930.0,0,0,1
BANKNIFTY31JUL2548600PE.NFO,2025-05-16,12:54:00,2025-07-31,1930.0,1930.0,1930.0,1930.0,0,0,1
BANKNIFTY31JUL2548600PE.NFO,2025-05-16,12:55:00,2025-07-31,1930.0,1930.0,1930.0,1930.0,0,0,1
BANKNIFTY31JUL2548600PE.NFO,2025-05-16,12:56:00,2025-07-31,1930.0,1930.0,1930.0,1930.0,0,0,1
BANKNIFTY31JUL2548600PE.NFO,2025-05-16,12:57:00,2025-07-31,1930.0,1930.0,1930.0,1930.0,0,0,1
BANKNIFTY31JUL2548600PE.NFO,2025-05-16,12:58:00,2025-07-31,1930.0,1930.0,1930.0,1930.0,0,0,1
BANKNIFTY31JUL2548600PE.NFO,2025-05-16,12:59:00,2025-07-31,1930.0,1930.0,1930.0,1930.0,0,0,1
BANKNIFTY31JUL2548600PE.NFO,2025-05-16,13:00:00,2025-07-31,1930.0,1930.0,1930.0,1930.0,0,0,1
BANKNIFTY31JUL2548600PE.NFO,2025-05-16,13:01:00,2025-07-31,1930.0,1930.0,1930.0,1930.0,0,0,1
BANKNIFTY31JUL2548600PE.NFO,2025-05-16,13:02:00,2025-07-31,1930.0,1930.0,1930.0,1930.0,0,0,1
BANKNIFTY31JUL2548600PE.NFO,2025-05-16,13:03:00,2025-07-31,1930.0,1930.0,1930.0,1930.0,0,0,1
BANKNIFTY31JUL2548600PE.NFO,2025-05-16,13:04:00,2025-07-31,1930.0,1930.0,1930.0,1930.0,0,0,1
BANKNIFTY31JUL2548600PE.NFO,2025-05-16,13:05:00,2025-07-31,1930.0,1930.0,1930.0,1930.0,0,0,1
BANKNIFTY31JUL2548600PE.NFO,2025-05-16,13:06:00,2025-07-31,1930.0,1930.0,1930.0,1930.0,0,0,1
BANKNIFTY31JUL2548600PE.NFO,2025-05-16,13:07:00,2025-07-31,1930.0,1930.0,1930.0,1930.0,0,0,1
BANKNIFTY31JUL2548600PE.NFO,2025-05-16,13:08:00,2025-07-31,1930.0,1930.0,1930.0,1930.0,0,0,1
BANKNIFTY31JUL2548600PE.NFO,2025-05-16,13:09:00,2025-07-31,1930.0,1930.0,1930.0,1930.0,0,0,1
BANKNIFTY31JUL2548600PE.NFO,2025-05-16,13:10:00,2025-07-31,1930.0,1930.0,1930.0,1930.0,0,0,1
BANKNIFTY31JUL2548600PE.NFO,2025-05-16,13:11:00,2025-07-31,1930.0,1930.0,1930.0,1930.0,0,0,1
BANKNIFTY31JUL2548600PE.NFO,2025-05-16,13:12:00,2025-07-31,1930.0,1930.0,1930.0,1930.0,0,0,1
BANKNIFTY31JUL2548600PE.NFO,2025-05-16,13:13:00,2025-07-31,1930.0,1930.0,1930.0,1930.0,0,0,1
BANKNIFTY31JUL2548600PE.NFO,2025-05-16,13:14:00,2025-07-31,1930.0,1930.0,1930.0,1930.0,0,0,1
BANKNIFTY31JUL2548600PE.NFO,2025-05-16,13:15:00,2025-07-31,1930.0,1930.0,1930.0,1930.0,0,0,1
BANKNIFTY31JUL2548600PE.NFO,2025-05-16,13:16:00,2025-07-31,1930.0,1930.0,1930.0,1930.0,0,0,1
BANKNIFTY31JUL2548600PE.NFO,2025-05-16,13:17:00,2025-07-31,1930.0,1930.0,1930.0,1930.0,0,0,1
BANKNIFTY31JUL2548600PE.NFO,2025-05-16,13:18:00,2025-07-31,1930.0,1930.0,1930.0,1930.0,0,0,1
BANKNIFTY31JUL2548600PE.NFO,2025-05-16,13:19:00,2025-07-31,1930.0,1930.0,1930.0,1930.0,0,0,1
BANKNIFTY31JUL2548600PE.NFO,2025-05-16,13:20:00,2025-07-31,1930.0,1930.0,1930.0,1930.0,0,0,1
BANKNIFTY31JUL2548600PE.NFO,2025-05-16,13:21:00,2025-07-31,1930.0,1930.0,1930.0,1930.0,0,0,1
BANKNIFTY31JUL2548600PE.NFO,2025-05-16,13:22:00,2025-07-31,1930.0,1930.0,1930.0,1930.0,0,0,1
BANKNIFTY31JUL2548600PE.NFO,2025-05-16,13:23:00,2025-07-31,1930.0,1930.0,1930.0,1930.0,0,0,1
BANKNIFTY31JUL2548600PE.NFO,2025-05-16,13:24:00,2025-07-31,1930.0,1930.0,1930.0,1930.0,0,0,1
BANKNIFTY31JUL2548600PE.NFO,2025-05-16,13:25:00,2025-07-31,1930.0,1930.0,1930.0,1930.0,0,0,1
BANKNIFTY31JUL2548600PE.NFO,2025-05-16,13:26:00,2025-07-31,1930.0,1930.0,1930.0,1930.0,0,0,1
BANKNIFTY31JUL2548600PE.NFO,2025-05-16,13:27:00,2025-07-31,1930.0,1930.0,1930.0,1930.0,0,0,1
BANKNIFTY31JUL2548600PE.NFO,2025-05-16,13:28:00,2025-07-31,1930.0,1930.0,1930.0,1930.0,0,0,1
BANKNIFTY31JUL2548600PE.NFO,2025-05-16,13:29:00,2025-07-31,1930.0,1930.0,1930.0,1930.0,0,0,1
BANKNIFTY31JUL2548600PE.NFO,2025-05-16,13:30:00,2025-07-31,1930.0,1930.0,1930.0,1930.0,0,0,1
BANKNIFTY31JUL2548600PE.NFO,2025-05-16,13:31:00,2025-07-31,1930.0,1930.0,1930.0,1930.0,0,0,1
BANKNIFTY31JUL2548600PE.NFO,2025-05-16,13:32:00,2025-07-31,1930.0,1930.0,1930.0,1930.0,0,0,1
BANKNIFTY31JUL2548600PE.NFO,2025-05-16,13:33:00,2025-07-31,1930.0,1930.0,1930.0,1930.0,0,0,1
BANKNIFTY31JUL2548600PE.NFO,2025-05-16,13:34:00,2025-07-31,1930.0,1930.0,1930.0,1930.0,0,0,1
BANKNIFTY31JUL2548600PE.NFO,2025-05-16,13:35:00,2025-07-31,1930.0,1930.0,1930.0,1930.0,0,0,1
BANKNIFTY31JUL2548600PE.NFO,2025-05-16,13:36:00,2025-07-31,1930.0,1930.0,1930.0,1930.0,0,0,1
BANKNIFTY31JUL2548600PE.NFO,2025-05-16,13:37:00,2025-07-31,1930.0,1930.0,1930.0,1930.0,0,0,1
BANKNIFTY31JUL2548600PE.NFO,2025-05-16,13:38:00,2025-07-31,1930.0,1930.0,1930.0,1930.0,0,0,1
BANKNIFTY31JUL2548600PE.NFO,2025-05-16,13:39:00,2025-07-31,1930.0,1930.0,1930.0,1930.0,0,0,1
BANKNIFTY31JUL2548600PE.NFO,2025-05-16,13:40:00,2025-07-31,1930.0,1930.0,1930.0,1930.0,0,0,1
BANKNIFTY31JUL2548600PE.NFO,2025-05-16,13:41:00,2025-07-31,1930.0,1930.0,1930.0,1930.0,0,0,1
BANKNIFTY31JUL2548600PE.NFO,2025-05-16,13:42:00,2025-07-31,1930.0,1930.0,1930.0,1930.0,0,0,1
BANKNIFTY31JUL2548600PE.NFO,2025-05-16,13:43:00,2025-07-31,1930.0,1930.0,1930.0,1930.0,0,0,1
BANKNIFTY31JUL2548600PE.NFO,2025-05-16,13:44:00,2025-07-31,1930.0,1930.0,1930.0,1930.0,0,0,1
BANKNIFTY31JUL2548600PE.NFO,2025-05-16,13:45:00,2025-07-31,1930.0,1930.0,1930.0,1930.0,0,0,1
BANKNIFTY31JUL2548600PE.NFO,2025-05-16,13:46:00,2025-07-31,1930.0,1930.0,1930.0,1930.0,0,0,1
BANKNIFTY31JUL2548600PE.NFO,2025-05-16,13:47:00,2025-07-31,1930.0,1930.0,1930.0,1930.0,0,0,1
BANKNIFTY31JUL2548600PE.NFO,2025-05-16,13:48:00,2025-07-31,1930.0,1930.0,1930.0,1930.0,0,0,1
BANKNIFTY31JUL2548600PE.NFO,2025-05-16,13:49:00,2025-07-31,1930.0,1930.0,1930.0,1930.0,0,0,1
BANKNIFTY31JUL2548600PE.NFO,2025-05-16,13:50:00,2025-07-31,1930.0,1930.0,1930.0,1930.0,0,0,1
BANKNIFTY31JUL2548600PE.NFO,2025-05-16,13:51:00,2025-07-31,1930.0,1930.0,1930.0,1930.0,0,0,1
BANKNIFTY31JUL2548600PE.NFO,2025-05-16,13:52:00,2025-07-31,1930.0,1930.0,1930.0,1930.0,0,0,1
BANKNIFTY31JUL2548600PE.NFO,2025-05-16,13:53:00,2025-07-31,1930.0,1930.0,1930.0,1930.0,0,0,1
BANKNIFTY31JUL2548600PE.NFO,2025-05-16,13:54:00,2025-07-31,1930.0,1930.0,1930.0,1930.0,0,0,1
BANKNIFTY31JUL2548600PE.NFO,2025-05-16,13:55:00,2025-07-31,1930.0,1930.0,1930.0,1930.0,0,0,1
BANKNIFTY31JUL2548600PE.NFO,2025-05-16,13:56:00,2025-07-31,1930.0,1930.0,1930.0,1930.0,0,0,1
BANKNIFTY31JUL2548600PE.NFO,2025-05-16,13:57:00,2025-07-31,1930.0,1930.0,1930.0,1930.0,0,0,1
BANKNIFTY31JUL2548600PE.NFO,2025-05-16,13:58:00,2025-07-31,1930.0,1930.0,1930.0,1930.0,0,0,1
BANKNIFTY31JUL2548600PE.NFO,2025-05-16,13:59:00,2025-07-31,1930.0,1930.0,1930.0,1930.0,0,0,1
BANKNIFTY31JUL2548600PE.NFO,2025-05-16,14:00:00,2025-07-31,1930.0,1930.0,1930.0,1930.0,0,0,1
BANKNIFTY31JUL2548600PE.NFO,2025-05-16,14:01:00,2025-07-31,1930.0,1930.0,1930.0,1930.0,0,0,1
BANKNIFTY31JUL2548600PE.NFO,2025-05-16,14:02:00,2025-07-31,1930.0,1930.0,1930.0,1930.0,0,0,1
BANKNIFTY31JUL2548600PE.NFO,2025-05-16,14:03:00,2025-07-31,1930.0,1930.0,1930.0,1930.0,0,0,1
BANKNIFTY31JUL2548600PE.NFO,2025-05-16,14:04:00,2025-07-31,1930.0,1930.0,1930.0,1930.0,0,0,1
BANKNIFTY31JUL2548600PE.NFO,2025-05-16,14:05:00,2025-07-31,1930.0,1930.0,1930.0,1930.0,0,0,1
BANKNIFTY31JUL2548600PE.NFO,2025-05-16,14:06:00,2025-07-31,1930.0,1930.0,1930.0,1930.0,0,0,1
BANKNIFTY31JUL2548600PE.NFO,2025-05-16,14:07:00,2025-07-31,1930.0,1930.0,1930.0,1930.0,0,0,1
BANKNIFTY31JUL2548600PE.NFO,2025-05-16,14:08:00,2025-07-31,1930.0,1930.0,1930.0,1930.0,0,0,1
BANKNIFTY31JUL2548600PE.NFO,2025-05-16,14:09:00,2025-07-31,1930.0,1930.0,1930.0,1930.0,0,0,1
BANKNIFTY31JUL2548600PE.NFO,2025-05-16,14:10:00,2025-07-31,1930.0,1930.0,1930.0,1930.0,0,0,1
BANKNIFTY31JUL2548600PE.NFO,2025-05-16,14:11:00,2025-07-31,1930.0,1930.0,1930.0,1930.0,0,0,1
BANKNIFTY31JUL2548600PE.NFO,2025-05-16,14:12:00,2025-07-31,1930.0,1930.0,1930.0,1930.0,0,0,1
BANKNIFTY31JUL2548600PE.NFO,2025-05-16,14:13:00,2025-07-31,1930.0,1930.0,1930.0,1930.0,0,0,1
BANKNIFTY31JUL2548600PE.NFO,2025-05-16,14:14:00,2025-07-31,1930.0,1930.0,1930.0,1930.0,0,0,1
BANKNIFTY31JUL2548600PE.NFO,2025-05-16,14:15:00,2025-07-31,1930.0,1930.0,1930.0,1930.0,0,0,1
BANKNIFTY31JUL2548600PE.NFO,2025-05-16,14:16:00,2025-07-31,1930.0,1930.0,1930.0,1930.0,0,0,1
BANKNIFTY31JUL2548600PE.NFO,2025-05-16,14:17:00,2025-07-31,1930.0,1930.0,1930.0,1930.0,0,0,1
BANKNIFTY31JUL2548600PE.NFO,2025-05-16,14:18:00,2025-07-31,1930.0,1930.0,1930.0,1930.0,0,0,1
BANKNIFTY31JUL2548600PE.NFO,2025-05-16,14:19:00,2025-07-31,1930.0,1930.0,1930.0,1930.0,0,0,1
BANKNIFTY31JUL2548600PE.NFO,2025-05-16,14:20:00,2025-07-31,1930.0,1930.0,1930.0,1930.0,0,0,1
BANKNIFTY31JUL2548600PE.NFO,2025-05-16,14:21:00,2025-07-31,1930.0,1930.0,1930.0,1930.0,0,0,1
BANKNIFTY31JUL2548600PE.NFO,2025-05-16,14:22:00,2025-07-31,1930.0,1930.0,1930.0,1930.0,0,0,1
BANKNIFTY31JUL2548600PE.NFO,2025-05-16,14:23:00,2025-07-31,1930.0,1930.0,1930.0,1930.0,0,0,1
BANKNIFTY31JUL2548600PE.NFO,2025-05-16,14:24:00,2025-07-31,1930.0,1930.0,1930.0,1930.0,0,0,1
BANKNIFTY31JUL2548600PE.NFO,2025-05-16,14:25:00,2025-07-31,1930.0,1930.0,1930.0,1930.0,0,0,1
BANKNIFTY31JUL2548600PE.NFO,2025-05-16,14:26:00,2025-07-31,1930.0,1930.0,1930.0,1930.0,0,0,1
BANKNIFTY31JUL2548600PE.NFO,2025-05-16,14:27:00,2025-07-31,1930.0,1930.0,1930.0,1930.0,0,0,1
BANKNIFTY31JUL2548600PE.NFO,2025-05-16,14:28:00,2025-07-31,1930.0,1930.0,1930.0,1930.0,0,0,1
BANKNIFTY31JUL2548600PE.NFO,2025-05-16,14:29:00,2025-07-31,1930.0,1930.0,1930.0,1930.0,0,0,1
BANKNIFTY31JUL2548600PE.NFO,2025-05-16,14:30:00,2025-07-31,1930.0,1930.0,1930.0,1930.0,0,0,1
BANKNIFTY31JUL2548600PE.NFO,2025-05-16,14:31:00,2025-07-31,1930.0,1930.0,1930.0,1930.0,0,0,1
BANKNIFTY31JUL2548600PE.NFO,2025-05-16,14:32:00,2025-07-31,1930.0,1930.0,1930.0,1930.0,0,0,1
BANKNIFTY31JUL2548600PE.NFO,2025-05-16,14:33:00,2025-07-31,1930.0,1930.0,1930.0,1930.0,0,0,1
BANKNIFTY31JUL2548600PE.NFO,2025-05-16,14:34:00,2025-07-31,1930.0,1930.0,1930.0,1930.0,0,0,1
BANKNIFTY31JUL2548600PE.NFO,2025-05-16,14:35:00,2025-07-31,1930.0,1930.0,1930.0,1930.0,0,0,1
BANKNIFTY31JUL2548600PE.NFO,2025-05-16,14:36:00,2025-07-31,1930.0,1930.0,1930.0,1930.0,0,0,1
BANKNIFTY31JUL2548600PE.NFO,2025-05-16,14:37:00,2025-07-31,1930.0,1930.0,1930.0,1930.0,0,0,1
BANKNIFTY31JUL2548600PE.NFO,2025-05-16,14:38:00,2025-07-31,1930.0,1930.0,1930.0,1930.0,0,0,1
BANKNIFTY31JUL2548600PE.NFO,2025-05-16,14:39:00,2025-07-31,1930.0,1930.0,1930.0,1930.0,0,0,1
BANKNIFTY31JUL2548600PE.NFO,2025-05-16,14:40:00,2025-07-31,1930.0,1930.0,1930.0,1930.0,0,0,1
BANKNIFTY31JUL2548600PE.NFO,2025-05-16,14:41:00,2025-07-31,1930.0,1930.0,1930.0,1930.0,0,0,1
BANKNIFTY31JUL2548600PE.NFO,2025-05-16,14:42:00,2025-07-31,1930.0,1930.0,1930.0,1930.0,0,0,1
BANKNIFTY31JUL2548600PE.NFO,2025-05-16,14:43:00,2025-07-31,1930.0,1930.0,1930.0,1930.0,0,0,1
BANKNIFTY31JUL2548600PE.NFO,2025-05-16,14:44:00,2025-07-31,1930.0,1930.0,1930.0,1930.0,0,0,1
BANKNIFTY31JUL2548600PE.NFO,2025-05-16,14:45:00,2025-07-31,1930.0,1930.0,1930.0,1930.0,0,0,1
BANKNIFTY31JUL2548600PE.NFO,2025-05-16,14:46:00,2025-07-31,1930.0,1930.0,1930.0,1930.0,0,0,1
BANKNIFTY31JUL2548600PE.NFO,2025-05-16,14:47:00,2025-07-31,1930.0,1930.0,1930.0,1930.0,0,0,1
BANKNIFTY31JUL2548600PE.NFO,2025-05-16,14:48:00,2025-07-31,1930.0,1930.0,1930.0,1930.0,0,0,1
BANKNIFTY31JUL2548600PE.NFO,2025-05-16,14:49:00,2025-07-31,1930.0,1930.0,1930.0,1930.0,0,0,1
BANKNIFTY31JUL2548600PE.NFO,2025-05-16,14:50:00,2025-07-31,1930.0,1930.0,1930.0,1930.0,0,0,1
BANKNIFTY31JUL2548600PE.NFO,2025-05-16,14:51:00,2025-07-31,1930.0,1930.0,1930.0,1930.0,0,0,1
BANKNIFTY31JUL2548600PE.NFO,2025-05-16,14:52:00,2025-07-31,1930.0,1930.0,1930.0,1930.0,0,0,1
BANKNIFTY31JUL2548600PE.NFO,2025-05-16,14:53:00,2025-07-31,1930.0,1930.0,1930.0,1930.0,0,0,1
BANKNIFTY31JUL2548600PE.NFO,2025-05-16,14:54:00,2025-07-31,1930.0,1930.0,1930.0,1930.0,0,0,1
BANKNIFTY31JUL2548600PE.NFO,2025-05-16,14:55:00,2025-07-31,1930.0,1930.0,1930.0,1930.0,0,0,1
BANKNIFTY31JUL2548600PE.NFO,2025-05-16,14:56:00,2025-07-31,1930.0,1930.0,1930.0,1930.0,0,0,1
BANKNIFTY31JUL2548600PE.NFO,2025-05-16,14:57:00,2025-07-31,1930.0,1930.0,1930.0,1930.0,0,0,1
BANKNIFTY31JUL2548600PE.NFO,2025-05-16,14:58:00,2025-07-31,1930.0,1930.0,1930.0,1930.0,0,0,1
BANKNIFTY31JUL2548600PE.NFO,2025-05-16,14:59:00,2025-07-31,1930.0,1930.0,1930.0,1930.0,0,0,1
BANKNIFTY31JUL2548600PE.NFO,2025-05-16,15:00:00,2025-07-31,1930.0,1930.0,1930.0,1930.0,0,0,1
BANKNIFTY31JUL2548600PE.NFO,2025-05-16,15:01:00,2025-07-31,1930.0,1930.0,1930.0,1930.0,0,0,1
BANKNIFTY31JUL2548600PE.NFO,2025-05-16,15:02:00,2025-07-31,1930.0,1930.0,1930.0,1930.0,0,0,1
BANKNIFTY31JUL2548600PE.NFO,2025-05-16,15:03:00,2025-07-31,1930.0,1930.0,1930.0,1930.0,0,0,1
BANKNIFTY31JUL2548600PE.NFO,2025-05-16,15:04:00,2025-07-31,1930.0,1930.0,1930.0,1930.0,0,0,1
BANKNIFTY31JUL2548600PE.NFO,2025-05-16,15:05:00,2025-07-31,1930.0,1930.0,1930.0,1930.0,0,0,1
BANKNIFTY31JUL2548600PE.NFO,2025-05-16,15:06:00,2025-07-31,1930.0,1930.0,1930.0,1930.0,0,0,1
BANKNIFTY31JUL2548600PE.NFO,2025-05-16,15:07:00,2025-07-31,1930.0,1930.0,1930.0,1930.0,0,0,1
BANKNIFTY31JUL2548600PE.NFO,2025-05-16,15:08:00,2025-07-31,1930.0,1930.0,1930.0,1930.0,0,0,1
BANKNIFTY31JUL2548600PE.NFO,2025-05-16,15:09:00,2025-07-31,1930.0,1930.0,1930.0,1930.0,0,0,1
BANKNIFTY31JUL2548600PE.NFO,2025-05-16,15:10:00,2025-07-31,1930.0,1930.0,1930.0,1930.0,0,0,1
BANKNIFTY31JUL2548600PE.NFO,2025-05-16,15:11:00,2025-07-31,1930.0,1930.0,1930.0,1930.0,0,0,1
BANKNIFTY31JUL2548600PE.NFO,2025-05-16,15:12:00,2025-07-31,1930.0,1930.0,1930.0,1930.0,0,0,1
BANKNIFTY31JUL2548600PE.NFO,2025-05-16,15:13:00,2025-07-31,1930.0,1930.0,1930.0,1930.0,0,0,1
BANKNIFTY31JUL2548600PE.NFO,2025-05-16,15:14:00,2025-07-31,1930.0,1930.0,1930.0,1930.0,0,0,1
BANKNIFTY31JUL2548600PE.NFO,2025-05-16,15:15:00,2025-07-31,1930.0,1930.0,1930.0,1930.0,0,0,1
BANKNIFTY31JUL2548600PE.NFO,2025-05-16,15:16:00,2025-07-31,1930.0,1930.0,1930.0,1930.0,0,0,1
BANKNIFTY31JUL2548600PE.NFO,2025-05-16,15:17:00,2025-07-31,1930.0,1930.0,1930.0,1930.0,0,0,1
BANKNIFTY31JUL2548600PE.NFO,2025-05-16,15:18:00,2025-07-31,1930.0,1930.0,1930.0,1930.0,0,0,1
BANKNIFTY31JUL2548600PE.NFO,2025-05-16,15:19:00,2025-07-31,1930.0,1930.0,1930.0,1930.0,0,0,1
BANKNIFTY31JUL2548600PE.NFO,2025-05-16,15:20:00,2025-07-31,1930.0,1930.0,1930.0,1930.0,0,0,1
BANKNIFTY31JUL2548600PE.NFO,2025-05-16,15:21:00,2025-07-31,1930.0,1930.0,1930.0,1930.0,0,0,1
BANKNIFTY31JUL2548600PE.NFO,2025-05-16,15:22:00,2025-07-31,1930.0,1930.0,1930.0,1930.0,0,0,1
BANKNIFTY31JUL2548600PE.NFO,2025-05-16,15:23:00,2025-07-31,1930.0,1930.0,1930.0,1930.0,0,0,1
BANKNIFTY31JUL2548600PE.NFO,2025-05-16,15:24:00,2025-07-31,1930.0,1930.0,1930.0,1930.0,0,0,1
BANKNIFTY31JUL2548600PE.NFO,2025-05-16,15:25:00,2025-07-31,1930.0,1930.0,1930.0,1930.0,0,0,1
BANKNIFTY31JUL2548600PE.NFO,2025-05-16,15:26:00,2025-07-31,1930.0,1930.0,1930.0,1930.0,0,0,1
BANKNIFTY31JUL2548600PE.NFO,2025-05-16,15:27:00,2025-07-31,1930.0,1930.0,1930.0,1930.0,0,0,1
BANKNIFTY31JUL2548600PE.NFO,2025-05-16,15:28:00,2025-07-31,1930.0,1930.0,1930.0,1930.0,0,0,1
BANKNIFTY31JUL2548600PE.NFO,2025-05-16,15:29:00,2025-07-31,1930.0,1930.0,1930.0,1930.0,0,0,1
BANKNIFTY31JUL2548600PE.NFO,2025-05-16,15:30:00,2025-07-31,1930.0,1930.0,1930.0,1930.0,0,0,1
BANKNIFTY31JUL2548600PE.NFO,2025-05-19,09:15:00,2025-07-31,1930.0,1930.0,1930.0,1930.0,0,0,0
BANKNIFTY31JUL2548600PE.NFO,2025-05-19,09:16:00,2025-07-31,1930.0,1930.0,1930.0,1930.0,0,0,1
BANKNIFTY31JUL2548600PE.NFO,2025-05-19,09:17:00,2025-07-31,1930.0,1930.0,1930.0,1930.0,0,0,1
BANKNIFTY31JUL2548600PE.NFO,2025-05-19,09:18:00,2025-07-31,1930.0,1930.0,1930.0,1930.0,0,0,1
BANKNIFTY31JUL2548600PE.NFO,2025-05-19,09:19:00,2025-07-31,1930.0,1930.0,1930.0,1930.0,0,0,1
BANKNIFTY31JUL2548600PE.NFO,2025-05-19,09:20:00,2025-07-31,1930.0,1930.0,1930.0,1930.0,0,0,1
BANKNIFTY31JUL2548600PE.NFO,2025-05-19,09:21:00,2025-07-31,1930.0,1930.0,1930.0,1930.0,0,0,1
BANKNIFTY31JUL2548600PE.NFO,2025-05-19,09:22:00,2025-07-31,1930.0,1930.0,1930.0,1930.0,0,0,1
BANKNIFTY31JUL2548600PE.NFO,2025-05-19,09:23:00,2025-07-31,1930.0,1930.0,1930.0,1930.0,0,0,1
BANKNIFTY31JUL2548600PE.NFO,2025-05-19,09:24:00,2025-07-31,1930.0,1930.0,1930.0,1930.0,0,0,1
BANKNIFTY31JUL2548600PE.NFO,2025-05-19,09:25:00,2025-07-31,1930.0,1930.0,1930.0,1930.0,0,0,1
BANKNIFTY31JUL2548600PE.NFO,2025-05-19,09:26:00,2025-07-31,1930.0,1930.0,1930.0,1930.0,0,0,1
BANKNIFTY31JUL2548600PE.NFO,2025-05-19,09:27:00,2025-07-31,1930.0,1930.0,1930.0,1930.0,0,0,1
BANKNIFTY31JUL2548600PE.NFO,2025-05-19,09:28:00,2025-07-31,1930.0,1930.0,1930.0,1930.0,0,0,1
BANKNIFTY31JUL2548600PE.NFO,2025-05-19,09:29:00,2025-07-31,1930.0,1930.0,1930.0,1930.0,0,0,1
BANKNIFTY31JUL2548600PE.NFO,2025-05-19,09:30:00,2025-07-31,1930.0,1930.0,1930.0,1930.0,0,0,1
BANKNIFTY31JUL2548600PE.NFO,2025-05-19,09:31:00,2025-07-31,1930.0,1930.0,1930.0,1930.0,0,0,1
BANKNIFTY31JUL2548600PE.NFO,2025-05-19,09:32:00,2025-07-31,1930.0,1930.0,1930.0,1930.0,0,0,1
BANKNIFTY31JUL2548600PE.NFO,2025-05-19,09:33:00,2025-07-31,1930.0,1930.0,1930.0,1930.0,0,0,1
BANKNIFTY31JUL2548600PE.NFO,2025-05-19,09:34:00,2025-07-31,1930.0,1930.0,1930.0,1930.0,0,0,1
BANKNIFTY31JUL2548600PE.NFO,2025-05-19,09:35:00,2025-07-31,1930.0,1930.0,1930.0,1930.0,0,0,1
BANKNIFTY31JUL2548600PE.NFO,2025-05-19,09:36:00,2025-07-31,1930.0,1930.0,1930.0,1930.0,0,0,1
BANKNIFTY31JUL2548600PE.NFO,2025-05-19,09:37:00,2025-07-31,1930.0,1930.0,1930.0,1930.0,0,0,1
BANKNIFTY31JUL2548600PE.NFO,2025-05-19,09:38:00,2025-07-31,1930.0,1930.0,1930.0,1930.0,0,0,1
BANKNIFTY31JUL2548600PE.NFO,2025-05-19,09:39:00,2025-07-31,1930.0,1930.0,1930.0,1930.0,0,0,1
BANKNIFTY31JUL2548600PE.NFO,2025-05-19,09:40:00,2025-07-31,1930.0,1930.0,1930.0,1930.0,0,0,1
BANKNIFTY31JUL2548600PE.NFO,2025-05-19,09:41:00,2025-07-31,1930.0,1930.0,1930.0,1930.0,0,0,1
BANKNIFTY31JUL2548600PE.NFO,2025-05-19,09:42:00,2025-07-31,1930.0,1930.0,1930.0,1930.0,0,0,1
BANKNIFTY31JUL2548600PE.NFO,2025-05-19,09:43:00,2025-07-31,1930.0,1930.0,1930.0,1930.0,0,0,1
BANKNIFTY31JUL2548600PE.NFO,2025-05-19,09:44:00,2025-07-31,1930.0,1930.0,1930.0,1930.0,0,0,1
BANKNIFTY31JUL2548600PE.NFO,2025-05-19,09:45:00,2025-07-31,1930.0,1930.0,1930.0,1930.0,0,0,1
BANKNIFTY31JUL2548600PE.NFO,2025-05-19,09:46:00,2025-07-31,1930.0,1930.0,1930.0,1930.0,0,0,1
BANKNIFTY31JUL2548600PE.NFO,2025-05-19,09:47:00,2025-07-31,1930.0,1930.0,1930.0,1930.0,0,0,1
BANKNIFTY31JUL2548600PE.NFO,2025-05-19,09:48:00,2025-07-31,1930.0,1930.0,1930.0,1930.0,0,0,1
BANKNIFTY31JUL2548600PE.NFO,2025-05-19,09:49:00,2025-07-31,1930.0,1930.0,1930.0,1930.0,0,0,1
BANKNIFTY31JUL2548600PE.NFO,2025-05-19,09:50:00,2025-07-31,1930.0,1930.0,1930.0,1930.0,0,0,1
BANKNIFTY31JUL2548600PE.NFO,2025-05-19,09:51:00,2025-07-31,1930.0,1930.0,1930.0,1930.0,0,0,1
BANKNIFTY31JUL2548600PE.NFO,2025-05-19,09:52:00,2025-07-31,1930.0,1930.0,1930.0,1930.0,0,0,1
BANKNIFTY31JUL2548600PE.NFO,2025-05-19,09:53:00,2025-07-31,1930.0,1930.0,1930.0,1930.0,0,0,1
BANKNIFTY31JUL2548600PE.NFO,2025-05-19,09:54:00,2025-07-31,1930.0,1930.0,1930.0,1930.0,0,0,1
BANKNIFTY31JUL2548600PE.NFO,2025-05-19,09:55:00,2025-07-31,1930.0,1930.0,1930.0,1930.0,0,0,1
BANKNIFTY31JUL2548600PE.NFO,2025-05-19,09:56:00,2025-07-31,1930.0,1930.0,1930.0,1930.0,0,0,1
BANKNIFTY31JUL2548600PE.NFO,2025-05-19,09:57:00,2025-07-31,1930.0,1930.0,1930.0,1930.0,0,0,1
BANKNIFTY31JUL2548600PE.NFO,2025-05-19,09:58:00,2025-07-31,1930.0,1930.0,1930.0,1930.0,0,0,1
BANKNIFTY31JUL2548600PE.NFO,2025-05-19,09:59:00,2025-07-31,1930.0,1930.0,1930.0,1930.0,0,0,1
BANKNIFTY31JUL2548600PE.NFO,2025-05-19,10:00:00,2025-07-31,1930.0,1930.0,1930.0,1930.0,0,0,1
BANKNIFTY31JUL2548600PE.NFO,2025-05-19,10:01:00,2025-07-31,1930.0,1930.0,1930.0,1930.0,0,0,1
BANKNIFTY31JUL2548600PE.NFO,2025-05-19,10:02:00,2025-07-31,1930.0,1930.0,1930.0,1930.0,0,0,1
BANKNIFTY31JUL2548600PE.NFO,2025-05-19,10:03:00,2025-07-31,1930.0,1930.0,1930.0,1930.0,0,0,1
BANKNIFTY31JUL2548600PE.NFO,2025-05-19,10:04:00,2025-07-31,1930.0,1930.0,1930.0,1930.0,0,0,1
BANKNIFTY31JUL2548600PE.NFO,2025-05-19,10:05:00,2025-07-31,1930.0,1930.0,1930.0,1930.0,0,0,1
BANKNIFTY31JUL2548600PE.NFO,2025-05-19,10:06:00,2025-07-31,1930.0,1930.0,1930.0,1930.0,0,0,1
BANKNIFTY31JUL2548600PE.NFO,2025-05-19,10:07:00,2025-07-31,1930.0,1930.0,1930.0,1930.0,0,0,1
BANKNIFTY31JUL2548600PE.NFO,2025-05-19,10:08:00,2025-07-31,1930.0,1930.0,1930.0,1930.0,0,0,1
BANKNIFTY31JUL2548600PE.NFO,2025-05-19,10:09:00,2025-07-31,1930.0,1930.0,1930.0,1930.0,0,0,1
BANKNIFTY31JUL2548600PE.NFO,2025-05-19,10:10:00,2025-07-31,1930.0,1930.0,1930.0,1930.0,0,0,1
BANKNIFTY31JUL2548600PE.NFO,2025-05-19,10:11:00,2025-07-31,1930.0,1930.0,1930.0,1930.0,0,0,1
BANKNIFTY31JUL2548600PE.NFO,2025-05-19,10:12:00,2025-07-31,1930.0,1930.0,1930.0,1930.0,0,0,1
BANKNIFTY31JUL2548600PE.NFO,2025-05-19,10:13:00,2025-07-31,1930.0,1930.0,1930.0,1930.0,0,0,1
BANKNIFTY31JUL2548600PE.NFO,2025-05-19,10:14:00,2025-07-31,1930.0,1930.0,1930.0,1930.0,0,0,1
BANKNIFTY31JUL2548600PE.NFO,2025-05-19,10:15:00,2025-07-31,1930.0,1930.0,1930.0,1930.0,0,0,1
BANKNIFTY31JUL2548600PE.NFO,2025-05-19,10:16:00,2025-07-31,1930.0,1930.0,1930.0,1930.0,0,0,1
BANKNIFTY31JUL2548600PE.NFO,2025-05-19,10:17:00,2025-07-31,1930.0,1930.0,1930.0,1930.0,0,0,1
BANKNIFTY31JUL2548600PE.NFO,2025-05-19,10:18:00,2025-07-31,1930.0,1930.0,1930.0,1930.0,0,0,1
BANKNIFTY31JUL2548600PE.NFO,2025-05-19,10:19:00,2025-07-31,1930.0,1930.0,1930.0,1930.0,0,0,1
BANKNIFTY31JUL2548600PE.NFO,2025-05-19,10:20:00,2025-07-31,1930.0,1930.0,1930.0,1930.0,0,0,1
BANKNIFTY31JUL2548600PE.NFO,2025-05-19,10:21:00,2025-07-31,1930.0,1930.0,1930.0,1930.0,0,0,1
BANKNIFTY31JUL2548600PE.NFO,2025-05-19,10:22:00,2025-07-31,1930.0,1930.0,1930.0,1930.0,0,0,1
BANKNIFTY31JUL2548600PE.NFO,2025-05-19,10:23:00,2025-07-31,1930.0,1930.0,1930.0,1930.0,0,0,1
BANKNIFTY31JUL2548600PE.NFO,2025-05-19,10:24:00,2025-07-31,1930.0,1930.0,1930.0,1930.0,0,0,1
BANKNIFTY31JUL2548600PE.NFO,2025-05-19,10:25:00,2025-07-31,1930.0,1930.0,1930.0,1930.0,0,0,1
BANKNIFTY31JUL2548600PE.NFO,2025-05-19,10:26:00,2025-07-31,1930.0,1930.0,1930.0,1930.0,0,0,1
BANKNIFTY31JUL2548600PE.NFO,2025-05-19,10:27:00,2025-07-31,1930.0,1930.0,1930.0,1930.0,0,0,1
BANKNIFTY31JUL2548600PE.NFO,2025-05-19,10:28:00,2025-07-31,1930.0,1930.0,1930.0,1930.0,0,0,1
BANKNIFTY31JUL2548600PE.NFO,2025-05-19,10:29:00,2025-07-31,1930.0,1930.0,1930.0,1930.0,0,0,1
BANKNIFTY31JUL2548600PE.NFO,2025-05-19,10:30:00,2025-07-31,1930.0,1930.0,1930.0,1930.0,0,0,1
BANKNIFTY31JUL2548600PE.NFO,2025-05-19,10:31:00,2025-07-31,1930.0,1930.0,1930.0,1930.0,0,0,1
BANKNIFTY31JUL2548600PE.NFO,2025-05-19,10:32:00,2025-07-31,1930.0,1930.0,1930.0,1930.0,0,0,1
BANKNIFTY31JUL2548600PE.NFO,2025-05-19,10:33:00,2025-07-31,1930.0,1930.0,1930.0,1930.0,0,0,1
BANKNIFTY31JUL2548600PE.NFO,2025-05-19,10:34:00,2025-07-31,1930.0,1930.0,1930.0,1930.0,0,0,1
BANKNIFTY31JUL2548600PE.NFO,2025-05-19,10:35:00,2025-07-31,1930.0,1930.0,1930.0,1930.0,0,0,1
BANKNIFTY31JUL2548600PE.NFO,2025-05-19,10:36:00,2025-07-31,1930.0,1930.0,1930.0,1930.0,0,0,1
BANKNIFTY31JUL2548600PE.NFO,2025-05-19,10:37:00,2025-07-31,1930.0,1930.0,1930.0,1930.0,0,0,1
BANKNIFTY31JUL2548600PE.NFO,2025-05-19,10:38:00,2025-07-31,1930.0,1930.0,1930.0,1930.0,0,0,1
BANKNIFTY31JUL2548600PE.NFO,2025-05-19,10:39:00,2025-07-31,1930.0,1930.0,1930.0,1930.0,0,0,1
BANKNIFTY31JUL2548600PE.NFO,2025-05-19,10:40:00,2025-07-31,1930.0,1930.0,1930.0,1930.0,0,0,1
BANKNIFTY31JUL2548600PE.NFO,2025-05-19,10:41:00,2025-07-31,1930.0,1930.0,1930.0,1930.0,0,0,1
BANKNIFTY31JUL2548600PE.NFO,2025-05-19,10:42:00,2025-07-31,1930.0,1930.0,1930.0,1930.0,0,0,1
BANKNIFTY31JUL2548600PE.NFO,2025-05-19,10:43:00,2025-07-31,1930.0,1930.0,1930.0,1930.0,0,0,1
BANKNIFTY31JUL2548600PE.NFO,2025-05-19,10:44:00,2025-07-31,1930.0,1930.0,1930.0,1930.0,0,0,1
BANKNIFTY31JUL2548600PE.NFO,2025-05-19,10:45:00,2025-07-31,1930.0,1930.0,1930.0,1930.0,0,0,1
BANKNIFTY31JUL2548600PE.NFO,2025-05-19,10:46:00,2025-07-31,1930.0,1930.0,1930.0,1930.0,0,0,1
BANKNIFTY31JUL2548600PE.NFO,2025-05-19,10:47:00,2025-07-31,1930.0,1930.0,1930.0,1930.0,0,0,1
BANKNIFTY31JUL2548600PE.NFO,2025-05-19,10:48:00,2025-07-31,1930.0,1930.0,1930.0,1930.0,0,0,1
BANKNIFTY31JUL2548600PE.NFO,2025-05-19,10:49:00,2025-07-31,1930.0,1930.0,1930.0,1930.0,0,0,1
BANKNIFTY31JUL2548600PE.NFO,2025-05-19,10:50:00,2025-07-31,1930.0,1930.0,1930.0,1930.0,0,0,1
BANKNIFTY31JUL2548600PE.NFO,2025-05-19,10:51:00,2025-07-31,1930.0,1930.0,1930.0,1930.0,0,0,1
BANKNIFTY31JUL2548600PE.NFO,2025-05-19,10:52:00,2025-07-31,1930.0,1930.0,1930.0,1930.0,0,0,1
BANKNIFTY31JUL2548600PE.NFO,2025-05-19,10:53:00,2025-07-31,1930.0,1930.0,1930.0,1930.0,0,0,1
BANKNIFTY31JUL2548600PE.NFO,2025-05-19,10:54:00,2025-07-31,1930.0,1930.0,1930.0,1930.0,0,0,1
BANKNIFTY31JUL2548600PE.NFO,2025-05-19,10:55:00,2025-07-31,1930.0,1930.0,1930.0,1930.0,0,0,1
BANKNIFTY31JUL2548600PE.NFO,2025-05-19,10:56:00,2025-07-31,1930.0,1930.0,1930.0,1930.0,0,0,1
BANKNIFTY31JUL2548600PE.NFO,2025-05-19,10:57:00,2025-07-31,1930.0,1930.0,1930.0,1930.0,0,0,1
BANKNIFTY31JUL2548600PE.NFO,2025-05-19,10:58:00,2025-07-31,1930.0,1930.0,1930.0,1930.0,0,0,1
BANKNIFTY31JUL2548600PE.NFO,2025-05-19,10:59:00,2025-07-31,1930.0,1930.0,1930.0,1930.0,0,0,1
BANKNIFTY31JUL2548600PE.NFO,2025-05-19,11:00:00,2025-07-31,1930.0,1930.0,1930.0,1930.0,0,0,1
BANKNIFTY31JUL2548600PE.NFO,2025-05-19,11:01:00,2025-07-31,1930.0,1930.0,1930.0,1930.0,0,0,1
BANKNIFTY31JUL2548600PE.NFO,2025-05-19,11:02:00,2025-07-31,1930.0,1930.0,1930.0,1930.0,0,0,1
BANKNIFTY31JUL2548600PE.NFO,2025-05-19,11:03:00,2025-07-31,1930.0,1930.0,1930.0,1930.0,0,0,1
BANKNIFTY31JUL2548600PE.NFO,2025-05-19,11:04:00,2025-07-31,1930.0,1930.0,1930.0,1930.0,0,0,1
BANKNIFTY31JUL2548600PE.NFO,2025-05-19,11:05:00,2025-07-31,1930.0,1930.0,1930.0,1930.0,0,0,1
BANKNIFTY31JUL2548600PE.NFO,2025-05-19,11:06:00,2025-07-31,1930.0,1930.0,1930.0,1930.0,0,0,1
BANKNIFTY31JUL2548600PE.NFO,2025-05-19,11:07:00,2025-07-31,1930.0,1930.0,1930.0,1930.0,0,0,1
BANKNIFTY31JUL2548600PE.NFO,2025-05-19,11:08:00,2025-07-31,1930.0,1930.0,1930.0,1930.0,0,0,1
BANKNIFTY31JUL2548600PE.NFO,2025-05-19,11:09:00,2025-07-31,1930.0,1930.0,1930.0,1930.0,0,0,1
BANKNIFTY31JUL2548600PE.NFO,2025-05-19,11:10:00,2025-07-31,1930.0,1930.0,1930.0,1930.0,0,0,1
BANKNIFTY31JUL2548600PE.NFO,2025-05-19,11:11:00,2025-07-31,1930.0,1930.0,1930.0,1930.0,0,0,1
BANKNIFTY31JUL2548600PE.NFO,2025-05-19,11:12:00,2025-07-31,1930.0,1930.0,1930.0,1930.0,0,0,1
BANKNIFTY31JUL2548600PE.NFO,2025-05-19,11:13:00,2025-07-31,1930.0,1930.0,1930.0,1930.0,0,0,1
BANKNIFTY31JUL2548600PE.NFO,2025-05-19,11:14:00,2025-07-31,1930.0,1930.0,1930.0,1930.0,0,0,1
BANKNIFTY31JUL2548600PE.NFO,2025-05-19,11:15:00,2025-07-31,1930.0,1930.0,1930.0,1930.0,0,0,1
BANKNIFTY31JUL2548600PE.NFO,2025-05-19,11:16:00,2025-07-31,1930.0,1930.0,1930.0,1930.0,0,0,1
BANKNIFTY31JUL2548600PE.NFO,2025-05-19,11:17:00,2025-07-31,1930.0,1930.0,1930.0,1930.0,0,0,1
BANKNIFTY31JUL2548600PE.NFO,2025-05-19,11:18:00,2025-07-31,1930.0,1930.0,1930.0,1930.0,0,0,1
BANKNIFTY31JUL2548600PE.NFO,2025-05-19,11:19:00,2025-07-31,1930.0,1930.0,1930.0,1930.0,0,0,1
BANKNIFTY31JUL2548600PE.NFO,2025-05-19,11:20:00,2025-07-31,1930.0,1930.0,1930.0,1930.0,0,0,1
BANKNIFTY31JUL2548600PE.NFO,2025-05-19,11:21:00,2025-07-31,1930.0,1930.0,1930.0,1930.0,0,0,1
BANKNIFTY31JUL2548600PE.NFO,2025-05-19,11:22:00,2025-07-31,1930.0,1930.0,1930.0,1930.0,0,0,1
BANKNIFTY31JUL2548600PE.NFO,2025-05-19,11:23:00,2025-07-31,1930.0,1930.0,1930.0,1930.0,0,0,1
BANKNIFTY31JUL2548600PE.NFO,2025-05-19,11:24:00,2025-07-31,1930.0,1930.0,1930.0,1930.0,0,0,1
BANKNIFTY31JUL2548600PE.NFO,2025-05-19,11:25:00,2025-07-31,1930.0,1930.0,1930.0,1930.0,0,0,1
BANKNIFTY31JUL2548600PE.NFO,2025-05-19,11:26:00,2025-07-31,1930.0,1930.0,1930.0,1930.0,0,0,1
BANKNIFTY31JUL2548600PE.NFO,2025-05-19,11:27:00,2025-07-31,1930.0,1930.0,1930.0,1930.0,0,0,1
BANKNIFTY31JUL2548600PE.NFO,2025-05-19,11:28:00,2025-07-31,1930.0,1930.0,1930.0,1930.0,0,0,1
BANKNIFTY31JUL2548600PE.NFO,2025-05-19,11:29:00,2025-07-31,1930.0,1930.0,1930.0,1930.0,0,0,1
BANKNIFTY31JUL2548600PE.NFO,2025-05-19,11:30:00,2025-07-31,1930.0,1930.0,1930.0,1930.0,0,0,1
BANKNIFTY31JUL2548600PE.NFO,2025-05-19,11:31:00,2025-07-31,1930.0,1930.0,1930.0,1930.0,0,0,1
BANKNIFTY31JUL2548600PE.NFO,2025-05-19,11:32:00,2025-07-31,1930.0,1930.0,1930.0,1930.0,0,0,1
BANKNIFTY31JUL2548600PE.NFO,2025-05-19,11:33:00,2025-07-31,1930.0,1930.0,1930.0,1930.0,0,0,1
BANKNIFTY31JUL2548600PE.NFO,2025-05-19,11:34:00,2025-07-31,1930.0,1930.0,1930.0,1930.0,0,0,1
BANKNIFTY31JUL2548600PE.NFO,2025-05-19,11:35:00,2025-07-31,1930.0,1930.0,1930.0,1930.0,0,0,1
BANKNIFTY31JUL2548600PE.NFO,2025-05-19,11:36:00,2025-07-31,1930.0,1930.0,1930.0,1930.0,0,0,1
BANKNIFTY31JUL2548600PE.NFO,2025-05-19,11:37:00,2025-07-31,1930.0,1930.0,1930.0,1930.0,0,0,1
BANKNIFTY31JUL2548600PE.NFO,2025-05-19,11:38:00,2025-07-31,1930.0,1930.0,1930.0,1930.0,0,0,1
BANKNIFTY31JUL2548600PE.NFO,2025-05-19,11:39:00,2025-07-31,1930.0,1930.0,1930.0,1930.0,0,0,1
BANKNIFTY31JUL2548600PE.NFO,2025-05-19,11:40:00,2025-07-31,1930.0,1930.0,1930.0,1930.0,0,0,1
BANKNIFTY31JUL2548600PE.NFO,2025-05-19,11:41:00,2025-07-31,1930.0,1930.0,1930.0,1930.0,0,0,1
BANKNIFTY31JUL2548600PE.NFO,2025-05-19,11:42:00,2025-07-31,1930.0,1930.0,1930.0,1930.0,0,0,1
BANKNIFTY31JUL2548600PE.NFO,2025-05-19,11:43:00,2025-07-31,1930.0,1930.0,1930.0,1930.0,0,0,1
BANKNIFTY31JUL2548600PE.NFO,2025-05-19,11:44:00,2025-07-31,1930.0,1930.0,1930.0,1930.0,0,0,1
BANKNIFTY31JUL2548600PE.NFO,2025-05-19,11:45:00,2025-07-31,1930.0,1930.0,1930.0,1930.0,0,0,1
BANKNIFTY31JUL2548600PE.NFO,2025-05-19,11:46:00,2025-07-31,1930.0,1930.0,1930.0,1930.0,0,0,1
BANKNIFTY31JUL2548600PE.NFO,2025-05-19,11:47:00,2025-07-31,1930.0,1930.0,1930.0,1930.0,0,0,1
BANKNIFTY31JUL2548600PE.NFO,2025-05-19,11:48:00,2025-07-31,1930.0,1930.0,1930.0,1930.0,0,0,1
BANKNIFTY31JUL2548600PE.NFO,2025-05-19,11:49:00,2025-07-31,1930.0,1930.0,1930.0,1930.0,0,0,1
BANKNIFTY31JUL2548600PE.NFO,2025-05-19,11:50:00,2025-07-31,1930.0,1930.0,1930.0,1930.0,0,0,1
BANKNIFTY31JUL2548600PE.NFO,2025-05-19,11:51:00,2025-07-31,1930.0,1930.0,1930.0,1930.0,0,0,1
BANKNIFTY31JUL2548600PE.NFO,2025-05-19,11:52:00,2025-07-31,1930.0,1930.0,1930.0,1930.0,0,0,1
BANKNIFTY31JUL2548600PE.NFO,2025-05-19,11:53:00,2025-07-31,1930.0,1930.0,1930.0,1930.0,0,0,1
BANKNIFTY31JUL2548600PE.NFO,2025-05-19,11:54:00,2025-07-31,1930.0,1930.0,1930.0,1930.0,0,0,1
BANKNIFTY31JUL2548600PE.NFO,2025-05-19,11:55:00,2025-07-31,1930.0,1930.0,1930.0,1930.0,0,0,1
BANKNIFTY31JUL2548600PE.NFO,2025-05-19,11:56:00,2025-07-31,1930.0,1930.0,1930.0,1930.0,0,0,1
BANKNIFTY31JUL2548600PE.NFO,2025-05-19,11:57:00,2025-07-31,1930.0,1930.0,1930.0,1930.0,0,0,1
BANKNIFTY31JUL2548600PE.NFO,2025-05-19,11:58:00,2025-07-31,1930.0,1930.0,1930.0,1930.0,0,0,1
BANKNIFTY31JUL2548600PE.NFO,2025-05-19,11:59:00,2025-07-31,1930.0,1930.0,1930.0,1930.0,0,0,1
BANKNIFTY31JUL2548600PE.NFO,2025-05-19,12:00:00,2025-07-31,1930.0,1930.0,1930.0,1930.0,0,0,1
BANKNIFTY31JUL2548600PE.NFO,2025-05-19,12:01:00,2025-07-31,1930.0,1930.0,1930.0,1930.0,0,0,1
BANKNIFTY31JUL2548600PE.NFO,2025-05-19,12:02:00,2025-07-31,1930.0,1930.0,1930.0,1930.0,0,0,1
BANKNIFTY31JUL2548600PE.NFO,2025-05-19,12:03:00,2025-07-31,1930.0,1930.0,1930.0,1930.0,0,0,1
BANKNIFTY31JUL2548600PE.NFO,2025-05-19,12:04:00,2025-07-31,1930.0,1930.0,1930.0,1930.0,0,0,1
BANKNIFTY31JUL2548600PE.NFO,2025-05-19,12:05:00,2025-07-31,1930.0,1930.0,1930.0,1930.0,0,0,1
BANKNIFTY31JUL2548600PE.NFO,2025-05-19,12:06:00,2025-07-31,1930.0,1930.0,1930.0,1930.0,0,0,1
BANKNIFTY31JUL2548600PE.NFO,2025-05-19,12:07:00,2025-07-31,1930.0,1930.0,1930.0,1930.0,0,0,1
BANKNIFTY31JUL2548600PE.NFO,2025-05-19,12:08:00,2025-07-31,1930.0,1930.0,1930.0,1930.0,0,0,1
BANKNIFTY31JUL2548600PE.NFO,2025-05-19,12:09:00,2025-07-31,1930.0,1930.0,1930.0,1930.0,0,0,1
BANKNIFTY31JUL2548600PE.NFO,2025-05-19,12:10:00,2025-07-31,1930.0,1930.0,1930.0,1930.0,0,0,1
BANKNIFTY31JUL2548600PE.NFO,2025-05-19,12:11:00,2025-07-31,1930.0,1930.0,1930.0,1930.0,0,0,1
BANKNIFTY31JUL2548600PE.NFO,2025-05-19,12:12:00,2025-07-31,1930.0,1930.0,1930.0,1930.0,0,0,1
BANKNIFTY31JUL2548600PE.NFO,2025-05-19,12:13:00,2025-07-31,1930.0,1930.0,1930.0,1930.0,0,0,1
BANKNIFTY31JUL2548600PE.NFO,2025-05-19,12:14:00,2025-07-31,1930.0,1930.0,1930.0,1930.0,0,0,1
BANKNIFTY31JUL2548600PE.NFO,2025-05-19,12:15:00,2025-07-31,1930.0,1930.0,1930.0,1930.0,0,0,1
BANKNIFTY31JUL2548600PE.NFO,2025-05-19,12:16:00,2025-07-31,1930.0,1930.0,1930.0,1930.0,0,0,1
BANKNIFTY31JUL2548600PE.NFO,2025-05-19,12:17:00,2025-07-31,1930.0,1930.0,1930.0,1930.0,0,0,1
BANKNIFTY31JUL2548600PE.NFO,2025-05-19,12:18:00,2025-07-31,1930.0,1930.0,1930.0,1930.0,0,0,1
BANKNIFTY31JUL2548600PE.NFO,2025-05-19,12:19:00,2025-07-31,1930.0,1930.0,1930.0,1930.0,0,0,1
BANKNIFTY31JUL2548600PE.NFO,2025-05-19,12:20:00,2025-07-31,1930.0,1930.0,1930.0,1930.0,0,0,1
BANKNIFTY31JUL2548600PE.NFO,2025-05-19,12:21:00,2025-07-31,1930.0,1930.0,1930.0,1930.0,0,0,1
BANKNIFTY31JUL2548600PE.NFO,2025-05-19,12:22:00,2025-07-31,1930.0,1930.0,1930.0,1930.0,0,0,1
BANKNIFTY31JUL2548600PE.NFO,2025-05-19,12:23:00,2025-07-31,1930.0,1930.0,1930.0,1930.0,0,0,1
BANKNIFTY31JUL2548600PE.NFO,2025-05-19,12:24:00,2025-07-31,1930.0,1930.0,1930.0,1930.0,0,0,1
BANKNIFTY31JUL2548600PE.NFO,2025-05-19,12:25:00,2025-07-31,1930.0,1930.0,1930.0,1930.0,0,0,1
BANKNIFTY31JUL2548600PE.NFO,2025-05-19,12:26:00,2025-07-31,1930.0,1930.0,1930.0,1930.0,0,0,1
BANKNIFTY31JUL2548600PE.NFO,2025-05-19,12:27:00,2025-07-31,1930.0,1930.0,1930.0,1930.0,0,0,1
BANKNIFTY31JUL2548600PE.NFO,2025-05-19,12:28:00,2025-07-31,1930.0,1930.0,1930.0,1930.0,0,0,1
BANKNIFTY31JUL2548600PE.NFO,2025-05-19,12:29:00,2025-07-31,1930.0,1930.0,1930.0,1930.0,0,0,1
BANKNIFTY31JUL2548600PE.NFO,2025-05-19,12:30:00,2025-07-31,1930.0,1930.0,1930.0,1930.0,0,0,1
BANKNIFTY31JUL2548600PE.NFO,2025-05-19,12:31:00,2025-07-31,1930.0,1930.0,1930.0,1930.0,0,0,1
BANKNIFTY31JUL2548600PE.NFO,2025-05-19,12:32:00,2025-07-31,1930.0,1930.0,1930.0,1930.0,0,0,1
BANKNIFTY31JUL2548600PE.NFO,2025-05-19,12:33:00,2025-07-31,1930.0,1930.0,1930.0,1930.0,0,0,1
BANKNIFTY31JUL2548600PE.NFO,2025-05-19,12:34:00,2025-07-31,1930.0,1930.0,1930.0,1930.0,0,0,1
BANKNIFTY31JUL2548600PE.NFO,2025-05-19,12:35:00,2025-07-31,1930.0,1930.0,1930.0,1930.0,0,0,1
BANKNIFTY31JUL2548600PE.NFO,2025-05-19,12:36:00,2025-07-31,1930.0,1930.0,1930.0,1930.0,0,0,1
BANKNIFTY31JUL2548600PE.NFO,2025-05-19,12:37:00,2025-07-31,1930.0,1930.0,1930.0,1930.0,0,0,1
BANKNIFTY31JUL2548600PE.NFO,2025-05-19,12:38:00,2025-07-31,1930.0,1930.0,1930.0,1930.0,0,0,1
BANKNIFTY31JUL2548600PE.NFO,2025-05-19,12:39:00,2025-07-31,1930.0,1930.0,1930.0,1930.0,0,0,1
BANKNIFTY31JUL2548600PE.NFO,2025-05-19,12:40:00,2025-07-31,1930.0,1930.0,1930.0,1930.0,0,0,1
BANKNIFTY31JUL2548600PE.NFO,2025-05-19,12:41:00,2025-07-31,1930.0,1930.0,1930.0,1930.0,0,0,1
BANKNIFTY31JUL2548600PE.NFO,2025-05-19,12:42:00,2025-07-31,1930.0,1930.0,1930.0,1930.0,0,0,1
BANKNIFTY31JUL2548600PE.NFO,2025-05-19,12:43:00,2025-07-31,1930.0,1930.0,1930.0,1930.0,0,0,1
BANKNIFTY31JUL2548600PE.NFO,2025-05-19,12:44:00,2025-07-31,1930.0,1930.0,1930.0,1930.0,0,0,1
BANKNIFTY31JUL2548600PE.NFO,2025-05-19,12:45:00,2025-07-31,1930.0,1930.0,1930.0,1930.0,0,0,1
BANKNIFTY31JUL2548600PE.NFO,2025-05-19,12:46:00,2025-07-31,1930.0,1930.0,1930.0,1930.0,0,0,1
BANKNIFTY31JUL2548600PE.NFO,2025-05-19,12:47:00,2025-07-31,1930.0,1930.0,1930.0,1930.0,0,0,1
BANKNIFTY31JUL2548600PE.NFO,2025-05-19,12:48:00,2025-07-31,1930.0,1930.0,1930.0,1930.0,0,0,1
BANKNIFTY31JUL2548600PE.NFO,2025-05-19,12:49:00,2025-07-31,1930.0,1930.0,1930.0,1930.0,0,0,1
BANKNIFTY31JUL2548600PE.NFO,2025-05-19,12:50:00,2025-07-31,1930.0,1930.0,1930.0,1930.0,0,0,1
BANKNIFTY31JUL2548600PE.NFO,2025-05-19,12:51:00,2025-07-31,1930.0,1930.0,1930.0,1930.0,0,0,1
BANKNIFTY31JUL2548600PE.NFO,2025-05-19,12:52:00,2025-07-31,1930.0,1930.0,1930.0,1930.0,0,0,1
BANKNIFTY31JUL2548600PE.NFO,2025-05-19,12:53:00,2025-07-31,1930.0,1930.0,1930.0,1930.0,0,0,1
BANKNIFTY31JUL2548600PE.NFO,2025-05-19,12:54:00,2025-07-31,1930.0,1930.0,1930.0,1930.0,0,0,1
BANKNIFTY31JUL2548600PE.NFO,2025-05-19,12:55:00,2025-07-31,1930.0,1930.0,1930.0,1930.0,0,0,1
BANKNIFTY31JUL2548600PE.NFO,2025-05-19,12:56:00,2025-07-31,1930.0,1930.0,1930.0,1930.0,0,0,1
BANKNIFTY31JUL2548600PE.NFO,2025-05-19,12:57:00,2025-07-31,1930.0,1930.0,1930.0,1930.0,0,0,1
BANKNIFTY31JUL2548600PE.NFO,2025-05-19,12:58:00,2025-07-31,1930.0,1930.0,1930.0,1930.0,0,0,1
BANKNIFTY31JUL2548600PE.NFO,2025-05-19,12:59:00,2025-07-31,1930.0,1930.0,1930.0,1930.0,0,0,1
BANKNIFTY31JUL2548600PE.NFO,2025-05-19,13:00:00,2025-07-31,1930.0,1930.0,1930.0,1930.0,0,0,1
BANKNIFTY31JUL2548600PE.NFO,2025-05-19,13:01:00,2025-07-31,1930.0,1930.0,1930.0,1930.0,0,0,1
BANKNIFTY31JUL2548600PE.NFO,2025-05-19,13:02:00,2025-07-31,1930.0,1930.0,1930.0,1930.0,0,0,1
BANKNIFTY31JUL2548600PE.NFO,2025-05-19,13:03:00,2025-07-31,1930.0,1930.0,1930.0,1930.0,0,0,1
BANKNIFTY31JUL2548600PE.NFO,2025-05-19,13:04:00,2025-07-31,1930.0,1930.0,1930.0,1930.0,0,0,1
BANKNIFTY31JUL2548600PE.NFO,2025-05-19,13:05:00,2025-07-31,1930.0,1930.0,1930.0,1930.0,0,0,1
BANKNIFTY31JUL2548600PE.NFO,2025-05-19,13:06:00,2025-07-31,1930.0,1930.0,1930.0,1930.0,0,0,1
BANKNIFTY31JUL2548600PE.NFO,2025-05-19,13:07:00,2025-07-31,1930.0,1930.0,1930.0,1930.0,0,0,1
BANKNIFTY31JUL2548600PE.NFO,2025-05-19,13:08:00,2025-07-31,1930.0,1930.0,1930.0,1930.0,0,0,1
BANKNIFTY31JUL2548600PE.NFO,2025-05-19,13:09:00,2025-07-31,1930.0,1930.0,1930.0,1930.0,0,0,1
BANKNIFTY31JUL2548600PE.NFO,2025-05-19,13:10:00,2025-07-31,1930.0,1930.0,1930.0,1930.0,0,0,1
BANKNIFTY31JUL2548600PE.NFO,2025-05-19,13:11:00,2025-07-31,1930.0,1930.0,1930.0,1930.0,0,0,1
BANKNIFTY31JUL2548600PE.NFO,2025-05-19,13:12:00,2025-07-31,1930.0,1930.0,1930.0,1930.0,0,0,1
BANKNIFTY31JUL2548600PE.NFO,2025-05-19,13:13:00,2025-07-31,1930.0,1930.0,1930.0,1930.0,0,0,1
BANKNIFTY31JUL2548600PE.NFO,2025-05-19,13:14:00,2025-07-31,1930.0,1930.0,1930.0,1930.0,0,0,1
BANKNIFTY31JUL2548600PE.NFO,2025-05-19,13:15:00,2025-07-31,1930.0,1930.0,1930.0,1930.0,0,0,1
BANKNIFTY31JUL2548600PE.NFO,2025-05-19,13:16:00,2025-07-31,1930.0,1930.0,1930.0,1930.0,0,0,1
BANKNIFTY31JUL2548600PE.NFO,2025-05-19,13:17:00,2025-07-31,1930.0,1930.0,1930.0,1930.0,0,0,1
BANKNIFTY31JUL2548600PE.NFO,2025-05-19,13:18:00,2025-07-31,1930.0,1930.0,1930.0,1930.0,0,0,1
BANKNIFTY31JUL2548600PE.NFO,2025-05-19,13:19:00,2025-07-31,1930.0,1930.0,1930.0,1930.0,0,0,1
BANKNIFTY31JUL2548600PE.NFO,2025-05-19,13:20:00,2025-07-31,1930.0,1930.0,1930.0,1930.0,0,0,1
BANKNIFTY31JUL2548600PE.NFO,2025-05-19,13:21:00,2025-07-31,1930.0,1930.0,1930.0,1930.0,0,0,1
BANKNIFTY31JUL2548600PE.NFO,2025-05-19,13:22:00,2025-07-31,1930.0,1930.0,1930.0,1930.0,0,0,1
BANKNIFTY31JUL2548600PE.NFO,2025-05-19,13:23:00,2025-07-31,1930.0,1930.0,1930.0,1930.0,0,0,1
BANKNIFTY31JUL2548600PE.NFO,2025-05-19,13:24:00,2025-07-31,1930.0,1930.0,1930.0,1930.0,0,0,1
BANKNIFTY31JUL2548600PE.NFO,2025-05-19,13:25:00,2025-07-31,1930.0,1930.0,1930.0,1930.0,0,0,1
BANKNIFTY31JUL2548600PE.NFO,2025-05-19,13:26:00,2025-07-31,1930.0,1930.0,1930.0,1930.0,0,0,1
BANKNIFTY31JUL2548600PE.NFO,2025-05-19,13:27:00,2025-07-31,1930.0,1930.0,1930.0,1930.0,0,0,1
BANKNIFTY31JUL2548600PE.NFO,2025-05-19,13:28:00,2025-07-31,1930.0,1930.0,1930.0,1930.0,0,0,1
BANKNIFTY31JUL2548600PE.NFO,2025-05-19,13:29:00,2025-07-31,1930.0,1930.0,1930.0,1930.0,0,0,1
BANKNIFTY31JUL2548600PE.NFO,2025-05-19,13:30:00,2025-07-31,1930.0,1930.0,1930.0,1930.0,0,0,1
BANKNIFTY31JUL2548600PE.NFO,2025-05-19,13:31:00,2025-07-31,1930.0,1930.0,1930.0,1930.0,0,0,1
BANKNIFTY31JUL2548600PE.NFO,2025-05-19,13:32:00,2025-07-31,1930.0,1930.0,1930.0,1930.0,0,0,1
BANKNIFTY31JUL2548600PE.NFO,2025-05-19,13:33:00,2025-07-31,1930.0,1930.0,1930.0,1930.0,0,0,1
BANKNIFTY31JUL2548600PE.NFO,2025-05-19,13:34:00,2025-07-31,1930.0,1930.0,1930.0,1930.0,0,0,1
BANKNIFTY31JUL2548600PE.NFO,2025-05-19,13:35:00,2025-07-31,1930.0,1930.0,1930.0,1930.0,0,0,1
BANKNIFTY31JUL2548600PE.NFO,2025-05-19,13:36:00,2025-07-31,1930.0,1930.0,1930.0,1930.0,0,0,1
BANKNIFTY31JUL2548600PE.NFO,2025-05-19,13:37:00,2025-07-31,1930.0,1930.0,1930.0,1930.0,0,0,1
BANKNIFTY31JUL2548600PE.NFO,2025-05-19,13:38:00,2025-07-31,1930.0,1930.0,1930.0,1930.0,0,0,1
BANKNIFTY31JUL2548600PE.NFO,2025-05-19,13:39:00,2025-07-31,1930.0,1930.0,1930.0,1930.0,0,0,1
BANKNIFTY31JUL2548600PE.NFO,2025-05-19,13:40:00,2025-07-31,1930.0,1930.0,1930.0,1930.0,0,0,1
BANKNIFTY31JUL2548600PE.NFO,2025-05-19,13:41:00,2025-07-31,1930.0,1930.0,1930.0,1930.0,0,0,1
BANKNIFTY31JUL2548600PE.NFO,2025-05-19,13:42:00,2025-07-31,1930.0,1930.0,1930.0,1930.0,0,0,1
BANKNIFTY31JUL2548600PE.NFO,2025-05-19,13:43:00,2025-07-31,1930.0,1930.0,1930.0,1930.0,0,0,1
BANKNIFTY31JUL2548600PE.NFO,2025-05-19,13:44:00,2025-07-31,1930.0,1930.0,1930.0,1930.0,0,0,1
BANKNIFTY31JUL2548600PE.NFO,2025-05-19,13:45:00,2025-07-31,1930.0,1930.0,1930.0,1930.0,0,0,1
BANKNIFTY31JUL2548600PE.NFO,2025-05-19,13:46:00,2025-07-31,1930.0,1930.0,1930.0,1930.0,0,0,1
BANKNIFTY31JUL2548600PE.NFO,2025-05-19,13:47:00,2025-07-31,1930.0,1930.0,1930.0,1930.0,0,0,1
BANKNIFTY31JUL2548600PE.NFO,2025-05-19,13:48:00,2025-07-31,1930.0,1930.0,1930.0,1930.0,0,0,1
BANKNIFTY31JUL2548600PE.NFO,2025-05-19,13:49:00,2025-07-31,1930.0,1930.0,1930.0,1930.0,0,0,1
BANKNIFTY31JUL2548600PE.NFO,2025-05-19,13:50:00,2025-07-31,1930.0,1930.0,1930.0,1930.0,0,0,1
BANKNIFTY31JUL2548600PE.NFO,2025-05-19,13:51:00,2025-07-31,1930.0,1930.0,1930.0,1930.0,0,0,1
BANKNIFTY31JUL2548600PE.NFO,2025-05-19,13:52:00,2025-07-31,1930.0,1930.0,1930.0,1930.0,0,0,1
BANKNIFTY31JUL2548600PE.NFO,2025-05-19,13:53:00,2025-07-31,1930.0,1930.0,1930.0,1930.0,0,0,1
BANKNIFTY31JUL2548600PE.NFO,2025-05-19,13:54:00,2025-07-31,1930.0,1930.0,1930.0,1930.0,0,0,1
BANKNIFTY31JUL2548600PE.NFO,2025-05-19,13:55:00,2025-07-31,1930.0,1930.0,1930.0,1930.0,0,0,1
BANKNIFTY31JUL2548600PE.NFO,2025-05-19,13:56:00,2025-07-31,1930.0,1930.0,1930.0,1930.0,0,0,1
BANKNIFTY31JUL2548600PE.NFO,2025-05-19,13:57:00,2025-07-31,1930.0,1930.0,1930.0,1930.0,0,0,1
BANKNIFTY31JUL2548600PE.NFO,2025-05-19,13:58:00,2025-07-31,1930.0,1930.0,1930.0,1930.0,0,0,1
BANKNIFTY31JUL2548600PE.NFO,2025-05-19,13:59:00,2025-07-31,1930.0,1930.0,1930.0,1930.0,0,0,1
BANKNIFTY31JUL2548600PE.NFO,2025-05-19,14:00:00,2025-07-31,1930.0,1930.0,1930.0,1930.0,0,0,1
BANKNIFTY31JUL2548600PE.NFO,2025-05-19,14:01:00,2025-07-31,1930.0,1930.0,1930.0,1930.0,0,0,1
BANKNIFTY31JUL2548600PE.NFO,2025-05-19,14:02:00,2025-07-31,1930.0,1930.0,1930.0,1930.0,0,0,1
BANKNIFTY31JUL2548600PE.NFO,2025-05-19,14:03:00,2025-07-31,1930.0,1930.0,1930.0,1930.0,0,0,1
BANKNIFTY31JUL2548600PE.NFO,2025-05-19,14:04:00,2025-07-31,1930.0,1930.0,1930.0,1930.0,0,0,1
BANKNIFTY31JUL2548600PE.NFO,2025-05-19,14:05:00,2025-07-31,1930.0,1930.0,1930.0,1930.0,0,0,1
BANKNIFTY31JUL2548600PE.NFO,2025-05-19,14:06:00,2025-07-31,1930.0,1930.0,1930.0,1930.0,0,0,1
BANKNIFTY31JUL2548600PE.NFO,2025-05-19,14:07:00,2025-07-31,1930.0,1930.0,1930.0,1930.0,0,0,1
BANKNIFTY31JUL2548600PE.NFO,2025-05-19,14:08:00,2025-07-31,1930.0,1930.0,1930.0,1930.0,0,0,1
BANKNIFTY31JUL2548600PE.NFO,2025-05-19,14:09:00,2025-07-31,1930.0,1930.0,1930.0,1930.0,0,0,1
BANKNIFTY31JUL2548600PE.NFO,2025-05-19,14:10:00,2025-07-31,1930.0,1930.0,1930.0,1930.0,0,0,1
BANKNIFTY31JUL2548600PE.NFO,2025-05-19,14:11:00,2025-07-31,1930.0,1930.0,1930.0,1930.0,0,0,1
BANKNIFTY31JUL2548600PE.NFO,2025-05-19,14:12:00,2025-07-31,1930.0,1930.0,1930.0,1930.0,0,0,1
BANKNIFTY31JUL2548600PE.NFO,2025-05-19,14:13:00,2025-07-31,1930.0,1930.0,1930.0,1930.0,0,0,1
BANKNIFTY31JUL2548600PE.NFO,2025-05-19,14:14:00,2025-07-31,1930.0,1930.0,1930.0,1930.0,0,0,1
BANKNIFTY31JUL2548600PE.NFO,2025-05-19,14:15:00,2025-07-31,1930.0,1930.0,1930.0,1930.0,0,0,1
BANKNIFTY31JUL2548600PE.NFO,2025-05-19,14:16:00,2025-07-31,1930.0,1930.0,1930.0,1930.0,0,0,1
BANKNIFTY31JUL2548600PE.NFO,2025-05-19,14:17:00,2025-07-31,1930.0,1930.0,1930.0,1930.0,0,0,1
BANKNIFTY31JUL2548600PE.NFO,2025-05-19,14:18:00,2025-07-31,1930.0,1930.0,1930.0,1930.0,0,0,1
BANKNIFTY31JUL2548600PE.NFO,2025-05-19,14:19:00,2025-07-31,1930.0,1930.0,1930.0,1930.0,0,0,1
BANKNIFTY31JUL2548600PE.NFO,2025-05-19,14:20:00,2025-07-31,1930.0,1930.0,1930.0,1930.0,0,0,1
BANKNIFTY31JUL2548600PE.NFO,2025-05-19,14:21:00,2025-07-31,1930.0,1930.0,1930.0,1930.0,0,0,1
BANKNIFTY31JUL2548600PE.NFO,2025-05-19,14:22:00,2025-07-31,1930.0,1930.0,1930.0,1930.0,0,0,1
BANKNIFTY31JUL2548600PE.NFO,2025-05-19,14:23:00,2025-07-31,1930.0,1930.0,1930.0,1930.0,0,0,1
BANKNIFTY31JUL2548600PE.NFO,2025-05-19,14:24:00,2025-07-31,1930.0,1930.0,1930.0,1930.0,0,0,1
BANKNIFTY31JUL2548600PE.NFO,2025-05-19,14:25:00,2025-07-31,1930.0,1930.0,1930.0,1930.0,0,0,1
BANKNIFTY31JUL2548600PE.NFO,2025-05-19,14:26:00,2025-07-31,1930.0,1930.0,1930.0,1930.0,0,0,1
BANKNIFTY31JUL2548600PE.NFO,2025-05-19,14:27:00,2025-07-31,1930.0,1930.0,1930.0,1930.0,0,0,1
BANKNIFTY31JUL2548600PE.NFO,2025-05-19,14:28:00,2025-07-31,1930.0,1930.0,1930.0,1930.0,0,0,1
BANKNIFTY31JUL2548600PE.NFO,2025-05-19,14:29:00,2025-07-31,1930.0,1930.0,1930.0,1930.0,0,0,1
BANKNIFTY31JUL2548600PE.NFO,2025-05-19,14:30:00,2025-07-31,1930.0,1930.0,1930.0,1930.0,0,0,1
BANKNIFTY31JUL2548600PE.NFO,2025-05-19,14:31:00,2025-07-31,1930.0,1930.0,1930.0,1930.0,0,0,1
BANKNIFTY31JUL2548600PE.NFO,2025-05-19,14:32:00,2025-07-31,1930.0,1930.0,1930.0,1930.0,0,0,1
BANKNIFTY31JUL2548600PE.NFO,2025-05-19,14:33:00,2025-07-31,1930.0,1930.0,1930.0,1930.0,0,0,1
BANKNIFTY31JUL2548600PE.NFO,2025-05-19,14:34:00,2025-07-31,1930.0,1930.0,1930.0,1930.0,0,0,1
BANKNIFTY31JUL2548600PE.NFO,2025-05-19,14:35:00,2025-07-31,1930.0,1930.0,1930.0,1930.0,0,0,1
BANKNIFTY31JUL2548600PE.NFO,2025-05-19,14:36:00,2025-07-31,1930.0,1930.0,1930.0,1930.0,0,0,1
BANKNIFTY31JUL2548600PE.NFO,2025-05-19,14:37:00,2025-07-31,1930.0,1930.0,1930.0,1930.0,0,0,1
BANKNIFTY31JUL2548600PE.NFO,2025-05-19,14:38:00,2025-07-31,1930.0,1930.0,1930.0,1930.0,0,0,1
BANKNIFTY31JUL2548600PE.NFO,2025-05-19,14:39:00,2025-07-31,1930.0,1930.0,1930.0,1930.0,0,0,1
BANKNIFTY31JUL2548600PE.NFO,2025-05-19,14:40:00,2025-07-31,1930.0,1930.0,1930.0,1930.0,0,0,1
BANKNIFTY31JUL2548600PE.NFO,2025-05-19,14:41:00,2025-07-31,1930.0,1930.0,1930.0,1930.0,0,0,1
BANKNIFTY31JUL2548600PE.NFO,2025-05-19,14:42:00,2025-07-31,1930.0,1930.0,1930.0,1930.0,0,0,1
BANKNIFTY31JUL2548600PE.NFO,2025-05-19,14:43:00,2025-07-31,1930.0,1930.0,1930.0,1930.0,0,0,1
BANKNIFTY31JUL2548600PE.NFO,2025-05-19,14:44:00,2025-07-31,1930.0,1930.0,1930.0,1930.0,0,0,1
BANKNIFTY31JUL2548600PE.NFO,2025-05-19,14:45:00,2025-07-31,1930.0,1930.0,1930.0,1930.0,0,0,1
BANKNIFTY31JUL2548600PE.NFO,2025-05-19,14:46:00,2025-07-31,1930.0,1930.0,1930.0,1930.0,0,0,1
BANKNIFTY31JUL2548600PE.NFO,2025-05-19,14:47:00,2025-07-31,1930.0,1930.0,1930.0,1930.0,0,0,1
BANKNIFTY31JUL2548600PE.NFO,2025-05-19,14:48:00,2025-07-31,1930.0,1930.0,1930.0,1930.0,0,0,1
BANKNIFTY31JUL2548600PE.NFO,2025-05-19,14:49:00,2025-07-31,1930.0,1930.0,1930.0,1930.0,0,0,1
BANKNIFTY31JUL2548600PE.NFO,2025-05-19,14:50:00,2025-07-31,1930.0,1930.0,1930.0,1930.0,0,0,1
BANKNIFTY31JUL2548600PE.NFO,2025-05-19,14:51:00,2025-07-31,1930.0,1930.0,1930.0,1930.0,0,0,1
BANKNIFTY31JUL2548600PE.NFO,2025-05-19,14:52:00,2025-07-31,1930.0,1930.0,1930.0,1930.0,0,0,1
BANKNIFTY31JUL2548600PE.NFO,2025-05-19,14:53:00,2025-07-31,1930.0,1930.0,1930.0,1930.0,0,0,1
BANKNIFTY31JUL2548600PE.NFO,2025-05-19,14:54:00,2025-07-31,1930.0,1930.0,1930.0,1930.0,0,0,1
BANKNIFTY31JUL2548600PE.NFO,2025-05-19,14:55:00,2025-07-31,1930.0,1930.0,1930.0,1930.0,0,0,1
BANKNIFTY31JUL2548600PE.NFO,2025-05-19,14:56:00,2025-07-31,1930.0,1930.0,1930.0,1930.0,0,0,1
BANKNIFTY31JUL2548600PE.NFO,2025-05-19,14:57:00,2025-07-31,1930.0,1930.0,1930.0,1930.0,0,0,1
BANKNIFTY31JUL2548600PE.NFO,2025-05-19,14:58:00,2025-07-31,1930.0,1930.0,1930.0,1930.0,0,0,1
BANKNIFTY31JUL2548600PE.NFO,2025-05-19,14:59:00,2025-07-31,1930.0,1930.0,1930.0,1930.0,0,0,1
BANKNIFTY31JUL2548600PE.NFO,2025-05-19,15:00:00,2025-07-31,1930.0,1930.0,1930.0,1930.0,0,0,1
BANKNIFTY31JUL2548600PE.NFO,2025-05-19,15:01:00,2025-07-31,1930.0,1930.0,1930.0,1930.0,0,0,1
BANKNIFTY31JUL2548600PE.NFO,2025-05-19,15:02:00,2025-07-31,1930.0,1930.0,1930.0,1930.0,0,0,1
BANKNIFTY31JUL2548600PE.NFO,2025-05-19,15:03:00,2025-07-31,1930.0,1930.0,1930.0,1930.0,0,0,1
BANKNIFTY31JUL2548600PE.NFO,2025-05-19,15:04:00,2025-07-31,1930.0,1930.0,1930.0,1930.0,0,0,1
BANKNIFTY31JUL2548600PE.NFO,2025-05-19,15:05:00,2025-07-31,1930.0,1930.0,1930.0,1930.0,0,0,1
BANKNIFTY31JUL2548600PE.NFO,2025-05-19,15:06:00,2025-07-31,1930.0,1930.0,1930.0,1930.0,0,0,1
BANKNIFTY31JUL2548600PE.NFO,2025-05-19,15:07:00,2025-07-31,1930.0,1930.0,1930.0,1930.0,0,0,1
BANKNIFTY31JUL2548600PE.NFO,2025-05-19,15:08:00,2025-07-31,1930.0,1930.0,1930.0,1930.0,0,0,1
BANKNIFTY31JUL2548600PE.NFO,2025-05-19,15:09:00,2025-07-31,1930.0,1930.0,1930.0,1930.0,0,0,1
BANKNIFTY31JUL2548600PE.NFO,2025-05-19,15:10:00,2025-07-31,1930.0,1930.0,1930.0,1930.0,0,0,1
BANKNIFTY31JUL2548600PE.NFO,2025-05-19,15:11:00,2025-07-31,1930.0,1930.0,1930.0,1930.0,0,0,1
BANKNIFTY31JUL2548600PE.NFO,2025-05-19,15:12:00,2025-07-31,1930.0,1930.0,1930.0,1930.0,0,0,1
BANKNIFTY31JUL2548600PE.NFO,2025-05-19,15:13:00,2025-07-31,1930.0,1930.0,1930.0,1930.0,0,0,1
BANKNIFTY31JUL2548600PE.NFO,2025-05-19,15:14:00,2025-07-31,1930.0,1930.0,1930.0,1930.0,0,0,1
BANKNIFTY31JUL2548600PE.NFO,2025-05-19,15:15:00,2025-07-31,1930.0,1930.0,1930.0,1930.0,0,0,1
BANKNIFTY31JUL2548600PE.NFO,2025-05-19,15:16:00,2025-07-31,1930.0,1930.0,1930.0,1930.0,0,0,1
BANKNIFTY31JUL2548600PE.NFO,2025-05-19,15:17:00,2025-07-31,1930.0,1930.0,1930.0,1930.0,0,0,1
BANKNIFTY31JUL2548600PE.NFO,2025-05-19,15:18:00,2025-07-31,1930.0,1930.0,1930.0,1930.0,0,0,1
BANKNIFTY31JUL2548600PE.NFO,2025-05-19,15:19:00,2025-07-31,1930.0,1930.0,1930.0,1930.0,0,0,1
BANKNIFTY31JUL2548600PE.NFO,2025-05-19,15:20:00,2025-07-31,1930.0,1930.0,1930.0,1930.0,0,0,1
BANKNIFTY31JUL2548600PE.NFO,2025-05-19,15:21:00,2025-07-31,1930.0,1930.0,1930.0,1930.0,0,0,1
BANKNIFTY31JUL2548600PE.NFO,2025-05-19,15:22:00,2025-07-31,1930.0,1930.0,1930.0,1930.0,0,0,1
BANKNIFTY31JUL2548600PE.NFO,2025-05-19,15:23:00,2025-07-31,1930.0,1930.0,1930.0,1930.0,0,0,1
BANKNIFTY31JUL2548600PE.NFO,2025-05-19,15:24:00,2025-07-31,1930.0,1930.0,1930.0,1930.0,0,0,1
BANKNIFTY31JUL2548600PE.NFO,2025-05-19,15:25:00,2025-07-31,1930.0,1930.0,1930.0,1930.0,0,0,1
BANKNIFTY31JUL2548600PE.NFO,2025-05-19,15:26:00,2025-07-31,1930.0,1930.0,1930.0,1930.0,0,0,1
BANKNIFTY31JUL2548600PE.NFO,2025-05-19,15:27:00,2025-07-31,1930.0,1930.0,1930.0,1930.0,0,0,1
BANKNIFTY31JUL2548600PE.NFO,2025-05-19,15:28:00,2025-07-31,1930.0,1930.0,1930.0,1930.0,0,0,1
BANKNIFTY31JUL2548600PE.NFO,2025-05-19,15:29:00,2025-07-31,1930.0,1930.0,1930.0,1930.0,0,0,1
BANKNIFTY31JUL2548600PE.NFO,2025-05-19,15:30:00,2025-07-31,1930.0,1930.0,1930.0,1930.0,0,0,1
BANKNIFTY31JUL2548600PE.NFO,2025-05-20,09:15:00,2025-07-31,1930.0,1930.0,1930.0,1930.0,0,0,0
BANKNIFTY31JUL2548600PE.NFO,2025-05-20,09:16:00,2025-07-31,1930.0,1930.0,1930.0,1930.0,0,0,1
BANKNIFTY31JUL2548600PE.NFO,2025-05-20,09:17:00,2025-07-31,1930.0,1930.0,1930.0,1930.0,0,0,1
BANKNIFTY31JUL2548600PE.NFO,2025-05-20,09:18:00,2025-07-31,1930.0,1930.0,1930.0,1930.0,0,0,1
BANKNIFTY31JUL2548600PE.NFO,2025-05-20,09:19:00,2025-07-31,1930.0,1930.0,1930.0,1930.0,0,0,1
BANKNIFTY31JUL2548600PE.NFO,2025-05-20,09:20:00,2025-07-31,1930.0,1930.0,1930.0,1930.0,0,0,1
BANKNIFTY31JUL2548600PE.NFO,2025-05-20,09:21:00,2025-07-31,1930.0,1930.0,1930.0,1930.0,0,0,1
BANKNIFTY31JUL2548600PE.NFO,2025-05-20,09:22:00,2025-07-31,1930.0,1930.0,1930.0,1930.0,0,0,1
BANKNIFTY31JUL2548600PE.NFO,2025-05-20,09:23:00,2025-07-31,1930.0,1930.0,1930.0,1930.0,0,0,1
BANKNIFTY31JUL2548600PE.NFO,2025-05-20,09:24:00,2025-07-31,1930.0,1930.0,1930.0,1930.0,0,0,1
BANKNIFTY31JUL2548600PE.NFO,2025-05-20,09:25:00,2025-07-31,1930.0,1930.0,1930.0,1930.0,0,0,1
BANKNIFTY31JUL2548600PE.NFO,2025-05-20,09:26:00,2025-07-31,1930.0,1930.0,1930.0,1930.0,0,0,1
BANKNIFTY31JUL2548600PE.NFO,2025-05-20,09:27:00,2025-07-31,1930.0,1930.0,1930.0,1930.0,0,0,1
BANKNIFTY31JUL2548600PE.NFO,2025-05-20,09:28:00,2025-07-31,1930.0,1930.0,1930.0,1930.0,0,0,1
BANKNIFTY31JUL2548600PE.NFO,2025-05-20,09:29:00,2025-07-31,1930.0,1930.0,1930.0,1930.0,0,0,1
BANKNIFTY31JUL2548600PE.NFO,2025-05-20,09:30:00,2025-07-31,1930.0,1930.0,1930.0,1930.0,0,0,1
BANKNIFTY31JUL2548600PE.NFO,2025-05-20,09:31:00,2025-07-31,1930.0,1930.0,1930.0,1930.0,0,0,1
BANKNIFTY31JUL2548600PE.NFO,2025-05-20,09:32:00,2025-07-31,1930.0,1930.0,1930.0,1930.0,0,0,1
BANKNIFTY31JUL2548600PE.NFO,2025-05-20,09:33:00,2025-07-31,1930.0,1930.0,1930.0,1930.0,0,0,1
BANKNIFTY31JUL2548600PE.NFO,2025-05-20,09:34:00,2025-07-31,1930.0,1930.0,1930.0,1930.0,0,0,1
BANKNIFTY31JUL2548600PE.NFO,2025-05-20,09:35:00,2025-07-31,1930.0,1930.0,1930.0,1930.0,0,0,1
BANKNIFTY31JUL2548600PE.NFO,2025-05-20,09:36:00,2025-07-31,1930.0,1930.0,1930.0,1930.0,0,0,1
BANKNIFTY31JUL2548600PE.NFO,2025-05-20,09:37:00,2025-07-31,1930.0,1930.0,1930.0,1930.0,0,0,1
BANKNIFTY31JUL2548600PE.NFO,2025-05-20,09:38:00,2025-07-31,1930.0,1930.0,1930.0,1930.0,0,0,1
BANKNIFTY31JUL2548600PE.NFO,2025-05-20,09:39:00,2025-07-31,1930.0,1930.0,1930.0,1930.0,0,0,1
BANKNIFTY31JUL2548600PE.NFO,2025-05-20,09:40:00,2025-07-31,1930.0,1930.0,1930.0,1930.0,0,0,1
BANKNIFTY31JUL2548600PE.NFO,2025-05-20,09:41:00,2025-07-31,1930.0,1930.0,1930.0,1930.0,0,0,1
BANKNIFTY31JUL2548600PE.NFO,2025-05-20,09:42:00,2025-07-31,1930.0,1930.0,1930.0,1930.0,0,0,1
BANKNIFTY31JUL2548600PE.NFO,2025-05-20,09:43:00,2025-07-31,1930.0,1930.0,1930.0,1930.0,0,0,1
BANKNIFTY31JUL2548600PE.NFO,2025-05-20,09:44:00,2025-07-31,1930.0,1930.0,1930.0,1930.0,0,0,1
BANKNIFTY31JUL2548600PE.NFO,2025-05-20,09:45:00,2025-07-31,1930.0,1930.0,1930.0,1930.0,0,0,1
BANKNIFTY31JUL2548600PE.NFO,2025-05-20,09:46:00,2025-07-31,1930.0,1930.0,1930.0,1930.0,0,0,1
BANKNIFTY31JUL2548600PE.NFO,2025-05-20,09:47:00,2025-07-31,1930.0,1930.0,1930.0,1930.0,0,0,1
BANKNIFTY31JUL2548600PE.NFO,2025-05-20,09:48:00,2025-07-31,1930.0,1930.0,1930.0,1930.0,0,0,1
BANKNIFTY31JUL2548600PE.NFO,2025-05-20,09:49:00,2025-07-31,1930.0,1930.0,1930.0,1930.0,0,0,1
BANKNIFTY31JUL2548600PE.NFO,2025-05-20,09:50:00,2025-07-31,1930.0,1930.0,1930.0,1930.0,0,0,1
BANKNIFTY31JUL2548600PE.NFO,2025-05-20,09:51:00,2025-07-31,1930.0,1930.0,1930.0,1930.0,0,0,1
BANKNIFTY31JUL2548600PE.NFO,2025-05-20,09:52:00,2025-07-31,1930.0,1930.0,1930.0,1930.0,0,0,1
BANKNIFTY31JUL2548600PE.NFO,2025-05-20,09:53:00,2025-07-31,1930.0,1930.0,1930.0,1930.0,0,0,1
BANKNIFTY31JUL2548600PE.NFO,2025-05-20,09:54:00,2025-07-31,1930.0,1930.0,1930.0,1930.0,0,0,1
BANKNIFTY31JUL2548600PE.NFO,2025-05-20,09:55:00,2025-07-31,1930.0,1930.0,1930.0,1930.0,0,0,1
BANKNIFTY31JUL2548600PE.NFO,2025-05-20,09:56:00,2025-07-31,1930.0,1930.0,1930.0,1930.0,0,0,1
BANKNIFTY31JUL2548600PE.NFO,2025-05-20,09:57:00,2025-07-31,1930.0,1930.0,1930.0,1930.0,0,0,1
BANKNIFTY31JUL2548600PE.NFO,2025-05-20,09:58:00,2025-07-31,1930.0,1930.0,1930.0,1930.0,0,0,1
BANKNIFTY31JUL2548600PE.NFO,2025-05-20,09:59:00,2025-07-31,1930.0,1930.0,1930.0,1930.0,0,0,1
BANKNIFTY31JUL2548600PE.NFO,2025-05-20,10:00:00,2025-07-31,1930.0,1930.0,1930.0,1930.0,0,0,1
BANKNIFTY31JUL2548600PE.NFO,2025-05-20,10:01:00,2025-07-31,1930.0,1930.0,1930.0,1930.0,0,0,1
BANKNIFTY31JUL2548600PE.NFO,2025-05-20,10:02:00,2025-07-31,1930.0,1930.0,1930.0,1930.0,0,0,1
BANKNIFTY31JUL2548600PE.NFO,2025-05-20,10:03:00,2025-07-31,1930.0,1930.0,1930.0,1930.0,0,0,1
BANKNIFTY31JUL2548600PE.NFO,2025-05-20,10:04:00,2025-07-31,1930.0,1930.0,1930.0,1930.0,0,0,1
BANKNIFTY31JUL2548600PE.NFO,2025-05-20,10:05:00,2025-07-31,1930.0,1930.0,1930.0,1930.0,0,0,1
BANKNIFTY31JUL2548600PE.NFO,2025-05-20,10:06:00,2025-07-31,1930.0,1930.0,1930.0,1930.0,0,0,1
BANKNIFTY31JUL2548600PE.NFO,2025-05-20,10:07:00,2025-07-31,1930.0,1930.0,1930.0,1930.0,0,0,1
BANKNIFTY31JUL2548600PE.NFO,2025-05-20,10:08:00,2025-07-31,1930.0,1930.0,1930.0,1930.0,0,0,1
BANKNIFTY31JUL2548600PE.NFO,2025-05-20,10:09:00,2025-07-31,1930.0,1930.0,1930.0,1930.0,0,0,1
BANKNIFTY31JUL2548600PE.NFO,2025-05-20,10:10:00,2025-07-31,1930.0,1930.0,1930.0,1930.0,0,0,1
BANKNIFTY31JUL2548600PE.NFO,2025-05-20,10:11:00,2025-07-31,1930.0,1930.0,1930.0,1930.0,0,0,1
BANKNIFTY31JUL2548600PE.NFO,2025-05-20,10:12:00,2025-07-31,1930.0,1930.0,1930.0,1930.0,0,0,1
BANKNIFTY31JUL2548600PE.NFO,2025-05-20,10:13:00,2025-07-31,1930.0,1930.0,1930.0,1930.0,0,0,1
BANKNIFTY31JUL2548600PE.NFO,2025-05-20,10:14:00,2025-07-31,1930.0,1930.0,1930.0,1930.0,0,0,1
BANKNIFTY31JUL2548600PE.NFO,2025-05-20,10:15:00,2025-07-31,1930.0,1930.0,1930.0,1930.0,0,0,1
BANKNIFTY31JUL2548600PE.NFO,2025-05-20,10:16:00,2025-07-31,1930.0,1930.0,1930.0,1930.0,0,0,1
BANKNIFTY31JUL2548600PE.NFO,2025-05-20,10:17:00,2025-07-31,1930.0,1930.0,1930.0,1930.0,0,0,1
BANKNIFTY31JUL2548600PE.NFO,2025-05-20,10:18:00,2025-07-31,1930.0,1930.0,1930.0,1930.0,0,0,1
BANKNIFTY31JUL2548600PE.NFO,2025-05-20,10:19:00,2025-07-31,1930.0,1930.0,1930.0,1930.0,0,0,1
BANKNIFTY31JUL2548600PE.NFO,2025-05-20,10:20:00,2025-07-31,1930.0,1930.0,1930.0,1930.0,0,0,1
BANKNIFTY31JUL2548600PE.NFO,2025-05-20,10:21:00,2025-07-31,1930.0,1930.0,1930.0,1930.0,0,0,1
BANKNIFTY31JUL2548600PE.NFO,2025-05-20,10:22:00,2025-07-31,1930.0,1930.0,1930.0,1930.0,0,0,1
BANKNIFTY31JUL2548600PE.NFO,2025-05-20,10:23:00,2025-07-31,1930.0,1930.0,1930.0,1930.0,0,0,1
BANKNIFTY31JUL2548600PE.NFO,2025-05-20,10:24:00,2025-07-31,1930.0,1930.0,1930.0,1930.0,0,0,1
BANKNIFTY31JUL2548600PE.NFO,2025-05-20,10:25:00,2025-07-31,1930.0,1930.0,1930.0,1930.0,0,0,1
BANKNIFTY31JUL2548600PE.NFO,2025-05-20,10:26:00,2025-07-31,1930.0,1930.0,1930.0,1930.0,0,0,1
BANKNIFTY31JUL2548600PE.NFO,2025-05-20,10:27:00,2025-07-31,1930.0,1930.0,1930.0,1930.0,0,0,1
BANKNIFTY31JUL2548600PE.NFO,2025-05-20,10:28:00,2025-07-31,1930.0,1930.0,1930.0,1930.0,0,0,1
BANKNIFTY31JUL2548600PE.NFO,2025-05-20,10:29:00,2025-07-31,1930.0,1930.0,1930.0,1930.0,0,0,1
BANKNIFTY31JUL2548600PE.NFO,2025-05-20,10:30:00,2025-07-31,1930.0,1930.0,1930.0,1930.0,0,0,1
BANKNIFTY31JUL2548600PE.NFO,2025-05-20,10:31:00,2025-07-31,1930.0,1930.0,1930.0,1930.0,0,0,1
BANKNIFTY31JUL2548600PE.NFO,2025-05-20,10:32:00,2025-07-31,1930.0,1930.0,1930.0,1930.0,0,0,1
BANKNIFTY31JUL2548600PE.NFO,2025-05-20,10:33:00,2025-07-31,1930.0,1930.0,1930.0,1930.0,0,0,1
BANKNIFTY31JUL2548600PE.NFO,2025-05-20,10:34:00,2025-07-31,1930.0,1930.0,1930.0,1930.0,0,0,1
BANKNIFTY31JUL2548600PE.NFO,2025-05-20,10:35:00,2025-07-31,1930.0,1930.0,1930.0,1930.0,0,0,1
BANKNIFTY31JUL2548600PE.NFO,2025-05-20,10:36:00,2025-07-31,1930.0,1930.0,1930.0,1930.0,0,0,1
BANKNIFTY31JUL2548600PE.NFO,2025-05-20,10:37:00,2025-07-31,1930.0,1930.0,1930.0,1930.0,0,0,1
BANKNIFTY31JUL2548600PE.NFO,2025-05-20,10:38:00,2025-07-31,1930.0,1930.0,1930.0,1930.0,0,0,1
BANKNIFTY31JUL2548600PE.NFO,2025-05-20,10:39:00,2025-07-31,1930.0,1930.0,1930.0,1930.0,0,0,1
BANKNIFTY31JUL2548600PE.NFO,2025-05-20,10:40:00,2025-07-31,1930.0,1930.0,1930.0,1930.0,0,0,1
BANKNIFTY31JUL2548600PE.NFO,2025-05-20,10:41:00,2025-07-31,1930.0,1930.0,1930.0,1930.0,0,0,1
BANKNIFTY31JUL2548600PE.NFO,2025-05-20,10:42:00,2025-07-31,1930.0,1930.0,1930.0,1930.0,0,0,1
BANKNIFTY31JUL2548600PE.NFO,2025-05-20,10:43:00,2025-07-31,1930.0,1930.0,1930.0,1930.0,0,0,1
BANKNIFTY31JUL2548600PE.NFO,2025-05-20,10:44:00,2025-07-31,1930.0,1930.0,1930.0,1930.0,0,0,1
BANKNIFTY31JUL2548600PE.NFO,2025-05-20,10:45:00,2025-07-31,1930.0,1930.0,1930.0,1930.0,0,0,1
BANKNIFTY31JUL2548600PE.NFO,2025-05-20,10:46:00,2025-07-31,1930.0,1930.0,1930.0,1930.0,0,0,1
BANKNIFTY31JUL2548600PE.NFO,2025-05-20,10:47:00,2025-07-31,1930.0,1930.0,1930.0,1930.0,0,0,1
BANKNIFTY31JUL2548600PE.NFO,2025-05-20,10:48:00,2025-07-31,1930.0,1930.0,1930.0,1930.0,0,0,1
BANKNIFTY31JUL2548600PE.NFO,2025-05-20,10:49:00,2025-07-31,1930.0,1930.0,1930.0,1930.0,0,0,1
BANKNIFTY31JUL2548600PE.NFO,2025-05-20,10:50:00,2025-07-31,1930.0,1930.0,1930.0,1930.0,0,0,1
BANKNIFTY31JUL2548600PE.NFO,2025-05-20,10:51:00,2025-07-31,1930.0,1930.0,1930.0,1930.0,0,0,1
BANKNIFTY31JUL2548600PE.NFO,2025-05-20,10:52:00,2025-07-31,1930.0,1930.0,1930.0,1930.0,0,0,1
BANKNIFTY31JUL2548600PE.NFO,2025-05-20,10:53:00,2025-07-31,1930.0,1930.0,1930.0,1930.0,0,0,1
BANKNIFTY31JUL2548600PE.NFO,2025-05-20,10:54:00,2025-07-31,1930.0,1930.0,1930.0,1930.0,0,0,1
BANKNIFTY31JUL2548600PE.NFO,2025-05-20,10:55:00,2025-07-31,1930.0,1930.0,1930.0,1930.0,0,0,1
BANKNIFTY31JUL2548600PE.NFO,2025-05-20,10:56:00,2025-07-31,1930.0,1930.0,1930.0,1930.0,0,0,1
BANKNIFTY31JUL2548600PE.NFO,2025-05-20,10:57:00,2025-07-31,1930.0,1930.0,1930.0,1930.0,0,0,1
BANKNIFTY31JUL2548600PE.NFO,2025-05-20,10:58:00,2025-07-31,1930.0,1930.0,1930.0,1930.0,0,0,1
BANKNIFTY31JUL2548600PE.NFO,2025-05-20,10:59:00,2025-07-31,1930.0,1930.0,1930.0,1930.0,0,0,1
BANKNIFTY31JUL2548600PE.NFO,2025-05-20,11:00:00,2025-07-31,1930.0,1930.0,1930.0,1930.0,0,0,1
BANKNIFTY31JUL2548600PE.NFO,2025-05-20,11:01:00,2025-07-31,1930.0,1930.0,1930.0,1930.0,0,0,1
BANKNIFTY31JUL2548600PE.NFO,2025-05-20,11:02:00,2025-07-31,1930.0,1930.0,1930.0,1930.0,0,0,1
BANKNIFTY31JUL2548600PE.NFO,2025-05-20,11:03:00,2025-07-31,1930.0,1930.0,1930.0,1930.0,0,0,1
BANKNIFTY31JUL2548600PE.NFO,2025-05-20,11:04:00,2025-07-31,1930.0,1930.0,1930.0,1930.0,0,0,1
BANKNIFTY31JUL2548600PE.NFO,2025-05-20,11:05:00,2025-07-31,1930.0,1930.0,1930.0,1930.0,0,0,1
BANKNIFTY31JUL2548600PE.NFO,2025-05-20,11:06:00,2025-07-31,1930.0,1930.0,1930.0,1930.0,0,0,1
BANKNIFTY31JUL2548600PE.NFO,2025-05-20,11:07:00,2025-07-31,1930.0,1930.0,1930.0,1930.0,0,0,1
BANKNIFTY31JUL2548600PE.NFO,2025-05-20,11:08:00,2025-07-31,1930.0,1930.0,1930.0,1930.0,0,0,1
BANKNIFTY31JUL2548600PE.NFO,2025-05-20,11:09:00,2025-07-31,1930.0,1930.0,1930.0,1930.0,0,0,1
BANKNIFTY31JUL2548600PE.NFO,2025-05-20,11:10:00,2025-07-31,1930.0,1930.0,1930.0,1930.0,0,0,1
BANKNIFTY31JUL2548600PE.NFO,2025-05-20,11:11:00,2025-07-31,1930.0,1930.0,1930.0,1930.0,0,0,1
BANKNIFTY31JUL2548600PE.NFO,2025-05-20,11:12:00,2025-07-31,1930.0,1930.0,1930.0,1930.0,0,0,1
BANKNIFTY31JUL2548600PE.NFO,2025-05-20,11:13:00,2025-07-31,1930.0,1930.0,1930.0,1930.0,0,0,1
BANKNIFTY31JUL2548600PE.NFO,2025-05-20,11:14:00,2025-07-31,1930.0,1930.0,1930.0,1930.0,0,0,1
BANKNIFTY31JUL2548600PE.NFO,2025-05-20,11:15:00,2025-07-31,1930.0,1930.0,1930.0,1930.0,0,0,1
BANKNIFTY31JUL2548600PE.NFO,2025-05-20,11:16:00,2025-07-31,1930.0,1930.0,1930.0,1930.0,0,0,1
BANKNIFTY31JUL2548600PE.NFO,2025-05-20,11:17:00,2025-07-31,1930.0,1930.0,1930.0,1930.0,0,0,1
BANKNIFTY31JUL2548600PE.NFO,2025-05-20,11:18:00,2025-07-31,1930.0,1930.0,1930.0,1930.0,0,0,1
BANKNIFTY31JUL2548600PE.NFO,2025-05-20,11:19:00,2025-07-31,1930.0,1930.0,1930.0,1930.0,0,0,1
BANKNIFTY31JUL2548600PE.NFO,2025-05-20,11:20:00,2025-07-31,1930.0,1930.0,1930.0,1930.0,0,0,1
BANKNIFTY31JUL2548600PE.NFO,2025-05-20,11:21:00,2025-07-31,1930.0,1930.0,1930.0,1930.0,0,0,1
BANKNIFTY31JUL2548600PE.NFO,2025-05-20,11:22:00,2025-07-31,1930.0,1930.0,1930.0,1930.0,0,0,1
BANKNIFTY31JUL2548600PE.NFO,2025-05-20,11:23:00,2025-07-31,1930.0,1930.0,1930.0,1930.0,0,0,1
BANKNIFTY31JUL2548600PE.NFO,2025-05-20,11:24:00,2025-07-31,1930.0,1930.0,1930.0,1930.0,0,0,1
BANKNIFTY31JUL2548600PE.NFO,2025-05-20,11:25:00,2025-07-31,1930.0,1930.0,1930.0,1930.0,0,0,1
BANKNIFTY31JUL2548600PE.NFO,2025-05-20,11:26:00,2025-07-31,1930.0,1930.0,1930.0,1930.0,0,0,1
BANKNIFTY31JUL2548600PE.NFO,2025-05-20,11:27:00,2025-07-31,1930.0,1930.0,1930.0,1930.0,0,0,1
BANKNIFTY31JUL2548600PE.NFO,2025-05-20,11:28:00,2025-07-31,1930.0,1930.0,1930.0,1930.0,0,0,1
BANKNIFTY31JUL2548600PE.NFO,2025-05-20,11:29:00,2025-07-31,1930.0,1930.0,1930.0,1930.0,0,0,1
BANKNIFTY31JUL2548600PE.NFO,2025-05-20,11:30:00,2025-07-31,1930.0,1930.0,1930.0,1930.0,0,0,1
BANKNIFTY31JUL2548600PE.NFO,2025-05-20,11:31:00,2025-07-31,1930.0,1930.0,1930.0,1930.0,0,0,1
BANKNIFTY31JUL2548600PE.NFO,2025-05-20,11:32:00,2025-07-31,1930.0,1930.0,1930.0,1930.0,0,0,1
BANKNIFTY31JUL2548600PE.NFO,2025-05-20,11:33:00,2025-07-31,1930.0,1930.0,1930.0,1930.0,0,0,1
BANKNIFTY31JUL2548600PE.NFO,2025-05-20,11:34:00,2025-07-31,1930.0,1930.0,1930.0,1930.0,0,0,1
BANKNIFTY31JUL2548600PE.NFO,2025-05-20,11:35:00,2025-07-31,1930.0,1930.0,1930.0,1930.0,0,0,1
BANKNIFTY31JUL2548600PE.NFO,2025-05-20,11:36:00,2025-07-31,1930.0,1930.0,1930.0,1930.0,0,0,1
BANKNIFTY31JUL2548600PE.NFO,2025-05-20,11:37:00,2025-07-31,1930.0,1930.0,1930.0,1930.0,0,0,1
BANKNIFTY31JUL2548600PE.NFO,2025-05-20,11:38:00,2025-07-31,1930.0,1930.0,1930.0,1930.0,0,0,1
BANKNIFTY31JUL2548600PE.NFO,2025-05-20,11:39:00,2025-07-31,1930.0,1930.0,1930.0,1930.0,0,0,1
BANKNIFTY31JUL2548600PE.NFO,2025-05-20,11:40:00,2025-07-31,1930.0,1930.0,1930.0,1930.0,0,0,1
BANKNIFTY31JUL2548600PE.NFO,2025-05-20,11:41:00,2025-07-31,1930.0,1930.0,1930.0,1930.0,0,0,1
BANKNIFTY31JUL2548600PE.NFO,2025-05-20,11:42:00,2025-07-31,1930.0,1930.0,1930.0,1930.0,0,0,1
BANKNIFTY31JUL2548600PE.NFO,2025-05-20,11:43:00,2025-07-31,1930.0,1930.0,1930.0,1930.0,0,0,1
BANKNIFTY31JUL2548600PE.NFO,2025-05-20,11:44:00,2025-07-31,1930.0,1930.0,1930.0,1930.0,0,0,1
BANKNIFTY31JUL2548600PE.NFO,2025-05-20,11:45:00,2025-07-31,1930.0,1930.0,1930.0,1930.0,0,0,1
BANKNIFTY31JUL2548600PE.NFO,2025-05-20,11:46:00,2025-07-31,1930.0,1930.0,1930.0,1930.0,0,0,1
BANKNIFTY31JUL2548600PE.NFO,2025-05-20,11:47:00,2025-07-31,1930.0,1930.0,1930.0,1930.0,0,0,1
BANKNIFTY31JUL2548600PE.NFO,2025-05-20,11:48:00,2025-07-31,1930.0,1930.0,1930.0,1930.0,0,0,1
BANKNIFTY31JUL2548600PE.NFO,2025-05-20,11:49:00,2025-07-31,1930.0,1930.0,1930.0,1930.0,0,0,1
BANKNIFTY31JUL2548600PE.NFO,2025-05-20,11:50:00,2025-07-31,1930.0,1930.0,1930.0,1930.0,0,0,1
BANKNIFTY31JUL2548600PE.NFO,2025-05-20,11:51:00,2025-07-31,1930.0,1930.0,1930.0,1930.0,0,0,1
BANKNIFTY31JUL2548600PE.NFO,2025-05-20,11:52:00,2025-07-31,1930.0,1930.0,1930.0,1930.0,0,0,1
BANKNIFTY31JUL2548600PE.NFO,2025-05-20,11:53:00,2025-07-31,1930.0,1930.0,1930.0,1930.0,0,0,1
BANKNIFTY31JUL2548600PE.NFO,2025-05-20,11:54:00,2025-07-31,1930.0,1930.0,1930.0,1930.0,0,0,1
BANKNIFTY31JUL2548600PE.NFO,2025-05-20,11:55:00,2025-07-31,1930.0,1930.0,1930.0,1930.0,0,0,1
BANKNIFTY31JUL2548600PE.NFO,2025-05-20,11:56:00,2025-07-31,1930.0,1930.0,1930.0,1930.0,0,0,1
BANKNIFTY31JUL2548600PE.NFO,2025-05-20,11:57:00,2025-07-31,1930.0,1930.0,1930.0,1930.0,0,0,1
BANKNIFTY31JUL2548600PE.NFO,2025-05-20,11:58:00,2025-07-31,1930.0,1930.0,1930.0,1930.0,0,0,1
BANKNIFTY31JUL2548600PE.NFO,2025-05-20,11:59:00,2025-07-31,1930.0,1930.0,1930.0,1930.0,0,0,1
BANKNIFTY31JUL2548600PE.NFO,2025-05-20,12:00:00,2025-07-31,1930.0,1930.0,1930.0,1930.0,0,0,1
BANKNIFTY31JUL2548600PE.NFO,2025-05-20,12:01:00,2025-07-31,1930.0,1930.0,1930.0,1930.0,0,0,1
BANKNIFTY31JUL2548600PE.NFO,2025-05-20,12:02:00,2025-07-31,1930.0,1930.0,1930.0,1930.0,0,0,1
BANKNIFTY31JUL2548600PE.NFO,2025-05-20,12:03:00,2025-07-31,1930.0,1930.0,1930.0,1930.0,0,0,1
BANKNIFTY31JUL2548600PE.NFO,2025-05-20,12:04:00,2025-07-31,1930.0,1930.0,1930.0,1930.0,0,0,1
BANKNIFTY31JUL2548600PE.NFO,2025-05-20,12:05:00,2025-07-31,1930.0,1930.0,1930.0,1930.0,0,0,1
BANKNIFTY31JUL2548600PE.NFO,2025-05-20,12:06:00,2025-07-31,1930.0,1930.0,1930.0,1930.0,0,0,1
BANKNIFTY31JUL2548600PE.NFO,2025-05-20,12:07:00,2025-07-31,1930.0,1930.0,1930.0,1930.0,0,0,1
BANKNIFTY31JUL2548600PE.NFO,2025-05-20,12:08:00,2025-07-31,1930.0,1930.0,1930.0,1930.0,0,0,1
BANKNIFTY31JUL2548600PE.NFO,2025-05-20,12:09:00,2025-07-31,1930.0,1930.0,1930.0,1930.0,0,0,1
BANKNIFTY31JUL2548600PE.NFO,2025-05-20,12:10:00,2025-07-31,1930.0,1930.0,1930.0,1930.0,0,0,1
BANKNIFTY31JUL2548600PE.NFO,2025-05-20,12:11:00,2025-07-31,1930.0,1930.0,1930.0,1930.0,0,0,1
BANKNIFTY31JUL2548600PE.NFO,2025-05-20,12:12:00,2025-07-31,1930.0,1930.0,1930.0,1930.0,0,0,1
BANKNIFTY31JUL2548600PE.NFO,2025-05-20,12:13:00,2025-07-31,1930.0,1930.0,1930.0,1930.0,0,0,1
BANKNIFTY31JUL2548600PE.NFO,2025-05-20,12:14:00,2025-07-31,1930.0,1930.0,1930.0,1930.0,0,0,1
BANKNIFTY31JUL2548600PE.NFO,2025-05-20,12:15:00,2025-07-31,1930.0,1930.0,1930.0,1930.0,0,0,1
BANKNIFTY31JUL2548600PE.NFO,2025-05-20,12:16:00,2025-07-31,1930.0,1930.0,1930.0,1930.0,0,0,1
BANKNIFTY31JUL2548600PE.NFO,2025-05-20,12:17:00,2025-07-31,1930.0,1930.0,1930.0,1930.0,0,0,1
BANKNIFTY31JUL2548600PE.NFO,2025-05-20,12:18:00,2025-07-31,1930.0,1930.0,1930.0,1930.0,0,0,1
BANKNIFTY31JUL2548600PE.NFO,2025-05-20,12:19:00,2025-07-31,1930.0,1930.0,1930.0,1930.0,0,0,1
BANKNIFTY31JUL2548600PE.NFO,2025-05-20,12:20:00,2025-07-31,1930.0,1930.0,1930.0,1930.0,0,0,1
BANKNIFTY31JUL2548600PE.NFO,2025-05-20,12:21:00,2025-07-31,1930.0,1930.0,1930.0,1930.0,0,0,1
BANKNIFTY31JUL2548600PE.NFO,2025-05-20,12:22:00,2025-07-31,1930.0,1930.0,1930.0,1930.0,0,0,1
BANKNIFTY31JUL2548600PE.NFO,2025-05-20,12:23:00,2025-07-31,1930.0,1930.0,1930.0,1930.0,0,0,1
BANKNIFTY31JUL2548600PE.NFO,2025-05-20,12:24:00,2025-07-31,1930.0,1930.0,1930.0,1930.0,0,0,1
BANKNIFTY31JUL2548600PE.NFO,2025-05-20,12:25:00,2025-07-31,1930.0,1930.0,1930.0,1930.0,0,0,1
BANKNIFTY31JUL2548600PE.NFO,2025-05-20,12:26:00,2025-07-31,1930.0,1930.0,1930.0,1930.0,0,0,1
BANKNIFTY31JUL2548600PE.NFO,2025-05-20,12:27:00,2025-07-31,1930.0,1930.0,1930.0,1930.0,0,0,1
BANKNIFTY31JUL2548600PE.NFO,2025-05-20,12:28:00,2025-07-31,1930.0,1930.0,1930.0,1930.0,0,0,1
BANKNIFTY31JUL2548600PE.NFO,2025-05-20,12:29:00,2025-07-31,1930.0,1930.0,1930.0,1930.0,0,0,1
BANKNIFTY31JUL2548600PE.NFO,2025-05-20,12:30:00,2025-07-31,1930.0,1930.0,1930.0,1930.0,0,0,1
BANKNIFTY31JUL2548600PE.NFO,2025-05-20,12:31:00,2025-07-31,1930.0,1930.0,1930.0,1930.0,0,0,1
BANKNIFTY31JUL2548600PE.NFO,2025-05-20,12:32:00,2025-07-31,1930.0,1930.0,1930.0,1930.0,0,0,1
BANKNIFTY31JUL2548600PE.NFO,2025-05-20,12:33:00,2025-07-31,1930.0,1930.0,1930.0,1930.0,0,0,1
BANKNIFTY31JUL2548600PE.NFO,2025-05-20,12:34:00,2025-07-31,1930.0,1930.0,1930.0,1930.0,0,0,1
BANKNIFTY31JUL2548600PE.NFO,2025-05-20,12:35:00,2025-07-31,1930.0,1930.0,1930.0,1930.0,0,0,1
BANKNIFTY31JUL2548600PE.NFO,2025-05-20,12:36:00,2025-07-31,1930.0,1930.0,1930.0,1930.0,0,0,1
BANKNIFTY31JUL2548600PE.NFO,2025-05-20,12:37:00,2025-07-31,1930.0,1930.0,1930.0,1930.0,0,0,1
BANKNIFTY31JUL2548600PE.NFO,2025-05-20,12:38:00,2025-07-31,1930.0,1930.0,1930.0,1930.0,0,0,1
BANKNIFTY31JUL2548600PE.NFO,2025-05-20,12:39:00,2025-07-31,1930.0,1930.0,1930.0,1930.0,0,0,1
BANKNIFTY31JUL2548600PE.NFO,2025-05-20,12:40:00,2025-07-31,1930.0,1930.0,1930.0,1930.0,0,0,1
BANKNIFTY31JUL2548600PE.NFO,2025-05-20,12:41:00,2025-07-31,1930.0,1930.0,1930.0,1930.0,0,0,1
BANKNIFTY31JUL2548600PE.NFO,2025-05-20,12:42:00,2025-07-31,1930.0,1930.0,1930.0,1930.0,0,0,1
BANKNIFTY31JUL2548600PE.NFO,2025-05-20,12:43:00,2025-07-31,1930.0,1930.0,1930.0,1930.0,0,0,1
BANKNIFTY31JUL2548600PE.NFO,2025-05-20,12:44:00,2025-07-31,1930.0,1930.0,1930.0,1930.0,0,0,1
BANKNIFTY31JUL2548600PE.NFO,2025-05-20,12:45:00,2025-07-31,1930.0,1930.0,1930.0,1930.0,0,0,1
BANKNIFTY31JUL2548600PE.NFO,2025-05-20,12:46:00,2025-07-31,1930.0,1930.0,1930.0,1930.0,0,0,1
BANKNIFTY31JUL2548600PE.NFO,2025-05-20,12:47:00,2025-07-31,1930.0,1930.0,1930.0,1930.0,0,0,1
BANKNIFTY31JUL2548600PE.NFO,2025-05-20,12:48:00,2025-07-31,1930.0,1930.0,1930.0,1930.0,0,0,1
BANKNIFTY31JUL2548600PE.NFO,2025-05-20,12:49:00,2025-07-31,1930.0,1930.0,1930.0,1930.0,0,0,1
BANKNIFTY31JUL2548600PE.NFO,2025-05-20,12:50:00,2025-07-31,1930.0,1930.0,1930.0,1930.0,0,0,1
BANKNIFTY31JUL2548600PE.NFO,2025-05-20,12:51:00,2025-07-31,1930.0,1930.0,1930.0,1930.0,0,0,1
BANKNIFTY31JUL2548600PE.NFO,2025-05-20,12:52:00,2025-07-31,1930.0,1930.0,1930.0,1930.0,0,0,1
BANKNIFTY31JUL2548600PE.NFO,2025-05-20,12:53:00,2025-07-31,1930.0,1930.0,1930.0,1930.0,0,0,1
BANKNIFTY31JUL2548600PE.NFO,2025-05-20,12:54:00,2025-07-31,1930.0,1930.0,1930.0,1930.0,0,0,1
BANKNIFTY31JUL2548600PE.NFO,2025-05-20,12:55:00,2025-07-31,1930.0,1930.0,1930.0,1930.0,0,0,1
BANKNIFTY31JUL2548600PE.NFO,2025-05-20,12:56:00,2025-07-31,1930.0,1930.0,1930.0,1930.0,0,0,1
BANKNIFTY31JUL2548600PE.NFO,2025-05-20,12:57:00,2025-07-31,1930.0,1930.0,1930.0,1930.0,0,0,1
BANKNIFTY31JUL2548600PE.NFO,2025-05-20,12:58:00,2025-07-31,1930.0,1930.0,1930.0,1930.0,0,0,1
BANKNIFTY31JUL2548600PE.NFO,2025-05-20,12:59:00,2025-07-31,1930.0,1930.0,1930.0,1930.0,0,0,1
BANKNIFTY31JUL2548600PE.NFO,2025-05-20,13:00:00,2025-07-31,1930.0,1930.0,1930.0,1930.0,0,0,1
BANKNIFTY31JUL2548600PE.NFO,2025-05-20,13:01:00,2025-07-31,1930.0,1930.0,1930.0,1930.0,0,0,1
BANKNIFTY31JUL2548600PE.NFO,2025-05-20,13:02:00,2025-07-31,1930.0,1930.0,1930.0,1930.0,0,0,1
BANKNIFTY31JUL2548600PE.NFO,2025-05-20,13:03:00,2025-07-31,1930.0,1930.0,1930.0,1930.0,0,0,1
BANKNIFTY31JUL2548600PE.NFO,2025-05-20,13:04:00,2025-07-31,1930.0,1930.0,1930.0,1930.0,0,0,1
BANKNIFTY31JUL2548600PE.NFO,2025-05-20,13:05:00,2025-07-31,1930.0,1930.0,1930.0,1930.0,0,0,1
BANKNIFTY31JUL2548600PE.NFO,2025-05-20,13:06:00,2025-07-31,1930.0,1930.0,1930.0,1930.0,0,0,1
BANKNIFTY31JUL2548600PE.NFO,2025-05-20,13:07:00,2025-07-31,1930.0,1930.0,1930.0,1930.0,0,0,1
BANKNIFTY31JUL2548600PE.NFO,2025-05-20,13:08:00,2025-07-31,1930.0,1930.0,1930.0,1930.0,0,0,1
BANKNIFTY31JUL2548600PE.NFO,2025-05-20,13:09:00,2025-07-31,1930.0,1930.0,1930.0,1930.0,0,0,1
BANKNIFTY31JUL2548600PE.NFO,2025-05-20,13:10:00,2025-07-31,1930.0,1930.0,1930.0,1930.0,0,0,1
BANKNIFTY31JUL2548600PE.NFO,2025-05-20,13:11:00,2025-07-31,1930.0,1930.0,1930.0,1930.0,0,0,1
BANKNIFTY31JUL2548600PE.NFO,2025-05-20,13:12:00,2025-07-31,1930.0,1930.0,1930.0,1930.0,0,0,1
BANKNIFTY31JUL2548600PE.NFO,2025-05-20,13:13:00,2025-07-31,1930.0,1930.0,1930.0,1930.0,0,0,1
BANKNIFTY31JUL2548600PE.NFO,2025-05-20,13:14:00,2025-07-31,1930.0,1930.0,1930.0,1930.0,0,0,1
BANKNIFTY31JUL2548600PE.NFO,2025-05-20,13:15:00,2025-07-31,1930.0,1930.0,1930.0,1930.0,0,0,1
BANKNIFTY31JUL2548600PE.NFO,2025-05-20,13:16:00,2025-07-31,1930.0,1930.0,1930.0,1930.0,0,0,1
BANKNIFTY31JUL2548600PE.NFO,2025-05-20,13:17:00,2025-07-31,1930.0,1930.0,1930.0,1930.0,0,0,1
BANKNIFTY31JUL2548600PE.NFO,2025-05-20,13:18:00,2025-07-31,1930.0,1930.0,1930.0,1930.0,0,0,1
BANKNIFTY31JUL2548600PE.NFO,2025-05-20,13:19:00,2025-07-31,1930.0,1930.0,1930.0,1930.0,0,0,1
BANKNIFTY31JUL2548600PE.NFO,2025-05-20,13:20:00,2025-07-31,1930.0,1930.0,1930.0,1930.0,0,0,1
BANKNIFTY31JUL2548600PE.NFO,2025-05-20,13:21:00,2025-07-31,1930.0,1930.0,1930.0,1930.0,0,0,1
BANKNIFTY31JUL2548600PE.NFO,2025-05-20,13:22:00,2025-07-31,1930.0,1930.0,1930.0,1930.0,0,0,1
BANKNIFTY31JUL2548600PE.NFO,2025-05-20,13:23:00,2025-07-31,1930.0,1930.0,1930.0,1930.0,0,0,1
BANKNIFTY31JUL2548600PE.NFO,2025-05-20,13:24:00,2025-07-31,1930.0,1930.0,1930.0,1930.0,0,0,1
BANKNIFTY31JUL2548600PE.NFO,2025-05-20,13:25:00,2025-07-31,1930.0,1930.0,1930.0,1930.0,0,0,1
BANKNIFTY31JUL2548600PE.NFO,2025-05-20,13:26:00,2025-07-31,1930.0,1930.0,1930.0,1930.0,0,0,1
BANKNIFTY31JUL2548600PE.NFO,2025-05-20,13:27:00,2025-07-31,1930.0,1930.0,1930.0,1930.0,0,0,1
BANKNIFTY31JUL2548600PE.NFO,2025-05-20,13:28:00,2025-07-31,1930.0,1930.0,1930.0,1930.0,0,0,1
BANKNIFTY31JUL2548600PE.NFO,2025-05-20,13:29:00,2025-07-31,1930.0,1930.0,1930.0,1930.0,0,0,1
BANKNIFTY31JUL2548600PE.NFO,2025-05-20,13:30:00,2025-07-31,1930.0,1930.0,1930.0,1930.0,0,0,1
BANKNIFTY31JUL2548600PE.NFO,2025-05-20,13:31:00,2025-07-31,1930.0,1930.0,1930.0,1930.0,0,0,1
BANKNIFTY31JUL2548600PE.NFO,2025-05-20,13:32:00,2025-07-31,1930.0,1930.0,1930.0,1930.0,0,0,1
BANKNIFTY31JUL2548600PE.NFO,2025-05-20,13:33:00,2025-07-31,1930.0,1930.0,1930.0,1930.0,0,0,1
BANKNIFTY31JUL2548600PE.NFO,2025-05-20,13:34:00,2025-07-31,1930.0,1930.0,1930.0,1930.0,0,0,1
BANKNIFTY31JUL2548600PE.NFO,2025-05-20,13:35:00,2025-07-31,1930.0,1930.0,1930.0,1930.0,0,0,1
BANKNIFTY31JUL2548600PE.NFO,2025-05-20,13:36:00,2025-07-31,1930.0,1930.0,1930.0,1930.0,0,0,1
BANKNIFTY31JUL2548600PE.NFO,2025-05-20,13:37:00,2025-07-31,1930.0,1930.0,1930.0,1930.0,0,0,1
BANKNIFTY31JUL2548600PE.NFO,2025-05-20,13:38:00,2025-07-31,1930.0,1930.0,1930.0,1930.0,0,0,1
BANKNIFTY31JUL2548600PE.NFO,2025-05-20,13:39:00,2025-07-31,1930.0,1930.0,1930.0,1930.0,0,0,1
BANKNIFTY31JUL2548600PE.NFO,2025-05-20,13:40:00,2025-07-31,1930.0,1930.0,1930.0,1930.0,0,0,1
BANKNIFTY31JUL2548600PE.NFO,2025-05-20,13:41:00,2025-07-31,1930.0,1930.0,1930.0,1930.0,0,0,1
BANKNIFTY31JUL2548600PE.NFO,2025-05-20,13:42:00,2025-07-31,1930.0,1930.0,1930.0,1930.0,0,0,1
BANKNIFTY31JUL2548600PE.NFO,2025-05-20,13:43:00,2025-07-31,1930.0,1930.0,1930.0,1930.0,0,0,1
BANKNIFTY31JUL2548600PE.NFO,2025-05-20,13:44:00,2025-07-31,1930.0,1930.0,1930.0,1930.0,0,0,1
BANKNIFTY31JUL2548600PE.NFO,2025-05-20,13:45:00,2025-07-31,1930.0,1930.0,1930.0,1930.0,0,0,1
BANKNIFTY31JUL2548600PE.NFO,2025-05-20,13:46:00,2025-07-31,1930.0,1930.0,1930.0,1930.0,0,0,1
BANKNIFTY31JUL2548600PE.NFO,2025-05-20,13:47:00,2025-07-31,1930.0,1930.0,1930.0,1930.0,0,0,1
BANKNIFTY31JUL2548600PE.NFO,2025-05-20,13:48:00,2025-07-31,1930.0,1930.0,1930.0,1930.0,0,0,1
BANKNIFTY31JUL2548600PE.NFO,2025-05-20,13:49:00,2025-07-31,1930.0,1930.0,1930.0,1930.0,0,0,1
BANKNIFTY31JUL2548600PE.NFO,2025-05-20,13:50:00,2025-07-31,1930.0,1930.0,1930.0,1930.0,0,0,1
BANKNIFTY31JUL2548600PE.NFO,2025-05-20,13:51:00,2025-07-31,1930.0,1930.0,1930.0,1930.0,0,0,1
BANKNIFTY31JUL2548600PE.NFO,2025-05-20,13:52:00,2025-07-31,1930.0,1930.0,1930.0,1930.0,0,0,1
BANKNIFTY31JUL2548600PE.NFO,2025-05-20,13:53:00,2025-07-31,1930.0,1930.0,1930.0,1930.0,0,0,1
BANKNIFTY31JUL2548600PE.NFO,2025-05-20,13:54:00,2025-07-31,1930.0,1930.0,1930.0,1930.0,0,0,1
BANKNIFTY31JUL2548600PE.NFO,2025-05-20,13:55:00,2025-07-31,1930.0,1930.0,1930.0,1930.0,0,0,1
BANKNIFTY31JUL2548600PE.NFO,2025-05-20,13:56:00,2025-07-31,1930.0,1930.0,1930.0,1930.0,0,0,1
BANKNIFTY31JUL2548600PE.NFO,2025-05-20,13:57:00,2025-07-31,1930.0,1930.0,1930.0,1930.0,0,0,1
BANKNIFTY31JUL2548600PE.NFO,2025-05-20,13:58:00,2025-07-31,1930.0,1930.0,1930.0,1930.0,0,0,1
BANKNIFTY31JUL2548600PE.NFO,2025-05-20,13:59:00,2025-07-31,1930.0,1930.0,1930.0,1930.0,0,0,1
BANKNIFTY31JUL2548600PE.NFO,2025-05-20,14:00:00,2025-07-31,1930.0,1930.0,1930.0,1930.0,0,0,1
BANKNIFTY31JUL2548600PE.NFO,2025-05-20,14:01:00,2025-07-31,1930.0,1930.0,1930.0,1930.0,0,0,1
BANKNIFTY31JUL2548600PE.NFO,2025-05-20,14:02:00,2025-07-31,1930.0,1930.0,1930.0,1930.0,0,0,1
BANKNIFTY31JUL2548600PE.NFO,2025-05-20,14:03:00,2025-07-31,1930.0,1930.0,1930.0,1930.0,0,0,1
BANKNIFTY31JUL2548600PE.NFO,2025-05-20,14:04:00,2025-07-31,1930.0,1930.0,1930.0,1930.0,0,0,1
BANKNIFTY31JUL2548600PE.NFO,2025-05-20,14:05:00,2025-07-31,1930.0,1930.0,1930.0,1930.0,0,0,1
BANKNIFTY31JUL2548600PE.NFO,2025-05-20,14:06:00,2025-07-31,1930.0,1930.0,1930.0,1930.0,0,0,1
BANKNIFTY31JUL2548600PE.NFO,2025-05-20,14:07:00,2025-07-31,1930.0,1930.0,1930.0,1930.0,0,0,1
BANKNIFTY31JUL2548600PE.NFO,2025-05-20,14:08:00,2025-07-31,1930.0,1930.0,1930.0,1930.0,0,0,1
BANKNIFTY31JUL2548600PE.NFO,2025-05-20,14:09:00,2025-07-31,1930.0,1930.0,1930.0,1930.0,0,0,1
BANKNIFTY31JUL2548600PE.NFO,2025-05-20,14:10:00,2025-07-31,1930.0,1930.0,1930.0,1930.0,0,0,1
BANKNIFTY31JUL2548600PE.NFO,2025-05-20,14:11:00,2025-07-31,1930.0,1930.0,1930.0,1930.0,0,0,1
BANKNIFTY31JUL2548600PE.NFO,2025-05-20,14:12:00,2025-07-31,1930.0,1930.0,1930.0,1930.0,0,0,1
BANKNIFTY31JUL2548600PE.NFO,2025-05-20,14:13:00,2025-07-31,1930.0,1930.0,1930.0,1930.0,0,0,1
BANKNIFTY31JUL2548600PE.NFO,2025-05-20,14:14:00,2025-07-31,1930.0,1930.0,1930.0,1930.0,0,0,1
BANKNIFTY31JUL2548600PE.NFO,2025-05-20,14:15:00,2025-07-31,1930.0,1930.0,1930.0,1930.0,0,0,1
BANKNIFTY31JUL2548600PE.NFO,2025-05-20,14:16:00,2025-07-31,1930.0,1930.0,1930.0,1930.0,0,0,1
BANKNIFTY31JUL2548600PE.NFO,2025-05-20,14:17:00,2025-07-31,1930.0,1930.0,1930.0,1930.0,0,0,1
BANKNIFTY31JUL2548600PE.NFO,2025-05-20,14:18:00,2025-07-31,1930.0,1930.0,1930.0,1930.0,0,0,1
BANKNIFTY31JUL2548600PE.NFO,2025-05-20,14:19:00,2025-07-31,1930.0,1930.0,1930.0,1930.0,0,0,1
BANKNIFTY31JUL2548600PE.NFO,2025-05-20,14:20:00,2025-07-31,1930.0,1930.0,1930.0,1930.0,0,0,1
BANKNIFTY31JUL2548600PE.NFO,2025-05-20,14:21:00,2025-07-31,1930.0,1930.0,1930.0,1930.0,0,0,1
BANKNIFTY31JUL2548600PE.NFO,2025-05-20,14:22:00,2025-07-31,1930.0,1930.0,1930.0,1930.0,0,0,1
BANKNIFTY31JUL2548600PE.NFO,2025-05-20,14:23:00,2025-07-31,1930.0,1930.0,1930.0,1930.0,0,0,1
BANKNIFTY31JUL2548600PE.NFO,2025-05-20,14:24:00,2025-07-31,1930.0,1930.0,1930.0,1930.0,0,0,1
BANKNIFTY31JUL2548600PE.NFO,2025-05-20,14:25:00,2025-07-31,1930.0,1930.0,1930.0,1930.0,0,0,1
BANKNIFTY31JUL2548600PE.NFO,2025-05-20,14:26:00,2025-07-31,1930.0,1930.0,1930.0,1930.0,0,0,1
BANKNIFTY31JUL2548600PE.NFO,2025-05-20,14:27:00,2025-07-31,1930.0,1930.0,1930.0,1930.0,0,0,1
BANKNIFTY31JUL2548600PE.NFO,2025-05-20,14:28:00,2025-07-31,1930.0,1930.0,1930.0,1930.0,0,0,1
BANKNIFTY31JUL2548600PE.NFO,2025-05-20,14:29:00,2025-07-31,1930.0,1930.0,1930.0,1930.0,0,0,1
BANKNIFTY31JUL2548600PE.NFO,2025-05-20,14:30:00,2025-07-31,1930.0,1930.0,1930.0,1930.0,0,0,1
BANKNIFTY31JUL2548600PE.NFO,2025-05-20,14:31:00,2025-07-31,1930.0,1930.0,1930.0,1930.0,0,0,1
BANKNIFTY31JUL2548600PE.NFO,2025-05-20,14:32:00,2025-07-31,1930.0,1930.0,1930.0,1930.0,0,0,1
BANKNIFTY31JUL2548600PE.NFO,2025-05-20,14:33:00,2025-07-31,1930.0,1930.0,1930.0,1930.0,0,0,1
BANKNIFTY31JUL2548600PE.NFO,2025-05-20,14:34:00,2025-07-31,1930.0,1930.0,1930.0,1930.0,0,0,1
BANKNIFTY31JUL2548600PE.NFO,2025-05-20,14:35:00,2025-07-31,1930.0,1930.0,1930.0,1930.0,0,0,1
BANKNIFTY31JUL2548600PE.NFO,2025-05-20,14:36:00,2025-07-31,1930.0,1930.0,1930.0,1930.0,0,0,1
BANKNIFTY31JUL2548600PE.NFO,2025-05-20,14:37:00,2025-07-31,1930.0,1930.0,1930.0,1930.0,0,0,1
BANKNIFTY31JUL2548600PE.NFO,2025-05-20,14:38:00,2025-07-31,1930.0,1930.0,1930.0,1930.0,0,0,1
BANKNIFTY31JUL2548600PE.NFO,2025-05-20,14:39:00,2025-07-31,1930.0,1930.0,1930.0,1930.0,0,0,1
BANKNIFTY31JUL2548600PE.NFO,2025-05-20,14:40:00,2025-07-31,1930.0,1930.0,1930.0,1930.0,0,0,1
BANKNIFTY31JUL2548600PE.NFO,2025-05-20,14:41:00,2025-07-31,1930.0,1930.0,1930.0,1930.0,0,0,1
BANKNIFTY31JUL2548600PE.NFO,2025-05-20,14:42:00,2025-07-31,1930.0,1930.0,1930.0,1930.0,0,0,1
BANKNIFTY31JUL2548600PE.NFO,2025-05-20,14:43:00,2025-07-31,1930.0,1930.0,1930.0,1930.0,0,0,1
BANKNIFTY31JUL2548600PE.NFO,2025-05-20,14:44:00,2025-07-31,1930.0,1930.0,1930.0,1930.0,0,0,1
BANKNIFTY31JUL2548600PE.NFO,2025-05-20,14:45:00,2025-07-31,1930.0,1930.0,1930.0,1930.0,0,0,1
BANKNIFTY31JUL2548600PE.NFO,2025-05-20,14:46:00,2025-07-31,1930.0,1930.0,1930.0,1930.0,0,0,1
BANKNIFTY31JUL2548600PE.NFO,2025-05-20,14:47:00,2025-07-31,1930.0,1930.0,1930.0,1930.0,0,0,1
BANKNIFTY31JUL2548600PE.NFO,2025-05-20,14:48:00,2025-07-31,1930.0,1930.0,1930.0,1930.0,0,0,1
BANKNIFTY31JUL2548600PE.NFO,2025-05-20,14:49:00,2025-07-31,1930.0,1930.0,1930.0,1930.0,0,0,1
BANKNIFTY31JUL2548600PE.NFO,2025-05-20,14:50:00,2025-07-31,1930.0,1930.0,1930.0,1930.0,0,0,1
BANKNIFTY31JUL2548600PE.NFO,2025-05-20,14:51:00,2025-07-31,1930.0,1930.0,1930.0,1930.0,0,0,1
BANKNIFTY31JUL2548600PE.NFO,2025-05-20,14:52:00,2025-07-31,1930.0,1930.0,1930.0,1930.0,0,0,1
BANKNIFTY31JUL2548600PE.NFO,2025-05-20,14:53:00,2025-07-31,1930.0,1930.0,1930.0,1930.0,0,0,1
BANKNIFTY31JUL2548600PE.NFO,2025-05-20,14:54:00,2025-07-31,1930.0,1930.0,1930.0,1930.0,0,0,1
BANKNIFTY31JUL2548600PE.NFO,2025-05-20,14:55:00,2025-07-31,1930.0,1930.0,1930.0,1930.0,0,0,1
BANKNIFTY31JUL2548600PE.NFO,2025-05-20,14:56:00,2025-07-31,1930.0,1930.0,1930.0,1930.0,0,0,1
BANKNIFTY31JUL2548600PE.NFO,2025-05-20,14:57:00,2025-07-31,1930.0,1930.0,1930.0,1930.0,0,0,1
BANKNIFTY31JUL2548600PE.NFO,2025-05-20,14:58:00,2025-07-31,1930.0,1930.0,1930.0,1930.0,0,0,1
BANKNIFTY31JUL2548600PE.NFO,2025-05-20,14:59:00,2025-07-31,1930.0,1930.0,1930.0,1930.0,0,0,1
BANKNIFTY31JUL2548600PE.NFO,2025-05-20,15:00:00,2025-07-31,1930.0,1930.0,1930.0,1930.0,0,0,1
BANKNIFTY31JUL2548600PE.NFO,2025-05-20,15:01:00,2025-07-31,1930.0,1930.0,1930.0,1930.0,0,0,1
BANKNIFTY31JUL2548600PE.NFO,2025-05-20,15:02:00,2025-07-31,1930.0,1930.0,1930.0,1930.0,0,0,1
BANKNIFTY31JUL2548600PE.NFO,2025-05-20,15:03:00,2025-07-31,1930.0,1930.0,1930.0,1930.0,0,0,1
BANKNIFTY31JUL2548600PE.NFO,2025-05-20,15:04:00,2025-07-31,1930.0,1930.0,1930.0,1930.0,0,0,1
BANKNIFTY31JUL2548600PE.NFO,2025-05-20,15:05:00,2025-07-31,1930.0,1930.0,1930.0,1930.0,0,0,1
BANKNIFTY31JUL2548600PE.NFO,2025-05-20,15:06:00,2025-07-31,1930.0,1930.0,1930.0,1930.0,0,0,1
BANKNIFTY31JUL2548600PE.NFO,2025-05-20,15:07:00,2025-07-31,1930.0,1930.0,1930.0,1930.0,0,0,1
BANKNIFTY31JUL2548600PE.NFO,2025-05-20,15:08:00,2025-07-31,1930.0,1930.0,1930.0,1930.0,0,0,1
BANKNIFTY31JUL2548600PE.NFO,2025-05-20,15:09:00,2025-07-31,1930.0,1930.0,1930.0,1930.0,0,0,1
BANKNIFTY31JUL2548600PE.NFO,2025-05-20,15:10:00,2025-07-31,1930.0,1930.0,1930.0,1930.0,0,0,1
BANKNIFTY31JUL2548600PE.NFO,2025-05-20,15:11:00,2025-07-31,1930.0,1930.0,1930.0,1930.0,0,0,1
BANKNIFTY31JUL2548600PE.NFO,2025-05-20,15:12:00,2025-07-31,1930.0,1930.0,1930.0,1930.0,0,0,1
BANKNIFTY31JUL2548600PE.NFO,2025-05-20,15:13:00,2025-07-31,1930.0,1930.0,1930.0,1930.0,0,0,1
BANKNIFTY31JUL2548600PE.NFO,2025-05-20,15:14:00,2025-07-31,1930.0,1930.0,1930.0,1930.0,0,0,1
BANKNIFTY31JUL2548600PE.NFO,2025-05-20,15:15:00,2025-07-31,1930.0,1930.0,1930.0,1930.0,0,0,1
BANKNIFTY31JUL2548600PE.NFO,2025-05-20,15:16:00,2025-07-31,1930.0,1930.0,1930.0,1930.0,0,0,1
BANKNIFTY31JUL2548600PE.NFO,2025-05-20,15:17:00,2025-07-31,1930.0,1930.0,1930.0,1930.0,0,0,1
BANKNIFTY31JUL2548600PE.NFO,2025-05-20,15:18:00,2025-07-31,1930.0,1930.0,1930.0,1930.0,0,0,1
BANKNIFTY31JUL2548600PE.NFO,2025-05-20,15:19:00,2025-07-31,1930.0,1930.0,1930.0,1930.0,0,0,1
BANKNIFTY31JUL2548600PE.NFO,2025-05-20,15:20:00,2025-07-31,1930.0,1930.0,1930.0,1930.0,0,0,1
BANKNIFTY31JUL2548600PE.NFO,2025-05-20,15:21:00,2025-07-31,1930.0,1930.0,1930.0,1930.0,0,0,1
BANKNIFTY31JUL2548600PE.NFO,2025-05-20,15:22:00,2025-07-31,1930.0,1930.0,1930.0,1930.0,0,0,1
BANKNIFTY31JUL2548600PE.NFO,2025-05-20,15:23:00,2025-07-31,1930.0,1930.0,1930.0,1930.0,0,0,1
BANKNIFTY31JUL2548600PE.NFO,2025-05-20,15:24:00,2025-07-31,1930.0,1930.0,1930.0,1930.0,0,0,1
BANKNIFTY31JUL2548600PE.NFO,2025-05-20,15:25:00,2025-07-31,1930.0,1930.0,1930.0,1930.0,0,0,1
BANKNIFTY31JUL2548600PE.NFO,2025-05-20,15:26:00,2025-07-31,1930.0,1930.0,1930.0,1930.0,0,0,1
BANKNIFTY31JUL2548600PE.NFO,2025-05-20,15:27:00,2025-07-31,1930.0,1930.0,1930.0,1930.0,0,0,1
BANKNIFTY31JUL2548600PE.NFO,2025-05-20,15:28:00,2025-07-31,1930.0,1930.0,1930.0,1930.0,0,0,1
BANKNIFTY31JUL2548600PE.NFO,2025-05-20,15:29:00,2025-07-31,1930.0,1930.0,1930.0,1930.0,0,0,1
BANKNIFTY31JUL2548600PE.NFO,2025-05-20,15:30:00,2025-07-31,1930.0,1930.0,1930.0,1930.0,0,0,1
BANKNIFTY31JUL2548600PE.NFO,2025-05-21,09:15:00,2025-07-31,1930.0,1930.0,1930.0,1930.0,0,0,0
BANKNIFTY31JUL2548600PE.NFO,2025-05-21,09:16:00,2025-07-31,1930.0,1930.0,1930.0,1930.0,0,0,1
BANKNIFTY31JUL2548600PE.NFO,2025-05-21,09:17:00,2025-07-31,1930.0,1930.0,1930.0,1930.0,0,0,1
BANKNIFTY31JUL2548600PE.NFO,2025-05-21,09:18:00,2025-07-31,1930.0,1930.0,1930.0,1930.0,0,0,1
BANKNIFTY31JUL2548600PE.NFO,2025-05-21,09:19:00,2025-07-31,1930.0,1930.0,1930.0,1930.0,0,0,1
BANKNIFTY31JUL2548600PE.NFO,2025-05-21,09:20:00,2025-07-31,1930.0,1930.0,1930.0,1930.0,0,0,1
BANKNIFTY31JUL2548600PE.NFO,2025-05-21,09:21:00,2025-07-31,1930.0,1930.0,1930.0,1930.0,0,0,1
BANKNIFTY31JUL2548600PE.NFO,2025-05-21,09:22:00,2025-07-31,1930.0,1930.0,1930.0,1930.0,0,0,1
BANKNIFTY31JUL2548600PE.NFO,2025-05-21,09:23:00,2025-07-31,1930.0,1930.0,1930.0,1930.0,0,0,1
BANKNIFTY31JUL2548600PE.NFO,2025-05-21,09:24:00,2025-07-31,1930.0,1930.0,1930.0,1930.0,0,0,1
BANKNIFTY31JUL2548600PE.NFO,2025-05-21,09:25:00,2025-07-31,1930.0,1930.0,1930.0,1930.0,0,0,1
BANKNIFTY31JUL2548600PE.NFO,2025-05-21,09:26:00,2025-07-31,1930.0,1930.0,1930.0,1930.0,0,0,1
BANKNIFTY31JUL2548600PE.NFO,2025-05-21,09:27:00,2025-07-31,1930.0,1930.0,1930.0,1930.0,0,0,1
BANKNIFTY31JUL2548600PE.NFO,2025-05-21,09:28:00,2025-07-31,1930.0,1930.0,1930.0,1930.0,0,0,1
BANKNIFTY31JUL2548600PE.NFO,2025-05-21,09:29:00,2025-07-31,1930.0,1930.0,1930.0,1930.0,0,0,1
BANKNIFTY31JUL2548600PE.NFO,2025-05-21,09:30:00,2025-07-31,1930.0,1930.0,1930.0,1930.0,0,0,1
BANKNIFTY31JUL2548600PE.NFO,2025-05-21,09:31:00,2025-07-31,1930.0,1930.0,1930.0,1930.0,0,0,1
BANKNIFTY31JUL2548600PE.NFO,2025-05-21,09:32:00,2025-07-31,1930.0,1930.0,1930.0,1930.0,0,0,1
BANKNIFTY31JUL2548600PE.NFO,2025-05-21,09:33:00,2025-07-31,1930.0,1930.0,1930.0,1930.0,0,0,1
BANKNIFTY31JUL2548600PE.NFO,2025-05-21,09:34:00,2025-07-31,1930.0,1930.0,1930.0,1930.0,0,0,1
BANKNIFTY31JUL2548600PE.NFO,2025-05-21,09:35:00,2025-07-31,1930.0,1930.0,1930.0,1930.0,0,0,1
BANKNIFTY31JUL2548600PE.NFO,2025-05-21,09:36:00,2025-07-31,1930.0,1930.0,1930.0,1930.0,0,0,1
BANKNIFTY31JUL2548600PE.NFO,2025-05-21,09:37:00,2025-07-31,1930.0,1930.0,1930.0,1930.0,0,0,1
BANKNIFTY31JUL2548600PE.NFO,2025-05-21,09:38:00,2025-07-31,1930.0,1930.0,1930.0,1930.0,0,0,1
BANKNIFTY31JUL2548600PE.NFO,2025-05-21,09:39:00,2025-07-31,1930.0,1930.0,1930.0,1930.0,0,0,1
BANKNIFTY31JUL2548600PE.NFO,2025-05-21,09:40:00,2025-07-31,1930.0,1930.0,1930.0,1930.0,0,0,1
BANKNIFTY31JUL2548600PE.NFO,2025-05-21,09:41:00,2025-07-31,1930.0,1930.0,1930.0,1930.0,0,0,1
BANKNIFTY31JUL2548600PE.NFO,2025-05-21,09:42:00,2025-07-31,1930.0,1930.0,1930.0,1930.0,0,0,1
BANKNIFTY31JUL2548600PE.NFO,2025-05-21,09:43:00,2025-07-31,1930.0,1930.0,1930.0,1930.0,0,0,1
BANKNIFTY31JUL2548600PE.NFO,2025-05-21,09:44:00,2025-07-31,1930.0,1930.0,1930.0,1930.0,0,0,1
BANKNIFTY31JUL2548600PE.NFO,2025-05-21,09:45:00,2025-07-31,1930.0,1930.0,1930.0,1930.0,0,0,1
BANKNIFTY31JUL2548600PE.NFO,2025-05-21,09:46:00,2025-07-31,1930.0,1930.0,1930.0,1930.0,0,0,1
BANKNIFTY31JUL2548600PE.NFO,2025-05-21,09:47:00,2025-07-31,1930.0,1930.0,1930.0,1930.0,0,0,1
BANKNIFTY31JUL2548600PE.NFO,2025-05-21,09:48:00,2025-07-31,1930.0,1930.0,1930.0,1930.0,0,0,1
BANKNIFTY31JUL2548600PE.NFO,2025-05-21,09:49:00,2025-07-31,1930.0,1930.0,1930.0,1930.0,0,0,1
BANKNIFTY31JUL2548600PE.NFO,2025-05-21,09:50:00,2025-07-31,1930.0,1930.0,1930.0,1930.0,0,0,1
BANKNIFTY31JUL2548600PE.NFO,2025-05-21,09:51:00,2025-07-31,1930.0,1930.0,1930.0,1930.0,0,0,1
BANKNIFTY31JUL2548600PE.NFO,2025-05-21,09:52:00,2025-07-31,1930.0,1930.0,1930.0,1930.0,0,0,1
BANKNIFTY31JUL2548600PE.NFO,2025-05-21,09:53:00,2025-07-31,1930.0,1930.0,1930.0,1930.0,0,0,1
BANKNIFTY31JUL2548600PE.NFO,2025-05-21,09:54:00,2025-07-31,1930.0,1930.0,1930.0,1930.0,0,0,1
BANKNIFTY31JUL2548600PE.NFO,2025-05-21,09:55:00,2025-07-31,1930.0,1930.0,1930.0,1930.0,0,0,1
BANKNIFTY31JUL2548600PE.NFO,2025-05-21,09:56:00,2025-07-31,1930.0,1930.0,1930.0,1930.0,0,0,1
BANKNIFTY31JUL2548600PE.NFO,2025-05-21,09:57:00,2025-07-31,1930.0,1930.0,1930.0,1930.0,0,0,1
BANKNIFTY31JUL2548600PE.NFO,2025-05-21,09:58:00,2025-07-31,1930.0,1930.0,1930.0,1930.0,0,0,1
BANKNIFTY31JUL2548600PE.NFO,2025-05-21,09:59:00,2025-07-31,1930.0,1930.0,1930.0,1930.0,0,0,1
BANKNIFTY31JUL2548600PE.NFO,2025-05-21,10:00:00,2025-07-31,1930.0,1930.0,1930.0,1930.0,0,0,1
BANKNIFTY31JUL2548600PE.NFO,2025-05-21,10:01:00,2025-07-31,1930.0,1930.0,1930.0,1930.0,0,0,1
BANKNIFTY31JUL2548600PE.NFO,2025-05-21,10:02:00,2025-07-31,1930.0,1930.0,1930.0,1930.0,0,0,1
BANKNIFTY31JUL2548600PE.NFO,2025-05-21,10:03:00,2025-07-31,1930.0,1930.0,1930.0,1930.0,0,0,1
BANKNIFTY31JUL2548600PE.NFO,2025-05-21,10:04:00,2025-07-31,1930.0,1930.0,1930.0,1930.0,0,0,1
BANKNIFTY31JUL2548600PE.NFO,2025-05-21,10:05:00,2025-07-31,1930.0,1930.0,1930.0,1930.0,0,0,1
BANKNIFTY31JUL2548600PE.NFO,2025-05-21,10:06:00,2025-07-31,1930.0,1930.0,1930.0,1930.0,0,0,1
BANKNIFTY31JUL2548600PE.NFO,2025-05-21,10:07:00,2025-07-31,1930.0,1930.0,1930.0,1930.0,0,0,1
BANKNIFTY31JUL2548600PE.NFO,2025-05-21,10:08:00,2025-07-31,1930.0,1930.0,1930.0,1930.0,0,0,1
BANKNIFTY31JUL2548600PE.NFO,2025-05-21,10:09:00,2025-07-31,1930.0,1930.0,1930.0,1930.0,0,0,1
BANKNIFTY31JUL2548600PE.NFO,2025-05-21,10:10:00,2025-07-31,1930.0,1930.0,1930.0,1930.0,0,0,1
BANKNIFTY31JUL2548600PE.NFO,2025-05-21,10:11:00,2025-07-31,1930.0,1930.0,1930.0,1930.0,0,0,1
BANKNIFTY31JUL2548600PE.NFO,2025-05-21,10:12:00,2025-07-31,1930.0,1930.0,1930.0,1930.0,0,0,1
BANKNIFTY31JUL2548600PE.NFO,2025-05-21,10:13:00,2025-07-31,1930.0,1930.0,1930.0,1930.0,0,0,1
BANKNIFTY31JUL2548600PE.NFO,2025-05-21,10:14:00,2025-07-31,1930.0,1930.0,1930.0,1930.0,0,0,1
BANKNIFTY31JUL2548600PE.NFO,2025-05-21,10:15:00,2025-07-31,1930.0,1930.0,1930.0,1930.0,0,0,1
BANKNIFTY31JUL2548600PE.NFO,2025-05-21,10:16:00,2025-07-31,1930.0,1930.0,1930.0,1930.0,0,0,1
BANKNIFTY31JUL2548600PE.NFO,2025-05-21,10:17:00,2025-07-31,1930.0,1930.0,1930.0,1930.0,0,0,1
BANKNIFTY31JUL2548600PE.NFO,2025-05-21,10:18:00,2025-07-31,1930.0,1930.0,1930.0,1930.0,0,0,1
BANKNIFTY31JUL2548600PE.NFO,2025-05-21,10:19:00,2025-07-31,1930.0,1930.0,1930.0,1930.0,0,0,1
BANKNIFTY31JUL2548600PE.NFO,2025-05-21,10:20:00,2025-07-31,1930.0,1930.0,1930.0,1930.0,0,0,1
BANKNIFTY31JUL2548600PE.NFO,2025-05-21,10:21:00,2025-07-31,1930.0,1930.0,1930.0,1930.0,0,0,1
BANKNIFTY31JUL2548600PE.NFO,2025-05-21,10:22:00,2025-07-31,1930.0,1930.0,1930.0,1930.0,0,0,1
BANKNIFTY31JUL2548600PE.NFO,2025-05-21,10:23:00,2025-07-31,1930.0,1930.0,1930.0,1930.0,0,0,1
BANKNIFTY31JUL2548600PE.NFO,2025-05-21,10:24:00,2025-07-31,1930.0,1930.0,1930.0,1930.0,0,0,1
BANKNIFTY31JUL2548600PE.NFO,2025-05-21,10:25:00,2025-07-31,1930.0,1930.0,1930.0,1930.0,0,0,1
BANKNIFTY31JUL2548600PE.NFO,2025-05-21,10:26:00,2025-07-31,1930.0,1930.0,1930.0,1930.0,0,0,1
BANKNIFTY31JUL2548600PE.NFO,2025-05-21,10:27:00,2025-07-31,1930.0,1930.0,1930.0,1930.0,0,0,1
BANKNIFTY31JUL2548600PE.NFO,2025-05-21,10:28:00,2025-07-31,1930.0,1930.0,1930.0,1930.0,0,0,1
BANKNIFTY31JUL2548600PE.NFO,2025-05-21,10:29:00,2025-07-31,1930.0,1930.0,1930.0,1930.0,0,0,1
BANKNIFTY31JUL2548600PE.NFO,2025-05-21,10:30:00,2025-07-31,1930.0,1930.0,1930.0,1930.0,0,0,1
BANKNIFTY31JUL2548600PE.NFO,2025-05-21,10:31:00,2025-07-31,1930.0,1930.0,1930.0,1930.0,0,0,1
BANKNIFTY31JUL2548600PE.NFO,2025-05-21,10:32:00,2025-07-31,1930.0,1930.0,1930.0,1930.0,0,0,1
BANKNIFTY31JUL2548600PE.NFO,2025-05-21,10:33:00,2025-07-31,1930.0,1930.0,1930.0,1930.0,0,0,1
BANKNIFTY31JUL2548600PE.NFO,2025-05-21,10:34:00,2025-07-31,1930.0,1930.0,1930.0,1930.0,0,0,1
BANKNIFTY31JUL2548600PE.NFO,2025-05-21,10:35:00,2025-07-31,1930.0,1930.0,1930.0,1930.0,0,0,1
BANKNIFTY31JUL2548600PE.NFO,2025-05-21,10:36:00,2025-07-31,1930.0,1930.0,1930.0,1930.0,0,0,1
BANKNIFTY31JUL2548600PE.NFO,2025-05-21,10:37:00,2025-07-31,1930.0,1930.0,1930.0,1930.0,0,0,1
BANKNIFTY31JUL2548600PE.NFO,2025-05-21,10:38:00,2025-07-31,1930.0,1930.0,1930.0,1930.0,0,0,1
BANKNIFTY31JUL2548600PE.NFO,2025-05-21,10:39:00,2025-07-31,1930.0,1930.0,1930.0,1930.0,0,0,1
BANKNIFTY31JUL2548600PE.NFO,2025-05-21,10:40:00,2025-07-31,1930.0,1930.0,1930.0,1930.0,0,0,1
BANKNIFTY31JUL2548600PE.NFO,2025-05-21,10:41:00,2025-07-31,1930.0,1930.0,1930.0,1930.0,0,0,1
BANKNIFTY31JUL2548600PE.NFO,2025-05-21,10:42:00,2025-07-31,1930.0,1930.0,1930.0,1930.0,0,0,1
BANKNIFTY31JUL2548600PE.NFO,2025-05-21,10:43:00,2025-07-31,1930.0,1930.0,1930.0,1930.0,0,0,1
BANKNIFTY31JUL2548600PE.NFO,2025-05-21,10:44:00,2025-07-31,1930.0,1930.0,1930.0,1930.0,0,0,1
BANKNIFTY31JUL2548600PE.NFO,2025-05-21,10:45:00,2025-07-31,1930.0,1930.0,1930.0,1930.0,0,0,1
BANKNIFTY31JUL2548600PE.NFO,2025-05-21,10:46:00,2025-07-31,1930.0,1930.0,1930.0,1930.0,0,0,1
BANKNIFTY31JUL2548600PE.NFO,2025-05-21,10:47:00,2025-07-31,1930.0,1930.0,1930.0,1930.0,0,0,1
BANKNIFTY31JUL2548600PE.NFO,2025-05-21,10:48:00,2025-07-31,1930.0,1930.0,1930.0,1930.0,0,0,1
BANKNIFTY31JUL2548600PE.NFO,2025-05-21,10:49:00,2025-07-31,1930.0,1930.0,1930.0,1930.0,0,0,1
BANKNIFTY31JUL2548600PE.NFO,2025-05-21,10:50:00,2025-07-31,1930.0,1930.0,1930.0,1930.0,0,0,1
BANKNIFTY31JUL2548600PE.NFO,2025-05-21,10:51:00,2025-07-31,1930.0,1930.0,1930.0,1930.0,0,0,1
BANKNIFTY31JUL2548600PE.NFO,2025-05-21,10:52:00,2025-07-31,1930.0,1930.0,1930.0,1930.0,0,0,1
BANKNIFTY31JUL2548600PE.NFO,2025-05-21,10:53:00,2025-07-31,1930.0,1930.0,1930.0,1930.0,0,0,1
BANKNIFTY31JUL2548600PE.NFO,2025-05-21,10:54:00,2025-07-31,1930.0,1930.0,1930.0,1930.0,0,0,1
BANKNIFTY31JUL2548600PE.NFO,2025-05-21,10:55:00,2025-07-31,1930.0,1930.0,1930.0,1930.0,0,0,1
BANKNIFTY31JUL2548600PE.NFO,2025-05-21,10:56:00,2025-07-31,1930.0,1930.0,1930.0,1930.0,0,0,1
BANKNIFTY31JUL2548600PE.NFO,2025-05-21,10:57:00,2025-07-31,1930.0,1930.0,1930.0,1930.0,0,0,1
BANKNIFTY31JUL2548600PE.NFO,2025-05-21,10:58:00,2025-07-31,1930.0,1930.0,1930.0,1930.0,0,0,1
BANKNIFTY31JUL2548600PE.NFO,2025-05-21,10:59:00,2025-07-31,1930.0,1930.0,1930.0,1930.0,0,0,1
BANKNIFTY31JUL2548600PE.NFO,2025-05-21,11:00:00,2025-07-31,1930.0,1930.0,1930.0,1930.0,0,0,1
BANKNIFTY31JUL2548600PE.NFO,2025-05-21,11:01:00,2025-07-31,1930.0,1930.0,1930.0,1930.0,0,0,1
BANKNIFTY31JUL2548600PE.NFO,2025-05-21,11:02:00,2025-07-31,1930.0,1930.0,1930.0,1930.0,0,0,1
BANKNIFTY31JUL2548600PE.NFO,2025-05-21,11:03:00,2025-07-31,1930.0,1930.0,1930.0,1930.0,0,0,1
BANKNIFTY31JUL2548600PE.NFO,2025-05-21,11:04:00,2025-07-31,1930.0,1930.0,1930.0,1930.0,0,0,1
BANKNIFTY31JUL2548600PE.NFO,2025-05-21,11:05:00,2025-07-31,1930.0,1930.0,1930.0,1930.0,0,0,1
BANKNIFTY31JUL2548600PE.NFO,2025-05-21,11:06:00,2025-07-31,1930.0,1930.0,1930.0,1930.0,0,0,1
BANKNIFTY31JUL2548600PE.NFO,2025-05-21,11:07:00,2025-07-31,1930.0,1930.0,1930.0,1930.0,0,0,1
BANKNIFTY31JUL2548600PE.NFO,2025-05-21,11:08:00,2025-07-31,1930.0,1930.0,1930.0,1930.0,0,0,1
BANKNIFTY31JUL2548600PE.NFO,2025-05-21,11:09:00,2025-07-31,1930.0,1930.0,1930.0,1930.0,0,0,1
BANKNIFTY31JUL2548600PE.NFO,2025-05-21,11:10:00,2025-07-31,1930.0,1930.0,1930.0,1930.0,0,0,1
BANKNIFTY31JUL2548600PE.NFO,2025-05-21,11:11:00,2025-07-31,1930.0,1930.0,1930.0,1930.0,0,0,1
BANKNIFTY31JUL2548600PE.NFO,2025-05-21,11:12:00,2025-07-31,1930.0,1930.0,1930.0,1930.0,0,0,1
BANKNIFTY31JUL2548600PE.NFO,2025-05-21,11:13:00,2025-07-31,1930.0,1930.0,1930.0,1930.0,0,0,1
BANKNIFTY31JUL2548600PE.NFO,2025-05-21,11:14:00,2025-07-31,1930.0,1930.0,1930.0,1930.0,0,0,1
BANKNIFTY31JUL2548600PE.NFO,2025-05-21,11:15:00,2025-07-31,1930.0,1930.0,1930.0,1930.0,0,0,1
BANKNIFTY31JUL2548600PE.NFO,2025-05-21,11:16:00,2025-07-31,1930.0,1930.0,1930.0,1930.0,0,0,1
BANKNIFTY31JUL2548600PE.NFO,2025-05-21,11:17:00,2025-07-31,1930.0,1930.0,1930.0,1930.0,0,0,1
BANKNIFTY31JUL2548600PE.NFO,2025-05-21,11:18:00,2025-07-31,1930.0,1930.0,1930.0,1930.0,0,0,1
BANKNIFTY31JUL2548600PE.NFO,2025-05-21,11:19:00,2025-07-31,1930.0,1930.0,1930.0,1930.0,0,0,1
BANKNIFTY31JUL2548600PE.NFO,2025-05-21,11:20:00,2025-07-31,1930.0,1930.0,1930.0,1930.0,0,0,1
BANKNIFTY31JUL2548600PE.NFO,2025-05-21,11:21:00,2025-07-31,1930.0,1930.0,1930.0,1930.0,0,0,1
BANKNIFTY31JUL2548600PE.NFO,2025-05-21,11:22:00,2025-07-31,1930.0,1930.0,1930.0,1930.0,0,0,1
BANKNIFTY31JUL2548600PE.NFO,2025-05-21,11:23:00,2025-07-31,1930.0,1930.0,1930.0,1930.0,0,0,1
BANKNIFTY31JUL2548600PE.NFO,2025-05-21,11:24:00,2025-07-31,1930.0,1930.0,1930.0,1930.0,0,0,1
BANKNIFTY31JUL2548600PE.NFO,2025-05-21,11:25:00,2025-07-31,1930.0,1930.0,1930.0,1930.0,0,0,1
BANKNIFTY31JUL2548600PE.NFO,2025-05-21,11:26:00,2025-07-31,1930.0,1930.0,1930.0,1930.0,0,0,1
BANKNIFTY31JUL2548600PE.NFO,2025-05-21,11:27:00,2025-07-31,1930.0,1930.0,1930.0,1930.0,0,0,1
BANKNIFTY31JUL2548600PE.NFO,2025-05-21,11:28:00,2025-07-31,1930.0,1930.0,1930.0,1930.0,0,0,1
BANKNIFTY31JUL2548600PE.NFO,2025-05-21,11:29:00,2025-07-31,1930.0,1930.0,1930.0,1930.0,0,0,1
BANKNIFTY31JUL2548600PE.NFO,2025-05-21,11:30:00,2025-07-31,1930.0,1930.0,1930.0,1930.0,0,0,1
BANKNIFTY31JUL2548600PE.NFO,2025-05-21,11:31:00,2025-07-31,1930.0,1930.0,1930.0,1930.0,0,0,1
BANKNIFTY31JUL2548600PE.NFO,2025-05-21,11:32:00,2025-07-31,1930.0,1930.0,1930.0,1930.0,0,0,1
BANKNIFTY31JUL2548600PE.NFO,2025-05-21,11:33:00,2025-07-31,1930.0,1930.0,1930.0,1930.0,0,0,1
BANKNIFTY31JUL2548600PE.NFO,2025-05-21,11:34:00,2025-07-31,1930.0,1930.0,1930.0,1930.0,0,0,1
BANKNIFTY31JUL2548600PE.NFO,2025-05-21,11:35:00,2025-07-31,1930.0,1930.0,1930.0,1930.0,0,0,1
BANKNIFTY31JUL2548600PE.NFO,2025-05-21,11:36:00,2025-07-31,1930.0,1930.0,1930.0,1930.0,0,0,1
BANKNIFTY31JUL2548600PE.NFO,2025-05-21,11:37:00,2025-07-31,1930.0,1930.0,1930.0,1930.0,0,0,1
BANKNIFTY31JUL2548600PE.NFO,2025-05-21,11:38:00,2025-07-31,1930.0,1930.0,1930.0,1930.0,0,0,1
BANKNIFTY31JUL2548600PE.NFO,2025-05-21,11:39:00,2025-07-31,1930.0,1930.0,1930.0,1930.0,0,0,1
BANKNIFTY31JUL2548600PE.NFO,2025-05-21,11:40:00,2025-07-31,1930.0,1930.0,1930.0,1930.0,0,0,1
BANKNIFTY31JUL2548600PE.NFO,2025-05-21,11:41:00,2025-07-31,1930.0,1930.0,1930.0,1930.0,0,0,1
BANKNIFTY31JUL2548600PE.NFO,2025-05-21,11:42:00,2025-07-31,1930.0,1930.0,1930.0,1930.0,0,0,1
BANKNIFTY31JUL2548600PE.NFO,2025-05-21,11:43:00,2025-07-31,1930.0,1930.0,1930.0,1930.0,0,0,1
BANKNIFTY31JUL2548600PE.NFO,2025-05-21,11:44:00,2025-07-31,1930.0,1930.0,1930.0,1930.0,0,0,1
BANKNIFTY31JUL2548600PE.NFO,2025-05-21,11:45:00,2025-07-31,1930.0,1930.0,1930.0,1930.0,0,0,1
BANKNIFTY31JUL2548600PE.NFO,2025-05-21,11:46:00,2025-07-31,1930.0,1930.0,1930.0,1930.0,0,0,1
BANKNIFTY31JUL2548600PE.NFO,2025-05-21,11:47:00,2025-07-31,1930.0,1930.0,1930.0,1930.0,0,0,1
BANKNIFTY31JUL2548600PE.NFO,2025-05-21,11:48:00,2025-07-31,1930.0,1930.0,1930.0,1930.0,0,0,1
BANKNIFTY31JUL2548600PE.NFO,2025-05-21,11:49:00,2025-07-31,1930.0,1930.0,1930.0,1930.0,0,0,1
BANKNIFTY31JUL2548600PE.NFO,2025-05-21,11:50:00,2025-07-31,1930.0,1930.0,1930.0,1930.0,0,0,1
BANKNIFTY31JUL2548600PE.NFO,2025-05-21,11:51:00,2025-07-31,1930.0,1930.0,1930.0,1930.0,0,0,1
BANKNIFTY31JUL2548600PE.NFO,2025-05-21,11:52:00,2025-07-31,1930.0,1930.0,1930.0,1930.0,0,0,1
BANKNIFTY31JUL2548600PE.NFO,2025-05-21,11:53:00,2025-07-31,1930.0,1930.0,1930.0,1930.0,0,0,1
BANKNIFTY31JUL2548600PE.NFO,2025-05-21,11:54:00,2025-07-31,1930.0,1930.0,1930.0,1930.0,0,0,1
BANKNIFTY31JUL2548600PE.NFO,2025-05-21,11:55:00,2025-07-31,1930.0,1930.0,1930.0,1930.0,0,0,1
BANKNIFTY31JUL2548600PE.NFO,2025-05-21,11:56:00,2025-07-31,1930.0,1930.0,1930.0,1930.0,0,0,1
BANKNIFTY31JUL2548600PE.NFO,2025-05-21,11:57:00,2025-07-31,1930.0,1930.0,1930.0,1930.0,0,0,1
BANKNIFTY31JUL2548600PE.NFO,2025-05-21,11:58:00,2025-07-31,1930.0,1930.0,1930.0,1930.0,0,0,1
BANKNIFTY31JUL2548600PE.NFO,2025-05-21,11:59:00,2025-07-31,1930.0,1930.0,1930.0,1930.0,0,0,1
BANKNIFTY31JUL2548600PE.NFO,2025-05-21,12:00:00,2025-07-31,1930.0,1930.0,1930.0,1930.0,0,0,1
BANKNIFTY31JUL2548600PE.NFO,2025-05-21,12:01:00,2025-07-31,1930.0,1930.0,1930.0,1930.0,0,0,1
BANKNIFTY31JUL2548600PE.NFO,2025-05-21,12:02:00,2025-07-31,1930.0,1930.0,1930.0,1930.0,0,0,1
BANKNIFTY31JUL2548600PE.NFO,2025-05-21,12:03:00,2025-07-31,1930.0,1930.0,1930.0,1930.0,0,0,1
BANKNIFTY31JUL2548600PE.NFO,2025-05-21,12:04:00,2025-07-31,1930.0,1930.0,1930.0,1930.0,0,0,1
BANKNIFTY31JUL2548600PE.NFO,2025-05-21,12:05:00,2025-07-31,1930.0,1930.0,1930.0,1930.0,0,0,1
BANKNIFTY31JUL2548600PE.NFO,2025-05-21,12:06:00,2025-07-31,1930.0,1930.0,1930.0,1930.0,0,0,1
BANKNIFTY31JUL2548600PE.NFO,2025-05-21,12:07:00,2025-07-31,1930.0,1930.0,1930.0,1930.0,0,0,1
BANKNIFTY31JUL2548600PE.NFO,2025-05-21,12:08:00,2025-07-31,1930.0,1930.0,1930.0,1930.0,0,0,1
BANKNIFTY31JUL2548600PE.NFO,2025-05-21,12:09:00,2025-07-31,1930.0,1930.0,1930.0,1930.0,0,0,1
BANKNIFTY31JUL2548600PE.NFO,2025-05-21,12:10:00,2025-07-31,1930.0,1930.0,1930.0,1930.0,0,0,1
BANKNIFTY31JUL2548600PE.NFO,2025-05-21,12:11:00,2025-07-31,1930.0,1930.0,1930.0,1930.0,0,0,1
BANKNIFTY31JUL2548600PE.NFO,2025-05-21,12:12:00,2025-07-31,1930.0,1930.0,1930.0,1930.0,0,0,1
BANKNIFTY31JUL2548600PE.NFO,2025-05-21,12:13:00,2025-07-31,1930.0,1930.0,1930.0,1930.0,0,0,1
BANKNIFTY31JUL2548600PE.NFO,2025-05-21,12:14:00,2025-07-31,1930.0,1930.0,1930.0,1930.0,0,0,1
BANKNIFTY31JUL2548600PE.NFO,2025-05-21,12:15:00,2025-07-31,1930.0,1930.0,1930.0,1930.0,0,0,1
BANKNIFTY31JUL2548600PE.NFO,2025-05-21,12:16:00,2025-07-31,1930.0,1930.0,1930.0,1930.0,0,0,1
BANKNIFTY31JUL2548600PE.NFO,2025-05-21,12:17:00,2025-07-31,1930.0,1930.0,1930.0,1930.0,0,0,1
BANKNIFTY31JUL2548600PE.NFO,2025-05-21,12:18:00,2025-07-31,1930.0,1930.0,1930.0,1930.0,0,0,1
BANKNIFTY31JUL2548600PE.NFO,2025-05-21,12:19:00,2025-07-31,1930.0,1930.0,1930.0,1930.0,0,0,1
BANKNIFTY31JUL2548600PE.NFO,2025-05-21,12:20:00,2025-07-31,1930.0,1930.0,1930.0,1930.0,0,0,1
BANKNIFTY31JUL2548600PE.NFO,2025-05-21,12:21:00,2025-07-31,1930.0,1930.0,1930.0,1930.0,0,0,1
BANKNIFTY31JUL2548600PE.NFO,2025-05-21,12:22:00,2025-07-31,1930.0,1930.0,1930.0,1930.0,0,0,1
BANKNIFTY31JUL2548600PE.NFO,2025-05-21,12:23:00,2025-07-31,1930.0,1930.0,1930.0,1930.0,0,0,1
BANKNIFTY31JUL2548600PE.NFO,2025-05-21,12:24:00,2025-07-31,1930.0,1930.0,1930.0,1930.0,0,0,1
BANKNIFTY31JUL2548600PE.NFO,2025-05-21,12:25:00,2025-07-31,1930.0,1930.0,1930.0,1930.0,0,0,1
BANKNIFTY31JUL2548600PE.NFO,2025-05-21,12:26:00,2025-07-31,1930.0,1930.0,1930.0,1930.0,0,0,1
BANKNIFTY31JUL2548600PE.NFO,2025-05-21,12:27:00,2025-07-31,1930.0,1930.0,1930.0,1930.0,0,0,1
BANKNIFTY31JUL2548600PE.NFO,2025-05-21,12:28:00,2025-07-31,1930.0,1930.0,1930.0,1930.0,0,0,1
BANKNIFTY31JUL2548600PE.NFO,2025-05-21,12:29:00,2025-07-31,1930.0,1930.0,1930.0,1930.0,0,0,1
BANKNIFTY31JUL2548600PE.NFO,2025-05-21,12:30:00,2025-07-31,1930.0,1930.0,1930.0,1930.0,0,0,1
BANKNIFTY31JUL2548600PE.NFO,2025-05-21,12:31:00,2025-07-31,1930.0,1930.0,1930.0,1930.0,0,0,1
BANKNIFTY31JUL2548600PE.NFO,2025-05-21,12:32:00,2025-07-31,1930.0,1930.0,1930.0,1930.0,0,0,1
BANKNIFTY31JUL2548600PE.NFO,2025-05-21,12:33:00,2025-07-31,1930.0,1930.0,1930.0,1930.0,0,0,1
BANKNIFTY31JUL2548600PE.NFO,2025-05-21,12:34:00,2025-07-31,1930.0,1930.0,1930.0,1930.0,0,0,1
BANKNIFTY31JUL2548600PE.NFO,2025-05-21,12:35:00,2025-07-31,1930.0,1930.0,1930.0,1930.0,0,0,1
BANKNIFTY31JUL2548600PE.NFO,2025-05-21,12:36:00,2025-07-31,1930.0,1930.0,1930.0,1930.0,0,0,1
BANKNIFTY31JUL2548600PE.NFO,2025-05-21,12:37:00,2025-07-31,1930.0,1930.0,1930.0,1930.0,0,0,1
BANKNIFTY31JUL2548600PE.NFO,2025-05-21,12:38:00,2025-07-31,1930.0,1930.0,1930.0,1930.0,0,0,1
BANKNIFTY31JUL2548600PE.NFO,2025-05-21,12:39:00,2025-07-31,1930.0,1930.0,1930.0,1930.0,0,0,1
BANKNIFTY31JUL2548600PE.NFO,2025-05-21,12:40:00,2025-07-31,1930.0,1930.0,1930.0,1930.0,0,0,1
BANKNIFTY31JUL2548600PE.NFO,2025-05-21,12:41:00,2025-07-31,1930.0,1930.0,1930.0,1930.0,0,0,1
BANKNIFTY31JUL2548600PE.NFO,2025-05-21,12:42:00,2025-07-31,1930.0,1930.0,1930.0,1930.0,0,0,1
BANKNIFTY31JUL2548600PE.NFO,2025-05-21,12:43:00,2025-07-31,1930.0,1930.0,1930.0,1930.0,0,0,1
BANKNIFTY31JUL2548600PE.NFO,2025-05-21,12:44:00,2025-07-31,1930.0,1930.0,1930.0,1930.0,0,0,1
BANKNIFTY31JUL2548600PE.NFO,2025-05-21,12:45:00,2025-07-31,1930.0,1930.0,1930.0,1930.0,0,0,1
BANKNIFTY31JUL2548600PE.NFO,2025-05-21,12:46:00,2025-07-31,1930.0,1930.0,1930.0,1930.0,0,0,1
BANKNIFTY31JUL2548600PE.NFO,2025-05-21,12:47:00,2025-07-31,1930.0,1930.0,1930.0,1930.0,0,0,1
BANKNIFTY31JUL2548600PE.NFO,2025-05-21,12:48:00,2025-07-31,1930.0,1930.0,1930.0,1930.0,0,0,1
BANKNIFTY31JUL2548600PE.NFO,2025-05-21,12:49:00,2025-07-31,1930.0,1930.0,1930.0,1930.0,0,0,1
BANKNIFTY31JUL2548600PE.NFO,2025-05-21,12:50:00,2025-07-31,1930.0,1930.0,1930.0,1930.0,0,0,1
BANKNIFTY31JUL2548600PE.NFO,2025-05-21,12:51:00,2025-07-31,1930.0,1930.0,1930.0,1930.0,0,0,1
BANKNIFTY31JUL2548600PE.NFO,2025-05-21,12:52:00,2025-07-31,1930.0,1930.0,1930.0,1930.0,0,0,1
BANKNIFTY31JUL2548600PE.NFO,2025-05-21,12:53:00,2025-07-31,1930.0,1930.0,1930.0,1930.0,0,0,1
BANKNIFTY31JUL2548600PE.NFO,2025-05-21,12:54:00,2025-07-31,1930.0,1930.0,1930.0,1930.0,0,0,1
BANKNIFTY31JUL2548600PE.NFO,2025-05-21,12:55:00,2025-07-31,1930.0,1930.0,1930.0,1930.0,0,0,1
BANKNIFTY31JUL2548600PE.NFO,2025-05-21,12:56:00,2025-07-31,1930.0,1930.0,1930.0,1930.0,0,0,1
BANKNIFTY31JUL2548600PE.NFO,2025-05-21,12:57:00,2025-07-31,1930.0,1930.0,1930.0,1930.0,0,0,1
BANKNIFTY31JUL2548600PE.NFO,2025-05-21,12:58:00,2025-07-31,1930.0,1930.0,1930.0,1930.0,0,0,1
BANKNIFTY31JUL2548600PE.NFO,2025-05-21,12:59:00,2025-07-31,1930.0,1930.0,1930.0,1930.0,0,0,1
BANKNIFTY31JUL2548600PE.NFO,2025-05-21,13:00:00,2025-07-31,1930.0,1930.0,1930.0,1930.0,0,0,1
BANKNIFTY31JUL2548600PE.NFO,2025-05-21,13:01:00,2025-07-31,1930.0,1930.0,1930.0,1930.0,0,0,1
BANKNIFTY31JUL2548600PE.NFO,2025-05-21,13:02:00,2025-07-31,1930.0,1930.0,1930.0,1930.0,0,0,1
BANKNIFTY31JUL2548600PE.NFO,2025-05-21,13:03:00,2025-07-31,1930.0,1930.0,1930.0,1930.0,0,0,1
BANKNIFTY31JUL2548600PE.NFO,2025-05-21,13:04:00,2025-07-31,1930.0,1930.0,1930.0,1930.0,0,0,1
BANKNIFTY31JUL2548600PE.NFO,2025-05-21,13:05:00,2025-07-31,1930.0,1930.0,1930.0,1930.0,0,0,1
BANKNIFTY31JUL2548600PE.NFO,2025-05-21,13:06:00,2025-07-31,1930.0,1930.0,1930.0,1930.0,0,0,1
BANKNIFTY31JUL2548600PE.NFO,2025-05-21,13:07:00,2025-07-31,1930.0,1930.0,1930.0,1930.0,0,0,1
BANKNIFTY31JUL2548600PE.NFO,2025-05-21,13:08:00,2025-07-31,1930.0,1930.0,1930.0,1930.0,0,0,1
BANKNIFTY31JUL2548600PE.NFO,2025-05-21,13:09:00,2025-07-31,1930.0,1930.0,1930.0,1930.0,0,0,1
BANKNIFTY31JUL2548600PE.NFO,2025-05-21,13:10:00,2025-07-31,1930.0,1930.0,1930.0,1930.0,0,0,1
BANKNIFTY31JUL2548600PE.NFO,2025-05-21,13:11:00,2025-07-31,1930.0,1930.0,1930.0,1930.0,0,0,1
BANKNIFTY31JUL2548600PE.NFO,2025-05-21,13:12:00,2025-07-31,1930.0,1930.0,1930.0,1930.0,0,0,1
BANKNIFTY31JUL2548600PE.NFO,2025-05-21,13:13:00,2025-07-31,1930.0,1930.0,1930.0,1930.0,0,0,1
BANKNIFTY31JUL2548600PE.NFO,2025-05-21,13:14:00,2025-07-31,1930.0,1930.0,1930.0,1930.0,0,0,1
BANKNIFTY31JUL2548600PE.NFO,2025-05-21,13:15:00,2025-07-31,1930.0,1930.0,1930.0,1930.0,0,0,1
BANKNIFTY31JUL2548600PE.NFO,2025-05-21,13:16:00,2025-07-31,1930.0,1930.0,1930.0,1930.0,0,0,1
BANKNIFTY31JUL2548600PE.NFO,2025-05-21,13:17:00,2025-07-31,1930.0,1930.0,1930.0,1930.0,0,0,1
BANKNIFTY31JUL2548600PE.NFO,2025-05-21,13:18:00,2025-07-31,1930.0,1930.0,1930.0,1930.0,0,0,1
BANKNIFTY31JUL2548600PE.NFO,2025-05-21,13:19:00,2025-07-31,1930.0,1930.0,1930.0,1930.0,0,0,1
BANKNIFTY31JUL2548600PE.NFO,2025-05-21,13:20:00,2025-07-31,1930.0,1930.0,1930.0,1930.0,0,0,1
BANKNIFTY31JUL2548600PE.NFO,2025-05-21,13:21:00,2025-07-31,1930.0,1930.0,1930.0,1930.0,0,0,1
BANKNIFTY31JUL2548600PE.NFO,2025-05-21,13:22:00,2025-07-31,1930.0,1930.0,1930.0,1930.0,0,0,1
BANKNIFTY31JUL2548600PE.NFO,2025-05-21,13:23:00,2025-07-31,1930.0,1930.0,1930.0,1930.0,0,0,1
BANKNIFTY31JUL2548600PE.NFO,2025-05-21,13:24:00,2025-07-31,1930.0,1930.0,1930.0,1930.0,0,0,1
BANKNIFTY31JUL2548600PE.NFO,2025-05-21,13:25:00,2025-07-31,1930.0,1930.0,1930.0,1930.0,0,0,1
BANKNIFTY31JUL2548600PE.NFO,2025-05-21,13:26:00,2025-07-31,1930.0,1930.0,1930.0,1930.0,0,0,1
BANKNIFTY31JUL2548600PE.NFO,2025-05-21,13:27:00,2025-07-31,1930.0,1930.0,1930.0,1930.0,0,0,1
BANKNIFTY31JUL2548600PE.NFO,2025-05-21,13:28:00,2025-07-31,1930.0,1930.0,1930.0,1930.0,0,0,1
BANKNIFTY31JUL2548600PE.NFO,2025-05-21,13:29:00,2025-07-31,1930.0,1930.0,1930.0,1930.0,0,0,1
BANKNIFTY31JUL2548600PE.NFO,2025-05-21,13:30:00,2025-07-31,1930.0,1930.0,1930.0,1930.0,0,0,1
BANKNIFTY31JUL2548600PE.NFO,2025-05-21,13:31:00,2025-07-31,1930.0,1930.0,1930.0,1930.0,0,0,1
BANKNIFTY31JUL2548600PE.NFO,2025-05-21,13:32:00,2025-07-31,1930.0,1930.0,1930.0,1930.0,0,0,1
BANKNIFTY31JUL2548600PE.NFO,2025-05-21,13:33:00,2025-07-31,1930.0,1930.0,1930.0,1930.0,0,0,1
BANKNIFTY31JUL2548600PE.NFO,2025-05-21,13:34:00,2025-07-31,1930.0,1930.0,1930.0,1930.0,0,0,1
BANKNIFTY31JUL2548600PE.NFO,2025-05-21,13:35:00,2025-07-31,1930.0,1930.0,1930.0,1930.0,0,0,1
BANKNIFTY31JUL2548600PE.NFO,2025-05-21,13:36:00,2025-07-31,1930.0,1930.0,1930.0,1930.0,0,0,1
BANKNIFTY31JUL2548600PE.NFO,2025-05-21,13:37:00,2025-07-31,1930.0,1930.0,1930.0,1930.0,0,0,1
BANKNIFTY31JUL2548600PE.NFO,2025-05-21,13:38:00,2025-07-31,1930.0,1930.0,1930.0,1930.0,0,0,1
BANKNIFTY31JUL2548600PE.NFO,2025-05-21,13:39:00,2025-07-31,1930.0,1930.0,1930.0,1930.0,0,0,1
BANKNIFTY31JUL2548600PE.NFO,2025-05-21,13:40:00,2025-07-31,1930.0,1930.0,1930.0,1930.0,0,0,1
BANKNIFTY31JUL2548600PE.NFO,2025-05-21,13:41:00,2025-07-31,1930.0,1930.0,1930.0,1930.0,0,0,1
BANKNIFTY31JUL2548600PE.NFO,2025-05-21,13:42:00,2025-07-31,1930.0,1930.0,1930.0,1930.0,0,0,1
BANKNIFTY31JUL2548600PE.NFO,2025-05-21,13:43:00,2025-07-31,1930.0,1930.0,1930.0,1930.0,0,0,1
BANKNIFTY31JUL2548600PE.NFO,2025-05-21,13:44:00,2025-07-31,1930.0,1930.0,1930.0,1930.0,0,0,1
BANKNIFTY31JUL2548600PE.NFO,2025-05-21,13:45:00,2025-07-31,1930.0,1930.0,1930.0,1930.0,0,0,1
BANKNIFTY31JUL2548600PE.NFO,2025-05-21,13:46:00,2025-07-31,1930.0,1930.0,1930.0,1930.0,0,0,1
BANKNIFTY31JUL2548600PE.NFO,2025-05-21,13:47:00,2025-07-31,1930.0,1930.0,1930.0,1930.0,0,0,1
BANKNIFTY31JUL2548600PE.NFO,2025-05-21,13:48:00,2025-07-31,1930.0,1930.0,1930.0,1930.0,0,0,1
BANKNIFTY31JUL2548600PE.NFO,2025-05-21,13:49:00,2025-07-31,1930.0,1930.0,1930.0,1930.0,0,0,1
BANKNIFTY31JUL2548600PE.NFO,2025-05-21,13:50:00,2025-07-31,1930.0,1930.0,1930.0,1930.0,0,0,1
BANKNIFTY31JUL2548600PE.NFO,2025-05-21,13:51:00,2025-07-31,1930.0,1930.0,1930.0,1930.0,0,0,1
BANKNIFTY31JUL2548600PE.NFO,2025-05-21,13:52:00,2025-07-31,1930.0,1930.0,1930.0,1930.0,0,0,1
BANKNIFTY31JUL2548600PE.NFO,2025-05-21,13:53:00,2025-07-31,1930.0,1930.0,1930.0,1930.0,0,0,1
BANKNIFTY31JUL2548600PE.NFO,2025-05-21,13:54:00,2025-07-31,1930.0,1930.0,1930.0,1930.0,0,0,1
BANKNIFTY31JUL2548600PE.NFO,2025-05-21,13:55:00,2025-07-31,1930.0,1930.0,1930.0,1930.0,0,0,1
BANKNIFTY31JUL2548600PE.NFO,2025-05-21,13:56:00,2025-07-31,1930.0,1930.0,1930.0,1930.0,0,0,1
BANKNIFTY31JUL2548600PE.NFO,2025-05-21,13:57:00,2025-07-31,1930.0,1930.0,1930.0,1930.0,0,0,1
BANKNIFTY31JUL2548600PE.NFO,2025-05-21,13:58:00,2025-07-31,1930.0,1930.0,1930.0,1930.0,0,0,1
BANKNIFTY31JUL2548600PE.NFO,2025-05-21,13:59:00,2025-07-31,1930.0,1930.0,1930.0,1930.0,0,0,1
BANKNIFTY31JUL2548600PE.NFO,2025-05-21,14:00:00,2025-07-31,1930.0,1930.0,1930.0,1930.0,0,0,1
BANKNIFTY31JUL2548600PE.NFO,2025-05-21,14:01:00,2025-07-31,1930.0,1930.0,1930.0,1930.0,0,0,1
BANKNIFTY31JUL2548600PE.NFO,2025-05-21,14:02:00,2025-07-31,1930.0,1930.0,1930.0,1930.0,0,0,1
BANKNIFTY31JUL2548600PE.NFO,2025-05-21,14:03:00,2025-07-31,1930.0,1930.0,1930.0,1930.0,0,0,1
BANKNIFTY31JUL2548600PE.NFO,2025-05-21,14:04:00,2025-07-31,1930.0,1930.0,1930.0,1930.0,0,0,1
BANKNIFTY31JUL2548600PE.NFO,2025-05-21,14:05:00,2025-07-31,1930.0,1930.0,1930.0,1930.0,0,0,1
BANKNIFTY31JUL2548600PE.NFO,2025-05-21,14:06:00,2025-07-31,1930.0,1930.0,1930.0,1930.0,0,0,1
BANKNIFTY31JUL2548600PE.NFO,2025-05-21,14:07:00,2025-07-31,1930.0,1930.0,1930.0,1930.0,0,0,1
BANKNIFTY31JUL2548600PE.NFO,2025-05-21,14:08:00,2025-07-31,1930.0,1930.0,1930.0,1930.0,0,0,1
BANKNIFTY31JUL2548600PE.NFO,2025-05-21,14:09:00,2025-07-31,1930.0,1930.0,1930.0,1930.0,0,0,1
BANKNIFTY31JUL2548600PE.NFO,2025-05-21,14:10:00,2025-07-31,1930.0,1930.0,1930.0,1930.0,0,0,1
BANKNIFTY31JUL2548600PE.NFO,2025-05-21,14:11:00,2025-07-31,1930.0,1930.0,1930.0,1930.0,0,0,1
BANKNIFTY31JUL2548600PE.NFO,2025-05-21,14:12:00,2025-07-31,1930.0,1930.0,1930.0,1930.0,0,0,1
BANKNIFTY31JUL2548600PE.NFO,2025-05-21,14:13:00,2025-07-31,1930.0,1930.0,1930.0,1930.0,0,0,1
BANKNIFTY31JUL2548600PE.NFO,2025-05-21,14:14:00,2025-07-31,1930.0,1930.0,1930.0,1930.0,0,0,1
BANKNIFTY31JUL2548600PE.NFO,2025-05-21,14:15:00,2025-07-31,1930.0,1930.0,1930.0,1930.0,0,0,1
BANKNIFTY31JUL2548600PE.NFO,2025-05-21,14:16:00,2025-07-31,1930.0,1930.0,1930.0,1930.0,0,0,1
BANKNIFTY31JUL2548600PE.NFO,2025-05-21,14:17:00,2025-07-31,1930.0,1930.0,1930.0,1930.0,0,0,1
BANKNIFTY31JUL2548600PE.NFO,2025-05-21,14:18:00,2025-07-31,1930.0,1930.0,1930.0,1930.0,0,0,1
BANKNIFTY31JUL2548600PE.NFO,2025-05-21,14:19:00,2025-07-31,1930.0,1930.0,1930.0,1930.0,0,0,1
BANKNIFTY31JUL2548600PE.NFO,2025-05-21,14:20:00,2025-07-31,1930.0,1930.0,1930.0,1930.0,0,0,1
BANKNIFTY31JUL2548600PE.NFO,2025-05-21,14:21:00,2025-07-31,1930.0,1930.0,1930.0,1930.0,0,0,1
BANKNIFTY31JUL2548600PE.NFO,2025-05-21,14:22:00,2025-07-31,1930.0,1930.0,1930.0,1930.0,0,0,1
BANKNIFTY31JUL2548600PE.NFO,2025-05-21,14:23:00,2025-07-31,1930.0,1930.0,1930.0,1930.0,0,0,1
BANKNIFTY31JUL2548600PE.NFO,2025-05-21,14:24:00,2025-07-31,1930.0,1930.0,1930.0,1930.0,0,0,1
BANKNIFTY31JUL2548600PE.NFO,2025-05-21,14:25:00,2025-07-31,1930.0,1930.0,1930.0,1930.0,0,0,1
BANKNIFTY31JUL2548600PE.NFO,2025-05-21,14:26:00,2025-07-31,1930.0,1930.0,1930.0,1930.0,0,0,1
BANKNIFTY31JUL2548600PE.NFO,2025-05-21,14:27:00,2025-07-31,1930.0,1930.0,1930.0,1930.0,0,0,1
BANKNIFTY31JUL2548600PE.NFO,2025-05-21,14:28:00,2025-07-31,1930.0,1930.0,1930.0,1930.0,0,0,1
BANKNIFTY31JUL2548600PE.NFO,2025-05-21,14:29:00,2025-07-31,1930.0,1930.0,1930.0,1930.0,0,0,1
BANKNIFTY31JUL2548600PE.NFO,2025-05-21,14:30:00,2025-07-31,1930.0,1930.0,1930.0,1930.0,0,0,1
BANKNIFTY31JUL2548600PE.NFO,2025-05-21,14:31:00,2025-07-31,1930.0,1930.0,1930.0,1930.0,0,0,1
BANKNIFTY31JUL2548600PE.NFO,2025-05-21,14:32:00,2025-07-31,1930.0,1930.0,1930.0,1930.0,0,0,1
BANKNIFTY31JUL2548600PE.NFO,2025-05-21,14:33:00,2025-07-31,1930.0,1930.0,1930.0,1930.0,0,0,1
BANKNIFTY31JUL2548600PE.NFO,2025-05-21,14:34:00,2025-07-31,1930.0,1930.0,1930.0,1930.0,0,0,1
BANKNIFTY31JUL2548600PE.NFO,2025-05-21,14:35:00,2025-07-31,1930.0,1930.0,1930.0,1930.0,0,0,1
BANKNIFTY31JUL2548600PE.NFO,2025-05-21,14:36:00,2025-07-31,1930.0,1930.0,1930.0,1930.0,0,0,1
BANKNIFTY31JUL2548600PE.NFO,2025-05-21,14:37:00,2025-07-31,1930.0,1930.0,1930.0,1930.0,0,0,1
BANKNIFTY31JUL2548600PE.NFO,2025-05-21,14:38:00,2025-07-31,1930.0,1930.0,1930.0,1930.0,0,0,1
BANKNIFTY31JUL2548600PE.NFO,2025-05-21,14:39:00,2025-07-31,1930.0,1930.0,1930.0,1930.0,0,0,1
BANKNIFTY31JUL2548600PE.NFO,2025-05-21,14:40:00,2025-07-31,1930.0,1930.0,1930.0,1930.0,0,0,1
BANKNIFTY31JUL2548600PE.NFO,2025-05-21,14:41:00,2025-07-31,1930.0,1930.0,1930.0,1930.0,0,0,1
BANKNIFTY31JUL2548600PE.NFO,2025-05-21,14:42:00,2025-07-31,1930.0,1930.0,1930.0,1930.0,0,0,1
BANKNIFTY31JUL2548600PE.NFO,2025-05-21,14:43:00,2025-07-31,1930.0,1930.0,1930.0,1930.0,0,0,1
BANKNIFTY31JUL2548600PE.NFO,2025-05-21,14:44:00,2025-07-31,1930.0,1930.0,1930.0,1930.0,0,0,1
BANKNIFTY31JUL2548600PE.NFO,2025-05-21,14:45:00,2025-07-31,1930.0,1930.0,1930.0,1930.0,0,0,1
BANKNIFTY31JUL2548600PE.NFO,2025-05-21,14:46:00,2025-07-31,1930.0,1930.0,1930.0,1930.0,0,0,1
BANKNIFTY31JUL2548600PE.NFO,2025-05-21,14:47:00,2025-07-31,1930.0,1930.0,1930.0,1930.0,0,0,1
BANKNIFTY31JUL2548600PE.NFO,2025-05-21,14:48:00,2025-07-31,1930.0,1930.0,1930.0,1930.0,0,0,1
BANKNIFTY31JUL2548600PE.NFO,2025-05-21,14:49:00,2025-07-31,1930.0,1930.0,1930.0,1930.0,0,0,1
BANKNIFTY31JUL2548600PE.NFO,2025-05-21,14:50:00,2025-07-31,1930.0,1930.0,1930.0,1930.0,0,0,1
BANKNIFTY31JUL2548600PE.NFO,2025-05-21,14:51:00,2025-07-31,1930.0,1930.0,1930.0,1930.0,0,0,1
BANKNIFTY31JUL2548600PE.NFO,2025-05-21,14:52:00,2025-07-31,1930.0,1930.0,1930.0,1930.0,0,0,1
BANKNIFTY31JUL2548600PE.NFO,2025-05-21,14:53:00,2025-07-31,1930.0,1930.0,1930.0,1930.0,0,0,1
BANKNIFTY31JUL2548600PE.NFO,2025-05-21,14:54:00,2025-07-31,1930.0,1930.0,1930.0,1930.0,0,0,1
BANKNIFTY31JUL2548600PE.NFO,2025-05-21,14:55:00,2025-07-31,1930.0,1930.0,1930.0,1930.0,0,0,1
BANKNIFTY31JUL2548600PE.NFO,2025-05-21,14:56:00,2025-07-31,1930.0,1930.0,1930.0,1930.0,0,0,1
BANKNIFTY31JUL2548600PE.NFO,2025-05-21,14:57:00,2025-07-31,1930.0,1930.0,1930.0,1930.0,0,0,1
BANKNIFTY31JUL2548600PE.NFO,2025-05-21,14:58:00,2025-07-31,1930.0,1930.0,1930.0,1930.0,0,0,1
BANKNIFTY31JUL2548600PE.NFO,2025-05-21,14:59:00,2025-07-31,1930.0,1930.0,1930.0,1930.0,0,0,1
BANKNIFTY31JUL2548600PE.NFO,2025-05-21,15:00:00,2025-07-31,1930.0,1930.0,1930.0,1930.0,0,0,1
BANKNIFTY31JUL2548600PE.NFO,2025-05-21,15:01:00,2025-07-31,1930.0,1930.0,1930.0,1930.0,0,0,1
BANKNIFTY31JUL2548600PE.NFO,2025-05-21,15:02:00,2025-07-31,1930.0,1930.0,1930.0,1930.0,0,0,1
BANKNIFTY31JUL2548600PE.NFO,2025-05-21,15:03:00,2025-07-31,1930.0,1930.0,1930.0,1930.0,0,0,1
BANKNIFTY31JUL2548600PE.NFO,2025-05-21,15:04:00,2025-07-31,1930.0,1930.0,1930.0,1930.0,0,0,1
BANKNIFTY31JUL2548600PE.NFO,2025-05-21,15:05:00,2025-07-31,1930.0,1930.0,1930.0,1930.0,0,0,1
BANKNIFTY31JUL2548600PE.NFO,2025-05-21,15:06:00,2025-07-31,1930.0,1930.0,1930.0,1930.0,0,0,1
BANKNIFTY31JUL2548600PE.NFO,2025-05-21,15:07:00,2025-07-31,1930.0,1930.0,1930.0,1930.0,0,0,1
BANKNIFTY31JUL2548600PE.NFO,2025-05-21,15:08:00,2025-07-31,1930.0,1930.0,1930.0,1930.0,0,0,1
BANKNIFTY31JUL2548600PE.NFO,2025-05-21,15:09:00,2025-07-31,1930.0,1930.0,1930.0,1930.0,0,0,1
BANKNIFTY31JUL2548600PE.NFO,2025-05-21,15:10:00,2025-07-31,1930.0,1930.0,1930.0,1930.0,0,0,1
BANKNIFTY31JUL2548600PE.NFO,2025-05-21,15:11:00,2025-07-31,1930.0,1930.0,1930.0,1930.0,0,0,1
BANKNIFTY31JUL2548600PE.NFO,2025-05-21,15:12:00,2025-07-31,1930.0,1930.0,1930.0,1930.0,0,0,1
BANKNIFTY31JUL2548600PE.NFO,2025-05-21,15:13:00,2025-07-31,1930.0,1930.0,1930.0,1930.0,0,0,1
BANKNIFTY31JUL2548600PE.NFO,2025-05-21,15:14:00,2025-07-31,1930.0,1930.0,1930.0,1930.0,0,0,1
BANKNIFTY31JUL2548600PE.NFO,2025-05-21,15:15:00,2025-07-31,1930.0,1930.0,1930.0,1930.0,0,0,1
BANKNIFTY31JUL2548600PE.NFO,2025-05-21,15:16:00,2025-07-31,1930.0,1930.0,1930.0,1930.0,0,0,1
BANKNIFTY31JUL2548600PE.NFO,2025-05-21,15:17:00,2025-07-31,1930.0,1930.0,1930.0,1930.0,0,0,1
BANKNIFTY31JUL2548600PE.NFO,2025-05-21,15:18:00,2025-07-31,1930.0,1930.0,1930.0,1930.0,0,0,1
BANKNIFTY31JUL2548600PE.NFO,2025-05-21,15:19:00,2025-07-31,1930.0,1930.0,1930.0,1930.0,0,0,1
BANKNIFTY31JUL2548600PE.NFO,2025-05-21,15:20:00,2025-07-31,1930.0,1930.0,1930.0,1930.0,0,0,1
BANKNIFTY31JUL2548600PE.NFO,2025-05-21,15:21:00,2025-07-31,1930.0,1930.0,1930.0,1930.0,0,0,1
BANKNIFTY31JUL2548600PE.NFO,2025-05-21,15:22:00,2025-07-31,1930.0,1930.0,1930.0,1930.0,0,0,1
BANKNIFTY31JUL2548600PE.NFO,2025-05-21,15:23:00,2025-07-31,1930.0,1930.0,1930.0,1930.0,0,0,1
BANKNIFTY31JUL2548600PE.NFO,2025-05-21,15:24:00,2025-07-31,1930.0,1930.0,1930.0,1930.0,0,0,1
BANKNIFTY31JUL2548600PE.NFO,2025-05-21,15:25:00,2025-07-31,1930.0,1930.0,1930.0,1930.0,0,0,1
BANKNIFTY31JUL2548600PE.NFO,2025-05-21,15:26:00,2025-07-31,1930.0,1930.0,1930.0,1930.0,0,0,1
BANKNIFTY31JUL2548600PE.NFO,2025-05-21,15:27:00,2025-07-31,1930.0,1930.0,1930.0,1930.0,0,0,1
BANKNIFTY31JUL2548600PE.NFO,2025-05-21,15:28:00,2025-07-31,1930.0,1930.0,1930.0,1930.0,0,0,1
BANKNIFTY31JUL2548600PE.NFO,2025-05-21,15:29:00,2025-07-31,1930.0,1930.0,1930.0,1930.0,0,0,1
BANKNIFTY31JUL2548600PE.NFO,2025-05-21,15:30:00,2025-07-31,1930.0,1930.0,1930.0,1930.0,0,0,1
BANKNIFTY31JUL2548600PE.NFO,2025-05-22,09:15:00,2025-07-31,1930.0,1930.0,1930.0,1930.0,0,0,0
BANKNIFTY31JUL2548600PE.NFO,2025-05-22,09:16:00,2025-07-31,1930.0,1930.0,1930.0,1930.0,0,0,1
BANKNIFTY31JUL2548600PE.NFO,2025-05-22,09:17:00,2025-07-31,1930.0,1930.0,1930.0,1930.0,0,0,1
BANKNIFTY31JUL2548600PE.NFO,2025-05-22,09:18:00,2025-07-31,1930.0,1930.0,1930.0,1930.0,0,0,1
BANKNIFTY31JUL2548600PE.NFO,2025-05-22,09:19:00,2025-07-31,1930.0,1930.0,1930.0,1930.0,0,0,1
BANKNIFTY31JUL2548600PE.NFO,2025-05-22,09:20:00,2025-07-31,1930.0,1930.0,1930.0,1930.0,0,0,1
BANKNIFTY31JUL2548600PE.NFO,2025-05-22,09:21:00,2025-07-31,1930.0,1930.0,1930.0,1930.0,0,0,1
BANKNIFTY31JUL2548600PE.NFO,2025-05-22,09:22:00,2025-07-31,1930.0,1930.0,1930.0,1930.0,0,0,1
BANKNIFTY31JUL2548600PE.NFO,2025-05-22,09:23:00,2025-07-31,1930.0,1930.0,1930.0,1930.0,0,0,1
BANKNIFTY31JUL2548600PE.NFO,2025-05-22,09:24:00,2025-07-31,1930.0,1930.0,1930.0,1930.0,0,0,1
BANKNIFTY31JUL2548600PE.NFO,2025-05-22,09:25:00,2025-07-31,1930.0,1930.0,1930.0,1930.0,0,0,1
BANKNIFTY31JUL2548600PE.NFO,2025-05-22,09:26:00,2025-07-31,1930.0,1930.0,1930.0,1930.0,0,0,1
BANKNIFTY31JUL2548600PE.NFO,2025-05-22,09:27:00,2025-07-31,1930.0,1930.0,1930.0,1930.0,0,0,1
BANKNIFTY31JUL2548600PE.NFO,2025-05-22,09:28:00,2025-07-31,1930.0,1930.0,1930.0,1930.0,0,0,1
BANKNIFTY31JUL2548600PE.NFO,2025-05-22,09:29:00,2025-07-31,1930.0,1930.0,1930.0,1930.0,0,0,1
BANKNIFTY31JUL2548600PE.NFO,2025-05-22,09:30:00,2025-07-31,1930.0,1930.0,1930.0,1930.0,0,0,1
BANKNIFTY31JUL2548600PE.NFO,2025-05-22,09:31:00,2025-07-31,1930.0,1930.0,1930.0,1930.0,0,0,1
BANKNIFTY31JUL2548600PE.NFO,2025-05-22,09:32:00,2025-07-31,1930.0,1930.0,1930.0,1930.0,0,0,1
BANKNIFTY31JUL2548600PE.NFO,2025-05-22,09:33:00,2025-07-31,1930.0,1930.0,1930.0,1930.0,0,0,1
BANKNIFTY31JUL2548600PE.NFO,2025-05-22,09:34:00,2025-07-31,1930.0,1930.0,1930.0,1930.0,0,0,1
BANKNIFTY31JUL2548600PE.NFO,2025-05-22,09:35:00,2025-07-31,1930.0,1930.0,1930.0,1930.0,0,0,1
BANKNIFTY31JUL2548600PE.NFO,2025-05-22,09:36:00,2025-07-31,1930.0,1930.0,1930.0,1930.0,0,0,1
BANKNIFTY31JUL2548600PE.NFO,2025-05-22,09:37:00,2025-07-31,1930.0,1930.0,1930.0,1930.0,0,0,1
BANKNIFTY31JUL2548600PE.NFO,2025-05-22,09:38:00,2025-07-31,1930.0,1930.0,1930.0,1930.0,0,0,1
BANKNIFTY31JUL2548600PE.NFO,2025-05-22,09:39:00,2025-07-31,1930.0,1930.0,1930.0,1930.0,0,0,1
BANKNIFTY31JUL2548600PE.NFO,2025-05-22,09:40:00,2025-07-31,1930.0,1930.0,1930.0,1930.0,0,0,1
BANKNIFTY31JUL2548600PE.NFO,2025-05-22,09:41:00,2025-07-31,1930.0,1930.0,1930.0,1930.0,0,0,1
BANKNIFTY31JUL2548600PE.NFO,2025-05-22,09:42:00,2025-07-31,1930.0,1930.0,1930.0,1930.0,0,0,1
BANKNIFTY31JUL2548600PE.NFO,2025-05-22,09:43:00,2025-07-31,1930.0,1930.0,1930.0,1930.0,0,0,1
BANKNIFTY31JUL2548600PE.NFO,2025-05-22,09:44:00,2025-07-31,1930.0,1930.0,1930.0,1930.0,0,0,1
BANKNIFTY31JUL2548600PE.NFO,2025-05-22,09:45:00,2025-07-31,1930.0,1930.0,1930.0,1930.0,0,0,1
BANKNIFTY31JUL2548600PE.NFO,2025-05-22,09:46:00,2025-07-31,1930.0,1930.0,1930.0,1930.0,0,0,1
BANKNIFTY31JUL2548600PE.NFO,2025-05-22,09:47:00,2025-07-31,1930.0,1930.0,1930.0,1930.0,0,0,1
BANKNIFTY31JUL2548600PE.NFO,2025-05-22,09:48:00,2025-07-31,1930.0,1930.0,1930.0,1930.0,0,0,1
BANKNIFTY31JUL2548600PE.NFO,2025-05-22,09:49:00,2025-07-31,1930.0,1930.0,1930.0,1930.0,0,0,1
BANKNIFTY31JUL2548600PE.NFO,2025-05-22,09:50:00,2025-07-31,1930.0,1930.0,1930.0,1930.0,0,0,1
BANKNIFTY31JUL2548600PE.NFO,2025-05-22,09:51:00,2025-07-31,1930.0,1930.0,1930.0,1930.0,0,0,1
BANKNIFTY31JUL2548600PE.NFO,2025-05-22,09:52:00,2025-07-31,1930.0,1930.0,1930.0,1930.0,0,0,1
BANKNIFTY31JUL2548600PE.NFO,2025-05-22,09:53:00,2025-07-31,1930.0,1930.0,1930.0,1930.0,0,0,1
BANKNIFTY31JUL2548600PE.NFO,2025-05-22,09:54:00,2025-07-31,1930.0,1930.0,1930.0,1930.0,0,0,1
BANKNIFTY31JUL2548600PE.NFO,2025-05-22,09:55:00,2025-07-31,1930.0,1930.0,1930.0,1930.0,0,0,1
BANKNIFTY31JUL2548600PE.NFO,2025-05-22,09:56:00,2025-07-31,1930.0,1930.0,1930.0,1930.0,0,0,1
BANKNIFTY31JUL2548600PE.NFO,2025-05-22,09:57:00,2025-07-31,1930.0,1930.0,1930.0,1930.0,0,0,1
BANKNIFTY31JUL2548600PE.NFO,2025-05-22,09:58:00,2025-07-31,1930.0,1930.0,1930.0,1930.0,0,0,1
BANKNIFTY31JUL2548600PE.NFO,2025-05-22,09:59:00,2025-07-31,1930.0,1930.0,1930.0,1930.0,0,0,1
BANKNIFTY31JUL2548600PE.NFO,2025-05-22,10:00:00,2025-07-31,1930.0,1930.0,1930.0,1930.0,0,0,1
BANKNIFTY31JUL2548600PE.NFO,2025-05-22,10:01:00,2025-07-31,1930.0,1930.0,1930.0,1930.0,0,0,1
BANKNIFTY31JUL2548600PE.NFO,2025-05-22,10:02:00,2025-07-31,1930.0,1930.0,1930.0,1930.0,0,0,1
BANKNIFTY31JUL2548600PE.NFO,2025-05-22,10:03:00,2025-07-31,1930.0,1930.0,1930.0,1930.0,0,0,1
BANKNIFTY31JUL2548600PE.NFO,2025-05-22,10:04:00,2025-07-31,1930.0,1930.0,1930.0,1930.0,0,0,1
BANKNIFTY31JUL2548600PE.NFO,2025-05-22,10:05:00,2025-07-31,1930.0,1930.0,1930.0,1930.0,0,0,1
BANKNIFTY31JUL2548600PE.NFO,2025-05-22,10:06:00,2025-07-31,1930.0,1930.0,1930.0,1930.0,0,0,1
BANKNIFTY31JUL2548600PE.NFO,2025-05-22,10:07:00,2025-07-31,1930.0,1930.0,1930.0,1930.0,0,0,1
BANKNIFTY31JUL2548600PE.NFO,2025-05-22,10:08:00,2025-07-31,1930.0,1930.0,1930.0,1930.0,0,0,1
BANKNIFTY31JUL2548600PE.NFO,2025-05-22,10:09:00,2025-07-31,1930.0,1930.0,1930.0,1930.0,0,0,1
BANKNIFTY31JUL2548600PE.NFO,2025-05-22,10:10:00,2025-07-31,1930.0,1930.0,1930.0,1930.0,0,0,1
BANKNIFTY31JUL2548600PE.NFO,2025-05-22,10:11:00,2025-07-31,1930.0,1930.0,1930.0,1930.0,0,0,1
BANKNIFTY31JUL2548600PE.NFO,2025-05-22,10:12:00,2025-07-31,1930.0,1930.0,1930.0,1930.0,0,0,1
BANKNIFTY31JUL2548600PE.NFO,2025-05-22,10:13:00,2025-07-31,1930.0,1930.0,1930.0,1930.0,0,0,1
BANKNIFTY31JUL2548600PE.NFO,2025-05-22,10:14:00,2025-07-31,1930.0,1930.0,1930.0,1930.0,0,0,1
BANKNIFTY31JUL2548600PE.NFO,2025-05-22,10:15:00,2025-07-31,1930.0,1930.0,1930.0,1930.0,0,0,1
BANKNIFTY31JUL2548600PE.NFO,2025-05-22,10:16:00,2025-07-31,1930.0,1930.0,1930.0,1930.0,0,0,1
BANKNIFTY31JUL2548600PE.NFO,2025-05-22,10:17:00,2025-07-31,1930.0,1930.0,1930.0,1930.0,0,0,1
BANKNIFTY31JUL2548600PE.NFO,2025-05-22,10:18:00,2025-07-31,1930.0,1930.0,1930.0,1930.0,0,0,1
BANKNIFTY31JUL2548600PE.NFO,2025-05-22,10:19:00,2025-07-31,1930.0,1930.0,1930.0,1930.0,0,0,1
BANKNIFTY31JUL2548600PE.NFO,2025-05-22,10:20:00,2025-07-31,1930.0,1930.0,1930.0,1930.0,0,0,1
BANKNIFTY31JUL2548600PE.NFO,2025-05-22,10:21:00,2025-07-31,1930.0,1930.0,1930.0,1930.0,0,0,1
BANKNIFTY31JUL2548600PE.NFO,2025-05-22,10:22:00,2025-07-31,1930.0,1930.0,1930.0,1930.0,0,0,1
BANKNIFTY31JUL2548600PE.NFO,2025-05-22,10:23:00,2025-07-31,1930.0,1930.0,1930.0,1930.0,0,0,1
BANKNIFTY31JUL2548600PE.NFO,2025-05-22,10:24:00,2025-07-31,1930.0,1930.0,1930.0,1930.0,0,0,1
BANKNIFTY31JUL2548600PE.NFO,2025-05-22,10:25:00,2025-07-31,1930.0,1930.0,1930.0,1930.0,0,0,1
BANKNIFTY31JUL2548600PE.NFO,2025-05-22,10:26:00,2025-07-31,1930.0,1930.0,1930.0,1930.0,0,0,1
BANKNIFTY31JUL2548600PE.NFO,2025-05-22,10:27:00,2025-07-31,1930.0,1930.0,1930.0,1930.0,0,0,1
BANKNIFTY31JUL2548600PE.NFO,2025-05-22,10:28:00,2025-07-31,1930.0,1930.0,1930.0,1930.0,0,0,1
BANKNIFTY31JUL2548600PE.NFO,2025-05-22,10:29:00,2025-07-31,1930.0,1930.0,1930.0,1930.0,0,0,1
BANKNIFTY31JUL2548600PE.NFO,2025-05-22,10:30:00,2025-07-31,1930.0,1930.0,1930.0,1930.0,0,0,1
BANKNIFTY31JUL2548600PE.NFO,2025-05-22,10:31:00,2025-07-31,1930.0,1930.0,1930.0,1930.0,0,0,1
BANKNIFTY31JUL2548600PE.NFO,2025-05-22,10:32:00,2025-07-31,1930.0,1930.0,1930.0,1930.0,0,0,1
BANKNIFTY31JUL2548600PE.NFO,2025-05-22,10:33:00,2025-07-31,1930.0,1930.0,1930.0,1930.0,0,0,1
BANKNIFTY31JUL2548600PE.NFO,2025-05-22,10:34:00,2025-07-31,1930.0,1930.0,1930.0,1930.0,0,0,1
BANKNIFTY31JUL2548600PE.NFO,2025-05-22,10:35:00,2025-07-31,1930.0,1930.0,1930.0,1930.0,0,0,1
BANKNIFTY31JUL2548600PE.NFO,2025-05-22,10:36:00,2025-07-31,1930.0,1930.0,1930.0,1930.0,0,0,1
BANKNIFTY31JUL2548600PE.NFO,2025-05-22,10:37:00,2025-07-31,1930.0,1930.0,1930.0,1930.0,0,0,1
BANKNIFTY31JUL2548600PE.NFO,2025-05-22,10:38:00,2025-07-31,1930.0,1930.0,1930.0,1930.0,0,0,1
BANKNIFTY31JUL2548600PE.NFO,2025-05-22,10:39:00,2025-07-31,1930.0,1930.0,1930.0,1930.0,0,0,1
BANKNIFTY31JUL2548600PE.NFO,2025-05-22,10:40:00,2025-07-31,1930.0,1930.0,1930.0,1930.0,0,0,1
BANKNIFTY31JUL2548600PE.NFO,2025-05-22,10:41:00,2025-07-31,1930.0,1930.0,1930.0,1930.0,0,0,1
BANKNIFTY31JUL2548600PE.NFO,2025-05-22,10:42:00,2025-07-31,1930.0,1930.0,1930.0,1930.0,0,0,1
BANKNIFTY31JUL2548600PE.NFO,2025-05-22,10:43:00,2025-07-31,1930.0,1930.0,1930.0,1930.0,0,0,1
BANKNIFTY31JUL2548600PE.NFO,2025-05-22,10:44:00,2025-07-31,1930.0,1930.0,1930.0,1930.0,0,0,1
BANKNIFTY31JUL2548600PE.NFO,2025-05-22,10:45:00,2025-07-31,1930.0,1930.0,1930.0,1930.0,0,0,1
BANKNIFTY31JUL2548600PE.NFO,2025-05-22,10:46:00,2025-07-31,1930.0,1930.0,1930.0,1930.0,0,0,1
BANKNIFTY31JUL2548600PE.NFO,2025-05-22,10:47:00,2025-07-31,1930.0,1930.0,1930.0,1930.0,0,0,1
BANKNIFTY31JUL2548600PE.NFO,2025-05-22,10:48:00,2025-07-31,1930.0,1930.0,1930.0,1930.0,0,0,1
BANKNIFTY31JUL2548600PE.NFO,2025-05-22,10:49:00,2025-07-31,1930.0,1930.0,1930.0,1930.0,0,0,1
BANKNIFTY31JUL2548600PE.NFO,2025-05-22,10:50:00,2025-07-31,1930.0,1930.0,1930.0,1930.0,0,0,1
BANKNIFTY31JUL2548600PE.NFO,2025-05-22,10:51:00,2025-07-31,1930.0,1930.0,1930.0,1930.0,0,0,1
BANKNIFTY31JUL2548600PE.NFO,2025-05-22,10:52:00,2025-07-31,1930.0,1930.0,1930.0,1930.0,0,0,1
BANKNIFTY31JUL2548600PE.NFO,2025-05-22,10:53:00,2025-07-31,1930.0,1930.0,1930.0,1930.0,0,0,1
BANKNIFTY31JUL2548600PE.NFO,2025-05-22,10:54:00,2025-07-31,1930.0,1930.0,1930.0,1930.0,0,0,1
BANKNIFTY31JUL2548600PE.NFO,2025-05-22,10:55:00,2025-07-31,1930.0,1930.0,1930.0,1930.0,0,0,1
BANKNIFTY31JUL2548600PE.NFO,2025-05-22,10:56:00,2025-07-31,1930.0,1930.0,1930.0,1930.0,0,0,1
BANKNIFTY31JUL2548600PE.NFO,2025-05-22,10:57:00,2025-07-31,1930.0,1930.0,1930.0,1930.0,0,0,1
BANKNIFTY31JUL2548600PE.NFO,2025-05-22,10:58:00,2025-07-31,1930.0,1930.0,1930.0,1930.0,0,0,1
BANKNIFTY31JUL2548600PE.NFO,2025-05-22,10:59:00,2025-07-31,1930.0,1930.0,1930.0,1930.0,0,0,1
BANKNIFTY31JUL2548600PE.NFO,2025-05-22,11:00:00,2025-07-31,1930.0,1930.0,1930.0,1930.0,0,0,1
BANKNIFTY31JUL2548600PE.NFO,2025-05-22,11:01:00,2025-07-31,1930.0,1930.0,1930.0,1930.0,0,0,1
BANKNIFTY31JUL2548600PE.NFO,2025-05-22,11:02:00,2025-07-31,1930.0,1930.0,1930.0,1930.0,0,0,1
BANKNIFTY31JUL2548600PE.NFO,2025-05-22,11:03:00,2025-07-31,1930.0,1930.0,1930.0,1930.0,0,0,1
BANKNIFTY31JUL2548600PE.NFO,2025-05-22,11:04:00,2025-07-31,1930.0,1930.0,1930.0,1930.0,0,0,1
BANKNIFTY31JUL2548600PE.NFO,2025-05-22,11:05:00,2025-07-31,1930.0,1930.0,1930.0,1930.0,0,0,1
BANKNIFTY31JUL2548600PE.NFO,2025-05-22,11:06:00,2025-07-31,1930.0,1930.0,1930.0,1930.0,0,0,1
BANKNIFTY31JUL2548600PE.NFO,2025-05-22,11:07:00,2025-07-31,1930.0,1930.0,1930.0,1930.0,0,0,1
BANKNIFTY31JUL2548600PE.NFO,2025-05-22,11:08:00,2025-07-31,1930.0,1930.0,1930.0,1930.0,0,0,1
BANKNIFTY31JUL2548600PE.NFO,2025-05-22,11:09:00,2025-07-31,1930.0,1930.0,1930.0,1930.0,0,0,1
BANKNIFTY31JUL2548600PE.NFO,2025-05-22,11:10:00,2025-07-31,1930.0,1930.0,1930.0,1930.0,0,0,1
BANKNIFTY31JUL2548600PE.NFO,2025-05-22,11:11:00,2025-07-31,1930.0,1930.0,1930.0,1930.0,0,0,1
BANKNIFTY31JUL2548600PE.NFO,2025-05-22,11:12:00,2025-07-31,1930.0,1930.0,1930.0,1930.0,0,0,1
BANKNIFTY31JUL2548600PE.NFO,2025-05-22,11:13:00,2025-07-31,1930.0,1930.0,1930.0,1930.0,0,0,1
BANKNIFTY31JUL2548600PE.NFO,2025-05-22,11:14:00,2025-07-31,1930.0,1930.0,1930.0,1930.0,0,0,1
BANKNIFTY31JUL2548600PE.NFO,2025-05-22,11:15:00,2025-07-31,1930.0,1930.0,1930.0,1930.0,0,0,1
BANKNIFTY31JUL2548600PE.NFO,2025-05-22,11:16:00,2025-07-31,1930.0,1930.0,1930.0,1930.0,0,0,1
BANKNIFTY31JUL2548600PE.NFO,2025-05-22,11:17:00,2025-07-31,1930.0,1930.0,1930.0,1930.0,0,0,1
BANKNIFTY31JUL2548600PE.NFO,2025-05-22,11:18:00,2025-07-31,1930.0,1930.0,1930.0,1930.0,0,0,1
BANKNIFTY31JUL2548600PE.NFO,2025-05-22,11:19:00,2025-07-31,1930.0,1930.0,1930.0,1930.0,0,0,1
BANKNIFTY31JUL2548600PE.NFO,2025-05-22,11:20:00,2025-07-31,1930.0,1930.0,1930.0,1930.0,0,0,1
BANKNIFTY31JUL2548600PE.NFO,2025-05-22,11:21:00,2025-07-31,1930.0,1930.0,1930.0,1930.0,0,0,1
BANKNIFTY31JUL2548600PE.NFO,2025-05-22,11:22:00,2025-07-31,1930.0,1930.0,1930.0,1930.0,0,0,1
BANKNIFTY31JUL2548600PE.NFO,2025-05-22,11:23:00,2025-07-31,1930.0,1930.0,1930.0,1930.0,0,0,1
BANKNIFTY31JUL2548600PE.NFO,2025-05-22,11:24:00,2025-07-31,1930.0,1930.0,1930.0,1930.0,0,0,1
BANKNIFTY31JUL2548600PE.NFO,2025-05-22,11:25:00,2025-07-31,1930.0,1930.0,1930.0,1930.0,0,0,1
BANKNIFTY31JUL2548600PE.NFO,2025-05-22,11:26:00,2025-07-31,1930.0,1930.0,1930.0,1930.0,0,0,1
BANKNIFTY31JUL2548600PE.NFO,2025-05-22,11:27:00,2025-07-31,1930.0,1930.0,1930.0,1930.0,0,0,1
BANKNIFTY31JUL2548600PE.NFO,2025-05-22,11:28:00,2025-07-31,1930.0,1930.0,1930.0,1930.0,0,0,1
BANKNIFTY31JUL2548600PE.NFO,2025-05-22,11:29:00,2025-07-31,1930.0,1930.0,1930.0,1930.0,0,0,1
BANKNIFTY31JUL2548600PE.NFO,2025-05-22,11:30:00,2025-07-31,1930.0,1930.0,1930.0,1930.0,0,0,1
BANKNIFTY31JUL2548600PE.NFO,2025-05-22,11:31:00,2025-07-31,1930.0,1930.0,1930.0,1930.0,0,0,1
BANKNIFTY31JUL2548600PE.NFO,2025-05-22,11:32:00,2025-07-31,1930.0,1930.0,1930.0,1930.0,0,0,1
BANKNIFTY31JUL2548600PE.NFO,2025-05-22,11:33:00,2025-07-31,1930.0,1930.0,1930.0,1930.0,0,0,1
BANKNIFTY31JUL2548600PE.NFO,2025-05-22,11:34:00,2025-07-31,1930.0,1930.0,1930.0,1930.0,0,0,1
BANKNIFTY31JUL2548600PE.NFO,2025-05-22,11:35:00,2025-07-31,1930.0,1930.0,1930.0,1930.0,0,0,1
BANKNIFTY31JUL2548600PE.NFO,2025-05-22,11:36:00,2025-07-31,1930.0,1930.0,1930.0,1930.0,0,0,1
BANKNIFTY31JUL2548600PE.NFO,2025-05-22,11:37:00,2025-07-31,1930.0,1930.0,1930.0,1930.0,0,0,1
BANKNIFTY31JUL2548600PE.NFO,2025-05-22,11:38:00,2025-07-31,1930.0,1930.0,1930.0,1930.0,0,0,1
BANKNIFTY31JUL2548600PE.NFO,2025-05-22,11:39:00,2025-07-31,1930.0,1930.0,1930.0,1930.0,0,0,1
BANKNIFTY31JUL2548600PE.NFO,2025-05-22,11:40:00,2025-07-31,1930.0,1930.0,1930.0,1930.0,0,0,1
BANKNIFTY31JUL2548600PE.NFO,2025-05-22,11:41:00,2025-07-31,1930.0,1930.0,1930.0,1930.0,0,0,1
BANKNIFTY31JUL2548600PE.NFO,2025-05-22,11:42:00,2025-07-31,1930.0,1930.0,1930.0,1930.0,0,0,1
BANKNIFTY31JUL2548600PE.NFO,2025-05-22,11:43:00,2025-07-31,1930.0,1930.0,1930.0,1930.0,0,0,1
BANKNIFTY31JUL2548600PE.NFO,2025-05-22,11:44:00,2025-07-31,1930.0,1930.0,1930.0,1930.0,0,0,1
BANKNIFTY31JUL2548600PE.NFO,2025-05-22,11:45:00,2025-07-31,1930.0,1930.0,1930.0,1930.0,0,0,1
BANKNIFTY31JUL2548600PE.NFO,2025-05-22,11:46:00,2025-07-31,1930.0,1930.0,1930.0,1930.0,0,0,1
BANKNIFTY31JUL2548600PE.NFO,2025-05-22,11:47:00,2025-07-31,1930.0,1930.0,1930.0,1930.0,0,0,1
BANKNIFTY31JUL2548600PE.NFO,2025-05-22,11:48:00,2025-07-31,1930.0,1930.0,1930.0,1930.0,0,0,1
BANKNIFTY31JUL2548600PE.NFO,2025-05-22,11:49:00,2025-07-31,1930.0,1930.0,1930.0,1930.0,0,0,1
BANKNIFTY31JUL2548600PE.NFO,2025-05-22,11:50:00,2025-07-31,1930.0,1930.0,1930.0,1930.0,0,0,1
BANKNIFTY31JUL2548600PE.NFO,2025-05-22,11:51:00,2025-07-31,1930.0,1930.0,1930.0,1930.0,0,0,1
BANKNIFTY31JUL2548600PE.NFO,2025-05-22,11:52:00,2025-07-31,1930.0,1930.0,1930.0,1930.0,0,0,1
BANKNIFTY31JUL2548600PE.NFO,2025-05-22,11:53:00,2025-07-31,1930.0,1930.0,1930.0,1930.0,0,0,1
BANKNIFTY31JUL2548600PE.NFO,2025-05-22,11:54:00,2025-07-31,1930.0,1930.0,1930.0,1930.0,0,0,1
BANKNIFTY31JUL2548600PE.NFO,2025-05-22,11:55:00,2025-07-31,1930.0,1930.0,1930.0,1930.0,0,0,1
BANKNIFTY31JUL2548600PE.NFO,2025-05-22,11:56:00,2025-07-31,1930.0,1930.0,1930.0,1930.0,0,0,1
BANKNIFTY31JUL2548600PE.NFO,2025-05-22,11:57:00,2025-07-31,1930.0,1930.0,1930.0,1930.0,0,0,1
BANKNIFTY31JUL2548600PE.NFO,2025-05-22,11:58:00,2025-07-31,1930.0,1930.0,1930.0,1930.0,0,0,1
BANKNIFTY31JUL2548600PE.NFO,2025-05-22,11:59:00,2025-07-31,1930.0,1930.0,1930.0,1930.0,0,0,1
BANKNIFTY31JUL2548600PE.NFO,2025-05-22,12:00:00,2025-07-31,1930.0,1930.0,1930.0,1930.0,0,0,1
BANKNIFTY31JUL2548600PE.NFO,2025-05-22,12:01:00,2025-07-31,1930.0,1930.0,1930.0,1930.0,0,0,1
BANKNIFTY31JUL2548600PE.NFO,2025-05-22,12:02:00,2025-07-31,1930.0,1930.0,1930.0,1930.0,0,0,1
BANKNIFTY31JUL2548600PE.NFO,2025-05-22,12:03:00,2025-07-31,1930.0,1930.0,1930.0,1930.0,0,0,1
BANKNIFTY31JUL2548600PE.NFO,2025-05-22,12:04:00,2025-07-31,1930.0,1930.0,1930.0,1930.0,0,0,1
BANKNIFTY31JUL2548600PE.NFO,2025-05-22,12:05:00,2025-07-31,1930.0,1930.0,1930.0,1930.0,0,0,1
BANKNIFTY31JUL2548600PE.NFO,2025-05-22,12:06:00,2025-07-31,1930.0,1930.0,1930.0,1930.0,0,0,1
BANKNIFTY31JUL2548600PE.NFO,2025-05-22,12:07:00,2025-07-31,1930.0,1930.0,1930.0,1930.0,0,0,1
BANKNIFTY31JUL2548600PE.NFO,2025-05-22,12:08:00,2025-07-31,1930.0,1930.0,1930.0,1930.0,0,0,1
BANKNIFTY31JUL2548600PE.NFO,2025-05-22,12:09:00,2025-07-31,1930.0,1930.0,1930.0,1930.0,0,0,1
BANKNIFTY31JUL2548600PE.NFO,2025-05-22,12:10:00,2025-07-31,1930.0,1930.0,1930.0,1930.0,0,0,1
BANKNIFTY31JUL2548600PE.NFO,2025-05-22,12:11:00,2025-07-31,1930.0,1930.0,1930.0,1930.0,0,0,1
BANKNIFTY31JUL2548600PE.NFO,2025-05-22,12:12:00,2025-07-31,1930.0,1930.0,1930.0,1930.0,0,0,1
BANKNIFTY31JUL2548600PE.NFO,2025-05-22,12:13:00,2025-07-31,1930.0,1930.0,1930.0,1930.0,0,0,1
BANKNIFTY31JUL2548600PE.NFO,2025-05-22,12:14:00,2025-07-31,1930.0,1930.0,1930.0,1930.0,0,0,1
BANKNIFTY31JUL2548600PE.NFO,2025-05-22,12:15:00,2025-07-31,1930.0,1930.0,1930.0,1930.0,0,0,1
BANKNIFTY31JUL2548600PE.NFO,2025-05-22,12:16:00,2025-07-31,1930.0,1930.0,1930.0,1930.0,0,0,1
BANKNIFTY31JUL2548600PE.NFO,2025-05-22,12:17:00,2025-07-31,1930.0,1930.0,1930.0,1930.0,0,0,1
BANKNIFTY31JUL2548600PE.NFO,2025-05-22,12:18:00,2025-07-31,1930.0,1930.0,1930.0,1930.0,0,0,1
BANKNIFTY31JUL2548600PE.NFO,2025-05-22,12:19:00,2025-07-31,1930.0,1930.0,1930.0,1930.0,0,0,1
BANKNIFTY31JUL2548600PE.NFO,2025-05-22,12:20:00,2025-07-31,1930.0,1930.0,1930.0,1930.0,0,0,1
BANKNIFTY31JUL2548600PE.NFO,2025-05-22,12:21:00,2025-07-31,1930.0,1930.0,1930.0,1930.0,0,0,1
BANKNIFTY31JUL2548600PE.NFO,2025-05-22,12:22:00,2025-07-31,1930.0,1930.0,1930.0,1930.0,0,0,1
BANKNIFTY31JUL2548600PE.NFO,2025-05-22,12:23:00,2025-07-31,1930.0,1930.0,1930.0,1930.0,0,0,1
BANKNIFTY31JUL2548600PE.NFO,2025-05-22,12:24:00,2025-07-31,1930.0,1930.0,1930.0,1930.0,0,0,1
BANKNIFTY31JUL2548600PE.NFO,2025-05-22,12:25:00,2025-07-31,1930.0,1930.0,1930.0,1930.0,0,0,1
BANKNIFTY31JUL2548600PE.NFO,2025-05-22,12:26:00,2025-07-31,1930.0,1930.0,1930.0,1930.0,0,0,1
BANKNIFTY31JUL2548600PE.NFO,2025-05-22,12:27:00,2025-07-31,1930.0,1930.0,1930.0,1930.0,0,0,1
BANKNIFTY31JUL2548600PE.NFO,2025-05-22,12:28:00,2025-07-31,1930.0,1930.0,1930.0,1930.0,0,0,1
BANKNIFTY31JUL2548600PE.NFO,2025-05-22,12:29:00,2025-07-31,1930.0,1930.0,1930.0,1930.0,0,0,1
BANKNIFTY31JUL2548600PE.NFO,2025-05-22,12:30:00,2025-07-31,1930.0,1930.0,1930.0,1930.0,0,0,1
BANKNIFTY31JUL2548600PE.NFO,2025-05-22,12:31:00,2025-07-31,1930.0,1930.0,1930.0,1930.0,0,0,1
BANKNIFTY31JUL2548600PE.NFO,2025-05-22,12:32:00,2025-07-31,1930.0,1930.0,1930.0,1930.0,0,0,1
BANKNIFTY31JUL2548600PE.NFO,2025-05-22,12:33:00,2025-07-31,1930.0,1930.0,1930.0,1930.0,0,0,1
BANKNIFTY31JUL2548600PE.NFO,2025-05-22,12:34:00,2025-07-31,1930.0,1930.0,1930.0,1930.0,0,0,1
BANKNIFTY31JUL2548600PE.NFO,2025-05-22,12:35:00,2025-07-31,1930.0,1930.0,1930.0,1930.0,0,0,1
BANKNIFTY31JUL2548600PE.NFO,2025-05-22,12:36:00,2025-07-31,1930.0,1930.0,1930.0,1930.0,0,0,1
BANKNIFTY31JUL2548600PE.NFO,2025-05-22,12:37:00,2025-07-31,1930.0,1930.0,1930.0,1930.0,0,0,1
BANKNIFTY31JUL2548600PE.NFO,2025-05-22,12:38:00,2025-07-31,1930.0,1930.0,1930.0,1930.0,0,0,1
BANKNIFTY31JUL2548600PE.NFO,2025-05-22,12:39:00,2025-07-31,1930.0,1930.0,1930.0,1930.0,0,0,1
BANKNIFTY31JUL2548600PE.NFO,2025-05-22,12:40:00,2025-07-31,1930.0,1930.0,1930.0,1930.0,0,0,1
BANKNIFTY31JUL2548600PE.NFO,2025-05-22,12:41:00,2025-07-31,1930.0,1930.0,1930.0,1930.0,0,0,1
BANKNIFTY31JUL2548600PE.NFO,2025-05-22,12:42:00,2025-07-31,1930.0,1930.0,1930.0,1930.0,0,0,1
BANKNIFTY31JUL2548600PE.NFO,2025-05-22,12:43:00,2025-07-31,1930.0,1930.0,1930.0,1930.0,0,0,1
BANKNIFTY31JUL2548600PE.NFO,2025-05-22,12:44:00,2025-07-31,1930.0,1930.0,1930.0,1930.0,0,0,1
BANKNIFTY31JUL2548600PE.NFO,2025-05-22,12:45:00,2025-07-31,1930.0,1930.0,1930.0,1930.0,0,0,1
BANKNIFTY31JUL2548600PE.NFO,2025-05-22,12:46:00,2025-07-31,1930.0,1930.0,1930.0,1930.0,0,0,1
BANKNIFTY31JUL2548600PE.NFO,2025-05-22,12:47:00,2025-07-31,1930.0,1930.0,1930.0,1930.0,0,0,1
BANKNIFTY31JUL2548600PE.NFO,2025-05-22,12:48:00,2025-07-31,1930.0,1930.0,1930.0,1930.0,0,0,1
BANKNIFTY31JUL2548600PE.NFO,2025-05-22,12:49:00,2025-07-31,1930.0,1930.0,1930.0,1930.0,0,0,1
BANKNIFTY31JUL2548600PE.NFO,2025-05-22,12:50:00,2025-07-31,1930.0,1930.0,1930.0,1930.0,0,0,1
BANKNIFTY31JUL2548600PE.NFO,2025-05-22,12:51:00,2025-07-31,1930.0,1930.0,1930.0,1930.0,0,0,1
BANKNIFTY31JUL2548600PE.NFO,2025-05-22,12:52:00,2025-07-31,1930.0,1930.0,1930.0,1930.0,0,0,1
BANKNIFTY31JUL2548600PE.NFO,2025-05-22,12:53:00,2025-07-31,1930.0,1930.0,1930.0,1930.0,0,0,1
BANKNIFTY31JUL2548600PE.NFO,2025-05-22,12:54:00,2025-07-31,1930.0,1930.0,1930.0,1930.0,0,0,1
BANKNIFTY31JUL2548600PE.NFO,2025-05-22,12:55:00,2025-07-31,1930.0,1930.0,1930.0,1930.0,0,0,1
BANKNIFTY31JUL2548600PE.NFO,2025-05-22,12:56:00,2025-07-31,1930.0,1930.0,1930.0,1930.0,0,0,1
BANKNIFTY31JUL2548600PE.NFO,2025-05-22,12:57:00,2025-07-31,1930.0,1930.0,1930.0,1930.0,0,0,1
BANKNIFTY31JUL2548600PE.NFO,2025-05-22,12:58:00,2025-07-31,1930.0,1930.0,1930.0,1930.0,0,0,1
BANKNIFTY31JUL2548600PE.NFO,2025-05-22,12:59:00,2025-07-31,1930.0,1930.0,1930.0,1930.0,0,0,1
BANKNIFTY31JUL2548600PE.NFO,2025-05-22,13:00:00,2025-07-31,1930.0,1930.0,1930.0,1930.0,0,0,1
BANKNIFTY31JUL2548600PE.NFO,2025-05-22,13:01:00,2025-07-31,1930.0,1930.0,1930.0,1930.0,0,0,1
BANKNIFTY31JUL2548600PE.NFO,2025-05-22,13:02:00,2025-07-31,1930.0,1930.0,1930.0,1930.0,0,0,1
BANKNIFTY31JUL2548600PE.NFO,2025-05-22,13:03:00,2025-07-31,1930.0,1930.0,1930.0,1930.0,0,0,1
BANKNIFTY31JUL2548600PE.NFO,2025-05-22,13:04:00,2025-07-31,1930.0,1930.0,1930.0,1930.0,0,0,1
BANKNIFTY31JUL2548600PE.NFO,2025-05-22,13:05:00,2025-07-31,1930.0,1930.0,1930.0,1930.0,0,0,1
BANKNIFTY31JUL2548600PE.NFO,2025-05-22,13:06:00,2025-07-31,1930.0,1930.0,1930.0,1930.0,0,0,1
BANKNIFTY31JUL2548600PE.NFO,2025-05-22,13:07:00,2025-07-31,1930.0,1930.0,1930.0,1930.0,0,0,1
BANKNIFTY31JUL2548600PE.NFO,2025-05-22,13:08:00,2025-07-31,1930.0,1930.0,1930.0,1930.0,0,0,1
BANKNIFTY31JUL2548600PE.NFO,2025-05-22,13:09:00,2025-07-31,1930.0,1930.0,1930.0,1930.0,0,0,1
BANKNIFTY31JUL2548600PE.NFO,2025-05-22,13:10:00,2025-07-31,1930.0,1930.0,1930.0,1930.0,0,0,1
BANKNIFTY31JUL2548600PE.NFO,2025-05-22,13:11:00,2025-07-31,1930.0,1930.0,1930.0,1930.0,0,0,1
BANKNIFTY31JUL2548600PE.NFO,2025-05-22,13:12:00,2025-07-31,1930.0,1930.0,1930.0,1930.0,0,0,1
BANKNIFTY31JUL2548600PE.NFO,2025-05-22,13:13:00,2025-07-31,1930.0,1930.0,1930.0,1930.0,0,0,1
BANKNIFTY31JUL2548600PE.NFO,2025-05-22,13:14:00,2025-07-31,1930.0,1930.0,1930.0,1930.0,0,0,1
BANKNIFTY31JUL2548600PE.NFO,2025-05-22,13:15:00,2025-07-31,1930.0,1930.0,1930.0,1930.0,0,0,1
BANKNIFTY31JUL2548600PE.NFO,2025-05-22,13:16:00,2025-07-31,1930.0,1930.0,1930.0,1930.0,0,0,1
BANKNIFTY31JUL2548600PE.NFO,2025-05-22,13:17:00,2025-07-31,1930.0,1930.0,1930.0,1930.0,0,0,1
BANKNIFTY31JUL2548600PE.NFO,2025-05-22,13:18:00,2025-07-31,1930.0,1930.0,1930.0,1930.0,0,0,1
BANKNIFTY31JUL2548600PE.NFO,2025-05-22,13:19:00,2025-07-31,1930.0,1930.0,1930.0,1930.0,0,0,1
BANKNIFTY31JUL2548600PE.NFO,2025-05-22,13:20:00,2025-07-31,1930.0,1930.0,1930.0,1930.0,0,0,1
BANKNIFTY31JUL2548600PE.NFO,2025-05-22,13:21:00,2025-07-31,1930.0,1930.0,1930.0,1930.0,0,0,1
BANKNIFTY31JUL2548600PE.NFO,2025-05-22,13:22:00,2025-07-31,1930.0,1930.0,1930.0,1930.0,0,0,1
BANKNIFTY31JUL2548600PE.NFO,2025-05-22,13:23:00,2025-07-31,1930.0,1930.0,1930.0,1930.0,0,0,1
BANKNIFTY31JUL2548600PE.NFO,2025-05-22,13:24:00,2025-07-31,1930.0,1930.0,1930.0,1930.0,0,0,1
BANKNIFTY31JUL2548600PE.NFO,2025-05-22,13:25:00,2025-07-31,1930.0,1930.0,1930.0,1930.0,0,0,1
BANKNIFTY31JUL2548600PE.NFO,2025-05-22,13:26:00,2025-07-31,1930.0,1930.0,1930.0,1930.0,0,0,1
BANKNIFTY31JUL2548600PE.NFO,2025-05-22,13:27:00,2025-07-31,1930.0,1930.0,1930.0,1930.0,0,0,1
BANKNIFTY31JUL2548600PE.NFO,2025-05-22,13:28:00,2025-07-31,1930.0,1930.0,1930.0,1930.0,0,0,1
BANKNIFTY31JUL2548600PE.NFO,2025-05-22,13:29:00,2025-07-31,1930.0,1930.0,1930.0,1930.0,0,0,1
BANKNIFTY31JUL2548600PE.NFO,2025-05-22,13:30:00,2025-07-31,1930.0,1930.0,1930.0,1930.0,0,0,1
BANKNIFTY31JUL2548600PE.NFO,2025-05-22,13:31:00,2025-07-31,1930.0,1930.0,1930.0,1930.0,0,0,1
BANKNIFTY31JUL2548600PE.NFO,2025-05-22,13:32:00,2025-07-31,1930.0,1930.0,1930.0,1930.0,0,0,1
BANKNIFTY31JUL2548600PE.NFO,2025-05-22,13:33:00,2025-07-31,1930.0,1930.0,1930.0,1930.0,0,0,1
BANKNIFTY31JUL2548600PE.NFO,2025-05-22,13:34:00,2025-07-31,1930.0,1930.0,1930.0,1930.0,0,0,1
BANKNIFTY31JUL2548600PE.NFO,2025-05-22,13:35:00,2025-07-31,1930.0,1930.0,1930.0,1930.0,0,0,1
BANKNIFTY31JUL2548600PE.NFO,2025-05-22,13:36:00,2025-07-31,1930.0,1930.0,1930.0,1930.0,0,0,1
BANKNIFTY31JUL2548600PE.NFO,2025-05-22,13:37:00,2025-07-31,1930.0,1930.0,1930.0,1930.0,0,0,1
BANKNIFTY31JUL2548600PE.NFO,2025-05-22,13:38:00,2025-07-31,1930.0,1930.0,1930.0,1930.0,0,0,1
BANKNIFTY31JUL2548600PE.NFO,2025-05-22,13:39:00,2025-07-31,1930.0,1930.0,1930.0,1930.0,0,0,1
BANKNIFTY31JUL2548600PE.NFO,2025-05-22,13:40:00,2025-07-31,1930.0,1930.0,1930.0,1930.0,0,0,1
BANKNIFTY31JUL2548600PE.NFO,2025-05-22,13:41:00,2025-07-31,1930.0,1930.0,1930.0,1930.0,0,0,1
BANKNIFTY31JUL2548600PE.NFO,2025-05-22,13:42:00,2025-07-31,1930.0,1930.0,1930.0,1930.0,0,0,1
BANKNIFTY31JUL2548600PE.NFO,2025-05-22,13:43:00,2025-07-31,1930.0,1930.0,1930.0,1930.0,0,0,1
BANKNIFTY31JUL2548600PE.NFO,2025-05-22,13:44:00,2025-07-31,1930.0,1930.0,1930.0,1930.0,0,0,1
BANKNIFTY31JUL2548600PE.NFO,2025-05-22,13:45:00,2025-07-31,1930.0,1930.0,1930.0,1930.0,0,0,1
BANKNIFTY31JUL2548600PE.NFO,2025-05-22,13:46:00,2025-07-31,1930.0,1930.0,1930.0,1930.0,0,0,1
BANKNIFTY31JUL2548600PE.NFO,2025-05-22,13:47:00,2025-07-31,1930.0,1930.0,1930.0,1930.0,0,0,1
BANKNIFTY31JUL2548600PE.NFO,2025-05-22,13:48:00,2025-07-31,1930.0,1930.0,1930.0,1930.0,0,0,1
BANKNIFTY31JUL2548600PE.NFO,2025-05-22,13:49:00,2025-07-31,1930.0,1930.0,1930.0,1930.0,0,0,1
BANKNIFTY31JUL2548600PE.NFO,2025-05-22,13:50:00,2025-07-31,1930.0,1930.0,1930.0,1930.0,0,0,1
BANKNIFTY31JUL2548600PE.NFO,2025-05-22,13:51:00,2025-07-31,1930.0,1930.0,1930.0,1930.0,0,0,1
BANKNIFTY31JUL2548600PE.NFO,2025-05-22,13:52:00,2025-07-31,1930.0,1930.0,1930.0,1930.0,0,0,1
BANKNIFTY31JUL2548600PE.NFO,2025-05-22,13:53:00,2025-07-31,1930.0,1930.0,1930.0,1930.0,0,0,1
BANKNIFTY31JUL2548600PE.NFO,2025-05-22,13:54:00,2025-07-31,1930.0,1930.0,1930.0,1930.0,0,0,1
BANKNIFTY31JUL2548600PE.NFO,2025-05-22,13:55:00,2025-07-31,1930.0,1930.0,1930.0,1930.0,0,0,1
BANKNIFTY31JUL2548600PE.NFO,2025-05-22,13:56:00,2025-07-31,1930.0,1930.0,1930.0,1930.0,0,0,1
BANKNIFTY31JUL2548600PE.NFO,2025-05-22,13:57:00,2025-07-31,1930.0,1930.0,1930.0,1930.0,0,0,1
BANKNIFTY31JUL2548600PE.NFO,2025-05-22,13:58:00,2025-07-31,1930.0,1930.0,1930.0,1930.0,0,0,1
BANKNIFTY31JUL2548600PE.NFO,2025-05-22,13:59:00,2025-07-31,1930.0,1930.0,1930.0,1930.0,0,0,1
BANKNIFTY31JUL2548600PE.NFO,2025-05-22,14:00:00,2025-07-31,1930.0,1930.0,1930.0,1930.0,0,0,1
BANKNIFTY31JUL2548600PE.NFO,2025-05-22,14:01:00,2025-07-31,1930.0,1930.0,1930.0,1930.0,0,0,1
BANKNIFTY31JUL2548600PE.NFO,2025-05-22,14:02:00,2025-07-31,1930.0,1930.0,1930.0,1930.0,0,0,1
BANKNIFTY31JUL2548600PE.NFO,2025-05-22,14:03:00,2025-07-31,1930.0,1930.0,1930.0,1930.0,0,0,1
BANKNIFTY31JUL2548600PE.NFO,2025-05-22,14:04:00,2025-07-31,1930.0,1930.0,1930.0,1930.0,0,0,1
BANKNIFTY31JUL2548600PE.NFO,2025-05-22,14:05:00,2025-07-31,1930.0,1930.0,1930.0,1930.0,0,0,1
BANKNIFTY31JUL2548600PE.NFO,2025-05-22,14:06:00,2025-07-31,1930.0,1930.0,1930.0,1930.0,0,0,1
BANKNIFTY31JUL2548600PE.NFO,2025-05-22,14:07:00,2025-07-31,1930.0,1930.0,1930.0,1930.0,0,0,1
BANKNIFTY31JUL2548600PE.NFO,2025-05-22,14:08:00,2025-07-31,1930.0,1930.0,1930.0,1930.0,0,0,1
BANKNIFTY31JUL2548600PE.NFO,2025-05-22,14:09:00,2025-07-31,1930.0,1930.0,1930.0,1930.0,0,0,1
BANKNIFTY31JUL2548600PE.NFO,2025-05-22,14:10:00,2025-07-31,1930.0,1930.0,1930.0,1930.0,0,0,1
BANKNIFTY31JUL2548600PE.NFO,2025-05-22,14:11:00,2025-07-31,1930.0,1930.0,1930.0,1930.0,0,0,1
BANKNIFTY31JUL2548600PE.NFO,2025-05-22,14:12:00,2025-07-31,1930.0,1930.0,1930.0,1930.0,0,0,1
BANKNIFTY31JUL2548600PE.NFO,2025-05-22,14:13:00,2025-07-31,1930.0,1930.0,1930.0,1930.0,0,0,1
BANKNIFTY31JUL2548600PE.NFO,2025-05-22,14:14:00,2025-07-31,1930.0,1930.0,1930.0,1930.0,0,0,1
BANKNIFTY31JUL2548600PE.NFO,2025-05-22,14:15:00,2025-07-31,1930.0,1930.0,1930.0,1930.0,0,0,1
BANKNIFTY31JUL2548600PE.NFO,2025-05-22,14:16:00,2025-07-31,1930.0,1930.0,1930.0,1930.0,0,0,1
BANKNIFTY31JUL2548600PE.NFO,2025-05-22,14:17:00,2025-07-31,1930.0,1930.0,1930.0,1930.0,0,0,1
BANKNIFTY31JUL2548600PE.NFO,2025-05-22,14:18:00,2025-07-31,1930.0,1930.0,1930.0,1930.0,0,0,1
BANKNIFTY31JUL2548600PE.NFO,2025-05-22,14:19:00,2025-07-31,1930.0,1930.0,1930.0,1930.0,0,0,1
BANKNIFTY31JUL2548600PE.NFO,2025-05-22,14:20:00,2025-07-31,1930.0,1930.0,1930.0,1930.0,0,0,1
BANKNIFTY31JUL2548600PE.NFO,2025-05-22,14:21:00,2025-07-31,1930.0,1930.0,1930.0,1930.0,0,0,1
BANKNIFTY31JUL2548600PE.NFO,2025-05-22,14:22:00,2025-07-31,1930.0,1930.0,1930.0,1930.0,0,0,1
BANKNIFTY31JUL2548600PE.NFO,2025-05-22,14:23:00,2025-07-31,1930.0,1930.0,1930.0,1930.0,0,0,1
BANKNIFTY31JUL2548600PE.NFO,2025-05-22,14:24:00,2025-07-31,1930.0,1930.0,1930.0,1930.0,0,0,1
BANKNIFTY31JUL2548600PE.NFO,2025-05-22,14:25:00,2025-07-31,1930.0,1930.0,1930.0,1930.0,0,0,1
BANKNIFTY31JUL2548600PE.NFO,2025-05-22,14:26:00,2025-07-31,1930.0,1930.0,1930.0,1930.0,0,0,1
BANKNIFTY31JUL2548600PE.NFO,2025-05-22,14:27:00,2025-07-31,1930.0,1930.0,1930.0,1930.0,0,0,1
BANKNIFTY31JUL2548600PE.NFO,2025-05-22,14:28:00,2025-07-31,1930.0,1930.0,1930.0,1930.0,0,0,1
BANKNIFTY31JUL2548600PE.NFO,2025-05-22,14:29:00,2025-07-31,1930.0,1930.0,1930.0,1930.0,0,0,1
BANKNIFTY31JUL2548600PE.NFO,2025-05-22,14:30:00,2025-07-31,1930.0,1930.0,1930.0,1930.0,0,0,1
BANKNIFTY31JUL2548600PE.NFO,2025-05-22,14:31:00,2025-07-31,1930.0,1930.0,1930.0,1930.0,0,0,1
BANKNIFTY31JUL2548600PE.NFO,2025-05-22,14:32:00,2025-07-31,1930.0,1930.0,1930.0,1930.0,0,0,1
BANKNIFTY31JUL2548600PE.NFO,2025-05-22,14:33:00,2025-07-31,1930.0,1930.0,1930.0,1930.0,0,0,1
BANKNIFTY31JUL2548600PE.NFO,2025-05-22,14:34:00,2025-07-31,1930.0,1930.0,1930.0,1930.0,0,0,1
BANKNIFTY31JUL2548600PE.NFO,2025-05-22,14:35:00,2025-07-31,1930.0,1930.0,1930.0,1930.0,0,0,1
BANKNIFTY31JUL2548600PE.NFO,2025-05-22,14:36:00,2025-07-31,1930.0,1930.0,1930.0,1930.0,0,0,1
BANKNIFTY31JUL2548600PE.NFO,2025-05-22,14:37:00,2025-07-31,1930.0,1930.0,1930.0,1930.0,0,0,1
BANKNIFTY31JUL2548600PE.NFO,2025-05-22,14:38:00,2025-07-31,1930.0,1930.0,1930.0,1930.0,0,0,1
BANKNIFTY31JUL2548600PE.NFO,2025-05-22,14:39:00,2025-07-31,1930.0,1930.0,1930.0,1930.0,0,0,1
BANKNIFTY31JUL2548600PE.NFO,2025-05-22,14:40:00,2025-07-31,1930.0,1930.0,1930.0,1930.0,0,0,1
BANKNIFTY31JUL2548600PE.NFO,2025-05-22,14:41:00,2025-07-31,1930.0,1930.0,1930.0,1930.0,0,0,1
BANKNIFTY31JUL2548600PE.NFO,2025-05-22,14:42:00,2025-07-31,1930.0,1930.0,1930.0,1930.0,0,0,1
BANKNIFTY31JUL2548600PE.NFO,2025-05-22,14:43:00,2025-07-31,1930.0,1930.0,1930.0,1930.0,0,0,1
BANKNIFTY31JUL2548600PE.NFO,2025-05-22,14:44:00,2025-07-31,1930.0,1930.0,1930.0,1930.0,0,0,1
BANKNIFTY31JUL2548600PE.NFO,2025-05-22,14:45:00,2025-07-31,1930.0,1930.0,1930.0,1930.0,0,0,1
BANKNIFTY31JUL2548600PE.NFO,2025-05-22,14:46:00,2025-07-31,1930.0,1930.0,1930.0,1930.0,0,0,1
BANKNIFTY31JUL2548600PE.NFO,2025-05-22,14:47:00,2025-07-31,1930.0,1930.0,1930.0,1930.0,0,0,1
BANKNIFTY31JUL2548600PE.NFO,2025-05-22,14:48:00,2025-07-31,1930.0,1930.0,1930.0,1930.0,0,0,1
BANKNIFTY31JUL2548600PE.NFO,2025-05-22,14:49:00,2025-07-31,1930.0,1930.0,1930.0,1930.0,0,0,1
BANKNIFTY31JUL2548600PE.NFO,2025-05-22,14:50:00,2025-07-31,1930.0,1930.0,1930.0,1930.0,0,0,1
BANKNIFTY31JUL2548600PE.NFO,2025-05-22,14:51:00,2025-07-31,1930.0,1930.0,1930.0,1930.0,0,0,1
BANKNIFTY31JUL2548600PE.NFO,2025-05-22,14:52:00,2025-07-31,1930.0,1930.0,1930.0,1930.0,0,0,1
BANKNIFTY31JUL2548600PE.NFO,2025-05-22,14:53:00,2025-07-31,1930.0,1930.0,1930.0,1930.0,0,0,1
BANKNIFTY31JUL2548600PE.NFO,2025-05-22,14:54:00,2025-07-31,1930.0,1930.0,1930.0,1930.0,0,0,1
BANKNIFTY31JUL2548600PE.NFO,2025-05-22,14:55:00,2025-07-31,1930.0,1930.0,1930.0,1930.0,0,0,1
BANKNIFTY31JUL2548600PE.NFO,2025-05-22,14:56:00,2025-07-31,1930.0,1930.0,1930.0,1930.0,0,0,1
BANKNIFTY31JUL2548600PE.NFO,2025-05-22,14:57:00,2025-07-31,1930.0,1930.0,1930.0,1930.0,0,0,1
BANKNIFTY31JUL2548600PE.NFO,2025-05-22,14:58:00,2025-07-31,1930.0,1930.0,1930.0,1930.0,0,0,1
BANKNIFTY31JUL2548600PE.NFO,2025-05-22,14:59:00,2025-07-31,1930.0,1930.0,1930.0,1930.0,0,0,1
BANKNIFTY31JUL2548600PE.NFO,2025-05-22,15:00:00,2025-07-31,1930.0,1930.0,1930.0,1930.0,0,0,1
BANKNIFTY31JUL2548600PE.NFO,2025-05-22,15:01:00,2025-07-31,1930.0,1930.0,1930.0,1930.0,0,0,1
BANKNIFTY31JUL2548600PE.NFO,2025-05-22,15:02:00,2025-07-31,1930.0,1930.0,1930.0,1930.0,0,0,1
BANKNIFTY31JUL2548600PE.NFO,2025-05-22,15:03:00,2025-07-31,1930.0,1930.0,1930.0,1930.0,0,0,1
BANKNIFTY31JUL2548600PE.NFO,2025-05-22,15:04:00,2025-07-31,1930.0,1930.0,1930.0,1930.0,0,0,1
BANKNIFTY31JUL2548600PE.NFO,2025-05-22,15:05:00,2025-07-31,1930.0,1930.0,1930.0,1930.0,0,0,1
BANKNIFTY31JUL2548600PE.NFO,2025-05-22,15:06:00,2025-07-31,1930.0,1930.0,1930.0,1930.0,0,0,1
BANKNIFTY31JUL2548600PE.NFO,2025-05-22,15:07:00,2025-07-31,1930.0,1930.0,1930.0,1930.0,0,0,1
BANKNIFTY31JUL2548600PE.NFO,2025-05-22,15:08:00,2025-07-31,1930.0,1930.0,1930.0,1930.0,0,0,1
BANKNIFTY31JUL2548600PE.NFO,2025-05-22,15:09:00,2025-07-31,1930.0,1930.0,1930.0,1930.0,0,0,1
BANKNIFTY31JUL2548600PE.NFO,2025-05-22,15:10:00,2025-07-31,1930.0,1930.0,1930.0,1930.0,0,0,1
BANKNIFTY31JUL2548600PE.NFO,2025-05-22,15:11:00,2025-07-31,1930.0,1930.0,1930.0,1930.0,0,0,1
BANKNIFTY31JUL2548600PE.NFO,2025-05-22,15:12:00,2025-07-31,1930.0,1930.0,1930.0,1930.0,0,0,1
BANKNIFTY31JUL2548600PE.NFO,2025-05-22,15:13:00,2025-07-31,1930.0,1930.0,1930.0,1930.0,0,0,1
BANKNIFTY31JUL2548600PE.NFO,2025-05-22,15:14:00,2025-07-31,1930.0,1930.0,1930.0,1930.0,0,0,1
BANKNIFTY31JUL2548600PE.NFO,2025-05-22,15:15:00,2025-07-31,1930.0,1930.0,1930.0,1930.0,0,0,1
BANKNIFTY31JUL2548600PE.NFO,2025-05-22,15:16:00,2025-07-31,1930.0,1930.0,1930.0,1930.0,0,0,1
BANKNIFTY31JUL2548600PE.NFO,2025-05-22,15:17:00,2025-07-31,1930.0,1930.0,1930.0,1930.0,0,0,1
BANKNIFTY31JUL2548600PE.NFO,2025-05-22,15:18:00,2025-07-31,1930.0,1930.0,1930.0,1930.0,0,0,1
BANKNIFTY31JUL2548600PE.NFO,2025-05-22,15:19:00,2025-07-31,1930.0,1930.0,1930.0,1930.0,0,0,1
BANKNIFTY31JUL2548600PE.NFO,2025-05-22,15:20:00,2025-07-31,1930.0,1930.0,1930.0,1930.0,0,0,1
BANKNIFTY31JUL2548600PE.NFO,2025-05-22,15:21:00,2025-07-31,1930.0,1930.0,1930.0,1930.0,0,0,1
BANKNIFTY31JUL2548600PE.NFO,2025-05-22,15:22:00,2025-07-31,1930.0,1930.0,1930.0,1930.0,0,0,1
BANKNIFTY31JUL2548600PE.NFO,2025-05-22,15:23:00,2025-07-31,1930.0,1930.0,1930.0,1930.0,0,0,1
BANKNIFTY31JUL2548600PE.NFO,2025-05-22,15:24:00,2025-07-31,1930.0,1930.0,1930.0,1930.0,0,0,1
BANKNIFTY31JUL2548600PE.NFO,2025-05-22,15:25:00,2025-07-31,1930.0,1930.0,1930.0,1930.0,0,0,1
BANKNIFTY31JUL2548600PE.NFO,2025-05-22,15:26:00,2025-07-31,1930.0,1930.0,1930.0,1930.0,0,0,1
BANKNIFTY31JUL2548600PE.NFO,2025-05-22,15:27:00,2025-07-31,1930.0,1930.0,1930.0,1930.0,0,0,1
BANKNIFTY31JUL2548600PE.NFO,2025-05-22,15:28:00,2025-07-31,1930.0,1930.0,1930.0,1930.0,0,0,1
BANKNIFTY31JUL2548600PE.NFO,2025-05-22,15:29:00,2025-07-31,1930.0,1930.0,1930.0,1930.0,0,0,1
BANKNIFTY31JUL2548600PE.NFO,2025-05-22,15:30:00,2025-07-31,1930.0,1930.0,1930.0,1930.0,0,0,1
BANKNIFTY31JUL2548600PE.NFO,2025-05-23,09:15:00,2025-07-31,1930.0,1930.0,1930.0,1930.0,0,0,0
BANKNIFTY31JUL2548600PE.NFO,2025-05-23,09:16:00,2025-07-31,1930.0,1930.0,1930.0,1930.0,0,0,1
BANKNIFTY31JUL2548600PE.NFO,2025-05-23,09:17:00,2025-07-31,1930.0,1930.0,1930.0,1930.0,0,0,1
BANKNIFTY31JUL2548600PE.NFO,2025-05-23,09:18:00,2025-07-31,1930.0,1930.0,1930.0,1930.0,0,0,1
BANKNIFTY31JUL2548600PE.NFO,2025-05-23,09:19:00,2025-07-31,1930.0,1930.0,1930.0,1930.0,0,0,1
BANKNIFTY31JUL2548600PE.NFO,2025-05-23,09:20:00,2025-07-31,1930.0,1930.0,1930.0,1930.0,0,0,1
BANKNIFTY31JUL2548600PE.NFO,2025-05-23,09:21:00,2025-07-31,1930.0,1930.0,1930.0,1930.0,0,0,1
BANKNIFTY31JUL2548600PE.NFO,2025-05-23,09:22:00,2025-07-31,1930.0,1930.0,1930.0,1930.0,0,0,1
BANKNIFTY31JUL2548600PE.NFO,2025-05-23,09:23:00,2025-07-31,1930.0,1930.0,1930.0,1930.0,0,0,1
BANKNIFTY31JUL2548600PE.NFO,2025-05-23,09:24:00,2025-07-31,1930.0,1930.0,1930.0,1930.0,0,0,1
BANKNIFTY31JUL2548600PE.NFO,2025-05-23,09:25:00,2025-07-31,1930.0,1930.0,1930.0,1930.0,0,0,1
BANKNIFTY31JUL2548600PE.NFO,2025-05-23,09:26:00,2025-07-31,1930.0,1930.0,1930.0,1930.0,0,0,1
BANKNIFTY31JUL2548600PE.NFO,2025-05-23,09:27:00,2025-07-31,1930.0,1930.0,1930.0,1930.0,0,0,1
BANKNIFTY31JUL2548600PE.NFO,2025-05-23,09:28:00,2025-07-31,1930.0,1930.0,1930.0,1930.0,0,0,1
BANKNIFTY31JUL2548600PE.NFO,2025-05-23,09:29:00,2025-07-31,1930.0,1930.0,1930.0,1930.0,0,0,1
BANKNIFTY31JUL2548600PE.NFO,2025-05-23,09:30:00,2025-07-31,1930.0,1930.0,1930.0,1930.0,0,0,1
BANKNIFTY31JUL2548600PE.NFO,2025-05-23,09:31:00,2025-07-31,1930.0,1930.0,1930.0,1930.0,0,0,1
BANKNIFTY31JUL2548600PE.NFO,2025-05-23,09:32:00,2025-07-31,1930.0,1930.0,1930.0,1930.0,0,0,1
BANKNIFTY31JUL2548600PE.NFO,2025-05-23,09:33:00,2025-07-31,1930.0,1930.0,1930.0,1930.0,0,0,1
BANKNIFTY31JUL2548600PE.NFO,2025-05-23,09:34:00,2025-07-31,1930.0,1930.0,1930.0,1930.0,0,0,1
BANKNIFTY31JUL2548600PE.NFO,2025-05-23,09:35:00,2025-07-31,1930.0,1930.0,1930.0,1930.0,0,0,1
BANKNIFTY31JUL2548600PE.NFO,2025-05-23,09:36:00,2025-07-31,1930.0,1930.0,1930.0,1930.0,0,0,1
BANKNIFTY31JUL2548600PE.NFO,2025-05-23,09:37:00,2025-07-31,1930.0,1930.0,1930.0,1930.0,0,0,1
BANKNIFTY31JUL2548600PE.NFO,2025-05-23,09:38:00,2025-07-31,1930.0,1930.0,1930.0,1930.0,0,0,1
BANKNIFTY31JUL2548600PE.NFO,2025-05-23,09:39:00,2025-07-31,1930.0,1930.0,1930.0,1930.0,0,0,1
BANKNIFTY31JUL2548600PE.NFO,2025-05-23,09:40:00,2025-07-31,1930.0,1930.0,1930.0,1930.0,0,0,1
BANKNIFTY31JUL2548600PE.NFO,2025-05-23,09:41:00,2025-07-31,1930.0,1930.0,1930.0,1930.0,0,0,1
BANKNIFTY31JUL2548600PE.NFO,2025-05-23,09:42:00,2025-07-31,1930.0,1930.0,1930.0,1930.0,0,0,1
BANKNIFTY31JUL2548600PE.NFO,2025-05-23,09:43:00,2025-07-31,1930.0,1930.0,1930.0,1930.0,0,0,1
BANKNIFTY31JUL2548600PE.NFO,2025-05-23,09:44:00,2025-07-31,1930.0,1930.0,1930.0,1930.0,0,0,1
BANKNIFTY31JUL2548600PE.NFO,2025-05-23,09:45:00,2025-07-31,1930.0,1930.0,1930.0,1930.0,0,0,1
BANKNIFTY31JUL2548600PE.NFO,2025-05-23,09:46:00,2025-07-31,1930.0,1930.0,1930.0,1930.0,0,0,1
BANKNIFTY31JUL2548600PE.NFO,2025-05-23,09:47:00,2025-07-31,1930.0,1930.0,1930.0,1930.0,0,0,1
BANKNIFTY31JUL2548600PE.NFO,2025-05-23,09:48:00,2025-07-31,1930.0,1930.0,1930.0,1930.0,0,0,1
BANKNIFTY31JUL2548600PE.NFO,2025-05-23,09:49:00,2025-07-31,1930.0,1930.0,1930.0,1930.0,0,0,1
BANKNIFTY31JUL2548600PE.NFO,2025-05-23,09:50:00,2025-07-31,1930.0,1930.0,1930.0,1930.0,0,0,1
BANKNIFTY31JUL2548600PE.NFO,2025-05-23,09:51:00,2025-07-31,1930.0,1930.0,1930.0,1930.0,0,0,1
BANKNIFTY31JUL2548600PE.NFO,2025-05-23,09:52:00,2025-07-31,1930.0,1930.0,1930.0,1930.0,0,0,1
BANKNIFTY31JUL2548600PE.NFO,2025-05-23,09:53:00,2025-07-31,1930.0,1930.0,1930.0,1930.0,0,0,1
BANKNIFTY31JUL2548600PE.NFO,2025-05-23,09:54:00,2025-07-31,1930.0,1930.0,1930.0,1930.0,0,0,1
BANKNIFTY31JUL2548600PE.NFO,2025-05-23,09:55:00,2025-07-31,1930.0,1930.0,1930.0,1930.0,0,0,1
BANKNIFTY31JUL2548600PE.NFO,2025-05-23,09:56:00,2025-07-31,1930.0,1930.0,1930.0,1930.0,0,0,1
BANKNIFTY31JUL2548600PE.NFO,2025-05-23,09:57:00,2025-07-31,1930.0,1930.0,1930.0,1930.0,0,0,1
BANKNIFTY31JUL2548600PE.NFO,2025-05-23,09:58:00,2025-07-31,1930.0,1930.0,1930.0,1930.0,0,0,1
BANKNIFTY31JUL2548600PE.NFO,2025-05-23,09:59:00,2025-07-31,1930.0,1930.0,1930.0,1930.0,0,0,1
BANKNIFTY31JUL2548600PE.NFO,2025-05-23,10:00:00,2025-07-31,1930.0,1930.0,1930.0,1930.0,0,0,1
BANKNIFTY31JUL2548600PE.NFO,2025-05-23,10:01:00,2025-07-31,1930.0,1930.0,1930.0,1930.0,0,0,1
BANKNIFTY31JUL2548600PE.NFO,2025-05-23,10:02:00,2025-07-31,1930.0,1930.0,1930.0,1930.0,0,0,1
BANKNIFTY31JUL2548600PE.NFO,2025-05-23,10:03:00,2025-07-31,1930.0,1930.0,1930.0,1930.0,0,0,1
BANKNIFTY31JUL2548600PE.NFO,2025-05-23,10:04:00,2025-07-31,1930.0,1930.0,1930.0,1930.0,0,0,1
BANKNIFTY31JUL2548600PE.NFO,2025-05-23,10:05:00,2025-07-31,1930.0,1930.0,1930.0,1930.0,0,0,1
BANKNIFTY31JUL2548600PE.NFO,2025-05-23,10:06:00,2025-07-31,1930.0,1930.0,1930.0,1930.0,0,0,1
BANKNIFTY31JUL2548600PE.NFO,2025-05-23,10:07:00,2025-07-31,1930.0,1930.0,1930.0,1930.0,0,0,1
BANKNIFTY31JUL2548600PE.NFO,2025-05-23,10:08:00,2025-07-31,1930.0,1930.0,1930.0,1930.0,0,0,1
BANKNIFTY31JUL2548600PE.NFO,2025-05-23,10:09:00,2025-07-31,1930.0,1930.0,1930.0,1930.0,0,0,1
BANKNIFTY31JUL2548600PE.NFO,2025-05-23,10:10:00,2025-07-31,1930.0,1930.0,1930.0,1930.0,0,0,1
BANKNIFTY31JUL2548600PE.NFO,2025-05-23,10:11:00,2025-07-31,1930.0,1930.0,1930.0,1930.0,0,0,1
BANKNIFTY31JUL2548600PE.NFO,2025-05-23,10:12:00,2025-07-31,1930.0,1930.0,1930.0,1930.0,0,0,1
BANKNIFTY31JUL2548600PE.NFO,2025-05-23,10:13:00,2025-07-31,1930.0,1930.0,1930.0,1930.0,0,0,1
BANKNIFTY31JUL2548600PE.NFO,2025-05-23,10:14:00,2025-07-31,1930.0,1930.0,1930.0,1930.0,0,0,1
BANKNIFTY31JUL2548600PE.NFO,2025-05-23,10:15:00,2025-07-31,1930.0,1930.0,1930.0,1930.0,0,0,1
BANKNIFTY31JUL2548600PE.NFO,2025-05-23,10:16:00,2025-07-31,1930.0,1930.0,1930.0,1930.0,0,0,1
BANKNIFTY31JUL2548600PE.NFO,2025-05-23,10:17:00,2025-07-31,1930.0,1930.0,1930.0,1930.0,0,0,1
BANKNIFTY31JUL2548600PE.NFO,2025-05-23,10:18:00,2025-07-31,1930.0,1930.0,1930.0,1930.0,0,0,1
BANKNIFTY31JUL2548600PE.NFO,2025-05-23,10:19:00,2025-07-31,1930.0,1930.0,1930.0,1930.0,0,0,1
BANKNIFTY31JUL2548600PE.NFO,2025-05-23,10:20:00,2025-07-31,1930.0,1930.0,1930.0,1930.0,0,0,1
BANKNIFTY31JUL2548600PE.NFO,2025-05-23,10:21:00,2025-07-31,1930.0,1930.0,1930.0,1930.0,0,0,1
BANKNIFTY31JUL2548600PE.NFO,2025-05-23,10:22:00,2025-07-31,1930.0,1930.0,1930.0,1930.0,0,0,1
BANKNIFTY31JUL2548600PE.NFO,2025-05-23,10:23:00,2025-07-31,1930.0,1930.0,1930.0,1930.0,0,0,1
BANKNIFTY31JUL2548600PE.NFO,2025-05-23,10:24:00,2025-07-31,1930.0,1930.0,1930.0,1930.0,0,0,1
BANKNIFTY31JUL2548600PE.NFO,2025-05-23,10:25:00,2025-07-31,1930.0,1930.0,1930.0,1930.0,0,0,1
BANKNIFTY31JUL2548600PE.NFO,2025-05-23,10:26:00,2025-07-31,1930.0,1930.0,1930.0,1930.0,0,0,1
BANKNIFTY31JUL2548600PE.NFO,2025-05-23,10:27:00,2025-07-31,1930.0,1930.0,1930.0,1930.0,0,0,1
BANKNIFTY31JUL2548600PE.NFO,2025-05-23,10:28:00,2025-07-31,1930.0,1930.0,1930.0,1930.0,0,0,1
BANKNIFTY31JUL2548600PE.NFO,2025-05-23,10:29:00,2025-07-31,1930.0,1930.0,1930.0,1930.0,0,0,1
BANKNIFTY31JUL2548600PE.NFO,2025-05-23,10:30:00,2025-07-31,1930.0,1930.0,1930.0,1930.0,0,0,1
BANKNIFTY31JUL2548600PE.NFO,2025-05-23,10:31:00,2025-07-31,1930.0,1930.0,1930.0,1930.0,0,0,1
BANKNIFTY31JUL2548600PE.NFO,2025-05-23,10:32:00,2025-07-31,1930.0,1930.0,1930.0,1930.0,0,0,1
BANKNIFTY31JUL2548600PE.NFO,2025-05-23,10:33:00,2025-07-31,1930.0,1930.0,1930.0,1930.0,0,0,1
BANKNIFTY31JUL2548600PE.NFO,2025-05-23,10:34:00,2025-07-31,1930.0,1930.0,1930.0,1930.0,0,0,1
BANKNIFTY31JUL2548600PE.NFO,2025-05-23,10:35:00,2025-07-31,1930.0,1930.0,1930.0,1930.0,0,0,1
BANKNIFTY31JUL2548600PE.NFO,2025-05-23,10:36:00,2025-07-31,1930.0,1930.0,1930.0,1930.0,0,0,1
BANKNIFTY31JUL2548600PE.NFO,2025-05-23,10:37:00,2025-07-31,1930.0,1930.0,1930.0,1930.0,0,0,1
BANKNIFTY31JUL2548600PE.NFO,2025-05-23,10:38:00,2025-07-31,1930.0,1930.0,1930.0,1930.0,0,0,1
BANKNIFTY31JUL2548600PE.NFO,2025-05-23,10:39:00,2025-07-31,1930.0,1930.0,1930.0,1930.0,0,0,1
BANKNIFTY31JUL2548600PE.NFO,2025-05-23,10:40:00,2025-07-31,1930.0,1930.0,1930.0,1930.0,0,0,1
BANKNIFTY31JUL2548600PE.NFO,2025-05-23,10:41:00,2025-07-31,1930.0,1930.0,1930.0,1930.0,0,0,1
BANKNIFTY31JUL2548600PE.NFO,2025-05-23,10:42:00,2025-07-31,1930.0,1930.0,1930.0,1930.0,0,0,1
BANKNIFTY31JUL2548600PE.NFO,2025-05-23,10:43:00,2025-07-31,1930.0,1930.0,1930.0,1930.0,0,0,1
BANKNIFTY31JUL2548600PE.NFO,2025-05-23,10:44:00,2025-07-31,1930.0,1930.0,1930.0,1930.0,0,0,1
BANKNIFTY31JUL2548600PE.NFO,2025-05-23,10:45:00,2025-07-31,1930.0,1930.0,1930.0,1930.0,0,0,1
BANKNIFTY31JUL2548600PE.NFO,2025-05-23,10:46:00,2025-07-31,1930.0,1930.0,1930.0,1930.0,0,0,1
BANKNIFTY31JUL2548600PE.NFO,2025-05-23,10:47:00,2025-07-31,1930.0,1930.0,1930.0,1930.0,0,0,1
BANKNIFTY31JUL2548600PE.NFO,2025-05-23,10:48:00,2025-07-31,1930.0,1930.0,1930.0,1930.0,0,0,1
BANKNIFTY31JUL2548600PE.NFO,2025-05-23,10:49:00,2025-07-31,1930.0,1930.0,1930.0,1930.0,0,0,1
BANKNIFTY31JUL2548600PE.NFO,2025-05-23,10:50:00,2025-07-31,1930.0,1930.0,1930.0,1930.0,0,0,1
BANKNIFTY31JUL2548600PE.NFO,2025-05-23,10:51:00,2025-07-31,1930.0,1930.0,1930.0,1930.0,0,0,1
BANKNIFTY31JUL2548600PE.NFO,2025-05-23,10:52:00,2025-07-31,1930.0,1930.0,1930.0,1930.0,0,0,1
BANKNIFTY31JUL2548600PE.NFO,2025-05-23,10:53:00,2025-07-31,1930.0,1930.0,1930.0,1930.0,0,0,1
BANKNIFTY31JUL2548600PE.NFO,2025-05-23,10:54:00,2025-07-31,1930.0,1930.0,1930.0,1930.0,0,0,1
BANKNIFTY31JUL2548600PE.NFO,2025-05-23,10:55:00,2025-07-31,1930.0,1930.0,1930.0,1930.0,0,0,1
BANKNIFTY31JUL2548600PE.NFO,2025-05-23,10:56:00,2025-07-31,1930.0,1930.0,1930.0,1930.0,0,0,1
BANKNIFTY31JUL2548600PE.NFO,2025-05-23,10:57:00,2025-07-31,1930.0,1930.0,1930.0,1930.0,0,0,1
BANKNIFTY31JUL2548600PE.NFO,2025-05-23,10:58:00,2025-07-31,1930.0,1930.0,1930.0,1930.0,0,0,1
BANKNIFTY31JUL2548600PE.NFO,2025-05-23,10:59:00,2025-07-31,1930.0,1930.0,1930.0,1930.0,0,0,1
BANKNIFTY31JUL2548600PE.NFO,2025-05-23,11:00:00,2025-07-31,1930.0,1930.0,1930.0,1930.0,0,0,1
BANKNIFTY31JUL2548600PE.NFO,2025-05-23,11:01:00,2025-07-31,1930.0,1930.0,1930.0,1930.0,0,0,1
BANKNIFTY31JUL2548600PE.NFO,2025-05-23,11:02:00,2025-07-31,1930.0,1930.0,1930.0,1930.0,0,0,1
BANKNIFTY31JUL2548600PE.NFO,2025-05-23,11:03:00,2025-07-31,1930.0,1930.0,1930.0,1930.0,0,0,1
BANKNIFTY31JUL2548600PE.NFO,2025-05-23,11:04:00,2025-07-31,1930.0,1930.0,1930.0,1930.0,0,0,1
BANKNIFTY31JUL2548600PE.NFO,2025-05-23,11:05:00,2025-07-31,1930.0,1930.0,1930.0,1930.0,0,0,1
BANKNIFTY31JUL2548600PE.NFO,2025-05-23,11:06:00,2025-07-31,1930.0,1930.0,1930.0,1930.0,0,0,1
BANKNIFTY31JUL2548600PE.NFO,2025-05-23,11:07:00,2025-07-31,1930.0,1930.0,1930.0,1930.0,0,0,1
BANKNIFTY31JUL2548600PE.NFO,2025-05-23,11:08:00,2025-07-31,1930.0,1930.0,1930.0,1930.0,0,0,1
BANKNIFTY31JUL2548600PE.NFO,2025-05-23,11:09:00,2025-07-31,1930.0,1930.0,1930.0,1930.0,0,0,1
BANKNIFTY31JUL2548600PE.NFO,2025-05-23,11:10:00,2025-07-31,1930.0,1930.0,1930.0,1930.0,0,0,1
BANKNIFTY31JUL2548600PE.NFO,2025-05-23,11:11:00,2025-07-31,1930.0,1930.0,1930.0,1930.0,0,0,1
BANKNIFTY31JUL2548600PE.NFO,2025-05-23,11:12:00,2025-07-31,1930.0,1930.0,1930.0,1930.0,0,0,1
BANKNIFTY31JUL2548600PE.NFO,2025-05-23,11:13:00,2025-07-31,1930.0,1930.0,1930.0,1930.0,0,0,1
BANKNIFTY31JUL2548600PE.NFO,2025-05-23,11:14:00,2025-07-31,1930.0,1930.0,1930.0,1930.0,0,0,1
BANKNIFTY31JUL2548600PE.NFO,2025-05-23,11:15:00,2025-07-31,1930.0,1930.0,1930.0,1930.0,0,0,1
BANKNIFTY31JUL2548600PE.NFO,2025-05-23,11:16:00,2025-07-31,1930.0,1930.0,1930.0,1930.0,0,0,1
BANKNIFTY31JUL2548600PE.NFO,2025-05-23,11:17:00,2025-07-31,1930.0,1930.0,1930.0,1930.0,0,0,1
BANKNIFTY31JUL2548600PE.NFO,2025-05-23,11:18:00,2025-07-31,1930.0,1930.0,1930.0,1930.0,0,0,1
BANKNIFTY31JUL2548600PE.NFO,2025-05-23,11:19:00,2025-07-31,1930.0,1930.0,1930.0,1930.0,0,0,1
BANKNIFTY31JUL2548600PE.NFO,2025-05-23,11:20:00,2025-07-31,1930.0,1930.0,1930.0,1930.0,0,0,1
BANKNIFTY31JUL2548600PE.NFO,2025-05-23,11:21:00,2025-07-31,1930.0,1930.0,1930.0,1930.0,0,0,1
BANKNIFTY31JUL2548600PE.NFO,2025-05-23,11:22:00,2025-07-31,1930.0,1930.0,1930.0,1930.0,0,0,1
BANKNIFTY31JUL2548600PE.NFO,2025-05-23,11:23:00,2025-07-31,1930.0,1930.0,1930.0,1930.0,0,0,1
BANKNIFTY31JUL2548600PE.NFO,2025-05-23,11:24:00,2025-07-31,1930.0,1930.0,1930.0,1930.0,0,0,1
BANKNIFTY31JUL2548600PE.NFO,2025-05-23,11:25:00,2025-07-31,1930.0,1930.0,1930.0,1930.0,0,0,1
BANKNIFTY31JUL2548600PE.NFO,2025-05-23,11:26:00,2025-07-31,1930.0,1930.0,1930.0,1930.0,0,0,1
BANKNIFTY31JUL2548600PE.NFO,2025-05-23,11:27:00,2025-07-31,1930.0,1930.0,1930.0,1930.0,0,0,1
BANKNIFTY31JUL2548600PE.NFO,2025-05-23,11:28:00,2025-07-31,1930.0,1930.0,1930.0,1930.0,0,0,1
BANKNIFTY31JUL2548600PE.NFO,2025-05-23,11:29:00,2025-07-31,1930.0,1930.0,1930.0,1930.0,0,0,1
BANKNIFTY31JUL2548600PE.NFO,2025-05-23,11:30:00,2025-07-31,1930.0,1930.0,1930.0,1930.0,0,0,1
BANKNIFTY31JUL2548600PE.NFO,2025-05-23,11:31:00,2025-07-31,1930.0,1930.0,1930.0,1930.0,0,0,1
BANKNIFTY31JUL2548600PE.NFO,2025-05-23,11:32:00,2025-07-31,1930.0,1930.0,1930.0,1930.0,0,0,1
BANKNIFTY31JUL2548600PE.NFO,2025-05-23,11:33:00,2025-07-31,1930.0,1930.0,1930.0,1930.0,0,0,1
BANKNIFTY31JUL2548600PE.NFO,2025-05-23,11:34:00,2025-07-31,1930.0,1930.0,1930.0,1930.0,0,0,1
BANKNIFTY31JUL2548600PE.NFO,2025-05-23,11:35:00,2025-07-31,1930.0,1930.0,1930.0,1930.0,0,0,1
BANKNIFTY31JUL2548600PE.NFO,2025-05-23,11:36:00,2025-07-31,1930.0,1930.0,1930.0,1930.0,0,0,1
BANKNIFTY31JUL2548600PE.NFO,2025-05-23,11:37:00,2025-07-31,1930.0,1930.0,1930.0,1930.0,0,0,1
BANKNIFTY31JUL2548600PE.NFO,2025-05-23,11:38:00,2025-07-31,1930.0,1930.0,1930.0,1930.0,0,0,1
BANKNIFTY31JUL2548600PE.NFO,2025-05-23,11:39:00,2025-07-31,1930.0,1930.0,1930.0,1930.0,0,0,1
BANKNIFTY31JUL2548600PE.NFO,2025-05-23,11:40:00,2025-07-31,1930.0,1930.0,1930.0,1930.0,0,0,1
BANKNIFTY31JUL2548600PE.NFO,2025-05-23,11:41:00,2025-07-31,1930.0,1930.0,1930.0,1930.0,0,0,1
BANKNIFTY31JUL2548600PE.NFO,2025-05-23,11:42:00,2025-07-31,1930.0,1930.0,1930.0,1930.0,0,0,1
BANKNIFTY31JUL2548600PE.NFO,2025-05-23,11:43:00,2025-07-31,1930.0,1930.0,1930.0,1930.0,0,0,1
BANKNIFTY31JUL2548600PE.NFO,2025-05-23,11:44:00,2025-07-31,1930.0,1930.0,1930.0,1930.0,0,0,1
BANKNIFTY31JUL2548600PE.NFO,2025-05-23,11:45:00,2025-07-31,1930.0,1930.0,1930.0,1930.0,0,0,1
BANKNIFTY31JUL2548600PE.NFO,2025-05-23,11:46:00,2025-07-31,1930.0,1930.0,1930.0,1930.0,0,0,1
BANKNIFTY31JUL2548600PE.NFO,2025-05-23,11:47:00,2025-07-31,1930.0,1930.0,1930.0,1930.0,0,0,1
BANKNIFTY31JUL2548600PE.NFO,2025-05-23,11:48:00,2025-07-31,1930.0,1930.0,1930.0,1930.0,0,0,1
BANKNIFTY31JUL2548600PE.NFO,2025-05-23,11:49:00,2025-07-31,1930.0,1930.0,1930.0,1930.0,0,0,1
BANKNIFTY31JUL2548600PE.NFO,2025-05-23,11:50:00,2025-07-31,1930.0,1930.0,1930.0,1930.0,0,0,1
BANKNIFTY31JUL2548600PE.NFO,2025-05-23,11:51:00,2025-07-31,1930.0,1930.0,1930.0,1930.0,0,0,1
BANKNIFTY31JUL2548600PE.NFO,2025-05-23,11:52:00,2025-07-31,1930.0,1930.0,1930.0,1930.0,0,0,1
BANKNIFTY31JUL2548600PE.NFO,2025-05-23,11:53:00,2025-07-31,1930.0,1930.0,1930.0,1930.0,0,0,1
BANKNIFTY31JUL2548600PE.NFO,2025-05-23,11:54:00,2025-07-31,1930.0,1930.0,1930.0,1930.0,0,0,1
BANKNIFTY31JUL2548600PE.NFO,2025-05-23,11:55:00,2025-07-31,1930.0,1930.0,1930.0,1930.0,0,0,1
BANKNIFTY31JUL2548600PE.NFO,2025-05-23,11:56:00,2025-07-31,1930.0,1930.0,1930.0,1930.0,0,0,1
BANKNIFTY31JUL2548600PE.NFO,2025-05-23,11:57:00,2025-07-31,1930.0,1930.0,1930.0,1930.0,0,0,1
BANKNIFTY31JUL2548600PE.NFO,2025-05-23,11:58:00,2025-07-31,1930.0,1930.0,1930.0,1930.0,0,0,1
BANKNIFTY31JUL2548600PE.NFO,2025-05-23,11:59:00,2025-07-31,1930.0,1930.0,1930.0,1930.0,0,0,1
BANKNIFTY31JUL2548600PE.NFO,2025-05-23,12:00:00,2025-07-31,1930.0,1930.0,1930.0,1930.0,0,0,1
BANKNIFTY31JUL2548600PE.NFO,2025-05-23,12:01:00,2025-07-31,1930.0,1930.0,1930.0,1930.0,0,0,1
BANKNIFTY31JUL2548600PE.NFO,2025-05-23,12:02:00,2025-07-31,1930.0,1930.0,1930.0,1930.0,0,0,1
BANKNIFTY31JUL2548600PE.NFO,2025-05-23,12:03:00,2025-07-31,1930.0,1930.0,1930.0,1930.0,0,0,1
BANKNIFTY31JUL2548600PE.NFO,2025-05-23,12:04:00,2025-07-31,1930.0,1930.0,1930.0,1930.0,0,0,1
BANKNIFTY31JUL2548600PE.NFO,2025-05-23,12:05:00,2025-07-31,1930.0,1930.0,1930.0,1930.0,0,0,1
BANKNIFTY31JUL2548600PE.NFO,2025-05-23,12:06:00,2025-07-31,1930.0,1930.0,1930.0,1930.0,0,0,1
BANKNIFTY31JUL2548600PE.NFO,2025-05-23,12:07:00,2025-07-31,1930.0,1930.0,1930.0,1930.0,0,0,1
BANKNIFTY31JUL2548600PE.NFO,2025-05-23,12:08:00,2025-07-31,1930.0,1930.0,1930.0,1930.0,0,0,1
BANKNIFTY31JUL2548600PE.NFO,2025-05-23,12:09:00,2025-07-31,1930.0,1930.0,1930.0,1930.0,0,0,1
BANKNIFTY31JUL2548600PE.NFO,2025-05-23,12:10:00,2025-07-31,1930.0,1930.0,1930.0,1930.0,0,0,1
BANKNIFTY31JUL2548600PE.NFO,2025-05-23,12:11:00,2025-07-31,1930.0,1930.0,1930.0,1930.0,0,0,1
BANKNIFTY31JUL2548600PE.NFO,2025-05-23,12:12:00,2025-07-31,1930.0,1930.0,1930.0,1930.0,0,0,1
BANKNIFTY31JUL2548600PE.NFO,2025-05-23,12:13:00,2025-07-31,1930.0,1930.0,1930.0,1930.0,0,0,1
BANKNIFTY31JUL2548600PE.NFO,2025-05-23,12:14:00,2025-07-31,1930.0,1930.0,1930.0,1930.0,0,0,1
BANKNIFTY31JUL2548600PE.NFO,2025-05-23,12:15:00,2025-07-31,1930.0,1930.0,1930.0,1930.0,0,0,1
BANKNIFTY31JUL2548600PE.NFO,2025-05-23,12:16:00,2025-07-31,1930.0,1930.0,1930.0,1930.0,0,0,1
BANKNIFTY31JUL2548600PE.NFO,2025-05-23,12:17:00,2025-07-31,1930.0,1930.0,1930.0,1930.0,0,0,1
BANKNIFTY31JUL2548600PE.NFO,2025-05-23,12:18:00,2025-07-31,1930.0,1930.0,1930.0,1930.0,0,0,1
BANKNIFTY31JUL2548600PE.NFO,2025-05-23,12:19:00,2025-07-31,1930.0,1930.0,1930.0,1930.0,0,0,1
BANKNIFTY31JUL2548600PE.NFO,2025-05-23,12:20:00,2025-07-31,1930.0,1930.0,1930.0,1930.0,0,0,1
BANKNIFTY31JUL2548600PE.NFO,2025-05-23,12:21:00,2025-07-31,1930.0,1930.0,1930.0,1930.0,0,0,1
BANKNIFTY31JUL2548600PE.NFO,2025-05-23,12:22:00,2025-07-31,1930.0,1930.0,1930.0,1930.0,0,0,1
BANKNIFTY31JUL2548600PE.NFO,2025-05-23,12:23:00,2025-07-31,1930.0,1930.0,1930.0,1930.0,0,0,1
BANKNIFTY31JUL2548600PE.NFO,2025-05-23,12:24:00,2025-07-31,1930.0,1930.0,1930.0,1930.0,0,0,1
BANKNIFTY31JUL2548600PE.NFO,2025-05-23,12:25:00,2025-07-31,1930.0,1930.0,1930.0,1930.0,0,0,1
BANKNIFTY31JUL2548600PE.NFO,2025-05-23,12:26:00,2025-07-31,1930.0,1930.0,1930.0,1930.0,0,0,1
BANKNIFTY31JUL2548600PE.NFO,2025-05-23,12:27:00,2025-07-31,1930.0,1930.0,1930.0,1930.0,0,0,1
BANKNIFTY31JUL2548600PE.NFO,2025-05-23,12:28:00,2025-07-31,1930.0,1930.0,1930.0,1930.0,0,0,1
BANKNIFTY31JUL2548600PE.NFO,2025-05-23,12:29:00,2025-07-31,1930.0,1930.0,1930.0,1930.0,0,0,1
BANKNIFTY31JUL2548600PE.NFO,2025-05-23,12:30:00,2025-07-31,1930.0,1930.0,1930.0,1930.0,0,0,1
BANKNIFTY31JUL2548600PE.NFO,2025-05-23,12:31:00,2025-07-31,1930.0,1930.0,1930.0,1930.0,0,0,1
BANKNIFTY31JUL2548600PE.NFO,2025-05-23,12:32:00,2025-07-31,1930.0,1930.0,1930.0,1930.0,0,0,1
BANKNIFTY31JUL2548600PE.NFO,2025-05-23,12:33:00,2025-07-31,1930.0,1930.0,1930.0,1930.0,0,0,1
BANKNIFTY31JUL2548600PE.NFO,2025-05-23,12:34:00,2025-07-31,1930.0,1930.0,1930.0,1930.0,0,0,1
BANKNIFTY31JUL2548600PE.NFO,2025-05-23,12:35:00,2025-07-31,1930.0,1930.0,1930.0,1930.0,0,0,1
BANKNIFTY31JUL2548600PE.NFO,2025-05-23,12:36:00,2025-07-31,1930.0,1930.0,1930.0,1930.0,0,0,1
BANKNIFTY31JUL2548600PE.NFO,2025-05-23,12:37:00,2025-07-31,1930.0,1930.0,1930.0,1930.0,0,0,1
BANKNIFTY31JUL2548600PE.NFO,2025-05-23,12:38:00,2025-07-31,1930.0,1930.0,1930.0,1930.0,0,0,1
BANKNIFTY31JUL2548600PE.NFO,2025-05-23,12:39:00,2025-07-31,1930.0,1930.0,1930.0,1930.0,0,0,1
BANKNIFTY31JUL2548600PE.NFO,2025-05-23,12:40:00,2025-07-31,1930.0,1930.0,1930.0,1930.0,0,0,1
BANKNIFTY31JUL2548600PE.NFO,2025-05-23,12:41:00,2025-07-31,1930.0,1930.0,1930.0,1930.0,0,0,1
BANKNIFTY31JUL2548600PE.NFO,2025-05-23,12:42:00,2025-07-31,1930.0,1930.0,1930.0,1930.0,0,0,1
BANKNIFTY31JUL2548600PE.NFO,2025-05-23,12:43:00,2025-07-31,1930.0,1930.0,1930.0,1930.0,0,0,1
BANKNIFTY31JUL2548600PE.NFO,2025-05-23,12:44:00,2025-07-31,1930.0,1930.0,1930.0,1930.0,0,0,1
BANKNIFTY31JUL2548600PE.NFO,2025-05-23,12:45:00,2025-07-31,1930.0,1930.0,1930.0,1930.0,0,0,1
BANKNIFTY31JUL2548600PE.NFO,2025-05-23,12:46:00,2025-07-31,1930.0,1930.0,1930.0,1930.0,0,0,1
BANKNIFTY31JUL2548600PE.NFO,2025-05-23,12:47:00,2025-07-31,1930.0,1930.0,1930.0,1930.0,0,0,1
BANKNIFTY31JUL2548600PE.NFO,2025-05-23,12:48:00,2025-07-31,1930.0,1930.0,1930.0,1930.0,0,0,1
BANKNIFTY31JUL2548600PE.NFO,2025-05-23,12:49:00,2025-07-31,1930.0,1930.0,1930.0,1930.0,0,0,1
BANKNIFTY31JUL2548600PE.NFO,2025-05-23,12:50:00,2025-07-31,1930.0,1930.0,1930.0,1930.0,0,0,1
BANKNIFTY31JUL2548600PE.NFO,2025-05-23,12:51:00,2025-07-31,1930.0,1930.0,1930.0,1930.0,0,0,1
BANKNIFTY31JUL2548600PE.NFO,2025-05-23,12:52:00,2025-07-31,1930.0,1930.0,1930.0,1930.0,0,0,1
BANKNIFTY31JUL2548600PE.NFO,2025-05-23,12:53:00,2025-07-31,1930.0,1930.0,1930.0,1930.0,0,0,1
BANKNIFTY31JUL2548600PE.NFO,2025-05-23,12:54:00,2025-07-31,1930.0,1930.0,1930.0,1930.0,0,0,1
BANKNIFTY31JUL2548600PE.NFO,2025-05-23,12:55:00,2025-07-31,1930.0,1930.0,1930.0,1930.0,0,0,1
BANKNIFTY31JUL2548600PE.NFO,2025-05-23,12:56:00,2025-07-31,1930.0,1930.0,1930.0,1930.0,0,0,1
BANKNIFTY31JUL2548600PE.NFO,2025-05-23,12:57:00,2025-07-31,1930.0,1930.0,1930.0,1930.0,0,0,1
BANKNIFTY31JUL2548600PE.NFO,2025-05-23,12:58:00,2025-07-31,1930.0,1930.0,1930.0,1930.0,0,0,1
BANKNIFTY31JUL2548600PE.NFO,2025-05-23,12:59:00,2025-07-31,1930.0,1930.0,1930.0,1930.0,0,0,1
BANKNIFTY31JUL2548600PE.NFO,2025-05-23,13:00:00,2025-07-31,1930.0,1930.0,1930.0,1930.0,0,0,1
BANKNIFTY31JUL2548600PE.NFO,2025-05-23,13:01:00,2025-07-31,1930.0,1930.0,1930.0,1930.0,0,0,1
BANKNIFTY31JUL2548600PE.NFO,2025-05-23,13:02:00,2025-07-31,1930.0,1930.0,1930.0,1930.0,0,0,1
BANKNIFTY31JUL2548600PE.NFO,2025-05-23,13:03:00,2025-07-31,1930.0,1930.0,1930.0,1930.0,0,0,1
BANKNIFTY31JUL2548600PE.NFO,2025-05-23,13:04:00,2025-07-31,1930.0,1930.0,1930.0,1930.0,0,0,1
BANKNIFTY31JUL2548600PE.NFO,2025-05-23,13:05:00,2025-07-31,1930.0,1930.0,1930.0,1930.0,0,0,1
BANKNIFTY31JUL2548600PE.NFO,2025-05-23,13:06:00,2025-07-31,1930.0,1930.0,1930.0,1930.0,0,0,1
BANKNIFTY31JUL2548600PE.NFO,2025-05-23,13:07:00,2025-07-31,1930.0,1930.0,1930.0,1930.0,0,0,1
BANKNIFTY31JUL2548600PE.NFO,2025-05-23,13:08:00,2025-07-31,1930.0,1930.0,1930.0,1930.0,0,0,1
BANKNIFTY31JUL2548600PE.NFO,2025-05-23,13:09:00,2025-07-31,1930.0,1930.0,1930.0,1930.0,0,0,1
BANKNIFTY31JUL2548600PE.NFO,2025-05-23,13:10:00,2025-07-31,1930.0,1930.0,1930.0,1930.0,0,0,1
BANKNIFTY31JUL2548600PE.NFO,2025-05-23,13:11:00,2025-07-31,1930.0,1930.0,1930.0,1930.0,0,0,1
BANKNIFTY31JUL2548600PE.NFO,2025-05-23,13:12:00,2025-07-31,1930.0,1930.0,1930.0,1930.0,0,0,1
BANKNIFTY31JUL2548600PE.NFO,2025-05-23,13:13:00,2025-07-31,1930.0,1930.0,1930.0,1930.0,0,0,1
BANKNIFTY31JUL2548600PE.NFO,2025-05-23,13:14:00,2025-07-31,1930.0,1930.0,1930.0,1930.0,0,0,1
BANKNIFTY31JUL2548600PE.NFO,2025-05-23,13:15:00,2025-07-31,1930.0,1930.0,1930.0,1930.0,0,0,1
BANKNIFTY31JUL2548600PE.NFO,2025-05-23,13:16:00,2025-07-31,1930.0,1930.0,1930.0,1930.0,0,0,1
BANKNIFTY31JUL2548600PE.NFO,2025-05-23,13:17:00,2025-07-31,1930.0,1930.0,1930.0,1930.0,0,0,1
BANKNIFTY31JUL2548600PE.NFO,2025-05-23,13:18:00,2025-07-31,1930.0,1930.0,1930.0,1930.0,0,0,1
BANKNIFTY31JUL2548600PE.NFO,2025-05-23,13:19:00,2025-07-31,1930.0,1930.0,1930.0,1930.0,0,0,1
BANKNIFTY31JUL2548600PE.NFO,2025-05-23,13:20:00,2025-07-31,1930.0,1930.0,1930.0,1930.0,0,0,1
BANKNIFTY31JUL2548600PE.NFO,2025-05-23,13:21:00,2025-07-31,1930.0,1930.0,1930.0,1930.0,0,0,1
BANKNIFTY31JUL2548600PE.NFO,2025-05-23,13:22:00,2025-07-31,1930.0,1930.0,1930.0,1930.0,0,0,1
BANKNIFTY31JUL2548600PE.NFO,2025-05-23,13:23:00,2025-07-31,1930.0,1930.0,1930.0,1930.0,0,0,1
BANKNIFTY31JUL2548600PE.NFO,2025-05-23,13:24:00,2025-07-31,1930.0,1930.0,1930.0,1930.0,0,0,1
BANKNIFTY31JUL2548600PE.NFO,2025-05-23,13:25:00,2025-07-31,1930.0,1930.0,1930.0,1930.0,0,0,1
BANKNIFTY31JUL2548600PE.NFO,2025-05-23,13:26:00,2025-07-31,1930.0,1930.0,1930.0,1930.0,0,0,1
BANKNIFTY31JUL2548600PE.NFO,2025-05-23,13:27:00,2025-07-31,1930.0,1930.0,1930.0,1930.0,0,0,1
BANKNIFTY31JUL2548600PE.NFO,2025-05-23,13:28:00,2025-07-31,1930.0,1930.0,1930.0,1930.0,0,0,1
BANKNIFTY31JUL2548600PE.NFO,2025-05-23,13:29:00,2025-07-31,1930.0,1930.0,1930.0,1930.0,0,0,1
BANKNIFTY31JUL2548600PE.NFO,2025-05-23,13:30:00,2025-07-31,1930.0,1930.0,1930.0,1930.0,0,0,1
BANKNIFTY31JUL2548600PE.NFO,2025-05-23,13:31:00,2025-07-31,1930.0,1930.0,1930.0,1930.0,0,0,1
BANKNIFTY31JUL2548600PE.NFO,2025-05-23,13:32:00,2025-07-31,1930.0,1930.0,1930.0,1930.0,0,0,1
BANKNIFTY31JUL2548600PE.NFO,2025-05-23,13:33:00,2025-07-31,1930.0,1930.0,1930.0,1930.0,0,0,1
BANKNIFTY31JUL2548600PE.NFO,2025-05-23,13:34:00,2025-07-31,1930.0,1930.0,1930.0,1930.0,0,0,1
BANKNIFTY31JUL2548600PE.NFO,2025-05-23,13:35:00,2025-07-31,1930.0,1930.0,1930.0,1930.0,0,0,1
BANKNIFTY31JUL2548600PE.NFO,2025-05-23,13:36:00,2025-07-31,1930.0,1930.0,1930.0,1930.0,0,0,1
BANKNIFTY31JUL2548600PE.NFO,2025-05-23,13:37:00,2025-07-31,1930.0,1930.0,1930.0,1930.0,0,0,1
BANKNIFTY31JUL2548600PE.NFO,2025-05-23,13:38:00,2025-07-31,1930.0,1930.0,1930.0,1930.0,0,0,1
BANKNIFTY31JUL2548600PE.NFO,2025-05-23,13:39:00,2025-07-31,1930.0,1930.0,1930.0,1930.0,0,0,1
BANKNIFTY31JUL2548600PE.NFO,2025-05-23,13:40:00,2025-07-31,1930.0,1930.0,1930.0,1930.0,0,0,1
BANKNIFTY31JUL2548600PE.NFO,2025-05-23,13:41:00,2025-07-31,1930.0,1930.0,1930.0,1930.0,0,0,1
BANKNIFTY31JUL2548600PE.NFO,2025-05-23,13:42:00,2025-07-31,1930.0,1930.0,1930.0,1930.0,0,0,1
BANKNIFTY31JUL2548600PE.NFO,2025-05-23,13:43:00,2025-07-31,1930.0,1930.0,1930.0,1930.0,0,0,1
BANKNIFTY31JUL2548600PE.NFO,2025-05-23,13:44:00,2025-07-31,1930.0,1930.0,1930.0,1930.0,0,0,1
BANKNIFTY31JUL2548600PE.NFO,2025-05-23,13:45:00,2025-07-31,1930.0,1930.0,1930.0,1930.0,0,0,1
BANKNIFTY31JUL2548600PE.NFO,2025-05-23,13:46:00,2025-07-31,1930.0,1930.0,1930.0,1930.0,0,0,1
BANKNIFTY31JUL2548600PE.NFO,2025-05-23,13:47:00,2025-07-31,1930.0,1930.0,1930.0,1930.0,0,0,1
BANKNIFTY31JUL2548600PE.NFO,2025-05-23,13:48:00,2025-07-31,1930.0,1930.0,1930.0,1930.0,0,0,1
BANKNIFTY31JUL2548600PE.NFO,2025-05-23,13:49:00,2025-07-31,1930.0,1930.0,1930.0,1930.0,0,0,1
BANKNIFTY31JUL2548600PE.NFO,2025-05-23,13:50:00,2025-07-31,1930.0,1930.0,1930.0,1930.0,0,0,1
BANKNIFTY31JUL2548600PE.NFO,2025-05-23,13:51:00,2025-07-31,1930.0,1930.0,1930.0,1930.0,0,0,1
BANKNIFTY31JUL2548600PE.NFO,2025-05-23,13:52:00,2025-07-31,1930.0,1930.0,1930.0,1930.0,0,0,1
BANKNIFTY31JUL2548600PE.NFO,2025-05-23,13:53:00,2025-07-31,1930.0,1930.0,1930.0,1930.0,0,0,1
BANKNIFTY31JUL2548600PE.NFO,2025-05-23,13:54:00,2025-07-31,1930.0,1930.0,1930.0,1930.0,0,0,1
BANKNIFTY31JUL2548600PE.NFO,2025-05-23,13:55:00,2025-07-31,1930.0,1930.0,1930.0,1930.0,0,0,1
BANKNIFTY31JUL2548600PE.NFO,2025-05-23,13:56:00,2025-07-31,1930.0,1930.0,1930.0,1930.0,0,0,1
BANKNIFTY31JUL2548600PE.NFO,2025-05-23,13:57:00,2025-07-31,1930.0,1930.0,1930.0,1930.0,0,0,1
BANKNIFTY31JUL2548600PE.NFO,2025-05-23,13:58:00,2025-07-31,1930.0,1930.0,1930.0,1930.0,0,0,1
BANKNIFTY31JUL2548600PE.NFO,2025-05-23,13:59:00,2025-07-31,1930.0,1930.0,1930.0,1930.0,0,0,1
BANKNIFTY31JUL2548600PE.NFO,2025-05-23,14:00:00,2025-07-31,1930.0,1930.0,1930.0,1930.0,0,0,1
BANKNIFTY31JUL2548600PE.NFO,2025-05-23,14:01:00,2025-07-31,1930.0,1930.0,1930.0,1930.0,0,0,1
BANKNIFTY31JUL2548600PE.NFO,2025-05-23,14:02:00,2025-07-31,1930.0,1930.0,1930.0,1930.0,0,0,1
BANKNIFTY31JUL2548600PE.NFO,2025-05-23,14:03:00,2025-07-31,1930.0,1930.0,1930.0,1930.0,0,0,1
BANKNIFTY31JUL2548600PE.NFO,2025-05-23,14:04:00,2025-07-31,1930.0,1930.0,1930.0,1930.0,0,0,1
BANKNIFTY31JUL2548600PE.NFO,2025-05-23,14:05:00,2025-07-31,1930.0,1930.0,1930.0,1930.0,0,0,1
BANKNIFTY31JUL2548600PE.NFO,2025-05-23,14:06:00,2025-07-31,1930.0,1930.0,1930.0,1930.0,0,0,1
BANKNIFTY31JUL2548600PE.NFO,2025-05-23,14:07:00,2025-07-31,1930.0,1930.0,1930.0,1930.0,0,0,1
BANKNIFTY31JUL2548600PE.NFO,2025-05-23,14:08:00,2025-07-31,1930.0,1930.0,1930.0,1930.0,0,0,1
BANKNIFTY31JUL2548600PE.NFO,2025-05-23,14:09:00,2025-07-31,1930.0,1930.0,1930.0,1930.0,0,0,1
BANKNIFTY31JUL2548600PE.NFO,2025-05-23,14:10:00,2025-07-31,1930.0,1930.0,1930.0,1930.0,0,0,1
BANKNIFTY31JUL2548600PE.NFO,2025-05-23,14:11:00,2025-07-31,1930.0,1930.0,1930.0,1930.0,0,0,1
BANKNIFTY31JUL2548600PE.NFO,2025-05-23,14:12:00,2025-07-31,1930.0,1930.0,1930.0,1930.0,0,0,1
BANKNIFTY31JUL2548600PE.NFO,2025-05-23,14:13:00,2025-07-31,1930.0,1930.0,1930.0,1930.0,0,0,1
BANKNIFTY31JUL2548600PE.NFO,2025-05-23,14:14:00,2025-07-31,1930.0,1930.0,1930.0,1930.0,0,0,1
BANKNIFTY31JUL2548600PE.NFO,2025-05-23,14:15:00,2025-07-31,1930.0,1930.0,1930.0,1930.0,0,0,1
BANKNIFTY31JUL2548600PE.NFO,2025-05-23,14:16:00,2025-07-31,1930.0,1930.0,1930.0,1930.0,0,0,1
BANKNIFTY31JUL2548600PE.NFO,2025-05-23,14:17:00,2025-07-31,1930.0,1930.0,1930.0,1930.0,0,0,1
BANKNIFTY31JUL2548600PE.NFO,2025-05-23,14:18:00,2025-07-31,1930.0,1930.0,1930.0,1930.0,0,0,1
BANKNIFTY31JUL2548600PE.NFO,2025-05-23,14:19:00,2025-07-31,1930.0,1930.0,1930.0,1930.0,0,0,1
BANKNIFTY31JUL2548600PE.NFO,2025-05-23,14:20:00,2025-07-31,1930.0,1930.0,1930.0,1930.0,0,0,1
BANKNIFTY31JUL2548600PE.NFO,2025-05-23,14:21:00,2025-07-31,1930.0,1930.0,1930.0,1930.0,0,0,1
BANKNIFTY31JUL2548600PE.NFO,2025-05-23,14:22:00,2025-07-31,1930.0,1930.0,1930.0,1930.0,0,0,1
BANKNIFTY31JUL2548600PE.NFO,2025-05-23,14:23:00,2025-07-31,1930.0,1930.0,1930.0,1930.0,0,0,1
BANKNIFTY31JUL2548600PE.NFO,2025-05-23,14:24:00,2025-07-31,1930.0,1930.0,1930.0,1930.0,0,0,1
BANKNIFTY31JUL2548600PE.NFO,2025-05-23,14:25:00,2025-07-31,1930.0,1930.0,1930.0,1930.0,0,0,1
BANKNIFTY31JUL2548600PE.NFO,2025-05-23,14:26:00,2025-07-31,1930.0,1930.0,1930.0,1930.0,0,0,1
BANKNIFTY31JUL2548600PE.NFO,2025-05-23,14:27:00,2025-07-31,1930.0,1930.0,1930.0,1930.0,0,0,1
BANKNIFTY31JUL2548600PE.NFO,2025-05-23,14:28:00,2025-07-31,1930.0,1930.0,1930.0,1930.0,0,0,1
BANKNIFTY31JUL2548600PE.NFO,2025-05-23,14:29:00,2025-07-31,1930.0,1930.0,1930.0,1930.0,0,0,1
BANKNIFTY31JUL2548600PE.NFO,2025-05-23,14:30:00,2025-07-31,1930.0,1930.0,1930.0,1930.0,0,0,1
BANKNIFTY31JUL2548600PE.NFO,2025-05-23,14:31:00,2025-07-31,1930.0,1930.0,1930.0,1930.0,0,0,1
BANKNIFTY31JUL2548600PE.NFO,2025-05-23,14:32:00,2025-07-31,1930.0,1930.0,1930.0,1930.0,0,0,1
BANKNIFTY31JUL2548600PE.NFO,2025-05-23,14:33:00,2025-07-31,1930.0,1930.0,1930.0,1930.0,0,0,1
BANKNIFTY31JUL2548600PE.NFO,2025-05-23,14:34:00,2025-07-31,1930.0,1930.0,1930.0,1930.0,0,0,1
BANKNIFTY31JUL2548600PE.NFO,2025-05-23,14:35:00,2025-07-31,1930.0,1930.0,1930.0,1930.0,0,0,1
BANKNIFTY31JUL2548600PE.NFO,2025-05-23,14:36:00,2025-07-31,1930.0,1930.0,1930.0,1930.0,0,0,1
BANKNIFTY31JUL2548600PE.NFO,2025-05-23,14:37:00,2025-07-31,1930.0,1930.0,1930.0,1930.0,0,0,1
BANKNIFTY31JUL2548600PE.NFO,2025-05-23,14:38:00,2025-07-31,1930.0,1930.0,1930.0,1930.0,0,0,1
BANKNIFTY31JUL2548600PE.NFO,2025-05-23,14:39:00,2025-07-31,1930.0,1930.0,1930.0,1930.0,0,0,1
BANKNIFTY31JUL2548600PE.NFO,2025-05-23,14:40:00,2025-07-31,1930.0,1930.0,1930.0,1930.0,0,0,1
BANKNIFTY31JUL2548600PE.NFO,2025-05-23,14:41:00,2025-07-31,1930.0,1930.0,1930.0,1930.0,0,0,1
BANKNIFTY31JUL2548600PE.NFO,2025-05-23,14:42:00,2025-07-31,1930.0,1930.0,1930.0,1930.0,0,0,1
BANKNIFTY31JUL2548600PE.NFO,2025-05-23,14:43:00,2025-07-31,1930.0,1930.0,1930.0,1930.0,0,0,1
BANKNIFTY31JUL2548600PE.NFO,2025-05-23,14:44:00,2025-07-31,1930.0,1930.0,1930.0,1930.0,0,0,1
BANKNIFTY31JUL2548600PE.NFO,2025-05-23,14:45:00,2025-07-31,1930.0,1930.0,1930.0,1930.0,0,0,1
BANKNIFTY31JUL2548600PE.NFO,2025-05-23,14:46:00,2025-07-31,1930.0,1930.0,1930.0,1930.0,0,0,1
BANKNIFTY31JUL2548600PE.NFO,2025-05-23,14:47:00,2025-07-31,1930.0,1930.0,1930.0,1930.0,0,0,1
BANKNIFTY31JUL2548600PE.NFO,2025-05-23,14:48:00,2025-07-31,1930.0,1930.0,1930.0,1930.0,0,0,1
BANKNIFTY31JUL2548600PE.NFO,2025-05-23,14:49:00,2025-07-31,1930.0,1930.0,1930.0,1930.0,0,0,1
BANKNIFTY31JUL2548600PE.NFO,2025-05-23,14:50:00,2025-07-31,1930.0,1930.0,1930.0,1930.0,0,0,1
BANKNIFTY31JUL2548600PE.NFO,2025-05-23,14:51:00,2025-07-31,1930.0,1930.0,1930.0,1930.0,0,0,1
BANKNIFTY31JUL2548600PE.NFO,2025-05-23,14:52:00,2025-07-31,1930.0,1930.0,1930.0,1930.0,0,0,1
BANKNIFTY31JUL2548600PE.NFO,2025-05-23,14:53:00,2025-07-31,1930.0,1930.0,1930.0,1930.0,0,0,1
BANKNIFTY31JUL2548600PE.NFO,2025-05-23,14:54:00,2025-07-31,1930.0,1930.0,1930.0,1930.0,0,0,1
BANKNIFTY31JUL2548600PE.NFO,2025-05-23,14:55:00,2025-07-31,1930.0,1930.0,1930.0,1930.0,0,0,1
BANKNIFTY31JUL2548600PE.NFO,2025-05-23,14:56:00,2025-07-31,1930.0,1930.0,1930.0,1930.0,0,0,1
BANKNIFTY31JUL2548600PE.NFO,2025-05-23,14:57:00,2025-07-31,1930.0,1930.0,1930.0,1930.0,0,0,1
BANKNIFTY31JUL2548600PE.NFO,2025-05-23,14:58:00,2025-07-31,1930.0,1930.0,1930.0,1930.0,0,0,1
BANKNIFTY31JUL2548600PE.NFO,2025-05-23,14:59:00,2025-07-31,1930.0,1930.0,1930.0,1930.0,0,0,1
BANKNIFTY31JUL2548600PE.NFO,2025-05-23,15:00:00,2025-07-31,1930.0,1930.0,1930.0,1930.0,0,0,1
BANKNIFTY31JUL2548600PE.NFO,2025-05-23,15:01:00,2025-07-31,1930.0,1930.0,1930.0,1930.0,0,0,1
BANKNIFTY31JUL2548600PE.NFO,2025-05-23,15:02:00,2025-07-31,1930.0,1930.0,1930.0,1930.0,0,0,1
BANKNIFTY31JUL2548600PE.NFO,2025-05-23,15:03:00,2025-07-31,1930.0,1930.0,1930.0,1930.0,0,0,1
BANKNIFTY31JUL2548600PE.NFO,2025-05-23,15:04:00,2025-07-31,1930.0,1930.0,1930.0,1930.0,0,0,1
BANKNIFTY31JUL2548600PE.NFO,2025-05-23,15:05:00,2025-07-31,1930.0,1930.0,1930.0,1930.0,0,0,1
BANKNIFTY31JUL2548600PE.NFO,2025-05-23,15:06:00,2025-07-31,1930.0,1930.0,1930.0,1930.0,0,0,1
BANKNIFTY31JUL2548600PE.NFO,2025-05-23,15:07:00,2025-07-31,1930.0,1930.0,1930.0,1930.0,0,0,1
BANKNIFTY31JUL2548600PE.NFO,2025-05-23,15:08:00,2025-07-31,1930.0,1930.0,1930.0,1930.0,0,0,1
BANKNIFTY31JUL2548600PE.NFO,2025-05-23,15:09:00,2025-07-31,1930.0,1930.0,1930.0,1930.0,0,0,1
BANKNIFTY31JUL2548600PE.NFO,2025-05-23,15:10:00,2025-07-31,1930.0,1930.0,1930.0,1930.0,0,0,1
BANKNIFTY31JUL2548600PE.NFO,2025-05-23,15:11:00,2025-07-31,1930.0,1930.0,1930.0,1930.0,0,0,1
BANKNIFTY31JUL2548600PE.NFO,2025-05-23,15:12:00,2025-07-31,1930.0,1930.0,1930.0,1930.0,0,0,1
BANKNIFTY31JUL2548600PE.NFO,2025-05-23,15:13:00,2025-07-31,1930.0,1930.0,1930.0,1930.0,0,0,1
BANKNIFTY31JUL2548600PE.NFO,2025-05-23,15:14:00,2025-07-31,1930.0,1930.0,1930.0,1930.0,0,0,1
BANKNIFTY31JUL2548600PE.NFO,2025-05-23,15:15:00,2025-07-31,1930.0,1930.0,1930.0,1930.0,0,0,1
BANKNIFTY31JUL2548600PE.NFO,2025-05-23,15:16:00,2025-07-31,1930.0,1930.0,1930.0,1930.0,0,0,1
BANKNIFTY31JUL2548600PE.NFO,2025-05-23,15:17:00,2025-07-31,1930.0,1930.0,1930.0,1930.0,0,0,1
BANKNIFTY31JUL2548600PE.NFO,2025-05-23,15:18:00,2025-07-31,1930.0,1930.0,1930.0,1930.0,0,0,1
BANKNIFTY31JUL2548600PE.NFO,2025-05-23,15:19:00,2025-07-31,1930.0,1930.0,1930.0,1930.0,0,0,1
BANKNIFTY31JUL2548600PE.NFO,2025-05-23,15:20:00,2025-07-31,1930.0,1930.0,1930.0,1930.0,0,0,1
BANKNIFTY31JUL2548600PE.NFO,2025-05-23,15:21:00,2025-07-31,1930.0,1930.0,1930.0,1930.0,0,0,1
BANKNIFTY31JUL2548600PE.NFO,2025-05-23,15:22:00,2025-07-31,1930.0,1930.0,1930.0,1930.0,0,0,1
BANKNIFTY31JUL2548600PE.NFO,2025-05-23,15:23:00,2025-07-31,1930.0,1930.0,1930.0,1930.0,0,0,1
BANKNIFTY31JUL2548600PE.NFO,2025-05-23,15:24:00,2025-07-31,1930.0,1930.0,1930.0,1930.0,0,0,1
BANKNIFTY31JUL2548600PE.NFO,2025-05-23,15:25:00,2025-07-31,1930.0,1930.0,1930.0,1930.0,0,0,1
BANKNIFTY31JUL2548600PE.NFO,2025-05-23,15:26:00,2025-07-31,1930.0,1930.0,1930.0,1930.0,0,0,1
BANKNIFTY31JUL2548600PE.NFO,2025-05-23,15:27:00,2025-07-31,1930.0,1930.0,1930.0,1930.0,0,0,1
BANKNIFTY31JUL2548600PE.NFO,2025-05-23,15:28:00,2025-07-31,1930.0,1930.0,1930.0,1930.0,0,0,1
BANKNIFTY31JUL2548600PE.NFO,2025-05-23,15:29:00,2025-07-31,1930.0,1930.0,1930.0,1930.0,0,0,1
BANKNIFTY31JUL2548600PE.NFO,2025-05-23,15:30:00,2025-07-31,1930.0,1930.0,1930.0,1930.0,0,0,1
BANKNIFTY31JUL2548600PE.NFO,2025-05-26,09:15:00,2025-07-31,1930.0,1930.0,1930.0,1930.0,0,0,0
BANKNIFTY31JUL2548600PE.NFO,2025-05-26,09:16:00,2025-07-31,1930.0,1930.0,1930.0,1930.0,0,0,1
BANKNIFTY31JUL2548600PE.NFO,2025-05-26,09:17:00,2025-07-31,1930.0,1930.0,1930.0,1930.0,0,0,1
BANKNIFTY31JUL2548600PE.NFO,2025-05-26,09:18:00,2025-07-31,1930.0,1930.0,1930.0,1930.0,0,0,1
BANKNIFTY31JUL2548600PE.NFO,2025-05-26,09:19:00,2025-07-31,1930.0,1930.0,1930.0,1930.0,0,0,1
BANKNIFTY31JUL2548600PE.NFO,2025-05-26,09:20:00,2025-07-31,1930.0,1930.0,1930.0,1930.0,0,0,1
BANKNIFTY31JUL2548600PE.NFO,2025-05-26,09:21:00,2025-07-31,1930.0,1930.0,1930.0,1930.0,0,0,1
BANKNIFTY31JUL2548600PE.NFO,2025-05-26,09:22:00,2025-07-31,1930.0,1930.0,1930.0,1930.0,0,0,1
BANKNIFTY31JUL2548600PE.NFO,2025-05-26,09:23:00,2025-07-31,1930.0,1930.0,1930.0,1930.0,0,0,1
BANKNIFTY31JUL2548600PE.NFO,2025-05-26,09:24:00,2025-07-31,1930.0,1930.0,1930.0,1930.0,0,0,1
BANKNIFTY31JUL2548600PE.NFO,2025-05-26,09:25:00,2025-07-31,1930.0,1930.0,1930.0,1930.0,0,0,1
BANKNIFTY31JUL2548600PE.NFO,2025-05-26,09:26:00,2025-07-31,1930.0,1930.0,1930.0,1930.0,0,0,1
BANKNIFTY31JUL2548600PE.NFO,2025-05-26,09:27:00,2025-07-31,1930.0,1930.0,1930.0,1930.0,0,0,1
BANKNIFTY31JUL2548600PE.NFO,2025-05-26,09:28:00,2025-07-31,1930.0,1930.0,1930.0,1930.0,0,0,1
BANKNIFTY31JUL2548600PE.NFO,2025-05-26,09:29:00,2025-07-31,1930.0,1930.0,1930.0,1930.0,0,0,1
BANKNIFTY31JUL2548600PE.NFO,2025-05-26,09:30:00,2025-07-31,1930.0,1930.0,1930.0,1930.0,0,0,1
BANKNIFTY31JUL2548600PE.NFO,2025-05-26,09:31:00,2025-07-31,1930.0,1930.0,1930.0,1930.0,0,0,1
BANKNIFTY31JUL2548600PE.NFO,2025-05-26,09:32:00,2025-07-31,1930.0,1930.0,1930.0,1930.0,0,0,1
BANKNIFTY31JUL2548600PE.NFO,2025-05-26,09:33:00,2025-07-31,1930.0,1930.0,1930.0,1930.0,0,0,1
BANKNIFTY31JUL2548600PE.NFO,2025-05-26,09:34:00,2025-07-31,1930.0,1930.0,1930.0,1930.0,0,0,1
BANKNIFTY31JUL2548600PE.NFO,2025-05-26,09:35:00,2025-07-31,1930.0,1930.0,1930.0,1930.0,0,0,1
BANKNIFTY31JUL2548600PE.NFO,2025-05-26,09:36:00,2025-07-31,1930.0,1930.0,1930.0,1930.0,0,0,1
BANKNIFTY31JUL2548600PE.NFO,2025-05-26,09:37:00,2025-07-31,1930.0,1930.0,1930.0,1930.0,0,0,1
BANKNIFTY31JUL2548600PE.NFO,2025-05-26,09:38:00,2025-07-31,1930.0,1930.0,1930.0,1930.0,0,0,1
BANKNIFTY31JUL2548600PE.NFO,2025-05-26,09:39:00,2025-07-31,1930.0,1930.0,1930.0,1930.0,0,0,1
BANKNIFTY31JUL2548600PE.NFO,2025-05-26,09:40:00,2025-07-31,1930.0,1930.0,1930.0,1930.0,0,0,1
BANKNIFTY31JUL2548600PE.NFO,2025-05-26,09:41:00,2025-07-31,1930.0,1930.0,1930.0,1930.0,0,0,1
BANKNIFTY31JUL2548600PE.NFO,2025-05-26,09:42:00,2025-07-31,1930.0,1930.0,1930.0,1930.0,0,0,1
BANKNIFTY31JUL2548600PE.NFO,2025-05-26,09:43:00,2025-07-31,1930.0,1930.0,1930.0,1930.0,0,0,1
BANKNIFTY31JUL2548600PE.NFO,2025-05-26,09:44:00,2025-07-31,1930.0,1930.0,1930.0,1930.0,0,0,1
BANKNIFTY31JUL2548600PE.NFO,2025-05-26,09:45:00,2025-07-31,1930.0,1930.0,1930.0,1930.0,0,0,1
BANKNIFTY31JUL2548600PE.NFO,2025-05-26,09:46:00,2025-07-31,1930.0,1930.0,1930.0,1930.0,0,0,1
BANKNIFTY31JUL2548600PE.NFO,2025-05-26,09:47:00,2025-07-31,1930.0,1930.0,1930.0,1930.0,0,0,1
BANKNIFTY31JUL2548600PE.NFO,2025-05-26,09:48:00,2025-07-31,1930.0,1930.0,1930.0,1930.0,0,0,1
BANKNIFTY31JUL2548600PE.NFO,2025-05-26,09:49:00,2025-07-31,1930.0,1930.0,1930.0,1930.0,0,0,1
BANKNIFTY31JUL2548600PE.NFO,2025-05-26,09:50:00,2025-07-31,1930.0,1930.0,1930.0,1930.0,0,0,1
BANKNIFTY31JUL2548600PE.NFO,2025-05-26,09:51:00,2025-07-31,1930.0,1930.0,1930.0,1930.0,0,0,1
BANKNIFTY31JUL2548600PE.NFO,2025-05-26,09:52:00,2025-07-31,1930.0,1930.0,1930.0,1930.0,0,0,1
BANKNIFTY31JUL2548600PE.NFO,2025-05-26,09:53:00,2025-07-31,1930.0,1930.0,1930.0,1930.0,0,0,1
BANKNIFTY31JUL2548600PE.NFO,2025-05-26,09:54:00,2025-07-31,1930.0,1930.0,1930.0,1930.0,0,0,1
BANKNIFTY31JUL2548600PE.NFO,2025-05-26,09:55:00,2025-07-31,1930.0,1930.0,1930.0,1930.0,0,0,1
BANKNIFTY31JUL2548600PE.NFO,2025-05-26,09:56:00,2025-07-31,1930.0,1930.0,1930.0,1930.0,0,0,1
BANKNIFTY31JUL2548600PE.NFO,2025-05-26,09:57:00,2025-07-31,1930.0,1930.0,1930.0,1930.0,0,0,1
BANKNIFTY31JUL2548600PE.NFO,2025-05-26,09:58:00,2025-07-31,1930.0,1930.0,1930.0,1930.0,0,0,1
BANKNIFTY31JUL2548600PE.NFO,2025-05-26,09:59:00,2025-07-31,1930.0,1930.0,1930.0,1930.0,0,0,1
BANKNIFTY31JUL2548600PE.NFO,2025-05-26,10:00:00,2025-07-31,1930.0,1930.0,1930.0,1930.0,0,0,1
BANKNIFTY31JUL2548600PE.NFO,2025-05-26,10:01:00,2025-07-31,1930.0,1930.0,1930.0,1930.0,0,0,1
BANKNIFTY31JUL2548600PE.NFO,2025-05-26,10:02:00,2025-07-31,1930.0,1930.0,1930.0,1930.0,0,0,1
BANKNIFTY31JUL2548600PE.NFO,2025-05-26,10:03:00,2025-07-31,1930.0,1930.0,1930.0,1930.0,0,0,1
BANKNIFTY31JUL2548600PE.NFO,2025-05-26,10:04:00,2025-07-31,1930.0,1930.0,1930.0,1930.0,0,0,1
BANKNIFTY31JUL2548600PE.NFO,2025-05-26,10:05:00,2025-07-31,1930.0,1930.0,1930.0,1930.0,0,0,1
BANKNIFTY31JUL2548600PE.NFO,2025-05-26,10:06:00,2025-07-31,1930.0,1930.0,1930.0,1930.0,0,0,1
BANKNIFTY31JUL2548600PE.NFO,2025-05-26,10:07:00,2025-07-31,1930.0,1930.0,1930.0,1930.0,0,0,1
BANKNIFTY31JUL2548600PE.NFO,2025-05-26,10:08:00,2025-07-31,1930.0,1930.0,1930.0,1930.0,0,0,1
BANKNIFTY31JUL2548600PE.NFO,2025-05-26,10:09:00,2025-07-31,1930.0,1930.0,1930.0,1930.0,0,0,1
BANKNIFTY31JUL2548600PE.NFO,2025-05-26,10:10:00,2025-07-31,1930.0,1930.0,1930.0,1930.0,0,0,1
BANKNIFTY31JUL2548600PE.NFO,2025-05-26,10:11:00,2025-07-31,1930.0,1930.0,1930.0,1930.0,0,0,1
BANKNIFTY31JUL2548600PE.NFO,2025-05-26,10:12:00,2025-07-31,1930.0,1930.0,1930.0,1930.0,0,0,1
BANKNIFTY31JUL2548600PE.NFO,2025-05-26,10:13:00,2025-07-31,1930.0,1930.0,1930.0,1930.0,0,0,1
BANKNIFTY31JUL2548600PE.NFO,2025-05-26,10:14:00,2025-07-31,1930.0,1930.0,1930.0,1930.0,0,0,1
BANKNIFTY31JUL2548600PE.NFO,2025-05-26,10:15:00,2025-07-31,1930.0,1930.0,1930.0,1930.0,0,0,1
BANKNIFTY31JUL2548600PE.NFO,2025-05-26,10:16:00,2025-07-31,1930.0,1930.0,1930.0,1930.0,0,0,1
BANKNIFTY31JUL2548600PE.NFO,2025-05-26,10:17:00,2025-07-31,1930.0,1930.0,1930.0,1930.0,0,0,1
BANKNIFTY31JUL2548600PE.NFO,2025-05-26,10:18:00,2025-07-31,1930.0,1930.0,1930.0,1930.0,0,0,1
BANKNIFTY31JUL2548600PE.NFO,2025-05-26,10:19:00,2025-07-31,1930.0,1930.0,1930.0,1930.0,0,0,1
BANKNIFTY31JUL2548600PE.NFO,2025-05-26,10:20:00,2025-07-31,1930.0,1930.0,1930.0,1930.0,0,0,1
BANKNIFTY31JUL2548600PE.NFO,2025-05-26,10:21:00,2025-07-31,1930.0,1930.0,1930.0,1930.0,0,0,1
BANKNIFTY31JUL2548600PE.NFO,2025-05-26,10:22:00,2025-07-31,1930.0,1930.0,1930.0,1930.0,0,0,1
BANKNIFTY31JUL2548600PE.NFO,2025-05-26,10:23:00,2025-07-31,1930.0,1930.0,1930.0,1930.0,0,0,1
BANKNIFTY31JUL2548600PE.NFO,2025-05-26,10:24:00,2025-07-31,1930.0,1930.0,1930.0,1930.0,0,0,1
BANKNIFTY31JUL2548600PE.NFO,2025-05-26,10:25:00,2025-07-31,1930.0,1930.0,1930.0,1930.0,0,0,1
BANKNIFTY31JUL2548600PE.NFO,2025-05-26,10:26:00,2025-07-31,1930.0,1930.0,1930.0,1930.0,0,0,1
BANKNIFTY31JUL2548600PE.NFO,2025-05-26,10:27:00,2025-07-31,1930.0,1930.0,1930.0,1930.0,0,0,1
BANKNIFTY31JUL2548600PE.NFO,2025-05-26,10:28:00,2025-07-31,1930.0,1930.0,1930.0,1930.0,0,0,1
BANKNIFTY31JUL2548600PE.NFO,2025-05-26,10:29:00,2025-07-31,1930.0,1930.0,1930.0,1930.0,0,0,1
BANKNIFTY31JUL2548600PE.NFO,2025-05-26,10:30:00,2025-07-31,1930.0,1930.0,1930.0,1930.0,0,0,1
BANKNIFTY31JUL2548600PE.NFO,2025-05-26,10:31:00,2025-07-31,1930.0,1930.0,1930.0,1930.0,0,0,1
BANKNIFTY31JUL2548600PE.NFO,2025-05-26,10:32:00,2025-07-31,1930.0,1930.0,1930.0,1930.0,0,0,1
BANKNIFTY31JUL2548600PE.NFO,2025-05-26,10:33:00,2025-07-31,1930.0,1930.0,1930.0,1930.0,0,0,1
BANKNIFTY31JUL2548600PE.NFO,2025-05-26,10:34:00,2025-07-31,1930.0,1930.0,1930.0,1930.0,0,0,1
BANKNIFTY31JUL2548600PE.NFO,2025-05-26,10:35:00,2025-07-31,1930.0,1930.0,1930.0,1930.0,0,0,1
BANKNIFTY31JUL2548600PE.NFO,2025-05-26,10:36:00,2025-07-31,1930.0,1930.0,1930.0,1930.0,0,0,1
BANKNIFTY31JUL2548600PE.NFO,2025-05-26,10:37:00,2025-07-31,1930.0,1930.0,1930.0,1930.0,0,0,1
BANKNIFTY31JUL2548600PE.NFO,2025-05-26,10:38:00,2025-07-31,1930.0,1930.0,1930.0,1930.0,0,0,1
BANKNIFTY31JUL2548600PE.NFO,2025-05-26,10:39:00,2025-07-31,1930.0,1930.0,1930.0,1930.0,0,0,1
BANKNIFTY31JUL2548600PE.NFO,2025-05-26,10:40:00,2025-07-31,1930.0,1930.0,1930.0,1930.0,0,0,1
BANKNIFTY31JUL2548600PE.NFO,2025-05-26,10:41:00,2025-07-31,1930.0,1930.0,1930.0,1930.0,0,0,1
BANKNIFTY31JUL2548600PE.NFO,2025-05-26,10:42:00,2025-07-31,1930.0,1930.0,1930.0,1930.0,0,0,1
BANKNIFTY31JUL2548600PE.NFO,2025-05-26,10:43:00,2025-07-31,1930.0,1930.0,1930.0,1930.0,0,0,1
BANKNIFTY31JUL2548600PE.NFO,2025-05-26,10:44:00,2025-07-31,1930.0,1930.0,1930.0,1930.0,0,0,1
BANKNIFTY31JUL2548600PE.NFO,2025-05-26,10:45:00,2025-07-31,1930.0,1930.0,1930.0,1930.0,0,0,1
BANKNIFTY31JUL2548600PE.NFO,2025-05-26,10:46:00,2025-07-31,1930.0,1930.0,1930.0,1930.0,0,0,1
BANKNIFTY31JUL2548600PE.NFO,2025-05-26,10:47:00,2025-07-31,1930.0,1930.0,1930.0,1930.0,0,0,1
BANKNIFTY31JUL2548600PE.NFO,2025-05-26,10:48:00,2025-07-31,1930.0,1930.0,1930.0,1930.0,0,0,1
BANKNIFTY31JUL2548600PE.NFO,2025-05-26,10:49:00,2025-07-31,1930.0,1930.0,1930.0,1930.0,0,0,1
BANKNIFTY31JUL2548600PE.NFO,2025-05-26,10:50:00,2025-07-31,1930.0,1930.0,1930.0,1930.0,0,0,1
BANKNIFTY31JUL2548600PE.NFO,2025-05-26,10:51:00,2025-07-31,1930.0,1930.0,1930.0,1930.0,0,0,1
BANKNIFTY31JUL2548600PE.NFO,2025-05-26,10:52:00,2025-07-31,1930.0,1930.0,1930.0,1930.0,0,0,1
BANKNIFTY31JUL2548600PE.NFO,2025-05-26,10:53:00,2025-07-31,1930.0,1930.0,1930.0,1930.0,0,0,1
BANKNIFTY31JUL2548600PE.NFO,2025-05-26,10:54:00,2025-07-31,1930.0,1930.0,1930.0,1930.0,0,0,1
BANKNIFTY31JUL2548600PE.NFO,2025-05-26,10:55:00,2025-07-31,1930.0,1930.0,1930.0,1930.0,0,0,1
BANKNIFTY31JUL2548600PE.NFO,2025-05-26,10:56:00,2025-07-31,1930.0,1930.0,1930.0,1930.0,0,0,1
BANKNIFTY31JUL2548600PE.NFO,2025-05-26,10:57:00,2025-07-31,1930.0,1930.0,1930.0,1930.0,0,0,1
BANKNIFTY31JUL2548600PE.NFO,2025-05-26,10:58:00,2025-07-31,1930.0,1930.0,1930.0,1930.0,0,0,1
BANKNIFTY31JUL2548600PE.NFO,2025-05-26,10:59:00,2025-07-31,1930.0,1930.0,1930.0,1930.0,0,0,1
BANKNIFTY31JUL2548600PE.NFO,2025-05-26,11:00:00,2025-07-31,1930.0,1930.0,1930.0,1930.0,0,0,1
BANKNIFTY31JUL2548600PE.NFO,2025-05-26,11:01:00,2025-07-31,1930.0,1930.0,1930.0,1930.0,0,0,1
BANKNIFTY31JUL2548600PE.NFO,2025-05-26,11:02:00,2025-07-31,1930.0,1930.0,1930.0,1930.0,0,0,1
BANKNIFTY31JUL2548600PE.NFO,2025-05-26,11:03:00,2025-07-31,1930.0,1930.0,1930.0,1930.0,0,0,1
BANKNIFTY31JUL2548600PE.NFO,2025-05-26,11:04:00,2025-07-31,1930.0,1930.0,1930.0,1930.0,0,0,1
BANKNIFTY31JUL2548600PE.NFO,2025-05-26,11:05:00,2025-07-31,1930.0,1930.0,1930.0,1930.0,0,0,1
BANKNIFTY31JUL2548600PE.NFO,2025-05-26,11:06:00,2025-07-31,1930.0,1930.0,1930.0,1930.0,0,0,1
BANKNIFTY31JUL2548600PE.NFO,2025-05-26,11:07:00,2025-07-31,1930.0,1930.0,1930.0,1930.0,0,0,1
BANKNIFTY31JUL2548600PE.NFO,2025-05-26,11:08:00,2025-07-31,1930.0,1930.0,1930.0,1930.0,0,0,1
BANKNIFTY31JUL2548600PE.NFO,2025-05-26,11:09:00,2025-07-31,1930.0,1930.0,1930.0,1930.0,0,0,1
BANKNIFTY31JUL2548600PE.NFO,2025-05-26,11:10:00,2025-07-31,1930.0,1930.0,1930.0,1930.0,0,0,1
BANKNIFTY31JUL2548600PE.NFO,2025-05-26,11:11:00,2025-07-31,1930.0,1930.0,1930.0,1930.0,0,0,1
BANKNIFTY31JUL2548600PE.NFO,2025-05-26,11:12:00,2025-07-31,1930.0,1930.0,1930.0,1930.0,0,0,1
BANKNIFTY31JUL2548600PE.NFO,2025-05-26,11:13:00,2025-07-31,1930.0,1930.0,1930.0,1930.0,0,0,1
BANKNIFTY31JUL2548600PE.NFO,2025-05-26,11:14:00,2025-07-31,1930.0,1930.0,1930.0,1930.0,0,0,1
BANKNIFTY31JUL2548600PE.NFO,2025-05-26,11:15:00,2025-07-31,1930.0,1930.0,1930.0,1930.0,0,0,1
BANKNIFTY31JUL2548600PE.NFO,2025-05-26,11:16:00,2025-07-31,1930.0,1930.0,1930.0,1930.0,0,0,1
BANKNIFTY31JUL2548600PE.NFO,2025-05-26,11:17:00,2025-07-31,1930.0,1930.0,1930.0,1930.0,0,0,1
BANKNIFTY31JUL2548600PE.NFO,2025-05-26,11:18:00,2025-07-31,1930.0,1930.0,1930.0,1930.0,0,0,1
BANKNIFTY31JUL2548600PE.NFO,2025-05-26,11:19:00,2025-07-31,1930.0,1930.0,1930.0,1930.0,0,0,1
BANKNIFTY31JUL2548600PE.NFO,2025-05-26,11:20:00,2025-07-31,1930.0,1930.0,1930.0,1930.0,0,0,1
BANKNIFTY31JUL2548600PE.NFO,2025-05-26,11:21:00,2025-07-31,1930.0,1930.0,1930.0,1930.0,0,0,1
BANKNIFTY31JUL2548600PE.NFO,2025-05-26,11:22:00,2025-07-31,1930.0,1930.0,1930.0,1930.0,0,0,1
BANKNIFTY31JUL2548600PE.NFO,2025-05-26,11:23:00,2025-07-31,1930.0,1930.0,1930.0,1930.0,0,0,1
BANKNIFTY31JUL2548600PE.NFO,2025-05-26,11:24:00,2025-07-31,1930.0,1930.0,1930.0,1930.0,0,0,1
BANKNIFTY31JUL2548600PE.NFO,2025-05-26,11:25:00,2025-07-31,1930.0,1930.0,1930.0,1930.0,0,0,1
BANKNIFTY31JUL2548600PE.NFO,2025-05-26,11:26:00,2025-07-31,1930.0,1930.0,1930.0,1930.0,0,0,1
BANKNIFTY31JUL2548600PE.NFO,2025-05-26,11:27:00,2025-07-31,1930.0,1930.0,1930.0,1930.0,0,0,1
BANKNIFTY31JUL2548600PE.NFO,2025-05-26,11:28:00,2025-07-31,1930.0,1930.0,1930.0,1930.0,0,0,1
BANKNIFTY31JUL2548600PE.NFO,2025-05-26,11:29:00,2025-07-31,1930.0,1930.0,1930.0,1930.0,0,0,1
BANKNIFTY31JUL2548600PE.NFO,2025-05-26,11:30:00,2025-07-31,1930.0,1930.0,1930.0,1930.0,0,0,1
BANKNIFTY31JUL2548600PE.NFO,2025-05-26,11:31:00,2025-07-31,1930.0,1930.0,1930.0,1930.0,0,0,1
BANKNIFTY31JUL2548600PE.NFO,2025-05-26,11:32:00,2025-07-31,1930.0,1930.0,1930.0,1930.0,0,0,1
BANKNIFTY31JUL2548600PE.NFO,2025-05-26,11:33:00,2025-07-31,1930.0,1930.0,1930.0,1930.0,0,0,1
BANKNIFTY31JUL2548600PE.NFO,2025-05-26,11:34:00,2025-07-31,1930.0,1930.0,1930.0,1930.0,0,0,1
BANKNIFTY31JUL2548600PE.NFO,2025-05-26,11:35:00,2025-07-31,1930.0,1930.0,1930.0,1930.0,0,0,1
BANKNIFTY31JUL2548600PE.NFO,2025-05-26,11:36:00,2025-07-31,1930.0,1930.0,1930.0,1930.0,0,0,1
BANKNIFTY31JUL2548600PE.NFO,2025-05-26,11:37:00,2025-07-31,1930.0,1930.0,1930.0,1930.0,0,0,1
BANKNIFTY31JUL2548600PE.NFO,2025-05-26,11:38:00,2025-07-31,1930.0,1930.0,1930.0,1930.0,0,0,1
BANKNIFTY31JUL2548600PE.NFO,2025-05-26,11:39:00,2025-07-31,1930.0,1930.0,1930.0,1930.0,0,0,1
BANKNIFTY31JUL2548600PE.NFO,2025-05-26,11:40:00,2025-07-31,1930.0,1930.0,1930.0,1930.0,0,0,1
BANKNIFTY31JUL2548600PE.NFO,2025-05-26,11:41:00,2025-07-31,1930.0,1930.0,1930.0,1930.0,0,0,1
BANKNIFTY31JUL2548600PE.NFO,2025-05-26,11:42:00,2025-07-31,1930.0,1930.0,1930.0,1930.0,0,0,1
BANKNIFTY31JUL2548600PE.NFO,2025-05-26,11:43:00,2025-07-31,1930.0,1930.0,1930.0,1930.0,0,0,1
BANKNIFTY31JUL2548600PE.NFO,2025-05-26,11:44:00,2025-07-31,1930.0,1930.0,1930.0,1930.0,0,0,1
BANKNIFTY31JUL2548600PE.NFO,2025-05-26,11:45:00,2025-07-31,1930.0,1930.0,1930.0,1930.0,0,0,1
BANKNIFTY31JUL2548600PE.NFO,2025-05-26,11:46:00,2025-07-31,1930.0,1930.0,1930.0,1930.0,0,0,1
BANKNIFTY31JUL2548600PE.NFO,2025-05-26,11:47:00,2025-07-31,1930.0,1930.0,1930.0,1930.0,0,0,1
BANKNIFTY31JUL2548600PE.NFO,2025-05-26,11:48:00,2025-07-31,1930.0,1930.0,1930.0,1930.0,0,0,1
BANKNIFTY31JUL2548600PE.NFO,2025-05-26,11:49:00,2025-07-31,1930.0,1930.0,1930.0,1930.0,0,0,1
BANKNIFTY31JUL2548600PE.NFO,2025-05-26,11:50:00,2025-07-31,1930.0,1930.0,1930.0,1930.0,0,0,1
BANKNIFTY31JUL2548600PE.NFO,2025-05-26,11:51:00,2025-07-31,1930.0,1930.0,1930.0,1930.0,0,0,1
BANKNIFTY31JUL2548600PE.NFO,2025-05-26,11:52:00,2025-07-31,1930.0,1930.0,1930.0,1930.0,0,0,1
BANKNIFTY31JUL2548600PE.NFO,2025-05-26,11:53:00,2025-07-31,1930.0,1930.0,1930.0,1930.0,0,0,1
BANKNIFTY31JUL2548600PE.NFO,2025-05-26,11:54:00,2025-07-31,1930.0,1930.0,1930.0,1930.0,0,0,1
BANKNIFTY31JUL2548600PE.NFO,2025-05-26,11:55:00,2025-07-31,1930.0,1930.0,1930.0,1930.0,0,0,1
BANKNIFTY31JUL2548600PE.NFO,2025-05-26,11:56:00,2025-07-31,1930.0,1930.0,1930.0,1930.0,0,0,1
BANKNIFTY31JUL2548600PE.NFO,2025-05-26,11:57:00,2025-07-31,1930.0,1930.0,1930.0,1930.0,0,0,1
BANKNIFTY31JUL2548600PE.NFO,2025-05-26,11:58:00,2025-07-31,1930.0,1930.0,1930.0,1930.0,0,0,1
BANKNIFTY31JUL2548600PE.NFO,2025-05-26,11:59:00,2025-07-31,1930.0,1930.0,1930.0,1930.0,0,0,1
BANKNIFTY31JUL2548600PE.NFO,2025-05-26,12:00:00,2025-07-31,1930.0,1930.0,1930.0,1930.0,0,0,1
BANKNIFTY31JUL2548600PE.NFO,2025-05-26,12:01:00,2025-07-31,1930.0,1930.0,1930.0,1930.0,0,0,1
BANKNIFTY31JUL2548600PE.NFO,2025-05-26,12:02:00,2025-07-31,1930.0,1930.0,1930.0,1930.0,0,0,1
BANKNIFTY31JUL2548600PE.NFO,2025-05-26,12:03:00,2025-07-31,1930.0,1930.0,1930.0,1930.0,0,0,1
BANKNIFTY31JUL2548600PE.NFO,2025-05-26,12:04:00,2025-07-31,1930.0,1930.0,1930.0,1930.0,0,0,1
BANKNIFTY31JUL2548600PE.NFO,2025-05-26,12:05:00,2025-07-31,1930.0,1930.0,1930.0,1930.0,0,0,1
BANKNIFTY31JUL2548600PE.NFO,2025-05-26,12:06:00,2025-07-31,1930.0,1930.0,1930.0,1930.0,0,0,1
BANKNIFTY31JUL2548600PE.NFO,2025-05-26,12:07:00,2025-07-31,1930.0,1930.0,1930.0,1930.0,0,0,1
BANKNIFTY31JUL2548600PE.NFO,2025-05-26,12:08:00,2025-07-31,1930.0,1930.0,1930.0,1930.0,0,0,1
BANKNIFTY31JUL2548600PE.NFO,2025-05-26,12:09:00,2025-07-31,1930.0,1930.0,1930.0,1930.0,0,0,1
BANKNIFTY31JUL2548600PE.NFO,2025-05-26,12:10:00,2025-07-31,1930.0,1930.0,1930.0,1930.0,0,0,1
BANKNIFTY31JUL2548600PE.NFO,2025-05-26,12:11:00,2025-07-31,1930.0,1930.0,1930.0,1930.0,0,0,1
BANKNIFTY31JUL2548600PE.NFO,2025-05-26,12:12:00,2025-07-31,1930.0,1930.0,1930.0,1930.0,0,0,1
BANKNIFTY31JUL2548600PE.NFO,2025-05-26,12:13:00,2025-07-31,1930.0,1930.0,1930.0,1930.0,0,0,1
BANKNIFTY31JUL2548600PE.NFO,2025-05-26,12:14:00,2025-07-31,1930.0,1930.0,1930.0,1930.0,0,0,1
BANKNIFTY31JUL2548600PE.NFO,2025-05-26,12:15:00,2025-07-31,1930.0,1930.0,1930.0,1930.0,0,0,1
BANKNIFTY31JUL2548600PE.NFO,2025-05-26,12:16:00,2025-07-31,1930.0,1930.0,1930.0,1930.0,0,0,1
BANKNIFTY31JUL2548600PE.NFO,2025-05-26,12:17:00,2025-07-31,1930.0,1930.0,1930.0,1930.0,0,0,1
BANKNIFTY31JUL2548600PE.NFO,2025-05-26,12:18:00,2025-07-31,1930.0,1930.0,1930.0,1930.0,0,0,1
BANKNIFTY31JUL2548600PE.NFO,2025-05-26,12:19:00,2025-07-31,1930.0,1930.0,1930.0,1930.0,0,0,1
BANKNIFTY31JUL2548600PE.NFO,2025-05-26,12:20:00,2025-07-31,1930.0,1930.0,1930.0,1930.0,0,0,1
BANKNIFTY31JUL2548600PE.NFO,2025-05-26,12:21:00,2025-07-31,1930.0,1930.0,1930.0,1930.0,0,0,1
BANKNIFTY31JUL2548600PE.NFO,2025-05-26,12:22:00,2025-07-31,1930.0,1930.0,1930.0,1930.0,0,0,1
BANKNIFTY31JUL2548600PE.NFO,2025-05-26,12:23:00,2025-07-31,1930.0,1930.0,1930.0,1930.0,0,0,1
BANKNIFTY31JUL2548600PE.NFO,2025-05-26,12:24:00,2025-07-31,1930.0,1930.0,1930.0,1930.0,0,0,1
BANKNIFTY31JUL2548600PE.NFO,2025-05-26,12:25:00,2025-07-31,1930.0,1930.0,1930.0,1930.0,0,0,1
BANKNIFTY31JUL2548600PE.NFO,2025-05-26,12:26:00,2025-07-31,1930.0,1930.0,1930.0,1930.0,0,0,1
BANKNIFTY31JUL2548600PE.NFO,2025-05-26,12:27:00,2025-07-31,1930.0,1930.0,1930.0,1930.0,0,0,1
BANKNIFTY31JUL2548600PE.NFO,2025-05-26,12:28:00,2025-07-31,1930.0,1930.0,1930.0,1930.0,0,0,1
BANKNIFTY31JUL2548600PE.NFO,2025-05-26,12:29:00,2025-07-31,1930.0,1930.0,1930.0,1930.0,0,0,1
BANKNIFTY31JUL2548600PE.NFO,2025-05-26,12:30:00,2025-07-31,1930.0,1930.0,1930.0,1930.0,0,0,1
BANKNIFTY31JUL2548600PE.NFO,2025-05-26,12:31:00,2025-07-31,1930.0,1930.0,1930.0,1930.0,0,0,1
BANKNIFTY31JUL2548600PE.NFO,2025-05-26,12:32:00,2025-07-31,1930.0,1930.0,1930.0,1930.0,0,0,1
BANKNIFTY31JUL2548600PE.NFO,2025-05-26,12:33:00,2025-07-31,1930.0,1930.0,1930.0,1930.0,0,0,1
BANKNIFTY31JUL2548600PE.NFO,2025-05-26,12:34:00,2025-07-31,1930.0,1930.0,1930.0,1930.0,0,0,1
BANKNIFTY31JUL2548600PE.NFO,2025-05-26,12:35:00,2025-07-31,1930.0,1930.0,1930.0,1930.0,0,0,1
BANKNIFTY31JUL2548600PE.NFO,2025-05-26,12:36:00,2025-07-31,1930.0,1930.0,1930.0,1930.0,0,0,1
BANKNIFTY31JUL2548600PE.NFO,2025-05-26,12:37:00,2025-07-31,1930.0,1930.0,1930.0,1930.0,0,0,1
BANKNIFTY31JUL2548600PE.NFO,2025-05-26,12:38:00,2025-07-31,1930.0,1930.0,1930.0,1930.0,0,0,1
BANKNIFTY31JUL2548600PE.NFO,2025-05-26,12:39:00,2025-07-31,1930.0,1930.0,1930.0,1930.0,0,0,1
BANKNIFTY31JUL2548600PE.NFO,2025-05-26,12:40:00,2025-07-31,1930.0,1930.0,1930.0,1930.0,0,0,1
BANKNIFTY31JUL2548600PE.NFO,2025-05-26,12:41:00,2025-07-31,1930.0,1930.0,1930.0,1930.0,0,0,1
BANKNIFTY31JUL2548600PE.NFO,2025-05-26,12:42:00,2025-07-31,1930.0,1930.0,1930.0,1930.0,0,0,1
BANKNIFTY31JUL2548600PE.NFO,2025-05-26,12:43:00,2025-07-31,1930.0,1930.0,1930.0,1930.0,0,0,1
BANKNIFTY31JUL2548600PE.NFO,2025-05-26,12:44:00,2025-07-31,1930.0,1930.0,1930.0,1930.0,0,0,1
BANKNIFTY31JUL2548600PE.NFO,2025-05-26,12:45:00,2025-07-31,1930.0,1930.0,1930.0,1930.0,0,0,1
BANKNIFTY31JUL2548600PE.NFO,2025-05-26,12:46:00,2025-07-31,1930.0,1930.0,1930.0,1930.0,0,0,1
BANKNIFTY31JUL2548600PE.NFO,2025-05-26,12:47:00,2025-07-31,1930.0,1930.0,1930.0,1930.0,0,0,1
BANKNIFTY31JUL2548600PE.NFO,2025-05-26,12:48:00,2025-07-31,1930.0,1930.0,1930.0,1930.0,0,0,1
BANKNIFTY31JUL2548600PE.NFO,2025-05-26,12:49:00,2025-07-31,1930.0,1930.0,1930.0,1930.0,0,0,1
BANKNIFTY31JUL2548600PE.NFO,2025-05-26,12:50:00,2025-07-31,1930.0,1930.0,1930.0,1930.0,0,0,1
BANKNIFTY31JUL2548600PE.NFO,2025-05-26,12:51:00,2025-07-31,1930.0,1930.0,1930.0,1930.0,0,0,1
BANKNIFTY31JUL2548600PE.NFO,2025-05-26,12:52:00,2025-07-31,1930.0,1930.0,1930.0,1930.0,0,0,1
BANKNIFTY31JUL2548600PE.NFO,2025-05-26,12:53:00,2025-07-31,1930.0,1930.0,1930.0,1930.0,0,0,1
BANKNIFTY31JUL2548600PE.NFO,2025-05-26,12:54:00,2025-07-31,1930.0,1930.0,1930.0,1930.0,0,0,1
BANKNIFTY31JUL2548600PE.NFO,2025-05-26,12:55:00,2025-07-31,1930.0,1930.0,1930.0,1930.0,0,0,1
BANKNIFTY31JUL2548600PE.NFO,2025-05-26,12:56:00,2025-07-31,1930.0,1930.0,1930.0,1930.0,0,0,1
BANKNIFTY31JUL2548600PE.NFO,2025-05-26,12:57:00,2025-07-31,1930.0,1930.0,1930.0,1930.0,0,0,1
BANKNIFTY31JUL2548600PE.NFO,2025-05-26,12:58:00,2025-07-31,1930.0,1930.0,1930.0,1930.0,0,0,1
BANKNIFTY31JUL2548600PE.NFO,2025-05-26,12:59:00,2025-07-31,1930.0,1930.0,1930.0,1930.0,0,0,1
BANKNIFTY31JUL2548600PE.NFO,2025-05-26,13:00:00,2025-07-31,1930.0,1930.0,1930.0,1930.0,0,0,1
BANKNIFTY31JUL2548600PE.NFO,2025-05-26,13:01:00,2025-07-31,1930.0,1930.0,1930.0,1930.0,0,0,1
BANKNIFTY31JUL2548600PE.NFO,2025-05-26,13:02:00,2025-07-31,1930.0,1930.0,1930.0,1930.0,0,0,1
BANKNIFTY31JUL2548600PE.NFO,2025-05-26,13:03:00,2025-07-31,1930.0,1930.0,1930.0,1930.0,0,0,1
BANKNIFTY31JUL2548600PE.NFO,2025-05-26,13:04:00,2025-07-31,1930.0,1930.0,1930.0,1930.0,0,0,1
BANKNIFTY31JUL2548600PE.NFO,2025-05-26,13:05:00,2025-07-31,1930.0,1930.0,1930.0,1930.0,0,0,1
BANKNIFTY31JUL2548600PE.NFO,2025-05-26,13:06:00,2025-07-31,1930.0,1930.0,1930.0,1930.0,0,0,1
BANKNIFTY31JUL2548600PE.NFO,2025-05-26,13:07:00,2025-07-31,1930.0,1930.0,1930.0,1930.0,0,0,1
BANKNIFTY31JUL2548600PE.NFO,2025-05-26,13:08:00,2025-07-31,1930.0,1930.0,1930.0,1930.0,0,0,1
BANKNIFTY31JUL2548600PE.NFO,2025-05-26,13:09:00,2025-07-31,1930.0,1930.0,1930.0,1930.0,0,0,1
BANKNIFTY31JUL2548600PE.NFO,2025-05-26,13:10:00,2025-07-31,1930.0,1930.0,1930.0,1930.0,0,0,1
BANKNIFTY31JUL2548600PE.NFO,2025-05-26,13:11:00,2025-07-31,1930.0,1930.0,1930.0,1930.0,0,0,1
BANKNIFTY31JUL2548600PE.NFO,2025-05-26,13:12:00,2025-07-31,1930.0,1930.0,1930.0,1930.0,0,0,1
BANKNIFTY31JUL2548600PE.NFO,2025-05-26,13:13:00,2025-07-31,1930.0,1930.0,1930.0,1930.0,0,0,1
BANKNIFTY31JUL2548600PE.NFO,2025-05-26,13:14:00,2025-07-31,1930.0,1930.0,1930.0,1930.0,0,0,1
BANKNIFTY31JUL2548600PE.NFO,2025-05-26,13:15:00,2025-07-31,1930.0,1930.0,1930.0,1930.0,0,0,1
BANKNIFTY31JUL2548600PE.NFO,2025-05-26,13:16:00,2025-07-31,1930.0,1930.0,1930.0,1930.0,0,0,1
BANKNIFTY31JUL2548600PE.NFO,2025-05-26,13:17:00,2025-07-31,1930.0,1930.0,1930.0,1930.0,0,0,1
BANKNIFTY31JUL2548600PE.NFO,2025-05-26,13:18:00,2025-07-31,1930.0,1930.0,1930.0,1930.0,0,0,1
BANKNIFTY31JUL2548600PE.NFO,2025-05-26,13:19:00,2025-07-31,1930.0,1930.0,1930.0,1930.0,0,0,1
BANKNIFTY31JUL2548600PE.NFO,2025-05-26,13:20:00,2025-07-31,1930.0,1930.0,1930.0,1930.0,0,0,1
BANKNIFTY31JUL2548600PE.NFO,2025-05-26,13:21:00,2025-07-31,1930.0,1930.0,1930.0,1930.0,0,0,1
BANKNIFTY31JUL2548600PE.NFO,2025-05-26,13:22:00,2025-07-31,1930.0,1930.0,1930.0,1930.0,0,0,1
BANKNIFTY31JUL2548600PE.NFO,2025-05-26,13:23:00,2025-07-31,1930.0,1930.0,1930.0,1930.0,0,0,1
BANKNIFTY31JUL2548600PE.NFO,2025-05-26,13:24:00,2025-07-31,1930.0,1930.0,1930.0,1930.0,0,0,1
BANKNIFTY31JUL2548600PE.NFO,2025-05-26,13:25:00,2025-07-31,1930.0,1930.0,1930.0,1930.0,0,0,1
BANKNIFTY31JUL2548600PE.NFO,2025-05-26,13:26:00,2025-07-31,1930.0,1930.0,1930.0,1930.0,0,0,1
BANKNIFTY31JUL2548600PE.NFO,2025-05-26,13:27:00,2025-07-31,1930.0,1930.0,1930.0,1930.0,0,0,1
BANKNIFTY31JUL2548600PE.NFO,2025-05-26,13:28:00,2025-07-31,1930.0,1930.0,1930.0,1930.0,0,0,1
BANKNIFTY31JUL2548600PE.NFO,2025-05-26,13:29:00,2025-07-31,1930.0,1930.0,1930.0,1930.0,0,0,1
BANKNIFTY31JUL2548600PE.NFO,2025-05-26,13:30:00,2025-07-31,1930.0,1930.0,1930.0,1930.0,0,0,1
BANKNIFTY31JUL2548600PE.NFO,2025-05-26,13:31:00,2025-07-31,1930.0,1930.0,1930.0,1930.0,0,0,1
BANKNIFTY31JUL2548600PE.NFO,2025-05-26,13:32:00,2025-07-31,1930.0,1930.0,1930.0,1930.0,0,0,1
BANKNIFTY31JUL2548600PE.NFO,2025-05-26,13:33:00,2025-07-31,1930.0,1930.0,1930.0,1930.0,0,0,1
BANKNIFTY31JUL2548600PE.NFO,2025-05-26,13:34:00,2025-07-31,1930.0,1930.0,1930.0,1930.0,0,0,1
BANKNIFTY31JUL2548600PE.NFO,2025-05-26,13:35:00,2025-07-31,1930.0,1930.0,1930.0,1930.0,0,0,1
BANKNIFTY31JUL2548600PE.NFO,2025-05-26,13:36:00,2025-07-31,1930.0,1930.0,1930.0,1930.0,0,0,1
BANKNIFTY31JUL2548600PE.NFO,2025-05-26,13:37:00,2025-07-31,1930.0,1930.0,1930.0,1930.0,0,0,1
BANKNIFTY31JUL2548600PE.NFO,2025-05-26,13:38:00,2025-07-31,1930.0,1930.0,1930.0,1930.0,0,0,1
BANKNIFTY31JUL2548600PE.NFO,2025-05-26,13:39:00,2025-07-31,1930.0,1930.0,1930.0,1930.0,0,0,1
BANKNIFTY31JUL2548600PE.NFO,2025-05-26,13:40:00,2025-07-31,1930.0,1930.0,1930.0,1930.0,0,0,1
BANKNIFTY31JUL2548600PE.NFO,2025-05-26,13:41:00,2025-07-31,1930.0,1930.0,1930.0,1930.0,0,0,1
BANKNIFTY31JUL2548600PE.NFO,2025-05-26,13:42:00,2025-07-31,1930.0,1930.0,1930.0,1930.0,0,0,1
BANKNIFTY31JUL2548600PE.NFO,2025-05-26,13:43:00,2025-07-31,1930.0,1930.0,1930.0,1930.0,0,0,1
BANKNIFTY31JUL2548600PE.NFO,2025-05-26,13:44:00,2025-07-31,1930.0,1930.0,1930.0,1930.0,0,0,1
BANKNIFTY31JUL2548600PE.NFO,2025-05-26,13:45:00,2025-07-31,1930.0,1930.0,1930.0,1930.0,0,0,1
BANKNIFTY31JUL2548600PE.NFO,2025-05-26,13:46:00,2025-07-31,1930.0,1930.0,1930.0,1930.0,0,0,1
BANKNIFTY31JUL2548600PE.NFO,2025-05-26,13:47:00,2025-07-31,1930.0,1930.0,1930.0,1930.0,0,0,1
BANKNIFTY31JUL2548600PE.NFO,2025-05-26,13:48:00,2025-07-31,1930.0,1930.0,1930.0,1930.0,0,0,1
BANKNIFTY31JUL2548600PE.NFO,2025-05-26,13:49:00,2025-07-31,1930.0,1930.0,1930.0,1930.0,0,0,1
BANKNIFTY31JUL2548600PE.NFO,2025-05-26,13:50:00,2025-07-31,1930.0,1930.0,1930.0,1930.0,0,0,1
BANKNIFTY31JUL2548600PE.NFO,2025-05-26,13:51:00,2025-07-31,1930.0,1930.0,1930.0,1930.0,0,0,1
BANKNIFTY31JUL2548600PE.NFO,2025-05-26,13:52:00,2025-07-31,1930.0,1930.0,1930.0,1930.0,0,0,1
BANKNIFTY31JUL2548600PE.NFO,2025-05-26,13:53:00,2025-07-31,1930.0,1930.0,1930.0,1930.0,0,0,1
BANKNIFTY31JUL2548600PE.NFO,2025-05-26,13:54:00,2025-07-31,1930.0,1930.0,1930.0,1930.0,0,0,1
BANKNIFTY31JUL2548600PE.NFO,2025-05-26,13:55:00,2025-07-31,1930.0,1930.0,1930.0,1930.0,0,0,1
BANKNIFTY31JUL2548600PE.NFO,2025-05-26,13:56:00,2025-07-31,1930.0,1930.0,1930.0,1930.0,0,0,1
BANKNIFTY31JUL2548600PE.NFO,2025-05-26,13:57:00,2025-07-31,1930.0,1930.0,1930.0,1930.0,0,0,1
BANKNIFTY31JUL2548600PE.NFO,2025-05-26,13:58:00,2025-07-31,1930.0,1930.0,1930.0,1930.0,0,0,1
BANKNIFTY31JUL2548600PE.NFO,2025-05-26,13:59:00,2025-07-31,1930.0,1930.0,1930.0,1930.0,0,0,1
BANKNIFTY31JUL2548600PE.NFO,2025-05-26,14:00:00,2025-07-31,1930.0,1930.0,1930.0,1930.0,0,0,1
BANKNIFTY31JUL2548600PE.NFO,2025-05-26,14:01:00,2025-07-31,1930.0,1930.0,1930.0,1930.0,0,0,1
BANKNIFTY31JUL2548600PE.NFO,2025-05-26,14:02:00,2025-07-31,1930.0,1930.0,1930.0,1930.0,0,0,1
BANKNIFTY31JUL2548600PE.NFO,2025-05-26,14:03:00,2025-07-31,1930.0,1930.0,1930.0,1930.0,0,0,1
BANKNIFTY31JUL2548600PE.NFO,2025-05-26,14:04:00,2025-07-31,1930.0,1930.0,1930.0,1930.0,0,0,1
BANKNIFTY31JUL2548600PE.NFO,2025-05-26,14:05:00,2025-07-31,1930.0,1930.0,1930.0,1930.0,0,0,1
BANKNIFTY31JUL2548600PE.NFO,2025-05-26,14:06:00,2025-07-31,1930.0,1930.0,1930.0,1930.0,0,0,1
BANKNIFTY31JUL2548600PE.NFO,2025-05-26,14:07:00,2025-07-31,1930.0,1930.0,1930.0,1930.0,0,0,1
BANKNIFTY31JUL2548600PE.NFO,2025-05-26,14:08:00,2025-07-31,1930.0,1930.0,1930.0,1930.0,0,0,1
BANKNIFTY31JUL2548600PE.NFO,2025-05-26,14:09:00,2025-07-31,1930.0,1930.0,1930.0,1930.0,0,0,1
BANKNIFTY31JUL2548600PE.NFO,2025-05-26,14:10:00,2025-07-31,1930.0,1930.0,1930.0,1930.0,0,0,1
BANKNIFTY31JUL2548600PE.NFO,2025-05-26,14:11:00,2025-07-31,1930.0,1930.0,1930.0,1930.0,0,0,1
BANKNIFTY31JUL2548600PE.NFO,2025-05-26,14:12:00,2025-07-31,1930.0,1930.0,1930.0,1930.0,0,0,1
BANKNIFTY31JUL2548600PE.NFO,2025-05-26,14:13:00,2025-07-31,1930.0,1930.0,1930.0,1930.0,0,0,1
BANKNIFTY31JUL2548600PE.NFO,2025-05-26,14:14:00,2025-07-31,1930.0,1930.0,1930.0,1930.0,0,0,1
BANKNIFTY31JUL2548600PE.NFO,2025-05-26,14:15:00,2025-07-31,1930.0,1930.0,1930.0,1930.0,0,0,1
BANKNIFTY31JUL2548600PE.NFO,2025-05-26,14:16:00,2025-07-31,1930.0,1930.0,1930.0,1930.0,0,0,1
BANKNIFTY31JUL2548600PE.NFO,2025-05-26,14:17:00,2025-07-31,1930.0,1930.0,1930.0,1930.0,0,0,1
BANKNIFTY31JUL2548600PE.NFO,2025-05-26,14:18:00,2025-07-31,1930.0,1930.0,1930.0,1930.0,0,0,1
BANKNIFTY31JUL2548600PE.NFO,2025-05-26,14:19:00,2025-07-31,1930.0,1930.0,1930.0,1930.0,0,0,1
BANKNIFTY31JUL2548600PE.NFO,2025-05-26,14:20:00,2025-07-31,1930.0,1930.0,1930.0,1930.0,0,0,1
BANKNIFTY31JUL2548600PE.NFO,2025-05-26,14:21:00,2025-07-31,1930.0,1930.0,1930.0,1930.0,0,0,1
BANKNIFTY31JUL2548600PE.NFO,2025-05-26,14:22:00,2025-07-31,1930.0,1930.0,1930.0,1930.0,0,0,1
BANKNIFTY31JUL2548600PE.NFO,2025-05-26,14:23:00,2025-07-31,1930.0,1930.0,1930.0,1930.0,0,0,1
BANKNIFTY31JUL2548600PE.NFO,2025-05-26,14:24:00,2025-07-31,1930.0,1930.0,1930.0,1930.0,0,0,1
BANKNIFTY31JUL2548600PE.NFO,2025-05-26,14:25:00,2025-07-31,1930.0,1930.0,1930.0,1930.0,0,0,1
BANKNIFTY31JUL2548600PE.NFO,2025-05-26,14:26:00,2025-07-31,1930.0,1930.0,1930.0,1930.0,0,0,1
BANKNIFTY31JUL2548600PE.NFO,2025-05-26,14:27:00,2025-07-31,1930.0,1930.0,1930.0,1930.0,0,0,1
BANKNIFTY31JUL2548600PE.NFO,2025-05-26,14:28:00,2025-07-31,1930.0,1930.0,1930.0,1930.0,0,0,1
BANKNIFTY31JUL2548600PE.NFO,2025-05-26,14:29:00,2025-07-31,1930.0,1930.0,1930.0,1930.0,0,0,1
BANKNIFTY31JUL2548600PE.NFO,2025-05-26,14:30:00,2025-07-31,1930.0,1930.0,1930.0,1930.0,0,0,1
BANKNIFTY31JUL2548600PE.NFO,2025-05-26,14:31:00,2025-07-31,1930.0,1930.0,1930.0,1930.0,0,0,1
BANKNIFTY31JUL2548600PE.NFO,2025-05-26,14:32:00,2025-07-31,1930.0,1930.0,1930.0,1930.0,0,0,1
BANKNIFTY31JUL2548600PE.NFO,2025-05-26,14:33:00,2025-07-31,1930.0,1930.0,1930.0,1930.0,0,0,1
BANKNIFTY31JUL2548600PE.NFO,2025-05-26,14:34:00,2025-07-31,1930.0,1930.0,1930.0,1930.0,0,0,1
BANKNIFTY31JUL2548600PE.NFO,2025-05-26,14:35:00,2025-07-31,1930.0,1930.0,1930.0,1930.0,0,0,1
BANKNIFTY31JUL2548600PE.NFO,2025-05-26,14:36:00,2025-07-31,1930.0,1930.0,1930.0,1930.0,0,0,1
BANKNIFTY31JUL2548600PE.NFO,2025-05-26,14:37:00,2025-07-31,1930.0,1930.0,1930.0,1930.0,0,0,1
BANKNIFTY31JUL2548600PE.NFO,2025-05-26,14:38:00,2025-07-31,1930.0,1930.0,1930.0,1930.0,0,0,1
BANKNIFTY31JUL2548600PE.NFO,2025-05-26,14:39:00,2025-07-31,1930.0,1930.0,1930.0,1930.0,0,0,1
BANKNIFTY31JUL2548600PE.NFO,2025-05-26,14:40:00,2025-07-31,1930.0,1930.0,1930.0,1930.0,0,0,1
BANKNIFTY31JUL2548600PE.NFO,2025-05-26,14:41:00,2025-07-31,1930.0,1930.0,1930.0,1930.0,0,0,1
BANKNIFTY31JUL2548600PE.NFO,2025-05-26,14:42:00,2025-07-31,1930.0,1930.0,1930.0,1930.0,0,0,1
BANKNIFTY31JUL2548600PE.NFO,2025-05-26,14:43:00,2025-07-31,1930.0,1930.0,1930.0,1930.0,0,0,1
BANKNIFTY31JUL2548600PE.NFO,2025-05-26,14:44:00,2025-07-31,1930.0,1930.0,1930.0,1930.0,0,0,1
BANKNIFTY31JUL2548600PE.NFO,2025-05-26,14:45:00,2025-07-31,1930.0,1930.0,1930.0,1930.0,0,0,1
BANKNIFTY31JUL2548600PE.NFO,2025-05-26,14:46:00,2025-07-31,1930.0,1930.0,1930.0,1930.0,0,0,1
BANKNIFTY31JUL2548600PE.NFO,2025-05-26,14:47:00,2025-07-31,1930.0,1930.0,1930.0,1930.0,0,0,1
BANKNIFTY31JUL2548600PE.NFO,2025-05-26,14:48:00,2025-07-31,1930.0,1930.0,1930.0,1930.0,0,0,1
BANKNIFTY31JUL2548600PE.NFO,2025-05-26,14:49:00,2025-07-31,1930.0,1930.0,1930.0,1930.0,0,0,1
BANKNIFTY31JUL2548600PE.NFO,2025-05-26,14:50:00,2025-07-31,1930.0,1930.0,1930.0,1930.0,0,0,1
BANKNIFTY31JUL2548600PE.NFO,2025-05-26,14:51:00,2025-07-31,1930.0,1930.0,1930.0,1930.0,0,0,1
BANKNIFTY31JUL2548600PE.NFO,2025-05-26,14:52:00,2025-07-31,1930.0,1930.0,1930.0,1930.0,0,0,1
BANKNIFTY31JUL2548600PE.NFO,2025-05-26,14:53:00,2025-07-31,1930.0,1930.0,1930.0,1930.0,0,0,1
BANKNIFTY31JUL2548600PE.NFO,2025-05-26,14:54:00,2025-07-31,1930.0,1930.0,1930.0,1930.0,0,0,1
BANKNIFTY31JUL2548600PE.NFO,2025-05-26,14:55:00,2025-07-31,1930.0,1930.0,1930.0,1930.0,0,0,1
BANKNIFTY31JUL2548600PE.NFO,2025-05-26,14:56:00,2025-07-31,1930.0,1930.0,1930.0,1930.0,0,0,1
BANKNIFTY31JUL2548600PE.NFO,2025-05-26,14:57:00,2025-07-31,1930.0,1930.0,1930.0,1930.0,0,0,1
BANKNIFTY31JUL2548600PE.NFO,2025-05-26,14:58:00,2025-07-31,1930.0,1930.0,1930.0,1930.0,0,0,1
BANKNIFTY31JUL2548600PE.NFO,2025-05-26,14:59:00,2025-07-31,1930.0,1930.0,1930.0,1930.0,0,0,1
BANKNIFTY31JUL2548600PE.NFO,2025-05-26,15:00:00,2025-07-31,1930.0,1930.0,1930.0,1930.0,0,0,1
BANKNIFTY31JUL2548600PE.NFO,2025-05-26,15:01:00,2025-07-31,1930.0,1930.0,1930.0,1930.0,0,0,1
BANKNIFTY31JUL2548600PE.NFO,2025-05-26,15:02:00,2025-07-31,1930.0,1930.0,1930.0,1930.0,0,0,1
BANKNIFTY31JUL2548600PE.NFO,2025-05-26,15:03:00,2025-07-31,1930.0,1930.0,1930.0,1930.0,0,0,1
BANKNIFTY31JUL2548600PE.NFO,2025-05-26,15:04:00,2025-07-31,1930.0,1930.0,1930.0,1930.0,0,0,1
BANKNIFTY31JUL2548600PE.NFO,2025-05-26,15:05:00,2025-07-31,1930.0,1930.0,1930.0,1930.0,0,0,1
BANKNIFTY31JUL2548600PE.NFO,2025-05-26,15:06:00,2025-07-31,1930.0,1930.0,1930.0,1930.0,0,0,1
BANKNIFTY31JUL2548600PE.NFO,2025-05-26,15:07:00,2025-07-31,1930.0,1930.0,1930.0,1930.0,0,0,1
BANKNIFTY31JUL2548600PE.NFO,2025-05-26,15:08:00,2025-07-31,1930.0,1930.0,1930.0,1930.0,0,0,1
BANKNIFTY31JUL2548600PE.NFO,2025-05-26,15:09:00,2025-07-31,1930.0,1930.0,1930.0,1930.0,0,0,1
BANKNIFTY31JUL2548600PE.NFO,2025-05-26,15:10:00,2025-07-31,1930.0,1930.0,1930.0,1930.0,0,0,1
BANKNIFTY31JUL2548600PE.NFO,2025-05-26,15:11:00,2025-07-31,1930.0,1930.0,1930.0,1930.0,0,0,1
BANKNIFTY31JUL2548600PE.NFO,2025-05-26,15:12:00,2025-07-31,1930.0,1930.0,1930.0,1930.0,0,0,1
BANKNIFTY31JUL2548600PE.NFO,2025-05-26,15:13:00,2025-07-31,1930.0,1930.0,1930.0,1930.0,0,0,1
BANKNIFTY31JUL2548600PE.NFO,2025-05-26,15:14:00,2025-07-31,1930.0,1930.0,1930.0,1930.0,0,0,1
BANKNIFTY31JUL2548600PE.NFO,2025-05-26,15:15:00,2025-07-31,1930.0,1930.0,1930.0,1930.0,0,0,1
BANKNIFTY31JUL2548600PE.NFO,2025-05-26,15:16:00,2025-07-31,1930.0,1930.0,1930.0,1930.0,0,0,1
BANKNIFTY31JUL2548600PE.NFO,2025-05-26,15:17:00,2025-07-31,1930.0,1930.0,1930.0,1930.0,0,0,1
BANKNIFTY31JUL2548600PE.NFO,2025-05-26,15:18:00,2025-07-31,1930.0,1930.0,1930.0,1930.0,0,0,1
BANKNIFTY31JUL2548600PE.NFO,2025-05-26,15:19:00,2025-07-31,1930.0,1930.0,1930.0,1930.0,0,0,1
BANKNIFTY31JUL2548600PE.NFO,2025-05-26,15:20:00,2025-07-31,1930.0,1930.0,1930.0,1930.0,0,0,1
BANKNIFTY31JUL2548600PE.NFO,2025-05-26,15:21:00,2025-07-31,1930.0,1930.0,1930.0,1930.0,0,0,1
BANKNIFTY31JUL2548600PE.NFO,2025-05-26,15:22:00,2025-07-31,1930.0,1930.0,1930.0,1930.0,0,0,1
BANKNIFTY31JUL2548600PE.NFO,2025-05-26,15:23:00,2025-07-31,1930.0,1930.0,1930.0,1930.0,0,0,1
BANKNIFTY31JUL2548600PE.NFO,2025-05-26,15:24:00,2025-07-31,1930.0,1930.0,1930.0,1930.0,0,0,1
BANKNIFTY31JUL2548600PE.NFO,2025-05-26,15:25:00,2025-07-31,1930.0,1930.0,1930.0,1930.0,0,0,1
BANKNIFTY31JUL2548600PE.NFO,2025-05-26,15:26:00,2025-07-31,1930.0,1930.0,1930.0,1930.0,0,0,1
BANKNIFTY31JUL2548600PE.NFO,2025-05-26,15:27:00,2025-07-31,1930.0,1930.0,1930.0,1930.0,0,0,1
BANKNIFTY31JUL2548600PE.NFO,2025-05-26,15:28:00,2025-07-31,1930.0,1930.0,1930.0,1930.0,0,0,1
BANKNIFTY31JUL2548600PE.NFO,2025-05-26,15:29:00,2025-07-31,1930.0,1930.0,1930.0,1930.0,0,0,1
BANKNIFTY31JUL2548600PE.NFO,2025-05-26,15:30:00,2025-07-31,1930.0,1930.0,1930.0,1930.0,0,0,1
BANKNIFTY31JUL2548600PE.NFO,2025-06-27,09:15:00,2025-07-31,11.05,11.05,11.05,11.05,0,0,1
BANKNIFTY31JUL2548600PE.NFO,2025-06-27,09:16:00,2025-07-31,11.05,11.05,11.05,11.05,0,0,1
BANKNIFTY31JUL2548600PE.NFO,2025-06-27,09:17:00,2025-07-31,11.05,11.05,11.05,11.05,0,0,1
BANKNIFTY31JUL2548600PE.NFO,2025-06-27,09:18:00,2025-07-31,11.05,11.05,11.05,11.05,0,0,1
BANKNIFTY31JUL2548600PE.NFO,2025-06-27,09:19:00,2025-07-31,11.05,11.05,11.05,11.05,0,0,1
BANKNIFTY31JUL2548600PE.NFO,2025-06-27,09:20:00,2025-07-31,11.05,11.05,11.05,11.05,0,0,1
BANKNIFTY31JUL2548600PE.NFO,2025-06-27,09:21:00,2025-07-31,11.05,11.05,11.05,11.05,0,0,1
BANKNIFTY31JUL2548600PE.NFO,2025-06-27,09:22:00,2025-07-31,11.05,11.05,11.05,11.05,0,0,1
BANKNIFTY31JUL2548600PE.NFO,2025-06-27,09:23:00,2025-07-31,11.05,11.05,11.05,11.05,0,0,1
BANKNIFTY31JUL2548600PE.NFO,2025-06-27,09:24:00,2025-07-31,11.05,11.05,11.05,11.05,0,0,1
BANKNIFTY31JUL2548600PE.NFO,2025-06-27,09:25:00,2025-07-31,11.05,11.05,11.05,11.05,0,0,1
BANKNIFTY31JUL2548600PE.NFO,2025-06-27,09:26:00,2025-07-31,11.05,11.05,11.05,11.05,0,0,1
BANKNIFTY31JUL2548600PE.NFO,2025-06-27,09:27:00,2025-07-31,11.05,11.05,11.05,11.05,0,0,1
BANKNIFTY31JUL2548600PE.NFO,2025-06-27,09:28:00,2025-07-31,11.05,11.05,11.05,11.05,0,0,1
BANKNIFTY31JUL2548600PE.NFO,2025-06-27,09:29:00,2025-07-31,11.05,11.05,11.05,11.05,0,0,1
BANKNIFTY31JUL2548600PE.NFO,2025-06-27,09:30:00,2025-07-31,11.05,11.05,11.05,11.05,0,0,1
BANKNIFTY31JUL2548600PE.NFO,2025-06-27,09:31:00,2025-07-31,11.05,11.05,11.05,11.05,0,0,1
BANKNIFTY31JUL2548600PE.NFO,2025-06-27,09:32:00,2025-07-31,11.05,11.05,11.05,11.05,0,0,1
BANKNIFTY31JUL2548600PE.NFO,2025-06-27,09:33:00,2025-07-31,11.05,11.05,11.05,11.05,0,0,1
BANKNIFTY31JUL2548600PE.NFO,2025-06-27,09:34:00,2025-07-31,11.05,11.05,11.05,11.05,0,0,1
BANKNIFTY31JUL2548600PE.NFO,2025-06-27,09:35:00,2025-07-31,11.05,11.05,11.05,11.05,0,0,1
BANKNIFTY31JUL2548600PE.NFO,2025-06-27,09:36:00,2025-07-31,11.05,11.05,11.05,11.05,0,0,1
BANKNIFTY31JUL2548600PE.NFO,2025-06-27,09:37:00,2025-07-31,11.05,11.05,11.05,11.05,0,0,1
BANKNIFTY31JUL2548600PE.NFO,2025-06-27,09:38:00,2025-07-31,11.05,11.05,11.05,11.05,0,0,1
BANKNIFTY31JUL2548600PE.NFO,2025-06-27,09:39:00,2025-07-31,11.05,11.05,11.05,11.05,0,0,1
BANKNIFTY31JUL2548600PE.NFO,2025-06-27,09:40:00,2025-07-31,11.05,11.05,11.05,11.05,0,0,1
BANKNIFTY31JUL2548600PE.NFO,2025-06-27,09:41:00,2025-07-31,11.05,11.05,11.05,11.05,0,0,1
BANKNIFTY31JUL2548600PE.NFO,2025-06-27,09:42:00,2025-07-31,11.05,11.05,11.05,11.05,0,0,1
BANKNIFTY31JUL2548600PE.NFO,2025-06-27,09:43:00,2025-07-31,11.05,11.1,11.05,11.05,0,0,0
BANKNIFTY31JUL2548600PE.NFO,2025-06-27,09:44:00,2025-07-31,11.05,11.05,11.05,11.05,0,0,0
BANKNIFTY31JUL2548600PE.NFO,2025-06-27,09:45:00,2025-07-31,11.05,11.05,11.05,11.05,0,0,0
BANKNIFTY31JUL2548600PE.NFO,2025-06-27,09:46:00,2025-07-31,11.05,11.05,11.05,11.05,0,0,0
BANKNIFTY31JUL2548600PE.NFO,2025-06-27,09:47:00,2025-07-31,11.05,11.05,11.05,11.05,0,0,0
BANKNIFTY31JUL2548600PE.NFO,2025-06-27,09:48:00,2025-07-31,11.05,11.05,11.05,11.05,0,0,0
BANKNIFTY31JUL2548600PE.NFO,2025-06-27,09:49:00,2025-07-31,11.05,12.0,11.05,12.0,0,70,0
BANKNIFTY31JUL2548600PE.NFO,2025-06-27,09:50:00,2025-07-31,12.0,12.0,12.0,12.0,35,70,0
BANKNIFTY31JUL2548600PE.NFO,2025-06-27,09:51:00,2025-07-31,12.0,12.0,12.0,12.0,0,70,0
BANKNIFTY31JUL2548600PE.NFO,2025-06-27,09:52:00,2025-07-31,12.0,12.0,12.0,12.0,0,70,0
BANKNIFTY31JUL2548600PE.NFO,2025-06-27,09:53:00,2025-07-31,12.0,12.0,12.0,12.0,0,70,0
BANKNIFTY31JUL2548600PE.NFO,2025-06-27,09:54:00,2025-07-31,12.0,12.0,12.0,12.0,0,70,0
BANKNIFTY31JUL2548600PE.NFO,2025-06-27,09:55:00,2025-07-31,12.0,12.0,12.0,12.0,0,70,0
BANKNIFTY31JUL2548600PE.NFO,2025-06-27,09:56:00,2025-07-31,12.0,12.0,12.0,12.0,0,70,0
BANKNIFTY31JUL2548600PE.NFO,2025-06-27,09:57:00,2025-07-31,12.0,12.0,12.0,12.0,0,70,0
BANKNIFTY31JUL2548600PE.NFO,2025-06-27,09:58:00,2025-07-31,12.0,12.0,12.0,12.0,0,70,0
BANKNIFTY31JUL2548600PE.NFO,2025-06-27,09:59:00,2025-07-31,12.0,12.0,12.0,12.0,0,70,0
BANKNIFTY31JUL2548600PE.NFO,2025-06-27,10:00:00,2025-07-31,12.0,12.0,12.0,12.0,0,70,0
BANKNIFTY31JUL2548600PE.NFO,2025-06-27,10:01:00,2025-07-31,12.0,12.0,12.0,12.0,0,70,0
BANKNIFTY31JUL2548600PE.NFO,2025-06-27,10:02:00,2025-07-31,12.0,12.0,12.0,12.0,0,70,1
BANKNIFTY31JUL2548600PE.NFO,2025-06-27,10:03:00,2025-07-31,12.0,12.0,12.0,12.0,0,70,0
BANKNIFTY31JUL2548600PE.NFO,2025-06-27,10:04:00,2025-07-31,12.0,12.0,12.0,12.0,0,70,0
BANKNIFTY31JUL2548600PE.NFO,2025-06-27,10:05:00,2025-07-31,12.0,12.0,12.0,12.0,0,70,0
BANKNIFTY31JUL2548600PE.NFO,2025-06-27,10:06:00,2025-07-31,12.0,12.0,12.0,12.0,0,70,1
BANKNIFTY31JUL2548600PE.NFO,2025-06-27,10:07:00,2025-07-31,12.0,12.0,12.0,12.0,0,70,0
BANKNIFTY31JUL2548600PE.NFO,2025-06-27,10:08:00,2025-07-31,12.0,12.0,12.0,12.0,0,70,0
BANKNIFTY31JUL2548600PE.NFO,2025-06-27,10:09:00,2025-07-31,12.0,12.0,12.0,12.0,0,70,0
BANKNIFTY31JUL2548600PE.NFO,2025-06-27,10:10:00,2025-07-31,12.0,12.0,12.0,12.0,0,70,0
BANKNIFTY31JUL2548600PE.NFO,2025-06-27,10:11:00,2025-07-31,12.0,12.0,12.0,12.0,0,70,0
BANKNIFTY31JUL2548600PE.NFO,2025-06-27,10:12:00,2025-07-31,12.0,12.0,12.0,12.0,0,70,0
BANKNIFTY31JUL2548600PE.NFO,2025-06-27,10:13:00,2025-07-31,12.0,12.0,8.45,8.45,35,105,0
BANKNIFTY31JUL2548600PE.NFO,2025-06-27,10:14:00,2025-07-31,8.45,8.45,8.45,8.45,0,105,0
BANKNIFTY31JUL2548600PE.NFO,2025-06-27,10:15:00,2025-07-31,8.45,8.45,8.45,8.45,0,105,0
BANKNIFTY31JUL2548600PE.NFO,2025-06-27,10:16:00,2025-07-31,8.45,8.45,8.45,8.45,0,105,0
BANKNIFTY31JUL2548600PE.NFO,2025-06-27,10:17:00,2025-07-31,8.45,8.45,8.45,8.45,0,105,0
BANKNIFTY31JUL2548600PE.NFO,2025-06-27,10:18:00,2025-07-31,8.45,8.45,8.45,8.45,0,105,0
BANKNIFTY31JUL2548600PE.NFO,2025-06-27,10:19:00,2025-07-31,8.45,8.45,8.45,8.45,0,105,0
BANKNIFTY31JUL2548600PE.NFO,2025-06-27,10:20:00,2025-07-31,8.45,8.45,8.45,8.45,0,105,0
BANKNIFTY31JUL2548600PE.NFO,2025-06-27,10:21:00,2025-07-31,8.45,8.45,8.45,8.45,0,105,0
BANKNIFTY31JUL2548600PE.NFO,2025-06-27,10:22:00,2025-07-31,8.45,8.45,8.45,8.45,0,105,1
BANKNIFTY31JUL2548600PE.NFO,2025-06-27,10:23:00,2025-07-31,8.45,8.45,8.45,8.45,0,105,1
BANKNIFTY31JUL2548600PE.NFO,2025-06-27,10:24:00,2025-07-31,8.45,8.45,8.45,8.45,0,105,0
BANKNIFTY31JUL2548600PE.NFO,2025-06-27,10:25:00,2025-07-31,8.45,8.45,8.45,8.45,0,105,0
BANKNIFTY31JUL2548600PE.NFO,2025-06-27,10:26:00,2025-07-31,8.45,8.45,8.45,8.45,0,105,0
BANKNIFTY31JUL2548600PE.NFO,2025-06-27,10:27:00,2025-07-31,8.45,8.45,8.45,8.45,0,105,0
BANKNIFTY31JUL2548600PE.NFO,2025-06-27,10:28:00,2025-07-31,8.45,8.45,8.45,8.45,0,105,0
BANKNIFTY31JUL2548600PE.NFO,2025-06-27,10:29:00,2025-07-31,8.45,8.45,8.45,8.45,0,105,0
BANKNIFTY31JUL2548600PE.NFO,2025-06-27,10:30:00,2025-07-31,8.45,8.45,8.45,8.45,0,105,0
BANKNIFTY31JUL2548600PE.NFO,2025-06-27,10:31:00,2025-07-31,8.45,8.45,8.45,8.45,0,105,0
BANKNIFTY31JUL2548600PE.NFO,2025-06-27,10:32:00,2025-07-31,8.45,8.45,8.45,8.45,0,105,0
BANKNIFTY31JUL2548600PE.NFO,2025-06-27,10:33:00,2025-07-31,8.45,8.45,8.45,8.45,0,105,0
BANKNIFTY31JUL2548600PE.NFO,2025-06-27,10:34:00,2025-07-31,8.45,8.45,8.45,8.45,0,105,0
BANKNIFTY31JUL2548600PE.NFO,2025-06-27,10:35:00,2025-07-31,8.45,8.45,8.45,8.45,0,105,0
BANKNIFTY31JUL2548600PE.NFO,2025-06-27,10:36:00,2025-07-31,8.45,8.45,8.45,8.45,0,105,0
BANKNIFTY31JUL2548600PE.NFO,2025-06-27,10:37:00,2025-07-31,8.45,8.45,8.45,8.45,0,105,0
BANKNIFTY31JUL2548600PE.NFO,2025-06-27,10:38:00,2025-07-31,8.45,8.45,8.45,8.45,0,105,0
BANKNIFTY31JUL2548600PE.NFO,2025-06-27,10:39:00,2025-07-31,8.45,8.45,8.45,8.45,0,105,0
BANKNIFTY31JUL2548600PE.NFO,2025-06-27,10:40:00,2025-07-31,8.45,8.45,8.45,8.45,0,105,0
BANKNIFTY31JUL2548600PE.NFO,2025-06-27,10:41:00,2025-07-31,8.45,8.45,8.45,8.45,0,105,0
BANKNIFTY31JUL2548600PE.NFO,2025-06-27,10:42:00,2025-07-31,10.1,10.1,10.1,10.1,35,105,0
BANKNIFTY31JUL2548600PE.NFO,2025-06-27,10:43:00,2025-07-31,10.1,10.1,10.1,10.1,35,105,1
BANKNIFTY31JUL2548600PE.NFO,2025-06-27,10:44:00,2025-07-31,10.1,10.1,10.1,10.1,0,105,0
BANKNIFTY31JUL2548600PE.NFO,2025-06-27,10:45:00,2025-07-31,10.1,10.1,10.1,10.1,0,105,0
BANKNIFTY31JUL2548600PE.NFO,2025-06-27,10:46:00,2025-07-31,10.1,10.1,10.1,10.1,0,105,0
BANKNIFTY31JUL2548600PE.NFO,2025-06-27,10:47:00,2025-07-31,10.1,10.1,10.1,10.1,0,105,1
BANKNIFTY31JUL2548600PE.NFO,2025-06-27,10:48:00,2025-07-31,10.1,10.1,10.1,10.1,0,105,0
BANKNIFTY31JUL2548600PE.NFO,2025-06-27,10:49:00,2025-07-31,10.1,10.1,10.1,10.1,0,105,0
BANKNIFTY31JUL2548600PE.NFO,2025-06-27,10:50:00,2025-07-31,10.1,10.1,10.1,10.1,0,105,0
BANKNIFTY31JUL2548600PE.NFO,2025-06-27,10:51:00,2025-07-31,10.1,10.1,10.1,10.1,0,105,0
BANKNIFTY31JUL2548600PE.NFO,2025-06-27,10:52:00,2025-07-31,10.1,10.1,10.1,10.1,0,105,0
BANKNIFTY31JUL2548600PE.NFO,2025-06-27,10:53:00,2025-07-31,10.1,10.1,10.1,10.1,0,105,0
BANKNIFTY31JUL2548600PE.NFO,2025-06-27,10:54:00,2025-07-31,10.1,10.1,10.1,10.1,0,105,0
BANKNIFTY31JUL2548600PE.NFO,2025-06-27,10:55:00,2025-07-31,10.1,10.1,10.1,10.1,0,105,0
BANKNIFTY31JUL2548600PE.NFO,2025-06-27,10:56:00,2025-07-31,10.1,10.1,10.1,10.1,0,105,0
BANKNIFTY31JUL2548600PE.NFO,2025-06-27,10:57:00,2025-07-31,10.1,10.1,10.1,10.1,0,105,0
BANKNIFTY31JUL2548600PE.NFO,2025-06-27,10:58:00,2025-07-31,10.1,10.1,10.1,10.1,0,105,0
BANKNIFTY31JUL2548600PE.NFO,2025-06-27,10:59:00,2025-07-31,10.1,10.1,10.1,10.1,0,105,1
BANKNIFTY31JUL2548600PE.NFO,2025-06-27,11:00:00,2025-07-31,10.1,10.1,10.1,10.1,0,105,0
BANKNIFTY31JUL2548600PE.NFO,2025-06-27,11:01:00,2025-07-31,10.1,10.1,10.1,10.1,0,105,1
BANKNIFTY31JUL2548600PE.NFO,2025-06-27,11:02:00,2025-07-31,10.1,10.1,10.1,10.1,0,105,0
BANKNIFTY31JUL2548600PE.NFO,2025-06-27,11:03:00,2025-07-31,10.1,10.1,10.1,10.1,0,105,1
BANKNIFTY31JUL2548600PE.NFO,2025-06-27,11:04:00,2025-07-31,10.1,10.1,10.1,10.1,0,105,1
BANKNIFTY31JUL2548600PE.NFO,2025-06-27,11:05:00,2025-07-31,10.1,10.1,10.1,10.1,0,105,0
BANKNIFTY31JUL2548600PE.NFO,2025-06-27,11:06:00,2025-07-31,10.1,10.1,10.1,10.1,0,105,1
BANKNIFTY31JUL2548600PE.NFO,2025-06-27,11:07:00,2025-07-31,10.1,10.1,10.1,10.1,0,105,1
BANKNIFTY31JUL2548600PE.NFO,2025-06-27,11:08:00,2025-07-31,10.1,10.1,10.1,10.1,0,105,1
BANKNIFTY31JUL2548600PE.NFO,2025-06-27,11:09:00,2025-07-31,10.1,10.1,10.1,10.1,0,105,0
BANKNIFTY31JUL2548600PE.NFO,2025-06-27,11:10:00,2025-07-31,10.1,10.1,10.1,10.1,0,105,0
BANKNIFTY31JUL2548600PE.NFO,2025-06-27,11:11:00,2025-07-31,10.1,10.1,10.1,10.1,0,105,1
BANKNIFTY31JUL2548600PE.NFO,2025-06-27,11:12:00,2025-07-31,10.1,10.1,10.1,10.1,0,105,0
BANKNIFTY31JUL2548600PE.NFO,2025-06-27,11:13:00,2025-07-31,10.1,10.1,10.1,10.1,0,105,1
BANKNIFTY31JUL2548600PE.NFO,2025-06-27,11:14:00,2025-07-31,10.1,10.1,10.1,10.1,0,105,1
BANKNIFTY31JUL2548600PE.NFO,2025-06-27,11:15:00,2025-07-31,10.1,10.1,10.1,10.1,0,105,0
BANKNIFTY31JUL2548600PE.NFO,2025-06-27,11:16:00,2025-07-31,10.1,10.1,10.1,10.1,0,105,0
BANKNIFTY31JUL2548600PE.NFO,2025-06-27,11:17:00,2025-07-31,10.1,10.1,10.1,10.1,0,105,1
BANKNIFTY31JUL2548600PE.NFO,2025-06-27,11:18:00,2025-07-31,10.1,10.1,10.1,10.1,0,105,0
BANKNIFTY31JUL2548600PE.NFO,2025-06-27,11:19:00,2025-07-31,10.1,10.1,10.1,10.1,0,105,0
BANKNIFTY31JUL2548600PE.NFO,2025-06-27,11:20:00,2025-07-31,10.1,10.1,10.1,10.1,0,105,0
BANKNIFTY31JUL2548600PE.NFO,2025-06-27,11:21:00,2025-07-31,10.1,10.1,10.1,10.1,0,105,0
BANKNIFTY31JUL2548600PE.NFO,2025-06-27,11:22:00,2025-07-31,10.1,10.1,10.1,10.1,0,105,0
BANKNIFTY31JUL2548600PE.NFO,2025-06-27,11:23:00,2025-07-31,10.1,10.1,10.1,10.1,0,105,1
BANKNIFTY31JUL2548600PE.NFO,2025-06-27,11:24:00,2025-07-31,10.1,10.1,10.1,10.1,0,105,1
BANKNIFTY31JUL2548600PE.NFO,2025-06-27,11:25:00,2025-07-31,10.1,10.1,10.1,10.1,0,105,0
BANKNIFTY31JUL2548600PE.NFO,2025-06-27,11:26:00,2025-07-31,10.1,10.1,10.1,10.1,0,105,1
BANKNIFTY31JUL2548600PE.NFO,2025-06-27,11:27:00,2025-07-31,10.1,10.1,10.1,10.1,0,105,1
BANKNIFTY31JUL2548600PE.NFO,2025-06-27,11:28:00,2025-07-31,10.1,10.1,10.1,10.1,0,105,1
BANKNIFTY31JUL2548600PE.NFO,2025-06-27,11:29:00,2025-07-31,10.1,10.1,10.1,10.1,0,105,1
BANKNIFTY31JUL2548600PE.NFO,2025-06-27,11:30:00,2025-07-31,10.1,10.1,10.1,10.1,0,105,1
BANKNIFTY31JUL2548600PE.NFO,2025-06-27,11:31:00,2025-07-31,10.1,10.1,10.1,10.1,0,105,1
BANKNIFTY31JUL2548600PE.NFO,2025-06-27,11:32:00,2025-07-31,10.1,10.1,10.1,10.1,0,105,1
BANKNIFTY31JUL2548600PE.NFO,2025-06-27,11:33:00,2025-07-31,10.1,10.1,10.1,10.1,0,105,1
BANKNIFTY31JUL2548600PE.NFO,2025-06-27,11:34:00,2025-07-31,11.0,11.0,11.0,11.0,35,140,0
BANKNIFTY31JUL2548600PE.NFO,2025-06-27,11:35:00,2025-07-31,11.0,11.0,11.0,11.0,0,140,0
BANKNIFTY31JUL2548600PE.NFO,2025-06-27,11:36:00,2025-07-31,11.0,11.0,11.0,11.0,0,140,0
BANKNIFTY31JUL2548600PE.NFO,2025-06-27,11:37:00,2025-07-31,11.0,11.0,11.0,11.0,0,140,0
BANKNIFTY31JUL2548600PE.NFO,2025-06-27,11:38:00,2025-07-31,11.0,11.0,9.0,9.0,70,140,0
BANKNIFTY31JUL2548600PE.NFO,2025-06-27,11:39:00,2025-07-31,9.0,9.0,9.0,9.0,0,140,0
BANKNIFTY31JUL2548600PE.NFO,2025-06-27,11:40:00,2025-07-31,9.0,9.0,9.0,9.0,0,140,0
BANKNIFTY31JUL2548600PE.NFO,2025-06-27,11:41:00,2025-07-31,9.0,9.0,9.0,9.0,0,140,0
BANKNIFTY31JUL2548600PE.NFO,2025-06-27,11:42:00,2025-07-31,9.0,9.0,9.0,9.0,0,140,0
BANKNIFTY31JUL2548600PE.NFO,2025-06-27,11:43:00,2025-07-31,9.0,9.0,9.0,9.0,0,140,0
BANKNIFTY31JUL2548600PE.NFO,2025-06-27,11:44:00,2025-07-31,9.0,9.0,9.0,9.0,0,140,0
BANKNIFTY31JUL2548600PE.NFO,2025-06-27,11:45:00,2025-07-31,9.0,9.0,9.0,9.0,0,140,0
BANKNIFTY31JUL2548600PE.NFO,2025-06-27,11:46:00,2025-07-31,9.0,9.0,9.0,9.0,0,140,0
BANKNIFTY31JUL2548600PE.NFO,2025-06-27,11:47:00,2025-07-31,9.0,9.0,9.0,9.0,0,140,0
BANKNIFTY31JUL2548600PE.NFO,2025-06-27,11:48:00,2025-07-31,9.0,9.0,9.0,9.0,0,140,1
BANKNIFTY31JUL2548600PE.NFO,2025-06-27,11:49:00,2025-07-31,9.0,9.0,9.0,9.0,0,140,0
BANKNIFTY31JUL2548600PE.NFO,2025-06-27,11:50:00,2025-07-31,9.0,9.0,9.0,9.0,0,140,1
BANKNIFTY31JUL2548600PE.NFO,2025-06-27,11:51:00,2025-07-31,9.0,9.0,9.0,9.0,0,140,1
BANKNIFTY31JUL2548600PE.NFO,2025-06-27,11:52:00,2025-07-31,9.0,9.0,9.0,9.0,0,140,1
BANKNIFTY31JUL2548600PE.NFO,2025-06-27,11:53:00,2025-07-31,9.0,9.0,9.0,9.0,0,140,0
BANKNIFTY31JUL2548600PE.NFO,2025-06-27,11:54:00,2025-07-31,9.0,9.0,9.0,9.0,0,140,1
BANKNIFTY31JUL2548600PE.NFO,2025-06-27,11:55:00,2025-07-31,9.0,9.0,9.0,9.0,0,140,1
BANKNIFTY31JUL2548600PE.NFO,2025-06-27,11:56:00,2025-07-31,9.0,9.0,9.0,9.0,0,140,1
BANKNIFTY31JUL2548600PE.NFO,2025-06-27,11:57:00,2025-07-31,9.0,9.0,9.0,9.0,0,140,0
BANKNIFTY31JUL2548600PE.NFO,2025-06-27,11:58:00,2025-07-31,9.0,9.0,9.0,9.0,0,140,1
BANKNIFTY31JUL2548600PE.NFO,2025-06-27,11:59:00,2025-07-31,9.0,9.0,9.0,9.0,0,140,1
BANKNIFTY31JUL2548600PE.NFO,2025-06-27,12:00:00,2025-07-31,9.0,9.0,9.0,9.0,0,140,1
BANKNIFTY31JUL2548600PE.NFO,2025-06-27,12:01:00,2025-07-31,9.0,9.0,9.0,9.0,0,140,1
BANKNIFTY31JUL2548600PE.NFO,2025-06-27,12:02:00,2025-07-31,9.0,9.0,9.0,9.0,0,140,1
BANKNIFTY31JUL2548600PE.NFO,2025-06-27,12:03:00,2025-07-31,9.0,9.0,9.0,9.0,0,140,1
BANKNIFTY31JUL2548600PE.NFO,2025-06-27,12:04:00,2025-07-31,9.0,9.0,9.0,9.0,0,140,0
BANKNIFTY31JUL2548600PE.NFO,2025-06-27,12:05:00,2025-07-31,9.0,9.0,9.0,9.0,0,140,1
BANKNIFTY31JUL2548600PE.NFO,2025-06-27,12:06:00,2025-07-31,9.0,9.0,9.0,9.0,0,140,0
BANKNIFTY31JUL2548600PE.NFO,2025-06-27,12:07:00,2025-07-31,9.0,9.0,9.0,9.0,0,140,1
BANKNIFTY31JUL2548600PE.NFO,2025-06-27,12:08:00,2025-07-31,9.0,9.0,9.0,9.0,0,140,0
BANKNIFTY31JUL2548600PE.NFO,2025-06-27,12:09:00,2025-07-31,9.0,9.0,9.0,9.0,0,140,1
BANKNIFTY31JUL2548600PE.NFO,2025-06-27,12:10:00,2025-07-31,9.0,9.0,9.0,9.0,0,140,0
BANKNIFTY31JUL2548600PE.NFO,2025-06-27,12:11:00,2025-07-31,9.0,9.0,9.0,9.0,0,140,1
BANKNIFTY31JUL2548600PE.NFO,2025-06-27,12:12:00,2025-07-31,9.0,9.0,9.0,9.0,0,140,0
BANKNIFTY31JUL2548600PE.NFO,2025-06-27,12:13:00,2025-07-31,9.0,9.0,9.0,9.0,0,140,1
BANKNIFTY31JUL2548600PE.NFO,2025-06-27,12:14:00,2025-07-31,9.0,9.0,9.0,9.0,0,140,1
BANKNIFTY31JUL2548600PE.NFO,2025-06-27,12:15:00,2025-07-31,9.0,9.0,9.0,9.0,0,140,1
BANKNIFTY31JUL2548600PE.NFO,2025-06-27,12:16:00,2025-07-31,9.0,9.0,9.0,9.0,0,140,1
BANKNIFTY31JUL2548600PE.NFO,2025-06-27,12:17:00,2025-07-31,9.0,9.0,9.0,9.0,0,140,1
BANKNIFTY31JUL2548600PE.NFO,2025-06-27,12:18:00,2025-07-31,9.0,9.0,9.0,9.0,0,140,1
BANKNIFTY31JUL2548600PE.NFO,2025-06-27,12:19:00,2025-07-31,9.0,9.0,9.0,9.0,0,140,1
BANKNIFTY31JUL2548600PE.NFO,2025-06-27,12:20:00,2025-07-31,9.0,9.0,9.0,9.0,0,140,0
BANKNIFTY31JUL2548600PE.NFO,2025-06-27,12:21:00,2025-07-31,9.0,9.0,9.0,9.0,0,140,0
BANKNIFTY31JUL2548600PE.NFO,2025-06-27,12:22:00,2025-07-31,9.0,9.0,9.0,9.0,0,140,1
BANKNIFTY31JUL2548600PE.NFO,2025-06-27,12:23:00,2025-07-31,9.0,9.0,9.0,9.0,0,140,1
BANKNIFTY31JUL2548600PE.NFO,2025-06-27,12:24:00,2025-07-31,9.0,9.0,9.0,9.0,0,140,1
BANKNIFTY31JUL2548600PE.NFO,2025-06-27,12:25:00,2025-07-31,9.0,9.0,9.0,9.0,0,140,1
BANKNIFTY31JUL2548600PE.NFO,2025-06-27,12:26:00,2025-07-31,9.0,9.0,9.0,9.0,0,140,1
BANKNIFTY31JUL2548600PE.NFO,2025-06-27,12:27:00,2025-07-31,9.0,9.0,9.0,9.0,0,140,0
BANKNIFTY31JUL2548600PE.NFO,2025-06-27,12:28:00,2025-07-31,9.0,9.0,9.0,9.0,0,140,1
BANKNIFTY31JUL2548600PE.NFO,2025-06-27,12:29:00,2025-07-31,9.0,9.0,9.0,9.0,0,140,0
BANKNIFTY31JUL2548600PE.NFO,2025-06-27,12:30:00,2025-07-31,9.0,9.0,9.0,9.0,0,140,1
BANKNIFTY31JUL2548600PE.NFO,2025-06-27,12:31:00,2025-07-31,9.0,9.0,9.0,9.0,0,140,1
BANKNIFTY31JUL2548600PE.NFO,2025-06-27,12:32:00,2025-07-31,9.0,9.0,9.0,9.0,0,140,1
BANKNIFTY31JUL2548600PE.NFO,2025-06-27,12:33:00,2025-07-31,9.0,9.0,9.0,9.0,0,140,1
BANKNIFTY31JUL2548600PE.NFO,2025-06-27,12:34:00,2025-07-31,9.0,9.0,9.0,9.0,0,140,1
BANKNIFTY31JUL2548600PE.NFO,2025-06-27,12:35:00,2025-07-31,9.0,9.0,9.0,9.0,0,140,1
BANKNIFTY31JUL2548600PE.NFO,2025-06-27,12:36:00,2025-07-31,9.0,9.0,9.0,9.0,0,140,1
BANKNIFTY31JUL2548600PE.NFO,2025-06-27,12:37:00,2025-07-31,9.0,9.0,9.0,9.0,0,140,1
BANKNIFTY31JUL2548600PE.NFO,2025-06-27,12:38:00,2025-07-31,9.0,9.0,9.0,9.0,0,140,0
BANKNIFTY31JUL2548600PE.NFO,2025-06-27,12:39:00,2025-07-31,9.0,9.0,9.0,9.0,0,140,1
BANKNIFTY31JUL2548600PE.NFO,2025-06-27,12:40:00,2025-07-31,9.0,9.0,9.0,9.0,0,140,1
BANKNIFTY31JUL2548600PE.NFO,2025-06-27,12:41:00,2025-07-31,9.0,9.0,9.0,9.0,0,140,1
BANKNIFTY31JUL2548600PE.NFO,2025-06-27,12:42:00,2025-07-31,9.0,9.0,9.0,9.0,0,140,1
BANKNIFTY31JUL2548600PE.NFO,2025-06-27,12:43:00,2025-07-31,9.0,9.0,9.0,9.0,0,140,1
BANKNIFTY31JUL2548600PE.NFO,2025-06-27,12:44:00,2025-07-31,9.0,9.0,9.0,9.0,0,140,1
BANKNIFTY31JUL2548600PE.NFO,2025-06-27,12:45:00,2025-07-31,9.0,9.0,9.0,9.0,0,140,1
BANKNIFTY31JUL2548600PE.NFO,2025-06-27,12:46:00,2025-07-31,9.0,9.0,9.0,9.0,0,140,0
BANKNIFTY31JUL2548600PE.NFO,2025-06-27,12:47:00,2025-07-31,9.0,9.0,9.0,9.0,0,140,1
BANKNIFTY31JUL2548600PE.NFO,2025-06-27,12:48:00,2025-07-31,9.0,9.0,9.0,9.0,0,140,1
BANKNIFTY31JUL2548600PE.NFO,2025-06-27,12:49:00,2025-07-31,9.0,9.0,9.0,9.0,0,140,0
BANKNIFTY31JUL2548600PE.NFO,2025-06-27,12:50:00,2025-07-31,9.0,9.0,9.0,9.0,0,140,0
BANKNIFTY31JUL2548600PE.NFO,2025-06-27,12:51:00,2025-07-31,9.0,9.0,9.0,9.0,0,140,1
BANKNIFTY31JUL2548600PE.NFO,2025-06-27,12:52:00,2025-07-31,9.0,9.0,9.0,9.0,0,140,1
BANKNIFTY31JUL2548600PE.NFO,2025-06-27,12:53:00,2025-07-31,9.0,9.0,9.0,9.0,0,140,0
BANKNIFTY31JUL2548600PE.NFO,2025-06-27,12:54:00,2025-07-31,9.0,9.0,9.0,9.0,0,140,1
BANKNIFTY31JUL2548600PE.NFO,2025-06-27,12:55:00,2025-07-31,9.0,9.0,9.0,9.0,0,140,0
BANKNIFTY31JUL2548600PE.NFO,2025-06-27,12:56:00,2025-07-31,9.0,9.95,9.0,9.95,0,70,0
BANKNIFTY31JUL2548600PE.NFO,2025-06-27,12:57:00,2025-07-31,9.95,9.95,9.95,9.95,35,70,0
BANKNIFTY31JUL2548600PE.NFO,2025-06-27,12:58:00,2025-07-31,9.95,9.95,9.95,9.95,0,70,0
BANKNIFTY31JUL2548600PE.NFO,2025-06-27,12:59:00,2025-07-31,9.95,9.95,9.95,9.95,0,70,0
BANKNIFTY31JUL2548600PE.NFO,2025-06-27,13:00:00,2025-07-31,9.95,9.95,9.95,9.95,0,70,0
BANKNIFTY31JUL2548600PE.NFO,2025-06-27,13:01:00,2025-07-31,9.95,9.95,9.95,9.95,0,70,1
BANKNIFTY31JUL2548600PE.NFO,2025-06-27,13:02:00,2025-07-31,9.95,9.95,9.95,9.95,0,70,1
BANKNIFTY31JUL2548600PE.NFO,2025-06-27,13:03:00,2025-07-31,9.95,9.95,9.95,9.95,0,70,0
BANKNIFTY31JUL2548600PE.NFO,2025-06-27,13:04:00,2025-07-31,9.95,9.95,9.95,9.95,35,105,0
BANKNIFTY31JUL2548600PE.NFO,2025-06-27,13:05:00,2025-07-31,9.95,9.95,9.95,9.95,0,105,0
BANKNIFTY31JUL2548600PE.NFO,2025-06-27,13:06:00,2025-07-31,9.95,9.95,9.95,9.95,0,105,0
BANKNIFTY31JUL2548600PE.NFO,2025-06-27,13:07:00,2025-07-31,9.95,9.95,9.95,9.95,0,105,0
BANKNIFTY31JUL2548600PE.NFO,2025-06-27,13:08:00,2025-07-31,9.95,9.95,9.8,9.8,35,140,0
BANKNIFTY31JUL2548600PE.NFO,2025-06-27,13:09:00,2025-07-31,9.8,9.8,9.8,9.8,0,140,0
BANKNIFTY31JUL2548600PE.NFO,2025-06-27,13:10:00,2025-07-31,9.8,9.8,9.8,9.8,0,140,0
BANKNIFTY31JUL2548600PE.NFO,2025-06-27,13:11:00,2025-07-31,9.8,9.8,9.8,9.8,0,140,0
BANKNIFTY31JUL2548600PE.NFO,2025-06-27,13:12:00,2025-07-31,9.8,9.8,9.8,9.8,0,140,0
BANKNIFTY31JUL2548600PE.NFO,2025-06-27,13:13:00,2025-07-31,9.8,9.8,9.8,9.8,0,140,0
BANKNIFTY31JUL2548600PE.NFO,2025-06-27,13:14:00,2025-07-31,9.8,9.8,9.8,9.8,0,140,0
BANKNIFTY31JUL2548600PE.NFO,2025-06-27,13:15:00,2025-07-31,9.8,9.8,9.8,9.8,0,140,0
BANKNIFTY31JUL2548600PE.NFO,2025-06-27,13:16:00,2025-07-31,9.8,9.8,9.8,9.8,0,140,0
BANKNIFTY31JUL2548600PE.NFO,2025-06-27,13:17:00,2025-07-31,9.8,9.8,9.8,9.8,0,140,0
BANKNIFTY31JUL2548600PE.NFO,2025-06-27,13:18:00,2025-07-31,9.8,9.8,9.8,9.8,0,140,0
BANKNIFTY31JUL2548600PE.NFO,2025-06-27,13:19:00,2025-07-31,9.8,9.8,9.8,9.8,0,140,0
BANKNIFTY31JUL2548600PE.NFO,2025-06-27,13:20:00,2025-07-31,9.8,9.8,9.8,9.8,0,140,0
BANKNIFTY31JUL2548600PE.NFO,2025-06-27,13:21:00,2025-07-31,9.8,9.8,9.8,9.8,0,140,0
BANKNIFTY31JUL2548600PE.NFO,2025-06-27,13:22:00,2025-07-31,9.8,9.8,9.8,9.8,0,140,0
BANKNIFTY31JUL2548600PE.NFO,2025-06-27,13:23:00,2025-07-31,9.8,9.8,9.8,9.8,0,140,0
BANKNIFTY31JUL2548600PE.NFO,2025-06-27,13:24:00,2025-07-31,9.8,9.8,9.8,9.8,0,140,0
BANKNIFTY31JUL2548600PE.NFO,2025-06-27,13:25:00,2025-07-31,9.8,9.8,9.8,9.8,0,140,0
BANKNIFTY31JUL2548600PE.NFO,2025-06-27,13:26:00,2025-07-31,9.8,9.8,9.8,9.8,0,140,0
BANKNIFTY31JUL2548600PE.NFO,2025-06-27,13:27:00,2025-07-31,9.8,9.8,9.8,9.8,0,140,0
BANKNIFTY31JUL2548600PE.NFO,2025-06-27,13:28:00,2025-07-31,9.8,9.8,9.8,9.8,0,140,0
BANKNIFTY31JUL2548600PE.NFO,2025-06-27,13:29:00,2025-07-31,9.8,9.8,9.8,9.8,0,140,0
BANKNIFTY31JUL2548600PE.NFO,2025-06-27,13:30:00,2025-07-31,9.8,9.8,9.8,9.8,0,140,0
BANKNIFTY31JUL2548600PE.NFO,2025-06-27,13:31:00,2025-07-31,9.8,9.8,9.8,9.8,0,140,0
BANKNIFTY31JUL2548600PE.NFO,2025-06-27,13:32:00,2025-07-31,9.8,9.8,9.8,9.8,0,140,1
BANKNIFTY31JUL2548600PE.NFO,2025-06-27,13:33:00,2025-07-31,9.8,9.8,9.8,9.8,0,140,1
BANKNIFTY31JUL2548600PE.NFO,2025-06-27,13:34:00,2025-07-31,9.8,9.8,9.8,9.8,0,140,1
BANKNIFTY31JUL2548600PE.NFO,2025-06-27,13:35:00,2025-07-31,9.8,9.8,9.8,9.8,0,140,1
BANKNIFTY31JUL2548600PE.NFO,2025-06-27,13:36:00,2025-07-31,9.8,9.8,9.8,9.8,0,140,0
BANKNIFTY31JUL2548600PE.NFO,2025-06-27,13:37:00,2025-07-31,9.8,9.8,9.8,9.8,0,140,0
BANKNIFTY31JUL2548600PE.NFO,2025-06-27,13:38:00,2025-07-31,9.8,9.8,9.8,9.8,0,140,0
BANKNIFTY31JUL2548600PE.NFO,2025-06-27,13:39:00,2025-07-31,9.8,9.8,9.8,9.8,0,140,0
BANKNIFTY31JUL2548600PE.NFO,2025-06-27,13:40:00,2025-07-31,9.8,11.75,9.8,11.75,35,105,0
BANKNIFTY31JUL2548600PE.NFO,2025-06-27,13:41:00,2025-07-31,11.75,11.75,11.75,11.75,0,105,0
BANKNIFTY31JUL2548600PE.NFO,2025-06-27,13:42:00,2025-07-31,11.75,11.75,11.75,11.75,0,105,0
BANKNIFTY31JUL2548600PE.NFO,2025-06-27,13:43:00,2025-07-31,11.75,11.75,11.75,11.75,0,105,0
BANKNIFTY31JUL2548600PE.NFO,2025-06-27,13:44:00,2025-07-31,11.75,11.75,11.75,11.75,0,105,0
BANKNIFTY31JUL2548600PE.NFO,2025-06-27,13:45:00,2025-07-31,11.75,11.75,11.75,11.75,0,105,0
BANKNIFTY31JUL2548600PE.NFO,2025-06-27,13:46:00,2025-07-31,11.75,11.75,11.75,11.75,0,105,1
BANKNIFTY31JUL2548600PE.NFO,2025-06-27,13:47:00,2025-07-31,11.75,11.75,11.75,11.75,0,105,1
BANKNIFTY31JUL2548600PE.NFO,2025-06-27,13:48:00,2025-07-31,11.75,11.75,11.75,11.75,0,105,1
BANKNIFTY31JUL2548600PE.NFO,2025-06-27,13:49:00,2025-07-31,11.75,11.75,11.75,11.75,0,105,0
BANKNIFTY31JUL2548600PE.NFO,2025-06-27,13:50:00,2025-07-31,11.75,11.75,11.75,11.75,0,105,0
BANKNIFTY31JUL2548600PE.NFO,2025-06-27,13:51:00,2025-07-31,11.75,11.75,11.75,11.75,0,105,1
BANKNIFTY31JUL2548600PE.NFO,2025-06-27,13:52:00,2025-07-31,11.75,11.75,11.75,11.75,0,105,0
BANKNIFTY31JUL2548600PE.NFO,2025-06-27,13:53:00,2025-07-31,11.75,11.75,11.75,11.75,0,105,0
BANKNIFTY31JUL2548600PE.NFO,2025-06-27,13:54:00,2025-07-31,11.75,11.75,11.75,11.75,0,105,0
BANKNIFTY31JUL2548600PE.NFO,2025-06-27,13:55:00,2025-07-31,11.75,11.75,11.75,11.75,0,105,1
BANKNIFTY31JUL2548600PE.NFO,2025-06-27,13:56:00,2025-07-31,11.75,11.75,11.75,11.75,0,105,0
BANKNIFTY31JUL2548600PE.NFO,2025-06-27,13:57:00,2025-07-31,11.75,11.75,11.75,11.75,0,105,0
BANKNIFTY31JUL2548600PE.NFO,2025-06-27,13:58:00,2025-07-31,11.75,11.75,11.75,11.75,0,105,1
BANKNIFTY31JUL2548600PE.NFO,2025-06-27,13:59:00,2025-07-31,11.75,11.75,11.75,11.75,0,105,1
BANKNIFTY31JUL2548600PE.NFO,2025-06-27,14:00:00,2025-07-31,11.75,11.75,11.75,11.75,0,105,0
BANKNIFTY31JUL2548600PE.NFO,2025-06-27,14:01:00,2025-07-31,11.75,11.75,11.75,11.75,0,105,0
BANKNIFTY31JUL2548600PE.NFO,2025-06-27,14:02:00,2025-07-31,11.75,11.75,11.75,11.75,0,105,1
BANKNIFTY31JUL2548600PE.NFO,2025-06-27,14:03:00,2025-07-31,11.75,11.75,11.75,11.75,0,105,0
BANKNIFTY31JUL2548600PE.NFO,2025-06-27,14:04:00,2025-07-31,11.75,11.75,11.75,11.75,0,105,1
BANKNIFTY31JUL2548600PE.NFO,2025-06-27,14:05:00,2025-07-31,11.75,11.75,11.75,11.75,0,105,1
BANKNIFTY31JUL2548600PE.NFO,2025-06-27,14:06:00,2025-07-31,11.75,11.75,11.75,11.75,0,105,1
BANKNIFTY31JUL2548600PE.NFO,2025-06-27,14:07:00,2025-07-31,11.75,11.75,11.75,11.75,0,105,1
BANKNIFTY31JUL2548600PE.NFO,2025-06-27,14:08:00,2025-07-31,11.75,11.75,11.75,11.75,0,105,0
BANKNIFTY31JUL2548600PE.NFO,2025-06-27,14:09:00,2025-07-31,11.75,11.75,11.75,11.75,0,105,1
BANKNIFTY31JUL2548600PE.NFO,2025-06-27,14:10:00,2025-07-31,11.75,11.75,11.75,11.75,0,105,0
BANKNIFTY31JUL2548600PE.NFO,2025-06-27,14:11:00,2025-07-31,11.75,11.75,10.0,10.0,35,140,0
BANKNIFTY31JUL2548600PE.NFO,2025-06-27,14:12:00,2025-07-31,10.0,10.0,10.0,10.0,0,140,0
BANKNIFTY31JUL2548600PE.NFO,2025-06-27,14:13:00,2025-07-31,10.0,10.0,10.0,10.0,0,140,0
BANKNIFTY31JUL2548600PE.NFO,2025-06-27,14:14:00,2025-07-31,10.0,10.0,10.0,10.0,0,140,0
BANKNIFTY31JUL2548600PE.NFO,2025-06-27,14:15:00,2025-07-31,10.0,10.0,10.0,10.0,0,140,1
BANKNIFTY31JUL2548600PE.NFO,2025-06-27,14:16:00,2025-07-31,10.0,10.0,10.0,10.0,0,140,0
BANKNIFTY31JUL2548600PE.NFO,2025-06-27,14:17:00,2025-07-31,10.0,10.0,10.0,10.0,0,140,0
BANKNIFTY31JUL2548600PE.NFO,2025-06-27,14:18:00,2025-07-31,10.0,10.0,10.0,10.0,0,140,0
BANKNIFTY31JUL2548600PE.NFO,2025-06-27,14:19:00,2025-07-31,10.0,10.0,10.0,10.0,0,140,0
BANKNIFTY31JUL2548600PE.NFO,2025-06-27,14:20:00,2025-07-31,10.0,10.0,10.0,10.0,0,140,1
BANKNIFTY31JUL2548600PE.NFO,2025-06-27,14:21:00,2025-07-31,10.0,10.0,10.0,10.0,0,140,0
BANKNIFTY31JUL2548600PE.NFO,2025-06-27,14:22:00,2025-07-31,10.0,10.0,10.0,10.0,0,140,0
BANKNIFTY31JUL2548600PE.NFO,2025-06-27,14:23:00,2025-07-31,10.0,10.0,10.0,10.0,0,140,1
BANKNIFTY31JUL2548600PE.NFO,2025-06-27,14:24:00,2025-07-31,10.0,10.0,10.0,10.0,0,140,1
BANKNIFTY31JUL2548600PE.NFO,2025-06-27,14:25:00,2025-07-31,10.0,10.0,10.0,10.0,0,140,1
BANKNIFTY31JUL2548600PE.NFO,2025-06-27,14:26:00,2025-07-31,10.0,10.0,10.0,10.0,0,140,0
BANKNIFTY31JUL2548600PE.NFO,2025-06-27,14:27:00,2025-07-31,10.0,10.0,10.0,10.0,0,140,1
BANKNIFTY31JUL2548600PE.NFO,2025-06-27,14:28:00,2025-07-31,10.0,10.0,10.0,10.0,0,140,1
BANKNIFTY31JUL2548600PE.NFO,2025-06-27,14:29:00,2025-07-31,10.0,10.0,10.0,10.0,0,140,1
BANKNIFTY31JUL2548600PE.NFO,2025-06-27,14:30:00,2025-07-31,10.0,10.0,10.0,10.0,0,140,1
BANKNIFTY31JUL2548600PE.NFO,2025-06-27,14:31:00,2025-07-31,10.0,10.0,10.0,10.0,0,140,0
BANKNIFTY31JUL2548600PE.NFO,2025-06-27,14:32:00,2025-07-31,10.0,10.0,10.0,10.0,0,140,1
BANKNIFTY31JUL2548600PE.NFO,2025-06-27,14:33:00,2025-07-31,10.0,10.0,10.0,10.0,0,140,1
BANKNIFTY31JUL2548600PE.NFO,2025-06-27,14:34:00,2025-07-31,10.0,10.0,10.0,10.0,0,140,1
BANKNIFTY31JUL2548600PE.NFO,2025-06-27,14:35:00,2025-07-31,10.0,10.0,10.0,10.0,0,140,1
BANKNIFTY31JUL2548600PE.NFO,2025-06-27,14:36:00,2025-07-31,10.0,10.0,10.0,10.0,0,140,1
BANKNIFTY31JUL2548600PE.NFO,2025-06-27,14:37:00,2025-07-31,10.0,10.0,10.0,10.0,0,140,1
BANKNIFTY31JUL2548600PE.NFO,2025-06-27,14:38:00,2025-07-31,10.0,10.0,10.0,10.0,0,140,1
BANKNIFTY31JUL2548600PE.NFO,2025-06-27,14:39:00,2025-07-31,10.0,10.0,10.0,10.0,0,140,1
BANKNIFTY31JUL2548600PE.NFO,2025-06-27,14:40:00,2025-07-31,10.0,10.0,10.0,10.0,0,140,1
BANKNIFTY31JUL2548600PE.NFO,2025-06-27,14:41:00,2025-07-31,10.0,10.0,10.0,10.0,0,140,0
BANKNIFTY31JUL2548600PE.NFO,2025-06-27,14:42:00,2025-07-31,11.0,11.0,11.0,11.0,35,175,0
BANKNIFTY31JUL2548600PE.NFO,2025-06-27,14:43:00,2025-07-31,11.0,11.0,11.0,11.0,0,175,0
BANKNIFTY31JUL2548600PE.NFO,2025-06-27,14:44:00,2025-07-31,11.0,11.0,11.0,11.0,0,175,0
BANKNIFTY31JUL2548600PE.NFO,2025-06-27,14:45:00,2025-07-31,11.0,11.0,11.0,11.0,0,175,0
BANKNIFTY31JUL2548600PE.NFO,2025-06-27,14:46:00,2025-07-31,11.0,11.0,11.0,11.0,0,175,0
BANKNIFTY31JUL2548600PE.NFO,2025-06-27,14:47:00,2025-07-31,11.0,11.0,11.0,11.0,0,175,0
BANKNIFTY31JUL2548600PE.NFO,2025-06-27,14:48:00,2025-07-31,11.0,11.0,11.0,11.0,0,175,0
BANKNIFTY31JUL2548600PE.NFO,2025-06-27,14:49:00,2025-07-31,11.0,11.0,11.0,11.0,0,175,0
BANKNIFTY31JUL2548600PE.NFO,2025-06-27,14:50:00,2025-07-31,11.0,11.0,11.0,11.0,0,175,1
BANKNIFTY31JUL2548600PE.NFO,2025-06-27,14:51:00,2025-07-31,11.0,11.0,11.0,11.0,0,175,1
BANKNIFTY31JUL2548600PE.NFO,2025-06-27,14:52:00,2025-07-31,11.0,11.0,11.0,11.0,0,175,1
BANKNIFTY31JUL2548600PE.NFO,2025-06-27,14:53:00,2025-07-31,11.0,11.0,11.0,11.0,0,175,1
BANKNIFTY31JUL2548600PE.NFO,2025-06-27,14:54:00,2025-07-31,11.0,11.0,11.0,11.0,0,175,1
BANKNIFTY31JUL2548600PE.NFO,2025-06-27,14:55:00,2025-07-31,11.0,11.0,11.0,11.0,0,175,0
BANKNIFTY31JUL2548600PE.NFO,2025-06-27,14:56:00,2025-07-31,11.0,11.0,11.0,11.0,0,175,0
BANKNIFTY31JUL2548600PE.NFO,2025-06-27,14:57:00,2025-07-31,11.0,11.0,11.0,11.0,0,175,0
BANKNIFTY31JUL2548600PE.NFO,2025-06-27,14:58:00,2025-07-31,11.0,11.0,11.0,11.0,0,175,1
BANKNIFTY31JUL2548600PE.NFO,2025-06-27,14:59:00,2025-07-31,11.0,11.0,11.0,11.0,0,175,1
BANKNIFTY31JUL2548600PE.NFO,2025-06-27,15:00:00,2025-07-31,11.0,11.0,11.0,11.0,0,175,1
BANKNIFTY31JUL2548600PE.NFO,2025-06-27,15:01:00,2025-07-31,11.0,11.0,11.0,11.0,0,175,1
BANKNIFTY31JUL2548600PE.NFO,2025-06-27,15:02:00,2025-07-31,11.0,11.0,11.0,11.0,0,175,1
BANKNIFTY31JUL2548600PE.NFO,2025-06-27,15:03:00,2025-07-31,11.0,11.0,11.0,11.0,0,175,0
BANKNIFTY31JUL2548600PE.NFO,2025-06-27,15:04:00,2025-07-31,11.0,11.0,11.0,11.0,0,175,0
BANKNIFTY31JUL2548600PE.NFO,2025-06-27,15:05:00,2025-07-31,11.0,11.0,11.0,11.0,0,175,1
BANKNIFTY31JUL2548600PE.NFO,2025-06-27,15:06:00,2025-07-31,11.0,11.0,11.0,11.0,0,175,0
BANKNIFTY31JUL2548600PE.NFO,2025-06-27,15:07:00,2025-07-31,11.0,11.0,11.0,11.0,0,175,0
BANKNIFTY31JUL2548600PE.NFO,2025-06-27,15:08:00,2025-07-31,11.0,11.0,11.0,11.0,0,175,0
BANKNIFTY31JUL2548600PE.NFO,2025-06-27,15:09:00,2025-07-31,11.0,11.0,11.0,11.0,0,175,1
BANKNIFTY31JUL2548600PE.NFO,2025-06-27,15:10:00,2025-07-31,11.0,11.0,11.0,11.0,0,175,0
BANKNIFTY31JUL2548600PE.NFO,2025-06-27,15:11:00,2025-07-31,11.0,11.0,11.0,11.0,0,175,0
BANKNIFTY31JUL2548600PE.NFO,2025-06-27,15:12:00,2025-07-31,11.0,11.0,11.0,11.0,0,175,0
BANKNIFTY31JUL2548600PE.NFO,2025-06-27,15:13:00,2025-07-31,11.0,11.0,11.0,11.0,0,175,1
BANKNIFTY31JUL2548600PE.NFO,2025-06-27,15:14:00,2025-07-31,11.0,11.0,11.0,11.0,0,175,1
BANKNIFTY31JUL2548600PE.NFO,2025-06-27,15:15:00,2025-07-31,11.0,11.0,11.0,11.0,0,175,0
BANKNIFTY31JUL2548600PE.NFO,2025-06-27,15:16:00,2025-07-31,11.0,11.0,11.0,11.0,0,175,0
BANKNIFTY31JUL2548600PE.NFO,2025-06-27,15:17:00,2025-07-31,11.0,11.0,11.0,11.0,0,175,0
BANKNIFTY31JUL2548600PE.NFO,2025-06-27,15:18:00,2025-07-31,11.0,11.0,11.0,11.0,0,175,1
BANKNIFTY31JUL2548600PE.NFO,2025-06-27,15:19:00,2025-07-31,11.0,11.0,11.0,11.0,0,175,1
BANKNIFTY31JUL2548600PE.NFO,2025-06-27,15:20:00,2025-07-31,11.0,11.0,11.0,11.0,35,210,0
BANKNIFTY31JUL2548600PE.NFO,2025-06-27,15:21:00,2025-07-31,11.0,11.0,11.0,11.0,0,210,0
BANKNIFTY31JUL2548600PE.NFO,2025-06-27,15:22:00,2025-07-31,11.0,11.0,9.9,9.9,70,210,0
BANKNIFTY31JUL2548600PE.NFO,2025-06-27,15:23:00,2025-07-31,9.9,9.9,9.9,9.9,0,210,0
BANKNIFTY31JUL2548600PE.NFO,2025-06-27,15:24:00,2025-07-31,9.9,9.9,9.9,9.9,0,210,0
BANKNIFTY31JUL2548600PE.NFO,2025-06-27,15:25:00,2025-07-31,9.9,9.9,9.9,9.9,0,210,0
BANKNIFTY31JUL2548600PE.NFO,2025-06-27,15:26:00,2025-07-31,9.9,9.9,9.9,9.9,0,210,1
BANKNIFTY31JUL2548600PE.NFO,2025-06-27,15:27:00,2025-07-31,9.9,9.9,9.9,9.9,0,210,0
BANKNIFTY31JUL2548600PE.NFO,2025-06-27,15:28:00,2025-07-31,9.9,9.9,9.9,9.9,0,210,0
BANKNIFTY31JUL2548600PE.NFO,2025-06-27,15:29:00,2025-07-31,9.9,9.9,9.9,9.9,0,210,0
BANKNIFTY31JUL2548600PE.NFO,2025-06-27,15:30:00,2025-07-31,9.9,9.9,9.9,9.9,0,210,1
BANKNIFTY31JUL2548600PE.NFO,2025-06-30,09:15:00,2025-07-31,10.5,10.5,10.5,10.5,0,245,1
BANKNIFTY31JUL2548600PE.NFO,2025-06-30,09:16:00,2025-07-31,10.5,10.5,10.5,10.5,0,245,1
BANKNIFTY31JUL2548600PE.NFO,2025-06-30,09:17:00,2025-07-31,10.5,10.5,10.5,10.5,0,245,1
BANKNIFTY31JUL2548600PE.NFO,2025-06-30,09:18:00,2025-07-31,10.5,10.5,10.5,10.5,0,245,1
BANKNIFTY31JUL2548600PE.NFO,2025-06-30,09:19:00,2025-07-31,10.5,10.5,10.5,10.5,0,245,1
BANKNIFTY31JUL2548600PE.NFO,2025-06-30,09:20:00,2025-07-31,10.5,10.5,10.5,10.5,0,245,1
BANKNIFTY31JUL2548600PE.NFO,2025-06-30,09:21:00,2025-07-31,10.5,10.5,10.5,10.5,0,245,0
BANKNIFTY31JUL2548600PE.NFO,2025-06-30,09:22:00,2025-07-31,10.5,10.5,10.5,10.5,0,245,0
BANKNIFTY31JUL2548600PE.NFO,2025-06-30,09:23:00,2025-07-31,10.5,10.5,10.5,10.5,0,245,0
BANKNIFTY31JUL2548600PE.NFO,2025-06-30,09:24:00,2025-07-31,10.5,10.5,10.5,10.5,35,280,0
BANKNIFTY31JUL2548600PE.NFO,2025-06-30,09:25:00,2025-07-31,10.5,10.5,10.5,10.5,0,280,0
BANKNIFTY31JUL2548600PE.NFO,2025-06-30,09:26:00,2025-07-31,10.5,10.5,10.5,10.5,0,280,0
BANKNIFTY31JUL2548600PE.NFO,2025-06-30,09:27:00,2025-07-31,10.5,11.1,10.5,11.1,70,280,0
BANKNIFTY31JUL2548600PE.NFO,2025-06-30,09:28:00,2025-07-31,11.1,12.1,11.1,12.1,525,385,0
BANKNIFTY31JUL2548600PE.NFO,2025-06-30,09:29:00,2025-07-31,12.1,12.1,12.1,12.1,0,385,0
BANKNIFTY31JUL2548600PE.NFO,2025-06-30,09:30:00,2025-07-31,12.1,12.1,7.7,7.7,560,875,0
BANKNIFTY31JUL2548600PE.NFO,2025-06-30,09:31:00,2025-07-31,7.7,9.75,7.7,9.75,280,875,0
BANKNIFTY31JUL2548600PE.NFO,2025-06-30,09:32:00,2025-07-31,9.75,9.75,9.75,9.75,0,875,0
BANKNIFTY31JUL2548600PE.NFO,2025-06-30,09:33:00,2025-07-31,9.75,9.75,9.75,9.75,0,875,0
BANKNIFTY31JUL2548600PE.NFO,2025-06-30,09:34:00,2025-07-31,9.75,9.75,9.75,9.75,0,875,0
BANKNIFTY31JUL2548600PE.NFO,2025-06-30,09:35:00,2025-07-31,9.75,9.75,9.75,9.75,0,875,0
BANKNIFTY31JUL2548600PE.NFO,2025-06-30,09:36:00,2025-07-31,9.75,9.75,9.75,9.75,0,875,0
BANKNIFTY31JUL2548600PE.NFO,2025-06-30,09:37:00,2025-07-31,9.75,9.75,9.75,9.75,0,875,0
BANKNIFTY31JUL2548600PE.NFO,2025-06-30,09:38:00,2025-07-31,9.75,9.75,9.75,9.75,0,875,0
BANKNIFTY31JUL2548600PE.NFO,2025-06-30,09:39:00,2025-07-31,9.75,9.95,9.75,9.95,0,630,0
BANKNIFTY31JUL2548600PE.NFO,2025-06-30,09:40:00,2025-07-31,9.95,11.4,9.95,11.4,70,630,0
BANKNIFTY31JUL2548600PE.NFO,2025-06-30,09:41:00,2025-07-31,11.4,11.4,11.4,11.4,0,630,0
BANKNIFTY31JUL2548600PE.NFO,2025-06-30,09:42:00,2025-07-31,11.4,11.4,11.4,11.4,0,630,0
BANKNIFTY31JUL2548600PE.NFO,2025-06-30,09:43:00,2025-07-31,11.4,11.4,10.3,10.3,0,595,0
BANKNIFTY31JUL2548600PE.NFO,2025-06-30,09:44:00,2025-07-31,10.3,10.3,10.3,10.3,245,595,0
BANKNIFTY31JUL2548600PE.NFO,2025-06-30,09:45:00,2025-07-31,10.3,10.3,10.3,10.3,0,595,0
BANKNIFTY31JUL2548600PE.NFO,2025-06-30,09:46:00,2025-07-31,10.3,10.3,10.3,10.3,0,595,0
BANKNIFTY31JUL2548600PE.NFO,2025-06-30,09:47:00,2025-07-31,10.3,10.3,10.3,10.3,0,595,0
BANKNIFTY31JUL2548600PE.NFO,2025-06-30,09:48:00,2025-07-31,10.3,10.3,10.3,10.3,0,595,0
BANKNIFTY31JUL2548600PE.NFO,2025-06-30,09:49:00,2025-07-31,10.3,11.2,10.3,11.2,35,455,0
BANKNIFTY31JUL2548600PE.NFO,2025-06-30,09:50:00,2025-07-31,11.2,11.2,9.3,9.3,35,455,0
BANKNIFTY31JUL2548600PE.NFO,2025-06-30,09:51:00,2025-07-31,9.3,10.5,9.3,10.5,35,455,0
BANKNIFTY31JUL2548600PE.NFO,2025-06-30,09:52:00,2025-07-31,10.5,10.5,10.5,10.5,35,455,0
BANKNIFTY31JUL2548600PE.NFO,2025-06-30,09:53:00,2025-07-31,10.5,10.5,10.5,10.5,35,455,0
BANKNIFTY31JUL2548600PE.NFO,2025-06-30,09:54:00,2025-07-31,10.5,10.5,10.5,10.5,0,455,0
BANKNIFTY31JUL2548600PE.NFO,2025-06-30,09:55:00,2025-07-31,10.5,10.5,10.5,10.5,0,455,1
BANKNIFTY31JUL2548600PE.NFO,2025-06-30,09:56:00,2025-07-31,10.5,10.5,10.5,10.5,0,455,1
BANKNIFTY31JUL2548600PE.NFO,2025-06-30,09:57:00,2025-07-31,10.5,10.5,10.5,10.5,0,455,0
BANKNIFTY31JUL2548600PE.NFO,2025-06-30,09:58:00,2025-07-31,10.5,10.5,10.5,10.5,0,455,0
BANKNIFTY31JUL2548600PE.NFO,2025-06-30,09:59:00,2025-07-31,10.5,10.5,10.5,10.5,0,455,0
BANKNIFTY31JUL2548600PE.NFO,2025-06-30,10:00:00,2025-07-31,10.5,10.5,10.5,10.5,0,455,0
BANKNIFTY31JUL2548600PE.NFO,2025-06-30,10:01:00,2025-07-31,10.5,10.5,10.5,10.5,0,455,1
BANKNIFTY31JUL2548600PE.NFO,2025-06-30,10:02:00,2025-07-31,10.5,10.5,10.5,10.5,0,455,1
BANKNIFTY31JUL2548600PE.NFO,2025-06-30,10:03:00,2025-07-31,10.5,10.5,10.45,10.45,35,455,0
BANKNIFTY31JUL2548600PE.NFO,2025-06-30,10:04:00,2025-07-31,10.45,10.45,10.45,10.45,0,455,0
BANKNIFTY31JUL2548600PE.NFO,2025-06-30,10:05:00,2025-07-31,10.45,14.05,10.45,14.05,350,455,0
BANKNIFTY31JUL2548600PE.NFO,2025-06-30,10:06:00,2025-07-31,14.05,14.05,14.05,14.05,0,455,0
BANKNIFTY31JUL2548600PE.NFO,2025-06-30,10:07:00,2025-07-31,14.05,14.05,14.05,14.05,0,455,0
BANKNIFTY31JUL2548600PE.NFO,2025-06-30,10:08:00,2025-07-31,14.05,14.05,14.05,14.05,0,455,0
BANKNIFTY31JUL2548600PE.NFO,2025-06-30,10:09:00,2025-07-31,14.05,14.05,10.0,10.0,420,840,0
BANKNIFTY31JUL2548600PE.NFO,2025-06-30,10:10:00,2025-07-31,10.0,12.0,10.0,10.75,70,840,0
BANKNIFTY31JUL2548600PE.NFO,2025-06-30,10:11:00,2025-07-31,10.75,11.85,10.7,10.7,70,840,0
BANKNIFTY31JUL2548600PE.NFO,2025-06-30,10:12:00,2025-07-31,10.7,10.7,10.7,10.7,0,840,0
BANKNIFTY31JUL2548600PE.NFO,2025-06-30,10:13:00,2025-07-31,10.7,10.7,10.7,10.7,210,805,0
BANKNIFTY31JUL2548600PE.NFO,2025-06-30,10:14:00,2025-07-31,10.7,10.7,10.7,10.7,0,805,0
BANKNIFTY31JUL2548600PE.NFO,2025-06-30,10:15:00,2025-07-31,10.7,10.7,10.7,10.7,0,805,0
BANKNIFTY31JUL2548600PE.NFO,2025-06-30,10:16:00,2025-07-31,10.7,10.7,10.7,10.7,0,805,0
BANKNIFTY31JUL2548600PE.NFO,2025-06-30,10:17:00,2025-07-31,11.65,12.05,11.65,12.05,70,805,0
BANKNIFTY31JUL2548600PE.NFO,2025-06-30,10:18:00,2025-07-31,11.9,11.9,9.95,9.95,105,805,0
BANKNIFTY31JUL2548600PE.NFO,2025-06-30,10:19:00,2025-07-31,9.95,9.95,9.95,9.95,35,805,0
BANKNIFTY31JUL2548600PE.NFO,2025-06-30,10:20:00,2025-07-31,9.95,10.55,9.9,10.45,140,805,0
BANKNIFTY31JUL2548600PE.NFO,2025-06-30,10:21:00,2025-07-31,10.45,10.45,10.45,10.45,0,805,0
BANKNIFTY31JUL2548600PE.NFO,2025-06-30,10:22:00,2025-07-31,10.45,10.45,10.45,10.45,0,805,0
BANKNIFTY31JUL2548600PE.NFO,2025-06-30,10:23:00,2025-07-31,10.45,10.45,10.45,10.45,0,805,0
BANKNIFTY31JUL2548600PE.NFO,2025-06-30,10:24:00,2025-07-31,10.45,11.35,10.45,11.35,70,805,0
BANKNIFTY31JUL2548600PE.NFO,2025-06-30,10:25:00,2025-07-31,11.35,11.55,11.35,11.55,35,805,0
BANKNIFTY31JUL2548600PE.NFO,2025-06-30,10:26:00,2025-07-31,11.55,11.55,10.35,10.35,35,805,0
BANKNIFTY31JUL2548600PE.NFO,2025-06-30,10:27:00,2025-07-31,10.35,10.35,10.35,10.35,0,805,0
BANKNIFTY31JUL2548600PE.NFO,2025-06-30,10:28:00,2025-07-31,10.35,10.35,10.35,10.35,0,805,0
BANKNIFTY31JUL2548600PE.NFO,2025-06-30,10:29:00,2025-07-31,10.35,10.35,10.35,10.35,0,805,0
BANKNIFTY31JUL2548600PE.NFO,2025-06-30,10:30:00,2025-07-31,10.35,10.35,10.35,10.35,0,805,1
BANKNIFTY31JUL2548600PE.NFO,2025-06-30,10:31:00,2025-07-31,10.35,10.35,10.35,10.35,0,805,1
BANKNIFTY31JUL2548600PE.NFO,2025-06-30,10:32:00,2025-07-31,10.35,10.35,10.35,10.35,0,805,0
BANKNIFTY31JUL2548600PE.NFO,2025-06-30,10:33:00,2025-07-31,10.35,10.35,10.35,10.35,0,805,1
BANKNIFTY31JUL2548600PE.NFO,2025-06-30,10:34:00,2025-07-31,10.35,10.35,10.35,10.35,0,805,1
BANKNIFTY31JUL2548600PE.NFO,2025-06-30,10:35:00,2025-07-31,10.35,10.35,10.35,10.35,0,805,0
BANKNIFTY31JUL2548600PE.NFO,2025-06-30,10:36:00,2025-07-31,10.35,10.35,10.35,10.35,0,805,0
BANKNIFTY31JUL2548600PE.NFO,2025-06-30,10:37:00,2025-07-31,10.35,10.35,10.35,10.35,0,805,1
BANKNIFTY31JUL2548600PE.NFO,2025-06-30,10:38:00,2025-07-31,10.35,10.35,10.35,10.35,35,805,0
BANKNIFTY31JUL2548600PE.NFO,2025-06-30,10:39:00,2025-07-31,10.35,10.35,10.35,10.35,0,805,0
BANKNIFTY31JUL2548600PE.NFO,2025-06-30,10:40:00,2025-07-31,10.35,11.55,10.35,10.95,70,805,0
BANKNIFTY31JUL2548600PE.NFO,2025-06-30,10:41:00,2025-07-31,10.95,10.95,10.95,10.95,0,805,0
BANKNIFTY31JUL2548600PE.NFO,2025-06-30,10:42:00,2025-07-31,10.95,10.95,10.95,10.95,0,805,1
BANKNIFTY31JUL2548600PE.NFO,2025-06-30,10:43:00,2025-07-31,10.95,10.95,10.95,10.95,0,805,0
BANKNIFTY31JUL2548600PE.NFO,2025-06-30,10:44:00,2025-07-31,10.95,10.95,10.95,10.95,0,805,0
BANKNIFTY31JUL2548600PE.NFO,2025-06-30,10:45:00,2025-07-31,10.95,10.95,10.95,10.95,0,805,0
BANKNIFTY31JUL2548600PE.NFO,2025-06-30,10:46:00,2025-07-31,10.95,10.95,10.95,10.95,0,805,0
BANKNIFTY31JUL2548600PE.NFO,2025-06-30,10:47:00,2025-07-31,10.95,10.95,10.95,10.95,0,805,0
BANKNIFTY31JUL2548600PE.NFO,2025-06-30,10:48:00,2025-07-31,10.95,10.95,10.95,10.95,0,805,0
BANKNIFTY31JUL2548600PE.NFO,2025-06-30,10:49:00,2025-07-31,10.95,10.95,10.95,10.95,0,805,0
BANKNIFTY31JUL2548600PE.NFO,2025-06-30,10:50:00,2025-07-31,10.95,10.95,10.95,10.95,0,805,1
BANKNIFTY31JUL2548600PE.NFO,2025-06-30,10:51:00,2025-07-31,10.95,10.95,10.95,10.95,35,805,0
BANKNIFTY31JUL2548600PE.NFO,2025-06-30,10:52:00,2025-07-31,10.95,10.95,10.95,10.95,0,805,0
BANKNIFTY31JUL2548600PE.NFO,2025-06-30,10:53:00,2025-07-31,10.95,10.95,10.95,10.95,0,805,0
BANKNIFTY31JUL2548600PE.NFO,2025-06-30,10:54:00,2025-07-31,10.95,10.95,10.95,10.95,0,805,1
BANKNIFTY31JUL2548600PE.NFO,2025-06-30,10:55:00,2025-07-31,10.95,10.95,10.95,10.95,0,805,0
BANKNIFTY31JUL2548600PE.NFO,2025-06-30,10:56:00,2025-07-31,11.9,11.9,11.9,11.9,35,805,0
BANKNIFTY31JUL2548600PE.NFO,2025-06-30,10:57:00,2025-07-31,11.9,11.9,9.95,9.95,35,805,0
BANKNIFTY31JUL2548600PE.NFO,2025-06-30,10:58:00,2025-07-31,9.95,9.95,9.95,9.95,0,805,0
BANKNIFTY31JUL2548600PE.NFO,2025-06-30,10:59:00,2025-07-31,10.95,10.95,9.95,9.95,35,805,0
BANKNIFTY31JUL2548600PE.NFO,2025-06-30,11:00:00,2025-07-31,9.95,9.95,9.95,9.95,35,805,0
BANKNIFTY31JUL2548600PE.NFO,2025-06-30,11:01:00,2025-07-31,9.95,9.95,9.95,9.95,0,805,0
BANKNIFTY31JUL2548600PE.NFO,2025-06-30,11:02:00,2025-07-31,9.95,9.95,9.95,9.95,0,805,0
BANKNIFTY31JUL2548600PE.NFO,2025-06-30,11:03:00,2025-07-31,9.95,9.95,9.95,9.95,0,805,1
BANKNIFTY31JUL2548600PE.NFO,2025-06-30,11:04:00,2025-07-31,9.95,9.95,9.95,9.95,0,805,1
BANKNIFTY31JUL2548600PE.NFO,2025-06-30,11:05:00,2025-07-31,9.95,9.95,9.95,9.95,0,805,1
BANKNIFTY31JUL2548600PE.NFO,2025-06-30,11:06:00,2025-07-31,9.95,9.95,9.95,9.95,0,805,1
BANKNIFTY31JUL2548600PE.NFO,2025-06-30,11:07:00,2025-07-31,9.95,9.95,9.95,9.95,0,805,1
BANKNIFTY31JUL2548600PE.NFO,2025-06-30,11:08:00,2025-07-31,9.95,9.95,9.95,9.95,0,805,1
BANKNIFTY31JUL2548600PE.NFO,2025-06-30,11:09:00,2025-07-31,9.95,9.95,9.95,9.95,0,805,1
BANKNIFTY31JUL2548600PE.NFO,2025-06-30,11:10:00,2025-07-31,9.95,9.95,9.95,9.95,0,805,0
BANKNIFTY31JUL2548600PE.NFO,2025-06-30,11:11:00,2025-07-31,9.95,9.95,9.95,9.95,0,805,0
BANKNIFTY31JUL2548600PE.NFO,2025-06-30,11:12:00,2025-07-31,9.95,9.95,9.95,9.95,0,805,1
BANKNIFTY31JUL2548600PE.NFO,2025-06-30,11:13:00,2025-07-31,9.95,9.95,9.95,9.95,0,805,1
BANKNIFTY31JUL2548600PE.NFO,2025-06-30,11:14:00,2025-07-31,9.95,9.95,9.95,9.95,0,805,1
BANKNIFTY31JUL2548600PE.NFO,2025-06-30,11:15:00,2025-07-31,9.95,9.95,9.95,9.95,0,805,0
BANKNIFTY31JUL2548600PE.NFO,2025-06-30,11:16:00,2025-07-31,9.95,9.95,9.95,9.95,0,805,1
BANKNIFTY31JUL2548600PE.NFO,2025-06-30,11:17:00,2025-07-31,9.95,9.95,9.95,9.95,0,805,1
BANKNIFTY31JUL2548600PE.NFO,2025-06-30,11:18:00,2025-07-31,9.95,9.95,9.95,9.95,0,805,1
BANKNIFTY31JUL2548600PE.NFO,2025-06-30,11:19:00,2025-07-31,9.95,9.95,9.95,9.95,0,805,1
BANKNIFTY31JUL2548600PE.NFO,2025-06-30,11:20:00,2025-07-31,9.95,9.95,9.95,9.95,0,805,1
BANKNIFTY31JUL2548600PE.NFO,2025-06-30,11:21:00,2025-07-31,9.95,9.95,9.95,9.95,0,805,1
BANKNIFTY31JUL2548600PE.NFO,2025-06-30,11:22:00,2025-07-31,9.95,9.95,9.95,9.95,0,805,1
BANKNIFTY31JUL2548600PE.NFO,2025-06-30,11:23:00,2025-07-31,9.95,9.95,9.95,9.95,0,805,1
BANKNIFTY31JUL2548600PE.NFO,2025-06-30,11:24:00,2025-07-31,9.95,9.95,9.95,9.95,0,805,1
BANKNIFTY31JUL2548600PE.NFO,2025-06-30,11:25:00,2025-07-31,9.95,9.95,9.95,9.95,0,805,1
BANKNIFTY31JUL2548600PE.NFO,2025-06-30,11:26:00,2025-07-31,9.95,9.95,9.95,9.95,0,805,1
BANKNIFTY31JUL2548600PE.NFO,2025-06-30,11:27:00,2025-07-31,9.95,9.95,9.95,9.95,0,805,1
BANKNIFTY31JUL2548600PE.NFO,2025-06-30,11:28:00,2025-07-31,9.95,9.95,9.95,9.95,0,805,1
BANKNIFTY31JUL2548600PE.NFO,2025-06-30,11:29:00,2025-07-31,9.95,9.95,9.95,9.95,0,805,1
BANKNIFTY31JUL2548600PE.NFO,2025-06-30,11:30:00,2025-07-31,9.95,9.95,9.95,9.95,0,805,0
BANKNIFTY31JUL2548600PE.NFO,2025-06-30,11:31:00,2025-07-31,9.95,9.95,9.95,9.95,0,805,1
BANKNIFTY31JUL2548600PE.NFO,2025-06-30,11:32:00,2025-07-31,9.95,9.95,9.95,9.95,0,805,1
BANKNIFTY31JUL2548600PE.NFO,2025-06-30,11:33:00,2025-07-31,9.95,9.95,9.95,9.95,0,805,1
BANKNIFTY31JUL2548600PE.NFO,2025-06-30,11:34:00,2025-07-31,9.95,9.95,9.95,9.95,0,805,1
BANKNIFTY31JUL2548600PE.NFO,2025-06-30,11:35:00,2025-07-31,9.95,9.95,9.95,9.95,0,805,1
BANKNIFTY31JUL2548600PE.NFO,2025-06-30,11:36:00,2025-07-31,9.95,9.95,9.95,9.95,0,805,1
BANKNIFTY31JUL2548600PE.NFO,2025-06-30,11:37:00,2025-07-31,9.95,9.95,9.95,9.95,0,805,0
BANKNIFTY31JUL2548600PE.NFO,2025-06-30,11:38:00,2025-07-31,9.95,9.95,9.95,9.95,0,805,1
BANKNIFTY31JUL2548600PE.NFO,2025-06-30,11:39:00,2025-07-31,9.95,9.95,9.95,9.95,0,805,1
BANKNIFTY31JUL2548600PE.NFO,2025-06-30,11:40:00,2025-07-31,9.95,9.95,9.95,9.95,0,805,1
BANKNIFTY31JUL2548600PE.NFO,2025-06-30,11:41:00,2025-07-31,9.95,9.95,9.95,9.95,0,805,1
BANKNIFTY31JUL2548600PE.NFO,2025-06-30,11:42:00,2025-07-31,9.95,9.95,9.95,9.95,0,805,1
BANKNIFTY31JUL2548600PE.NFO,2025-06-30,11:43:00,2025-07-31,9.95,9.95,9.95,9.95,0,805,1
BANKNIFTY31JUL2548600PE.NFO,2025-06-30,11:44:00,2025-07-31,9.95,9.95,9.95,9.95,0,805,0
BANKNIFTY31JUL2548600PE.NFO,2025-06-30,11:45:00,2025-07-31,9.95,9.95,9.95,9.95,0,805,0
BANKNIFTY31JUL2548600PE.NFO,2025-06-30,11:46:00,2025-07-31,9.95,9.95,9.95,9.95,0,805,1
BANKNIFTY31JUL2548600PE.NFO,2025-06-30,11:47:00,2025-07-31,9.95,9.95,9.95,9.95,0,805,1
BANKNIFTY31JUL2548600PE.NFO,2025-06-30,11:48:00,2025-07-31,9.95,9.95,9.95,9.95,0,805,0
BANKNIFTY31JUL2548600PE.NFO,2025-06-30,11:49:00,2025-07-31,9.95,9.95,9.95,9.95,0,805,1
BANKNIFTY31JUL2548600PE.NFO,2025-06-30,11:50:00,2025-07-31,9.95,9.95,9.95,9.95,0,805,1
BANKNIFTY31JUL2548600PE.NFO,2025-06-30,11:51:00,2025-07-31,9.95,9.95,9.95,9.95,0,805,1
BANKNIFTY31JUL2548600PE.NFO,2025-06-30,11:52:00,2025-07-31,9.95,9.95,9.95,9.95,0,805,1
BANKNIFTY31JUL2548600PE.NFO,2025-06-30,11:53:00,2025-07-31,9.95,9.95,9.95,9.95,0,805,0
BANKNIFTY31JUL2548600PE.NFO,2025-06-30,11:54:00,2025-07-31,9.95,9.95,9.95,9.95,0,805,1
BANKNIFTY31JUL2548600PE.NFO,2025-06-30,11:55:00,2025-07-31,9.95,9.95,9.95,9.95,0,805,0
BANKNIFTY31JUL2548600PE.NFO,2025-06-30,11:56:00,2025-07-31,9.95,9.95,9.95,9.95,0,805,0
BANKNIFTY31JUL2548600PE.NFO,2025-06-30,11:57:00,2025-07-31,9.95,9.95,9.95,9.95,0,805,1
BANKNIFTY31JUL2548600PE.NFO,2025-06-30,11:58:00,2025-07-31,9.95,9.95,9.95,9.95,0,805,1
BANKNIFTY31JUL2548600PE.NFO,2025-06-30,11:59:00,2025-07-31,9.95,9.95,9.95,9.95,0,805,1
BANKNIFTY31JUL2548600PE.NFO,2025-06-30,12:00:00,2025-07-31,9.95,9.95,9.95,9.95,0,805,0
BANKNIFTY31JUL2548600PE.NFO,2025-06-30,12:01:00,2025-07-31,9.95,9.95,9.95,9.95,0,805,0
BANKNIFTY31JUL2548600PE.NFO,2025-06-30,12:02:00,2025-07-31,9.95,9.95,9.95,9.95,0,805,1
BANKNIFTY31JUL2548600PE.NFO,2025-06-30,12:03:00,2025-07-31,9.65,9.65,9.65,9.65,35,805,0
BANKNIFTY31JUL2548600PE.NFO,2025-06-30,12:04:00,2025-07-31,9.65,9.65,9.65,9.65,0,805,0
BANKNIFTY31JUL2548600PE.NFO,2025-06-30,12:05:00,2025-07-31,9.65,9.65,9.65,9.65,0,805,1
BANKNIFTY31JUL2548600PE.NFO,2025-06-30,12:06:00,2025-07-31,9.65,9.65,9.65,9.65,0,805,1
BANKNIFTY31JUL2548600PE.NFO,2025-06-30,12:07:00,2025-07-31,9.65,9.65,9.65,9.65,0,805,0
BANKNIFTY31JUL2548600PE.NFO,2025-06-30,12:08:00,2025-07-31,9.65,9.65,9.65,9.65,0,805,1
BANKNIFTY31JUL2548600PE.NFO,2025-06-30,12:09:00,2025-07-31,9.65,9.65,9.65,9.65,0,805,1
BANKNIFTY31JUL2548600PE.NFO,2025-06-30,12:10:00,2025-07-31,9.65,9.65,9.65,9.65,0,805,1
BANKNIFTY31JUL2548600PE.NFO,2025-06-30,12:11:00,2025-07-31,9.65,9.65,9.65,9.65,0,805,1
BANKNIFTY31JUL2548600PE.NFO,2025-06-30,12:12:00,2025-07-31,9.65,9.65,9.65,9.65,0,805,1
BANKNIFTY31JUL2548600PE.NFO,2025-06-30,12:13:00,2025-07-31,9.65,9.65,9.65,9.65,0,805,1
BANKNIFTY31JUL2548600PE.NFO,2025-06-30,12:14:00,2025-07-31,9.65,9.65,9.65,9.65,0,805,1
BANKNIFTY31JUL2548600PE.NFO,2025-06-30,12:15:00,2025-07-31,9.65,9.65,9.65,9.65,0,805,1
BANKNIFTY31JUL2548600PE.NFO,2025-06-30,12:16:00,2025-07-31,9.65,9.65,9.65,9.65,0,805,1
BANKNIFTY31JUL2548600PE.NFO,2025-06-30,12:17:00,2025-07-31,9.65,9.65,9.65,9.65,0,805,1
BANKNIFTY31JUL2548600PE.NFO,2025-06-30,12:18:00,2025-07-31,9.65,9.65,9.65,9.65,0,805,0
BANKNIFTY31JUL2548600PE.NFO,2025-06-30,12:19:00,2025-07-31,9.65,9.65,9.65,9.65,0,805,1
BANKNIFTY31JUL2548600PE.NFO,2025-06-30,12:20:00,2025-07-31,9.65,9.65,9.65,9.65,0,805,0
BANKNIFTY31JUL2548600PE.NFO,2025-06-30,12:21:00,2025-07-31,9.65,9.65,9.65,9.65,0,805,0
BANKNIFTY31JUL2548600PE.NFO,2025-06-30,12:22:00,2025-07-31,9.65,9.65,9.65,9.65,0,805,0
BANKNIFTY31JUL2548600PE.NFO,2025-06-30,12:23:00,2025-07-31,9.65,9.65,9.65,9.65,0,805,0
BANKNIFTY31JUL2548600PE.NFO,2025-06-30,12:24:00,2025-07-31,9.65,9.65,9.65,9.65,0,805,1
BANKNIFTY31JUL2548600PE.NFO,2025-06-30,12:25:00,2025-07-31,9.65,9.65,9.65,9.65,0,805,1
BANKNIFTY31JUL2548600PE.NFO,2025-06-30,12:26:00,2025-07-31,9.65,9.65,9.65,9.65,0,805,1
BANKNIFTY31JUL2548600PE.NFO,2025-06-30,12:27:00,2025-07-31,9.65,9.65,9.65,9.65,0,805,1
BANKNIFTY31JUL2548600PE.NFO,2025-06-30,12:28:00,2025-07-31,9.65,9.65,9.65,9.65,0,805,1
BANKNIFTY31JUL2548600PE.NFO,2025-06-30,12:29:00,2025-07-31,9.65,9.65,9.65,9.65,0,805,1
BANKNIFTY31JUL2548600PE.NFO,2025-06-30,12:30:00,2025-07-31,9.65,9.65,9.65,9.65,0,805,1
BANKNIFTY31JUL2548600PE.NFO,2025-06-30,12:31:00,2025-07-31,9.65,9.65,9.65,9.65,0,805,1
BANKNIFTY31JUL2548600PE.NFO,2025-06-30,12:32:00,2025-07-31,9.65,9.65,9.65,9.65,0,805,0
BANKNIFTY31JUL2548600PE.NFO,2025-06-30,12:33:00,2025-07-31,9.65,9.65,9.65,9.65,0,805,0
BANKNIFTY31JUL2548600PE.NFO,2025-06-30,12:34:00,2025-07-31,9.65,9.65,9.65,9.65,0,805,1
BANKNIFTY31JUL2548600PE.NFO,2025-06-30,12:35:00,2025-07-31,9.65,9.65,9.65,9.65,0,805,1
BANKNIFTY31JUL2548600PE.NFO,2025-06-30,12:36:00,2025-07-31,9.65,9.65,9.65,9.65,0,805,1
BANKNIFTY31JUL2548600PE.NFO,2025-06-30,12:37:00,2025-07-31,9.65,9.65,9.65,9.65,0,805,0
BANKNIFTY31JUL2548600PE.NFO,2025-06-30,12:38:00,2025-07-31,9.65,9.65,9.65,9.65,0,805,0
BANKNIFTY31JUL2548600PE.NFO,2025-06-30,12:39:00,2025-07-31,9.65,9.65,9.65,9.65,0,805,0
BANKNIFTY31JUL2548600PE.NFO,2025-06-30,12:40:00,2025-07-31,9.65,9.65,9.65,9.65,0,805,1
BANKNIFTY31JUL2548600PE.NFO,2025-06-30,12:41:00,2025-07-31,9.65,9.65,9.65,9.65,0,805,0
BANKNIFTY31JUL2548600PE.NFO,2025-06-30,12:42:00,2025-07-31,9.65,9.65,9.65,9.65,0,805,0
BANKNIFTY31JUL2548600PE.NFO,2025-06-30,12:43:00,2025-07-31,9.65,9.65,9.65,9.65,0,805,1
BANKNIFTY31JUL2548600PE.NFO,2025-06-30,12:44:00,2025-07-31,9.65,9.65,9.65,9.65,0,805,1
BANKNIFTY31JUL2548600PE.NFO,2025-06-30,12:45:00,2025-07-31,9.65,9.65,9.65,9.65,0,805,1
BANKNIFTY31JUL2548600PE.NFO,2025-06-30,12:46:00,2025-07-31,9.65,9.65,9.65,9.65,0,805,1
BANKNIFTY31JUL2548600PE.NFO,2025-06-30,12:47:00,2025-07-31,10.65,10.65,10.65,10.65,175,770,0
BANKNIFTY31JUL2548600PE.NFO,2025-06-30,12:48:00,2025-07-31,10.65,10.65,10.65,10.65,175,770,0
BANKNIFTY31JUL2548600PE.NFO,2025-06-30,12:49:00,2025-07-31,10.65,10.65,10.65,10.65,0,770,0
BANKNIFTY31JUL2548600PE.NFO,2025-06-30,12:50:00,2025-07-31,10.65,10.8,10.65,10.8,70,1050,0
BANKNIFTY31JUL2548600PE.NFO,2025-06-30,12:51:00,2025-07-31,10.8,10.8,10.8,10.8,0,1050,0
BANKNIFTY31JUL2548600PE.NFO,2025-06-30,12:52:00,2025-07-31,10.8,10.8,10.8,10.8,0,1050,0
BANKNIFTY31JUL2548600PE.NFO,2025-06-30,12:53:00,2025-07-31,10.8,10.8,10.8,10.8,0,1050,0
BANKNIFTY31JUL2548600PE.NFO,2025-06-30,12:54:00,2025-07-31,10.8,10.8,10.8,10.8,0,1050,1
BANKNIFTY31JUL2548600PE.NFO,2025-06-30,12:55:00,2025-07-31,10.8,10.8,10.8,10.8,0,1050,1
BANKNIFTY31JUL2548600PE.NFO,2025-06-30,12:56:00,2025-07-31,10.8,10.8,10.8,10.8,0,1050,1
BANKNIFTY31JUL2548600PE.NFO,2025-06-30,12:57:00,2025-07-31,10.8,10.8,10.8,10.8,0,1050,1
BANKNIFTY31JUL2548600PE.NFO,2025-06-30,12:58:00,2025-07-31,10.8,10.8,10.8,10.8,0,1050,1
BANKNIFTY31JUL2548600PE.NFO,2025-06-30,12:59:00,2025-07-31,10.8,10.8,10.8,10.8,0,1050,0
BANKNIFTY31JUL2548600PE.NFO,2025-06-30,13:00:00,2025-07-31,9.8,10.7,9.8,10.7,70,1050,0
BANKNIFTY31JUL2548600PE.NFO,2025-06-30,13:01:00,2025-07-31,10.7,10.7,10.7,10.7,0,1050,0
BANKNIFTY31JUL2548600PE.NFO,2025-06-30,13:02:00,2025-07-31,10.7,10.7,10.7,10.7,0,1050,0
BANKNIFTY31JUL2548600PE.NFO,2025-06-30,13:03:00,2025-07-31,10.7,10.7,10.7,10.7,0,1050,0
BANKNIFTY31JUL2548600PE.NFO,2025-06-30,13:04:00,2025-07-31,10.7,10.7,10.7,10.7,0,1050,0
BANKNIFTY31JUL2548600PE.NFO,2025-06-30,13:05:00,2025-07-31,10.7,10.7,10.7,10.7,0,1050,0
BANKNIFTY31JUL2548600PE.NFO,2025-06-30,13:06:00,2025-07-31,11.4,11.4,11.4,11.4,35,1050,0
BANKNIFTY31JUL2548600PE.NFO,2025-06-30,13:07:00,2025-07-31,11.4,11.4,11.4,11.4,0,1050,0
BANKNIFTY31JUL2548600PE.NFO,2025-06-30,13:08:00,2025-07-31,11.4,11.4,11.4,11.4,0,1050,0
BANKNIFTY31JUL2548600PE.NFO,2025-06-30,13:09:00,2025-07-31,11.4,11.4,11.4,11.4,0,1050,1
BANKNIFTY31JUL2548600PE.NFO,2025-06-30,13:10:00,2025-07-31,11.4,11.4,11.4,11.4,0,1050,1
BANKNIFTY31JUL2548600PE.NFO,2025-06-30,13:11:00,2025-07-31,11.4,11.4,11.4,11.4,0,1050,1
BANKNIFTY31JUL2548600PE.NFO,2025-06-30,13:12:00,2025-07-31,11.55,11.55,10.8,10.8,175,1085,0
BANKNIFTY31JUL2548600PE.NFO,2025-06-30,13:13:00,2025-07-31,10.8,11.6,10.75,11.6,175,1225,0
BANKNIFTY31JUL2548600PE.NFO,2025-06-30,13:14:00,2025-07-31,11.6,11.6,10.0,10.0,420,1225,0
BANKNIFTY31JUL2548600PE.NFO,2025-06-30,13:15:00,2025-07-31,10.0,13.4,10.0,13.4,350,1225,0
BANKNIFTY31JUL2548600PE.NFO,2025-06-30,13:16:00,2025-07-31,9.7,10.9,9.7,10.9,210,1750,0
BANKNIFTY31JUL2548600PE.NFO,2025-06-30,13:17:00,2025-07-31,10.9,10.9,10.9,10.9,455,1750,0
BANKNIFTY31JUL2548600PE.NFO,2025-06-30,13:18:00,2025-07-31,10.9,11.15,10.9,11.15,0,1750,0
BANKNIFTY31JUL2548600PE.NFO,2025-06-30,13:19:00,2025-07-31,11.15,11.6,10.8,10.8,560,2485,0
BANKNIFTY31JUL2548600PE.NFO,2025-06-30,13:20:00,2025-07-31,10.8,11.55,10.8,11.05,70,2485,0
BANKNIFTY31JUL2548600PE.NFO,2025-06-30,13:21:00,2025-07-31,11.05,11.05,11.05,11.05,350,2485,0
BANKNIFTY31JUL2548600PE.NFO,2025-06-30,13:22:00,2025-07-31,11.05,11.05,11.05,11.05,0,2485,0
BANKNIFTY31JUL2548600PE.NFO,2025-06-30,13:23:00,2025-07-31,11.05,11.05,11.05,11.05,0,2485,0
BANKNIFTY31JUL2548600PE.NFO,2025-06-30,13:24:00,2025-07-31,11.05,11.05,11.05,11.05,0,2485,0
BANKNIFTY31JUL2548600PE.NFO,2025-06-30,13:25:00,2025-07-31,11.05,11.05,11.05,11.05,0,2485,0
BANKNIFTY31JUL2548600PE.NFO,2025-06-30,13:26:00,2025-07-31,11.05,11.05,11.05,11.05,0,2485,0
BANKNIFTY31JUL2548600PE.NFO,2025-06-30,13:27:00,2025-07-31,12.5,12.5,11.05,11.05,525,2870,0
BANKNIFTY31JUL2548600PE.NFO,2025-06-30,13:28:00,2025-07-31,11.05,11.05,11.05,11.05,0,2870,0
BANKNIFTY31JUL2548600PE.NFO,2025-06-30,13:29:00,2025-07-31,11.05,11.05,11.05,11.05,0,2870,0
BANKNIFTY31JUL2548600PE.NFO,2025-06-30,13:30:00,2025-07-31,10.7,10.7,10.35,10.35,35,3045,0
BANKNIFTY31JUL2548600PE.NFO,2025-06-30,13:31:00,2025-07-31,10.35,10.35,10.35,10.35,0,3045,0
BANKNIFTY31JUL2548600PE.NFO,2025-06-30,13:32:00,2025-07-31,10.35,10.35,10.35,10.35,0,3045,0
BANKNIFTY31JUL2548600PE.NFO,2025-06-30,13:33:00,2025-07-31,10.35,12.8,10.35,12.8,490,3080,0
BANKNIFTY31JUL2548600PE.NFO,2025-06-30,13:34:00,2025-07-31,12.8,12.8,12.8,12.8,0,3080,0
BANKNIFTY31JUL2548600PE.NFO,2025-06-30,13:35:00,2025-07-31,12.8,12.8,10.75,10.75,70,3220,0
BANKNIFTY31JUL2548600PE.NFO,2025-06-30,13:36:00,2025-07-31,10.75,11.05,10.75,11.05,35,3220,0
BANKNIFTY31JUL2548600PE.NFO,2025-06-30,13:37:00,2025-07-31,11.05,11.05,11.0,11.05,770,3290,0
BANKNIFTY31JUL2548600PE.NFO,2025-06-30,13:38:00,2025-07-31,11.05,11.05,11.05,11.05,35,3290,0
BANKNIFTY31JUL2548600PE.NFO,2025-06-30,13:39:00,2025-07-31,11.05,11.05,11.05,11.05,0,3290,0
BANKNIFTY31JUL2548600PE.NFO,2025-06-30,13:40:00,2025-07-31,11.05,11.05,11.05,11.05,0,3290,0
BANKNIFTY31JUL2548600PE.NFO,2025-06-30,13:41:00,2025-07-31,11.05,11.05,11.05,11.05,0,3290,0
BANKNIFTY31JUL2548600PE.NFO,2025-06-30,13:42:00,2025-07-31,11.05,11.05,11.05,11.05,0,3290,0
BANKNIFTY31JUL2548600PE.NFO,2025-06-30,13:43:00,2025-07-31,12.15,12.15,11.05,11.05,245,3920,0
BANKNIFTY31JUL2548600PE.NFO,2025-06-30,13:44:00,2025-07-31,11.05,11.65,11.05,11.6,700,3920,0
BANKNIFTY31JUL2548600PE.NFO,2025-06-30,13:45:00,2025-07-31,11.6,11.6,11.6,11.6,0,3920,0
BANKNIFTY31JUL2548600PE.NFO,2025-06-30,13:46:00,2025-07-31,11.6,11.6,11.6,11.6,0,3920,0
BANKNIFTY31JUL2548600PE.NFO,2025-06-30,13:47:00,2025-07-31,11.0,11.0,10.35,10.35,910,4375,0
BANKNIFTY31JUL2548600PE.NFO,2025-06-30,13:48:00,2025-07-31,10.35,11.0,10.35,11.0,525,4375,0
BANKNIFTY31JUL2548600PE.NFO,2025-06-30,13:49:00,2025-07-31,11.0,11.0,11.0,11.0,0,4375,0
BANKNIFTY31JUL2548600PE.NFO,2025-06-30,13:50:00,2025-07-31,11.0,11.2,11.0,11.0,140,4165,0
BANKNIFTY31JUL2548600PE.NFO,2025-06-30,13:51:00,2025-07-31,11.0,11.1,11.0,11.1,0,4165,0
BANKNIFTY31JUL2548600PE.NFO,2025-06-30,13:52:00,2025-07-31,11.1,11.1,11.1,11.1,35,4165,0
BANKNIFTY31JUL2548600PE.NFO,2025-06-30,13:53:00,2025-07-31,11.1,11.1,11.1,11.1,0,4165,0
BANKNIFTY31JUL2548600PE.NFO,2025-06-30,13:54:00,2025-07-31,11.1,11.25,11.1,11.25,70,4200,0
BANKNIFTY31JUL2548600PE.NFO,2025-06-30,13:55:00,2025-07-31,11.25,11.25,11.25,11.25,35,4200,0
BANKNIFTY31JUL2548600PE.NFO,2025-06-30,13:56:00,2025-07-31,11.25,11.25,11.25,11.25,0,4200,0
BANKNIFTY31JUL2548600PE.NFO,2025-06-30,13:57:00,2025-07-31,11.25,11.25,11.25,11.25,0,4200,0
BANKNIFTY31JUL2548600PE.NFO,2025-06-30,13:58:00,2025-07-31,11.25,11.25,11.25,11.25,0,4200,0
BANKNIFTY31JUL2548600PE.NFO,2025-06-30,13:59:00,2025-07-31,11.25,11.25,11.0,11.0,0,4200,0
BANKNIFTY31JUL2548600PE.NFO,2025-06-30,14:00:00,2025-07-31,11.0,11.0,11.0,11.0,70,4200,0
BANKNIFTY31JUL2548600PE.NFO,2025-06-30,14:01:00,2025-07-31,11.0,11.0,11.0,11.0,0,4200,0
BANKNIFTY31JUL2548600PE.NFO,2025-06-30,14:02:00,2025-07-31,11.0,11.0,11.0,11.0,0,4200,0
BANKNIFTY31JUL2548600PE.NFO,2025-06-30,14:03:00,2025-07-31,11.0,11.0,10.8,10.8,280,4165,0
BANKNIFTY31JUL2548600PE.NFO,2025-06-30,14:04:00,2025-07-31,10.8,10.8,10.8,10.8,0,4165,0
BANKNIFTY31JUL2548600PE.NFO,2025-06-30,14:05:00,2025-07-31,10.8,10.8,10.8,10.8,0,4165,0
BANKNIFTY31JUL2548600PE.NFO,2025-06-30,14:06:00,2025-07-31,10.8,10.8,10.8,10.8,0,4165,1
BANKNIFTY31JUL2548600PE.NFO,2025-06-30,14:07:00,2025-07-31,10.8,10.8,10.8,10.8,0,4165,0
BANKNIFTY31JUL2548600PE.NFO,2025-06-30,14:08:00,2025-07-31,10.8,10.8,10.8,10.8,0,4165,0
BANKNIFTY31JUL2548600PE.NFO,2025-06-30,14:09:00,2025-07-31,10.8,10.8,10.8,10.8,0,4165,0
BANKNIFTY31JUL2548600PE.NFO,2025-06-30,14:10:00,2025-07-31,10.8,10.8,10.8,10.8,0,4165,1
BANKNIFTY31JUL2548600PE.NFO,2025-06-30,14:11:00,2025-07-31,10.8,10.8,10.8,10.8,0,4165,0
BANKNIFTY31JUL2548600PE.NFO,2025-06-30,14:12:00,2025-07-31,10.8,10.8,10.8,10.8,0,4165,0
BANKNIFTY31JUL2548600PE.NFO,2025-06-30,14:13:00,2025-07-31,10.8,10.8,10.8,10.8,0,4165,0
BANKNIFTY31JUL2548600PE.NFO,2025-06-30,14:14:00,2025-07-31,10.8,10.8,10.8,10.8,0,4165,1
BANKNIFTY31JUL2548600PE.NFO,2025-06-30,14:15:00,2025-07-31,10.8,10.8,10.8,10.8,0,4165,1
BANKNIFTY31JUL2548600PE.NFO,2025-06-30,14:16:00,2025-07-31,10.8,10.8,10.8,10.8,0,4165,0
BANKNIFTY31JUL2548600PE.NFO,2025-06-30,14:17:00,2025-07-31,10.8,10.8,10.8,10.8,0,4165,0
BANKNIFTY31JUL2548600PE.NFO,2025-06-30,14:18:00,2025-07-31,10.8,10.8,10.8,10.8,0,4165,0
BANKNIFTY31JUL2548600PE.NFO,2025-06-30,14:19:00,2025-07-31,10.8,10.8,10.8,10.8,0,4165,0
BANKNIFTY31JUL2548600PE.NFO,2025-06-30,14:20:00,2025-07-31,10.45,10.45,10.45,10.45,210,4165,0
BANKNIFTY31JUL2548600PE.NFO,2025-06-30,14:21:00,2025-07-31,10.45,10.45,10.45,10.45,0,4165,0
BANKNIFTY31JUL2548600PE.NFO,2025-06-30,14:22:00,2025-07-31,10.45,10.45,10.45,10.45,0,4165,1
BANKNIFTY31JUL2548600PE.NFO,2025-06-30,14:23:00,2025-07-31,10.45,10.45,10.45,10.45,0,4165,0
BANKNIFTY31JUL2548600PE.NFO,2025-06-30,14:24:00,2025-07-31,10.45,10.45,10.45,10.45,0,4165,0
BANKNIFTY31JUL2548600PE.NFO,2025-06-30,14:25:00,2025-07-31,10.45,10.45,10.45,10.45,0,4165,1
BANKNIFTY31JUL2548600PE.NFO,2025-06-30,14:26:00,2025-07-31,10.45,10.45,10.45,10.45,0,4165,1
BANKNIFTY31JUL2548600PE.NFO,2025-06-30,14:27:00,2025-07-31,10.45,10.45,10.45,10.45,0,4165,1
BANKNIFTY31JUL2548600PE.NFO,2025-06-30,14:28:00,2025-07-31,10.45,10.45,10.45,10.45,0,4165,1
BANKNIFTY31JUL2548600PE.NFO,2025-06-30,14:29:00,2025-07-31,10.45,10.45,10.45,10.45,0,4165,1
BANKNIFTY31JUL2548600PE.NFO,2025-06-30,14:30:00,2025-07-31,10.45,10.45,10.45,10.45,0,4165,0
BANKNIFTY31JUL2548600PE.NFO,2025-06-30,14:31:00,2025-07-31,10.45,10.45,10.45,10.45,0,4165,0
BANKNIFTY31JUL2548600PE.NFO,2025-06-30,14:32:00,2025-07-31,10.45,10.45,10.45,10.45,0,4165,0
BANKNIFTY31JUL2548600PE.NFO,2025-06-30,14:33:00,2025-07-31,10.45,10.45,10.45,10.45,0,4165,1
BANKNIFTY31JUL2548600PE.NFO,2025-06-30,14:34:00,2025-07-31,10.45,10.45,10.45,10.45,0,4165,0
BANKNIFTY31JUL2548600PE.NFO,2025-06-30,14:35:00,2025-07-31,11.45,11.45,11.45,11.45,350,4060,0
BANKNIFTY31JUL2548600PE.NFO,2025-06-30,14:36:00,2025-07-31,11.45,11.45,11.45,11.45,0,4060,0
BANKNIFTY31JUL2548600PE.NFO,2025-06-30,14:37:00,2025-07-31,11.45,11.45,11.45,11.45,0,4060,0
BANKNIFTY31JUL2548600PE.NFO,2025-06-30,14:38:00,2025-07-31,11.45,11.45,11.45,11.45,0,4060,1
BANKNIFTY31JUL2548600PE.NFO,2025-06-30,14:39:00,2025-07-31,11.45,11.45,11.45,11.45,0,4060,0
BANKNIFTY31JUL2548600PE.NFO,2025-06-30,14:40:00,2025-07-31,11.45,11.45,11.45,11.45,0,4060,1
BANKNIFTY31JUL2548600PE.NFO,2025-06-30,14:41:00,2025-07-31,11.45,11.45,11.45,11.45,0,4060,0
BANKNIFTY31JUL2548600PE.NFO,2025-06-30,14:42:00,2025-07-31,11.45,11.45,11.45,11.45,0,4060,1
BANKNIFTY31JUL2548600PE.NFO,2025-06-30,14:43:00,2025-07-31,11.45,11.45,11.45,11.45,0,4060,0
BANKNIFTY31JUL2548600PE.NFO,2025-06-30,14:44:00,2025-07-31,11.45,11.45,11.45,11.45,0,4060,0
BANKNIFTY31JUL2548600PE.NFO,2025-06-30,14:45:00,2025-07-31,11.45,11.45,11.45,11.45,0,4060,0
BANKNIFTY31JUL2548600PE.NFO,2025-06-30,14:46:00,2025-07-31,11.45,11.45,11.45,11.45,0,4060,1
BANKNIFTY31JUL2548600PE.NFO,2025-06-30,14:47:00,2025-07-31,11.45,11.45,11.45,11.45,0,4060,1
BANKNIFTY31JUL2548600PE.NFO,2025-06-30,14:48:00,2025-07-31,11.45,11.45,11.45,11.45,0,4060,0
BANKNIFTY31JUL2548600PE.NFO,2025-06-30,14:49:00,2025-07-31,11.45,11.45,11.45,11.45,0,4060,0
BANKNIFTY31JUL2548600PE.NFO,2025-06-30,14:50:00,2025-07-31,11.45,11.45,11.45,11.45,0,4060,0
BANKNIFTY31JUL2548600PE.NFO,2025-06-30,14:51:00,2025-07-31,11.45,11.45,11.45,11.45,0,4060,0
BANKNIFTY31JUL2548600PE.NFO,2025-06-30,14:52:00,2025-07-31,11.45,11.45,11.45,11.45,0,4060,0
BANKNIFTY31JUL2548600PE.NFO,2025-06-30,14:53:00,2025-07-31,11.45,11.45,11.45,11.45,0,4060,1
BANKNIFTY31JUL2548600PE.NFO,2025-06-30,14:54:00,2025-07-31,11.45,11.45,11.45,11.45,0,4060,0
BANKNIFTY31JUL2548600PE.NFO,2025-06-30,14:55:00,2025-07-31,11.45,11.45,11.45,11.45,0,4060,0
BANKNIFTY31JUL2548600PE.NFO,2025-06-30,14:56:00,2025-07-31,11.45,11.45,11.45,11.45,0,4060,0
BANKNIFTY31JUL2548600PE.NFO,2025-06-30,14:57:00,2025-07-31,11.45,11.45,11.45,11.45,0,4060,0
BANKNIFTY31JUL2548600PE.NFO,2025-06-30,14:58:00,2025-07-31,11.45,11.45,11.45,11.45,0,4060,0
BANKNIFTY31JUL2548600PE.NFO,2025-06-30,14:59:00,2025-07-31,11.45,11.45,11.45,11.45,0,4060,0
BANKNIFTY31JUL2548600PE.NFO,2025-06-30,15:00:00,2025-07-31,11.45,11.45,11.45,11.45,0,4060,0
BANKNIFTY31JUL2548600PE.NFO,2025-06-30,15:01:00,2025-07-31,11.45,11.45,10.75,10.75,35,4410,0
BANKNIFTY31JUL2548600PE.NFO,2025-06-30,15:02:00,2025-07-31,10.75,11.0,10.75,11.0,875,4410,0
BANKNIFTY31JUL2548600PE.NFO,2025-06-30,15:03:00,2025-07-31,11.0,11.0,11.0,11.0,0,4410,0
BANKNIFTY31JUL2548600PE.NFO,2025-06-30,15:04:00,2025-07-31,11.0,11.0,11.0,11.0,0,4410,0
BANKNIFTY31JUL2548600PE.NFO,2025-06-30,15:05:00,2025-07-31,11.0,11.0,10.85,10.85,35,4970,0
BANKNIFTY31JUL2548600PE.NFO,2025-06-30,15:06:00,2025-07-31,10.85,10.85,10.85,10.85,35,4970,0
BANKNIFTY31JUL2548600PE.NFO,2025-06-30,15:07:00,2025-07-31,10.8,10.8,10.75,10.75,105,4970,0
BANKNIFTY31JUL2548600PE.NFO,2025-06-30,15:08:00,2025-07-31,10.75,10.75,10.75,10.75,0,4970,0
BANKNIFTY31JUL2548600PE.NFO,2025-06-30,15:09:00,2025-07-31,10.75,10.75,10.75,10.75,0,4970,0
BANKNIFTY31JUL2548600PE.NFO,2025-06-30,15:10:00,2025-07-31,10.75,10.75,10.75,10.75,0,4970,0
BANKNIFTY31JUL2548600PE.NFO,2025-06-30,15:11:00,2025-07-31,10.75,10.8,10.75,10.8,35,4970,0
BANKNIFTY31JUL2548600PE.NFO,2025-06-30,15:12:00,2025-07-31,10.8,10.8,10.8,10.8,0,4970,0
BANKNIFTY31JUL2548600PE.NFO,2025-06-30,15:13:00,2025-07-31,10.8,10.8,10.8,10.8,0,4970,0
BANKNIFTY31JUL2548600PE.NFO,2025-06-30,15:14:00,2025-07-31,10.8,10.8,10.8,10.8,0,4970,0
BANKNIFTY31JUL2548600PE.NFO,2025-06-30,15:15:00,2025-07-31,10.8,10.8,10.8,10.8,0,4970,0
BANKNIFTY31JUL2548600PE.NFO,2025-06-30,15:16:00,2025-07-31,10.8,10.8,10.8,10.8,0,4970,0
BANKNIFTY31JUL2548600PE.NFO,2025-06-30,15:17:00,2025-07-31,10.8,10.8,10.8,10.8,0,4970,0
BANKNIFTY31JUL2548600PE.NFO,2025-06-30,15:18:00,2025-07-31,10.8,10.8,10.8,10.8,0,4970,0
BANKNIFTY31JUL2548600PE.NFO,2025-06-30,15:19:00,2025-07-31,10.8,10.8,10.8,10.8,0,4970,1
BANKNIFTY31JUL2548600PE.NFO,2025-06-30,15:20:00,2025-07-31,10.8,10.8,10.8,10.8,0,4970,0
BANKNIFTY31JUL2548600PE.NFO,2025-06-30,15:21:00,2025-07-31,10.8,10.8,10.8,10.8,0,4970,0
BANKNIFTY31JUL2548600PE.NFO,2025-06-30,15:22:00,2025-07-31,10.8,10.8,10.8,10.8,0,4970,1
BANKNIFTY31JUL2548600PE.NFO,2025-06-30,15:23:00,2025-07-31,10.8,10.8,10.8,10.8,0,4970,0
BANKNIFTY31JUL2548600PE.NFO,2025-06-30,15:24:00,2025-07-31,10.8,10.8,10.8,10.8,0,4970,0
BANKNIFTY31JUL2548600PE.NFO,2025-06-30,15:25:00,2025-07-31,10.8,10.8,9.65,10.2,0,4970,0
BANKNIFTY31JUL2548600PE.NFO,2025-06-30,15:26:00,2025-07-31,10.2,10.2,10.2,10.2,70,4970,0
BANKNIFTY31JUL2548600PE.NFO,2025-06-30,15:27:00,2025-07-31,10.2,10.2,10.05,10.05,70,4970,0
BANKNIFTY31JUL2548600PE.NFO,2025-06-30,15:28:00,2025-07-31,10.05,10.05,10.05,10.05,140,4970,0
BANKNIFTY31JUL2548600PE.NFO,2025-06-30,15:29:00,2025-07-31,10.05,10.05,10.05,10.05,0,4970,0
BANKNIFTY31JUL2548600PE.NFO,2025-06-30,15:30:00,2025-07-31,10.05,10.05,10.05,10.05,0,4970,1
BANKNIFTY31JUL2548600PE.NFO,2025-07-01,09:15:00,2025-07-31,12.7,12.7,12.7,12.7,0,0,0
BANKNIFTY31JUL2548600PE.NFO,2025-07-01,09:16:00,2025-07-31,12.7,12.7,12.7,12.7,0,4865,0
BANKNIFTY31JUL2548600PE.NFO,2025-07-01,09:17:00,2025-07-31,12.7,12.7,12.7,12.7,0,4865,0
BANKNIFTY31JUL2548600PE.NFO,2025-07-01,09:18:00,2025-07-31,12.7,12.7,12.7,12.7,0,4865,0
BANKNIFTY31JUL2548600PE.NFO,2025-07-01,09:19:00,2025-07-31,12.7,12.7,12.7,12.7,0,4865,0
BANKNIFTY31JUL2548600PE.NFO,2025-07-01,09:20:00,2025-07-31,12.7,12.7,12.7,12.7,0,4865,0
BANKNIFTY31JUL2548600PE.NFO,2025-07-01,09:21:00,2025-07-31,12.7,12.7,12.7,12.7,0,4865,0
BANKNIFTY31JUL2548600PE.NFO,2025-07-01,09:22:00,2025-07-31,12.7,12.7,12.7,12.7,0,4865,0
BANKNIFTY31JUL2548600PE.NFO,2025-07-01,09:23:00,2025-07-31,12.7,12.7,12.7,12.7,0,4865,0
BANKNIFTY31JUL2548600PE.NFO,2025-07-01,09:24:00,2025-07-31,12.7,12.7,12.5,12.5,35,5075,0
BANKNIFTY31JUL2548600PE.NFO,2025-07-01,09:25:00,2025-07-31,12.5,12.5,11.1,11.1,35,5110,0
BANKNIFTY31JUL2548600PE.NFO,2025-07-01,09:26:00,2025-07-31,11.1,11.1,11.1,11.1,0,5110,0
BANKNIFTY31JUL2548600PE.NFO,2025-07-01,09:27:00,2025-07-31,11.1,11.1,11.1,11.1,0,5110,0
BANKNIFTY31JUL2548600PE.NFO,2025-07-01,09:28:00,2025-07-31,11.1,11.1,11.1,11.1,0,5110,0
BANKNIFTY31JUL2548600PE.NFO,2025-07-01,09:29:00,2025-07-31,11.1,11.1,11.1,11.1,0,5110,0
BANKNIFTY31JUL2548600PE.NFO,2025-07-01,09:30:00,2025-07-31,11.9,11.9,9.8,10.35,280,5145,0
BANKNIFTY31JUL2548600PE.NFO,2025-07-01,09:31:00,2025-07-31,10.35,11.5,9.7,9.7,980,5145,0
BANKNIFTY31JUL2548600PE.NFO,2025-07-01,09:32:00,2025-07-31,9.7,10.45,9.7,9.8,140,5145,0
BANKNIFTY31JUL2548600PE.NFO,2025-07-01,09:33:00,2025-07-31,9.8,9.8,9.8,9.8,0,5145,0
BANKNIFTY31JUL2548600PE.NFO,2025-07-01,09:34:00,2025-07-31,9.8,9.8,9.8,9.8,0,5145,0
BANKNIFTY31JUL2548600PE.NFO,2025-07-01,09:35:00,2025-07-31,9.8,9.8,9.8,9.8,0,5145,0
BANKNIFTY31JUL2548600PE.NFO,2025-07-01,09:36:00,2025-07-31,9.8,9.8,9.8,9.8,0,5145,0
BANKNIFTY31JUL2548600PE.NFO,2025-07-01,09:37:00,2025-07-31,9.8,9.8,9.8,9.8,0,5145,0
BANKNIFTY31JUL2548600PE.NFO,2025-07-01,09:38:00,2025-07-31,9.8,9.8,9.8,9.8,0,5145,1
BANKNIFTY31JUL2548600PE.NFO,2025-07-01,09:39:00,2025-07-31,9.8,9.8,9.8,9.8,0,5145,0
BANKNIFTY31JUL2548600PE.NFO,2025-07-01,09:40:00,2025-07-31,11.5,11.5,11.5,11.5,35,5215,0
BANKNIFTY31JUL2548600PE.NFO,2025-07-01,09:41:00,2025-07-31,11.5,11.5,10.8,10.8,35,5215,0
BANKNIFTY31JUL2548600PE.NFO,2025-07-01,09:42:00,2025-07-31,10.8,10.8,10.8,10.8,0,5215,0
BANKNIFTY31JUL2548600PE.NFO,2025-07-01,09:43:00,2025-07-31,10.8,10.8,10.8,10.8,0,5215,0
BANKNIFTY31JUL2548600PE.NFO,2025-07-01,09:44:00,2025-07-31,10.8,10.8,10.8,10.8,0,5215,0
BANKNIFTY31JUL2548600PE.NFO,2025-07-01,09:45:00,2025-07-31,10.8,10.8,10.8,10.8,0,5215,0
BANKNIFTY31JUL2548600PE.NFO,2025-07-01,09:46:00,2025-07-31,10.8,10.8,10.8,10.8,0,5215,0
BANKNIFTY31JUL2548600PE.NFO,2025-07-01,09:47:00,2025-07-31,10.8,10.8,10.8,10.8,0,5215,0
BANKNIFTY31JUL2548600PE.NFO,2025-07-01,09:48:00,2025-07-31,10.8,10.8,10.8,10.8,0,5215,0
BANKNIFTY31JUL2548600PE.NFO,2025-07-01,09:49:00,2025-07-31,10.8,10.8,10.8,10.8,0,5215,0
BANKNIFTY31JUL2548600PE.NFO,2025-07-01,09:50:00,2025-07-31,10.8,10.8,10.2,10.2,35,5250,0
BANKNIFTY31JUL2548600PE.NFO,2025-07-01,09:51:00,2025-07-31,10.2,10.2,10.2,10.2,0,5250,0
BANKNIFTY31JUL2548600PE.NFO,2025-07-01,09:52:00,2025-07-31,10.2,10.5,10.2,10.5,35,5285,0
BANKNIFTY31JUL2548600PE.NFO,2025-07-01,09:53:00,2025-07-31,10.5,10.5,10.5,10.5,0,5285,0
BANKNIFTY31JUL2548600PE.NFO,2025-07-01,09:54:00,2025-07-31,10.5,10.5,10.5,10.5,0,5285,0
BANKNIFTY31JUL2548600PE.NFO,2025-07-01,09:55:00,2025-07-31,10.5,10.5,10.5,10.5,0,5285,0
BANKNIFTY31JUL2548600PE.NFO,2025-07-01,09:56:00,2025-07-31,10.5,10.5,10.5,10.5,0,5285,0
BANKNIFTY31JUL2548600PE.NFO,2025-07-01,09:57:00,2025-07-31,11.0,11.0,11.0,11.0,70,5285,0
BANKNIFTY31JUL2548600PE.NFO,2025-07-01,09:58:00,2025-07-31,11.0,11.0,11.0,11.0,0,5285,0
BANKNIFTY31JUL2548600PE.NFO,2025-07-01,09:59:00,2025-07-31,11.0,11.0,11.0,11.0,0,5285,0
BANKNIFTY31JUL2548600PE.NFO,2025-07-01,10:00:00,2025-07-31,11.0,11.0,11.0,11.0,0,5285,0
BANKNIFTY31JUL2548600PE.NFO,2025-07-01,10:01:00,2025-07-31,11.0,11.0,11.0,11.0,0,5285,0
BANKNIFTY31JUL2548600PE.NFO,2025-07-01,10:02:00,2025-07-31,11.0,11.0,11.0,11.0,0,5285,0
BANKNIFTY31JUL2548600PE.NFO,2025-07-01,10:03:00,2025-07-31,11.0,11.0,11.0,11.0,0,5285,0
BANKNIFTY31JUL2548600PE.NFO,2025-07-01,10:04:00,2025-07-31,11.0,11.0,11.0,11.0,0,5285,0
BANKNIFTY31JUL2548600PE.NFO,2025-07-01,10:05:00,2025-07-31,11.0,11.0,11.0,11.0,0,5285,0
BANKNIFTY31JUL2548600PE.NFO,2025-07-01,10:06:00,2025-07-31,11.0,11.0,11.0,11.0,0,5285,0
BANKNIFTY31JUL2548600PE.NFO,2025-07-01,10:07:00,2025-07-31,11.0,11.0,11.0,11.0,0,5285,0
BANKNIFTY31JUL2548600PE.NFO,2025-07-01,10:08:00,2025-07-31,11.0,11.0,11.0,11.0,0,5285,0
BANKNIFTY31JUL2548600PE.NFO,2025-07-01,10:09:00,2025-07-31,11.0,11.0,11.0,11.0,0,5285,0
BANKNIFTY31JUL2548600PE.NFO,2025-07-01,10:10:00,2025-07-31,11.0,11.0,11.0,11.0,0,5285,0
BANKNIFTY31JUL2548600PE.NFO,2025-07-01,10:11:00,2025-07-31,11.0,11.0,11.0,11.0,0,5285,0
BANKNIFTY31JUL2548600PE.NFO,2025-07-01,10:12:00,2025-07-31,11.0,11.0,11.0,11.0,0,5285,0
BANKNIFTY31JUL2548600PE.NFO,2025-07-01,10:13:00,2025-07-31,11.0,11.0,11.0,11.0,0,5285,0
BANKNIFTY31JUL2548600PE.NFO,2025-07-01,10:14:00,2025-07-31,11.0,11.9,11.0,11.9,0,5215,0
BANKNIFTY31JUL2548600PE.NFO,2025-07-01,10:15:00,2025-07-31,11.9,11.9,11.9,11.9,35,5215,0
BANKNIFTY31JUL2548600PE.NFO,2025-07-01,10:16:00,2025-07-31,11.9,11.9,11.9,11.9,0,5215,0
BANKNIFTY31JUL2548600PE.NFO,2025-07-01,10:17:00,2025-07-31,11.9,11.9,11.9,11.9,0,5215,0
BANKNIFTY31JUL2548600PE.NFO,2025-07-01,10:18:00,2025-07-31,11.9,11.9,11.9,11.9,0,5215,0
BANKNIFTY31JUL2548600PE.NFO,2025-07-01,10:19:00,2025-07-31,11.9,11.9,11.9,11.9,0,5215,0
BANKNIFTY31JUL2548600PE.NFO,2025-07-01,10:20:00,2025-07-31,11.9,11.9,11.0,11.0,0,5250,0
BANKNIFTY31JUL2548600PE.NFO,2025-07-01,10:21:00,2025-07-31,11.0,11.0,11.0,11.0,35,5250,0
BANKNIFTY31JUL2548600PE.NFO,2025-07-01,10:22:00,2025-07-31,11.0,11.0,11.0,11.0,0,5250,0
BANKNIFTY31JUL2548600PE.NFO,2025-07-01,10:23:00,2025-07-31,11.0,11.0,11.0,11.0,0,5250,0
BANKNIFTY31JUL2548600PE.NFO,2025-07-01,10:24:00,2025-07-31,11.0,11.0,11.0,11.0,0,5250,0
BANKNIFTY31JUL2548600PE.NFO,2025-07-01,10:25:00,2025-07-31,11.0,11.0,11.0,11.0,0,5250,0
BANKNIFTY31JUL2548600PE.NFO,2025-07-01,10:26:00,2025-07-31,11.0,11.0,11.0,11.0,0,5250,0
BANKNIFTY31JUL2548600PE.NFO,2025-07-01,10:27:00,2025-07-31,11.0,11.0,11.0,11.0,0,5250,0
BANKNIFTY31JUL2548600PE.NFO,2025-07-01,10:28:00,2025-07-31,11.0,11.0,11.0,11.0,0,5250,0
BANKNIFTY31JUL2548600PE.NFO,2025-07-01,10:29:00,2025-07-31,11.0,11.0,11.0,11.0,0,5250,0
BANKNIFTY31JUL2548600PE.NFO,2025-07-01,10:30:00,2025-07-31,11.0,11.0,11.0,11.0,0,5250,0
BANKNIFTY31JUL2548600PE.NFO,2025-07-01,10:31:00,2025-07-31,11.0,11.0,10.8,10.8,35,5215,0
BANKNIFTY31JUL2548600PE.NFO,2025-07-01,10:32:00,2025-07-31,10.8,11.6,10.8,11.6,35,5215,0
BANKNIFTY31JUL2548600PE.NFO,2025-07-01,10:33:00,2025-07-31,11.6,11.6,11.6,11.6,0,5215,0
BANKNIFTY31JUL2548600PE.NFO,2025-07-01,10:34:00,2025-07-31,11.6,12.55,11.6,12.3,350,5180,0
BANKNIFTY31JUL2548600PE.NFO,2025-07-01,10:35:00,2025-07-31,12.3,12.3,12.3,12.3,0,5180,0
BANKNIFTY31JUL2548600PE.NFO,2025-07-01,10:36:00,2025-07-31,12.3,12.3,12.3,12.3,0,5180,0
BANKNIFTY31JUL2548600PE.NFO,2025-07-01,10:37:00,2025-07-31,12.3,12.3,12.3,12.3,0,5180,0
BANKNIFTY31JUL2548600PE.NFO,2025-07-01,10:38:00,2025-07-31,12.3,12.3,12.3,12.3,0,5180,0
BANKNIFTY31JUL2548600PE.NFO,2025-07-01,10:39:00,2025-07-31,12.3,12.3,12.3,12.3,0,5180,0
BANKNIFTY31JUL2548600PE.NFO,2025-07-01,10:40:00,2025-07-31,12.3,12.3,12.3,12.3,0,5180,0
BANKNIFTY31JUL2548600PE.NFO,2025-07-01,10:41:00,2025-07-31,12.3,12.3,12.3,12.3,0,5180,0
BANKNIFTY31JUL2548600PE.NFO,2025-07-01,10:42:00,2025-07-31,12.3,12.3,12.3,12.3,0,5180,0
BANKNIFTY31JUL2548600PE.NFO,2025-07-01,10:43:00,2025-07-31,12.3,12.3,12.3,12.3,0,5180,0
BANKNIFTY31JUL2548600PE.NFO,2025-07-01,10:44:00,2025-07-31,12.3,12.3,12.3,12.3,0,5180,0
BANKNIFTY31JUL2548600PE.NFO,2025-07-01,10:45:00,2025-07-31,12.3,12.3,12.3,12.3,0,5180,0
BANKNIFTY31JUL2548600PE.NFO,2025-07-01,10:46:00,2025-07-31,12.3,12.3,12.3,12.3,0,5180,0
BANKNIFTY31JUL2548600PE.NFO,2025-07-01,10:47:00,2025-07-31,12.3,12.3,12.3,12.3,0,5180,0
BANKNIFTY31JUL2548600PE.NFO,2025-07-01,10:48:00,2025-07-31,12.3,12.3,12.3,12.3,70,5180,0
BANKNIFTY31JUL2548600PE.NFO,2025-07-01,10:49:00,2025-07-31,12.3,12.5,12.3,12.45,175,5180,0
BANKNIFTY31JUL2548600PE.NFO,2025-07-01,10:50:00,2025-07-31,12.45,12.45,11.25,12.35,315,5180,0
BANKNIFTY31JUL2548600PE.NFO,2025-07-01,10:51:00,2025-07-31,12.35,12.35,12.35,12.35,0,5180,0
BANKNIFTY31JUL2548600PE.NFO,2025-07-01,10:52:00,2025-07-31,12.35,12.35,12.35,12.35,0,5180,0
BANKNIFTY31JUL2548600PE.NFO,2025-07-01,10:53:00,2025-07-31,12.35,12.35,12.35,12.35,0,5180,0
BANKNIFTY31JUL2548600PE.NFO,2025-07-01,10:54:00,2025-07-31,12.35,12.35,12.35,12.35,0,5180,0
BANKNIFTY31JUL2548600PE.NFO,2025-07-01,10:55:00,2025-07-31,12.35,12.35,12.35,12.35,0,5180,0
BANKNIFTY31JUL2548600PE.NFO,2025-07-01,10:56:00,2025-07-31,12.5,12.5,12.5,12.5,175,4830,0
BANKNIFTY31JUL2548600PE.NFO,2025-07-01,10:57:00,2025-07-31,12.5,12.5,12.5,12.5,175,4830,1
BANKNIFTY31JUL2548600PE.NFO,2025-07-01,10:58:00,2025-07-31,12.5,12.5,12.5,12.5,0,4830,0
BANKNIFTY31JUL2548600PE.NFO,2025-07-01,10:59:00,2025-07-31,12.5,12.5,12.5,12.5,0,4830,1
BANKNIFTY31JUL2548600PE.NFO,2025-07-01,11:00:00,2025-07-31,12.5,12.5,12.5,12.5,0,4830,1
BANKNIFTY31JUL2548600PE.NFO,2025-07-01,11:01:00,2025-07-31,12.5,12.5,12.5,12.5,0,4830,0
BANKNIFTY31JUL2548600PE.NFO,2025-07-01,11:02:00,2025-07-31,12.5,12.5,12.5,12.5,0,4830,1
BANKNIFTY31JUL2548600PE.NFO,2025-07-01,11:03:00,2025-07-31,12.7,12.7,12.7,12.7,245,4830,0
BANKNIFTY31JUL2548600PE.NFO,2025-07-01,11:04:00,2025-07-31,12.7,12.7,12.7,12.7,175,4585,0
BANKNIFTY31JUL2548600PE.NFO,2025-07-01,11:05:00,2025-07-31,12.7,12.7,12.55,12.55,0,4585,0
BANKNIFTY31JUL2548600PE.NFO,2025-07-01,11:06:00,2025-07-31,12.55,12.9,12.55,12.55,140,4585,0
BANKNIFTY31JUL2548600PE.NFO,2025-07-01,11:07:00,2025-07-31,12.55,12.55,12.35,12.35,35,4340,0
BANKNIFTY31JUL2548600PE.NFO,2025-07-01,11:08:00,2025-07-31,12.35,12.35,12.35,12.35,0,4340,0
BANKNIFTY31JUL2548600PE.NFO,2025-07-01,11:09:00,2025-07-31,12.35,12.35,12.35,12.35,0,4340,0
BANKNIFTY31JUL2548600PE.NFO,2025-07-01,11:10:00,2025-07-31,12.35,12.35,12.35,12.35,0,4340,0
BANKNIFTY31JUL2548600PE.NFO,2025-07-01,11:11:00,2025-07-31,12.35,12.35,12.35,12.35,0,4340,0
BANKNIFTY31JUL2548600PE.NFO,2025-07-01,11:12:00,2025-07-31,12.35,12.35,12.35,12.35,0,4340,0
BANKNIFTY31JUL2548600PE.NFO,2025-07-01,11:13:00,2025-07-31,12.35,12.35,12.35,12.35,0,4340,0
BANKNIFTY31JUL2548600PE.NFO,2025-07-01,11:14:00,2025-07-31,12.35,12.35,12.35,12.35,0,4340,0
BANKNIFTY31JUL2548600PE.NFO,2025-07-01,11:15:00,2025-07-31,12.35,12.35,12.35,12.35,0,4340,0
BANKNIFTY31JUL2548600PE.NFO,2025-07-01,11:16:00,2025-07-31,12.35,12.35,12.35,12.35,0,4340,0
BANKNIFTY31JUL2548600PE.NFO,2025-07-01,11:17:00,2025-07-31,12.35,12.35,12.35,12.35,35,4340,0
BANKNIFTY31JUL2548600PE.NFO,2025-07-01,11:18:00,2025-07-31,12.35,12.35,12.35,12.35,0,4340,0
BANKNIFTY31JUL2548600PE.NFO,2025-07-01,11:19:00,2025-07-31,12.35,12.35,12.35,12.35,0,4340,0
BANKNIFTY31JUL2548600PE.NFO,2025-07-01,11:20:00,2025-07-31,12.35,12.35,12.35,12.35,0,4340,0
BANKNIFTY31JUL2548600PE.NFO,2025-07-01,11:21:00,2025-07-31,12.35,12.35,12.35,12.35,0,4340,0
BANKNIFTY31JUL2548600PE.NFO,2025-07-01,11:22:00,2025-07-31,12.35,12.35,12.35,12.35,0,4340,0
BANKNIFTY31JUL2548600PE.NFO,2025-07-01,11:23:00,2025-07-31,12.35,12.35,12.35,12.35,0,4340,1
BANKNIFTY31JUL2548600PE.NFO,2025-07-01,11:24:00,2025-07-31,12.35,12.35,12.35,12.35,0,4340,0
BANKNIFTY31JUL2548600PE.NFO,2025-07-01,11:25:00,2025-07-31,12.35,12.35,12.35,12.35,0,4340,1
BANKNIFTY31JUL2548600PE.NFO,2025-07-01,11:26:00,2025-07-31,12.35,12.35,12.35,12.35,0,4340,1
BANKNIFTY31JUL2548600PE.NFO,2025-07-01,11:27:00,2025-07-31,12.35,12.35,12.35,12.35,0,4340,1
BANKNIFTY31JUL2548600PE.NFO,2025-07-01,11:28:00,2025-07-31,12.35,12.35,12.35,12.35,0,4340,1
BANKNIFTY31JUL2548600PE.NFO,2025-07-01,11:29:00,2025-07-31,12.35,12.35,12.35,12.35,0,4340,1
BANKNIFTY31JUL2548600PE.NFO,2025-07-01,11:30:00,2025-07-31,12.35,12.35,12.35,12.35,0,4340,1
BANKNIFTY31JUL2548600PE.NFO,2025-07-01,11:31:00,2025-07-31,12.35,12.35,12.35,12.35,0,4340,1
BANKNIFTY31JUL2548600PE.NFO,2025-07-01,11:32:00,2025-07-31,12.35,12.35,12.35,12.35,0,4340,0
BANKNIFTY31JUL2548600PE.NFO,2025-07-01,11:33:00,2025-07-31,13.15,13.15,13.15,13.15,105,4340,0
BANKNIFTY31JUL2548600PE.NFO,2025-07-01,11:34:00,2025-07-31,13.15,13.15,13.15,13.15,0,4340,0
BANKNIFTY31JUL2548600PE.NFO,2025-07-01,11:35:00,2025-07-31,13.15,13.15,13.15,13.15,0,4340,0
BANKNIFTY31JUL2548600PE.NFO,2025-07-01,11:36:00,2025-07-31,13.15,13.15,13.15,13.15,0,4340,0
BANKNIFTY31JUL2548600PE.NFO,2025-07-01,11:37:00,2025-07-31,13.15,13.15,13.15,13.15,0,4340,0
BANKNIFTY31JUL2548600PE.NFO,2025-07-01,11:38:00,2025-07-31,13.15,13.15,13.15,13.15,0,4340,0
BANKNIFTY31JUL2548600PE.NFO,2025-07-01,11:39:00,2025-07-31,13.15,13.95,13.15,13.95,35,4305,0
BANKNIFTY31JUL2548600PE.NFO,2025-07-01,11:40:00,2025-07-31,13.95,13.95,13.95,13.95,0,4305,0
BANKNIFTY31JUL2548600PE.NFO,2025-07-01,11:41:00,2025-07-31,13.95,13.95,13.95,13.95,0,4305,0
BANKNIFTY31JUL2548600PE.NFO,2025-07-01,11:42:00,2025-07-31,13.95,13.95,13.95,13.95,0,4305,0
BANKNIFTY31JUL2548600PE.NFO,2025-07-01,11:43:00,2025-07-31,13.95,13.95,13.95,13.95,0,4305,0
BANKNIFTY31JUL2548600PE.NFO,2025-07-01,11:44:00,2025-07-31,13.95,13.95,13.95,13.95,0,4305,0
BANKNIFTY31JUL2548600PE.NFO,2025-07-01,11:45:00,2025-07-31,13.95,13.95,13.95,13.95,0,4305,1
BANKNIFTY31JUL2548600PE.NFO,2025-07-01,11:46:00,2025-07-31,13.95,13.95,13.95,13.95,0,4305,1
BANKNIFTY31JUL2548600PE.NFO,2025-07-01,11:47:00,2025-07-31,13.8,13.8,12.75,12.75,70,4340,0
BANKNIFTY31JUL2548600PE.NFO,2025-07-01,11:48:00,2025-07-31,12.75,12.75,12.75,12.75,0,4340,0
BANKNIFTY31JUL2548600PE.NFO,2025-07-01,11:49:00,2025-07-31,12.75,12.75,12.75,12.75,0,4340,0
BANKNIFTY31JUL2548600PE.NFO,2025-07-01,11:50:00,2025-07-31,12.75,12.75,12.75,12.75,0,4340,0
BANKNIFTY31JUL2548600PE.NFO,2025-07-01,11:51:00,2025-07-31,12.75,12.75,12.75,12.75,0,4340,0
BANKNIFTY31JUL2548600PE.NFO,2025-07-01,11:52:00,2025-07-31,12.75,12.75,12.75,12.75,0,4340,0
BANKNIFTY31JUL2548600PE.NFO,2025-07-01,11:53:00,2025-07-31,12.75,12.75,12.75,12.75,0,4340,0
BANKNIFTY31JUL2548600PE.NFO,2025-07-01,11:54:00,2025-07-31,12.75,12.75,12.75,12.75,0,4340,0
BANKNIFTY31JUL2548600PE.NFO,2025-07-01,11:55:00,2025-07-31,12.75,12.75,12.75,12.75,0,4340,0
BANKNIFTY31JUL2548600PE.NFO,2025-07-01,11:56:00,2025-07-31,12.75,12.75,12.75,12.75,0,4340,0
BANKNIFTY31JUL2548600PE.NFO,2025-07-01,11:57:00,2025-07-31,12.75,12.75,12.75,12.75,0,4340,0
BANKNIFTY31JUL2548600PE.NFO,2025-07-01,11:58:00,2025-07-31,12.75,12.75,12.75,12.75,0,4340,0
BANKNIFTY31JUL2548600PE.NFO,2025-07-01,11:59:00,2025-07-31,12.75,12.75,12.75,12.75,0,4340,0
BANKNIFTY31JUL2548600PE.NFO,2025-07-01,12:00:00,2025-07-31,12.75,12.75,12.75,12.75,0,4340,0
BANKNIFTY31JUL2548600PE.NFO,2025-07-01,12:01:00,2025-07-31,12.75,12.75,12.75,12.75,0,4340,1
BANKNIFTY31JUL2548600PE.NFO,2025-07-01,12:02:00,2025-07-31,12.75,12.75,12.75,12.75,0,4340,0
BANKNIFTY31JUL2548600PE.NFO,2025-07-01,12:03:00,2025-07-31,13.75,13.75,13.0,13.0,70,4410,0
BANKNIFTY31JUL2548600PE.NFO,2025-07-01,12:04:00,2025-07-31,13.0,13.0,13.0,13.0,0,4410,0
BANKNIFTY31JUL2548600PE.NFO,2025-07-01,12:05:00,2025-07-31,13.0,13.0,12.65,12.65,175,4410,0
BANKNIFTY31JUL2548600PE.NFO,2025-07-01,12:06:00,2025-07-31,12.65,12.65,12.65,12.65,0,4410,0
BANKNIFTY31JUL2548600PE.NFO,2025-07-01,12:07:00,2025-07-31,12.65,12.65,12.65,12.65,0,4410,0
BANKNIFTY31JUL2548600PE.NFO,2025-07-01,12:08:00,2025-07-31,12.65,12.65,12.65,12.65,0,4410,0
BANKNIFTY31JUL2548600PE.NFO,2025-07-01,12:09:00,2025-07-31,12.65,12.65,11.7,11.7,35,4270,0
BANKNIFTY31JUL2548600PE.NFO,2025-07-01,12:10:00,2025-07-31,11.7,11.7,11.7,11.7,0,4270,0
BANKNIFTY31JUL2548600PE.NFO,2025-07-01,12:11:00,2025-07-31,11.7,11.7,11.7,11.7,0,4270,0
BANKNIFTY31JUL2548600PE.NFO,2025-07-01,12:12:00,2025-07-31,11.7,11.7,11.7,11.7,0,4270,0
BANKNIFTY31JUL2548600PE.NFO,2025-07-01,12:13:00,2025-07-31,11.7,11.7,11.7,11.7,0,4270,0
BANKNIFTY31JUL2548600PE.NFO,2025-07-01,12:14:00,2025-07-31,11.7,11.7,11.7,11.7,0,4270,0
BANKNIFTY31JUL2548600PE.NFO,2025-07-01,12:15:00,2025-07-31,11.7,11.7,11.7,11.7,0,4270,0
BANKNIFTY31JUL2548600PE.NFO,2025-07-01,12:16:00,2025-07-31,11.7,11.7,11.7,11.7,0,4270,0
BANKNIFTY31JUL2548600PE.NFO,2025-07-01,12:17:00,2025-07-31,11.7,11.7,11.7,11.7,0,4270,1
BANKNIFTY31JUL2548600PE.NFO,2025-07-01,12:18:00,2025-07-31,11.7,11.7,11.7,11.7,0,4270,0
BANKNIFTY31JUL2548600PE.NFO,2025-07-01,12:19:00,2025-07-31,11.7,11.7,11.7,11.7,0,4270,0
BANKNIFTY31JUL2548600PE.NFO,2025-07-01,12:20:00,2025-07-31,11.7,11.7,11.7,11.7,0,4270,0
BANKNIFTY31JUL2548600PE.NFO,2025-07-01,12:21:00,2025-07-31,11.7,11.7,11.7,11.7,0,4270,1
BANKNIFTY31JUL2548600PE.NFO,2025-07-01,12:22:00,2025-07-31,11.7,11.7,11.7,11.7,0,4270,0
BANKNIFTY31JUL2548600PE.NFO,2025-07-01,12:23:00,2025-07-31,11.7,11.7,11.7,11.7,0,4270,0
BANKNIFTY31JUL2548600PE.NFO,2025-07-01,12:24:00,2025-07-31,11.7,11.7,11.7,11.7,0,4270,0
BANKNIFTY31JUL2548600PE.NFO,2025-07-01,12:25:00,2025-07-31,11.7,11.7,11.7,11.7,0,4270,0
BANKNIFTY31JUL2548600PE.NFO,2025-07-01,12:26:00,2025-07-31,11.7,11.7,11.7,11.7,0,4270,0
BANKNIFTY31JUL2548600PE.NFO,2025-07-01,12:27:00,2025-07-31,11.7,11.7,11.7,11.7,0,4270,0
BANKNIFTY31JUL2548600PE.NFO,2025-07-01,12:28:00,2025-07-31,11.7,11.7,11.7,11.7,0,4270,0
BANKNIFTY31JUL2548600PE.NFO,2025-07-01,12:29:00,2025-07-31,11.7,11.7,11.7,11.7,0,4270,0
BANKNIFTY31JUL2548600PE.NFO,2025-07-01,12:30:00,2025-07-31,11.7,11.7,11.7,11.7,0,4270,1
BANKNIFTY31JUL2548600PE.NFO,2025-07-01,12:31:00,2025-07-31,11.7,11.7,11.7,11.7,0,4270,1
BANKNIFTY31JUL2548600PE.NFO,2025-07-01,12:32:00,2025-07-31,11.7,11.7,11.7,11.7,0,4270,1
BANKNIFTY31JUL2548600PE.NFO,2025-07-01,12:33:00,2025-07-31,11.7,11.7,11.7,11.7,0,4270,1
BANKNIFTY31JUL2548600PE.NFO,2025-07-01,12:34:00,2025-07-31,11.7,11.7,11.7,11.7,0,4270,0
BANKNIFTY31JUL2548600PE.NFO,2025-07-01,12:35:00,2025-07-31,11.7,11.7,11.7,11.7,0,4270,0
BANKNIFTY31JUL2548600PE.NFO,2025-07-01,12:36:00,2025-07-31,11.7,11.7,11.7,11.7,0,4270,0
BANKNIFTY31JUL2548600PE.NFO,2025-07-01,12:37:00,2025-07-31,11.7,11.7,11.7,11.7,0,4270,1
BANKNIFTY31JUL2548600PE.NFO,2025-07-01,12:38:00,2025-07-31,11.7,11.7,11.7,11.7,0,4270,1
BANKNIFTY31JUL2548600PE.NFO,2025-07-01,12:39:00,2025-07-31,11.7,11.7,11.7,11.7,0,4270,0
BANKNIFTY31JUL2548600PE.NFO,2025-07-01,12:40:00,2025-07-31,11.7,11.7,11.7,11.7,0,4270,0
BANKNIFTY31JUL2548600PE.NFO,2025-07-01,12:41:00,2025-07-31,11.7,11.7,11.7,11.7,0,4270,0
BANKNIFTY31JUL2548600PE.NFO,2025-07-01,12:42:00,2025-07-31,11.7,11.7,11.7,11.7,0,4270,0
BANKNIFTY31JUL2548600PE.NFO,2025-07-01,12:43:00,2025-07-31,11.7,11.7,11.7,11.7,0,4270,0
BANKNIFTY31JUL2548600PE.NFO,2025-07-01,12:44:00,2025-07-31,11.7,11.7,11.7,11.7,0,4270,1
BANKNIFTY31JUL2548600PE.NFO,2025-07-01,12:45:00,2025-07-31,11.7,11.7,11.7,11.7,0,4270,0
BANKNIFTY31JUL2548600PE.NFO,2025-07-01,12:46:00,2025-07-31,11.7,13.9,11.7,13.9,70,4235,0
BANKNIFTY31JUL2548600PE.NFO,2025-07-01,12:47:00,2025-07-31,13.9,13.9,13.9,13.9,0,4235,0
BANKNIFTY31JUL2548600PE.NFO,2025-07-01,12:48:00,2025-07-31,13.9,13.9,13.9,13.9,0,4235,0
BANKNIFTY31JUL2548600PE.NFO,2025-07-01,12:49:00,2025-07-31,13.9,13.9,13.9,13.9,0,4235,1
BANKNIFTY31JUL2548600PE.NFO,2025-07-01,12:50:00,2025-07-31,13.9,13.9,13.9,13.9,0,4235,1
BANKNIFTY31JUL2548600PE.NFO,2025-07-01,12:51:00,2025-07-31,13.9,13.9,13.9,13.9,0,4235,1
BANKNIFTY31JUL2548600PE.NFO,2025-07-01,12:52:00,2025-07-31,13.9,13.9,13.9,13.9,0,4235,0
BANKNIFTY31JUL2548600PE.NFO,2025-07-01,12:53:00,2025-07-31,13.9,13.9,13.9,13.9,0,4235,1
BANKNIFTY31JUL2548600PE.NFO,2025-07-01,12:54:00,2025-07-31,13.9,13.9,13.9,13.9,0,4235,1
BANKNIFTY31JUL2548600PE.NFO,2025-07-01,12:55:00,2025-07-31,12.25,13.6,12.25,13.2,350,4235,0
BANKNIFTY31JUL2548600PE.NFO,2025-07-01,12:56:00,2025-07-31,13.2,13.2,13.2,13.2,0,4235,0
BANKNIFTY31JUL2548600PE.NFO,2025-07-01,12:57:00,2025-07-31,13.2,13.2,13.2,13.2,0,4235,0
BANKNIFTY31JUL2548600PE.NFO,2025-07-01,12:58:00,2025-07-31,13.2,13.2,13.2,13.2,0,4235,0
BANKNIFTY31JUL2548600PE.NFO,2025-07-01,12:59:00,2025-07-31,13.2,13.2,13.2,13.2,0,4235,0
BANKNIFTY31JUL2548600PE.NFO,2025-07-01,13:00:00,2025-07-31,13.2,13.2,13.2,13.2,0,4235,1
BANKNIFTY31JUL2548600PE.NFO,2025-07-01,13:01:00,2025-07-31,13.2,13.2,13.2,13.2,0,4235,0
BANKNIFTY31JUL2548600PE.NFO,2025-07-01,13:02:00,2025-07-31,13.2,13.2,13.2,13.2,0,4235,1
BANKNIFTY31JUL2548600PE.NFO,2025-07-01,13:03:00,2025-07-31,13.2,13.2,13.2,13.2,0,4235,1
BANKNIFTY31JUL2548600PE.NFO,2025-07-01,13:04:00,2025-07-31,13.2,13.2,13.2,13.2,0,4235,0
BANKNIFTY31JUL2548600PE.NFO,2025-07-01,13:05:00,2025-07-31,13.2,13.2,13.2,13.2,0,4235,1
BANKNIFTY31JUL2548600PE.NFO,2025-07-01,13:06:00,2025-07-31,13.2,13.2,13.2,13.2,0,4235,0
BANKNIFTY31JUL2548600PE.NFO,2025-07-01,13:07:00,2025-07-31,13.2,13.2,13.2,13.2,0,4235,1
BANKNIFTY31JUL2548600PE.NFO,2025-07-01,13:08:00,2025-07-31,13.2,13.2,13.2,13.2,0,4235,1
BANKNIFTY31JUL2548600PE.NFO,2025-07-01,13:09:00,2025-07-31,13.2,13.2,13.2,13.2,0,4235,0
BANKNIFTY31JUL2548600PE.NFO,2025-07-01,13:10:00,2025-07-31,13.2,13.2,13.2,13.2,0,4235,1
BANKNIFTY31JUL2548600PE.NFO,2025-07-01,13:11:00,2025-07-31,13.2,13.2,13.2,13.2,0,4235,0
BANKNIFTY31JUL2548600PE.NFO,2025-07-01,13:12:00,2025-07-31,13.2,13.2,13.2,13.2,0,4235,0
BANKNIFTY31JUL2548600PE.NFO,2025-07-01,13:13:00,2025-07-31,13.2,13.2,13.2,13.2,0,4235,1
BANKNIFTY31JUL2548600PE.NFO,2025-07-01,13:14:00,2025-07-31,13.2,13.2,13.2,13.2,0,4235,0
BANKNIFTY31JUL2548600PE.NFO,2025-07-01,13:15:00,2025-07-31,13.55,13.95,13.55,13.95,350,3990,0
BANKNIFTY31JUL2548600PE.NFO,2025-07-01,13:16:00,2025-07-31,13.95,13.95,13.95,13.95,0,3990,0
BANKNIFTY31JUL2548600PE.NFO,2025-07-01,13:17:00,2025-07-31,13.95,13.95,13.95,13.95,0,3990,0
BANKNIFTY31JUL2548600PE.NFO,2025-07-01,13:18:00,2025-07-31,13.95,13.95,13.95,13.95,0,3990,0
BANKNIFTY31JUL2548600PE.NFO,2025-07-01,13:19:00,2025-07-31,13.95,13.95,13.95,13.95,0,3990,0
BANKNIFTY31JUL2548600PE.NFO,2025-07-01,13:20:00,2025-07-31,13.95,13.95,13.95,13.95,0,3990,1
BANKNIFTY31JUL2548600PE.NFO,2025-07-01,13:21:00,2025-07-31,13.95,13.95,13.95,13.95,0,3990,0
BANKNIFTY31JUL2548600PE.NFO,2025-07-01,13:22:00,2025-07-31,13.95,14.0,13.95,14.0,70,3745,0
BANKNIFTY31JUL2548600PE.NFO,2025-07-01,13:23:00,2025-07-31,14.0,14.0,14.0,14.0,0,3745,0
BANKNIFTY31JUL2548600PE.NFO,2025-07-01,13:24:00,2025-07-31,14.0,14.0,14.0,14.0,0,3745,0
BANKNIFTY31JUL2548600PE.NFO,2025-07-01,13:25:00,2025-07-31,14.0,14.0,14.0,14.0,0,3745,1
BANKNIFTY31JUL2548600PE.NFO,2025-07-01,13:26:00,2025-07-31,14.0,14.0,14.0,14.0,0,3745,0
BANKNIFTY31JUL2548600PE.NFO,2025-07-01,13:27:00,2025-07-31,14.0,14.0,14.0,14.0,0,3745,0
BANKNIFTY31JUL2548600PE.NFO,2025-07-01,13:28:00,2025-07-31,14.0,14.0,14.0,14.0,0,3745,0
BANKNIFTY31JUL2548600PE.NFO,2025-07-01,13:29:00,2025-07-31,14.0,14.0,14.0,14.0,0,3745,0
BANKNIFTY31JUL2548600PE.NFO,2025-07-01,13:30:00,2025-07-31,14.0,14.0,14.0,14.0,0,3745,0
BANKNIFTY31JUL2548600PE.NFO,2025-07-01,13:31:00,2025-07-31,14.0,14.0,14.0,14.0,0,3745,1
BANKNIFTY31JUL2548600PE.NFO,2025-07-01,13:32:00,2025-07-31,14.0,14.0,14.0,14.0,0,3745,1
BANKNIFTY31JUL2548600PE.NFO,2025-07-01,13:33:00,2025-07-31,14.0,14.0,14.0,14.0,0,3745,0
BANKNIFTY31JUL2548600PE.NFO,2025-07-01,13:34:00,2025-07-31,14.0,14.0,14.0,14.0,0,3745,0
BANKNIFTY31JUL2548600PE.NFO,2025-07-01,13:35:00,2025-07-31,14.0,14.0,14.0,14.0,0,3745,1
BANKNIFTY31JUL2548600PE.NFO,2025-07-01,13:36:00,2025-07-31,14.0,14.0,14.0,14.0,0,3745,0
BANKNIFTY31JUL2548600PE.NFO,2025-07-01,13:37:00,2025-07-31,14.0,14.0,14.0,14.0,0,3745,1
BANKNIFTY31JUL2548600PE.NFO,2025-07-01,13:38:00,2025-07-31,14.0,14.0,14.0,14.0,0,3745,0
BANKNIFTY31JUL2548600PE.NFO,2025-07-01,13:39:00,2025-07-31,14.0,14.0,14.0,14.0,0,3745,1
BANKNIFTY31JUL2548600PE.NFO,2025-07-01,13:40:00,2025-07-31,14.0,14.0,14.0,14.0,0,3745,0
BANKNIFTY31JUL2548600PE.NFO,2025-07-01,13:41:00,2025-07-31,14.0,14.0,14.0,14.0,0,3745,1
BANKNIFTY31JUL2548600PE.NFO,2025-07-01,13:42:00,2025-07-31,14.0,14.0,14.0,14.0,0,3745,0
BANKNIFTY31JUL2548600PE.NFO,2025-07-01,13:43:00,2025-07-31,14.0,14.0,14.0,14.0,0,3745,1
BANKNIFTY31JUL2548600PE.NFO,2025-07-01,13:44:00,2025-07-31,14.0,14.0,14.0,14.0,0,3745,0
BANKNIFTY31JUL2548600PE.NFO,2025-07-01,13:45:00,2025-07-31,14.0,14.0,14.0,14.0,0,3745,1
BANKNIFTY31JUL2548600PE.NFO,2025-07-01,13:46:00,2025-07-31,14.0,14.0,14.0,14.0,0,3745,0
BANKNIFTY31JUL2548600PE.NFO,2025-07-01,13:47:00,2025-07-31,14.0,14.0,14.0,14.0,0,3745,0
BANKNIFTY31JUL2548600PE.NFO,2025-07-01,13:48:00,2025-07-31,14.0,14.0,14.0,14.0,0,3745,0
BANKNIFTY31JUL2548600PE.NFO,2025-07-01,13:49:00,2025-07-31,14.0,14.0,14.0,14.0,0,3745,0
BANKNIFTY31JUL2548600PE.NFO,2025-07-01,13:50:00,2025-07-31,14.0,14.0,14.0,14.0,0,3745,1
BANKNIFTY31JUL2548600PE.NFO,2025-07-01,13:51:00,2025-07-31,14.0,14.0,14.0,14.0,0,3745,1
BANKNIFTY31JUL2548600PE.NFO,2025-07-01,13:52:00,2025-07-31,14.0,14.0,14.0,14.0,0,3745,0
BANKNIFTY31JUL2548600PE.NFO,2025-07-01,13:53:00,2025-07-31,14.0,14.95,14.0,14.95,35,3675,0
BANKNIFTY31JUL2548600PE.NFO,2025-07-01,13:54:00,2025-07-31,14.95,14.95,14.7,14.7,35,3675,0
BANKNIFTY31JUL2548600PE.NFO,2025-07-01,13:55:00,2025-07-31,14.7,14.7,14.7,14.7,0,3675,0
BANKNIFTY31JUL2548600PE.NFO,2025-07-01,13:56:00,2025-07-31,14.7,14.7,14.7,14.7,0,3675,0
BANKNIFTY31JUL2548600PE.NFO,2025-07-01,13:57:00,2025-07-31,14.7,14.7,14.7,14.7,0,3675,0
BANKNIFTY31JUL2548600PE.NFO,2025-07-01,13:58:00,2025-07-31,14.7,14.7,14.7,14.7,0,3675,1
BANKNIFTY31JUL2548600PE.NFO,2025-07-01,13:59:00,2025-07-31,14.7,14.7,14.7,14.7,0,3675,1
BANKNIFTY31JUL2548600PE.NFO,2025-07-01,14:00:00,2025-07-31,14.7,14.7,14.7,14.7,0,3675,0
BANKNIFTY31JUL2548600PE.NFO,2025-07-01,14:01:00,2025-07-31,14.7,14.7,14.7,14.7,0,3675,0
BANKNIFTY31JUL2548600PE.NFO,2025-07-01,14:02:00,2025-07-31,14.7,14.7,14.7,14.7,0,3675,1
BANKNIFTY31JUL2548600PE.NFO,2025-07-01,14:03:00,2025-07-31,14.7,14.7,14.7,14.7,0,3675,1
BANKNIFTY31JUL2548600PE.NFO,2025-07-01,14:04:00,2025-07-31,13.5,13.5,13.5,13.5,35,3710,0
BANKNIFTY31JUL2548600PE.NFO,2025-07-01,14:05:00,2025-07-31,13.5,13.5,13.5,13.5,0,3710,0
BANKNIFTY31JUL2548600PE.NFO,2025-07-01,14:06:00,2025-07-31,13.5,13.5,13.5,13.5,0,3710,0
BANKNIFTY31JUL2548600PE.NFO,2025-07-01,14:07:00,2025-07-31,13.5,13.5,13.5,13.5,0,3710,1
BANKNIFTY31JUL2548600PE.NFO,2025-07-01,14:08:00,2025-07-31,13.5,13.5,13.5,13.5,0,3710,1
BANKNIFTY31JUL2548600PE.NFO,2025-07-01,14:09:00,2025-07-31,13.5,13.5,13.5,13.5,0,3710,1
BANKNIFTY31JUL2548600PE.NFO,2025-07-01,14:10:00,2025-07-31,13.5,13.5,13.5,13.5,0,3710,1
BANKNIFTY31JUL2548600PE.NFO,2025-07-01,14:11:00,2025-07-31,13.5,13.5,13.5,13.5,0,3710,0
BANKNIFTY31JUL2548600PE.NFO,2025-07-01,14:12:00,2025-07-31,13.5,13.5,13.5,13.5,0,3710,1
BANKNIFTY31JUL2548600PE.NFO,2025-07-01,14:13:00,2025-07-31,13.5,13.5,13.5,13.5,0,3710,1
BANKNIFTY31JUL2548600PE.NFO,2025-07-01,14:14:00,2025-07-31,13.5,13.5,13.5,13.5,0,3710,1
BANKNIFTY31JUL2548600PE.NFO,2025-07-01,14:15:00,2025-07-31,13.5,13.5,13.5,13.5,0,3710,1
BANKNIFTY31JUL2548600PE.NFO,2025-07-01,14:16:00,2025-07-31,13.5,13.5,13.5,13.5,0,3710,1
BANKNIFTY31JUL2548600PE.NFO,2025-07-01,14:17:00,2025-07-31,13.5,13.5,13.5,13.5,0,3710,1
BANKNIFTY31JUL2548600PE.NFO,2025-07-01,14:18:00,2025-07-31,13.5,13.5,13.5,13.5,0,3710,1
BANKNIFTY31JUL2548600PE.NFO,2025-07-01,14:19:00,2025-07-31,13.5,13.5,13.5,13.5,0,3710,0
BANKNIFTY31JUL2548600PE.NFO,2025-07-01,14:20:00,2025-07-31,13.5,13.5,13.5,13.5,0,3710,0
BANKNIFTY31JUL2548600PE.NFO,2025-07-01,14:21:00,2025-07-31,13.5,13.5,13.5,13.5,0,3710,0
BANKNIFTY31JUL2548600PE.NFO,2025-07-01,14:22:00,2025-07-31,13.5,13.5,13.5,13.5,0,3710,1
BANKNIFTY31JUL2548600PE.NFO,2025-07-01,14:23:00,2025-07-31,13.5,13.5,13.5,13.5,0,3710,1
BANKNIFTY31JUL2548600PE.NFO,2025-07-01,14:24:00,2025-07-31,13.5,13.5,13.5,13.5,0,3710,1
BANKNIFTY31JUL2548600PE.NFO,2025-07-01,14:25:00,2025-07-31,13.5,13.5,13.5,13.5,0,3710,1
BANKNIFTY31JUL2548600PE.NFO,2025-07-01,14:26:00,2025-07-31,13.5,13.5,13.5,13.5,0,3710,1
BANKNIFTY31JUL2548600PE.NFO,2025-07-01,14:27:00,2025-07-31,13.5,13.5,13.5,13.5,0,3710,0
BANKNIFTY31JUL2548600PE.NFO,2025-07-01,14:28:00,2025-07-31,13.5,13.5,13.5,13.5,0,3710,1
BANKNIFTY31JUL2548600PE.NFO,2025-07-01,14:29:00,2025-07-31,13.5,13.5,13.5,13.5,0,3710,0
BANKNIFTY31JUL2548600PE.NFO,2025-07-01,14:30:00,2025-07-31,13.5,13.5,13.5,13.5,0,3710,1
BANKNIFTY31JUL2548600PE.NFO,2025-07-01,14:31:00,2025-07-31,13.5,13.5,13.5,13.5,0,3710,0
BANKNIFTY31JUL2548600PE.NFO,2025-07-01,14:32:00,2025-07-31,13.5,13.5,13.5,13.5,595,3675,0
BANKNIFTY31JUL2548600PE.NFO,2025-07-01,14:33:00,2025-07-31,13.5,13.5,13.5,13.5,595,3675,1
BANKNIFTY31JUL2548600PE.NFO,2025-07-01,14:34:00,2025-07-31,13.5,13.5,13.5,13.5,0,3675,0
BANKNIFTY31JUL2548600PE.NFO,2025-07-01,14:35:00,2025-07-31,13.5,13.5,13.5,13.5,0,3675,1
BANKNIFTY31JUL2548600PE.NFO,2025-07-01,14:36:00,2025-07-31,13.5,13.5,13.5,13.5,0,3675,0
BANKNIFTY31JUL2548600PE.NFO,2025-07-01,14:37:00,2025-07-31,13.5,13.5,13.5,13.5,0,3675,0
BANKNIFTY31JUL2548600PE.NFO,2025-07-01,14:38:00,2025-07-31,13.5,13.5,13.5,13.5,0,3675,0
BANKNIFTY31JUL2548600PE.NFO,2025-07-01,14:39:00,2025-07-31,13.5,13.5,13.5,13.5,0,3675,1
BANKNIFTY31JUL2548600PE.NFO,2025-07-01,14:40:00,2025-07-31,13.5,13.5,13.5,13.5,0,3675,0
BANKNIFTY31JUL2548600PE.NFO,2025-07-01,14:41:00,2025-07-31,13.5,13.5,13.5,13.5,0,3675,0
BANKNIFTY31JUL2548600PE.NFO,2025-07-01,14:42:00,2025-07-31,13.5,13.5,13.5,13.5,0,3675,0
BANKNIFTY31JUL2548600PE.NFO,2025-07-01,14:43:00,2025-07-31,13.5,13.5,13.5,13.5,0,3675,1
BANKNIFTY31JUL2548600PE.NFO,2025-07-01,14:44:00,2025-07-31,13.5,13.5,13.5,13.5,0,3675,0
BANKNIFTY31JUL2548600PE.NFO,2025-07-01,14:45:00,2025-07-31,13.5,13.5,13.5,13.5,0,3675,0
BANKNIFTY31JUL2548600PE.NFO,2025-07-01,14:46:00,2025-07-31,13.5,13.5,13.5,13.5,0,3675,0
BANKNIFTY31JUL2548600PE.NFO,2025-07-01,14:47:00,2025-07-31,13.5,13.5,13.5,13.5,0,3675,0
BANKNIFTY31JUL2548600PE.NFO,2025-07-01,14:48:00,2025-07-31,13.5,13.5,13.5,13.5,0,3675,1
BANKNIFTY31JUL2548600PE.NFO,2025-07-01,14:49:00,2025-07-31,13.5,13.5,13.5,13.5,0,3675,0
BANKNIFTY31JUL2548600PE.NFO,2025-07-01,14:50:00,2025-07-31,13.5,13.5,13.5,13.5,0,3675,1
BANKNIFTY31JUL2548600PE.NFO,2025-07-01,14:51:00,2025-07-31,13.5,13.5,13.5,13.5,0,3675,0
BANKNIFTY31JUL2548600PE.NFO,2025-07-01,14:52:00,2025-07-31,13.5,13.5,13.5,13.5,0,3675,0
BANKNIFTY31JUL2548600PE.NFO,2025-07-01,14:53:00,2025-07-31,13.5,13.5,13.5,13.5,0,3675,0
BANKNIFTY31JUL2548600PE.NFO,2025-07-01,14:54:00,2025-07-31,13.5,13.5,13.5,13.5,0,3675,0
BANKNIFTY31JUL2548600PE.NFO,2025-07-01,14:55:00,2025-07-31,13.5,13.5,13.5,13.5,0,3675,1
BANKNIFTY31JUL2548600PE.NFO,2025-07-01,14:56:00,2025-07-31,13.1,13.1,13.1,13.1,245,3185,0
BANKNIFTY31JUL2548600PE.NFO,2025-07-01,14:57:00,2025-07-31,13.1,13.1,13.1,13.1,0,3185,0
BANKNIFTY31JUL2548600PE.NFO,2025-07-01,14:58:00,2025-07-31,13.1,13.1,13.1,13.1,0,3185,0
BANKNIFTY31JUL2548600PE.NFO,2025-07-01,14:59:00,2025-07-31,13.1,13.1,13.1,13.1,0,3185,1
BANKNIFTY31JUL2548600PE.NFO,2025-07-01,15:00:00,2025-07-31,13.1,13.1,13.1,13.1,0,3185,0
BANKNIFTY31JUL2548600PE.NFO,2025-07-01,15:01:00,2025-07-31,13.25,13.25,13.15,13.15,490,3360,0
BANKNIFTY31JUL2548600PE.NFO,2025-07-01,15:02:00,2025-07-31,13.15,13.15,13.15,13.15,0,3360,0
BANKNIFTY31JUL2548600PE.NFO,2025-07-01,15:03:00,2025-07-31,13.15,13.15,13.15,13.15,0,3360,0
BANKNIFTY31JUL2548600PE.NFO,2025-07-01,15:04:00,2025-07-31,13.15,13.15,13.15,13.15,0,3360,1
BANKNIFTY31JUL2548600PE.NFO,2025-07-01,15:05:00,2025-07-31,13.15,13.15,13.15,13.15,0,3360,1
BANKNIFTY31JUL2548600PE.NFO,2025-07-01,15:06:00,2025-07-31,13.15,13.15,13.15,13.15,0,3360,0
BANKNIFTY31JUL2548600PE.NFO,2025-07-01,15:07:00,2025-07-31,13.15,13.15,13.15,13.15,0,3360,0
BANKNIFTY31JUL2548600PE.NFO,2025-07-01,15:08:00,2025-07-31,13.15,13.15,13.15,13.15,0,3360,1
BANKNIFTY31JUL2548600PE.NFO,2025-07-01,15:09:00,2025-07-31,13.15,13.15,13.15,13.15,0,3360,1
BANKNIFTY31JUL2548600PE.NFO,2025-07-01,15:10:00,2025-07-31,13.15,13.15,13.15,13.15,0,3360,0
BANKNIFTY31JUL2548600PE.NFO,2025-07-01,15:11:00,2025-07-31,13.15,13.15,13.15,13.15,0,3360,1
BANKNIFTY31JUL2548600PE.NFO,2025-07-01,15:12:00,2025-07-31,13.15,13.15,13.15,13.15,0,3360,0
BANKNIFTY31JUL2548600PE.NFO,2025-07-01,15:13:00,2025-07-31,12.95,13.3,12.4,13.3,210,3640,0
BANKNIFTY31JUL2548600PE.NFO,2025-07-01,15:14:00,2025-07-31,13.3,13.3,13.3,13.3,0,3640,0
BANKNIFTY31JUL2548600PE.NFO,2025-07-01,15:15:00,2025-07-31,13.3,13.3,13.3,13.3,0,3640,0
BANKNIFTY31JUL2548600PE.NFO,2025-07-01,15:16:00,2025-07-31,13.3,13.3,13.3,13.3,0,3640,1
BANKNIFTY31JUL2548600PE.NFO,2025-07-01,15:17:00,2025-07-31,13.3,13.3,13.3,13.3,0,3640,0
BANKNIFTY31JUL2548600PE.NFO,2025-07-01,15:18:00,2025-07-31,13.3,13.3,13.3,13.3,0,3640,1
BANKNIFTY31JUL2548600PE.NFO,2025-07-01,15:19:00,2025-07-31,13.3,13.3,13.3,13.3,0,3640,0
BANKNIFTY31JUL2548600PE.NFO,2025-07-01,15:20:00,2025-07-31,13.3,13.3,12.35,12.35,35,3675,0
BANKNIFTY31JUL2548600PE.NFO,2025-07-01,15:21:00,2025-07-31,12.35,12.35,12.35,12.35,0,3675,0
BANKNIFTY31JUL2548600PE.NFO,2025-07-01,15:22:00,2025-07-31,12.35,12.35,12.35,12.35,0,3675,0
BANKNIFTY31JUL2548600PE.NFO,2025-07-01,15:23:00,2025-07-31,12.35,12.35,12.35,12.35,0,3675,0
BANKNIFTY31JUL2548600PE.NFO,2025-07-01,15:24:00,2025-07-31,12.35,12.35,12.35,12.35,0,3675,0
BANKNIFTY31JUL2548600PE.NFO,2025-07-01,15:25:00,2025-07-31,12.1,12.1,12.1,12.1,175,3675,0
BANKNIFTY31JUL2548600PE.NFO,2025-07-01,15:26:00,2025-07-31,12.1,12.65,12.1,12.65,140,3675,0
BANKNIFTY31JUL2548600PE.NFO,2025-07-01,15:27:00,2025-07-31,12.65,12.65,12.0,12.0,70,3675,0
BANKNIFTY31JUL2548600PE.NFO,2025-07-01,15:28:00,2025-07-31,12.0,12.0,12.0,12.0,0,3675,0
BANKNIFTY31JUL2548600PE.NFO,2025-07-01,15:29:00,2025-07-31,12.0,12.9,12.0,12.9,105,3605,0
BANKNIFTY31JUL2548600PE.NFO,2025-07-01,15:30:00,2025-07-31,12.9,12.9,12.9,12.9,105,3605,1
BANKNIFTY31JUL2548600PE.NFO,2025-07-02,09:15:00,2025-07-31,12.95,12.95,12.95,12.95,0,3535,0
BANKNIFTY31JUL2548600PE.NFO,2025-07-02,09:16:00,2025-07-31,12.95,12.95,12.95,12.95,0,3535,0
BANKNIFTY31JUL2548600PE.NFO,2025-07-02,09:17:00,2025-07-31,12.95,12.95,12.95,12.95,0,3535,0
BANKNIFTY31JUL2548600PE.NFO,2025-07-02,09:18:00,2025-07-31,12.95,12.95,12.95,12.95,0,3535,0
BANKNIFTY31JUL2548600PE.NFO,2025-07-02,09:19:00,2025-07-31,12.95,12.95,12.95,12.95,0,3535,0
BANKNIFTY31JUL2548600PE.NFO,2025-07-02,09:20:00,2025-07-31,12.95,13.7,12.95,13.7,35,3570,0
BANKNIFTY31JUL2548600PE.NFO,2025-07-02,09:21:00,2025-07-31,13.7,13.7,12.1,12.1,0,3605,0
BANKNIFTY31JUL2548600PE.NFO,2025-07-02,09:22:00,2025-07-31,12.1,12.8,12.1,12.4,245,3605,0
BANKNIFTY31JUL2548600PE.NFO,2025-07-02,09:23:00,2025-07-31,12.4,12.4,12.4,12.4,0,3605,0
BANKNIFTY31JUL2548600PE.NFO,2025-07-02,09:24:00,2025-07-31,12.4,12.4,12.4,12.4,0,3605,0
BANKNIFTY31JUL2548600PE.NFO,2025-07-02,09:25:00,2025-07-31,12.4,12.4,12.4,12.4,0,3605,0
BANKNIFTY31JUL2548600PE.NFO,2025-07-02,09:26:00,2025-07-31,12.4,12.4,12.4,12.4,0,3605,0
BANKNIFTY31JUL2548600PE.NFO,2025-07-02,09:27:00,2025-07-31,12.4,12.4,12.4,12.4,0,3605,0
BANKNIFTY31JUL2548600PE.NFO,2025-07-02,09:28:00,2025-07-31,12.4,12.4,12.4,12.4,0,3605,0
BANKNIFTY31JUL2548600PE.NFO,2025-07-02,09:29:00,2025-07-31,12.4,12.4,12.4,12.4,0,3605,0
BANKNIFTY31JUL2548600PE.NFO,2025-07-02,09:30:00,2025-07-31,12.4,12.4,12.4,12.4,0,3605,0
BANKNIFTY31JUL2548600PE.NFO,2025-07-02,09:31:00,2025-07-31,12.2,12.2,12.2,12.2,70,3780,0
BANKNIFTY31JUL2548600PE.NFO,2025-07-02,09:32:00,2025-07-31,12.2,12.2,12.2,12.2,0,3780,0
BANKNIFTY31JUL2548600PE.NFO,2025-07-02,09:33:00,2025-07-31,12.2,12.2,12.2,12.2,0,3780,0
BANKNIFTY31JUL2548600PE.NFO,2025-07-02,09:34:00,2025-07-31,12.2,12.2,12.2,12.2,0,3780,1
BANKNIFTY31JUL2548600PE.NFO,2025-07-02,09:35:00,2025-07-31,12.2,12.2,12.2,12.2,0,3780,0
BANKNIFTY31JUL2548600PE.NFO,2025-07-02,09:36:00,2025-07-31,12.2,12.2,12.2,12.2,0,3780,0
BANKNIFTY31JUL2548600PE.NFO,2025-07-02,09:37:00,2025-07-31,12.2,12.2,12.2,12.2,0,3780,0
BANKNIFTY31JUL2548600PE.NFO,2025-07-02,09:38:00,2025-07-31,12.2,12.2,12.2,12.2,0,3780,0
BANKNIFTY31JUL2548600PE.NFO,2025-07-02,09:39:00,2025-07-31,12.2,12.2,12.2,12.2,0,3780,0
BANKNIFTY31JUL2548600PE.NFO,2025-07-02,09:40:00,2025-07-31,12.2,12.2,12.2,12.2,0,3780,1
BANKNIFTY31JUL2548600PE.NFO,2025-07-02,09:41:00,2025-07-31,12.2,12.2,12.2,12.2,0,3780,1
BANKNIFTY31JUL2548600PE.NFO,2025-07-02,09:42:00,2025-07-31,12.2,12.2,12.2,12.2,0,3780,1
BANKNIFTY31JUL2548600PE.NFO,2025-07-02,09:43:00,2025-07-31,13.0,13.9,12.7,12.7,105,3850,0
BANKNIFTY31JUL2548600PE.NFO,2025-07-02,09:44:00,2025-07-31,12.7,12.7,12.7,12.7,0,3850,0
BANKNIFTY31JUL2548600PE.NFO,2025-07-02,09:45:00,2025-07-31,12.7,12.7,12.65,12.65,35,3850,0
BANKNIFTY31JUL2548600PE.NFO,2025-07-02,09:46:00,2025-07-31,12.65,12.65,12.65,12.65,0,3850,0
BANKNIFTY31JUL2548600PE.NFO,2025-07-02,09:47:00,2025-07-31,12.65,12.65,12.65,12.65,0,3850,0
BANKNIFTY31JUL2548600PE.NFO,2025-07-02,09:48:00,2025-07-31,12.65,12.65,12.65,12.65,0,3850,0
BANKNIFTY31JUL2548600PE.NFO,2025-07-02,09:49:00,2025-07-31,12.65,12.65,12.65,12.65,0,3850,0
BANKNIFTY31JUL2548600PE.NFO,2025-07-02,09:50:00,2025-07-31,13.45,13.45,13.05,13.1,105,3920,0
BANKNIFTY31JUL2548600PE.NFO,2025-07-02,09:51:00,2025-07-31,13.1,13.1,13.1,13.1,0,3920,0
BANKNIFTY31JUL2548600PE.NFO,2025-07-02,09:52:00,2025-07-31,13.1,13.1,13.1,13.1,0,3920,0
BANKNIFTY31JUL2548600PE.NFO,2025-07-02,09:53:00,2025-07-31,13.1,13.1,13.1,13.1,0,3920,0
BANKNIFTY31JUL2548600PE.NFO,2025-07-02,09:54:00,2025-07-31,13.1,13.1,13.1,13.1,0,3920,0
BANKNIFTY31JUL2548600PE.NFO,2025-07-02,09:55:00,2025-07-31,13.1,13.1,13.1,13.1,0,3920,1
BANKNIFTY31JUL2548600PE.NFO,2025-07-02,09:56:00,2025-07-31,13.1,13.1,13.1,13.1,0,3920,0
BANKNIFTY31JUL2548600PE.NFO,2025-07-02,09:57:00,2025-07-31,13.1,13.1,13.1,13.1,0,3920,0
BANKNIFTY31JUL2548600PE.NFO,2025-07-02,09:58:00,2025-07-31,13.1,13.1,13.1,13.1,0,3920,0
BANKNIFTY31JUL2548600PE.NFO,2025-07-02,09:59:00,2025-07-31,12.5,12.5,12.5,12.5,35,3990,0
BANKNIFTY31JUL2548600PE.NFO,2025-07-02,10:00:00,2025-07-31,12.5,12.5,12.5,12.5,0,3990,0
BANKNIFTY31JUL2548600PE.NFO,2025-07-02,10:01:00,2025-07-31,12.5,12.5,12.5,12.5,0,3990,0
BANKNIFTY31JUL2548600PE.NFO,2025-07-02,10:02:00,2025-07-31,12.5,12.6,12.5,12.6,35,4025,0
BANKNIFTY31JUL2548600PE.NFO,2025-07-02,10:03:00,2025-07-31,12.6,12.6,12.6,12.6,0,4025,0
BANKNIFTY31JUL2548600PE.NFO,2025-07-02,10:04:00,2025-07-31,12.6,12.6,12.6,12.6,0,4025,0
BANKNIFTY31JUL2548600PE.NFO,2025-07-02,10:05:00,2025-07-31,12.6,12.6,12.6,12.6,0,4025,0
BANKNIFTY31JUL2548600PE.NFO,2025-07-02,10:06:00,2025-07-31,12.6,12.6,12.6,12.6,0,4025,0
BANKNIFTY31JUL2548600PE.NFO,2025-07-02,10:07:00,2025-07-31,12.6,12.6,12.6,12.6,0,4025,0
BANKNIFTY31JUL2548600PE.NFO,2025-07-02,10:08:00,2025-07-31,12.6,12.6,12.6,12.6,0,4025,0
BANKNIFTY31JUL2548600PE.NFO,2025-07-02,10:09:00,2025-07-31,12.6,12.6,12.6,12.6,0,4025,0
BANKNIFTY31JUL2548600PE.NFO,2025-07-02,10:10:00,2025-07-31,12.6,12.6,12.6,12.6,0,4025,0
BANKNIFTY31JUL2548600PE.NFO,2025-07-02,10:11:00,2025-07-31,12.6,12.6,12.6,12.6,0,4025,0
BANKNIFTY31JUL2548600PE.NFO,2025-07-02,10:12:00,2025-07-31,12.6,12.6,12.6,12.6,0,4025,0
BANKNIFTY31JUL2548600PE.NFO,2025-07-02,10:13:00,2025-07-31,12.6,12.6,12.6,12.6,0,4025,0
BANKNIFTY31JUL2548600PE.NFO,2025-07-02,10:14:00,2025-07-31,12.6,12.6,12.6,12.6,0,4025,0
BANKNIFTY31JUL2548600PE.NFO,2025-07-02,10:15:00,2025-07-31,12.6,12.6,12.6,12.6,0,4025,0
BANKNIFTY31JUL2548600PE.NFO,2025-07-02,10:16:00,2025-07-31,12.6,12.6,12.6,12.6,0,4025,0
BANKNIFTY31JUL2548600PE.NFO,2025-07-02,10:17:00,2025-07-31,12.6,12.6,12.6,12.6,0,4025,0
BANKNIFTY31JUL2548600PE.NFO,2025-07-02,10:18:00,2025-07-31,12.6,12.6,12.6,12.6,0,4025,0
BANKNIFTY31JUL2548600PE.NFO,2025-07-02,10:19:00,2025-07-31,12.6,12.6,12.6,12.6,0,4025,0
BANKNIFTY31JUL2548600PE.NFO,2025-07-02,10:20:00,2025-07-31,12.6,13.45,12.25,12.25,175,3990,0
BANKNIFTY31JUL2548600PE.NFO,2025-07-02,10:21:00,2025-07-31,12.25,12.25,12.25,12.25,0,3990,0
BANKNIFTY31JUL2548600PE.NFO,2025-07-02,10:22:00,2025-07-31,12.25,12.25,12.25,12.25,0,3990,0
BANKNIFTY31JUL2548600PE.NFO,2025-07-02,10:23:00,2025-07-31,12.25,12.25,12.25,12.25,0,3990,0
BANKNIFTY31JUL2548600PE.NFO,2025-07-02,10:24:00,2025-07-31,12.25,12.25,12.25,12.25,0,3990,0
BANKNIFTY31JUL2548600PE.NFO,2025-07-02,10:25:00,2025-07-31,12.25,12.25,12.25,12.25,0,3990,0
BANKNIFTY31JUL2548600PE.NFO,2025-07-02,10:26:00,2025-07-31,12.25,12.25,12.25,12.25,0,3990,0
BANKNIFTY31JUL2548600PE.NFO,2025-07-02,10:27:00,2025-07-31,12.25,12.25,12.25,12.25,0,3990,0
BANKNIFTY31JUL2548600PE.NFO,2025-07-02,10:28:00,2025-07-31,12.25,12.25,12.25,12.25,0,3990,0
BANKNIFTY31JUL2548600PE.NFO,2025-07-02,10:29:00,2025-07-31,12.25,12.25,12.25,12.25,0,3990,1
BANKNIFTY31JUL2548600PE.NFO,2025-07-02,10:30:00,2025-07-31,12.25,12.25,12.25,12.25,0,3990,0
BANKNIFTY31JUL2548600PE.NFO,2025-07-02,10:31:00,2025-07-31,12.25,12.25,12.25,12.25,0,3990,0
BANKNIFTY31JUL2548600PE.NFO,2025-07-02,10:32:00,2025-07-31,12.25,12.25,12.25,12.25,0,3990,1
BANKNIFTY31JUL2548600PE.NFO,2025-07-02,10:33:00,2025-07-31,12.25,12.25,12.25,12.25,0,3990,1
BANKNIFTY31JUL2548600PE.NFO,2025-07-02,10:34:00,2025-07-31,12.25,12.25,12.25,12.25,0,3990,0
BANKNIFTY31JUL2548600PE.NFO,2025-07-02,10:35:00,2025-07-31,12.25,12.25,12.25,12.25,0,3990,0
BANKNIFTY31JUL2548600PE.NFO,2025-07-02,10:36:00,2025-07-31,12.25,12.25,12.25,12.25,0,3990,0
BANKNIFTY31JUL2548600PE.NFO,2025-07-02,10:37:00,2025-07-31,12.25,12.25,12.25,12.25,0,3990,0
BANKNIFTY31JUL2548600PE.NFO,2025-07-02,10:38:00,2025-07-31,12.25,12.25,12.25,12.25,0,3990,1
BANKNIFTY31JUL2548600PE.NFO,2025-07-02,10:39:00,2025-07-31,12.25,12.25,12.25,12.25,0,3990,0
BANKNIFTY31JUL2548600PE.NFO,2025-07-02,10:40:00,2025-07-31,12.25,12.25,12.25,12.25,0,3990,0
BANKNIFTY31JUL2548600PE.NFO,2025-07-02,10:41:00,2025-07-31,12.25,12.25,12.25,12.25,0,3990,0
BANKNIFTY31JUL2548600PE.NFO,2025-07-02,10:42:00,2025-07-31,12.25,12.25,12.25,12.25,0,3990,0
BANKNIFTY31JUL2548600PE.NFO,2025-07-02,10:43:00,2025-07-31,12.25,12.25,12.25,12.25,0,3990,0
BANKNIFTY31JUL2548600PE.NFO,2025-07-02,10:44:00,2025-07-31,12.25,12.25,12.25,12.25,0,3990,0
BANKNIFTY31JUL2548600PE.NFO,2025-07-02,10:45:00,2025-07-31,12.25,12.25,12.25,12.25,0,3990,1
BANKNIFTY31JUL2548600PE.NFO,2025-07-02,10:46:00,2025-07-31,12.25,12.25,12.25,12.25,0,3990,0
BANKNIFTY31JUL2548600PE.NFO,2025-07-02,10:47:00,2025-07-31,12.25,12.25,12.25,12.25,0,3990,0
BANKNIFTY31JUL2548600PE.NFO,2025-07-02,10:48:00,2025-07-31,12.25,12.25,12.25,12.25,0,3990,1
BANKNIFTY31JUL2548600PE.NFO,2025-07-02,10:49:00,2025-07-31,12.25,12.25,12.25,12.25,0,3990,0
BANKNIFTY31JUL2548600PE.NFO,2025-07-02,10:50:00,2025-07-31,12.25,12.25,12.25,12.25,0,3990,0
BANKNIFTY31JUL2548600PE.NFO,2025-07-02,10:51:00,2025-07-31,12.25,12.25,12.25,12.25,0,3990,1
BANKNIFTY31JUL2548600PE.NFO,2025-07-02,10:52:00,2025-07-31,12.25,12.25,12.25,12.25,0,3990,1
BANKNIFTY31JUL2548600PE.NFO,2025-07-02,10:53:00,2025-07-31,12.25,12.25,12.25,12.25,0,3990,0
BANKNIFTY31JUL2548600PE.NFO,2025-07-02,10:54:00,2025-07-31,12.25,12.25,12.25,12.25,0,3990,0
BANKNIFTY31JUL2548600PE.NFO,2025-07-02,10:55:00,2025-07-31,12.25,12.25,12.25,12.25,0,3990,1
BANKNIFTY31JUL2548600PE.NFO,2025-07-02,10:56:00,2025-07-31,12.25,12.25,12.25,12.25,0,3990,1
BANKNIFTY31JUL2548600PE.NFO,2025-07-02,10:57:00,2025-07-31,12.25,12.25,12.25,12.25,0,3990,0
BANKNIFTY31JUL2548600PE.NFO,2025-07-02,10:58:00,2025-07-31,12.25,12.25,12.25,12.25,0,3990,0
BANKNIFTY31JUL2548600PE.NFO,2025-07-02,10:59:00,2025-07-31,12.25,12.25,12.25,12.25,0,3990,1
BANKNIFTY31JUL2548600PE.NFO,2025-07-02,11:00:00,2025-07-31,12.25,12.25,12.25,12.25,0,3990,1
BANKNIFTY31JUL2548600PE.NFO,2025-07-02,11:01:00,2025-07-31,12.25,12.25,12.25,12.25,0,3990,1
BANKNIFTY31JUL2548600PE.NFO,2025-07-02,11:02:00,2025-07-31,12.25,12.25,12.25,12.25,0,3990,1
BANKNIFTY31JUL2548600PE.NFO,2025-07-02,11:03:00,2025-07-31,12.25,12.25,12.25,12.25,0,3990,0
BANKNIFTY31JUL2548600PE.NFO,2025-07-02,11:04:00,2025-07-31,12.25,12.25,12.25,12.25,0,3990,1
BANKNIFTY31JUL2548600PE.NFO,2025-07-02,11:05:00,2025-07-31,12.25,12.25,12.25,12.25,0,3990,0
BANKNIFTY31JUL2548600PE.NFO,2025-07-02,11:06:00,2025-07-31,12.25,12.25,12.25,12.25,0,3990,0
BANKNIFTY31JUL2548600PE.NFO,2025-07-02,11:07:00,2025-07-31,12.25,12.25,12.25,12.25,0,3990,0
BANKNIFTY31JUL2548600PE.NFO,2025-07-02,11:08:00,2025-07-31,12.25,12.25,12.25,12.25,0,3990,1
BANKNIFTY31JUL2548600PE.NFO,2025-07-02,11:09:00,2025-07-31,12.25,12.25,12.25,12.25,0,3990,1
BANKNIFTY31JUL2548600PE.NFO,2025-07-02,11:10:00,2025-07-31,12.05,12.05,12.05,12.05,35,4165,0
BANKNIFTY31JUL2548600PE.NFO,2025-07-02,11:11:00,2025-07-31,12.05,12.05,12.05,12.05,0,4165,0
BANKNIFTY31JUL2548600PE.NFO,2025-07-02,11:12:00,2025-07-31,12.05,12.05,12.05,12.05,0,4165,0
BANKNIFTY31JUL2548600PE.NFO,2025-07-02,11:13:00,2025-07-31,12.05,12.05,12.05,12.05,0,4165,1
BANKNIFTY31JUL2548600PE.NFO,2025-07-02,11:14:00,2025-07-31,12.05,12.05,12.05,12.05,0,4165,0
BANKNIFTY31JUL2548600PE.NFO,2025-07-02,11:15:00,2025-07-31,12.05,12.05,12.05,12.05,0,4165,0
BANKNIFTY31JUL2548600PE.NFO,2025-07-02,11:16:00,2025-07-31,12.05,12.05,12.05,12.05,0,4165,1
BANKNIFTY31JUL2548600PE.NFO,2025-07-02,11:17:00,2025-07-31,12.05,12.05,12.05,12.05,0,4165,1
BANKNIFTY31JUL2548600PE.NFO,2025-07-02,11:18:00,2025-07-31,12.05,12.05,12.05,12.05,0,4165,1
BANKNIFTY31JUL2548600PE.NFO,2025-07-02,11:19:00,2025-07-31,14.95,14.95,14.95,14.95,350,4165,0
BANKNIFTY31JUL2548600PE.NFO,2025-07-02,11:20:00,2025-07-31,14.95,14.95,13.0,13.0,0,4165,0
BANKNIFTY31JUL2548600PE.NFO,2025-07-02,11:21:00,2025-07-31,13.0,13.0,13.0,13.0,35,4165,0
BANKNIFTY31JUL2548600PE.NFO,2025-07-02,11:22:00,2025-07-31,13.0,13.0,13.0,13.0,0,4165,0
BANKNIFTY31JUL2548600PE.NFO,2025-07-02,11:23:00,2025-07-31,13.0,13.0,13.0,13.0,0,4165,0
BANKNIFTY31JUL2548600PE.NFO,2025-07-02,11:24:00,2025-07-31,13.0,13.0,13.0,13.0,0,4165,0
BANKNIFTY31JUL2548600PE.NFO,2025-07-02,11:25:00,2025-07-31,13.0,13.0,13.0,13.0,0,4165,0
BANKNIFTY31JUL2548600PE.NFO,2025-07-02,11:26:00,2025-07-31,13.0,13.0,13.0,13.0,0,4165,0
BANKNIFTY31JUL2548600PE.NFO,2025-07-02,11:27:00,2025-07-31,13.0,13.0,13.0,13.0,0,4165,0
BANKNIFTY31JUL2548600PE.NFO,2025-07-02,11:28:00,2025-07-31,13.0,13.0,13.0,13.0,0,4165,1
BANKNIFTY31JUL2548600PE.NFO,2025-07-02,11:29:00,2025-07-31,13.0,13.0,13.0,13.0,0,4165,0
BANKNIFTY31JUL2548600PE.NFO,2025-07-02,11:30:00,2025-07-31,13.0,13.05,13.0,13.05,35,4270,0
BANKNIFTY31JUL2548600PE.NFO,2025-07-02,11:31:00,2025-07-31,13.05,13.05,13.05,13.05,0,4270,0
BANKNIFTY31JUL2548600PE.NFO,2025-07-02,11:32:00,2025-07-31,13.05,13.05,13.05,13.05,0,4270,0
BANKNIFTY31JUL2548600PE.NFO,2025-07-02,11:33:00,2025-07-31,12.0,12.95,12.0,12.95,140,4270,0
BANKNIFTY31JUL2548600PE.NFO,2025-07-02,11:34:00,2025-07-31,12.95,12.95,12.95,12.95,0,4270,0
BANKNIFTY31JUL2548600PE.NFO,2025-07-02,11:35:00,2025-07-31,12.95,12.95,12.95,12.95,0,4270,1
BANKNIFTY31JUL2548600PE.NFO,2025-07-02,11:36:00,2025-07-31,12.95,12.95,12.95,12.95,0,4270,0
BANKNIFTY31JUL2548600PE.NFO,2025-07-02,11:37:00,2025-07-31,12.95,12.95,12.95,12.95,0,4270,0
BANKNIFTY31JUL2548600PE.NFO,2025-07-02,11:38:00,2025-07-31,12.95,12.95,12.95,12.95,0,4270,1
BANKNIFTY31JUL2548600PE.NFO,2025-07-02,11:39:00,2025-07-31,12.9,12.9,12.9,12.9,35,4375,0
BANKNIFTY31JUL2548600PE.NFO,2025-07-02,11:40:00,2025-07-31,12.9,12.9,12.9,12.9,0,4375,0
BANKNIFTY31JUL2548600PE.NFO,2025-07-02,11:41:00,2025-07-31,12.9,12.9,12.9,12.9,0,4375,0
BANKNIFTY31JUL2548600PE.NFO,2025-07-02,11:42:00,2025-07-31,12.9,12.9,12.9,12.9,0,4375,0
BANKNIFTY31JUL2548600PE.NFO,2025-07-02,11:43:00,2025-07-31,12.9,12.9,12.9,12.9,0,4375,0
BANKNIFTY31JUL2548600PE.NFO,2025-07-02,11:44:00,2025-07-31,12.9,12.9,12.9,12.9,0,4375,0
BANKNIFTY31JUL2548600PE.NFO,2025-07-02,11:45:00,2025-07-31,12.9,12.9,12.9,12.9,0,4375,1
BANKNIFTY31JUL2548600PE.NFO,2025-07-02,11:46:00,2025-07-31,12.9,12.9,12.9,12.9,0,4375,0
BANKNIFTY31JUL2548600PE.NFO,2025-07-02,11:47:00,2025-07-31,12.9,12.9,12.9,12.9,0,4375,1
BANKNIFTY31JUL2548600PE.NFO,2025-07-02,11:48:00,2025-07-31,12.9,12.9,12.9,12.9,0,4375,0
BANKNIFTY31JUL2548600PE.NFO,2025-07-02,11:49:00,2025-07-31,12.9,12.9,12.9,12.9,0,4375,0
BANKNIFTY31JUL2548600PE.NFO,2025-07-02,11:50:00,2025-07-31,12.9,12.9,12.9,12.9,0,4375,1
BANKNIFTY31JUL2548600PE.NFO,2025-07-02,11:51:00,2025-07-31,12.9,12.9,12.9,12.9,0,4375,1
BANKNIFTY31JUL2548600PE.NFO,2025-07-02,11:52:00,2025-07-31,12.9,12.9,12.9,12.9,0,4375,0
BANKNIFTY31JUL2548600PE.NFO,2025-07-02,11:53:00,2025-07-31,12.9,12.9,12.9,12.9,0,4375,1
BANKNIFTY31JUL2548600PE.NFO,2025-07-02,11:54:00,2025-07-31,12.9,12.9,12.9,12.9,0,4375,1
BANKNIFTY31JUL2548600PE.NFO,2025-07-02,11:55:00,2025-07-31,12.9,12.9,12.9,12.9,0,4375,0
BANKNIFTY31JUL2548600PE.NFO,2025-07-02,11:56:00,2025-07-31,12.9,12.9,12.9,12.9,0,4375,1
BANKNIFTY31JUL2548600PE.NFO,2025-07-02,11:57:00,2025-07-31,12.9,12.9,12.9,12.9,0,4375,0
BANKNIFTY31JUL2548600PE.NFO,2025-07-02,11:58:00,2025-07-31,12.9,12.9,12.9,12.9,0,4375,1
BANKNIFTY31JUL2548600PE.NFO,2025-07-02,11:59:00,2025-07-31,12.9,12.9,12.9,12.9,0,4375,1
BANKNIFTY31JUL2548600PE.NFO,2025-07-02,12:00:00,2025-07-31,12.9,12.9,12.9,12.9,0,4375,1
BANKNIFTY31JUL2548600PE.NFO,2025-07-02,12:01:00,2025-07-31,13.3,13.3,13.3,13.3,35,4375,0
BANKNIFTY31JUL2548600PE.NFO,2025-07-02,12:02:00,2025-07-31,13.3,13.3,12.55,12.55,35,4375,0
BANKNIFTY31JUL2548600PE.NFO,2025-07-02,12:03:00,2025-07-31,12.55,12.55,12.55,12.55,0,4375,0
BANKNIFTY31JUL2548600PE.NFO,2025-07-02,12:04:00,2025-07-31,12.55,12.55,12.55,12.55,0,4375,0
BANKNIFTY31JUL2548600PE.NFO,2025-07-02,12:05:00,2025-07-31,12.55,12.55,12.55,12.55,0,4375,0
BANKNIFTY31JUL2548600PE.NFO,2025-07-02,12:06:00,2025-07-31,12.55,12.55,12.55,12.55,0,4375,0
BANKNIFTY31JUL2548600PE.NFO,2025-07-02,12:07:00,2025-07-31,12.55,12.55,12.55,12.55,0,4375,1
BANKNIFTY31JUL2548600PE.NFO,2025-07-02,12:08:00,2025-07-31,12.55,12.55,12.55,12.55,0,4375,1
BANKNIFTY31JUL2548600PE.NFO,2025-07-02,12:09:00,2025-07-31,12.55,12.55,12.55,12.55,0,4375,1
BANKNIFTY31JUL2548600PE.NFO,2025-07-02,12:10:00,2025-07-31,12.55,12.55,12.55,12.55,0,4375,0
BANKNIFTY31JUL2548600PE.NFO,2025-07-02,12:11:00,2025-07-31,12.55,12.55,12.55,12.55,35,4375,0
BANKNIFTY31JUL2548600PE.NFO,2025-07-02,12:12:00,2025-07-31,12.55,12.55,12.55,12.55,0,4375,0
BANKNIFTY31JUL2548600PE.NFO,2025-07-02,12:13:00,2025-07-31,12.55,12.55,12.55,12.55,0,4375,0
BANKNIFTY31JUL2548600PE.NFO,2025-07-02,12:14:00,2025-07-31,12.55,12.55,12.55,12.55,0,4375,0
BANKNIFTY31JUL2548600PE.NFO,2025-07-02,12:15:00,2025-07-31,12.55,12.55,12.55,12.55,0,4375,1
BANKNIFTY31JUL2548600PE.NFO,2025-07-02,12:16:00,2025-07-31,12.55,12.55,12.55,12.55,0,4375,1
BANKNIFTY31JUL2548600PE.NFO,2025-07-02,12:17:00,2025-07-31,12.55,12.55,12.55,12.55,0,4375,0
BANKNIFTY31JUL2548600PE.NFO,2025-07-02,12:18:00,2025-07-31,12.55,12.55,12.55,12.55,0,4375,1
BANKNIFTY31JUL2548600PE.NFO,2025-07-02,12:19:00,2025-07-31,12.55,12.55,12.55,12.55,0,4375,1
BANKNIFTY31JUL2548600PE.NFO,2025-07-02,12:20:00,2025-07-31,12.55,12.55,12.55,12.55,0,4375,0
BANKNIFTY31JUL2548600PE.NFO,2025-07-02,12:21:00,2025-07-31,12.55,12.55,12.55,12.55,0,4375,1
BANKNIFTY31JUL2548600PE.NFO,2025-07-02,12:22:00,2025-07-31,12.55,12.55,12.55,12.55,0,4375,0
BANKNIFTY31JUL2548600PE.NFO,2025-07-02,12:23:00,2025-07-31,12.55,12.55,12.55,12.55,0,4375,1
BANKNIFTY31JUL2548600PE.NFO,2025-07-02,12:24:00,2025-07-31,12.55,12.55,12.55,12.55,0,4375,0
BANKNIFTY31JUL2548600PE.NFO,2025-07-02,12:25:00,2025-07-31,12.55,12.55,12.55,12.55,0,4375,0
BANKNIFTY31JUL2548600PE.NFO,2025-07-02,12:26:00,2025-07-31,12.55,12.55,12.55,12.55,0,4375,0
BANKNIFTY31JUL2548600PE.NFO,2025-07-02,12:27:00,2025-07-31,12.55,12.55,12.55,12.55,0,4375,0
BANKNIFTY31JUL2548600PE.NFO,2025-07-02,12:28:00,2025-07-31,12.55,12.55,12.55,12.55,0,4375,0
BANKNIFTY31JUL2548600PE.NFO,2025-07-02,12:29:00,2025-07-31,12.55,12.55,12.55,12.55,0,4375,1
BANKNIFTY31JUL2548600PE.NFO,2025-07-02,12:30:00,2025-07-31,11.7,11.7,11.7,11.7,35,4410,0
BANKNIFTY31JUL2548600PE.NFO,2025-07-02,12:31:00,2025-07-31,11.7,11.7,11.7,11.7,70,4410,0
BANKNIFTY31JUL2548600PE.NFO,2025-07-02,12:32:00,2025-07-31,11.9,11.9,11.9,11.9,105,4410,0
BANKNIFTY31JUL2548600PE.NFO,2025-07-02,12:33:00,2025-07-31,11.9,11.9,11.9,11.9,105,4410,1
BANKNIFTY31JUL2548600PE.NFO,2025-07-02,12:34:00,2025-07-31,11.9,11.9,11.9,11.9,105,4410,1
BANKNIFTY31JUL2548600PE.NFO,2025-07-02,12:35:00,2025-07-31,11.9,11.9,11.9,11.9,105,4410,1
BANKNIFTY31JUL2548600PE.NFO,2025-07-02,12:36:00,2025-07-31,11.9,11.9,11.9,11.9,0,4410,0
BANKNIFTY31JUL2548600PE.NFO,2025-07-02,12:37:00,2025-07-31,11.9,11.9,11.9,11.9,0,4410,0
BANKNIFTY31JUL2548600PE.NFO,2025-07-02,12:38:00,2025-07-31,11.9,11.9,11.9,11.9,0,4410,0
BANKNIFTY31JUL2548600PE.NFO,2025-07-02,12:39:00,2025-07-31,11.9,11.9,11.9,11.9,0,4410,1
BANKNIFTY31JUL2548600PE.NFO,2025-07-02,12:40:00,2025-07-31,11.7,11.7,11.7,11.7,35,4305,0
BANKNIFTY31JUL2548600PE.NFO,2025-07-02,12:41:00,2025-07-31,11.7,12.65,11.7,12.2,70,4305,0
BANKNIFTY31JUL2548600PE.NFO,2025-07-02,12:42:00,2025-07-31,12.2,12.2,11.8,11.8,35,4305,0
BANKNIFTY31JUL2548600PE.NFO,2025-07-02,12:43:00,2025-07-31,11.8,11.8,11.8,11.8,0,4305,0
BANKNIFTY31JUL2548600PE.NFO,2025-07-02,12:44:00,2025-07-31,11.8,11.8,11.8,11.8,0,4305,0
BANKNIFTY31JUL2548600PE.NFO,2025-07-02,12:45:00,2025-07-31,11.8,11.8,11.8,11.8,0,4305,1
BANKNIFTY31JUL2548600PE.NFO,2025-07-02,12:46:00,2025-07-31,11.8,11.8,11.8,11.8,0,4305,1
BANKNIFTY31JUL2548600PE.NFO,2025-07-02,12:47:00,2025-07-31,12.45,12.45,12.1,12.1,105,4305,0
BANKNIFTY31JUL2548600PE.NFO,2025-07-02,12:48:00,2025-07-31,12.1,12.1,12.1,12.1,0,4305,0
BANKNIFTY31JUL2548600PE.NFO,2025-07-02,12:49:00,2025-07-31,12.1,12.1,12.1,12.1,0,4305,1
BANKNIFTY31JUL2548600PE.NFO,2025-07-02,12:50:00,2025-07-31,12.1,12.1,12.1,12.1,0,4305,1
BANKNIFTY31JUL2548600PE.NFO,2025-07-02,12:51:00,2025-07-31,12.1,12.1,12.1,12.1,0,4305,1
BANKNIFTY31JUL2548600PE.NFO,2025-07-02,12:52:00,2025-07-31,12.1,12.1,12.1,12.1,0,4305,0
BANKNIFTY31JUL2548600PE.NFO,2025-07-02,12:53:00,2025-07-31,12.1,12.1,12.1,12.1,0,4305,1
BANKNIFTY31JUL2548600PE.NFO,2025-07-02,12:54:00,2025-07-31,12.1,12.1,12.1,12.1,0,4305,1
BANKNIFTY31JUL2548600PE.NFO,2025-07-02,12:55:00,2025-07-31,12.1,12.1,12.1,12.1,0,4305,0
BANKNIFTY31JUL2548600PE.NFO,2025-07-02,12:56:00,2025-07-31,12.1,12.1,12.1,12.1,0,4305,0
BANKNIFTY31JUL2548600PE.NFO,2025-07-02,12:57:00,2025-07-31,12.1,12.1,12.1,12.1,0,4305,1
BANKNIFTY31JUL2548600PE.NFO,2025-07-02,12:58:00,2025-07-31,12.9,12.9,11.7,11.7,175,4375,0
BANKNIFTY31JUL2548600PE.NFO,2025-07-02,12:59:00,2025-07-31,11.7,11.7,11.7,11.7,0,4375,0
BANKNIFTY31JUL2548600PE.NFO,2025-07-02,13:00:00,2025-07-31,11.7,11.7,11.7,11.7,0,4375,1
BANKNIFTY31JUL2548600PE.NFO,2025-07-02,13:01:00,2025-07-31,11.7,11.7,11.7,11.7,0,4375,0
BANKNIFTY31JUL2548600PE.NFO,2025-07-02,13:02:00,2025-07-31,11.7,11.7,11.7,11.7,70,4375,0
BANKNIFTY31JUL2548600PE.NFO,2025-07-02,13:03:00,2025-07-31,11.7,11.7,11.7,11.7,0,4375,0
BANKNIFTY31JUL2548600PE.NFO,2025-07-02,13:04:00,2025-07-31,11.7,11.7,11.7,11.7,0,4375,0
BANKNIFTY31JUL2548600PE.NFO,2025-07-02,13:05:00,2025-07-31,11.7,11.7,11.7,11.7,0,4375,0
BANKNIFTY31JUL2548600PE.NFO,2025-07-02,13:06:00,2025-07-31,11.7,11.7,11.7,11.7,0,4375,0
BANKNIFTY31JUL2548600PE.NFO,2025-07-02,13:07:00,2025-07-31,11.7,11.7,11.7,11.7,0,4375,0
BANKNIFTY31JUL2548600PE.NFO,2025-07-02,13:08:00,2025-07-31,11.7,11.7,11.7,11.7,0,4375,1
BANKNIFTY31JUL2548600PE.NFO,2025-07-02,13:09:00,2025-07-31,11.7,11.7,11.7,11.7,0,4375,1
BANKNIFTY31JUL2548600PE.NFO,2025-07-02,13:10:00,2025-07-31,11.7,11.7,11.7,11.7,0,4375,1
BANKNIFTY31JUL2548600PE.NFO,2025-07-02,13:11:00,2025-07-31,11.7,11.7,11.7,11.7,0,4375,1
BANKNIFTY31JUL2548600PE.NFO,2025-07-02,13:12:00,2025-07-31,11.7,11.7,11.7,11.7,0,4375,0
BANKNIFTY31JUL2548600PE.NFO,2025-07-02,13:13:00,2025-07-31,11.7,11.7,11.7,11.7,0,4375,0
BANKNIFTY31JUL2548600PE.NFO,2025-07-02,13:14:00,2025-07-31,11.7,11.7,11.7,11.7,0,4375,0
BANKNIFTY31JUL2548600PE.NFO,2025-07-02,13:15:00,2025-07-31,11.7,11.7,11.7,11.7,0,4375,1
BANKNIFTY31JUL2548600PE.NFO,2025-07-02,13:16:00,2025-07-31,11.7,11.7,11.7,11.7,0,4375,0
BANKNIFTY31JUL2548600PE.NFO,2025-07-02,13:17:00,2025-07-31,11.7,11.7,11.7,11.7,0,4375,0
BANKNIFTY31JUL2548600PE.NFO,2025-07-02,13:18:00,2025-07-31,11.7,11.7,11.7,11.7,0,4375,1
BANKNIFTY31JUL2548600PE.NFO,2025-07-02,13:19:00,2025-07-31,11.7,11.7,11.7,11.7,0,4375,1
BANKNIFTY31JUL2548600PE.NFO,2025-07-02,13:20:00,2025-07-31,11.7,11.7,11.7,11.7,0,4375,0
BANKNIFTY31JUL2548600PE.NFO,2025-07-02,13:21:00,2025-07-31,11.7,11.7,11.7,11.7,0,4375,1
BANKNIFTY31JUL2548600PE.NFO,2025-07-02,13:22:00,2025-07-31,11.7,11.7,11.7,11.7,0,4375,0
BANKNIFTY31JUL2548600PE.NFO,2025-07-02,13:23:00,2025-07-31,11.7,11.7,11.7,11.7,0,4375,1
BANKNIFTY31JUL2548600PE.NFO,2025-07-02,13:24:00,2025-07-31,11.7,11.7,11.7,11.7,0,4375,1
BANKNIFTY31JUL2548600PE.NFO,2025-07-02,13:25:00,2025-07-31,11.7,11.7,11.7,11.7,0,4375,1
BANKNIFTY31JUL2548600PE.NFO,2025-07-02,13:26:00,2025-07-31,11.7,11.7,11.7,11.7,0,4375,0
BANKNIFTY31JUL2548600PE.NFO,2025-07-02,13:27:00,2025-07-31,11.7,11.7,11.7,11.7,0,4375,0
BANKNIFTY31JUL2548600PE.NFO,2025-07-02,13:28:00,2025-07-31,11.7,11.7,11.7,11.7,0,4375,0
BANKNIFTY31JUL2548600PE.NFO,2025-07-02,13:29:00,2025-07-31,11.7,11.7,11.7,11.7,0,4375,0
BANKNIFTY31JUL2548600PE.NFO,2025-07-02,13:30:00,2025-07-31,11.7,11.7,11.7,11.7,0,4375,0
BANKNIFTY31JUL2548600PE.NFO,2025-07-02,13:31:00,2025-07-31,11.7,11.7,11.7,11.7,0,4375,0
BANKNIFTY31JUL2548600PE.NFO,2025-07-02,13:32:00,2025-07-31,11.7,11.7,11.7,11.7,0,4375,0
BANKNIFTY31JUL2548600PE.NFO,2025-07-02,13:33:00,2025-07-31,11.7,11.7,11.7,11.7,0,4375,0
BANKNIFTY31JUL2548600PE.NFO,2025-07-02,13:34:00,2025-07-31,11.7,11.7,11.7,11.7,0,4375,0
BANKNIFTY31JUL2548600PE.NFO,2025-07-02,13:35:00,2025-07-31,11.7,11.7,11.7,11.7,0,4375,1
BANKNIFTY31JUL2548600PE.NFO,2025-07-02,13:36:00,2025-07-31,11.7,11.7,11.7,11.7,0,4375,1
BANKNIFTY31JUL2548600PE.NFO,2025-07-02,13:37:00,2025-07-31,11.7,11.7,11.7,11.7,0,4375,1
BANKNIFTY31JUL2548600PE.NFO,2025-07-02,13:38:00,2025-07-31,11.7,11.7,11.7,11.7,0,4375,0
BANKNIFTY31JUL2548600PE.NFO,2025-07-02,13:39:00,2025-07-31,11.7,11.7,11.7,11.7,0,4375,0
BANKNIFTY31JUL2548600PE.NFO,2025-07-02,13:40:00,2025-07-31,11.7,11.7,11.7,11.7,0,4375,1
BANKNIFTY31JUL2548600PE.NFO,2025-07-02,13:41:00,2025-07-31,11.7,11.7,11.7,11.7,0,4375,1
BANKNIFTY31JUL2548600PE.NFO,2025-07-02,13:42:00,2025-07-31,11.7,11.7,11.7,11.7,0,4375,0
BANKNIFTY31JUL2548600PE.NFO,2025-07-02,13:43:00,2025-07-31,11.7,11.7,11.7,11.7,0,4375,0
BANKNIFTY31JUL2548600PE.NFO,2025-07-02,13:44:00,2025-07-31,11.7,11.7,11.7,11.7,0,4375,0
BANKNIFTY31JUL2548600PE.NFO,2025-07-02,13:45:00,2025-07-31,11.7,11.7,11.7,11.7,0,4375,0
BANKNIFTY31JUL2548600PE.NFO,2025-07-02,13:46:00,2025-07-31,11.7,11.7,11.7,11.7,0,4375,0
BANKNIFTY31JUL2548600PE.NFO,2025-07-02,13:47:00,2025-07-31,11.7,11.7,11.7,11.7,0,4375,0
BANKNIFTY31JUL2548600PE.NFO,2025-07-02,13:48:00,2025-07-31,11.7,11.7,11.7,11.7,0,4375,0
BANKNIFTY31JUL2548600PE.NFO,2025-07-02,13:49:00,2025-07-31,11.7,11.7,11.7,11.7,0,4375,1
BANKNIFTY31JUL2548600PE.NFO,2025-07-02,13:50:00,2025-07-31,11.7,11.7,11.7,11.7,0,4375,0
BANKNIFTY31JUL2548600PE.NFO,2025-07-02,13:51:00,2025-07-31,11.7,11.7,11.7,11.7,35,4445,0
BANKNIFTY31JUL2548600PE.NFO,2025-07-02,13:52:00,2025-07-31,11.7,11.7,11.7,11.7,0,4445,0
BANKNIFTY31JUL2548600PE.NFO,2025-07-02,13:53:00,2025-07-31,11.7,11.7,11.7,11.7,0,4445,1
BANKNIFTY31JUL2548600PE.NFO,2025-07-02,13:54:00,2025-07-31,11.7,11.7,11.7,11.7,0,4445,1
BANKNIFTY31JUL2548600PE.NFO,2025-07-02,13:55:00,2025-07-31,11.7,11.7,11.7,11.7,0,4445,1
BANKNIFTY31JUL2548600PE.NFO,2025-07-02,13:56:00,2025-07-31,11.7,11.7,11.7,11.7,0,4445,0
BANKNIFTY31JUL2548600PE.NFO,2025-07-02,13:57:00,2025-07-31,11.7,11.7,11.7,11.7,0,4445,1
BANKNIFTY31JUL2548600PE.NFO,2025-07-02,13:58:00,2025-07-31,11.7,11.7,11.7,11.7,0,4445,1
BANKNIFTY31JUL2548600PE.NFO,2025-07-02,13:59:00,2025-07-31,11.7,11.7,11.7,11.7,0,4445,1
BANKNIFTY31JUL2548600PE.NFO,2025-07-02,14:00:00,2025-07-31,11.7,11.7,11.7,11.7,0,4445,0
BANKNIFTY31JUL2548600PE.NFO,2025-07-02,14:01:00,2025-07-31,11.75,11.75,11.75,11.75,0,4445,0
BANKNIFTY31JUL2548600PE.NFO,2025-07-02,14:02:00,2025-07-31,11.75,11.75,11.75,11.75,35,4445,0
BANKNIFTY31JUL2548600PE.NFO,2025-07-02,14:03:00,2025-07-31,11.75,11.75,11.75,11.75,0,4445,0
BANKNIFTY31JUL2548600PE.NFO,2025-07-02,14:04:00,2025-07-31,11.75,11.75,11.75,11.75,0,4445,1
BANKNIFTY31JUL2548600PE.NFO,2025-07-02,14:05:00,2025-07-31,11.75,11.75,11.75,11.75,0,4445,1
BANKNIFTY31JUL2548600PE.NFO,2025-07-02,14:06:00,2025-07-31,11.75,11.75,11.75,11.75,0,4445,1
BANKNIFTY31JUL2548600PE.NFO,2025-07-02,14:07:00,2025-07-31,11.75,11.75,11.75,11.75,0,4445,1
BANKNIFTY31JUL2548600PE.NFO,2025-07-02,14:08:00,2025-07-31,11.75,11.75,11.75,11.75,0,4445,1
BANKNIFTY31JUL2548600PE.NFO,2025-07-02,14:09:00,2025-07-31,11.75,11.75,11.75,11.75,0,4445,0
BANKNIFTY31JUL2548600PE.NFO,2025-07-02,14:10:00,2025-07-31,11.75,11.75,11.75,11.75,0,4445,0
BANKNIFTY31JUL2548600PE.NFO,2025-07-02,14:11:00,2025-07-31,11.75,11.75,11.75,11.75,0,4445,0
BANKNIFTY31JUL2548600PE.NFO,2025-07-02,14:12:00,2025-07-31,11.75,11.75,11.75,11.75,0,4445,1
BANKNIFTY31JUL2548600PE.NFO,2025-07-02,14:13:00,2025-07-31,11.75,11.75,11.75,11.75,0,4445,1
BANKNIFTY31JUL2548600PE.NFO,2025-07-02,14:14:00,2025-07-31,11.75,11.75,11.75,11.75,0,4445,0
BANKNIFTY31JUL2548600PE.NFO,2025-07-02,14:15:00,2025-07-31,11.75,11.75,11.75,11.75,0,4445,0
BANKNIFTY31JUL2548600PE.NFO,2025-07-02,14:16:00,2025-07-31,11.75,11.75,11.75,11.75,0,4445,1
BANKNIFTY31JUL2548600PE.NFO,2025-07-02,14:17:00,2025-07-31,11.75,11.75,11.75,11.75,0,4445,0
BANKNIFTY31JUL2548600PE.NFO,2025-07-02,14:18:00,2025-07-31,11.75,11.75,11.75,11.75,0,4445,1
BANKNIFTY31JUL2548600PE.NFO,2025-07-02,14:19:00,2025-07-31,11.75,11.75,11.75,11.75,0,4445,1
BANKNIFTY31JUL2548600PE.NFO,2025-07-02,14:20:00,2025-07-31,11.75,11.75,11.75,11.75,0,4445,1
BANKNIFTY31JUL2548600PE.NFO,2025-07-02,14:21:00,2025-07-31,11.75,11.75,11.75,11.75,0,4445,0
BANKNIFTY31JUL2548600PE.NFO,2025-07-02,14:22:00,2025-07-31,11.75,11.75,11.75,11.75,0,4445,0
BANKNIFTY31JUL2548600PE.NFO,2025-07-02,14:23:00,2025-07-31,11.75,11.75,11.75,11.75,0,4445,1
BANKNIFTY31JUL2548600PE.NFO,2025-07-02,14:24:00,2025-07-31,11.75,11.75,11.75,11.75,0,4445,0
BANKNIFTY31JUL2548600PE.NFO,2025-07-02,14:25:00,2025-07-31,11.75,11.75,11.75,11.75,0,4445,1
BANKNIFTY31JUL2548600PE.NFO,2025-07-02,14:26:00,2025-07-31,11.75,11.75,11.75,11.75,0,4445,1
BANKNIFTY31JUL2548600PE.NFO,2025-07-02,14:27:00,2025-07-31,11.75,11.75,11.75,11.75,0,4445,1
BANKNIFTY31JUL2548600PE.NFO,2025-07-02,14:28:00,2025-07-31,11.75,11.75,11.75,11.75,0,4445,1
BANKNIFTY31JUL2548600PE.NFO,2025-07-02,14:29:00,2025-07-31,11.75,11.75,11.75,11.75,0,4445,0
BANKNIFTY31JUL2548600PE.NFO,2025-07-02,14:30:00,2025-07-31,11.75,11.75,11.75,11.75,0,4445,1
BANKNIFTY31JUL2548600PE.NFO,2025-07-02,14:31:00,2025-07-31,11.75,11.75,11.75,11.75,0,4445,1
BANKNIFTY31JUL2548600PE.NFO,2025-07-02,14:32:00,2025-07-31,11.75,11.75,11.75,11.75,0,4445,1
BANKNIFTY31JUL2548600PE.NFO,2025-07-02,14:33:00,2025-07-31,11.75,11.75,11.75,11.75,0,4445,0
BANKNIFTY31JUL2548600PE.NFO,2025-07-02,14:34:00,2025-07-31,11.75,11.75,11.75,11.75,0,4445,1
BANKNIFTY31JUL2548600PE.NFO,2025-07-02,14:35:00,2025-07-31,11.75,11.75,11.75,11.75,0,4445,1
BANKNIFTY31JUL2548600PE.NFO,2025-07-02,14:36:00,2025-07-31,11.75,11.75,11.75,11.75,0,4445,0
BANKNIFTY31JUL2548600PE.NFO,2025-07-02,14:37:00,2025-07-31,11.75,11.75,11.75,11.75,0,4445,1
BANKNIFTY31JUL2548600PE.NFO,2025-07-02,14:38:00,2025-07-31,11.75,11.75,11.75,11.75,0,4445,0
BANKNIFTY31JUL2548600PE.NFO,2025-07-02,14:39:00,2025-07-31,11.75,11.75,11.75,11.75,0,4445,1
BANKNIFTY31JUL2548600PE.NFO,2025-07-02,14:40:00,2025-07-31,11.75,11.75,11.75,11.75,0,4445,1
BANKNIFTY31JUL2548600PE.NFO,2025-07-02,14:41:00,2025-07-31,11.75,11.75,11.75,11.75,0,4445,1
BANKNIFTY31JUL2548600PE.NFO,2025-07-02,14:42:00,2025-07-31,11.75,11.75,11.75,11.75,0,4445,1
BANKNIFTY31JUL2548600PE.NFO,2025-07-02,14:43:00,2025-07-31,11.75,11.75,11.75,11.75,0,4445,0
BANKNIFTY31JUL2548600PE.NFO,2025-07-02,14:44:00,2025-07-31,11.75,11.75,11.75,11.75,0,4445,0
BANKNIFTY31JUL2548600PE.NFO,2025-07-02,14:45:00,2025-07-31,11.75,11.75,11.75,11.75,0,4445,1
BANKNIFTY31JUL2548600PE.NFO,2025-07-02,14:46:00,2025-07-31,11.75,11.75,11.75,11.75,0,4445,0
BANKNIFTY31JUL2548600PE.NFO,2025-07-02,14:47:00,2025-07-31,11.75,12.05,11.75,12.05,35,4480,0
BANKNIFTY31JUL2548600PE.NFO,2025-07-02,14:48:00,2025-07-31,12.05,12.05,12.05,12.05,0,4480,0
BANKNIFTY31JUL2548600PE.NFO,2025-07-02,14:49:00,2025-07-31,12.05,12.05,12.05,12.05,0,4480,0
BANKNIFTY31JUL2548600PE.NFO,2025-07-02,14:50:00,2025-07-31,12.05,12.05,12.05,12.05,0,4480,0
BANKNIFTY31JUL2548600PE.NFO,2025-07-02,14:51:00,2025-07-31,12.05,12.05,12.05,12.05,35,4445,0
BANKNIFTY31JUL2548600PE.NFO,2025-07-02,14:52:00,2025-07-31,12.05,12.05,12.05,12.05,35,4445,1
BANKNIFTY31JUL2548600PE.NFO,2025-07-02,14:53:00,2025-07-31,12.05,12.05,12.05,12.05,35,4445,1
BANKNIFTY31JUL2548600PE.NFO,2025-07-02,14:54:00,2025-07-31,12.05,12.05,12.05,12.05,35,4445,1
BANKNIFTY31JUL2548600PE.NFO,2025-07-02,14:55:00,2025-07-31,12.05,12.05,12.05,12.05,35,4445,0
BANKNIFTY31JUL2548600PE.NFO,2025-07-02,14:56:00,2025-07-31,12.05,12.05,12.05,12.05,0,4445,0
BANKNIFTY31JUL2548600PE.NFO,2025-07-02,14:57:00,2025-07-31,12.05,12.05,12.05,12.05,140,4410,0
BANKNIFTY31JUL2548600PE.NFO,2025-07-02,14:58:00,2025-07-31,12.05,12.05,12.05,12.05,0,4410,0
BANKNIFTY31JUL2548600PE.NFO,2025-07-02,14:59:00,2025-07-31,12.05,12.05,12.05,12.05,0,4410,0
BANKNIFTY31JUL2548600PE.NFO,2025-07-02,15:00:00,2025-07-31,12.05,12.05,12.05,12.05,0,4410,0
BANKNIFTY31JUL2548600PE.NFO,2025-07-02,15:01:00,2025-07-31,12.05,12.05,12.05,12.05,0,4410,0
BANKNIFTY31JUL2548600PE.NFO,2025-07-02,15:02:00,2025-07-31,12.05,12.05,12.05,12.05,0,4410,1
BANKNIFTY31JUL2548600PE.NFO,2025-07-02,15:03:00,2025-07-31,12.05,12.05,12.05,12.05,70,4270,0
BANKNIFTY31JUL2548600PE.NFO,2025-07-02,15:04:00,2025-07-31,12.05,12.05,12.05,12.05,70,4270,1
BANKNIFTY31JUL2548600PE.NFO,2025-07-02,15:05:00,2025-07-31,12.05,12.05,12.05,12.05,0,4270,0
BANKNIFTY31JUL2548600PE.NFO,2025-07-02,15:06:00,2025-07-31,12.05,12.05,12.05,12.05,0,4270,0
BANKNIFTY31JUL2548600PE.NFO,2025-07-02,15:07:00,2025-07-31,12.05,12.05,12.05,12.05,0,4270,1
BANKNIFTY31JUL2548600PE.NFO,2025-07-02,15:08:00,2025-07-31,12.05,12.05,12.05,12.05,0,4270,0
BANKNIFTY31JUL2548600PE.NFO,2025-07-02,15:09:00,2025-07-31,12.05,12.05,12.05,12.05,0,4270,0
BANKNIFTY31JUL2548600PE.NFO,2025-07-02,15:10:00,2025-07-31,12.05,12.05,12.05,12.05,0,4270,0
BANKNIFTY31JUL2548600PE.NFO,2025-07-02,15:11:00,2025-07-31,12.05,12.05,12.05,12.05,0,4270,0
BANKNIFTY31JUL2548600PE.NFO,2025-07-02,15:12:00,2025-07-31,12.05,12.05,12.05,12.05,0,4270,0
BANKNIFTY31JUL2548600PE.NFO,2025-07-02,15:13:00,2025-07-31,12.05,12.05,12.05,12.05,0,4270,1
BANKNIFTY31JUL2548600PE.NFO,2025-07-02,15:14:00,2025-07-31,12.05,12.05,12.05,12.05,0,4270,1
BANKNIFTY31JUL2548600PE.NFO,2025-07-02,15:15:00,2025-07-31,12.05,12.05,12.05,12.05,0,4270,1
BANKNIFTY31JUL2548600PE.NFO,2025-07-02,15:16:00,2025-07-31,12.05,12.05,12.05,12.05,0,4270,1
BANKNIFTY31JUL2548600PE.NFO,2025-07-02,15:17:00,2025-07-31,12.05,12.05,11.15,11.15,0,4200,0
BANKNIFTY31JUL2548600PE.NFO,2025-07-02,15:18:00,2025-07-31,11.15,12.0,11.15,12.0,70,4200,0
BANKNIFTY31JUL2548600PE.NFO,2025-07-02,15:19:00,2025-07-31,12.0,12.0,12.0,12.0,0,4200,0
BANKNIFTY31JUL2548600PE.NFO,2025-07-02,15:20:00,2025-07-31,12.0,12.0,12.0,12.0,0,4200,0
BANKNIFTY31JUL2548600PE.NFO,2025-07-02,15:21:00,2025-07-31,12.0,12.0,12.0,12.0,0,4200,0
BANKNIFTY31JUL2548600PE.NFO,2025-07-02,15:22:00,2025-07-31,11.0,12.0,11.0,12.0,70,4165,0
BANKNIFTY31JUL2548600PE.NFO,2025-07-02,15:23:00,2025-07-31,12.0,12.0,12.0,12.0,0,4165,0
BANKNIFTY31JUL2548600PE.NFO,2025-07-02,15:24:00,2025-07-31,12.0,12.1,12.0,12.1,70,4130,0
BANKNIFTY31JUL2548600PE.NFO,2025-07-02,15:25:00,2025-07-31,12.1,12.1,11.3,11.3,70,4130,0
BANKNIFTY31JUL2548600PE.NFO,2025-07-02,15:26:00,2025-07-31,11.3,11.3,11.3,11.3,0,4130,0
BANKNIFTY31JUL2548600PE.NFO,2025-07-02,15:27:00,2025-07-31,11.3,11.3,11.3,11.3,0,4130,0
BANKNIFTY31JUL2548600PE.NFO,2025-07-02,15:28:00,2025-07-31,11.3,11.3,11.3,11.3,0,4130,0
BANKNIFTY31JUL2548600PE.NFO,2025-07-02,15:29:00,2025-07-31,11.3,11.3,11.3,11.3,0,4130,0
BANKNIFTY31JUL2548600PE.NFO,2025-07-02,15:30:00,2025-07-31,11.3,11.3,11.3,11.3,0,4130,1
BANKNIFTY31JUL2548600PE.NFO,2025-07-03,09:15:00,2025-07-31,12.0,12.0,12.0,12.0,0,0,0
BANKNIFTY31JUL2548600PE.NFO,2025-07-03,09:16:00,2025-07-31,12.0,12.0,12.0,12.0,0,4095,0
BANKNIFTY31JUL2548600PE.NFO,2025-07-03,09:17:00,2025-07-31,12.0,12.0,12.0,12.0,0,4095,0
BANKNIFTY31JUL2548600PE.NFO,2025-07-03,09:18:00,2025-07-31,12.0,12.0,12.0,12.0,0,4095,0
BANKNIFTY31JUL2548600PE.NFO,2025-07-03,09:19:00,2025-07-31,12.0,12.0,12.0,12.0,0,4095,0
BANKNIFTY31JUL2548600PE.NFO,2025-07-03,09:20:00,2025-07-31,12.0,12.0,12.0,12.0,0,4095,0
BANKNIFTY31JUL2548600PE.NFO,2025-07-03,09:21:00,2025-07-31,12.0,12.0,12.0,12.0,0,4095,0
BANKNIFTY31JUL2548600PE.NFO,2025-07-03,09:22:00,2025-07-31,12.0,12.0,12.0,12.0,0,4095,0
BANKNIFTY31JUL2548600PE.NFO,2025-07-03,09:23:00,2025-07-31,12.0,12.0,12.0,12.0,0,4095,0
BANKNIFTY31JUL2548600PE.NFO,2025-07-03,09:24:00,2025-07-31,12.0,12.0,12.0,12.0,0,4095,0
BANKNIFTY31JUL2548600PE.NFO,2025-07-03,09:25:00,2025-07-31,12.0,12.0,12.0,12.0,0,4095,0
BANKNIFTY31JUL2548600PE.NFO,2025-07-03,09:26:00,2025-07-31,12.0,12.0,12.0,12.0,0,4095,0
BANKNIFTY31JUL2548600PE.NFO,2025-07-03,09:27:00,2025-07-31,12.0,12.0,12.0,12.0,0,4095,0
BANKNIFTY31JUL2548600PE.NFO,2025-07-03,09:28:00,2025-07-31,12.0,12.0,12.0,12.0,0,4095,0
BANKNIFTY31JUL2548600PE.NFO,2025-07-03,09:29:00,2025-07-31,12.0,12.0,12.0,12.0,0,4095,0
BANKNIFTY31JUL2548600PE.NFO,2025-07-03,09:30:00,2025-07-31,12.0,12.0,12.0,12.0,35,4130,0
BANKNIFTY31JUL2548600PE.NFO,2025-07-03,09:31:00,2025-07-31,12.0,12.0,12.0,12.0,0,4130,0
BANKNIFTY31JUL2548600PE.NFO,2025-07-03,09:32:00,2025-07-31,10.25,11.45,10.25,11.45,630,4165,0
BANKNIFTY31JUL2548600PE.NFO,2025-07-03,09:33:00,2025-07-31,11.45,11.6,11.45,11.6,35,3885,0
BANKNIFTY31JUL2548600PE.NFO,2025-07-03,09:34:00,2025-07-31,11.6,11.6,11.6,11.6,0,3885,0
BANKNIFTY31JUL2548600PE.NFO,2025-07-03,09:35:00,2025-07-31,11.6,11.6,11.6,11.6,0,3885,0
BANKNIFTY31JUL2548600PE.NFO,2025-07-03,09:36:00,2025-07-31,10.8,10.8,10.8,10.8,35,3885,0
BANKNIFTY31JUL2548600PE.NFO,2025-07-03,09:37:00,2025-07-31,10.8,10.8,10.8,10.8,0,3885,0
BANKNIFTY31JUL2548600PE.NFO,2025-07-03,09:38:00,2025-07-31,10.8,10.8,10.8,10.8,0,3885,0
BANKNIFTY31JUL2548600PE.NFO,2025-07-03,09:39:00,2025-07-31,10.8,10.8,10.8,10.8,0,3885,0
BANKNIFTY31JUL2548600PE.NFO,2025-07-03,09:40:00,2025-07-31,10.8,10.8,10.8,10.8,0,3885,0
BANKNIFTY31JUL2548600PE.NFO,2025-07-03,09:41:00,2025-07-31,11.6,13.2,10.8,10.8,175,3850,0
BANKNIFTY31JUL2548600PE.NFO,2025-07-03,09:42:00,2025-07-31,10.8,10.8,10.8,10.8,0,3850,0
BANKNIFTY31JUL2548600PE.NFO,2025-07-03,09:43:00,2025-07-31,10.8,10.8,10.8,10.8,0,3850,0
BANKNIFTY31JUL2548600PE.NFO,2025-07-03,09:44:00,2025-07-31,10.8,10.8,10.8,10.8,0,3850,0
BANKNIFTY31JUL2548600PE.NFO,2025-07-03,09:45:00,2025-07-31,10.8,10.8,10.8,10.8,0,3850,0
BANKNIFTY31JUL2548600PE.NFO,2025-07-03,09:46:00,2025-07-31,10.8,10.8,10.8,10.8,0,3850,0
BANKNIFTY31JUL2548600PE.NFO,2025-07-03,09:47:00,2025-07-31,10.8,10.8,10.8,10.8,0,3850,1
BANKNIFTY31JUL2548600PE.NFO,2025-07-03,09:48:00,2025-07-31,10.8,10.8,10.8,10.8,0,3850,0
BANKNIFTY31JUL2548600PE.NFO,2025-07-03,09:49:00,2025-07-31,10.8,10.8,10.8,10.8,0,3850,0
BANKNIFTY31JUL2548600PE.NFO,2025-07-03,09:50:00,2025-07-31,10.8,10.8,10.8,10.8,0,3850,0
BANKNIFTY31JUL2548600PE.NFO,2025-07-03,09:51:00,2025-07-31,10.8,10.8,10.8,10.8,0,3850,0
BANKNIFTY31JUL2548600PE.NFO,2025-07-03,09:52:00,2025-07-31,10.8,10.8,10.8,10.8,0,3850,0
BANKNIFTY31JUL2548600PE.NFO,2025-07-03,09:53:00,2025-07-31,10.8,10.8,10.8,10.8,0,3850,0
BANKNIFTY31JUL2548600PE.NFO,2025-07-03,09:54:00,2025-07-31,10.8,10.8,10.8,10.8,0,3850,0
BANKNIFTY31JUL2548600PE.NFO,2025-07-03,09:55:00,2025-07-31,10.8,10.8,10.8,10.8,0,3850,0
BANKNIFTY31JUL2548600PE.NFO,2025-07-03,09:56:00,2025-07-31,10.8,10.8,10.8,10.8,35,3815,0
BANKNIFTY31JUL2548600PE.NFO,2025-07-03,09:57:00,2025-07-31,10.8,10.8,10.55,10.55,105,3815,0
BANKNIFTY31JUL2548600PE.NFO,2025-07-03,09:58:00,2025-07-31,10.55,10.55,10.55,10.55,0,3815,0
BANKNIFTY31JUL2548600PE.NFO,2025-07-03,09:59:00,2025-07-31,11.0,11.0,11.0,11.0,35,3815,0
BANKNIFTY31JUL2548600PE.NFO,2025-07-03,10:00:00,2025-07-31,11.0,11.0,11.0,11.0,0,3815,0
BANKNIFTY31JUL2548600PE.NFO,2025-07-03,10:01:00,2025-07-31,11.0,11.0,11.0,11.0,0,3815,0
BANKNIFTY31JUL2548600PE.NFO,2025-07-03,10:02:00,2025-07-31,11.0,11.0,11.0,11.0,0,3815,1
BANKNIFTY31JUL2548600PE.NFO,2025-07-03,10:03:00,2025-07-31,11.0,11.0,11.0,11.0,0,3815,0
BANKNIFTY31JUL2548600PE.NFO,2025-07-03,10:04:00,2025-07-31,11.0,11.0,11.0,11.0,0,3815,0
BANKNIFTY31JUL2548600PE.NFO,2025-07-03,10:05:00,2025-07-31,11.0,11.0,11.0,11.0,0,3815,1
BANKNIFTY31JUL2548600PE.NFO,2025-07-03,10:06:00,2025-07-31,11.0,11.0,11.0,11.0,0,3815,0
BANKNIFTY31JUL2548600PE.NFO,2025-07-03,10:07:00,2025-07-31,11.0,11.0,11.0,11.0,0,3815,0
BANKNIFTY31JUL2548600PE.NFO,2025-07-03,10:08:00,2025-07-31,11.0,11.0,11.0,11.0,0,3815,0
BANKNIFTY31JUL2548600PE.NFO,2025-07-03,10:09:00,2025-07-31,11.0,11.0,11.0,11.0,0,3815,1
BANKNIFTY31JUL2548600PE.NFO,2025-07-03,10:10:00,2025-07-31,11.0,11.0,11.0,11.0,0,3815,1
BANKNIFTY31JUL2548600PE.NFO,2025-07-03,10:11:00,2025-07-31,11.0,11.0,11.0,11.0,0,3815,1
BANKNIFTY31JUL2548600PE.NFO,2025-07-03,10:12:00,2025-07-31,11.0,11.0,11.0,11.0,0,3815,1
BANKNIFTY31JUL2548600PE.NFO,2025-07-03,10:13:00,2025-07-31,11.0,11.0,11.0,11.0,0,3815,0
BANKNIFTY31JUL2548600PE.NFO,2025-07-03,10:14:00,2025-07-31,11.0,11.0,11.0,11.0,0,3815,0
BANKNIFTY31JUL2548600PE.NFO,2025-07-03,10:15:00,2025-07-31,11.0,11.0,11.0,11.0,0,3815,0
BANKNIFTY31JUL2548600PE.NFO,2025-07-03,10:16:00,2025-07-31,11.0,11.0,11.0,11.0,0,3815,1
BANKNIFTY31JUL2548600PE.NFO,2025-07-03,10:17:00,2025-07-31,11.0,11.0,11.0,11.0,0,3815,0
BANKNIFTY31JUL2548600PE.NFO,2025-07-03,10:18:00,2025-07-31,11.0,11.0,11.0,11.0,0,3815,0
BANKNIFTY31JUL2548600PE.NFO,2025-07-03,10:19:00,2025-07-31,11.0,11.0,11.0,11.0,0,3815,0
BANKNIFTY31JUL2548600PE.NFO,2025-07-03,10:20:00,2025-07-31,11.0,11.0,11.0,11.0,0,3815,0
BANKNIFTY31JUL2548600PE.NFO,2025-07-03,10:21:00,2025-07-31,11.0,11.0,11.0,11.0,0,3815,0
BANKNIFTY31JUL2548600PE.NFO,2025-07-03,10:22:00,2025-07-31,11.0,11.0,11.0,11.0,0,3815,1
BANKNIFTY31JUL2548600PE.NFO,2025-07-03,10:23:00,2025-07-31,11.0,11.0,11.0,11.0,0,3815,0
BANKNIFTY31JUL2548600PE.NFO,2025-07-03,10:24:00,2025-07-31,11.0,11.0,11.0,11.0,0,3815,1
BANKNIFTY31JUL2548600PE.NFO,2025-07-03,10:25:00,2025-07-31,11.0,11.0,11.0,11.0,0,3815,1
BANKNIFTY31JUL2548600PE.NFO,2025-07-03,10:26:00,2025-07-31,11.0,11.0,11.0,11.0,0,3815,0
BANKNIFTY31JUL2548600PE.NFO,2025-07-03,10:27:00,2025-07-31,11.0,11.0,11.0,11.0,0,3815,1
BANKNIFTY31JUL2548600PE.NFO,2025-07-03,10:28:00,2025-07-31,11.0,11.0,11.0,11.0,0,3815,0
BANKNIFTY31JUL2548600PE.NFO,2025-07-03,10:29:00,2025-07-31,11.0,11.0,11.0,11.0,0,3815,0
BANKNIFTY31JUL2548600PE.NFO,2025-07-03,10:30:00,2025-07-31,11.0,11.0,11.0,11.0,0,3815,1
BANKNIFTY31JUL2548600PE.NFO,2025-07-03,10:31:00,2025-07-31,11.0,11.0,11.0,11.0,0,3815,1
BANKNIFTY31JUL2548600PE.NFO,2025-07-03,10:32:00,2025-07-31,11.0,11.0,11.0,11.0,0,3815,0
BANKNIFTY31JUL2548600PE.NFO,2025-07-03,10:33:00,2025-07-31,11.0,11.0,11.0,11.0,0,3815,1
BANKNIFTY31JUL2548600PE.NFO,2025-07-03,10:34:00,2025-07-31,11.0,11.0,11.0,11.0,0,3815,0
BANKNIFTY31JUL2548600PE.NFO,2025-07-03,10:35:00,2025-07-31,11.0,11.0,11.0,11.0,0,3815,0
BANKNIFTY31JUL2548600PE.NFO,2025-07-03,10:36:00,2025-07-31,11.0,11.0,11.0,11.0,0,3815,1
BANKNIFTY31JUL2548600PE.NFO,2025-07-03,10:37:00,2025-07-31,11.0,11.0,11.0,11.0,0,3815,1
BANKNIFTY31JUL2548600PE.NFO,2025-07-03,10:38:00,2025-07-31,11.95,11.95,11.95,11.95,70,3780,0
BANKNIFTY31JUL2548600PE.NFO,2025-07-03,10:39:00,2025-07-31,10.6,10.6,10.6,10.6,70,3780,0
BANKNIFTY31JUL2548600PE.NFO,2025-07-03,10:40:00,2025-07-31,10.6,10.6,10.6,10.6,0,3780,0
BANKNIFTY31JUL2548600PE.NFO,2025-07-03,10:41:00,2025-07-31,10.6,10.6,10.6,10.6,0,3780,0
BANKNIFTY31JUL2548600PE.NFO,2025-07-03,10:42:00,2025-07-31,10.6,10.6,10.6,10.6,0,3780,0
BANKNIFTY31JUL2548600PE.NFO,2025-07-03,10:43:00,2025-07-31,10.6,10.6,10.6,10.6,0,3780,0
BANKNIFTY31JUL2548600PE.NFO,2025-07-03,10:44:00,2025-07-31,10.6,11.0,10.6,11.0,70,3850,0
BANKNIFTY31JUL2548600PE.NFO,2025-07-03,10:45:00,2025-07-31,11.0,11.0,11.0,11.0,0,3850,0
BANKNIFTY31JUL2548600PE.NFO,2025-07-03,10:46:00,2025-07-31,11.0,11.0,11.0,11.0,0,3850,0
BANKNIFTY31JUL2548600PE.NFO,2025-07-03,10:47:00,2025-07-31,11.0,11.0,11.0,11.0,0,3850,0
BANKNIFTY31JUL2548600PE.NFO,2025-07-03,10:48:00,2025-07-31,11.0,11.0,11.0,11.0,0,3850,1
BANKNIFTY31JUL2548600PE.NFO,2025-07-03,10:49:00,2025-07-31,11.0,11.0,11.0,11.0,0,3850,0
BANKNIFTY31JUL2548600PE.NFO,2025-07-03,10:50:00,2025-07-31,11.0,11.0,11.0,11.0,0,3850,1
BANKNIFTY31JUL2548600PE.NFO,2025-07-03,10:51:00,2025-07-31,11.0,11.0,11.0,11.0,0,3850,0
BANKNIFTY31JUL2548600PE.NFO,2025-07-03,10:52:00,2025-07-31,11.0,11.0,11.0,11.0,0,3850,1
BANKNIFTY31JUL2548600PE.NFO,2025-07-03,10:53:00,2025-07-31,11.0,11.0,11.0,11.0,0,3850,1
BANKNIFTY31JUL2548600PE.NFO,2025-07-03,10:54:00,2025-07-31,11.0,11.0,11.0,11.0,0,3850,1
BANKNIFTY31JUL2548600PE.NFO,2025-07-03,10:55:00,2025-07-31,11.0,11.0,11.0,11.0,0,3850,1
BANKNIFTY31JUL2548600PE.NFO,2025-07-03,10:56:00,2025-07-31,11.0,11.0,11.0,11.0,0,3850,1
BANKNIFTY31JUL2548600PE.NFO,2025-07-03,10:57:00,2025-07-31,11.0,11.0,11.0,11.0,0,3850,1
BANKNIFTY31JUL2548600PE.NFO,2025-07-03,10:58:00,2025-07-31,11.0,11.0,11.0,11.0,0,3850,1
BANKNIFTY31JUL2548600PE.NFO,2025-07-03,10:59:00,2025-07-31,11.0,11.0,11.0,11.0,0,3850,0
BANKNIFTY31JUL2548600PE.NFO,2025-07-03,11:00:00,2025-07-31,11.0,11.0,11.0,11.0,0,3850,0
BANKNIFTY31JUL2548600PE.NFO,2025-07-03,11:01:00,2025-07-31,11.0,11.0,11.0,11.0,0,3850,0
BANKNIFTY31JUL2548600PE.NFO,2025-07-03,11:02:00,2025-07-31,11.0,11.0,11.0,11.0,0,3850,0
BANKNIFTY31JUL2548600PE.NFO,2025-07-03,11:03:00,2025-07-31,11.0,11.0,11.0,11.0,0,3850,0
BANKNIFTY31JUL2548600PE.NFO,2025-07-03,11:04:00,2025-07-31,11.0,11.0,11.0,11.0,0,3850,1
BANKNIFTY31JUL2548600PE.NFO,2025-07-03,11:05:00,2025-07-31,11.0,11.0,11.0,11.0,0,3850,1
BANKNIFTY31JUL2548600PE.NFO,2025-07-03,11:06:00,2025-07-31,11.0,11.0,11.0,11.0,0,3850,0
BANKNIFTY31JUL2548600PE.NFO,2025-07-03,11:07:00,2025-07-31,11.0,11.0,11.0,11.0,0,3850,0
BANKNIFTY31JUL2548600PE.NFO,2025-07-03,11:08:00,2025-07-31,11.0,11.0,11.0,11.0,0,3850,0
BANKNIFTY31JUL2548600PE.NFO,2025-07-03,11:09:00,2025-07-31,11.0,11.0,11.0,11.0,0,3850,0
BANKNIFTY31JUL2548600PE.NFO,2025-07-03,11:10:00,2025-07-31,11.0,11.0,11.0,11.0,0,3850,0
BANKNIFTY31JUL2548600PE.NFO,2025-07-03,11:11:00,2025-07-31,11.0,11.0,11.0,11.0,0,3850,0
BANKNIFTY31JUL2548600PE.NFO,2025-07-03,11:12:00,2025-07-31,11.0,11.0,11.0,11.0,0,3850,0
BANKNIFTY31JUL2548600PE.NFO,2025-07-03,11:13:00,2025-07-31,11.0,11.0,11.0,11.0,0,3850,0
BANKNIFTY31JUL2548600PE.NFO,2025-07-03,11:14:00,2025-07-31,11.0,11.0,11.0,11.0,0,3850,0
BANKNIFTY31JUL2548600PE.NFO,2025-07-03,11:15:00,2025-07-31,11.0,11.0,11.0,11.0,0,3850,1
BANKNIFTY31JUL2548600PE.NFO,2025-07-03,11:16:00,2025-07-31,11.0,11.0,11.0,11.0,0,3850,0
BANKNIFTY31JUL2548600PE.NFO,2025-07-03,11:17:00,2025-07-31,11.0,11.0,11.0,11.0,0,3850,1
BANKNIFTY31JUL2548600PE.NFO,2025-07-03,11:18:00,2025-07-31,11.0,11.0,11.0,11.0,0,3850,0
BANKNIFTY31JUL2548600PE.NFO,2025-07-03,11:19:00,2025-07-31,11.0,11.0,11.0,11.0,0,3850,0
BANKNIFTY31JUL2548600PE.NFO,2025-07-03,11:20:00,2025-07-31,11.0,11.0,11.0,11.0,0,3850,1
BANKNIFTY31JUL2548600PE.NFO,2025-07-03,11:21:00,2025-07-31,11.0,11.0,11.0,11.0,0,3850,0
BANKNIFTY31JUL2548600PE.NFO,2025-07-03,11:22:00,2025-07-31,11.0,11.0,11.0,11.0,0,3850,1
BANKNIFTY31JUL2548600PE.NFO,2025-07-03,11:23:00,2025-07-31,11.0,11.0,11.0,11.0,0,3850,1
BANKNIFTY31JUL2548600PE.NFO,2025-07-03,11:24:00,2025-07-31,11.0,11.0,11.0,11.0,0,3850,0
BANKNIFTY31JUL2548600PE.NFO,2025-07-03,11:25:00,2025-07-31,11.0,11.0,11.0,11.0,0,3850,1
BANKNIFTY31JUL2548600PE.NFO,2025-07-03,11:26:00,2025-07-31,11.0,11.0,11.0,11.0,0,3850,0
BANKNIFTY31JUL2548600PE.NFO,2025-07-03,11:27:00,2025-07-31,11.0,11.0,11.0,11.0,0,3850,0
BANKNIFTY31JUL2548600PE.NFO,2025-07-03,11:28:00,2025-07-31,11.0,11.0,11.0,11.0,0,3850,0
BANKNIFTY31JUL2548600PE.NFO,2025-07-03,11:29:00,2025-07-31,11.0,11.0,11.0,11.0,0,3850,1
BANKNIFTY31JUL2548600PE.NFO,2025-07-03,11:30:00,2025-07-31,10.6,10.6,10.6,10.6,0,3780,0
BANKNIFTY31JUL2548600PE.NFO,2025-07-03,11:31:00,2025-07-31,10.6,10.6,10.6,10.6,35,3780,0
BANKNIFTY31JUL2548600PE.NFO,2025-07-03,11:32:00,2025-07-31,10.6,10.7,10.6,10.7,35,3780,0
BANKNIFTY31JUL2548600PE.NFO,2025-07-03,11:33:00,2025-07-31,10.7,10.7,10.7,10.7,0,3780,0
BANKNIFTY31JUL2548600PE.NFO,2025-07-03,11:34:00,2025-07-31,10.7,10.7,10.7,10.7,0,3780,0
BANKNIFTY31JUL2548600PE.NFO,2025-07-03,11:35:00,2025-07-31,10.7,10.7,10.7,10.7,0,3780,1
BANKNIFTY31JUL2548600PE.NFO,2025-07-03,11:36:00,2025-07-31,10.7,10.7,10.7,10.7,0,3780,1
BANKNIFTY31JUL2548600PE.NFO,2025-07-03,11:37:00,2025-07-31,10.7,10.7,10.7,10.7,0,3780,1
BANKNIFTY31JUL2548600PE.NFO,2025-07-03,11:38:00,2025-07-31,10.7,10.7,10.7,10.7,0,3780,0
BANKNIFTY31JUL2548600PE.NFO,2025-07-03,11:39:00,2025-07-31,10.7,10.7,10.7,10.7,0,3780,0
BANKNIFTY31JUL2548600PE.NFO,2025-07-03,11:40:00,2025-07-31,10.7,10.7,10.7,10.7,0,3780,0
BANKNIFTY31JUL2548600PE.NFO,2025-07-03,11:41:00,2025-07-31,10.7,10.7,10.7,10.7,0,3780,1
BANKNIFTY31JUL2548600PE.NFO,2025-07-03,11:42:00,2025-07-31,10.7,10.7,10.7,10.7,0,3780,1
BANKNIFTY31JUL2548600PE.NFO,2025-07-03,11:43:00,2025-07-31,10.7,10.7,10.7,10.7,0,3780,0
BANKNIFTY31JUL2548600PE.NFO,2025-07-03,11:44:00,2025-07-31,10.7,10.7,10.7,10.7,0,3780,1
BANKNIFTY31JUL2548600PE.NFO,2025-07-03,11:45:00,2025-07-31,10.7,10.7,10.7,10.7,0,3780,0
BANKNIFTY31JUL2548600PE.NFO,2025-07-03,11:46:00,2025-07-31,10.7,10.7,10.7,10.7,0,3780,1
BANKNIFTY31JUL2548600PE.NFO,2025-07-03,11:47:00,2025-07-31,10.7,10.7,10.7,10.7,0,3780,1
BANKNIFTY31JUL2548600PE.NFO,2025-07-03,11:48:00,2025-07-31,10.7,10.7,10.7,10.7,0,3780,0
BANKNIFTY31JUL2548600PE.NFO,2025-07-03,11:49:00,2025-07-31,10.7,10.7,10.7,10.7,0,3780,1
BANKNIFTY31JUL2548600PE.NFO,2025-07-03,11:50:00,2025-07-31,10.7,10.7,10.7,10.7,0,3780,1
BANKNIFTY31JUL2548600PE.NFO,2025-07-03,11:51:00,2025-07-31,10.7,10.7,10.7,10.7,0,3780,1
BANKNIFTY31JUL2548600PE.NFO,2025-07-03,11:52:00,2025-07-31,10.7,10.7,10.7,10.7,0,3780,1
BANKNIFTY31JUL2548600PE.NFO,2025-07-03,11:53:00,2025-07-31,10.7,10.7,10.7,10.7,0,3780,1
BANKNIFTY31JUL2548600PE.NFO,2025-07-03,11:54:00,2025-07-31,11.65,11.65,11.65,11.65,35,3745,0
BANKNIFTY31JUL2548600PE.NFO,2025-07-03,11:55:00,2025-07-31,11.65,11.65,11.65,11.65,0,3745,0
BANKNIFTY31JUL2548600PE.NFO,2025-07-03,11:56:00,2025-07-31,11.65,11.65,11.65,11.65,0,3745,0
BANKNIFTY31JUL2548600PE.NFO,2025-07-03,11:57:00,2025-07-31,11.65,11.65,11.65,11.65,0,3745,0
BANKNIFTY31JUL2548600PE.NFO,2025-07-03,11:58:00,2025-07-31,11.65,11.65,11.65,11.65,0,3745,1
BANKNIFTY31JUL2548600PE.NFO,2025-07-03,11:59:00,2025-07-31,11.65,11.65,11.65,11.65,0,3745,0
BANKNIFTY31JUL2548600PE.NFO,2025-07-03,12:00:00,2025-07-31,11.65,11.65,11.65,11.65,0,3745,0
BANKNIFTY31JUL2548600PE.NFO,2025-07-03,12:01:00,2025-07-31,11.65,11.65,11.65,11.65,35,3780,0
BANKNIFTY31JUL2548600PE.NFO,2025-07-03,12:02:00,2025-07-31,11.65,11.65,11.65,11.65,0,3780,0
BANKNIFTY31JUL2548600PE.NFO,2025-07-03,12:03:00,2025-07-31,11.65,11.65,11.65,11.65,0,3780,0
BANKNIFTY31JUL2548600PE.NFO,2025-07-03,12:04:00,2025-07-31,11.65,11.65,11.65,11.65,0,3780,0
BANKNIFTY31JUL2548600PE.NFO,2025-07-03,12:05:00,2025-07-31,10.25,10.5,10.25,10.5,70,3815,0
BANKNIFTY31JUL2548600PE.NFO,2025-07-03,12:06:00,2025-07-31,10.5,10.5,10.5,10.5,0,3815,0
BANKNIFTY31JUL2548600PE.NFO,2025-07-03,12:07:00,2025-07-31,10.5,10.5,10.5,10.5,0,3815,1
BANKNIFTY31JUL2548600PE.NFO,2025-07-03,12:08:00,2025-07-31,10.5,10.5,10.5,10.5,0,3815,0
BANKNIFTY31JUL2548600PE.NFO,2025-07-03,12:09:00,2025-07-31,10.5,10.5,10.5,10.5,0,3815,1
BANKNIFTY31JUL2548600PE.NFO,2025-07-03,12:10:00,2025-07-31,10.5,10.5,10.5,10.5,0,3815,1
BANKNIFTY31JUL2548600PE.NFO,2025-07-03,12:11:00,2025-07-31,10.5,10.5,10.5,10.5,0,3815,1
BANKNIFTY31JUL2548600PE.NFO,2025-07-03,12:12:00,2025-07-31,10.5,10.5,10.5,10.5,0,3815,1
BANKNIFTY31JUL2548600PE.NFO,2025-07-03,12:13:00,2025-07-31,10.5,10.5,10.5,10.5,0,3815,1
BANKNIFTY31JUL2548600PE.NFO,2025-07-03,12:14:00,2025-07-31,10.5,10.5,10.5,10.5,0,3815,0
BANKNIFTY31JUL2548600PE.NFO,2025-07-03,12:15:00,2025-07-31,10.5,10.5,10.5,10.5,0,3815,0
BANKNIFTY31JUL2548600PE.NFO,2025-07-03,12:16:00,2025-07-31,10.5,10.5,10.5,10.5,0,3815,1
BANKNIFTY31JUL2548600PE.NFO,2025-07-03,12:17:00,2025-07-31,10.5,10.5,10.5,10.5,0,3815,0
BANKNIFTY31JUL2548600PE.NFO,2025-07-03,12:18:00,2025-07-31,10.5,10.5,10.5,10.5,0,3815,0
BANKNIFTY31JUL2548600PE.NFO,2025-07-03,12:19:00,2025-07-31,10.5,10.5,10.5,10.5,0,3815,0
BANKNIFTY31JUL2548600PE.NFO,2025-07-03,12:20:00,2025-07-31,10.5,10.5,10.5,10.5,0,3815,0
BANKNIFTY31JUL2548600PE.NFO,2025-07-03,12:21:00,2025-07-31,10.5,10.5,10.5,10.5,0,3815,1
BANKNIFTY31JUL2548600PE.NFO,2025-07-03,12:22:00,2025-07-31,10.5,10.5,10.5,10.5,0,3815,1
BANKNIFTY31JUL2548600PE.NFO,2025-07-03,12:23:00,2025-07-31,10.5,10.5,10.5,10.5,0,3815,0
BANKNIFTY31JUL2548600PE.NFO,2025-07-03,12:24:00,2025-07-31,10.5,10.5,10.5,10.5,0,3815,1
BANKNIFTY31JUL2548600PE.NFO,2025-07-03,12:25:00,2025-07-31,10.5,10.5,10.5,10.5,0,3815,0
BANKNIFTY31JUL2548600PE.NFO,2025-07-03,12:26:00,2025-07-31,10.5,10.5,10.5,10.5,0,3815,1
BANKNIFTY31JUL2548600PE.NFO,2025-07-03,12:27:00,2025-07-31,10.5,10.5,10.5,10.5,0,3815,0
BANKNIFTY31JUL2548600PE.NFO,2025-07-03,12:28:00,2025-07-31,10.5,10.5,10.5,10.5,0,3815,0
BANKNIFTY31JUL2548600PE.NFO,2025-07-03,12:29:00,2025-07-31,10.5,10.5,10.5,10.5,0,3815,0
BANKNIFTY31JUL2548600PE.NFO,2025-07-03,12:30:00,2025-07-31,10.5,10.5,10.5,10.5,0,3815,0
BANKNIFTY31JUL2548600PE.NFO,2025-07-03,12:31:00,2025-07-31,10.5,10.5,10.5,10.5,0,3815,0
BANKNIFTY31JUL2548600PE.NFO,2025-07-03,12:32:00,2025-07-31,10.5,10.5,10.5,10.5,0,3815,0
BANKNIFTY31JUL2548600PE.NFO,2025-07-03,12:33:00,2025-07-31,10.5,10.5,10.5,10.5,0,3815,1
BANKNIFTY31JUL2548600PE.NFO,2025-07-03,12:34:00,2025-07-31,10.5,10.5,10.5,10.5,0,3815,1
BANKNIFTY31JUL2548600PE.NFO,2025-07-03,12:35:00,2025-07-31,10.5,10.5,10.5,10.5,0,3815,0
BANKNIFTY31JUL2548600PE.NFO,2025-07-03,12:36:00,2025-07-31,10.5,10.5,10.5,10.5,0,3815,0
BANKNIFTY31JUL2548600PE.NFO,2025-07-03,12:37:00,2025-07-31,10.5,10.5,10.5,10.5,0,3815,0
BANKNIFTY31JUL2548600PE.NFO,2025-07-03,12:38:00,2025-07-31,10.5,10.5,10.5,10.5,0,3815,0
BANKNIFTY31JUL2548600PE.NFO,2025-07-03,12:39:00,2025-07-31,10.5,10.5,10.5,10.5,0,3815,1
BANKNIFTY31JUL2548600PE.NFO,2025-07-03,12:40:00,2025-07-31,10.5,10.5,10.5,10.5,0,3815,1
BANKNIFTY31JUL2548600PE.NFO,2025-07-03,12:41:00,2025-07-31,10.5,10.5,10.5,10.5,0,3815,0
BANKNIFTY31JUL2548600PE.NFO,2025-07-03,12:42:00,2025-07-31,10.5,10.5,10.5,10.5,0,3815,0
BANKNIFTY31JUL2548600PE.NFO,2025-07-03,12:43:00,2025-07-31,10.5,10.5,10.5,10.5,0,3815,0
BANKNIFTY31JUL2548600PE.NFO,2025-07-03,12:44:00,2025-07-31,10.5,10.5,10.5,10.5,0,3815,1
BANKNIFTY31JUL2548600PE.NFO,2025-07-03,12:45:00,2025-07-31,10.5,10.5,10.5,10.5,0,3815,1
BANKNIFTY31JUL2548600PE.NFO,2025-07-03,12:46:00,2025-07-31,10.5,10.5,10.5,10.5,0,3815,0
BANKNIFTY31JUL2548600PE.NFO,2025-07-03,12:47:00,2025-07-31,10.5,10.5,10.5,10.5,0,3815,0
BANKNIFTY31JUL2548600PE.NFO,2025-07-03,12:48:00,2025-07-31,10.5,10.5,10.5,10.5,0,3815,1
BANKNIFTY31JUL2548600PE.NFO,2025-07-03,12:49:00,2025-07-31,10.5,10.5,10.5,10.5,0,3815,0
BANKNIFTY31JUL2548600PE.NFO,2025-07-03,12:50:00,2025-07-31,10.5,10.5,10.5,10.5,0,3815,0
BANKNIFTY31JUL2548600PE.NFO,2025-07-03,12:51:00,2025-07-31,10.5,10.5,10.5,10.5,0,3815,0
BANKNIFTY31JUL2548600PE.NFO,2025-07-03,12:52:00,2025-07-31,10.5,10.5,10.5,10.5,0,3815,1
BANKNIFTY31JUL2548600PE.NFO,2025-07-03,12:53:00,2025-07-31,10.5,10.5,10.5,10.5,0,3815,1
BANKNIFTY31JUL2548600PE.NFO,2025-07-03,12:54:00,2025-07-31,10.5,10.5,10.5,10.5,0,3815,1
BANKNIFTY31JUL2548600PE.NFO,2025-07-03,12:55:00,2025-07-31,10.5,10.5,10.5,10.5,0,3815,1
BANKNIFTY31JUL2548600PE.NFO,2025-07-03,12:56:00,2025-07-31,10.5,10.5,10.5,10.5,0,3815,1
BANKNIFTY31JUL2548600PE.NFO,2025-07-03,12:57:00,2025-07-31,10.5,10.5,10.5,10.5,0,3815,1
BANKNIFTY31JUL2548600PE.NFO,2025-07-03,12:58:00,2025-07-31,10.5,10.5,10.5,10.5,0,3815,0
BANKNIFTY31JUL2548600PE.NFO,2025-07-03,12:59:00,2025-07-31,10.5,10.5,10.5,10.5,0,3815,1
BANKNIFTY31JUL2548600PE.NFO,2025-07-03,13:00:00,2025-07-31,10.5,10.5,10.5,10.5,0,3815,0
BANKNIFTY31JUL2548600PE.NFO,2025-07-03,13:01:00,2025-07-31,10.5,10.5,10.5,10.5,0,3815,0
BANKNIFTY31JUL2548600PE.NFO,2025-07-03,13:02:00,2025-07-31,10.5,10.5,10.5,10.5,0,3815,1
BANKNIFTY31JUL2548600PE.NFO,2025-07-03,13:03:00,2025-07-31,10.5,10.5,10.5,10.5,0,3815,0
BANKNIFTY31JUL2548600PE.NFO,2025-07-03,13:04:00,2025-07-31,10.5,10.5,10.5,10.5,0,3815,0
BANKNIFTY31JUL2548600PE.NFO,2025-07-03,13:05:00,2025-07-31,10.5,10.5,10.5,10.5,0,3815,0
BANKNIFTY31JUL2548600PE.NFO,2025-07-03,13:06:00,2025-07-31,10.5,10.5,10.5,10.5,0,3815,1
BANKNIFTY31JUL2548600PE.NFO,2025-07-03,13:07:00,2025-07-31,10.5,10.5,10.5,10.5,0,3815,1
BANKNIFTY31JUL2548600PE.NFO,2025-07-03,13:08:00,2025-07-31,10.5,10.5,10.5,10.5,0,3815,0
BANKNIFTY31JUL2548600PE.NFO,2025-07-03,13:09:00,2025-07-31,10.5,10.5,10.5,10.5,0,3815,0
BANKNIFTY31JUL2548600PE.NFO,2025-07-03,13:10:00,2025-07-31,10.5,10.5,10.5,10.5,0,3815,1
BANKNIFTY31JUL2548600PE.NFO,2025-07-03,13:11:00,2025-07-31,10.5,10.5,10.5,10.5,0,3815,0
BANKNIFTY31JUL2548600PE.NFO,2025-07-03,13:12:00,2025-07-31,10.5,10.5,10.5,10.5,0,3815,0
BANKNIFTY31JUL2548600PE.NFO,2025-07-03,13:13:00,2025-07-31,10.5,10.5,10.5,10.5,0,3815,0
BANKNIFTY31JUL2548600PE.NFO,2025-07-03,13:14:00,2025-07-31,10.5,10.5,10.5,10.5,0,3815,1
BANKNIFTY31JUL2548600PE.NFO,2025-07-03,13:15:00,2025-07-31,10.5,10.5,10.5,10.5,0,3815,1
BANKNIFTY31JUL2548600PE.NFO,2025-07-03,13:16:00,2025-07-31,10.5,10.5,10.5,10.5,0,3815,0
BANKNIFTY31JUL2548600PE.NFO,2025-07-03,13:17:00,2025-07-31,10.5,10.5,10.5,10.5,0,3815,0
BANKNIFTY31JUL2548600PE.NFO,2025-07-03,13:18:00,2025-07-31,10.5,10.5,10.5,10.5,0,3815,1
BANKNIFTY31JUL2548600PE.NFO,2025-07-03,13:19:00,2025-07-31,10.5,10.5,10.5,10.5,0,3815,1
BANKNIFTY31JUL2548600PE.NFO,2025-07-03,13:20:00,2025-07-31,10.5,10.5,10.5,10.5,0,3815,0
BANKNIFTY31JUL2548600PE.NFO,2025-07-03,13:21:00,2025-07-31,10.5,10.5,10.5,10.5,0,3815,1
BANKNIFTY31JUL2548600PE.NFO,2025-07-03,13:22:00,2025-07-31,10.5,10.5,10.5,10.5,0,3815,0
BANKNIFTY31JUL2548600PE.NFO,2025-07-03,13:23:00,2025-07-31,10.5,10.5,10.5,10.5,0,3815,0
BANKNIFTY31JUL2548600PE.NFO,2025-07-03,13:24:00,2025-07-31,10.5,10.5,10.5,10.5,0,3815,0
BANKNIFTY31JUL2548600PE.NFO,2025-07-03,13:25:00,2025-07-31,10.5,10.5,10.5,10.5,0,3815,0
BANKNIFTY31JUL2548600PE.NFO,2025-07-03,13:26:00,2025-07-31,10.5,10.5,10.5,10.5,0,3815,0
BANKNIFTY31JUL2548600PE.NFO,2025-07-03,13:27:00,2025-07-31,10.5,10.5,10.5,10.5,0,3815,1
BANKNIFTY31JUL2548600PE.NFO,2025-07-03,13:28:00,2025-07-31,10.5,10.5,10.5,10.5,0,3815,0
BANKNIFTY31JUL2548600PE.NFO,2025-07-03,13:29:00,2025-07-31,10.5,10.5,10.5,10.5,0,3815,0
BANKNIFTY31JUL2548600PE.NFO,2025-07-03,13:30:00,2025-07-31,10.5,10.5,10.5,10.5,0,3815,1
BANKNIFTY31JUL2548600PE.NFO,2025-07-03,13:31:00,2025-07-31,10.5,10.5,10.5,10.5,0,3815,0
BANKNIFTY31JUL2548600PE.NFO,2025-07-03,13:32:00,2025-07-31,10.5,10.5,10.5,10.5,0,3815,0
BANKNIFTY31JUL2548600PE.NFO,2025-07-03,13:33:00,2025-07-31,10.5,10.5,10.5,10.5,0,3815,0
BANKNIFTY31JUL2548600PE.NFO,2025-07-03,13:34:00,2025-07-31,10.5,10.5,10.5,10.5,0,3815,0
BANKNIFTY31JUL2548600PE.NFO,2025-07-03,13:35:00,2025-07-31,10.5,10.75,10.3,10.75,0,3780,0
BANKNIFTY31JUL2548600PE.NFO,2025-07-03,13:36:00,2025-07-31,10.75,10.75,10.75,10.75,70,3780,0
BANKNIFTY31JUL2548600PE.NFO,2025-07-03,13:37:00,2025-07-31,10.75,11.8,10.75,11.8,35,3745,0
BANKNIFTY31JUL2548600PE.NFO,2025-07-03,13:38:00,2025-07-31,11.8,11.8,11.8,11.8,0,3745,0
BANKNIFTY31JUL2548600PE.NFO,2025-07-03,13:39:00,2025-07-31,11.8,11.8,11.8,11.8,0,3745,0
BANKNIFTY31JUL2548600PE.NFO,2025-07-03,13:40:00,2025-07-31,11.8,11.8,11.8,11.8,0,3745,0
BANKNIFTY31JUL2548600PE.NFO,2025-07-03,13:41:00,2025-07-31,11.8,11.8,11.8,11.8,0,3745,0
BANKNIFTY31JUL2548600PE.NFO,2025-07-03,13:42:00,2025-07-31,11.8,11.8,11.8,11.8,0,3745,0
BANKNIFTY31JUL2548600PE.NFO,2025-07-03,13:43:00,2025-07-31,11.8,11.8,11.8,11.8,0,3745,0
BANKNIFTY31JUL2548600PE.NFO,2025-07-03,13:44:00,2025-07-31,11.8,11.8,11.8,11.8,0,3745,0
BANKNIFTY31JUL2548600PE.NFO,2025-07-03,13:45:00,2025-07-31,11.8,11.8,11.8,11.8,0,3745,0
BANKNIFTY31JUL2548600PE.NFO,2025-07-03,13:46:00,2025-07-31,11.8,11.8,11.8,11.8,0,3745,0
BANKNIFTY31JUL2548600PE.NFO,2025-07-03,13:47:00,2025-07-31,11.8,11.8,11.8,11.8,0,3745,1
BANKNIFTY31JUL2548600PE.NFO,2025-07-03,13:48:00,2025-07-31,11.8,11.8,11.8,11.8,0,3745,1
BANKNIFTY31JUL2548600PE.NFO,2025-07-03,13:49:00,2025-07-31,11.8,11.8,11.8,11.8,0,3745,0
BANKNIFTY31JUL2548600PE.NFO,2025-07-03,13:50:00,2025-07-31,11.8,11.8,11.8,11.8,0,3745,0
BANKNIFTY31JUL2548600PE.NFO,2025-07-03,13:51:00,2025-07-31,11.8,11.8,11.8,11.8,0,3745,0
BANKNIFTY31JUL2548600PE.NFO,2025-07-03,13:52:00,2025-07-31,11.8,11.8,11.8,11.8,0,3745,0
BANKNIFTY31JUL2548600PE.NFO,2025-07-03,13:53:00,2025-07-31,11.8,11.8,11.8,11.8,0,3745,1
BANKNIFTY31JUL2548600PE.NFO,2025-07-03,13:54:00,2025-07-31,11.8,11.8,11.8,11.8,0,3745,1
BANKNIFTY31JUL2548600PE.NFO,2025-07-03,13:55:00,2025-07-31,11.8,11.8,11.8,11.8,0,3745,1
BANKNIFTY31JUL2548600PE.NFO,2025-07-03,13:56:00,2025-07-31,11.8,11.8,11.8,11.8,0,3745,1
BANKNIFTY31JUL2548600PE.NFO,2025-07-03,13:57:00,2025-07-31,11.8,11.8,11.8,11.8,0,3745,1
BANKNIFTY31JUL2548600PE.NFO,2025-07-03,13:58:00,2025-07-31,11.8,11.8,11.8,11.8,0,3745,1
BANKNIFTY31JUL2548600PE.NFO,2025-07-03,13:59:00,2025-07-31,11.8,11.8,11.8,11.8,0,3745,0
BANKNIFTY31JUL2548600PE.NFO,2025-07-03,14:00:00,2025-07-31,11.8,11.8,11.8,11.8,0,3745,1
BANKNIFTY31JUL2548600PE.NFO,2025-07-03,14:01:00,2025-07-31,11.8,11.8,11.8,11.8,0,3745,0
BANKNIFTY31JUL2548600PE.NFO,2025-07-03,14:02:00,2025-07-31,11.8,11.8,11.8,11.8,0,3745,1
BANKNIFTY31JUL2548600PE.NFO,2025-07-03,14:03:00,2025-07-31,11.8,11.8,11.8,11.8,0,3745,0
BANKNIFTY31JUL2548600PE.NFO,2025-07-03,14:04:00,2025-07-31,11.8,11.8,11.8,11.8,0,3745,1
BANKNIFTY31JUL2548600PE.NFO,2025-07-03,14:05:00,2025-07-31,11.8,11.8,11.8,11.8,0,3745,0
BANKNIFTY31JUL2548600PE.NFO,2025-07-03,14:06:00,2025-07-31,11.8,11.8,11.8,11.8,0,3745,0
BANKNIFTY31JUL2548600PE.NFO,2025-07-03,14:07:00,2025-07-31,11.8,11.8,11.8,11.8,0,3745,0
BANKNIFTY31JUL2548600PE.NFO,2025-07-03,14:08:00,2025-07-31,11.8,11.8,11.8,11.8,0,3745,1
BANKNIFTY31JUL2548600PE.NFO,2025-07-03,14:09:00,2025-07-31,11.8,11.8,11.8,11.8,0,3745,0
BANKNIFTY31JUL2548600PE.NFO,2025-07-03,14:10:00,2025-07-31,11.8,11.8,11.8,11.8,0,3745,0
BANKNIFTY31JUL2548600PE.NFO,2025-07-03,14:11:00,2025-07-31,11.8,11.8,11.8,11.8,0,3745,1
BANKNIFTY31JUL2548600PE.NFO,2025-07-03,14:12:00,2025-07-31,11.8,11.8,11.8,11.8,0,3745,0
BANKNIFTY31JUL2548600PE.NFO,2025-07-03,14:13:00,2025-07-31,11.8,11.8,11.8,11.8,0,3745,1
BANKNIFTY31JUL2548600PE.NFO,2025-07-03,14:14:00,2025-07-31,11.8,11.8,11.8,11.8,0,3745,0
BANKNIFTY31JUL2548600PE.NFO,2025-07-03,14:15:00,2025-07-31,11.8,11.8,11.8,11.8,0,3745,0
BANKNIFTY31JUL2548600PE.NFO,2025-07-03,14:16:00,2025-07-31,11.8,11.8,11.8,11.8,0,3745,0
BANKNIFTY31JUL2548600PE.NFO,2025-07-03,14:17:00,2025-07-31,11.8,11.8,11.8,11.8,0,3745,0
BANKNIFTY31JUL2548600PE.NFO,2025-07-03,14:18:00,2025-07-31,11.8,11.8,11.8,11.8,0,3745,0
BANKNIFTY31JUL2548600PE.NFO,2025-07-03,14:19:00,2025-07-31,11.8,11.8,11.8,11.8,0,3745,0
BANKNIFTY31JUL2548600PE.NFO,2025-07-03,14:20:00,2025-07-31,11.8,11.8,11.8,11.8,0,3745,0
BANKNIFTY31JUL2548600PE.NFO,2025-07-03,14:21:00,2025-07-31,11.8,11.8,11.8,11.8,0,3745,0
BANKNIFTY31JUL2548600PE.NFO,2025-07-03,14:22:00,2025-07-31,11.8,11.8,11.8,11.8,0,3745,0
BANKNIFTY31JUL2548600PE.NFO,2025-07-03,14:23:00,2025-07-31,11.8,11.8,11.8,11.8,0,3745,0
BANKNIFTY31JUL2548600PE.NFO,2025-07-03,14:24:00,2025-07-31,11.8,11.8,11.8,11.8,0,3745,0
BANKNIFTY31JUL2548600PE.NFO,2025-07-03,14:25:00,2025-07-31,11.8,11.8,11.8,11.8,0,3745,0
BANKNIFTY31JUL2548600PE.NFO,2025-07-03,14:26:00,2025-07-31,11.8,11.8,11.8,11.8,0,3745,0
BANKNIFTY31JUL2548600PE.NFO,2025-07-03,14:27:00,2025-07-31,11.8,11.8,11.8,11.8,0,3745,0
BANKNIFTY31JUL2548600PE.NFO,2025-07-03,14:28:00,2025-07-31,11.8,11.8,11.8,11.8,0,3745,0
BANKNIFTY31JUL2548600PE.NFO,2025-07-03,14:29:00,2025-07-31,11.8,11.8,11.8,11.8,0,3745,0
BANKNIFTY31JUL2548600PE.NFO,2025-07-03,14:30:00,2025-07-31,11.8,11.8,11.8,11.8,0,3745,0
BANKNIFTY31JUL2548600PE.NFO,2025-07-03,14:31:00,2025-07-31,11.8,11.8,11.8,11.8,0,3745,0
BANKNIFTY31JUL2548600PE.NFO,2025-07-03,14:32:00,2025-07-31,11.8,11.8,11.8,11.8,0,3745,0
BANKNIFTY31JUL2548600PE.NFO,2025-07-03,14:33:00,2025-07-31,11.8,11.8,11.8,11.8,0,3745,0
BANKNIFTY31JUL2548600PE.NFO,2025-07-03,14:34:00,2025-07-31,11.8,11.8,11.8,11.8,0,3745,0
BANKNIFTY31JUL2548600PE.NFO,2025-07-03,14:35:00,2025-07-31,11.8,12.95,11.55,11.55,420,3780,0
BANKNIFTY31JUL2548600PE.NFO,2025-07-03,14:36:00,2025-07-31,11.55,11.55,11.55,11.55,350,3780,0
BANKNIFTY31JUL2548600PE.NFO,2025-07-03,14:37:00,2025-07-31,11.55,11.55,11.55,11.55,0,3780,0
BANKNIFTY31JUL2548600PE.NFO,2025-07-03,14:38:00,2025-07-31,11.55,11.55,11.55,11.55,0,3780,0
BANKNIFTY31JUL2548600PE.NFO,2025-07-03,14:39:00,2025-07-31,11.55,11.55,11.55,11.55,0,3780,0
BANKNIFTY31JUL2548600PE.NFO,2025-07-03,14:40:00,2025-07-31,11.55,11.55,11.55,11.55,0,3780,0
BANKNIFTY31JUL2548600PE.NFO,2025-07-03,14:41:00,2025-07-31,11.55,11.55,11.55,11.55,0,3780,0
BANKNIFTY31JUL2548600PE.NFO,2025-07-03,14:42:00,2025-07-31,11.55,11.55,11.55,11.55,0,3780,0
BANKNIFTY31JUL2548600PE.NFO,2025-07-03,14:43:00,2025-07-31,11.55,11.55,11.55,11.55,0,3780,0
BANKNIFTY31JUL2548600PE.NFO,2025-07-03,14:44:00,2025-07-31,11.55,11.55,11.55,11.55,0,3780,1
BANKNIFTY31JUL2548600PE.NFO,2025-07-03,14:45:00,2025-07-31,11.55,11.55,11.55,11.55,0,3780,1
BANKNIFTY31JUL2548600PE.NFO,2025-07-03,14:46:00,2025-07-31,11.55,11.55,11.55,11.55,0,3780,0
BANKNIFTY31JUL2548600PE.NFO,2025-07-03,14:47:00,2025-07-31,11.55,11.55,11.55,11.55,0,3780,1
BANKNIFTY31JUL2548600PE.NFO,2025-07-03,14:48:00,2025-07-31,11.55,11.55,11.55,11.55,0,3780,1
BANKNIFTY31JUL2548600PE.NFO,2025-07-03,14:49:00,2025-07-31,11.55,11.55,11.55,11.55,0,3780,1
BANKNIFTY31JUL2548600PE.NFO,2025-07-03,14:50:00,2025-07-31,11.55,11.55,11.55,11.55,0,3780,0
BANKNIFTY31JUL2548600PE.NFO,2025-07-03,14:51:00,2025-07-31,11.55,11.55,11.55,11.55,0,3780,0
BANKNIFTY31JUL2548600PE.NFO,2025-07-03,14:52:00,2025-07-31,11.55,11.55,11.55,11.55,0,3780,1
BANKNIFTY31JUL2548600PE.NFO,2025-07-03,14:53:00,2025-07-31,11.55,11.55,11.55,11.55,0,3780,0
BANKNIFTY31JUL2548600PE.NFO,2025-07-03,14:54:00,2025-07-31,10.35,10.35,10.35,10.35,35,4200,0
BANKNIFTY31JUL2548600PE.NFO,2025-07-03,14:55:00,2025-07-31,10.35,10.35,10.35,10.35,0,4200,0
BANKNIFTY31JUL2548600PE.NFO,2025-07-03,14:56:00,2025-07-31,10.35,10.35,10.35,10.35,0,4200,0
BANKNIFTY31JUL2548600PE.NFO,2025-07-03,14:57:00,2025-07-31,10.35,10.35,10.35,10.35,0,4200,0
BANKNIFTY31JUL2548600PE.NFO,2025-07-03,14:58:00,2025-07-31,10.35,10.35,10.35,10.35,0,4200,0
BANKNIFTY31JUL2548600PE.NFO,2025-07-03,14:59:00,2025-07-31,10.35,10.35,10.35,10.35,0,4200,0
BANKNIFTY31JUL2548600PE.NFO,2025-07-03,15:00:00,2025-07-31,10.35,10.35,10.35,10.35,0,4200,0
BANKNIFTY31JUL2548600PE.NFO,2025-07-03,15:01:00,2025-07-31,10.35,10.35,10.35,10.35,0,4200,1
BANKNIFTY31JUL2548600PE.NFO,2025-07-03,15:02:00,2025-07-31,10.35,10.35,10.35,10.35,0,4200,0
BANKNIFTY31JUL2548600PE.NFO,2025-07-03,15:03:00,2025-07-31,10.35,10.35,10.0,10.0,140,4165,0
BANKNIFTY31JUL2548600PE.NFO,2025-07-03,15:04:00,2025-07-31,10.0,10.8,10.0,10.8,35,4165,0
BANKNIFTY31JUL2548600PE.NFO,2025-07-03,15:05:00,2025-07-31,10.8,10.8,10.8,10.8,0,4165,0
BANKNIFTY31JUL2548600PE.NFO,2025-07-03,15:06:00,2025-07-31,10.8,10.8,10.8,10.8,0,4165,0
BANKNIFTY31JUL2548600PE.NFO,2025-07-03,15:07:00,2025-07-31,10.8,10.8,10.8,10.8,0,4165,0
BANKNIFTY31JUL2548600PE.NFO,2025-07-03,15:08:00,2025-07-31,10.8,10.8,10.8,10.8,0,4165,1
BANKNIFTY31JUL2548600PE.NFO,2025-07-03,15:09:00,2025-07-31,10.8,11.9,10.35,10.35,35,4165,0
BANKNIFTY31JUL2548600PE.NFO,2025-07-03,15:10:00,2025-07-31,10.35,10.35,10.35,10.35,105,4165,0
BANKNIFTY31JUL2548600PE.NFO,2025-07-03,15:11:00,2025-07-31,11.5,11.5,10.05,10.85,105,4270,0
BANKNIFTY31JUL2548600PE.NFO,2025-07-03,15:12:00,2025-07-31,10.85,10.85,10.85,10.85,0,4270,0
BANKNIFTY31JUL2548600PE.NFO,2025-07-03,15:13:00,2025-07-31,10.85,10.85,10.0,10.6,105,4340,0
BANKNIFTY31JUL2548600PE.NFO,2025-07-03,15:14:00,2025-07-31,10.6,10.7,10.6,10.7,35,4340,0
BANKNIFTY31JUL2548600PE.NFO,2025-07-03,15:15:00,2025-07-31,10.7,10.7,10.7,10.7,0,4340,0
BANKNIFTY31JUL2548600PE.NFO,2025-07-03,15:16:00,2025-07-31,10.7,10.7,10.7,10.7,0,4340,0
BANKNIFTY31JUL2548600PE.NFO,2025-07-03,15:17:00,2025-07-31,10.7,10.7,10.7,10.7,0,4340,0
BANKNIFTY31JUL2548600PE.NFO,2025-07-03,15:18:00,2025-07-31,10.7,10.7,10.7,10.7,0,4340,0
BANKNIFTY31JUL2548600PE.NFO,2025-07-03,15:19:00,2025-07-31,11.75,11.75,11.75,11.75,70,4270,0
BANKNIFTY31JUL2548600PE.NFO,2025-07-03,15:20:00,2025-07-31,11.75,11.75,11.75,11.75,0,4270,0
BANKNIFTY31JUL2548600PE.NFO,2025-07-03,15:21:00,2025-07-31,11.75,11.75,11.75,11.75,0,4270,0
BANKNIFTY31JUL2548600PE.NFO,2025-07-03,15:22:00,2025-07-31,11.75,11.75,10.6,10.6,70,4340,0
BANKNIFTY31JUL2548600PE.NFO,2025-07-03,15:23:00,2025-07-31,10.6,10.6,10.6,10.6,0,4340,0
BANKNIFTY31JUL2548600PE.NFO,2025-07-03,15:24:00,2025-07-31,10.6,10.6,10.6,10.6,0,4340,0
BANKNIFTY31JUL2548600PE.NFO,2025-07-03,15:25:00,2025-07-31,10.6,10.6,10.6,10.6,0,4340,0
BANKNIFTY31JUL2548600PE.NFO,2025-07-03,15:26:00,2025-07-31,10.6,10.6,10.6,10.6,0,4340,0
BANKNIFTY31JUL2548600PE.NFO,2025-07-03,15:27:00,2025-07-31,10.6,10.6,10.6,10.6,0,4340,0
BANKNIFTY31JUL2548600PE.NFO,2025-07-03,15:28:00,2025-07-31,10.6,10.6,10.6,10.6,0,4340,1
BANKNIFTY31JUL2548600PE.NFO,2025-07-03,15:29:00,2025-07-31,10.6,10.6,10.6,10.6,0,4340,1
BANKNIFTY31JUL2548600PE.NFO,2025-07-03,15:30:00,2025-07-31,10.6,10.6,10.6,10.6,0,4340,1
BANKNIFTY31JUL2548600PE.NFO,2025-07-04,09:15:00,2025-07-31,10.05,11.9,10.05,11.9,0,4270,0
BANKNIFTY31JUL2548600PE.NFO,2025-07-04,09:16:00,2025-07-31,11.9,11.9,11.9,11.9,35,4270,0
BANKNIFTY31JUL2548600PE.NFO,2025-07-04,09:17:00,2025-07-31,11.9,11.9,11.9,11.9,0,4270,0
BANKNIFTY31JUL2548600PE.NFO,2025-07-04,09:18:00,2025-07-31,11.9,11.9,11.9,11.9,0,4270,0
BANKNIFTY31JUL2548600PE.NFO,2025-07-04,09:19:00,2025-07-31,11.9,12.7,11.9,12.7,0,4200,0
BANKNIFTY31JUL2548600PE.NFO,2025-07-04,09:20:00,2025-07-31,12.7,12.7,10.45,10.45,210,4200,0
BANKNIFTY31JUL2548600PE.NFO,2025-07-04,09:21:00,2025-07-31,10.95,10.95,10.5,10.5,245,4200,0
BANKNIFTY31JUL2548600PE.NFO,2025-07-04,09:22:00,2025-07-31,10.5,10.5,10.5,10.5,0,4200,0
BANKNIFTY31JUL2548600PE.NFO,2025-07-04,09:23:00,2025-07-31,10.5,10.5,10.5,10.5,0,4200,0
BANKNIFTY31JUL2548600PE.NFO,2025-07-04,09:24:00,2025-07-31,10.5,10.5,10.5,10.5,0,4200,0
BANKNIFTY31JUL2548600PE.NFO,2025-07-04,09:25:00,2025-07-31,10.5,10.5,10.5,10.5,0,4200,0
BANKNIFTY31JUL2548600PE.NFO,2025-07-04,09:26:00,2025-07-31,10.5,10.5,10.5,10.5,0,4200,0
BANKNIFTY31JUL2548600PE.NFO,2025-07-04,09:27:00,2025-07-31,10.5,10.5,8.95,8.95,35,4410,0
BANKNIFTY31JUL2548600PE.NFO,2025-07-04,09:28:00,2025-07-31,8.95,8.95,8.95,8.95,0,4410,0
BANKNIFTY31JUL2548600PE.NFO,2025-07-04,09:29:00,2025-07-31,8.95,8.95,8.95,8.95,0,4410,0
BANKNIFTY31JUL2548600PE.NFO,2025-07-04,09:30:00,2025-07-31,8.95,8.95,8.95,8.95,0,4410,0
BANKNIFTY31JUL2548600PE.NFO,2025-07-04,09:31:00,2025-07-31,8.95,8.95,8.95,8.95,0,4410,0
BANKNIFTY31JUL2548600PE.NFO,2025-07-04,09:32:00,2025-07-31,8.95,8.95,8.95,8.95,0,4410,0
BANKNIFTY31JUL2548600PE.NFO,2025-07-04,09:33:00,2025-07-31,8.95,8.95,8.95,8.95,0,4410,0
BANKNIFTY31JUL2548600PE.NFO,2025-07-04,09:34:00,2025-07-31,8.95,8.95,8.95,8.95,0,4410,0
BANKNIFTY31JUL2548600PE.NFO,2025-07-04,09:35:00,2025-07-31,8.95,9.7,8.95,9.7,35,4410,0
BANKNIFTY31JUL2548600PE.NFO,2025-07-04,09:36:00,2025-07-31,9.7,11.6,9.7,11.6,70,4410,0
BANKNIFTY31JUL2548600PE.NFO,2025-07-04,09:37:00,2025-07-31,11.6,11.6,11.6,11.6,0,4410,0
BANKNIFTY31JUL2548600PE.NFO,2025-07-04,09:38:00,2025-07-31,10.4,10.45,9.55,10.45,280,4445,0
BANKNIFTY31JUL2548600PE.NFO,2025-07-04,09:39:00,2025-07-31,10.45,10.45,10.2,10.2,35,4445,0
BANKNIFTY31JUL2548600PE.NFO,2025-07-04,09:40:00,2025-07-31,10.2,10.2,10.05,10.05,105,4585,0
BANKNIFTY31JUL2548600PE.NFO,2025-07-04,09:41:00,2025-07-31,10.05,10.05,9.95,9.95,35,4585,0
BANKNIFTY31JUL2548600PE.NFO,2025-07-04,09:42:00,2025-07-31,9.95,9.95,9.95,9.95,0,4585,0
BANKNIFTY31JUL2548600PE.NFO,2025-07-04,09:43:00,2025-07-31,9.95,9.95,9.95,9.95,0,4585,0
BANKNIFTY31JUL2548600PE.NFO,2025-07-04,09:44:00,2025-07-31,9.95,9.95,9.95,9.95,0,4585,0
BANKNIFTY31JUL2548600PE.NFO,2025-07-04,09:45:00,2025-07-31,9.95,9.95,9.95,9.95,0,4585,0
BANKNIFTY31JUL2548600PE.NFO,2025-07-04,09:46:00,2025-07-31,9.95,9.95,9.95,9.95,0,4585,1
BANKNIFTY31JUL2548600PE.NFO,2025-07-04,09:47:00,2025-07-31,10.95,10.95,10.95,10.95,35,4515,0
BANKNIFTY31JUL2548600PE.NFO,2025-07-04,09:48:00,2025-07-31,10.95,10.95,10.55,10.55,35,4515,0
BANKNIFTY31JUL2548600PE.NFO,2025-07-04,09:49:00,2025-07-31,10.55,10.55,10.55,10.55,0,4515,0
BANKNIFTY31JUL2548600PE.NFO,2025-07-04,09:50:00,2025-07-31,10.55,10.55,10.55,10.55,0,4515,0
BANKNIFTY31JUL2548600PE.NFO,2025-07-04,09:51:00,2025-07-31,10.55,10.55,10.55,10.55,0,4515,0
BANKNIFTY31JUL2548600PE.NFO,2025-07-04,09:52:00,2025-07-31,10.55,10.55,10.55,10.55,0,4515,0
BANKNIFTY31JUL2548600PE.NFO,2025-07-04,09:53:00,2025-07-31,10.55,10.55,10.55,10.55,0,4515,0
BANKNIFTY31JUL2548600PE.NFO,2025-07-04,09:54:00,2025-07-31,10.55,10.55,10.55,10.55,0,4515,0
BANKNIFTY31JUL2548600PE.NFO,2025-07-04,09:55:00,2025-07-31,9.5,9.9,9.5,9.9,280,4515,0
BANKNIFTY31JUL2548600PE.NFO,2025-07-04,09:56:00,2025-07-31,9.9,9.9,9.9,9.9,0,4515,0
BANKNIFTY31JUL2548600PE.NFO,2025-07-04,09:57:00,2025-07-31,9.9,9.9,9.9,9.9,0,4515,0
BANKNIFTY31JUL2548600PE.NFO,2025-07-04,09:58:00,2025-07-31,9.9,9.9,9.9,9.9,0,4515,0
BANKNIFTY31JUL2548600PE.NFO,2025-07-04,09:59:00,2025-07-31,9.9,9.9,9.9,9.9,0,4515,1
BANKNIFTY31JUL2548600PE.NFO,2025-07-04,10:00:00,2025-07-31,9.9,9.9,9.9,9.9,0,4515,1
BANKNIFTY31JUL2548600PE.NFO,2025-07-04,10:01:00,2025-07-31,9.9,11.0,9.9,10.15,455,4270,0
BANKNIFTY31JUL2548600PE.NFO,2025-07-04,10:02:00,2025-07-31,10.15,10.15,10.15,10.15,0,4270,0
BANKNIFTY31JUL2548600PE.NFO,2025-07-04,10:03:00,2025-07-31,10.15,10.15,10.15,10.15,0,4270,0
BANKNIFTY31JUL2548600PE.NFO,2025-07-04,10:04:00,2025-07-31,10.15,10.15,10.15,10.15,0,4270,0
BANKNIFTY31JUL2548600PE.NFO,2025-07-04,10:05:00,2025-07-31,10.15,10.15,10.15,10.15,0,4270,0
BANKNIFTY31JUL2548600PE.NFO,2025-07-04,10:06:00,2025-07-31,10.15,10.15,10.15,10.15,0,4270,0
BANKNIFTY31JUL2548600PE.NFO,2025-07-04,10:07:00,2025-07-31,8.8,8.8,8.8,8.8,210,4515,0
BANKNIFTY31JUL2548600PE.NFO,2025-07-04,10:08:00,2025-07-31,8.8,9.95,8.8,9.9,140,4515,0
BANKNIFTY31JUL2548600PE.NFO,2025-07-04,10:09:00,2025-07-31,9.9,9.9,9.9,9.9,0,4515,0
BANKNIFTY31JUL2548600PE.NFO,2025-07-04,10:10:00,2025-07-31,9.9,9.9,9.9,9.9,0,4515,0
BANKNIFTY31JUL2548600PE.NFO,2025-07-04,10:11:00,2025-07-31,9.9,9.9,9.9,9.9,0,4515,1
BANKNIFTY31JUL2548600PE.NFO,2025-07-04,10:12:00,2025-07-31,9.9,9.9,9.9,9.9,0,4515,1
BANKNIFTY31JUL2548600PE.NFO,2025-07-04,10:13:00,2025-07-31,9.9,9.9,9.9,9.9,0,4515,0
BANKNIFTY31JUL2548600PE.NFO,2025-07-04,10:14:00,2025-07-31,9.9,9.9,9.9,9.9,0,4515,0
BANKNIFTY31JUL2548600PE.NFO,2025-07-04,10:15:00,2025-07-31,9.9,9.9,9.9,9.9,0,4515,0
BANKNIFTY31JUL2548600PE.NFO,2025-07-04,10:16:00,2025-07-31,9.9,9.9,9.9,9.9,0,4515,1
BANKNIFTY31JUL2548600PE.NFO,2025-07-04,10:17:00,2025-07-31,9.9,9.9,9.9,9.9,0,4515,1
BANKNIFTY31JUL2548600PE.NFO,2025-07-04,10:18:00,2025-07-31,9.9,9.9,9.9,9.9,0,4515,0
BANKNIFTY31JUL2548600PE.NFO,2025-07-04,10:19:00,2025-07-31,9.9,9.9,9.9,9.9,0,4515,0
BANKNIFTY31JUL2548600PE.NFO,2025-07-04,10:20:00,2025-07-31,9.9,9.9,9.9,9.9,0,4515,1
BANKNIFTY31JUL2548600PE.NFO,2025-07-04,10:21:00,2025-07-31,9.9,9.9,9.9,9.9,0,4515,0
BANKNIFTY31JUL2548600PE.NFO,2025-07-04,10:22:00,2025-07-31,9.9,9.9,9.9,9.9,0,4515,1
BANKNIFTY31JUL2548600PE.NFO,2025-07-04,10:23:00,2025-07-31,9.9,9.9,9.9,9.9,0,4515,0
BANKNIFTY31JUL2548600PE.NFO,2025-07-04,10:24:00,2025-07-31,9.9,9.9,9.9,9.9,0,4515,1
BANKNIFTY31JUL2548600PE.NFO,2025-07-04,10:25:00,2025-07-31,9.9,9.9,9.9,9.9,0,4515,1
BANKNIFTY31JUL2548600PE.NFO,2025-07-04,10:26:00,2025-07-31,10.85,10.85,10.05,10.15,140,4340,0
BANKNIFTY31JUL2548600PE.NFO,2025-07-04,10:27:00,2025-07-31,10.15,10.15,10.15,10.15,0,4340,0
BANKNIFTY31JUL2548600PE.NFO,2025-07-04,10:28:00,2025-07-31,10.15,10.15,10.15,10.15,0,4340,0
BANKNIFTY31JUL2548600PE.NFO,2025-07-04,10:29:00,2025-07-31,10.15,10.15,10.15,10.15,0,4340,0
BANKNIFTY31JUL2548600PE.NFO,2025-07-04,10:30:00,2025-07-31,10.15,10.15,10.15,10.15,0,4340,0
BANKNIFTY31JUL2548600PE.NFO,2025-07-04,10:31:00,2025-07-31,10.15,10.15,10.15,10.15,0,4340,1
BANKNIFTY31JUL2548600PE.NFO,2025-07-04,10:32:00,2025-07-31,10.15,10.15,10.15,10.15,35,4410,0
BANKNIFTY31JUL2548600PE.NFO,2025-07-04,10:33:00,2025-07-31,10.15,10.15,10.15,10.15,0,4410,0
BANKNIFTY31JUL2548600PE.NFO,2025-07-04,10:34:00,2025-07-31,10.15,10.15,10.15,10.15,0,4410,1
BANKNIFTY31JUL2548600PE.NFO,2025-07-04,10:35:00,2025-07-31,10.15,10.15,10.15,10.15,0,4410,0
BANKNIFTY31JUL2548600PE.NFO,2025-07-04,10:36:00,2025-07-31,10.15,10.15,10.15,10.15,0,4410,0
BANKNIFTY31JUL2548600PE.NFO,2025-07-04,10:37:00,2025-07-31,11.25,11.25,11.25,11.25,35,4445,0
BANKNIFTY31JUL2548600PE.NFO,2025-07-04,10:38:00,2025-07-31,11.25,11.25,10.3,10.3,35,4445,0
BANKNIFTY31JUL2548600PE.NFO,2025-07-04,10:39:00,2025-07-31,10.3,10.3,9.55,9.55,35,4445,0
BANKNIFTY31JUL2548600PE.NFO,2025-07-04,10:40:00,2025-07-31,9.55,9.55,9.55,9.55,0,4445,0
BANKNIFTY31JUL2548600PE.NFO,2025-07-04,10:41:00,2025-07-31,9.55,9.55,9.55,9.55,0,4445,0
BANKNIFTY31JUL2548600PE.NFO,2025-07-04,10:42:00,2025-07-31,9.55,9.55,9.55,9.55,0,4445,0
BANKNIFTY31JUL2548600PE.NFO,2025-07-04,10:43:00,2025-07-31,9.55,9.55,9.55,9.55,0,4445,1
BANKNIFTY31JUL2548600PE.NFO,2025-07-04,10:44:00,2025-07-31,9.55,9.55,9.55,9.55,0,4445,0
BANKNIFTY31JUL2548600PE.NFO,2025-07-04,10:45:00,2025-07-31,9.55,9.55,9.55,9.55,0,4445,1
BANKNIFTY31JUL2548600PE.NFO,2025-07-04,10:46:00,2025-07-31,8.85,8.85,8.85,8.85,35,4515,0
BANKNIFTY31JUL2548600PE.NFO,2025-07-04,10:47:00,2025-07-31,8.85,9.65,8.85,9.65,35,4515,0
BANKNIFTY31JUL2548600PE.NFO,2025-07-04,10:48:00,2025-07-31,9.65,9.65,9.65,9.65,0,4515,0
BANKNIFTY31JUL2548600PE.NFO,2025-07-04,10:49:00,2025-07-31,9.65,9.65,9.65,9.65,0,4515,0
BANKNIFTY31JUL2548600PE.NFO,2025-07-04,10:50:00,2025-07-31,10.3,10.3,10.3,10.3,0,4480,0
BANKNIFTY31JUL2548600PE.NFO,2025-07-04,10:51:00,2025-07-31,10.3,10.3,9.8,9.8,70,4515,0
BANKNIFTY31JUL2548600PE.NFO,2025-07-04,10:52:00,2025-07-31,9.8,9.8,9.8,9.8,0,4515,0
BANKNIFTY31JUL2548600PE.NFO,2025-07-04,10:53:00,2025-07-31,9.8,9.8,9.8,9.8,0,4515,0
BANKNIFTY31JUL2548600PE.NFO,2025-07-04,10:54:00,2025-07-31,9.8,9.8,9.8,9.8,0,4515,0
BANKNIFTY31JUL2548600PE.NFO,2025-07-04,10:55:00,2025-07-31,9.8,9.8,9.8,9.8,0,4515,1
BANKNIFTY31JUL2548600PE.NFO,2025-07-04,10:56:00,2025-07-31,9.8,9.8,9.8,9.8,0,4515,1
BANKNIFTY31JUL2548600PE.NFO,2025-07-04,10:57:00,2025-07-31,9.8,9.8,9.8,9.8,0,4515,1
BANKNIFTY31JUL2548600PE.NFO,2025-07-04,10:58:00,2025-07-31,9.8,9.8,9.8,9.8,0,4515,0
BANKNIFTY31JUL2548600PE.NFO,2025-07-04,10:59:00,2025-07-31,9.8,9.8,9.8,9.8,0,4515,1
BANKNIFTY31JUL2548600PE.NFO,2025-07-04,11:00:00,2025-07-31,9.8,9.8,9.8,9.8,0,4515,0
BANKNIFTY31JUL2548600PE.NFO,2025-07-04,11:01:00,2025-07-31,9.8,9.8,9.8,9.8,0,4515,1
BANKNIFTY31JUL2548600PE.NFO,2025-07-04,11:02:00,2025-07-31,9.8,9.8,9.8,9.8,0,4515,0
BANKNIFTY31JUL2548600PE.NFO,2025-07-04,11:03:00,2025-07-31,9.8,9.8,9.8,9.8,0,4515,0
BANKNIFTY31JUL2548600PE.NFO,2025-07-04,11:04:00,2025-07-31,9.8,9.8,9.8,9.8,0,4515,1
BANKNIFTY31JUL2548600PE.NFO,2025-07-04,11:05:00,2025-07-31,9.8,9.8,9.8,9.8,0,4515,1
BANKNIFTY31JUL2548600PE.NFO,2025-07-04,11:06:00,2025-07-31,9.8,9.8,9.8,9.8,0,4515,1
BANKNIFTY31JUL2548600PE.NFO,2025-07-04,11:07:00,2025-07-31,9.8,9.8,9.8,9.8,0,4515,0
BANKNIFTY31JUL2548600PE.NFO,2025-07-04,11:08:00,2025-07-31,9.8,9.8,9.8,9.8,0,4515,0
BANKNIFTY31JUL2548600PE.NFO,2025-07-04,11:09:00,2025-07-31,9.8,9.8,9.8,9.8,0,4515,1
BANKNIFTY31JUL2548600PE.NFO,2025-07-04,11:10:00,2025-07-31,9.8,9.8,9.8,9.8,0,4515,1
BANKNIFTY31JUL2548600PE.NFO,2025-07-04,11:11:00,2025-07-31,9.8,9.8,9.8,9.8,0,4515,1
BANKNIFTY31JUL2548600PE.NFO,2025-07-04,11:12:00,2025-07-31,9.8,9.8,9.8,9.8,0,4515,1
BANKNIFTY31JUL2548600PE.NFO,2025-07-04,11:13:00,2025-07-31,11.0,11.0,10.15,10.15,70,4480,0
BANKNIFTY31JUL2548600PE.NFO,2025-07-04,11:14:00,2025-07-31,10.15,10.15,10.15,10.15,0,4480,0
BANKNIFTY31JUL2548600PE.NFO,2025-07-04,11:15:00,2025-07-31,10.15,10.15,10.15,10.15,0,4480,1
BANKNIFTY31JUL2548600PE.NFO,2025-07-04,11:16:00,2025-07-31,10.15,10.15,10.15,10.15,0,4480,1
BANKNIFTY31JUL2548600PE.NFO,2025-07-04,11:17:00,2025-07-31,10.15,10.15,10.15,10.15,0,4480,0
BANKNIFTY31JUL2548600PE.NFO,2025-07-04,11:18:00,2025-07-31,10.15,10.15,10.15,10.15,0,4480,0
BANKNIFTY31JUL2548600PE.NFO,2025-07-04,11:19:00,2025-07-31,10.15,10.15,10.15,10.15,0,4480,0
BANKNIFTY31JUL2548600PE.NFO,2025-07-04,11:20:00,2025-07-31,10.15,10.15,10.15,10.15,0,4480,1
BANKNIFTY31JUL2548600PE.NFO,2025-07-04,11:21:00,2025-07-31,10.15,10.15,10.15,10.15,0,4480,1
BANKNIFTY31JUL2548600PE.NFO,2025-07-04,11:22:00,2025-07-31,10.15,10.15,10.15,10.15,0,4480,1
BANKNIFTY31JUL2548600PE.NFO,2025-07-04,11:23:00,2025-07-31,10.15,10.15,10.15,10.15,0,4480,0
BANKNIFTY31JUL2548600PE.NFO,2025-07-04,11:24:00,2025-07-31,10.15,10.15,10.15,10.15,0,4480,1
BANKNIFTY31JUL2548600PE.NFO,2025-07-04,11:25:00,2025-07-31,10.15,10.15,10.15,10.15,0,4480,0
BANKNIFTY31JUL2548600PE.NFO,2025-07-04,11:26:00,2025-07-31,10.15,10.15,10.15,10.15,0,4480,0
BANKNIFTY31JUL2548600PE.NFO,2025-07-04,11:27:00,2025-07-31,10.15,10.15,10.15,10.15,0,4480,1
BANKNIFTY31JUL2548600PE.NFO,2025-07-04,11:28:00,2025-07-31,10.15,10.15,10.15,10.15,0,4480,0
BANKNIFTY31JUL2548600PE.NFO,2025-07-04,11:29:00,2025-07-31,10.15,10.15,10.15,10.15,0,4480,1
BANKNIFTY31JUL2548600PE.NFO,2025-07-04,11:30:00,2025-07-31,10.15,10.15,10.15,10.15,0,4480,0
BANKNIFTY31JUL2548600PE.NFO,2025-07-04,11:31:00,2025-07-31,10.15,10.15,10.15,10.15,0,4480,0
BANKNIFTY31JUL2548600PE.NFO,2025-07-04,11:32:00,2025-07-31,9.3,9.7,9.3,9.7,665,4515,0
BANKNIFTY31JUL2548600PE.NFO,2025-07-04,11:33:00,2025-07-31,9.7,9.7,9.7,9.7,0,4515,0
BANKNIFTY31JUL2548600PE.NFO,2025-07-04,11:34:00,2025-07-31,9.7,9.8,9.7,9.8,35,4200,0
BANKNIFTY31JUL2548600PE.NFO,2025-07-04,11:35:00,2025-07-31,9.8,9.8,9.8,9.8,0,4200,0
BANKNIFTY31JUL2548600PE.NFO,2025-07-04,11:36:00,2025-07-31,9.8,9.8,9.8,9.8,0,4200,0
BANKNIFTY31JUL2548600PE.NFO,2025-07-04,11:37:00,2025-07-31,9.8,9.8,9.8,9.8,0,4200,0
BANKNIFTY31JUL2548600PE.NFO,2025-07-04,11:38:00,2025-07-31,9.8,9.8,9.8,9.8,0,4200,1
BANKNIFTY31JUL2548600PE.NFO,2025-07-04,11:39:00,2025-07-31,9.8,9.8,9.8,9.8,0,4200,1
BANKNIFTY31JUL2548600PE.NFO,2025-07-04,11:40:00,2025-07-31,9.8,9.8,9.8,9.8,0,4200,0
BANKNIFTY31JUL2548600PE.NFO,2025-07-04,11:41:00,2025-07-31,9.8,9.8,9.8,9.8,0,4200,0
BANKNIFTY31JUL2548600PE.NFO,2025-07-04,11:42:00,2025-07-31,9.8,9.8,9.8,9.8,0,4200,1
BANKNIFTY31JUL2548600PE.NFO,2025-07-04,11:43:00,2025-07-31,9.8,9.8,9.8,9.8,0,4200,1
BANKNIFTY31JUL2548600PE.NFO,2025-07-04,11:44:00,2025-07-31,9.8,9.8,9.8,9.8,0,4200,1
BANKNIFTY31JUL2548600PE.NFO,2025-07-04,11:45:00,2025-07-31,9.8,9.8,9.8,9.8,0,4200,1
BANKNIFTY31JUL2548600PE.NFO,2025-07-04,11:46:00,2025-07-31,9.8,9.8,9.8,9.8,0,4200,0
BANKNIFTY31JUL2548600PE.NFO,2025-07-04,11:47:00,2025-07-31,9.8,9.8,9.8,9.8,0,4200,1
BANKNIFTY31JUL2548600PE.NFO,2025-07-04,11:48:00,2025-07-31,9.8,9.8,9.8,9.8,0,4200,0
BANKNIFTY31JUL2548600PE.NFO,2025-07-04,11:49:00,2025-07-31,9.8,9.8,9.8,9.8,0,4200,1
BANKNIFTY31JUL2548600PE.NFO,2025-07-04,11:50:00,2025-07-31,9.8,9.8,9.8,9.8,0,4200,0
BANKNIFTY31JUL2548600PE.NFO,2025-07-04,11:51:00,2025-07-31,9.8,9.8,9.8,9.8,0,4200,0
BANKNIFTY31JUL2548600PE.NFO,2025-07-04,11:52:00,2025-07-31,9.8,9.8,9.8,9.8,0,4200,1
BANKNIFTY31JUL2548600PE.NFO,2025-07-04,11:53:00,2025-07-31,9.8,9.8,9.8,9.8,0,4200,1
BANKNIFTY31JUL2548600PE.NFO,2025-07-04,11:54:00,2025-07-31,9.8,9.8,9.8,9.8,0,4200,1
BANKNIFTY31JUL2548600PE.NFO,2025-07-04,11:55:00,2025-07-31,9.8,9.8,9.8,9.8,0,4200,1
BANKNIFTY31JUL2548600PE.NFO,2025-07-04,11:56:00,2025-07-31,9.8,9.8,9.8,9.8,0,4200,1
BANKNIFTY31JUL2548600PE.NFO,2025-07-04,11:57:00,2025-07-31,9.8,9.8,9.8,9.8,0,4200,1
BANKNIFTY31JUL2548600PE.NFO,2025-07-04,11:58:00,2025-07-31,9.8,9.8,9.8,9.8,0,4200,0
BANKNIFTY31JUL2548600PE.NFO,2025-07-04,11:59:00,2025-07-31,9.8,9.8,9.8,9.8,0,4200,0
BANKNIFTY31JUL2548600PE.NFO,2025-07-04,12:00:00,2025-07-31,9.8,9.8,9.8,9.8,0,4200,1
BANKNIFTY31JUL2548600PE.NFO,2025-07-04,12:01:00,2025-07-31,9.8,9.8,9.8,9.8,0,4200,0
BANKNIFTY31JUL2548600PE.NFO,2025-07-04,12:02:00,2025-07-31,9.8,9.8,9.8,9.8,0,4200,1
BANKNIFTY31JUL2548600PE.NFO,2025-07-04,12:03:00,2025-07-31,9.8,9.8,9.8,9.8,0,4200,0
BANKNIFTY31JUL2548600PE.NFO,2025-07-04,12:04:00,2025-07-31,9.8,9.8,9.8,9.8,0,4200,1
BANKNIFTY31JUL2548600PE.NFO,2025-07-04,12:05:00,2025-07-31,9.8,9.8,9.8,9.8,0,4200,0
BANKNIFTY31JUL2548600PE.NFO,2025-07-04,12:06:00,2025-07-31,9.8,9.8,9.8,9.8,0,4200,0
BANKNIFTY31JUL2548600PE.NFO,2025-07-04,12:07:00,2025-07-31,10.5,10.5,10.5,10.5,175,4165,0
BANKNIFTY31JUL2548600PE.NFO,2025-07-04,12:08:00,2025-07-31,10.5,10.5,10.5,10.5,0,4165,0
BANKNIFTY31JUL2548600PE.NFO,2025-07-04,12:09:00,2025-07-31,10.5,10.5,10.5,10.5,0,4165,0
BANKNIFTY31JUL2548600PE.NFO,2025-07-04,12:10:00,2025-07-31,10.5,10.5,10.5,10.5,0,4165,0
BANKNIFTY31JUL2548600PE.NFO,2025-07-04,12:11:00,2025-07-31,10.5,10.5,10.5,10.5,0,4165,1
BANKNIFTY31JUL2548600PE.NFO,2025-07-04,12:12:00,2025-07-31,10.5,10.5,10.5,10.5,0,4165,0
BANKNIFTY31JUL2548600PE.NFO,2025-07-04,12:13:00,2025-07-31,10.5,10.5,10.5,10.5,35,4200,0
BANKNIFTY31JUL2548600PE.NFO,2025-07-04,12:14:00,2025-07-31,10.5,10.5,10.5,10.5,0,4200,0
BANKNIFTY31JUL2548600PE.NFO,2025-07-04,12:15:00,2025-07-31,10.5,10.5,10.5,10.5,0,4200,1
BANKNIFTY31JUL2548600PE.NFO,2025-07-04,12:16:00,2025-07-31,10.5,10.5,10.5,10.5,0,4200,1
BANKNIFTY31JUL2548600PE.NFO,2025-07-04,12:17:00,2025-07-31,10.5,10.5,10.5,10.5,0,4200,1
BANKNIFTY31JUL2548600PE.NFO,2025-07-04,12:18:00,2025-07-31,10.5,10.5,10.5,10.5,0,4200,1
BANKNIFTY31JUL2548600PE.NFO,2025-07-04,12:19:00,2025-07-31,10.5,10.5,10.5,10.5,0,4200,1
BANKNIFTY31JUL2548600PE.NFO,2025-07-04,12:20:00,2025-07-31,10.5,10.5,10.5,10.5,0,4200,1
BANKNIFTY31JUL2548600PE.NFO,2025-07-04,12:21:00,2025-07-31,10.5,10.5,10.5,10.5,0,4200,0
BANKNIFTY31JUL2548600PE.NFO,2025-07-04,12:22:00,2025-07-31,10.5,10.5,10.5,10.5,0,4200,1
BANKNIFTY31JUL2548600PE.NFO,2025-07-04,12:23:00,2025-07-31,9.5,9.5,9.5,9.5,35,4235,0
BANKNIFTY31JUL2548600PE.NFO,2025-07-04,12:24:00,2025-07-31,9.5,9.5,9.5,9.5,0,4235,0
BANKNIFTY31JUL2548600PE.NFO,2025-07-04,12:25:00,2025-07-31,9.5,10.15,9.5,10.15,35,4235,0
BANKNIFTY31JUL2548600PE.NFO,2025-07-04,12:26:00,2025-07-31,10.15,10.15,10.15,10.15,0,4235,0
BANKNIFTY31JUL2548600PE.NFO,2025-07-04,12:27:00,2025-07-31,10.15,10.15,9.65,9.65,35,4235,0
BANKNIFTY31JUL2548600PE.NFO,2025-07-04,12:28:00,2025-07-31,9.65,9.65,9.65,9.65,0,4235,0
BANKNIFTY31JUL2548600PE.NFO,2025-07-04,12:29:00,2025-07-31,9.65,10.75,9.65,10.75,35,4235,0
BANKNIFTY31JUL2548600PE.NFO,2025-07-04,12:30:00,2025-07-31,10.75,10.75,10.75,10.75,0,4235,0
BANKNIFTY31JUL2548600PE.NFO,2025-07-04,12:31:00,2025-07-31,10.75,10.75,10.75,10.75,0,4235,0
BANKNIFTY31JUL2548600PE.NFO,2025-07-04,12:32:00,2025-07-31,10.75,10.75,10.75,10.75,0,4235,0
BANKNIFTY31JUL2548600PE.NFO,2025-07-04,12:33:00,2025-07-31,10.75,10.75,10.75,10.75,0,4235,0
BANKNIFTY31JUL2548600PE.NFO,2025-07-04,12:34:00,2025-07-31,10.75,10.75,10.75,10.75,0,4235,0
BANKNIFTY31JUL2548600PE.NFO,2025-07-04,12:35:00,2025-07-31,10.75,10.75,10.75,10.75,0,4235,1
BANKNIFTY31JUL2548600PE.NFO,2025-07-04,12:36:00,2025-07-31,10.75,10.75,10.75,10.75,0,4235,1
BANKNIFTY31JUL2548600PE.NFO,2025-07-04,12:37:00,2025-07-31,10.75,10.75,10.75,10.75,0,4235,1
BANKNIFTY31JUL2548600PE.NFO,2025-07-04,12:38:00,2025-07-31,10.75,10.75,10.75,10.75,0,4235,0
BANKNIFTY31JUL2548600PE.NFO,2025-07-04,12:39:00,2025-07-31,10.75,10.75,10.75,10.75,0,4235,0
BANKNIFTY31JUL2548600PE.NFO,2025-07-04,12:40:00,2025-07-31,10.75,10.75,10.75,10.75,0,4235,0
BANKNIFTY31JUL2548600PE.NFO,2025-07-04,12:41:00,2025-07-31,10.75,10.75,10.75,10.75,0,4235,0
BANKNIFTY31JUL2548600PE.NFO,2025-07-04,12:42:00,2025-07-31,10.75,10.75,10.75,10.75,0,4235,0
BANKNIFTY31JUL2548600PE.NFO,2025-07-04,12:43:00,2025-07-31,10.75,10.75,10.75,10.75,0,4235,0
BANKNIFTY31JUL2548600PE.NFO,2025-07-04,12:44:00,2025-07-31,10.75,10.75,10.75,10.75,0,4235,1
BANKNIFTY31JUL2548600PE.NFO,2025-07-04,12:45:00,2025-07-31,10.75,10.75,10.75,10.75,0,4235,0
BANKNIFTY31JUL2548600PE.NFO,2025-07-04,12:46:00,2025-07-31,10.75,10.75,10.75,10.75,0,4235,0
BANKNIFTY31JUL2548600PE.NFO,2025-07-04,12:47:00,2025-07-31,10.75,10.75,10.75,10.75,0,4235,1
BANKNIFTY31JUL2548600PE.NFO,2025-07-04,12:48:00,2025-07-31,9.7,9.7,9.7,9.7,35,4270,0
BANKNIFTY31JUL2548600PE.NFO,2025-07-04,12:49:00,2025-07-31,9.7,9.7,9.7,9.7,0,4270,0
BANKNIFTY31JUL2548600PE.NFO,2025-07-04,12:50:00,2025-07-31,9.7,9.7,9.7,9.7,0,4270,0
BANKNIFTY31JUL2548600PE.NFO,2025-07-04,12:51:00,2025-07-31,9.7,9.7,9.7,9.7,0,4270,1
BANKNIFTY31JUL2548600PE.NFO,2025-07-04,12:52:00,2025-07-31,9.7,9.7,9.7,9.7,0,4270,1
BANKNIFTY31JUL2548600PE.NFO,2025-07-04,12:53:00,2025-07-31,9.7,9.7,9.7,9.7,0,4270,0
BANKNIFTY31JUL2548600PE.NFO,2025-07-04,12:54:00,2025-07-31,9.7,9.7,9.7,9.7,0,4270,0
BANKNIFTY31JUL2548600PE.NFO,2025-07-04,12:55:00,2025-07-31,9.7,9.7,9.7,9.7,0,4270,1
BANKNIFTY31JUL2548600PE.NFO,2025-07-04,12:56:00,2025-07-31,9.7,9.7,9.7,9.7,0,4270,0
BANKNIFTY31JUL2548600PE.NFO,2025-07-04,12:57:00,2025-07-31,9.7,9.7,9.7,9.7,0,4270,0
BANKNIFTY31JUL2548600PE.NFO,2025-07-04,12:58:00,2025-07-31,9.7,9.7,9.7,9.7,0,4270,0
BANKNIFTY31JUL2548600PE.NFO,2025-07-04,12:59:00,2025-07-31,9.7,9.7,9.7,9.7,0,4270,1
BANKNIFTY31JUL2548600PE.NFO,2025-07-04,13:00:00,2025-07-31,9.7,9.7,9.7,9.7,0,4270,1
BANKNIFTY31JUL2548600PE.NFO,2025-07-04,13:01:00,2025-07-31,9.7,9.7,9.7,9.7,0,4270,1
BANKNIFTY31JUL2548600PE.NFO,2025-07-04,13:02:00,2025-07-31,9.7,9.7,9.7,9.7,0,4270,1
BANKNIFTY31JUL2548600PE.NFO,2025-07-04,13:03:00,2025-07-31,9.7,9.7,9.7,9.7,0,4270,0
BANKNIFTY31JUL2548600PE.NFO,2025-07-04,13:04:00,2025-07-31,9.7,9.7,9.7,9.7,0,4270,0
BANKNIFTY31JUL2548600PE.NFO,2025-07-04,13:05:00,2025-07-31,9.7,9.7,9.7,9.7,0,4270,0
BANKNIFTY31JUL2548600PE.NFO,2025-07-04,13:06:00,2025-07-31,9.7,9.7,9.7,9.7,0,4270,1
BANKNIFTY31JUL2548600PE.NFO,2025-07-04,13:07:00,2025-07-31,9.7,9.7,9.7,9.7,0,4270,0
BANKNIFTY31JUL2548600PE.NFO,2025-07-04,13:08:00,2025-07-31,9.7,9.7,9.7,9.7,0,4270,0
BANKNIFTY31JUL2548600PE.NFO,2025-07-04,13:09:00,2025-07-31,9.7,9.7,9.7,9.7,0,4270,1
BANKNIFTY31JUL2548600PE.NFO,2025-07-04,13:10:00,2025-07-31,9.7,9.7,9.7,9.7,0,4270,0
BANKNIFTY31JUL2548600PE.NFO,2025-07-04,13:11:00,2025-07-31,9.7,9.7,9.7,9.7,0,4270,0
BANKNIFTY31JUL2548600PE.NFO,2025-07-04,13:12:00,2025-07-31,9.7,9.7,9.7,9.7,0,4270,1
BANKNIFTY31JUL2548600PE.NFO,2025-07-04,13:13:00,2025-07-31,9.7,9.7,9.7,9.7,0,4270,1
BANKNIFTY31JUL2548600PE.NFO,2025-07-04,13:14:00,2025-07-31,9.7,9.7,9.7,9.7,0,4270,0
BANKNIFTY31JUL2548600PE.NFO,2025-07-04,13:15:00,2025-07-31,9.7,9.7,9.7,9.7,0,4270,1
BANKNIFTY31JUL2548600PE.NFO,2025-07-04,13:16:00,2025-07-31,9.7,9.7,9.7,9.7,0,4270,1
BANKNIFTY31JUL2548600PE.NFO,2025-07-04,13:17:00,2025-07-31,9.7,9.7,9.7,9.7,0,4270,1
BANKNIFTY31JUL2548600PE.NFO,2025-07-04,13:18:00,2025-07-31,9.7,9.7,9.7,9.7,0,4270,0
BANKNIFTY31JUL2548600PE.NFO,2025-07-04,13:19:00,2025-07-31,9.7,9.7,9.7,9.7,0,4270,1
BANKNIFTY31JUL2548600PE.NFO,2025-07-04,13:20:00,2025-07-31,9.7,9.7,9.7,9.7,0,4270,1
BANKNIFTY31JUL2548600PE.NFO,2025-07-04,13:21:00,2025-07-31,9.7,9.7,9.7,9.7,0,4270,1
BANKNIFTY31JUL2548600PE.NFO,2025-07-04,13:22:00,2025-07-31,9.7,9.7,9.7,9.7,0,4270,0
BANKNIFTY31JUL2548600PE.NFO,2025-07-04,13:23:00,2025-07-31,9.7,9.7,9.7,9.7,0,4270,0
BANKNIFTY31JUL2548600PE.NFO,2025-07-04,13:24:00,2025-07-31,9.7,9.7,9.7,9.7,0,4270,0
BANKNIFTY31JUL2548600PE.NFO,2025-07-04,13:25:00,2025-07-31,9.7,9.7,9.7,9.7,0,4270,1
BANKNIFTY31JUL2548600PE.NFO,2025-07-04,13:26:00,2025-07-31,9.7,9.7,9.7,9.7,0,4270,1
BANKNIFTY31JUL2548600PE.NFO,2025-07-04,13:27:00,2025-07-31,9.7,9.7,9.7,9.7,0,4270,1
BANKNIFTY31JUL2548600PE.NFO,2025-07-04,13:28:00,2025-07-31,9.7,9.7,9.7,9.7,0,4270,0
BANKNIFTY31JUL2548600PE.NFO,2025-07-04,13:29:00,2025-07-31,9.7,11.2,9.7,11.2,35,4235,0
BANKNIFTY31JUL2548600PE.NFO,2025-07-04,13:30:00,2025-07-31,11.2,11.2,11.2,11.2,0,4235,0
BANKNIFTY31JUL2548600PE.NFO,2025-07-04,13:31:00,2025-07-31,11.2,11.2,11.2,11.2,0,4235,1
BANKNIFTY31JUL2548600PE.NFO,2025-07-04,13:32:00,2025-07-31,11.2,11.2,11.2,11.2,0,4235,0
BANKNIFTY31JUL2548600PE.NFO,2025-07-04,13:33:00,2025-07-31,11.2,11.2,11.2,11.2,0,4235,0
BANKNIFTY31JUL2548600PE.NFO,2025-07-04,13:34:00,2025-07-31,11.2,11.2,11.2,11.2,0,4235,1
BANKNIFTY31JUL2548600PE.NFO,2025-07-04,13:35:00,2025-07-31,11.2,11.2,11.2,11.2,0,4235,0
BANKNIFTY31JUL2548600PE.NFO,2025-07-04,13:36:00,2025-07-31,11.2,11.2,11.2,11.2,0,4235,1
BANKNIFTY31JUL2548600PE.NFO,2025-07-04,13:37:00,2025-07-31,11.2,11.2,11.2,11.2,0,4235,1
BANKNIFTY31JUL2548600PE.NFO,2025-07-04,13:38:00,2025-07-31,11.2,11.2,11.2,11.2,0,4235,0
BANKNIFTY31JUL2548600PE.NFO,2025-07-04,13:39:00,2025-07-31,11.2,11.2,11.2,11.2,0,4235,1
BANKNIFTY31JUL2548600PE.NFO,2025-07-04,13:40:00,2025-07-31,11.2,11.2,11.2,11.2,0,4235,1
BANKNIFTY31JUL2548600PE.NFO,2025-07-04,13:41:00,2025-07-31,11.2,11.2,11.2,11.2,0,4235,1
BANKNIFTY31JUL2548600PE.NFO,2025-07-04,13:42:00,2025-07-31,11.2,11.2,11.2,11.2,35,4235,0
BANKNIFTY31JUL2548600PE.NFO,2025-07-04,13:43:00,2025-07-31,11.2,11.2,11.2,11.2,35,4235,1
BANKNIFTY31JUL2548600PE.NFO,2025-07-04,13:44:00,2025-07-31,11.2,11.2,11.2,11.2,35,4235,1
BANKNIFTY31JUL2548600PE.NFO,2025-07-04,13:45:00,2025-07-31,11.2,11.2,11.2,11.2,35,4235,1
BANKNIFTY31JUL2548600PE.NFO,2025-07-04,13:46:00,2025-07-31,11.2,11.2,11.2,11.2,35,4235,1
BANKNIFTY31JUL2548600PE.NFO,2025-07-04,13:47:00,2025-07-31,11.2,11.2,11.2,11.2,35,4235,1
BANKNIFTY31JUL2548600PE.NFO,2025-07-04,13:48:00,2025-07-31,11.2,11.2,11.2,11.2,0,4235,0
BANKNIFTY31JUL2548600PE.NFO,2025-07-04,13:49:00,2025-07-31,11.2,11.2,11.2,11.2,0,4235,0
BANKNIFTY31JUL2548600PE.NFO,2025-07-04,13:50:00,2025-07-31,11.2,11.2,11.2,11.2,0,4235,0
BANKNIFTY31JUL2548600PE.NFO,2025-07-04,13:51:00,2025-07-31,11.2,11.2,11.2,11.2,0,4235,1
BANKNIFTY31JUL2548600PE.NFO,2025-07-04,13:52:00,2025-07-31,11.2,11.2,11.2,11.2,0,4235,0
BANKNIFTY31JUL2548600PE.NFO,2025-07-04,13:53:00,2025-07-31,11.2,11.2,11.2,11.2,0,4235,1
BANKNIFTY31JUL2548600PE.NFO,2025-07-04,13:54:00,2025-07-31,11.2,11.2,11.2,11.2,0,4235,1
BANKNIFTY31JUL2548600PE.NFO,2025-07-04,13:55:00,2025-07-31,11.2,11.2,11.2,11.2,0,4235,1
BANKNIFTY31JUL2548600PE.NFO,2025-07-04,13:56:00,2025-07-31,11.2,11.2,11.2,11.2,0,4235,1
BANKNIFTY31JUL2548600PE.NFO,2025-07-04,13:57:00,2025-07-31,11.2,11.2,11.2,11.2,0,4235,0
BANKNIFTY31JUL2548600PE.NFO,2025-07-04,13:58:00,2025-07-31,11.2,11.2,11.2,11.2,0,4235,0
BANKNIFTY31JUL2548600PE.NFO,2025-07-04,13:59:00,2025-07-31,11.2,11.2,11.2,11.2,0,4235,1
BANKNIFTY31JUL2548600PE.NFO,2025-07-04,14:00:00,2025-07-31,11.2,11.2,11.2,11.2,0,4235,0
BANKNIFTY31JUL2548600PE.NFO,2025-07-04,14:01:00,2025-07-31,11.2,11.2,11.2,11.2,0,4235,0
BANKNIFTY31JUL2548600PE.NFO,2025-07-04,14:02:00,2025-07-31,11.2,11.2,11.2,11.2,0,4235,0
BANKNIFTY31JUL2548600PE.NFO,2025-07-04,14:03:00,2025-07-31,11.2,11.2,11.2,11.2,0,4235,1
BANKNIFTY31JUL2548600PE.NFO,2025-07-04,14:04:00,2025-07-31,11.2,11.2,11.2,11.2,0,4235,1
BANKNIFTY31JUL2548600PE.NFO,2025-07-04,14:05:00,2025-07-31,11.2,11.2,11.2,11.2,0,4235,1
BANKNIFTY31JUL2548600PE.NFO,2025-07-04,14:06:00,2025-07-31,11.2,11.2,10.1,10.1,35,4270,0
BANKNIFTY31JUL2548600PE.NFO,2025-07-04,14:07:00,2025-07-31,10.1,10.1,10.1,10.1,0,4270,0
BANKNIFTY31JUL2548600PE.NFO,2025-07-04,14:08:00,2025-07-31,10.1,10.1,10.1,10.1,0,4270,0
BANKNIFTY31JUL2548600PE.NFO,2025-07-04,14:09:00,2025-07-31,9.95,9.95,9.95,9.95,105,4270,0
BANKNIFTY31JUL2548600PE.NFO,2025-07-04,14:10:00,2025-07-31,9.9,9.9,9.9,9.9,35,4340,0
BANKNIFTY31JUL2548600PE.NFO,2025-07-04,14:11:00,2025-07-31,9.9,9.9,9.9,9.9,0,4340,0
BANKNIFTY31JUL2548600PE.NFO,2025-07-04,14:12:00,2025-07-31,9.9,9.9,9.9,9.9,0,4340,0
BANKNIFTY31JUL2548600PE.NFO,2025-07-04,14:13:00,2025-07-31,9.9,9.9,9.9,9.9,0,4340,0
BANKNIFTY31JUL2548600PE.NFO,2025-07-04,14:14:00,2025-07-31,9.9,9.9,9.9,9.9,140,4340,0
BANKNIFTY31JUL2548600PE.NFO,2025-07-04,14:15:00,2025-07-31,9.9,9.9,9.9,9.9,245,4340,0
BANKNIFTY31JUL2548600PE.NFO,2025-07-04,14:16:00,2025-07-31,9.9,9.9,9.9,9.9,245,4340,1
BANKNIFTY31JUL2548600PE.NFO,2025-07-04,14:17:00,2025-07-31,9.9,9.9,9.9,9.9,0,4340,0
BANKNIFTY31JUL2548600PE.NFO,2025-07-04,14:18:00,2025-07-31,9.9,9.9,9.9,9.9,0,4340,0
BANKNIFTY31JUL2548600PE.NFO,2025-07-04,14:19:00,2025-07-31,9.9,9.9,9.9,9.9,0,4340,0
BANKNIFTY31JUL2548600PE.NFO,2025-07-04,14:20:00,2025-07-31,9.9,9.9,9.9,9.9,0,4340,1
BANKNIFTY31JUL2548600PE.NFO,2025-07-04,14:21:00,2025-07-31,9.9,9.9,9.9,9.9,0,4340,0
BANKNIFTY31JUL2548600PE.NFO,2025-07-04,14:22:00,2025-07-31,9.9,9.9,9.9,9.9,0,4340,1
BANKNIFTY31JUL2548600PE.NFO,2025-07-04,14:23:00,2025-07-31,9.9,9.9,9.9,9.9,0,4340,1
BANKNIFTY31JUL2548600PE.NFO,2025-07-04,14:24:00,2025-07-31,9.9,9.9,9.9,9.9,0,4725,0
BANKNIFTY31JUL2548600PE.NFO,2025-07-04,14:25:00,2025-07-31,9.9,9.9,9.9,9.9,70,4725,0
BANKNIFTY31JUL2548600PE.NFO,2025-07-04,14:26:00,2025-07-31,9.9,9.9,9.9,9.9,0,4725,0
BANKNIFTY31JUL2548600PE.NFO,2025-07-04,14:27:00,2025-07-31,9.9,9.9,9.9,9.9,0,4725,1
BANKNIFTY31JUL2548600PE.NFO,2025-07-04,14:28:00,2025-07-31,9.9,9.9,9.9,9.9,0,4725,1
BANKNIFTY31JUL2548600PE.NFO,2025-07-04,14:29:00,2025-07-31,9.9,9.9,9.9,9.9,0,4725,1
BANKNIFTY31JUL2548600PE.NFO,2025-07-04,14:30:00,2025-07-31,9.9,9.9,9.15,9.15,0,4795,0
BANKNIFTY31JUL2548600PE.NFO,2025-07-04,14:31:00,2025-07-31,9.15,9.15,9.15,9.15,210,4795,0
BANKNIFTY31JUL2548600PE.NFO,2025-07-04,14:32:00,2025-07-31,9.6,9.6,9.6,9.6,315,4830,0
BANKNIFTY31JUL2548600PE.NFO,2025-07-04,14:33:00,2025-07-31,9.6,9.6,9.6,9.6,0,4830,0
BANKNIFTY31JUL2548600PE.NFO,2025-07-04,14:34:00,2025-07-31,9.6,9.6,9.6,9.6,0,4830,0
BANKNIFTY31JUL2548600PE.NFO,2025-07-04,14:35:00,2025-07-31,9.6,9.6,9.6,9.6,0,4830,0
BANKNIFTY31JUL2548600PE.NFO,2025-07-04,14:36:00,2025-07-31,9.6,9.6,9.6,9.6,0,4830,1
BANKNIFTY31JUL2548600PE.NFO,2025-07-04,14:37:00,2025-07-31,9.6,9.6,9.6,9.6,0,4830,1
BANKNIFTY31JUL2548600PE.NFO,2025-07-04,14:38:00,2025-07-31,9.6,9.6,9.6,9.6,0,4830,1
BANKNIFTY31JUL2548600PE.NFO,2025-07-04,14:39:00,2025-07-31,9.6,9.6,9.6,9.6,0,4830,1
BANKNIFTY31JUL2548600PE.NFO,2025-07-04,14:40:00,2025-07-31,9.6,9.6,9.6,9.6,0,4830,1
BANKNIFTY31JUL2548600PE.NFO,2025-07-04,14:41:00,2025-07-31,9.6,9.6,9.6,9.6,0,4830,1
BANKNIFTY31JUL2548600PE.NFO,2025-07-04,14:42:00,2025-07-31,9.6,9.6,9.6,9.6,0,4830,1
BANKNIFTY31JUL2548600PE.NFO,2025-07-04,14:43:00,2025-07-31,9.6,9.6,9.6,9.6,0,4830,1
BANKNIFTY31JUL2548600PE.NFO,2025-07-04,14:44:00,2025-07-31,9.6,9.6,9.6,9.6,0,4830,1
BANKNIFTY31JUL2548600PE.NFO,2025-07-04,14:45:00,2025-07-31,9.6,9.6,9.6,9.6,0,4830,1
BANKNIFTY31JUL2548600PE.NFO,2025-07-04,14:46:00,2025-07-31,9.6,9.6,9.6,9.6,0,4830,1
BANKNIFTY31JUL2548600PE.NFO,2025-07-04,14:47:00,2025-07-31,9.6,9.6,9.6,9.6,0,4830,0
BANKNIFTY31JUL2548600PE.NFO,2025-07-04,14:48:00,2025-07-31,9.6,9.6,9.6,9.6,0,4830,1
BANKNIFTY31JUL2548600PE.NFO,2025-07-04,14:49:00,2025-07-31,9.6,9.6,9.6,9.6,0,4830,0
BANKNIFTY31JUL2548600PE.NFO,2025-07-04,14:50:00,2025-07-31,9.6,9.6,9.6,9.6,0,4830,0
BANKNIFTY31JUL2548600PE.NFO,2025-07-04,14:51:00,2025-07-31,9.6,9.6,9.6,9.6,0,4830,0
BANKNIFTY31JUL2548600PE.NFO,2025-07-04,14:52:00,2025-07-31,9.6,9.6,9.6,9.6,0,4830,0
BANKNIFTY31JUL2548600PE.NFO,2025-07-04,14:53:00,2025-07-31,8.9,8.9,8.85,8.85,245,4760,0
BANKNIFTY31JUL2548600PE.NFO,2025-07-04,14:54:00,2025-07-31,8.85,8.85,8.85,8.85,70,4760,0
BANKNIFTY31JUL2548600PE.NFO,2025-07-04,14:55:00,2025-07-31,8.85,8.85,8.85,8.85,245,4760,0
BANKNIFTY31JUL2548600PE.NFO,2025-07-04,14:56:00,2025-07-31,8.85,8.85,8.85,8.85,0,4760,0
BANKNIFTY31JUL2548600PE.NFO,2025-07-04,14:57:00,2025-07-31,8.85,8.85,8.85,8.85,0,4760,0
BANKNIFTY31JUL2548600PE.NFO,2025-07-04,14:58:00,2025-07-31,8.85,8.85,8.85,8.85,0,4760,0
BANKNIFTY31JUL2548600PE.NFO,2025-07-04,14:59:00,2025-07-31,8.85,8.85,8.85,8.85,0,4760,0
BANKNIFTY31JUL2548600PE.NFO,2025-07-04,15:00:00,2025-07-31,8.85,8.85,8.85,8.85,0,4760,0
BANKNIFTY31JUL2548600PE.NFO,2025-07-04,15:01:00,2025-07-31,8.85,8.85,8.5,8.5,105,5110,0
BANKNIFTY31JUL2548600PE.NFO,2025-07-04,15:02:00,2025-07-31,8.5,8.5,8.5,8.5,0,5110,0
BANKNIFTY31JUL2548600PE.NFO,2025-07-04,15:03:00,2025-07-31,8.5,8.5,8.5,8.5,0,5110,0
BANKNIFTY31JUL2548600PE.NFO,2025-07-04,15:04:00,2025-07-31,8.5,8.5,8.5,8.5,0,5110,1
BANKNIFTY31JUL2548600PE.NFO,2025-07-04,15:05:00,2025-07-31,8.5,8.5,8.5,8.5,0,5110,0
BANKNIFTY31JUL2548600PE.NFO,2025-07-04,15:06:00,2025-07-31,8.5,8.5,8.5,8.5,0,5110,0
BANKNIFTY31JUL2548600PE.NFO,2025-07-04,15:07:00,2025-07-31,8.5,8.5,8.5,8.5,0,5110,0
BANKNIFTY31JUL2548600PE.NFO,2025-07-04,15:08:00,2025-07-31,8.5,8.5,8.5,8.5,0,5110,0
BANKNIFTY31JUL2548600PE.NFO,2025-07-04,15:09:00,2025-07-31,8.5,8.5,8.5,8.5,0,5110,1
BANKNIFTY31JUL2548600PE.NFO,2025-07-04,15:10:00,2025-07-31,8.5,8.5,8.5,8.5,0,5110,0
BANKNIFTY31JUL2548600PE.NFO,2025-07-04,15:11:00,2025-07-31,7.95,8.25,7.95,8.25,70,5145,0
BANKNIFTY31JUL2548600PE.NFO,2025-07-04,15:12:00,2025-07-31,8.25,8.25,8.25,8.25,0,5145,0
BANKNIFTY31JUL2548600PE.NFO,2025-07-04,15:13:00,2025-07-31,8.25,8.25,8.25,8.25,0,5145,0
BANKNIFTY31JUL2548600PE.NFO,2025-07-04,15:14:00,2025-07-31,8.25,8.25,8.25,8.25,0,5145,1
BANKNIFTY31JUL2548600PE.NFO,2025-07-04,15:15:00,2025-07-31,8.25,8.25,8.25,8.25,0,5145,1
BANKNIFTY31JUL2548600PE.NFO,2025-07-04,15:16:00,2025-07-31,8.25,8.25,8.25,8.25,0,5145,1
BANKNIFTY31JUL2548600PE.NFO,2025-07-04,15:17:00,2025-07-31,8.25,8.25,8.25,8.25,0,5145,1
BANKNIFTY31JUL2548600PE.NFO,2025-07-04,15:18:00,2025-07-31,8.25,8.25,8.25,8.25,0,5145,0
BANKNIFTY31JUL2548600PE.NFO,2025-07-04,15:19:00,2025-07-31,8.25,8.25,8.25,8.25,0,5145,0
BANKNIFTY31JUL2548600PE.NFO,2025-07-04,15:20:00,2025-07-31,8.25,8.25,8.25,8.25,0,5145,0
BANKNIFTY31JUL2548600PE.NFO,2025-07-04,15:21:00,2025-07-31,8.25,8.25,8.25,8.25,0,5145,1
BANKNIFTY31JUL2548600PE.NFO,2025-07-04,15:22:00,2025-07-31,7.9,8.8,7.9,8.8,105,5040,0
BANKNIFTY31JUL2548600PE.NFO,2025-07-04,15:23:00,2025-07-31,8.8,8.8,8.8,8.8,0,5040,0
BANKNIFTY31JUL2548600PE.NFO,2025-07-04,15:24:00,2025-07-31,8.8,8.8,8.8,8.8,35,5040,0
BANKNIFTY31JUL2548600PE.NFO,2025-07-04,15:25:00,2025-07-31,8.8,8.8,7.6,7.6,105,5040,0
BANKNIFTY31JUL2548600PE.NFO,2025-07-04,15:26:00,2025-07-31,7.6,8.25,7.6,8.25,35,4970,0
BANKNIFTY31JUL2548600PE.NFO,2025-07-04,15:27:00,2025-07-31,8.25,8.25,8.25,8.25,0,4970,0
BANKNIFTY31JUL2548600PE.NFO,2025-07-04,15:28:00,2025-07-31,8.25,8.25,8.25,8.25,0,4970,0
BANKNIFTY31JUL2548600PE.NFO,2025-07-04,15:29:00,2025-07-31,8.25,8.25,8.25,8.25,0,4970,0
BANKNIFTY31JUL2548600PE.NFO,2025-07-04,15:30:00,2025-07-31,8.25,8.25,8.25,8.25,0,4970,1
BANKNIFTY31JUL2548600PE.NFO,2025-07-07,09:15:00,2025-07-31,8.9,8.9,8.9,8.9,0,4935,1
BANKNIFTY31JUL2548600PE.NFO,2025-07-07,09:16:00,2025-07-31,8.9,8.9,8.9,8.9,0,4935,1
BANKNIFTY31JUL2548600PE.NFO,2025-07-07,09:17:00,2025-07-31,8.9,8.9,8.9,8.9,0,4935,1
BANKNIFTY31JUL2548600PE.NFO,2025-07-07,09:18:00,2025-07-31,8.9,8.9,8.9,8.9,0,4935,1
BANKNIFTY31JUL2548600PE.NFO,2025-07-07,09:19:00,2025-07-31,8.9,8.9,8.9,8.9,0,4935,1
BANKNIFTY31JUL2548600PE.NFO,2025-07-07,09:20:00,2025-07-31,8.9,8.9,8.9,8.9,0,4935,1
BANKNIFTY31JUL2548600PE.NFO,2025-07-07,09:21:00,2025-07-31,8.9,8.9,8.9,8.9,0,4935,0
BANKNIFTY31JUL2548600PE.NFO,2025-07-07,09:22:00,2025-07-31,8.9,8.9,8.0,8.0,35,4935,0
BANKNIFTY31JUL2548600PE.NFO,2025-07-07,09:23:00,2025-07-31,8.0,8.0,8.0,8.0,0,4935,0
BANKNIFTY31JUL2548600PE.NFO,2025-07-07,09:24:00,2025-07-31,8.0,8.0,8.0,8.0,0,4935,0
BANKNIFTY31JUL2548600PE.NFO,2025-07-07,09:25:00,2025-07-31,8.0,8.0,8.0,8.0,0,4935,0
BANKNIFTY31JUL2548600PE.NFO,2025-07-07,09:26:00,2025-07-31,8.0,8.0,8.0,8.0,0,4935,0
BANKNIFTY31JUL2548600PE.NFO,2025-07-07,09:27:00,2025-07-31,8.0,8.9,8.0,8.9,70,4935,0
BANKNIFTY31JUL2548600PE.NFO,2025-07-07,09:28:00,2025-07-31,8.9,8.9,8.9,8.9,595,4865,0
BANKNIFTY31JUL2548600PE.NFO,2025-07-07,09:29:00,2025-07-31,8.9,8.9,8.9,8.9,0,4865,0
BANKNIFTY31JUL2548600PE.NFO,2025-07-07,09:30:00,2025-07-31,8.9,8.9,8.9,8.9,0,4865,0
BANKNIFTY31JUL2548600PE.NFO,2025-07-07,09:31:00,2025-07-31,8.9,8.9,8.9,8.9,0,4865,0
BANKNIFTY31JUL2548600PE.NFO,2025-07-07,09:32:00,2025-07-31,9.55,9.55,9.55,9.55,280,4270,0
BANKNIFTY31JUL2548600PE.NFO,2025-07-07,09:33:00,2025-07-31,9.55,9.55,9.55,9.55,0,4270,0
BANKNIFTY31JUL2548600PE.NFO,2025-07-07,09:34:00,2025-07-31,9.55,9.55,9.55,9.55,0,4270,0
BANKNIFTY31JUL2548600PE.NFO,2025-07-07,09:35:00,2025-07-31,9.55,9.55,9.55,9.55,0,4270,0
BANKNIFTY31JUL2548600PE.NFO,2025-07-07,09:36:00,2025-07-31,9.55,9.55,9.55,9.55,0,4270,0
BANKNIFTY31JUL2548600PE.NFO,2025-07-07,09:37:00,2025-07-31,9.55,9.55,9.55,9.55,0,4270,0
BANKNIFTY31JUL2548600PE.NFO,2025-07-07,09:38:00,2025-07-31,9.55,9.55,9.55,9.55,0,4270,0
BANKNIFTY31JUL2548600PE.NFO,2025-07-07,09:39:00,2025-07-31,9.55,9.55,9.55,9.55,0,4270,0
BANKNIFTY31JUL2548600PE.NFO,2025-07-07,09:40:00,2025-07-31,9.55,9.55,9.45,9.45,35,4270,0
BANKNIFTY31JUL2548600PE.NFO,2025-07-07,09:41:00,2025-07-31,9.45,9.45,9.15,9.15,0,4270,0
BANKNIFTY31JUL2548600PE.NFO,2025-07-07,09:42:00,2025-07-31,9.15,9.15,9.15,9.15,35,4270,0
BANKNIFTY31JUL2548600PE.NFO,2025-07-07,09:43:00,2025-07-31,9.15,9.15,8.55,8.55,35,4305,0
BANKNIFTY31JUL2548600PE.NFO,2025-07-07,09:44:00,2025-07-31,8.55,8.55,8.55,8.55,0,4305,0
BANKNIFTY31JUL2548600PE.NFO,2025-07-07,09:45:00,2025-07-31,8.55,8.55,8.55,8.55,0,4305,0
BANKNIFTY31JUL2548600PE.NFO,2025-07-07,09:46:00,2025-07-31,8.55,8.55,8.55,8.55,0,4305,0
BANKNIFTY31JUL2548600PE.NFO,2025-07-07,09:47:00,2025-07-31,8.55,8.55,8.55,8.55,0,4305,0
BANKNIFTY31JUL2548600PE.NFO,2025-07-07,09:48:00,2025-07-31,8.55,8.55,8.55,8.55,0,4305,0
BANKNIFTY31JUL2548600PE.NFO,2025-07-07,09:49:00,2025-07-31,8.55,8.55,8.55,8.55,0,4305,0
BANKNIFTY31JUL2548600PE.NFO,2025-07-07,09:50:00,2025-07-31,8.55,8.55,8.55,8.55,0,4305,0
BANKNIFTY31JUL2548600PE.NFO,2025-07-07,09:51:00,2025-07-31,8.55,8.55,8.55,8.55,0,4305,0
BANKNIFTY31JUL2548600PE.NFO,2025-07-07,09:52:00,2025-07-31,8.55,8.55,8.55,8.55,0,4305,0
BANKNIFTY31JUL2548600PE.NFO,2025-07-07,09:53:00,2025-07-31,8.55,8.55,8.55,8.55,0,4305,0
BANKNIFTY31JUL2548600PE.NFO,2025-07-07,09:54:00,2025-07-31,8.55,8.55,8.55,8.55,0,4305,0
BANKNIFTY31JUL2548600PE.NFO,2025-07-07,09:55:00,2025-07-31,8.4,8.4,8.4,8.4,140,4270,0
BANKNIFTY31JUL2548600PE.NFO,2025-07-07,09:56:00,2025-07-31,8.4,8.4,8.4,8.4,0,4270,0
BANKNIFTY31JUL2548600PE.NFO,2025-07-07,09:57:00,2025-07-31,8.4,8.4,8.4,8.4,0,4270,0
BANKNIFTY31JUL2548600PE.NFO,2025-07-07,09:58:00,2025-07-31,8.4,8.4,8.4,8.4,0,4270,0
BANKNIFTY31JUL2548600PE.NFO,2025-07-07,09:59:00,2025-07-31,8.4,8.4,8.4,8.4,0,4270,0
BANKNIFTY31JUL2548600PE.NFO,2025-07-07,10:00:00,2025-07-31,8.4,8.4,8.4,8.4,0,4270,0
BANKNIFTY31JUL2548600PE.NFO,2025-07-07,10:01:00,2025-07-31,8.4,8.4,8.4,8.4,0,4270,0
BANKNIFTY31JUL2548600PE.NFO,2025-07-07,10:02:00,2025-07-31,8.4,8.4,8.4,8.4,0,4270,0
BANKNIFTY31JUL2548600PE.NFO,2025-07-07,10:03:00,2025-07-31,8.4,8.4,8.4,8.4,0,4270,0
BANKNIFTY31JUL2548600PE.NFO,2025-07-07,10:04:00,2025-07-31,8.4,8.4,8.4,8.4,0,4270,1
BANKNIFTY31JUL2548600PE.NFO,2025-07-07,10:05:00,2025-07-31,8.4,8.4,8.4,8.4,0,4270,1
BANKNIFTY31JUL2548600PE.NFO,2025-07-07,10:06:00,2025-07-31,8.4,8.4,8.4,8.4,0,4270,1
BANKNIFTY31JUL2548600PE.NFO,2025-07-07,10:07:00,2025-07-31,8.4,8.4,8.4,8.4,0,4270,0
BANKNIFTY31JUL2548600PE.NFO,2025-07-07,10:08:00,2025-07-31,8.4,8.4,8.4,8.4,0,4270,0
BANKNIFTY31JUL2548600PE.NFO,2025-07-07,10:09:00,2025-07-31,8.8,8.8,8.8,8.8,70,4130,0
BANKNIFTY31JUL2548600PE.NFO,2025-07-07,10:10:00,2025-07-31,8.8,8.8,8.8,8.8,0,4130,0
BANKNIFTY31JUL2548600PE.NFO,2025-07-07,10:11:00,2025-07-31,8.8,8.8,8.8,8.8,0,4130,0
BANKNIFTY31JUL2548600PE.NFO,2025-07-07,10:12:00,2025-07-31,8.8,8.8,8.8,8.8,0,4130,0
BANKNIFTY31JUL2548600PE.NFO,2025-07-07,10:13:00,2025-07-31,8.8,8.8,8.8,8.8,0,4130,0
BANKNIFTY31JUL2548600PE.NFO,2025-07-07,10:14:00,2025-07-31,8.8,8.8,8.8,8.8,0,4130,0
BANKNIFTY31JUL2548600PE.NFO,2025-07-07,10:15:00,2025-07-31,8.8,8.8,8.8,8.8,0,4130,0
BANKNIFTY31JUL2548600PE.NFO,2025-07-07,10:16:00,2025-07-31,8.8,8.8,8.8,8.8,0,4130,0
BANKNIFTY31JUL2548600PE.NFO,2025-07-07,10:17:00,2025-07-31,8.8,8.8,8.8,8.8,0,4130,0
BANKNIFTY31JUL2548600PE.NFO,2025-07-07,10:18:00,2025-07-31,8.8,8.8,8.8,8.8,0,4130,0
BANKNIFTY31JUL2548600PE.NFO,2025-07-07,10:19:00,2025-07-31,9.0,9.0,9.0,9.0,35,4130,0
BANKNIFTY31JUL2548600PE.NFO,2025-07-07,10:20:00,2025-07-31,9.0,9.0,9.0,9.0,0,4130,0
BANKNIFTY31JUL2548600PE.NFO,2025-07-07,10:21:00,2025-07-31,9.0,9.0,9.0,9.0,0,4130,0
BANKNIFTY31JUL2548600PE.NFO,2025-07-07,10:22:00,2025-07-31,9.0,9.0,9.0,9.0,0,4130,0
BANKNIFTY31JUL2548600PE.NFO,2025-07-07,10:23:00,2025-07-31,9.0,9.0,9.0,9.0,0,4130,0
BANKNIFTY31JUL2548600PE.NFO,2025-07-07,10:24:00,2025-07-31,9.0,9.0,9.0,9.0,0,4130,0
BANKNIFTY31JUL2548600PE.NFO,2025-07-07,10:25:00,2025-07-31,9.0,9.0,9.0,9.0,0,4130,0
BANKNIFTY31JUL2548600PE.NFO,2025-07-07,10:26:00,2025-07-31,9.0,9.0,9.0,9.0,0,4130,0
BANKNIFTY31JUL2548600PE.NFO,2025-07-07,10:27:00,2025-07-31,9.0,9.0,9.0,9.0,0,4130,0
BANKNIFTY31JUL2548600PE.NFO,2025-07-07,10:28:00,2025-07-31,9.0,9.0,9.0,9.0,0,4130,0
BANKNIFTY31JUL2548600PE.NFO,2025-07-07,10:29:00,2025-07-31,9.0,9.0,9.0,9.0,0,4130,0
BANKNIFTY31JUL2548600PE.NFO,2025-07-07,10:30:00,2025-07-31,9.0,9.0,9.0,9.0,0,4130,0
BANKNIFTY31JUL2548600PE.NFO,2025-07-07,10:31:00,2025-07-31,9.0,9.0,9.0,9.0,0,4130,0
BANKNIFTY31JUL2548600PE.NFO,2025-07-07,10:32:00,2025-07-31,9.0,9.0,9.0,9.0,0,4130,1
BANKNIFTY31JUL2548600PE.NFO,2025-07-07,10:33:00,2025-07-31,9.0,9.0,9.0,9.0,0,4130,0
BANKNIFTY31JUL2548600PE.NFO,2025-07-07,10:34:00,2025-07-31,9.0,9.0,9.0,9.0,0,4130,1
BANKNIFTY31JUL2548600PE.NFO,2025-07-07,10:35:00,2025-07-31,9.0,9.0,9.0,9.0,0,4130,0
BANKNIFTY31JUL2548600PE.NFO,2025-07-07,10:36:00,2025-07-31,9.0,9.0,9.0,9.0,0,4130,0
BANKNIFTY31JUL2548600PE.NFO,2025-07-07,10:37:00,2025-07-31,9.0,9.0,9.0,9.0,0,4130,1
BANKNIFTY31JUL2548600PE.NFO,2025-07-07,10:38:00,2025-07-31,8.95,8.95,8.95,8.95,35,4130,0
BANKNIFTY31JUL2548600PE.NFO,2025-07-07,10:39:00,2025-07-31,8.95,8.95,8.95,8.95,0,4130,0
BANKNIFTY31JUL2548600PE.NFO,2025-07-07,10:40:00,2025-07-31,8.95,8.95,8.95,8.95,0,4130,0
BANKNIFTY31JUL2548600PE.NFO,2025-07-07,10:41:00,2025-07-31,8.95,9.0,8.95,9.0,35,4165,0
BANKNIFTY31JUL2548600PE.NFO,2025-07-07,10:42:00,2025-07-31,9.0,9.0,9.0,9.0,0,4165,0
BANKNIFTY31JUL2548600PE.NFO,2025-07-07,10:43:00,2025-07-31,9.0,9.0,9.0,9.0,0,4165,0
BANKNIFTY31JUL2548600PE.NFO,2025-07-07,10:44:00,2025-07-31,9.0,9.0,9.0,9.0,0,4165,0
BANKNIFTY31JUL2548600PE.NFO,2025-07-07,10:45:00,2025-07-31,9.0,9.0,9.0,9.0,0,4165,0
BANKNIFTY31JUL2548600PE.NFO,2025-07-07,10:46:00,2025-07-31,9.0,9.0,9.0,9.0,0,4165,0
BANKNIFTY31JUL2548600PE.NFO,2025-07-07,10:47:00,2025-07-31,9.0,9.0,9.0,9.0,0,4165,0
BANKNIFTY31JUL2548600PE.NFO,2025-07-07,10:48:00,2025-07-31,9.0,9.0,9.0,9.0,0,4165,0
BANKNIFTY31JUL2548600PE.NFO,2025-07-07,10:49:00,2025-07-31,9.0,9.0,9.0,9.0,0,4165,0
BANKNIFTY31JUL2548600PE.NFO,2025-07-07,10:50:00,2025-07-31,9.0,9.0,9.0,9.0,0,4165,0
BANKNIFTY31JUL2548600PE.NFO,2025-07-07,10:51:00,2025-07-31,9.0,9.0,9.0,9.0,0,4165,1
BANKNIFTY31JUL2548600PE.NFO,2025-07-07,10:52:00,2025-07-31,9.0,9.0,9.0,9.0,0,4165,1
BANKNIFTY31JUL2548600PE.NFO,2025-07-07,10:53:00,2025-07-31,9.0,9.0,9.0,9.0,0,4165,1
BANKNIFTY31JUL2548600PE.NFO,2025-07-07,10:54:00,2025-07-31,9.0,9.0,9.0,9.0,0,4165,1
BANKNIFTY31JUL2548600PE.NFO,2025-07-07,10:55:00,2025-07-31,9.0,9.0,9.0,9.0,0,4165,0
BANKNIFTY31JUL2548600PE.NFO,2025-07-07,10:56:00,2025-07-31,9.0,9.0,9.0,9.0,0,4165,1
BANKNIFTY31JUL2548600PE.NFO,2025-07-07,10:57:00,2025-07-31,9.0,9.95,9.0,9.95,770,4130,0
BANKNIFTY31JUL2548600PE.NFO,2025-07-07,10:58:00,2025-07-31,9.05,9.05,9.05,9.05,0,4130,0
BANKNIFTY31JUL2548600PE.NFO,2025-07-07,10:59:00,2025-07-31,9.05,9.05,9.05,9.05,0,4130,0
BANKNIFTY31JUL2548600PE.NFO,2025-07-07,11:00:00,2025-07-31,9.05,9.05,9.05,9.05,0,4130,0
BANKNIFTY31JUL2548600PE.NFO,2025-07-07,11:01:00,2025-07-31,9.05,9.05,9.05,9.05,0,4130,0
BANKNIFTY31JUL2548600PE.NFO,2025-07-07,11:02:00,2025-07-31,9.05,9.05,9.05,9.05,0,4130,0
BANKNIFTY31JUL2548600PE.NFO,2025-07-07,11:03:00,2025-07-31,9.05,9.05,9.05,9.05,0,4130,0
BANKNIFTY31JUL2548600PE.NFO,2025-07-07,11:04:00,2025-07-31,9.05,9.05,9.05,9.05,0,4130,0
BANKNIFTY31JUL2548600PE.NFO,2025-07-07,11:05:00,2025-07-31,9.05,9.05,9.05,9.05,0,4130,0
BANKNIFTY31JUL2548600PE.NFO,2025-07-07,11:06:00,2025-07-31,9.05,9.05,9.05,9.05,0,4130,0
BANKNIFTY31JUL2548600PE.NFO,2025-07-07,11:07:00,2025-07-31,9.4,9.4,9.0,9.0,105,4550,0
BANKNIFTY31JUL2548600PE.NFO,2025-07-07,11:08:00,2025-07-31,9.0,9.0,9.0,9.0,0,4550,0
BANKNIFTY31JUL2548600PE.NFO,2025-07-07,11:09:00,2025-07-31,9.0,9.0,9.0,9.0,0,4550,0
BANKNIFTY31JUL2548600PE.NFO,2025-07-07,11:10:00,2025-07-31,9.0,9.0,9.0,9.0,0,4550,0
BANKNIFTY31JUL2548600PE.NFO,2025-07-07,11:11:00,2025-07-31,9.0,9.0,9.0,9.0,0,4550,0
BANKNIFTY31JUL2548600PE.NFO,2025-07-07,11:12:00,2025-07-31,9.0,9.0,8.15,8.15,0,4550,0
BANKNIFTY31JUL2548600PE.NFO,2025-07-07,11:13:00,2025-07-31,8.15,8.55,8.15,8.55,490,4550,0
BANKNIFTY31JUL2548600PE.NFO,2025-07-07,11:14:00,2025-07-31,8.55,8.55,8.55,8.55,245,4550,0
BANKNIFTY31JUL2548600PE.NFO,2025-07-07,11:15:00,2025-07-31,8.55,8.55,8.55,8.55,0,4550,0
BANKNIFTY31JUL2548600PE.NFO,2025-07-07,11:16:00,2025-07-31,8.55,8.55,8.55,8.55,0,4550,0
BANKNIFTY31JUL2548600PE.NFO,2025-07-07,11:17:00,2025-07-31,8.55,8.55,8.55,8.55,0,4550,1
BANKNIFTY31JUL2548600PE.NFO,2025-07-07,11:18:00,2025-07-31,8.55,8.55,8.55,8.55,0,4550,0
BANKNIFTY31JUL2548600PE.NFO,2025-07-07,11:19:00,2025-07-31,8.55,8.55,8.55,8.55,0,4550,1
BANKNIFTY31JUL2548600PE.NFO,2025-07-07,11:20:00,2025-07-31,8.55,8.55,8.55,8.55,0,4550,1
BANKNIFTY31JUL2548600PE.NFO,2025-07-07,11:21:00,2025-07-31,8.55,8.55,8.55,8.55,0,4550,1
BANKNIFTY31JUL2548600PE.NFO,2025-07-07,11:22:00,2025-07-31,8.55,8.55,8.55,8.55,0,4550,1
BANKNIFTY31JUL2548600PE.NFO,2025-07-07,11:23:00,2025-07-31,8.55,8.55,8.55,8.55,0,4550,1
BANKNIFTY31JUL2548600PE.NFO,2025-07-07,11:24:00,2025-07-31,8.55,8.55,8.55,8.55,0,4550,1
BANKNIFTY31JUL2548600PE.NFO,2025-07-07,11:25:00,2025-07-31,8.55,8.55,8.55,8.55,0,4550,1
BANKNIFTY31JUL2548600PE.NFO,2025-07-07,11:26:00,2025-07-31,8.55,8.55,8.55,8.55,0,4550,1
BANKNIFTY31JUL2548600PE.NFO,2025-07-07,11:27:00,2025-07-31,8.55,8.55,8.55,8.55,0,4550,0
BANKNIFTY31JUL2548600PE.NFO,2025-07-07,11:28:00,2025-07-31,8.55,8.55,8.55,8.55,0,4550,0
BANKNIFTY31JUL2548600PE.NFO,2025-07-07,11:29:00,2025-07-31,8.55,8.55,8.55,8.55,0,4550,0
BANKNIFTY31JUL2548600PE.NFO,2025-07-07,11:30:00,2025-07-31,8.55,8.55,8.55,8.55,0,4550,1
BANKNIFTY31JUL2548600PE.NFO,2025-07-07,11:31:00,2025-07-31,8.55,8.55,8.55,8.55,0,4550,1
BANKNIFTY31JUL2548600PE.NFO,2025-07-07,11:32:00,2025-07-31,8.55,8.55,8.55,8.55,0,4550,1
BANKNIFTY31JUL2548600PE.NFO,2025-07-07,11:33:00,2025-07-31,8.55,8.55,8.55,8.55,0,4550,0
BANKNIFTY31JUL2548600PE.NFO,2025-07-07,11:34:00,2025-07-31,8.55,8.55,8.55,8.55,0,4550,1
BANKNIFTY31JUL2548600PE.NFO,2025-07-07,11:35:00,2025-07-31,8.55,8.55,8.55,8.55,0,4550,1
BANKNIFTY31JUL2548600PE.NFO,2025-07-07,11:36:00,2025-07-31,8.55,8.55,8.55,8.55,0,4550,1
BANKNIFTY31JUL2548600PE.NFO,2025-07-07,11:37:00,2025-07-31,8.55,8.55,8.55,8.55,0,4550,1
BANKNIFTY31JUL2548600PE.NFO,2025-07-07,11:38:00,2025-07-31,8.55,8.55,8.55,8.55,0,4550,1
BANKNIFTY31JUL2548600PE.NFO,2025-07-07,11:39:00,2025-07-31,8.55,8.55,8.55,8.55,0,4550,1
BANKNIFTY31JUL2548600PE.NFO,2025-07-07,11:40:00,2025-07-31,8.55,8.55,8.55,8.55,0,4550,1
BANKNIFTY31JUL2548600PE.NFO,2025-07-07,11:41:00,2025-07-31,8.55,8.55,8.55,8.55,0,4550,1
BANKNIFTY31JUL2548600PE.NFO,2025-07-07,11:42:00,2025-07-31,8.55,8.55,8.55,8.55,0,4550,1
BANKNIFTY31JUL2548600PE.NFO,2025-07-07,11:43:00,2025-07-31,8.55,8.55,8.55,8.55,0,4550,1
BANKNIFTY31JUL2548600PE.NFO,2025-07-07,11:44:00,2025-07-31,8.55,8.55,8.55,8.55,0,4550,0
BANKNIFTY31JUL2548600PE.NFO,2025-07-07,11:45:00,2025-07-31,8.55,8.55,8.55,8.55,0,4550,0
BANKNIFTY31JUL2548600PE.NFO,2025-07-07,11:46:00,2025-07-31,8.55,8.55,8.55,8.55,0,4550,0
BANKNIFTY31JUL2548600PE.NFO,2025-07-07,11:47:00,2025-07-31,8.55,8.55,8.55,8.55,0,4550,1
BANKNIFTY31JUL2548600PE.NFO,2025-07-07,11:48:00,2025-07-31,8.55,8.55,8.55,8.55,0,4550,1
BANKNIFTY31JUL2548600PE.NFO,2025-07-07,11:49:00,2025-07-31,8.55,8.55,8.55,8.55,0,4550,1
BANKNIFTY31JUL2548600PE.NFO,2025-07-07,11:50:00,2025-07-31,8.55,8.55,8.55,8.55,0,4550,1
BANKNIFTY31JUL2548600PE.NFO,2025-07-07,11:51:00,2025-07-31,8.55,8.55,8.55,8.55,0,4550,1
BANKNIFTY31JUL2548600PE.NFO,2025-07-07,11:52:00,2025-07-31,8.55,8.55,8.55,8.55,0,4550,1
BANKNIFTY31JUL2548600PE.NFO,2025-07-07,11:53:00,2025-07-31,8.55,8.55,8.55,8.55,0,4550,1
BANKNIFTY31JUL2548600PE.NFO,2025-07-07,11:54:00,2025-07-31,8.55,8.55,8.55,8.55,0,4550,0
BANKNIFTY31JUL2548600PE.NFO,2025-07-07,11:55:00,2025-07-31,8.55,8.55,8.55,8.55,0,4550,1
BANKNIFTY31JUL2548600PE.NFO,2025-07-07,11:56:00,2025-07-31,8.55,8.55,8.55,8.55,0,4550,1
BANKNIFTY31JUL2548600PE.NFO,2025-07-07,11:57:00,2025-07-31,8.55,8.55,8.55,8.55,0,4550,1
BANKNIFTY31JUL2548600PE.NFO,2025-07-07,11:58:00,2025-07-31,8.55,8.55,8.55,8.55,0,4550,1
BANKNIFTY31JUL2548600PE.NFO,2025-07-07,11:59:00,2025-07-31,8.55,8.55,8.55,8.55,0,4550,0
BANKNIFTY31JUL2548600PE.NFO,2025-07-07,12:00:00,2025-07-31,8.55,8.55,8.55,8.55,0,4550,1
BANKNIFTY31JUL2548600PE.NFO,2025-07-07,12:01:00,2025-07-31,8.55,8.55,8.55,8.55,0,4550,0
BANKNIFTY31JUL2548600PE.NFO,2025-07-07,12:02:00,2025-07-31,8.55,8.55,8.55,8.55,0,4550,0
BANKNIFTY31JUL2548600PE.NFO,2025-07-07,12:03:00,2025-07-31,8.55,8.55,8.55,8.55,0,4550,1
BANKNIFTY31JUL2548600PE.NFO,2025-07-07,12:04:00,2025-07-31,8.55,8.55,8.55,8.55,0,4550,1
BANKNIFTY31JUL2548600PE.NFO,2025-07-07,12:05:00,2025-07-31,8.55,8.55,8.55,8.55,0,4550,1
BANKNIFTY31JUL2548600PE.NFO,2025-07-07,12:06:00,2025-07-31,8.55,8.55,8.55,8.55,0,4550,1
BANKNIFTY31JUL2548600PE.NFO,2025-07-07,12:07:00,2025-07-31,8.55,8.55,8.55,8.55,0,4550,0
BANKNIFTY31JUL2548600PE.NFO,2025-07-07,12:08:00,2025-07-31,8.55,8.55,8.55,8.55,0,4550,1
BANKNIFTY31JUL2548600PE.NFO,2025-07-07,12:09:00,2025-07-31,8.55,8.55,8.55,8.55,0,4550,0
BANKNIFTY31JUL2548600PE.NFO,2025-07-07,12:10:00,2025-07-31,8.55,8.55,8.55,8.55,0,4550,1
BANKNIFTY31JUL2548600PE.NFO,2025-07-07,12:11:00,2025-07-31,8.55,8.55,8.55,8.55,0,4550,1
BANKNIFTY31JUL2548600PE.NFO,2025-07-07,12:12:00,2025-07-31,8.55,8.55,8.55,8.55,0,4550,0
BANKNIFTY31JUL2548600PE.NFO,2025-07-07,12:13:00,2025-07-31,8.55,8.55,8.55,8.55,0,4550,1
BANKNIFTY31JUL2548600PE.NFO,2025-07-07,12:14:00,2025-07-31,8.55,8.55,8.55,8.55,0,4550,0
BANKNIFTY31JUL2548600PE.NFO,2025-07-07,12:15:00,2025-07-31,8.55,8.55,8.55,8.55,0,4550,0
BANKNIFTY31JUL2548600PE.NFO,2025-07-07,12:16:00,2025-07-31,8.55,8.55,8.55,8.55,0,4550,1
BANKNIFTY31JUL2548600PE.NFO,2025-07-07,12:17:00,2025-07-31,8.55,8.55,8.55,8.55,0,4550,0
BANKNIFTY31JUL2548600PE.NFO,2025-07-07,12:18:00,2025-07-31,8.55,8.55,8.55,8.55,0,4550,1
BANKNIFTY31JUL2548600PE.NFO,2025-07-07,12:19:00,2025-07-31,8.55,8.55,8.55,8.55,0,4550,1
BANKNIFTY31JUL2548600PE.NFO,2025-07-07,12:20:00,2025-07-31,8.55,8.55,8.55,8.55,0,4550,0
BANKNIFTY31JUL2548600PE.NFO,2025-07-07,12:21:00,2025-07-31,8.55,8.55,8.55,8.55,0,4550,0
BANKNIFTY31JUL2548600PE.NFO,2025-07-07,12:22:00,2025-07-31,8.55,8.55,8.55,8.55,0,4550,1
BANKNIFTY31JUL2548600PE.NFO,2025-07-07,12:23:00,2025-07-31,8.55,8.55,8.55,8.55,0,4550,1
BANKNIFTY31JUL2548600PE.NFO,2025-07-07,12:24:00,2025-07-31,8.55,8.55,8.55,8.55,0,4550,1
BANKNIFTY31JUL2548600PE.NFO,2025-07-07,12:25:00,2025-07-31,8.55,8.55,8.55,8.55,0,4550,0
BANKNIFTY31JUL2548600PE.NFO,2025-07-07,12:26:00,2025-07-31,8.55,8.55,8.55,8.55,0,4550,0
BANKNIFTY31JUL2548600PE.NFO,2025-07-07,12:27:00,2025-07-31,8.55,8.55,8.55,8.55,0,4550,0
BANKNIFTY31JUL2548600PE.NFO,2025-07-07,12:28:00,2025-07-31,8.55,8.55,8.55,8.55,0,4550,1
BANKNIFTY31JUL2548600PE.NFO,2025-07-07,12:29:00,2025-07-31,8.55,8.55,8.55,8.55,0,4550,0
BANKNIFTY31JUL2548600PE.NFO,2025-07-07,12:30:00,2025-07-31,8.55,8.55,8.55,8.55,0,4550,1
BANKNIFTY31JUL2548600PE.NFO,2025-07-07,12:31:00,2025-07-31,8.55,8.55,8.55,8.55,0,4550,0
BANKNIFTY31JUL2548600PE.NFO,2025-07-07,12:32:00,2025-07-31,8.55,8.55,8.55,8.55,0,4550,0
BANKNIFTY31JUL2548600PE.NFO,2025-07-07,12:33:00,2025-07-31,8.55,8.55,8.55,8.55,0,4550,0
BANKNIFTY31JUL2548600PE.NFO,2025-07-07,12:34:00,2025-07-31,8.55,8.55,8.55,8.55,0,4550,1
BANKNIFTY31JUL2548600PE.NFO,2025-07-07,12:35:00,2025-07-31,8.55,8.55,8.55,8.55,0,4550,1
BANKNIFTY31JUL2548600PE.NFO,2025-07-07,12:36:00,2025-07-31,8.55,8.55,8.55,8.55,0,4550,1
BANKNIFTY31JUL2548600PE.NFO,2025-07-07,12:37:00,2025-07-31,8.55,8.55,8.55,8.55,0,4550,1
BANKNIFTY31JUL2548600PE.NFO,2025-07-07,12:38:00,2025-07-31,8.55,8.55,8.55,8.55,0,4550,1
BANKNIFTY31JUL2548600PE.NFO,2025-07-07,12:39:00,2025-07-31,8.55,8.55,8.55,8.55,0,4550,1
BANKNIFTY31JUL2548600PE.NFO,2025-07-07,12:40:00,2025-07-31,8.55,8.55,8.55,8.55,0,4550,0
BANKNIFTY31JUL2548600PE.NFO,2025-07-07,12:41:00,2025-07-31,8.55,8.55,8.55,8.55,0,4550,1
BANKNIFTY31JUL2548600PE.NFO,2025-07-07,12:42:00,2025-07-31,8.55,8.55,8.55,8.55,0,4550,1
BANKNIFTY31JUL2548600PE.NFO,2025-07-07,12:43:00,2025-07-31,8.55,8.55,8.55,8.55,0,4550,1
BANKNIFTY31JUL2548600PE.NFO,2025-07-07,12:44:00,2025-07-31,8.55,8.55,8.55,8.55,0,4550,1
BANKNIFTY31JUL2548600PE.NFO,2025-07-07,12:45:00,2025-07-31,8.55,8.55,8.55,8.55,0,4550,1
BANKNIFTY31JUL2548600PE.NFO,2025-07-07,12:46:00,2025-07-31,8.55,8.55,8.55,8.55,0,4550,1
BANKNIFTY31JUL2548600PE.NFO,2025-07-07,12:47:00,2025-07-31,8.55,8.55,8.55,8.55,0,4550,1
BANKNIFTY31JUL2548600PE.NFO,2025-07-07,12:48:00,2025-07-31,8.55,8.55,8.55,8.55,0,4550,1
BANKNIFTY31JUL2548600PE.NFO,2025-07-07,12:49:00,2025-07-31,8.55,8.55,8.55,8.55,0,4550,1
BANKNIFTY31JUL2548600PE.NFO,2025-07-07,12:50:00,2025-07-31,8.55,8.55,8.55,8.55,0,4550,1
BANKNIFTY31JUL2548600PE.NFO,2025-07-07,12:51:00,2025-07-31,8.55,8.55,8.55,8.55,0,4550,1
BANKNIFTY31JUL2548600PE.NFO,2025-07-07,12:52:00,2025-07-31,8.55,8.55,8.55,8.55,0,4550,1
BANKNIFTY31JUL2548600PE.NFO,2025-07-07,12:53:00,2025-07-31,8.55,8.55,8.55,8.55,0,4550,0
BANKNIFTY31JUL2548600PE.NFO,2025-07-07,12:54:00,2025-07-31,8.55,8.55,8.55,8.55,0,4550,1
BANKNIFTY31JUL2548600PE.NFO,2025-07-07,12:55:00,2025-07-31,8.55,8.55,8.55,8.55,0,4550,1
BANKNIFTY31JUL2548600PE.NFO,2025-07-07,12:56:00,2025-07-31,8.55,8.55,8.55,8.55,0,4550,1
BANKNIFTY31JUL2548600PE.NFO,2025-07-07,12:57:00,2025-07-31,8.55,8.55,8.55,8.55,0,4550,1
BANKNIFTY31JUL2548600PE.NFO,2025-07-07,12:58:00,2025-07-31,8.55,8.55,8.55,8.55,0,4550,1
BANKNIFTY31JUL2548600PE.NFO,2025-07-07,12:59:00,2025-07-31,8.55,8.55,8.55,8.55,0,4550,0
BANKNIFTY31JUL2548600PE.NFO,2025-07-07,13:00:00,2025-07-31,8.55,8.55,8.55,8.55,0,4550,1
BANKNIFTY31JUL2548600PE.NFO,2025-07-07,13:01:00,2025-07-31,8.55,8.55,8.55,8.55,0,4550,1
BANKNIFTY31JUL2548600PE.NFO,2025-07-07,13:02:00,2025-07-31,8.55,8.55,8.55,8.55,0,4550,1
BANKNIFTY31JUL2548600PE.NFO,2025-07-07,13:03:00,2025-07-31,8.55,8.55,8.55,8.55,0,4550,0
BANKNIFTY31JUL2548600PE.NFO,2025-07-07,13:04:00,2025-07-31,8.55,8.55,8.55,8.55,0,4550,1
BANKNIFTY31JUL2548600PE.NFO,2025-07-07,13:05:00,2025-07-31,8.55,8.55,8.55,8.55,0,4550,1
BANKNIFTY31JUL2548600PE.NFO,2025-07-07,13:06:00,2025-07-31,8.55,8.55,8.55,8.55,0,4550,1
BANKNIFTY31JUL2548600PE.NFO,2025-07-07,13:07:00,2025-07-31,8.55,8.55,8.55,8.55,0,4550,1
BANKNIFTY31JUL2548600PE.NFO,2025-07-07,13:08:00,2025-07-31,8.55,8.55,8.55,8.55,0,4550,1
BANKNIFTY31JUL2548600PE.NFO,2025-07-07,13:09:00,2025-07-31,8.55,8.55,8.55,8.55,0,4550,1
BANKNIFTY31JUL2548600PE.NFO,2025-07-07,13:10:00,2025-07-31,8.55,8.55,8.55,8.55,0,4550,1
BANKNIFTY31JUL2548600PE.NFO,2025-07-07,13:11:00,2025-07-31,8.55,8.55,8.55,8.55,0,4550,1
BANKNIFTY31JUL2548600PE.NFO,2025-07-07,13:12:00,2025-07-31,8.55,8.55,8.55,8.55,0,4550,1
BANKNIFTY31JUL2548600PE.NFO,2025-07-07,13:13:00,2025-07-31,8.55,8.55,8.55,8.55,0,4550,1
BANKNIFTY31JUL2548600PE.NFO,2025-07-07,13:14:00,2025-07-31,8.55,8.55,8.55,8.55,0,4550,0
BANKNIFTY31JUL2548600PE.NFO,2025-07-07,13:15:00,2025-07-31,8.55,8.55,8.55,8.55,0,4550,1
BANKNIFTY31JUL2548600PE.NFO,2025-07-07,13:16:00,2025-07-31,8.55,8.55,8.55,8.55,0,4550,1
BANKNIFTY31JUL2548600PE.NFO,2025-07-07,13:17:00,2025-07-31,8.55,8.55,8.55,8.55,0,4550,1
BANKNIFTY31JUL2548600PE.NFO,2025-07-07,13:18:00,2025-07-31,8.55,8.55,8.55,8.55,0,4550,1
BANKNIFTY31JUL2548600PE.NFO,2025-07-07,13:19:00,2025-07-31,8.55,8.55,8.55,8.55,0,4550,1
BANKNIFTY31JUL2548600PE.NFO,2025-07-07,13:20:00,2025-07-31,8.55,8.55,8.55,8.55,0,4550,1
BANKNIFTY31JUL2548600PE.NFO,2025-07-07,13:21:00,2025-07-31,8.55,8.55,8.55,8.55,0,4550,1
BANKNIFTY31JUL2548600PE.NFO,2025-07-07,13:22:00,2025-07-31,8.55,8.55,8.55,8.55,0,4550,1
BANKNIFTY31JUL2548600PE.NFO,2025-07-07,13:23:00,2025-07-31,8.55,8.55,8.55,8.55,0,4550,1
BANKNIFTY31JUL2548600PE.NFO,2025-07-07,13:24:00,2025-07-31,8.55,8.55,8.55,8.55,0,4550,1
BANKNIFTY31JUL2548600PE.NFO,2025-07-07,13:25:00,2025-07-31,8.55,8.55,8.55,8.55,0,4550,1
BANKNIFTY31JUL2548600PE.NFO,2025-07-07,13:26:00,2025-07-31,8.55,8.55,8.55,8.55,0,4550,1
BANKNIFTY31JUL2548600PE.NFO,2025-07-07,13:27:00,2025-07-31,8.55,8.55,8.55,8.55,0,4550,0
BANKNIFTY31JUL2548600PE.NFO,2025-07-07,13:28:00,2025-07-31,8.55,8.55,8.55,8.55,0,4550,0
BANKNIFTY31JUL2548600PE.NFO,2025-07-07,13:29:00,2025-07-31,8.55,8.55,8.55,8.55,0,4550,0
BANKNIFTY31JUL2548600PE.NFO,2025-07-07,13:30:00,2025-07-31,8.55,8.55,8.55,8.55,0,4550,0
BANKNIFTY31JUL2548600PE.NFO,2025-07-07,13:31:00,2025-07-31,8.55,8.55,8.55,8.55,0,4550,0
BANKNIFTY31JUL2548600PE.NFO,2025-07-07,13:32:00,2025-07-31,8.55,8.55,8.55,8.55,0,4550,1
BANKNIFTY31JUL2548600PE.NFO,2025-07-07,13:33:00,2025-07-31,8.55,8.55,8.55,8.55,0,4550,1
BANKNIFTY31JUL2548600PE.NFO,2025-07-07,13:34:00,2025-07-31,8.55,8.55,8.55,8.55,0,4550,0
BANKNIFTY31JUL2548600PE.NFO,2025-07-07,13:35:00,2025-07-31,8.55,8.55,8.55,8.55,0,4550,1
BANKNIFTY31JUL2548600PE.NFO,2025-07-07,13:36:00,2025-07-31,8.55,8.55,8.55,8.55,0,4550,0
BANKNIFTY31JUL2548600PE.NFO,2025-07-07,13:37:00,2025-07-31,8.55,8.55,8.55,8.55,0,4550,0
BANKNIFTY31JUL2548600PE.NFO,2025-07-07,13:38:00,2025-07-31,8.55,8.55,8.55,8.55,0,4550,0
BANKNIFTY31JUL2548600PE.NFO,2025-07-07,13:39:00,2025-07-31,8.55,8.55,8.55,8.55,0,4550,1
BANKNIFTY31JUL2548600PE.NFO,2025-07-07,13:40:00,2025-07-31,8.55,8.55,8.55,8.55,0,4550,1
BANKNIFTY31JUL2548600PE.NFO,2025-07-07,13:41:00,2025-07-31,8.55,8.55,8.55,8.55,0,4550,0
BANKNIFTY31JUL2548600PE.NFO,2025-07-07,13:42:00,2025-07-31,8.55,8.55,8.55,8.55,0,4550,0
BANKNIFTY31JUL2548600PE.NFO,2025-07-07,13:43:00,2025-07-31,8.55,8.55,8.55,8.55,0,4550,1
BANKNIFTY31JUL2548600PE.NFO,2025-07-07,13:44:00,2025-07-31,8.55,8.55,8.55,8.55,0,4550,0
BANKNIFTY31JUL2548600PE.NFO,2025-07-07,13:45:00,2025-07-31,8.55,8.55,8.55,8.55,0,4550,0
BANKNIFTY31JUL2548600PE.NFO,2025-07-07,13:46:00,2025-07-31,8.55,8.55,8.55,8.55,0,4550,0
BANKNIFTY31JUL2548600PE.NFO,2025-07-07,13:47:00,2025-07-31,8.55,8.55,8.55,8.55,0,4550,0
BANKNIFTY31JUL2548600PE.NFO,2025-07-07,13:48:00,2025-07-31,8.55,8.55,8.55,8.55,0,4550,1
BANKNIFTY31JUL2548600PE.NFO,2025-07-07,13:49:00,2025-07-31,8.55,8.55,8.55,8.55,0,4550,1
BANKNIFTY31JUL2548600PE.NFO,2025-07-07,13:50:00,2025-07-31,8.55,8.55,8.55,8.55,0,4550,1
BANKNIFTY31JUL2548600PE.NFO,2025-07-07,13:51:00,2025-07-31,8.55,8.55,8.55,8.55,0,4550,0
BANKNIFTY31JUL2548600PE.NFO,2025-07-07,13:52:00,2025-07-31,8.55,8.55,8.55,8.55,0,4550,0
BANKNIFTY31JUL2548600PE.NFO,2025-07-07,13:53:00,2025-07-31,8.55,8.55,8.55,8.55,0,4550,0
BANKNIFTY31JUL2548600PE.NFO,2025-07-07,13:54:00,2025-07-31,8.55,8.55,8.55,8.55,0,4550,1
BANKNIFTY31JUL2548600PE.NFO,2025-07-07,13:55:00,2025-07-31,8.55,8.55,8.55,8.55,0,4550,1
BANKNIFTY31JUL2548600PE.NFO,2025-07-07,13:56:00,2025-07-31,8.55,8.55,8.55,8.55,0,4550,1
BANKNIFTY31JUL2548600PE.NFO,2025-07-07,13:57:00,2025-07-31,8.55,8.55,8.55,8.55,0,4550,1
BANKNIFTY31JUL2548600PE.NFO,2025-07-07,13:58:00,2025-07-31,8.55,8.55,8.55,8.55,0,4550,1
BANKNIFTY31JUL2548600PE.NFO,2025-07-07,13:59:00,2025-07-31,8.55,8.55,8.55,8.55,0,4550,0
BANKNIFTY31JUL2548600PE.NFO,2025-07-07,14:00:00,2025-07-31,8.55,8.55,8.55,8.55,0,4550,0
BANKNIFTY31JUL2548600PE.NFO,2025-07-07,14:01:00,2025-07-31,8.55,8.55,8.55,8.55,0,4550,0
BANKNIFTY31JUL2548600PE.NFO,2025-07-07,14:02:00,2025-07-31,8.55,8.55,8.55,8.55,0,4550,1
BANKNIFTY31JUL2548600PE.NFO,2025-07-07,14:03:00,2025-07-31,8.55,8.55,8.55,8.55,0,4550,1
BANKNIFTY31JUL2548600PE.NFO,2025-07-07,14:04:00,2025-07-31,8.55,8.55,8.55,8.55,0,4550,0
BANKNIFTY31JUL2548600PE.NFO,2025-07-07,14:05:00,2025-07-31,8.55,8.55,8.55,8.55,0,4550,0
BANKNIFTY31JUL2548600PE.NFO,2025-07-07,14:06:00,2025-07-31,8.55,8.55,8.55,8.55,0,4550,1
BANKNIFTY31JUL2548600PE.NFO,2025-07-07,14:07:00,2025-07-31,8.55,8.55,8.55,8.55,0,4550,0
BANKNIFTY31JUL2548600PE.NFO,2025-07-07,14:08:00,2025-07-31,7.15,7.15,7.15,7.15,840,4165,0
BANKNIFTY31JUL2548600PE.NFO,2025-07-07,14:09:00,2025-07-31,7.15,8.0,7.15,7.9,910,4165,0
BANKNIFTY31JUL2548600PE.NFO,2025-07-07,14:10:00,2025-07-31,7.9,7.95,7.9,7.9,735,3430,0
BANKNIFTY31JUL2548600PE.NFO,2025-07-07,14:11:00,2025-07-31,7.9,7.9,7.9,7.9,105,3430,0
BANKNIFTY31JUL2548600PE.NFO,2025-07-07,14:12:00,2025-07-31,7.9,7.9,7.85,7.85,0,3430,0
BANKNIFTY31JUL2548600PE.NFO,2025-07-07,14:13:00,2025-07-31,7.85,7.85,7.85,7.85,35,3430,0
BANKNIFTY31JUL2548600PE.NFO,2025-07-07,14:14:00,2025-07-31,7.85,7.85,7.85,7.85,0,3430,0
BANKNIFTY31JUL2548600PE.NFO,2025-07-07,14:15:00,2025-07-31,7.85,7.85,7.85,7.85,0,3430,1
BANKNIFTY31JUL2548600PE.NFO,2025-07-07,14:16:00,2025-07-31,7.85,7.85,7.85,7.85,0,3430,0
BANKNIFTY31JUL2548600PE.NFO,2025-07-07,14:17:00,2025-07-31,7.85,7.85,7.85,7.85,0,3430,0
BANKNIFTY31JUL2548600PE.NFO,2025-07-07,14:18:00,2025-07-31,7.85,7.85,7.85,7.85,0,3430,1
BANKNIFTY31JUL2548600PE.NFO,2025-07-07,14:19:00,2025-07-31,7.85,7.85,7.85,7.85,0,3430,0
BANKNIFTY31JUL2548600PE.NFO,2025-07-07,14:20:00,2025-07-31,7.85,7.85,7.85,7.85,0,3430,1
BANKNIFTY31JUL2548600PE.NFO,2025-07-07,14:21:00,2025-07-31,7.85,7.85,7.85,7.85,0,3430,1
BANKNIFTY31JUL2548600PE.NFO,2025-07-07,14:22:00,2025-07-31,7.85,7.85,7.85,7.85,0,3430,0
BANKNIFTY31JUL2548600PE.NFO,2025-07-07,14:23:00,2025-07-31,7.85,7.85,7.85,7.85,0,3430,1
BANKNIFTY31JUL2548600PE.NFO,2025-07-07,14:24:00,2025-07-31,7.85,7.85,7.85,7.85,0,3430,0
BANKNIFTY31JUL2548600PE.NFO,2025-07-07,14:25:00,2025-07-31,7.85,7.85,7.85,7.85,0,3430,1
BANKNIFTY31JUL2548600PE.NFO,2025-07-07,14:26:00,2025-07-31,7.85,7.85,7.85,7.85,0,3430,0
BANKNIFTY31JUL2548600PE.NFO,2025-07-07,14:27:00,2025-07-31,7.85,7.85,7.85,7.85,0,3430,0
BANKNIFTY31JUL2548600PE.NFO,2025-07-07,14:28:00,2025-07-31,7.85,7.85,7.85,7.85,0,3430,0
BANKNIFTY31JUL2548600PE.NFO,2025-07-07,14:29:00,2025-07-31,7.85,7.85,7.85,7.85,0,3430,0
BANKNIFTY31JUL2548600PE.NFO,2025-07-07,14:30:00,2025-07-31,7.85,7.85,7.35,7.35,35,2870,0
BANKNIFTY31JUL2548600PE.NFO,2025-07-07,14:31:00,2025-07-31,7.35,7.35,7.35,7.35,0,2870,0
BANKNIFTY31JUL2548600PE.NFO,2025-07-07,14:32:00,2025-07-31,7.35,7.35,7.35,7.35,0,2870,0
BANKNIFTY31JUL2548600PE.NFO,2025-07-07,14:33:00,2025-07-31,7.35,7.35,7.35,7.35,0,2870,0
BANKNIFTY31JUL2548600PE.NFO,2025-07-07,14:34:00,2025-07-31,7.35,7.35,7.35,7.35,0,2870,0
BANKNIFTY31JUL2548600PE.NFO,2025-07-07,14:35:00,2025-07-31,7.35,7.35,7.35,7.35,0,2870,0
BANKNIFTY31JUL2548600PE.NFO,2025-07-07,14:36:00,2025-07-31,7.35,8.75,7.35,7.95,1015,2835,0
BANKNIFTY31JUL2548600PE.NFO,2025-07-07,14:37:00,2025-07-31,7.95,7.95,7.95,7.95,0,2835,0
BANKNIFTY31JUL2548600PE.NFO,2025-07-07,14:38:00,2025-07-31,7.95,7.95,7.95,7.95,0,2835,0
BANKNIFTY31JUL2548600PE.NFO,2025-07-07,14:39:00,2025-07-31,7.95,7.95,7.95,7.95,0,2835,0
BANKNIFTY31JUL2548600PE.NFO,2025-07-07,14:40:00,2025-07-31,7.95,7.95,7.95,7.95,0,2835,0
BANKNIFTY31JUL2548600PE.NFO,2025-07-07,14:41:00,2025-07-31,7.95,7.95,7.95,7.95,0,2835,0
BANKNIFTY31JUL2548600PE.NFO,2025-07-07,14:42:00,2025-07-31,7.95,7.95,7.95,7.95,0,2835,0
BANKNIFTY31JUL2548600PE.NFO,2025-07-07,14:43:00,2025-07-31,7.95,7.95,7.95,7.95,0,2835,0
BANKNIFTY31JUL2548600PE.NFO,2025-07-07,14:44:00,2025-07-31,7.95,7.95,7.75,7.75,0,2905,0
BANKNIFTY31JUL2548600PE.NFO,2025-07-07,14:45:00,2025-07-31,7.75,7.75,7.75,7.75,35,2905,0
BANKNIFTY31JUL2548600PE.NFO,2025-07-07,14:46:00,2025-07-31,7.75,7.75,7.75,7.75,0,2905,0
BANKNIFTY31JUL2548600PE.NFO,2025-07-07,14:47:00,2025-07-31,7.75,7.75,7.75,7.75,0,2905,0
BANKNIFTY31JUL2548600PE.NFO,2025-07-07,14:48:00,2025-07-31,7.75,7.75,7.75,7.75,0,2905,0
BANKNIFTY31JUL2548600PE.NFO,2025-07-07,14:49:00,2025-07-31,7.75,7.75,7.75,7.75,0,2905,0
BANKNIFTY31JUL2548600PE.NFO,2025-07-07,14:50:00,2025-07-31,7.75,7.75,7.75,7.75,0,2905,0
BANKNIFTY31JUL2548600PE.NFO,2025-07-07,14:51:00,2025-07-31,7.75,7.75,7.75,7.75,0,2905,0
BANKNIFTY31JUL2548600PE.NFO,2025-07-07,14:52:00,2025-07-31,7.75,7.75,7.75,7.75,0,2905,0
BANKNIFTY31JUL2548600PE.NFO,2025-07-07,14:53:00,2025-07-31,7.75,7.75,7.75,7.75,0,2905,0
BANKNIFTY31JUL2548600PE.NFO,2025-07-07,14:54:00,2025-07-31,7.75,7.75,7.75,7.75,0,2905,0
BANKNIFTY31JUL2548600PE.NFO,2025-07-07,14:55:00,2025-07-31,7.75,7.75,7.75,7.75,0,2905,0
BANKNIFTY31JUL2548600PE.NFO,2025-07-07,14:56:00,2025-07-31,7.75,7.75,7.75,7.75,0,2905,0
BANKNIFTY31JUL2548600PE.NFO,2025-07-07,14:57:00,2025-07-31,7.75,7.75,7.75,7.75,0,2905,1
BANKNIFTY31JUL2548600PE.NFO,2025-07-07,14:58:00,2025-07-31,7.75,7.75,7.75,7.75,0,2905,1
BANKNIFTY31JUL2548600PE.NFO,2025-07-07,14:59:00,2025-07-31,7.75,7.75,7.75,7.75,0,2905,1
BANKNIFTY31JUL2548600PE.NFO,2025-07-07,15:00:00,2025-07-31,7.75,7.75,7.75,7.75,0,2905,0
BANKNIFTY31JUL2548600PE.NFO,2025-07-07,15:01:00,2025-07-31,7.75,7.75,7.75,7.75,0,2905,1
BANKNIFTY31JUL2548600PE.NFO,2025-07-07,15:02:00,2025-07-31,7.75,7.75,7.75,7.75,0,2905,0
BANKNIFTY31JUL2548600PE.NFO,2025-07-07,15:03:00,2025-07-31,7.75,7.75,7.75,7.75,0,2905,0
BANKNIFTY31JUL2548600PE.NFO,2025-07-07,15:04:00,2025-07-31,7.75,7.75,7.75,7.75,0,2905,0
BANKNIFTY31JUL2548600PE.NFO,2025-07-07,15:05:00,2025-07-31,7.75,7.75,7.75,7.75,0,2905,1
BANKNIFTY31JUL2548600PE.NFO,2025-07-07,15:06:00,2025-07-31,7.75,7.75,7.75,7.75,0,2905,1
BANKNIFTY31JUL2548600PE.NFO,2025-07-07,15:07:00,2025-07-31,7.75,7.75,7.75,7.75,0,2905,1
BANKNIFTY31JUL2548600PE.NFO,2025-07-07,15:08:00,2025-07-31,7.75,7.75,7.75,7.75,0,2905,0
BANKNIFTY31JUL2548600PE.NFO,2025-07-07,15:09:00,2025-07-31,7.75,7.75,7.75,7.75,0,2905,1
BANKNIFTY31JUL2548600PE.NFO,2025-07-07,15:10:00,2025-07-31,7.75,7.75,7.75,7.75,0,2905,0
BANKNIFTY31JUL2548600PE.NFO,2025-07-07,15:11:00,2025-07-31,7.75,7.75,7.75,7.75,0,2905,1
BANKNIFTY31JUL2548600PE.NFO,2025-07-07,15:12:00,2025-07-31,7.75,7.75,7.75,7.75,0,2905,0
BANKNIFTY31JUL2548600PE.NFO,2025-07-07,15:13:00,2025-07-31,7.75,7.75,7.75,7.75,0,2905,1
BANKNIFTY31JUL2548600PE.NFO,2025-07-07,15:14:00,2025-07-31,7.75,7.75,7.75,7.75,0,2905,1
BANKNIFTY31JUL2548600PE.NFO,2025-07-07,15:15:00,2025-07-31,7.75,7.75,7.75,7.75,0,2905,0
BANKNIFTY31JUL2548600PE.NFO,2025-07-07,15:16:00,2025-07-31,7.15,7.8,7.15,7.8,105,2870,0
BANKNIFTY31JUL2548600PE.NFO,2025-07-07,15:17:00,2025-07-31,7.8,7.8,7.8,7.8,0,2870,0
BANKNIFTY31JUL2548600PE.NFO,2025-07-07,15:18:00,2025-07-31,7.8,7.8,7.8,7.8,0,2870,0
BANKNIFTY31JUL2548600PE.NFO,2025-07-07,15:19:00,2025-07-31,7.8,7.8,7.8,7.8,0,2870,0
BANKNIFTY31JUL2548600PE.NFO,2025-07-07,15:20:00,2025-07-31,7.8,7.8,7.8,7.8,0,2870,0
BANKNIFTY31JUL2548600PE.NFO,2025-07-07,15:21:00,2025-07-31,7.8,7.8,7.15,7.15,0,2800,0
BANKNIFTY31JUL2548600PE.NFO,2025-07-07,15:22:00,2025-07-31,7.15,7.15,7.15,7.15,35,2800,0
BANKNIFTY31JUL2548600PE.NFO,2025-07-07,15:23:00,2025-07-31,7.15,7.95,7.15,7.95,70,2800,0
BANKNIFTY31JUL2548600PE.NFO,2025-07-07,15:24:00,2025-07-31,7.95,7.95,7.95,7.95,70,2800,0
BANKNIFTY31JUL2548600PE.NFO,2025-07-07,15:25:00,2025-07-31,7.2,7.55,7.15,7.55,245,2730,0
BANKNIFTY31JUL2548600PE.NFO,2025-07-07,15:26:00,2025-07-31,7.55,7.55,7.55,7.55,0,2730,0
BANKNIFTY31JUL2548600PE.NFO,2025-07-07,15:27:00,2025-07-31,7.55,7.6,7.2,7.6,70,2730,0
BANKNIFTY31JUL2548600PE.NFO,2025-07-07,15:28:00,2025-07-31,7.6,7.6,7.6,7.6,0,2730,0
BANKNIFTY31JUL2548600PE.NFO,2025-07-07,15:29:00,2025-07-31,7.6,7.6,7.6,7.6,0,2730,0
BANKNIFTY31JUL2548600PE.NFO,2025-07-07,15:30:00,2025-07-31,7.6,7.6,7.6,7.6,0,2730,1
BANKNIFTY31JUL2548600PE.NFO,2025-07-08,09:15:00,2025-07-31,7.9,7.9,7.9,7.9,0,2660,1
BANKNIFTY31JUL2548600PE.NFO,2025-07-08,09:16:00,2025-07-31,7.9,7.9,7.9,7.9,0,2660,1
BANKNIFTY31JUL2548600PE.NFO,2025-07-08,09:17:00,2025-07-31,7.9,7.9,7.9,7.9,0,2660,1
BANKNIFTY31JUL2548600PE.NFO,2025-07-08,09:18:00,2025-07-31,7.9,7.9,7.9,7.9,0,2660,1
BANKNIFTY31JUL2548600PE.NFO,2025-07-08,09:19:00,2025-07-31,7.9,7.9,7.9,7.9,0,2660,1
BANKNIFTY31JUL2548600PE.NFO,2025-07-08,09:20:00,2025-07-31,7.9,7.9,7.9,7.9,0,2660,1
BANKNIFTY31JUL2548600PE.NFO,2025-07-08,09:21:00,2025-07-31,7.9,7.9,7.9,7.9,0,2660,1
BANKNIFTY31JUL2548600PE.NFO,2025-07-08,09:22:00,2025-07-31,7.9,7.9,7.9,7.9,0,2660,1
BANKNIFTY31JUL2548600PE.NFO,2025-07-08,09:23:00,2025-07-31,7.9,7.9,7.9,7.9,0,2660,1
BANKNIFTY31JUL2548600PE.NFO,2025-07-08,09:24:00,2025-07-31,7.9,7.9,7.9,7.9,0,2660,1
BANKNIFTY31JUL2548600PE.NFO,2025-07-08,09:25:00,2025-07-31,7.9,7.9,7.9,7.9,0,2660,1
BANKNIFTY31JUL2548600PE.NFO,2025-07-08,09:26:00,2025-07-31,7.9,7.9,7.9,7.9,0,2660,1
BANKNIFTY31JUL2548600PE.NFO,2025-07-08,09:27:00,2025-07-31,7.9,7.9,7.9,7.9,0,2660,1
BANKNIFTY31JUL2548600PE.NFO,2025-07-08,09:28:00,2025-07-31,7.9,7.9,7.9,7.9,0,2660,1
BANKNIFTY31JUL2548600PE.NFO,2025-07-08,09:29:00,2025-07-31,7.9,7.9,7.9,7.9,0,2660,1
BANKNIFTY31JUL2548600PE.NFO,2025-07-08,09:30:00,2025-07-31,7.9,7.9,7.9,7.9,0,2660,1
BANKNIFTY31JUL2548600PE.NFO,2025-07-08,09:31:00,2025-07-31,7.9,7.9,7.9,7.9,0,2660,1
BANKNIFTY31JUL2548600PE.NFO,2025-07-08,09:32:00,2025-07-31,7.9,7.9,7.9,7.9,0,2660,1
BANKNIFTY31JUL2548600PE.NFO,2025-07-08,09:33:00,2025-07-31,7.9,7.9,7.9,7.9,0,2660,1
BANKNIFTY31JUL2548600PE.NFO,2025-07-08,09:34:00,2025-07-31,7.9,7.9,7.9,7.9,0,2660,1
BANKNIFTY31JUL2548600PE.NFO,2025-07-08,09:35:00,2025-07-31,7.9,7.9,7.9,7.9,0,2660,1
BANKNIFTY31JUL2548600PE.NFO,2025-07-08,09:36:00,2025-07-31,7.9,7.9,7.9,7.9,0,2660,0
BANKNIFTY31JUL2548600PE.NFO,2025-07-08,09:37:00,2025-07-31,7.9,7.9,7.9,7.9,0,2660,0
BANKNIFTY31JUL2548600PE.NFO,2025-07-08,09:38:00,2025-07-31,7.9,7.9,7.9,7.9,0,2660,0
BANKNIFTY31JUL2548600PE.NFO,2025-07-08,09:39:00,2025-07-31,7.9,7.9,7.9,7.9,0,2660,0
BANKNIFTY31JUL2548600PE.NFO,2025-07-08,09:40:00,2025-07-31,7.9,7.9,7.9,7.9,0,2660,1
BANKNIFTY31JUL2548600PE.NFO,2025-07-08,09:41:00,2025-07-31,7.9,7.9,7.9,7.9,0,2660,1
BANKNIFTY31JUL2548600PE.NFO,2025-07-08,09:42:00,2025-07-31,7.9,7.9,7.9,7.9,0,2660,0
BANKNIFTY31JUL2548600PE.NFO,2025-07-08,09:43:00,2025-07-31,7.9,7.9,7.9,7.9,0,2660,0
BANKNIFTY31JUL2548600PE.NFO,2025-07-08,09:44:00,2025-07-31,7.9,7.9,7.9,7.9,0,2660,0
BANKNIFTY31JUL2548600PE.NFO,2025-07-08,09:45:00,2025-07-31,7.9,7.9,7.9,7.9,0,2660,0
BANKNIFTY31JUL2548600PE.NFO,2025-07-08,09:46:00,2025-07-31,7.9,7.9,7.9,7.9,0,2660,0
BANKNIFTY31JUL2548600PE.NFO,2025-07-08,09:47:00,2025-07-31,7.9,7.9,7.9,7.9,0,2660,0
BANKNIFTY31JUL2548600PE.NFO,2025-07-08,09:48:00,2025-07-31,7.9,7.9,7.9,7.9,0,2660,0
BANKNIFTY31JUL2548600PE.NFO,2025-07-08,09:49:00,2025-07-31,7.9,7.9,7.9,7.9,0,2660,0
BANKNIFTY31JUL2548600PE.NFO,2025-07-08,09:50:00,2025-07-31,7.9,7.9,7.9,7.9,0,2660,0
BANKNIFTY31JUL2548600PE.NFO,2025-07-08,09:51:00,2025-07-31,7.9,7.9,7.9,7.9,0,2660,0
BANKNIFTY31JUL2548600PE.NFO,2025-07-08,09:52:00,2025-07-31,7.9,7.9,7.9,7.9,0,2660,0
BANKNIFTY31JUL2548600PE.NFO,2025-07-08,09:53:00,2025-07-31,7.9,7.9,7.9,7.9,0,2660,0
BANKNIFTY31JUL2548600PE.NFO,2025-07-08,09:54:00,2025-07-31,7.9,7.9,7.9,7.9,0,2660,0
BANKNIFTY31JUL2548600PE.NFO,2025-07-08,09:55:00,2025-07-31,7.9,7.9,7.9,7.9,0,2660,0
BANKNIFTY31JUL2548600PE.NFO,2025-07-08,09:56:00,2025-07-31,7.9,7.9,7.9,7.9,0,2660,0
BANKNIFTY31JUL2548600PE.NFO,2025-07-08,09:57:00,2025-07-31,7.9,7.9,7.9,7.9,0,2660,1
BANKNIFTY31JUL2548600PE.NFO,2025-07-08,09:58:00,2025-07-31,7.9,7.9,7.9,7.9,0,2660,0
BANKNIFTY31JUL2548600PE.NFO,2025-07-08,09:59:00,2025-07-31,7.9,7.9,7.9,7.9,0,2660,0
BANKNIFTY31JUL2548600PE.NFO,2025-07-08,10:00:00,2025-07-31,7.9,7.9,7.9,7.9,0,2660,1
BANKNIFTY31JUL2548600PE.NFO,2025-07-08,10:01:00,2025-07-31,7.9,7.9,7.9,7.9,0,2660,0
BANKNIFTY31JUL2548600PE.NFO,2025-07-08,10:02:00,2025-07-31,7.65,7.65,7.65,7.65,35,2660,0
BANKNIFTY31JUL2548600PE.NFO,2025-07-08,10:03:00,2025-07-31,7.65,7.65,7.65,7.65,0,2660,0
BANKNIFTY31JUL2548600PE.NFO,2025-07-08,10:04:00,2025-07-31,7.9,7.9,7.9,7.9,35,2695,0
BANKNIFTY31JUL2548600PE.NFO,2025-07-08,10:05:00,2025-07-31,7.9,7.9,7.9,7.9,35,2695,0
BANKNIFTY31JUL2548600PE.NFO,2025-07-08,10:06:00,2025-07-31,7.9,7.9,7.5,7.5,35,2695,0
BANKNIFTY31JUL2548600PE.NFO,2025-07-08,10:07:00,2025-07-31,7.5,7.5,7.5,7.5,0,2695,0
BANKNIFTY31JUL2548600PE.NFO,2025-07-08,10:08:00,2025-07-31,7.5,7.5,7.5,7.5,0,2695,0
BANKNIFTY31JUL2548600PE.NFO,2025-07-08,10:09:00,2025-07-31,7.5,7.5,7.5,7.5,0,2695,1
BANKNIFTY31JUL2548600PE.NFO,2025-07-08,10:10:00,2025-07-31,7.5,7.5,7.5,7.5,0,2695,1
BANKNIFTY31JUL2548600PE.NFO,2025-07-08,10:11:00,2025-07-31,7.5,7.5,7.5,7.5,0,2695,0
BANKNIFTY31JUL2548600PE.NFO,2025-07-08,10:12:00,2025-07-31,7.5,7.5,7.5,7.5,0,2695,1
BANKNIFTY31JUL2548600PE.NFO,2025-07-08,10:13:00,2025-07-31,7.5,7.5,7.5,7.5,0,2695,0
BANKNIFTY31JUL2548600PE.NFO,2025-07-08,10:14:00,2025-07-31,7.5,7.5,7.5,7.5,0,2695,0
BANKNIFTY31JUL2548600PE.NFO,2025-07-08,10:15:00,2025-07-31,7.5,7.5,7.5,7.5,0,2695,1
BANKNIFTY31JUL2548600PE.NFO,2025-07-08,10:16:00,2025-07-31,7.5,7.5,7.5,7.5,0,2695,1
BANKNIFTY31JUL2548600PE.NFO,2025-07-08,10:17:00,2025-07-31,7.5,7.5,7.5,7.5,0,2695,1
BANKNIFTY31JUL2548600PE.NFO,2025-07-08,10:18:00,2025-07-31,7.5,7.5,7.5,7.5,0,2695,1
BANKNIFTY31JUL2548600PE.NFO,2025-07-08,10:19:00,2025-07-31,7.5,7.5,7.5,7.5,0,2695,1
BANKNIFTY31JUL2548600PE.NFO,2025-07-08,10:20:00,2025-07-31,7.5,7.5,7.5,7.5,0,2695,1
BANKNIFTY31JUL2548600PE.NFO,2025-07-08,10:21:00,2025-07-31,7.5,7.5,7.5,7.5,0,2695,0
BANKNIFTY31JUL2548600PE.NFO,2025-07-08,10:22:00,2025-07-31,6.95,7.1,6.95,7.1,70,2695,0
BANKNIFTY31JUL2548600PE.NFO,2025-07-08,10:23:00,2025-07-31,7.1,7.1,7.1,7.1,0,2695,0
BANKNIFTY31JUL2548600PE.NFO,2025-07-08,10:24:00,2025-07-31,7.1,7.1,7.1,7.1,0,2695,0
BANKNIFTY31JUL2548600PE.NFO,2025-07-08,10:25:00,2025-07-31,7.1,7.1,7.1,7.1,0,2695,0
BANKNIFTY31JUL2548600PE.NFO,2025-07-08,10:26:00,2025-07-31,7.1,7.1,7.1,7.1,0,2695,1
BANKNIFTY31JUL2548600PE.NFO,2025-07-08,10:27:00,2025-07-31,7.1,7.1,7.1,7.1,0,2695,0
BANKNIFTY31JUL2548600PE.NFO,2025-07-08,10:28:00,2025-07-31,7.1,7.1,7.1,7.1,0,2695,0
BANKNIFTY31JUL2548600PE.NFO,2025-07-08,10:29:00,2025-07-31,7.1,7.1,7.1,7.1,0,2695,0
BANKNIFTY31JUL2548600PE.NFO,2025-07-08,10:30:00,2025-07-31,7.1,7.1,7.1,7.1,0,2695,1
BANKNIFTY31JUL2548600PE.NFO,2025-07-08,10:31:00,2025-07-31,7.1,7.1,7.1,7.1,0,2695,1
BANKNIFTY31JUL2548600PE.NFO,2025-07-08,10:32:00,2025-07-31,8.7,8.7,7.55,7.55,70,2660,0
BANKNIFTY31JUL2548600PE.NFO,2025-07-08,10:33:00,2025-07-31,7.55,7.55,7.55,7.55,0,2660,0
BANKNIFTY31JUL2548600PE.NFO,2025-07-08,10:34:00,2025-07-31,7.55,7.55,7.55,7.55,0,2660,0
BANKNIFTY31JUL2548600PE.NFO,2025-07-08,10:35:00,2025-07-31,7.55,7.55,7.55,7.55,0,2660,0
BANKNIFTY31JUL2548600PE.NFO,2025-07-08,10:36:00,2025-07-31,7.55,7.55,7.55,7.55,0,2660,1
BANKNIFTY31JUL2548600PE.NFO,2025-07-08,10:37:00,2025-07-31,7.55,7.55,7.55,7.55,0,2660,0
BANKNIFTY31JUL2548600PE.NFO,2025-07-08,10:38:00,2025-07-31,7.55,7.55,7.55,7.55,0,2660,0
BANKNIFTY31JUL2548600PE.NFO,2025-07-08,10:39:00,2025-07-31,7.55,7.55,7.55,7.55,0,2660,0
BANKNIFTY31JUL2548600PE.NFO,2025-07-08,10:40:00,2025-07-31,7.55,7.55,7.55,7.55,0,2660,1
BANKNIFTY31JUL2548600PE.NFO,2025-07-08,10:41:00,2025-07-31,7.55,7.55,7.55,7.55,0,2660,1
BANKNIFTY31JUL2548600PE.NFO,2025-07-08,10:42:00,2025-07-31,8.0,8.0,7.25,7.25,70,2695,0
BANKNIFTY31JUL2548600PE.NFO,2025-07-08,10:43:00,2025-07-31,7.25,7.25,7.25,7.25,0,2695,0
BANKNIFTY31JUL2548600PE.NFO,2025-07-08,10:44:00,2025-07-31,7.25,7.25,7.25,7.25,0,2695,0
BANKNIFTY31JUL2548600PE.NFO,2025-07-08,10:45:00,2025-07-31,7.25,7.25,7.25,7.25,0,2695,0
BANKNIFTY31JUL2548600PE.NFO,2025-07-08,10:46:00,2025-07-31,7.25,7.25,7.25,7.25,0,2695,1
BANKNIFTY31JUL2548600PE.NFO,2025-07-08,10:47:00,2025-07-31,7.25,7.25,7.25,7.25,0,2695,0
BANKNIFTY31JUL2548600PE.NFO,2025-07-08,10:48:00,2025-07-31,7.25,7.25,7.25,7.25,0,2695,0
BANKNIFTY31JUL2548600PE.NFO,2025-07-08,10:49:00,2025-07-31,7.25,7.25,7.25,7.25,0,2695,1
BANKNIFTY31JUL2548600PE.NFO,2025-07-08,10:50:00,2025-07-31,7.25,7.25,7.25,7.25,0,2695,0
BANKNIFTY31JUL2548600PE.NFO,2025-07-08,10:51:00,2025-07-31,7.25,7.25,7.25,7.25,0,2695,0
BANKNIFTY31JUL2548600PE.NFO,2025-07-08,10:52:00,2025-07-31,7.25,7.25,7.25,7.25,0,2695,1
BANKNIFTY31JUL2548600PE.NFO,2025-07-08,10:53:00,2025-07-31,7.25,7.25,7.0,7.0,0,2695,0
BANKNIFTY31JUL2548600PE.NFO,2025-07-08,10:54:00,2025-07-31,7.0,7.0,7.0,7.0,35,2695,0
BANKNIFTY31JUL2548600PE.NFO,2025-07-08,10:55:00,2025-07-31,7.0,7.0,7.0,7.0,0,2695,0
BANKNIFTY31JUL2548600PE.NFO,2025-07-08,10:56:00,2025-07-31,7.0,7.0,7.0,7.0,0,2695,0
BANKNIFTY31JUL2548600PE.NFO,2025-07-08,10:57:00,2025-07-31,7.0,7.0,7.0,7.0,0,2695,1
BANKNIFTY31JUL2548600PE.NFO,2025-07-08,10:58:00,2025-07-31,7.0,7.0,7.0,7.0,0,2695,1
BANKNIFTY31JUL2548600PE.NFO,2025-07-08,10:59:00,2025-07-31,7.0,7.0,7.0,7.0,0,2695,1
BANKNIFTY31JUL2548600PE.NFO,2025-07-08,11:00:00,2025-07-31,7.0,7.0,7.0,7.0,0,2695,1
BANKNIFTY31JUL2548600PE.NFO,2025-07-08,11:01:00,2025-07-31,7.0,7.0,7.0,7.0,0,2695,1
BANKNIFTY31JUL2548600PE.NFO,2025-07-08,11:02:00,2025-07-31,7.0,7.0,7.0,7.0,0,2695,1
BANKNIFTY31JUL2548600PE.NFO,2025-07-08,11:03:00,2025-07-31,7.0,7.0,7.0,7.0,0,2695,0
BANKNIFTY31JUL2548600PE.NFO,2025-07-08,11:04:00,2025-07-31,7.0,7.0,7.0,7.0,0,2695,1
BANKNIFTY31JUL2548600PE.NFO,2025-07-08,11:05:00,2025-07-31,6.7,6.7,6.7,6.7,35,2695,0
BANKNIFTY31JUL2548600PE.NFO,2025-07-08,11:06:00,2025-07-31,6.7,6.7,6.7,6.7,0,2695,0
BANKNIFTY31JUL2548600PE.NFO,2025-07-08,11:07:00,2025-07-31,6.7,6.7,6.7,6.7,0,2695,0
BANKNIFTY31JUL2548600PE.NFO,2025-07-08,11:08:00,2025-07-31,6.7,6.7,6.7,6.7,0,2695,0
BANKNIFTY31JUL2548600PE.NFO,2025-07-08,11:09:00,2025-07-31,6.7,6.7,6.7,6.7,0,2695,1
BANKNIFTY31JUL2548600PE.NFO,2025-07-08,11:10:00,2025-07-31,6.7,6.7,6.7,6.7,0,2695,1
BANKNIFTY31JUL2548600PE.NFO,2025-07-08,11:11:00,2025-07-31,6.7,6.7,6.7,6.7,0,2695,1
BANKNIFTY31JUL2548600PE.NFO,2025-07-08,11:12:00,2025-07-31,6.7,6.7,6.7,6.7,0,2695,1
BANKNIFTY31JUL2548600PE.NFO,2025-07-08,11:13:00,2025-07-31,6.7,6.7,6.7,6.7,0,2695,1
BANKNIFTY31JUL2548600PE.NFO,2025-07-08,11:14:00,2025-07-31,6.7,6.7,6.7,6.7,0,2695,1
BANKNIFTY31JUL2548600PE.NFO,2025-07-08,11:15:00,2025-07-31,6.7,6.7,6.7,6.7,0,2695,1
BANKNIFTY31JUL2548600PE.NFO,2025-07-08,11:16:00,2025-07-31,6.7,6.7,6.7,6.7,0,2695,1
BANKNIFTY31JUL2548600PE.NFO,2025-07-08,11:17:00,2025-07-31,6.7,6.7,6.7,6.7,0,2695,0
BANKNIFTY31JUL2548600PE.NFO,2025-07-08,11:18:00,2025-07-31,6.7,6.7,6.7,6.7,0,2695,0
BANKNIFTY31JUL2548600PE.NFO,2025-07-08,11:19:00,2025-07-31,6.7,6.7,6.7,6.7,0,2695,1
BANKNIFTY31JUL2548600PE.NFO,2025-07-08,11:20:00,2025-07-31,6.7,6.7,6.7,6.7,0,2695,0
BANKNIFTY31JUL2548600PE.NFO,2025-07-08,11:21:00,2025-07-31,6.7,6.7,6.7,6.7,0,2695,0
BANKNIFTY31JUL2548600PE.NFO,2025-07-08,11:22:00,2025-07-31,6.7,6.7,6.7,6.7,0,2695,1
BANKNIFTY31JUL2548600PE.NFO,2025-07-08,11:23:00,2025-07-31,6.7,6.7,6.7,6.7,0,2695,1
BANKNIFTY31JUL2548600PE.NFO,2025-07-08,11:24:00,2025-07-31,6.7,6.7,6.7,6.7,0,2695,1
BANKNIFTY31JUL2548600PE.NFO,2025-07-08,11:25:00,2025-07-31,6.7,6.7,6.7,6.7,0,2695,1
BANKNIFTY31JUL2548600PE.NFO,2025-07-08,11:26:00,2025-07-31,6.7,6.7,6.7,6.7,0,2695,1
BANKNIFTY31JUL2548600PE.NFO,2025-07-08,11:27:00,2025-07-31,6.7,6.7,6.7,6.7,0,2695,1
BANKNIFTY31JUL2548600PE.NFO,2025-07-08,11:28:00,2025-07-31,6.7,6.7,6.7,6.7,0,2695,0
BANKNIFTY31JUL2548600PE.NFO,2025-07-08,11:29:00,2025-07-31,6.7,6.7,6.7,6.7,0,2695,1
BANKNIFTY31JUL2548600PE.NFO,2025-07-08,11:30:00,2025-07-31,6.7,6.7,6.7,6.7,0,2695,1
BANKNIFTY31JUL2548600PE.NFO,2025-07-08,11:31:00,2025-07-31,6.7,6.7,6.7,6.7,0,2695,1
BANKNIFTY31JUL2548600PE.NFO,2025-07-08,11:32:00,2025-07-31,6.7,6.7,6.7,6.7,0,2695,1
BANKNIFTY31JUL2548600PE.NFO,2025-07-08,11:33:00,2025-07-31,6.7,6.7,6.7,6.7,0,2695,1
BANKNIFTY31JUL2548600PE.NFO,2025-07-08,11:34:00,2025-07-31,6.7,6.7,6.7,6.7,0,2695,0
BANKNIFTY31JUL2548600PE.NFO,2025-07-08,11:35:00,2025-07-31,6.7,6.7,6.7,6.7,0,2695,0
BANKNIFTY31JUL2548600PE.NFO,2025-07-08,11:36:00,2025-07-31,6.7,6.7,6.7,6.7,0,2695,1
BANKNIFTY31JUL2548600PE.NFO,2025-07-08,11:37:00,2025-07-31,6.7,6.7,6.7,6.7,0,2695,1
BANKNIFTY31JUL2548600PE.NFO,2025-07-08,11:38:00,2025-07-31,6.7,6.7,6.7,6.7,0,2695,1
BANKNIFTY31JUL2548600PE.NFO,2025-07-08,11:39:00,2025-07-31,6.7,6.7,6.7,6.7,0,2695,1
BANKNIFTY31JUL2548600PE.NFO,2025-07-08,11:40:00,2025-07-31,6.7,6.7,6.7,6.7,0,2695,0
BANKNIFTY31JUL2548600PE.NFO,2025-07-08,11:41:00,2025-07-31,6.7,6.7,6.7,6.7,0,2695,0
BANKNIFTY31JUL2548600PE.NFO,2025-07-08,11:42:00,2025-07-31,6.7,6.7,6.7,6.7,0,2695,1
BANKNIFTY31JUL2548600PE.NFO,2025-07-08,11:43:00,2025-07-31,6.7,6.7,6.7,6.7,0,2695,1
BANKNIFTY31JUL2548600PE.NFO,2025-07-08,11:44:00,2025-07-31,6.7,6.7,6.7,6.7,0,2695,1
BANKNIFTY31JUL2548600PE.NFO,2025-07-08,11:45:00,2025-07-31,6.7,6.7,6.7,6.7,0,2695,1
BANKNIFTY31JUL2548600PE.NFO,2025-07-08,11:46:00,2025-07-31,6.7,6.7,6.7,6.7,0,2695,0
BANKNIFTY31JUL2548600PE.NFO,2025-07-08,11:47:00,2025-07-31,6.7,6.7,6.7,6.7,0,2695,1
BANKNIFTY31JUL2548600PE.NFO,2025-07-08,11:48:00,2025-07-31,6.7,6.7,6.7,6.7,0,2695,1
BANKNIFTY31JUL2548600PE.NFO,2025-07-08,11:49:00,2025-07-31,6.7,6.7,6.7,6.7,0,2695,1
BANKNIFTY31JUL2548600PE.NFO,2025-07-08,11:50:00,2025-07-31,6.7,6.7,6.7,6.7,0,2695,0
BANKNIFTY31JUL2548600PE.NFO,2025-07-08,11:51:00,2025-07-31,6.7,6.7,6.7,6.7,0,2695,1
BANKNIFTY31JUL2548600PE.NFO,2025-07-08,11:52:00,2025-07-31,6.7,6.7,6.7,6.7,0,2695,0
BANKNIFTY31JUL2548600PE.NFO,2025-07-08,11:53:00,2025-07-31,6.7,6.7,6.7,6.7,0,2695,1
BANKNIFTY31JUL2548600PE.NFO,2025-07-08,11:54:00,2025-07-31,6.7,6.7,6.7,6.7,0,2695,1
BANKNIFTY31JUL2548600PE.NFO,2025-07-08,11:55:00,2025-07-31,6.7,6.7,6.7,6.7,0,2695,1
BANKNIFTY31JUL2548600PE.NFO,2025-07-08,11:56:00,2025-07-31,6.7,6.7,6.7,6.7,0,2695,1
BANKNIFTY31JUL2548600PE.NFO,2025-07-08,11:57:00,2025-07-31,6.7,6.7,6.7,6.7,0,2695,0
BANKNIFTY31JUL2548600PE.NFO,2025-07-08,11:58:00,2025-07-31,6.7,6.7,6.7,6.7,0,2695,1
BANKNIFTY31JUL2548600PE.NFO,2025-07-08,11:59:00,2025-07-31,6.7,6.7,6.7,6.7,0,2695,1
BANKNIFTY31JUL2548600PE.NFO,2025-07-08,12:00:00,2025-07-31,6.7,6.7,6.7,6.7,0,2695,1
BANKNIFTY31JUL2548600PE.NFO,2025-07-08,12:01:00,2025-07-31,6.7,6.7,6.7,6.7,0,2695,1
BANKNIFTY31JUL2548600PE.NFO,2025-07-08,12:02:00,2025-07-31,6.7,6.7,6.7,6.7,0,2695,0
BANKNIFTY31JUL2548600PE.NFO,2025-07-08,12:03:00,2025-07-31,6.7,6.7,6.7,6.7,0,2695,1
BANKNIFTY31JUL2548600PE.NFO,2025-07-08,12:04:00,2025-07-31,6.7,6.7,6.7,6.7,0,2695,1
BANKNIFTY31JUL2548600PE.NFO,2025-07-08,12:05:00,2025-07-31,6.7,6.7,6.7,6.7,0,2695,0
BANKNIFTY31JUL2548600PE.NFO,2025-07-08,12:06:00,2025-07-31,6.7,6.7,6.7,6.7,0,2695,0
BANKNIFTY31JUL2548600PE.NFO,2025-07-08,12:07:00,2025-07-31,6.7,6.7,6.7,6.7,0,2695,0
BANKNIFTY31JUL2548600PE.NFO,2025-07-08,12:08:00,2025-07-31,6.7,6.7,6.7,6.7,0,2695,1
BANKNIFTY31JUL2548600PE.NFO,2025-07-08,12:09:00,2025-07-31,6.7,6.7,6.7,6.7,0,2695,0
BANKNIFTY31JUL2548600PE.NFO,2025-07-08,12:10:00,2025-07-31,6.7,6.7,6.7,6.7,0,2695,0
BANKNIFTY31JUL2548600PE.NFO,2025-07-08,12:11:00,2025-07-31,6.7,6.7,6.7,6.7,0,2695,1
BANKNIFTY31JUL2548600PE.NFO,2025-07-08,12:12:00,2025-07-31,6.7,6.7,6.7,6.7,0,2695,1
BANKNIFTY31JUL2548600PE.NFO,2025-07-08,12:13:00,2025-07-31,6.7,6.7,6.7,6.7,0,2695,1
BANKNIFTY31JUL2548600PE.NFO,2025-07-08,12:14:00,2025-07-31,6.7,6.7,6.7,6.7,0,2695,1
BANKNIFTY31JUL2548600PE.NFO,2025-07-08,12:15:00,2025-07-31,6.7,6.7,6.7,6.7,0,2695,1
BANKNIFTY31JUL2548600PE.NFO,2025-07-08,12:16:00,2025-07-31,6.7,6.7,6.7,6.7,0,2695,1
BANKNIFTY31JUL2548600PE.NFO,2025-07-08,12:17:00,2025-07-31,6.7,6.7,6.7,6.7,0,2695,0
BANKNIFTY31JUL2548600PE.NFO,2025-07-08,12:18:00,2025-07-31,6.7,6.7,6.7,6.7,0,2695,0
BANKNIFTY31JUL2548600PE.NFO,2025-07-08,12:19:00,2025-07-31,6.7,6.7,6.7,6.7,0,2695,0
BANKNIFTY31JUL2548600PE.NFO,2025-07-08,12:20:00,2025-07-31,6.7,6.7,6.7,6.7,0,2695,0
BANKNIFTY31JUL2548600PE.NFO,2025-07-08,12:21:00,2025-07-31,6.7,6.7,6.7,6.7,0,2695,1
BANKNIFTY31JUL2548600PE.NFO,2025-07-08,12:22:00,2025-07-31,6.7,6.7,6.7,6.7,0,2695,1
BANKNIFTY31JUL2548600PE.NFO,2025-07-08,12:23:00,2025-07-31,6.7,6.7,6.7,6.7,0,2695,1
BANKNIFTY31JUL2548600PE.NFO,2025-07-08,12:24:00,2025-07-31,6.7,6.7,6.7,6.7,0,2695,0
BANKNIFTY31JUL2548600PE.NFO,2025-07-08,12:25:00,2025-07-31,6.7,6.7,6.7,6.7,0,2695,1
BANKNIFTY31JUL2548600PE.NFO,2025-07-08,12:26:00,2025-07-31,6.7,6.7,6.7,6.7,0,2695,0
BANKNIFTY31JUL2548600PE.NFO,2025-07-08,12:27:00,2025-07-31,6.7,6.7,6.7,6.7,0,2695,1
BANKNIFTY31JUL2548600PE.NFO,2025-07-08,12:28:00,2025-07-31,6.7,6.7,6.7,6.7,0,2695,0
BANKNIFTY31JUL2548600PE.NFO,2025-07-08,12:29:00,2025-07-31,6.7,6.7,6.7,6.7,0,2695,0
BANKNIFTY31JUL2548600PE.NFO,2025-07-08,12:30:00,2025-07-31,6.7,6.7,6.7,6.7,0,2695,1
BANKNIFTY31JUL2548600PE.NFO,2025-07-08,12:31:00,2025-07-31,6.7,6.7,6.7,6.7,0,2695,0
BANKNIFTY31JUL2548600PE.NFO,2025-07-08,12:32:00,2025-07-31,6.7,6.7,6.7,6.7,0,2695,1
BANKNIFTY31JUL2548600PE.NFO,2025-07-08,12:33:00,2025-07-31,6.7,6.7,6.7,6.7,0,2695,1
BANKNIFTY31JUL2548600PE.NFO,2025-07-08,12:34:00,2025-07-31,6.7,6.7,6.7,6.7,0,2695,1
BANKNIFTY31JUL2548600PE.NFO,2025-07-08,12:35:00,2025-07-31,6.7,6.7,6.7,6.7,0,2695,0
BANKNIFTY31JUL2548600PE.NFO,2025-07-08,12:36:00,2025-07-31,6.7,6.7,6.7,6.7,0,2695,1
BANKNIFTY31JUL2548600PE.NFO,2025-07-08,12:37:00,2025-07-31,6.7,6.7,6.7,6.7,0,2695,1
BANKNIFTY31JUL2548600PE.NFO,2025-07-08,12:38:00,2025-07-31,6.7,6.7,6.7,6.7,0,2695,1
BANKNIFTY31JUL2548600PE.NFO,2025-07-08,12:39:00,2025-07-31,6.7,6.7,6.7,6.7,0,2695,0
BANKNIFTY31JUL2548600PE.NFO,2025-07-08,12:40:00,2025-07-31,6.7,6.7,6.7,6.7,0,2695,1
BANKNIFTY31JUL2548600PE.NFO,2025-07-08,12:41:00,2025-07-31,6.7,6.7,6.7,6.7,0,2695,1
BANKNIFTY31JUL2548600PE.NFO,2025-07-08,12:42:00,2025-07-31,6.7,6.7,6.7,6.7,0,2695,1
BANKNIFTY31JUL2548600PE.NFO,2025-07-08,12:43:00,2025-07-31,6.7,6.7,6.7,6.7,0,2695,1
BANKNIFTY31JUL2548600PE.NFO,2025-07-08,12:44:00,2025-07-31,6.7,6.7,6.7,6.7,0,2695,1
BANKNIFTY31JUL2548600PE.NFO,2025-07-08,12:45:00,2025-07-31,6.7,6.7,6.7,6.7,0,2695,1
BANKNIFTY31JUL2548600PE.NFO,2025-07-08,12:46:00,2025-07-31,6.7,6.7,6.7,6.7,0,2695,1
BANKNIFTY31JUL2548600PE.NFO,2025-07-08,12:47:00,2025-07-31,6.7,6.7,6.7,6.7,0,2695,1
BANKNIFTY31JUL2548600PE.NFO,2025-07-08,12:48:00,2025-07-31,6.7,6.7,6.7,6.7,0,2695,1
BANKNIFTY31JUL2548600PE.NFO,2025-07-08,12:49:00,2025-07-31,6.7,6.7,6.7,6.7,0,2695,0
BANKNIFTY31JUL2548600PE.NFO,2025-07-08,12:50:00,2025-07-31,6.7,6.7,6.7,6.7,0,2695,0
BANKNIFTY31JUL2548600PE.NFO,2025-07-08,12:51:00,2025-07-31,6.7,6.7,6.7,6.7,0,2695,1
BANKNIFTY31JUL2548600PE.NFO,2025-07-08,12:52:00,2025-07-31,6.7,6.7,6.7,6.7,0,2695,1
BANKNIFTY31JUL2548600PE.NFO,2025-07-08,12:53:00,2025-07-31,6.7,6.7,6.7,6.7,0,2695,0
BANKNIFTY31JUL2548600PE.NFO,2025-07-08,12:54:00,2025-07-31,6.7,6.7,6.7,6.7,0,2695,0
BANKNIFTY31JUL2548600PE.NFO,2025-07-08,12:55:00,2025-07-31,6.7,6.7,6.7,6.7,0,2695,1
BANKNIFTY31JUL2548600PE.NFO,2025-07-08,12:56:00,2025-07-31,6.7,6.7,6.7,6.7,0,2695,0
BANKNIFTY31JUL2548600PE.NFO,2025-07-08,12:57:00,2025-07-31,6.7,6.7,6.7,6.7,0,2695,1
BANKNIFTY31JUL2548600PE.NFO,2025-07-08,12:58:00,2025-07-31,6.7,6.7,6.7,6.7,0,2695,0
BANKNIFTY31JUL2548600PE.NFO,2025-07-08,12:59:00,2025-07-31,6.7,6.7,6.7,6.7,0,2695,1
BANKNIFTY31JUL2548600PE.NFO,2025-07-08,13:00:00,2025-07-31,6.7,6.7,6.7,6.7,0,2695,0
BANKNIFTY31JUL2548600PE.NFO,2025-07-08,13:01:00,2025-07-31,6.7,6.7,6.7,6.7,0,2695,0
BANKNIFTY31JUL2548600PE.NFO,2025-07-08,13:02:00,2025-07-31,6.7,6.7,6.7,6.7,0,2695,0
BANKNIFTY31JUL2548600PE.NFO,2025-07-08,13:03:00,2025-07-31,6.7,6.7,6.7,6.7,0,2695,1
BANKNIFTY31JUL2548600PE.NFO,2025-07-08,13:04:00,2025-07-31,6.7,6.7,6.7,6.7,0,2695,1
BANKNIFTY31JUL2548600PE.NFO,2025-07-08,13:05:00,2025-07-31,6.7,6.7,6.7,6.7,0,2695,0
BANKNIFTY31JUL2548600PE.NFO,2025-07-08,13:06:00,2025-07-31,6.7,6.7,6.7,6.7,0,2695,0
BANKNIFTY31JUL2548600PE.NFO,2025-07-08,13:07:00,2025-07-31,6.7,6.7,6.7,6.7,0,2695,1
BANKNIFTY31JUL2548600PE.NFO,2025-07-08,13:08:00,2025-07-31,6.7,6.7,6.7,6.7,0,2695,1
BANKNIFTY31JUL2548600PE.NFO,2025-07-08,13:09:00,2025-07-31,6.7,6.7,6.7,6.7,0,2695,0
BANKNIFTY31JUL2548600PE.NFO,2025-07-08,13:10:00,2025-07-31,6.7,6.7,6.7,6.7,0,2695,0
BANKNIFTY31JUL2548600PE.NFO,2025-07-08,13:11:00,2025-07-31,6.7,6.7,6.7,6.7,0,2695,1
BANKNIFTY31JUL2548600PE.NFO,2025-07-08,13:12:00,2025-07-31,6.7,6.7,6.7,6.7,0,2695,0
BANKNIFTY31JUL2548600PE.NFO,2025-07-08,13:13:00,2025-07-31,6.7,6.7,6.7,6.7,0,2695,1
BANKNIFTY31JUL2548600PE.NFO,2025-07-08,13:14:00,2025-07-31,6.7,6.7,6.7,6.7,0,2695,0
BANKNIFTY31JUL2548600PE.NFO,2025-07-08,13:15:00,2025-07-31,6.7,6.7,6.7,6.7,0,2695,0
BANKNIFTY31JUL2548600PE.NFO,2025-07-08,13:16:00,2025-07-31,6.7,6.7,6.7,6.7,0,2695,1
BANKNIFTY31JUL2548600PE.NFO,2025-07-08,13:17:00,2025-07-31,6.7,6.7,6.7,6.7,0,2695,1
BANKNIFTY31JUL2548600PE.NFO,2025-07-08,13:18:00,2025-07-31,6.7,6.7,6.7,6.7,0,2695,1
BANKNIFTY31JUL2548600PE.NFO,2025-07-08,13:19:00,2025-07-31,6.7,6.7,6.7,6.7,0,2695,1
BANKNIFTY31JUL2548600PE.NFO,2025-07-08,13:20:00,2025-07-31,6.7,6.7,6.7,6.7,0,2695,0
BANKNIFTY31JUL2548600PE.NFO,2025-07-08,13:21:00,2025-07-31,6.7,6.7,6.7,6.7,0,2695,1
BANKNIFTY31JUL2548600PE.NFO,2025-07-08,13:22:00,2025-07-31,6.7,6.7,6.7,6.7,0,2695,1
BANKNIFTY31JUL2548600PE.NFO,2025-07-08,13:23:00,2025-07-31,6.7,6.7,6.7,6.7,0,2695,0
BANKNIFTY31JUL2548600PE.NFO,2025-07-08,13:24:00,2025-07-31,6.7,6.7,6.7,6.7,0,2695,1
BANKNIFTY31JUL2548600PE.NFO,2025-07-08,13:25:00,2025-07-31,6.7,6.7,6.7,6.7,0,2695,1
BANKNIFTY31JUL2548600PE.NFO,2025-07-08,13:26:00,2025-07-31,6.7,6.7,6.7,6.7,0,2695,1
BANKNIFTY31JUL2548600PE.NFO,2025-07-08,13:27:00,2025-07-31,6.7,6.7,6.7,6.7,0,2695,1
BANKNIFTY31JUL2548600PE.NFO,2025-07-08,13:28:00,2025-07-31,6.7,6.7,6.7,6.7,0,2695,1
BANKNIFTY31JUL2548600PE.NFO,2025-07-08,13:29:00,2025-07-31,6.7,6.7,6.7,6.7,0,2695,1
BANKNIFTY31JUL2548600PE.NFO,2025-07-08,13:30:00,2025-07-31,6.7,6.7,6.7,6.7,0,2695,1
BANKNIFTY31JUL2548600PE.NFO,2025-07-08,13:31:00,2025-07-31,6.7,6.7,6.7,6.7,0,2695,1
BANKNIFTY31JUL2548600PE.NFO,2025-07-08,13:32:00,2025-07-31,6.7,6.7,6.7,6.7,0,2695,1
BANKNIFTY31JUL2548600PE.NFO,2025-07-08,13:33:00,2025-07-31,6.7,6.7,6.7,6.7,0,2695,1
BANKNIFTY31JUL2548600PE.NFO,2025-07-08,13:34:00,2025-07-31,6.7,6.7,6.7,6.7,0,2695,1
BANKNIFTY31JUL2548600PE.NFO,2025-07-08,13:35:00,2025-07-31,6.7,6.7,6.7,6.7,0,2695,0
BANKNIFTY31JUL2548600PE.NFO,2025-07-08,13:36:00,2025-07-31,6.7,6.7,6.7,6.7,0,2695,1
BANKNIFTY31JUL2548600PE.NFO,2025-07-08,13:37:00,2025-07-31,6.7,6.7,6.7,6.7,0,2695,1
BANKNIFTY31JUL2548600PE.NFO,2025-07-08,13:38:00,2025-07-31,6.7,6.7,6.7,6.7,0,2695,0
BANKNIFTY31JUL2548600PE.NFO,2025-07-08,13:39:00,2025-07-31,6.7,6.7,6.7,6.7,0,2695,1
BANKNIFTY31JUL2548600PE.NFO,2025-07-08,13:40:00,2025-07-31,6.7,6.7,6.7,6.7,0,2695,0
BANKNIFTY31JUL2548600PE.NFO,2025-07-08,13:41:00,2025-07-31,6.7,6.7,6.7,6.7,0,2695,0
BANKNIFTY31JUL2548600PE.NFO,2025-07-08,13:42:00,2025-07-31,6.7,6.7,6.7,6.7,0,2695,0
BANKNIFTY31JUL2548600PE.NFO,2025-07-08,13:43:00,2025-07-31,6.7,6.7,6.7,6.7,0,2695,0
BANKNIFTY31JUL2548600PE.NFO,2025-07-08,13:44:00,2025-07-31,6.7,6.7,6.7,6.7,0,2695,1
BANKNIFTY31JUL2548600PE.NFO,2025-07-08,13:45:00,2025-07-31,6.7,6.7,6.7,6.7,0,2695,1
BANKNIFTY31JUL2548600PE.NFO,2025-07-08,13:46:00,2025-07-31,6.7,6.7,6.7,6.7,0,2695,1
BANKNIFTY31JUL2548600PE.NFO,2025-07-08,13:47:00,2025-07-31,6.7,6.7,6.7,6.7,0,2695,1
BANKNIFTY31JUL2548600PE.NFO,2025-07-08,13:48:00,2025-07-31,6.7,6.7,6.7,6.7,0,2695,1
BANKNIFTY31JUL2548600PE.NFO,2025-07-08,13:49:00,2025-07-31,6.7,6.7,6.7,6.7,0,2695,1
BANKNIFTY31JUL2548600PE.NFO,2025-07-08,13:50:00,2025-07-31,6.7,6.7,6.7,6.7,0,2695,0
BANKNIFTY31JUL2548600PE.NFO,2025-07-08,13:51:00,2025-07-31,6.7,6.7,6.7,6.7,0,2695,0
BANKNIFTY31JUL2548600PE.NFO,2025-07-08,13:52:00,2025-07-31,6.7,6.7,6.7,6.7,0,2695,1
BANKNIFTY31JUL2548600PE.NFO,2025-07-08,13:53:00,2025-07-31,6.7,6.7,6.7,6.7,0,2695,1
BANKNIFTY31JUL2548600PE.NFO,2025-07-08,13:54:00,2025-07-31,6.7,6.7,6.7,6.7,0,2695,1
BANKNIFTY31JUL2548600PE.NFO,2025-07-08,13:55:00,2025-07-31,6.7,6.7,6.7,6.7,0,2695,1
BANKNIFTY31JUL2548600PE.NFO,2025-07-08,13:56:00,2025-07-31,6.7,6.7,6.7,6.7,0,2695,1
BANKNIFTY31JUL2548600PE.NFO,2025-07-08,13:57:00,2025-07-31,6.7,6.7,6.7,6.7,0,2695,1
BANKNIFTY31JUL2548600PE.NFO,2025-07-08,13:58:00,2025-07-31,6.7,6.7,6.7,6.7,0,2695,1
BANKNIFTY31JUL2548600PE.NFO,2025-07-08,13:59:00,2025-07-31,6.7,6.7,6.7,6.7,0,2695,1
BANKNIFTY31JUL2548600PE.NFO,2025-07-08,14:00:00,2025-07-31,6.7,6.7,6.7,6.7,0,2695,1
BANKNIFTY31JUL2548600PE.NFO,2025-07-08,14:01:00,2025-07-31,6.7,6.7,6.7,6.7,0,2695,1
BANKNIFTY31JUL2548600PE.NFO,2025-07-08,14:02:00,2025-07-31,6.7,6.7,6.7,6.7,0,2695,1
BANKNIFTY31JUL2548600PE.NFO,2025-07-08,14:03:00,2025-07-31,6.7,6.7,6.7,6.7,0,2695,1
BANKNIFTY31JUL2548600PE.NFO,2025-07-08,14:04:00,2025-07-31,6.7,6.7,6.7,6.7,0,2695,1
BANKNIFTY31JUL2548600PE.NFO,2025-07-08,14:05:00,2025-07-31,6.7,6.7,6.7,6.7,0,2695,0
BANKNIFTY31JUL2548600PE.NFO,2025-07-08,14:06:00,2025-07-31,6.7,6.7,6.7,6.7,0,2695,1
BANKNIFTY31JUL2548600PE.NFO,2025-07-08,14:07:00,2025-07-31,6.7,6.7,6.7,6.7,0,2695,1
BANKNIFTY31JUL2548600PE.NFO,2025-07-08,14:08:00,2025-07-31,6.7,6.7,6.7,6.7,0,2695,1
BANKNIFTY31JUL2548600PE.NFO,2025-07-08,14:09:00,2025-07-31,6.7,6.7,6.7,6.7,0,2695,1
BANKNIFTY31JUL2548600PE.NFO,2025-07-08,14:10:00,2025-07-31,6.7,6.7,6.7,6.7,0,2695,0
BANKNIFTY31JUL2548600PE.NFO,2025-07-08,14:11:00,2025-07-31,6.7,6.7,6.7,6.7,0,2695,1
BANKNIFTY31JUL2548600PE.NFO,2025-07-08,14:12:00,2025-07-31,6.8,6.8,6.8,6.8,35,2695,0
BANKNIFTY31JUL2548600PE.NFO,2025-07-08,14:13:00,2025-07-31,6.8,6.8,6.8,6.8,0,2695,0
BANKNIFTY31JUL2548600PE.NFO,2025-07-08,14:14:00,2025-07-31,6.8,6.8,6.8,6.8,0,2695,0
BANKNIFTY31JUL2548600PE.NFO,2025-07-08,14:15:00,2025-07-31,6.8,6.8,6.8,6.8,0,2695,0
BANKNIFTY31JUL2548600PE.NFO,2025-07-08,14:16:00,2025-07-31,6.8,6.8,6.8,6.8,0,2695,1
BANKNIFTY31JUL2548600PE.NFO,2025-07-08,14:17:00,2025-07-31,6.8,6.8,6.8,6.8,0,2695,1
BANKNIFTY31JUL2548600PE.NFO,2025-07-08,14:18:00,2025-07-31,6.8,6.8,6.8,6.8,0,2695,1
BANKNIFTY31JUL2548600PE.NFO,2025-07-08,14:19:00,2025-07-31,6.8,6.8,6.8,6.8,0,2695,1
BANKNIFTY31JUL2548600PE.NFO,2025-07-08,14:20:00,2025-07-31,6.8,6.8,6.8,6.8,0,2695,1
BANKNIFTY31JUL2548600PE.NFO,2025-07-08,14:21:00,2025-07-31,6.8,6.8,6.8,6.8,0,2695,1
BANKNIFTY31JUL2548600PE.NFO,2025-07-08,14:22:00,2025-07-31,6.8,6.8,6.8,6.8,0,2695,1
BANKNIFTY31JUL2548600PE.NFO,2025-07-08,14:23:00,2025-07-31,6.8,6.8,6.8,6.8,0,2695,0
BANKNIFTY31JUL2548600PE.NFO,2025-07-08,14:24:00,2025-07-31,6.8,6.8,6.8,6.8,0,2695,0
BANKNIFTY31JUL2548600PE.NFO,2025-07-08,14:25:00,2025-07-31,6.8,6.8,6.8,6.8,0,2695,0
BANKNIFTY31JUL2548600PE.NFO,2025-07-08,14:26:00,2025-07-31,6.8,6.8,6.8,6.8,0,2695,1
BANKNIFTY31JUL2548600PE.NFO,2025-07-08,14:27:00,2025-07-31,6.8,6.8,6.8,6.8,0,2695,0
BANKNIFTY31JUL2548600PE.NFO,2025-07-08,14:28:00,2025-07-31,6.8,6.8,6.8,6.8,0,2695,1
BANKNIFTY31JUL2548600PE.NFO,2025-07-08,14:29:00,2025-07-31,6.8,6.8,6.8,6.8,0,2695,0
BANKNIFTY31JUL2548600PE.NFO,2025-07-08,14:30:00,2025-07-31,6.8,6.8,6.8,6.8,0,2695,0
BANKNIFTY31JUL2548600PE.NFO,2025-07-08,14:31:00,2025-07-31,6.8,6.8,6.8,6.8,0,2695,1
BANKNIFTY31JUL2548600PE.NFO,2025-07-08,14:32:00,2025-07-31,6.8,6.8,6.8,6.8,0,2695,1
BANKNIFTY31JUL2548600PE.NFO,2025-07-08,14:33:00,2025-07-31,6.8,6.8,6.8,6.8,0,2695,1
BANKNIFTY31JUL2548600PE.NFO,2025-07-08,14:34:00,2025-07-31,6.8,6.8,6.8,6.8,0,2695,1
BANKNIFTY31JUL2548600PE.NFO,2025-07-08,14:35:00,2025-07-31,6.8,6.8,6.8,6.8,0,2695,0
BANKNIFTY31JUL2548600PE.NFO,2025-07-08,14:36:00,2025-07-31,6.8,6.8,6.8,6.8,0,2695,0
BANKNIFTY31JUL2548600PE.NFO,2025-07-08,14:37:00,2025-07-31,6.8,6.8,6.8,6.8,0,2695,1
BANKNIFTY31JUL2548600PE.NFO,2025-07-08,14:38:00,2025-07-31,6.8,6.8,6.8,6.8,0,2695,0
BANKNIFTY31JUL2548600PE.NFO,2025-07-08,14:39:00,2025-07-31,6.8,6.8,6.8,6.8,0,2695,0
BANKNIFTY31JUL2548600PE.NFO,2025-07-08,14:40:00,2025-07-31,6.8,6.8,6.8,6.8,0,2695,0
BANKNIFTY31JUL2548600PE.NFO,2025-07-08,14:41:00,2025-07-31,6.8,6.8,6.8,6.8,0,2695,1
BANKNIFTY31JUL2548600PE.NFO,2025-07-08,14:42:00,2025-07-31,6.8,6.8,6.8,6.8,0,2695,1
BANKNIFTY31JUL2548600PE.NFO,2025-07-08,14:43:00,2025-07-31,6.8,6.8,6.8,6.8,0,2695,0
BANKNIFTY31JUL2548600PE.NFO,2025-07-08,14:44:00,2025-07-31,6.8,6.8,6.8,6.8,0,2695,1
BANKNIFTY31JUL2548600PE.NFO,2025-07-08,14:45:00,2025-07-31,6.8,6.8,6.8,6.8,0,2695,0
BANKNIFTY31JUL2548600PE.NFO,2025-07-08,14:46:00,2025-07-31,6.8,6.8,6.8,6.8,0,2695,0
BANKNIFTY31JUL2548600PE.NFO,2025-07-08,14:47:00,2025-07-31,6.8,6.8,6.8,6.8,0,2695,0
BANKNIFTY31JUL2548600PE.NFO,2025-07-08,14:48:00,2025-07-31,6.8,6.8,6.8,6.8,0,2695,1
BANKNIFTY31JUL2548600PE.NFO,2025-07-08,14:49:00,2025-07-31,6.8,6.8,6.8,6.8,0,2695,1
BANKNIFTY31JUL2548600PE.NFO,2025-07-08,14:50:00,2025-07-31,6.8,6.8,6.8,6.8,0,2695,0
BANKNIFTY31JUL2548600PE.NFO,2025-07-08,14:51:00,2025-07-31,6.8,6.8,6.8,6.8,0,2695,0
BANKNIFTY31JUL2548600PE.NFO,2025-07-08,14:52:00,2025-07-31,6.8,6.8,6.8,6.8,0,2695,0
BANKNIFTY31JUL2548600PE.NFO,2025-07-08,14:53:00,2025-07-31,6.8,6.8,6.8,6.8,0,2695,0
BANKNIFTY31JUL2548600PE.NFO,2025-07-08,14:54:00,2025-07-31,6.8,6.8,6.8,6.8,0,2695,0
BANKNIFTY31JUL2548600PE.NFO,2025-07-08,14:55:00,2025-07-31,6.8,6.8,6.8,6.8,0,2695,0
BANKNIFTY31JUL2548600PE.NFO,2025-07-08,14:56:00,2025-07-31,6.8,6.8,6.8,6.8,0,2695,0
BANKNIFTY31JUL2548600PE.NFO,2025-07-08,14:57:00,2025-07-31,6.8,6.8,6.8,6.8,0,2695,0
BANKNIFTY31JUL2548600PE.NFO,2025-07-08,14:58:00,2025-07-31,6.8,6.8,6.8,6.8,0,2695,0
BANKNIFTY31JUL2548600PE.NFO,2025-07-08,14:59:00,2025-07-31,6.8,6.8,6.8,6.8,0,2695,0
BANKNIFTY31JUL2548600PE.NFO,2025-07-08,15:00:00,2025-07-31,6.8,6.8,6.8,6.8,0,2695,0
BANKNIFTY31JUL2548600PE.NFO,2025-07-08,15:01:00,2025-07-31,6.8,6.8,6.8,6.8,0,2695,1
BANKNIFTY31JUL2548600PE.NFO,2025-07-08,15:02:00,2025-07-31,6.8,6.8,6.8,6.8,0,2695,1
BANKNIFTY31JUL2548600PE.NFO,2025-07-08,15:03:00,2025-07-31,6.8,6.8,6.8,6.8,0,2695,1
BANKNIFTY31JUL2548600PE.NFO,2025-07-08,15:04:00,2025-07-31,6.8,6.8,6.8,6.8,0,2695,1
BANKNIFTY31JUL2548600PE.NFO,2025-07-08,15:05:00,2025-07-31,6.8,6.8,6.8,6.8,0,2695,1
BANKNIFTY31JUL2548600PE.NFO,2025-07-08,15:06:00,2025-07-31,6.8,6.8,6.8,6.8,0,2695,1
BANKNIFTY31JUL2548600PE.NFO,2025-07-08,15:07:00,2025-07-31,6.8,6.8,6.8,6.8,0,2695,1
BANKNIFTY31JUL2548600PE.NFO,2025-07-08,15:08:00,2025-07-31,6.8,6.8,6.8,6.8,0,2695,1
BANKNIFTY31JUL2548600PE.NFO,2025-07-08,15:09:00,2025-07-31,6.8,6.8,6.8,6.8,0,2695,1
BANKNIFTY31JUL2548600PE.NFO,2025-07-08,15:10:00,2025-07-31,6.8,6.8,6.8,6.8,0,2695,0
BANKNIFTY31JUL2548600PE.NFO,2025-07-08,15:11:00,2025-07-31,6.8,6.8,6.8,6.8,0,2695,0
BANKNIFTY31JUL2548600PE.NFO,2025-07-08,15:12:00,2025-07-31,6.8,6.8,6.8,6.8,0,2695,0
BANKNIFTY31JUL2548600PE.NFO,2025-07-08,15:13:00,2025-07-31,6.8,6.8,6.8,6.8,0,2695,0
BANKNIFTY31JUL2548600PE.NFO,2025-07-08,15:14:00,2025-07-31,6.8,6.8,6.8,6.8,0,2695,1
BANKNIFTY31JUL2548600PE.NFO,2025-07-08,15:15:00,2025-07-31,6.8,6.8,6.8,6.8,0,2695,0
BANKNIFTY31JUL2548600PE.NFO,2025-07-08,15:16:00,2025-07-31,6.8,6.8,6.8,6.8,0,2695,1
BANKNIFTY31JUL2548600PE.NFO,2025-07-08,15:17:00,2025-07-31,6.8,6.8,6.8,6.8,0,2695,0
BANKNIFTY31JUL2548600PE.NFO,2025-07-08,15:18:00,2025-07-31,6.8,6.8,6.8,6.8,0,2695,0
BANKNIFTY31JUL2548600PE.NFO,2025-07-08,15:19:00,2025-07-31,6.8,6.8,6.8,6.8,0,2695,1
BANKNIFTY31JUL2548600PE.NFO,2025-07-08,15:20:00,2025-07-31,6.8,7.75,6.8,7.75,35,2660,0
BANKNIFTY31JUL2548600PE.NFO,2025-07-08,15:21:00,2025-07-31,7.75,7.75,7.75,7.75,0,2660,0
BANKNIFTY31JUL2548600PE.NFO,2025-07-08,15:22:00,2025-07-31,7.75,7.75,5.85,5.85,0,2695,0
BANKNIFTY31JUL2548600PE.NFO,2025-07-08,15:23:00,2025-07-31,5.85,5.85,5.85,5.85,35,2695,0
BANKNIFTY31JUL2548600PE.NFO,2025-07-08,15:24:00,2025-07-31,5.85,7.3,5.85,7.3,35,2695,0
BANKNIFTY31JUL2548600PE.NFO,2025-07-08,15:25:00,2025-07-31,7.3,7.3,7.3,7.3,0,2695,0
BANKNIFTY31JUL2548600PE.NFO,2025-07-08,15:26:00,2025-07-31,7.3,7.3,7.3,7.3,0,2695,0
BANKNIFTY31JUL2548600PE.NFO,2025-07-08,15:27:00,2025-07-31,7.3,7.3,6.3,6.3,35,2660,0
BANKNIFTY31JUL2548600PE.NFO,2025-07-08,15:28:00,2025-07-31,6.3,6.3,6.3,6.3,0,2660,0
BANKNIFTY31JUL2548600PE.NFO,2025-07-08,15:29:00,2025-07-31,6.3,6.3,6.3,6.3,0,2660,0
BANKNIFTY31JUL2548600PE.NFO,2025-07-08,15:30:00,2025-07-31,6.3,6.3,6.3,6.3,0,2660,1
BANKNIFTY31JUL2548600PE.NFO,2025-07-09,09:15:00,2025-07-31,6.05,6.05,6.05,6.05,0,2660,1
BANKNIFTY31JUL2548600PE.NFO,2025-07-09,09:16:00,2025-07-31,6.05,6.05,6.05,6.05,0,2660,1
BANKNIFTY31JUL2548600PE.NFO,2025-07-09,09:17:00,2025-07-31,6.05,6.05,6.05,6.05,0,2660,1
BANKNIFTY31JUL2548600PE.NFO,2025-07-09,09:18:00,2025-07-31,6.05,6.05,6.05,6.05,0,2660,1
BANKNIFTY31JUL2548600PE.NFO,2025-07-09,09:19:00,2025-07-31,6.05,6.05,6.05,6.05,0,2660,1
BANKNIFTY31JUL2548600PE.NFO,2025-07-09,09:20:00,2025-07-31,6.05,6.05,6.05,6.05,0,2660,1
BANKNIFTY31JUL2548600PE.NFO,2025-07-09,09:21:00,2025-07-31,6.05,6.05,6.05,6.05,0,2660,1
BANKNIFTY31JUL2548600PE.NFO,2025-07-09,09:22:00,2025-07-31,6.05,6.05,6.05,6.05,0,2660,1
BANKNIFTY31JUL2548600PE.NFO,2025-07-09,09:23:00,2025-07-31,6.05,6.05,6.05,6.05,0,2660,1
BANKNIFTY31JUL2548600PE.NFO,2025-07-09,09:24:00,2025-07-31,6.05,6.05,6.05,6.05,0,2660,1
BANKNIFTY31JUL2548600PE.NFO,2025-07-09,09:25:00,2025-07-31,6.05,6.05,6.05,6.05,0,2660,1
BANKNIFTY31JUL2548600PE.NFO,2025-07-09,09:26:00,2025-07-31,6.05,6.05,6.05,6.05,0,2660,1
BANKNIFTY31JUL2548600PE.NFO,2025-07-09,09:27:00,2025-07-31,6.05,6.05,6.05,6.05,0,2660,1
BANKNIFTY31JUL2548600PE.NFO,2025-07-09,09:28:00,2025-07-31,6.05,6.05,6.05,6.05,0,2660,1
BANKNIFTY31JUL2548600PE.NFO,2025-07-09,09:29:00,2025-07-31,6.05,6.05,6.05,6.05,0,2660,1
BANKNIFTY31JUL2548600PE.NFO,2025-07-09,09:30:00,2025-07-31,6.05,6.05,6.05,6.05,0,2660,1
BANKNIFTY31JUL2548600PE.NFO,2025-07-09,09:31:00,2025-07-31,6.05,6.05,6.05,6.05,0,2660,1
BANKNIFTY31JUL2548600PE.NFO,2025-07-09,09:32:00,2025-07-31,6.05,6.05,6.05,6.05,0,2660,1
BANKNIFTY31JUL2548600PE.NFO,2025-07-09,09:33:00,2025-07-31,6.05,6.05,6.05,6.05,0,2660,1
BANKNIFTY31JUL2548600PE.NFO,2025-07-09,09:34:00,2025-07-31,6.05,6.05,6.05,6.05,0,2660,1
BANKNIFTY31JUL2548600PE.NFO,2025-07-09,09:35:00,2025-07-31,6.05,6.05,6.05,6.05,0,2660,1
BANKNIFTY31JUL2548600PE.NFO,2025-07-09,09:36:00,2025-07-31,6.05,6.05,6.05,6.05,0,2660,1
BANKNIFTY31JUL2548600PE.NFO,2025-07-09,09:37:00,2025-07-31,6.05,6.05,6.05,6.05,0,2660,1
BANKNIFTY31JUL2548600PE.NFO,2025-07-09,09:38:00,2025-07-31,6.05,6.05,6.05,6.05,0,2660,1
BANKNIFTY31JUL2548600PE.NFO,2025-07-09,09:39:00,2025-07-31,6.05,6.05,6.05,6.05,0,2660,1
BANKNIFTY31JUL2548600PE.NFO,2025-07-09,09:40:00,2025-07-31,6.05,6.05,6.05,6.05,0,2660,1
BANKNIFTY31JUL2548600PE.NFO,2025-07-09,09:41:00,2025-07-31,6.05,6.05,6.05,6.05,0,2660,1
BANKNIFTY31JUL2548600PE.NFO,2025-07-09,09:42:00,2025-07-31,6.05,6.05,6.05,6.05,0,2660,0
BANKNIFTY31JUL2548600PE.NFO,2025-07-09,09:43:00,2025-07-31,6.05,6.05,6.05,6.05,0,2660,0
BANKNIFTY31JUL2548600PE.NFO,2025-07-09,09:44:00,2025-07-31,6.05,6.05,6.05,6.05,0,2660,0
BANKNIFTY31JUL2548600PE.NFO,2025-07-09,09:45:00,2025-07-31,6.05,6.05,6.05,6.05,0,2660,0
BANKNIFTY31JUL2548600PE.NFO,2025-07-09,09:46:00,2025-07-31,6.05,6.05,6.05,6.05,0,2660,0
BANKNIFTY31JUL2548600PE.NFO,2025-07-09,09:47:00,2025-07-31,6.05,6.05,6.05,6.05,0,2660,0
BANKNIFTY31JUL2548600PE.NFO,2025-07-09,09:48:00,2025-07-31,6.05,6.05,6.05,6.05,0,2660,0
BANKNIFTY31JUL2548600PE.NFO,2025-07-09,09:49:00,2025-07-31,6.05,6.05,6.05,6.05,0,2660,0
BANKNIFTY31JUL2548600PE.NFO,2025-07-09,09:50:00,2025-07-31,6.05,6.05,6.05,6.05,0,2660,0
BANKNIFTY31JUL2548600PE.NFO,2025-07-09,09:51:00,2025-07-31,6.05,6.05,6.05,6.05,0,2660,1
BANKNIFTY31JUL2548600PE.NFO,2025-07-09,09:52:00,2025-07-31,6.05,6.05,6.05,6.05,0,2660,1
BANKNIFTY31JUL2548600PE.NFO,2025-07-09,09:53:00,2025-07-31,6.05,6.05,6.05,6.05,0,2660,1
BANKNIFTY31JUL2548600PE.NFO,2025-07-09,09:54:00,2025-07-31,6.05,6.05,6.05,6.05,0,2660,1
BANKNIFTY31JUL2548600PE.NFO,2025-07-09,09:55:00,2025-07-31,6.05,6.05,6.05,6.05,0,2660,0
BANKNIFTY31JUL2548600PE.NFO,2025-07-09,09:56:00,2025-07-31,6.05,6.05,6.05,6.05,0,2660,1
BANKNIFTY31JUL2548600PE.NFO,2025-07-09,09:57:00,2025-07-31,6.05,6.05,6.05,6.05,0,2660,0
BANKNIFTY31JUL2548600PE.NFO,2025-07-09,09:58:00,2025-07-31,6.05,6.05,6.05,6.05,0,2660,0
BANKNIFTY31JUL2548600PE.NFO,2025-07-09,09:59:00,2025-07-31,6.05,6.05,6.05,6.05,0,2660,1
BANKNIFTY31JUL2548600PE.NFO,2025-07-09,10:00:00,2025-07-31,6.05,6.05,6.05,6.05,0,2660,0
BANKNIFTY31JUL2548600PE.NFO,2025-07-09,10:01:00,2025-07-31,6.05,6.05,6.05,6.05,0,2660,1
BANKNIFTY31JUL2548600PE.NFO,2025-07-09,10:02:00,2025-07-31,6.05,6.05,6.05,6.05,0,2660,1
BANKNIFTY31JUL2548600PE.NFO,2025-07-09,10:03:00,2025-07-31,6.05,6.05,6.05,6.05,0,2660,0
BANKNIFTY31JUL2548600PE.NFO,2025-07-09,10:04:00,2025-07-31,6.05,6.05,6.05,6.05,0,2660,1
BANKNIFTY31JUL2548600PE.NFO,2025-07-09,10:05:00,2025-07-31,6.05,6.05,6.05,6.05,0,2660,1
BANKNIFTY31JUL2548600PE.NFO,2025-07-09,10:06:00,2025-07-31,6.05,6.05,6.05,6.05,0,2660,0
BANKNIFTY31JUL2548600PE.NFO,2025-07-09,10:07:00,2025-07-31,6.05,6.05,6.05,6.05,0,2660,0
BANKNIFTY31JUL2548600PE.NFO,2025-07-09,10:08:00,2025-07-31,6.05,6.05,6.05,6.05,0,2660,0
BANKNIFTY31JUL2548600PE.NFO,2025-07-09,10:09:00,2025-07-31,6.05,6.05,6.05,6.05,0,2660,1
BANKNIFTY31JUL2548600PE.NFO,2025-07-09,10:10:00,2025-07-31,6.05,6.05,6.05,6.05,0,2660,1
BANKNIFTY31JUL2548600PE.NFO,2025-07-09,10:11:00,2025-07-31,6.05,6.05,6.05,6.05,0,2660,0
BANKNIFTY31JUL2548600PE.NFO,2025-07-09,10:12:00,2025-07-31,6.05,6.05,6.05,6.05,0,2660,0
BANKNIFTY31JUL2548600PE.NFO,2025-07-09,10:13:00,2025-07-31,6.05,6.05,6.05,6.05,0,2660,0
BANKNIFTY31JUL2548600PE.NFO,2025-07-09,10:14:00,2025-07-31,6.05,6.05,6.05,6.05,0,2660,0
BANKNIFTY31JUL2548600PE.NFO,2025-07-09,10:15:00,2025-07-31,6.05,6.05,6.05,6.05,0,2660,1
BANKNIFTY31JUL2548600PE.NFO,2025-07-09,10:16:00,2025-07-31,6.05,6.05,6.05,6.05,0,2660,1
BANKNIFTY31JUL2548600PE.NFO,2025-07-09,10:17:00,2025-07-31,6.05,6.05,6.05,6.05,0,2660,1
BANKNIFTY31JUL2548600PE.NFO,2025-07-09,10:18:00,2025-07-31,6.05,6.05,6.05,6.05,0,2660,1
BANKNIFTY31JUL2548600PE.NFO,2025-07-09,10:19:00,2025-07-31,6.05,6.05,6.05,6.05,0,2660,1
BANKNIFTY31JUL2548600PE.NFO,2025-07-09,10:20:00,2025-07-31,6.05,6.05,6.05,6.05,0,2660,0
BANKNIFTY31JUL2548600PE.NFO,2025-07-09,10:21:00,2025-07-31,6.05,6.05,6.05,6.05,0,2660,0
BANKNIFTY31JUL2548600PE.NFO,2025-07-09,10:22:00,2025-07-31,6.05,6.05,6.05,6.05,0,2660,1
BANKNIFTY31JUL2548600PE.NFO,2025-07-09,10:23:00,2025-07-31,6.05,6.05,6.05,6.05,0,2660,1
BANKNIFTY31JUL2548600PE.NFO,2025-07-09,10:24:00,2025-07-31,6.05,6.05,6.05,6.05,0,2660,1
BANKNIFTY31JUL2548600PE.NFO,2025-07-09,10:25:00,2025-07-31,6.05,6.05,6.05,6.05,0,2660,1
BANKNIFTY31JUL2548600PE.NFO,2025-07-09,10:26:00,2025-07-31,6.05,6.05,6.05,6.05,0,2660,1
BANKNIFTY31JUL2548600PE.NFO,2025-07-09,10:27:00,2025-07-31,6.05,6.05,6.05,6.05,0,2660,0
BANKNIFTY31JUL2548600PE.NFO,2025-07-09,10:28:00,2025-07-31,6.05,6.05,6.05,6.05,0,2660,1
BANKNIFTY31JUL2548600PE.NFO,2025-07-09,10:29:00,2025-07-31,6.05,6.05,6.05,6.05,0,2660,1
BANKNIFTY31JUL2548600PE.NFO,2025-07-09,10:30:00,2025-07-31,6.05,6.05,6.05,6.05,0,2660,1
BANKNIFTY31JUL2548600PE.NFO,2025-07-09,10:31:00,2025-07-31,6.05,6.05,6.05,6.05,0,2660,1
BANKNIFTY31JUL2548600PE.NFO,2025-07-09,10:32:00,2025-07-31,6.05,6.05,6.05,6.05,0,2660,1
BANKNIFTY31JUL2548600PE.NFO,2025-07-09,10:33:00,2025-07-31,6.05,6.05,6.05,6.05,0,2660,1
BANKNIFTY31JUL2548600PE.NFO,2025-07-09,10:34:00,2025-07-31,6.05,6.05,6.05,6.05,0,2660,1
BANKNIFTY31JUL2548600PE.NFO,2025-07-09,10:35:00,2025-07-31,6.05,6.05,6.05,6.05,0,2660,0
BANKNIFTY31JUL2548600PE.NFO,2025-07-09,10:36:00,2025-07-31,6.05,6.05,6.05,6.05,0,2660,0
BANKNIFTY31JUL2548600PE.NFO,2025-07-09,10:37:00,2025-07-31,6.05,6.05,6.05,6.05,0,2660,1
BANKNIFTY31JUL2548600PE.NFO,2025-07-09,10:38:00,2025-07-31,6.05,6.05,6.05,6.05,0,2660,1
BANKNIFTY31JUL2548600PE.NFO,2025-07-09,10:39:00,2025-07-31,6.05,6.05,6.05,6.05,0,2660,0
BANKNIFTY31JUL2548600PE.NFO,2025-07-09,10:40:00,2025-07-31,6.05,6.05,6.05,6.05,0,2660,1
BANKNIFTY31JUL2548600PE.NFO,2025-07-09,10:41:00,2025-07-31,6.05,6.05,6.05,6.05,0,2660,1
BANKNIFTY31JUL2548600PE.NFO,2025-07-09,10:42:00,2025-07-31,6.05,6.05,6.05,6.05,0,2660,0
BANKNIFTY31JUL2548600PE.NFO,2025-07-09,10:43:00,2025-07-31,6.05,6.05,6.05,6.05,0,2660,1
BANKNIFTY31JUL2548600PE.NFO,2025-07-09,10:44:00,2025-07-31,6.05,6.05,6.05,6.05,0,2660,1
BANKNIFTY31JUL2548600PE.NFO,2025-07-09,10:45:00,2025-07-31,6.05,6.05,6.05,6.05,0,2660,1
BANKNIFTY31JUL2548600PE.NFO,2025-07-09,10:46:00,2025-07-31,6.05,6.05,6.05,6.05,0,2660,1
BANKNIFTY31JUL2548600PE.NFO,2025-07-09,10:47:00,2025-07-31,6.05,6.05,6.05,6.05,0,2660,1
BANKNIFTY31JUL2548600PE.NFO,2025-07-09,10:48:00,2025-07-31,6.05,6.05,6.05,6.05,0,2660,1
BANKNIFTY31JUL2548600PE.NFO,2025-07-09,10:49:00,2025-07-31,6.05,6.05,6.05,6.05,0,2660,1
BANKNIFTY31JUL2548600PE.NFO,2025-07-09,10:50:00,2025-07-31,6.05,6.05,6.05,6.05,0,2660,1
BANKNIFTY31JUL2548600PE.NFO,2025-07-09,10:51:00,2025-07-31,6.05,6.05,6.05,6.05,0,2660,0
BANKNIFTY31JUL2548600PE.NFO,2025-07-09,10:52:00,2025-07-31,6.05,6.05,6.05,6.05,0,2660,1
BANKNIFTY31JUL2548600PE.NFO,2025-07-09,10:53:00,2025-07-31,6.05,6.05,6.05,6.05,0,2660,1
BANKNIFTY31JUL2548600PE.NFO,2025-07-09,10:54:00,2025-07-31,6.05,6.05,6.05,6.05,0,2660,1
BANKNIFTY31JUL2548600PE.NFO,2025-07-09,10:55:00,2025-07-31,6.05,6.05,6.05,6.05,0,2660,1
BANKNIFTY31JUL2548600PE.NFO,2025-07-09,10:56:00,2025-07-31,6.05,6.05,6.05,6.05,0,2660,0
BANKNIFTY31JUL2548600PE.NFO,2025-07-09,10:57:00,2025-07-31,6.05,6.05,6.05,6.05,0,2660,0
BANKNIFTY31JUL2548600PE.NFO,2025-07-09,10:58:00,2025-07-31,6.05,6.05,6.05,6.05,0,2660,1
BANKNIFTY31JUL2548600PE.NFO,2025-07-09,10:59:00,2025-07-31,6.05,6.05,6.05,6.05,0,2660,1
BANKNIFTY31JUL2548600PE.NFO,2025-07-09,11:00:00,2025-07-31,5.75,6.05,5.75,6.05,140,2625,0
BANKNIFTY31JUL2548600PE.NFO,2025-07-09,11:01:00,2025-07-31,6.05,6.05,6.05,6.05,0,2625,0
BANKNIFTY31JUL2548600PE.NFO,2025-07-09,11:02:00,2025-07-31,6.05,6.05,6.05,6.05,0,2625,0
BANKNIFTY31JUL2548600PE.NFO,2025-07-09,11:03:00,2025-07-31,6.05,6.05,6.05,6.05,0,2625,0
BANKNIFTY31JUL2548600PE.NFO,2025-07-09,11:04:00,2025-07-31,6.05,6.05,6.05,6.05,0,2625,0
BANKNIFTY31JUL2548600PE.NFO,2025-07-09,11:05:00,2025-07-31,6.05,6.05,6.05,6.05,0,2625,0
BANKNIFTY31JUL2548600PE.NFO,2025-07-09,11:06:00,2025-07-31,6.05,6.05,6.05,6.05,0,2625,0
BANKNIFTY31JUL2548600PE.NFO,2025-07-09,11:07:00,2025-07-31,6.05,6.05,6.05,6.05,0,2625,0
BANKNIFTY31JUL2548600PE.NFO,2025-07-09,11:08:00,2025-07-31,6.05,6.05,6.05,6.05,0,2625,0
BANKNIFTY31JUL2548600PE.NFO,2025-07-09,11:09:00,2025-07-31,6.05,6.05,6.05,6.05,0,2625,0
BANKNIFTY31JUL2548600PE.NFO,2025-07-09,11:10:00,2025-07-31,6.05,6.05,6.05,6.05,0,2625,1
BANKNIFTY31JUL2548600PE.NFO,2025-07-09,11:11:00,2025-07-31,6.05,6.05,6.05,6.05,0,2625,0
BANKNIFTY31JUL2548600PE.NFO,2025-07-09,11:12:00,2025-07-31,6.05,6.05,6.05,6.05,0,2625,1
BANKNIFTY31JUL2548600PE.NFO,2025-07-09,11:13:00,2025-07-31,6.05,6.05,6.05,6.05,0,2625,1
BANKNIFTY31JUL2548600PE.NFO,2025-07-09,11:14:00,2025-07-31,6.05,6.05,6.05,6.05,0,2625,1
BANKNIFTY31JUL2548600PE.NFO,2025-07-09,11:15:00,2025-07-31,6.05,6.05,6.05,6.05,0,2625,1
BANKNIFTY31JUL2548600PE.NFO,2025-07-09,11:16:00,2025-07-31,6.05,6.05,6.05,6.05,0,2625,0
BANKNIFTY31JUL2548600PE.NFO,2025-07-09,11:17:00,2025-07-31,6.05,6.05,6.05,6.05,0,2625,0
BANKNIFTY31JUL2548600PE.NFO,2025-07-09,11:18:00,2025-07-31,6.05,6.05,6.05,6.05,0,2625,1
BANKNIFTY31JUL2548600PE.NFO,2025-07-09,11:19:00,2025-07-31,6.05,6.05,6.05,6.05,0,2625,0
BANKNIFTY31JUL2548600PE.NFO,2025-07-09,11:20:00,2025-07-31,6.05,6.05,6.05,6.05,0,2625,1
BANKNIFTY31JUL2548600PE.NFO,2025-07-09,11:21:00,2025-07-31,6.05,6.05,6.05,6.05,0,2625,1
BANKNIFTY31JUL2548600PE.NFO,2025-07-09,11:22:00,2025-07-31,6.05,6.05,6.05,6.05,0,2625,1
BANKNIFTY31JUL2548600PE.NFO,2025-07-09,11:23:00,2025-07-31,6.05,6.05,6.05,6.05,0,2625,0
BANKNIFTY31JUL2548600PE.NFO,2025-07-09,11:24:00,2025-07-31,6.05,6.05,6.05,6.05,0,2625,0
BANKNIFTY31JUL2548600PE.NFO,2025-07-09,11:25:00,2025-07-31,6.05,6.05,6.05,6.05,0,2625,1
BANKNIFTY31JUL2548600PE.NFO,2025-07-09,11:26:00,2025-07-31,6.05,6.05,6.05,6.05,0,2625,1
BANKNIFTY31JUL2548600PE.NFO,2025-07-09,11:27:00,2025-07-31,6.05,6.05,6.05,6.05,0,2625,1
BANKNIFTY31JUL2548600PE.NFO,2025-07-09,11:28:00,2025-07-31,6.05,6.05,6.05,6.05,0,2625,1
BANKNIFTY31JUL2548600PE.NFO,2025-07-09,11:29:00,2025-07-31,6.05,6.05,6.05,6.05,0,2625,0
BANKNIFTY31JUL2548600PE.NFO,2025-07-09,11:30:00,2025-07-31,6.05,6.05,6.05,6.05,0,2625,1
BANKNIFTY31JUL2548600PE.NFO,2025-07-09,11:31:00,2025-07-31,6.05,6.05,6.05,6.05,0,2625,0
BANKNIFTY31JUL2548600PE.NFO,2025-07-09,11:32:00,2025-07-31,6.05,6.05,6.05,6.05,0,2625,1
BANKNIFTY31JUL2548600PE.NFO,2025-07-09,11:33:00,2025-07-31,6.05,6.05,6.05,6.05,0,2625,1
BANKNIFTY31JUL2548600PE.NFO,2025-07-09,11:34:00,2025-07-31,6.05,6.05,6.05,6.05,0,2625,1
BANKNIFTY31JUL2548600PE.NFO,2025-07-09,11:35:00,2025-07-31,6.05,6.05,6.05,6.05,0,2625,1
BANKNIFTY31JUL2548600PE.NFO,2025-07-09,11:36:00,2025-07-31,6.05,6.05,6.05,6.05,0,2625,0
BANKNIFTY31JUL2548600PE.NFO,2025-07-09,11:37:00,2025-07-31,6.05,6.05,6.05,6.05,0,2625,1
BANKNIFTY31JUL2548600PE.NFO,2025-07-09,11:38:00,2025-07-31,6.05,6.05,6.05,6.05,0,2625,1
BANKNIFTY31JUL2548600PE.NFO,2025-07-09,11:39:00,2025-07-31,6.05,6.05,6.05,6.05,0,2625,1
BANKNIFTY31JUL2548600PE.NFO,2025-07-09,11:40:00,2025-07-31,6.05,6.05,6.05,6.05,0,2625,1
BANKNIFTY31JUL2548600PE.NFO,2025-07-09,11:41:00,2025-07-31,6.05,6.05,6.05,6.05,0,2625,1
BANKNIFTY31JUL2548600PE.NFO,2025-07-09,11:42:00,2025-07-31,6.05,6.05,6.05,6.05,0,2625,1
BANKNIFTY31JUL2548600PE.NFO,2025-07-09,11:43:00,2025-07-31,6.05,6.05,6.05,6.05,0,2625,1
BANKNIFTY31JUL2548600PE.NFO,2025-07-09,11:44:00,2025-07-31,6.05,6.05,6.05,6.05,0,2625,0
BANKNIFTY31JUL2548600PE.NFO,2025-07-09,11:45:00,2025-07-31,6.05,6.05,6.05,6.05,0,2625,1
BANKNIFTY31JUL2548600PE.NFO,2025-07-09,11:46:00,2025-07-31,6.05,6.05,6.05,6.05,0,2625,0
BANKNIFTY31JUL2548600PE.NFO,2025-07-09,11:47:00,2025-07-31,6.05,6.05,6.05,6.05,0,2625,0
BANKNIFTY31JUL2548600PE.NFO,2025-07-09,11:48:00,2025-07-31,6.05,6.05,6.05,6.05,0,2625,0
BANKNIFTY31JUL2548600PE.NFO,2025-07-09,11:49:00,2025-07-31,6.05,6.05,6.05,6.05,0,2625,1
BANKNIFTY31JUL2548600PE.NFO,2025-07-09,11:50:00,2025-07-31,6.05,6.05,6.05,6.05,0,2625,1
BANKNIFTY31JUL2548600PE.NFO,2025-07-09,11:51:00,2025-07-31,6.05,6.05,6.05,6.05,0,2625,1
BANKNIFTY31JUL2548600PE.NFO,2025-07-09,11:52:00,2025-07-31,6.05,6.05,6.05,6.05,0,2625,1
BANKNIFTY31JUL2548600PE.NFO,2025-07-09,11:53:00,2025-07-31,6.05,6.05,6.05,6.05,0,2625,1
BANKNIFTY31JUL2548600PE.NFO,2025-07-09,11:54:00,2025-07-31,6.05,6.05,6.05,6.05,0,2625,1
BANKNIFTY31JUL2548600PE.NFO,2025-07-09,11:55:00,2025-07-31,6.05,6.05,6.05,6.05,0,2625,1
BANKNIFTY31JUL2548600PE.NFO,2025-07-09,11:56:00,2025-07-31,6.05,6.05,6.05,6.05,0,2625,1
BANKNIFTY31JUL2548600PE.NFO,2025-07-09,11:57:00,2025-07-31,6.05,6.05,6.05,6.05,0,2625,1
BANKNIFTY31JUL2548600PE.NFO,2025-07-09,11:58:00,2025-07-31,6.05,6.05,6.05,6.05,0,2625,1
BANKNIFTY31JUL2548600PE.NFO,2025-07-09,11:59:00,2025-07-31,6.05,6.05,6.05,6.05,0,2625,0
BANKNIFTY31JUL2548600PE.NFO,2025-07-09,12:00:00,2025-07-31,6.05,6.05,6.05,6.05,0,2625,1
BANKNIFTY31JUL2548600PE.NFO,2025-07-09,12:01:00,2025-07-31,6.05,6.05,6.05,6.05,0,2625,0
BANKNIFTY31JUL2548600PE.NFO,2025-07-09,12:02:00,2025-07-31,6.05,6.05,6.05,6.05,0,2625,1
BANKNIFTY31JUL2548600PE.NFO,2025-07-09,12:03:00,2025-07-31,6.05,6.05,6.05,6.05,0,2625,0
BANKNIFTY31JUL2548600PE.NFO,2025-07-09,12:04:00,2025-07-31,7.65,7.65,7.65,7.65,35,2555,0
BANKNIFTY31JUL2548600PE.NFO,2025-07-09,12:05:00,2025-07-31,7.65,7.65,7.65,7.65,0,2555,0
BANKNIFTY31JUL2548600PE.NFO,2025-07-09,12:06:00,2025-07-31,7.65,7.65,7.65,7.65,0,2555,0
BANKNIFTY31JUL2548600PE.NFO,2025-07-09,12:07:00,2025-07-31,7.65,7.65,6.4,6.4,35,2590,0
BANKNIFTY31JUL2548600PE.NFO,2025-07-09,12:08:00,2025-07-31,6.4,6.4,6.4,6.4,0,2590,0
BANKNIFTY31JUL2548600PE.NFO,2025-07-09,12:09:00,2025-07-31,6.4,6.4,6.4,6.4,0,2590,0
BANKNIFTY31JUL2548600PE.NFO,2025-07-09,12:10:00,2025-07-31,6.4,6.4,6.4,6.4,0,2590,0
BANKNIFTY31JUL2548600PE.NFO,2025-07-09,12:11:00,2025-07-31,6.4,6.4,6.4,6.4,0,2590,0
BANKNIFTY31JUL2548600PE.NFO,2025-07-09,12:12:00,2025-07-31,6.4,6.4,6.4,6.4,0,2590,0
BANKNIFTY31JUL2548600PE.NFO,2025-07-09,12:13:00,2025-07-31,6.4,6.4,6.4,6.4,0,2590,0
BANKNIFTY31JUL2548600PE.NFO,2025-07-09,12:14:00,2025-07-31,6.4,6.4,6.4,6.4,0,2590,0
BANKNIFTY31JUL2548600PE.NFO,2025-07-09,12:15:00,2025-07-31,6.4,6.4,6.4,6.4,0,2590,0
BANKNIFTY31JUL2548600PE.NFO,2025-07-09,12:16:00,2025-07-31,6.4,6.4,6.4,6.4,0,2590,0
BANKNIFTY31JUL2548600PE.NFO,2025-07-09,12:17:00,2025-07-31,6.4,6.4,6.4,6.4,0,2590,1
BANKNIFTY31JUL2548600PE.NFO,2025-07-09,12:18:00,2025-07-31,6.4,6.4,6.4,6.4,0,2590,0
BANKNIFTY31JUL2548600PE.NFO,2025-07-09,12:19:00,2025-07-31,6.4,6.4,6.4,6.4,0,2590,1
BANKNIFTY31JUL2548600PE.NFO,2025-07-09,12:20:00,2025-07-31,6.4,6.4,6.4,6.4,0,2590,1
BANKNIFTY31JUL2548600PE.NFO,2025-07-09,12:21:00,2025-07-31,6.4,6.4,6.4,6.4,0,2590,1
BANKNIFTY31JUL2548600PE.NFO,2025-07-09,12:22:00,2025-07-31,6.4,6.4,6.4,6.4,0,2590,0
BANKNIFTY31JUL2548600PE.NFO,2025-07-09,12:23:00,2025-07-31,6.4,6.4,6.4,6.4,0,2590,1
BANKNIFTY31JUL2548600PE.NFO,2025-07-09,12:24:00,2025-07-31,6.4,6.4,6.4,6.4,0,2590,1
BANKNIFTY31JUL2548600PE.NFO,2025-07-09,12:25:00,2025-07-31,6.4,6.4,6.4,6.4,0,2590,1
BANKNIFTY31JUL2548600PE.NFO,2025-07-09,12:26:00,2025-07-31,6.4,6.4,6.4,6.4,0,2590,0
BANKNIFTY31JUL2548600PE.NFO,2025-07-09,12:27:00,2025-07-31,6.4,6.4,6.4,6.4,0,2590,1
BANKNIFTY31JUL2548600PE.NFO,2025-07-09,12:28:00,2025-07-31,6.4,6.4,6.4,6.4,0,2590,1
BANKNIFTY31JUL2548600PE.NFO,2025-07-09,12:29:00,2025-07-31,6.4,6.4,6.4,6.4,0,2590,1
BANKNIFTY31JUL2548600PE.NFO,2025-07-09,12:30:00,2025-07-31,6.4,6.4,6.4,6.4,0,2590,1
BANKNIFTY31JUL2548600PE.NFO,2025-07-09,12:31:00,2025-07-31,6.4,6.4,6.4,6.4,0,2590,1
BANKNIFTY31JUL2548600PE.NFO,2025-07-09,12:32:00,2025-07-31,6.4,6.4,6.4,6.4,0,2590,1
BANKNIFTY31JUL2548600PE.NFO,2025-07-09,12:33:00,2025-07-31,6.4,6.4,6.4,6.4,0,2590,1
BANKNIFTY31JUL2548600PE.NFO,2025-07-09,12:34:00,2025-07-31,6.4,6.4,6.4,6.4,0,2590,1
BANKNIFTY31JUL2548600PE.NFO,2025-07-09,12:35:00,2025-07-31,6.4,6.4,6.4,6.4,0,2590,1
BANKNIFTY31JUL2548600PE.NFO,2025-07-09,12:36:00,2025-07-31,5.8,5.8,5.8,5.8,0,2590,0
BANKNIFTY31JUL2548600PE.NFO,2025-07-09,12:37:00,2025-07-31,5.8,5.8,5.8,5.8,35,2590,0
BANKNIFTY31JUL2548600PE.NFO,2025-07-09,12:38:00,2025-07-31,5.8,5.8,5.8,5.8,0,2590,0
BANKNIFTY31JUL2548600PE.NFO,2025-07-09,12:39:00,2025-07-31,5.8,5.8,5.8,5.8,0,2590,0
BANKNIFTY31JUL2548600PE.NFO,2025-07-09,12:40:00,2025-07-31,5.8,5.8,5.8,5.8,0,2590,0
BANKNIFTY31JUL2548600PE.NFO,2025-07-09,12:41:00,2025-07-31,5.8,5.8,5.8,5.8,0,2590,0
BANKNIFTY31JUL2548600PE.NFO,2025-07-09,12:42:00,2025-07-31,5.8,5.8,5.8,5.8,0,2590,0
BANKNIFTY31JUL2548600PE.NFO,2025-07-09,12:43:00,2025-07-31,5.8,5.8,5.8,5.8,0,2590,0
BANKNIFTY31JUL2548600PE.NFO,2025-07-09,12:44:00,2025-07-31,5.8,5.8,5.8,5.8,0,2590,0
BANKNIFTY31JUL2548600PE.NFO,2025-07-09,12:45:00,2025-07-31,5.8,5.8,5.8,5.8,0,2590,0
BANKNIFTY31JUL2548600PE.NFO,2025-07-09,12:46:00,2025-07-31,6.75,6.75,6.75,6.75,70,2590,0
BANKNIFTY31JUL2548600PE.NFO,2025-07-09,12:47:00,2025-07-31,6.75,6.75,6.75,6.75,0,2590,0
BANKNIFTY31JUL2548600PE.NFO,2025-07-09,12:48:00,2025-07-31,6.75,6.75,6.75,6.75,0,2590,0
BANKNIFTY31JUL2548600PE.NFO,2025-07-09,12:49:00,2025-07-31,6.75,6.75,6.75,6.75,0,2590,0
BANKNIFTY31JUL2548600PE.NFO,2025-07-09,12:50:00,2025-07-31,6.75,6.75,6.75,6.75,0,2590,0
BANKNIFTY31JUL2548600PE.NFO,2025-07-09,12:51:00,2025-07-31,6.75,6.75,6.75,6.75,0,2590,0
BANKNIFTY31JUL2548600PE.NFO,2025-07-09,12:52:00,2025-07-31,6.75,6.75,6.75,6.75,0,2590,0
BANKNIFTY31JUL2548600PE.NFO,2025-07-09,12:53:00,2025-07-31,6.75,6.75,6.75,6.75,0,2590,0
BANKNIFTY31JUL2548600PE.NFO,2025-07-09,12:54:00,2025-07-31,6.75,6.75,6.75,6.75,0,2590,0
BANKNIFTY31JUL2548600PE.NFO,2025-07-09,12:55:00,2025-07-31,6.75,6.75,6.75,6.75,0,2590,0
BANKNIFTY31JUL2548600PE.NFO,2025-07-09,12:56:00,2025-07-31,6.75,6.75,6.75,6.75,0,2590,0
BANKNIFTY31JUL2548600PE.NFO,2025-07-09,12:57:00,2025-07-31,6.75,6.75,6.75,6.75,0,2590,0
BANKNIFTY31JUL2548600PE.NFO,2025-07-09,12:58:00,2025-07-31,6.75,6.75,6.75,6.75,0,2590,0
BANKNIFTY31JUL2548600PE.NFO,2025-07-09,12:59:00,2025-07-31,6.75,6.75,6.75,6.75,0,2590,0
BANKNIFTY31JUL2548600PE.NFO,2025-07-09,13:00:00,2025-07-31,6.75,6.75,6.75,6.75,0,2590,1
BANKNIFTY31JUL2548600PE.NFO,2025-07-09,13:01:00,2025-07-31,6.75,6.75,6.75,6.75,0,2590,1
BANKNIFTY31JUL2548600PE.NFO,2025-07-09,13:02:00,2025-07-31,6.75,6.75,6.75,6.75,0,2590,0
BANKNIFTY31JUL2548600PE.NFO,2025-07-09,13:03:00,2025-07-31,6.75,6.75,6.75,6.75,0,2590,1
BANKNIFTY31JUL2548600PE.NFO,2025-07-09,13:04:00,2025-07-31,6.75,6.75,6.75,6.75,0,2590,1
BANKNIFTY31JUL2548600PE.NFO,2025-07-09,13:05:00,2025-07-31,6.75,6.75,6.75,6.75,0,2590,0
BANKNIFTY31JUL2548600PE.NFO,2025-07-09,13:06:00,2025-07-31,6.75,6.75,6.75,6.75,0,2590,1
BANKNIFTY31JUL2548600PE.NFO,2025-07-09,13:07:00,2025-07-31,6.75,6.75,6.75,6.75,0,2590,1
BANKNIFTY31JUL2548600PE.NFO,2025-07-09,13:08:00,2025-07-31,6.75,6.75,6.75,6.75,0,2590,1
BANKNIFTY31JUL2548600PE.NFO,2025-07-09,13:09:00,2025-07-31,6.75,6.75,6.75,6.75,0,2590,1
BANKNIFTY31JUL2548600PE.NFO,2025-07-09,13:10:00,2025-07-31,6.75,6.75,6.75,6.75,0,2590,1
BANKNIFTY31JUL2548600PE.NFO,2025-07-09,13:11:00,2025-07-31,6.75,6.75,6.75,6.75,0,2590,1
BANKNIFTY31JUL2548600PE.NFO,2025-07-09,13:12:00,2025-07-31,6.75,6.75,6.75,6.75,0,2590,0
BANKNIFTY31JUL2548600PE.NFO,2025-07-09,13:13:00,2025-07-31,6.75,6.75,6.75,6.75,0,2590,1
BANKNIFTY31JUL2548600PE.NFO,2025-07-09,13:14:00,2025-07-31,6.75,6.75,6.75,6.75,0,2590,0
BANKNIFTY31JUL2548600PE.NFO,2025-07-09,13:15:00,2025-07-31,6.75,6.75,6.75,6.75,0,2590,1
BANKNIFTY31JUL2548600PE.NFO,2025-07-09,13:16:00,2025-07-31,6.75,6.75,6.75,6.75,0,2590,1
BANKNIFTY31JUL2548600PE.NFO,2025-07-09,13:17:00,2025-07-31,6.75,6.75,6.75,6.75,0,2590,0
BANKNIFTY31JUL2548600PE.NFO,2025-07-09,13:18:00,2025-07-31,6.75,6.75,6.75,6.75,0,2590,0
BANKNIFTY31JUL2548600PE.NFO,2025-07-09,13:19:00,2025-07-31,6.75,6.75,6.75,6.75,0,2590,1
BANKNIFTY31JUL2548600PE.NFO,2025-07-09,13:20:00,2025-07-31,6.75,6.75,6.75,6.75,0,2590,1
BANKNIFTY31JUL2548600PE.NFO,2025-07-09,13:21:00,2025-07-31,6.75,6.75,6.75,6.75,0,2590,1
BANKNIFTY31JUL2548600PE.NFO,2025-07-09,13:22:00,2025-07-31,6.75,6.75,6.75,6.75,0,2590,0
BANKNIFTY31JUL2548600PE.NFO,2025-07-09,13:23:00,2025-07-31,6.75,6.75,6.75,6.75,0,2590,1
BANKNIFTY31JUL2548600PE.NFO,2025-07-09,13:24:00,2025-07-31,6.75,6.75,6.75,6.75,0,2590,0
BANKNIFTY31JUL2548600PE.NFO,2025-07-09,13:25:00,2025-07-31,6.75,6.75,6.75,6.75,0,2590,1
BANKNIFTY31JUL2548600PE.NFO,2025-07-09,13:26:00,2025-07-31,6.75,6.75,6.75,6.75,0,2590,1
BANKNIFTY31JUL2548600PE.NFO,2025-07-09,13:27:00,2025-07-31,6.75,6.75,6.75,6.75,0,2590,1
BANKNIFTY31JUL2548600PE.NFO,2025-07-09,13:28:00,2025-07-31,6.75,6.75,6.75,6.75,0,2590,1
BANKNIFTY31JUL2548600PE.NFO,2025-07-09,13:29:00,2025-07-31,5.75,5.8,5.75,5.8,70,2590,0
BANKNIFTY31JUL2548600PE.NFO,2025-07-09,13:30:00,2025-07-31,5.8,5.8,5.8,5.8,0,2590,0
BANKNIFTY31JUL2548600PE.NFO,2025-07-09,13:31:00,2025-07-31,5.8,5.8,5.8,5.8,0,2590,0
BANKNIFTY31JUL2548600PE.NFO,2025-07-09,13:32:00,2025-07-31,5.8,5.8,5.8,5.8,0,2590,0
BANKNIFTY31JUL2548600PE.NFO,2025-07-09,13:33:00,2025-07-31,5.8,5.8,5.8,5.8,0,2590,0
BANKNIFTY31JUL2548600PE.NFO,2025-07-09,13:34:00,2025-07-31,5.8,5.8,5.8,5.8,0,2590,0
BANKNIFTY31JUL2548600PE.NFO,2025-07-09,13:35:00,2025-07-31,5.8,5.8,5.8,5.8,0,2590,0
BANKNIFTY31JUL2548600PE.NFO,2025-07-09,13:36:00,2025-07-31,5.8,5.8,5.8,5.8,0,2590,0
BANKNIFTY31JUL2548600PE.NFO,2025-07-09,13:37:00,2025-07-31,5.8,5.8,5.8,5.8,0,2590,0
BANKNIFTY31JUL2548600PE.NFO,2025-07-09,13:38:00,2025-07-31,5.8,5.8,5.8,5.8,0,2590,1
BANKNIFTY31JUL2548600PE.NFO,2025-07-09,13:39:00,2025-07-31,5.8,5.8,5.8,5.8,0,2590,1
BANKNIFTY31JUL2548600PE.NFO,2025-07-09,13:40:00,2025-07-31,5.8,5.8,5.8,5.8,0,2590,1
BANKNIFTY31JUL2548600PE.NFO,2025-07-09,13:41:00,2025-07-31,5.8,5.8,5.8,5.8,0,2590,0
BANKNIFTY31JUL2548600PE.NFO,2025-07-09,13:42:00,2025-07-31,5.8,5.8,5.8,5.8,0,2590,0
BANKNIFTY31JUL2548600PE.NFO,2025-07-09,13:43:00,2025-07-31,5.8,5.8,5.8,5.8,0,2590,1
BANKNIFTY31JUL2548600PE.NFO,2025-07-09,13:44:00,2025-07-31,5.8,5.8,5.8,5.8,0,2590,0
BANKNIFTY31JUL2548600PE.NFO,2025-07-09,13:45:00,2025-07-31,5.8,5.8,5.8,5.8,0,2590,0
BANKNIFTY31JUL2548600PE.NFO,2025-07-09,13:46:00,2025-07-31,5.8,5.8,5.8,5.8,0,2590,0
BANKNIFTY31JUL2548600PE.NFO,2025-07-09,13:47:00,2025-07-31,5.8,5.8,5.8,5.8,0,2590,0
BANKNIFTY31JUL2548600PE.NFO,2025-07-09,13:48:00,2025-07-31,5.8,5.8,5.8,5.8,0,2590,1
BANKNIFTY31JUL2548600PE.NFO,2025-07-09,13:49:00,2025-07-31,5.8,5.8,5.8,5.8,0,2590,1
BANKNIFTY31JUL2548600PE.NFO,2025-07-09,13:50:00,2025-07-31,5.8,5.8,5.8,5.8,0,2590,1
BANKNIFTY31JUL2548600PE.NFO,2025-07-09,13:51:00,2025-07-31,5.8,5.8,5.8,5.8,0,2590,1
BANKNIFTY31JUL2548600PE.NFO,2025-07-09,13:52:00,2025-07-31,5.8,5.8,5.8,5.8,0,2590,0
BANKNIFTY31JUL2548600PE.NFO,2025-07-09,13:53:00,2025-07-31,5.8,5.8,5.8,5.8,0,2590,0
BANKNIFTY31JUL2548600PE.NFO,2025-07-09,13:54:00,2025-07-31,5.8,5.8,5.8,5.8,0,2590,0
BANKNIFTY31JUL2548600PE.NFO,2025-07-09,13:55:00,2025-07-31,5.8,5.8,5.8,5.8,0,2590,0
BANKNIFTY31JUL2548600PE.NFO,2025-07-09,13:56:00,2025-07-31,5.8,5.8,5.8,5.8,0,2590,0
BANKNIFTY31JUL2548600PE.NFO,2025-07-09,13:57:00,2025-07-31,5.8,5.8,5.8,5.8,0,2590,1
BANKNIFTY31JUL2548600PE.NFO,2025-07-09,13:58:00,2025-07-31,5.8,5.8,5.8,5.8,0,2590,0
BANKNIFTY31JUL2548600PE.NFO,2025-07-09,13:59:00,2025-07-31,5.8,5.8,5.8,5.8,0,2590,1
BANKNIFTY31JUL2548600PE.NFO,2025-07-09,14:00:00,2025-07-31,5.8,5.8,5.8,5.8,0,2590,1
BANKNIFTY31JUL2548600PE.NFO,2025-07-09,14:01:00,2025-07-31,5.8,5.8,5.8,5.8,0,2590,1
BANKNIFTY31JUL2548600PE.NFO,2025-07-09,14:02:00,2025-07-31,5.8,5.8,5.8,5.8,0,2590,1
BANKNIFTY31JUL2548600PE.NFO,2025-07-09,14:03:00,2025-07-31,5.8,5.8,5.8,5.8,0,2590,0
BANKNIFTY31JUL2548600PE.NFO,2025-07-09,14:04:00,2025-07-31,5.8,5.8,5.8,5.8,0,2590,0
BANKNIFTY31JUL2548600PE.NFO,2025-07-09,14:05:00,2025-07-31,5.8,5.8,5.8,5.8,0,2590,1
BANKNIFTY31JUL2548600PE.NFO,2025-07-09,14:06:00,2025-07-31,5.8,5.8,5.8,5.8,0,2590,1
BANKNIFTY31JUL2548600PE.NFO,2025-07-09,14:07:00,2025-07-31,5.8,5.8,5.8,5.8,0,2590,0
BANKNIFTY31JUL2548600PE.NFO,2025-07-09,14:08:00,2025-07-31,5.8,5.8,5.8,5.8,0,2590,0
BANKNIFTY31JUL2548600PE.NFO,2025-07-09,14:09:00,2025-07-31,5.8,5.8,5.8,5.8,0,2590,0
BANKNIFTY31JUL2548600PE.NFO,2025-07-09,14:10:00,2025-07-31,5.8,5.8,5.8,5.8,0,2590,0
BANKNIFTY31JUL2548600PE.NFO,2025-07-09,14:11:00,2025-07-31,5.8,5.8,5.8,5.8,0,2590,1
BANKNIFTY31JUL2548600PE.NFO,2025-07-09,14:12:00,2025-07-31,5.8,5.8,5.8,5.8,0,2590,0
BANKNIFTY31JUL2548600PE.NFO,2025-07-09,14:13:00,2025-07-31,5.8,5.8,5.8,5.8,0,2590,1
BANKNIFTY31JUL2548600PE.NFO,2025-07-09,14:14:00,2025-07-31,5.8,5.8,5.8,5.8,0,2590,0
BANKNIFTY31JUL2548600PE.NFO,2025-07-09,14:15:00,2025-07-31,5.8,5.8,5.8,5.8,0,2590,1
BANKNIFTY31JUL2548600PE.NFO,2025-07-09,14:16:00,2025-07-31,5.8,5.8,5.8,5.8,0,2590,1
BANKNIFTY31JUL2548600PE.NFO,2025-07-09,14:17:00,2025-07-31,5.8,5.8,5.8,5.8,0,2590,1
BANKNIFTY31JUL2548600PE.NFO,2025-07-09,14:18:00,2025-07-31,5.8,5.8,5.8,5.8,0,2590,0
BANKNIFTY31JUL2548600PE.NFO,2025-07-09,14:19:00,2025-07-31,5.8,5.8,5.8,5.8,0,2590,0
BANKNIFTY31JUL2548600PE.NFO,2025-07-09,14:20:00,2025-07-31,5.8,5.8,5.8,5.8,0,2590,1
BANKNIFTY31JUL2548600PE.NFO,2025-07-09,14:21:00,2025-07-31,5.8,5.8,5.8,5.8,0,2590,0
BANKNIFTY31JUL2548600PE.NFO,2025-07-09,14:22:00,2025-07-31,5.8,5.8,5.8,5.8,0,2590,1
BANKNIFTY31JUL2548600PE.NFO,2025-07-09,14:23:00,2025-07-31,5.8,5.8,5.8,5.8,0,2590,1
BANKNIFTY31JUL2548600PE.NFO,2025-07-09,14:24:00,2025-07-31,5.8,5.8,5.8,5.8,0,2590,1
BANKNIFTY31JUL2548600PE.NFO,2025-07-09,14:25:00,2025-07-31,5.8,5.8,5.8,5.8,0,2590,0
BANKNIFTY31JUL2548600PE.NFO,2025-07-09,14:26:00,2025-07-31,5.8,5.8,5.8,5.8,0,2590,0
BANKNIFTY31JUL2548600PE.NFO,2025-07-09,14:27:00,2025-07-31,5.8,5.8,5.8,5.8,0,2590,1
BANKNIFTY31JUL2548600PE.NFO,2025-07-09,14:28:00,2025-07-31,5.8,5.8,5.8,5.8,0,2590,0
BANKNIFTY31JUL2548600PE.NFO,2025-07-09,14:29:00,2025-07-31,5.8,5.8,5.8,5.8,0,2590,0
BANKNIFTY31JUL2548600PE.NFO,2025-07-09,14:30:00,2025-07-31,5.8,5.8,5.8,5.8,0,2590,1
BANKNIFTY31JUL2548600PE.NFO,2025-07-09,14:31:00,2025-07-31,5.8,5.8,5.8,5.8,0,2590,1
BANKNIFTY31JUL2548600PE.NFO,2025-07-09,14:32:00,2025-07-31,5.8,5.8,5.8,5.8,0,2590,1
BANKNIFTY31JUL2548600PE.NFO,2025-07-09,14:33:00,2025-07-31,5.8,5.8,5.8,5.8,0,2590,1
BANKNIFTY31JUL2548600PE.NFO,2025-07-09,14:34:00,2025-07-31,5.8,5.8,5.8,5.8,0,2590,1
BANKNIFTY31JUL2548600PE.NFO,2025-07-09,14:35:00,2025-07-31,5.8,5.8,5.8,5.8,0,2590,0
BANKNIFTY31JUL2548600PE.NFO,2025-07-09,14:36:00,2025-07-31,5.8,5.8,5.8,5.8,0,2590,1
BANKNIFTY31JUL2548600PE.NFO,2025-07-09,14:37:00,2025-07-31,5.8,5.8,5.8,5.8,0,2590,0
BANKNIFTY31JUL2548600PE.NFO,2025-07-09,14:38:00,2025-07-31,5.8,5.8,5.8,5.8,0,2590,1
BANKNIFTY31JUL2548600PE.NFO,2025-07-09,14:39:00,2025-07-31,5.8,5.8,5.8,5.8,0,2590,1
BANKNIFTY31JUL2548600PE.NFO,2025-07-09,14:40:00,2025-07-31,5.8,5.8,5.8,5.8,0,2590,1
BANKNIFTY31JUL2548600PE.NFO,2025-07-09,14:41:00,2025-07-31,5.8,5.8,5.8,5.8,0,2590,1
BANKNIFTY31JUL2548600PE.NFO,2025-07-09,14:42:00,2025-07-31,5.8,5.8,5.8,5.8,0,2590,1
BANKNIFTY31JUL2548600PE.NFO,2025-07-09,14:43:00,2025-07-31,5.8,5.8,5.8,5.8,0,2590,1
BANKNIFTY31JUL2548600PE.NFO,2025-07-09,14:44:00,2025-07-31,5.8,5.8,5.8,5.8,0,2590,0
BANKNIFTY31JUL2548600PE.NFO,2025-07-09,14:45:00,2025-07-31,5.8,5.8,5.8,5.8,0,2590,0
BANKNIFTY31JUL2548600PE.NFO,2025-07-09,14:46:00,2025-07-31,5.8,5.8,5.8,5.8,0,2590,1
BANKNIFTY31JUL2548600PE.NFO,2025-07-09,14:47:00,2025-07-31,5.8,5.8,5.8,5.8,0,2590,1
BANKNIFTY31JUL2548600PE.NFO,2025-07-09,14:48:00,2025-07-31,5.8,5.8,5.8,5.8,0,2590,1
BANKNIFTY31JUL2548600PE.NFO,2025-07-09,14:49:00,2025-07-31,5.8,5.8,5.8,5.8,0,2590,1
BANKNIFTY31JUL2548600PE.NFO,2025-07-09,14:50:00,2025-07-31,5.8,5.8,5.8,5.8,0,2590,1
BANKNIFTY31JUL2548600PE.NFO,2025-07-09,14:51:00,2025-07-31,5.8,5.8,5.8,5.8,0,2590,1
BANKNIFTY31JUL2548600PE.NFO,2025-07-09,14:52:00,2025-07-31,5.8,5.8,5.8,5.8,0,2590,1
BANKNIFTY31JUL2548600PE.NFO,2025-07-09,14:53:00,2025-07-31,5.8,5.8,5.8,5.8,0,2590,1
BANKNIFTY31JUL2548600PE.NFO,2025-07-09,14:54:00,2025-07-31,5.8,5.8,5.8,5.8,0,2590,0
BANKNIFTY31JUL2548600PE.NFO,2025-07-09,14:55:00,2025-07-31,5.8,5.8,5.8,5.8,0,2590,0
BANKNIFTY31JUL2548600PE.NFO,2025-07-09,14:56:00,2025-07-31,5.8,5.8,5.8,5.8,0,2590,1
BANKNIFTY31JUL2548600PE.NFO,2025-07-09,14:57:00,2025-07-31,5.8,5.8,5.8,5.8,0,2590,1
BANKNIFTY31JUL2548600PE.NFO,2025-07-09,14:58:00,2025-07-31,5.8,5.8,5.8,5.8,0,2590,0
BANKNIFTY31JUL2548600PE.NFO,2025-07-09,14:59:00,2025-07-31,5.8,5.8,5.8,5.8,0,2590,0
BANKNIFTY31JUL2548600PE.NFO,2025-07-09,15:00:00,2025-07-31,5.8,5.8,5.8,5.8,0,2590,1
BANKNIFTY31JUL2548600PE.NFO,2025-07-09,15:01:00,2025-07-31,5.8,5.8,5.8,5.8,0,2590,1
BANKNIFTY31JUL2548600PE.NFO,2025-07-09,15:02:00,2025-07-31,5.8,5.8,5.8,5.8,0,2590,0
BANKNIFTY31JUL2548600PE.NFO,2025-07-09,15:03:00,2025-07-31,5.8,5.8,5.8,5.8,0,2590,0
BANKNIFTY31JUL2548600PE.NFO,2025-07-09,15:04:00,2025-07-31,5.8,5.8,5.8,5.8,0,2590,0
BANKNIFTY31JUL2548600PE.NFO,2025-07-09,15:05:00,2025-07-31,5.8,5.8,5.8,5.8,0,2590,1
BANKNIFTY31JUL2548600PE.NFO,2025-07-09,15:06:00,2025-07-31,5.8,5.8,5.8,5.8,0,2590,1
BANKNIFTY31JUL2548600PE.NFO,2025-07-09,15:07:00,2025-07-31,5.8,5.8,5.8,5.8,0,2590,1
BANKNIFTY31JUL2548600PE.NFO,2025-07-09,15:08:00,2025-07-31,5.8,5.8,5.8,5.8,0,2590,0
BANKNIFTY31JUL2548600PE.NFO,2025-07-09,15:09:00,2025-07-31,5.8,5.8,5.8,5.8,0,2590,1
BANKNIFTY31JUL2548600PE.NFO,2025-07-09,15:10:00,2025-07-31,5.8,5.8,5.8,5.8,0,2590,1
BANKNIFTY31JUL2548600PE.NFO,2025-07-09,15:11:00,2025-07-31,5.8,5.8,5.8,5.8,0,2590,1
BANKNIFTY31JUL2548600PE.NFO,2025-07-09,15:12:00,2025-07-31,5.8,5.8,5.8,5.8,0,2590,0
BANKNIFTY31JUL2548600PE.NFO,2025-07-09,15:13:00,2025-07-31,5.8,5.8,5.8,5.8,0,2590,1
BANKNIFTY31JUL2548600PE.NFO,2025-07-09,15:14:00,2025-07-31,5.8,5.8,5.8,5.8,0,2590,0
BANKNIFTY31JUL2548600PE.NFO,2025-07-09,15:15:00,2025-07-31,5.8,5.8,5.8,5.8,0,2590,0
BANKNIFTY31JUL2548600PE.NFO,2025-07-09,15:16:00,2025-07-31,5.8,5.8,5.8,5.8,0,2590,0
BANKNIFTY31JUL2548600PE.NFO,2025-07-09,15:17:00,2025-07-31,5.8,5.8,5.8,5.8,0,2590,0
BANKNIFTY31JUL2548600PE.NFO,2025-07-09,15:18:00,2025-07-31,5.8,5.8,5.8,5.8,0,2590,0
BANKNIFTY31JUL2548600PE.NFO,2025-07-09,15:19:00,2025-07-31,5.8,5.8,5.8,5.8,0,2590,0
BANKNIFTY31JUL2548600PE.NFO,2025-07-09,15:20:00,2025-07-31,5.8,5.8,5.8,5.8,0,2590,0
BANKNIFTY31JUL2548600PE.NFO,2025-07-09,15:21:00,2025-07-31,5.8,5.8,5.8,5.8,0,2590,0
BANKNIFTY31JUL2548600PE.NFO,2025-07-09,15:22:00,2025-07-31,5.8,5.8,5.8,5.8,0,2590,0
BANKNIFTY31JUL2548600PE.NFO,2025-07-09,15:23:00,2025-07-31,5.8,5.8,5.8,5.8,0,2590,0
BANKNIFTY31JUL2548600PE.NFO,2025-07-09,15:24:00,2025-07-31,5.8,5.8,5.8,5.8,0,2590,0
BANKNIFTY31JUL2548600PE.NFO,2025-07-09,15:25:00,2025-07-31,5.8,5.8,5.8,5.8,0,2590,1
BANKNIFTY31JUL2548600PE.NFO,2025-07-09,15:26:00,2025-07-31,5.0,5.0,5.0,5.0,35,2555,0
BANKNIFTY31JUL2548600PE.NFO,2025-07-09,15:27:00,2025-07-31,5.0,5.0,5.0,5.0,0,2555,0
BANKNIFTY31JUL2548600PE.NFO,2025-07-09,15:28:00,2025-07-31,5.0,5.0,5.0,5.0,0,2555,0
BANKNIFTY31JUL2548600PE.NFO,2025-07-09,15:29:00,2025-07-31,5.0,5.0,5.0,5.0,0,2555,0
BANKNIFTY31JUL2548600PE.NFO,2025-07-09,15:30:00,2025-07-31,5.0,5.0,5.0,5.0,0,2555,1
BANKNIFTY31JUL2548600PE.NFO,2025-07-10,09:15:00,2025-07-31,5.7,5.7,5.7,5.7,0,2520,1
BANKNIFTY31JUL2548600PE.NFO,2025-07-10,09:16:00,2025-07-31,5.7,5.7,5.7,5.7,0,2520,1
BANKNIFTY31JUL2548600PE.NFO,2025-07-10,09:17:00,2025-07-31,5.7,5.7,5.7,5.7,0,2520,1
BANKNIFTY31JUL2548600PE.NFO,2025-07-10,09:18:00,2025-07-31,5.7,5.7,5.7,5.7,0,2520,1
BANKNIFTY31JUL2548600PE.NFO,2025-07-10,09:19:00,2025-07-31,5.7,5.7,5.7,5.7,0,2520,1
BANKNIFTY31JUL2548600PE.NFO,2025-07-10,09:20:00,2025-07-31,5.7,5.7,5.7,5.7,0,2520,1
BANKNIFTY31JUL2548600PE.NFO,2025-07-10,09:21:00,2025-07-31,5.7,5.7,5.7,5.7,0,2520,1
BANKNIFTY31JUL2548600PE.NFO,2025-07-10,09:22:00,2025-07-31,5.7,5.7,5.7,5.7,0,2520,1
BANKNIFTY31JUL2548600PE.NFO,2025-07-10,09:23:00,2025-07-31,5.7,5.7,5.7,5.7,0,2520,1
BANKNIFTY31JUL2548600PE.NFO,2025-07-10,09:24:00,2025-07-31,5.7,5.7,5.7,5.7,0,2520,1
BANKNIFTY31JUL2548600PE.NFO,2025-07-10,09:25:00,2025-07-31,5.7,5.7,5.7,5.7,0,2520,1
BANKNIFTY31JUL2548600PE.NFO,2025-07-10,09:26:00,2025-07-31,5.7,5.7,5.7,5.7,0,2520,1
BANKNIFTY31JUL2548600PE.NFO,2025-07-10,09:27:00,2025-07-31,5.7,5.7,5.7,5.7,0,2520,1
BANKNIFTY31JUL2548600PE.NFO,2025-07-10,09:28:00,2025-07-31,5.7,5.7,5.7,5.7,0,2520,1
BANKNIFTY31JUL2548600PE.NFO,2025-07-10,09:29:00,2025-07-31,5.7,5.7,5.7,5.7,0,2520,1
BANKNIFTY31JUL2548600PE.NFO,2025-07-10,09:30:00,2025-07-31,5.7,5.7,5.7,5.7,0,2520,1
BANKNIFTY31JUL2548600PE.NFO,2025-07-10,09:31:00,2025-07-31,5.7,5.7,5.7,5.7,0,2520,1
BANKNIFTY31JUL2548600PE.NFO,2025-07-10,09:32:00,2025-07-31,5.7,5.7,5.7,5.7,0,2520,1
BANKNIFTY31JUL2548600PE.NFO,2025-07-10,09:33:00,2025-07-31,5.7,5.7,5.7,5.7,0,2520,1
BANKNIFTY31JUL2548600PE.NFO,2025-07-10,09:34:00,2025-07-31,5.7,5.7,5.7,5.7,0,2520,1
BANKNIFTY31JUL2548600PE.NFO,2025-07-10,09:35:00,2025-07-31,5.7,5.7,5.7,5.7,0,2520,1
BANKNIFTY31JUL2548600PE.NFO,2025-07-10,09:36:00,2025-07-31,5.7,5.7,5.7,5.7,0,2520,1
BANKNIFTY31JUL2548600PE.NFO,2025-07-10,09:37:00,2025-07-31,5.7,5.7,5.7,5.7,0,2520,1
BANKNIFTY31JUL2548600PE.NFO,2025-07-10,09:38:00,2025-07-31,5.7,5.7,5.7,5.7,0,2520,1
BANKNIFTY31JUL2548600PE.NFO,2025-07-10,09:39:00,2025-07-31,5.7,5.7,5.7,5.7,0,2520,1
BANKNIFTY31JUL2548600PE.NFO,2025-07-10,09:40:00,2025-07-31,5.7,5.7,5.7,5.7,0,2520,1
BANKNIFTY31JUL2548600PE.NFO,2025-07-10,09:41:00,2025-07-31,5.7,5.7,5.7,5.7,0,2520,1
BANKNIFTY31JUL2548600PE.NFO,2025-07-10,09:42:00,2025-07-31,5.7,5.7,5.7,5.7,0,2520,1
BANKNIFTY31JUL2548600PE.NFO,2025-07-10,09:43:00,2025-07-31,5.7,5.7,5.7,5.7,0,2520,1
BANKNIFTY31JUL2548600PE.NFO,2025-07-10,09:44:00,2025-07-31,5.7,5.7,5.7,5.7,0,2520,1
BANKNIFTY31JUL2548600PE.NFO,2025-07-10,09:45:00,2025-07-31,5.7,5.7,5.7,5.7,0,2520,1
BANKNIFTY31JUL2548600PE.NFO,2025-07-10,09:46:00,2025-07-31,5.7,5.7,5.7,5.7,0,2520,1
BANKNIFTY31JUL2548600PE.NFO,2025-07-10,09:47:00,2025-07-31,5.7,5.7,5.7,5.7,0,2520,1
BANKNIFTY31JUL2548600PE.NFO,2025-07-10,09:48:00,2025-07-31,5.7,5.7,5.7,5.7,0,2520,1
BANKNIFTY31JUL2548600PE.NFO,2025-07-10,09:49:00,2025-07-31,5.7,5.7,5.7,5.7,0,2520,1
BANKNIFTY31JUL2548600PE.NFO,2025-07-10,09:50:00,2025-07-31,5.7,5.7,5.7,5.7,0,2520,1
BANKNIFTY31JUL2548600PE.NFO,2025-07-10,09:51:00,2025-07-31,5.7,5.7,5.7,5.7,0,2520,1
BANKNIFTY31JUL2548600PE.NFO,2025-07-10,09:52:00,2025-07-31,5.7,5.7,5.7,5.7,0,2520,1
BANKNIFTY31JUL2548600PE.NFO,2025-07-10,09:53:00,2025-07-31,5.7,5.7,5.7,5.7,0,2520,1
BANKNIFTY31JUL2548600PE.NFO,2025-07-10,09:54:00,2025-07-31,5.7,5.7,5.7,5.7,0,2520,1
BANKNIFTY31JUL2548600PE.NFO,2025-07-10,09:55:00,2025-07-31,5.7,5.7,5.7,5.7,0,2520,1
BANKNIFTY31JUL2548600PE.NFO,2025-07-10,09:56:00,2025-07-31,5.7,5.7,5.7,5.7,0,2520,1
BANKNIFTY31JUL2548600PE.NFO,2025-07-10,09:57:00,2025-07-31,5.7,5.7,5.7,5.7,0,2520,1
BANKNIFTY31JUL2548600PE.NFO,2025-07-10,09:58:00,2025-07-31,5.7,5.7,5.7,5.7,0,2520,1
BANKNIFTY31JUL2548600PE.NFO,2025-07-10,09:59:00,2025-07-31,5.7,5.7,5.7,5.7,0,2520,1
BANKNIFTY31JUL2548600PE.NFO,2025-07-10,10:00:00,2025-07-31,5.7,5.7,5.7,5.7,0,2520,1
BANKNIFTY31JUL2548600PE.NFO,2025-07-10,10:01:00,2025-07-31,5.7,5.7,5.7,5.7,0,2520,1
BANKNIFTY31JUL2548600PE.NFO,2025-07-10,10:02:00,2025-07-31,5.7,5.7,5.7,5.7,0,2520,1
BANKNIFTY31JUL2548600PE.NFO,2025-07-10,10:03:00,2025-07-31,5.7,5.7,5.7,5.7,0,2520,1
BANKNIFTY31JUL2548600PE.NFO,2025-07-10,10:04:00,2025-07-31,5.7,5.7,5.7,5.7,0,2520,1
BANKNIFTY31JUL2548600PE.NFO,2025-07-10,10:05:00,2025-07-31,5.7,5.7,5.7,5.7,0,2520,1
BANKNIFTY31JUL2548600PE.NFO,2025-07-10,10:06:00,2025-07-31,5.7,5.7,5.7,5.7,0,2520,1
BANKNIFTY31JUL2548600PE.NFO,2025-07-10,10:07:00,2025-07-31,5.7,5.7,5.7,5.7,0,2520,1
BANKNIFTY31JUL2548600PE.NFO,2025-07-10,10:08:00,2025-07-31,5.7,5.7,5.7,5.7,0,2520,1
BANKNIFTY31JUL2548600PE.NFO,2025-07-10,10:09:00,2025-07-31,5.7,5.7,5.7,5.7,0,2520,1
BANKNIFTY31JUL2548600PE.NFO,2025-07-10,10:10:00,2025-07-31,5.7,5.7,5.7,5.7,0,2520,1
BANKNIFTY31JUL2548600PE.NFO,2025-07-10,10:11:00,2025-07-31,5.7,5.7,5.7,5.7,0,2520,1
BANKNIFTY31JUL2548600PE.NFO,2025-07-10,10:12:00,2025-07-31,5.7,5.7,5.7,5.7,0,2520,1
BANKNIFTY31JUL2548600PE.NFO,2025-07-10,10:13:00,2025-07-31,5.7,5.7,5.7,5.7,0,2520,1
BANKNIFTY31JUL2548600PE.NFO,2025-07-10,10:14:00,2025-07-31,5.7,5.7,5.7,5.7,0,2520,1
BANKNIFTY31JUL2548600PE.NFO,2025-07-10,10:15:00,2025-07-31,5.7,5.7,5.7,5.7,0,2520,1
BANKNIFTY31JUL2548600PE.NFO,2025-07-10,10:16:00,2025-07-31,5.7,5.7,5.7,5.7,0,2520,1
BANKNIFTY31JUL2548600PE.NFO,2025-07-10,10:17:00,2025-07-31,5.7,5.7,5.7,5.7,0,2520,1
BANKNIFTY31JUL2548600PE.NFO,2025-07-10,10:18:00,2025-07-31,5.7,5.7,5.7,5.7,0,2520,1
BANKNIFTY31JUL2548600PE.NFO,2025-07-10,10:19:00,2025-07-31,5.7,5.7,5.7,5.7,0,2520,1
BANKNIFTY31JUL2548600PE.NFO,2025-07-10,10:20:00,2025-07-31,5.7,5.7,5.7,5.7,0,2520,1
BANKNIFTY31JUL2548600PE.NFO,2025-07-10,10:21:00,2025-07-31,5.7,5.7,5.7,5.7,0,2520,1
BANKNIFTY31JUL2548600PE.NFO,2025-07-10,10:22:00,2025-07-31,5.7,5.7,5.7,5.7,0,2520,1
BANKNIFTY31JUL2548600PE.NFO,2025-07-10,10:23:00,2025-07-31,5.7,5.7,5.7,5.7,0,2520,1
BANKNIFTY31JUL2548600PE.NFO,2025-07-10,10:24:00,2025-07-31,5.7,5.7,5.7,5.7,0,2520,1
BANKNIFTY31JUL2548600PE.NFO,2025-07-10,10:25:00,2025-07-31,5.7,5.7,5.7,5.7,0,2520,1
BANKNIFTY31JUL2548600PE.NFO,2025-07-10,10:26:00,2025-07-31,5.7,5.7,5.7,5.7,0,2520,1
BANKNIFTY31JUL2548600PE.NFO,2025-07-10,10:27:00,2025-07-31,5.7,5.7,5.7,5.7,0,2520,1
BANKNIFTY31JUL2548600PE.NFO,2025-07-10,10:28:00,2025-07-31,5.7,5.7,5.7,5.7,0,2520,1
BANKNIFTY31JUL2548600PE.NFO,2025-07-10,10:29:00,2025-07-31,5.7,5.7,5.7,5.7,0,2520,1
BANKNIFTY31JUL2548600PE.NFO,2025-07-10,10:30:00,2025-07-31,5.7,5.7,5.7,5.7,0,2520,1
BANKNIFTY31JUL2548600PE.NFO,2025-07-10,10:31:00,2025-07-31,5.7,5.7,5.7,5.7,0,2520,1
BANKNIFTY31JUL2548600PE.NFO,2025-07-10,10:32:00,2025-07-31,5.7,5.7,5.7,5.7,0,2520,1
BANKNIFTY31JUL2548600PE.NFO,2025-07-10,10:33:00,2025-07-31,5.7,5.7,5.7,5.7,0,2520,1
BANKNIFTY31JUL2548600PE.NFO,2025-07-10,10:34:00,2025-07-31,5.7,5.7,5.7,5.7,0,2520,1
BANKNIFTY31JUL2548600PE.NFO,2025-07-10,10:35:00,2025-07-31,5.7,5.7,5.7,5.7,0,2520,1
BANKNIFTY31JUL2548600PE.NFO,2025-07-10,10:36:00,2025-07-31,5.7,5.7,5.7,5.7,0,2520,1
BANKNIFTY31JUL2548600PE.NFO,2025-07-10,10:37:00,2025-07-31,5.7,5.7,5.7,5.7,0,2520,1
BANKNIFTY31JUL2548600PE.NFO,2025-07-10,10:38:00,2025-07-31,5.7,5.7,5.7,5.7,0,2520,1
BANKNIFTY31JUL2548600PE.NFO,2025-07-10,10:39:00,2025-07-31,5.7,5.7,5.7,5.7,0,2520,1
BANKNIFTY31JUL2548600PE.NFO,2025-07-10,10:40:00,2025-07-31,5.7,5.7,5.7,5.7,0,2520,1
BANKNIFTY31JUL2548600PE.NFO,2025-07-10,10:41:00,2025-07-31,5.7,5.7,5.7,5.7,0,2520,1
BANKNIFTY31JUL2548600PE.NFO,2025-07-10,10:42:00,2025-07-31,5.7,5.7,5.7,5.7,0,2520,1
BANKNIFTY31JUL2548600PE.NFO,2025-07-10,10:43:00,2025-07-31,5.7,5.7,5.7,5.7,0,2520,1
BANKNIFTY31JUL2548600PE.NFO,2025-07-10,10:44:00,2025-07-31,5.7,5.7,5.7,5.7,0,2520,1
BANKNIFTY31JUL2548600PE.NFO,2025-07-10,10:45:00,2025-07-31,5.7,5.7,5.7,5.7,0,2520,1
BANKNIFTY31JUL2548600PE.NFO,2025-07-10,10:46:00,2025-07-31,5.7,5.7,5.7,5.7,0,2520,1
BANKNIFTY31JUL2548600PE.NFO,2025-07-10,10:47:00,2025-07-31,5.7,5.7,5.7,5.7,0,2520,1
BANKNIFTY31JUL2548600PE.NFO,2025-07-10,10:48:00,2025-07-31,5.7,5.7,5.7,5.7,0,2520,1
BANKNIFTY31JUL2548600PE.NFO,2025-07-10,10:49:00,2025-07-31,5.7,5.7,5.7,5.7,0,2520,1
BANKNIFTY31JUL2548600PE.NFO,2025-07-10,10:50:00,2025-07-31,5.7,5.7,5.7,5.7,0,2520,1
BANKNIFTY31JUL2548600PE.NFO,2025-07-10,10:51:00,2025-07-31,5.7,5.7,5.7,5.7,0,2520,1
BANKNIFTY31JUL2548600PE.NFO,2025-07-10,10:52:00,2025-07-31,5.7,5.7,5.7,5.7,0,2520,1
BANKNIFTY31JUL2548600PE.NFO,2025-07-10,10:53:00,2025-07-31,5.7,5.7,5.7,5.7,0,2520,1
BANKNIFTY31JUL2548600PE.NFO,2025-07-10,10:54:00,2025-07-31,5.7,5.7,5.7,5.7,0,2520,1
BANKNIFTY31JUL2548600PE.NFO,2025-07-10,10:55:00,2025-07-31,5.7,5.7,5.7,5.7,0,2520,1
BANKNIFTY31JUL2548600PE.NFO,2025-07-10,10:56:00,2025-07-31,5.7,5.7,5.7,5.7,0,2520,1
BANKNIFTY31JUL2548600PE.NFO,2025-07-10,10:57:00,2025-07-31,5.7,5.7,5.7,5.7,0,2520,1
BANKNIFTY31JUL2548600PE.NFO,2025-07-10,10:58:00,2025-07-31,5.7,5.7,5.7,5.7,0,2520,1
BANKNIFTY31JUL2548600PE.NFO,2025-07-10,10:59:00,2025-07-31,5.7,5.7,5.7,5.7,0,2520,1
BANKNIFTY31JUL2548600PE.NFO,2025-07-10,11:00:00,2025-07-31,5.7,5.7,5.7,5.7,0,2520,1
BANKNIFTY31JUL2548600PE.NFO,2025-07-10,11:01:00,2025-07-31,5.7,5.7,5.7,5.7,0,2520,1
BANKNIFTY31JUL2548600PE.NFO,2025-07-10,11:02:00,2025-07-31,5.7,5.7,5.7,5.7,0,2520,1
BANKNIFTY31JUL2548600PE.NFO,2025-07-10,11:03:00,2025-07-31,5.7,5.7,5.7,5.7,0,2520,1
BANKNIFTY31JUL2548600PE.NFO,2025-07-10,11:04:00,2025-07-31,5.7,5.7,5.7,5.7,0,2520,1
BANKNIFTY31JUL2548600PE.NFO,2025-07-10,11:05:00,2025-07-31,5.7,5.7,5.7,5.7,0,2520,1
BANKNIFTY31JUL2548600PE.NFO,2025-07-10,11:06:00,2025-07-31,5.7,5.7,5.7,5.7,0,2520,1
BANKNIFTY31JUL2548600PE.NFO,2025-07-10,11:07:00,2025-07-31,5.7,5.7,5.7,5.7,0,2520,1
BANKNIFTY31JUL2548600PE.NFO,2025-07-10,11:08:00,2025-07-31,5.7,5.7,5.7,5.7,0,2520,1
BANKNIFTY31JUL2548600PE.NFO,2025-07-10,11:09:00,2025-07-31,5.7,5.7,5.7,5.7,0,2520,1
BANKNIFTY31JUL2548600PE.NFO,2025-07-10,11:10:00,2025-07-31,5.7,5.7,5.7,5.7,0,2520,1
BANKNIFTY31JUL2548600PE.NFO,2025-07-10,11:11:00,2025-07-31,5.7,5.7,5.7,5.7,0,2520,1
BANKNIFTY31JUL2548600PE.NFO,2025-07-10,11:12:00,2025-07-31,5.7,5.7,5.7,5.7,0,2520,1
BANKNIFTY31JUL2548600PE.NFO,2025-07-10,11:13:00,2025-07-31,5.7,5.7,5.7,5.7,0,2520,1
BANKNIFTY31JUL2548600PE.NFO,2025-07-10,11:14:00,2025-07-31,5.7,5.7,5.7,5.7,0,2520,0
BANKNIFTY31JUL2548600PE.NFO,2025-07-10,11:15:00,2025-07-31,5.7,5.7,5.2,5.2,35,2520,0
BANKNIFTY31JUL2548600PE.NFO,2025-07-10,11:16:00,2025-07-31,5.2,5.35,5.2,5.35,35,2555,0
BANKNIFTY31JUL2548600PE.NFO,2025-07-10,11:17:00,2025-07-31,5.35,5.4,4.85,4.9,105,2555,0
BANKNIFTY31JUL2548600PE.NFO,2025-07-10,11:18:00,2025-07-31,4.9,4.9,4.9,4.9,0,2555,0
BANKNIFTY31JUL2548600PE.NFO,2025-07-10,11:19:00,2025-07-31,4.9,4.9,4.9,4.9,0,2555,0
BANKNIFTY31JUL2548600PE.NFO,2025-07-10,11:20:00,2025-07-31,4.9,4.9,4.9,4.9,0,2555,1
BANKNIFTY31JUL2548600PE.NFO,2025-07-10,11:21:00,2025-07-31,4.9,4.9,4.9,4.9,0,2555,1
BANKNIFTY31JUL2548600PE.NFO,2025-07-10,11:22:00,2025-07-31,4.9,4.9,4.9,4.9,0,2555,1
BANKNIFTY31JUL2548600PE.NFO,2025-07-10,11:23:00,2025-07-31,4.9,4.9,4.9,4.9,0,2555,0
BANKNIFTY31JUL2548600PE.NFO,2025-07-10,11:24:00,2025-07-31,4.9,4.9,4.9,4.9,0,2555,0
BANKNIFTY31JUL2548600PE.NFO,2025-07-10,11:25:00,2025-07-31,4.9,4.9,4.9,4.9,0,2555,1
BANKNIFTY31JUL2548600PE.NFO,2025-07-10,11:26:00,2025-07-31,5.7,5.7,5.7,5.7,70,2520,0
BANKNIFTY31JUL2548600PE.NFO,2025-07-10,11:27:00,2025-07-31,5.7,5.7,5.35,5.35,35,2520,0
BANKNIFTY31JUL2548600PE.NFO,2025-07-10,11:28:00,2025-07-31,5.35,5.35,5.35,5.35,35,2520,1
BANKNIFTY31JUL2548600PE.NFO,2025-07-10,11:29:00,2025-07-31,5.35,5.35,5.35,5.35,0,2520,0
BANKNIFTY31JUL2548600PE.NFO,2025-07-10,11:30:00,2025-07-31,5.35,5.35,5.35,5.35,0,2520,0
BANKNIFTY31JUL2548600PE.NFO,2025-07-10,11:31:00,2025-07-31,5.35,5.35,5.35,5.35,0,2520,0
BANKNIFTY31JUL2548600PE.NFO,2025-07-10,11:32:00,2025-07-31,5.35,5.35,5.35,5.35,0,2520,0
BANKNIFTY31JUL2548600PE.NFO,2025-07-10,11:33:00,2025-07-31,5.2,5.2,5.2,5.2,175,2625,0
BANKNIFTY31JUL2548600PE.NFO,2025-07-10,11:34:00,2025-07-31,5.2,5.2,5.2,5.2,0,2625,0
BANKNIFTY31JUL2548600PE.NFO,2025-07-10,11:35:00,2025-07-31,5.2,5.2,5.2,5.2,0,2625,0
BANKNIFTY31JUL2548600PE.NFO,2025-07-10,11:36:00,2025-07-31,5.2,5.2,5.2,5.2,0,2625,0
BANKNIFTY31JUL2548600PE.NFO,2025-07-10,11:37:00,2025-07-31,5.2,5.2,5.2,5.2,0,2625,0
BANKNIFTY31JUL2548600PE.NFO,2025-07-10,11:38:00,2025-07-31,5.2,5.2,5.2,5.2,0,2625,0
BANKNIFTY31JUL2548600PE.NFO,2025-07-10,11:39:00,2025-07-31,5.2,5.2,5.2,5.2,0,2625,1
BANKNIFTY31JUL2548600PE.NFO,2025-07-10,11:40:00,2025-07-31,5.2,5.2,5.2,5.2,0,2625,0
BANKNIFTY31JUL2548600PE.NFO,2025-07-10,11:41:00,2025-07-31,5.2,5.2,5.2,5.2,0,2625,1
BANKNIFTY31JUL2548600PE.NFO,2025-07-10,11:42:00,2025-07-31,5.2,5.2,5.2,5.2,0,2625,1
BANKNIFTY31JUL2548600PE.NFO,2025-07-10,11:43:00,2025-07-31,5.2,5.2,5.2,5.2,0,2625,0
BANKNIFTY31JUL2548600PE.NFO,2025-07-10,11:44:00,2025-07-31,5.2,5.2,5.2,5.2,0,2625,1
BANKNIFTY31JUL2548600PE.NFO,2025-07-10,11:45:00,2025-07-31,5.2,5.2,5.2,5.2,0,2625,0
BANKNIFTY31JUL2548600PE.NFO,2025-07-10,11:46:00,2025-07-31,5.2,5.2,5.2,5.2,0,2625,0
BANKNIFTY31JUL2548600PE.NFO,2025-07-10,11:47:00,2025-07-31,5.2,5.2,5.2,5.2,0,2625,0
BANKNIFTY31JUL2548600PE.NFO,2025-07-10,11:48:00,2025-07-31,5.2,5.2,5.2,5.2,0,2625,1
BANKNIFTY31JUL2548600PE.NFO,2025-07-10,11:49:00,2025-07-31,5.2,5.2,5.2,5.2,0,2625,0
BANKNIFTY31JUL2548600PE.NFO,2025-07-10,11:50:00,2025-07-31,5.2,5.2,5.2,5.2,0,2625,1
BANKNIFTY31JUL2548600PE.NFO,2025-07-10,11:51:00,2025-07-31,5.1,5.1,5.1,5.1,175,2800,0
BANKNIFTY31JUL2548600PE.NFO,2025-07-10,11:52:00,2025-07-31,5.1,5.1,5.0,5.0,35,2625,0
BANKNIFTY31JUL2548600PE.NFO,2025-07-10,11:53:00,2025-07-31,5.0,5.0,5.0,5.0,0,2625,0
BANKNIFTY31JUL2548600PE.NFO,2025-07-10,11:54:00,2025-07-31,5.0,5.0,5.0,5.0,0,2625,1
BANKNIFTY31JUL2548600PE.NFO,2025-07-10,11:55:00,2025-07-31,5.0,5.0,5.0,5.0,0,2625,0
BANKNIFTY31JUL2548600PE.NFO,2025-07-10,11:56:00,2025-07-31,5.0,5.0,5.0,5.0,0,2625,0
BANKNIFTY31JUL2548600PE.NFO,2025-07-10,11:57:00,2025-07-31,5.0,5.0,5.0,5.0,0,2625,1
BANKNIFTY31JUL2548600PE.NFO,2025-07-10,11:58:00,2025-07-31,5.0,5.0,5.0,5.0,0,2625,1
BANKNIFTY31JUL2548600PE.NFO,2025-07-10,11:59:00,2025-07-31,5.0,5.0,5.0,5.0,0,2625,1
BANKNIFTY31JUL2548600PE.NFO,2025-07-10,12:00:00,2025-07-31,5.0,5.0,5.0,5.0,0,2625,0
BANKNIFTY31JUL2548600PE.NFO,2025-07-10,12:01:00,2025-07-31,5.0,5.0,5.0,5.0,0,2625,0
BANKNIFTY31JUL2548600PE.NFO,2025-07-10,12:02:00,2025-07-31,5.0,5.0,5.0,5.0,0,2625,0
BANKNIFTY31JUL2548600PE.NFO,2025-07-10,12:03:00,2025-07-31,5.0,5.0,5.0,5.0,0,2625,1
BANKNIFTY31JUL2548600PE.NFO,2025-07-10,12:04:00,2025-07-31,5.0,5.0,5.0,5.0,0,2625,1
BANKNIFTY31JUL2548600PE.NFO,2025-07-10,12:05:00,2025-07-31,5.0,5.0,5.0,5.0,0,2625,1
BANKNIFTY31JUL2548600PE.NFO,2025-07-10,12:06:00,2025-07-31,5.0,5.0,5.0,5.0,0,2625,1
BANKNIFTY31JUL2548600PE.NFO,2025-07-10,12:07:00,2025-07-31,5.0,5.0,5.0,5.0,0,2625,0
BANKNIFTY31JUL2548600PE.NFO,2025-07-10,12:08:00,2025-07-31,5.0,5.0,5.0,5.0,0,2625,0
BANKNIFTY31JUL2548600PE.NFO,2025-07-10,12:09:00,2025-07-31,5.0,5.0,5.0,5.0,0,2625,1
BANKNIFTY31JUL2548600PE.NFO,2025-07-10,12:10:00,2025-07-31,5.0,5.0,5.0,5.0,0,2625,1
BANKNIFTY31JUL2548600PE.NFO,2025-07-10,12:11:00,2025-07-31,5.0,5.0,5.0,5.0,0,2625,1
BANKNIFTY31JUL2548600PE.NFO,2025-07-10,12:12:00,2025-07-31,5.0,5.0,5.0,5.0,0,2625,1
BANKNIFTY31JUL2548600PE.NFO,2025-07-10,12:13:00,2025-07-31,5.0,5.0,5.0,5.0,0,2625,1
BANKNIFTY31JUL2548600PE.NFO,2025-07-10,12:14:00,2025-07-31,5.0,5.0,5.0,5.0,0,2625,1
BANKNIFTY31JUL2548600PE.NFO,2025-07-10,12:15:00,2025-07-31,5.0,5.0,5.0,5.0,0,2625,1
BANKNIFTY31JUL2548600PE.NFO,2025-07-10,12:16:00,2025-07-31,5.0,5.0,5.0,5.0,0,2625,0
BANKNIFTY31JUL2548600PE.NFO,2025-07-10,12:17:00,2025-07-31,5.0,5.0,5.0,5.0,0,2625,0
BANKNIFTY31JUL2548600PE.NFO,2025-07-10,12:18:00,2025-07-31,5.0,5.0,5.0,5.0,0,2625,1
BANKNIFTY31JUL2548600PE.NFO,2025-07-10,12:19:00,2025-07-31,5.0,5.0,5.0,5.0,0,2625,0
BANKNIFTY31JUL2548600PE.NFO,2025-07-10,12:20:00,2025-07-31,5.0,5.0,5.0,5.0,0,2625,0
BANKNIFTY31JUL2548600PE.NFO,2025-07-10,12:21:00,2025-07-31,5.0,5.0,5.0,5.0,0,2625,1
BANKNIFTY31JUL2548600PE.NFO,2025-07-10,12:22:00,2025-07-31,5.0,5.0,5.0,5.0,0,2625,0
BANKNIFTY31JUL2548600PE.NFO,2025-07-10,12:23:00,2025-07-31,5.0,5.0,5.0,5.0,0,2625,0
BANKNIFTY31JUL2548600PE.NFO,2025-07-10,12:24:00,2025-07-31,5.0,5.0,5.0,5.0,0,2625,0
BANKNIFTY31JUL2548600PE.NFO,2025-07-10,12:25:00,2025-07-31,5.0,5.0,5.0,5.0,0,2625,1
BANKNIFTY31JUL2548600PE.NFO,2025-07-10,12:26:00,2025-07-31,5.0,5.0,5.0,5.0,0,2625,1
BANKNIFTY31JUL2548600PE.NFO,2025-07-10,12:27:00,2025-07-31,5.0,5.0,5.0,5.0,0,2625,0
BANKNIFTY31JUL2548600PE.NFO,2025-07-10,12:28:00,2025-07-31,5.0,5.0,5.0,5.0,0,2625,1
BANKNIFTY31JUL2548600PE.NFO,2025-07-10,12:29:00,2025-07-31,5.0,5.0,5.0,5.0,0,2625,1
BANKNIFTY31JUL2548600PE.NFO,2025-07-10,12:30:00,2025-07-31,5.0,5.0,5.0,5.0,0,2625,0
BANKNIFTY31JUL2548600PE.NFO,2025-07-10,12:31:00,2025-07-31,5.0,5.0,5.0,5.0,0,2625,0
BANKNIFTY31JUL2548600PE.NFO,2025-07-10,12:32:00,2025-07-31,5.0,5.0,5.0,5.0,0,2625,1
BANKNIFTY31JUL2548600PE.NFO,2025-07-10,12:33:00,2025-07-31,5.0,5.0,5.0,5.0,0,2625,1
BANKNIFTY31JUL2548600PE.NFO,2025-07-10,12:34:00,2025-07-31,5.0,5.0,5.0,5.0,0,2625,0
BANKNIFTY31JUL2548600PE.NFO,2025-07-10,12:35:00,2025-07-31,5.0,5.0,5.0,5.0,0,2625,1
BANKNIFTY31JUL2548600PE.NFO,2025-07-10,12:36:00,2025-07-31,5.0,5.0,5.0,5.0,0,2625,0
BANKNIFTY31JUL2548600PE.NFO,2025-07-10,12:37:00,2025-07-31,5.0,5.0,5.0,5.0,0,2625,0
BANKNIFTY31JUL2548600PE.NFO,2025-07-10,12:38:00,2025-07-31,5.0,5.0,5.0,5.0,0,2625,1
BANKNIFTY31JUL2548600PE.NFO,2025-07-10,12:39:00,2025-07-31,5.0,5.0,5.0,5.0,0,2625,1
BANKNIFTY31JUL2548600PE.NFO,2025-07-10,12:40:00,2025-07-31,5.0,5.0,5.0,5.0,0,2625,1
BANKNIFTY31JUL2548600PE.NFO,2025-07-10,12:41:00,2025-07-31,5.0,5.0,5.0,5.0,0,2625,0
BANKNIFTY31JUL2548600PE.NFO,2025-07-10,12:42:00,2025-07-31,5.0,5.0,5.0,5.0,0,2625,1
BANKNIFTY31JUL2548600PE.NFO,2025-07-10,12:43:00,2025-07-31,5.15,5.15,5.15,5.15,35,2590,0
BANKNIFTY31JUL2548600PE.NFO,2025-07-10,12:44:00,2025-07-31,5.15,5.75,5.15,5.75,35,2590,0
BANKNIFTY31JUL2548600PE.NFO,2025-07-10,12:45:00,2025-07-31,5.75,5.75,5.4,5.4,35,2590,0
BANKNIFTY31JUL2548600PE.NFO,2025-07-10,12:46:00,2025-07-31,5.4,5.4,5.4,5.4,0,2590,0
BANKNIFTY31JUL2548600PE.NFO,2025-07-10,12:47:00,2025-07-31,5.4,5.4,5.4,5.4,0,2590,0
BANKNIFTY31JUL2548600PE.NFO,2025-07-10,12:48:00,2025-07-31,5.4,5.4,5.4,5.4,0,2590,1
BANKNIFTY31JUL2548600PE.NFO,2025-07-10,12:49:00,2025-07-31,5.4,5.4,5.4,5.4,0,2590,1
BANKNIFTY31JUL2548600PE.NFO,2025-07-10,12:50:00,2025-07-31,5.4,5.4,5.4,5.4,0,2590,0
BANKNIFTY31JUL2548600PE.NFO,2025-07-10,12:51:00,2025-07-31,5.4,5.4,5.4,5.4,0,2590,0
BANKNIFTY31JUL2548600PE.NFO,2025-07-10,12:52:00,2025-07-31,5.4,5.4,5.4,5.4,0,2590,1
BANKNIFTY31JUL2548600PE.NFO,2025-07-10,12:53:00,2025-07-31,5.4,5.4,5.4,5.4,0,2590,1
BANKNIFTY31JUL2548600PE.NFO,2025-07-10,12:54:00,2025-07-31,5.4,5.4,5.4,5.4,0,2590,1
BANKNIFTY31JUL2548600PE.NFO,2025-07-10,12:55:00,2025-07-31,5.4,5.4,5.4,5.4,0,2590,1
BANKNIFTY31JUL2548600PE.NFO,2025-07-10,12:56:00,2025-07-31,5.4,5.4,5.4,5.4,0,2590,0
BANKNIFTY31JUL2548600PE.NFO,2025-07-10,12:57:00,2025-07-31,5.4,5.4,5.4,5.4,0,2590,1
BANKNIFTY31JUL2548600PE.NFO,2025-07-10,12:58:00,2025-07-31,5.4,5.4,5.4,5.4,0,2590,1
BANKNIFTY31JUL2548600PE.NFO,2025-07-10,12:59:00,2025-07-31,5.4,5.4,5.4,5.4,0,2590,0
BANKNIFTY31JUL2548600PE.NFO,2025-07-10,13:00:00,2025-07-31,5.4,5.4,5.4,5.4,0,2590,1
BANKNIFTY31JUL2548600PE.NFO,2025-07-10,13:01:00,2025-07-31,5.4,5.4,5.4,5.4,0,2590,0
BANKNIFTY31JUL2548600PE.NFO,2025-07-10,13:02:00,2025-07-31,5.4,5.4,5.4,5.4,0,2590,0
BANKNIFTY31JUL2548600PE.NFO,2025-07-10,13:03:00,2025-07-31,5.4,5.4,5.4,5.4,0,2590,1
BANKNIFTY31JUL2548600PE.NFO,2025-07-10,13:04:00,2025-07-31,5.4,5.4,5.4,5.4,0,2590,1
BANKNIFTY31JUL2548600PE.NFO,2025-07-10,13:05:00,2025-07-31,5.4,5.4,5.4,5.4,0,2590,0
BANKNIFTY31JUL2548600PE.NFO,2025-07-10,13:06:00,2025-07-31,5.4,5.4,5.4,5.4,0,2590,0
BANKNIFTY31JUL2548600PE.NFO,2025-07-10,13:07:00,2025-07-31,5.4,5.4,5.4,5.4,0,2590,0
BANKNIFTY31JUL2548600PE.NFO,2025-07-10,13:08:00,2025-07-31,5.4,5.4,5.4,5.4,0,2590,1
BANKNIFTY31JUL2548600PE.NFO,2025-07-10,13:09:00,2025-07-31,5.4,5.4,5.4,5.4,0,2590,1
BANKNIFTY31JUL2548600PE.NFO,2025-07-10,13:10:00,2025-07-31,5.4,5.4,5.4,5.4,0,2590,1
BANKNIFTY31JUL2548600PE.NFO,2025-07-10,13:11:00,2025-07-31,5.4,5.4,5.4,5.4,0,2590,1
BANKNIFTY31JUL2548600PE.NFO,2025-07-10,13:12:00,2025-07-31,5.4,5.4,5.4,5.4,0,2590,1
BANKNIFTY31JUL2548600PE.NFO,2025-07-10,13:13:00,2025-07-31,5.4,5.4,5.4,5.4,0,2590,0
BANKNIFTY31JUL2548600PE.NFO,2025-07-10,13:14:00,2025-07-31,5.4,5.4,5.4,5.4,0,2590,0
BANKNIFTY31JUL2548600PE.NFO,2025-07-10,13:15:00,2025-07-31,5.45,5.45,5.45,5.45,35,2590,0
BANKNIFTY31JUL2548600PE.NFO,2025-07-10,13:16:00,2025-07-31,5.45,5.45,5.45,5.45,35,2590,1
BANKNIFTY31JUL2548600PE.NFO,2025-07-10,13:17:00,2025-07-31,5.45,5.45,5.45,5.45,35,2590,1
BANKNIFTY31JUL2548600PE.NFO,2025-07-10,13:18:00,2025-07-31,5.45,5.45,5.45,5.45,35,2590,1
BANKNIFTY31JUL2548600PE.NFO,2025-07-10,13:19:00,2025-07-31,5.45,5.45,5.45,5.45,0,2590,0
BANKNIFTY31JUL2548600PE.NFO,2025-07-10,13:20:00,2025-07-31,5.45,5.45,5.35,5.35,70,2590,0
BANKNIFTY31JUL2548600PE.NFO,2025-07-10,13:21:00,2025-07-31,5.35,5.35,5.35,5.35,70,2590,1
BANKNIFTY31JUL2548600PE.NFO,2025-07-10,13:22:00,2025-07-31,5.35,5.35,5.05,5.05,70,2660,0
BANKNIFTY31JUL2548600PE.NFO,2025-07-10,13:23:00,2025-07-31,5.05,5.05,5.05,5.05,0,2660,0
BANKNIFTY31JUL2548600PE.NFO,2025-07-10,13:24:00,2025-07-31,5.05,5.05,5.05,5.05,0,2660,1
BANKNIFTY31JUL2548600PE.NFO,2025-07-10,13:25:00,2025-07-31,5.05,5.05,5.05,5.05,0,2660,1
BANKNIFTY31JUL2548600PE.NFO,2025-07-10,13:26:00,2025-07-31,5.05,5.05,5.05,5.05,0,2660,1
BANKNIFTY31JUL2548600PE.NFO,2025-07-10,13:27:00,2025-07-31,5.05,5.05,5.05,5.05,0,2660,1
BANKNIFTY31JUL2548600PE.NFO,2025-07-10,13:28:00,2025-07-31,5.75,5.75,5.75,5.75,245,2590,0
BANKNIFTY31JUL2548600PE.NFO,2025-07-10,13:29:00,2025-07-31,5.75,5.75,5.75,5.75,35,2590,0
BANKNIFTY31JUL2548600PE.NFO,2025-07-10,13:30:00,2025-07-31,5.75,5.75,5.0,5.0,35,2590,0
BANKNIFTY31JUL2548600PE.NFO,2025-07-10,13:31:00,2025-07-31,5.0,5.0,5.0,5.0,0,2590,0
BANKNIFTY31JUL2548600PE.NFO,2025-07-10,13:32:00,2025-07-31,5.0,5.0,5.0,5.0,0,2590,1
BANKNIFTY31JUL2548600PE.NFO,2025-07-10,13:33:00,2025-07-31,5.0,5.35,5.0,5.35,140,2835,0
BANKNIFTY31JUL2548600PE.NFO,2025-07-10,13:34:00,2025-07-31,5.35,5.35,5.35,5.35,0,2835,0
BANKNIFTY31JUL2548600PE.NFO,2025-07-10,13:35:00,2025-07-31,5.35,5.35,5.35,5.35,0,2835,0
BANKNIFTY31JUL2548600PE.NFO,2025-07-10,13:36:00,2025-07-31,5.35,5.35,5.35,5.35,0,2835,0
BANKNIFTY31JUL2548600PE.NFO,2025-07-10,13:37:00,2025-07-31,5.35,5.35,5.35,5.35,0,2835,0
BANKNIFTY31JUL2548600PE.NFO,2025-07-10,13:38:00,2025-07-31,5.35,5.35,5.35,5.35,0,2835,0
BANKNIFTY31JUL2548600PE.NFO,2025-07-10,13:39:00,2025-07-31,5.35,5.35,5.35,5.35,0,2835,0
BANKNIFTY31JUL2548600PE.NFO,2025-07-10,13:40:00,2025-07-31,5.35,5.35,5.35,5.35,0,2835,1
BANKNIFTY31JUL2548600PE.NFO,2025-07-10,13:41:00,2025-07-31,5.35,5.35,5.35,5.35,70,2835,0
BANKNIFTY31JUL2548600PE.NFO,2025-07-10,13:42:00,2025-07-31,5.35,5.35,5.35,5.35,0,2835,0
BANKNIFTY31JUL2548600PE.NFO,2025-07-10,13:43:00,2025-07-31,5.35,5.35,5.35,5.35,0,2835,1
BANKNIFTY31JUL2548600PE.NFO,2025-07-10,13:44:00,2025-07-31,5.35,5.35,5.35,5.35,0,2835,0
BANKNIFTY31JUL2548600PE.NFO,2025-07-10,13:45:00,2025-07-31,5.35,5.35,5.35,5.35,0,2835,0
BANKNIFTY31JUL2548600PE.NFO,2025-07-10,13:46:00,2025-07-31,5.35,5.35,5.35,5.35,0,2835,0
BANKNIFTY31JUL2548600PE.NFO,2025-07-10,13:47:00,2025-07-31,5.35,5.35,5.35,5.35,0,2835,1
BANKNIFTY31JUL2548600PE.NFO,2025-07-10,13:48:00,2025-07-31,5.35,5.35,5.35,5.35,0,2835,0
BANKNIFTY31JUL2548600PE.NFO,2025-07-10,13:49:00,2025-07-31,5.35,5.35,5.35,5.35,0,2835,0
BANKNIFTY31JUL2548600PE.NFO,2025-07-10,13:50:00,2025-07-31,5.35,5.35,5.35,5.35,0,2835,1
BANKNIFTY31JUL2548600PE.NFO,2025-07-10,13:51:00,2025-07-31,5.35,5.35,5.35,5.35,0,2835,1
BANKNIFTY31JUL2548600PE.NFO,2025-07-10,13:52:00,2025-07-31,5.35,5.35,5.35,5.35,0,2835,1
BANKNIFTY31JUL2548600PE.NFO,2025-07-10,13:53:00,2025-07-31,5.35,5.35,5.35,5.35,0,2835,0
BANKNIFTY31JUL2548600PE.NFO,2025-07-10,13:54:00,2025-07-31,5.35,5.35,5.35,5.35,0,2835,1
BANKNIFTY31JUL2548600PE.NFO,2025-07-10,13:55:00,2025-07-31,5.35,5.35,5.35,5.35,0,2835,1
BANKNIFTY31JUL2548600PE.NFO,2025-07-10,13:56:00,2025-07-31,5.35,5.35,5.35,5.35,0,2835,0
BANKNIFTY31JUL2548600PE.NFO,2025-07-10,13:57:00,2025-07-31,5.35,5.35,5.35,5.35,0,2835,0
BANKNIFTY31JUL2548600PE.NFO,2025-07-10,13:58:00,2025-07-31,5.35,5.35,5.35,5.35,0,2835,1
BANKNIFTY31JUL2548600PE.NFO,2025-07-10,13:59:00,2025-07-31,5.35,5.35,5.35,5.35,0,2835,1
BANKNIFTY31JUL2548600PE.NFO,2025-07-10,14:00:00,2025-07-31,5.35,5.35,5.35,5.35,0,2835,1
BANKNIFTY31JUL2548600PE.NFO,2025-07-10,14:01:00,2025-07-31,5.35,5.35,5.35,5.35,0,2835,1
BANKNIFTY31JUL2548600PE.NFO,2025-07-10,14:02:00,2025-07-31,5.35,5.35,5.35,5.35,0,2835,0
BANKNIFTY31JUL2548600PE.NFO,2025-07-10,14:03:00,2025-07-31,5.35,5.35,5.35,5.35,0,2835,0
BANKNIFTY31JUL2548600PE.NFO,2025-07-10,14:04:00,2025-07-31,5.35,5.35,5.35,5.35,0,2835,0
BANKNIFTY31JUL2548600PE.NFO,2025-07-10,14:05:00,2025-07-31,5.35,5.35,5.35,5.35,0,2835,0
BANKNIFTY31JUL2548600PE.NFO,2025-07-10,14:06:00,2025-07-31,5.35,5.35,5.35,5.35,0,2835,0
BANKNIFTY31JUL2548600PE.NFO,2025-07-10,14:07:00,2025-07-31,5.35,5.35,5.35,5.35,0,2835,0
BANKNIFTY31JUL2548600PE.NFO,2025-07-10,14:08:00,2025-07-31,5.35,5.35,4.45,4.45,245,2835,0
BANKNIFTY31JUL2548600PE.NFO,2025-07-10,14:09:00,2025-07-31,4.45,4.45,4.45,4.45,0,2835,0
BANKNIFTY31JUL2548600PE.NFO,2025-07-10,14:10:00,2025-07-31,4.45,4.45,4.45,4.45,0,2835,0
BANKNIFTY31JUL2548600PE.NFO,2025-07-10,14:11:00,2025-07-31,4.45,4.45,4.45,4.45,0,2835,0
BANKNIFTY31JUL2548600PE.NFO,2025-07-10,14:12:00,2025-07-31,4.45,4.45,4.45,4.45,0,2835,1
BANKNIFTY31JUL2548600PE.NFO,2025-07-10,14:13:00,2025-07-31,4.45,4.45,4.45,4.45,0,2835,0
BANKNIFTY31JUL2548600PE.NFO,2025-07-10,14:14:00,2025-07-31,4.45,4.45,4.45,4.45,0,2835,0
BANKNIFTY31JUL2548600PE.NFO,2025-07-10,14:15:00,2025-07-31,4.45,4.45,4.45,4.45,0,2835,0
BANKNIFTY31JUL2548600PE.NFO,2025-07-10,14:16:00,2025-07-31,4.45,4.45,4.45,4.45,0,2835,0
BANKNIFTY31JUL2548600PE.NFO,2025-07-10,14:17:00,2025-07-31,4.45,4.45,4.45,4.45,0,2835,1
BANKNIFTY31JUL2548600PE.NFO,2025-07-10,14:18:00,2025-07-31,4.45,4.45,4.45,4.45,0,2835,1
BANKNIFTY31JUL2548600PE.NFO,2025-07-10,14:19:00,2025-07-31,4.45,4.45,4.45,4.45,0,2835,0
BANKNIFTY31JUL2548600PE.NFO,2025-07-10,14:20:00,2025-07-31,4.45,4.45,4.45,4.45,0,2835,0
BANKNIFTY31JUL2548600PE.NFO,2025-07-10,14:21:00,2025-07-31,4.45,4.45,4.45,4.45,0,2835,0
BANKNIFTY31JUL2548600PE.NFO,2025-07-10,14:22:00,2025-07-31,4.45,4.45,4.45,4.45,0,2835,0
BANKNIFTY31JUL2548600PE.NFO,2025-07-10,14:23:00,2025-07-31,4.45,4.45,4.45,4.45,0,2835,0
BANKNIFTY31JUL2548600PE.NFO,2025-07-10,14:24:00,2025-07-31,4.45,4.45,4.45,4.45,0,2835,0
BANKNIFTY31JUL2548600PE.NFO,2025-07-10,14:25:00,2025-07-31,4.45,4.45,4.45,4.45,0,2835,1
BANKNIFTY31JUL2548600PE.NFO,2025-07-10,14:26:00,2025-07-31,4.45,4.45,4.45,4.45,0,2835,0
BANKNIFTY31JUL2548600PE.NFO,2025-07-10,14:27:00,2025-07-31,4.45,4.45,4.45,4.45,0,2835,1
BANKNIFTY31JUL2548600PE.NFO,2025-07-10,14:28:00,2025-07-31,4.45,4.45,4.45,4.45,0,2835,0
BANKNIFTY31JUL2548600PE.NFO,2025-07-10,14:29:00,2025-07-31,4.45,4.45,4.45,4.45,0,2835,0
BANKNIFTY31JUL2548600PE.NFO,2025-07-10,14:30:00,2025-07-31,4.45,4.45,4.45,4.45,0,2835,0
BANKNIFTY31JUL2548600PE.NFO,2025-07-10,14:31:00,2025-07-31,4.45,4.45,4.45,4.45,0,2835,0
BANKNIFTY31JUL2548600PE.NFO,2025-07-10,14:32:00,2025-07-31,4.45,4.45,4.45,4.45,0,2835,0
BANKNIFTY31JUL2548600PE.NFO,2025-07-10,14:33:00,2025-07-31,4.45,4.45,4.45,4.45,0,2835,1
BANKNIFTY31JUL2548600PE.NFO,2025-07-10,14:34:00,2025-07-31,4.45,4.45,4.45,4.45,0,2835,0
BANKNIFTY31JUL2548600PE.NFO,2025-07-10,14:35:00,2025-07-31,4.45,4.45,4.45,4.45,0,2835,1
BANKNIFTY31JUL2548600PE.NFO,2025-07-10,14:36:00,2025-07-31,4.45,4.45,4.45,4.45,0,2835,0
BANKNIFTY31JUL2548600PE.NFO,2025-07-10,14:37:00,2025-07-31,4.45,4.45,4.45,4.45,0,2835,0
BANKNIFTY31JUL2548600PE.NFO,2025-07-10,14:38:00,2025-07-31,4.45,4.45,4.45,4.45,0,2835,0
BANKNIFTY31JUL2548600PE.NFO,2025-07-10,14:39:00,2025-07-31,4.45,5.3,4.45,5.3,0,2625,0
BANKNIFTY31JUL2548600PE.NFO,2025-07-10,14:40:00,2025-07-31,5.3,8.25,5.3,5.6,5670,5005,0
BANKNIFTY31JUL2548600PE.NFO,2025-07-10,14:41:00,2025-07-31,5.6,6.7,5.6,5.75,5565,5005,0
BANKNIFTY31JUL2548600PE.NFO,2025-07-10,14:42:00,2025-07-31,5.75,5.75,5.75,5.75,0,5005,0
BANKNIFTY31JUL2548600PE.NFO,2025-07-10,14:43:00,2025-07-31,5.75,5.75,5.75,5.75,0,5005,0
BANKNIFTY31JUL2548600PE.NFO,2025-07-10,14:44:00,2025-07-31,5.75,5.75,5.75,5.75,0,5005,0
BANKNIFTY31JUL2548600PE.NFO,2025-07-10,14:45:00,2025-07-31,5.75,5.75,5.7,5.7,0,12915,0
BANKNIFTY31JUL2548600PE.NFO,2025-07-10,14:46:00,2025-07-31,5.7,5.7,5.7,5.7,140,12915,0
BANKNIFTY31JUL2548600PE.NFO,2025-07-10,14:47:00,2025-07-31,5.7,5.7,5.7,5.7,35,12915,0
BANKNIFTY31JUL2548600PE.NFO,2025-07-10,14:48:00,2025-07-31,5.7,6.15,5.0,5.65,1120,12915,0
BANKNIFTY31JUL2548600PE.NFO,2025-07-10,14:49:00,2025-07-31,5.65,5.85,5.65,5.85,175,12950,0
BANKNIFTY31JUL2548600PE.NFO,2025-07-10,14:50:00,2025-07-31,5.85,5.85,5.65,5.65,735,12950,0
BANKNIFTY31JUL2548600PE.NFO,2025-07-10,14:51:00,2025-07-31,5.65,5.85,5.65,5.85,105,12950,0
BANKNIFTY31JUL2548600PE.NFO,2025-07-10,14:52:00,2025-07-31,5.85,5.85,5.55,5.7,455,12985,0
BANKNIFTY31JUL2548600PE.NFO,2025-07-10,14:53:00,2025-07-31,5.7,5.7,5.7,5.7,0,12985,0
BANKNIFTY31JUL2548600PE.NFO,2025-07-10,14:54:00,2025-07-31,5.7,5.7,5.7,5.7,0,12985,1
BANKNIFTY31JUL2548600PE.NFO,2025-07-10,14:55:00,2025-07-31,5.65,5.65,5.6,5.6,210,12985,0
BANKNIFTY31JUL2548600PE.NFO,2025-07-10,14:56:00,2025-07-31,5.6,5.6,5.6,5.6,455,13055,0
BANKNIFTY31JUL2548600PE.NFO,2025-07-10,14:57:00,2025-07-31,5.6,5.6,5.6,5.6,350,13055,0
BANKNIFTY31JUL2548600PE.NFO,2025-07-10,14:58:00,2025-07-31,5.6,5.6,5.6,5.6,0,13055,0
BANKNIFTY31JUL2548600PE.NFO,2025-07-10,14:59:00,2025-07-31,5.6,5.95,5.6,5.95,35,13860,0
BANKNIFTY31JUL2548600PE.NFO,2025-07-10,15:00:00,2025-07-31,5.95,5.95,5.6,5.6,210,13860,0
BANKNIFTY31JUL2548600PE.NFO,2025-07-10,15:01:00,2025-07-31,5.6,5.6,5.6,5.6,0,13860,0
BANKNIFTY31JUL2548600PE.NFO,2025-07-10,15:02:00,2025-07-31,5.6,5.6,5.6,5.6,0,13860,0
BANKNIFTY31JUL2548600PE.NFO,2025-07-10,15:03:00,2025-07-31,5.6,5.6,5.6,5.6,0,13860,0
BANKNIFTY31JUL2548600PE.NFO,2025-07-10,15:04:00,2025-07-31,5.6,5.6,5.6,5.6,0,13860,1
BANKNIFTY31JUL2548600PE.NFO,2025-07-10,15:05:00,2025-07-31,5.9,5.9,5.9,5.9,175,14000,0
BANKNIFTY31JUL2548600PE.NFO,2025-07-10,15:06:00,2025-07-31,5.9,5.9,5.9,5.9,0,14000,0
BANKNIFTY31JUL2548600PE.NFO,2025-07-10,15:07:00,2025-07-31,5.9,5.9,5.9,5.9,0,14000,1
BANKNIFTY31JUL2548600PE.NFO,2025-07-10,15:08:00,2025-07-31,5.9,5.9,5.9,5.9,0,14000,0
BANKNIFTY31JUL2548600PE.NFO,2025-07-10,15:09:00,2025-07-31,5.9,5.9,5.9,5.9,0,14000,0
BANKNIFTY31JUL2548600PE.NFO,2025-07-10,15:10:00,2025-07-31,5.65,5.65,5.6,5.6,175,14035,0
BANKNIFTY31JUL2548600PE.NFO,2025-07-10,15:11:00,2025-07-31,5.6,5.6,5.6,5.6,0,14035,0
BANKNIFTY31JUL2548600PE.NFO,2025-07-10,15:12:00,2025-07-31,5.6,5.8,5.6,5.8,140,14105,0
BANKNIFTY31JUL2548600PE.NFO,2025-07-10,15:13:00,2025-07-31,5.8,5.8,4.7,4.9,385,14105,0
BANKNIFTY31JUL2548600PE.NFO,2025-07-10,15:14:00,2025-07-31,4.9,4.9,4.9,4.9,0,14105,0
BANKNIFTY31JUL2548600PE.NFO,2025-07-10,15:15:00,2025-07-31,4.9,4.9,4.9,4.9,0,14105,0
BANKNIFTY31JUL2548600PE.NFO,2025-07-10,15:16:00,2025-07-31,4.9,4.9,4.9,4.9,0,14105,0
BANKNIFTY31JUL2548600PE.NFO,2025-07-10,15:17:00,2025-07-31,4.9,5.6,4.9,5.6,140,14105,0
BANKNIFTY31JUL2548600PE.NFO,2025-07-10,15:18:00,2025-07-31,5.6,5.95,5.6,5.95,0,14105,0
BANKNIFTY31JUL2548600PE.NFO,2025-07-10,15:19:00,2025-07-31,5.95,5.95,5.95,5.95,140,14105,0
BANKNIFTY31JUL2548600PE.NFO,2025-07-10,15:20:00,2025-07-31,5.95,5.95,5.6,5.7,245,14035,0
BANKNIFTY31JUL2548600PE.NFO,2025-07-10,15:21:00,2025-07-31,5.7,5.7,5.7,5.7,35,14035,0
BANKNIFTY31JUL2548600PE.NFO,2025-07-10,15:22:00,2025-07-31,5.7,5.7,5.7,5.7,0,14035,0
BANKNIFTY31JUL2548600PE.NFO,2025-07-10,15:23:00,2025-07-31,5.7,5.7,5.7,5.7,0,14035,0
BANKNIFTY31JUL2548600PE.NFO,2025-07-10,15:24:00,2025-07-31,5.7,5.7,5.7,5.7,0,14035,1
BANKNIFTY31JUL2548600PE.NFO,2025-07-10,15:25:00,2025-07-31,5.7,5.75,5.5,5.5,210,13930,0
BANKNIFTY31JUL2548600PE.NFO,2025-07-10,15:26:00,2025-07-31,5.5,5.5,5.5,5.5,0,13930,0
BANKNIFTY31JUL2548600PE.NFO,2025-07-10,15:27:00,2025-07-31,5.5,5.5,5.5,5.5,0,13930,0
BANKNIFTY31JUL2548600PE.NFO,2025-07-10,15:28:00,2025-07-31,5.5,5.5,5.5,5.5,0,13930,0
BANKNIFTY31JUL2548600PE.NFO,2025-07-10,15:29:00,2025-07-31,5.5,5.5,5.5,5.5,0,13930,0
BANKNIFTY31JUL2548600PE.NFO,2025-07-10,15:30:00,2025-07-31,5.5,5.5,5.5,5.5,0,13930,1
BANKNIFTY31JUL2548600PE.NFO,2025-07-11,09:15:00,2025-07-31,5.65,5.65,5.65,5.65,0,0,0
BANKNIFTY31JUL2548600PE.NFO,2025-07-11,09:16:00,2025-07-31,5.65,5.65,5.65,5.65,0,13930,0
BANKNIFTY31JUL2548600PE.NFO,2025-07-11,09:17:00,2025-07-31,5.65,5.65,5.65,5.65,0,13930,0
BANKNIFTY31JUL2548600PE.NFO,2025-07-11,09:18:00,2025-07-31,5.65,5.65,5.65,5.65,0,13930,0
BANKNIFTY31JUL2548600PE.NFO,2025-07-11,09:19:00,2025-07-31,5.65,5.65,5.65,5.65,0,13930,0
BANKNIFTY31JUL2548600PE.NFO,2025-07-11,09:20:00,2025-07-31,5.65,5.65,5.65,5.65,0,13930,0
BANKNIFTY31JUL2548600PE.NFO,2025-07-11,09:21:00,2025-07-31,5.65,5.65,5.1,5.1,70,13965,0
BANKNIFTY31JUL2548600PE.NFO,2025-07-11,09:22:00,2025-07-31,5.1,5.1,5.1,5.1,0,13965,0
BANKNIFTY31JUL2548600PE.NFO,2025-07-11,09:23:00,2025-07-31,5.1,5.7,5.1,5.7,70,13965,0
BANKNIFTY31JUL2548600PE.NFO,2025-07-11,09:24:00,2025-07-31,5.7,5.7,5.7,5.7,0,13965,0
BANKNIFTY31JUL2548600PE.NFO,2025-07-11,09:25:00,2025-07-31,5.7,5.7,4.5,5.35,210,13965,0
BANKNIFTY31JUL2548600PE.NFO,2025-07-11,09:26:00,2025-07-31,5.35,5.35,5.35,5.35,280,13965,0
BANKNIFTY31JUL2548600PE.NFO,2025-07-11,09:27:00,2025-07-31,5.35,5.35,5.35,5.35,0,13965,0
BANKNIFTY31JUL2548600PE.NFO,2025-07-11,09:28:00,2025-07-31,5.35,5.35,5.35,5.35,0,13965,0
BANKNIFTY31JUL2548600PE.NFO,2025-07-11,09:29:00,2025-07-31,5.35,5.35,5.35,5.35,0,13965,0
BANKNIFTY31JUL2548600PE.NFO,2025-07-11,09:30:00,2025-07-31,5.35,5.35,5.35,5.35,0,13965,0
BANKNIFTY31JUL2548600PE.NFO,2025-07-11,09:31:00,2025-07-31,5.35,5.35,5.35,5.35,0,13965,0
BANKNIFTY31JUL2548600PE.NFO,2025-07-11,09:32:00,2025-07-31,5.35,5.35,5.35,5.35,0,13965,0
BANKNIFTY31JUL2548600PE.NFO,2025-07-11,09:33:00,2025-07-31,5.35,5.35,5.35,5.35,0,13965,0
BANKNIFTY31JUL2548600PE.NFO,2025-07-11,09:34:00,2025-07-31,5.35,5.35,5.35,5.35,0,13965,0
BANKNIFTY31JUL2548600PE.NFO,2025-07-11,09:35:00,2025-07-31,5.35,5.35,5.35,5.35,0,13965,0
BANKNIFTY31JUL2548600PE.NFO,2025-07-11,09:36:00,2025-07-31,5.3,5.3,5.3,5.3,70,14175,0
BANKNIFTY31JUL2548600PE.NFO,2025-07-11,09:37:00,2025-07-31,5.3,5.3,5.3,5.3,0,14175,0
BANKNIFTY31JUL2548600PE.NFO,2025-07-11,09:38:00,2025-07-31,5.3,5.3,5.3,5.3,0,14175,0
BANKNIFTY31JUL2548600PE.NFO,2025-07-11,09:39:00,2025-07-31,5.3,5.3,5.3,5.3,0,14175,0
BANKNIFTY31JUL2548600PE.NFO,2025-07-11,09:40:00,2025-07-31,5.3,5.3,5.3,5.3,0,14175,0
BANKNIFTY31JUL2548600PE.NFO,2025-07-11,09:41:00,2025-07-31,5.3,5.3,5.3,5.3,0,14175,0
BANKNIFTY31JUL2548600PE.NFO,2025-07-11,09:42:00,2025-07-31,5.3,5.6,5.3,5.6,70,14175,0
BANKNIFTY31JUL2548600PE.NFO,2025-07-11,09:43:00,2025-07-31,5.6,5.6,5.6,5.6,70,14175,0
BANKNIFTY31JUL2548600PE.NFO,2025-07-11,09:44:00,2025-07-31,5.6,5.6,5.6,5.6,0,14175,0
BANKNIFTY31JUL2548600PE.NFO,2025-07-11,09:45:00,2025-07-31,5.6,5.6,5.6,5.6,0,14175,0
BANKNIFTY31JUL2548600PE.NFO,2025-07-11,09:46:00,2025-07-31,5.6,5.6,5.6,5.6,0,14175,0
BANKNIFTY31JUL2548600PE.NFO,2025-07-11,09:47:00,2025-07-31,5.6,5.6,5.6,5.6,0,14175,0
BANKNIFTY31JUL2548600PE.NFO,2025-07-11,09:48:00,2025-07-31,5.6,5.6,5.6,5.6,0,14175,1
BANKNIFTY31JUL2548600PE.NFO,2025-07-11,09:49:00,2025-07-31,5.6,5.6,5.6,5.6,0,14175,0
BANKNIFTY31JUL2548600PE.NFO,2025-07-11,09:50:00,2025-07-31,5.6,5.6,5.6,5.6,0,14175,0
BANKNIFTY31JUL2548600PE.NFO,2025-07-11,09:51:00,2025-07-31,5.6,5.6,5.6,5.6,0,14175,0
BANKNIFTY31JUL2548600PE.NFO,2025-07-11,09:52:00,2025-07-31,5.6,5.6,5.6,5.6,0,14175,0
BANKNIFTY31JUL2548600PE.NFO,2025-07-11,09:53:00,2025-07-31,5.6,5.6,5.6,5.6,0,14175,1
BANKNIFTY31JUL2548600PE.NFO,2025-07-11,09:54:00,2025-07-31,5.6,5.6,5.6,5.6,0,14175,1
BANKNIFTY31JUL2548600PE.NFO,2025-07-11,09:55:00,2025-07-31,5.6,5.6,5.6,5.6,0,14175,0
BANKNIFTY31JUL2548600PE.NFO,2025-07-11,09:56:00,2025-07-31,5.6,5.6,5.6,5.6,0,14175,0
BANKNIFTY31JUL2548600PE.NFO,2025-07-11,09:57:00,2025-07-31,5.6,5.6,5.35,5.35,70,14175,0
BANKNIFTY31JUL2548600PE.NFO,2025-07-11,09:58:00,2025-07-31,5.35,5.5,5.35,5.5,280,14175,0
BANKNIFTY31JUL2548600PE.NFO,2025-07-11,09:59:00,2025-07-31,5.5,5.5,5.5,5.5,0,14175,0
BANKNIFTY31JUL2548600PE.NFO,2025-07-11,10:00:00,2025-07-31,5.5,5.5,5.5,5.5,0,14175,0
BANKNIFTY31JUL2548600PE.NFO,2025-07-11,10:01:00,2025-07-31,5.5,5.5,5.5,5.5,0,14175,0
BANKNIFTY31JUL2548600PE.NFO,2025-07-11,10:02:00,2025-07-31,5.5,5.5,5.5,5.5,0,14175,0
BANKNIFTY31JUL2548600PE.NFO,2025-07-11,10:03:00,2025-07-31,5.5,5.5,5.5,5.5,0,14175,1
BANKNIFTY31JUL2548600PE.NFO,2025-07-11,10:04:00,2025-07-31,5.5,5.5,5.5,5.5,0,14175,1
BANKNIFTY31JUL2548600PE.NFO,2025-07-11,10:05:00,2025-07-31,5.5,5.5,5.5,5.5,0,14175,0
BANKNIFTY31JUL2548600PE.NFO,2025-07-11,10:06:00,2025-07-31,5.5,5.5,5.5,5.5,0,14175,0
BANKNIFTY31JUL2548600PE.NFO,2025-07-11,10:07:00,2025-07-31,5.5,5.5,5.5,5.5,0,14175,0
BANKNIFTY31JUL2548600PE.NFO,2025-07-11,10:08:00,2025-07-31,5.5,5.5,5.5,5.5,0,14175,0
BANKNIFTY31JUL2548600PE.NFO,2025-07-11,10:09:00,2025-07-31,5.3,5.3,5.3,5.3,35,14175,0
BANKNIFTY31JUL2548600PE.NFO,2025-07-11,10:10:00,2025-07-31,5.3,5.3,5.3,5.3,0,14175,0
BANKNIFTY31JUL2548600PE.NFO,2025-07-11,10:11:00,2025-07-31,5.3,5.3,5.3,5.3,0,14175,0
BANKNIFTY31JUL2548600PE.NFO,2025-07-11,10:12:00,2025-07-31,5.3,5.3,5.3,5.3,0,14175,0
BANKNIFTY31JUL2548600PE.NFO,2025-07-11,10:13:00,2025-07-31,5.3,5.3,5.3,5.3,0,14175,0
BANKNIFTY31JUL2548600PE.NFO,2025-07-11,10:14:00,2025-07-31,5.3,5.3,5.3,5.3,0,14175,0
BANKNIFTY31JUL2548600PE.NFO,2025-07-11,10:15:00,2025-07-31,5.3,5.3,5.3,5.3,0,14175,1
BANKNIFTY31JUL2548600PE.NFO,2025-07-11,10:16:00,2025-07-31,4.9,4.9,4.9,4.9,210,14175,0
BANKNIFTY31JUL2548600PE.NFO,2025-07-11,10:17:00,2025-07-31,4.9,4.9,4.9,4.9,0,14175,0
BANKNIFTY31JUL2548600PE.NFO,2025-07-11,10:18:00,2025-07-31,4.95,4.95,4.95,4.95,210,14175,0
BANKNIFTY31JUL2548600PE.NFO,2025-07-11,10:19:00,2025-07-31,4.95,4.95,4.95,4.95,0,14175,0
BANKNIFTY31JUL2548600PE.NFO,2025-07-11,10:20:00,2025-07-31,4.95,5.3,4.95,5.3,35,14175,0
BANKNIFTY31JUL2548600PE.NFO,2025-07-11,10:21:00,2025-07-31,5.3,5.3,5.3,5.3,0,14175,0
BANKNIFTY31JUL2548600PE.NFO,2025-07-11,10:22:00,2025-07-31,5.3,5.3,5.3,5.3,0,14175,0
BANKNIFTY31JUL2548600PE.NFO,2025-07-11,10:23:00,2025-07-31,5.3,5.3,5.3,5.3,0,14175,0
BANKNIFTY31JUL2548600PE.NFO,2025-07-11,10:24:00,2025-07-31,5.3,5.3,5.3,5.3,0,14175,0
BANKNIFTY31JUL2548600PE.NFO,2025-07-11,10:25:00,2025-07-31,5.75,5.8,5.75,5.8,140,14140,0
BANKNIFTY31JUL2548600PE.NFO,2025-07-11,10:26:00,2025-07-31,5.8,5.9,5.8,5.9,140,14140,0
BANKNIFTY31JUL2548600PE.NFO,2025-07-11,10:27:00,2025-07-31,5.9,5.9,5.85,5.85,70,14140,0
BANKNIFTY31JUL2548600PE.NFO,2025-07-11,10:28:00,2025-07-31,5.85,5.85,5.85,5.85,35,14140,0
BANKNIFTY31JUL2548600PE.NFO,2025-07-11,10:29:00,2025-07-31,5.85,5.85,5.7,5.7,70,14140,0
BANKNIFTY31JUL2548600PE.NFO,2025-07-11,10:30:00,2025-07-31,5.7,5.85,5.2,5.85,245,14210,0
BANKNIFTY31JUL2548600PE.NFO,2025-07-11,10:31:00,2025-07-31,5.85,5.85,5.85,5.85,0,14210,0
BANKNIFTY31JUL2548600PE.NFO,2025-07-11,10:32:00,2025-07-31,5.85,5.85,5.4,5.4,35,14210,0
BANKNIFTY31JUL2548600PE.NFO,2025-07-11,10:33:00,2025-07-31,5.4,5.4,5.4,5.4,0,14210,0
BANKNIFTY31JUL2548600PE.NFO,2025-07-11,10:34:00,2025-07-31,5.4,5.4,5.4,5.4,0,14210,1
BANKNIFTY31JUL2548600PE.NFO,2025-07-11,10:35:00,2025-07-31,5.4,5.7,5.4,5.7,35,14175,0
BANKNIFTY31JUL2548600PE.NFO,2025-07-11,10:36:00,2025-07-31,5.7,5.7,5.7,5.7,0,14175,0
BANKNIFTY31JUL2548600PE.NFO,2025-07-11,10:37:00,2025-07-31,5.7,5.7,5.7,5.7,0,14175,0
BANKNIFTY31JUL2548600PE.NFO,2025-07-11,10:38:00,2025-07-31,5.7,5.7,5.7,5.7,0,14175,0
BANKNIFTY31JUL2548600PE.NFO,2025-07-11,10:39:00,2025-07-31,5.7,5.7,5.7,5.7,0,14175,1
BANKNIFTY31JUL2548600PE.NFO,2025-07-11,10:40:00,2025-07-31,5.7,5.7,5.7,5.7,0,14175,0
BANKNIFTY31JUL2548600PE.NFO,2025-07-11,10:41:00,2025-07-31,5.7,5.7,5.7,5.7,0,14175,0
BANKNIFTY31JUL2548600PE.NFO,2025-07-11,10:42:00,2025-07-31,5.7,5.7,5.7,5.7,0,14175,0
BANKNIFTY31JUL2548600PE.NFO,2025-07-11,10:43:00,2025-07-31,5.7,5.7,5.7,5.7,0,14175,1
BANKNIFTY31JUL2548600PE.NFO,2025-07-11,10:44:00,2025-07-31,5.7,5.7,5.7,5.7,0,14175,0
BANKNIFTY31JUL2548600PE.NFO,2025-07-11,10:45:00,2025-07-31,5.7,5.7,5.7,5.7,0,14175,0
BANKNIFTY31JUL2548600PE.NFO,2025-07-11,10:46:00,2025-07-31,5.65,5.65,5.65,5.65,70,14175,0
BANKNIFTY31JUL2548600PE.NFO,2025-07-11,10:47:00,2025-07-31,5.65,5.65,5.65,5.65,0,14175,0
BANKNIFTY31JUL2548600PE.NFO,2025-07-11,10:48:00,2025-07-31,5.65,5.65,5.65,5.65,0,14175,0
BANKNIFTY31JUL2548600PE.NFO,2025-07-11,10:49:00,2025-07-31,5.65,5.65,5.65,5.65,0,14175,0
BANKNIFTY31JUL2548600PE.NFO,2025-07-11,10:50:00,2025-07-31,5.65,5.65,5.65,5.65,0,14175,0
BANKNIFTY31JUL2548600PE.NFO,2025-07-11,10:51:00,2025-07-31,5.65,5.65,5.3,5.3,0,14175,0
BANKNIFTY31JUL2548600PE.NFO,2025-07-11,10:52:00,2025-07-31,5.3,5.3,5.3,5.3,140,14175,0
BANKNIFTY31JUL2548600PE.NFO,2025-07-11,10:53:00,2025-07-31,5.75,5.75,5.75,5.75,35,14175,0
BANKNIFTY31JUL2548600PE.NFO,2025-07-11,10:54:00,2025-07-31,5.75,5.75,5.75,5.75,0,14175,0
BANKNIFTY31JUL2548600PE.NFO,2025-07-11,10:55:00,2025-07-31,5.75,5.75,5.75,5.75,0,14175,0
BANKNIFTY31JUL2548600PE.NFO,2025-07-11,10:56:00,2025-07-31,5.75,5.75,5.75,5.75,0,14175,1
BANKNIFTY31JUL2548600PE.NFO,2025-07-11,10:57:00,2025-07-31,5.75,5.75,5.75,5.75,0,14175,0
BANKNIFTY31JUL2548600PE.NFO,2025-07-11,10:58:00,2025-07-31,5.65,5.65,5.65,5.65,70,14175,0
BANKNIFTY31JUL2548600PE.NFO,2025-07-11,10:59:00,2025-07-31,5.65,5.65,5.65,5.65,0,14175,0
BANKNIFTY31JUL2548600PE.NFO,2025-07-11,11:00:00,2025-07-31,5.65,5.65,5.65,5.65,0,14175,0
BANKNIFTY31JUL2548600PE.NFO,2025-07-11,11:01:00,2025-07-31,5.65,5.65,5.65,5.65,0,14175,0
BANKNIFTY31JUL2548600PE.NFO,2025-07-11,11:02:00,2025-07-31,5.1,5.1,5.1,5.1,210,14175,0
BANKNIFTY31JUL2548600PE.NFO,2025-07-11,11:03:00,2025-07-31,5.1,5.1,5.1,5.1,0,14175,0
BANKNIFTY31JUL2548600PE.NFO,2025-07-11,11:04:00,2025-07-31,5.1,5.1,5.1,5.1,0,14175,0
BANKNIFTY31JUL2548600PE.NFO,2025-07-11,11:05:00,2025-07-31,5.1,5.1,5.1,5.1,0,14175,0
BANKNIFTY31JUL2548600PE.NFO,2025-07-11,11:06:00,2025-07-31,5.1,5.1,5.1,5.1,0,14175,1
BANKNIFTY31JUL2548600PE.NFO,2025-07-11,11:07:00,2025-07-31,5.1,5.1,5.1,5.1,0,14175,0
BANKNIFTY31JUL2548600PE.NFO,2025-07-11,11:08:00,2025-07-31,5.1,5.1,5.1,5.1,0,14175,0
BANKNIFTY31JUL2548600PE.NFO,2025-07-11,11:09:00,2025-07-31,5.1,5.1,5.1,5.1,0,14175,0
BANKNIFTY31JUL2548600PE.NFO,2025-07-11,11:10:00,2025-07-31,5.1,5.1,5.1,5.1,0,14175,0
BANKNIFTY31JUL2548600PE.NFO,2025-07-11,11:11:00,2025-07-31,5.1,5.1,5.1,5.1,0,14175,0
BANKNIFTY31JUL2548600PE.NFO,2025-07-11,11:12:00,2025-07-31,5.1,5.1,5.1,5.1,0,14175,1
BANKNIFTY31JUL2548600PE.NFO,2025-07-11,11:13:00,2025-07-31,5.1,5.1,5.1,5.1,0,14175,1
BANKNIFTY31JUL2548600PE.NFO,2025-07-11,11:14:00,2025-07-31,5.1,6.05,5.1,6.05,140,14175,0
BANKNIFTY31JUL2548600PE.NFO,2025-07-11,11:15:00,2025-07-31,6.05,6.05,6.05,6.05,0,14175,0
BANKNIFTY31JUL2548600PE.NFO,2025-07-11,11:16:00,2025-07-31,6.05,6.05,6.05,6.05,0,14175,0
BANKNIFTY31JUL2548600PE.NFO,2025-07-11,11:17:00,2025-07-31,6.05,6.05,6.05,6.05,0,14175,0
BANKNIFTY31JUL2548600PE.NFO,2025-07-11,11:18:00,2025-07-31,6.05,6.05,6.05,6.05,0,14175,0
BANKNIFTY31JUL2548600PE.NFO,2025-07-11,11:19:00,2025-07-31,6.05,6.05,6.05,6.05,0,14175,0
BANKNIFTY31JUL2548600PE.NFO,2025-07-11,11:20:00,2025-07-31,6.05,6.05,6.05,6.05,0,14175,0
BANKNIFTY31JUL2548600PE.NFO,2025-07-11,11:21:00,2025-07-31,6.05,6.05,6.05,6.05,0,14175,0
BANKNIFTY31JUL2548600PE.NFO,2025-07-11,11:22:00,2025-07-31,6.05,6.05,6.05,6.05,0,14175,0
BANKNIFTY31JUL2548600PE.NFO,2025-07-11,11:23:00,2025-07-31,6.05,6.05,6.05,6.05,0,14175,0
BANKNIFTY31JUL2548600PE.NFO,2025-07-11,11:24:00,2025-07-31,6.05,6.05,6.05,6.05,0,14175,0
BANKNIFTY31JUL2548600PE.NFO,2025-07-11,11:25:00,2025-07-31,6.05,6.15,6.05,6.15,70,14315,0
BANKNIFTY31JUL2548600PE.NFO,2025-07-11,11:26:00,2025-07-31,6.15,6.15,6.15,6.15,0,14315,0
BANKNIFTY31JUL2548600PE.NFO,2025-07-11,11:27:00,2025-07-31,6.15,6.15,6.15,6.15,0,14315,0
BANKNIFTY31JUL2548600PE.NFO,2025-07-11,11:28:00,2025-07-31,6.15,6.15,5.25,5.25,210,14350,0
BANKNIFTY31JUL2548600PE.NFO,2025-07-11,11:29:00,2025-07-31,5.25,5.25,5.25,5.25,0,14350,0
BANKNIFTY31JUL2548600PE.NFO,2025-07-11,11:30:00,2025-07-31,5.25,5.25,5.25,5.25,0,14350,0
BANKNIFTY31JUL2548600PE.NFO,2025-07-11,11:31:00,2025-07-31,5.25,5.25,5.25,5.25,0,14350,0
BANKNIFTY31JUL2548600PE.NFO,2025-07-11,11:32:00,2025-07-31,5.25,5.25,5.25,5.25,0,14350,0
BANKNIFTY31JUL2548600PE.NFO,2025-07-11,11:33:00,2025-07-31,5.25,6.15,5.25,6.15,245,14350,0
BANKNIFTY31JUL2548600PE.NFO,2025-07-11,11:34:00,2025-07-31,6.15,6.15,6.15,6.15,0,14350,0
BANKNIFTY31JUL2548600PE.NFO,2025-07-11,11:35:00,2025-07-31,6.15,6.15,6.15,6.15,0,14350,0
BANKNIFTY31JUL2548600PE.NFO,2025-07-11,11:36:00,2025-07-31,6.15,6.15,6.15,6.15,35,14350,0
BANKNIFTY31JUL2548600PE.NFO,2025-07-11,11:37:00,2025-07-31,6.15,6.15,6.15,6.15,0,14350,0
BANKNIFTY31JUL2548600PE.NFO,2025-07-11,11:38:00,2025-07-31,6.15,6.15,6.15,6.15,0,14350,1
BANKNIFTY31JUL2548600PE.NFO,2025-07-11,11:39:00,2025-07-31,6.15,6.15,6.15,6.15,0,14350,0
BANKNIFTY31JUL2548600PE.NFO,2025-07-11,11:40:00,2025-07-31,6.15,6.15,6.15,6.15,0,14350,0
BANKNIFTY31JUL2548600PE.NFO,2025-07-11,11:41:00,2025-07-31,6.15,6.15,6.15,6.15,0,14350,0
BANKNIFTY31JUL2548600PE.NFO,2025-07-11,11:42:00,2025-07-31,6.15,6.15,6.15,6.15,0,14350,0
BANKNIFTY31JUL2548600PE.NFO,2025-07-11,11:43:00,2025-07-31,6.15,6.15,6.15,6.15,0,14350,0
BANKNIFTY31JUL2548600PE.NFO,2025-07-11,11:44:00,2025-07-31,6.15,6.15,6.15,6.15,0,14350,0
BANKNIFTY31JUL2548600PE.NFO,2025-07-11,11:45:00,2025-07-31,6.15,6.15,6.15,6.15,0,14350,0
BANKNIFTY31JUL2548600PE.NFO,2025-07-11,11:46:00,2025-07-31,6.15,6.15,6.15,6.15,0,14350,0
BANKNIFTY31JUL2548600PE.NFO,2025-07-11,11:47:00,2025-07-31,6.15,6.15,6.15,6.15,0,14350,0
BANKNIFTY31JUL2548600PE.NFO,2025-07-11,11:48:00,2025-07-31,6.15,6.15,6.15,6.15,0,14350,0
BANKNIFTY31JUL2548600PE.NFO,2025-07-11,11:49:00,2025-07-31,6.15,6.15,6.15,6.15,0,14350,0
BANKNIFTY31JUL2548600PE.NFO,2025-07-11,11:50:00,2025-07-31,6.15,6.15,6.15,6.15,0,14350,0
BANKNIFTY31JUL2548600PE.NFO,2025-07-11,11:51:00,2025-07-31,6.15,6.15,6.15,6.15,0,14350,0
BANKNIFTY31JUL2548600PE.NFO,2025-07-11,11:52:00,2025-07-31,6.15,6.15,6.15,6.15,0,14350,0
BANKNIFTY31JUL2548600PE.NFO,2025-07-11,11:53:00,2025-07-31,6.15,6.15,6.15,6.15,0,14350,1
BANKNIFTY31JUL2548600PE.NFO,2025-07-11,11:54:00,2025-07-31,6.15,6.15,6.15,6.15,0,14350,0
BANKNIFTY31JUL2548600PE.NFO,2025-07-11,11:55:00,2025-07-31,6.15,6.15,6.15,6.15,0,14350,1
BANKNIFTY31JUL2548600PE.NFO,2025-07-11,11:56:00,2025-07-31,6.15,6.15,6.15,6.15,0,14350,1
BANKNIFTY31JUL2548600PE.NFO,2025-07-11,11:57:00,2025-07-31,6.15,6.15,6.15,6.15,0,14350,1
BANKNIFTY31JUL2548600PE.NFO,2025-07-11,11:58:00,2025-07-31,6.15,6.15,6.15,6.15,0,14350,0
BANKNIFTY31JUL2548600PE.NFO,2025-07-11,11:59:00,2025-07-31,6.15,6.15,6.15,6.15,0,14350,0
BANKNIFTY31JUL2548600PE.NFO,2025-07-11,12:00:00,2025-07-31,6.15,6.15,6.15,6.15,0,14350,1
BANKNIFTY31JUL2548600PE.NFO,2025-07-11,12:01:00,2025-07-31,6.15,6.15,6.15,6.15,0,14350,0
BANKNIFTY31JUL2548600PE.NFO,2025-07-11,12:02:00,2025-07-31,6.15,6.15,6.15,6.15,0,14350,0
BANKNIFTY31JUL2548600PE.NFO,2025-07-11,12:03:00,2025-07-31,6.15,6.15,6.15,6.15,0,14350,0
BANKNIFTY31JUL2548600PE.NFO,2025-07-11,12:04:00,2025-07-31,6.15,6.15,6.15,6.15,0,14350,0
BANKNIFTY31JUL2548600PE.NFO,2025-07-11,12:05:00,2025-07-31,6.15,6.15,6.15,6.15,0,14350,0
BANKNIFTY31JUL2548600PE.NFO,2025-07-11,12:06:00,2025-07-31,6.15,6.15,6.15,6.15,0,14350,0
BANKNIFTY31JUL2548600PE.NFO,2025-07-11,12:07:00,2025-07-31,6.15,6.15,6.15,6.15,0,14350,0
BANKNIFTY31JUL2548600PE.NFO,2025-07-11,12:08:00,2025-07-31,6.15,6.15,6.15,6.15,0,14350,0
BANKNIFTY31JUL2548600PE.NFO,2025-07-11,12:09:00,2025-07-31,6.15,6.15,6.15,6.15,0,14350,1
BANKNIFTY31JUL2548600PE.NFO,2025-07-11,12:10:00,2025-07-31,6.15,6.15,6.15,6.15,0,14350,0
BANKNIFTY31JUL2548600PE.NFO,2025-07-11,12:11:00,2025-07-31,6.15,6.15,6.15,6.15,0,14350,0
BANKNIFTY31JUL2548600PE.NFO,2025-07-11,12:12:00,2025-07-31,6.15,6.15,6.15,6.15,0,14350,0
BANKNIFTY31JUL2548600PE.NFO,2025-07-11,12:13:00,2025-07-31,6.15,6.15,6.15,6.15,0,14350,0
BANKNIFTY31JUL2548600PE.NFO,2025-07-11,12:14:00,2025-07-31,6.15,6.15,6.15,6.15,0,14350,0
BANKNIFTY31JUL2548600PE.NFO,2025-07-11,12:15:00,2025-07-31,6.15,6.15,6.15,6.15,0,14350,0
BANKNIFTY31JUL2548600PE.NFO,2025-07-11,12:16:00,2025-07-31,6.15,6.15,6.15,6.15,0,14350,0
BANKNIFTY31JUL2548600PE.NFO,2025-07-11,12:17:00,2025-07-31,6.15,6.15,6.15,6.15,0,14350,0
BANKNIFTY31JUL2548600PE.NFO,2025-07-11,12:18:00,2025-07-31,6.15,6.15,6.15,6.15,0,14350,0
BANKNIFTY31JUL2548600PE.NFO,2025-07-11,12:19:00,2025-07-31,6.15,6.15,6.15,6.15,0,14350,0
BANKNIFTY31JUL2548600PE.NFO,2025-07-11,12:20:00,2025-07-31,6.15,6.15,6.15,6.15,0,14350,0
BANKNIFTY31JUL2548600PE.NFO,2025-07-11,12:21:00,2025-07-31,6.15,6.15,6.15,6.15,0,14350,0
BANKNIFTY31JUL2548600PE.NFO,2025-07-11,12:22:00,2025-07-31,6.15,6.15,6.15,6.15,0,14350,0
BANKNIFTY31JUL2548600PE.NFO,2025-07-11,12:23:00,2025-07-31,6.15,6.15,6.15,6.15,0,14350,0
BANKNIFTY31JUL2548600PE.NFO,2025-07-11,12:24:00,2025-07-31,6.15,6.15,6.15,6.15,0,14350,0
BANKNIFTY31JUL2548600PE.NFO,2025-07-11,12:25:00,2025-07-31,6.15,6.15,6.15,6.15,0,14350,0
BANKNIFTY31JUL2548600PE.NFO,2025-07-11,12:26:00,2025-07-31,6.15,6.15,6.15,6.15,0,14350,0
BANKNIFTY31JUL2548600PE.NFO,2025-07-11,12:27:00,2025-07-31,6.15,6.15,6.15,6.15,0,14350,0
BANKNIFTY31JUL2548600PE.NFO,2025-07-11,12:28:00,2025-07-31,6.15,6.15,6.15,6.15,0,14350,0
BANKNIFTY31JUL2548600PE.NFO,2025-07-11,12:29:00,2025-07-31,6.15,6.15,6.15,6.15,0,14350,0
BANKNIFTY31JUL2548600PE.NFO,2025-07-11,12:30:00,2025-07-31,6.15,6.15,6.15,6.15,0,14350,1
BANKNIFTY31JUL2548600PE.NFO,2025-07-11,12:31:00,2025-07-31,6.15,6.15,6.15,6.15,0,14350,0
BANKNIFTY31JUL2548600PE.NFO,2025-07-11,12:32:00,2025-07-31,6.15,6.15,6.15,6.15,0,14350,1
BANKNIFTY31JUL2548600PE.NFO,2025-07-11,12:33:00,2025-07-31,6.15,6.15,6.15,6.15,0,14350,1
BANKNIFTY31JUL2548600PE.NFO,2025-07-11,12:34:00,2025-07-31,6.15,6.15,6.15,6.15,0,14350,0
BANKNIFTY31JUL2548600PE.NFO,2025-07-11,12:35:00,2025-07-31,6.15,6.15,6.15,6.15,0,14350,0
BANKNIFTY31JUL2548600PE.NFO,2025-07-11,12:36:00,2025-07-31,6.15,6.15,6.15,6.15,0,14350,0
BANKNIFTY31JUL2548600PE.NFO,2025-07-11,12:37:00,2025-07-31,6.15,6.15,5.95,5.95,70,14385,0
BANKNIFTY31JUL2548600PE.NFO,2025-07-11,12:38:00,2025-07-31,5.95,5.95,5.95,5.95,0,14385,0
BANKNIFTY31JUL2548600PE.NFO,2025-07-11,12:39:00,2025-07-31,5.95,5.95,5.95,5.95,0,14385,0
BANKNIFTY31JUL2548600PE.NFO,2025-07-11,12:40:00,2025-07-31,5.95,5.95,5.95,5.95,0,14385,0
BANKNIFTY31JUL2548600PE.NFO,2025-07-11,12:41:00,2025-07-31,5.95,5.95,5.95,5.95,0,14385,0
BANKNIFTY31JUL2548600PE.NFO,2025-07-11,12:42:00,2025-07-31,5.95,5.95,5.95,5.95,0,14385,0
BANKNIFTY31JUL2548600PE.NFO,2025-07-11,12:43:00,2025-07-31,5.95,5.95,5.95,5.95,0,14385,1
BANKNIFTY31JUL2548600PE.NFO,2025-07-11,12:44:00,2025-07-31,5.95,5.95,5.95,5.95,0,14385,1
BANKNIFTY31JUL2548600PE.NFO,2025-07-11,12:45:00,2025-07-31,5.95,5.95,5.95,5.95,0,14385,1
BANKNIFTY31JUL2548600PE.NFO,2025-07-11,12:46:00,2025-07-31,5.95,5.95,5.95,5.95,0,14385,0
BANKNIFTY31JUL2548600PE.NFO,2025-07-11,12:47:00,2025-07-31,5.95,5.95,5.95,5.95,0,14385,0
BANKNIFTY31JUL2548600PE.NFO,2025-07-11,12:48:00,2025-07-31,5.95,5.95,5.95,5.95,0,14385,1
BANKNIFTY31JUL2548600PE.NFO,2025-07-11,12:49:00,2025-07-31,5.95,5.95,5.95,5.95,0,14385,0
BANKNIFTY31JUL2548600PE.NFO,2025-07-11,12:50:00,2025-07-31,5.95,5.95,5.95,5.95,0,14385,1
BANKNIFTY31JUL2548600PE.NFO,2025-07-11,12:51:00,2025-07-31,5.95,5.95,5.95,5.95,0,14385,1
BANKNIFTY31JUL2548600PE.NFO,2025-07-11,12:52:00,2025-07-31,5.95,5.95,5.95,5.95,0,14385,1
BANKNIFTY31JUL2548600PE.NFO,2025-07-11,12:53:00,2025-07-31,5.95,5.95,5.95,5.95,0,14385,0
BANKNIFTY31JUL2548600PE.NFO,2025-07-11,12:54:00,2025-07-31,5.95,5.95,5.95,5.95,0,14385,0
BANKNIFTY31JUL2548600PE.NFO,2025-07-11,12:55:00,2025-07-31,5.95,5.95,5.95,5.95,0,14385,1
BANKNIFTY31JUL2548600PE.NFO,2025-07-11,12:56:00,2025-07-31,5.95,5.95,5.95,5.95,0,14385,1
BANKNIFTY31JUL2548600PE.NFO,2025-07-11,12:57:00,2025-07-31,5.95,5.95,5.95,5.95,0,14385,0
BANKNIFTY31JUL2548600PE.NFO,2025-07-11,12:58:00,2025-07-31,5.95,5.95,5.95,5.95,0,14385,0
BANKNIFTY31JUL2548600PE.NFO,2025-07-11,12:59:00,2025-07-31,5.95,5.95,5.95,5.95,0,14385,0
BANKNIFTY31JUL2548600PE.NFO,2025-07-11,13:00:00,2025-07-31,5.95,5.95,5.95,5.95,0,14385,0
BANKNIFTY31JUL2548600PE.NFO,2025-07-11,13:01:00,2025-07-31,5.95,5.95,5.95,5.95,0,14385,1
BANKNIFTY31JUL2548600PE.NFO,2025-07-11,13:02:00,2025-07-31,5.95,5.95,5.95,5.95,0,14385,0
BANKNIFTY31JUL2548600PE.NFO,2025-07-11,13:03:00,2025-07-31,5.95,5.95,5.95,5.95,0,14385,0
BANKNIFTY31JUL2548600PE.NFO,2025-07-11,13:04:00,2025-07-31,5.95,5.95,5.95,5.95,70,14385,0
BANKNIFTY31JUL2548600PE.NFO,2025-07-11,13:05:00,2025-07-31,5.95,5.95,5.95,5.95,0,14385,0
BANKNIFTY31JUL2548600PE.NFO,2025-07-11,13:06:00,2025-07-31,5.95,5.95,5.95,5.95,0,14385,1
BANKNIFTY31JUL2548600PE.NFO,2025-07-11,13:07:00,2025-07-31,5.95,5.95,5.95,5.95,0,14385,1
BANKNIFTY31JUL2548600PE.NFO,2025-07-11,13:08:00,2025-07-31,5.95,5.95,5.95,5.95,0,14385,1
BANKNIFTY31JUL2548600PE.NFO,2025-07-11,13:09:00,2025-07-31,5.95,5.95,5.95,5.95,0,14385,0
BANKNIFTY31JUL2548600PE.NFO,2025-07-11,13:10:00,2025-07-31,5.95,5.95,5.95,5.95,0,14385,0
BANKNIFTY31JUL2548600PE.NFO,2025-07-11,13:11:00,2025-07-31,5.95,5.95,5.95,5.95,0,14385,0
BANKNIFTY31JUL2548600PE.NFO,2025-07-11,13:12:00,2025-07-31,5.95,5.95,5.95,5.95,0,14385,0
BANKNIFTY31JUL2548600PE.NFO,2025-07-11,13:13:00,2025-07-31,5.95,5.95,5.95,5.95,0,14385,0
BANKNIFTY31JUL2548600PE.NFO,2025-07-11,13:14:00,2025-07-31,5.95,5.95,5.95,5.95,0,14385,0
BANKNIFTY31JUL2548600PE.NFO,2025-07-11,13:15:00,2025-07-31,5.95,5.95,5.95,5.95,0,14385,1
BANKNIFTY31JUL2548600PE.NFO,2025-07-11,13:16:00,2025-07-31,5.95,5.95,5.95,5.95,0,14385,1
BANKNIFTY31JUL2548600PE.NFO,2025-07-11,13:17:00,2025-07-31,5.95,5.95,5.95,5.95,0,14385,0
BANKNIFTY31JUL2548600PE.NFO,2025-07-11,13:18:00,2025-07-31,5.95,5.95,5.95,5.95,0,14385,1
BANKNIFTY31JUL2548600PE.NFO,2025-07-11,13:19:00,2025-07-31,5.95,5.95,5.95,5.95,0,14385,0
BANKNIFTY31JUL2548600PE.NFO,2025-07-11,13:20:00,2025-07-31,5.95,5.95,5.95,5.95,0,14385,1
BANKNIFTY31JUL2548600PE.NFO,2025-07-11,13:21:00,2025-07-31,5.95,5.95,5.95,5.95,0,14385,0
BANKNIFTY31JUL2548600PE.NFO,2025-07-11,13:22:00,2025-07-31,5.95,5.95,5.95,5.95,35,14455,0
BANKNIFTY31JUL2548600PE.NFO,2025-07-11,13:23:00,2025-07-31,5.95,5.95,5.95,5.95,35,14455,1
BANKNIFTY31JUL2548600PE.NFO,2025-07-11,13:24:00,2025-07-31,5.95,5.95,5.95,5.95,35,14455,1
BANKNIFTY31JUL2548600PE.NFO,2025-07-11,13:25:00,2025-07-31,5.4,5.4,5.4,5.4,35,14490,0
BANKNIFTY31JUL2548600PE.NFO,2025-07-11,13:26:00,2025-07-31,5.4,5.4,5.4,5.4,0,14490,0
BANKNIFTY31JUL2548600PE.NFO,2025-07-11,13:27:00,2025-07-31,5.4,5.4,5.4,5.4,0,14490,0
BANKNIFTY31JUL2548600PE.NFO,2025-07-11,13:28:00,2025-07-31,5.4,5.4,5.4,5.4,0,14490,1
BANKNIFTY31JUL2548600PE.NFO,2025-07-11,13:29:00,2025-07-31,5.4,5.4,5.4,5.4,0,14490,0
BANKNIFTY31JUL2548600PE.NFO,2025-07-11,13:30:00,2025-07-31,5.4,5.4,5.4,5.4,0,14490,0
BANKNIFTY31JUL2548600PE.NFO,2025-07-11,13:31:00,2025-07-31,5.4,5.4,5.4,5.4,0,14490,1
BANKNIFTY31JUL2548600PE.NFO,2025-07-11,13:32:00,2025-07-31,5.4,5.4,5.4,5.4,0,14490,1
BANKNIFTY31JUL2548600PE.NFO,2025-07-11,13:33:00,2025-07-31,5.4,5.4,5.4,5.4,0,14490,0
BANKNIFTY31JUL2548600PE.NFO,2025-07-11,13:34:00,2025-07-31,5.4,5.4,5.4,5.4,0,14490,0
BANKNIFTY31JUL2548600PE.NFO,2025-07-11,13:35:00,2025-07-31,5.4,5.4,5.4,5.4,0,14490,1
BANKNIFTY31JUL2548600PE.NFO,2025-07-11,13:36:00,2025-07-31,5.4,5.4,5.4,5.4,0,14490,1
BANKNIFTY31JUL2548600PE.NFO,2025-07-11,13:37:00,2025-07-31,5.4,5.4,5.4,5.4,0,14490,0
BANKNIFTY31JUL2548600PE.NFO,2025-07-11,13:38:00,2025-07-31,5.4,5.4,5.4,5.4,0,14490,1
BANKNIFTY31JUL2548600PE.NFO,2025-07-11,13:39:00,2025-07-31,5.4,5.4,5.4,5.4,0,14490,0
BANKNIFTY31JUL2548600PE.NFO,2025-07-11,13:40:00,2025-07-31,5.4,5.4,5.4,5.4,35,14525,0
BANKNIFTY31JUL2548600PE.NFO,2025-07-11,13:41:00,2025-07-31,5.4,5.4,5.4,5.4,0,14525,0
BANKNIFTY31JUL2548600PE.NFO,2025-07-11,13:42:00,2025-07-31,5.4,5.4,5.4,5.4,0,14525,0
BANKNIFTY31JUL2548600PE.NFO,2025-07-11,13:43:00,2025-07-31,5.4,5.4,5.4,5.4,0,14525,1
BANKNIFTY31JUL2548600PE.NFO,2025-07-11,13:44:00,2025-07-31,5.4,5.4,5.4,5.4,0,14525,1
BANKNIFTY31JUL2548600PE.NFO,2025-07-11,13:45:00,2025-07-31,5.4,5.4,5.4,5.4,0,14525,1
BANKNIFTY31JUL2548600PE.NFO,2025-07-11,13:46:00,2025-07-31,5.4,5.4,5.4,5.4,0,14525,1
BANKNIFTY31JUL2548600PE.NFO,2025-07-11,13:47:00,2025-07-31,5.4,5.4,5.4,5.4,0,14525,0
BANKNIFTY31JUL2548600PE.NFO,2025-07-11,13:48:00,2025-07-31,5.4,5.4,5.4,5.4,0,14525,0
BANKNIFTY31JUL2548600PE.NFO,2025-07-11,13:49:00,2025-07-31,5.4,5.4,5.4,5.4,0,14525,0
BANKNIFTY31JUL2548600PE.NFO,2025-07-11,13:50:00,2025-07-31,5.4,5.4,5.4,5.4,0,14525,0
BANKNIFTY31JUL2548600PE.NFO,2025-07-11,13:51:00,2025-07-31,5.4,5.4,5.4,5.4,0,14525,1
BANKNIFTY31JUL2548600PE.NFO,2025-07-11,13:52:00,2025-07-31,5.4,5.4,5.4,5.4,0,14525,0
BANKNIFTY31JUL2548600PE.NFO,2025-07-11,13:53:00,2025-07-31,5.4,5.4,5.4,5.4,0,14525,1
BANKNIFTY31JUL2548600PE.NFO,2025-07-11,13:54:00,2025-07-31,5.4,5.4,5.4,5.4,0,14525,0
BANKNIFTY31JUL2548600PE.NFO,2025-07-11,13:55:00,2025-07-31,5.4,5.4,5.4,5.4,0,14525,0
BANKNIFTY31JUL2548600PE.NFO,2025-07-11,13:56:00,2025-07-31,5.4,5.4,5.4,5.4,0,14525,0
BANKNIFTY31JUL2548600PE.NFO,2025-07-11,13:57:00,2025-07-31,5.4,5.4,5.4,5.4,0,14525,1
BANKNIFTY31JUL2548600PE.NFO,2025-07-11,13:58:00,2025-07-31,5.4,5.4,5.4,5.4,0,14525,0
BANKNIFTY31JUL2548600PE.NFO,2025-07-11,13:59:00,2025-07-31,5.4,5.4,5.4,5.4,0,14525,0
BANKNIFTY31JUL2548600PE.NFO,2025-07-11,14:00:00,2025-07-31,5.4,5.4,5.4,5.4,0,14525,1
BANKNIFTY31JUL2548600PE.NFO,2025-07-11,14:01:00,2025-07-31,5.4,5.4,5.4,5.4,0,14525,1
BANKNIFTY31JUL2548600PE.NFO,2025-07-11,14:02:00,2025-07-31,5.4,5.4,5.4,5.4,0,14525,0
BANKNIFTY31JUL2548600PE.NFO,2025-07-11,14:03:00,2025-07-31,5.4,5.4,5.4,5.4,0,14525,0
BANKNIFTY31JUL2548600PE.NFO,2025-07-11,14:04:00,2025-07-31,5.4,5.4,5.4,5.4,0,14525,0
BANKNIFTY31JUL2548600PE.NFO,2025-07-11,14:05:00,2025-07-31,5.4,5.4,5.4,5.4,0,14525,1
BANKNIFTY31JUL2548600PE.NFO,2025-07-11,14:06:00,2025-07-31,5.4,5.4,5.4,5.4,0,14525,1
BANKNIFTY31JUL2548600PE.NFO,2025-07-11,14:07:00,2025-07-31,5.4,5.4,5.4,5.4,0,14525,0
BANKNIFTY31JUL2548600PE.NFO,2025-07-11,14:08:00,2025-07-31,5.4,5.4,5.4,5.4,0,14525,1
BANKNIFTY31JUL2548600PE.NFO,2025-07-11,14:09:00,2025-07-31,5.4,5.4,5.4,5.4,0,14525,0
BANKNIFTY31JUL2548600PE.NFO,2025-07-11,14:10:00,2025-07-31,5.4,5.4,5.4,5.4,0,14525,0
BANKNIFTY31JUL2548600PE.NFO,2025-07-11,14:11:00,2025-07-31,5.4,5.4,5.4,5.4,0,14525,0
BANKNIFTY31JUL2548600PE.NFO,2025-07-11,14:12:00,2025-07-31,5.4,5.4,5.4,5.4,0,14525,0
BANKNIFTY31JUL2548600PE.NFO,2025-07-11,14:13:00,2025-07-31,5.4,5.4,5.4,5.4,0,14525,0
BANKNIFTY31JUL2548600PE.NFO,2025-07-11,14:14:00,2025-07-31,5.4,5.55,5.4,5.55,35,14490,0
BANKNIFTY31JUL2548600PE.NFO,2025-07-11,14:15:00,2025-07-31,5.55,5.55,5.55,5.55,35,14490,0
BANKNIFTY31JUL2548600PE.NFO,2025-07-11,14:16:00,2025-07-31,5.55,5.55,5.55,5.55,0,14490,0
BANKNIFTY31JUL2548600PE.NFO,2025-07-11,14:17:00,2025-07-31,5.55,5.55,5.55,5.55,0,14490,0
BANKNIFTY31JUL2548600PE.NFO,2025-07-11,14:18:00,2025-07-31,5.55,5.55,5.4,5.45,70,14455,0
BANKNIFTY31JUL2548600PE.NFO,2025-07-11,14:19:00,2025-07-31,5.45,5.45,5.45,5.45,70,14455,0
BANKNIFTY31JUL2548600PE.NFO,2025-07-11,14:20:00,2025-07-31,5.45,5.45,5.45,5.45,70,14455,1
BANKNIFTY31JUL2548600PE.NFO,2025-07-11,14:21:00,2025-07-31,5.4,5.4,5.4,5.4,70,14455,0
BANKNIFTY31JUL2548600PE.NFO,2025-07-11,14:22:00,2025-07-31,5.4,5.4,5.4,5.4,0,14455,0
BANKNIFTY31JUL2548600PE.NFO,2025-07-11,14:23:00,2025-07-31,5.4,5.4,5.4,5.4,0,14455,1
BANKNIFTY31JUL2548600PE.NFO,2025-07-11,14:24:00,2025-07-31,5.4,5.4,5.4,5.4,0,14455,1
BANKNIFTY31JUL2548600PE.NFO,2025-07-11,14:25:00,2025-07-31,5.4,5.4,5.4,5.4,0,14455,1
BANKNIFTY31JUL2548600PE.NFO,2025-07-11,14:26:00,2025-07-31,5.3,5.3,5.3,5.3,35,14455,0
BANKNIFTY31JUL2548600PE.NFO,2025-07-11,14:27:00,2025-07-31,5.3,5.45,5.15,5.45,315,14455,0
BANKNIFTY31JUL2548600PE.NFO,2025-07-11,14:28:00,2025-07-31,5.45,5.45,5.3,5.3,35,14455,0
BANKNIFTY31JUL2548600PE.NFO,2025-07-11,14:29:00,2025-07-31,5.3,5.3,5.3,5.3,0,14455,0
BANKNIFTY31JUL2548600PE.NFO,2025-07-11,14:30:00,2025-07-31,5.3,5.3,5.3,5.3,0,14455,0
BANKNIFTY31JUL2548600PE.NFO,2025-07-11,14:31:00,2025-07-31,5.3,5.3,5.3,5.3,0,14455,0
BANKNIFTY31JUL2548600PE.NFO,2025-07-11,14:32:00,2025-07-31,5.3,5.3,5.3,5.3,0,14455,1
BANKNIFTY31JUL2548600PE.NFO,2025-07-11,14:33:00,2025-07-31,5.3,5.3,5.3,5.3,0,14455,1
BANKNIFTY31JUL2548600PE.NFO,2025-07-11,14:34:00,2025-07-31,5.3,5.3,5.3,5.3,0,14455,1
BANKNIFTY31JUL2548600PE.NFO,2025-07-11,14:35:00,2025-07-31,5.3,5.3,5.3,5.3,0,14455,0
BANKNIFTY31JUL2548600PE.NFO,2025-07-11,14:36:00,2025-07-31,5.3,5.3,5.3,5.3,0,14455,0
BANKNIFTY31JUL2548600PE.NFO,2025-07-11,14:37:00,2025-07-31,5.3,5.3,5.3,5.3,0,14455,0
BANKNIFTY31JUL2548600PE.NFO,2025-07-11,14:38:00,2025-07-31,5.3,5.3,5.3,5.3,0,14455,1
BANKNIFTY31JUL2548600PE.NFO,2025-07-11,14:39:00,2025-07-31,5.3,5.3,5.3,5.3,0,14455,1
BANKNIFTY31JUL2548600PE.NFO,2025-07-11,14:40:00,2025-07-31,5.3,5.3,5.3,5.3,0,14455,1
BANKNIFTY31JUL2548600PE.NFO,2025-07-11,14:41:00,2025-07-31,5.3,5.3,5.3,5.3,0,14455,0
BANKNIFTY31JUL2548600PE.NFO,2025-07-11,14:42:00,2025-07-31,5.3,5.3,5.3,5.3,0,14455,1
BANKNIFTY31JUL2548600PE.NFO,2025-07-11,14:43:00,2025-07-31,5.3,5.3,5.3,5.3,0,14455,0
BANKNIFTY31JUL2548600PE.NFO,2025-07-11,14:44:00,2025-07-31,5.3,5.3,5.3,5.3,0,14455,1
BANKNIFTY31JUL2548600PE.NFO,2025-07-11,14:45:00,2025-07-31,5.3,5.3,5.3,5.3,0,14455,1
BANKNIFTY31JUL2548600PE.NFO,2025-07-11,14:46:00,2025-07-31,5.3,5.3,5.3,5.3,0,14455,0
BANKNIFTY31JUL2548600PE.NFO,2025-07-11,14:47:00,2025-07-31,5.3,5.3,5.3,5.3,0,14455,0
BANKNIFTY31JUL2548600PE.NFO,2025-07-11,14:48:00,2025-07-31,5.3,5.3,5.3,5.3,0,14455,1
BANKNIFTY31JUL2548600PE.NFO,2025-07-11,14:49:00,2025-07-31,5.3,5.3,5.3,5.3,0,14455,0
BANKNIFTY31JUL2548600PE.NFO,2025-07-11,14:50:00,2025-07-31,5.3,5.3,5.3,5.3,0,14455,0
BANKNIFTY31JUL2548600PE.NFO,2025-07-11,14:51:00,2025-07-31,5.3,5.3,5.3,5.3,0,14455,0
BANKNIFTY31JUL2548600PE.NFO,2025-07-11,14:52:00,2025-07-31,5.3,5.3,5.3,5.3,0,14455,1
BANKNIFTY31JUL2548600PE.NFO,2025-07-11,14:53:00,2025-07-31,5.3,5.3,5.3,5.3,0,14455,0
BANKNIFTY31JUL2548600PE.NFO,2025-07-11,14:54:00,2025-07-31,5.3,5.3,5.3,5.3,0,14455,1
BANKNIFTY31JUL2548600PE.NFO,2025-07-11,14:55:00,2025-07-31,5.3,5.3,5.3,5.3,0,14455,0
BANKNIFTY31JUL2548600PE.NFO,2025-07-11,14:56:00,2025-07-31,5.3,5.3,5.3,5.3,0,14455,0
BANKNIFTY31JUL2548600PE.NFO,2025-07-11,14:57:00,2025-07-31,5.3,5.3,5.3,5.3,70,14525,0
BANKNIFTY31JUL2548600PE.NFO,2025-07-11,14:58:00,2025-07-31,5.3,5.3,5.3,5.3,0,14525,0
BANKNIFTY31JUL2548600PE.NFO,2025-07-11,14:59:00,2025-07-31,5.3,5.3,5.3,5.3,0,14525,0
BANKNIFTY31JUL2548600PE.NFO,2025-07-11,15:00:00,2025-07-31,5.3,5.3,5.25,5.25,70,14490,0
BANKNIFTY31JUL2548600PE.NFO,2025-07-11,15:01:00,2025-07-31,5.25,5.25,5.25,5.25,0,14490,0
BANKNIFTY31JUL2548600PE.NFO,2025-07-11,15:02:00,2025-07-31,5.25,5.25,5.25,5.25,0,14490,0
BANKNIFTY31JUL2548600PE.NFO,2025-07-11,15:03:00,2025-07-31,5.25,5.25,5.25,5.25,0,14490,1
BANKNIFTY31JUL2548600PE.NFO,2025-07-11,15:04:00,2025-07-31,5.25,5.25,5.25,5.25,0,14490,0
BANKNIFTY31JUL2548600PE.NFO,2025-07-11,15:05:00,2025-07-31,5.25,5.25,5.25,5.25,0,14490,0
BANKNIFTY31JUL2548600PE.NFO,2025-07-11,15:06:00,2025-07-31,5.25,5.25,5.25,5.25,0,14490,0
BANKNIFTY31JUL2548600PE.NFO,2025-07-11,15:07:00,2025-07-31,5.25,5.25,5.25,5.25,0,14490,0
BANKNIFTY31JUL2548600PE.NFO,2025-07-11,15:08:00,2025-07-31,5.25,5.25,5.25,5.25,0,14490,0
BANKNIFTY31JUL2548600PE.NFO,2025-07-11,15:09:00,2025-07-31,5.25,5.25,5.25,5.25,0,14490,0
BANKNIFTY31JUL2548600PE.NFO,2025-07-11,15:10:00,2025-07-31,5.25,5.25,5.25,5.25,0,14490,0
BANKNIFTY31JUL2548600PE.NFO,2025-07-11,15:11:00,2025-07-31,5.25,5.25,5.25,5.25,0,14490,0
BANKNIFTY31JUL2548600PE.NFO,2025-07-11,15:12:00,2025-07-31,5.25,5.25,5.25,5.25,0,14490,0
BANKNIFTY31JUL2548600PE.NFO,2025-07-11,15:13:00,2025-07-31,5.25,5.25,5.25,5.25,0,14490,0
BANKNIFTY31JUL2548600PE.NFO,2025-07-11,15:14:00,2025-07-31,5.25,5.25,5.25,5.25,0,14490,0
BANKNIFTY31JUL2548600PE.NFO,2025-07-11,15:15:00,2025-07-31,5.25,5.25,5.25,5.25,0,14490,0
BANKNIFTY31JUL2548600PE.NFO,2025-07-11,15:16:00,2025-07-31,5.25,5.25,5.25,5.25,0,14490,0
BANKNIFTY31JUL2548600PE.NFO,2025-07-11,15:17:00,2025-07-31,5.25,5.25,5.25,5.25,0,14490,0
BANKNIFTY31JUL2548600PE.NFO,2025-07-11,15:18:00,2025-07-31,5.25,5.25,5.25,5.25,0,14490,0
BANKNIFTY31JUL2548600PE.NFO,2025-07-11,15:19:00,2025-07-31,5.25,5.25,5.25,5.25,0,14490,0
BANKNIFTY31JUL2548600PE.NFO,2025-07-11,15:20:00,2025-07-31,5.25,5.25,5.25,5.25,0,14490,0
BANKNIFTY31JUL2548600PE.NFO,2025-07-11,15:21:00,2025-07-31,5.25,5.25,5.25,5.25,0,14490,0
BANKNIFTY31JUL2548600PE.NFO,2025-07-11,15:22:00,2025-07-31,5.25,5.25,5.25,5.25,0,14490,0
BANKNIFTY31JUL2548600PE.NFO,2025-07-11,15:23:00,2025-07-31,5.25,5.25,5.25,5.25,0,14490,0
BANKNIFTY31JUL2548600PE.NFO,2025-07-11,15:24:00,2025-07-31,5.25,5.4,5.25,5.4,140,14420,0
BANKNIFTY31JUL2548600PE.NFO,2025-07-11,15:25:00,2025-07-31,5.45,6.35,5.45,6.35,70,14420,0
BANKNIFTY31JUL2548600PE.NFO,2025-07-11,15:26:00,2025-07-31,6.35,6.35,5.4,5.4,35,14385,0
BANKNIFTY31JUL2548600PE.NFO,2025-07-11,15:27:00,2025-07-31,5.4,5.4,5.4,5.4,0,14385,0
BANKNIFTY31JUL2548600PE.NFO,2025-07-11,15:28:00,2025-07-31,5.4,5.4,5.4,5.4,0,14385,0
BANKNIFTY31JUL2548600PE.NFO,2025-07-11,15:29:00,2025-07-31,5.4,5.4,5.4,5.4,0,14385,1
BANKNIFTY31JUL2548600PE.NFO,2025-07-11,15:30:00,2025-07-31,5.4,5.4,5.4,5.4,0,14385,1
BANKNIFTY31JUL2548600PE.NFO,2025-07-14,09:15:00,2025-07-31,6.55,6.55,6.55,6.55,0,0,0
BANKNIFTY31JUL2548600PE.NFO,2025-07-14,09:16:00,2025-07-31,6.55,6.55,5.25,5.25,280,14350,0
BANKNIFTY31JUL2548600PE.NFO,2025-07-14,09:17:00,2025-07-31,5.25,5.25,5.25,5.25,0,14350,0
BANKNIFTY31JUL2548600PE.NFO,2025-07-14,09:18:00,2025-07-31,5.25,5.25,5.25,5.25,0,14350,0
BANKNIFTY31JUL2548600PE.NFO,2025-07-14,09:19:00,2025-07-31,5.25,5.25,5.25,5.25,0,14350,0
BANKNIFTY31JUL2548600PE.NFO,2025-07-14,09:20:00,2025-07-31,5.25,5.25,5.25,5.25,0,14350,0
BANKNIFTY31JUL2548600PE.NFO,2025-07-14,09:21:00,2025-07-31,5.25,5.25,5.25,5.25,0,14350,0
BANKNIFTY31JUL2548600PE.NFO,2025-07-14,09:22:00,2025-07-31,5.25,5.25,5.25,5.25,0,14350,0
BANKNIFTY31JUL2548600PE.NFO,2025-07-14,09:23:00,2025-07-31,5.25,5.25,5.25,5.25,0,14350,0
BANKNIFTY31JUL2548600PE.NFO,2025-07-14,09:24:00,2025-07-31,5.25,5.25,5.25,5.25,0,14350,0
BANKNIFTY31JUL2548600PE.NFO,2025-07-14,09:25:00,2025-07-31,5.25,5.25,5.25,5.25,0,14350,0
BANKNIFTY31JUL2548600PE.NFO,2025-07-14,09:26:00,2025-07-31,5.25,5.25,4.5,4.5,140,14070,0
BANKNIFTY31JUL2548600PE.NFO,2025-07-14,09:27:00,2025-07-31,4.5,5.6,4.5,5.6,350,13930,0
BANKNIFTY31JUL2548600PE.NFO,2025-07-14,09:28:00,2025-07-31,5.6,5.6,5.25,5.6,420,13930,0
BANKNIFTY31JUL2548600PE.NFO,2025-07-14,09:29:00,2025-07-31,5.6,5.6,5.3,5.3,210,13930,0
BANKNIFTY31JUL2548600PE.NFO,2025-07-14,09:30:00,2025-07-31,5.3,5.3,5.3,5.3,0,13930,0
BANKNIFTY31JUL2548600PE.NFO,2025-07-14,09:31:00,2025-07-31,5.3,5.3,5.3,5.3,0,13930,0
BANKNIFTY31JUL2548600PE.NFO,2025-07-14,09:32:00,2025-07-31,5.3,5.3,5.3,5.3,0,13930,1
BANKNIFTY31JUL2548600PE.NFO,2025-07-14,09:33:00,2025-07-31,5.3,5.3,5.3,5.3,0,13930,0
BANKNIFTY31JUL2548600PE.NFO,2025-07-14,09:34:00,2025-07-31,5.3,5.6,5.3,5.6,35,13930,0
BANKNIFTY31JUL2548600PE.NFO,2025-07-14,09:35:00,2025-07-31,5.6,5.6,5.6,5.6,0,13930,0
BANKNIFTY31JUL2548600PE.NFO,2025-07-14,09:36:00,2025-07-31,5.6,5.6,5.6,5.6,0,13930,0
BANKNIFTY31JUL2548600PE.NFO,2025-07-14,09:37:00,2025-07-31,5.6,5.6,5.6,5.6,0,13930,0
BANKNIFTY31JUL2548600PE.NFO,2025-07-14,09:38:00,2025-07-31,5.6,5.6,5.6,5.6,0,13930,0
BANKNIFTY31JUL2548600PE.NFO,2025-07-14,09:39:00,2025-07-31,5.6,5.6,5.6,5.6,0,13930,1
BANKNIFTY31JUL2548600PE.NFO,2025-07-14,09:40:00,2025-07-31,5.6,5.6,5.6,5.6,0,13930,1
BANKNIFTY31JUL2548600PE.NFO,2025-07-14,09:41:00,2025-07-31,5.6,5.6,5.6,5.6,0,13930,0
BANKNIFTY31JUL2548600PE.NFO,2025-07-14,09:42:00,2025-07-31,5.6,5.6,5.6,5.6,0,13930,0
BANKNIFTY31JUL2548600PE.NFO,2025-07-14,09:43:00,2025-07-31,5.6,5.6,5.6,5.6,0,13930,0
BANKNIFTY31JUL2548600PE.NFO,2025-07-14,09:44:00,2025-07-31,5.6,5.6,5.6,5.6,0,13930,0
BANKNIFTY31JUL2548600PE.NFO,2025-07-14,09:45:00,2025-07-31,5.6,5.6,4.5,5.2,11270,13965,0
BANKNIFTY31JUL2548600PE.NFO,2025-07-14,09:46:00,2025-07-31,5.2,5.2,4.65,4.8,1190,4375,0
BANKNIFTY31JUL2548600PE.NFO,2025-07-14,09:47:00,2025-07-31,4.8,4.8,4.8,4.8,350,4375,0
BANKNIFTY31JUL2548600PE.NFO,2025-07-14,09:48:00,2025-07-31,4.8,5.0,4.8,5.0,280,4375,0
BANKNIFTY31JUL2548600PE.NFO,2025-07-14,09:49:00,2025-07-31,5.0,5.2,5.0,5.2,35,3990,0
BANKNIFTY31JUL2548600PE.NFO,2025-07-14,09:50:00,2025-07-31,5.2,5.2,4.8,4.9,105,3990,0
BANKNIFTY31JUL2548600PE.NFO,2025-07-14,09:51:00,2025-07-31,4.9,4.9,4.9,4.9,0,3990,0
BANKNIFTY31JUL2548600PE.NFO,2025-07-14,09:52:00,2025-07-31,4.9,4.9,4.9,4.9,0,3990,0
BANKNIFTY31JUL2548600PE.NFO,2025-07-14,09:53:00,2025-07-31,4.9,4.9,4.9,4.9,0,3990,0
BANKNIFTY31JUL2548600PE.NFO,2025-07-14,09:54:00,2025-07-31,4.9,4.9,4.9,4.9,0,3990,1
BANKNIFTY31JUL2548600PE.NFO,2025-07-14,09:55:00,2025-07-31,4.9,4.9,4.9,4.9,0,3990,0
BANKNIFTY31JUL2548600PE.NFO,2025-07-14,09:56:00,2025-07-31,4.9,4.9,4.9,4.9,0,3990,0
BANKNIFTY31JUL2548600PE.NFO,2025-07-14,09:57:00,2025-07-31,4.9,4.9,4.9,4.9,0,3990,0
BANKNIFTY31JUL2548600PE.NFO,2025-07-14,09:58:00,2025-07-31,4.9,4.95,4.8,4.95,735,3955,0
BANKNIFTY31JUL2548600PE.NFO,2025-07-14,09:59:00,2025-07-31,4.95,4.95,4.95,4.95,0,3955,0
BANKNIFTY31JUL2548600PE.NFO,2025-07-14,10:00:00,2025-07-31,4.95,4.95,4.95,4.95,0,3955,0
BANKNIFTY31JUL2548600PE.NFO,2025-07-14,10:01:00,2025-07-31,4.95,4.95,4.95,4.95,0,3955,0
BANKNIFTY31JUL2548600PE.NFO,2025-07-14,10:02:00,2025-07-31,4.95,4.95,4.95,4.95,0,3955,1
BANKNIFTY31JUL2548600PE.NFO,2025-07-14,10:03:00,2025-07-31,5.1,5.95,4.9,5.3,630,3290,0
BANKNIFTY31JUL2548600PE.NFO,2025-07-14,10:04:00,2025-07-31,5.3,5.3,5.3,5.3,0,3290,0
BANKNIFTY31JUL2548600PE.NFO,2025-07-14,10:05:00,2025-07-31,5.3,5.3,5.3,5.3,0,3290,0
BANKNIFTY31JUL2548600PE.NFO,2025-07-14,10:06:00,2025-07-31,4.75,5.45,4.75,5.45,105,3290,0
BANKNIFTY31JUL2548600PE.NFO,2025-07-14,10:07:00,2025-07-31,5.45,5.45,5.45,5.45,0,3290,0
BANKNIFTY31JUL2548600PE.NFO,2025-07-14,10:08:00,2025-07-31,4.8,4.95,4.75,4.95,350,3395,0
BANKNIFTY31JUL2548600PE.NFO,2025-07-14,10:09:00,2025-07-31,4.95,4.95,4.95,4.95,0,3395,0
BANKNIFTY31JUL2548600PE.NFO,2025-07-14,10:10:00,2025-07-31,4.95,4.95,4.95,4.95,0,3395,0
BANKNIFTY31JUL2548600PE.NFO,2025-07-14,10:11:00,2025-07-31,4.95,4.95,4.95,4.95,0,3395,0
BANKNIFTY31JUL2548600PE.NFO,2025-07-14,10:12:00,2025-07-31,4.95,4.95,4.95,4.95,0,3395,0
BANKNIFTY31JUL2548600PE.NFO,2025-07-14,10:13:00,2025-07-31,4.95,4.95,4.95,4.95,0,3395,1
BANKNIFTY31JUL2548600PE.NFO,2025-07-14,10:14:00,2025-07-31,4.95,4.95,4.95,4.95,0,3395,1
BANKNIFTY31JUL2548600PE.NFO,2025-07-14,10:15:00,2025-07-31,4.95,4.95,4.95,4.95,0,3395,1
BANKNIFTY31JUL2548600PE.NFO,2025-07-14,10:16:00,2025-07-31,4.95,4.95,4.95,4.95,0,3395,0
BANKNIFTY31JUL2548600PE.NFO,2025-07-14,10:17:00,2025-07-31,4.95,4.95,4.95,4.95,0,3395,0
BANKNIFTY31JUL2548600PE.NFO,2025-07-14,10:18:00,2025-07-31,4.95,4.95,4.95,4.95,0,3395,0
BANKNIFTY31JUL2548600PE.NFO,2025-07-14,10:19:00,2025-07-31,4.95,4.95,4.95,4.95,0,3395,0
BANKNIFTY31JUL2548600PE.NFO,2025-07-14,10:20:00,2025-07-31,4.95,4.95,4.95,4.95,0,3395,0
BANKNIFTY31JUL2548600PE.NFO,2025-07-14,10:21:00,2025-07-31,4.95,4.95,4.95,4.95,0,3395,0
BANKNIFTY31JUL2548600PE.NFO,2025-07-14,10:22:00,2025-07-31,4.95,4.95,4.95,4.95,0,3395,1
BANKNIFTY31JUL2548600PE.NFO,2025-07-14,10:23:00,2025-07-31,4.95,4.95,4.95,4.95,0,3395,0
BANKNIFTY31JUL2548600PE.NFO,2025-07-14,10:24:00,2025-07-31,4.95,4.95,4.95,4.95,0,3395,1
BANKNIFTY31JUL2548600PE.NFO,2025-07-14,10:25:00,2025-07-31,4.95,4.95,4.95,4.95,0,3395,1
BANKNIFTY31JUL2548600PE.NFO,2025-07-14,10:26:00,2025-07-31,4.95,4.95,4.95,4.95,0,3395,1
BANKNIFTY31JUL2548600PE.NFO,2025-07-14,10:27:00,2025-07-31,5.4,5.4,5.4,5.4,35,3360,0
BANKNIFTY31JUL2548600PE.NFO,2025-07-14,10:28:00,2025-07-31,5.4,5.4,5.4,5.4,0,3360,0
BANKNIFTY31JUL2548600PE.NFO,2025-07-14,10:29:00,2025-07-31,5.4,5.4,5.4,5.4,0,3360,0
BANKNIFTY31JUL2548600PE.NFO,2025-07-14,10:30:00,2025-07-31,5.4,5.4,5.4,5.4,0,3360,1
BANKNIFTY31JUL2548600PE.NFO,2025-07-14,10:31:00,2025-07-31,5.4,5.4,5.4,5.4,0,3360,1
BANKNIFTY31JUL2548600PE.NFO,2025-07-14,10:32:00,2025-07-31,5.4,5.4,5.4,5.4,0,3360,1
BANKNIFTY31JUL2548600PE.NFO,2025-07-14,10:33:00,2025-07-31,5.4,5.4,5.4,5.4,35,3325,0
BANKNIFTY31JUL2548600PE.NFO,2025-07-14,10:34:00,2025-07-31,5.4,5.4,5.4,5.4,0,3325,0
BANKNIFTY31JUL2548600PE.NFO,2025-07-14,10:35:00,2025-07-31,5.4,5.4,5.4,5.4,0,3325,0
BANKNIFTY31JUL2548600PE.NFO,2025-07-14,10:36:00,2025-07-31,5.4,5.4,5.4,5.4,0,3325,0
BANKNIFTY31JUL2548600PE.NFO,2025-07-14,10:37:00,2025-07-31,5.4,5.4,5.4,5.4,0,3325,1
BANKNIFTY31JUL2548600PE.NFO,2025-07-14,10:38:00,2025-07-31,5.4,5.4,5.4,5.4,0,3325,1
BANKNIFTY31JUL2548600PE.NFO,2025-07-14,10:39:00,2025-07-31,5.4,5.4,5.4,5.4,0,3325,1
BANKNIFTY31JUL2548600PE.NFO,2025-07-14,10:40:00,2025-07-31,5.4,5.4,4.75,4.75,35,3290,0
BANKNIFTY31JUL2548600PE.NFO,2025-07-14,10:41:00,2025-07-31,4.75,4.75,4.75,4.75,0,3290,0
BANKNIFTY31JUL2548600PE.NFO,2025-07-14,10:42:00,2025-07-31,5.4,5.4,5.4,5.4,35,3290,0
BANKNIFTY31JUL2548600PE.NFO,2025-07-14,10:43:00,2025-07-31,5.4,5.4,5.4,5.4,0,3290,0
BANKNIFTY31JUL2548600PE.NFO,2025-07-14,10:44:00,2025-07-31,5.4,5.4,5.4,5.4,0,3290,0
BANKNIFTY31JUL2548600PE.NFO,2025-07-14,10:45:00,2025-07-31,5.4,5.4,5.4,5.4,0,3290,1
BANKNIFTY31JUL2548600PE.NFO,2025-07-14,10:46:00,2025-07-31,5.4,5.4,5.4,5.4,0,3290,0
BANKNIFTY31JUL2548600PE.NFO,2025-07-14,10:47:00,2025-07-31,5.4,5.4,5.4,5.4,0,3290,1
BANKNIFTY31JUL2548600PE.NFO,2025-07-14,10:48:00,2025-07-31,5.4,5.4,5.4,5.4,0,3290,0
BANKNIFTY31JUL2548600PE.NFO,2025-07-14,10:49:00,2025-07-31,5.4,5.4,5.4,5.4,35,3290,0
BANKNIFTY31JUL2548600PE.NFO,2025-07-14,10:50:00,2025-07-31,5.4,5.4,5.4,5.4,0,3290,0
BANKNIFTY31JUL2548600PE.NFO,2025-07-14,10:51:00,2025-07-31,5.4,5.4,5.4,5.4,0,3290,0
BANKNIFTY31JUL2548600PE.NFO,2025-07-14,10:52:00,2025-07-31,5.4,5.4,5.4,5.4,0,3290,0
BANKNIFTY31JUL2548600PE.NFO,2025-07-14,10:53:00,2025-07-31,5.4,5.4,5.4,5.4,0,3290,1
BANKNIFTY31JUL2548600PE.NFO,2025-07-14,10:54:00,2025-07-31,5.4,5.4,5.4,5.4,0,3290,0
BANKNIFTY31JUL2548600PE.NFO,2025-07-14,10:55:00,2025-07-31,5.4,5.4,5.4,5.4,0,3290,1
BANKNIFTY31JUL2548600PE.NFO,2025-07-14,10:56:00,2025-07-31,5.4,5.4,5.4,5.4,0,3290,0
BANKNIFTY31JUL2548600PE.NFO,2025-07-14,10:57:00,2025-07-31,5.4,5.4,5.4,5.4,0,3290,1
BANKNIFTY31JUL2548600PE.NFO,2025-07-14,10:58:00,2025-07-31,5.4,5.4,5.4,5.4,0,3290,0
BANKNIFTY31JUL2548600PE.NFO,2025-07-14,10:59:00,2025-07-31,5.4,5.4,5.4,5.4,0,3290,1
BANKNIFTY31JUL2548600PE.NFO,2025-07-14,11:00:00,2025-07-31,5.4,5.4,5.4,5.4,0,3290,0
BANKNIFTY31JUL2548600PE.NFO,2025-07-14,11:01:00,2025-07-31,5.4,5.4,5.4,5.4,0,3290,1
BANKNIFTY31JUL2548600PE.NFO,2025-07-14,11:02:00,2025-07-31,5.4,5.4,5.4,5.4,0,3290,0
BANKNIFTY31JUL2548600PE.NFO,2025-07-14,11:03:00,2025-07-31,5.4,5.4,5.4,5.4,0,3290,0
BANKNIFTY31JUL2548600PE.NFO,2025-07-14,11:04:00,2025-07-31,5.4,5.4,5.4,5.4,0,3290,0
BANKNIFTY31JUL2548600PE.NFO,2025-07-14,11:05:00,2025-07-31,5.4,5.4,5.4,5.4,0,3290,1
BANKNIFTY31JUL2548600PE.NFO,2025-07-14,11:06:00,2025-07-31,5.4,5.4,5.4,5.4,0,3290,1
BANKNIFTY31JUL2548600PE.NFO,2025-07-14,11:07:00,2025-07-31,5.4,5.4,4.75,4.75,105,3290,0
BANKNIFTY31JUL2548600PE.NFO,2025-07-14,11:08:00,2025-07-31,4.75,4.75,4.75,4.75,0,3290,0
BANKNIFTY31JUL2548600PE.NFO,2025-07-14,11:09:00,2025-07-31,4.75,4.75,4.75,4.75,0,3290,0
BANKNIFTY31JUL2548600PE.NFO,2025-07-14,11:10:00,2025-07-31,4.75,4.75,4.75,4.75,0,3290,1
BANKNIFTY31JUL2548600PE.NFO,2025-07-14,11:11:00,2025-07-31,4.75,4.75,4.75,4.75,0,3290,0
BANKNIFTY31JUL2548600PE.NFO,2025-07-14,11:12:00,2025-07-31,4.75,4.75,4.75,4.75,0,3290,0
BANKNIFTY31JUL2548600PE.NFO,2025-07-14,11:13:00,2025-07-31,4.75,4.75,4.75,4.75,0,3290,0
BANKNIFTY31JUL2548600PE.NFO,2025-07-14,11:14:00,2025-07-31,4.75,5.0,4.75,5.0,35,3290,0
BANKNIFTY31JUL2548600PE.NFO,2025-07-14,11:15:00,2025-07-31,5.0,5.0,5.0,5.0,0,3290,0
BANKNIFTY31JUL2548600PE.NFO,2025-07-14,11:16:00,2025-07-31,5.0,5.0,5.0,5.0,0,3290,0
BANKNIFTY31JUL2548600PE.NFO,2025-07-14,11:17:00,2025-07-31,5.0,5.0,5.0,5.0,0,3290,1
BANKNIFTY31JUL2548600PE.NFO,2025-07-14,11:18:00,2025-07-31,5.0,5.0,5.0,5.0,0,3290,0
BANKNIFTY31JUL2548600PE.NFO,2025-07-14,11:19:00,2025-07-31,5.0,5.0,5.0,5.0,0,3290,1
BANKNIFTY31JUL2548600PE.NFO,2025-07-14,11:20:00,2025-07-31,5.0,5.0,5.0,5.0,0,3290,1
BANKNIFTY31JUL2548600PE.NFO,2025-07-14,11:21:00,2025-07-31,5.0,5.0,5.0,5.0,0,3290,0
BANKNIFTY31JUL2548600PE.NFO,2025-07-14,11:22:00,2025-07-31,5.0,5.45,5.0,5.15,70,3290,0
BANKNIFTY31JUL2548600PE.NFO,2025-07-14,11:23:00,2025-07-31,5.15,5.15,5.15,5.15,35,3290,0
BANKNIFTY31JUL2548600PE.NFO,2025-07-14,11:24:00,2025-07-31,5.15,5.15,5.15,5.15,35,3290,1
BANKNIFTY31JUL2548600PE.NFO,2025-07-14,11:25:00,2025-07-31,5.15,5.15,5.15,5.15,0,3290,0
BANKNIFTY31JUL2548600PE.NFO,2025-07-14,11:26:00,2025-07-31,5.15,5.15,5.15,5.15,0,3290,1
BANKNIFTY31JUL2548600PE.NFO,2025-07-14,11:27:00,2025-07-31,4.8,4.8,4.8,4.8,70,3360,0
BANKNIFTY31JUL2548600PE.NFO,2025-07-14,11:28:00,2025-07-31,4.8,4.8,4.8,4.8,70,3360,1
BANKNIFTY31JUL2548600PE.NFO,2025-07-14,11:29:00,2025-07-31,4.8,4.8,4.8,4.8,0,3360,0
BANKNIFTY31JUL2548600PE.NFO,2025-07-14,11:30:00,2025-07-31,4.8,4.8,4.8,4.8,0,3360,1
BANKNIFTY31JUL2548600PE.NFO,2025-07-14,11:31:00,2025-07-31,4.8,4.8,4.8,4.8,0,3360,0
BANKNIFTY31JUL2548600PE.NFO,2025-07-14,11:32:00,2025-07-31,4.8,4.8,4.8,4.8,0,3360,1
BANKNIFTY31JUL2548600PE.NFO,2025-07-14,11:33:00,2025-07-31,4.8,4.8,4.8,4.8,0,3360,1
BANKNIFTY31JUL2548600PE.NFO,2025-07-14,11:34:00,2025-07-31,4.8,4.8,4.8,4.8,0,3360,0
BANKNIFTY31JUL2548600PE.NFO,2025-07-14,11:35:00,2025-07-31,4.8,4.8,4.8,4.8,0,3360,0
BANKNIFTY31JUL2548600PE.NFO,2025-07-14,11:36:00,2025-07-31,4.8,4.8,4.8,4.8,0,3360,0
BANKNIFTY31JUL2548600PE.NFO,2025-07-14,11:37:00,2025-07-31,4.8,4.8,4.8,4.8,0,3360,0
BANKNIFTY31JUL2548600PE.NFO,2025-07-14,11:38:00,2025-07-31,4.8,4.8,4.8,4.8,0,3360,1
BANKNIFTY31JUL2548600PE.NFO,2025-07-14,11:39:00,2025-07-31,4.8,4.8,4.8,4.8,0,3360,1
BANKNIFTY31JUL2548600PE.NFO,2025-07-14,11:40:00,2025-07-31,4.8,4.8,4.8,4.8,0,3360,1
BANKNIFTY31JUL2548600PE.NFO,2025-07-14,11:41:00,2025-07-31,4.8,4.8,4.8,4.8,0,3360,0
BANKNIFTY31JUL2548600PE.NFO,2025-07-14,11:42:00,2025-07-31,4.8,4.8,4.8,4.8,0,3360,0
BANKNIFTY31JUL2548600PE.NFO,2025-07-14,11:43:00,2025-07-31,4.8,4.8,4.8,4.8,0,3360,1
BANKNIFTY31JUL2548600PE.NFO,2025-07-14,11:44:00,2025-07-31,4.8,4.8,4.8,4.8,0,3360,1
BANKNIFTY31JUL2548600PE.NFO,2025-07-14,11:45:00,2025-07-31,4.8,4.8,4.8,4.8,0,3360,1
BANKNIFTY31JUL2548600PE.NFO,2025-07-14,11:46:00,2025-07-31,4.8,4.8,4.8,4.8,0,3360,0
BANKNIFTY31JUL2548600PE.NFO,2025-07-14,11:47:00,2025-07-31,5.5,5.5,5.5,5.5,35,3290,0
BANKNIFTY31JUL2548600PE.NFO,2025-07-14,11:48:00,2025-07-31,5.5,5.5,5.45,5.45,0,3325,0
BANKNIFTY31JUL2548600PE.NFO,2025-07-14,11:49:00,2025-07-31,5.45,5.45,5.15,5.15,105,3325,0
BANKNIFTY31JUL2548600PE.NFO,2025-07-14,11:50:00,2025-07-31,5.15,5.15,5.15,5.15,0,3325,0
BANKNIFTY31JUL2548600PE.NFO,2025-07-14,11:51:00,2025-07-31,5.15,5.15,5.15,5.15,0,3325,0
BANKNIFTY31JUL2548600PE.NFO,2025-07-14,11:52:00,2025-07-31,5.15,5.15,5.15,5.15,0,3325,0
BANKNIFTY31JUL2548600PE.NFO,2025-07-14,11:53:00,2025-07-31,5.15,5.15,5.15,5.15,0,3325,0
BANKNIFTY31JUL2548600PE.NFO,2025-07-14,11:54:00,2025-07-31,5.15,5.15,5.15,5.15,0,3325,1
BANKNIFTY31JUL2548600PE.NFO,2025-07-14,11:55:00,2025-07-31,5.15,5.15,5.15,5.15,0,3325,0
BANKNIFTY31JUL2548600PE.NFO,2025-07-14,11:56:00,2025-07-31,5.15,5.15,5.15,5.15,0,3325,0
BANKNIFTY31JUL2548600PE.NFO,2025-07-14,11:57:00,2025-07-31,5.15,5.15,5.15,5.15,0,3325,0
BANKNIFTY31JUL2548600PE.NFO,2025-07-14,11:58:00,2025-07-31,5.15,5.15,5.15,5.15,0,3325,1
BANKNIFTY31JUL2548600PE.NFO,2025-07-14,11:59:00,2025-07-31,5.15,5.15,5.15,5.15,0,3325,1
BANKNIFTY31JUL2548600PE.NFO,2025-07-14,12:00:00,2025-07-31,5.15,5.15,5.15,5.15,0,3325,0
BANKNIFTY31JUL2548600PE.NFO,2025-07-14,12:01:00,2025-07-31,5.15,5.15,5.15,5.15,0,3325,0
BANKNIFTY31JUL2548600PE.NFO,2025-07-14,12:02:00,2025-07-31,5.15,5.15,5.15,5.15,0,3325,0
BANKNIFTY31JUL2548600PE.NFO,2025-07-14,12:03:00,2025-07-31,5.15,5.15,5.15,5.15,0,3325,1
BANKNIFTY31JUL2548600PE.NFO,2025-07-14,12:04:00,2025-07-31,5.15,5.15,5.15,5.15,0,3325,0
BANKNIFTY31JUL2548600PE.NFO,2025-07-14,12:05:00,2025-07-31,5.15,5.15,5.15,5.15,0,3325,0
BANKNIFTY31JUL2548600PE.NFO,2025-07-14,12:06:00,2025-07-31,5.15,5.15,5.15,5.15,0,3325,1
BANKNIFTY31JUL2548600PE.NFO,2025-07-14,12:07:00,2025-07-31,5.15,5.15,5.15,5.15,0,3325,1
BANKNIFTY31JUL2548600PE.NFO,2025-07-14,12:08:00,2025-07-31,5.15,5.15,5.15,5.15,0,3325,1
BANKNIFTY31JUL2548600PE.NFO,2025-07-14,12:09:00,2025-07-31,5.15,5.15,5.15,5.15,0,3325,0
BANKNIFTY31JUL2548600PE.NFO,2025-07-14,12:10:00,2025-07-31,5.15,5.15,5.15,5.15,0,3325,0
BANKNIFTY31JUL2548600PE.NFO,2025-07-14,12:11:00,2025-07-31,5.15,5.15,5.15,5.15,0,3325,0
BANKNIFTY31JUL2548600PE.NFO,2025-07-14,12:12:00,2025-07-31,5.15,5.15,5.15,5.15,0,3325,1
BANKNIFTY31JUL2548600PE.NFO,2025-07-14,12:13:00,2025-07-31,5.15,5.15,5.15,5.15,0,3325,0
BANKNIFTY31JUL2548600PE.NFO,2025-07-14,12:14:00,2025-07-31,5.15,5.15,5.15,5.15,0,3325,0
BANKNIFTY31JUL2548600PE.NFO,2025-07-14,12:15:00,2025-07-31,5.15,5.15,5.15,5.15,0,3325,0
BANKNIFTY31JUL2548600PE.NFO,2025-07-14,12:16:00,2025-07-31,5.15,5.15,5.15,5.15,0,3325,1
BANKNIFTY31JUL2548600PE.NFO,2025-07-14,12:17:00,2025-07-31,5.15,5.15,5.15,5.15,0,3325,0
BANKNIFTY31JUL2548600PE.NFO,2025-07-14,12:18:00,2025-07-31,5.15,5.15,5.15,5.15,0,3325,0
BANKNIFTY31JUL2548600PE.NFO,2025-07-14,12:19:00,2025-07-31,5.15,5.15,4.85,4.85,35,3395,0
BANKNIFTY31JUL2548600PE.NFO,2025-07-14,12:20:00,2025-07-31,4.85,4.85,4.85,4.85,0,3395,0
BANKNIFTY31JUL2548600PE.NFO,2025-07-14,12:21:00,2025-07-31,4.85,4.85,4.85,4.85,35,3395,0
BANKNIFTY31JUL2548600PE.NFO,2025-07-14,12:22:00,2025-07-31,4.85,4.85,4.85,4.85,35,3395,1
BANKNIFTY31JUL2548600PE.NFO,2025-07-14,12:23:00,2025-07-31,4.85,4.85,4.85,4.85,0,3395,0
BANKNIFTY31JUL2548600PE.NFO,2025-07-14,12:24:00,2025-07-31,4.85,4.85,4.85,4.85,0,3395,0
BANKNIFTY31JUL2548600PE.NFO,2025-07-14,12:25:00,2025-07-31,4.85,4.85,4.85,4.85,0,3395,1
BANKNIFTY31JUL2548600PE.NFO,2025-07-14,12:26:00,2025-07-31,4.85,4.85,4.85,4.85,0,3395,1
BANKNIFTY31JUL2548600PE.NFO,2025-07-14,12:27:00,2025-07-31,4.85,4.85,4.85,4.85,0,3395,1
BANKNIFTY31JUL2548600PE.NFO,2025-07-14,12:28:00,2025-07-31,4.85,4.85,4.85,4.85,0,3395,1
BANKNIFTY31JUL2548600PE.NFO,2025-07-14,12:29:00,2025-07-31,4.85,4.85,4.85,4.85,0,3395,1
BANKNIFTY31JUL2548600PE.NFO,2025-07-14,12:30:00,2025-07-31,4.85,4.85,4.85,4.85,0,3395,1
BANKNIFTY31JUL2548600PE.NFO,2025-07-14,12:31:00,2025-07-31,4.85,4.85,4.85,4.85,0,3395,1
BANKNIFTY31JUL2548600PE.NFO,2025-07-14,12:32:00,2025-07-31,4.85,4.85,4.85,4.85,0,3395,1
BANKNIFTY31JUL2548600PE.NFO,2025-07-14,12:33:00,2025-07-31,4.85,4.85,4.85,4.85,0,3395,1
BANKNIFTY31JUL2548600PE.NFO,2025-07-14,12:34:00,2025-07-31,4.85,4.85,4.85,4.85,0,3395,1
BANKNIFTY31JUL2548600PE.NFO,2025-07-14,12:35:00,2025-07-31,4.85,4.85,4.85,4.85,0,3395,1
BANKNIFTY31JUL2548600PE.NFO,2025-07-14,12:36:00,2025-07-31,4.85,4.85,4.85,4.85,0,3395,1
BANKNIFTY31JUL2548600PE.NFO,2025-07-14,12:37:00,2025-07-31,4.85,4.85,4.85,4.85,0,3395,1
BANKNIFTY31JUL2548600PE.NFO,2025-07-14,12:38:00,2025-07-31,4.85,4.85,4.85,4.85,0,3395,1
BANKNIFTY31JUL2548600PE.NFO,2025-07-14,12:39:00,2025-07-31,4.85,4.85,4.85,4.85,0,3395,1
BANKNIFTY31JUL2548600PE.NFO,2025-07-14,12:40:00,2025-07-31,4.85,4.85,4.85,4.85,0,3395,1
BANKNIFTY31JUL2548600PE.NFO,2025-07-14,12:41:00,2025-07-31,4.85,4.85,4.85,4.85,0,3395,1
BANKNIFTY31JUL2548600PE.NFO,2025-07-14,12:42:00,2025-07-31,4.85,4.85,4.85,4.85,0,3395,1
BANKNIFTY31JUL2548600PE.NFO,2025-07-14,12:43:00,2025-07-31,4.85,4.85,4.85,4.85,0,3395,1
BANKNIFTY31JUL2548600PE.NFO,2025-07-14,12:44:00,2025-07-31,4.85,4.85,4.85,4.85,0,3395,1
BANKNIFTY31JUL2548600PE.NFO,2025-07-14,12:45:00,2025-07-31,4.85,4.85,4.85,4.85,0,3395,1
BANKNIFTY31JUL2548600PE.NFO,2025-07-14,12:46:00,2025-07-31,4.85,4.85,4.85,4.85,0,3395,1
BANKNIFTY31JUL2548600PE.NFO,2025-07-14,12:47:00,2025-07-31,5.35,5.35,5.35,5.35,140,3430,0
BANKNIFTY31JUL2548600PE.NFO,2025-07-14,12:48:00,2025-07-31,5.35,5.35,5.0,5.0,35,3430,0
BANKNIFTY31JUL2548600PE.NFO,2025-07-14,12:49:00,2025-07-31,5.0,5.0,5.0,5.0,35,3430,1
BANKNIFTY31JUL2548600PE.NFO,2025-07-14,12:50:00,2025-07-31,5.0,5.0,5.0,5.0,0,3430,0
BANKNIFTY31JUL2548600PE.NFO,2025-07-14,12:51:00,2025-07-31,5.0,5.0,5.0,5.0,0,3430,0
BANKNIFTY31JUL2548600PE.NFO,2025-07-14,12:52:00,2025-07-31,5.0,5.0,5.0,5.0,0,3430,0
BANKNIFTY31JUL2548600PE.NFO,2025-07-14,12:53:00,2025-07-31,5.0,5.0,5.0,5.0,0,3430,0
BANKNIFTY31JUL2548600PE.NFO,2025-07-14,12:54:00,2025-07-31,5.0,5.0,5.0,5.0,0,3430,0
BANKNIFTY31JUL2548600PE.NFO,2025-07-14,12:55:00,2025-07-31,5.0,5.0,5.0,5.0,0,3430,1
BANKNIFTY31JUL2548600PE.NFO,2025-07-14,12:56:00,2025-07-31,5.0,5.0,5.0,5.0,0,3430,0
BANKNIFTY31JUL2548600PE.NFO,2025-07-14,12:57:00,2025-07-31,5.0,5.0,5.0,5.0,0,3430,0
BANKNIFTY31JUL2548600PE.NFO,2025-07-14,12:58:00,2025-07-31,5.0,5.0,5.0,5.0,0,3430,0
BANKNIFTY31JUL2548600PE.NFO,2025-07-14,12:59:00,2025-07-31,5.0,5.0,5.0,5.0,0,3430,1
BANKNIFTY31JUL2548600PE.NFO,2025-07-14,13:00:00,2025-07-31,5.0,5.0,5.0,5.0,0,3430,0
BANKNIFTY31JUL2548600PE.NFO,2025-07-14,13:01:00,2025-07-31,5.0,5.0,5.0,5.0,0,3430,1
BANKNIFTY31JUL2548600PE.NFO,2025-07-14,13:02:00,2025-07-31,5.0,5.0,5.0,5.0,0,3430,1
BANKNIFTY31JUL2548600PE.NFO,2025-07-14,13:03:00,2025-07-31,5.0,5.0,5.0,5.0,0,3430,1
BANKNIFTY31JUL2548600PE.NFO,2025-07-14,13:04:00,2025-07-31,5.0,5.0,5.0,5.0,0,3430,1
BANKNIFTY31JUL2548600PE.NFO,2025-07-14,13:05:00,2025-07-31,5.0,5.0,5.0,5.0,0,3430,1
BANKNIFTY31JUL2548600PE.NFO,2025-07-14,13:06:00,2025-07-31,5.0,5.0,5.0,5.0,0,3430,1
BANKNIFTY31JUL2548600PE.NFO,2025-07-14,13:07:00,2025-07-31,5.0,5.0,5.0,5.0,0,3430,1
BANKNIFTY31JUL2548600PE.NFO,2025-07-14,13:08:00,2025-07-31,5.0,5.0,5.0,5.0,0,3430,0
BANKNIFTY31JUL2548600PE.NFO,2025-07-14,13:09:00,2025-07-31,5.0,5.0,5.0,5.0,0,3430,1
BANKNIFTY31JUL2548600PE.NFO,2025-07-14,13:10:00,2025-07-31,4.55,4.55,4.55,4.55,140,3500,0
BANKNIFTY31JUL2548600PE.NFO,2025-07-14,13:11:00,2025-07-31,4.55,4.55,4.55,4.55,0,3500,0
BANKNIFTY31JUL2548600PE.NFO,2025-07-14,13:12:00,2025-07-31,4.7,4.95,4.7,4.95,70,3500,0
BANKNIFTY31JUL2548600PE.NFO,2025-07-14,13:13:00,2025-07-31,4.95,4.95,4.95,4.95,0,3500,0
BANKNIFTY31JUL2548600PE.NFO,2025-07-14,13:14:00,2025-07-31,4.95,4.95,4.95,4.95,0,3500,0
BANKNIFTY31JUL2548600PE.NFO,2025-07-14,13:15:00,2025-07-31,4.95,4.95,4.95,4.95,0,3500,0
BANKNIFTY31JUL2548600PE.NFO,2025-07-14,13:16:00,2025-07-31,4.95,4.95,4.95,4.95,0,3500,0
BANKNIFTY31JUL2548600PE.NFO,2025-07-14,13:17:00,2025-07-31,4.95,4.95,4.95,4.95,0,3500,1
BANKNIFTY31JUL2548600PE.NFO,2025-07-14,13:18:00,2025-07-31,4.95,4.95,4.95,4.95,0,3500,0
BANKNIFTY31JUL2548600PE.NFO,2025-07-14,13:19:00,2025-07-31,4.95,4.95,4.7,4.7,70,3430,0
BANKNIFTY31JUL2548600PE.NFO,2025-07-14,13:20:00,2025-07-31,4.7,4.7,4.7,4.7,0,3430,0
BANKNIFTY31JUL2548600PE.NFO,2025-07-14,13:21:00,2025-07-31,4.7,4.7,4.7,4.7,0,3430,0
BANKNIFTY31JUL2548600PE.NFO,2025-07-14,13:22:00,2025-07-31,4.7,4.7,4.7,4.7,0,3430,0
BANKNIFTY31JUL2548600PE.NFO,2025-07-14,13:23:00,2025-07-31,4.7,4.7,4.7,4.7,0,3430,0
BANKNIFTY31JUL2548600PE.NFO,2025-07-14,13:24:00,2025-07-31,4.7,4.7,4.7,4.7,0,3430,1
BANKNIFTY31JUL2548600PE.NFO,2025-07-14,13:25:00,2025-07-31,4.7,4.7,4.7,4.7,0,3430,1
BANKNIFTY31JUL2548600PE.NFO,2025-07-14,13:26:00,2025-07-31,4.7,4.7,4.7,4.7,0,3430,1
BANKNIFTY31JUL2548600PE.NFO,2025-07-14,13:27:00,2025-07-31,4.7,4.7,4.7,4.7,0,3430,1
BANKNIFTY31JUL2548600PE.NFO,2025-07-14,13:28:00,2025-07-31,4.7,4.7,4.7,4.7,0,3430,1
BANKNIFTY31JUL2548600PE.NFO,2025-07-14,13:29:00,2025-07-31,4.7,4.7,4.7,4.7,0,3430,1
BANKNIFTY31JUL2548600PE.NFO,2025-07-14,13:30:00,2025-07-31,4.7,4.7,4.7,4.7,0,3430,0
BANKNIFTY31JUL2548600PE.NFO,2025-07-14,13:31:00,2025-07-31,4.7,4.7,4.7,4.7,0,3430,1
BANKNIFTY31JUL2548600PE.NFO,2025-07-14,13:32:00,2025-07-31,4.7,4.7,4.7,4.7,0,3430,1
BANKNIFTY31JUL2548600PE.NFO,2025-07-14,13:33:00,2025-07-31,4.7,4.7,4.7,4.7,0,3430,1
BANKNIFTY31JUL2548600PE.NFO,2025-07-14,13:34:00,2025-07-31,4.7,4.7,4.7,4.7,0,3430,1
BANKNIFTY31JUL2548600PE.NFO,2025-07-14,13:35:00,2025-07-31,4.7,4.7,4.7,4.7,0,3430,0
BANKNIFTY31JUL2548600PE.NFO,2025-07-14,13:36:00,2025-07-31,4.7,4.7,4.7,4.7,0,3430,1
BANKNIFTY31JUL2548600PE.NFO,2025-07-14,13:37:00,2025-07-31,4.7,4.7,4.7,4.7,0,3430,1
BANKNIFTY31JUL2548600PE.NFO,2025-07-14,13:38:00,2025-07-31,4.7,4.7,4.7,4.7,0,3430,0
BANKNIFTY31JUL2548600PE.NFO,2025-07-14,13:39:00,2025-07-31,4.7,4.7,4.7,4.7,0,3430,1
BANKNIFTY31JUL2548600PE.NFO,2025-07-14,13:40:00,2025-07-31,4.7,4.7,4.7,4.7,0,3430,1
BANKNIFTY31JUL2548600PE.NFO,2025-07-14,13:41:00,2025-07-31,4.7,4.7,4.7,4.7,0,3430,1
BANKNIFTY31JUL2548600PE.NFO,2025-07-14,13:42:00,2025-07-31,4.7,4.7,4.7,4.7,0,3430,0
BANKNIFTY31JUL2548600PE.NFO,2025-07-14,13:43:00,2025-07-31,4.7,4.7,4.7,4.7,0,3430,1
BANKNIFTY31JUL2548600PE.NFO,2025-07-14,13:44:00,2025-07-31,4.7,4.7,4.7,4.7,0,3430,0
BANKNIFTY31JUL2548600PE.NFO,2025-07-14,13:45:00,2025-07-31,4.7,4.7,4.7,4.7,0,3430,0
BANKNIFTY31JUL2548600PE.NFO,2025-07-14,13:46:00,2025-07-31,4.7,4.7,4.7,4.7,0,3430,1
BANKNIFTY31JUL2548600PE.NFO,2025-07-14,13:47:00,2025-07-31,4.7,4.7,4.7,4.7,0,3430,1
BANKNIFTY31JUL2548600PE.NFO,2025-07-14,13:48:00,2025-07-31,4.7,4.7,4.7,4.7,0,3430,1
BANKNIFTY31JUL2548600PE.NFO,2025-07-14,13:49:00,2025-07-31,4.7,4.7,4.7,4.7,0,3430,1
BANKNIFTY31JUL2548600PE.NFO,2025-07-14,13:50:00,2025-07-31,4.7,4.7,4.7,4.7,0,3430,0
BANKNIFTY31JUL2548600PE.NFO,2025-07-14,13:51:00,2025-07-31,4.7,4.7,4.7,4.7,0,3430,1
BANKNIFTY31JUL2548600PE.NFO,2025-07-14,13:52:00,2025-07-31,4.7,4.7,4.7,4.7,0,3430,1
BANKNIFTY31JUL2548600PE.NFO,2025-07-14,13:53:00,2025-07-31,4.7,4.7,4.7,4.7,0,3430,1
BANKNIFTY31JUL2548600PE.NFO,2025-07-14,13:54:00,2025-07-31,4.7,4.7,4.7,4.7,0,3430,1
BANKNIFTY31JUL2548600PE.NFO,2025-07-14,13:55:00,2025-07-31,4.7,4.7,4.7,4.7,0,3430,1
BANKNIFTY31JUL2548600PE.NFO,2025-07-14,13:56:00,2025-07-31,4.7,4.7,4.7,4.7,0,3430,0
BANKNIFTY31JUL2548600PE.NFO,2025-07-14,13:57:00,2025-07-31,4.7,4.7,4.7,4.7,0,3430,1
BANKNIFTY31JUL2548600PE.NFO,2025-07-14,13:58:00,2025-07-31,4.7,4.7,4.7,4.7,0,3430,0
BANKNIFTY31JUL2548600PE.NFO,2025-07-14,13:59:00,2025-07-31,4.7,4.7,4.7,4.7,0,3430,0
BANKNIFTY31JUL2548600PE.NFO,2025-07-14,14:00:00,2025-07-31,4.7,4.7,4.7,4.7,0,3430,1
BANKNIFTY31JUL2548600PE.NFO,2025-07-14,14:01:00,2025-07-31,4.7,4.7,4.7,4.7,0,3430,0
BANKNIFTY31JUL2548600PE.NFO,2025-07-14,14:02:00,2025-07-31,4.7,4.7,4.7,4.7,0,3430,0
BANKNIFTY31JUL2548600PE.NFO,2025-07-14,14:03:00,2025-07-31,4.7,4.7,4.7,4.7,0,3430,1
BANKNIFTY31JUL2548600PE.NFO,2025-07-14,14:04:00,2025-07-31,4.7,4.7,4.7,4.7,0,3430,1
BANKNIFTY31JUL2548600PE.NFO,2025-07-14,14:05:00,2025-07-31,4.7,4.7,4.7,4.7,0,3430,0
BANKNIFTY31JUL2548600PE.NFO,2025-07-14,14:06:00,2025-07-31,4.7,4.7,4.7,4.7,0,3430,1
BANKNIFTY31JUL2548600PE.NFO,2025-07-14,14:07:00,2025-07-31,4.7,4.7,4.7,4.7,0,3430,1
BANKNIFTY31JUL2548600PE.NFO,2025-07-14,14:08:00,2025-07-31,4.7,4.7,4.7,4.7,0,3430,1
BANKNIFTY31JUL2548600PE.NFO,2025-07-14,14:09:00,2025-07-31,4.7,4.7,4.7,4.7,0,3430,1
BANKNIFTY31JUL2548600PE.NFO,2025-07-14,14:10:00,2025-07-31,4.7,4.7,4.7,4.7,0,3430,1
BANKNIFTY31JUL2548600PE.NFO,2025-07-14,14:11:00,2025-07-31,4.7,4.7,4.7,4.7,0,3430,1
BANKNIFTY31JUL2548600PE.NFO,2025-07-14,14:12:00,2025-07-31,4.7,4.7,4.7,4.7,0,3430,1
BANKNIFTY31JUL2548600PE.NFO,2025-07-14,14:13:00,2025-07-31,4.7,4.7,4.7,4.7,0,3430,1
BANKNIFTY31JUL2548600PE.NFO,2025-07-14,14:14:00,2025-07-31,4.7,4.7,4.7,4.7,0,3430,1
BANKNIFTY31JUL2548600PE.NFO,2025-07-14,14:15:00,2025-07-31,4.7,4.7,4.7,4.7,0,3430,1
BANKNIFTY31JUL2548600PE.NFO,2025-07-14,14:16:00,2025-07-31,4.7,4.7,4.7,4.7,0,3430,1
BANKNIFTY31JUL2548600PE.NFO,2025-07-14,14:17:00,2025-07-31,4.7,4.7,4.7,4.7,0,3430,1
BANKNIFTY31JUL2548600PE.NFO,2025-07-14,14:18:00,2025-07-31,5.5,5.5,5.0,5.0,140,3360,0
BANKNIFTY31JUL2548600PE.NFO,2025-07-14,14:19:00,2025-07-31,5.0,5.0,5.0,5.0,0,3360,0
BANKNIFTY31JUL2548600PE.NFO,2025-07-14,14:20:00,2025-07-31,5.0,5.25,4.75,5.05,140,3395,0
BANKNIFTY31JUL2548600PE.NFO,2025-07-14,14:21:00,2025-07-31,5.05,5.05,5.05,5.05,0,3395,0
BANKNIFTY31JUL2548600PE.NFO,2025-07-14,14:22:00,2025-07-31,5.05,5.05,5.05,5.05,0,3395,0
BANKNIFTY31JUL2548600PE.NFO,2025-07-14,14:23:00,2025-07-31,5.05,5.05,5.05,5.05,0,3395,1
BANKNIFTY31JUL2548600PE.NFO,2025-07-14,14:24:00,2025-07-31,5.05,5.05,5.05,5.05,0,3395,0
BANKNIFTY31JUL2548600PE.NFO,2025-07-14,14:25:00,2025-07-31,5.05,5.05,5.05,5.05,0,3395,1
BANKNIFTY31JUL2548600PE.NFO,2025-07-14,14:26:00,2025-07-31,5.05,5.05,5.05,5.05,0,3395,1
BANKNIFTY31JUL2548600PE.NFO,2025-07-14,14:27:00,2025-07-31,5.05,5.05,5.05,5.05,0,3395,0
BANKNIFTY31JUL2548600PE.NFO,2025-07-14,14:28:00,2025-07-31,5.05,5.05,5.05,5.05,0,3395,1
BANKNIFTY31JUL2548600PE.NFO,2025-07-14,14:29:00,2025-07-31,5.05,5.05,5.05,5.05,0,3395,1
BANKNIFTY31JUL2548600PE.NFO,2025-07-14,14:30:00,2025-07-31,5.05,5.05,5.05,5.05,0,3395,1
BANKNIFTY31JUL2548600PE.NFO,2025-07-14,14:31:00,2025-07-31,5.05,5.05,5.05,5.05,0,3395,1
BANKNIFTY31JUL2548600PE.NFO,2025-07-14,14:32:00,2025-07-31,5.05,5.05,5.05,5.05,0,3395,1
BANKNIFTY31JUL2548600PE.NFO,2025-07-14,14:33:00,2025-07-31,5.05,5.05,5.05,5.05,0,3395,0
BANKNIFTY31JUL2548600PE.NFO,2025-07-14,14:34:00,2025-07-31,5.05,5.05,5.05,5.05,0,3395,1
BANKNIFTY31JUL2548600PE.NFO,2025-07-14,14:35:00,2025-07-31,5.05,5.05,5.05,5.05,0,3395,0
BANKNIFTY31JUL2548600PE.NFO,2025-07-14,14:36:00,2025-07-31,5.05,5.05,5.05,5.05,0,3395,0
BANKNIFTY31JUL2548600PE.NFO,2025-07-14,14:37:00,2025-07-31,5.05,5.05,5.05,5.05,0,3395,1
BANKNIFTY31JUL2548600PE.NFO,2025-07-14,14:38:00,2025-07-31,5.05,5.05,5.05,5.05,0,3395,1
BANKNIFTY31JUL2548600PE.NFO,2025-07-14,14:39:00,2025-07-31,5.05,5.05,5.05,5.05,0,3395,1
BANKNIFTY31JUL2548600PE.NFO,2025-07-14,14:40:00,2025-07-31,5.05,5.05,5.05,5.05,0,3395,1
BANKNIFTY31JUL2548600PE.NFO,2025-07-14,14:41:00,2025-07-31,5.05,5.05,5.05,5.05,0,3395,1
BANKNIFTY31JUL2548600PE.NFO,2025-07-14,14:42:00,2025-07-31,5.05,5.05,5.05,5.05,0,3395,1
BANKNIFTY31JUL2548600PE.NFO,2025-07-14,14:43:00,2025-07-31,5.05,5.05,5.05,5.05,0,3395,0
BANKNIFTY31JUL2548600PE.NFO,2025-07-14,14:44:00,2025-07-31,5.05,5.05,5.05,5.05,0,3395,0
BANKNIFTY31JUL2548600PE.NFO,2025-07-14,14:45:00,2025-07-31,5.05,5.05,5.05,5.05,0,3395,1
BANKNIFTY31JUL2548600PE.NFO,2025-07-14,14:46:00,2025-07-31,5.05,5.05,5.05,5.05,0,3395,0
BANKNIFTY31JUL2548600PE.NFO,2025-07-14,14:47:00,2025-07-31,4.7,4.7,4.7,4.7,140,3360,0
BANKNIFTY31JUL2548600PE.NFO,2025-07-14,14:48:00,2025-07-31,4.95,4.95,4.95,4.95,35,3360,0
BANKNIFTY31JUL2548600PE.NFO,2025-07-14,14:49:00,2025-07-31,4.95,4.95,4.95,4.95,0,3360,0
BANKNIFTY31JUL2548600PE.NFO,2025-07-14,14:50:00,2025-07-31,4.95,4.95,4.95,4.95,0,3360,0
BANKNIFTY31JUL2548600PE.NFO,2025-07-14,14:51:00,2025-07-31,4.95,4.95,4.95,4.95,0,3360,0
BANKNIFTY31JUL2548600PE.NFO,2025-07-14,14:52:00,2025-07-31,4.95,4.95,4.95,4.95,0,3360,0
BANKNIFTY31JUL2548600PE.NFO,2025-07-14,14:53:00,2025-07-31,4.95,4.95,4.95,4.95,0,3360,0
BANKNIFTY31JUL2548600PE.NFO,2025-07-14,14:54:00,2025-07-31,4.95,4.95,4.95,4.95,0,3360,0
BANKNIFTY31JUL2548600PE.NFO,2025-07-14,14:55:00,2025-07-31,4.95,4.95,4.95,4.95,0,3360,1
BANKNIFTY31JUL2548600PE.NFO,2025-07-14,14:56:00,2025-07-31,4.95,4.95,4.95,4.95,0,3360,0
BANKNIFTY31JUL2548600PE.NFO,2025-07-14,14:57:00,2025-07-31,4.95,4.95,4.95,4.95,0,3360,0
BANKNIFTY31JUL2548600PE.NFO,2025-07-14,14:58:00,2025-07-31,4.95,4.95,4.95,4.95,0,3360,0
BANKNIFTY31JUL2548600PE.NFO,2025-07-14,14:59:00,2025-07-31,4.95,4.95,4.95,4.95,0,3360,1
BANKNIFTY31JUL2548600PE.NFO,2025-07-14,15:00:00,2025-07-31,4.95,4.95,4.95,4.95,0,3360,0
BANKNIFTY31JUL2548600PE.NFO,2025-07-14,15:01:00,2025-07-31,4.6,4.6,4.6,4.6,35,3255,0
BANKNIFTY31JUL2548600PE.NFO,2025-07-14,15:02:00,2025-07-31,4.6,4.9,4.6,4.9,0,3255,0
BANKNIFTY31JUL2548600PE.NFO,2025-07-14,15:03:00,2025-07-31,4.9,4.9,4.45,4.9,140,3255,0
BANKNIFTY31JUL2548600PE.NFO,2025-07-14,15:04:00,2025-07-31,4.9,4.9,4.9,4.9,0,3255,0
BANKNIFTY31JUL2548600PE.NFO,2025-07-14,15:05:00,2025-07-31,4.9,4.9,4.9,4.9,0,3255,0
BANKNIFTY31JUL2548600PE.NFO,2025-07-14,15:06:00,2025-07-31,4.9,4.9,4.9,4.9,0,3255,0
BANKNIFTY31JUL2548600PE.NFO,2025-07-14,15:07:00,2025-07-31,4.9,4.9,4.9,4.9,0,3255,1
BANKNIFTY31JUL2548600PE.NFO,2025-07-14,15:08:00,2025-07-31,4.9,4.9,4.9,4.9,0,3255,1
BANKNIFTY31JUL2548600PE.NFO,2025-07-14,15:09:00,2025-07-31,4.9,4.9,4.9,4.9,0,3255,0
BANKNIFTY31JUL2548600PE.NFO,2025-07-14,15:10:00,2025-07-31,4.9,4.9,4.9,4.9,0,3255,0
BANKNIFTY31JUL2548600PE.NFO,2025-07-14,15:11:00,2025-07-31,4.9,4.9,4.9,4.9,0,3255,0
BANKNIFTY31JUL2548600PE.NFO,2025-07-14,15:12:00,2025-07-31,4.9,4.9,4.9,4.9,0,3255,0
BANKNIFTY31JUL2548600PE.NFO,2025-07-14,15:13:00,2025-07-31,4.9,4.9,4.9,4.9,0,3255,1
BANKNIFTY31JUL2548600PE.NFO,2025-07-14,15:14:00,2025-07-31,4.9,4.9,4.9,4.9,0,3255,0
BANKNIFTY31JUL2548600PE.NFO,2025-07-14,15:15:00,2025-07-31,4.9,4.9,4.9,4.9,0,3255,0
BANKNIFTY31JUL2548600PE.NFO,2025-07-14,15:16:00,2025-07-31,4.9,4.9,4.9,4.9,0,3255,0
BANKNIFTY31JUL2548600PE.NFO,2025-07-14,15:17:00,2025-07-31,4.3,4.3,4.3,4.3,70,3290,0
BANKNIFTY31JUL2548600PE.NFO,2025-07-14,15:18:00,2025-07-31,4.3,4.3,4.3,4.3,70,3290,1
BANKNIFTY31JUL2548600PE.NFO,2025-07-14,15:19:00,2025-07-31,4.3,4.3,4.3,4.3,0,3290,0
BANKNIFTY31JUL2548600PE.NFO,2025-07-14,15:20:00,2025-07-31,4.3,4.3,4.3,4.3,0,3290,0
BANKNIFTY31JUL2548600PE.NFO,2025-07-14,15:21:00,2025-07-31,4.3,4.3,4.3,4.3,0,3290,1
BANKNIFTY31JUL2548600PE.NFO,2025-07-14,15:22:00,2025-07-31,4.3,4.3,4.3,4.3,0,3290,0
BANKNIFTY31JUL2548600PE.NFO,2025-07-14,15:23:00,2025-07-31,4.7,4.7,4.7,4.7,105,3255,0
BANKNIFTY31JUL2548600PE.NFO,2025-07-14,15:24:00,2025-07-31,4.7,4.7,4.7,4.7,0,3255,0
BANKNIFTY31JUL2548600PE.NFO,2025-07-14,15:25:00,2025-07-31,4.25,4.7,4.25,4.7,280,3255,0
BANKNIFTY31JUL2548600PE.NFO,2025-07-14,15:26:00,2025-07-31,4.7,4.7,4.7,4.7,0,3255,0
BANKNIFTY31JUL2548600PE.NFO,2025-07-14,15:27:00,2025-07-31,4.7,4.7,4.7,4.7,0,3255,0
BANKNIFTY31JUL2548600PE.NFO,2025-07-14,15:28:00,2025-07-31,4.7,4.7,4.7,4.7,0,3255,0
BANKNIFTY31JUL2548600PE.NFO,2025-07-14,15:29:00,2025-07-31,4.7,4.7,4.7,4.7,0,3255,0
BANKNIFTY31JUL2548600PE.NFO,2025-07-14,15:30:00,2025-07-31,4.7,4.7,4.7,4.7,0,3255,1
BANKNIFTY31JUL2548600PE.NFO,2025-07-15,09:15:00,2025-07-31,4.45,4.45,4.45,4.45,0,0,0
BANKNIFTY31JUL2548600PE.NFO,2025-07-15,09:16:00,2025-07-31,4.45,4.45,4.45,4.45,0,2975,0
BANKNIFTY31JUL2548600PE.NFO,2025-07-15,09:17:00,2025-07-31,4.45,4.45,4.45,4.45,0,2975,0
BANKNIFTY31JUL2548600PE.NFO,2025-07-15,09:18:00,2025-07-31,4.45,4.45,4.45,4.45,0,2975,0
BANKNIFTY31JUL2548600PE.NFO,2025-07-15,09:19:00,2025-07-31,4.45,4.5,4.45,4.5,0,2975,0
BANKNIFTY31JUL2548600PE.NFO,2025-07-15,09:20:00,2025-07-31,4.5,4.5,4.5,4.5,70,2975,0
BANKNIFTY31JUL2548600PE.NFO,2025-07-15,09:21:00,2025-07-31,4.5,4.5,4.5,4.5,0,2975,0
BANKNIFTY31JUL2548600PE.NFO,2025-07-15,09:22:00,2025-07-31,4.5,4.5,4.5,4.5,0,2975,0
BANKNIFTY31JUL2548600PE.NFO,2025-07-15,09:23:00,2025-07-31,4.5,4.5,4.5,4.5,0,2975,0
BANKNIFTY31JUL2548600PE.NFO,2025-07-15,09:24:00,2025-07-31,4.5,4.5,4.5,4.5,0,2975,0
BANKNIFTY31JUL2548600PE.NFO,2025-07-15,09:25:00,2025-07-31,4.5,4.5,4.5,4.5,0,2975,0
BANKNIFTY31JUL2548600PE.NFO,2025-07-15,09:26:00,2025-07-31,4.5,4.5,4.5,4.5,0,2975,0
BANKNIFTY31JUL2548600PE.NFO,2025-07-15,09:27:00,2025-07-31,4.5,4.5,4.5,4.5,0,2975,1
BANKNIFTY31JUL2548600PE.NFO,2025-07-15,09:28:00,2025-07-31,4.5,4.5,4.5,4.5,0,2975,0
BANKNIFTY31JUL2548600PE.NFO,2025-07-15,09:29:00,2025-07-31,4.5,4.5,4.5,4.5,0,2975,0
BANKNIFTY31JUL2548600PE.NFO,2025-07-15,09:30:00,2025-07-31,4.5,4.5,4.5,4.5,0,2975,0
BANKNIFTY31JUL2548600PE.NFO,2025-07-15,09:31:00,2025-07-31,4.5,4.5,4.5,4.5,0,2975,0
BANKNIFTY31JUL2548600PE.NFO,2025-07-15,09:32:00,2025-07-31,4.5,4.5,4.5,4.5,0,2975,0
BANKNIFTY31JUL2548600PE.NFO,2025-07-15,09:33:00,2025-07-31,4.5,4.5,4.5,4.5,0,2975,0
BANKNIFTY31JUL2548600PE.NFO,2025-07-15,09:34:00,2025-07-31,4.5,4.5,4.5,4.5,0,2975,1
BANKNIFTY31JUL2548600PE.NFO,2025-07-15,09:35:00,2025-07-31,4.5,4.5,4.5,4.5,0,2975,0
BANKNIFTY31JUL2548600PE.NFO,2025-07-15,09:36:00,2025-07-31,4.5,4.5,4.5,4.5,0,2975,1
BANKNIFTY31JUL2548600PE.NFO,2025-07-15,09:37:00,2025-07-31,4.5,4.5,4.5,4.5,0,2975,0
BANKNIFTY31JUL2548600PE.NFO,2025-07-15,09:38:00,2025-07-31,4.5,4.5,4.5,4.5,0,2975,1
BANKNIFTY31JUL2548600PE.NFO,2025-07-15,09:39:00,2025-07-31,4.5,4.5,4.5,4.5,0,2975,0
BANKNIFTY31JUL2548600PE.NFO,2025-07-15,09:40:00,2025-07-31,4.5,4.5,4.5,4.5,0,2975,1
BANKNIFTY31JUL2548600PE.NFO,2025-07-15,09:41:00,2025-07-31,4.5,4.5,4.5,4.5,0,2975,0
BANKNIFTY31JUL2548600PE.NFO,2025-07-15,09:42:00,2025-07-31,4.5,4.5,4.5,4.5,0,2975,1
BANKNIFTY31JUL2548600PE.NFO,2025-07-15,09:43:00,2025-07-31,4.5,4.5,4.5,4.5,0,2975,1
BANKNIFTY31JUL2548600PE.NFO,2025-07-15,09:44:00,2025-07-31,4.5,4.5,4.5,4.5,0,2975,1
BANKNIFTY31JUL2548600PE.NFO,2025-07-15,09:45:00,2025-07-31,4.5,4.5,4.5,4.5,0,2975,1
BANKNIFTY31JUL2548600PE.NFO,2025-07-15,09:46:00,2025-07-31,4.5,4.5,4.5,4.5,0,2975,0
BANKNIFTY31JUL2548600PE.NFO,2025-07-15,09:47:00,2025-07-31,4.5,4.5,4.5,4.5,0,2975,1
BANKNIFTY31JUL2548600PE.NFO,2025-07-15,09:48:00,2025-07-31,4.5,4.5,4.5,4.5,0,2975,1
BANKNIFTY31JUL2548600PE.NFO,2025-07-15,09:49:00,2025-07-31,4.5,4.5,4.5,4.5,0,2975,1
BANKNIFTY31JUL2548600PE.NFO,2025-07-15,09:50:00,2025-07-31,4.5,4.5,4.5,4.5,0,2975,0
BANKNIFTY31JUL2548600PE.NFO,2025-07-15,09:51:00,2025-07-31,4.5,4.5,4.5,4.5,0,2975,1
BANKNIFTY31JUL2548600PE.NFO,2025-07-15,09:52:00,2025-07-31,4.5,4.5,4.5,4.5,0,2975,0
BANKNIFTY31JUL2548600PE.NFO,2025-07-15,09:53:00,2025-07-31,4.5,4.5,4.5,4.5,0,2975,0
BANKNIFTY31JUL2548600PE.NFO,2025-07-15,09:54:00,2025-07-31,4.5,4.5,4.5,4.5,0,2975,0
BANKNIFTY31JUL2548600PE.NFO,2025-07-15,09:55:00,2025-07-31,4.5,4.5,4.5,4.5,0,2975,1
BANKNIFTY31JUL2548600PE.NFO,2025-07-15,09:56:00,2025-07-31,4.5,4.5,4.5,4.5,0,2975,1
BANKNIFTY31JUL2548600PE.NFO,2025-07-15,09:57:00,2025-07-31,4.5,4.5,4.5,4.5,0,2975,1
BANKNIFTY31JUL2548600PE.NFO,2025-07-15,09:58:00,2025-07-31,4.5,4.5,4.5,4.5,0,2975,0
BANKNIFTY31JUL2548600PE.NFO,2025-07-15,09:59:00,2025-07-31,4.5,4.5,4.5,4.5,0,2975,1
BANKNIFTY31JUL2548600PE.NFO,2025-07-15,10:00:00,2025-07-31,4.5,4.5,4.5,4.5,0,2975,0
BANKNIFTY31JUL2548600PE.NFO,2025-07-15,10:01:00,2025-07-31,4.5,4.5,4.5,4.5,0,2975,1
BANKNIFTY31JUL2548600PE.NFO,2025-07-15,10:02:00,2025-07-31,5.5,5.5,5.5,5.5,35,2975,0
BANKNIFTY31JUL2548600PE.NFO,2025-07-15,10:03:00,2025-07-31,5.5,5.5,5.5,5.5,0,2975,0
BANKNIFTY31JUL2548600PE.NFO,2025-07-15,10:04:00,2025-07-31,5.5,5.5,5.5,5.5,0,2975,0
BANKNIFTY31JUL2548600PE.NFO,2025-07-15,10:05:00,2025-07-31,5.5,5.7,5.25,5.25,70,2975,0
BANKNIFTY31JUL2548600PE.NFO,2025-07-15,10:06:00,2025-07-31,5.25,5.25,5.25,5.25,0,2975,0
BANKNIFTY31JUL2548600PE.NFO,2025-07-15,10:07:00,2025-07-31,5.25,5.25,5.25,5.25,0,2975,0
BANKNIFTY31JUL2548600PE.NFO,2025-07-15,10:08:00,2025-07-31,5.25,5.25,5.25,5.25,0,2975,0
BANKNIFTY31JUL2548600PE.NFO,2025-07-15,10:09:00,2025-07-31,5.25,5.25,5.25,5.25,0,2975,0
BANKNIFTY31JUL2548600PE.NFO,2025-07-15,10:10:00,2025-07-31,5.25,5.25,5.25,5.25,0,2975,0
BANKNIFTY31JUL2548600PE.NFO,2025-07-15,10:11:00,2025-07-31,5.25,5.25,5.25,5.25,0,2975,0
BANKNIFTY31JUL2548600PE.NFO,2025-07-15,10:12:00,2025-07-31,5.25,5.25,5.25,5.25,0,2975,1
BANKNIFTY31JUL2548600PE.NFO,2025-07-15,10:13:00,2025-07-31,4.95,4.95,4.95,4.95,0,3010,0
BANKNIFTY31JUL2548600PE.NFO,2025-07-15,10:14:00,2025-07-31,4.95,4.95,4.95,4.95,0,3010,0
BANKNIFTY31JUL2548600PE.NFO,2025-07-15,10:15:00,2025-07-31,4.95,4.95,4.95,4.95,0,3010,0
BANKNIFTY31JUL2548600PE.NFO,2025-07-15,10:16:00,2025-07-31,4.95,4.95,4.95,4.95,0,3010,0
BANKNIFTY31JUL2548600PE.NFO,2025-07-15,10:17:00,2025-07-31,4.95,4.95,4.95,4.95,0,3010,0
BANKNIFTY31JUL2548600PE.NFO,2025-07-15,10:18:00,2025-07-31,4.95,4.95,4.95,4.95,0,3010,0
BANKNIFTY31JUL2548600PE.NFO,2025-07-15,10:19:00,2025-07-31,4.95,4.95,4.95,4.95,0,3010,0
BANKNIFTY31JUL2548600PE.NFO,2025-07-15,10:20:00,2025-07-31,4.95,4.95,4.95,4.95,0,3010,0
BANKNIFTY31JUL2548600PE.NFO,2025-07-15,10:21:00,2025-07-31,4.95,4.95,4.95,4.95,0,3010,0
BANKNIFTY31JUL2548600PE.NFO,2025-07-15,10:22:00,2025-07-31,4.95,4.95,4.95,4.95,0,3010,0
BANKNIFTY31JUL2548600PE.NFO,2025-07-15,10:23:00,2025-07-31,4.95,4.95,4.95,4.95,0,3010,1
BANKNIFTY31JUL2548600PE.NFO,2025-07-15,10:24:00,2025-07-31,4.95,4.95,4.95,4.95,0,3010,1
BANKNIFTY31JUL2548600PE.NFO,2025-07-15,10:25:00,2025-07-31,5.9,5.9,5.35,5.35,1890,2975,0
BANKNIFTY31JUL2548600PE.NFO,2025-07-15,10:26:00,2025-07-31,5.35,5.35,5.25,5.25,35,2975,0
BANKNIFTY31JUL2548600PE.NFO,2025-07-15,10:27:00,2025-07-31,5.25,5.25,5.25,5.25,0,2975,0
BANKNIFTY31JUL2548600PE.NFO,2025-07-15,10:28:00,2025-07-31,5.25,5.25,5.05,5.05,105,4515,0
BANKNIFTY31JUL2548600PE.NFO,2025-07-15,10:29:00,2025-07-31,5.05,5.05,5.05,5.05,0,4515,0
BANKNIFTY31JUL2548600PE.NFO,2025-07-15,10:30:00,2025-07-31,5.05,5.05,5.05,5.05,0,4515,0
BANKNIFTY31JUL2548600PE.NFO,2025-07-15,10:31:00,2025-07-31,5.05,5.05,5.05,5.05,0,4515,0
BANKNIFTY31JUL2548600PE.NFO,2025-07-15,10:32:00,2025-07-31,5.05,5.05,5.05,5.05,0,4515,0
BANKNIFTY31JUL2548600PE.NFO,2025-07-15,10:33:00,2025-07-31,5.05,5.05,5.05,5.05,0,4515,0
BANKNIFTY31JUL2548600PE.NFO,2025-07-15,10:34:00,2025-07-31,5.05,5.05,5.05,5.05,0,4515,1
BANKNIFTY31JUL2548600PE.NFO,2025-07-15,10:35:00,2025-07-31,5.05,5.05,5.05,5.05,0,4515,1
BANKNIFTY31JUL2548600PE.NFO,2025-07-15,10:36:00,2025-07-31,5.05,5.05,5.05,5.05,0,4515,1
BANKNIFTY31JUL2548600PE.NFO,2025-07-15,10:37:00,2025-07-31,5.05,5.05,5.05,5.05,0,4515,1
BANKNIFTY31JUL2548600PE.NFO,2025-07-15,10:38:00,2025-07-31,5.05,5.05,5.05,5.05,0,4515,0
BANKNIFTY31JUL2548600PE.NFO,2025-07-15,10:39:00,2025-07-31,5.05,5.05,5.05,5.05,0,4515,1
BANKNIFTY31JUL2548600PE.NFO,2025-07-15,10:40:00,2025-07-31,5.05,5.05,5.05,5.05,0,4515,0
BANKNIFTY31JUL2548600PE.NFO,2025-07-15,10:41:00,2025-07-31,5.05,5.05,5.05,5.05,0,4515,0
BANKNIFTY31JUL2548600PE.NFO,2025-07-15,10:42:00,2025-07-31,5.05,5.05,5.05,5.05,0,4515,0
BANKNIFTY31JUL2548600PE.NFO,2025-07-15,10:43:00,2025-07-31,5.05,5.05,5.05,5.05,0,4515,0
BANKNIFTY31JUL2548600PE.NFO,2025-07-15,10:44:00,2025-07-31,5.05,5.05,5.05,5.05,0,4515,1
BANKNIFTY31JUL2548600PE.NFO,2025-07-15,10:45:00,2025-07-31,5.05,5.05,5.05,5.05,0,4515,0
BANKNIFTY31JUL2548600PE.NFO,2025-07-15,10:46:00,2025-07-31,5.05,5.05,5.05,5.05,0,4515,1
BANKNIFTY31JUL2548600PE.NFO,2025-07-15,10:47:00,2025-07-31,5.05,5.05,5.05,5.05,0,4515,0
BANKNIFTY31JUL2548600PE.NFO,2025-07-15,10:48:00,2025-07-31,5.05,5.05,5.05,5.05,0,4515,0
BANKNIFTY31JUL2548600PE.NFO,2025-07-15,10:49:00,2025-07-31,5.05,5.05,5.05,5.05,0,4515,0
BANKNIFTY31JUL2548600PE.NFO,2025-07-15,10:50:00,2025-07-31,5.05,5.05,5.05,5.05,0,4515,0
BANKNIFTY31JUL2548600PE.NFO,2025-07-15,10:51:00,2025-07-31,5.05,5.05,5.05,5.05,0,4515,0
BANKNIFTY31JUL2548600PE.NFO,2025-07-15,10:52:00,2025-07-31,5.05,5.05,5.05,5.05,0,4515,1
BANKNIFTY31JUL2548600PE.NFO,2025-07-15,10:53:00,2025-07-31,5.05,5.05,5.05,5.05,0,4515,0
BANKNIFTY31JUL2548600PE.NFO,2025-07-15,10:54:00,2025-07-31,5.05,5.05,5.05,5.05,0,4515,0
BANKNIFTY31JUL2548600PE.NFO,2025-07-15,10:55:00,2025-07-31,5.05,5.05,5.05,5.05,0,4515,1
BANKNIFTY31JUL2548600PE.NFO,2025-07-15,10:56:00,2025-07-31,5.05,5.05,5.05,5.05,0,4515,1
BANKNIFTY31JUL2548600PE.NFO,2025-07-15,10:57:00,2025-07-31,5.05,5.05,5.05,5.05,0,4515,1
BANKNIFTY31JUL2548600PE.NFO,2025-07-15,10:58:00,2025-07-31,5.05,5.05,5.05,5.05,0,4515,0
BANKNIFTY31JUL2548600PE.NFO,2025-07-15,10:59:00,2025-07-31,5.05,5.05,5.05,5.05,0,4515,1
BANKNIFTY31JUL2548600PE.NFO,2025-07-15,11:00:00,2025-07-31,5.05,5.05,5.05,5.05,0,4515,0
BANKNIFTY31JUL2548600PE.NFO,2025-07-15,11:01:00,2025-07-31,5.05,5.05,5.05,5.05,0,4515,0
BANKNIFTY31JUL2548600PE.NFO,2025-07-15,11:02:00,2025-07-31,5.05,5.05,5.05,5.05,0,4515,1
BANKNIFTY31JUL2548600PE.NFO,2025-07-15,11:03:00,2025-07-31,5.05,5.05,5.05,5.05,0,4515,1
BANKNIFTY31JUL2548600PE.NFO,2025-07-15,11:04:00,2025-07-31,5.05,5.05,5.05,5.05,0,4515,1
BANKNIFTY31JUL2548600PE.NFO,2025-07-15,11:05:00,2025-07-31,5.05,5.05,5.05,5.05,0,4515,0
BANKNIFTY31JUL2548600PE.NFO,2025-07-15,11:06:00,2025-07-31,5.05,5.05,5.05,5.05,0,4515,0
BANKNIFTY31JUL2548600PE.NFO,2025-07-15,11:07:00,2025-07-31,5.05,5.05,5.05,5.05,0,4515,0
BANKNIFTY31JUL2548600PE.NFO,2025-07-15,11:08:00,2025-07-31,5.05,5.05,5.05,5.05,0,4515,0
BANKNIFTY31JUL2548600PE.NFO,2025-07-15,11:09:00,2025-07-31,5.05,5.05,5.05,5.05,0,4515,0
BANKNIFTY31JUL2548600PE.NFO,2025-07-15,11:10:00,2025-07-31,5.05,5.05,5.05,5.05,0,4515,1
BANKNIFTY31JUL2548600PE.NFO,2025-07-15,11:11:00,2025-07-31,5.05,5.05,5.05,5.05,0,4515,1
BANKNIFTY31JUL2548600PE.NFO,2025-07-15,11:12:00,2025-07-31,5.05,5.05,5.05,5.05,0,4515,1
BANKNIFTY31JUL2548600PE.NFO,2025-07-15,11:13:00,2025-07-31,5.05,5.05,5.05,5.05,0,4515,1
BANKNIFTY31JUL2548600PE.NFO,2025-07-15,11:14:00,2025-07-31,5.05,5.05,5.05,5.05,0,4515,1
BANKNIFTY31JUL2548600PE.NFO,2025-07-15,11:15:00,2025-07-31,5.05,5.05,5.05,5.05,0,4515,0
BANKNIFTY31JUL2548600PE.NFO,2025-07-15,11:16:00,2025-07-31,5.05,5.05,5.05,5.05,0,4515,0
BANKNIFTY31JUL2548600PE.NFO,2025-07-15,11:17:00,2025-07-31,5.05,5.05,5.05,5.05,0,4515,1
BANKNIFTY31JUL2548600PE.NFO,2025-07-15,11:18:00,2025-07-31,5.05,5.05,5.05,5.05,0,4515,1
BANKNIFTY31JUL2548600PE.NFO,2025-07-15,11:19:00,2025-07-31,5.05,5.05,5.05,5.05,0,4515,1
BANKNIFTY31JUL2548600PE.NFO,2025-07-15,11:20:00,2025-07-31,5.05,5.05,5.05,5.05,0,4515,1
BANKNIFTY31JUL2548600PE.NFO,2025-07-15,11:21:00,2025-07-31,5.05,5.05,5.05,5.05,0,4515,1
BANKNIFTY31JUL2548600PE.NFO,2025-07-15,11:22:00,2025-07-31,5.05,5.05,5.05,5.05,0,4515,1
BANKNIFTY31JUL2548600PE.NFO,2025-07-15,11:23:00,2025-07-31,5.05,5.05,5.05,5.05,0,4515,1
BANKNIFTY31JUL2548600PE.NFO,2025-07-15,11:24:00,2025-07-31,5.05,5.05,5.05,5.05,0,4515,0
BANKNIFTY31JUL2548600PE.NFO,2025-07-15,11:25:00,2025-07-31,5.05,5.05,5.05,5.05,0,4515,1
BANKNIFTY31JUL2548600PE.NFO,2025-07-15,11:26:00,2025-07-31,5.05,5.05,5.05,5.05,0,4515,1
BANKNIFTY31JUL2548600PE.NFO,2025-07-15,11:27:00,2025-07-31,5.05,5.05,5.05,5.05,0,4515,1
BANKNIFTY31JUL2548600PE.NFO,2025-07-15,11:28:00,2025-07-31,5.05,5.05,5.05,5.05,0,4515,0
BANKNIFTY31JUL2548600PE.NFO,2025-07-15,11:29:00,2025-07-31,5.05,5.05,5.05,5.05,0,4515,1
BANKNIFTY31JUL2548600PE.NFO,2025-07-15,11:30:00,2025-07-31,5.05,5.05,5.05,5.05,0,4515,0
BANKNIFTY31JUL2548600PE.NFO,2025-07-15,11:31:00,2025-07-31,5.05,5.05,5.05,5.05,0,4515,0
BANKNIFTY31JUL2548600PE.NFO,2025-07-15,11:32:00,2025-07-31,5.05,5.05,5.05,5.05,0,4515,1
BANKNIFTY31JUL2548600PE.NFO,2025-07-15,11:33:00,2025-07-31,5.05,5.05,5.05,5.05,0,4515,1
BANKNIFTY31JUL2548600PE.NFO,2025-07-15,11:34:00,2025-07-31,5.05,5.05,5.05,5.05,0,4515,0
BANKNIFTY31JUL2548600PE.NFO,2025-07-15,11:35:00,2025-07-31,5.05,5.05,5.05,5.05,0,4515,0
BANKNIFTY31JUL2548600PE.NFO,2025-07-15,11:36:00,2025-07-31,5.05,5.05,5.05,5.05,0,4515,1
BANKNIFTY31JUL2548600PE.NFO,2025-07-15,11:37:00,2025-07-31,5.05,5.05,5.05,5.05,0,4515,1
BANKNIFTY31JUL2548600PE.NFO,2025-07-15,11:38:00,2025-07-31,5.05,5.05,5.05,5.05,0,4515,1
BANKNIFTY31JUL2548600PE.NFO,2025-07-15,11:39:00,2025-07-31,5.05,5.05,5.05,5.05,0,4515,1
BANKNIFTY31JUL2548600PE.NFO,2025-07-15,11:40:00,2025-07-31,5.05,5.05,5.05,5.05,0,4515,1
BANKNIFTY31JUL2548600PE.NFO,2025-07-15,11:41:00,2025-07-31,5.05,5.05,5.05,5.05,0,4515,1
BANKNIFTY31JUL2548600PE.NFO,2025-07-15,11:42:00,2025-07-31,5.05,5.05,5.05,5.05,0,4515,1
BANKNIFTY31JUL2548600PE.NFO,2025-07-15,11:43:00,2025-07-31,5.05,5.05,5.05,5.05,0,4515,0
BANKNIFTY31JUL2548600PE.NFO,2025-07-15,11:44:00,2025-07-31,5.05,5.05,5.05,5.05,0,4515,1
BANKNIFTY31JUL2548600PE.NFO,2025-07-15,11:45:00,2025-07-31,5.05,5.05,5.05,5.05,0,4515,1
BANKNIFTY31JUL2548600PE.NFO,2025-07-15,11:46:00,2025-07-31,5.25,5.25,5.25,5.25,0,4410,0
BANKNIFTY31JUL2548600PE.NFO,2025-07-15,11:47:00,2025-07-31,5.25,5.25,5.25,5.25,70,4410,0
BANKNIFTY31JUL2548600PE.NFO,2025-07-15,11:48:00,2025-07-31,5.25,5.25,5.25,5.25,70,4410,1
BANKNIFTY31JUL2548600PE.NFO,2025-07-15,11:49:00,2025-07-31,5.25,5.25,5.25,5.25,70,4410,1
BANKNIFTY31JUL2548600PE.NFO,2025-07-15,11:50:00,2025-07-31,5.25,5.25,5.25,5.25,70,4410,1
BANKNIFTY31JUL2548600PE.NFO,2025-07-15,11:51:00,2025-07-31,4.8,4.8,4.8,4.8,1435,4410,0
BANKNIFTY31JUL2548600PE.NFO,2025-07-15,11:52:00,2025-07-31,4.8,5.15,4.8,5.15,140,3920,0
BANKNIFTY31JUL2548600PE.NFO,2025-07-15,11:53:00,2025-07-31,5.15,5.15,5.1,5.1,245,3920,0
BANKNIFTY31JUL2548600PE.NFO,2025-07-15,11:54:00,2025-07-31,5.1,5.1,5.1,5.1,0,3920,0
BANKNIFTY31JUL2548600PE.NFO,2025-07-15,11:55:00,2025-07-31,5.1,5.1,5.1,5.1,0,3920,0
BANKNIFTY31JUL2548600PE.NFO,2025-07-15,11:56:00,2025-07-31,5.1,5.1,5.1,5.1,0,3920,0
BANKNIFTY31JUL2548600PE.NFO,2025-07-15,11:57:00,2025-07-31,5.1,5.1,5.1,5.1,0,3920,0
BANKNIFTY31JUL2548600PE.NFO,2025-07-15,11:58:00,2025-07-31,5.1,5.1,5.1,5.1,0,3920,0
BANKNIFTY31JUL2548600PE.NFO,2025-07-15,11:59:00,2025-07-31,5.1,5.1,5.1,5.1,0,3920,0
BANKNIFTY31JUL2548600PE.NFO,2025-07-15,12:00:00,2025-07-31,5.1,5.1,5.1,5.1,0,3920,0
BANKNIFTY31JUL2548600PE.NFO,2025-07-15,12:01:00,2025-07-31,5.1,5.1,5.1,5.1,0,3920,0
BANKNIFTY31JUL2548600PE.NFO,2025-07-15,12:02:00,2025-07-31,5.1,5.1,5.1,5.1,0,3920,0
BANKNIFTY31JUL2548600PE.NFO,2025-07-15,12:03:00,2025-07-31,5.1,5.1,5.1,5.1,0,3920,0
BANKNIFTY31JUL2548600PE.NFO,2025-07-15,12:04:00,2025-07-31,5.1,5.1,5.1,5.1,0,3920,0
BANKNIFTY31JUL2548600PE.NFO,2025-07-15,12:05:00,2025-07-31,5.1,5.1,5.1,5.1,0,3920,0
BANKNIFTY31JUL2548600PE.NFO,2025-07-15,12:06:00,2025-07-31,5.1,5.1,5.1,5.1,0,3920,1
BANKNIFTY31JUL2548600PE.NFO,2025-07-15,12:07:00,2025-07-31,5.1,5.1,5.1,5.1,0,3920,0
BANKNIFTY31JUL2548600PE.NFO,2025-07-15,12:08:00,2025-07-31,5.1,5.1,5.1,5.1,0,3920,0
BANKNIFTY31JUL2548600PE.NFO,2025-07-15,12:09:00,2025-07-31,5.1,5.1,5.1,5.1,0,3920,1
BANKNIFTY31JUL2548600PE.NFO,2025-07-15,12:10:00,2025-07-31,5.1,5.1,5.1,5.1,0,3920,1
BANKNIFTY31JUL2548600PE.NFO,2025-07-15,12:11:00,2025-07-31,5.1,5.1,5.1,5.1,0,3920,1
BANKNIFTY31JUL2548600PE.NFO,2025-07-15,12:12:00,2025-07-31,5.1,5.1,5.1,5.1,0,3920,1
BANKNIFTY31JUL2548600PE.NFO,2025-07-15,12:13:00,2025-07-31,5.1,5.1,5.1,5.1,0,3920,0
BANKNIFTY31JUL2548600PE.NFO,2025-07-15,12:14:00,2025-07-31,5.1,5.1,5.1,5.1,0,3920,1
BANKNIFTY31JUL2548600PE.NFO,2025-07-15,12:15:00,2025-07-31,5.1,5.1,5.1,5.1,0,3920,1
BANKNIFTY31JUL2548600PE.NFO,2025-07-15,12:16:00,2025-07-31,5.1,5.1,5.1,5.1,0,3920,0
BANKNIFTY31JUL2548600PE.NFO,2025-07-15,12:17:00,2025-07-31,5.1,5.1,5.1,5.1,0,3920,0
BANKNIFTY31JUL2548600PE.NFO,2025-07-15,12:18:00,2025-07-31,5.1,5.1,5.1,5.1,0,3920,0
BANKNIFTY31JUL2548600PE.NFO,2025-07-15,12:19:00,2025-07-31,5.1,5.1,5.1,5.1,0,3920,0
BANKNIFTY31JUL2548600PE.NFO,2025-07-15,12:20:00,2025-07-31,5.1,5.1,5.1,5.1,0,3920,0
BANKNIFTY31JUL2548600PE.NFO,2025-07-15,12:21:00,2025-07-31,5.1,5.1,5.1,5.1,0,3920,0
BANKNIFTY31JUL2548600PE.NFO,2025-07-15,12:22:00,2025-07-31,5.1,5.1,5.1,5.1,0,3920,0
BANKNIFTY31JUL2548600PE.NFO,2025-07-15,12:23:00,2025-07-31,5.1,5.1,5.1,5.1,0,3920,0
BANKNIFTY31JUL2548600PE.NFO,2025-07-15,12:24:00,2025-07-31,5.1,5.1,5.1,5.1,0,3920,1
BANKNIFTY31JUL2548600PE.NFO,2025-07-15,12:25:00,2025-07-31,5.1,5.1,5.1,5.1,0,3920,1
BANKNIFTY31JUL2548600PE.NFO,2025-07-15,12:26:00,2025-07-31,5.5,5.5,5.5,5.5,35,3920,0
BANKNIFTY31JUL2548600PE.NFO,2025-07-15,12:27:00,2025-07-31,5.5,5.5,5.5,5.5,0,3920,0
BANKNIFTY31JUL2548600PE.NFO,2025-07-15,12:28:00,2025-07-31,5.5,5.5,5.5,5.5,0,3920,1
BANKNIFTY31JUL2548600PE.NFO,2025-07-15,12:29:00,2025-07-31,5.5,5.5,5.5,5.5,0,3920,0
BANKNIFTY31JUL2548600PE.NFO,2025-07-15,12:30:00,2025-07-31,5.5,5.5,5.5,5.5,0,3920,0
BANKNIFTY31JUL2548600PE.NFO,2025-07-15,12:31:00,2025-07-31,5.5,5.5,5.5,5.5,0,3920,0
BANKNIFTY31JUL2548600PE.NFO,2025-07-15,12:32:00,2025-07-31,5.5,5.5,5.5,5.5,0,3920,0
BANKNIFTY31JUL2548600PE.NFO,2025-07-15,12:33:00,2025-07-31,5.5,5.5,5.5,5.5,0,3920,0
BANKNIFTY31JUL2548600PE.NFO,2025-07-15,12:34:00,2025-07-31,5.5,5.5,5.5,5.5,0,3920,1
BANKNIFTY31JUL2548600PE.NFO,2025-07-15,12:35:00,2025-07-31,5.5,5.5,5.5,5.5,0,3920,1
BANKNIFTY31JUL2548600PE.NFO,2025-07-15,12:36:00,2025-07-31,5.5,5.5,5.5,5.5,0,3920,1
BANKNIFTY31JUL2548600PE.NFO,2025-07-15,12:37:00,2025-07-31,5.5,5.5,5.5,5.5,0,3920,1
BANKNIFTY31JUL2548600PE.NFO,2025-07-15,12:38:00,2025-07-31,5.5,5.5,5.5,5.5,0,3920,1
BANKNIFTY31JUL2548600PE.NFO,2025-07-15,12:39:00,2025-07-31,5.5,5.5,5.5,5.5,0,3920,0
BANKNIFTY31JUL2548600PE.NFO,2025-07-15,12:40:00,2025-07-31,5.5,5.5,5.5,5.5,0,3920,0
BANKNIFTY31JUL2548600PE.NFO,2025-07-15,12:41:00,2025-07-31,5.5,5.5,5.5,5.5,0,3920,1
BANKNIFTY31JUL2548600PE.NFO,2025-07-15,12:42:00,2025-07-31,5.5,5.5,5.5,5.5,0,3920,0
BANKNIFTY31JUL2548600PE.NFO,2025-07-15,12:43:00,2025-07-31,5.5,5.5,5.5,5.5,0,3920,0
BANKNIFTY31JUL2548600PE.NFO,2025-07-15,12:44:00,2025-07-31,5.5,5.5,5.5,5.5,0,3920,0
BANKNIFTY31JUL2548600PE.NFO,2025-07-15,12:45:00,2025-07-31,5.5,5.5,5.5,5.5,0,3920,0
BANKNIFTY31JUL2548600PE.NFO,2025-07-15,12:46:00,2025-07-31,5.5,5.5,5.5,5.5,0,3920,1
BANKNIFTY31JUL2548600PE.NFO,2025-07-15,12:47:00,2025-07-31,5.5,5.5,5.5,5.5,0,3920,1
BANKNIFTY31JUL2548600PE.NFO,2025-07-15,12:48:00,2025-07-31,5.5,5.5,5.5,5.5,0,3920,0
BANKNIFTY31JUL2548600PE.NFO,2025-07-15,12:49:00,2025-07-31,5.5,5.5,5.5,5.5,0,3920,1
BANKNIFTY31JUL2548600PE.NFO,2025-07-15,12:50:00,2025-07-31,5.5,5.5,5.5,5.5,0,3920,0
BANKNIFTY31JUL2548600PE.NFO,2025-07-15,12:51:00,2025-07-31,5.5,5.5,5.5,5.5,0,3920,1
BANKNIFTY31JUL2548600PE.NFO,2025-07-15,12:52:00,2025-07-31,5.5,5.5,5.5,5.5,0,3920,0
BANKNIFTY31JUL2548600PE.NFO,2025-07-15,12:53:00,2025-07-31,5.5,5.5,5.5,5.5,0,3920,1
BANKNIFTY31JUL2548600PE.NFO,2025-07-15,12:54:00,2025-07-31,5.5,5.5,5.5,5.5,0,3920,1
BANKNIFTY31JUL2548600PE.NFO,2025-07-15,12:55:00,2025-07-31,5.5,5.5,5.5,5.5,0,3920,1
BANKNIFTY31JUL2548600PE.NFO,2025-07-15,12:56:00,2025-07-31,5.5,5.5,5.5,5.5,0,3920,0
BANKNIFTY31JUL2548600PE.NFO,2025-07-15,12:57:00,2025-07-31,5.5,5.5,5.5,5.5,0,3920,0
BANKNIFTY31JUL2548600PE.NFO,2025-07-15,12:58:00,2025-07-31,5.5,5.5,5.5,5.5,0,3920,0
BANKNIFTY31JUL2548600PE.NFO,2025-07-15,12:59:00,2025-07-31,5.5,5.5,5.5,5.5,0,3920,1
BANKNIFTY31JUL2548600PE.NFO,2025-07-15,13:00:00,2025-07-31,5.7,6.0,5.1,5.1,280,3920,0
BANKNIFTY31JUL2548600PE.NFO,2025-07-15,13:01:00,2025-07-31,5.1,5.1,5.1,5.1,0,3920,0
BANKNIFTY31JUL2548600PE.NFO,2025-07-15,13:02:00,2025-07-31,5.1,5.1,5.1,5.1,0,3920,0
BANKNIFTY31JUL2548600PE.NFO,2025-07-15,13:03:00,2025-07-31,5.1,5.1,5.1,5.1,0,3920,1
BANKNIFTY31JUL2548600PE.NFO,2025-07-15,13:04:00,2025-07-31,5.1,5.1,5.1,5.1,0,3920,0
BANKNIFTY31JUL2548600PE.NFO,2025-07-15,13:05:00,2025-07-31,5.1,5.1,5.1,5.1,0,3920,0
BANKNIFTY31JUL2548600PE.NFO,2025-07-15,13:06:00,2025-07-31,5.1,5.1,5.1,5.1,0,3920,1
BANKNIFTY31JUL2548600PE.NFO,2025-07-15,13:07:00,2025-07-31,5.1,5.1,5.1,5.1,0,3920,1
BANKNIFTY31JUL2548600PE.NFO,2025-07-15,13:08:00,2025-07-31,5.1,5.1,5.1,5.1,0,3920,1
BANKNIFTY31JUL2548600PE.NFO,2025-07-15,13:09:00,2025-07-31,5.1,5.1,5.1,5.1,0,3920,1
BANKNIFTY31JUL2548600PE.NFO,2025-07-15,13:10:00,2025-07-31,5.1,5.1,5.1,5.1,0,3920,1
BANKNIFTY31JUL2548600PE.NFO,2025-07-15,13:11:00,2025-07-31,5.1,5.1,5.1,5.1,0,3920,1
BANKNIFTY31JUL2548600PE.NFO,2025-07-15,13:12:00,2025-07-31,5.1,5.1,5.1,5.1,0,3920,1
BANKNIFTY31JUL2548600PE.NFO,2025-07-15,13:13:00,2025-07-31,5.1,5.1,5.1,5.1,0,3920,1
BANKNIFTY31JUL2548600PE.NFO,2025-07-15,13:14:00,2025-07-31,5.1,5.1,5.1,5.1,0,3920,1
BANKNIFTY31JUL2548600PE.NFO,2025-07-15,13:15:00,2025-07-31,5.1,5.1,5.1,5.1,0,3920,0
BANKNIFTY31JUL2548600PE.NFO,2025-07-15,13:16:00,2025-07-31,5.1,5.1,5.1,5.1,0,3920,1
BANKNIFTY31JUL2548600PE.NFO,2025-07-15,13:17:00,2025-07-31,5.1,5.1,5.1,5.1,0,3920,1
BANKNIFTY31JUL2548600PE.NFO,2025-07-15,13:18:00,2025-07-31,5.1,5.1,5.1,5.1,0,3920,1
BANKNIFTY31JUL2548600PE.NFO,2025-07-15,13:19:00,2025-07-31,5.1,5.1,5.1,5.1,0,3920,1
BANKNIFTY31JUL2548600PE.NFO,2025-07-15,13:20:00,2025-07-31,5.1,5.1,5.1,5.1,0,3920,1
BANKNIFTY31JUL2548600PE.NFO,2025-07-15,13:21:00,2025-07-31,5.75,5.75,5.75,5.75,35,3990,0
BANKNIFTY31JUL2548600PE.NFO,2025-07-15,13:22:00,2025-07-31,5.75,5.75,5.75,5.75,0,3990,0
BANKNIFTY31JUL2548600PE.NFO,2025-07-15,13:23:00,2025-07-31,5.75,5.75,5.0,5.1,245,3990,0
BANKNIFTY31JUL2548600PE.NFO,2025-07-15,13:24:00,2025-07-31,5.1,5.1,5.1,5.1,0,3990,0
BANKNIFTY31JUL2548600PE.NFO,2025-07-15,13:25:00,2025-07-31,5.1,5.1,5.1,5.1,0,3990,0
BANKNIFTY31JUL2548600PE.NFO,2025-07-15,13:26:00,2025-07-31,5.1,5.1,5.1,5.1,0,3990,0
BANKNIFTY31JUL2548600PE.NFO,2025-07-15,13:27:00,2025-07-31,5.1,5.1,5.1,5.1,0,3990,0
BANKNIFTY31JUL2548600PE.NFO,2025-07-15,13:28:00,2025-07-31,5.1,6.0,5.1,5.1,105,4060,0
BANKNIFTY31JUL2548600PE.NFO,2025-07-15,13:29:00,2025-07-31,5.1,5.1,5.1,5.1,70,4060,0
BANKNIFTY31JUL2548600PE.NFO,2025-07-15,13:30:00,2025-07-31,5.1,5.1,5.1,5.1,0,4060,0
BANKNIFTY31JUL2548600PE.NFO,2025-07-15,13:31:00,2025-07-31,5.1,5.1,5.1,5.1,0,4060,0
BANKNIFTY31JUL2548600PE.NFO,2025-07-15,13:32:00,2025-07-31,5.1,5.1,5.1,5.1,0,4060,0
BANKNIFTY31JUL2548600PE.NFO,2025-07-15,13:33:00,2025-07-31,5.1,5.1,5.1,5.1,0,4060,1
BANKNIFTY31JUL2548600PE.NFO,2025-07-15,13:34:00,2025-07-31,5.1,5.1,5.1,5.1,0,4060,1
BANKNIFTY31JUL2548600PE.NFO,2025-07-15,13:35:00,2025-07-31,5.1,5.1,5.1,5.1,0,4060,1
BANKNIFTY31JUL2548600PE.NFO,2025-07-15,13:36:00,2025-07-31,5.1,5.1,5.1,5.1,0,4060,0
BANKNIFTY31JUL2548600PE.NFO,2025-07-15,13:37:00,2025-07-31,5.1,5.1,5.1,5.1,0,4060,1
BANKNIFTY31JUL2548600PE.NFO,2025-07-15,13:38:00,2025-07-31,5.1,5.1,5.1,5.1,0,4060,1
BANKNIFTY31JUL2548600PE.NFO,2025-07-15,13:39:00,2025-07-31,5.1,5.1,5.1,5.1,0,4060,1
BANKNIFTY31JUL2548600PE.NFO,2025-07-15,13:40:00,2025-07-31,5.05,5.05,5.05,5.05,210,4095,0
BANKNIFTY31JUL2548600PE.NFO,2025-07-15,13:41:00,2025-07-31,5.05,5.05,5.05,5.05,0,4095,0
BANKNIFTY31JUL2548600PE.NFO,2025-07-15,13:42:00,2025-07-31,5.05,5.05,5.05,5.05,0,4095,1
BANKNIFTY31JUL2548600PE.NFO,2025-07-15,13:43:00,2025-07-31,5.15,5.15,5.15,5.15,70,4130,0
BANKNIFTY31JUL2548600PE.NFO,2025-07-15,13:44:00,2025-07-31,5.15,5.2,5.15,5.2,70,4130,0
BANKNIFTY31JUL2548600PE.NFO,2025-07-15,13:45:00,2025-07-31,5.2,5.2,5.2,5.2,0,4130,0
BANKNIFTY31JUL2548600PE.NFO,2025-07-15,13:46:00,2025-07-31,5.2,5.2,5.2,5.2,0,4130,0
BANKNIFTY31JUL2548600PE.NFO,2025-07-15,13:47:00,2025-07-31,5.2,5.85,5.2,5.85,35,3990,0
BANKNIFTY31JUL2548600PE.NFO,2025-07-15,13:48:00,2025-07-31,5.85,5.85,5.85,5.85,0,3990,0
BANKNIFTY31JUL2548600PE.NFO,2025-07-15,13:49:00,2025-07-31,5.85,5.85,5.85,5.85,0,3990,0
BANKNIFTY31JUL2548600PE.NFO,2025-07-15,13:50:00,2025-07-31,5.85,5.85,5.85,5.85,0,3990,0
BANKNIFTY31JUL2548600PE.NFO,2025-07-15,13:51:00,2025-07-31,5.85,5.85,5.85,5.85,0,3990,0
BANKNIFTY31JUL2548600PE.NFO,2025-07-15,13:52:00,2025-07-31,5.85,5.85,5.85,5.85,0,3990,1
BANKNIFTY31JUL2548600PE.NFO,2025-07-15,13:53:00,2025-07-31,5.85,5.85,5.85,5.85,0,3990,1
BANKNIFTY31JUL2548600PE.NFO,2025-07-15,13:54:00,2025-07-31,5.85,5.85,5.85,5.85,0,3990,0
BANKNIFTY31JUL2548600PE.NFO,2025-07-15,13:55:00,2025-07-31,5.85,5.85,5.85,5.85,0,3990,0
BANKNIFTY31JUL2548600PE.NFO,2025-07-15,13:56:00,2025-07-31,5.85,5.85,5.85,5.85,0,3990,1
BANKNIFTY31JUL2548600PE.NFO,2025-07-15,13:57:00,2025-07-31,5.85,5.85,5.85,5.85,0,3990,0
BANKNIFTY31JUL2548600PE.NFO,2025-07-15,13:58:00,2025-07-31,5.85,5.85,5.85,5.85,0,3990,1
BANKNIFTY31JUL2548600PE.NFO,2025-07-15,13:59:00,2025-07-31,5.85,5.85,5.85,5.85,0,3990,0
BANKNIFTY31JUL2548600PE.NFO,2025-07-15,14:00:00,2025-07-31,5.85,5.85,5.85,5.85,0,3990,0
BANKNIFTY31JUL2548600PE.NFO,2025-07-15,14:01:00,2025-07-31,5.85,5.85,5.85,5.85,0,3990,0
BANKNIFTY31JUL2548600PE.NFO,2025-07-15,14:02:00,2025-07-31,5.85,5.85,5.85,5.85,0,3990,0
BANKNIFTY31JUL2548600PE.NFO,2025-07-15,14:03:00,2025-07-31,5.85,5.85,5.85,5.85,0,3990,0
BANKNIFTY31JUL2548600PE.NFO,2025-07-15,14:04:00,2025-07-31,5.85,5.85,5.85,5.85,0,3990,1
BANKNIFTY31JUL2548600PE.NFO,2025-07-15,14:05:00,2025-07-31,5.85,5.85,5.85,5.85,0,3990,0
BANKNIFTY31JUL2548600PE.NFO,2025-07-15,14:06:00,2025-07-31,5.85,5.85,5.85,5.85,0,3990,0
BANKNIFTY31JUL2548600PE.NFO,2025-07-15,14:07:00,2025-07-31,5.85,5.85,5.85,5.85,0,3990,1
BANKNIFTY31JUL2548600PE.NFO,2025-07-15,14:08:00,2025-07-31,5.85,5.85,5.85,5.85,0,3990,1
BANKNIFTY31JUL2548600PE.NFO,2025-07-15,14:09:00,2025-07-31,5.85,5.85,5.85,5.85,0,3990,1
BANKNIFTY31JUL2548600PE.NFO,2025-07-15,14:10:00,2025-07-31,5.85,5.85,5.85,5.85,0,3990,1
BANKNIFTY31JUL2548600PE.NFO,2025-07-15,14:11:00,2025-07-31,5.85,5.85,5.85,5.85,0,3990,0
BANKNIFTY31JUL2548600PE.NFO,2025-07-15,14:12:00,2025-07-31,5.85,5.85,5.85,5.85,0,3990,1
BANKNIFTY31JUL2548600PE.NFO,2025-07-15,14:13:00,2025-07-31,5.85,5.85,5.85,5.85,0,3990,1
BANKNIFTY31JUL2548600PE.NFO,2025-07-15,14:14:00,2025-07-31,5.85,5.85,5.85,5.85,0,3990,0
BANKNIFTY31JUL2548600PE.NFO,2025-07-15,14:15:00,2025-07-31,5.85,5.85,5.85,5.85,0,3990,0
BANKNIFTY31JUL2548600PE.NFO,2025-07-15,14:16:00,2025-07-31,5.85,5.85,5.85,5.85,0,3990,0
BANKNIFTY31JUL2548600PE.NFO,2025-07-15,14:17:00,2025-07-31,5.85,5.85,5.85,5.85,0,3990,0
BANKNIFTY31JUL2548600PE.NFO,2025-07-15,14:18:00,2025-07-31,5.85,5.85,5.85,5.85,0,3990,0
BANKNIFTY31JUL2548600PE.NFO,2025-07-15,14:19:00,2025-07-31,5.85,5.85,5.85,5.85,0,3990,1
BANKNIFTY31JUL2548600PE.NFO,2025-07-15,14:20:00,2025-07-31,5.85,5.85,5.85,5.85,0,3990,0
BANKNIFTY31JUL2548600PE.NFO,2025-07-15,14:21:00,2025-07-31,5.85,5.85,5.85,5.85,0,3990,1
BANKNIFTY31JUL2548600PE.NFO,2025-07-15,14:22:00,2025-07-31,5.85,5.85,5.85,5.85,0,3990,1
BANKNIFTY31JUL2548600PE.NFO,2025-07-15,14:23:00,2025-07-31,5.85,5.85,5.85,5.85,0,3990,1
BANKNIFTY31JUL2548600PE.NFO,2025-07-15,14:24:00,2025-07-31,5.85,5.85,5.85,5.85,0,3990,1
BANKNIFTY31JUL2548600PE.NFO,2025-07-15,14:25:00,2025-07-31,5.85,5.85,5.85,5.85,0,3990,1
BANKNIFTY31JUL2548600PE.NFO,2025-07-15,14:26:00,2025-07-31,5.85,5.85,5.85,5.85,0,3990,1
BANKNIFTY31JUL2548600PE.NFO,2025-07-15,14:27:00,2025-07-31,5.85,5.85,5.85,5.85,0,3990,1
BANKNIFTY31JUL2548600PE.NFO,2025-07-15,14:28:00,2025-07-31,5.85,5.85,5.85,5.85,0,3990,1
BANKNIFTY31JUL2548600PE.NFO,2025-07-15,14:29:00,2025-07-31,5.85,5.85,5.85,5.85,0,3990,1
BANKNIFTY31JUL2548600PE.NFO,2025-07-15,14:30:00,2025-07-31,5.85,5.85,5.85,5.85,0,3990,1
BANKNIFTY31JUL2548600PE.NFO,2025-07-15,14:31:00,2025-07-31,5.85,5.85,5.85,5.85,0,3990,1
BANKNIFTY31JUL2548600PE.NFO,2025-07-15,14:32:00,2025-07-31,5.85,5.85,5.85,5.85,0,3990,0
BANKNIFTY31JUL2548600PE.NFO,2025-07-15,14:33:00,2025-07-31,5.85,5.85,5.85,5.85,0,3990,0
BANKNIFTY31JUL2548600PE.NFO,2025-07-15,14:34:00,2025-07-31,5.85,5.85,5.85,5.85,0,3990,1
BANKNIFTY31JUL2548600PE.NFO,2025-07-15,14:35:00,2025-07-31,5.85,5.85,5.85,5.85,0,3990,1
BANKNIFTY31JUL2548600PE.NFO,2025-07-15,14:36:00,2025-07-31,5.85,5.85,5.85,5.85,0,3990,1
BANKNIFTY31JUL2548600PE.NFO,2025-07-15,14:37:00,2025-07-31,5.85,5.85,5.85,5.85,0,3990,1
BANKNIFTY31JUL2548600PE.NFO,2025-07-15,14:38:00,2025-07-31,5.85,5.85,5.85,5.85,0,3990,1
BANKNIFTY31JUL2548600PE.NFO,2025-07-15,14:39:00,2025-07-31,5.85,5.85,5.85,5.85,0,3990,0
BANKNIFTY31JUL2548600PE.NFO,2025-07-15,14:40:00,2025-07-31,5.85,5.85,5.85,5.85,0,3990,0
BANKNIFTY31JUL2548600PE.NFO,2025-07-15,14:41:00,2025-07-31,5.85,5.85,5.85,5.85,0,3990,1
BANKNIFTY31JUL2548600PE.NFO,2025-07-15,14:42:00,2025-07-31,5.85,5.85,5.85,5.85,0,3990,0
BANKNIFTY31JUL2548600PE.NFO,2025-07-15,14:43:00,2025-07-31,5.85,5.85,5.85,5.85,0,3990,0
BANKNIFTY31JUL2548600PE.NFO,2025-07-15,14:44:00,2025-07-31,5.85,5.85,5.85,5.85,0,3990,1
BANKNIFTY31JUL2548600PE.NFO,2025-07-15,14:45:00,2025-07-31,5.85,5.85,5.85,5.85,0,3990,0
BANKNIFTY31JUL2548600PE.NFO,2025-07-15,14:46:00,2025-07-31,5.85,5.85,5.85,5.85,0,3990,1
BANKNIFTY31JUL2548600PE.NFO,2025-07-15,14:47:00,2025-07-31,5.85,5.85,5.85,5.85,0,3990,0
BANKNIFTY31JUL2548600PE.NFO,2025-07-15,14:48:00,2025-07-31,5.85,5.85,5.85,5.85,0,3990,0
BANKNIFTY31JUL2548600PE.NFO,2025-07-15,14:49:00,2025-07-31,5.85,5.85,5.85,5.85,0,3990,0
BANKNIFTY31JUL2548600PE.NFO,2025-07-15,14:50:00,2025-07-31,5.85,5.85,5.85,5.85,0,3990,0
BANKNIFTY31JUL2548600PE.NFO,2025-07-15,14:51:00,2025-07-31,5.85,5.85,5.85,5.85,0,3990,0
BANKNIFTY31JUL2548600PE.NFO,2025-07-15,14:52:00,2025-07-31,5.85,5.85,5.85,5.85,0,3990,1
BANKNIFTY31JUL2548600PE.NFO,2025-07-15,14:53:00,2025-07-31,5.85,5.85,5.85,5.85,0,3990,0
BANKNIFTY31JUL2548600PE.NFO,2025-07-15,14:54:00,2025-07-31,5.85,5.85,5.85,5.85,0,3990,1
BANKNIFTY31JUL2548600PE.NFO,2025-07-15,14:55:00,2025-07-31,5.85,5.85,5.85,5.85,0,3990,0
BANKNIFTY31JUL2548600PE.NFO,2025-07-15,14:56:00,2025-07-31,5.85,5.85,5.85,5.85,0,3990,0
BANKNIFTY31JUL2548600PE.NFO,2025-07-15,14:57:00,2025-07-31,5.85,5.85,5.85,5.85,0,3990,0
BANKNIFTY31JUL2548600PE.NFO,2025-07-15,14:58:00,2025-07-31,5.85,5.85,5.85,5.85,0,3990,0
BANKNIFTY31JUL2548600PE.NFO,2025-07-15,14:59:00,2025-07-31,5.85,5.85,5.85,5.85,0,3990,1
BANKNIFTY31JUL2548600PE.NFO,2025-07-15,15:00:00,2025-07-31,5.85,5.85,5.85,5.85,0,3990,0
BANKNIFTY31JUL2548600PE.NFO,2025-07-15,15:01:00,2025-07-31,5.85,5.85,5.85,5.85,0,3990,0
BANKNIFTY31JUL2548600PE.NFO,2025-07-15,15:02:00,2025-07-31,5.85,5.85,5.85,5.85,0,3990,0
BANKNIFTY31JUL2548600PE.NFO,2025-07-15,15:03:00,2025-07-31,5.85,5.85,5.85,5.85,0,3990,0
BANKNIFTY31JUL2548600PE.NFO,2025-07-15,15:04:00,2025-07-31,5.85,5.85,5.85,5.85,0,3990,1
BANKNIFTY31JUL2548600PE.NFO,2025-07-15,15:05:00,2025-07-31,5.85,5.85,5.85,5.85,0,3990,0
BANKNIFTY31JUL2548600PE.NFO,2025-07-15,15:06:00,2025-07-31,5.85,5.85,5.85,5.85,0,3990,0
BANKNIFTY31JUL2548600PE.NFO,2025-07-15,15:07:00,2025-07-31,5.85,5.85,5.85,5.85,0,3990,0
BANKNIFTY31JUL2548600PE.NFO,2025-07-15,15:08:00,2025-07-31,5.0,5.15,5.0,5.15,315,3955,0
BANKNIFTY31JUL2548600PE.NFO,2025-07-15,15:09:00,2025-07-31,5.15,5.15,5.15,5.15,70,3955,0
BANKNIFTY31JUL2548600PE.NFO,2025-07-15,15:10:00,2025-07-31,5.15,5.15,5.15,5.15,70,3955,1
BANKNIFTY31JUL2548600PE.NFO,2025-07-15,15:11:00,2025-07-31,5.15,5.15,5.15,5.15,70,3955,1
BANKNIFTY31JUL2548600PE.NFO,2025-07-15,15:12:00,2025-07-31,5.15,5.15,5.0,5.0,35,3780,0
BANKNIFTY31JUL2548600PE.NFO,2025-07-15,15:13:00,2025-07-31,5.0,5.0,5.0,5.0,0,3780,0
BANKNIFTY31JUL2548600PE.NFO,2025-07-15,15:14:00,2025-07-31,5.0,5.0,5.0,5.0,0,3780,0
BANKNIFTY31JUL2548600PE.NFO,2025-07-15,15:15:00,2025-07-31,5.0,5.0,5.0,5.0,0,3780,0
BANKNIFTY31JUL2548600PE.NFO,2025-07-15,15:16:00,2025-07-31,5.0,5.0,5.0,5.0,0,3780,0
BANKNIFTY31JUL2548600PE.NFO,2025-07-15,15:17:00,2025-07-31,5.0,5.0,5.0,5.0,0,3780,0
BANKNIFTY31JUL2548600PE.NFO,2025-07-15,15:18:00,2025-07-31,5.0,5.0,5.0,5.0,0,3780,0
BANKNIFTY31JUL2548600PE.NFO,2025-07-15,15:19:00,2025-07-31,5.0,5.0,5.0,5.0,0,3780,0
BANKNIFTY31JUL2548600PE.NFO,2025-07-15,15:20:00,2025-07-31,4.9,4.9,4.25,4.25,385,3780,0
BANKNIFTY31JUL2548600PE.NFO,2025-07-15,15:21:00,2025-07-31,4.25,4.25,4.25,4.25,0,3780,0
BANKNIFTY31JUL2548600PE.NFO,2025-07-15,15:22:00,2025-07-31,4.25,4.25,4.25,4.25,0,3780,0
BANKNIFTY31JUL2548600PE.NFO,2025-07-15,15:23:00,2025-07-31,4.25,4.25,4.25,4.25,0,3780,0
BANKNIFTY31JUL2548600PE.NFO,2025-07-15,15:24:00,2025-07-31,4.25,4.25,4.25,4.25,0,3780,0
BANKNIFTY31JUL2548600PE.NFO,2025-07-15,15:25:00,2025-07-31,4.25,4.3,4.25,4.3,210,3710,0
BANKNIFTY31JUL2548600PE.NFO,2025-07-15,15:26:00,2025-07-31,4.3,4.3,4.3,4.3,0,3710,0
BANKNIFTY31JUL2548600PE.NFO,2025-07-15,15:27:00,2025-07-31,4.3,4.3,4.3,4.3,0,3710,0
BANKNIFTY31JUL2548600PE.NFO,2025-07-15,15:28:00,2025-07-31,4.3,4.3,4.3,4.3,0,3710,0
BANKNIFTY31JUL2548600PE.NFO,2025-07-15,15:29:00,2025-07-31,4.3,4.3,4.3,4.3,0,3710,0
BANKNIFTY31JUL2548600PE.NFO,2025-07-15,15:30:00,2025-07-31,4.3,4.3,4.3,4.3,0,3710,1
BANKNIFTY31JUL2548600PE.NFO,2025-07-16,09:15:00,2025-07-31,4.2,4.35,4.2,4.35,0,3745,0
BANKNIFTY31JUL2548600PE.NFO,2025-07-16,09:16:00,2025-07-31,4.35,4.35,4.35,4.35,70,3745,0
BANKNIFTY31JUL2548600PE.NFO,2025-07-16,09:17:00,2025-07-31,4.35,4.35,4.35,4.35,0,3745,0
BANKNIFTY31JUL2548600PE.NFO,2025-07-16,09:18:00,2025-07-31,4.35,4.35,4.35,4.35,0,3745,0
BANKNIFTY31JUL2548600PE.NFO,2025-07-16,09:19:00,2025-07-31,4.35,4.35,4.35,4.35,0,3745,1
BANKNIFTY31JUL2548600PE.NFO,2025-07-16,09:20:00,2025-07-31,4.35,4.35,4.35,4.35,0,3745,0
BANKNIFTY31JUL2548600PE.NFO,2025-07-16,09:21:00,2025-07-31,4.35,4.35,4.35,4.35,0,3745,0
BANKNIFTY31JUL2548600PE.NFO,2025-07-16,09:22:00,2025-07-31,4.35,4.35,4.35,4.35,0,3745,0
BANKNIFTY31JUL2548600PE.NFO,2025-07-16,09:23:00,2025-07-31,4.35,4.35,4.35,4.35,0,3745,0
BANKNIFTY31JUL2548600PE.NFO,2025-07-16,09:24:00,2025-07-31,4.35,4.35,4.35,4.35,0,3745,0
BANKNIFTY31JUL2548600PE.NFO,2025-07-16,09:25:00,2025-07-31,4.35,4.35,4.35,4.35,0,3745,0
BANKNIFTY31JUL2548600PE.NFO,2025-07-16,09:26:00,2025-07-31,4.35,4.35,4.35,4.35,0,3745,0
BANKNIFTY31JUL2548600PE.NFO,2025-07-16,09:27:00,2025-07-31,4.35,4.35,4.35,4.35,0,3745,1
BANKNIFTY31JUL2548600PE.NFO,2025-07-16,09:28:00,2025-07-31,4.35,4.35,4.35,4.35,0,3745,0
BANKNIFTY31JUL2548600PE.NFO,2025-07-16,09:29:00,2025-07-31,4.35,4.35,4.35,4.35,0,3745,0
BANKNIFTY31JUL2548600PE.NFO,2025-07-16,09:30:00,2025-07-31,4.35,4.35,4.35,4.35,0,3745,1
BANKNIFTY31JUL2548600PE.NFO,2025-07-16,09:31:00,2025-07-31,4.35,4.35,4.35,4.35,0,3745,0
BANKNIFTY31JUL2548600PE.NFO,2025-07-16,09:32:00,2025-07-31,4.35,4.35,4.35,4.35,0,3745,0
BANKNIFTY31JUL2548600PE.NFO,2025-07-16,09:33:00,2025-07-31,4.35,4.35,4.35,4.35,0,3745,1
BANKNIFTY31JUL2548600PE.NFO,2025-07-16,09:34:00,2025-07-31,4.35,4.35,4.35,4.35,0,3745,0
BANKNIFTY31JUL2548600PE.NFO,2025-07-16,09:35:00,2025-07-31,4.35,4.35,4.35,4.35,0,3745,1
BANKNIFTY31JUL2548600PE.NFO,2025-07-16,09:36:00,2025-07-31,4.35,4.35,4.35,4.35,0,3745,0
BANKNIFTY31JUL2548600PE.NFO,2025-07-16,09:37:00,2025-07-31,4.35,4.35,4.35,4.35,0,3745,0
BANKNIFTY31JUL2548600PE.NFO,2025-07-16,09:38:00,2025-07-31,4.35,4.35,4.35,4.35,0,3745,1
BANKNIFTY31JUL2548600PE.NFO,2025-07-16,09:39:00,2025-07-31,4.35,4.35,4.35,4.35,0,3745,1
BANKNIFTY31JUL2548600PE.NFO,2025-07-16,09:40:00,2025-07-31,4.35,4.35,4.35,4.35,0,3745,0
BANKNIFTY31JUL2548600PE.NFO,2025-07-16,09:41:00,2025-07-31,4.35,4.35,4.35,4.35,0,3745,0
BANKNIFTY31JUL2548600PE.NFO,2025-07-16,09:42:00,2025-07-31,4.35,4.35,4.35,4.35,0,3745,0
BANKNIFTY31JUL2548600PE.NFO,2025-07-16,09:43:00,2025-07-31,4.35,4.35,4.35,4.35,0,3745,0
BANKNIFTY31JUL2548600PE.NFO,2025-07-16,09:44:00,2025-07-31,4.35,4.35,4.35,4.35,0,3745,0
BANKNIFTY31JUL2548600PE.NFO,2025-07-16,09:45:00,2025-07-31,4.35,4.35,4.35,4.35,0,3745,0
BANKNIFTY31JUL2548600PE.NFO,2025-07-16,09:46:00,2025-07-31,4.35,4.35,4.35,4.35,0,3745,0
BANKNIFTY31JUL2548600PE.NFO,2025-07-16,09:47:00,2025-07-31,4.35,4.35,4.35,4.35,0,3745,0
BANKNIFTY31JUL2548600PE.NFO,2025-07-16,09:48:00,2025-07-31,4.35,4.35,4.35,4.35,0,3745,0
BANKNIFTY31JUL2548600PE.NFO,2025-07-16,09:49:00,2025-07-31,4.35,4.35,4.35,4.35,0,3745,0
BANKNIFTY31JUL2548600PE.NFO,2025-07-16,09:50:00,2025-07-31,4.35,4.35,4.35,4.35,0,3745,1
BANKNIFTY31JUL2548600PE.NFO,2025-07-16,09:51:00,2025-07-31,4.35,4.35,4.35,4.35,0,3745,0
BANKNIFTY31JUL2548600PE.NFO,2025-07-16,09:52:00,2025-07-31,4.35,4.35,4.35,4.35,0,3745,1
BANKNIFTY31JUL2548600PE.NFO,2025-07-16,09:53:00,2025-07-31,4.35,4.35,4.35,4.35,0,3745,0
BANKNIFTY31JUL2548600PE.NFO,2025-07-16,09:54:00,2025-07-31,4.35,4.35,4.35,4.35,0,3745,1
BANKNIFTY31JUL2548600PE.NFO,2025-07-16,09:55:00,2025-07-31,4.35,4.35,4.35,4.35,0,3745,0
BANKNIFTY31JUL2548600PE.NFO,2025-07-16,09:56:00,2025-07-31,4.35,4.35,4.35,4.35,0,3745,1
BANKNIFTY31JUL2548600PE.NFO,2025-07-16,09:57:00,2025-07-31,4.35,4.35,4.35,4.35,0,3745,1
BANKNIFTY31JUL2548600PE.NFO,2025-07-16,09:58:00,2025-07-31,4.35,4.35,4.35,4.35,0,3745,0
BANKNIFTY31JUL2548600PE.NFO,2025-07-16,09:59:00,2025-07-31,4.35,4.35,4.35,4.35,0,3745,0
BANKNIFTY31JUL2548600PE.NFO,2025-07-16,10:00:00,2025-07-31,4.35,4.35,4.35,4.35,0,3745,1
BANKNIFTY31JUL2548600PE.NFO,2025-07-16,10:01:00,2025-07-31,4.35,4.35,4.35,4.35,0,3745,0
BANKNIFTY31JUL2548600PE.NFO,2025-07-16,10:02:00,2025-07-31,4.35,4.35,4.35,4.35,0,3745,0
BANKNIFTY31JUL2548600PE.NFO,2025-07-16,10:03:00,2025-07-31,4.35,4.35,4.35,4.35,0,3745,1
BANKNIFTY31JUL2548600PE.NFO,2025-07-16,10:04:00,2025-07-31,4.35,4.35,4.35,4.35,0,3745,0
BANKNIFTY31JUL2548600PE.NFO,2025-07-16,10:05:00,2025-07-31,4.35,4.35,4.35,4.35,0,3745,0
BANKNIFTY31JUL2548600PE.NFO,2025-07-16,10:06:00,2025-07-31,4.35,4.35,4.35,4.35,0,3745,0
BANKNIFTY31JUL2548600PE.NFO,2025-07-16,10:07:00,2025-07-31,4.35,4.35,4.35,4.35,0,3745,1
BANKNIFTY31JUL2548600PE.NFO,2025-07-16,10:08:00,2025-07-31,4.35,4.35,4.35,4.35,0,3745,0
BANKNIFTY31JUL2548600PE.NFO,2025-07-16,10:09:00,2025-07-31,4.35,4.35,4.35,4.35,0,3745,0
BANKNIFTY31JUL2548600PE.NFO,2025-07-16,10:10:00,2025-07-31,4.35,4.35,4.35,4.35,0,3745,0
BANKNIFTY31JUL2548600PE.NFO,2025-07-16,10:11:00,2025-07-31,4.35,4.35,4.35,4.35,0,3745,1
BANKNIFTY31JUL2548600PE.NFO,2025-07-16,10:12:00,2025-07-31,4.35,4.35,4.35,4.35,0,3745,0
BANKNIFTY31JUL2548600PE.NFO,2025-07-16,10:13:00,2025-07-31,4.35,4.35,4.35,4.35,0,3745,1
BANKNIFTY31JUL2548600PE.NFO,2025-07-16,10:14:00,2025-07-31,4.35,4.35,4.35,4.35,0,3745,0
BANKNIFTY31JUL2548600PE.NFO,2025-07-16,10:15:00,2025-07-31,4.35,4.35,4.35,4.35,0,3745,0
BANKNIFTY31JUL2548600PE.NFO,2025-07-16,10:16:00,2025-07-31,4.35,4.35,4.35,4.35,0,3745,0
BANKNIFTY31JUL2548600PE.NFO,2025-07-16,10:17:00,2025-07-31,4.35,4.35,4.35,4.35,0,3745,0
BANKNIFTY31JUL2548600PE.NFO,2025-07-16,10:18:00,2025-07-31,4.35,4.35,4.35,4.35,0,3745,1
BANKNIFTY31JUL2548600PE.NFO,2025-07-16,10:19:00,2025-07-31,4.35,4.35,4.35,4.35,0,3745,1
BANKNIFTY31JUL2548600PE.NFO,2025-07-16,10:20:00,2025-07-31,4.35,4.35,4.35,4.35,0,3745,0
BANKNIFTY31JUL2548600PE.NFO,2025-07-16,10:21:00,2025-07-31,4.35,4.35,4.35,4.35,0,3745,1
BANKNIFTY31JUL2548600PE.NFO,2025-07-16,10:22:00,2025-07-31,4.35,4.35,4.35,4.35,70,3815,0
BANKNIFTY31JUL2548600PE.NFO,2025-07-16,10:23:00,2025-07-31,4.35,4.35,4.35,4.35,0,3815,0
BANKNIFTY31JUL2548600PE.NFO,2025-07-16,10:24:00,2025-07-31,4.35,4.35,4.35,4.35,0,3815,0
BANKNIFTY31JUL2548600PE.NFO,2025-07-16,10:25:00,2025-07-31,4.35,4.35,4.35,4.35,0,3815,0
BANKNIFTY31JUL2548600PE.NFO,2025-07-16,10:26:00,2025-07-31,4.35,4.35,4.35,4.35,0,3815,1
BANKNIFTY31JUL2548600PE.NFO,2025-07-16,10:27:00,2025-07-31,4.35,4.35,4.35,4.35,0,3815,1
BANKNIFTY31JUL2548600PE.NFO,2025-07-16,10:28:00,2025-07-31,4.35,4.35,4.35,4.35,0,3815,1
BANKNIFTY31JUL2548600PE.NFO,2025-07-16,10:29:00,2025-07-31,4.2,4.2,4.2,4.2,35,3745,0
BANKNIFTY31JUL2548600PE.NFO,2025-07-16,10:30:00,2025-07-31,4.2,4.2,4.0,4.0,210,3710,0
BANKNIFTY31JUL2548600PE.NFO,2025-07-16,10:31:00,2025-07-31,4.0,4.2,4.0,4.2,105,3710,0
BANKNIFTY31JUL2548600PE.NFO,2025-07-16,10:32:00,2025-07-31,4.2,4.2,4.2,4.2,0,3710,0
BANKNIFTY31JUL2548600PE.NFO,2025-07-16,10:33:00,2025-07-31,4.2,4.2,4.2,4.2,0,3710,0
BANKNIFTY31JUL2548600PE.NFO,2025-07-16,10:34:00,2025-07-31,4.2,4.2,4.2,4.2,0,3710,1
BANKNIFTY31JUL2548600PE.NFO,2025-07-16,10:35:00,2025-07-31,4.2,4.2,4.2,4.2,0,3710,1
BANKNIFTY31JUL2548600PE.NFO,2025-07-16,10:36:00,2025-07-31,4.2,4.2,4.2,4.2,0,3710,0
BANKNIFTY31JUL2548600PE.NFO,2025-07-16,10:37:00,2025-07-31,4.2,4.2,4.2,4.2,0,3710,0
BANKNIFTY31JUL2548600PE.NFO,2025-07-16,10:38:00,2025-07-31,4.2,4.2,4.2,4.2,0,3710,1
BANKNIFTY31JUL2548600PE.NFO,2025-07-16,10:39:00,2025-07-31,4.2,4.2,4.2,4.2,0,3710,1
BANKNIFTY31JUL2548600PE.NFO,2025-07-16,10:40:00,2025-07-31,4.2,4.2,4.2,4.2,0,3710,1
BANKNIFTY31JUL2548600PE.NFO,2025-07-16,10:41:00,2025-07-31,4.2,4.2,4.2,4.2,0,3710,0
BANKNIFTY31JUL2548600PE.NFO,2025-07-16,10:42:00,2025-07-31,4.2,4.2,4.2,4.2,0,3710,0
BANKNIFTY31JUL2548600PE.NFO,2025-07-16,10:43:00,2025-07-31,4.2,4.2,4.2,4.2,0,3710,1
BANKNIFTY31JUL2548600PE.NFO,2025-07-16,10:44:00,2025-07-31,4.2,4.2,4.2,4.2,0,3710,0
BANKNIFTY31JUL2548600PE.NFO,2025-07-16,10:45:00,2025-07-31,4.2,4.2,4.2,4.2,0,3710,1
BANKNIFTY31JUL2548600PE.NFO,2025-07-16,10:46:00,2025-07-31,4.2,4.2,4.2,4.2,0,3710,0
BANKNIFTY31JUL2548600PE.NFO,2025-07-16,10:47:00,2025-07-31,4.2,4.2,4.2,4.2,0,3710,1
BANKNIFTY31JUL2548600PE.NFO,2025-07-16,10:48:00,2025-07-31,4.2,4.2,4.2,4.2,0,3710,0
BANKNIFTY31JUL2548600PE.NFO,2025-07-16,10:49:00,2025-07-31,4.2,4.2,4.2,4.2,0,3710,0
BANKNIFTY31JUL2548600PE.NFO,2025-07-16,10:50:00,2025-07-31,4.2,4.2,4.2,4.2,0,3710,1
BANKNIFTY31JUL2548600PE.NFO,2025-07-16,10:51:00,2025-07-31,4.2,4.2,4.2,4.2,0,3710,1
BANKNIFTY31JUL2548600PE.NFO,2025-07-16,10:52:00,2025-07-31,4.2,4.2,4.2,4.2,0,3710,1
BANKNIFTY31JUL2548600PE.NFO,2025-07-16,10:53:00,2025-07-31,4.2,4.2,4.2,4.2,0,3710,1
BANKNIFTY31JUL2548600PE.NFO,2025-07-16,10:54:00,2025-07-31,4.2,4.2,4.2,4.2,0,3710,1
BANKNIFTY31JUL2548600PE.NFO,2025-07-16,10:55:00,2025-07-31,4.2,4.2,4.2,4.2,0,3710,1
BANKNIFTY31JUL2548600PE.NFO,2025-07-16,10:56:00,2025-07-31,4.2,4.2,4.2,4.2,0,3710,1
BANKNIFTY31JUL2548600PE.NFO,2025-07-16,10:57:00,2025-07-31,4.2,4.2,4.2,4.2,0,3710,1
BANKNIFTY31JUL2548600PE.NFO,2025-07-16,10:58:00,2025-07-31,4.2,4.2,4.2,4.2,0,3710,1
BANKNIFTY31JUL2548600PE.NFO,2025-07-16,10:59:00,2025-07-31,4.2,4.2,4.2,4.2,0,3710,1
BANKNIFTY31JUL2548600PE.NFO,2025-07-16,11:00:00,2025-07-31,4.2,4.2,4.2,4.2,0,3710,0
BANKNIFTY31JUL2548600PE.NFO,2025-07-16,11:01:00,2025-07-31,4.2,4.2,4.2,4.2,0,3710,0
BANKNIFTY31JUL2548600PE.NFO,2025-07-16,11:02:00,2025-07-31,4.2,4.2,4.2,4.2,0,3710,1
BANKNIFTY31JUL2548600PE.NFO,2025-07-16,11:03:00,2025-07-31,4.2,4.2,4.2,4.2,0,3710,1
BANKNIFTY31JUL2548600PE.NFO,2025-07-16,11:04:00,2025-07-31,4.2,4.2,4.2,4.2,0,3710,0
BANKNIFTY31JUL2548600PE.NFO,2025-07-16,11:05:00,2025-07-31,4.2,4.2,4.2,4.2,0,3710,0
BANKNIFTY31JUL2548600PE.NFO,2025-07-16,11:06:00,2025-07-31,4.2,4.2,4.2,4.2,0,3710,1
BANKNIFTY31JUL2548600PE.NFO,2025-07-16,11:07:00,2025-07-31,4.2,4.2,4.2,4.2,0,3710,1
BANKNIFTY31JUL2548600PE.NFO,2025-07-16,11:08:00,2025-07-31,4.2,4.2,4.2,4.2,0,3710,0
BANKNIFTY31JUL2548600PE.NFO,2025-07-16,11:09:00,2025-07-31,4.2,4.2,4.2,4.2,0,3710,1
BANKNIFTY31JUL2548600PE.NFO,2025-07-16,11:10:00,2025-07-31,4.2,4.2,4.2,4.2,0,3710,1
BANKNIFTY31JUL2548600PE.NFO,2025-07-16,11:11:00,2025-07-31,4.2,4.2,4.2,4.2,0,3710,1
BANKNIFTY31JUL2548600PE.NFO,2025-07-16,11:12:00,2025-07-31,4.2,4.2,4.2,4.2,0,3710,1
BANKNIFTY31JUL2548600PE.NFO,2025-07-16,11:13:00,2025-07-31,4.2,4.2,4.2,4.2,0,3710,1
BANKNIFTY31JUL2548600PE.NFO,2025-07-16,11:14:00,2025-07-31,4.2,4.2,4.2,4.2,0,3710,1
BANKNIFTY31JUL2548600PE.NFO,2025-07-16,11:15:00,2025-07-31,4.2,4.2,4.2,4.2,0,3710,0
BANKNIFTY31JUL2548600PE.NFO,2025-07-16,11:16:00,2025-07-31,4.2,4.2,4.2,4.2,0,3710,0
BANKNIFTY31JUL2548600PE.NFO,2025-07-16,11:17:00,2025-07-31,4.2,4.2,4.2,4.2,0,3710,1
BANKNIFTY31JUL2548600PE.NFO,2025-07-16,11:18:00,2025-07-31,4.2,4.2,4.2,4.2,0,3710,1
BANKNIFTY31JUL2548600PE.NFO,2025-07-16,11:19:00,2025-07-31,4.2,4.2,4.2,4.2,0,3710,1
BANKNIFTY31JUL2548600PE.NFO,2025-07-16,11:20:00,2025-07-31,4.2,4.2,4.2,4.2,0,3710,0
BANKNIFTY31JUL2548600PE.NFO,2025-07-16,11:21:00,2025-07-31,4.2,4.2,4.2,4.2,0,3710,1
BANKNIFTY31JUL2548600PE.NFO,2025-07-16,11:22:00,2025-07-31,4.2,4.2,4.2,4.2,0,3710,1
BANKNIFTY31JUL2548600PE.NFO,2025-07-16,11:23:00,2025-07-31,4.2,4.2,4.2,4.2,0,3710,1
BANKNIFTY31JUL2548600PE.NFO,2025-07-16,11:24:00,2025-07-31,4.2,4.2,4.2,4.2,0,3710,1
BANKNIFTY31JUL2548600PE.NFO,2025-07-16,11:25:00,2025-07-31,4.2,4.2,4.2,4.2,0,3710,1
BANKNIFTY31JUL2548600PE.NFO,2025-07-16,11:26:00,2025-07-31,4.2,4.2,4.2,4.2,0,3710,0
BANKNIFTY31JUL2548600PE.NFO,2025-07-16,11:27:00,2025-07-31,4.2,4.2,4.2,4.2,0,3710,1
BANKNIFTY31JUL2548600PE.NFO,2025-07-16,11:28:00,2025-07-31,4.2,4.2,4.2,4.2,0,3710,1
BANKNIFTY31JUL2548600PE.NFO,2025-07-16,11:29:00,2025-07-31,4.2,4.2,4.2,4.2,0,3710,1
BANKNIFTY31JUL2548600PE.NFO,2025-07-16,11:30:00,2025-07-31,4.2,4.2,4.2,4.2,0,3710,1
BANKNIFTY31JUL2548600PE.NFO,2025-07-16,11:31:00,2025-07-31,4.2,4.2,4.2,4.2,0,3710,0
BANKNIFTY31JUL2548600PE.NFO,2025-07-16,11:32:00,2025-07-31,4.2,4.2,4.2,4.2,0,3710,0
BANKNIFTY31JUL2548600PE.NFO,2025-07-16,11:33:00,2025-07-31,4.2,4.2,4.2,4.2,0,3710,0
BANKNIFTY31JUL2548600PE.NFO,2025-07-16,11:34:00,2025-07-31,4.2,4.2,4.2,4.2,0,3710,1
BANKNIFTY31JUL2548600PE.NFO,2025-07-16,11:35:00,2025-07-31,4.2,4.2,4.2,4.2,0,3710,0
BANKNIFTY31JUL2548600PE.NFO,2025-07-16,11:36:00,2025-07-31,4.2,4.2,4.2,4.2,0,3710,1
BANKNIFTY31JUL2548600PE.NFO,2025-07-16,11:37:00,2025-07-31,4.2,4.2,4.2,4.2,0,3710,1
BANKNIFTY31JUL2548600PE.NFO,2025-07-16,11:38:00,2025-07-31,5.0,5.0,5.0,5.0,35,3570,0
BANKNIFTY31JUL2548600PE.NFO,2025-07-16,11:39:00,2025-07-31,5.0,5.0,5.0,5.0,0,3570,0
BANKNIFTY31JUL2548600PE.NFO,2025-07-16,11:40:00,2025-07-31,5.0,5.0,5.0,5.0,0,3570,0
BANKNIFTY31JUL2548600PE.NFO,2025-07-16,11:41:00,2025-07-31,5.0,5.0,5.0,5.0,0,3570,0
BANKNIFTY31JUL2548600PE.NFO,2025-07-16,11:42:00,2025-07-31,5.0,5.0,5.0,5.0,0,3570,0
BANKNIFTY31JUL2548600PE.NFO,2025-07-16,11:43:00,2025-07-31,5.0,5.0,5.0,5.0,0,3570,1
BANKNIFTY31JUL2548600PE.NFO,2025-07-16,11:44:00,2025-07-31,5.0,5.0,5.0,5.0,0,3570,0
BANKNIFTY31JUL2548600PE.NFO,2025-07-16,11:45:00,2025-07-31,5.0,5.0,5.0,5.0,0,3570,0
BANKNIFTY31JUL2548600PE.NFO,2025-07-16,11:46:00,2025-07-31,5.0,5.0,5.0,5.0,0,3570,0
BANKNIFTY31JUL2548600PE.NFO,2025-07-16,11:47:00,2025-07-31,5.0,5.0,5.0,5.0,0,3570,0
BANKNIFTY31JUL2548600PE.NFO,2025-07-16,11:48:00,2025-07-31,5.0,5.0,5.0,5.0,35,3605,0
BANKNIFTY31JUL2548600PE.NFO,2025-07-16,11:49:00,2025-07-31,5.0,5.0,4.3,4.3,35,3605,0
BANKNIFTY31JUL2548600PE.NFO,2025-07-16,11:50:00,2025-07-31,4.3,4.3,4.3,4.3,0,3605,0
BANKNIFTY31JUL2548600PE.NFO,2025-07-16,11:51:00,2025-07-31,4.3,4.3,4.3,4.3,0,3605,1
BANKNIFTY31JUL2548600PE.NFO,2025-07-16,11:52:00,2025-07-31,4.3,4.3,4.3,4.3,0,3605,1
BANKNIFTY31JUL2548600PE.NFO,2025-07-16,11:53:00,2025-07-31,4.3,4.3,4.3,4.3,0,3605,0
BANKNIFTY31JUL2548600PE.NFO,2025-07-16,11:54:00,2025-07-31,4.3,4.3,4.3,4.3,0,3605,0
BANKNIFTY31JUL2548600PE.NFO,2025-07-16,11:55:00,2025-07-31,4.3,4.3,4.3,4.3,0,3605,0
BANKNIFTY31JUL2548600PE.NFO,2025-07-16,11:56:00,2025-07-31,4.3,4.3,4.3,4.3,0,3605,0
BANKNIFTY31JUL2548600PE.NFO,2025-07-16,11:57:00,2025-07-31,4.3,4.3,4.3,4.3,0,3605,0
BANKNIFTY31JUL2548600PE.NFO,2025-07-16,11:58:00,2025-07-31,4.3,4.3,4.3,4.3,0,3605,0
BANKNIFTY31JUL2548600PE.NFO,2025-07-16,11:59:00,2025-07-31,4.3,4.3,4.3,4.3,0,3605,1
BANKNIFTY31JUL2548600PE.NFO,2025-07-16,12:00:00,2025-07-31,4.3,4.3,4.3,4.3,0,3605,1
BANKNIFTY31JUL2548600PE.NFO,2025-07-16,12:01:00,2025-07-31,4.3,4.3,4.3,4.3,0,3605,0
BANKNIFTY31JUL2548600PE.NFO,2025-07-16,12:02:00,2025-07-31,4.3,4.3,4.3,4.3,0,3605,0
BANKNIFTY31JUL2548600PE.NFO,2025-07-16,12:03:00,2025-07-31,4.3,4.3,4.3,4.3,0,3605,1
BANKNIFTY31JUL2548600PE.NFO,2025-07-16,12:04:00,2025-07-31,4.3,4.3,4.3,4.3,0,3605,1
BANKNIFTY31JUL2548600PE.NFO,2025-07-16,12:05:00,2025-07-31,4.3,4.3,4.3,4.3,0,3605,0
BANKNIFTY31JUL2548600PE.NFO,2025-07-16,12:06:00,2025-07-31,4.3,4.3,4.3,4.3,0,3605,0
BANKNIFTY31JUL2548600PE.NFO,2025-07-16,12:07:00,2025-07-31,4.3,4.3,4.3,4.3,0,3605,1
BANKNIFTY31JUL2548600PE.NFO,2025-07-16,12:08:00,2025-07-31,4.3,4.3,4.3,4.3,0,3605,1
BANKNIFTY31JUL2548600PE.NFO,2025-07-16,12:09:00,2025-07-31,4.3,4.3,4.3,4.3,0,3605,0
BANKNIFTY31JUL2548600PE.NFO,2025-07-16,12:10:00,2025-07-31,4.3,4.3,4.3,4.3,0,3605,1
BANKNIFTY31JUL2548600PE.NFO,2025-07-16,12:11:00,2025-07-31,4.3,4.3,4.3,4.3,0,3605,1
BANKNIFTY31JUL2548600PE.NFO,2025-07-16,12:12:00,2025-07-31,4.3,4.3,4.3,4.3,0,3605,1
BANKNIFTY31JUL2548600PE.NFO,2025-07-16,12:13:00,2025-07-31,4.3,4.3,4.3,4.3,0,3605,1
BANKNIFTY31JUL2548600PE.NFO,2025-07-16,12:14:00,2025-07-31,4.3,4.3,4.3,4.3,0,3605,1
BANKNIFTY31JUL2548600PE.NFO,2025-07-16,12:15:00,2025-07-31,4.3,4.3,4.3,4.3,0,3605,1
BANKNIFTY31JUL2548600PE.NFO,2025-07-16,12:16:00,2025-07-31,4.3,4.3,4.3,4.3,0,3605,1
BANKNIFTY31JUL2548600PE.NFO,2025-07-16,12:17:00,2025-07-31,4.3,4.3,4.3,4.3,0,3605,1
BANKNIFTY31JUL2548600PE.NFO,2025-07-16,12:18:00,2025-07-31,4.3,4.3,4.3,4.3,0,3605,1
BANKNIFTY31JUL2548600PE.NFO,2025-07-16,12:19:00,2025-07-31,4.3,4.3,4.3,4.3,0,3605,1
BANKNIFTY31JUL2548600PE.NFO,2025-07-16,12:20:00,2025-07-31,4.3,4.3,4.3,4.3,0,3605,0
BANKNIFTY31JUL2548600PE.NFO,2025-07-16,12:21:00,2025-07-31,4.3,4.3,4.3,4.3,0,3605,1
BANKNIFTY31JUL2548600PE.NFO,2025-07-16,12:22:00,2025-07-31,4.3,4.3,4.3,4.3,0,3605,1
BANKNIFTY31JUL2548600PE.NFO,2025-07-16,12:23:00,2025-07-31,4.3,4.3,4.3,4.3,0,3605,0
BANKNIFTY31JUL2548600PE.NFO,2025-07-16,12:24:00,2025-07-31,4.3,4.3,4.3,4.3,0,3605,0
BANKNIFTY31JUL2548600PE.NFO,2025-07-16,12:25:00,2025-07-31,4.3,4.3,4.3,4.3,0,3605,0
BANKNIFTY31JUL2548600PE.NFO,2025-07-16,12:26:00,2025-07-31,4.3,4.3,4.3,4.3,0,3605,1
BANKNIFTY31JUL2548600PE.NFO,2025-07-16,12:27:00,2025-07-31,4.3,4.3,4.3,4.3,0,3605,1
BANKNIFTY31JUL2548600PE.NFO,2025-07-16,12:28:00,2025-07-31,4.3,4.3,4.3,4.3,0,3605,1
BANKNIFTY31JUL2548600PE.NFO,2025-07-16,12:29:00,2025-07-31,4.3,4.3,4.3,4.3,0,3605,0
BANKNIFTY31JUL2548600PE.NFO,2025-07-16,12:30:00,2025-07-31,4.3,4.3,4.3,4.3,0,3605,1
BANKNIFTY31JUL2548600PE.NFO,2025-07-16,12:31:00,2025-07-31,4.3,4.3,4.3,4.3,0,3605,1
BANKNIFTY31JUL2548600PE.NFO,2025-07-16,12:32:00,2025-07-31,4.3,4.3,4.3,4.3,0,3605,1
BANKNIFTY31JUL2548600PE.NFO,2025-07-16,12:33:00,2025-07-31,4.3,4.3,4.3,4.3,0,3605,1
BANKNIFTY31JUL2548600PE.NFO,2025-07-16,12:34:00,2025-07-31,4.3,4.3,4.3,4.3,0,3605,1
BANKNIFTY31JUL2548600PE.NFO,2025-07-16,12:35:00,2025-07-31,4.3,4.3,4.3,4.3,0,3605,0
BANKNIFTY31JUL2548600PE.NFO,2025-07-16,12:36:00,2025-07-31,4.3,4.3,4.3,4.3,0,3605,1
BANKNIFTY31JUL2548600PE.NFO,2025-07-16,12:37:00,2025-07-31,4.3,4.3,4.3,4.3,0,3605,1
BANKNIFTY31JUL2548600PE.NFO,2025-07-16,12:38:00,2025-07-31,4.3,4.3,4.3,4.3,0,3605,0
BANKNIFTY31JUL2548600PE.NFO,2025-07-16,12:39:00,2025-07-31,4.3,4.3,4.3,4.3,0,3605,0
BANKNIFTY31JUL2548600PE.NFO,2025-07-16,12:40:00,2025-07-31,4.3,4.3,4.3,4.3,0,3605,1
BANKNIFTY31JUL2548600PE.NFO,2025-07-16,12:41:00,2025-07-31,4.2,4.2,4.2,4.2,35,3570,0
BANKNIFTY31JUL2548600PE.NFO,2025-07-16,12:42:00,2025-07-31,4.2,4.35,4.2,4.35,35,3570,0
BANKNIFTY31JUL2548600PE.NFO,2025-07-16,12:43:00,2025-07-31,4.35,4.35,4.35,4.35,0,3570,0
BANKNIFTY31JUL2548600PE.NFO,2025-07-16,12:44:00,2025-07-31,4.35,4.35,4.35,4.35,0,3570,1
BANKNIFTY31JUL2548600PE.NFO,2025-07-16,12:45:00,2025-07-31,4.35,4.35,4.35,4.35,0,3570,0
BANKNIFTY31JUL2548600PE.NFO,2025-07-16,12:46:00,2025-07-31,4.35,4.35,4.35,4.35,0,3570,1
BANKNIFTY31JUL2548600PE.NFO,2025-07-16,12:47:00,2025-07-31,4.35,4.35,4.35,4.35,0,3570,1
BANKNIFTY31JUL2548600PE.NFO,2025-07-16,12:48:00,2025-07-31,4.35,4.35,4.35,4.35,0,3570,1
BANKNIFTY31JUL2548600PE.NFO,2025-07-16,12:49:00,2025-07-31,4.35,4.35,4.35,4.35,0,3570,1
BANKNIFTY31JUL2548600PE.NFO,2025-07-16,12:50:00,2025-07-31,4.35,4.35,4.35,4.35,0,3570,1
BANKNIFTY31JUL2548600PE.NFO,2025-07-16,12:51:00,2025-07-31,4.35,4.35,4.35,4.35,0,3570,1
BANKNIFTY31JUL2548600PE.NFO,2025-07-16,12:52:00,2025-07-31,4.35,4.35,4.35,4.35,0,3570,1
BANKNIFTY31JUL2548600PE.NFO,2025-07-16,12:53:00,2025-07-31,4.35,4.35,4.35,4.35,0,3570,1
BANKNIFTY31JUL2548600PE.NFO,2025-07-16,12:54:00,2025-07-31,4.35,4.35,4.35,4.35,0,3570,1
BANKNIFTY31JUL2548600PE.NFO,2025-07-16,12:55:00,2025-07-31,4.35,4.35,4.35,4.35,0,3570,0
BANKNIFTY31JUL2548600PE.NFO,2025-07-16,12:56:00,2025-07-31,4.35,4.35,4.35,4.35,0,3570,1
BANKNIFTY31JUL2548600PE.NFO,2025-07-16,12:57:00,2025-07-31,4.35,4.35,4.35,4.35,0,3570,0
BANKNIFTY31JUL2548600PE.NFO,2025-07-16,12:58:00,2025-07-31,4.35,4.35,4.35,4.35,0,3570,0
BANKNIFTY31JUL2548600PE.NFO,2025-07-16,12:59:00,2025-07-31,4.35,4.35,4.35,4.35,0,3570,1
BANKNIFTY31JUL2548600PE.NFO,2025-07-16,13:00:00,2025-07-31,4.35,4.35,4.35,4.35,0,3570,1
BANKNIFTY31JUL2548600PE.NFO,2025-07-16,13:01:00,2025-07-31,4.35,4.35,4.35,4.35,0,3570,1
BANKNIFTY31JUL2548600PE.NFO,2025-07-16,13:02:00,2025-07-31,4.35,4.35,4.35,4.35,0,3570,1
BANKNIFTY31JUL2548600PE.NFO,2025-07-16,13:03:00,2025-07-31,4.35,4.35,4.35,4.35,0,3570,1
BANKNIFTY31JUL2548600PE.NFO,2025-07-16,13:04:00,2025-07-31,4.35,4.35,4.35,4.35,0,3570,1
BANKNIFTY31JUL2548600PE.NFO,2025-07-16,13:05:00,2025-07-31,4.35,4.35,4.35,4.35,0,3570,1
BANKNIFTY31JUL2548600PE.NFO,2025-07-16,13:06:00,2025-07-31,4.35,4.35,4.35,4.35,0,3570,0
BANKNIFTY31JUL2548600PE.NFO,2025-07-16,13:07:00,2025-07-31,4.35,4.35,4.35,4.35,0,3570,0
BANKNIFTY31JUL2548600PE.NFO,2025-07-16,13:08:00,2025-07-31,4.35,4.35,4.35,4.35,0,3570,0
BANKNIFTY31JUL2548600PE.NFO,2025-07-16,13:09:00,2025-07-31,4.35,4.35,4.35,4.35,0,3570,0
BANKNIFTY31JUL2548600PE.NFO,2025-07-16,13:10:00,2025-07-31,4.35,4.35,4.35,4.35,0,3570,1
BANKNIFTY31JUL2548600PE.NFO,2025-07-16,13:11:00,2025-07-31,4.35,4.35,4.35,4.35,0,3570,1
BANKNIFTY31JUL2548600PE.NFO,2025-07-16,13:12:00,2025-07-31,4.35,4.35,4.35,4.35,0,3570,0
BANKNIFTY31JUL2548600PE.NFO,2025-07-16,13:13:00,2025-07-31,4.35,4.35,4.35,4.35,0,3570,0
BANKNIFTY31JUL2548600PE.NFO,2025-07-16,13:14:00,2025-07-31,4.35,4.35,4.35,4.35,0,3570,1
BANKNIFTY31JUL2548600PE.NFO,2025-07-16,13:15:00,2025-07-31,4.35,4.35,4.35,4.35,0,3570,1
BANKNIFTY31JUL2548600PE.NFO,2025-07-16,13:16:00,2025-07-31,4.35,4.35,4.35,4.35,0,3570,1
BANKNIFTY31JUL2548600PE.NFO,2025-07-16,13:17:00,2025-07-31,4.35,4.35,4.35,4.35,0,3570,1
BANKNIFTY31JUL2548600PE.NFO,2025-07-16,13:18:00,2025-07-31,4.35,4.35,4.35,4.35,0,3570,1
BANKNIFTY31JUL2548600PE.NFO,2025-07-16,13:19:00,2025-07-31,4.35,4.35,4.35,4.35,0,3570,1
BANKNIFTY31JUL2548600PE.NFO,2025-07-16,13:20:00,2025-07-31,4.35,4.35,4.35,4.35,0,3570,1
BANKNIFTY31JUL2548600PE.NFO,2025-07-16,13:21:00,2025-07-31,4.35,4.35,4.35,4.35,0,3570,1
BANKNIFTY31JUL2548600PE.NFO,2025-07-16,13:22:00,2025-07-31,4.35,4.35,4.35,4.35,0,3570,1
BANKNIFTY31JUL2548600PE.NFO,2025-07-16,13:23:00,2025-07-31,4.35,4.35,4.35,4.35,0,3570,1
BANKNIFTY31JUL2548600PE.NFO,2025-07-16,13:24:00,2025-07-31,4.35,4.35,4.35,4.35,0,3570,1
BANKNIFTY31JUL2548600PE.NFO,2025-07-16,13:25:00,2025-07-31,4.35,4.35,4.35,4.35,0,3570,0
BANKNIFTY31JUL2548600PE.NFO,2025-07-16,13:26:00,2025-07-31,4.35,4.35,4.35,4.35,0,3570,1
BANKNIFTY31JUL2548600PE.NFO,2025-07-16,13:27:00,2025-07-31,4.35,4.35,4.35,4.35,0,3570,1
BANKNIFTY31JUL2548600PE.NFO,2025-07-16,13:28:00,2025-07-31,4.35,4.35,4.35,4.35,0,3570,0
BANKNIFTY31JUL2548600PE.NFO,2025-07-16,13:29:00,2025-07-31,4.35,4.35,4.35,4.35,0,3570,0
BANKNIFTY31JUL2548600PE.NFO,2025-07-16,13:30:00,2025-07-31,4.35,4.35,4.35,4.35,0,3570,1
BANKNIFTY31JUL2548600PE.NFO,2025-07-16,13:31:00,2025-07-31,4.35,4.35,4.35,4.35,0,3570,1
BANKNIFTY31JUL2548600PE.NFO,2025-07-16,13:32:00,2025-07-31,4.35,4.35,4.35,4.35,0,3570,0
BANKNIFTY31JUL2548600PE.NFO,2025-07-16,13:33:00,2025-07-31,4.35,4.35,4.35,4.35,0,3570,1
BANKNIFTY31JUL2548600PE.NFO,2025-07-16,13:34:00,2025-07-31,4.35,4.35,4.35,4.35,0,3570,1
BANKNIFTY31JUL2548600PE.NFO,2025-07-16,13:35:00,2025-07-31,4.35,4.35,4.35,4.35,0,3570,1
BANKNIFTY31JUL2548600PE.NFO,2025-07-16,13:36:00,2025-07-31,4.35,4.35,4.35,4.35,0,3570,0
BANKNIFTY31JUL2548600PE.NFO,2025-07-16,13:37:00,2025-07-31,4.35,4.35,4.35,4.35,0,3570,1
BANKNIFTY31JUL2548600PE.NFO,2025-07-16,13:38:00,2025-07-31,4.35,4.35,4.35,4.35,0,3570,1
BANKNIFTY31JUL2548600PE.NFO,2025-07-16,13:39:00,2025-07-31,4.35,4.35,4.35,4.35,0,3570,1
BANKNIFTY31JUL2548600PE.NFO,2025-07-16,13:40:00,2025-07-31,4.35,4.35,4.35,4.35,0,3570,1
BANKNIFTY31JUL2548600PE.NFO,2025-07-16,13:41:00,2025-07-31,4.35,4.35,4.35,4.35,0,3570,1
BANKNIFTY31JUL2548600PE.NFO,2025-07-16,13:42:00,2025-07-31,4.35,4.35,4.35,4.35,0,3570,1
BANKNIFTY31JUL2548600PE.NFO,2025-07-16,13:43:00,2025-07-31,4.35,4.35,4.35,4.35,0,3570,1
BANKNIFTY31JUL2548600PE.NFO,2025-07-16,13:44:00,2025-07-31,4.35,4.35,4.35,4.35,0,3570,0
BANKNIFTY31JUL2548600PE.NFO,2025-07-16,13:45:00,2025-07-31,4.35,4.35,4.35,4.35,0,3570,1
BANKNIFTY31JUL2548600PE.NFO,2025-07-16,13:46:00,2025-07-31,4.35,4.35,4.35,4.35,0,3570,1
BANKNIFTY31JUL2548600PE.NFO,2025-07-16,13:47:00,2025-07-31,4.35,4.35,4.35,4.35,0,3570,1
BANKNIFTY31JUL2548600PE.NFO,2025-07-16,13:48:00,2025-07-31,4.35,4.35,4.35,4.35,0,3570,1
BANKNIFTY31JUL2548600PE.NFO,2025-07-16,13:49:00,2025-07-31,4.35,4.35,4.35,4.35,0,3570,1
BANKNIFTY31JUL2548600PE.NFO,2025-07-16,13:50:00,2025-07-31,4.35,4.35,4.35,4.35,0,3570,0
BANKNIFTY31JUL2548600PE.NFO,2025-07-16,13:51:00,2025-07-31,4.35,4.35,4.35,4.35,0,3570,0
BANKNIFTY31JUL2548600PE.NFO,2025-07-16,13:52:00,2025-07-31,4.35,4.35,4.35,4.35,0,3570,1
BANKNIFTY31JUL2548600PE.NFO,2025-07-16,13:53:00,2025-07-31,4.35,4.35,4.35,4.35,0,3570,0
BANKNIFTY31JUL2548600PE.NFO,2025-07-16,13:54:00,2025-07-31,4.35,4.35,4.35,4.35,0,3570,1
BANKNIFTY31JUL2548600PE.NFO,2025-07-16,13:55:00,2025-07-31,4.35,4.35,4.35,4.35,0,3570,1
BANKNIFTY31JUL2548600PE.NFO,2025-07-16,13:56:00,2025-07-31,4.35,4.35,4.35,4.35,0,3570,1
BANKNIFTY31JUL2548600PE.NFO,2025-07-16,13:57:00,2025-07-31,4.35,4.35,4.35,4.35,0,3570,1
BANKNIFTY31JUL2548600PE.NFO,2025-07-16,13:58:00,2025-07-31,4.35,4.35,4.35,4.35,0,3570,1
BANKNIFTY31JUL2548600PE.NFO,2025-07-16,13:59:00,2025-07-31,4.35,4.35,4.35,4.35,0,3570,0
BANKNIFTY31JUL2548600PE.NFO,2025-07-16,14:00:00,2025-07-31,4.35,4.35,4.35,4.35,0,3570,0
BANKNIFTY31JUL2548600PE.NFO,2025-07-16,14:01:00,2025-07-31,4.35,4.35,4.35,4.35,0,3570,1
BANKNIFTY31JUL2548600PE.NFO,2025-07-16,14:02:00,2025-07-31,4.35,4.35,4.35,4.35,0,3570,1
BANKNIFTY31JUL2548600PE.NFO,2025-07-16,14:03:00,2025-07-31,4.35,4.35,4.35,4.35,0,3570,1
BANKNIFTY31JUL2548600PE.NFO,2025-07-16,14:04:00,2025-07-31,4.35,4.35,4.35,4.35,0,3570,1
BANKNIFTY31JUL2548600PE.NFO,2025-07-16,14:05:00,2025-07-31,4.35,4.35,4.35,4.35,0,3570,0
BANKNIFTY31JUL2548600PE.NFO,2025-07-16,14:06:00,2025-07-31,4.35,4.35,4.35,4.35,0,3570,1
BANKNIFTY31JUL2548600PE.NFO,2025-07-16,14:07:00,2025-07-31,4.35,4.35,4.35,4.35,0,3570,0
BANKNIFTY31JUL2548600PE.NFO,2025-07-16,14:08:00,2025-07-31,4.35,4.35,4.35,4.35,0,3570,0
BANKNIFTY31JUL2548600PE.NFO,2025-07-16,14:09:00,2025-07-31,4.35,4.35,4.35,4.35,0,3570,1
BANKNIFTY31JUL2548600PE.NFO,2025-07-16,14:10:00,2025-07-31,4.35,4.35,4.35,4.35,0,3570,1
BANKNIFTY31JUL2548600PE.NFO,2025-07-16,14:11:00,2025-07-31,4.35,4.35,4.35,4.35,0,3570,1
BANKNIFTY31JUL2548600PE.NFO,2025-07-16,14:12:00,2025-07-31,4.35,4.35,4.35,4.35,0,3570,0
BANKNIFTY31JUL2548600PE.NFO,2025-07-16,14:13:00,2025-07-31,4.35,4.35,4.35,4.35,0,3570,0
BANKNIFTY31JUL2548600PE.NFO,2025-07-16,14:14:00,2025-07-31,4.35,4.35,4.35,4.35,0,3570,1
BANKNIFTY31JUL2548600PE.NFO,2025-07-16,14:15:00,2025-07-31,4.35,4.35,4.35,4.35,0,3570,1
BANKNIFTY31JUL2548600PE.NFO,2025-07-16,14:16:00,2025-07-31,4.35,4.35,4.35,4.35,0,3570,0
BANKNIFTY31JUL2548600PE.NFO,2025-07-16,14:17:00,2025-07-31,4.35,4.35,4.35,4.35,0,3570,1
BANKNIFTY31JUL2548600PE.NFO,2025-07-16,14:18:00,2025-07-31,4.35,4.35,4.35,4.35,0,3570,1
BANKNIFTY31JUL2548600PE.NFO,2025-07-16,14:19:00,2025-07-31,4.35,4.35,4.35,4.35,0,3570,0
BANKNIFTY31JUL2548600PE.NFO,2025-07-16,14:20:00,2025-07-31,4.35,4.35,4.35,4.35,0,3570,1
BANKNIFTY31JUL2548600PE.NFO,2025-07-16,14:21:00,2025-07-31,4.35,4.35,4.35,4.35,0,3570,1
BANKNIFTY31JUL2548600PE.NFO,2025-07-16,14:22:00,2025-07-31,4.35,4.35,4.35,4.35,0,3570,0
BANKNIFTY31JUL2548600PE.NFO,2025-07-16,14:23:00,2025-07-31,4.35,4.35,4.35,4.35,0,3570,1
BANKNIFTY31JUL2548600PE.NFO,2025-07-16,14:24:00,2025-07-31,4.35,4.35,4.35,4.35,0,3570,1
BANKNIFTY31JUL2548600PE.NFO,2025-07-16,14:25:00,2025-07-31,4.35,4.35,4.35,4.35,0,3570,1
BANKNIFTY31JUL2548600PE.NFO,2025-07-16,14:26:00,2025-07-31,4.35,4.35,4.35,4.35,0,3570,1
BANKNIFTY31JUL2548600PE.NFO,2025-07-16,14:27:00,2025-07-31,4.35,4.35,4.35,4.35,0,3570,0
BANKNIFTY31JUL2548600PE.NFO,2025-07-16,14:28:00,2025-07-31,4.35,4.35,4.35,4.35,0,3570,0
BANKNIFTY31JUL2548600PE.NFO,2025-07-16,14:29:00,2025-07-31,4.35,4.35,4.35,4.35,0,3570,1
BANKNIFTY31JUL2548600PE.NFO,2025-07-16,14:30:00,2025-07-31,4.35,4.35,4.35,4.35,0,3570,1
BANKNIFTY31JUL2548600PE.NFO,2025-07-16,14:31:00,2025-07-31,4.35,4.35,4.35,4.35,0,3570,1
BANKNIFTY31JUL2548600PE.NFO,2025-07-16,14:32:00,2025-07-31,4.35,4.35,4.35,4.35,0,3570,1
BANKNIFTY31JUL2548600PE.NFO,2025-07-16,14:33:00,2025-07-31,4.35,4.35,4.35,4.35,0,3570,1
BANKNIFTY31JUL2548600PE.NFO,2025-07-16,14:34:00,2025-07-31,4.35,4.35,4.35,4.35,0,3570,1
BANKNIFTY31JUL2548600PE.NFO,2025-07-16,14:35:00,2025-07-31,4.35,4.35,4.35,4.35,0,3570,1
BANKNIFTY31JUL2548600PE.NFO,2025-07-16,14:36:00,2025-07-31,4.35,4.35,4.35,4.35,0,3570,0
BANKNIFTY31JUL2548600PE.NFO,2025-07-16,14:37:00,2025-07-31,4.35,4.35,4.35,4.35,0,3570,1
BANKNIFTY31JUL2548600PE.NFO,2025-07-16,14:38:00,2025-07-31,4.35,4.35,4.35,4.35,0,3570,1
BANKNIFTY31JUL2548600PE.NFO,2025-07-16,14:39:00,2025-07-31,4.35,4.35,4.35,4.35,0,3570,1
BANKNIFTY31JUL2548600PE.NFO,2025-07-16,14:40:00,2025-07-31,4.35,4.35,4.35,4.35,0,3570,1
BANKNIFTY31JUL2548600PE.NFO,2025-07-16,14:41:00,2025-07-31,4.35,4.35,4.35,4.35,0,3570,1
BANKNIFTY31JUL2548600PE.NFO,2025-07-16,14:42:00,2025-07-31,4.35,4.35,4.35,4.35,0,3570,1
BANKNIFTY31JUL2548600PE.NFO,2025-07-16,14:43:00,2025-07-31,4.35,4.35,4.35,4.35,0,3570,0
BANKNIFTY31JUL2548600PE.NFO,2025-07-16,14:44:00,2025-07-31,4.35,4.35,4.35,4.35,0,3570,1
BANKNIFTY31JUL2548600PE.NFO,2025-07-16,14:45:00,2025-07-31,4.35,4.35,4.35,4.35,0,3570,0
BANKNIFTY31JUL2548600PE.NFO,2025-07-16,14:46:00,2025-07-31,4.35,4.35,4.35,4.35,0,3570,1
BANKNIFTY31JUL2548600PE.NFO,2025-07-16,14:47:00,2025-07-31,4.35,4.35,4.35,4.35,0,3570,0
BANKNIFTY31JUL2548600PE.NFO,2025-07-16,14:48:00,2025-07-31,4.35,4.35,4.35,4.35,0,3570,0
BANKNIFTY31JUL2548600PE.NFO,2025-07-16,14:49:00,2025-07-31,4.35,4.35,4.35,4.35,0,3570,0
BANKNIFTY31JUL2548600PE.NFO,2025-07-16,14:50:00,2025-07-31,4.35,4.35,4.35,4.35,0,3570,0
BANKNIFTY31JUL2548600PE.NFO,2025-07-16,14:51:00,2025-07-31,4.35,4.35,4.35,4.35,0,3570,1
BANKNIFTY31JUL2548600PE.NFO,2025-07-16,14:52:00,2025-07-31,4.35,4.35,4.35,4.35,0,3570,0
BANKNIFTY31JUL2548600PE.NFO,2025-07-16,14:53:00,2025-07-31,4.35,4.35,4.35,4.35,0,3570,1
BANKNIFTY31JUL2548600PE.NFO,2025-07-16,14:54:00,2025-07-31,4.35,4.35,4.35,4.35,0,3570,1
BANKNIFTY31JUL2548600PE.NFO,2025-07-16,14:55:00,2025-07-31,4.35,4.35,4.35,4.35,0,3570,1
BANKNIFTY31JUL2548600PE.NFO,2025-07-16,14:56:00,2025-07-31,4.35,4.35,4.35,4.35,0,3570,1
BANKNIFTY31JUL2548600PE.NFO,2025-07-16,14:57:00,2025-07-31,4.35,4.35,4.35,4.35,0,3570,1
BANKNIFTY31JUL2548600PE.NFO,2025-07-16,14:58:00,2025-07-31,4.35,4.35,4.35,4.35,0,3570,0
BANKNIFTY31JUL2548600PE.NFO,2025-07-16,14:59:00,2025-07-31,4.35,4.35,4.35,4.35,0,3570,0
BANKNIFTY31JUL2548600PE.NFO,2025-07-16,15:00:00,2025-07-31,4.35,4.35,4.35,4.35,0,3570,1
BANKNIFTY31JUL2548600PE.NFO,2025-07-16,15:01:00,2025-07-31,4.35,4.35,4.35,4.35,0,3570,1
BANKNIFTY31JUL2548600PE.NFO,2025-07-16,15:02:00,2025-07-31,4.35,4.35,4.35,4.35,0,3570,1
BANKNIFTY31JUL2548600PE.NFO,2025-07-16,15:03:00,2025-07-31,4.35,4.35,4.35,4.35,0,3570,0
BANKNIFTY31JUL2548600PE.NFO,2025-07-16,15:04:00,2025-07-31,4.35,4.35,4.35,4.35,0,3570,0
BANKNIFTY31JUL2548600PE.NFO,2025-07-16,15:05:00,2025-07-31,4.35,4.35,4.35,4.35,0,3570,1
BANKNIFTY31JUL2548600PE.NFO,2025-07-16,15:06:00,2025-07-31,4.35,4.35,4.35,4.35,0,3570,0
BANKNIFTY31JUL2548600PE.NFO,2025-07-16,15:07:00,2025-07-31,4.35,4.35,4.35,4.35,0,3570,1
BANKNIFTY31JUL2548600PE.NFO,2025-07-16,15:08:00,2025-07-31,4.35,4.35,4.35,4.35,0,3570,1
BANKNIFTY31JUL2548600PE.NFO,2025-07-16,15:09:00,2025-07-31,4.35,4.35,4.35,4.35,0,3570,1
BANKNIFTY31JUL2548600PE.NFO,2025-07-16,15:10:00,2025-07-31,4.35,4.35,4.35,4.35,0,3570,1
BANKNIFTY31JUL2548600PE.NFO,2025-07-16,15:11:00,2025-07-31,4.35,4.35,4.35,4.35,0,3570,1
BANKNIFTY31JUL2548600PE.NFO,2025-07-16,15:12:00,2025-07-31,4.35,4.35,4.35,4.35,0,3570,1
BANKNIFTY31JUL2548600PE.NFO,2025-07-16,15:13:00,2025-07-31,4.35,4.35,4.35,4.35,0,3570,1
BANKNIFTY31JUL2548600PE.NFO,2025-07-16,15:14:00,2025-07-31,4.35,4.35,4.35,4.35,0,3570,1
BANKNIFTY31JUL2548600PE.NFO,2025-07-16,15:15:00,2025-07-31,4.35,4.35,4.35,4.35,0,3570,1
BANKNIFTY31JUL2548600PE.NFO,2025-07-16,15:16:00,2025-07-31,4.35,4.35,4.35,4.35,0,3570,0
BANKNIFTY31JUL2548600PE.NFO,2025-07-16,15:17:00,2025-07-31,4.35,4.35,4.35,4.35,0,3570,1
BANKNIFTY31JUL2548600PE.NFO,2025-07-16,15:18:00,2025-07-31,4.35,4.35,4.35,4.35,0,3570,1
BANKNIFTY31JUL2548600PE.NFO,2025-07-16,15:19:00,2025-07-31,4.35,4.35,4.35,4.35,0,3570,0
BANKNIFTY31JUL2548600PE.NFO,2025-07-16,15:20:00,2025-07-31,4.35,4.35,4.35,4.35,0,3570,0
BANKNIFTY31JUL2548600PE.NFO,2025-07-16,15:21:00,2025-07-31,4.35,4.35,4.35,4.35,0,3570,0
BANKNIFTY31JUL2548600PE.NFO,2025-07-16,15:22:00,2025-07-31,4.35,4.35,4.35,4.35,70,3570,0
BANKNIFTY31JUL2548600PE.NFO,2025-07-16,15:23:00,2025-07-31,4.35,4.35,4.35,4.35,0,3570,0
BANKNIFTY31JUL2548600PE.NFO,2025-07-16,15:24:00,2025-07-31,4.35,4.35,4.35,4.35,0,3570,0
BANKNIFTY31JUL2548600PE.NFO,2025-07-16,15:25:00,2025-07-31,4.35,4.35,4.35,4.35,140,3570,0
BANKNIFTY31JUL2548600PE.NFO,2025-07-16,15:26:00,2025-07-31,4.35,4.35,4.35,4.35,0,3570,0
BANKNIFTY31JUL2548600PE.NFO,2025-07-16,15:27:00,2025-07-31,4.35,4.35,4.35,4.35,0,3570,1
BANKNIFTY31JUL2548600PE.NFO,2025-07-16,15:28:00,2025-07-31,4.35,4.35,4.35,4.35,0,3570,1
BANKNIFTY31JUL2548600PE.NFO,2025-07-16,15:29:00,2025-07-31,4.35,4.35,4.35,4.35,0,3570,0
BANKNIFTY31JUL2548600PE.NFO,2025-07-16,15:30:00,2025-07-31,4.35,4.35,4.35,4.35,0,3570,1
BANKNIFTY31JUL2548600PE.NFO,2025-07-17,09:15:00,2025-07-31,4.75,4.75,4.75,4.75,0,3570,1
BANKNIFTY31JUL2548600PE.NFO,2025-07-17,09:16:00,2025-07-31,4.75,4.75,4.75,4.75,0,3570,1
BANKNIFTY31JUL2548600PE.NFO,2025-07-17,09:17:00,2025-07-31,4.75,4.75,4.75,4.75,0,3570,1
BANKNIFTY31JUL2548600PE.NFO,2025-07-17,09:18:00,2025-07-31,4.75,4.75,4.75,4.75,0,3570,1
BANKNIFTY31JUL2548600PE.NFO,2025-07-17,09:19:00,2025-07-31,4.75,4.75,4.75,4.75,0,3570,1
BANKNIFTY31JUL2548600PE.NFO,2025-07-17,09:20:00,2025-07-31,4.75,4.75,4.75,4.75,0,3570,1
BANKNIFTY31JUL2548600PE.NFO,2025-07-17,09:21:00,2025-07-31,4.75,4.75,4.75,4.75,0,3570,1
BANKNIFTY31JUL2548600PE.NFO,2025-07-17,09:22:00,2025-07-31,4.75,4.75,4.75,4.75,0,3570,1
BANKNIFTY31JUL2548600PE.NFO,2025-07-17,09:23:00,2025-07-31,4.75,4.75,4.75,4.75,0,3570,1
BANKNIFTY31JUL2548600PE.NFO,2025-07-17,09:24:00,2025-07-31,4.75,4.75,4.75,4.75,0,3570,1
BANKNIFTY31JUL2548600PE.NFO,2025-07-17,09:25:00,2025-07-31,4.75,4.75,4.75,4.75,0,3570,0
BANKNIFTY31JUL2548600PE.NFO,2025-07-17,09:26:00,2025-07-31,4.75,4.75,4.75,4.75,0,3570,0
BANKNIFTY31JUL2548600PE.NFO,2025-07-17,09:27:00,2025-07-31,4.75,4.75,4.75,4.75,0,3570,0
BANKNIFTY31JUL2548600PE.NFO,2025-07-17,09:28:00,2025-07-31,4.75,4.75,4.75,4.75,0,3570,1
BANKNIFTY31JUL2548600PE.NFO,2025-07-17,09:29:00,2025-07-31,4.75,4.75,4.75,4.75,0,3570,1
BANKNIFTY31JUL2548600PE.NFO,2025-07-17,09:30:00,2025-07-31,4.75,4.75,4.75,4.75,0,3570,0
BANKNIFTY31JUL2548600PE.NFO,2025-07-17,09:31:00,2025-07-31,4.75,4.75,4.75,4.75,0,3570,1
BANKNIFTY31JUL2548600PE.NFO,2025-07-17,09:32:00,2025-07-31,4.75,4.75,4.75,4.75,0,3570,1
BANKNIFTY31JUL2548600PE.NFO,2025-07-17,09:33:00,2025-07-31,4.75,4.75,4.75,4.75,0,3570,0
BANKNIFTY31JUL2548600PE.NFO,2025-07-17,09:34:00,2025-07-31,4.75,4.75,4.75,4.75,0,3570,0
BANKNIFTY31JUL2548600PE.NFO,2025-07-17,09:35:00,2025-07-31,4.75,4.75,4.75,4.75,0,3570,0
BANKNIFTY31JUL2548600PE.NFO,2025-07-17,09:36:00,2025-07-31,4.75,4.75,4.75,4.75,0,3570,1
BANKNIFTY31JUL2548600PE.NFO,2025-07-17,09:37:00,2025-07-31,4.75,4.75,4.75,4.75,0,3570,0
BANKNIFTY31JUL2548600PE.NFO,2025-07-17,09:38:00,2025-07-31,4.75,4.75,4.75,4.75,0,3570,0
BANKNIFTY31JUL2548600PE.NFO,2025-07-17,09:39:00,2025-07-31,4.75,4.75,4.75,4.75,0,3570,0
BANKNIFTY31JUL2548600PE.NFO,2025-07-17,09:40:00,2025-07-31,4.75,4.75,4.75,4.75,0,3570,0
BANKNIFTY31JUL2548600PE.NFO,2025-07-17,09:41:00,2025-07-31,4.75,4.75,4.75,4.75,0,3570,0
BANKNIFTY31JUL2548600PE.NFO,2025-07-17,09:42:00,2025-07-31,4.75,4.75,4.75,4.75,0,3570,1
BANKNIFTY31JUL2548600PE.NFO,2025-07-17,09:43:00,2025-07-31,4.75,4.75,4.75,4.75,0,3570,1
BANKNIFTY31JUL2548600PE.NFO,2025-07-17,09:44:00,2025-07-31,4.75,4.75,4.75,4.75,0,3570,0
BANKNIFTY31JUL2548600PE.NFO,2025-07-17,09:45:00,2025-07-31,4.75,4.75,4.75,4.75,0,3570,1
BANKNIFTY31JUL2548600PE.NFO,2025-07-17,09:46:00,2025-07-31,4.9,4.9,4.9,4.9,35,3570,0
BANKNIFTY31JUL2548600PE.NFO,2025-07-17,09:47:00,2025-07-31,4.9,4.9,4.9,4.9,0,3570,0
BANKNIFTY31JUL2548600PE.NFO,2025-07-17,09:48:00,2025-07-31,4.9,4.9,4.9,4.9,175,3570,0
BANKNIFTY31JUL2548600PE.NFO,2025-07-17,09:49:00,2025-07-31,4.9,5.25,4.75,5.25,70,3430,0
BANKNIFTY31JUL2548600PE.NFO,2025-07-17,09:50:00,2025-07-31,5.25,5.25,5.25,5.25,0,3430,0
BANKNIFTY31JUL2548600PE.NFO,2025-07-17,09:51:00,2025-07-31,5.25,5.25,5.25,5.25,0,3430,0
BANKNIFTY31JUL2548600PE.NFO,2025-07-17,09:52:00,2025-07-31,5.25,5.25,5.25,5.25,0,3430,0
BANKNIFTY31JUL2548600PE.NFO,2025-07-17,09:53:00,2025-07-31,5.25,5.25,5.25,5.25,0,3430,0
BANKNIFTY31JUL2548600PE.NFO,2025-07-17,09:54:00,2025-07-31,5.25,5.25,5.25,5.25,0,3430,0
BANKNIFTY31JUL2548600PE.NFO,2025-07-17,09:55:00,2025-07-31,5.25,5.25,5.25,5.25,0,3430,0
BANKNIFTY31JUL2548600PE.NFO,2025-07-17,09:56:00,2025-07-31,5.25,5.25,5.25,5.25,0,3430,0
BANKNIFTY31JUL2548600PE.NFO,2025-07-17,09:57:00,2025-07-31,5.25,5.25,5.25,5.25,0,3430,0
BANKNIFTY31JUL2548600PE.NFO,2025-07-17,09:58:00,2025-07-31,5.25,5.25,5.25,5.25,0,3430,0
BANKNIFTY31JUL2548600PE.NFO,2025-07-17,09:59:00,2025-07-31,5.25,5.25,5.25,5.25,0,3430,0
BANKNIFTY31JUL2548600PE.NFO,2025-07-17,10:00:00,2025-07-31,5.25,5.25,5.25,5.25,0,3430,0
BANKNIFTY31JUL2548600PE.NFO,2025-07-17,10:01:00,2025-07-31,5.25,5.25,5.25,5.25,0,3430,0
BANKNIFTY31JUL2548600PE.NFO,2025-07-17,10:02:00,2025-07-31,5.25,5.25,5.25,5.25,0,3430,0
BANKNIFTY31JUL2548600PE.NFO,2025-07-17,10:03:00,2025-07-31,5.25,5.25,5.25,5.25,0,3430,0
BANKNIFTY31JUL2548600PE.NFO,2025-07-17,10:04:00,2025-07-31,5.25,5.25,5.25,5.25,0,3430,0
BANKNIFTY31JUL2548600PE.NFO,2025-07-17,10:05:00,2025-07-31,5.25,5.25,5.25,5.25,0,3430,0
BANKNIFTY31JUL2548600PE.NFO,2025-07-17,10:06:00,2025-07-31,5.25,5.25,5.25,5.25,0,3430,1
BANKNIFTY31JUL2548600PE.NFO,2025-07-17,10:07:00,2025-07-31,5.25,5.25,5.25,5.25,0,3430,0
BANKNIFTY31JUL2548600PE.NFO,2025-07-17,10:08:00,2025-07-31,5.25,5.25,5.25,5.25,0,3430,0
BANKNIFTY31JUL2548600PE.NFO,2025-07-17,10:09:00,2025-07-31,5.25,5.25,5.25,5.25,0,3430,0
BANKNIFTY31JUL2548600PE.NFO,2025-07-17,10:10:00,2025-07-31,5.25,5.25,5.25,5.25,0,3430,0
BANKNIFTY31JUL2548600PE.NFO,2025-07-17,10:11:00,2025-07-31,5.25,5.25,5.25,5.25,0,3430,0
BANKNIFTY31JUL2548600PE.NFO,2025-07-17,10:12:00,2025-07-31,5.25,5.25,5.25,5.25,0,3430,0
BANKNIFTY31JUL2548600PE.NFO,2025-07-17,10:13:00,2025-07-31,5.25,5.25,5.25,5.25,0,3430,1
BANKNIFTY31JUL2548600PE.NFO,2025-07-17,10:14:00,2025-07-31,5.25,5.25,5.25,5.25,0,3430,0
BANKNIFTY31JUL2548600PE.NFO,2025-07-17,10:15:00,2025-07-31,5.25,5.25,5.25,5.25,0,3430,0
BANKNIFTY31JUL2548600PE.NFO,2025-07-17,10:16:00,2025-07-31,5.25,5.25,5.25,5.25,0,3430,0
BANKNIFTY31JUL2548600PE.NFO,2025-07-17,10:17:00,2025-07-31,5.25,5.25,5.25,5.25,0,3430,0
BANKNIFTY31JUL2548600PE.NFO,2025-07-17,10:18:00,2025-07-31,5.25,5.25,5.25,5.25,0,3430,1
BANKNIFTY31JUL2548600PE.NFO,2025-07-17,10:19:00,2025-07-31,5.25,5.25,5.25,5.25,0,3430,0
BANKNIFTY31JUL2548600PE.NFO,2025-07-17,10:20:00,2025-07-31,5.25,5.25,5.25,5.25,0,3430,0
BANKNIFTY31JUL2548600PE.NFO,2025-07-17,10:21:00,2025-07-31,5.25,5.25,5.25,5.25,0,3430,1
BANKNIFTY31JUL2548600PE.NFO,2025-07-17,10:22:00,2025-07-31,5.25,5.25,5.25,5.25,0,3430,0
BANKNIFTY31JUL2548600PE.NFO,2025-07-17,10:23:00,2025-07-31,5.25,5.25,5.25,5.25,0,3430,0
BANKNIFTY31JUL2548600PE.NFO,2025-07-17,10:24:00,2025-07-31,5.25,5.25,5.25,5.25,0,3430,1
BANKNIFTY31JUL2548600PE.NFO,2025-07-17,10:25:00,2025-07-31,5.25,5.25,5.25,5.25,0,3430,1
BANKNIFTY31JUL2548600PE.NFO,2025-07-17,10:26:00,2025-07-31,5.25,5.25,5.25,5.25,0,3430,0
BANKNIFTY31JUL2548600PE.NFO,2025-07-17,10:27:00,2025-07-31,5.25,5.25,5.25,5.25,0,3430,0
BANKNIFTY31JUL2548600PE.NFO,2025-07-17,10:28:00,2025-07-31,5.25,5.25,5.25,5.25,0,3430,1
BANKNIFTY31JUL2548600PE.NFO,2025-07-17,10:29:00,2025-07-31,5.25,5.25,5.25,5.25,0,3430,1
BANKNIFTY31JUL2548600PE.NFO,2025-07-17,10:30:00,2025-07-31,5.25,5.25,5.25,5.25,0,3430,0
BANKNIFTY31JUL2548600PE.NFO,2025-07-17,10:31:00,2025-07-31,5.25,5.25,5.25,5.25,0,3430,0
BANKNIFTY31JUL2548600PE.NFO,2025-07-17,10:32:00,2025-07-31,5.25,5.25,5.25,5.25,0,3430,0
BANKNIFTY31JUL2548600PE.NFO,2025-07-17,10:33:00,2025-07-31,5.25,5.25,5.25,5.25,0,3430,0
BANKNIFTY31JUL2548600PE.NFO,2025-07-17,10:34:00,2025-07-31,5.25,5.25,5.25,5.25,0,3430,0
BANKNIFTY31JUL2548600PE.NFO,2025-07-17,10:35:00,2025-07-31,5.25,5.25,5.25,5.25,0,3430,0
BANKNIFTY31JUL2548600PE.NFO,2025-07-17,10:36:00,2025-07-31,5.25,5.25,5.25,5.25,0,3430,0
BANKNIFTY31JUL2548600PE.NFO,2025-07-17,10:37:00,2025-07-31,5.25,5.25,5.25,5.25,0,3430,1
BANKNIFTY31JUL2548600PE.NFO,2025-07-17,10:38:00,2025-07-31,5.25,5.25,5.25,5.25,0,3430,0
BANKNIFTY31JUL2548600PE.NFO,2025-07-17,10:39:00,2025-07-31,5.25,5.25,5.25,5.25,0,3430,0
BANKNIFTY31JUL2548600PE.NFO,2025-07-17,10:40:00,2025-07-31,5.25,5.25,5.25,5.25,0,3430,1
BANKNIFTY31JUL2548600PE.NFO,2025-07-17,10:41:00,2025-07-31,5.25,5.25,5.25,5.25,0,3430,1
BANKNIFTY31JUL2548600PE.NFO,2025-07-17,10:42:00,2025-07-31,5.25,5.25,5.25,5.25,0,3430,0
BANKNIFTY31JUL2548600PE.NFO,2025-07-17,10:43:00,2025-07-31,5.25,5.25,5.25,5.25,0,3430,0
BANKNIFTY31JUL2548600PE.NFO,2025-07-17,10:44:00,2025-07-31,5.25,5.25,5.25,5.25,0,3430,1
BANKNIFTY31JUL2548600PE.NFO,2025-07-17,10:45:00,2025-07-31,5.25,5.25,5.25,5.25,0,3430,1
BANKNIFTY31JUL2548600PE.NFO,2025-07-17,10:46:00,2025-07-31,5.25,5.25,5.25,5.25,0,3430,0
BANKNIFTY31JUL2548600PE.NFO,2025-07-17,10:47:00,2025-07-31,5.25,5.25,5.25,5.25,0,3430,1
BANKNIFTY31JUL2548600PE.NFO,2025-07-17,10:48:00,2025-07-31,5.25,5.25,5.25,5.25,0,3430,1
BANKNIFTY31JUL2548600PE.NFO,2025-07-17,10:49:00,2025-07-31,5.25,5.25,5.25,5.25,0,3430,0
BANKNIFTY31JUL2548600PE.NFO,2025-07-17,10:50:00,2025-07-31,5.25,5.25,5.25,5.25,0,3430,0
BANKNIFTY31JUL2548600PE.NFO,2025-07-17,10:51:00,2025-07-31,5.25,5.25,5.25,5.25,0,3430,0
BANKNIFTY31JUL2548600PE.NFO,2025-07-17,10:52:00,2025-07-31,5.25,5.25,5.25,5.25,0,3430,0
BANKNIFTY31JUL2548600PE.NFO,2025-07-17,10:53:00,2025-07-31,5.25,5.5,5.25,5.5,0,3395,0
BANKNIFTY31JUL2548600PE.NFO,2025-07-17,10:54:00,2025-07-31,5.5,5.5,5.5,5.5,70,3395,0
BANKNIFTY31JUL2548600PE.NFO,2025-07-17,10:55:00,2025-07-31,5.5,5.5,5.5,5.5,70,3395,1
BANKNIFTY31JUL2548600PE.NFO,2025-07-17,10:56:00,2025-07-31,5.5,5.5,5.5,5.5,0,3395,0
BANKNIFTY31JUL2548600PE.NFO,2025-07-17,10:57:00,2025-07-31,5.5,5.5,5.5,5.5,0,3395,1
BANKNIFTY31JUL2548600PE.NFO,2025-07-17,10:58:00,2025-07-31,5.5,5.5,5.5,5.5,0,3395,1
BANKNIFTY31JUL2548600PE.NFO,2025-07-17,10:59:00,2025-07-31,5.5,5.5,5.5,5.5,0,3395,0
BANKNIFTY31JUL2548600PE.NFO,2025-07-17,11:00:00,2025-07-31,5.5,5.5,5.5,5.5,0,3395,1
BANKNIFTY31JUL2548600PE.NFO,2025-07-17,11:01:00,2025-07-31,5.5,5.5,5.5,5.5,0,3395,1
BANKNIFTY31JUL2548600PE.NFO,2025-07-17,11:02:00,2025-07-31,5.5,5.5,5.5,5.5,0,3395,1
BANKNIFTY31JUL2548600PE.NFO,2025-07-17,11:03:00,2025-07-31,5.5,5.5,5.5,5.5,0,3395,1
BANKNIFTY31JUL2548600PE.NFO,2025-07-17,11:04:00,2025-07-31,5.5,5.5,5.5,5.5,0,3395,1
BANKNIFTY31JUL2548600PE.NFO,2025-07-17,11:05:00,2025-07-31,5.35,5.35,5.35,5.35,35,3325,0
BANKNIFTY31JUL2548600PE.NFO,2025-07-17,11:06:00,2025-07-31,5.35,5.45,5.1,5.1,105,3325,0
BANKNIFTY31JUL2548600PE.NFO,2025-07-17,11:07:00,2025-07-31,5.1,5.1,5.1,5.1,0,3325,0
BANKNIFTY31JUL2548600PE.NFO,2025-07-17,11:08:00,2025-07-31,5.1,5.1,5.1,5.1,0,3325,0
BANKNIFTY31JUL2548600PE.NFO,2025-07-17,11:09:00,2025-07-31,5.1,5.1,5.1,5.1,0,3325,1
BANKNIFTY31JUL2548600PE.NFO,2025-07-17,11:10:00,2025-07-31,5.1,5.1,5.1,5.1,0,3325,1
BANKNIFTY31JUL2548600PE.NFO,2025-07-17,11:11:00,2025-07-31,5.1,5.1,5.1,5.1,0,3325,0
BANKNIFTY31JUL2548600PE.NFO,2025-07-17,11:12:00,2025-07-31,4.7,4.7,4.7,4.7,35,3325,0
BANKNIFTY31JUL2548600PE.NFO,2025-07-17,11:13:00,2025-07-31,4.7,4.7,4.7,4.7,35,3325,0
BANKNIFTY31JUL2548600PE.NFO,2025-07-17,11:14:00,2025-07-31,4.7,4.7,4.7,4.7,0,3325,0
BANKNIFTY31JUL2548600PE.NFO,2025-07-17,11:15:00,2025-07-31,4.7,4.7,4.7,4.7,0,3325,0
BANKNIFTY31JUL2548600PE.NFO,2025-07-17,11:16:00,2025-07-31,4.7,4.7,4.7,4.7,0,3325,0
BANKNIFTY31JUL2548600PE.NFO,2025-07-17,11:17:00,2025-07-31,4.7,4.7,4.7,4.7,0,3325,1
BANKNIFTY31JUL2548600PE.NFO,2025-07-17,11:18:00,2025-07-31,4.7,4.7,4.7,4.7,0,3325,0
BANKNIFTY31JUL2548600PE.NFO,2025-07-17,11:19:00,2025-07-31,5.5,5.5,5.5,5.5,210,3290,0
BANKNIFTY31JUL2548600PE.NFO,2025-07-17,11:20:00,2025-07-31,5.5,5.5,5.5,5.5,0,3290,0
BANKNIFTY31JUL2548600PE.NFO,2025-07-17,11:21:00,2025-07-31,5.5,5.5,5.5,5.5,0,3290,0
BANKNIFTY31JUL2548600PE.NFO,2025-07-17,11:22:00,2025-07-31,5.5,5.5,4.4,4.4,70,3150,0
BANKNIFTY31JUL2548600PE.NFO,2025-07-17,11:23:00,2025-07-31,4.4,4.45,4.4,4.45,175,3150,0
BANKNIFTY31JUL2548600PE.NFO,2025-07-17,11:24:00,2025-07-31,4.45,4.45,4.45,4.45,0,3150,0
BANKNIFTY31JUL2548600PE.NFO,2025-07-17,11:25:00,2025-07-31,4.45,4.45,4.45,4.45,0,3150,0
BANKNIFTY31JUL2548600PE.NFO,2025-07-17,11:26:00,2025-07-31,4.45,4.45,4.45,4.45,0,3150,1
BANKNIFTY31JUL2548600PE.NFO,2025-07-17,11:27:00,2025-07-31,4.45,4.45,4.45,4.45,0,3150,0
BANKNIFTY31JUL2548600PE.NFO,2025-07-17,11:28:00,2025-07-31,4.45,4.45,4.45,4.45,0,3150,0
BANKNIFTY31JUL2548600PE.NFO,2025-07-17,11:29:00,2025-07-31,4.45,4.45,4.45,4.45,0,3150,1
BANKNIFTY31JUL2548600PE.NFO,2025-07-17,11:30:00,2025-07-31,4.45,4.45,4.45,4.45,0,3150,0
BANKNIFTY31JUL2548600PE.NFO,2025-07-17,11:31:00,2025-07-31,4.45,4.45,4.45,4.45,0,3150,1
BANKNIFTY31JUL2548600PE.NFO,2025-07-17,11:32:00,2025-07-31,4.45,4.45,4.45,4.45,0,3150,1
BANKNIFTY31JUL2548600PE.NFO,2025-07-17,11:33:00,2025-07-31,4.45,4.45,4.45,4.45,0,3150,1
BANKNIFTY31JUL2548600PE.NFO,2025-07-17,11:34:00,2025-07-31,4.45,4.45,4.45,4.45,0,3150,1
BANKNIFTY31JUL2548600PE.NFO,2025-07-17,11:35:00,2025-07-31,4.45,4.45,4.45,4.45,0,3150,0
BANKNIFTY31JUL2548600PE.NFO,2025-07-17,11:36:00,2025-07-31,4.45,4.45,4.45,4.45,0,3150,1
BANKNIFTY31JUL2548600PE.NFO,2025-07-17,11:37:00,2025-07-31,4.45,4.45,4.45,4.45,0,3150,1
BANKNIFTY31JUL2548600PE.NFO,2025-07-17,11:38:00,2025-07-31,4.45,4.45,4.45,4.45,0,3150,0
BANKNIFTY31JUL2548600PE.NFO,2025-07-17,11:39:00,2025-07-31,4.45,4.45,4.45,4.45,0,3150,1
BANKNIFTY31JUL2548600PE.NFO,2025-07-17,11:40:00,2025-07-31,4.45,4.45,4.45,4.45,0,3150,1
BANKNIFTY31JUL2548600PE.NFO,2025-07-17,11:41:00,2025-07-31,4.45,4.45,4.45,4.45,0,3150,1
BANKNIFTY31JUL2548600PE.NFO,2025-07-17,11:42:00,2025-07-31,4.45,4.45,4.45,4.45,0,3150,1
BANKNIFTY31JUL2548600PE.NFO,2025-07-17,11:43:00,2025-07-31,4.45,4.45,4.45,4.45,0,3150,0
BANKNIFTY31JUL2548600PE.NFO,2025-07-17,11:44:00,2025-07-31,4.45,4.45,4.45,4.45,0,3150,0
BANKNIFTY31JUL2548600PE.NFO,2025-07-17,11:45:00,2025-07-31,4.45,4.45,4.45,4.45,0,3150,1
BANKNIFTY31JUL2548600PE.NFO,2025-07-17,11:46:00,2025-07-31,4.45,4.45,4.45,4.45,0,3150,1
BANKNIFTY31JUL2548600PE.NFO,2025-07-17,11:47:00,2025-07-31,4.45,4.45,4.45,4.45,0,3150,0
BANKNIFTY31JUL2548600PE.NFO,2025-07-17,11:48:00,2025-07-31,4.45,4.45,4.45,4.45,0,3150,1
BANKNIFTY31JUL2548600PE.NFO,2025-07-17,11:49:00,2025-07-31,4.45,4.45,4.45,4.45,0,3150,1
BANKNIFTY31JUL2548600PE.NFO,2025-07-17,11:50:00,2025-07-31,4.45,4.45,4.45,4.45,0,3150,1
BANKNIFTY31JUL2548600PE.NFO,2025-07-17,11:51:00,2025-07-31,4.45,4.45,4.45,4.45,0,3150,1
BANKNIFTY31JUL2548600PE.NFO,2025-07-17,11:52:00,2025-07-31,4.45,4.45,4.45,4.45,0,3150,0
BANKNIFTY31JUL2548600PE.NFO,2025-07-17,11:53:00,2025-07-31,4.45,4.45,4.45,4.45,0,3150,0
BANKNIFTY31JUL2548600PE.NFO,2025-07-17,11:54:00,2025-07-31,4.45,4.45,4.45,4.45,0,3150,1
BANKNIFTY31JUL2548600PE.NFO,2025-07-17,11:55:00,2025-07-31,4.45,4.45,4.45,4.45,0,3150,0
BANKNIFTY31JUL2548600PE.NFO,2025-07-17,11:56:00,2025-07-31,4.45,4.45,4.45,4.45,0,3150,1
BANKNIFTY31JUL2548600PE.NFO,2025-07-17,11:57:00,2025-07-31,4.45,4.45,4.45,4.45,0,3150,0
BANKNIFTY31JUL2548600PE.NFO,2025-07-17,11:58:00,2025-07-31,4.45,4.45,4.45,4.45,0,3150,0
BANKNIFTY31JUL2548600PE.NFO,2025-07-17,11:59:00,2025-07-31,4.45,4.45,4.45,4.45,0,3150,0
BANKNIFTY31JUL2548600PE.NFO,2025-07-17,12:00:00,2025-07-31,4.45,4.45,4.45,4.45,0,3150,1
BANKNIFTY31JUL2548600PE.NFO,2025-07-17,12:01:00,2025-07-31,4.45,4.45,4.45,4.45,0,3150,1
BANKNIFTY31JUL2548600PE.NFO,2025-07-17,12:02:00,2025-07-31,4.45,4.45,4.45,4.45,0,3150,1
BANKNIFTY31JUL2548600PE.NFO,2025-07-17,12:03:00,2025-07-31,4.45,4.45,4.45,4.45,0,3150,1
BANKNIFTY31JUL2548600PE.NFO,2025-07-17,12:04:00,2025-07-31,5.3,5.3,5.3,5.3,350,3010,0
BANKNIFTY31JUL2548600PE.NFO,2025-07-17,12:05:00,2025-07-31,5.3,5.3,5.3,5.3,0,3010,0
BANKNIFTY31JUL2548600PE.NFO,2025-07-17,12:06:00,2025-07-31,5.3,5.3,5.3,5.3,0,3010,0
BANKNIFTY31JUL2548600PE.NFO,2025-07-17,12:07:00,2025-07-31,5.3,5.3,5.3,5.3,0,3010,0
BANKNIFTY31JUL2548600PE.NFO,2025-07-17,12:08:00,2025-07-31,5.3,5.3,5.3,5.3,0,3010,1
BANKNIFTY31JUL2548600PE.NFO,2025-07-17,12:09:00,2025-07-31,5.3,5.3,5.3,5.3,0,3010,1
BANKNIFTY31JUL2548600PE.NFO,2025-07-17,12:10:00,2025-07-31,5.3,5.3,5.3,5.3,0,3010,1
BANKNIFTY31JUL2548600PE.NFO,2025-07-17,12:11:00,2025-07-31,5.3,5.3,5.3,5.3,0,3010,1
BANKNIFTY31JUL2548600PE.NFO,2025-07-17,12:12:00,2025-07-31,5.3,5.3,5.3,5.3,0,3010,1
BANKNIFTY31JUL2548600PE.NFO,2025-07-17,12:13:00,2025-07-31,5.3,5.3,5.3,5.3,0,3010,1
BANKNIFTY31JUL2548600PE.NFO,2025-07-17,12:14:00,2025-07-31,5.3,5.3,5.3,5.3,0,3010,1
BANKNIFTY31JUL2548600PE.NFO,2025-07-17,12:15:00,2025-07-31,5.3,5.3,5.3,5.3,0,3010,0
BANKNIFTY31JUL2548600PE.NFO,2025-07-17,12:16:00,2025-07-31,5.3,5.3,5.3,5.3,0,3010,1
BANKNIFTY31JUL2548600PE.NFO,2025-07-17,12:17:00,2025-07-31,5.3,5.3,5.3,5.3,0,3010,0
BANKNIFTY31JUL2548600PE.NFO,2025-07-17,12:18:00,2025-07-31,5.3,5.3,5.3,5.3,0,3010,1
BANKNIFTY31JUL2548600PE.NFO,2025-07-17,12:19:00,2025-07-31,5.3,5.3,5.3,5.3,0,3010,0
BANKNIFTY31JUL2548600PE.NFO,2025-07-17,12:20:00,2025-07-31,5.3,5.3,5.3,5.3,0,3010,0
BANKNIFTY31JUL2548600PE.NFO,2025-07-17,12:21:00,2025-07-31,5.3,5.3,5.3,5.3,0,3010,0
BANKNIFTY31JUL2548600PE.NFO,2025-07-17,12:22:00,2025-07-31,5.3,5.3,5.3,5.3,0,3010,1
BANKNIFTY31JUL2548600PE.NFO,2025-07-17,12:23:00,2025-07-31,5.3,5.3,5.3,5.3,0,3010,1
BANKNIFTY31JUL2548600PE.NFO,2025-07-17,12:24:00,2025-07-31,5.3,5.3,5.3,5.3,0,3010,1
BANKNIFTY31JUL2548600PE.NFO,2025-07-17,12:25:00,2025-07-31,5.3,5.3,5.3,5.3,0,3010,1
BANKNIFTY31JUL2548600PE.NFO,2025-07-17,12:26:00,2025-07-31,5.3,5.3,5.3,5.3,0,3010,1
BANKNIFTY31JUL2548600PE.NFO,2025-07-17,12:27:00,2025-07-31,5.3,5.3,5.3,5.3,0,3010,1
BANKNIFTY31JUL2548600PE.NFO,2025-07-17,12:28:00,2025-07-31,5.3,5.3,5.3,5.3,0,3010,0
BANKNIFTY31JUL2548600PE.NFO,2025-07-17,12:29:00,2025-07-31,5.3,5.3,5.3,5.3,0,3010,0
BANKNIFTY31JUL2548600PE.NFO,2025-07-17,12:30:00,2025-07-31,5.3,5.3,5.3,5.3,0,3010,1
BANKNIFTY31JUL2548600PE.NFO,2025-07-17,12:31:00,2025-07-31,5.3,5.3,5.3,5.3,0,3010,1
BANKNIFTY31JUL2548600PE.NFO,2025-07-17,12:32:00,2025-07-31,5.3,5.3,5.3,5.3,0,3010,1
BANKNIFTY31JUL2548600PE.NFO,2025-07-17,12:33:00,2025-07-31,5.3,5.3,5.3,5.3,0,3010,1
BANKNIFTY31JUL2548600PE.NFO,2025-07-17,12:34:00,2025-07-31,5.3,5.3,5.3,5.3,0,3010,1
BANKNIFTY31JUL2548600PE.NFO,2025-07-17,12:35:00,2025-07-31,5.3,5.3,5.3,5.3,0,3010,0
BANKNIFTY31JUL2548600PE.NFO,2025-07-17,12:36:00,2025-07-31,5.3,5.3,5.3,5.3,0,3010,0
BANKNIFTY31JUL2548600PE.NFO,2025-07-17,12:37:00,2025-07-31,5.3,5.3,5.3,5.3,0,3010,1
BANKNIFTY31JUL2548600PE.NFO,2025-07-17,12:38:00,2025-07-31,5.3,5.3,5.3,5.3,0,3010,0
BANKNIFTY31JUL2548600PE.NFO,2025-07-17,12:39:00,2025-07-31,5.3,5.3,5.3,5.3,0,3010,1
BANKNIFTY31JUL2548600PE.NFO,2025-07-17,12:40:00,2025-07-31,5.3,5.3,5.3,5.3,0,3010,0
BANKNIFTY31JUL2548600PE.NFO,2025-07-17,12:41:00,2025-07-31,5.3,5.3,5.3,5.3,0,3010,0
BANKNIFTY31JUL2548600PE.NFO,2025-07-17,12:42:00,2025-07-31,5.3,5.3,5.3,5.3,0,3010,1
BANKNIFTY31JUL2548600PE.NFO,2025-07-17,12:43:00,2025-07-31,5.3,5.3,5.3,5.3,0,3010,1
BANKNIFTY31JUL2548600PE.NFO,2025-07-17,12:44:00,2025-07-31,5.3,5.3,5.3,5.3,0,3010,1
BANKNIFTY31JUL2548600PE.NFO,2025-07-17,12:45:00,2025-07-31,5.3,5.3,5.3,5.3,0,3010,1
BANKNIFTY31JUL2548600PE.NFO,2025-07-17,12:46:00,2025-07-31,5.3,5.3,5.3,5.3,0,3010,0
BANKNIFTY31JUL2548600PE.NFO,2025-07-17,12:47:00,2025-07-31,5.3,5.3,5.3,5.3,0,3010,1
BANKNIFTY31JUL2548600PE.NFO,2025-07-17,12:48:00,2025-07-31,5.3,5.3,5.3,5.3,0,3010,1
BANKNIFTY31JUL2548600PE.NFO,2025-07-17,12:49:00,2025-07-31,5.3,5.3,5.3,5.3,0,3010,1
BANKNIFTY31JUL2548600PE.NFO,2025-07-17,12:50:00,2025-07-31,5.3,5.3,5.3,5.3,0,3010,1
BANKNIFTY31JUL2548600PE.NFO,2025-07-17,12:51:00,2025-07-31,5.3,5.3,5.3,5.3,0,3010,1
BANKNIFTY31JUL2548600PE.NFO,2025-07-17,12:52:00,2025-07-31,5.3,5.3,5.3,5.3,0,3010,1
BANKNIFTY31JUL2548600PE.NFO,2025-07-17,12:53:00,2025-07-31,5.3,5.3,5.3,5.3,0,3010,1
BANKNIFTY31JUL2548600PE.NFO,2025-07-17,12:54:00,2025-07-31,5.4,5.4,5.4,5.4,0,3360,0
BANKNIFTY31JUL2548600PE.NFO,2025-07-17,12:55:00,2025-07-31,5.4,5.4,4.9,4.9,140,3360,0
BANKNIFTY31JUL2548600PE.NFO,2025-07-17,12:56:00,2025-07-31,4.9,4.9,4.9,4.9,140,3360,1
BANKNIFTY31JUL2548600PE.NFO,2025-07-17,12:57:00,2025-07-31,4.9,4.9,4.9,4.9,0,3360,0
BANKNIFTY31JUL2548600PE.NFO,2025-07-17,12:58:00,2025-07-31,4.9,4.9,4.9,4.9,0,3360,1
BANKNIFTY31JUL2548600PE.NFO,2025-07-17,12:59:00,2025-07-31,4.9,4.9,4.9,4.9,0,3360,1
BANKNIFTY31JUL2548600PE.NFO,2025-07-17,13:00:00,2025-07-31,4.9,4.9,4.9,4.9,0,3360,1
BANKNIFTY31JUL2548600PE.NFO,2025-07-17,13:01:00,2025-07-31,4.9,4.9,4.9,4.9,0,3360,1
BANKNIFTY31JUL2548600PE.NFO,2025-07-17,13:02:00,2025-07-31,4.9,4.9,4.9,4.9,0,3360,1
BANKNIFTY31JUL2548600PE.NFO,2025-07-17,13:03:00,2025-07-31,4.9,4.9,4.9,4.9,0,3360,1
BANKNIFTY31JUL2548600PE.NFO,2025-07-17,13:04:00,2025-07-31,4.9,4.9,4.9,4.9,0,3360,1
BANKNIFTY31JUL2548600PE.NFO,2025-07-17,13:05:00,2025-07-31,4.9,4.9,4.9,4.9,0,3360,1
BANKNIFTY31JUL2548600PE.NFO,2025-07-17,13:06:00,2025-07-31,4.9,4.9,4.9,4.9,0,3360,0
BANKNIFTY31JUL2548600PE.NFO,2025-07-17,13:07:00,2025-07-31,4.9,4.9,4.55,4.55,35,3465,0
BANKNIFTY31JUL2548600PE.NFO,2025-07-17,13:08:00,2025-07-31,4.55,4.55,4.55,4.55,0,3465,0
BANKNIFTY31JUL2548600PE.NFO,2025-07-17,13:09:00,2025-07-31,4.55,4.55,4.55,4.55,0,3465,1
BANKNIFTY31JUL2548600PE.NFO,2025-07-17,13:10:00,2025-07-31,4.55,4.55,4.55,4.55,0,3465,0
BANKNIFTY31JUL2548600PE.NFO,2025-07-17,13:11:00,2025-07-31,4.55,4.55,4.55,4.55,0,3465,0
BANKNIFTY31JUL2548600PE.NFO,2025-07-17,13:12:00,2025-07-31,4.55,4.55,4.55,4.55,0,3465,0
BANKNIFTY31JUL2548600PE.NFO,2025-07-17,13:13:00,2025-07-31,4.55,4.55,4.55,4.55,0,3465,1
BANKNIFTY31JUL2548600PE.NFO,2025-07-17,13:14:00,2025-07-31,4.55,4.55,4.55,4.55,0,3465,0
BANKNIFTY31JUL2548600PE.NFO,2025-07-17,13:15:00,2025-07-31,4.55,4.55,4.55,4.55,0,3465,0
BANKNIFTY31JUL2548600PE.NFO,2025-07-17,13:16:00,2025-07-31,4.55,4.55,4.55,4.55,0,3465,0
BANKNIFTY31JUL2548600PE.NFO,2025-07-17,13:17:00,2025-07-31,4.55,4.55,4.55,4.55,0,3465,0
BANKNIFTY31JUL2548600PE.NFO,2025-07-17,13:18:00,2025-07-31,4.55,4.55,4.55,4.55,0,3465,1
BANKNIFTY31JUL2548600PE.NFO,2025-07-17,13:19:00,2025-07-31,4.55,4.55,4.55,4.55,0,3465,0
BANKNIFTY31JUL2548600PE.NFO,2025-07-17,13:20:00,2025-07-31,4.55,4.55,4.55,4.55,0,3465,0
BANKNIFTY31JUL2548600PE.NFO,2025-07-17,13:21:00,2025-07-31,4.55,4.55,4.55,4.55,0,3465,0
BANKNIFTY31JUL2548600PE.NFO,2025-07-17,13:22:00,2025-07-31,4.55,4.55,4.55,4.55,0,3465,0
BANKNIFTY31JUL2548600PE.NFO,2025-07-17,13:23:00,2025-07-31,4.55,4.55,4.55,4.55,0,3465,0
BANKNIFTY31JUL2548600PE.NFO,2025-07-17,13:24:00,2025-07-31,4.55,4.55,4.55,4.55,0,3465,1
BANKNIFTY31JUL2548600PE.NFO,2025-07-17,13:25:00,2025-07-31,4.55,4.55,4.55,4.55,0,3465,1
BANKNIFTY31JUL2548600PE.NFO,2025-07-17,13:26:00,2025-07-31,4.55,4.55,4.55,4.55,0,3465,1
BANKNIFTY31JUL2548600PE.NFO,2025-07-17,13:27:00,2025-07-31,4.55,4.55,4.55,4.55,0,3465,1
BANKNIFTY31JUL2548600PE.NFO,2025-07-17,13:28:00,2025-07-31,4.55,4.55,4.55,4.55,0,3465,0
BANKNIFTY31JUL2548600PE.NFO,2025-07-17,13:29:00,2025-07-31,4.55,4.55,4.55,4.55,0,3465,0
BANKNIFTY31JUL2548600PE.NFO,2025-07-17,13:30:00,2025-07-31,4.55,4.55,4.55,4.55,0,3465,1
BANKNIFTY31JUL2548600PE.NFO,2025-07-17,13:31:00,2025-07-31,4.55,4.55,4.55,4.55,0,3465,1
BANKNIFTY31JUL2548600PE.NFO,2025-07-17,13:32:00,2025-07-31,4.55,4.55,4.55,4.55,0,3465,1
BANKNIFTY31JUL2548600PE.NFO,2025-07-17,13:33:00,2025-07-31,4.55,4.55,4.55,4.55,0,3465,1
BANKNIFTY31JUL2548600PE.NFO,2025-07-17,13:34:00,2025-07-31,8.5,8.5,4.9,5.1,420,3430,0
BANKNIFTY31JUL2548600PE.NFO,2025-07-17,13:35:00,2025-07-31,5.1,5.1,5.05,5.05,35,3430,0
BANKNIFTY31JUL2548600PE.NFO,2025-07-17,13:36:00,2025-07-31,5.05,5.05,5.05,5.05,35,3430,1
BANKNIFTY31JUL2548600PE.NFO,2025-07-17,13:37:00,2025-07-31,4.85,4.85,4.85,4.85,70,3430,0
BANKNIFTY31JUL2548600PE.NFO,2025-07-17,13:38:00,2025-07-31,4.85,4.85,4.85,4.85,0,3430,0
BANKNIFTY31JUL2548600PE.NFO,2025-07-17,13:39:00,2025-07-31,4.85,4.85,4.85,4.85,0,3430,1
BANKNIFTY31JUL2548600PE.NFO,2025-07-17,13:40:00,2025-07-31,4.85,4.85,4.85,4.85,0,3430,1
BANKNIFTY31JUL2548600PE.NFO,2025-07-17,13:41:00,2025-07-31,4.85,4.85,4.85,4.85,0,3430,1
BANKNIFTY31JUL2548600PE.NFO,2025-07-17,13:42:00,2025-07-31,4.85,4.85,4.85,4.85,35,3745,0
BANKNIFTY31JUL2548600PE.NFO,2025-07-17,13:43:00,2025-07-31,4.85,4.85,4.85,4.85,35,3745,1
BANKNIFTY31JUL2548600PE.NFO,2025-07-17,13:44:00,2025-07-31,4.85,4.85,4.85,4.85,0,3745,0
BANKNIFTY31JUL2548600PE.NFO,2025-07-17,13:45:00,2025-07-31,4.85,4.85,4.85,4.85,0,3745,0
BANKNIFTY31JUL2548600PE.NFO,2025-07-17,13:46:00,2025-07-31,4.85,4.85,4.85,4.85,0,3745,1
BANKNIFTY31JUL2548600PE.NFO,2025-07-17,13:47:00,2025-07-31,4.85,4.85,4.85,4.85,0,3745,0
BANKNIFTY31JUL2548600PE.NFO,2025-07-17,13:48:00,2025-07-31,4.85,4.85,4.85,4.85,0,3745,0
BANKNIFTY31JUL2548600PE.NFO,2025-07-17,13:49:00,2025-07-31,4.85,4.85,4.85,4.85,0,3745,1
BANKNIFTY31JUL2548600PE.NFO,2025-07-17,13:50:00,2025-07-31,4.85,4.85,4.85,4.85,0,3745,1
BANKNIFTY31JUL2548600PE.NFO,2025-07-17,13:51:00,2025-07-31,4.85,4.85,4.85,4.85,0,3745,0
BANKNIFTY31JUL2548600PE.NFO,2025-07-17,13:52:00,2025-07-31,4.85,4.85,4.85,4.85,0,3745,0
BANKNIFTY31JUL2548600PE.NFO,2025-07-17,13:53:00,2025-07-31,4.85,4.85,4.85,4.85,0,3745,0
BANKNIFTY31JUL2548600PE.NFO,2025-07-17,13:54:00,2025-07-31,4.85,4.85,4.85,4.85,0,3745,0
BANKNIFTY31JUL2548600PE.NFO,2025-07-17,13:55:00,2025-07-31,4.85,4.85,4.85,4.85,0,3745,1
BANKNIFTY31JUL2548600PE.NFO,2025-07-17,13:56:00,2025-07-31,4.85,4.85,4.85,4.85,0,3745,1
BANKNIFTY31JUL2548600PE.NFO,2025-07-17,13:57:00,2025-07-31,4.85,4.85,4.85,4.85,0,3745,1
BANKNIFTY31JUL2548600PE.NFO,2025-07-17,13:58:00,2025-07-31,4.85,5.4,4.55,4.55,105,3780,0
BANKNIFTY31JUL2548600PE.NFO,2025-07-17,13:59:00,2025-07-31,4.55,4.55,4.55,4.55,0,3780,0
BANKNIFTY31JUL2548600PE.NFO,2025-07-17,14:00:00,2025-07-31,4.55,4.55,4.55,4.55,0,3780,1
BANKNIFTY31JUL2548600PE.NFO,2025-07-17,14:01:00,2025-07-31,4.65,4.65,4.65,4.65,70,3780,0
BANKNIFTY31JUL2548600PE.NFO,2025-07-17,14:02:00,2025-07-31,4.65,4.65,4.65,4.65,0,3780,0
BANKNIFTY31JUL2548600PE.NFO,2025-07-17,14:03:00,2025-07-31,4.65,4.65,4.65,4.65,0,3780,0
BANKNIFTY31JUL2548600PE.NFO,2025-07-17,14:04:00,2025-07-31,4.1,4.1,4.1,4.1,70,3745,0
BANKNIFTY31JUL2548600PE.NFO,2025-07-17,14:05:00,2025-07-31,4.1,4.1,4.1,4.1,0,3745,0
BANKNIFTY31JUL2548600PE.NFO,2025-07-17,14:06:00,2025-07-31,4.1,4.1,4.1,4.1,0,3745,0
BANKNIFTY31JUL2548600PE.NFO,2025-07-17,14:07:00,2025-07-31,4.45,4.45,4.45,4.45,105,3745,0
BANKNIFTY31JUL2548600PE.NFO,2025-07-17,14:08:00,2025-07-31,4.45,4.45,4.45,4.45,0,3745,0
BANKNIFTY31JUL2548600PE.NFO,2025-07-17,14:09:00,2025-07-31,4.45,4.45,4.45,4.45,0,3745,0
BANKNIFTY31JUL2548600PE.NFO,2025-07-17,14:10:00,2025-07-31,4.45,4.45,4.45,4.45,0,3745,0
BANKNIFTY31JUL2548600PE.NFO,2025-07-17,14:11:00,2025-07-31,4.45,4.45,4.45,4.45,0,3745,1
BANKNIFTY31JUL2548600PE.NFO,2025-07-17,14:12:00,2025-07-31,4.45,4.45,4.45,4.45,0,3745,1
BANKNIFTY31JUL2548600PE.NFO,2025-07-17,14:13:00,2025-07-31,4.45,4.45,4.45,4.45,0,3745,0
BANKNIFTY31JUL2548600PE.NFO,2025-07-17,14:14:00,2025-07-31,5.4,5.4,5.4,5.4,140,3605,0
BANKNIFTY31JUL2548600PE.NFO,2025-07-17,14:15:00,2025-07-31,5.4,5.4,5.4,5.4,0,3605,0
BANKNIFTY31JUL2548600PE.NFO,2025-07-17,14:16:00,2025-07-31,5.4,5.4,5.4,5.4,0,3605,0
BANKNIFTY31JUL2548600PE.NFO,2025-07-17,14:17:00,2025-07-31,5.4,5.4,5.4,5.4,0,3605,1
BANKNIFTY31JUL2548600PE.NFO,2025-07-17,14:18:00,2025-07-31,5.4,5.4,5.4,5.4,0,3605,0
BANKNIFTY31JUL2548600PE.NFO,2025-07-17,14:19:00,2025-07-31,5.4,5.4,5.4,5.4,0,3605,1
BANKNIFTY31JUL2548600PE.NFO,2025-07-17,14:20:00,2025-07-31,5.4,5.4,5.4,5.4,0,3605,1
BANKNIFTY31JUL2548600PE.NFO,2025-07-17,14:21:00,2025-07-31,5.4,5.4,5.4,5.4,0,3605,1
BANKNIFTY31JUL2548600PE.NFO,2025-07-17,14:22:00,2025-07-31,5.4,5.4,5.4,5.4,0,3605,1
BANKNIFTY31JUL2548600PE.NFO,2025-07-17,14:23:00,2025-07-31,5.4,5.4,5.4,5.4,0,3605,1
BANKNIFTY31JUL2548600PE.NFO,2025-07-17,14:24:00,2025-07-31,5.4,5.4,5.4,5.4,0,3605,1
BANKNIFTY31JUL2548600PE.NFO,2025-07-17,14:25:00,2025-07-31,5.4,5.4,5.4,5.4,0,3605,0
BANKNIFTY31JUL2548600PE.NFO,2025-07-17,14:26:00,2025-07-31,5.4,5.4,5.4,5.4,0,3605,0
BANKNIFTY31JUL2548600PE.NFO,2025-07-17,14:27:00,2025-07-31,5.4,5.4,5.4,5.4,0,3605,0
BANKNIFTY31JUL2548600PE.NFO,2025-07-17,14:28:00,2025-07-31,5.4,5.4,5.4,5.4,0,3605,0
BANKNIFTY31JUL2548600PE.NFO,2025-07-17,14:29:00,2025-07-31,5.4,5.4,5.4,5.4,0,3605,0
BANKNIFTY31JUL2548600PE.NFO,2025-07-17,14:30:00,2025-07-31,5.4,5.4,5.4,5.4,0,3605,0
BANKNIFTY31JUL2548600PE.NFO,2025-07-17,14:31:00,2025-07-31,5.4,5.4,5.4,5.4,0,3605,1
BANKNIFTY31JUL2548600PE.NFO,2025-07-17,14:32:00,2025-07-31,5.4,5.4,5.4,5.4,0,3605,1
BANKNIFTY31JUL2548600PE.NFO,2025-07-17,14:33:00,2025-07-31,5.4,5.4,5.4,5.4,0,3605,0
BANKNIFTY31JUL2548600PE.NFO,2025-07-17,14:34:00,2025-07-31,5.4,5.4,5.4,5.4,0,3605,0
BANKNIFTY31JUL2548600PE.NFO,2025-07-17,14:35:00,2025-07-31,5.4,5.4,5.4,5.4,0,3605,0
BANKNIFTY31JUL2548600PE.NFO,2025-07-17,14:36:00,2025-07-31,5.4,5.4,4.25,4.25,140,3745,0
BANKNIFTY31JUL2548600PE.NFO,2025-07-17,14:37:00,2025-07-31,4.25,4.25,4.25,4.25,0,3745,0
BANKNIFTY31JUL2548600PE.NFO,2025-07-17,14:38:00,2025-07-31,4.25,4.25,4.25,4.25,0,3745,0
BANKNIFTY31JUL2548600PE.NFO,2025-07-17,14:39:00,2025-07-31,4.25,4.25,4.25,4.25,0,3745,0
BANKNIFTY31JUL2548600PE.NFO,2025-07-17,14:40:00,2025-07-31,4.25,4.25,4.25,4.25,0,3745,0
BANKNIFTY31JUL2548600PE.NFO,2025-07-17,14:41:00,2025-07-31,4.25,4.25,4.25,4.25,0,3745,0
BANKNIFTY31JUL2548600PE.NFO,2025-07-17,14:42:00,2025-07-31,4.4,4.4,4.4,4.4,70,3675,0
BANKNIFTY31JUL2548600PE.NFO,2025-07-17,14:43:00,2025-07-31,4.4,4.4,4.4,4.4,0,3675,0
BANKNIFTY31JUL2548600PE.NFO,2025-07-17,14:44:00,2025-07-31,4.4,4.4,4.4,4.4,0,3675,1
BANKNIFTY31JUL2548600PE.NFO,2025-07-17,14:45:00,2025-07-31,4.4,4.4,4.4,4.4,0,3675,1
BANKNIFTY31JUL2548600PE.NFO,2025-07-17,14:46:00,2025-07-31,4.4,4.4,4.4,4.4,0,3675,1
BANKNIFTY31JUL2548600PE.NFO,2025-07-17,14:47:00,2025-07-31,4.4,4.4,4.4,4.4,0,3675,0
BANKNIFTY31JUL2548600PE.NFO,2025-07-17,14:48:00,2025-07-31,4.4,4.4,4.4,4.4,0,3675,1
BANKNIFTY31JUL2548600PE.NFO,2025-07-17,14:49:00,2025-07-31,4.4,4.4,4.4,4.4,0,3675,1
BANKNIFTY31JUL2548600PE.NFO,2025-07-17,14:50:00,2025-07-31,4.4,4.4,4.4,4.4,0,3675,0
BANKNIFTY31JUL2548600PE.NFO,2025-07-17,14:51:00,2025-07-31,4.4,4.4,4.4,4.4,0,3675,0
BANKNIFTY31JUL2548600PE.NFO,2025-07-17,14:52:00,2025-07-31,4.4,4.4,4.4,4.4,0,3675,1
BANKNIFTY31JUL2548600PE.NFO,2025-07-17,14:53:00,2025-07-31,4.4,4.4,4.4,4.4,0,3675,1
BANKNIFTY31JUL2548600PE.NFO,2025-07-17,14:54:00,2025-07-31,4.45,4.45,4.45,4.45,70,3605,0
BANKNIFTY31JUL2548600PE.NFO,2025-07-17,14:55:00,2025-07-31,4.45,4.45,4.4,4.4,35,3605,0
BANKNIFTY31JUL2548600PE.NFO,2025-07-17,14:56:00,2025-07-31,4.4,4.4,4.4,4.4,35,3605,1
BANKNIFTY31JUL2548600PE.NFO,2025-07-17,14:57:00,2025-07-31,4.4,4.4,4.4,4.4,0,3605,0
BANKNIFTY31JUL2548600PE.NFO,2025-07-17,14:58:00,2025-07-31,4.4,4.4,4.4,4.4,0,3605,0
BANKNIFTY31JUL2548600PE.NFO,2025-07-17,14:59:00,2025-07-31,4.4,4.4,4.4,4.4,0,3605,0
BANKNIFTY31JUL2548600PE.NFO,2025-07-17,15:00:00,2025-07-31,4.4,4.4,4.4,4.4,0,3605,0
BANKNIFTY31JUL2548600PE.NFO,2025-07-17,15:01:00,2025-07-31,4.4,4.4,4.4,4.4,0,3605,1
BANKNIFTY31JUL2548600PE.NFO,2025-07-17,15:02:00,2025-07-31,4.4,4.4,4.3,4.3,35,3605,0
BANKNIFTY31JUL2548600PE.NFO,2025-07-17,15:03:00,2025-07-31,4.3,4.3,4.3,4.3,0,3605,0
BANKNIFTY31JUL2548600PE.NFO,2025-07-17,15:04:00,2025-07-31,4.3,4.3,4.3,4.3,0,3605,0
BANKNIFTY31JUL2548600PE.NFO,2025-07-17,15:05:00,2025-07-31,4.6,4.6,4.6,4.6,70,3605,0
BANKNIFTY31JUL2548600PE.NFO,2025-07-17,15:06:00,2025-07-31,4.6,4.6,4.6,4.6,0,3605,0
BANKNIFTY31JUL2548600PE.NFO,2025-07-17,15:07:00,2025-07-31,4.9,4.9,4.9,4.9,35,3605,0
BANKNIFTY31JUL2548600PE.NFO,2025-07-17,15:08:00,2025-07-31,4.9,4.9,4.9,4.9,35,3605,1
BANKNIFTY31JUL2548600PE.NFO,2025-07-17,15:09:00,2025-07-31,4.9,7.9,4.9,7.9,210,3640,0
BANKNIFTY31JUL2548600PE.NFO,2025-07-17,15:10:00,2025-07-31,7.9,7.9,7.9,7.9,0,3640,0
BANKNIFTY31JUL2548600PE.NFO,2025-07-17,15:11:00,2025-07-31,7.9,7.9,7.9,7.9,0,3640,0
BANKNIFTY31JUL2548600PE.NFO,2025-07-17,15:12:00,2025-07-31,7.9,7.9,7.9,7.9,0,3640,0
BANKNIFTY31JUL2548600PE.NFO,2025-07-17,15:13:00,2025-07-31,7.9,7.9,4.1,4.1,70,3815,0
BANKNIFTY31JUL2548600PE.NFO,2025-07-17,15:14:00,2025-07-31,4.1,4.1,4.1,4.1,0,3815,0
BANKNIFTY31JUL2548600PE.NFO,2025-07-17,15:15:00,2025-07-31,4.1,4.1,4.1,4.1,0,3815,0
BANKNIFTY31JUL2548600PE.NFO,2025-07-17,15:16:00,2025-07-31,4.1,4.1,3.9,3.9,35,3780,0
BANKNIFTY31JUL2548600PE.NFO,2025-07-17,15:17:00,2025-07-31,3.9,3.9,3.9,3.9,0,3780,0
BANKNIFTY31JUL2548600PE.NFO,2025-07-17,15:18:00,2025-07-31,3.9,3.9,3.9,3.9,0,3780,0
BANKNIFTY31JUL2548600PE.NFO,2025-07-17,15:19:00,2025-07-31,3.9,3.9,3.9,3.9,0,3780,0
BANKNIFTY31JUL2548600PE.NFO,2025-07-17,15:20:00,2025-07-31,3.9,3.9,3.75,3.75,0,3745,0
BANKNIFTY31JUL2548600PE.NFO,2025-07-17,15:21:00,2025-07-31,3.75,3.75,3.75,3.75,210,3745,0
BANKNIFTY31JUL2548600PE.NFO,2025-07-17,15:22:00,2025-07-31,3.75,4.25,3.6,4.25,490,3745,0
BANKNIFTY31JUL2548600PE.NFO,2025-07-17,15:23:00,2025-07-31,4.25,4.25,4.25,4.25,0,3745,0
BANKNIFTY31JUL2548600PE.NFO,2025-07-17,15:24:00,2025-07-31,4.25,4.25,4.25,4.25,0,3745,0
BANKNIFTY31JUL2548600PE.NFO,2025-07-17,15:25:00,2025-07-31,4.25,4.25,4.25,4.25,0,3745,0
BANKNIFTY31JUL2548600PE.NFO,2025-07-17,15:26:00,2025-07-31,4.25,4.25,4.25,4.25,0,3745,0
BANKNIFTY31JUL2548600PE.NFO,2025-07-17,15:27:00,2025-07-31,4.25,4.25,4.25,4.25,0,3745,0
BANKNIFTY31JUL2548600PE.NFO,2025-07-17,15:28:00,2025-07-31,4.25,4.25,4.25,4.25,0,3745,0
BANKNIFTY31JUL2548600PE.NFO,2025-07-17,15:29:00,2025-07-31,4.25,4.25,4.25,4.25,0,3745,0
BANKNIFTY31JUL2548600PE.NFO,2025-07-17,15:30:00,2025-07-31,4.25,4.25,4.25,4.25,0,3745,1
BANKNIFTY31JUL2548600PE.NFO,2025-07-18,09:15:00,2025-07-31,4.75,4.75,4.75,4.75,0,0,0
BANKNIFTY31JUL2548600PE.NFO,2025-07-18,09:16:00,2025-07-31,4.75,4.75,4.75,4.75,0,0,1
BANKNIFTY31JUL2548600PE.NFO,2025-07-18,09:17:00,2025-07-31,4.75,4.75,4.75,4.75,0,0,1
BANKNIFTY31JUL2548600PE.NFO,2025-07-18,09:18:00,2025-07-31,4.75,4.75,4.75,4.75,0,0,1
BANKNIFTY31JUL2548600PE.NFO,2025-07-18,09:19:00,2025-07-31,4.75,4.75,4.75,4.75,0,0,1
BANKNIFTY31JUL2548600PE.NFO,2025-07-18,09:20:00,2025-07-31,4.75,4.75,4.75,4.75,0,0,1
BANKNIFTY31JUL2548600PE.NFO,2025-07-18,09:21:00,2025-07-31,4.75,4.75,4.75,4.75,0,0,1
BANKNIFTY31JUL2548600PE.NFO,2025-07-18,09:22:00,2025-07-31,4.75,4.75,4.75,4.75,0,0,1
BANKNIFTY31JUL2548600PE.NFO,2025-07-18,09:23:00,2025-07-31,4.75,4.75,4.75,4.75,0,0,1
BANKNIFTY31JUL2548600PE.NFO,2025-07-18,09:24:00,2025-07-31,4.75,4.75,4.75,4.75,0,0,1
BANKNIFTY31JUL2548600PE.NFO,2025-07-18,09:25:00,2025-07-31,4.75,4.75,4.75,4.75,0,0,1
BANKNIFTY31JUL2548600PE.NFO,2025-07-18,09:26:00,2025-07-31,4.75,4.75,4.75,4.75,0,0,1
BANKNIFTY31JUL2548600PE.NFO,2025-07-18,09:27:00,2025-07-31,4.75,4.75,4.75,4.75,0,0,1
BANKNIFTY31JUL2548600PE.NFO,2025-07-18,09:28:00,2025-07-31,4.75,4.75,4.75,4.75,0,0,1
BANKNIFTY31JUL2548600PE.NFO,2025-07-18,09:29:00,2025-07-31,4.75,4.75,4.75,4.75,0,0,1
BANKNIFTY31JUL2548600PE.NFO,2025-07-18,09:30:00,2025-07-31,4.75,4.75,4.75,4.75,0,0,1
BANKNIFTY31JUL2548600PE.NFO,2025-07-18,09:31:00,2025-07-31,4.75,4.75,4.75,4.75,0,0,1
BANKNIFTY31JUL2548600PE.NFO,2025-07-18,09:32:00,2025-07-31,4.75,4.75,4.75,4.75,0,0,1
BANKNIFTY31JUL2548600PE.NFO,2025-07-18,09:33:00,2025-07-31,4.75,4.75,4.75,4.75,0,0,1
BANKNIFTY31JUL2548600PE.NFO,2025-07-18,09:34:00,2025-07-31,4.75,4.75,4.75,4.75,0,0,1
BANKNIFTY31JUL2548600PE.NFO,2025-07-18,09:35:00,2025-07-31,4.75,4.75,4.75,4.75,0,0,1
BANKNIFTY31JUL2548600PE.NFO,2025-07-18,09:36:00,2025-07-31,4.75,4.75,4.75,4.75,0,0,1
BANKNIFTY31JUL2548600PE.NFO,2025-07-18,09:37:00,2025-07-31,4.75,4.75,4.75,4.75,0,0,1
BANKNIFTY31JUL2548600PE.NFO,2025-07-18,09:38:00,2025-07-31,4.75,4.75,4.75,4.75,0,0,1
BANKNIFTY31JUL2548600PE.NFO,2025-07-18,09:39:00,2025-07-31,4.75,4.75,4.75,4.75,0,0,1
BANKNIFTY31JUL2548600PE.NFO,2025-07-18,09:40:00,2025-07-31,4.75,4.75,4.75,4.75,0,0,1
BANKNIFTY31JUL2548600PE.NFO,2025-07-18,09:41:00,2025-07-31,4.75,4.75,4.75,4.75,0,0,1
BANKNIFTY31JUL2548600PE.NFO,2025-07-18,09:42:00,2025-07-31,4.75,4.75,4.75,4.75,0,0,1
BANKNIFTY31JUL2548600PE.NFO,2025-07-18,09:43:00,2025-07-31,4.75,4.75,4.75,4.75,0,0,1
BANKNIFTY31JUL2548600PE.NFO,2025-07-18,09:44:00,2025-07-31,4.75,4.75,4.75,4.75,0,0,1
BANKNIFTY31JUL2548600PE.NFO,2025-07-18,09:45:00,2025-07-31,4.75,4.75,4.75,4.75,0,0,1
BANKNIFTY31JUL2548600PE.NFO,2025-07-18,09:46:00,2025-07-31,4.75,4.75,4.75,4.75,0,0,1
BANKNIFTY31JUL2548600PE.NFO,2025-07-18,09:47:00,2025-07-31,4.75,4.75,4.75,4.75,0,0,1
BANKNIFTY31JUL2548600PE.NFO,2025-07-18,09:48:00,2025-07-31,4.75,4.75,4.75,4.75,0,0,1
BANKNIFTY31JUL2548600PE.NFO,2025-07-18,09:49:00,2025-07-31,4.75,4.75,4.75,4.75,0,0,1
BANKNIFTY31JUL2548600PE.NFO,2025-07-18,09:50:00,2025-07-31,4.75,4.75,4.75,4.75,0,0,1
BANKNIFTY31JUL2548600PE.NFO,2025-07-18,09:51:00,2025-07-31,4.75,4.75,4.75,4.75,0,0,1
BANKNIFTY31JUL2548600PE.NFO,2025-07-18,09:52:00,2025-07-31,4.75,4.75,4.75,4.75,0,0,1
BANKNIFTY31JUL2548600PE.NFO,2025-07-18,09:53:00,2025-07-31,4.75,4.75,4.75,4.75,0,0,1
BANKNIFTY31JUL2548600PE.NFO,2025-07-18,09:54:00,2025-07-31,4.75,4.75,4.75,4.75,0,0,1
BANKNIFTY31JUL2548600PE.NFO,2025-07-18,09:55:00,2025-07-31,4.75,4.75,4.75,4.75,0,0,1
BANKNIFTY31JUL2548600PE.NFO,2025-07-18,09:56:00,2025-07-31,4.75,4.75,4.75,4.75,0,0,1
BANKNIFTY31JUL2548600PE.NFO,2025-07-18,09:57:00,2025-07-31,4.75,4.75,4.75,4.75,0,0,1
BANKNIFTY31JUL2548600PE.NFO,2025-07-18,09:58:00,2025-07-31,4.75,4.75,4.75,4.75,0,0,1
BANKNIFTY31JUL2548600PE.NFO,2025-07-18,09:59:00,2025-07-31,4.75,4.75,4.75,4.75,0,0,1
BANKNIFTY31JUL2548600PE.NFO,2025-07-18,10:00:00,2025-07-31,4.75,4.75,4.75,4.75,0,0,1
BANKNIFTY31JUL2548600PE.NFO,2025-07-18,10:01:00,2025-07-31,4.75,4.75,4.75,4.75,0,0,1
BANKNIFTY31JUL2548600PE.NFO,2025-07-18,10:02:00,2025-07-31,4.75,4.75,4.75,4.75,0,0,1
BANKNIFTY31JUL2548600PE.NFO,2025-07-18,10:03:00,2025-07-31,4.75,4.75,4.75,4.75,0,0,1
BANKNIFTY31JUL2548600PE.NFO,2025-07-18,10:04:00,2025-07-31,4.75,4.75,4.75,4.75,0,0,1
BANKNIFTY31JUL2548600PE.NFO,2025-07-18,10:05:00,2025-07-31,4.75,4.75,4.75,4.75,0,0,1
BANKNIFTY31JUL2548600PE.NFO,2025-07-18,10:06:00,2025-07-31,4.75,4.75,4.75,4.75,0,0,1
BANKNIFTY31JUL2548600PE.NFO,2025-07-18,10:07:00,2025-07-31,4.75,4.75,4.75,4.75,0,0,1
BANKNIFTY31JUL2548600PE.NFO,2025-07-18,10:08:00,2025-07-31,4.75,4.75,4.75,4.75,0,0,1
BANKNIFTY31JUL2548600PE.NFO,2025-07-18,10:09:00,2025-07-31,4.75,4.75,4.75,4.75,0,0,1
BANKNIFTY31JUL2548600PE.NFO,2025-07-18,10:10:00,2025-07-31,4.75,4.75,4.75,4.75,0,0,1
BANKNIFTY31JUL2548600PE.NFO,2025-07-18,10:11:00,2025-07-31,4.75,4.75,4.75,4.75,0,0,1
BANKNIFTY31JUL2548600PE.NFO,2025-07-18,10:12:00,2025-07-31,4.75,4.75,4.75,4.75,0,0,1
BANKNIFTY31JUL2548600PE.NFO,2025-07-18,10:13:00,2025-07-31,4.75,4.75,4.75,4.75,0,0,1
BANKNIFTY31JUL2548600PE.NFO,2025-07-18,10:14:00,2025-07-31,4.75,4.75,4.75,4.75,0,0,1
BANKNIFTY31JUL2548600PE.NFO,2025-07-18,10:15:00,2025-07-31,4.75,4.75,4.75,4.75,0,0,1
BANKNIFTY31JUL2548600PE.NFO,2025-07-18,10:16:00,2025-07-31,4.75,4.75,4.75,4.75,0,0,1
BANKNIFTY31JUL2548600PE.NFO,2025-07-18,10:17:00,2025-07-31,4.75,4.75,4.75,4.75,0,0,1
BANKNIFTY31JUL2548600PE.NFO,2025-07-18,10:18:00,2025-07-31,4.75,4.75,4.75,4.75,0,0,1
BANKNIFTY31JUL2548600PE.NFO,2025-07-18,10:19:00,2025-07-31,4.75,4.75,4.75,4.75,0,0,1
BANKNIFTY31JUL2548600PE.NFO,2025-07-18,10:20:00,2025-07-31,4.75,4.75,4.75,4.75,0,0,1
BANKNIFTY31JUL2548600PE.NFO,2025-07-18,10:21:00,2025-07-31,4.75,4.75,4.75,4.75,0,0,1
BANKNIFTY31JUL2548600PE.NFO,2025-07-18,10:22:00,2025-07-31,4.75,4.75,4.75,4.75,0,0,1
BANKNIFTY31JUL2548600PE.NFO,2025-07-18,10:23:00,2025-07-31,4.75,4.75,4.75,4.75,0,0,1
BANKNIFTY31JUL2548600PE.NFO,2025-07-18,10:24:00,2025-07-31,4.75,4.75,4.75,4.75,0,0,1
BANKNIFTY31JUL2548600PE.NFO,2025-07-18,10:25:00,2025-07-31,4.75,4.75,4.75,4.75,0,0,1
BANKNIFTY31JUL2548600PE.NFO,2025-07-18,10:26:00,2025-07-31,4.75,4.75,4.75,4.75,0,0,1
BANKNIFTY31JUL2548600PE.NFO,2025-07-18,10:27:00,2025-07-31,4.75,4.75,4.75,4.75,0,0,1
BANKNIFTY31JUL2548600PE.NFO,2025-07-18,10:28:00,2025-07-31,4.75,4.75,4.75,4.75,0,0,1
BANKNIFTY31JUL2548600PE.NFO,2025-07-18,10:29:00,2025-07-31,4.75,4.75,4.75,4.75,0,0,1
BANKNIFTY31JUL2548600PE.NFO,2025-07-18,10:30:00,2025-07-31,4.75,4.75,4.75,4.75,0,0,1
BANKNIFTY31JUL2548600PE.NFO,2025-07-18,10:31:00,2025-07-31,4.75,4.75,4.75,4.75,0,0,1
BANKNIFTY31JUL2548600PE.NFO,2025-07-18,10:32:00,2025-07-31,4.75,4.75,4.75,4.75,0,0,1
BANKNIFTY31JUL2548600PE.NFO,2025-07-18,10:33:00,2025-07-31,4.75,4.75,4.75,4.75,0,0,1
BANKNIFTY31JUL2548600PE.NFO,2025-07-18,10:34:00,2025-07-31,4.75,4.75,4.75,4.75,0,0,1
BANKNIFTY31JUL2548600PE.NFO,2025-07-18,10:35:00,2025-07-31,4.75,4.75,4.75,4.75,0,0,1
BANKNIFTY31JUL2548600PE.NFO,2025-07-18,10:36:00,2025-07-31,4.75,4.75,4.75,4.75,0,0,1
BANKNIFTY31JUL2548600PE.NFO,2025-07-18,10:37:00,2025-07-31,4.75,4.75,4.75,4.75,0,0,1
BANKNIFTY31JUL2548600PE.NFO,2025-07-18,10:38:00,2025-07-31,4.75,4.75,4.75,4.75,0,0,1
BANKNIFTY31JUL2548600PE.NFO,2025-07-18,10:39:00,2025-07-31,4.75,4.75,4.75,4.75,0,0,1
BANKNIFTY31JUL2548600PE.NFO,2025-07-18,10:40:00,2025-07-31,4.75,4.75,4.75,4.75,0,0,1
BANKNIFTY31JUL2548600PE.NFO,2025-07-18,10:41:00,2025-07-31,4.75,4.75,4.75,4.75,0,0,1
BANKNIFTY31JUL2548600PE.NFO,2025-07-18,10:42:00,2025-07-31,4.75,4.75,4.75,4.75,0,0,1
BANKNIFTY31JUL2548600PE.NFO,2025-07-18,10:43:00,2025-07-31,4.75,4.75,4.75,4.75,0,0,1
BANKNIFTY31JUL2548600PE.NFO,2025-07-18,10:44:00,2025-07-31,4.75,4.75,4.75,4.75,0,0,1
BANKNIFTY31JUL2548600PE.NFO,2025-07-18,10:45:00,2025-07-31,4.75,4.75,4.75,4.75,0,0,1
BANKNIFTY31JUL2548600PE.NFO,2025-07-18,10:46:00,2025-07-31,4.75,4.75,4.75,4.75,0,0,1
BANKNIFTY31JUL2548600PE.NFO,2025-07-18,10:47:00,2025-07-31,4.75,4.75,4.75,4.75,0,0,1
BANKNIFTY31JUL2548600PE.NFO,2025-07-18,10:48:00,2025-07-31,4.75,4.75,4.75,4.75,0,0,1
BANKNIFTY31JUL2548600PE.NFO,2025-07-18,10:49:00,2025-07-31,4.75,4.75,4.75,4.75,0,0,1
BANKNIFTY31JUL2548600PE.NFO,2025-07-18,10:50:00,2025-07-31,4.75,4.75,4.75,4.75,0,0,1
BANKNIFTY31JUL2548600PE.NFO,2025-07-18,10:51:00,2025-07-31,4.75,4.75,4.75,4.75,0,0,1
BANKNIFTY31JUL2548600PE.NFO,2025-07-18,10:52:00,2025-07-31,4.75,4.75,4.75,4.75,0,0,1
BANKNIFTY31JUL2548600PE.NFO,2025-07-18,10:53:00,2025-07-31,4.75,4.75,4.75,4.75,0,0,1
BANKNIFTY31JUL2548600PE.NFO,2025-07-18,10:54:00,2025-07-31,4.75,4.75,4.75,4.75,0,0,1
BANKNIFTY31JUL2548600PE.NFO,2025-07-18,10:55:00,2025-07-31,4.75,4.75,4.75,4.75,0,0,1
BANKNIFTY31JUL2548600PE.NFO,2025-07-18,10:56:00,2025-07-31,4.75,4.75,4.75,4.75,0,0,1
BANKNIFTY31JUL2548600PE.NFO,2025-07-18,10:57:00,2025-07-31,4.75,4.75,4.75,4.75,0,0,1
BANKNIFTY31JUL2548600PE.NFO,2025-07-18,10:58:00,2025-07-31,4.75,4.75,4.75,4.75,0,0,1
BANKNIFTY31JUL2548600PE.NFO,2025-07-18,10:59:00,2025-07-31,4.75,4.75,4.75,4.75,0,0,1
BANKNIFTY31JUL2548600PE.NFO,2025-07-18,11:00:00,2025-07-31,4.75,4.75,4.75,4.75,0,0,1
BANKNIFTY31JUL2548600PE.NFO,2025-07-18,11:01:00,2025-07-31,4.75,4.75,4.75,4.75,0,0,1
BANKNIFTY31JUL2548600PE.NFO,2025-07-18,11:02:00,2025-07-31,4.75,4.75,4.75,4.75,0,0,1
BANKNIFTY31JUL2548600PE.NFO,2025-07-18,11:03:00,2025-07-31,4.75,4.75,4.75,4.75,0,0,1
BANKNIFTY31JUL2548600PE.NFO,2025-07-18,11:04:00,2025-07-31,4.75,4.75,4.75,4.75,0,0,1
BANKNIFTY31JUL2548600PE.NFO,2025-07-18,11:05:00,2025-07-31,4.75,4.75,4.75,4.75,0,0,1
BANKNIFTY31JUL2548600PE.NFO,2025-07-18,11:06:00,2025-07-31,4.75,4.75,4.75,4.75,0,0,1
BANKNIFTY31JUL2548600PE.NFO,2025-07-18,11:07:00,2025-07-31,4.75,4.75,4.75,4.75,0,0,1
BANKNIFTY31JUL2548600PE.NFO,2025-07-18,11:08:00,2025-07-31,4.75,4.75,4.75,4.75,0,0,1
BANKNIFTY31JUL2548600PE.NFO,2025-07-18,11:09:00,2025-07-31,4.75,4.75,4.75,4.75,0,0,1
BANKNIFTY31JUL2548600PE.NFO,2025-07-18,11:10:00,2025-07-31,4.75,4.75,4.75,4.75,0,0,1
BANKNIFTY31JUL2548600PE.NFO,2025-07-18,11:11:00,2025-07-31,4.75,4.75,4.75,4.75,0,0,1
BANKNIFTY31JUL2548600PE.NFO,2025-07-18,11:12:00,2025-07-31,4.75,4.75,4.75,4.75,0,0,1
BANKNIFTY31JUL2548600PE.NFO,2025-07-18,11:13:00,2025-07-31,4.75,4.75,4.75,4.75,0,0,1
BANKNIFTY31JUL2548600PE.NFO,2025-07-18,11:14:00,2025-07-31,4.75,4.75,4.75,4.75,0,0,1
BANKNIFTY31JUL2548600PE.NFO,2025-07-18,11:15:00,2025-07-31,4.75,4.75,4.75,4.75,0,0,1
BANKNIFTY31JUL2548600PE.NFO,2025-07-18,11:16:00,2025-07-31,4.75,4.75,4.75,4.75,0,0,1
BANKNIFTY31JUL2548600PE.NFO,2025-07-18,11:17:00,2025-07-31,4.75,4.75,4.75,4.75,0,0,1
BANKNIFTY31JUL2548600PE.NFO,2025-07-18,11:18:00,2025-07-31,4.75,4.75,4.75,4.75,0,0,1
BANKNIFTY31JUL2548600PE.NFO,2025-07-18,11:19:00,2025-07-31,4.75,4.75,4.75,4.75,0,0,1
BANKNIFTY31JUL2548600PE.NFO,2025-07-18,11:20:00,2025-07-31,4.75,4.75,4.75,4.75,0,0,1
BANKNIFTY31JUL2548600PE.NFO,2025-07-18,11:21:00,2025-07-31,4.75,4.75,4.75,4.75,0,0,1
BANKNIFTY31JUL2548600PE.NFO,2025-07-18,11:22:00,2025-07-31,4.75,4.75,4.75,4.75,0,0,1
BANKNIFTY31JUL2548600PE.NFO,2025-07-18,11:23:00,2025-07-31,4.75,4.75,4.75,4.75,0,0,1
BANKNIFTY31JUL2548600PE.NFO,2025-07-18,11:24:00,2025-07-31,4.75,4.75,4.75,4.75,0,0,1
BANKNIFTY31JUL2548600PE.NFO,2025-07-18,11:25:00,2025-07-31,4.75,4.75,4.75,4.75,0,0,1
BANKNIFTY31JUL2548600PE.NFO,2025-07-18,11:26:00,2025-07-31,4.75,4.75,4.75,4.75,0,0,1
BANKNIFTY31JUL2548600PE.NFO,2025-07-18,11:27:00,2025-07-31,4.75,4.75,4.75,4.75,0,0,1
BANKNIFTY31JUL2548600PE.NFO,2025-07-18,11:28:00,2025-07-31,4.15,4.15,3.95,3.95,0,3185,0
BANKNIFTY31JUL2548600PE.NFO,2025-07-18,11:29:00,2025-07-31,3.95,3.95,3.95,3.95,35,3185,0
BANKNIFTY31JUL2548600PE.NFO,2025-07-18,11:30:00,2025-07-31,3.95,3.95,3.95,3.95,0,3185,0
BANKNIFTY31JUL2548600PE.NFO,2025-07-18,11:31:00,2025-07-31,3.95,3.95,3.95,3.95,0,3185,0
BANKNIFTY31JUL2548600PE.NFO,2025-07-18,11:32:00,2025-07-31,3.95,3.95,3.95,3.95,0,3185,0
BANKNIFTY31JUL2548600PE.NFO,2025-07-18,11:33:00,2025-07-31,3.95,3.95,3.95,3.95,0,3185,0
BANKNIFTY31JUL2548600PE.NFO,2025-07-18,11:34:00,2025-07-31,3.95,3.95,3.95,3.95,0,3185,1
BANKNIFTY31JUL2548600PE.NFO,2025-07-18,11:35:00,2025-07-31,3.95,3.95,3.95,3.95,0,3185,0
BANKNIFTY31JUL2548600PE.NFO,2025-07-18,11:36:00,2025-07-31,3.95,3.95,3.95,3.95,0,3185,0
BANKNIFTY31JUL2548600PE.NFO,2025-07-18,11:37:00,2025-07-31,3.95,3.95,3.95,3.95,0,3185,1
BANKNIFTY31JUL2548600PE.NFO,2025-07-18,11:38:00,2025-07-31,3.95,3.95,3.95,3.95,0,3185,1
BANKNIFTY31JUL2548600PE.NFO,2025-07-18,11:39:00,2025-07-31,3.95,3.95,3.95,3.95,0,3185,1
BANKNIFTY31JUL2548600PE.NFO,2025-07-18,11:40:00,2025-07-31,3.95,3.95,3.95,3.95,0,3185,1
BANKNIFTY31JUL2548600PE.NFO,2025-07-18,11:41:00,2025-07-31,3.95,3.95,3.95,3.95,0,3185,1
BANKNIFTY31JUL2548600PE.NFO,2025-07-18,11:42:00,2025-07-31,4.9,4.9,4.9,4.9,35,3185,0
BANKNIFTY31JUL2548600PE.NFO,2025-07-18,11:43:00,2025-07-31,4.9,4.9,4.9,4.9,0,3185,0
BANKNIFTY31JUL2548600PE.NFO,2025-07-18,11:44:00,2025-07-31,4.9,4.9,4.9,4.9,0,3185,0
BANKNIFTY31JUL2548600PE.NFO,2025-07-18,11:45:00,2025-07-31,4.9,4.9,4.9,4.9,0,3185,0
BANKNIFTY31JUL2548600PE.NFO,2025-07-18,11:46:00,2025-07-31,4.9,4.9,4.9,4.9,0,3185,0
BANKNIFTY31JUL2548600PE.NFO,2025-07-18,11:47:00,2025-07-31,4.9,4.9,4.9,4.9,0,3185,1
BANKNIFTY31JUL2548600PE.NFO,2025-07-18,11:48:00,2025-07-31,4.9,4.9,4.9,4.9,0,3185,1
BANKNIFTY31JUL2548600PE.NFO,2025-07-18,11:49:00,2025-07-31,4.9,4.9,4.9,4.9,0,3185,1
BANKNIFTY31JUL2548600PE.NFO,2025-07-18,11:50:00,2025-07-31,4.9,4.9,4.9,4.9,0,3185,1
BANKNIFTY31JUL2548600PE.NFO,2025-07-18,11:51:00,2025-07-31,4.9,4.9,4.9,4.9,0,3185,1
BANKNIFTY31JUL2548600PE.NFO,2025-07-18,11:52:00,2025-07-31,4.9,4.9,4.9,4.9,0,3185,1
BANKNIFTY31JUL2548600PE.NFO,2025-07-18,11:53:00,2025-07-31,4.9,4.9,4.9,4.9,0,3185,1
BANKNIFTY31JUL2548600PE.NFO,2025-07-18,11:54:00,2025-07-31,4.9,4.9,4.9,4.9,0,3185,1
BANKNIFTY31JUL2548600PE.NFO,2025-07-18,11:55:00,2025-07-31,4.9,4.9,4.9,4.9,0,3185,0
BANKNIFTY31JUL2548600PE.NFO,2025-07-18,11:56:00,2025-07-31,4.9,4.9,4.9,4.9,0,3185,0
BANKNIFTY31JUL2548600PE.NFO,2025-07-18,11:57:00,2025-07-31,4.9,4.9,4.9,4.9,0,3185,0
BANKNIFTY31JUL2548600PE.NFO,2025-07-18,11:58:00,2025-07-31,4.0,4.0,4.0,4.0,35,3220,0
BANKNIFTY31JUL2548600PE.NFO,2025-07-18,11:59:00,2025-07-31,4.0,4.0,4.0,4.0,0,3220,0
BANKNIFTY31JUL2548600PE.NFO,2025-07-18,12:00:00,2025-07-31,4.0,4.0,4.0,4.0,0,3220,0
BANKNIFTY31JUL2548600PE.NFO,2025-07-18,12:01:00,2025-07-31,4.0,4.05,4.0,4.05,35,3220,0
BANKNIFTY31JUL2548600PE.NFO,2025-07-18,12:02:00,2025-07-31,4.05,4.05,4.05,4.05,0,3220,0
BANKNIFTY31JUL2548600PE.NFO,2025-07-18,12:03:00,2025-07-31,4.05,4.05,4.05,4.05,0,3220,0
BANKNIFTY31JUL2548600PE.NFO,2025-07-18,12:04:00,2025-07-31,4.05,4.05,4.05,4.05,0,3220,0
BANKNIFTY31JUL2548600PE.NFO,2025-07-18,12:05:00,2025-07-31,4.05,4.05,4.05,4.05,0,3220,0
BANKNIFTY31JUL2548600PE.NFO,2025-07-18,12:06:00,2025-07-31,4.05,4.05,4.05,4.05,0,3220,1
BANKNIFTY31JUL2548600PE.NFO,2025-07-18,12:07:00,2025-07-31,4.05,4.05,4.05,4.05,0,3220,1
BANKNIFTY31JUL2548600PE.NFO,2025-07-18,12:08:00,2025-07-31,4.05,4.05,4.05,4.05,0,3220,1
BANKNIFTY31JUL2548600PE.NFO,2025-07-18,12:09:00,2025-07-31,4.05,4.05,4.05,4.05,0,3220,1
BANKNIFTY31JUL2548600PE.NFO,2025-07-18,12:10:00,2025-07-31,4.05,4.05,4.05,4.05,0,3220,0
BANKNIFTY31JUL2548600PE.NFO,2025-07-18,12:11:00,2025-07-31,4.05,4.05,4.05,4.05,0,3220,1
BANKNIFTY31JUL2548600PE.NFO,2025-07-18,12:12:00,2025-07-31,4.05,4.05,4.05,4.05,0,3220,1
BANKNIFTY31JUL2548600PE.NFO,2025-07-18,12:13:00,2025-07-31,4.05,4.05,4.05,4.05,0,3220,1
BANKNIFTY31JUL2548600PE.NFO,2025-07-18,12:14:00,2025-07-31,4.05,4.05,4.05,4.05,0,3220,1
BANKNIFTY31JUL2548600PE.NFO,2025-07-18,12:15:00,2025-07-31,4.05,4.05,4.05,4.05,0,3220,1
BANKNIFTY31JUL2548600PE.NFO,2025-07-18,12:16:00,2025-07-31,4.05,4.05,4.05,4.05,0,3220,0
BANKNIFTY31JUL2548600PE.NFO,2025-07-18,12:17:00,2025-07-31,4.05,4.05,4.05,4.05,0,3220,0
BANKNIFTY31JUL2548600PE.NFO,2025-07-18,12:18:00,2025-07-31,4.05,4.05,4.05,4.05,0,3220,1
BANKNIFTY31JUL2548600PE.NFO,2025-07-18,12:19:00,2025-07-31,4.05,4.05,4.05,4.05,0,3220,0
BANKNIFTY31JUL2548600PE.NFO,2025-07-18,12:20:00,2025-07-31,4.8,4.8,4.25,4.25,70,3185,0
BANKNIFTY31JUL2548600PE.NFO,2025-07-18,12:21:00,2025-07-31,4.25,4.25,4.25,4.25,0,3185,0
BANKNIFTY31JUL2548600PE.NFO,2025-07-18,12:22:00,2025-07-31,4.25,4.25,4.25,4.25,0,3185,0
BANKNIFTY31JUL2548600PE.NFO,2025-07-18,12:23:00,2025-07-31,4.25,4.25,4.25,4.25,0,3185,0
BANKNIFTY31JUL2548600PE.NFO,2025-07-18,12:24:00,2025-07-31,4.25,4.25,4.25,4.25,0,3185,0
BANKNIFTY31JUL2548600PE.NFO,2025-07-18,12:25:00,2025-07-31,4.25,4.25,4.25,4.25,0,3185,1
BANKNIFTY31JUL2548600PE.NFO,2025-07-18,12:26:00,2025-07-31,4.25,4.25,4.25,4.25,0,3185,1
BANKNIFTY31JUL2548600PE.NFO,2025-07-18,12:27:00,2025-07-31,4.25,4.25,4.25,4.25,0,3185,0
BANKNIFTY31JUL2548600PE.NFO,2025-07-18,12:28:00,2025-07-31,4.25,4.25,4.25,4.25,0,3185,1
BANKNIFTY31JUL2548600PE.NFO,2025-07-18,12:29:00,2025-07-31,4.25,4.25,4.25,4.25,0,3185,1
BANKNIFTY31JUL2548600PE.NFO,2025-07-18,12:30:00,2025-07-31,4.25,4.25,4.25,4.25,0,3185,1
BANKNIFTY31JUL2548600PE.NFO,2025-07-18,12:31:00,2025-07-31,4.25,4.25,4.25,4.25,0,3185,1
BANKNIFTY31JUL2548600PE.NFO,2025-07-18,12:32:00,2025-07-31,4.25,4.25,4.25,4.25,0,3185,0
BANKNIFTY31JUL2548600PE.NFO,2025-07-18,12:33:00,2025-07-31,4.25,4.25,4.25,4.25,0,3185,1
BANKNIFTY31JUL2548600PE.NFO,2025-07-18,12:34:00,2025-07-31,4.25,4.25,4.25,4.25,0,3185,1
BANKNIFTY31JUL2548600PE.NFO,2025-07-18,12:35:00,2025-07-31,4.25,4.25,4.25,4.25,0,3185,1
BANKNIFTY31JUL2548600PE.NFO,2025-07-18,12:36:00,2025-07-31,3.8,3.8,3.8,3.8,0,3220,0
BANKNIFTY31JUL2548600PE.NFO,2025-07-18,12:37:00,2025-07-31,3.8,3.8,3.8,3.8,35,3220,0
BANKNIFTY31JUL2548600PE.NFO,2025-07-18,12:38:00,2025-07-31,3.8,3.8,3.8,3.8,0,3220,0
BANKNIFTY31JUL2548600PE.NFO,2025-07-18,12:39:00,2025-07-31,3.8,3.8,3.8,3.8,0,3220,0
BANKNIFTY31JUL2548600PE.NFO,2025-07-18,12:40:00,2025-07-31,3.8,3.8,3.8,3.8,0,3220,0
BANKNIFTY31JUL2548600PE.NFO,2025-07-18,12:41:00,2025-07-31,3.8,3.8,3.8,3.8,0,3220,1
BANKNIFTY31JUL2548600PE.NFO,2025-07-18,12:42:00,2025-07-31,3.8,3.8,3.8,3.8,0,3220,1
BANKNIFTY31JUL2548600PE.NFO,2025-07-18,12:43:00,2025-07-31,3.8,3.8,3.8,3.8,0,3220,1
BANKNIFTY31JUL2548600PE.NFO,2025-07-18,12:44:00,2025-07-31,3.8,3.8,3.8,3.8,0,3220,1
BANKNIFTY31JUL2548600PE.NFO,2025-07-18,12:45:00,2025-07-31,3.8,3.8,3.8,3.8,0,3220,0
BANKNIFTY31JUL2548600PE.NFO,2025-07-18,12:46:00,2025-07-31,3.8,3.8,3.8,3.8,0,3220,0
BANKNIFTY31JUL2548600PE.NFO,2025-07-18,12:47:00,2025-07-31,3.8,3.8,3.8,3.8,0,3220,1
BANKNIFTY31JUL2548600PE.NFO,2025-07-18,12:48:00,2025-07-31,3.8,3.8,3.8,3.8,0,3220,1
BANKNIFTY31JUL2548600PE.NFO,2025-07-18,12:49:00,2025-07-31,3.8,3.8,3.8,3.8,0,3220,1
BANKNIFTY31JUL2548600PE.NFO,2025-07-18,12:50:00,2025-07-31,3.8,3.8,3.8,3.8,0,3220,1
BANKNIFTY31JUL2548600PE.NFO,2025-07-18,12:51:00,2025-07-31,3.8,3.8,3.8,3.8,0,3220,1
BANKNIFTY31JUL2548600PE.NFO,2025-07-18,12:52:00,2025-07-31,3.8,3.8,3.8,3.8,0,3220,0
BANKNIFTY31JUL2548600PE.NFO,2025-07-18,12:53:00,2025-07-31,3.8,3.8,3.8,3.8,0,3220,1
BANKNIFTY31JUL2548600PE.NFO,2025-07-18,12:54:00,2025-07-31,3.8,3.8,3.8,3.8,0,3220,1
BANKNIFTY31JUL2548600PE.NFO,2025-07-18,12:55:00,2025-07-31,3.8,3.8,3.8,3.8,0,3220,1
BANKNIFTY31JUL2548600PE.NFO,2025-07-18,12:56:00,2025-07-31,3.8,3.8,3.8,3.8,0,3220,1
BANKNIFTY31JUL2548600PE.NFO,2025-07-18,12:57:00,2025-07-31,3.8,3.8,3.8,3.8,0,3220,0
BANKNIFTY31JUL2548600PE.NFO,2025-07-18,12:58:00,2025-07-31,3.8,3.8,3.8,3.8,0,3220,1
BANKNIFTY31JUL2548600PE.NFO,2025-07-18,12:59:00,2025-07-31,3.8,3.8,3.8,3.8,0,3220,0
BANKNIFTY31JUL2548600PE.NFO,2025-07-18,13:00:00,2025-07-31,3.8,3.8,3.8,3.8,0,3220,1
BANKNIFTY31JUL2548600PE.NFO,2025-07-18,13:01:00,2025-07-31,3.8,3.8,3.8,3.8,0,3220,1
BANKNIFTY31JUL2548600PE.NFO,2025-07-18,13:02:00,2025-07-31,3.8,3.8,3.8,3.8,0,3220,1
BANKNIFTY31JUL2548600PE.NFO,2025-07-18,13:03:00,2025-07-31,3.8,3.8,3.8,3.8,0,3220,1
BANKNIFTY31JUL2548600PE.NFO,2025-07-18,13:04:00,2025-07-31,3.8,3.8,3.8,3.8,0,3220,1
BANKNIFTY31JUL2548600PE.NFO,2025-07-18,13:05:00,2025-07-31,3.8,3.8,3.8,3.8,0,3220,0
BANKNIFTY31JUL2548600PE.NFO,2025-07-18,13:06:00,2025-07-31,3.8,3.8,3.8,3.8,0,3220,1
BANKNIFTY31JUL2548600PE.NFO,2025-07-18,13:07:00,2025-07-31,3.8,3.8,3.8,3.8,0,3220,0
BANKNIFTY31JUL2548600PE.NFO,2025-07-18,13:08:00,2025-07-31,3.8,3.8,3.8,3.8,0,3220,0
BANKNIFTY31JUL2548600PE.NFO,2025-07-18,13:09:00,2025-07-31,3.8,3.8,3.8,3.8,0,3220,1
BANKNIFTY31JUL2548600PE.NFO,2025-07-18,13:10:00,2025-07-31,3.8,3.8,3.8,3.8,0,3220,1
BANKNIFTY31JUL2548600PE.NFO,2025-07-18,13:11:00,2025-07-31,3.8,3.8,3.8,3.8,0,3220,1
BANKNIFTY31JUL2548600PE.NFO,2025-07-18,13:12:00,2025-07-31,3.8,3.8,3.8,3.8,0,3220,1
BANKNIFTY31JUL2548600PE.NFO,2025-07-18,13:13:00,2025-07-31,3.8,3.8,3.8,3.8,0,3220,1
BANKNIFTY31JUL2548600PE.NFO,2025-07-18,13:14:00,2025-07-31,3.8,3.8,3.8,3.8,0,3220,1
BANKNIFTY31JUL2548600PE.NFO,2025-07-18,13:15:00,2025-07-31,3.8,3.8,3.8,3.8,0,3220,1
BANKNIFTY31JUL2548600PE.NFO,2025-07-18,13:16:00,2025-07-31,3.8,3.8,3.8,3.8,0,3220,1
BANKNIFTY31JUL2548600PE.NFO,2025-07-18,13:17:00,2025-07-31,3.8,3.8,3.8,3.8,0,3220,1
BANKNIFTY31JUL2548600PE.NFO,2025-07-18,13:18:00,2025-07-31,3.8,3.8,3.8,3.8,0,3220,1
BANKNIFTY31JUL2548600PE.NFO,2025-07-18,13:19:00,2025-07-31,3.8,3.8,3.8,3.8,0,3220,1
BANKNIFTY31JUL2548600PE.NFO,2025-07-18,13:20:00,2025-07-31,3.8,3.8,3.8,3.8,0,3220,1
BANKNIFTY31JUL2548600PE.NFO,2025-07-18,13:21:00,2025-07-31,3.8,3.8,3.8,3.8,0,3220,1
BANKNIFTY31JUL2548600PE.NFO,2025-07-18,13:22:00,2025-07-31,3.8,3.8,3.8,3.8,0,3220,1
BANKNIFTY31JUL2548600PE.NFO,2025-07-18,13:23:00,2025-07-31,3.8,3.8,3.8,3.8,0,3220,0
BANKNIFTY31JUL2548600PE.NFO,2025-07-18,13:24:00,2025-07-31,3.8,3.8,3.8,3.8,0,3220,1
BANKNIFTY31JUL2548600PE.NFO,2025-07-18,13:25:00,2025-07-31,3.8,3.8,3.8,3.8,0,3220,1
BANKNIFTY31JUL2548600PE.NFO,2025-07-18,13:26:00,2025-07-31,3.8,3.8,3.8,3.8,0,3220,1
BANKNIFTY31JUL2548600PE.NFO,2025-07-18,13:27:00,2025-07-31,3.8,3.8,3.8,3.8,0,3220,1
BANKNIFTY31JUL2548600PE.NFO,2025-07-18,13:28:00,2025-07-31,3.8,3.8,3.8,3.8,0,3220,1
BANKNIFTY31JUL2548600PE.NFO,2025-07-18,13:29:00,2025-07-31,3.8,3.8,3.8,3.8,0,3220,1
BANKNIFTY31JUL2548600PE.NFO,2025-07-18,13:30:00,2025-07-31,3.8,3.8,3.8,3.8,0,3220,1
BANKNIFTY31JUL2548600PE.NFO,2025-07-18,13:31:00,2025-07-31,3.8,3.8,3.8,3.8,0,3220,1
BANKNIFTY31JUL2548600PE.NFO,2025-07-18,13:32:00,2025-07-31,3.8,3.8,3.8,3.8,0,3220,1
BANKNIFTY31JUL2548600PE.NFO,2025-07-18,13:33:00,2025-07-31,3.8,3.8,3.8,3.8,0,3220,0
BANKNIFTY31JUL2548600PE.NFO,2025-07-18,13:34:00,2025-07-31,3.8,3.8,3.8,3.8,0,3220,1
BANKNIFTY31JUL2548600PE.NFO,2025-07-18,13:35:00,2025-07-31,3.8,3.8,3.8,3.8,0,3220,1
BANKNIFTY31JUL2548600PE.NFO,2025-07-18,13:36:00,2025-07-31,3.8,3.8,3.8,3.8,0,3220,0
BANKNIFTY31JUL2548600PE.NFO,2025-07-18,13:37:00,2025-07-31,3.8,3.8,3.8,3.8,0,3220,1
BANKNIFTY31JUL2548600PE.NFO,2025-07-18,13:38:00,2025-07-31,3.8,3.8,3.8,3.8,0,3220,1
BANKNIFTY31JUL2548600PE.NFO,2025-07-18,13:39:00,2025-07-31,3.8,3.8,3.8,3.8,0,3220,1
BANKNIFTY31JUL2548600PE.NFO,2025-07-18,13:40:00,2025-07-31,3.8,3.8,3.8,3.8,0,3220,1
BANKNIFTY31JUL2548600PE.NFO,2025-07-18,13:41:00,2025-07-31,3.8,3.8,3.8,3.8,0,3220,1
BANKNIFTY31JUL2548600PE.NFO,2025-07-18,13:42:00,2025-07-31,3.8,3.8,3.8,3.8,0,3220,1
BANKNIFTY31JUL2548600PE.NFO,2025-07-18,13:43:00,2025-07-31,3.8,3.8,3.8,3.8,0,3220,1
BANKNIFTY31JUL2548600PE.NFO,2025-07-18,13:44:00,2025-07-31,3.8,3.8,3.8,3.8,0,3220,1
BANKNIFTY31JUL2548600PE.NFO,2025-07-18,13:45:00,2025-07-31,3.8,3.8,3.8,3.8,0,3220,1
BANKNIFTY31JUL2548600PE.NFO,2025-07-18,13:46:00,2025-07-31,3.8,3.8,3.8,3.8,0,3220,1
BANKNIFTY31JUL2548600PE.NFO,2025-07-18,13:47:00,2025-07-31,3.8,3.8,3.8,3.8,0,3220,1
BANKNIFTY31JUL2548600PE.NFO,2025-07-18,13:48:00,2025-07-31,3.8,3.8,3.8,3.8,0,3220,1
BANKNIFTY31JUL2548600PE.NFO,2025-07-18,13:49:00,2025-07-31,3.8,3.8,3.8,3.8,0,3220,1
BANKNIFTY31JUL2548600PE.NFO,2025-07-18,13:50:00,2025-07-31,3.8,3.8,3.8,3.8,0,3220,0
BANKNIFTY31JUL2548600PE.NFO,2025-07-18,13:51:00,2025-07-31,3.8,3.8,3.8,3.8,0,3220,1
BANKNIFTY31JUL2548600PE.NFO,2025-07-18,13:52:00,2025-07-31,3.8,3.8,3.8,3.8,0,3220,0
BANKNIFTY31JUL2548600PE.NFO,2025-07-18,13:53:00,2025-07-31,3.8,3.8,3.8,3.8,0,3220,1
BANKNIFTY31JUL2548600PE.NFO,2025-07-18,13:54:00,2025-07-31,3.8,3.8,3.8,3.8,0,3220,1
BANKNIFTY31JUL2548600PE.NFO,2025-07-18,13:55:00,2025-07-31,3.8,3.8,3.8,3.8,0,3220,1
BANKNIFTY31JUL2548600PE.NFO,2025-07-18,13:56:00,2025-07-31,3.8,3.8,3.8,3.8,0,3220,0
BANKNIFTY31JUL2548600PE.NFO,2025-07-18,13:57:00,2025-07-31,3.8,3.8,3.8,3.8,0,3220,1
BANKNIFTY31JUL2548600PE.NFO,2025-07-18,13:58:00,2025-07-31,3.8,3.8,3.8,3.8,0,3220,1
BANKNIFTY31JUL2548600PE.NFO,2025-07-18,13:59:00,2025-07-31,3.8,3.8,3.8,3.8,0,3220,0
BANKNIFTY31JUL2548600PE.NFO,2025-07-18,14:00:00,2025-07-31,3.8,3.8,3.8,3.8,0,3220,1
BANKNIFTY31JUL2548600PE.NFO,2025-07-18,14:01:00,2025-07-31,3.8,3.8,3.8,3.8,0,3220,1
BANKNIFTY31JUL2548600PE.NFO,2025-07-18,14:02:00,2025-07-31,3.8,3.8,3.8,3.8,0,3220,1
BANKNIFTY31JUL2548600PE.NFO,2025-07-18,14:03:00,2025-07-31,3.8,3.8,3.8,3.8,0,3220,1
BANKNIFTY31JUL2548600PE.NFO,2025-07-18,14:04:00,2025-07-31,3.8,3.8,3.8,3.8,0,3220,0
BANKNIFTY31JUL2548600PE.NFO,2025-07-18,14:05:00,2025-07-31,3.8,3.8,3.8,3.8,0,3220,1
BANKNIFTY31JUL2548600PE.NFO,2025-07-18,14:06:00,2025-07-31,3.8,3.8,3.8,3.8,0,3220,0
BANKNIFTY31JUL2548600PE.NFO,2025-07-18,14:07:00,2025-07-31,3.8,3.8,3.8,3.8,0,3220,0
BANKNIFTY31JUL2548600PE.NFO,2025-07-18,14:08:00,2025-07-31,3.8,3.8,3.8,3.8,0,3220,1
BANKNIFTY31JUL2548600PE.NFO,2025-07-18,14:09:00,2025-07-31,3.8,3.8,3.8,3.8,0,3220,1
BANKNIFTY31JUL2548600PE.NFO,2025-07-18,14:10:00,2025-07-31,3.8,3.8,3.8,3.8,0,3220,1
BANKNIFTY31JUL2548600PE.NFO,2025-07-18,14:11:00,2025-07-31,3.8,3.8,3.8,3.8,0,3220,1
BANKNIFTY31JUL2548600PE.NFO,2025-07-18,14:12:00,2025-07-31,3.8,3.8,3.8,3.8,0,3220,0
BANKNIFTY31JUL2548600PE.NFO,2025-07-18,14:13:00,2025-07-31,3.8,3.8,3.8,3.8,0,3220,0
BANKNIFTY31JUL2548600PE.NFO,2025-07-18,14:14:00,2025-07-31,3.8,3.8,3.8,3.8,0,3220,1
BANKNIFTY31JUL2548600PE.NFO,2025-07-18,14:15:00,2025-07-31,3.8,3.8,3.8,3.8,0,3220,1
BANKNIFTY31JUL2548600PE.NFO,2025-07-18,14:16:00,2025-07-31,3.8,3.8,3.8,3.8,0,3220,1
BANKNIFTY31JUL2548600PE.NFO,2025-07-18,14:17:00,2025-07-31,3.8,3.8,3.8,3.8,0,3220,0
BANKNIFTY31JUL2548600PE.NFO,2025-07-18,14:18:00,2025-07-31,3.8,3.8,3.8,3.8,0,3220,0
BANKNIFTY31JUL2548600PE.NFO,2025-07-18,14:19:00,2025-07-31,3.8,3.8,3.8,3.8,0,3220,0
BANKNIFTY31JUL2548600PE.NFO,2025-07-18,14:20:00,2025-07-31,3.8,3.8,3.8,3.8,0,3220,1
BANKNIFTY31JUL2548600PE.NFO,2025-07-18,14:21:00,2025-07-31,3.8,3.8,3.8,3.8,0,3220,1
BANKNIFTY31JUL2548600PE.NFO,2025-07-18,14:22:00,2025-07-31,3.8,3.8,3.8,3.8,0,3220,1
BANKNIFTY31JUL2548600PE.NFO,2025-07-18,14:23:00,2025-07-31,3.8,3.8,3.8,3.8,0,3220,0
BANKNIFTY31JUL2548600PE.NFO,2025-07-18,14:24:00,2025-07-31,3.8,3.8,3.8,3.8,0,3220,1
BANKNIFTY31JUL2548600PE.NFO,2025-07-18,14:25:00,2025-07-31,3.8,3.8,3.8,3.8,0,3220,1
BANKNIFTY31JUL2548600PE.NFO,2025-07-18,14:26:00,2025-07-31,3.8,3.8,3.8,3.8,0,3220,1
BANKNIFTY31JUL2548600PE.NFO,2025-07-18,14:27:00,2025-07-31,3.8,3.8,3.8,3.8,0,3220,1
BANKNIFTY31JUL2548600PE.NFO,2025-07-18,14:28:00,2025-07-31,3.8,3.8,3.8,3.8,0,3220,0
BANKNIFTY31JUL2548600PE.NFO,2025-07-18,14:29:00,2025-07-31,3.8,3.8,3.8,3.8,0,3220,1
BANKNIFTY31JUL2548600PE.NFO,2025-07-18,14:30:00,2025-07-31,3.8,3.8,3.8,3.8,0,3220,1
BANKNIFTY31JUL2548600PE.NFO,2025-07-18,14:31:00,2025-07-31,3.85,3.85,3.85,3.85,35,3220,0
BANKNIFTY31JUL2548600PE.NFO,2025-07-18,14:32:00,2025-07-31,3.85,3.85,3.85,3.85,0,3220,0
BANKNIFTY31JUL2548600PE.NFO,2025-07-18,14:33:00,2025-07-31,3.85,3.85,3.85,3.85,0,3220,0
BANKNIFTY31JUL2548600PE.NFO,2025-07-18,14:34:00,2025-07-31,3.85,3.85,3.85,3.85,0,3220,0
BANKNIFTY31JUL2548600PE.NFO,2025-07-18,14:35:00,2025-07-31,3.85,3.85,3.85,3.85,0,3220,1
BANKNIFTY31JUL2548600PE.NFO,2025-07-18,14:36:00,2025-07-31,3.85,3.85,3.85,3.85,0,3220,1
BANKNIFTY31JUL2548600PE.NFO,2025-07-18,14:37:00,2025-07-31,3.85,3.85,3.85,3.85,0,3220,1
BANKNIFTY31JUL2548600PE.NFO,2025-07-18,14:38:00,2025-07-31,3.85,3.85,3.85,3.85,0,3220,1
BANKNIFTY31JUL2548600PE.NFO,2025-07-18,14:39:00,2025-07-31,3.85,3.85,3.85,3.85,0,3220,1
BANKNIFTY31JUL2548600PE.NFO,2025-07-18,14:40:00,2025-07-31,3.85,3.85,3.85,3.85,0,3220,1
BANKNIFTY31JUL2548600PE.NFO,2025-07-18,14:41:00,2025-07-31,3.85,3.85,3.85,3.85,0,3220,1
BANKNIFTY31JUL2548600PE.NFO,2025-07-18,14:42:00,2025-07-31,3.85,3.85,3.85,3.85,0,3220,1
BANKNIFTY31JUL2548600PE.NFO,2025-07-18,14:43:00,2025-07-31,3.85,3.85,3.85,3.85,0,3220,1
BANKNIFTY31JUL2548600PE.NFO,2025-07-18,14:44:00,2025-07-31,3.85,4.2,3.85,4.2,35,3185,0
BANKNIFTY31JUL2548600PE.NFO,2025-07-18,14:45:00,2025-07-31,4.2,4.2,4.2,4.2,0,3185,0
BANKNIFTY31JUL2548600PE.NFO,2025-07-18,14:46:00,2025-07-31,4.2,4.2,4.2,4.2,0,3185,1
BANKNIFTY31JUL2548600PE.NFO,2025-07-18,14:47:00,2025-07-31,4.2,4.2,4.2,4.2,0,3185,0
BANKNIFTY31JUL2548600PE.NFO,2025-07-18,14:48:00,2025-07-31,4.2,4.2,4.2,4.2,0,3185,0
BANKNIFTY31JUL2548600PE.NFO,2025-07-18,14:49:00,2025-07-31,4.2,4.2,4.2,4.2,0,3185,0
BANKNIFTY31JUL2548600PE.NFO,2025-07-18,14:50:00,2025-07-31,4.2,4.2,4.2,4.2,0,3185,1
BANKNIFTY31JUL2548600PE.NFO,2025-07-18,14:51:00,2025-07-31,4.2,4.2,4.2,4.2,0,3185,1
BANKNIFTY31JUL2548600PE.NFO,2025-07-18,14:52:00,2025-07-31,4.2,4.2,4.2,4.2,0,3185,0
BANKNIFTY31JUL2548600PE.NFO,2025-07-18,14:53:00,2025-07-31,4.2,4.2,4.2,4.2,0,3185,1
BANKNIFTY31JUL2548600PE.NFO,2025-07-18,14:54:00,2025-07-31,4.2,4.2,4.2,4.2,0,3185,0
BANKNIFTY31JUL2548600PE.NFO,2025-07-18,14:55:00,2025-07-31,4.2,4.2,4.2,4.2,0,3185,1
BANKNIFTY31JUL2548600PE.NFO,2025-07-18,14:56:00,2025-07-31,4.2,4.2,4.2,4.2,0,3185,0
BANKNIFTY31JUL2548600PE.NFO,2025-07-18,14:57:00,2025-07-31,4.2,4.2,4.2,4.2,0,3185,0
BANKNIFTY31JUL2548600PE.NFO,2025-07-18,14:58:00,2025-07-31,4.2,4.2,4.2,4.2,0,3185,1
BANKNIFTY31JUL2548600PE.NFO,2025-07-18,14:59:00,2025-07-31,4.65,4.65,4.65,4.65,35,3185,0
BANKNIFTY31JUL2548600PE.NFO,2025-07-18,15:00:00,2025-07-31,4.65,4.65,4.65,4.65,0,3185,0
BANKNIFTY31JUL2548600PE.NFO,2025-07-18,15:01:00,2025-07-31,4.65,4.65,4.65,4.65,0,3185,0
BANKNIFTY31JUL2548600PE.NFO,2025-07-18,15:02:00,2025-07-31,4.65,4.65,4.65,4.65,0,3185,0
BANKNIFTY31JUL2548600PE.NFO,2025-07-18,15:03:00,2025-07-31,4.65,4.65,4.65,4.65,0,3185,0
BANKNIFTY31JUL2548600PE.NFO,2025-07-18,15:04:00,2025-07-31,4.65,4.65,4.65,4.65,0,3185,1
BANKNIFTY31JUL2548600PE.NFO,2025-07-18,15:05:00,2025-07-31,4.65,4.65,4.65,4.65,0,3185,1
BANKNIFTY31JUL2548600PE.NFO,2025-07-18,15:06:00,2025-07-31,4.65,4.65,4.65,4.65,0,3185,1
BANKNIFTY31JUL2548600PE.NFO,2025-07-18,15:07:00,2025-07-31,4.65,4.65,4.65,4.65,0,3185,0
BANKNIFTY31JUL2548600PE.NFO,2025-07-18,15:08:00,2025-07-31,4.65,4.65,4.65,4.65,0,3185,0
BANKNIFTY31JUL2548600PE.NFO,2025-07-18,15:09:00,2025-07-31,4.65,4.65,4.65,4.65,0,3185,0
BANKNIFTY31JUL2548600PE.NFO,2025-07-18,15:10:00,2025-07-31,4.65,4.65,4.65,4.65,0,3185,0
BANKNIFTY31JUL2548600PE.NFO,2025-07-18,15:11:00,2025-07-31,4.65,4.65,4.65,4.65,0,3185,1
BANKNIFTY31JUL2548600PE.NFO,2025-07-18,15:12:00,2025-07-31,4.65,4.65,4.65,4.65,0,3185,1
BANKNIFTY31JUL2548600PE.NFO,2025-07-18,15:13:00,2025-07-31,4.65,4.65,4.65,4.65,0,3185,0
BANKNIFTY31JUL2548600PE.NFO,2025-07-18,15:14:00,2025-07-31,4.65,4.65,4.65,4.65,0,3185,0
BANKNIFTY31JUL2548600PE.NFO,2025-07-18,15:15:00,2025-07-31,4.65,4.65,4.65,4.65,0,3185,0
BANKNIFTY31JUL2548600PE.NFO,2025-07-18,15:16:00,2025-07-31,4.65,4.65,4.65,4.65,0,3185,0
BANKNIFTY31JUL2548600PE.NFO,2025-07-18,15:17:00,2025-07-31,4.65,4.65,4.65,4.65,0,3185,0
BANKNIFTY31JUL2548600PE.NFO,2025-07-18,15:18:00,2025-07-31,3.55,5.55,3.55,3.55,665,3185,0
BANKNIFTY31JUL2548600PE.NFO,2025-07-18,15:19:00,2025-07-31,3.55,3.55,3.55,3.55,0,3780,0
BANKNIFTY31JUL2548600PE.NFO,2025-07-18,15:20:00,2025-07-31,3.55,4.55,3.55,4.55,595,3780,0
BANKNIFTY31JUL2548600PE.NFO,2025-07-18,15:21:00,2025-07-31,4.55,4.55,4.55,4.55,0,3780,0
BANKNIFTY31JUL2548600PE.NFO,2025-07-18,15:22:00,2025-07-31,4.55,4.55,4.55,4.55,0,3780,0
BANKNIFTY31JUL2548600PE.NFO,2025-07-18,15:23:00,2025-07-31,4.55,4.55,4.05,4.05,0,3465,0
BANKNIFTY31JUL2548600PE.NFO,2025-07-18,15:24:00,2025-07-31,4.05,4.05,4.05,4.05,210,3465,0
BANKNIFTY31JUL2548600PE.NFO,2025-07-18,15:25:00,2025-07-31,4.05,4.05,4.05,4.05,0,3465,0
BANKNIFTY31JUL2548600PE.NFO,2025-07-18,15:26:00,2025-07-31,4.05,4.05,4.05,4.05,0,3465,0
BANKNIFTY31JUL2548600PE.NFO,2025-07-18,15:27:00,2025-07-31,4.05,4.05,4.05,4.05,0,3465,0
BANKNIFTY31JUL2548600PE.NFO,2025-07-18,15:28:00,2025-07-31,4.05,4.05,4.05,4.05,0,3465,0
BANKNIFTY31JUL2548600PE.NFO,2025-07-18,15:29:00,2025-07-31,4.05,4.05,4.05,4.05,0,3465,0
BANKNIFTY31JUL2548600PE.NFO,2025-07-18,15:30:00,2025-07-31,4.05,4.05,4.05,4.05,0,3465,1
BANKNIFTY31JUL2548600PE.NFO,2025-07-21,09:15:00,2025-07-31,4.75,4.75,4.75,4.75,0,3255,1
BANKNIFTY31JUL2548600PE.NFO,2025-07-21,09:16:00,2025-07-31,4.75,4.75,4.75,4.75,0,3255,1
BANKNIFTY31JUL2548600PE.NFO,2025-07-21,09:17:00,2025-07-31,4.75,4.75,4.75,4.75,0,3255,1
BANKNIFTY31JUL2548600PE.NFO,2025-07-21,09:18:00,2025-07-31,4.75,4.75,4.75,4.75,0,3255,1
BANKNIFTY31JUL2548600PE.NFO,2025-07-21,09:19:00,2025-07-31,4.75,4.75,4.75,4.75,0,3255,1
BANKNIFTY31JUL2548600PE.NFO,2025-07-21,09:20:00,2025-07-31,4.75,4.75,4.75,4.75,0,3255,1
BANKNIFTY31JUL2548600PE.NFO,2025-07-21,09:21:00,2025-07-31,4.75,4.75,4.75,4.75,0,3255,1
BANKNIFTY31JUL2548600PE.NFO,2025-07-21,09:22:00,2025-07-31,4.75,4.75,4.75,4.75,0,3255,1
BANKNIFTY31JUL2548600PE.NFO,2025-07-21,09:23:00,2025-07-31,4.75,4.75,4.75,4.75,0,3255,1
BANKNIFTY31JUL2548600PE.NFO,2025-07-21,09:24:00,2025-07-31,4.75,4.75,4.75,4.75,0,3255,1
BANKNIFTY31JUL2548600PE.NFO,2025-07-21,09:25:00,2025-07-31,4.75,4.75,4.75,4.75,0,3255,1
BANKNIFTY31JUL2548600PE.NFO,2025-07-21,09:26:00,2025-07-31,4.75,4.75,4.75,4.75,0,3255,1
BANKNIFTY31JUL2548600PE.NFO,2025-07-21,09:27:00,2025-07-31,4.75,4.75,4.75,4.75,0,3255,1
BANKNIFTY31JUL2548600PE.NFO,2025-07-21,09:28:00,2025-07-31,4.75,4.75,4.75,4.75,0,3255,1
BANKNIFTY31JUL2548600PE.NFO,2025-07-21,09:29:00,2025-07-31,4.75,4.75,4.75,4.75,0,3255,1
BANKNIFTY31JUL2548600PE.NFO,2025-07-21,09:30:00,2025-07-31,4.75,4.75,4.75,4.75,0,3255,1
BANKNIFTY31JUL2548600PE.NFO,2025-07-21,09:31:00,2025-07-31,4.75,4.75,4.75,4.75,0,3255,1
BANKNIFTY31JUL2548600PE.NFO,2025-07-21,09:32:00,2025-07-31,4.75,4.75,4.75,4.75,0,3255,1
BANKNIFTY31JUL2548600PE.NFO,2025-07-21,09:33:00,2025-07-31,4.75,4.75,4.75,4.75,0,3255,1
BANKNIFTY31JUL2548600PE.NFO,2025-07-21,09:34:00,2025-07-31,4.75,4.75,4.75,4.75,0,3255,1
BANKNIFTY31JUL2548600PE.NFO,2025-07-21,09:35:00,2025-07-31,4.75,4.75,4.75,4.75,0,3255,1
BANKNIFTY31JUL2548600PE.NFO,2025-07-21,09:36:00,2025-07-31,4.75,4.75,4.75,4.75,0,3255,1
BANKNIFTY31JUL2548600PE.NFO,2025-07-21,09:37:00,2025-07-31,4.75,4.75,4.75,4.75,0,3255,1
BANKNIFTY31JUL2548600PE.NFO,2025-07-21,09:38:00,2025-07-31,4.75,4.75,4.75,4.75,0,3255,1
BANKNIFTY31JUL2548600PE.NFO,2025-07-21,09:39:00,2025-07-31,4.75,4.75,4.75,4.75,0,3255,0
BANKNIFTY31JUL2548600PE.NFO,2025-07-21,09:40:00,2025-07-31,4.75,4.75,4.75,4.75,0,3255,0
BANKNIFTY31JUL2548600PE.NFO,2025-07-21,09:41:00,2025-07-31,4.75,4.75,4.75,4.75,0,3255,0
BANKNIFTY31JUL2548600PE.NFO,2025-07-21,09:42:00,2025-07-31,4.75,4.75,4.75,4.75,0,3255,0
BANKNIFTY31JUL2548600PE.NFO,2025-07-21,09:43:00,2025-07-31,4.75,4.75,4.75,4.75,0,3255,0
BANKNIFTY31JUL2548600PE.NFO,2025-07-21,09:44:00,2025-07-31,4.75,4.75,4.75,4.75,0,3255,0
BANKNIFTY31JUL2548600PE.NFO,2025-07-21,09:45:00,2025-07-31,4.75,4.75,4.75,4.75,0,3255,1
BANKNIFTY31JUL2548600PE.NFO,2025-07-21,09:46:00,2025-07-31,4.75,4.75,4.75,4.75,0,3255,0
BANKNIFTY31JUL2548600PE.NFO,2025-07-21,09:47:00,2025-07-31,4.75,4.75,4.75,4.75,0,3255,0
BANKNIFTY31JUL2548600PE.NFO,2025-07-21,09:48:00,2025-07-31,4.75,4.75,4.75,4.75,0,3255,0
BANKNIFTY31JUL2548600PE.NFO,2025-07-21,09:49:00,2025-07-31,4.75,4.75,4.75,4.75,0,3255,0
BANKNIFTY31JUL2548600PE.NFO,2025-07-21,09:50:00,2025-07-31,4.75,4.75,4.75,4.75,0,3255,0
BANKNIFTY31JUL2548600PE.NFO,2025-07-21,09:51:00,2025-07-31,4.75,4.75,4.75,4.75,0,3255,1
BANKNIFTY31JUL2548600PE.NFO,2025-07-21,09:52:00,2025-07-31,4.75,4.75,4.75,4.75,0,3255,1
BANKNIFTY31JUL2548600PE.NFO,2025-07-21,09:53:00,2025-07-31,4.75,4.75,4.75,4.75,0,3255,0
BANKNIFTY31JUL2548600PE.NFO,2025-07-21,09:54:00,2025-07-31,4.75,4.75,4.75,4.75,0,3255,0
BANKNIFTY31JUL2548600PE.NFO,2025-07-21,09:55:00,2025-07-31,4.75,4.75,3.8,4.55,245,3360,0
BANKNIFTY31JUL2548600PE.NFO,2025-07-21,09:56:00,2025-07-31,4.55,4.55,4.55,4.55,0,3360,0
BANKNIFTY31JUL2548600PE.NFO,2025-07-21,09:57:00,2025-07-31,4.55,4.55,4.55,4.55,0,3360,0
BANKNIFTY31JUL2548600PE.NFO,2025-07-21,09:58:00,2025-07-31,4.55,4.55,4.55,4.55,0,3360,0
BANKNIFTY31JUL2548600PE.NFO,2025-07-21,09:59:00,2025-07-31,4.55,4.55,4.1,4.1,175,3360,0
BANKNIFTY31JUL2548600PE.NFO,2025-07-21,10:00:00,2025-07-31,4.1,4.1,4.1,4.1,0,3360,0
BANKNIFTY31JUL2548600PE.NFO,2025-07-21,10:01:00,2025-07-31,4.1,4.1,4.1,4.1,0,3360,0
BANKNIFTY31JUL2548600PE.NFO,2025-07-21,10:02:00,2025-07-31,4.1,4.1,4.1,4.1,0,3360,0
BANKNIFTY31JUL2548600PE.NFO,2025-07-21,10:03:00,2025-07-31,4.1,4.1,4.1,4.1,0,3360,0
BANKNIFTY31JUL2548600PE.NFO,2025-07-21,10:04:00,2025-07-31,4.1,4.1,4.1,4.1,0,3360,1
BANKNIFTY31JUL2548600PE.NFO,2025-07-21,10:05:00,2025-07-31,4.1,4.1,4.1,4.1,0,3360,0
BANKNIFTY31JUL2548600PE.NFO,2025-07-21,10:06:00,2025-07-31,4.1,4.1,4.1,4.1,0,3360,1
BANKNIFTY31JUL2548600PE.NFO,2025-07-21,10:07:00,2025-07-31,4.1,4.1,4.1,4.1,0,3360,1
BANKNIFTY31JUL2548600PE.NFO,2025-07-21,10:08:00,2025-07-31,4.1,4.1,4.1,4.1,0,3360,1
BANKNIFTY31JUL2548600PE.NFO,2025-07-21,10:09:00,2025-07-31,4.1,4.1,4.1,4.1,0,3360,1
BANKNIFTY31JUL2548600PE.NFO,2025-07-21,10:10:00,2025-07-31,4.1,4.1,4.1,4.1,0,3360,0
BANKNIFTY31JUL2548600PE.NFO,2025-07-21,10:11:00,2025-07-31,4.1,4.1,4.1,4.1,0,3360,0
BANKNIFTY31JUL2548600PE.NFO,2025-07-21,10:12:00,2025-07-31,4.1,4.1,4.1,4.1,0,3360,0
BANKNIFTY31JUL2548600PE.NFO,2025-07-21,10:13:00,2025-07-31,4.1,4.1,4.1,4.1,0,3360,1
BANKNIFTY31JUL2548600PE.NFO,2025-07-21,10:14:00,2025-07-31,4.1,4.1,4.1,4.1,0,3360,0
BANKNIFTY31JUL2548600PE.NFO,2025-07-21,10:15:00,2025-07-31,4.1,4.1,4.1,4.1,0,3360,0
BANKNIFTY31JUL2548600PE.NFO,2025-07-21,10:16:00,2025-07-31,4.1,4.1,4.1,4.1,0,3360,0
BANKNIFTY31JUL2548600PE.NFO,2025-07-21,10:17:00,2025-07-31,4.1,4.1,4.1,4.1,0,3360,0
BANKNIFTY31JUL2548600PE.NFO,2025-07-21,10:18:00,2025-07-31,4.1,4.1,4.1,4.1,0,3360,0
BANKNIFTY31JUL2548600PE.NFO,2025-07-21,10:19:00,2025-07-31,4.1,4.1,4.1,4.1,0,3360,0
BANKNIFTY31JUL2548600PE.NFO,2025-07-21,10:20:00,2025-07-31,4.1,4.1,4.1,4.1,0,3360,1
BANKNIFTY31JUL2548600PE.NFO,2025-07-21,10:21:00,2025-07-31,4.1,4.1,4.1,4.1,0,3360,0
BANKNIFTY31JUL2548600PE.NFO,2025-07-21,10:22:00,2025-07-31,4.1,4.1,4.1,4.1,0,3360,0
BANKNIFTY31JUL2548600PE.NFO,2025-07-21,10:23:00,2025-07-31,4.1,4.1,4.1,4.1,0,3360,0
BANKNIFTY31JUL2548600PE.NFO,2025-07-21,10:24:00,2025-07-31,4.1,4.1,4.1,4.1,0,3360,0
BANKNIFTY31JUL2548600PE.NFO,2025-07-21,10:25:00,2025-07-31,4.1,4.1,4.1,4.1,0,3360,0
BANKNIFTY31JUL2548600PE.NFO,2025-07-21,10:26:00,2025-07-31,4.1,4.1,4.1,4.1,0,3360,0
BANKNIFTY31JUL2548600PE.NFO,2025-07-21,10:27:00,2025-07-31,4.1,4.1,4.1,4.1,0,3360,0
BANKNIFTY31JUL2548600PE.NFO,2025-07-21,10:28:00,2025-07-31,3.65,3.75,3.65,3.7,315,3185,0
BANKNIFTY31JUL2548600PE.NFO,2025-07-21,10:29:00,2025-07-31,3.7,4.1,3.7,4.1,210,3185,0
BANKNIFTY31JUL2548600PE.NFO,2025-07-21,10:30:00,2025-07-31,4.1,4.1,4.1,4.1,0,3185,0
BANKNIFTY31JUL2548600PE.NFO,2025-07-21,10:31:00,2025-07-31,4.1,4.1,4.1,4.1,0,3185,0
BANKNIFTY31JUL2548600PE.NFO,2025-07-21,10:32:00,2025-07-31,4.1,4.1,4.1,4.1,0,3185,0
BANKNIFTY31JUL2548600PE.NFO,2025-07-21,10:33:00,2025-07-31,4.1,4.1,4.1,4.1,0,3185,1
BANKNIFTY31JUL2548600PE.NFO,2025-07-21,10:34:00,2025-07-31,4.1,4.1,4.1,4.1,0,3185,0
BANKNIFTY31JUL2548600PE.NFO,2025-07-21,10:35:00,2025-07-31,4.1,4.1,4.1,4.1,0,3185,1
BANKNIFTY31JUL2548600PE.NFO,2025-07-21,10:36:00,2025-07-31,4.1,4.1,4.1,4.1,0,3185,1
BANKNIFTY31JUL2548600PE.NFO,2025-07-21,10:37:00,2025-07-31,4.1,4.1,4.1,4.1,0,3185,0
BANKNIFTY31JUL2548600PE.NFO,2025-07-21,10:38:00,2025-07-31,4.1,4.1,4.1,4.1,0,3185,0
BANKNIFTY31JUL2548600PE.NFO,2025-07-21,10:39:00,2025-07-31,4.1,4.1,4.1,4.1,0,3185,0
BANKNIFTY31JUL2548600PE.NFO,2025-07-21,10:40:00,2025-07-31,4.1,4.1,4.1,4.1,0,3185,1
BANKNIFTY31JUL2548600PE.NFO,2025-07-21,10:41:00,2025-07-31,4.1,4.1,4.1,4.1,0,3185,1
BANKNIFTY31JUL2548600PE.NFO,2025-07-21,10:42:00,2025-07-31,4.1,4.1,4.1,4.1,0,3185,1
BANKNIFTY31JUL2548600PE.NFO,2025-07-21,10:43:00,2025-07-31,4.1,4.1,4.1,4.1,0,3185,0
BANKNIFTY31JUL2548600PE.NFO,2025-07-21,10:44:00,2025-07-31,4.1,4.1,4.1,4.1,0,3185,0
BANKNIFTY31JUL2548600PE.NFO,2025-07-21,10:45:00,2025-07-31,4.1,4.1,4.1,4.1,0,3185,1
BANKNIFTY31JUL2548600PE.NFO,2025-07-21,10:46:00,2025-07-31,4.1,4.1,4.1,4.1,0,3185,1
BANKNIFTY31JUL2548600PE.NFO,2025-07-21,10:47:00,2025-07-31,4.1,4.1,4.1,4.1,0,3185,1
BANKNIFTY31JUL2548600PE.NFO,2025-07-21,10:48:00,2025-07-31,4.1,4.1,4.1,4.1,0,3185,1
BANKNIFTY31JUL2548600PE.NFO,2025-07-21,10:49:00,2025-07-31,4.1,4.1,4.1,4.1,0,3185,1
BANKNIFTY31JUL2548600PE.NFO,2025-07-21,10:50:00,2025-07-31,4.1,4.1,4.1,4.1,0,3185,1
BANKNIFTY31JUL2548600PE.NFO,2025-07-21,10:51:00,2025-07-31,4.1,4.1,4.1,4.1,0,3185,0
BANKNIFTY31JUL2548600PE.NFO,2025-07-21,10:52:00,2025-07-31,4.1,4.1,4.1,4.1,0,3185,1
BANKNIFTY31JUL2548600PE.NFO,2025-07-21,10:53:00,2025-07-31,4.1,4.1,4.1,4.1,0,3185,1
BANKNIFTY31JUL2548600PE.NFO,2025-07-21,10:54:00,2025-07-31,4.1,4.1,4.1,4.1,0,3185,1
BANKNIFTY31JUL2548600PE.NFO,2025-07-21,10:55:00,2025-07-31,4.1,4.1,4.1,4.1,0,3185,1
BANKNIFTY31JUL2548600PE.NFO,2025-07-21,10:56:00,2025-07-31,4.1,4.1,4.1,4.1,0,3185,1
BANKNIFTY31JUL2548600PE.NFO,2025-07-21,10:57:00,2025-07-31,4.1,4.1,4.1,4.1,0,3185,0
BANKNIFTY31JUL2548600PE.NFO,2025-07-21,10:58:00,2025-07-31,4.1,4.1,4.1,4.1,0,3185,0
BANKNIFTY31JUL2548600PE.NFO,2025-07-21,10:59:00,2025-07-31,4.1,4.1,4.1,4.1,0,3185,0
BANKNIFTY31JUL2548600PE.NFO,2025-07-21,11:00:00,2025-07-31,4.1,4.1,4.1,4.1,0,3185,1
BANKNIFTY31JUL2548600PE.NFO,2025-07-21,11:01:00,2025-07-31,4.1,4.1,4.1,4.1,0,3185,0
BANKNIFTY31JUL2548600PE.NFO,2025-07-21,11:02:00,2025-07-31,4.1,4.1,4.1,4.1,0,3185,0
BANKNIFTY31JUL2548600PE.NFO,2025-07-21,11:03:00,2025-07-31,4.1,4.1,4.1,4.1,0,3185,1
BANKNIFTY31JUL2548600PE.NFO,2025-07-21,11:04:00,2025-07-31,4.1,4.1,4.1,4.1,0,3185,0
BANKNIFTY31JUL2548600PE.NFO,2025-07-21,11:05:00,2025-07-31,4.1,4.1,4.1,4.1,0,3185,0
BANKNIFTY31JUL2548600PE.NFO,2025-07-21,11:06:00,2025-07-31,4.1,4.1,4.1,4.1,0,3185,1
BANKNIFTY31JUL2548600PE.NFO,2025-07-21,11:07:00,2025-07-31,4.1,4.1,4.1,4.1,0,3185,1
BANKNIFTY31JUL2548600PE.NFO,2025-07-21,11:08:00,2025-07-31,4.1,4.1,4.1,4.1,0,3185,1
BANKNIFTY31JUL2548600PE.NFO,2025-07-21,11:09:00,2025-07-31,4.1,4.1,4.1,4.1,0,3185,0
BANKNIFTY31JUL2548600PE.NFO,2025-07-21,11:10:00,2025-07-31,4.1,4.1,4.1,4.1,0,3185,0
BANKNIFTY31JUL2548600PE.NFO,2025-07-21,11:11:00,2025-07-31,4.1,4.1,4.1,4.1,0,3185,1
BANKNIFTY31JUL2548600PE.NFO,2025-07-21,11:12:00,2025-07-31,4.1,4.1,4.1,4.1,0,3185,0
BANKNIFTY31JUL2548600PE.NFO,2025-07-21,11:13:00,2025-07-31,4.1,4.1,4.1,4.1,0,3185,1
BANKNIFTY31JUL2548600PE.NFO,2025-07-21,11:14:00,2025-07-31,4.1,4.1,4.1,4.1,0,3185,0
BANKNIFTY31JUL2548600PE.NFO,2025-07-21,11:15:00,2025-07-31,4.1,4.1,4.1,4.1,0,3185,1
BANKNIFTY31JUL2548600PE.NFO,2025-07-21,11:16:00,2025-07-31,4.1,4.1,4.1,4.1,0,3185,1
BANKNIFTY31JUL2548600PE.NFO,2025-07-21,11:17:00,2025-07-31,4.1,4.1,4.1,4.1,0,3185,1
BANKNIFTY31JUL2548600PE.NFO,2025-07-21,11:18:00,2025-07-31,4.1,4.1,4.1,4.1,0,3185,1
BANKNIFTY31JUL2548600PE.NFO,2025-07-21,11:19:00,2025-07-31,4.1,4.1,4.1,4.1,0,3185,1
BANKNIFTY31JUL2548600PE.NFO,2025-07-21,11:20:00,2025-07-31,4.1,4.1,4.1,4.1,0,3185,1
BANKNIFTY31JUL2548600PE.NFO,2025-07-21,11:21:00,2025-07-31,4.1,4.1,4.1,4.1,0,3185,1
BANKNIFTY31JUL2548600PE.NFO,2025-07-21,11:22:00,2025-07-31,4.1,4.1,4.1,4.1,0,3185,1
BANKNIFTY31JUL2548600PE.NFO,2025-07-21,11:23:00,2025-07-31,4.1,4.1,4.1,4.1,0,3185,1
BANKNIFTY31JUL2548600PE.NFO,2025-07-21,11:24:00,2025-07-31,4.1,4.1,4.1,4.1,0,3185,1
BANKNIFTY31JUL2548600PE.NFO,2025-07-21,11:25:00,2025-07-31,4.1,4.1,4.1,4.1,0,3185,1
BANKNIFTY31JUL2548600PE.NFO,2025-07-21,11:26:00,2025-07-31,4.1,4.1,4.1,4.1,0,3185,1
BANKNIFTY31JUL2548600PE.NFO,2025-07-21,11:27:00,2025-07-31,4.1,4.1,4.1,4.1,0,3185,1
BANKNIFTY31JUL2548600PE.NFO,2025-07-21,11:28:00,2025-07-31,4.1,4.1,4.1,4.1,0,3080,0
BANKNIFTY31JUL2548600PE.NFO,2025-07-21,11:29:00,2025-07-31,4.1,4.1,4.1,4.1,35,3080,0
BANKNIFTY31JUL2548600PE.NFO,2025-07-21,11:30:00,2025-07-31,4.1,4.1,4.1,4.1,0,3080,0
BANKNIFTY31JUL2548600PE.NFO,2025-07-21,11:31:00,2025-07-31,4.1,4.1,4.1,4.1,0,3080,0
BANKNIFTY31JUL2548600PE.NFO,2025-07-21,11:32:00,2025-07-31,4.1,4.1,4.1,4.1,0,3080,0
BANKNIFTY31JUL2548600PE.NFO,2025-07-21,11:33:00,2025-07-31,4.1,4.1,4.1,4.1,0,3080,0
BANKNIFTY31JUL2548600PE.NFO,2025-07-21,11:34:00,2025-07-31,4.1,4.1,4.1,4.1,0,3080,0
BANKNIFTY31JUL2548600PE.NFO,2025-07-21,11:35:00,2025-07-31,4.1,4.1,4.1,4.1,0,3080,1
BANKNIFTY31JUL2548600PE.NFO,2025-07-21,11:36:00,2025-07-31,4.1,4.1,4.1,4.1,0,3080,1
BANKNIFTY31JUL2548600PE.NFO,2025-07-21,11:37:00,2025-07-31,4.1,4.1,4.1,4.1,0,3080,1
BANKNIFTY31JUL2548600PE.NFO,2025-07-21,11:38:00,2025-07-31,4.1,4.1,4.1,4.1,0,3080,0
BANKNIFTY31JUL2548600PE.NFO,2025-07-21,11:39:00,2025-07-31,4.1,4.1,4.1,4.1,0,3080,1
BANKNIFTY31JUL2548600PE.NFO,2025-07-21,11:40:00,2025-07-31,4.1,4.1,4.1,4.1,0,3080,1
BANKNIFTY31JUL2548600PE.NFO,2025-07-21,11:41:00,2025-07-31,4.1,4.1,4.1,4.1,0,3080,0
BANKNIFTY31JUL2548600PE.NFO,2025-07-21,11:42:00,2025-07-31,4.1,4.1,4.1,4.1,0,3080,1
BANKNIFTY31JUL2548600PE.NFO,2025-07-21,11:43:00,2025-07-31,4.1,4.1,4.1,4.1,0,3080,1
BANKNIFTY31JUL2548600PE.NFO,2025-07-21,11:44:00,2025-07-31,4.1,4.1,4.1,4.1,0,3080,0
BANKNIFTY31JUL2548600PE.NFO,2025-07-21,11:45:00,2025-07-31,4.1,4.1,4.1,4.1,0,3080,0
BANKNIFTY31JUL2548600PE.NFO,2025-07-21,11:46:00,2025-07-31,4.1,4.1,3.6,3.6,210,3080,0
BANKNIFTY31JUL2548600PE.NFO,2025-07-21,11:47:00,2025-07-31,3.6,3.6,3.5,3.5,560,3080,0
BANKNIFTY31JUL2548600PE.NFO,2025-07-21,11:48:00,2025-07-31,3.5,3.5,3.5,3.5,0,3080,0
BANKNIFTY31JUL2548600PE.NFO,2025-07-21,11:49:00,2025-07-31,3.5,3.5,3.5,3.5,0,3080,0
BANKNIFTY31JUL2548600PE.NFO,2025-07-21,11:50:00,2025-07-31,3.5,3.5,3.5,3.5,0,3080,0
BANKNIFTY31JUL2548600PE.NFO,2025-07-21,11:51:00,2025-07-31,3.5,3.5,3.5,3.5,0,3080,0
BANKNIFTY31JUL2548600PE.NFO,2025-07-21,11:52:00,2025-07-31,3.5,3.5,3.5,3.5,0,3080,0
BANKNIFTY31JUL2548600PE.NFO,2025-07-21,11:53:00,2025-07-31,3.5,3.5,3.5,3.5,0,3080,0
BANKNIFTY31JUL2548600PE.NFO,2025-07-21,11:54:00,2025-07-31,3.5,3.5,3.5,3.5,0,3080,0
BANKNIFTY31JUL2548600PE.NFO,2025-07-21,11:55:00,2025-07-31,3.5,3.5,3.5,3.5,0,3080,0
BANKNIFTY31JUL2548600PE.NFO,2025-07-21,11:56:00,2025-07-31,3.5,3.5,3.5,3.5,0,3080,1
BANKNIFTY31JUL2548600PE.NFO,2025-07-21,11:57:00,2025-07-31,3.5,3.5,3.5,3.5,0,3080,0
BANKNIFTY31JUL2548600PE.NFO,2025-07-21,11:58:00,2025-07-31,3.5,3.5,3.5,3.5,0,3080,1
BANKNIFTY31JUL2548600PE.NFO,2025-07-21,11:59:00,2025-07-31,3.5,3.5,3.5,3.5,0,3080,0
BANKNIFTY31JUL2548600PE.NFO,2025-07-21,12:00:00,2025-07-31,3.5,3.5,3.5,3.5,0,3080,0
BANKNIFTY31JUL2548600PE.NFO,2025-07-21,12:01:00,2025-07-31,3.5,3.5,3.5,3.5,0,3080,1
BANKNIFTY31JUL2548600PE.NFO,2025-07-21,12:02:00,2025-07-31,3.5,3.5,3.5,3.5,0,3080,0
BANKNIFTY31JUL2548600PE.NFO,2025-07-21,12:03:00,2025-07-31,3.5,3.5,3.5,3.5,0,3080,1
BANKNIFTY31JUL2548600PE.NFO,2025-07-21,12:04:00,2025-07-31,3.5,3.5,3.5,3.5,0,3080,0
BANKNIFTY31JUL2548600PE.NFO,2025-07-21,12:05:00,2025-07-31,3.5,3.5,3.5,3.5,0,3080,1
BANKNIFTY31JUL2548600PE.NFO,2025-07-21,12:06:00,2025-07-31,3.5,3.5,3.5,3.5,0,3080,1
BANKNIFTY31JUL2548600PE.NFO,2025-07-21,12:07:00,2025-07-31,3.5,3.5,3.5,3.5,0,3080,1
BANKNIFTY31JUL2548600PE.NFO,2025-07-21,12:08:00,2025-07-31,3.5,3.5,3.5,3.5,0,3080,1
BANKNIFTY31JUL2548600PE.NFO,2025-07-21,12:09:00,2025-07-31,3.5,3.5,3.5,3.5,0,3080,1
BANKNIFTY31JUL2548600PE.NFO,2025-07-21,12:10:00,2025-07-31,3.5,3.5,3.5,3.5,0,3080,1
BANKNIFTY31JUL2548600PE.NFO,2025-07-21,12:11:00,2025-07-31,3.5,3.5,3.5,3.5,0,3080,0
BANKNIFTY31JUL2548600PE.NFO,2025-07-21,12:12:00,2025-07-31,3.5,3.5,3.5,3.5,0,3080,1
BANKNIFTY31JUL2548600PE.NFO,2025-07-21,12:13:00,2025-07-31,3.5,3.5,3.5,3.5,0,3080,1
BANKNIFTY31JUL2548600PE.NFO,2025-07-21,12:14:00,2025-07-31,3.5,3.5,3.5,3.5,0,3080,0
BANKNIFTY31JUL2548600PE.NFO,2025-07-21,12:15:00,2025-07-31,3.5,3.5,3.5,3.5,0,3080,1
BANKNIFTY31JUL2548600PE.NFO,2025-07-21,12:16:00,2025-07-31,3.5,3.5,3.5,3.5,0,3080,1
BANKNIFTY31JUL2548600PE.NFO,2025-07-21,12:17:00,2025-07-31,3.5,3.5,3.5,3.5,0,3080,0
BANKNIFTY31JUL2548600PE.NFO,2025-07-21,12:18:00,2025-07-31,3.5,3.5,3.5,3.5,0,3080,0
BANKNIFTY31JUL2548600PE.NFO,2025-07-21,12:19:00,2025-07-31,3.5,3.5,3.5,3.5,0,3080,1
BANKNIFTY31JUL2548600PE.NFO,2025-07-21,12:20:00,2025-07-31,3.5,3.5,3.5,3.5,0,3080,1
BANKNIFTY31JUL2548600PE.NFO,2025-07-21,12:21:00,2025-07-31,3.5,3.5,3.5,3.5,0,3080,1
BANKNIFTY31JUL2548600PE.NFO,2025-07-21,12:22:00,2025-07-31,3.5,3.5,3.5,3.5,0,3080,1
BANKNIFTY31JUL2548600PE.NFO,2025-07-21,12:23:00,2025-07-31,3.5,3.5,3.5,3.5,0,3080,1
BANKNIFTY31JUL2548600PE.NFO,2025-07-21,12:24:00,2025-07-31,3.5,3.5,3.5,3.5,0,3080,1
BANKNIFTY31JUL2548600PE.NFO,2025-07-21,12:25:00,2025-07-31,3.5,3.5,3.5,3.5,0,3080,1
BANKNIFTY31JUL2548600PE.NFO,2025-07-21,12:26:00,2025-07-31,3.5,3.5,3.5,3.5,0,3080,1
BANKNIFTY31JUL2548600PE.NFO,2025-07-21,12:27:00,2025-07-31,3.5,3.5,3.5,3.5,0,3080,1
BANKNIFTY31JUL2548600PE.NFO,2025-07-21,12:28:00,2025-07-31,3.5,3.5,3.5,3.5,0,3080,1
BANKNIFTY31JUL2548600PE.NFO,2025-07-21,12:29:00,2025-07-31,3.5,3.5,3.5,3.5,0,3080,1
BANKNIFTY31JUL2548600PE.NFO,2025-07-21,12:30:00,2025-07-31,3.5,3.5,3.5,3.5,0,3080,1
BANKNIFTY31JUL2548600PE.NFO,2025-07-21,12:31:00,2025-07-31,3.5,3.5,3.5,3.5,0,3080,1
BANKNIFTY31JUL2548600PE.NFO,2025-07-21,12:32:00,2025-07-31,3.5,3.5,3.5,3.5,0,3080,1
BANKNIFTY31JUL2548600PE.NFO,2025-07-21,12:33:00,2025-07-31,3.5,3.5,3.5,3.5,0,3080,0
BANKNIFTY31JUL2548600PE.NFO,2025-07-21,12:34:00,2025-07-31,3.5,3.5,3.5,3.5,0,3080,1
BANKNIFTY31JUL2548600PE.NFO,2025-07-21,12:35:00,2025-07-31,3.5,3.5,3.5,3.5,0,3080,1
BANKNIFTY31JUL2548600PE.NFO,2025-07-21,12:36:00,2025-07-31,3.5,3.5,3.5,3.5,0,3080,1
BANKNIFTY31JUL2548600PE.NFO,2025-07-21,12:37:00,2025-07-31,3.5,3.5,3.5,3.5,0,3080,1
BANKNIFTY31JUL2548600PE.NFO,2025-07-21,12:38:00,2025-07-31,3.5,3.5,3.5,3.5,0,3080,1
BANKNIFTY31JUL2548600PE.NFO,2025-07-21,12:39:00,2025-07-31,3.5,3.5,3.5,3.5,0,3080,1
BANKNIFTY31JUL2548600PE.NFO,2025-07-21,12:40:00,2025-07-31,3.5,3.5,3.5,3.5,0,3080,1
BANKNIFTY31JUL2548600PE.NFO,2025-07-21,12:41:00,2025-07-31,3.5,3.5,3.5,3.5,0,3080,1
BANKNIFTY31JUL2548600PE.NFO,2025-07-21,12:42:00,2025-07-31,3.5,3.5,3.5,3.5,0,3080,1
BANKNIFTY31JUL2548600PE.NFO,2025-07-21,12:43:00,2025-07-31,3.5,3.5,3.5,3.5,0,3080,0
BANKNIFTY31JUL2548600PE.NFO,2025-07-21,12:44:00,2025-07-31,3.5,3.5,3.5,3.5,0,3080,1
BANKNIFTY31JUL2548600PE.NFO,2025-07-21,12:45:00,2025-07-31,3.5,3.5,3.5,3.5,0,3080,0
BANKNIFTY31JUL2548600PE.NFO,2025-07-21,12:46:00,2025-07-31,3.5,3.5,3.5,3.5,0,3080,1
BANKNIFTY31JUL2548600PE.NFO,2025-07-21,12:47:00,2025-07-31,3.5,3.5,3.5,3.5,0,3080,0
BANKNIFTY31JUL2548600PE.NFO,2025-07-21,12:48:00,2025-07-31,3.5,3.5,3.5,3.5,0,3080,0
BANKNIFTY31JUL2548600PE.NFO,2025-07-21,12:49:00,2025-07-31,3.5,4.0,3.5,4.0,35,3080,0
BANKNIFTY31JUL2548600PE.NFO,2025-07-21,12:50:00,2025-07-31,4.0,4.0,4.0,4.0,0,3080,0
BANKNIFTY31JUL2548600PE.NFO,2025-07-21,12:51:00,2025-07-31,4.0,4.0,4.0,4.0,0,3080,0
BANKNIFTY31JUL2548600PE.NFO,2025-07-21,12:52:00,2025-07-31,4.0,4.0,3.3,3.55,245,3115,0
BANKNIFTY31JUL2548600PE.NFO,2025-07-21,12:53:00,2025-07-31,3.55,3.55,3.55,3.55,70,3115,0
BANKNIFTY31JUL2548600PE.NFO,2025-07-21,12:54:00,2025-07-31,3.55,3.55,3.55,3.55,0,3115,0
BANKNIFTY31JUL2548600PE.NFO,2025-07-21,12:55:00,2025-07-31,3.55,3.55,3.55,3.55,0,3115,0
BANKNIFTY31JUL2548600PE.NFO,2025-07-21,12:56:00,2025-07-31,3.55,3.55,3.55,3.55,0,3115,1
BANKNIFTY31JUL2548600PE.NFO,2025-07-21,12:57:00,2025-07-31,3.55,3.55,3.55,3.55,0,3115,1
BANKNIFTY31JUL2548600PE.NFO,2025-07-21,12:58:00,2025-07-31,3.55,3.55,3.55,3.55,0,3115,1
BANKNIFTY31JUL2548600PE.NFO,2025-07-21,12:59:00,2025-07-31,3.55,3.55,3.55,3.55,0,3115,0
BANKNIFTY31JUL2548600PE.NFO,2025-07-21,13:00:00,2025-07-31,3.55,3.55,3.55,3.55,0,3115,0
BANKNIFTY31JUL2548600PE.NFO,2025-07-21,13:01:00,2025-07-31,3.55,3.55,3.55,3.55,0,3115,0
BANKNIFTY31JUL2548600PE.NFO,2025-07-21,13:02:00,2025-07-31,3.55,3.55,3.55,3.55,0,3115,0
BANKNIFTY31JUL2548600PE.NFO,2025-07-21,13:03:00,2025-07-31,3.55,3.55,3.55,3.55,0,3115,1
BANKNIFTY31JUL2548600PE.NFO,2025-07-21,13:04:00,2025-07-31,3.55,3.55,3.55,3.55,0,3115,0
BANKNIFTY31JUL2548600PE.NFO,2025-07-21,13:05:00,2025-07-31,3.55,3.55,3.55,3.55,0,3115,0
BANKNIFTY31JUL2548600PE.NFO,2025-07-21,13:06:00,2025-07-31,3.55,3.55,3.55,3.55,0,3115,0
BANKNIFTY31JUL2548600PE.NFO,2025-07-21,13:07:00,2025-07-31,3.55,3.55,3.55,3.55,0,3115,1
BANKNIFTY31JUL2548600PE.NFO,2025-07-21,13:08:00,2025-07-31,3.55,3.55,3.55,3.55,0,3115,0
BANKNIFTY31JUL2548600PE.NFO,2025-07-21,13:09:00,2025-07-31,3.55,3.55,3.55,3.55,0,3115,1
BANKNIFTY31JUL2548600PE.NFO,2025-07-21,13:10:00,2025-07-31,3.55,3.55,3.55,3.55,0,3115,1
BANKNIFTY31JUL2548600PE.NFO,2025-07-21,13:11:00,2025-07-31,3.55,3.55,3.55,3.55,0,3115,0
BANKNIFTY31JUL2548600PE.NFO,2025-07-21,13:12:00,2025-07-31,3.55,3.55,3.55,3.55,0,3115,1
BANKNIFTY31JUL2548600PE.NFO,2025-07-21,13:13:00,2025-07-31,3.55,3.55,3.55,3.55,0,3115,0
BANKNIFTY31JUL2548600PE.NFO,2025-07-21,13:14:00,2025-07-31,3.55,3.55,3.55,3.55,0,3115,1
BANKNIFTY31JUL2548600PE.NFO,2025-07-21,13:15:00,2025-07-31,3.55,3.55,3.55,3.55,0,3115,1
BANKNIFTY31JUL2548600PE.NFO,2025-07-21,13:16:00,2025-07-31,3.55,3.55,3.55,3.55,0,3115,1
BANKNIFTY31JUL2548600PE.NFO,2025-07-21,13:17:00,2025-07-31,3.55,3.55,3.55,3.55,0,3115,1
BANKNIFTY31JUL2548600PE.NFO,2025-07-21,13:18:00,2025-07-31,3.55,3.55,3.55,3.55,0,3115,1
BANKNIFTY31JUL2548600PE.NFO,2025-07-21,13:19:00,2025-07-31,3.55,3.55,3.55,3.55,0,3115,1
BANKNIFTY31JUL2548600PE.NFO,2025-07-21,13:20:00,2025-07-31,3.55,3.55,3.55,3.55,0,3115,0
BANKNIFTY31JUL2548600PE.NFO,2025-07-21,13:21:00,2025-07-31,3.55,3.55,3.55,3.55,0,3115,1
BANKNIFTY31JUL2548600PE.NFO,2025-07-21,13:22:00,2025-07-31,3.55,3.55,3.55,3.55,0,3115,1
BANKNIFTY31JUL2548600PE.NFO,2025-07-21,13:23:00,2025-07-31,3.55,3.55,3.55,3.55,0,3115,1
BANKNIFTY31JUL2548600PE.NFO,2025-07-21,13:24:00,2025-07-31,3.55,3.55,3.55,3.55,0,3115,1
BANKNIFTY31JUL2548600PE.NFO,2025-07-21,13:25:00,2025-07-31,3.55,3.55,3.55,3.55,0,3115,1
BANKNIFTY31JUL2548600PE.NFO,2025-07-21,13:26:00,2025-07-31,3.55,3.55,3.55,3.55,0,3115,1
BANKNIFTY31JUL2548600PE.NFO,2025-07-21,13:27:00,2025-07-31,3.55,3.55,3.55,3.55,0,3115,1
BANKNIFTY31JUL2548600PE.NFO,2025-07-21,13:28:00,2025-07-31,3.55,3.55,3.55,3.55,0,3115,1
BANKNIFTY31JUL2548600PE.NFO,2025-07-21,13:29:00,2025-07-31,3.55,3.55,3.55,3.55,0,3115,1
BANKNIFTY31JUL2548600PE.NFO,2025-07-21,13:30:00,2025-07-31,3.55,3.55,3.55,3.55,0,3115,0
BANKNIFTY31JUL2548600PE.NFO,2025-07-21,13:31:00,2025-07-31,3.55,3.55,3.55,3.55,0,3115,1
BANKNIFTY31JUL2548600PE.NFO,2025-07-21,13:32:00,2025-07-31,3.55,3.55,3.55,3.55,0,3115,1
BANKNIFTY31JUL2548600PE.NFO,2025-07-21,13:33:00,2025-07-31,3.55,3.55,3.55,3.55,0,3115,1
BANKNIFTY31JUL2548600PE.NFO,2025-07-21,13:34:00,2025-07-31,3.55,3.55,3.55,3.55,0,3115,0
BANKNIFTY31JUL2548600PE.NFO,2025-07-21,13:35:00,2025-07-31,3.55,3.55,3.55,3.55,0,3115,1
BANKNIFTY31JUL2548600PE.NFO,2025-07-21,13:36:00,2025-07-31,3.55,3.55,3.55,3.55,0,3115,0
BANKNIFTY31JUL2548600PE.NFO,2025-07-21,13:37:00,2025-07-31,3.55,3.55,3.55,3.55,0,3115,1
BANKNIFTY31JUL2548600PE.NFO,2025-07-21,13:38:00,2025-07-31,3.55,3.55,3.55,3.55,0,3115,0
BANKNIFTY31JUL2548600PE.NFO,2025-07-21,13:39:00,2025-07-31,3.55,3.55,3.55,3.55,0,3115,1
BANKNIFTY31JUL2548600PE.NFO,2025-07-21,13:40:00,2025-07-31,3.05,3.05,3.05,3.05,315,3080,0
BANKNIFTY31JUL2548600PE.NFO,2025-07-21,13:41:00,2025-07-31,3.05,3.05,3.05,3.05,0,3080,0
BANKNIFTY31JUL2548600PE.NFO,2025-07-21,13:42:00,2025-07-31,3.05,3.6,3.05,3.6,70,3080,0
BANKNIFTY31JUL2548600PE.NFO,2025-07-21,13:43:00,2025-07-31,3.6,3.6,3.6,3.6,0,3080,0
BANKNIFTY31JUL2548600PE.NFO,2025-07-21,13:44:00,2025-07-31,3.6,3.6,3.6,3.6,0,3080,1
BANKNIFTY31JUL2548600PE.NFO,2025-07-21,13:45:00,2025-07-31,3.8,3.8,3.8,3.8,35,2870,0
BANKNIFTY31JUL2548600PE.NFO,2025-07-21,13:46:00,2025-07-31,3.8,3.8,3.8,3.8,0,2870,0
BANKNIFTY31JUL2548600PE.NFO,2025-07-21,13:47:00,2025-07-31,3.8,3.8,3.8,3.8,0,2870,0
BANKNIFTY31JUL2548600PE.NFO,2025-07-21,13:48:00,2025-07-31,3.8,3.8,3.8,3.8,0,2870,0
BANKNIFTY31JUL2548600PE.NFO,2025-07-21,13:49:00,2025-07-31,3.8,3.8,3.8,3.8,0,2870,0
BANKNIFTY31JUL2548600PE.NFO,2025-07-21,13:50:00,2025-07-31,3.8,3.8,3.8,3.8,0,2870,0
BANKNIFTY31JUL2548600PE.NFO,2025-07-21,13:51:00,2025-07-31,3.8,3.8,3.8,3.8,0,2870,0
BANKNIFTY31JUL2548600PE.NFO,2025-07-21,13:52:00,2025-07-31,3.8,3.8,3.8,3.8,0,2870,1
BANKNIFTY31JUL2548600PE.NFO,2025-07-21,13:53:00,2025-07-31,3.8,3.8,3.8,3.8,0,2870,1
BANKNIFTY31JUL2548600PE.NFO,2025-07-21,13:54:00,2025-07-31,3.8,3.8,3.8,3.8,0,2870,1
BANKNIFTY31JUL2548600PE.NFO,2025-07-21,13:55:00,2025-07-31,3.8,3.8,3.8,3.8,0,2870,0
BANKNIFTY31JUL2548600PE.NFO,2025-07-21,13:56:00,2025-07-31,3.8,3.8,3.8,3.8,0,2870,1
BANKNIFTY31JUL2548600PE.NFO,2025-07-21,13:57:00,2025-07-31,3.8,3.8,3.8,3.8,0,2870,1
BANKNIFTY31JUL2548600PE.NFO,2025-07-21,13:58:00,2025-07-31,3.8,3.8,3.8,3.8,0,2870,1
BANKNIFTY31JUL2548600PE.NFO,2025-07-21,13:59:00,2025-07-31,3.8,3.8,3.8,3.8,0,2870,1
BANKNIFTY31JUL2548600PE.NFO,2025-07-21,14:00:00,2025-07-31,3.8,3.8,3.8,3.8,0,2870,1
BANKNIFTY31JUL2548600PE.NFO,2025-07-21,14:01:00,2025-07-31,3.8,3.8,3.8,3.8,0,2870,0
BANKNIFTY31JUL2548600PE.NFO,2025-07-21,14:02:00,2025-07-31,3.8,3.8,3.8,3.8,0,2870,1
BANKNIFTY31JUL2548600PE.NFO,2025-07-21,14:03:00,2025-07-31,3.8,3.8,3.8,3.8,0,2870,1
BANKNIFTY31JUL2548600PE.NFO,2025-07-21,14:04:00,2025-07-31,3.8,3.8,3.8,3.8,0,2870,1
BANKNIFTY31JUL2548600PE.NFO,2025-07-21,14:05:00,2025-07-31,3.8,3.8,3.8,3.8,0,2870,1
BANKNIFTY31JUL2548600PE.NFO,2025-07-21,14:06:00,2025-07-31,3.8,3.8,3.8,3.8,0,2870,1
BANKNIFTY31JUL2548600PE.NFO,2025-07-21,14:07:00,2025-07-31,3.8,3.8,3.8,3.8,0,2870,1
BANKNIFTY31JUL2548600PE.NFO,2025-07-21,14:08:00,2025-07-31,3.8,3.8,3.8,3.8,0,2870,0
BANKNIFTY31JUL2548600PE.NFO,2025-07-21,14:09:00,2025-07-31,3.8,3.8,3.8,3.8,0,2870,0
BANKNIFTY31JUL2548600PE.NFO,2025-07-21,14:10:00,2025-07-31,3.8,3.8,3.8,3.8,0,2870,1
BANKNIFTY31JUL2548600PE.NFO,2025-07-21,14:11:00,2025-07-31,3.8,3.8,3.8,3.8,0,2870,1
BANKNIFTY31JUL2548600PE.NFO,2025-07-21,14:12:00,2025-07-31,4.05,4.05,4.05,4.05,35,2835,0
BANKNIFTY31JUL2548600PE.NFO,2025-07-21,14:13:00,2025-07-31,4.05,4.05,3.6,3.6,35,2870,0
BANKNIFTY31JUL2548600PE.NFO,2025-07-21,14:14:00,2025-07-31,3.6,3.6,3.6,3.6,0,2870,0
BANKNIFTY31JUL2548600PE.NFO,2025-07-21,14:15:00,2025-07-31,3.6,3.6,3.6,3.6,0,2870,0
BANKNIFTY31JUL2548600PE.NFO,2025-07-21,14:16:00,2025-07-31,3.6,3.6,3.6,3.6,0,2870,0
BANKNIFTY31JUL2548600PE.NFO,2025-07-21,14:17:00,2025-07-31,3.6,3.6,3.6,3.6,0,2870,0
BANKNIFTY31JUL2548600PE.NFO,2025-07-21,14:18:00,2025-07-31,3.6,3.6,3.6,3.6,0,2870,0
BANKNIFTY31JUL2548600PE.NFO,2025-07-21,14:19:00,2025-07-31,3.6,3.6,3.6,3.6,0,2870,0
BANKNIFTY31JUL2548600PE.NFO,2025-07-21,14:20:00,2025-07-31,3.6,3.6,3.6,3.6,0,2870,1
BANKNIFTY31JUL2548600PE.NFO,2025-07-21,14:21:00,2025-07-31,3.6,3.6,3.6,3.6,0,2870,0
BANKNIFTY31JUL2548600PE.NFO,2025-07-21,14:22:00,2025-07-31,3.6,3.6,3.6,3.6,0,2870,0
BANKNIFTY31JUL2548600PE.NFO,2025-07-21,14:23:00,2025-07-31,3.6,3.6,3.6,3.6,0,2870,0
BANKNIFTY31JUL2548600PE.NFO,2025-07-21,14:24:00,2025-07-31,3.6,3.6,3.6,3.6,0,2870,1
BANKNIFTY31JUL2548600PE.NFO,2025-07-21,14:25:00,2025-07-31,3.6,3.6,3.6,3.6,0,2870,1
BANKNIFTY31JUL2548600PE.NFO,2025-07-21,14:26:00,2025-07-31,3.6,3.6,3.6,3.6,0,2870,1
BANKNIFTY31JUL2548600PE.NFO,2025-07-21,14:27:00,2025-07-31,3.6,3.6,3.6,3.6,0,2870,1
BANKNIFTY31JUL2548600PE.NFO,2025-07-21,14:28:00,2025-07-31,3.6,3.6,3.6,3.6,0,2870,1
BANKNIFTY31JUL2548600PE.NFO,2025-07-21,14:29:00,2025-07-31,3.6,3.6,3.6,3.6,0,2870,0
BANKNIFTY31JUL2548600PE.NFO,2025-07-21,14:30:00,2025-07-31,3.75,3.75,3.75,3.75,105,2870,0
BANKNIFTY31JUL2548600PE.NFO,2025-07-21,14:31:00,2025-07-31,3.75,3.75,3.75,3.75,0,2870,0
BANKNIFTY31JUL2548600PE.NFO,2025-07-21,14:32:00,2025-07-31,3.75,3.75,3.75,3.75,0,2870,1
BANKNIFTY31JUL2548600PE.NFO,2025-07-21,14:33:00,2025-07-31,3.75,3.75,3.75,3.75,0,2870,0
BANKNIFTY31JUL2548600PE.NFO,2025-07-21,14:34:00,2025-07-31,3.75,3.75,3.75,3.75,0,2870,0
BANKNIFTY31JUL2548600PE.NFO,2025-07-21,14:35:00,2025-07-31,3.75,3.75,3.75,3.75,0,2870,1
BANKNIFTY31JUL2548600PE.NFO,2025-07-21,14:36:00,2025-07-31,3.75,3.75,3.75,3.75,0,2870,1
BANKNIFTY31JUL2548600PE.NFO,2025-07-21,14:37:00,2025-07-31,3.75,3.75,3.75,3.75,0,2870,0
BANKNIFTY31JUL2548600PE.NFO,2025-07-21,14:38:00,2025-07-31,3.75,3.75,3.75,3.75,0,2870,1
BANKNIFTY31JUL2548600PE.NFO,2025-07-21,14:39:00,2025-07-31,3.75,3.75,3.75,3.75,0,2870,1
BANKNIFTY31JUL2548600PE.NFO,2025-07-21,14:40:00,2025-07-31,3.75,3.75,3.75,3.75,0,2870,1
BANKNIFTY31JUL2548600PE.NFO,2025-07-21,14:41:00,2025-07-31,3.75,3.75,3.75,3.75,0,2870,1
BANKNIFTY31JUL2548600PE.NFO,2025-07-21,14:42:00,2025-07-31,3.75,3.75,3.75,3.75,0,2870,1
BANKNIFTY31JUL2548600PE.NFO,2025-07-21,14:43:00,2025-07-31,3.75,3.75,3.75,3.75,0,2870,1
BANKNIFTY31JUL2548600PE.NFO,2025-07-21,14:44:00,2025-07-31,3.75,3.75,3.75,3.75,0,2870,0
BANKNIFTY31JUL2548600PE.NFO,2025-07-21,14:45:00,2025-07-31,3.75,3.75,3.75,3.75,0,2870,0
BANKNIFTY31JUL2548600PE.NFO,2025-07-21,14:46:00,2025-07-31,3.75,3.75,3.75,3.75,0,2870,1
BANKNIFTY31JUL2548600PE.NFO,2025-07-21,14:47:00,2025-07-31,3.75,3.75,3.75,3.75,0,2870,0
BANKNIFTY31JUL2548600PE.NFO,2025-07-21,14:48:00,2025-07-31,3.75,3.75,3.75,3.75,0,2870,0
BANKNIFTY31JUL2548600PE.NFO,2025-07-21,14:49:00,2025-07-31,3.75,3.75,3.75,3.75,0,2870,0
BANKNIFTY31JUL2548600PE.NFO,2025-07-21,14:50:00,2025-07-31,3.75,3.75,3.75,3.75,0,2870,1
BANKNIFTY31JUL2548600PE.NFO,2025-07-21,14:51:00,2025-07-31,3.75,3.75,3.75,3.75,0,2870,1
BANKNIFTY31JUL2548600PE.NFO,2025-07-21,14:52:00,2025-07-31,3.75,3.75,3.75,3.75,0,2870,1
BANKNIFTY31JUL2548600PE.NFO,2025-07-21,14:53:00,2025-07-31,3.75,3.75,3.75,3.75,0,2870,1
BANKNIFTY31JUL2548600PE.NFO,2025-07-21,14:54:00,2025-07-31,3.75,3.75,3.75,3.75,0,2870,1
BANKNIFTY31JUL2548600PE.NFO,2025-07-21,14:55:00,2025-07-31,3.75,3.75,3.75,3.75,0,2870,1
BANKNIFTY31JUL2548600PE.NFO,2025-07-21,14:56:00,2025-07-31,3.75,3.75,3.75,3.75,0,2870,1
BANKNIFTY31JUL2548600PE.NFO,2025-07-21,14:57:00,2025-07-31,3.75,3.75,3.75,3.75,0,2870,0
BANKNIFTY31JUL2548600PE.NFO,2025-07-21,14:58:00,2025-07-31,3.75,3.75,3.75,3.75,0,2870,1
BANKNIFTY31JUL2548600PE.NFO,2025-07-21,14:59:00,2025-07-31,3.75,3.75,3.75,3.75,0,2870,0
BANKNIFTY31JUL2548600PE.NFO,2025-07-21,15:00:00,2025-07-31,3.75,3.75,3.75,3.75,0,2870,0
BANKNIFTY31JUL2548600PE.NFO,2025-07-21,15:01:00,2025-07-31,3.75,3.75,3.75,3.75,0,2870,0
BANKNIFTY31JUL2548600PE.NFO,2025-07-21,15:02:00,2025-07-31,3.75,3.75,3.75,3.75,0,2870,0
BANKNIFTY31JUL2548600PE.NFO,2025-07-21,15:03:00,2025-07-31,3.75,3.75,3.75,3.75,0,2870,0
BANKNIFTY31JUL2548600PE.NFO,2025-07-21,15:04:00,2025-07-31,3.75,3.75,3.75,3.75,0,2870,0
BANKNIFTY31JUL2548600PE.NFO,2025-07-21,15:05:00,2025-07-31,3.75,3.75,3.75,3.75,0,2870,0
BANKNIFTY31JUL2548600PE.NFO,2025-07-21,15:06:00,2025-07-31,3.75,3.75,3.75,3.75,0,2870,0
BANKNIFTY31JUL2548600PE.NFO,2025-07-21,15:07:00,2025-07-31,3.75,3.75,3.75,3.75,0,2870,0
BANKNIFTY31JUL2548600PE.NFO,2025-07-21,15:08:00,2025-07-31,3.75,3.75,3.75,3.75,0,2870,0
BANKNIFTY31JUL2548600PE.NFO,2025-07-21,15:09:00,2025-07-31,3.75,3.75,3.75,3.75,0,2870,0
BANKNIFTY31JUL2548600PE.NFO,2025-07-21,15:10:00,2025-07-31,3.75,3.75,3.75,3.75,0,2870,0
BANKNIFTY31JUL2548600PE.NFO,2025-07-21,15:11:00,2025-07-31,3.75,3.75,3.75,3.75,0,2870,0
BANKNIFTY31JUL2548600PE.NFO,2025-07-21,15:12:00,2025-07-31,3.9,3.9,3.9,3.9,0,2870,0
BANKNIFTY31JUL2548600PE.NFO,2025-07-21,15:13:00,2025-07-31,3.9,3.9,3.9,3.9,35,2870,0
BANKNIFTY31JUL2548600PE.NFO,2025-07-21,15:14:00,2025-07-31,3.9,4.2,3.9,4.2,35,2905,0
BANKNIFTY31JUL2548600PE.NFO,2025-07-21,15:15:00,2025-07-31,4.2,4.2,4.2,4.2,0,2905,0
BANKNIFTY31JUL2548600PE.NFO,2025-07-21,15:16:00,2025-07-31,4.2,4.2,4.2,4.2,0,2905,0
BANKNIFTY31JUL2548600PE.NFO,2025-07-21,15:17:00,2025-07-31,4.2,4.2,4.2,4.2,0,2905,0
BANKNIFTY31JUL2548600PE.NFO,2025-07-21,15:18:00,2025-07-31,4.2,4.2,4.2,4.2,0,2905,0
BANKNIFTY31JUL2548600PE.NFO,2025-07-21,15:19:00,2025-07-31,4.2,4.2,4.2,4.2,0,2905,1
BANKNIFTY31JUL2548600PE.NFO,2025-07-21,15:20:00,2025-07-31,4.2,4.2,3.9,3.9,35,2870,0
BANKNIFTY31JUL2548600PE.NFO,2025-07-21,15:21:00,2025-07-31,3.9,3.9,3.9,3.9,0,2870,0
BANKNIFTY31JUL2548600PE.NFO,2025-07-21,15:22:00,2025-07-31,3.9,3.9,3.9,3.9,105,2870,0
BANKNIFTY31JUL2548600PE.NFO,2025-07-21,15:23:00,2025-07-31,3.9,3.9,3.9,3.9,0,2870,0
BANKNIFTY31JUL2548600PE.NFO,2025-07-21,15:24:00,2025-07-31,3.9,3.9,3.85,3.85,35,3010,0
BANKNIFTY31JUL2548600PE.NFO,2025-07-21,15:25:00,2025-07-31,3.9,3.9,3.9,3.9,105,3010,0
BANKNIFTY31JUL2548600PE.NFO,2025-07-21,15:26:00,2025-07-31,3.9,3.9,3.9,3.9,0,3010,0
BANKNIFTY31JUL2548600PE.NFO,2025-07-21,15:27:00,2025-07-31,3.9,3.9,3.9,3.9,0,3010,0
BANKNIFTY31JUL2548600PE.NFO,2025-07-21,15:28:00,2025-07-31,3.9,3.9,3.9,3.9,0,3010,0
BANKNIFTY31JUL2548600PE.NFO,2025-07-21,15:29:00,2025-07-31,3.9,3.9,3.9,3.9,0,3010,0
BANKNIFTY31JUL2548600PE.NFO,2025-07-21,15:30:00,2025-07-31,3.9,3.9,3.9,3.9,0,3010,1
BANKNIFTY31JUL2548600PE.NFO,2025-07-22,09:15:00,2025-07-31,2.75,2.75,2.75,2.75,0,2905,1
BANKNIFTY31JUL2548600PE.NFO,2025-07-22,09:16:00,2025-07-31,2.75,2.75,2.75,2.75,0,2905,1
BANKNIFTY31JUL2548600PE.NFO,2025-07-22,09:17:00,2025-07-31,2.75,2.75,2.75,2.75,0,2905,1
BANKNIFTY31JUL2548600PE.NFO,2025-07-22,09:18:00,2025-07-31,2.75,2.75,2.75,2.75,0,2905,1
BANKNIFTY31JUL2548600PE.NFO,2025-07-22,09:19:00,2025-07-31,2.75,2.75,2.75,2.75,0,2905,1
BANKNIFTY31JUL2548600PE.NFO,2025-07-22,09:20:00,2025-07-31,2.75,2.75,2.75,2.75,0,2905,1
BANKNIFTY31JUL2548600PE.NFO,2025-07-22,09:21:00,2025-07-31,2.75,2.75,2.75,2.75,0,2905,1
BANKNIFTY31JUL2548600PE.NFO,2025-07-22,09:22:00,2025-07-31,2.75,2.75,2.75,2.75,0,2905,1
BANKNIFTY31JUL2548600PE.NFO,2025-07-22,09:23:00,2025-07-31,2.75,2.75,2.75,2.75,0,2905,1
BANKNIFTY31JUL2548600PE.NFO,2025-07-22,09:24:00,2025-07-31,2.75,2.75,2.75,2.75,0,2905,1
BANKNIFTY31JUL2548600PE.NFO,2025-07-22,09:25:00,2025-07-31,2.75,2.75,2.75,2.75,0,2905,1
BANKNIFTY31JUL2548600PE.NFO,2025-07-22,09:26:00,2025-07-31,2.75,2.75,2.75,2.75,0,2905,1
BANKNIFTY31JUL2548600PE.NFO,2025-07-22,09:27:00,2025-07-31,2.75,2.75,2.75,2.75,0,2905,1
BANKNIFTY31JUL2548600PE.NFO,2025-07-22,09:28:00,2025-07-31,2.75,2.75,2.75,2.75,0,2905,1
BANKNIFTY31JUL2548600PE.NFO,2025-07-22,09:29:00,2025-07-31,2.75,2.75,2.75,2.75,0,2905,1
BANKNIFTY31JUL2548600PE.NFO,2025-07-22,09:30:00,2025-07-31,2.75,2.75,2.75,2.75,0,2905,1
BANKNIFTY31JUL2548600PE.NFO,2025-07-22,09:31:00,2025-07-31,2.75,2.75,2.75,2.75,0,2905,0
BANKNIFTY31JUL2548600PE.NFO,2025-07-22,09:32:00,2025-07-31,2.75,2.75,2.75,2.75,0,2905,0
BANKNIFTY31JUL2548600PE.NFO,2025-07-22,09:33:00,2025-07-31,2.75,2.75,2.75,2.75,0,2905,0
BANKNIFTY31JUL2548600PE.NFO,2025-07-22,09:34:00,2025-07-31,2.75,2.75,2.75,2.75,0,2905,0
BANKNIFTY31JUL2548600PE.NFO,2025-07-22,09:35:00,2025-07-31,2.75,2.75,2.7,2.7,35,2800,0
BANKNIFTY31JUL2548600PE.NFO,2025-07-22,09:36:00,2025-07-31,2.7,2.7,2.7,2.7,0,2800,0
BANKNIFTY31JUL2548600PE.NFO,2025-07-22,09:37:00,2025-07-31,2.7,2.7,2.7,2.7,0,2800,0
BANKNIFTY31JUL2548600PE.NFO,2025-07-22,09:38:00,2025-07-31,2.7,2.7,2.7,2.7,0,2800,0
BANKNIFTY31JUL2548600PE.NFO,2025-07-22,09:39:00,2025-07-31,2.7,2.7,2.7,2.7,0,2800,1
BANKNIFTY31JUL2548600PE.NFO,2025-07-22,09:40:00,2025-07-31,2.7,2.7,2.7,2.7,0,2800,1
BANKNIFTY31JUL2548600PE.NFO,2025-07-22,09:41:00,2025-07-31,2.7,2.7,2.7,2.7,0,2800,1
BANKNIFTY31JUL2548600PE.NFO,2025-07-22,09:42:00,2025-07-31,2.7,2.7,2.7,2.7,0,2800,0
BANKNIFTY31JUL2548600PE.NFO,2025-07-22,09:43:00,2025-07-31,2.7,2.7,2.7,2.7,0,2800,1
BANKNIFTY31JUL2548600PE.NFO,2025-07-22,09:44:00,2025-07-31,2.7,2.7,2.7,2.7,0,2800,1
BANKNIFTY31JUL2548600PE.NFO,2025-07-22,09:45:00,2025-07-31,2.7,2.7,2.7,2.7,0,2800,1
BANKNIFTY31JUL2548600PE.NFO,2025-07-22,09:46:00,2025-07-31,2.7,2.7,2.7,2.7,0,2800,0
BANKNIFTY31JUL2548600PE.NFO,2025-07-22,09:47:00,2025-07-31,2.7,2.7,2.7,2.7,0,2800,1
BANKNIFTY31JUL2548600PE.NFO,2025-07-22,09:48:00,2025-07-31,2.7,2.7,2.7,2.7,0,2800,0
BANKNIFTY31JUL2548600PE.NFO,2025-07-22,09:49:00,2025-07-31,2.7,2.7,2.7,2.7,0,2800,1
BANKNIFTY31JUL2548600PE.NFO,2025-07-22,09:50:00,2025-07-31,2.7,2.7,2.7,2.7,0,2800,1
BANKNIFTY31JUL2548600PE.NFO,2025-07-22,09:51:00,2025-07-31,2.7,2.7,2.7,2.7,0,2800,1
BANKNIFTY31JUL2548600PE.NFO,2025-07-22,09:52:00,2025-07-31,2.7,2.7,2.7,2.7,0,2800,1
BANKNIFTY31JUL2548600PE.NFO,2025-07-22,09:53:00,2025-07-31,2.7,2.7,2.7,2.7,0,2800,1
BANKNIFTY31JUL2548600PE.NFO,2025-07-22,09:54:00,2025-07-31,2.7,2.7,2.7,2.7,0,2800,1
BANKNIFTY31JUL2548600PE.NFO,2025-07-22,09:55:00,2025-07-31,2.7,2.7,2.7,2.7,0,2800,1
BANKNIFTY31JUL2548600PE.NFO,2025-07-22,09:56:00,2025-07-31,2.7,2.7,2.7,2.7,0,2800,1
BANKNIFTY31JUL2548600PE.NFO,2025-07-22,09:57:00,2025-07-31,2.7,2.7,2.7,2.7,0,2800,1
BANKNIFTY31JUL2548600PE.NFO,2025-07-22,09:58:00,2025-07-31,2.7,2.7,2.7,2.7,0,2800,1
BANKNIFTY31JUL2548600PE.NFO,2025-07-22,09:59:00,2025-07-31,2.7,2.7,2.7,2.7,0,2800,1
BANKNIFTY31JUL2548600PE.NFO,2025-07-22,10:00:00,2025-07-31,2.7,2.7,2.7,2.7,0,2800,0
BANKNIFTY31JUL2548600PE.NFO,2025-07-22,10:01:00,2025-07-31,2.7,2.7,2.7,2.7,0,2800,0
BANKNIFTY31JUL2548600PE.NFO,2025-07-22,10:02:00,2025-07-31,2.7,2.7,2.7,2.7,0,2800,1
BANKNIFTY31JUL2548600PE.NFO,2025-07-22,10:03:00,2025-07-31,2.7,2.7,2.7,2.7,0,2800,0
BANKNIFTY31JUL2548600PE.NFO,2025-07-22,10:04:00,2025-07-31,2.7,2.7,2.7,2.7,0,2800,1
BANKNIFTY31JUL2548600PE.NFO,2025-07-22,10:05:00,2025-07-31,2.7,2.7,2.7,2.7,0,2800,0
BANKNIFTY31JUL2548600PE.NFO,2025-07-22,10:06:00,2025-07-31,2.7,2.7,2.7,2.7,0,2800,0
BANKNIFTY31JUL2548600PE.NFO,2025-07-22,10:07:00,2025-07-31,2.7,2.7,2.7,2.7,0,2800,0
BANKNIFTY31JUL2548600PE.NFO,2025-07-22,10:08:00,2025-07-31,2.7,2.7,2.7,2.7,0,2800,1
BANKNIFTY31JUL2548600PE.NFO,2025-07-22,10:09:00,2025-07-31,2.7,2.7,2.7,2.7,0,2800,0
BANKNIFTY31JUL2548600PE.NFO,2025-07-22,10:10:00,2025-07-31,2.7,2.7,2.7,2.7,0,2800,1
BANKNIFTY31JUL2548600PE.NFO,2025-07-22,10:11:00,2025-07-31,2.7,2.7,2.7,2.7,0,2800,1
BANKNIFTY31JUL2548600PE.NFO,2025-07-22,10:12:00,2025-07-31,2.7,2.7,2.7,2.7,0,2800,1
BANKNIFTY31JUL2548600PE.NFO,2025-07-22,10:13:00,2025-07-31,2.7,2.7,2.7,2.7,0,2800,0
BANKNIFTY31JUL2548600PE.NFO,2025-07-22,10:14:00,2025-07-31,2.7,2.7,2.7,2.7,0,2800,1
BANKNIFTY31JUL2548600PE.NFO,2025-07-22,10:15:00,2025-07-31,2.7,2.7,2.7,2.7,0,2800,1
BANKNIFTY31JUL2548600PE.NFO,2025-07-22,10:16:00,2025-07-31,2.7,2.7,2.7,2.7,0,2800,0
BANKNIFTY31JUL2548600PE.NFO,2025-07-22,10:17:00,2025-07-31,2.7,2.7,2.7,2.7,0,2800,1
BANKNIFTY31JUL2548600PE.NFO,2025-07-22,10:18:00,2025-07-31,2.7,2.7,2.7,2.7,0,2800,0
BANKNIFTY31JUL2548600PE.NFO,2025-07-22,10:19:00,2025-07-31,2.7,2.7,2.7,2.7,0,2800,1
BANKNIFTY31JUL2548600PE.NFO,2025-07-22,10:20:00,2025-07-31,2.7,2.7,2.7,2.7,0,2800,0
BANKNIFTY31JUL2548600PE.NFO,2025-07-22,10:21:00,2025-07-31,2.7,2.7,2.7,2.7,0,2800,1
BANKNIFTY31JUL2548600PE.NFO,2025-07-22,10:22:00,2025-07-31,2.7,2.7,2.7,2.7,0,2800,1
BANKNIFTY31JUL2548600PE.NFO,2025-07-22,10:23:00,2025-07-31,2.7,2.7,2.7,2.7,0,2800,0
BANKNIFTY31JUL2548600PE.NFO,2025-07-22,10:24:00,2025-07-31,2.7,2.7,2.7,2.7,0,2800,1
BANKNIFTY31JUL2548600PE.NFO,2025-07-22,10:25:00,2025-07-31,2.7,2.7,2.7,2.7,0,2800,1
BANKNIFTY31JUL2548600PE.NFO,2025-07-22,10:26:00,2025-07-31,2.7,2.7,2.7,2.7,0,2800,0
BANKNIFTY31JUL2548600PE.NFO,2025-07-22,10:27:00,2025-07-31,2.7,2.7,2.7,2.7,0,2800,1
BANKNIFTY31JUL2548600PE.NFO,2025-07-22,10:28:00,2025-07-31,2.7,2.7,2.7,2.7,0,2800,1
BANKNIFTY31JUL2548600PE.NFO,2025-07-22,10:29:00,2025-07-31,2.7,2.7,2.7,2.7,0,2800,1
BANKNIFTY31JUL2548600PE.NFO,2025-07-22,10:30:00,2025-07-31,2.7,2.7,2.7,2.7,0,2800,0
BANKNIFTY31JUL2548600PE.NFO,2025-07-22,10:31:00,2025-07-31,2.7,2.7,2.7,2.7,0,2800,1
BANKNIFTY31JUL2548600PE.NFO,2025-07-22,10:32:00,2025-07-31,2.7,2.7,2.7,2.7,0,2800,1
BANKNIFTY31JUL2548600PE.NFO,2025-07-22,10:33:00,2025-07-31,2.7,2.7,2.7,2.7,0,2800,0
BANKNIFTY31JUL2548600PE.NFO,2025-07-22,10:34:00,2025-07-31,2.7,2.7,2.7,2.7,0,2800,1
BANKNIFTY31JUL2548600PE.NFO,2025-07-22,10:35:00,2025-07-31,2.7,2.7,2.7,2.7,0,2800,0
BANKNIFTY31JUL2548600PE.NFO,2025-07-22,10:36:00,2025-07-31,2.7,2.7,2.7,2.7,0,2800,1
BANKNIFTY31JUL2548600PE.NFO,2025-07-22,10:37:00,2025-07-31,2.7,2.7,2.7,2.7,0,2800,0
BANKNIFTY31JUL2548600PE.NFO,2025-07-22,10:38:00,2025-07-31,2.7,2.7,2.7,2.7,0,2800,1
BANKNIFTY31JUL2548600PE.NFO,2025-07-22,10:39:00,2025-07-31,2.7,2.7,2.7,2.7,0,2800,1
BANKNIFTY31JUL2548600PE.NFO,2025-07-22,10:40:00,2025-07-31,2.7,2.7,2.7,2.7,0,2800,0
BANKNIFTY31JUL2548600PE.NFO,2025-07-22,10:41:00,2025-07-31,2.7,2.7,2.7,2.7,0,2800,0
BANKNIFTY31JUL2548600PE.NFO,2025-07-22,10:42:00,2025-07-31,2.7,2.7,2.7,2.7,0,2800,1
BANKNIFTY31JUL2548600PE.NFO,2025-07-22,10:43:00,2025-07-31,2.7,2.7,2.7,2.7,0,2800,1
BANKNIFTY31JUL2548600PE.NFO,2025-07-22,10:44:00,2025-07-31,2.7,2.7,2.7,2.7,0,2800,1
BANKNIFTY31JUL2548600PE.NFO,2025-07-22,10:45:00,2025-07-31,2.7,2.7,2.7,2.7,0,2800,1
BANKNIFTY31JUL2548600PE.NFO,2025-07-22,10:46:00,2025-07-31,2.7,2.7,2.7,2.7,0,2800,1
BANKNIFTY31JUL2548600PE.NFO,2025-07-22,10:47:00,2025-07-31,2.7,2.7,2.7,2.7,0,2800,1
BANKNIFTY31JUL2548600PE.NFO,2025-07-22,10:48:00,2025-07-31,2.7,2.7,2.7,2.7,0,2800,1
BANKNIFTY31JUL2548600PE.NFO,2025-07-22,10:49:00,2025-07-31,3.0,3.0,3.0,3.0,35,2835,0
BANKNIFTY31JUL2548600PE.NFO,2025-07-22,10:50:00,2025-07-31,3.0,3.1,3.0,3.1,105,2835,0
BANKNIFTY31JUL2548600PE.NFO,2025-07-22,10:51:00,2025-07-31,3.1,3.1,3.1,3.1,140,2835,0
BANKNIFTY31JUL2548600PE.NFO,2025-07-22,10:52:00,2025-07-31,3.1,3.1,3.1,3.1,140,2835,1
BANKNIFTY31JUL2548600PE.NFO,2025-07-22,10:53:00,2025-07-31,3.1,3.1,3.1,3.1,140,2835,1
BANKNIFTY31JUL2548600PE.NFO,2025-07-22,10:54:00,2025-07-31,3.1,3.1,3.1,3.1,140,2835,1
BANKNIFTY31JUL2548600PE.NFO,2025-07-22,10:55:00,2025-07-31,3.1,3.1,3.1,3.1,140,2835,1
BANKNIFTY31JUL2548600PE.NFO,2025-07-22,10:56:00,2025-07-31,3.1,3.1,3.1,3.1,140,2835,1
BANKNIFTY31JUL2548600PE.NFO,2025-07-22,10:57:00,2025-07-31,3.1,3.1,3.1,3.1,140,2835,1
BANKNIFTY31JUL2548600PE.NFO,2025-07-22,10:58:00,2025-07-31,3.1,3.1,3.1,3.1,140,2835,1
BANKNIFTY31JUL2548600PE.NFO,2025-07-22,10:59:00,2025-07-31,3.1,3.1,3.1,3.1,0,2835,0
BANKNIFTY31JUL2548600PE.NFO,2025-07-22,11:00:00,2025-07-31,3.1,3.1,3.1,3.1,0,2835,1
BANKNIFTY31JUL2548600PE.NFO,2025-07-22,11:01:00,2025-07-31,3.1,3.1,3.1,3.1,0,2835,1
BANKNIFTY31JUL2548600PE.NFO,2025-07-22,11:02:00,2025-07-31,3.1,3.1,3.1,3.1,0,2835,1
BANKNIFTY31JUL2548600PE.NFO,2025-07-22,11:03:00,2025-07-31,3.1,3.1,3.1,3.1,0,2835,1
BANKNIFTY31JUL2548600PE.NFO,2025-07-22,11:04:00,2025-07-31,3.1,3.1,3.1,3.1,0,2835,1
BANKNIFTY31JUL2548600PE.NFO,2025-07-22,11:05:00,2025-07-31,3.1,3.1,3.1,3.1,0,2835,1
BANKNIFTY31JUL2548600PE.NFO,2025-07-22,11:06:00,2025-07-31,3.1,3.1,2.7,2.7,0,2835,0
BANKNIFTY31JUL2548600PE.NFO,2025-07-22,11:07:00,2025-07-31,2.7,2.7,2.7,2.7,35,2835,0
BANKNIFTY31JUL2548600PE.NFO,2025-07-22,11:08:00,2025-07-31,2.7,2.7,2.7,2.7,0,2835,0
BANKNIFTY31JUL2548600PE.NFO,2025-07-22,11:09:00,2025-07-31,2.7,2.7,2.7,2.7,0,2835,0
BANKNIFTY31JUL2548600PE.NFO,2025-07-22,11:10:00,2025-07-31,2.7,2.7,2.7,2.7,0,2835,1
BANKNIFTY31JUL2548600PE.NFO,2025-07-22,11:11:00,2025-07-31,2.7,2.7,2.7,2.7,0,2835,1
BANKNIFTY31JUL2548600PE.NFO,2025-07-22,11:12:00,2025-07-31,2.7,2.7,2.7,2.7,0,2835,1
BANKNIFTY31JUL2548600PE.NFO,2025-07-22,11:13:00,2025-07-31,2.7,2.7,2.7,2.7,0,2835,0
BANKNIFTY31JUL2548600PE.NFO,2025-07-22,11:14:00,2025-07-31,2.7,2.7,2.7,2.7,0,2835,1
BANKNIFTY31JUL2548600PE.NFO,2025-07-22,11:15:00,2025-07-31,2.7,2.7,2.7,2.7,0,2835,0
BANKNIFTY31JUL2548600PE.NFO,2025-07-22,11:16:00,2025-07-31,2.7,2.7,2.7,2.7,0,2835,1
BANKNIFTY31JUL2548600PE.NFO,2025-07-22,11:17:00,2025-07-31,2.7,2.7,2.7,2.7,0,2835,1
BANKNIFTY31JUL2548600PE.NFO,2025-07-22,11:18:00,2025-07-31,2.7,2.7,2.7,2.7,0,2835,1
BANKNIFTY31JUL2548600PE.NFO,2025-07-22,11:19:00,2025-07-31,2.7,2.7,2.7,2.7,0,2835,0
BANKNIFTY31JUL2548600PE.NFO,2025-07-22,11:20:00,2025-07-31,2.7,2.7,2.7,2.7,0,2835,1
BANKNIFTY31JUL2548600PE.NFO,2025-07-22,11:21:00,2025-07-31,2.7,2.7,2.7,2.7,0,2835,0
BANKNIFTY31JUL2548600PE.NFO,2025-07-22,11:22:00,2025-07-31,2.7,3.0,2.7,3.0,35,2870,0
BANKNIFTY31JUL2548600PE.NFO,2025-07-22,11:23:00,2025-07-31,3.0,3.0,3.0,3.0,0,2870,0
BANKNIFTY31JUL2548600PE.NFO,2025-07-22,11:24:00,2025-07-31,3.0,3.0,3.0,3.0,0,2870,0
BANKNIFTY31JUL2548600PE.NFO,2025-07-22,11:25:00,2025-07-31,3.0,3.0,3.0,3.0,0,2870,0
BANKNIFTY31JUL2548600PE.NFO,2025-07-22,11:26:00,2025-07-31,3.0,3.0,3.0,3.0,0,2870,1
BANKNIFTY31JUL2548600PE.NFO,2025-07-22,11:27:00,2025-07-31,3.0,3.0,3.0,3.0,0,2870,0
BANKNIFTY31JUL2548600PE.NFO,2025-07-22,11:28:00,2025-07-31,3.0,3.0,3.0,3.0,0,2870,1
BANKNIFTY31JUL2548600PE.NFO,2025-07-22,11:29:00,2025-07-31,3.0,3.0,3.0,3.0,0,2870,1
BANKNIFTY31JUL2548600PE.NFO,2025-07-22,11:30:00,2025-07-31,3.0,3.0,3.0,3.0,0,2870,1
BANKNIFTY31JUL2548600PE.NFO,2025-07-22,11:31:00,2025-07-31,3.0,3.0,3.0,3.0,0,2870,1
BANKNIFTY31JUL2548600PE.NFO,2025-07-22,11:32:00,2025-07-31,3.8,3.8,3.0,3.0,175,2835,0
BANKNIFTY31JUL2548600PE.NFO,2025-07-22,11:33:00,2025-07-31,3.0,3.0,3.0,3.0,0,2835,0
BANKNIFTY31JUL2548600PE.NFO,2025-07-22,11:34:00,2025-07-31,3.0,3.0,3.0,3.0,0,2835,0
BANKNIFTY31JUL2548600PE.NFO,2025-07-22,11:35:00,2025-07-31,3.0,3.0,3.0,3.0,0,2835,0
BANKNIFTY31JUL2548600PE.NFO,2025-07-22,11:36:00,2025-07-31,3.0,3.0,3.0,3.0,0,2835,0
BANKNIFTY31JUL2548600PE.NFO,2025-07-22,11:37:00,2025-07-31,3.0,3.0,3.0,3.0,0,2835,1
BANKNIFTY31JUL2548600PE.NFO,2025-07-22,11:38:00,2025-07-31,3.0,3.0,3.0,3.0,0,2835,1
BANKNIFTY31JUL2548600PE.NFO,2025-07-22,11:39:00,2025-07-31,3.0,3.0,3.0,3.0,0,2835,1
BANKNIFTY31JUL2548600PE.NFO,2025-07-22,11:40:00,2025-07-31,3.0,3.0,3.0,3.0,0,2835,1
BANKNIFTY31JUL2548600PE.NFO,2025-07-22,11:41:00,2025-07-31,3.0,3.0,3.0,3.0,0,2835,0
BANKNIFTY31JUL2548600PE.NFO,2025-07-22,11:42:00,2025-07-31,3.0,3.0,3.0,3.0,0,2835,1
BANKNIFTY31JUL2548600PE.NFO,2025-07-22,11:43:00,2025-07-31,3.0,3.0,3.0,3.0,0,2835,1
BANKNIFTY31JUL2548600PE.NFO,2025-07-22,11:44:00,2025-07-31,3.0,3.0,3.0,3.0,0,2835,1
BANKNIFTY31JUL2548600PE.NFO,2025-07-22,11:45:00,2025-07-31,3.0,3.0,3.0,3.0,0,2835,1
BANKNIFTY31JUL2548600PE.NFO,2025-07-22,11:46:00,2025-07-31,3.0,3.0,3.0,3.0,0,2835,1
BANKNIFTY31JUL2548600PE.NFO,2025-07-22,11:47:00,2025-07-31,3.0,3.0,3.0,3.0,0,2835,1
BANKNIFTY31JUL2548600PE.NFO,2025-07-22,11:48:00,2025-07-31,3.0,3.0,3.0,3.0,0,2835,0
BANKNIFTY31JUL2548600PE.NFO,2025-07-22,11:49:00,2025-07-31,3.0,3.0,3.0,3.0,0,2835,1
BANKNIFTY31JUL2548600PE.NFO,2025-07-22,11:50:00,2025-07-31,3.0,3.0,3.0,3.0,0,2835,1
BANKNIFTY31JUL2548600PE.NFO,2025-07-22,11:51:00,2025-07-31,3.0,3.0,3.0,3.0,0,2835,0
BANKNIFTY31JUL2548600PE.NFO,2025-07-22,11:52:00,2025-07-31,3.0,3.0,3.0,3.0,0,2835,0
BANKNIFTY31JUL2548600PE.NFO,2025-07-22,11:53:00,2025-07-31,3.0,3.0,3.0,3.0,0,2835,0
BANKNIFTY31JUL2548600PE.NFO,2025-07-22,11:54:00,2025-07-31,3.0,3.0,3.0,3.0,0,2835,1
BANKNIFTY31JUL2548600PE.NFO,2025-07-22,11:55:00,2025-07-31,3.0,3.0,3.0,3.0,0,2835,0
BANKNIFTY31JUL2548600PE.NFO,2025-07-22,11:56:00,2025-07-31,3.0,3.0,3.0,3.0,0,2835,1
BANKNIFTY31JUL2548600PE.NFO,2025-07-22,11:57:00,2025-07-31,3.0,3.0,3.0,3.0,0,2835,0
BANKNIFTY31JUL2548600PE.NFO,2025-07-22,11:58:00,2025-07-31,3.0,3.0,3.0,3.0,0,2835,1
BANKNIFTY31JUL2548600PE.NFO,2025-07-22,11:59:00,2025-07-31,3.0,3.0,3.0,3.0,0,2835,1
BANKNIFTY31JUL2548600PE.NFO,2025-07-22,12:00:00,2025-07-31,3.0,3.0,3.0,3.0,0,2835,1
BANKNIFTY31JUL2548600PE.NFO,2025-07-22,12:01:00,2025-07-31,3.0,3.0,3.0,3.0,0,2835,1
BANKNIFTY31JUL2548600PE.NFO,2025-07-22,12:02:00,2025-07-31,3.0,3.0,3.0,3.0,0,2835,1
BANKNIFTY31JUL2548600PE.NFO,2025-07-22,12:03:00,2025-07-31,3.0,3.05,3.0,3.05,35,2800,0
BANKNIFTY31JUL2548600PE.NFO,2025-07-22,12:04:00,2025-07-31,3.05,3.05,3.05,3.05,0,2800,0
BANKNIFTY31JUL2548600PE.NFO,2025-07-22,12:05:00,2025-07-31,3.05,3.05,3.05,3.05,0,2800,0
BANKNIFTY31JUL2548600PE.NFO,2025-07-22,12:06:00,2025-07-31,3.05,3.05,3.05,3.05,0,2800,1
BANKNIFTY31JUL2548600PE.NFO,2025-07-22,12:07:00,2025-07-31,3.05,3.05,3.05,3.05,0,2800,0
BANKNIFTY31JUL2548600PE.NFO,2025-07-22,12:08:00,2025-07-31,3.05,3.05,3.05,3.05,0,2800,0
BANKNIFTY31JUL2548600PE.NFO,2025-07-22,12:09:00,2025-07-31,3.05,3.05,3.05,3.05,0,2800,1
BANKNIFTY31JUL2548600PE.NFO,2025-07-22,12:10:00,2025-07-31,3.05,3.05,3.05,3.05,0,2800,0
BANKNIFTY31JUL2548600PE.NFO,2025-07-22,12:11:00,2025-07-31,3.05,3.05,3.05,3.05,0,2800,0
BANKNIFTY31JUL2548600PE.NFO,2025-07-22,12:12:00,2025-07-31,3.05,3.05,3.05,3.05,0,2800,0
BANKNIFTY31JUL2548600PE.NFO,2025-07-22,12:13:00,2025-07-31,3.05,3.05,3.05,3.05,0,2800,1
BANKNIFTY31JUL2548600PE.NFO,2025-07-22,12:14:00,2025-07-31,3.05,3.05,3.05,3.05,0,2800,1
BANKNIFTY31JUL2548600PE.NFO,2025-07-22,12:15:00,2025-07-31,3.05,3.05,3.05,3.05,0,2800,1
BANKNIFTY31JUL2548600PE.NFO,2025-07-22,12:16:00,2025-07-31,3.05,3.05,3.05,3.05,0,2800,1
BANKNIFTY31JUL2548600PE.NFO,2025-07-22,12:17:00,2025-07-31,3.05,3.05,3.05,3.05,0,2800,1
BANKNIFTY31JUL2548600PE.NFO,2025-07-22,12:18:00,2025-07-31,3.05,3.05,3.05,3.05,0,2800,0
BANKNIFTY31JUL2548600PE.NFO,2025-07-22,12:19:00,2025-07-31,3.05,3.05,3.05,3.05,0,2800,0
BANKNIFTY31JUL2548600PE.NFO,2025-07-22,12:20:00,2025-07-31,3.05,3.05,3.05,3.05,0,2800,1
BANKNIFTY31JUL2548600PE.NFO,2025-07-22,12:21:00,2025-07-31,3.05,3.05,3.05,3.05,0,2800,1
BANKNIFTY31JUL2548600PE.NFO,2025-07-22,12:22:00,2025-07-31,3.05,3.05,3.05,3.05,0,2800,1
BANKNIFTY31JUL2548600PE.NFO,2025-07-22,12:23:00,2025-07-31,3.05,3.05,3.05,3.05,0,2800,0
BANKNIFTY31JUL2548600PE.NFO,2025-07-22,12:24:00,2025-07-31,3.05,3.05,3.05,3.05,0,2800,1
BANKNIFTY31JUL2548600PE.NFO,2025-07-22,12:25:00,2025-07-31,3.05,3.05,3.05,3.05,0,2800,1
BANKNIFTY31JUL2548600PE.NFO,2025-07-22,12:26:00,2025-07-31,3.05,3.05,3.05,3.05,0,2800,1
BANKNIFTY31JUL2548600PE.NFO,2025-07-22,12:27:00,2025-07-31,3.05,3.05,3.05,3.05,0,2800,0
BANKNIFTY31JUL2548600PE.NFO,2025-07-22,12:28:00,2025-07-31,3.05,3.05,3.05,3.05,0,2800,0
BANKNIFTY31JUL2548600PE.NFO,2025-07-22,12:29:00,2025-07-31,3.05,3.05,3.05,3.05,0,2800,1
BANKNIFTY31JUL2548600PE.NFO,2025-07-22,12:30:00,2025-07-31,3.05,3.05,3.05,3.05,0,2800,1
BANKNIFTY31JUL2548600PE.NFO,2025-07-22,12:31:00,2025-07-31,3.35,3.35,3.35,3.35,35,2800,0
BANKNIFTY31JUL2548600PE.NFO,2025-07-22,12:32:00,2025-07-31,3.35,3.35,3.35,3.35,0,2800,0
BANKNIFTY31JUL2548600PE.NFO,2025-07-22,12:33:00,2025-07-31,3.35,3.35,3.35,3.35,0,2800,0
BANKNIFTY31JUL2548600PE.NFO,2025-07-22,12:34:00,2025-07-31,3.35,3.35,3.35,3.35,0,2800,1
BANKNIFTY31JUL2548600PE.NFO,2025-07-22,12:35:00,2025-07-31,3.35,3.35,3.35,3.35,0,2800,1
BANKNIFTY31JUL2548600PE.NFO,2025-07-22,12:36:00,2025-07-31,3.35,3.35,3.35,3.35,0,2800,1
BANKNIFTY31JUL2548600PE.NFO,2025-07-22,12:37:00,2025-07-31,3.35,3.35,3.35,3.35,0,2800,0
BANKNIFTY31JUL2548600PE.NFO,2025-07-22,12:38:00,2025-07-31,3.35,3.35,3.35,3.35,0,2800,0
BANKNIFTY31JUL2548600PE.NFO,2025-07-22,12:39:00,2025-07-31,3.35,3.35,3.35,3.35,0,2800,0
BANKNIFTY31JUL2548600PE.NFO,2025-07-22,12:40:00,2025-07-31,3.35,3.35,3.35,3.35,0,2800,1
BANKNIFTY31JUL2548600PE.NFO,2025-07-22,12:41:00,2025-07-31,3.35,3.35,3.35,3.35,0,2800,1
BANKNIFTY31JUL2548600PE.NFO,2025-07-22,12:42:00,2025-07-31,3.35,3.35,3.35,3.35,0,2800,1
BANKNIFTY31JUL2548600PE.NFO,2025-07-22,12:43:00,2025-07-31,3.35,3.35,3.35,3.35,0,2800,1
BANKNIFTY31JUL2548600PE.NFO,2025-07-22,12:44:00,2025-07-31,3.35,3.35,3.35,3.35,0,2800,1
BANKNIFTY31JUL2548600PE.NFO,2025-07-22,12:45:00,2025-07-31,3.35,3.35,3.35,3.35,0,2800,1
BANKNIFTY31JUL2548600PE.NFO,2025-07-22,12:46:00,2025-07-31,3.35,3.35,3.35,3.35,0,2800,1
BANKNIFTY31JUL2548600PE.NFO,2025-07-22,12:47:00,2025-07-31,3.35,3.35,3.35,3.35,0,2800,0
BANKNIFTY31JUL2548600PE.NFO,2025-07-22,12:48:00,2025-07-31,3.35,3.35,3.35,3.35,0,2800,1
BANKNIFTY31JUL2548600PE.NFO,2025-07-22,12:49:00,2025-07-31,3.35,3.35,3.35,3.35,0,2800,1
BANKNIFTY31JUL2548600PE.NFO,2025-07-22,12:50:00,2025-07-31,3.35,3.35,3.35,3.35,0,2800,1
BANKNIFTY31JUL2548600PE.NFO,2025-07-22,12:51:00,2025-07-31,3.35,3.35,3.35,3.35,0,2800,0
BANKNIFTY31JUL2548600PE.NFO,2025-07-22,12:52:00,2025-07-31,3.35,3.35,3.35,3.35,0,2800,0
BANKNIFTY31JUL2548600PE.NFO,2025-07-22,12:53:00,2025-07-31,3.35,3.35,3.35,3.35,0,2800,1
BANKNIFTY31JUL2548600PE.NFO,2025-07-22,12:54:00,2025-07-31,3.35,3.35,3.35,3.35,0,2800,1
BANKNIFTY31JUL2548600PE.NFO,2025-07-22,12:55:00,2025-07-31,3.35,3.35,3.35,3.35,0,2800,0
BANKNIFTY31JUL2548600PE.NFO,2025-07-22,12:56:00,2025-07-31,3.35,3.35,3.35,3.35,0,2800,1
BANKNIFTY31JUL2548600PE.NFO,2025-07-22,12:57:00,2025-07-31,3.35,3.35,3.35,3.35,0,2800,1
BANKNIFTY31JUL2548600PE.NFO,2025-07-22,12:58:00,2025-07-31,3.35,3.35,3.35,3.35,0,2800,1
BANKNIFTY31JUL2548600PE.NFO,2025-07-22,12:59:00,2025-07-31,3.0,3.0,3.0,3.0,35,2800,0
BANKNIFTY31JUL2548600PE.NFO,2025-07-22,13:00:00,2025-07-31,3.0,3.0,3.0,3.0,0,2800,0
BANKNIFTY31JUL2548600PE.NFO,2025-07-22,13:01:00,2025-07-31,3.0,3.0,3.0,3.0,0,2800,0
BANKNIFTY31JUL2548600PE.NFO,2025-07-22,13:02:00,2025-07-31,3.0,3.0,3.0,3.0,0,2800,1
BANKNIFTY31JUL2548600PE.NFO,2025-07-22,13:03:00,2025-07-31,3.0,3.0,3.0,3.0,0,2800,1
BANKNIFTY31JUL2548600PE.NFO,2025-07-22,13:04:00,2025-07-31,3.0,3.0,3.0,3.0,0,2800,1
BANKNIFTY31JUL2548600PE.NFO,2025-07-22,13:05:00,2025-07-31,3.0,3.0,3.0,3.0,0,2800,0
BANKNIFTY31JUL2548600PE.NFO,2025-07-22,13:06:00,2025-07-31,3.0,3.0,3.0,3.0,0,2800,1
BANKNIFTY31JUL2548600PE.NFO,2025-07-22,13:07:00,2025-07-31,3.0,3.0,3.0,3.0,0,2800,1
BANKNIFTY31JUL2548600PE.NFO,2025-07-22,13:08:00,2025-07-31,3.0,3.0,3.0,3.0,0,2800,0
BANKNIFTY31JUL2548600PE.NFO,2025-07-22,13:09:00,2025-07-31,3.0,3.85,3.0,3.85,35,2800,0
BANKNIFTY31JUL2548600PE.NFO,2025-07-22,13:10:00,2025-07-31,3.85,3.85,3.3,3.3,35,2800,0
BANKNIFTY31JUL2548600PE.NFO,2025-07-22,13:11:00,2025-07-31,3.3,3.3,3.3,3.3,35,2800,1
BANKNIFTY31JUL2548600PE.NFO,2025-07-22,13:12:00,2025-07-31,3.3,3.3,3.3,3.3,35,2800,1
BANKNIFTY31JUL2548600PE.NFO,2025-07-22,13:13:00,2025-07-31,3.3,3.3,3.3,3.3,35,2800,1
BANKNIFTY31JUL2548600PE.NFO,2025-07-22,13:14:00,2025-07-31,3.3,3.3,3.3,3.3,35,2800,1
BANKNIFTY31JUL2548600PE.NFO,2025-07-22,13:15:00,2025-07-31,3.3,3.3,3.3,3.3,0,2800,0
BANKNIFTY31JUL2548600PE.NFO,2025-07-22,13:16:00,2025-07-31,3.3,3.3,3.3,3.3,0,2800,1
BANKNIFTY31JUL2548600PE.NFO,2025-07-22,13:17:00,2025-07-31,3.3,3.3,2.9,2.9,35,2835,0
BANKNIFTY31JUL2548600PE.NFO,2025-07-22,13:18:00,2025-07-31,3.05,3.7,3.05,3.7,70,2835,0
BANKNIFTY31JUL2548600PE.NFO,2025-07-22,13:19:00,2025-07-31,3.7,3.7,3.7,3.7,0,2835,0
BANKNIFTY31JUL2548600PE.NFO,2025-07-22,13:20:00,2025-07-31,3.7,3.7,3.3,3.3,35,2800,0
BANKNIFTY31JUL2548600PE.NFO,2025-07-22,13:21:00,2025-07-31,3.3,3.3,3.3,3.3,0,2800,0
BANKNIFTY31JUL2548600PE.NFO,2025-07-22,13:22:00,2025-07-31,3.3,3.3,3.3,3.3,0,2800,0
BANKNIFTY31JUL2548600PE.NFO,2025-07-22,13:23:00,2025-07-31,3.3,3.3,3.3,3.3,0,2800,1
BANKNIFTY31JUL2548600PE.NFO,2025-07-22,13:24:00,2025-07-31,3.3,3.3,3.3,3.3,0,2800,1
BANKNIFTY31JUL2548600PE.NFO,2025-07-22,13:25:00,2025-07-31,3.3,3.3,3.3,3.3,0,2800,1
BANKNIFTY31JUL2548600PE.NFO,2025-07-22,13:26:00,2025-07-31,3.3,3.3,3.3,3.3,0,2800,0
BANKNIFTY31JUL2548600PE.NFO,2025-07-22,13:27:00,2025-07-31,3.3,3.3,3.3,3.3,0,2800,1
BANKNIFTY31JUL2548600PE.NFO,2025-07-22,13:28:00,2025-07-31,3.3,3.3,3.3,3.3,0,2800,1
BANKNIFTY31JUL2548600PE.NFO,2025-07-22,13:29:00,2025-07-31,3.3,3.3,3.3,3.3,0,2800,1
BANKNIFTY31JUL2548600PE.NFO,2025-07-22,13:30:00,2025-07-31,3.25,3.25,3.25,3.25,35,2800,0
BANKNIFTY31JUL2548600PE.NFO,2025-07-22,13:31:00,2025-07-31,3.25,3.25,3.25,3.25,35,2800,1
BANKNIFTY31JUL2548600PE.NFO,2025-07-22,13:32:00,2025-07-31,3.25,3.25,3.25,3.25,35,2800,1
BANKNIFTY31JUL2548600PE.NFO,2025-07-22,13:33:00,2025-07-31,3.25,3.25,3.25,3.25,35,2800,1
BANKNIFTY31JUL2548600PE.NFO,2025-07-22,13:34:00,2025-07-31,3.25,3.25,3.25,3.25,35,2800,1
BANKNIFTY31JUL2548600PE.NFO,2025-07-22,13:35:00,2025-07-31,3.25,3.25,3.25,3.25,35,2800,1
BANKNIFTY31JUL2548600PE.NFO,2025-07-22,13:36:00,2025-07-31,3.25,3.25,3.25,3.25,0,2800,0
BANKNIFTY31JUL2548600PE.NFO,2025-07-22,13:37:00,2025-07-31,3.25,3.25,3.25,3.25,0,2800,0
BANKNIFTY31JUL2548600PE.NFO,2025-07-22,13:38:00,2025-07-31,3.25,3.25,3.25,3.25,0,2800,0
BANKNIFTY31JUL2548600PE.NFO,2025-07-22,13:39:00,2025-07-31,3.25,3.25,3.25,3.25,0,2800,1
BANKNIFTY31JUL2548600PE.NFO,2025-07-22,13:40:00,2025-07-31,3.25,3.25,3.25,3.25,0,2800,0
BANKNIFTY31JUL2548600PE.NFO,2025-07-22,13:41:00,2025-07-31,3.25,3.25,3.25,3.25,0,2800,0
BANKNIFTY31JUL2548600PE.NFO,2025-07-22,13:42:00,2025-07-31,3.25,3.25,3.25,3.25,0,2800,1
BANKNIFTY31JUL2548600PE.NFO,2025-07-22,13:43:00,2025-07-31,3.25,3.25,3.25,3.25,0,2800,1
BANKNIFTY31JUL2548600PE.NFO,2025-07-22,13:44:00,2025-07-31,3.25,3.25,3.25,3.25,0,2800,1
BANKNIFTY31JUL2548600PE.NFO,2025-07-22,13:45:00,2025-07-31,3.25,3.25,3.25,3.25,0,2800,0
BANKNIFTY31JUL2548600PE.NFO,2025-07-22,13:46:00,2025-07-31,3.25,3.25,3.25,3.25,0,2800,0
BANKNIFTY31JUL2548600PE.NFO,2025-07-22,13:47:00,2025-07-31,3.25,3.25,3.25,3.25,0,2800,1
BANKNIFTY31JUL2548600PE.NFO,2025-07-22,13:48:00,2025-07-31,3.25,3.25,3.25,3.25,0,2800,0
BANKNIFTY31JUL2548600PE.NFO,2025-07-22,13:49:00,2025-07-31,3.25,3.25,3.25,3.25,0,2800,1
BANKNIFTY31JUL2548600PE.NFO,2025-07-22,13:50:00,2025-07-31,3.25,3.25,3.25,3.25,0,2800,1
BANKNIFTY31JUL2548600PE.NFO,2025-07-22,13:51:00,2025-07-31,3.25,3.25,3.25,3.25,0,2800,1
BANKNIFTY31JUL2548600PE.NFO,2025-07-22,13:52:00,2025-07-31,3.25,3.25,3.25,3.25,0,2800,1
BANKNIFTY31JUL2548600PE.NFO,2025-07-22,13:53:00,2025-07-31,3.25,3.25,3.25,3.25,0,2800,1
BANKNIFTY31JUL2548600PE.NFO,2025-07-22,13:54:00,2025-07-31,3.25,3.25,3.25,3.25,0,2800,1
BANKNIFTY31JUL2548600PE.NFO,2025-07-22,13:55:00,2025-07-31,3.25,3.25,3.25,3.25,0,2800,1
BANKNIFTY31JUL2548600PE.NFO,2025-07-22,13:56:00,2025-07-31,3.25,3.25,3.25,3.25,0,2800,1
BANKNIFTY31JUL2548600PE.NFO,2025-07-22,13:57:00,2025-07-31,3.25,3.25,3.25,3.25,0,2800,0
BANKNIFTY31JUL2548600PE.NFO,2025-07-22,13:58:00,2025-07-31,3.25,3.25,3.25,3.25,0,2800,0
BANKNIFTY31JUL2548600PE.NFO,2025-07-22,13:59:00,2025-07-31,3.25,3.25,3.25,3.25,0,2800,1
BANKNIFTY31JUL2548600PE.NFO,2025-07-22,14:00:00,2025-07-31,3.25,3.25,3.25,3.25,0,2800,0
BANKNIFTY31JUL2548600PE.NFO,2025-07-22,14:01:00,2025-07-31,3.25,3.25,3.25,3.25,0,2800,1
BANKNIFTY31JUL2548600PE.NFO,2025-07-22,14:02:00,2025-07-31,3.25,3.25,3.25,3.25,0,2800,0
BANKNIFTY31JUL2548600PE.NFO,2025-07-22,14:03:00,2025-07-31,3.25,3.25,3.25,3.25,0,2800,0
BANKNIFTY31JUL2548600PE.NFO,2025-07-22,14:04:00,2025-07-31,3.25,3.25,3.25,3.25,0,2800,0
BANKNIFTY31JUL2548600PE.NFO,2025-07-22,14:05:00,2025-07-31,3.25,3.25,3.25,3.25,0,2800,1
BANKNIFTY31JUL2548600PE.NFO,2025-07-22,14:06:00,2025-07-31,3.25,3.25,3.25,3.25,0,2800,1
BANKNIFTY31JUL2548600PE.NFO,2025-07-22,14:07:00,2025-07-31,3.25,3.25,3.25,3.25,0,2800,1
BANKNIFTY31JUL2548600PE.NFO,2025-07-22,14:08:00,2025-07-31,3.25,3.25,3.25,3.25,0,2800,1
BANKNIFTY31JUL2548600PE.NFO,2025-07-22,14:09:00,2025-07-31,3.25,3.25,3.25,3.25,0,2800,1
BANKNIFTY31JUL2548600PE.NFO,2025-07-22,14:10:00,2025-07-31,3.25,3.25,3.25,3.25,0,2800,1
BANKNIFTY31JUL2548600PE.NFO,2025-07-22,14:11:00,2025-07-31,3.25,3.25,3.25,3.25,0,2800,1
BANKNIFTY31JUL2548600PE.NFO,2025-07-22,14:12:00,2025-07-31,3.25,3.25,3.25,3.25,0,2800,1
BANKNIFTY31JUL2548600PE.NFO,2025-07-22,14:13:00,2025-07-31,3.25,3.25,3.25,3.25,0,2800,1
BANKNIFTY31JUL2548600PE.NFO,2025-07-22,14:14:00,2025-07-31,3.25,3.25,3.25,3.25,0,2800,1
BANKNIFTY31JUL2548600PE.NFO,2025-07-22,14:15:00,2025-07-31,3.25,3.25,3.25,3.25,0,2800,0
BANKNIFTY31JUL2548600PE.NFO,2025-07-22,14:16:00,2025-07-31,3.25,3.25,3.25,3.25,0,2800,1
BANKNIFTY31JUL2548600PE.NFO,2025-07-22,14:17:00,2025-07-31,3.25,3.25,3.25,3.25,0,2800,1
BANKNIFTY31JUL2548600PE.NFO,2025-07-22,14:18:00,2025-07-31,3.25,3.25,3.25,3.25,0,2800,0
BANKNIFTY31JUL2548600PE.NFO,2025-07-22,14:19:00,2025-07-31,3.25,3.25,3.25,3.25,0,2800,0
BANKNIFTY31JUL2548600PE.NFO,2025-07-22,14:20:00,2025-07-31,3.25,3.25,3.25,3.25,0,2800,1
BANKNIFTY31JUL2548600PE.NFO,2025-07-22,14:21:00,2025-07-31,3.25,3.25,3.25,3.25,0,2800,1
BANKNIFTY31JUL2548600PE.NFO,2025-07-22,14:22:00,2025-07-31,3.25,3.25,3.25,3.25,0,2800,1
BANKNIFTY31JUL2548600PE.NFO,2025-07-22,14:23:00,2025-07-31,3.25,3.25,3.25,3.25,0,2800,1
BANKNIFTY31JUL2548600PE.NFO,2025-07-22,14:24:00,2025-07-31,3.25,3.25,3.25,3.25,0,2800,1
BANKNIFTY31JUL2548600PE.NFO,2025-07-22,14:25:00,2025-07-31,3.25,3.25,3.25,3.25,0,2800,0
BANKNIFTY31JUL2548600PE.NFO,2025-07-22,14:26:00,2025-07-31,3.25,3.25,3.25,3.25,0,2800,0
BANKNIFTY31JUL2548600PE.NFO,2025-07-22,14:27:00,2025-07-31,3.25,3.25,3.25,3.25,0,2800,1
BANKNIFTY31JUL2548600PE.NFO,2025-07-22,14:28:00,2025-07-31,3.25,3.25,3.25,3.25,0,2800,0
BANKNIFTY31JUL2548600PE.NFO,2025-07-22,14:29:00,2025-07-31,3.25,3.25,3.25,3.25,0,2800,1
BANKNIFTY31JUL2548600PE.NFO,2025-07-22,14:30:00,2025-07-31,3.25,3.25,3.25,3.25,0,2800,0
BANKNIFTY31JUL2548600PE.NFO,2025-07-22,14:31:00,2025-07-31,3.25,3.25,3.25,3.25,0,2800,1
BANKNIFTY31JUL2548600PE.NFO,2025-07-22,14:32:00,2025-07-31,3.25,3.25,3.25,3.25,0,2800,1
BANKNIFTY31JUL2548600PE.NFO,2025-07-22,14:33:00,2025-07-31,3.25,3.25,3.25,3.25,0,2800,1
BANKNIFTY31JUL2548600PE.NFO,2025-07-22,14:34:00,2025-07-31,3.25,3.25,3.25,3.25,0,2800,0
BANKNIFTY31JUL2548600PE.NFO,2025-07-22,14:35:00,2025-07-31,3.25,3.25,3.25,3.25,0,2800,1
BANKNIFTY31JUL2548600PE.NFO,2025-07-22,14:36:00,2025-07-31,3.25,3.25,3.25,3.25,0,2800,1
BANKNIFTY31JUL2548600PE.NFO,2025-07-22,14:37:00,2025-07-31,3.25,3.25,3.25,3.25,0,2800,1
BANKNIFTY31JUL2548600PE.NFO,2025-07-22,14:38:00,2025-07-31,3.25,3.25,3.25,3.25,0,2800,1
BANKNIFTY31JUL2548600PE.NFO,2025-07-22,14:39:00,2025-07-31,3.25,3.25,3.25,3.25,0,2800,0
BANKNIFTY31JUL2548600PE.NFO,2025-07-22,14:40:00,2025-07-31,3.25,3.25,3.25,3.25,0,2800,1
BANKNIFTY31JUL2548600PE.NFO,2025-07-22,14:41:00,2025-07-31,3.25,3.25,3.25,3.25,0,2800,1
BANKNIFTY31JUL2548600PE.NFO,2025-07-22,14:42:00,2025-07-31,3.25,3.25,3.25,3.25,0,2800,1
BANKNIFTY31JUL2548600PE.NFO,2025-07-22,14:43:00,2025-07-31,3.25,3.25,3.25,3.25,0,2800,1
BANKNIFTY31JUL2548600PE.NFO,2025-07-22,14:44:00,2025-07-31,3.25,3.25,3.25,3.25,0,2800,1
BANKNIFTY31JUL2548600PE.NFO,2025-07-22,14:45:00,2025-07-31,3.25,3.25,3.25,3.25,0,2800,0
BANKNIFTY31JUL2548600PE.NFO,2025-07-22,14:46:00,2025-07-31,3.25,3.25,3.25,3.25,0,2800,0
BANKNIFTY31JUL2548600PE.NFO,2025-07-22,14:47:00,2025-07-31,3.25,3.25,3.25,3.25,105,2800,0
BANKNIFTY31JUL2548600PE.NFO,2025-07-22,14:48:00,2025-07-31,3.25,3.25,3.25,3.25,0,2800,0
BANKNIFTY31JUL2548600PE.NFO,2025-07-22,14:49:00,2025-07-31,3.25,3.25,3.25,3.25,0,2800,1
BANKNIFTY31JUL2548600PE.NFO,2025-07-22,14:50:00,2025-07-31,3.25,3.25,3.25,3.25,0,2800,0
BANKNIFTY31JUL2548600PE.NFO,2025-07-22,14:51:00,2025-07-31,3.25,3.25,3.25,3.25,0,2800,0
BANKNIFTY31JUL2548600PE.NFO,2025-07-22,14:52:00,2025-07-31,3.25,3.25,3.25,3.25,0,2800,1
BANKNIFTY31JUL2548600PE.NFO,2025-07-22,14:53:00,2025-07-31,3.25,3.25,3.25,3.25,0,2800,1
BANKNIFTY31JUL2548600PE.NFO,2025-07-22,14:54:00,2025-07-31,3.25,3.25,3.25,3.25,0,2800,1
BANKNIFTY31JUL2548600PE.NFO,2025-07-22,14:55:00,2025-07-31,3.25,3.25,3.25,3.25,0,2800,0
BANKNIFTY31JUL2548600PE.NFO,2025-07-22,14:56:00,2025-07-31,3.25,3.25,3.25,3.25,0,2800,1
BANKNIFTY31JUL2548600PE.NFO,2025-07-22,14:57:00,2025-07-31,3.25,3.25,3.25,3.25,0,2800,1
BANKNIFTY31JUL2548600PE.NFO,2025-07-22,14:58:00,2025-07-31,3.25,3.25,3.25,3.25,0,2800,0
BANKNIFTY31JUL2548600PE.NFO,2025-07-22,14:59:00,2025-07-31,3.25,3.25,3.25,3.25,0,2800,0
BANKNIFTY31JUL2548600PE.NFO,2025-07-22,15:00:00,2025-07-31,3.25,3.25,3.25,3.25,0,2800,0
BANKNIFTY31JUL2548600PE.NFO,2025-07-22,15:01:00,2025-07-31,3.25,3.25,3.1,3.1,35,2800,0
BANKNIFTY31JUL2548600PE.NFO,2025-07-22,15:02:00,2025-07-31,3.1,3.1,3.1,3.1,35,2800,1
BANKNIFTY31JUL2548600PE.NFO,2025-07-22,15:03:00,2025-07-31,3.1,3.1,3.1,3.1,35,2800,1
BANKNIFTY31JUL2548600PE.NFO,2025-07-22,15:04:00,2025-07-31,4.15,4.15,4.15,4.15,35,2800,0
BANKNIFTY31JUL2548600PE.NFO,2025-07-22,15:05:00,2025-07-31,4.15,4.15,4.15,4.15,0,2800,0
BANKNIFTY31JUL2548600PE.NFO,2025-07-22,15:06:00,2025-07-31,4.15,4.15,4.15,4.15,0,2800,1
BANKNIFTY31JUL2548600PE.NFO,2025-07-22,15:07:00,2025-07-31,4.15,4.15,4.15,4.15,0,2800,1
BANKNIFTY31JUL2548600PE.NFO,2025-07-22,15:08:00,2025-07-31,4.15,4.15,4.15,4.15,0,2800,0
BANKNIFTY31JUL2548600PE.NFO,2025-07-22,15:09:00,2025-07-31,4.15,4.15,4.15,4.15,0,2800,1
BANKNIFTY31JUL2548600PE.NFO,2025-07-22,15:10:00,2025-07-31,2.7,2.7,2.7,2.7,35,2835,0
BANKNIFTY31JUL2548600PE.NFO,2025-07-22,15:11:00,2025-07-31,2.7,2.7,2.7,2.7,0,2835,0
BANKNIFTY31JUL2548600PE.NFO,2025-07-22,15:12:00,2025-07-31,2.7,2.7,2.7,2.7,0,2835,0
BANKNIFTY31JUL2548600PE.NFO,2025-07-22,15:13:00,2025-07-31,2.7,2.7,2.7,2.7,0,2835,1
BANKNIFTY31JUL2548600PE.NFO,2025-07-22,15:14:00,2025-07-31,2.7,2.7,2.7,2.7,0,2835,0
BANKNIFTY31JUL2548600PE.NFO,2025-07-22,15:15:00,2025-07-31,2.7,2.7,2.7,2.7,0,2835,0
BANKNIFTY31JUL2548600PE.NFO,2025-07-22,15:16:00,2025-07-31,2.7,2.7,2.7,2.7,0,2835,1
BANKNIFTY31JUL2548600PE.NFO,2025-07-22,15:17:00,2025-07-31,2.7,2.7,2.7,2.7,0,2835,0
BANKNIFTY31JUL2548600PE.NFO,2025-07-22,15:18:00,2025-07-31,2.7,2.7,2.7,2.7,0,2835,0
BANKNIFTY31JUL2548600PE.NFO,2025-07-22,15:19:00,2025-07-31,2.7,2.7,2.7,2.7,0,2835,1
BANKNIFTY31JUL2548600PE.NFO,2025-07-22,15:20:00,2025-07-31,2.7,2.7,2.7,2.7,0,2835,0
BANKNIFTY31JUL2548600PE.NFO,2025-07-22,15:21:00,2025-07-31,2.7,2.7,2.7,2.7,0,2835,1
BANKNIFTY31JUL2548600PE.NFO,2025-07-22,15:22:00,2025-07-31,2.7,2.7,2.7,2.7,0,2835,0
BANKNIFTY31JUL2548600PE.NFO,2025-07-22,15:23:00,2025-07-31,2.7,2.7,2.7,2.7,0,2835,0
BANKNIFTY31JUL2548600PE.NFO,2025-07-22,15:24:00,2025-07-31,2.7,2.7,2.7,2.7,0,2835,0
BANKNIFTY31JUL2548600PE.NFO,2025-07-22,15:25:00,2025-07-31,2.2,2.5,2.2,2.5,70,2800,0
BANKNIFTY31JUL2548600PE.NFO,2025-07-22,15:26:00,2025-07-31,2.5,3.05,2.5,3.05,35,2800,0
BANKNIFTY31JUL2548600PE.NFO,2025-07-22,15:27:00,2025-07-31,3.05,3.05,3.05,3.05,0,2800,0
BANKNIFTY31JUL2548600PE.NFO,2025-07-22,15:28:00,2025-07-31,3.05,3.05,3.05,3.05,0,2800,0
BANKNIFTY31JUL2548600PE.NFO,2025-07-22,15:29:00,2025-07-31,3.05,3.05,3.05,3.05,0,2800,0
BANKNIFTY31JUL2548600PE.NFO,2025-07-22,15:30:00,2025-07-31,3.05,3.05,3.05,3.05,0,2800,1
BANKNIFTY31JUL2548600PE.NFO,2025-07-23,09:15:00,2025-07-31,3.65,3.65,3.65,3.65,0,2765,1
BANKNIFTY31JUL2548600PE.NFO,2025-07-23,09:16:00,2025-07-31,3.65,3.65,3.65,3.65,0,2765,1
BANKNIFTY31JUL2548600PE.NFO,2025-07-23,09:17:00,2025-07-31,3.65,3.65,3.65,3.65,0,2765,1
BANKNIFTY31JUL2548600PE.NFO,2025-07-23,09:18:00,2025-07-31,3.65,3.65,3.65,3.65,0,2765,1
BANKNIFTY31JUL2548600PE.NFO,2025-07-23,09:19:00,2025-07-31,3.65,3.65,3.65,3.65,0,2765,1
BANKNIFTY31JUL2548600PE.NFO,2025-07-23,09:20:00,2025-07-31,3.65,3.65,3.65,3.65,0,2765,1
BANKNIFTY31JUL2548600PE.NFO,2025-07-23,09:21:00,2025-07-31,3.65,3.65,3.65,3.65,0,2765,1
BANKNIFTY31JUL2548600PE.NFO,2025-07-23,09:22:00,2025-07-31,3.65,3.65,3.65,3.65,0,2765,1
BANKNIFTY31JUL2548600PE.NFO,2025-07-23,09:23:00,2025-07-31,3.65,3.65,3.65,3.65,0,2765,1
BANKNIFTY31JUL2548600PE.NFO,2025-07-23,09:24:00,2025-07-31,3.65,3.65,3.65,3.65,0,2765,1
BANKNIFTY31JUL2548600PE.NFO,2025-07-23,09:25:00,2025-07-31,3.65,3.65,3.65,3.65,0,2765,1
BANKNIFTY31JUL2548600PE.NFO,2025-07-23,09:26:00,2025-07-31,3.65,3.65,3.65,3.65,0,2765,1
BANKNIFTY31JUL2548600PE.NFO,2025-07-23,09:27:00,2025-07-31,3.65,3.65,3.65,3.65,0,2765,1
BANKNIFTY31JUL2548600PE.NFO,2025-07-23,09:28:00,2025-07-31,3.65,3.65,3.65,3.65,0,2765,1
BANKNIFTY31JUL2548600PE.NFO,2025-07-23,09:29:00,2025-07-31,3.65,3.65,3.65,3.65,0,2765,1
BANKNIFTY31JUL2548600PE.NFO,2025-07-23,09:30:00,2025-07-31,3.65,3.65,3.65,3.65,0,2765,1
BANKNIFTY31JUL2548600PE.NFO,2025-07-23,09:31:00,2025-07-31,3.65,3.65,3.65,3.65,0,2765,1
BANKNIFTY31JUL2548600PE.NFO,2025-07-23,09:32:00,2025-07-31,3.65,3.65,3.65,3.65,0,2765,1
BANKNIFTY31JUL2548600PE.NFO,2025-07-23,09:33:00,2025-07-31,3.65,3.65,3.65,3.65,0,2765,1
BANKNIFTY31JUL2548600PE.NFO,2025-07-23,09:34:00,2025-07-31,3.65,3.65,3.65,3.65,0,2765,1
BANKNIFTY31JUL2548600PE.NFO,2025-07-23,09:35:00,2025-07-31,3.65,3.65,3.65,3.65,0,2765,1
BANKNIFTY31JUL2548600PE.NFO,2025-07-23,09:36:00,2025-07-31,3.65,3.65,3.65,3.65,0,2765,1
BANKNIFTY31JUL2548600PE.NFO,2025-07-23,09:37:00,2025-07-31,3.65,3.65,3.65,3.65,0,2765,1
BANKNIFTY31JUL2548600PE.NFO,2025-07-23,09:38:00,2025-07-31,3.65,3.65,3.65,3.65,0,2765,1
BANKNIFTY31JUL2548600PE.NFO,2025-07-23,09:39:00,2025-07-31,3.65,3.65,3.65,3.65,0,2765,1
BANKNIFTY31JUL2548600PE.NFO,2025-07-23,09:40:00,2025-07-31,3.65,3.65,3.65,3.65,0,2765,1
BANKNIFTY31JUL2548600PE.NFO,2025-07-23,09:41:00,2025-07-31,3.65,3.65,3.65,3.65,0,2765,1
BANKNIFTY31JUL2548600PE.NFO,2025-07-23,09:42:00,2025-07-31,3.65,3.65,3.65,3.65,0,2765,1
BANKNIFTY31JUL2548600PE.NFO,2025-07-23,09:43:00,2025-07-31,3.65,3.65,3.65,3.65,0,2765,1
BANKNIFTY31JUL2548600PE.NFO,2025-07-23,09:44:00,2025-07-31,3.65,3.65,3.65,3.65,0,2765,1
BANKNIFTY31JUL2548600PE.NFO,2025-07-23,09:45:00,2025-07-31,3.65,3.65,3.65,3.65,0,2765,1
BANKNIFTY31JUL2548600PE.NFO,2025-07-23,09:46:00,2025-07-31,3.65,3.65,3.65,3.65,0,2765,1
BANKNIFTY31JUL2548600PE.NFO,2025-07-23,09:47:00,2025-07-31,3.65,3.65,3.65,3.65,0,2765,1
BANKNIFTY31JUL2548600PE.NFO,2025-07-23,09:48:00,2025-07-31,3.65,3.65,3.65,3.65,0,2765,1
BANKNIFTY31JUL2548600PE.NFO,2025-07-23,09:49:00,2025-07-31,3.65,3.65,3.65,3.65,0,2765,1
BANKNIFTY31JUL2548600PE.NFO,2025-07-23,09:50:00,2025-07-31,3.65,3.65,3.65,3.65,0,2765,1
BANKNIFTY31JUL2548600PE.NFO,2025-07-23,09:51:00,2025-07-31,3.65,3.65,3.65,3.65,0,2765,1
BANKNIFTY31JUL2548600PE.NFO,2025-07-23,09:52:00,2025-07-31,3.65,3.65,3.65,3.65,0,2765,1
BANKNIFTY31JUL2548600PE.NFO,2025-07-23,09:53:00,2025-07-31,3.65,3.65,3.65,3.65,0,2765,1
BANKNIFTY31JUL2548600PE.NFO,2025-07-23,09:54:00,2025-07-31,3.65,3.65,3.65,3.65,0,2765,1
BANKNIFTY31JUL2548600PE.NFO,2025-07-23,09:55:00,2025-07-31,3.65,3.65,3.65,3.65,0,2765,1
BANKNIFTY31JUL2548600PE.NFO,2025-07-23,09:56:00,2025-07-31,3.65,3.65,3.65,3.65,0,2765,1
BANKNIFTY31JUL2548600PE.NFO,2025-07-23,09:57:00,2025-07-31,3.65,3.65,3.65,3.65,0,2765,1
BANKNIFTY31JUL2548600PE.NFO,2025-07-23,09:58:00,2025-07-31,3.65,3.65,3.65,3.65,0,2765,1
BANKNIFTY31JUL2548600PE.NFO,2025-07-23,09:59:00,2025-07-31,3.65,3.65,3.65,3.65,0,2765,1
BANKNIFTY31JUL2548600PE.NFO,2025-07-23,10:00:00,2025-07-31,3.65,3.65,3.65,3.65,0,2765,1
BANKNIFTY31JUL2548600PE.NFO,2025-07-23,10:01:00,2025-07-31,3.65,3.65,3.65,3.65,0,2765,1
BANKNIFTY31JUL2548600PE.NFO,2025-07-23,10:02:00,2025-07-31,3.65,3.65,3.65,3.65,0,2765,1
BANKNIFTY31JUL2548600PE.NFO,2025-07-23,10:03:00,2025-07-31,3.65,3.65,3.65,3.65,0,2765,1
BANKNIFTY31JUL2548600PE.NFO,2025-07-23,10:04:00,2025-07-31,3.65,3.65,3.65,3.65,0,2765,1
BANKNIFTY31JUL2548600PE.NFO,2025-07-23,10:05:00,2025-07-31,3.65,3.65,3.65,3.65,0,2765,1
BANKNIFTY31JUL2548600PE.NFO,2025-07-23,10:06:00,2025-07-31,3.65,3.65,3.65,3.65,0,2765,1
BANKNIFTY31JUL2548600PE.NFO,2025-07-23,10:07:00,2025-07-31,3.65,3.65,3.65,3.65,0,2765,1
BANKNIFTY31JUL2548600PE.NFO,2025-07-23,10:08:00,2025-07-31,3.65,3.65,3.65,3.65,0,2765,1
BANKNIFTY31JUL2548600PE.NFO,2025-07-23,10:09:00,2025-07-31,3.65,3.65,3.65,3.65,0,2765,1
BANKNIFTY31JUL2548600PE.NFO,2025-07-23,10:10:00,2025-07-31,3.65,3.65,3.65,3.65,0,2765,1
BANKNIFTY31JUL2548600PE.NFO,2025-07-23,10:11:00,2025-07-31,3.65,3.65,3.65,3.65,0,2765,1
BANKNIFTY31JUL2548600PE.NFO,2025-07-23,10:12:00,2025-07-31,3.65,3.65,3.65,3.65,0,2765,1
BANKNIFTY31JUL2548600PE.NFO,2025-07-23,10:13:00,2025-07-31,3.65,3.65,3.65,3.65,0,2765,1
BANKNIFTY31JUL2548600PE.NFO,2025-07-23,10:14:00,2025-07-31,3.65,3.65,3.65,3.65,0,2765,1
BANKNIFTY31JUL2548600PE.NFO,2025-07-23,10:15:00,2025-07-31,3.65,3.65,3.65,3.65,0,2765,1
BANKNIFTY31JUL2548600PE.NFO,2025-07-23,10:16:00,2025-07-31,3.65,3.65,3.65,3.65,0,2765,1
BANKNIFTY31JUL2548600PE.NFO,2025-07-23,10:17:00,2025-07-31,3.65,3.65,3.65,3.65,0,2765,1
BANKNIFTY31JUL2548600PE.NFO,2025-07-23,10:18:00,2025-07-31,3.65,3.65,3.65,3.65,0,2765,1
BANKNIFTY31JUL2548600PE.NFO,2025-07-23,10:19:00,2025-07-31,3.65,3.65,3.65,3.65,0,2765,1
BANKNIFTY31JUL2548600PE.NFO,2025-07-23,10:20:00,2025-07-31,3.65,3.65,3.65,3.65,0,2765,1
BANKNIFTY31JUL2548600PE.NFO,2025-07-23,10:21:00,2025-07-31,3.65,3.65,3.65,3.65,0,2765,1
BANKNIFTY31JUL2548600PE.NFO,2025-07-23,10:22:00,2025-07-31,3.65,3.65,3.65,3.65,0,2765,1
BANKNIFTY31JUL2548600PE.NFO,2025-07-23,10:23:00,2025-07-31,3.65,3.65,3.65,3.65,0,2765,1
BANKNIFTY31JUL2548600PE.NFO,2025-07-23,10:24:00,2025-07-31,3.65,3.65,3.65,3.65,0,2765,1
BANKNIFTY31JUL2548600PE.NFO,2025-07-23,10:25:00,2025-07-31,3.65,3.65,3.65,3.65,0,2765,1
BANKNIFTY31JUL2548600PE.NFO,2025-07-23,10:26:00,2025-07-31,3.65,3.65,3.65,3.65,0,2765,1
BANKNIFTY31JUL2548600PE.NFO,2025-07-23,10:27:00,2025-07-31,3.65,3.65,3.65,3.65,0,2765,1
BANKNIFTY31JUL2548600PE.NFO,2025-07-23,10:28:00,2025-07-31,3.65,3.65,3.65,3.65,0,2765,1
BANKNIFTY31JUL2548600PE.NFO,2025-07-23,10:29:00,2025-07-31,3.65,3.65,3.65,3.65,0,2765,1
BANKNIFTY31JUL2548600PE.NFO,2025-07-23,10:30:00,2025-07-31,3.65,3.65,3.65,3.65,0,2765,1
BANKNIFTY31JUL2548600PE.NFO,2025-07-23,10:31:00,2025-07-31,3.65,3.65,3.65,3.65,0,2765,1
BANKNIFTY31JUL2548600PE.NFO,2025-07-23,10:32:00,2025-07-31,3.65,3.65,3.65,3.65,0,2765,1
BANKNIFTY31JUL2548600PE.NFO,2025-07-23,10:33:00,2025-07-31,3.65,3.65,3.65,3.65,0,2765,1
BANKNIFTY31JUL2548600PE.NFO,2025-07-23,10:34:00,2025-07-31,3.65,3.65,3.65,3.65,0,2765,1
BANKNIFTY31JUL2548600PE.NFO,2025-07-23,10:35:00,2025-07-31,3.65,3.65,3.65,3.65,0,2765,1
BANKNIFTY31JUL2548600PE.NFO,2025-07-23,10:36:00,2025-07-31,3.65,3.65,3.65,3.65,0,2765,1
BANKNIFTY31JUL2548600PE.NFO,2025-07-23,10:37:00,2025-07-31,3.65,3.65,3.65,3.65,0,2765,1
BANKNIFTY31JUL2548600PE.NFO,2025-07-23,10:38:00,2025-07-31,3.65,3.65,3.65,3.65,0,2765,1
BANKNIFTY31JUL2548600PE.NFO,2025-07-23,10:39:00,2025-07-31,3.65,3.65,3.65,3.65,0,2765,1
BANKNIFTY31JUL2548600PE.NFO,2025-07-23,10:40:00,2025-07-31,3.65,3.65,3.65,3.65,0,2765,1
BANKNIFTY31JUL2548600PE.NFO,2025-07-23,10:41:00,2025-07-31,3.65,3.65,3.65,3.65,0,2765,1
BANKNIFTY31JUL2548600PE.NFO,2025-07-23,10:42:00,2025-07-31,3.65,3.65,3.65,3.65,0,2765,1
BANKNIFTY31JUL2548600PE.NFO,2025-07-23,10:43:00,2025-07-31,3.65,3.65,3.65,3.65,0,2765,1
BANKNIFTY31JUL2548600PE.NFO,2025-07-23,10:44:00,2025-07-31,3.65,3.65,3.65,3.65,0,2765,1
BANKNIFTY31JUL2548600PE.NFO,2025-07-23,10:45:00,2025-07-31,3.65,3.65,3.65,3.65,0,2765,1
BANKNIFTY31JUL2548600PE.NFO,2025-07-23,10:46:00,2025-07-31,3.65,3.65,3.65,3.65,0,2765,1
BANKNIFTY31JUL2548600PE.NFO,2025-07-23,10:47:00,2025-07-31,3.65,3.65,3.65,3.65,0,2765,1
BANKNIFTY31JUL2548600PE.NFO,2025-07-23,10:48:00,2025-07-31,3.65,3.65,3.65,3.65,0,2765,1
BANKNIFTY31JUL2548600PE.NFO,2025-07-23,10:49:00,2025-07-31,3.65,3.65,3.65,3.65,0,2765,1
BANKNIFTY31JUL2548600PE.NFO,2025-07-23,10:50:00,2025-07-31,3.65,3.65,3.65,3.65,0,2765,1
BANKNIFTY31JUL2548600PE.NFO,2025-07-23,10:51:00,2025-07-31,3.65,3.65,3.65,3.65,0,2765,1
BANKNIFTY31JUL2548600PE.NFO,2025-07-23,10:52:00,2025-07-31,3.65,3.65,3.65,3.65,0,2765,1
BANKNIFTY31JUL2548600PE.NFO,2025-07-23,10:53:00,2025-07-31,3.65,3.65,3.65,3.65,0,2765,1
BANKNIFTY31JUL2548600PE.NFO,2025-07-23,10:54:00,2025-07-31,3.65,3.65,3.65,3.65,0,2765,1
BANKNIFTY31JUL2548600PE.NFO,2025-07-23,10:55:00,2025-07-31,3.65,3.65,3.65,3.65,0,2765,1
BANKNIFTY31JUL2548600PE.NFO,2025-07-23,10:56:00,2025-07-31,3.65,3.65,3.65,3.65,0,2765,1
BANKNIFTY31JUL2548600PE.NFO,2025-07-23,10:57:00,2025-07-31,3.65,3.65,3.65,3.65,0,2765,1
BANKNIFTY31JUL2548600PE.NFO,2025-07-23,10:58:00,2025-07-31,3.65,3.65,3.65,3.65,0,2765,1
BANKNIFTY31JUL2548600PE.NFO,2025-07-23,10:59:00,2025-07-31,3.65,3.65,3.65,3.65,0,2765,1
BANKNIFTY31JUL2548600PE.NFO,2025-07-23,11:00:00,2025-07-31,3.65,3.65,3.65,3.65,0,2765,1
BANKNIFTY31JUL2548600PE.NFO,2025-07-23,11:01:00,2025-07-31,3.65,3.65,3.65,3.65,0,2765,1
BANKNIFTY31JUL2548600PE.NFO,2025-07-23,11:02:00,2025-07-31,3.65,3.65,3.65,3.65,0,2765,1
BANKNIFTY31JUL2548600PE.NFO,2025-07-23,11:03:00,2025-07-31,3.65,3.65,3.65,3.65,0,2765,1
BANKNIFTY31JUL2548600PE.NFO,2025-07-23,11:04:00,2025-07-31,3.65,3.65,3.65,3.65,0,2765,1
BANKNIFTY31JUL2548600PE.NFO,2025-07-23,11:05:00,2025-07-31,3.65,3.65,3.65,3.65,0,2765,1
BANKNIFTY31JUL2548600PE.NFO,2025-07-23,11:06:00,2025-07-31,3.65,3.65,3.65,3.65,0,2765,1
BANKNIFTY31JUL2548600PE.NFO,2025-07-23,11:07:00,2025-07-31,3.65,3.65,3.65,3.65,0,2765,1
BANKNIFTY31JUL2548600PE.NFO,2025-07-23,11:08:00,2025-07-31,3.65,3.65,3.65,3.65,0,2765,1
BANKNIFTY31JUL2548600PE.NFO,2025-07-23,11:09:00,2025-07-31,3.65,3.65,3.65,3.65,0,2765,1
BANKNIFTY31JUL2548600PE.NFO,2025-07-23,11:10:00,2025-07-31,3.65,3.65,3.65,3.65,0,2765,1
BANKNIFTY31JUL2548600PE.NFO,2025-07-23,11:11:00,2025-07-31,3.65,3.65,3.65,3.65,0,2765,1
BANKNIFTY31JUL2548600PE.NFO,2025-07-23,11:12:00,2025-07-31,3.65,3.65,3.65,3.65,0,2765,1
BANKNIFTY31JUL2548600PE.NFO,2025-07-23,11:13:00,2025-07-31,3.65,3.65,3.65,3.65,0,2765,1
BANKNIFTY31JUL2548600PE.NFO,2025-07-23,11:14:00,2025-07-31,3.65,3.65,3.65,3.65,0,2765,1
BANKNIFTY31JUL2548600PE.NFO,2025-07-23,11:15:00,2025-07-31,3.65,3.65,3.65,3.65,0,2765,1
BANKNIFTY31JUL2548600PE.NFO,2025-07-23,11:16:00,2025-07-31,3.65,3.65,3.65,3.65,0,2765,1
BANKNIFTY31JUL2548600PE.NFO,2025-07-23,11:17:00,2025-07-31,3.65,3.65,3.65,3.65,0,2765,1
BANKNIFTY31JUL2548600PE.NFO,2025-07-23,11:18:00,2025-07-31,3.65,3.65,3.65,3.65,0,2765,1
BANKNIFTY31JUL2548600PE.NFO,2025-07-23,11:19:00,2025-07-31,3.65,3.65,3.65,3.65,0,2765,1
BANKNIFTY31JUL2548600PE.NFO,2025-07-23,11:20:00,2025-07-31,3.65,3.65,3.65,3.65,0,2765,1
BANKNIFTY31JUL2548600PE.NFO,2025-07-23,11:21:00,2025-07-31,3.65,3.65,3.65,3.65,0,2765,1
BANKNIFTY31JUL2548600PE.NFO,2025-07-23,11:22:00,2025-07-31,3.65,3.65,3.65,3.65,0,2765,1
BANKNIFTY31JUL2548600PE.NFO,2025-07-23,11:23:00,2025-07-31,3.65,3.65,3.65,3.65,0,2765,1
BANKNIFTY31JUL2548600PE.NFO,2025-07-23,11:24:00,2025-07-31,3.65,3.65,3.65,3.65,0,2765,1
BANKNIFTY31JUL2548600PE.NFO,2025-07-23,11:25:00,2025-07-31,3.65,3.65,3.65,3.65,0,2765,1
BANKNIFTY31JUL2548600PE.NFO,2025-07-23,11:26:00,2025-07-31,3.65,3.65,3.65,3.65,0,2765,1
BANKNIFTY31JUL2548600PE.NFO,2025-07-23,11:27:00,2025-07-31,3.65,3.65,3.65,3.65,0,2765,1
BANKNIFTY31JUL2548600PE.NFO,2025-07-23,11:28:00,2025-07-31,3.65,3.65,3.65,3.65,0,2765,1
BANKNIFTY31JUL2548600PE.NFO,2025-07-23,11:29:00,2025-07-31,3.65,3.65,3.65,3.65,0,2765,1
BANKNIFTY31JUL2548600PE.NFO,2025-07-23,11:30:00,2025-07-31,3.65,3.65,3.65,3.65,0,2765,1
BANKNIFTY31JUL2548600PE.NFO,2025-07-23,11:31:00,2025-07-31,3.65,3.65,3.65,3.65,0,2765,1
BANKNIFTY31JUL2548600PE.NFO,2025-07-23,11:32:00,2025-07-31,3.65,3.65,3.65,3.65,0,2765,1
BANKNIFTY31JUL2548600PE.NFO,2025-07-23,11:33:00,2025-07-31,3.65,3.65,3.65,3.65,0,2765,1
BANKNIFTY31JUL2548600PE.NFO,2025-07-23,11:34:00,2025-07-31,3.65,3.65,3.65,3.65,0,2765,1
BANKNIFTY31JUL2548600PE.NFO,2025-07-23,11:35:00,2025-07-31,3.65,3.65,3.65,3.65,0,2765,1
BANKNIFTY31JUL2548600PE.NFO,2025-07-23,11:36:00,2025-07-31,3.65,3.65,3.65,3.65,0,2765,1
BANKNIFTY31JUL2548600PE.NFO,2025-07-23,11:37:00,2025-07-31,3.65,3.65,3.65,3.65,0,2765,1
BANKNIFTY31JUL2548600PE.NFO,2025-07-23,11:38:00,2025-07-31,3.65,3.65,3.65,3.65,0,2765,1
BANKNIFTY31JUL2548600PE.NFO,2025-07-23,11:39:00,2025-07-31,3.65,3.65,3.65,3.65,0,2765,1
BANKNIFTY31JUL2548600PE.NFO,2025-07-23,11:40:00,2025-07-31,3.65,3.65,3.65,3.65,0,2765,1
BANKNIFTY31JUL2548600PE.NFO,2025-07-23,11:41:00,2025-07-31,3.65,3.65,3.65,3.65,0,2765,1
BANKNIFTY31JUL2548600PE.NFO,2025-07-23,11:42:00,2025-07-31,3.65,3.65,3.65,3.65,0,2765,1
BANKNIFTY31JUL2548600PE.NFO,2025-07-23,11:43:00,2025-07-31,3.65,3.65,3.65,3.65,0,2765,1
BANKNIFTY31JUL2548600PE.NFO,2025-07-23,11:44:00,2025-07-31,3.65,3.65,3.65,3.65,0,2765,1
BANKNIFTY31JUL2548600PE.NFO,2025-07-23,11:45:00,2025-07-31,3.65,3.65,3.65,3.65,0,2765,1
BANKNIFTY31JUL2548600PE.NFO,2025-07-23,11:46:00,2025-07-31,3.65,3.65,3.65,3.65,0,2765,1
BANKNIFTY31JUL2548600PE.NFO,2025-07-23,11:47:00,2025-07-31,3.65,3.65,3.65,3.65,0,2765,1
BANKNIFTY31JUL2548600PE.NFO,2025-07-23,11:48:00,2025-07-31,3.65,3.65,3.65,3.65,0,2765,1
BANKNIFTY31JUL2548600PE.NFO,2025-07-23,11:49:00,2025-07-31,3.65,3.65,3.65,3.65,0,2765,1
BANKNIFTY31JUL2548600PE.NFO,2025-07-23,11:50:00,2025-07-31,3.65,3.65,3.65,3.65,0,2765,1
BANKNIFTY31JUL2548600PE.NFO,2025-07-23,11:51:00,2025-07-31,3.65,3.65,3.65,3.65,0,2765,1
BANKNIFTY31JUL2548600PE.NFO,2025-07-23,11:52:00,2025-07-31,3.65,3.65,3.65,3.65,0,2765,1
BANKNIFTY31JUL2548600PE.NFO,2025-07-23,11:53:00,2025-07-31,3.65,3.65,3.65,3.65,0,2765,1
BANKNIFTY31JUL2548600PE.NFO,2025-07-23,11:54:00,2025-07-31,3.65,3.65,3.65,3.65,0,2765,1
BANKNIFTY31JUL2548600PE.NFO,2025-07-23,11:55:00,2025-07-31,3.65,3.65,3.65,3.65,0,2765,1
BANKNIFTY31JUL2548600PE.NFO,2025-07-23,11:56:00,2025-07-31,3.65,3.65,3.65,3.65,0,2765,1
BANKNIFTY31JUL2548600PE.NFO,2025-07-23,11:57:00,2025-07-31,3.65,3.65,3.65,3.65,0,2765,1
BANKNIFTY31JUL2548600PE.NFO,2025-07-23,11:58:00,2025-07-31,3.65,3.65,3.65,3.65,0,2765,1
BANKNIFTY31JUL2548600PE.NFO,2025-07-23,11:59:00,2025-07-31,3.65,3.65,3.65,3.65,0,2765,1
BANKNIFTY31JUL2548600PE.NFO,2025-07-23,12:00:00,2025-07-31,3.65,3.65,3.65,3.65,0,2765,1
BANKNIFTY31JUL2548600PE.NFO,2025-07-23,12:01:00,2025-07-31,3.65,3.65,3.65,3.65,0,2765,1
BANKNIFTY31JUL2548600PE.NFO,2025-07-23,12:02:00,2025-07-31,3.65,3.65,3.65,3.65,0,2765,1
BANKNIFTY31JUL2548600PE.NFO,2025-07-23,12:03:00,2025-07-31,3.65,3.65,3.65,3.65,0,2765,1
BANKNIFTY31JUL2548600PE.NFO,2025-07-23,12:04:00,2025-07-31,3.65,3.65,3.65,3.65,0,2765,1
BANKNIFTY31JUL2548600PE.NFO,2025-07-23,12:05:00,2025-07-31,3.65,3.65,3.65,3.65,0,2765,1
BANKNIFTY31JUL2548600PE.NFO,2025-07-23,12:06:00,2025-07-31,3.65,3.65,3.65,3.65,0,2765,1
BANKNIFTY31JUL2548600PE.NFO,2025-07-23,12:07:00,2025-07-31,3.65,3.65,3.65,3.65,0,2765,1
BANKNIFTY31JUL2548600PE.NFO,2025-07-23,12:08:00,2025-07-31,3.65,3.65,3.65,3.65,0,2765,1
BANKNIFTY31JUL2548600PE.NFO,2025-07-23,12:09:00,2025-07-31,3.65,3.65,3.65,3.65,0,2765,1
BANKNIFTY31JUL2548600PE.NFO,2025-07-23,12:10:00,2025-07-31,3.65,3.65,3.65,3.65,0,2765,1
BANKNIFTY31JUL2548600PE.NFO,2025-07-23,12:11:00,2025-07-31,3.65,3.65,3.65,3.65,0,2765,1
BANKNIFTY31JUL2548600PE.NFO,2025-07-23,12:12:00,2025-07-31,3.65,3.65,3.65,3.65,0,2765,1
BANKNIFTY31JUL2548600PE.NFO,2025-07-23,12:13:00,2025-07-31,3.65,3.65,3.65,3.65,0,2765,1
BANKNIFTY31JUL2548600PE.NFO,2025-07-23,12:14:00,2025-07-31,3.65,3.65,3.65,3.65,0,2765,1
BANKNIFTY31JUL2548600PE.NFO,2025-07-23,12:15:00,2025-07-31,3.65,3.65,3.65,3.65,0,2765,1
BANKNIFTY31JUL2548600PE.NFO,2025-07-23,12:16:00,2025-07-31,3.65,3.65,3.65,3.65,0,2765,1
BANKNIFTY31JUL2548600PE.NFO,2025-07-23,12:17:00,2025-07-31,3.65,3.65,3.65,3.65,0,2765,1
BANKNIFTY31JUL2548600PE.NFO,2025-07-23,12:18:00,2025-07-31,3.65,3.65,3.65,3.65,0,2765,1
BANKNIFTY31JUL2548600PE.NFO,2025-07-23,12:19:00,2025-07-31,3.65,3.65,3.65,3.65,0,2765,1
BANKNIFTY31JUL2548600PE.NFO,2025-07-23,12:20:00,2025-07-31,3.65,3.65,3.65,3.65,0,2765,1
BANKNIFTY31JUL2548600PE.NFO,2025-07-23,12:21:00,2025-07-31,3.65,3.65,3.65,3.65,0,2765,1
BANKNIFTY31JUL2548600PE.NFO,2025-07-23,12:22:00,2025-07-31,3.65,3.65,3.65,3.65,0,2765,1
BANKNIFTY31JUL2548600PE.NFO,2025-07-23,12:23:00,2025-07-31,3.65,3.65,3.65,3.65,0,2765,1
BANKNIFTY31JUL2548600PE.NFO,2025-07-23,12:24:00,2025-07-31,3.65,3.65,3.65,3.65,0,2765,1
BANKNIFTY31JUL2548600PE.NFO,2025-07-23,12:25:00,2025-07-31,3.65,3.65,3.65,3.65,0,2765,1
BANKNIFTY31JUL2548600PE.NFO,2025-07-23,12:26:00,2025-07-31,3.65,3.65,3.65,3.65,0,2765,1
BANKNIFTY31JUL2548600PE.NFO,2025-07-23,12:27:00,2025-07-31,3.65,3.65,3.65,3.65,0,2765,1
BANKNIFTY31JUL2548600PE.NFO,2025-07-23,12:28:00,2025-07-31,3.65,3.65,3.65,3.65,0,2765,1
BANKNIFTY31JUL2548600PE.NFO,2025-07-23,12:29:00,2025-07-31,3.65,3.65,3.65,3.65,0,2765,1
BANKNIFTY31JUL2548600PE.NFO,2025-07-23,12:30:00,2025-07-31,3.65,3.65,3.65,3.65,0,2765,1
BANKNIFTY31JUL2548600PE.NFO,2025-07-23,12:31:00,2025-07-31,3.65,3.65,3.65,3.65,0,2765,1
BANKNIFTY31JUL2548600PE.NFO,2025-07-23,12:32:00,2025-07-31,3.65,3.65,3.65,3.65,0,2765,1
BANKNIFTY31JUL2548600PE.NFO,2025-07-23,12:33:00,2025-07-31,3.65,3.65,3.65,3.65,0,2765,1
BANKNIFTY31JUL2548600PE.NFO,2025-07-23,12:34:00,2025-07-31,3.65,3.65,3.65,3.65,0,2765,1
BANKNIFTY31JUL2548600PE.NFO,2025-07-23,12:35:00,2025-07-31,3.65,3.65,3.65,3.65,0,2765,1
BANKNIFTY31JUL2548600PE.NFO,2025-07-23,12:36:00,2025-07-31,3.65,3.65,3.65,3.65,0,2765,1
BANKNIFTY31JUL2548600PE.NFO,2025-07-23,12:37:00,2025-07-31,3.65,3.65,3.65,3.65,0,2765,1
BANKNIFTY31JUL2548600PE.NFO,2025-07-23,12:38:00,2025-07-31,3.65,3.65,3.65,3.65,0,2765,1
BANKNIFTY31JUL2548600PE.NFO,2025-07-23,12:39:00,2025-07-31,3.65,3.65,3.65,3.65,0,2765,1
BANKNIFTY31JUL2548600PE.NFO,2025-07-23,12:40:00,2025-07-31,3.65,3.65,3.65,3.65,0,2765,1
BANKNIFTY31JUL2548600PE.NFO,2025-07-23,12:41:00,2025-07-31,3.65,3.65,3.65,3.65,0,2765,1
BANKNIFTY31JUL2548600PE.NFO,2025-07-23,12:42:00,2025-07-31,3.65,3.65,3.65,3.65,0,2765,1
BANKNIFTY31JUL2548600PE.NFO,2025-07-23,12:43:00,2025-07-31,3.65,3.65,3.65,3.65,0,2765,1
BANKNIFTY31JUL2548600PE.NFO,2025-07-23,12:44:00,2025-07-31,3.65,3.65,3.65,3.65,0,2765,1
BANKNIFTY31JUL2548600PE.NFO,2025-07-23,12:45:00,2025-07-31,3.65,3.65,3.65,3.65,0,2765,1
BANKNIFTY31JUL2548600PE.NFO,2025-07-23,12:46:00,2025-07-31,3.65,3.65,3.65,3.65,0,2765,1
BANKNIFTY31JUL2548600PE.NFO,2025-07-23,12:47:00,2025-07-31,3.65,3.65,3.65,3.65,0,2765,1
BANKNIFTY31JUL2548600PE.NFO,2025-07-23,12:48:00,2025-07-31,3.65,3.65,3.65,3.65,0,2765,1
BANKNIFTY31JUL2548600PE.NFO,2025-07-23,12:49:00,2025-07-31,3.65,3.65,3.65,3.65,0,2765,1
BANKNIFTY31JUL2548600PE.NFO,2025-07-23,12:50:00,2025-07-31,3.65,3.65,3.65,3.65,0,2765,1
BANKNIFTY31JUL2548600PE.NFO,2025-07-23,12:51:00,2025-07-31,3.65,3.65,3.65,3.65,0,2765,1
BANKNIFTY31JUL2548600PE.NFO,2025-07-23,12:52:00,2025-07-31,3.65,3.65,3.65,3.65,0,2765,1
BANKNIFTY31JUL2548600PE.NFO,2025-07-23,12:53:00,2025-07-31,3.65,3.65,3.65,3.65,0,2765,1
BANKNIFTY31JUL2548600PE.NFO,2025-07-23,12:54:00,2025-07-31,3.65,3.65,3.65,3.65,0,2765,1
BANKNIFTY31JUL2548600PE.NFO,2025-07-23,12:55:00,2025-07-31,3.65,3.65,3.65,3.65,0,2765,1
BANKNIFTY31JUL2548600PE.NFO,2025-07-23,12:56:00,2025-07-31,3.65,3.65,3.65,3.65,0,2765,1
BANKNIFTY31JUL2548600PE.NFO,2025-07-23,12:57:00,2025-07-31,3.65,3.65,3.65,3.65,0,2765,1
BANKNIFTY31JUL2548600PE.NFO,2025-07-23,12:58:00,2025-07-31,3.65,3.65,3.65,3.65,0,2765,1
BANKNIFTY31JUL2548600PE.NFO,2025-07-23,12:59:00,2025-07-31,3.65,3.65,3.65,3.65,0,2765,1
BANKNIFTY31JUL2548600PE.NFO,2025-07-23,13:00:00,2025-07-31,3.65,3.65,3.65,3.65,0,2765,1
BANKNIFTY31JUL2548600PE.NFO,2025-07-23,13:01:00,2025-07-31,3.65,3.65,3.65,3.65,0,2765,1
BANKNIFTY31JUL2548600PE.NFO,2025-07-23,13:02:00,2025-07-31,3.65,3.65,3.65,3.65,0,2765,1
BANKNIFTY31JUL2548600PE.NFO,2025-07-23,13:03:00,2025-07-31,3.65,3.65,3.65,3.65,0,2765,1
BANKNIFTY31JUL2548600PE.NFO,2025-07-23,13:04:00,2025-07-31,3.65,3.65,3.65,3.65,0,2765,1
BANKNIFTY31JUL2548600PE.NFO,2025-07-23,13:05:00,2025-07-31,3.65,3.65,3.65,3.65,0,2765,1
BANKNIFTY31JUL2548600PE.NFO,2025-07-23,13:06:00,2025-07-31,3.65,3.65,3.65,3.65,0,2765,1
BANKNIFTY31JUL2548600PE.NFO,2025-07-23,13:07:00,2025-07-31,3.65,3.65,3.65,3.65,0,2765,1
BANKNIFTY31JUL2548600PE.NFO,2025-07-23,13:08:00,2025-07-31,3.65,3.65,3.65,3.65,0,2765,1
BANKNIFTY31JUL2548600PE.NFO,2025-07-23,13:09:00,2025-07-31,3.65,3.65,3.65,3.65,0,2765,1
BANKNIFTY31JUL2548600PE.NFO,2025-07-23,13:10:00,2025-07-31,3.65,3.65,3.65,3.65,0,2765,1
BANKNIFTY31JUL2548600PE.NFO,2025-07-23,13:11:00,2025-07-31,3.65,3.65,3.65,3.65,0,2765,1
BANKNIFTY31JUL2548600PE.NFO,2025-07-23,13:12:00,2025-07-31,3.65,3.65,3.65,3.65,0,2765,1
BANKNIFTY31JUL2548600PE.NFO,2025-07-23,13:13:00,2025-07-31,3.65,3.65,3.65,3.65,0,2765,1
BANKNIFTY31JUL2548600PE.NFO,2025-07-23,13:14:00,2025-07-31,3.65,3.65,3.65,3.65,0,2765,1
BANKNIFTY31JUL2548600PE.NFO,2025-07-23,13:15:00,2025-07-31,3.65,3.65,3.65,3.65,0,2765,1
BANKNIFTY31JUL2548600PE.NFO,2025-07-23,13:16:00,2025-07-31,3.65,3.65,3.65,3.65,0,2765,1
BANKNIFTY31JUL2548600PE.NFO,2025-07-23,13:17:00,2025-07-31,3.65,3.65,3.65,3.65,0,2765,1
BANKNIFTY31JUL2548600PE.NFO,2025-07-23,13:18:00,2025-07-31,3.65,3.65,3.65,3.65,0,2765,1
BANKNIFTY31JUL2548600PE.NFO,2025-07-23,13:19:00,2025-07-31,3.65,3.65,3.65,3.65,0,2765,1
BANKNIFTY31JUL2548600PE.NFO,2025-07-23,13:20:00,2025-07-31,3.65,3.65,3.65,3.65,0,2765,1
BANKNIFTY31JUL2548600PE.NFO,2025-07-23,13:21:00,2025-07-31,3.65,3.65,3.65,3.65,0,2765,1
BANKNIFTY31JUL2548600PE.NFO,2025-07-23,13:22:00,2025-07-31,3.65,3.65,3.65,3.65,0,2765,1
BANKNIFTY31JUL2548600PE.NFO,2025-07-23,13:23:00,2025-07-31,3.65,3.65,3.65,3.65,0,2765,1
BANKNIFTY31JUL2548600PE.NFO,2025-07-23,13:24:00,2025-07-31,3.65,3.65,3.65,3.65,0,2765,1
BANKNIFTY31JUL2548600PE.NFO,2025-07-23,13:25:00,2025-07-31,3.65,3.65,3.65,3.65,0,2765,1
BANKNIFTY31JUL2548600PE.NFO,2025-07-23,13:26:00,2025-07-31,3.65,3.65,3.65,3.65,0,2765,1
BANKNIFTY31JUL2548600PE.NFO,2025-07-23,13:27:00,2025-07-31,3.65,3.65,3.65,3.65,0,2765,1
BANKNIFTY31JUL2548600PE.NFO,2025-07-23,13:28:00,2025-07-31,3.65,3.65,3.65,3.65,0,2765,1
BANKNIFTY31JUL2548600PE.NFO,2025-07-23,13:29:00,2025-07-31,3.65,3.65,3.65,3.65,0,2765,1
BANKNIFTY31JUL2548600PE.NFO,2025-07-23,13:30:00,2025-07-31,3.65,3.65,3.65,3.65,0,2765,1
BANKNIFTY31JUL2548600PE.NFO,2025-07-23,13:31:00,2025-07-31,3.65,3.65,3.65,3.65,0,2765,1
BANKNIFTY31JUL2548600PE.NFO,2025-07-23,13:32:00,2025-07-31,3.65,3.65,3.65,3.65,0,2765,1
BANKNIFTY31JUL2548600PE.NFO,2025-07-23,13:33:00,2025-07-31,3.65,3.65,3.65,3.65,0,2765,1
BANKNIFTY31JUL2548600PE.NFO,2025-07-23,13:34:00,2025-07-31,3.65,3.65,3.65,3.65,0,2765,1
BANKNIFTY31JUL2548600PE.NFO,2025-07-23,13:35:00,2025-07-31,3.65,3.65,3.65,3.65,0,2765,1
BANKNIFTY31JUL2548600PE.NFO,2025-07-23,13:36:00,2025-07-31,3.65,3.65,3.65,3.65,0,2765,1
BANKNIFTY31JUL2548600PE.NFO,2025-07-23,13:37:00,2025-07-31,3.65,3.65,3.65,3.65,0,2765,1
BANKNIFTY31JUL2548600PE.NFO,2025-07-23,13:38:00,2025-07-31,3.65,3.65,3.65,3.65,0,2765,1
BANKNIFTY31JUL2548600PE.NFO,2025-07-23,13:39:00,2025-07-31,3.65,3.65,3.65,3.65,0,2765,1
BANKNIFTY31JUL2548600PE.NFO,2025-07-23,13:40:00,2025-07-31,3.65,3.65,3.65,3.65,0,2765,1
BANKNIFTY31JUL2548600PE.NFO,2025-07-23,13:41:00,2025-07-31,3.65,3.65,3.65,3.65,0,2765,1
BANKNIFTY31JUL2548600PE.NFO,2025-07-23,13:42:00,2025-07-31,3.65,3.65,3.65,3.65,0,2765,1
BANKNIFTY31JUL2548600PE.NFO,2025-07-23,13:43:00,2025-07-31,3.65,3.65,3.65,3.65,0,2765,1
BANKNIFTY31JUL2548600PE.NFO,2025-07-23,13:44:00,2025-07-31,3.65,3.65,3.65,3.65,0,2765,1
BANKNIFTY31JUL2548600PE.NFO,2025-07-23,13:45:00,2025-07-31,3.65,3.65,3.65,3.65,0,2765,1
BANKNIFTY31JUL2548600PE.NFO,2025-07-23,13:46:00,2025-07-31,3.65,3.65,3.65,3.65,0,2765,1
BANKNIFTY31JUL2548600PE.NFO,2025-07-23,13:47:00,2025-07-31,3.65,3.65,3.65,3.65,0,2765,1
BANKNIFTY31JUL2548600PE.NFO,2025-07-23,13:48:00,2025-07-31,3.65,3.65,3.65,3.65,0,2765,1
BANKNIFTY31JUL2548600PE.NFO,2025-07-23,13:49:00,2025-07-31,3.65,3.65,3.65,3.65,0,2765,1
BANKNIFTY31JUL2548600PE.NFO,2025-07-23,13:50:00,2025-07-31,3.65,3.65,3.65,3.65,0,2765,1
BANKNIFTY31JUL2548600PE.NFO,2025-07-23,13:51:00,2025-07-31,3.65,3.65,3.65,3.65,0,2765,1
BANKNIFTY31JUL2548600PE.NFO,2025-07-23,13:52:00,2025-07-31,3.65,3.65,3.4,3.65,0,2765,0
BANKNIFTY31JUL2548600PE.NFO,2025-07-23,13:53:00,2025-07-31,3.65,3.65,3.65,3.65,0,2765,1
BANKNIFTY31JUL2548600PE.NFO,2025-07-23,13:54:00,2025-07-31,3.65,3.65,3.65,3.65,0,2765,1
BANKNIFTY31JUL2548600PE.NFO,2025-07-23,13:55:00,2025-07-31,3.65,3.65,3.65,3.65,0,2765,0
BANKNIFTY31JUL2548600PE.NFO,2025-07-23,13:56:00,2025-07-31,3.65,3.65,3.65,3.65,0,2765,1
BANKNIFTY31JUL2548600PE.NFO,2025-07-23,13:57:00,2025-07-31,3.65,3.65,3.65,3.65,0,2765,1
BANKNIFTY31JUL2548600PE.NFO,2025-07-23,13:58:00,2025-07-31,3.65,3.65,3.65,3.65,0,2765,1
BANKNIFTY31JUL2548600PE.NFO,2025-07-23,13:59:00,2025-07-31,3.65,3.65,3.65,3.65,0,2765,1
BANKNIFTY31JUL2548600PE.NFO,2025-07-23,14:00:00,2025-07-31,3.65,3.65,3.65,3.65,0,2765,1
BANKNIFTY31JUL2548600PE.NFO,2025-07-23,14:01:00,2025-07-31,3.65,3.65,3.65,3.65,0,2765,0
BANKNIFTY31JUL2548600PE.NFO,2025-07-23,14:02:00,2025-07-31,3.65,3.65,3.65,3.65,0,2765,0
BANKNIFTY31JUL2548600PE.NFO,2025-07-23,14:03:00,2025-07-31,3.65,3.65,3.65,3.65,0,2765,0
BANKNIFTY31JUL2548600PE.NFO,2025-07-23,14:04:00,2025-07-31,3.55,3.55,3.55,3.55,70,3325,0
BANKNIFTY31JUL2548600PE.NFO,2025-07-23,14:05:00,2025-07-31,3.55,3.55,3.55,3.55,35,3360,0
BANKNIFTY31JUL2548600PE.NFO,2025-07-23,14:06:00,2025-07-31,3.55,3.55,3.55,3.55,0,3360,0
BANKNIFTY31JUL2548600PE.NFO,2025-07-23,14:07:00,2025-07-31,3.55,3.55,3.55,3.55,0,3360,0
BANKNIFTY31JUL2548600PE.NFO,2025-07-23,14:08:00,2025-07-31,3.55,3.55,3.55,3.55,0,3360,0
BANKNIFTY31JUL2548600PE.NFO,2025-07-23,14:09:00,2025-07-31,3.55,3.55,2.95,2.95,70,3395,0
BANKNIFTY31JUL2548600PE.NFO,2025-07-23,14:10:00,2025-07-31,3.5,3.5,3.0,3.0,35,3395,0
BANKNIFTY31JUL2548600PE.NFO,2025-07-23,14:11:00,2025-07-31,3.0,3.0,3.0,3.0,0,3395,0
BANKNIFTY31JUL2548600PE.NFO,2025-07-23,14:12:00,2025-07-31,3.0,3.35,2.95,2.95,175,3395,0
BANKNIFTY31JUL2548600PE.NFO,2025-07-23,14:13:00,2025-07-31,2.95,2.95,2.95,2.95,0,3395,0
BANKNIFTY31JUL2548600PE.NFO,2025-07-23,14:14:00,2025-07-31,2.95,2.95,2.95,2.95,0,3395,0
BANKNIFTY31JUL2548600PE.NFO,2025-07-23,14:15:00,2025-07-31,2.95,2.95,2.95,2.95,0,3395,0
BANKNIFTY31JUL2548600PE.NFO,2025-07-23,14:16:00,2025-07-31,2.95,2.95,2.95,2.95,0,3395,1
BANKNIFTY31JUL2548600PE.NFO,2025-07-23,14:17:00,2025-07-31,2.95,2.95,2.95,2.95,0,3395,0
BANKNIFTY31JUL2548600PE.NFO,2025-07-23,14:18:00,2025-07-31,2.95,2.95,2.95,2.95,0,3395,0
BANKNIFTY31JUL2548600PE.NFO,2025-07-23,14:19:00,2025-07-31,2.95,2.95,2.95,2.95,0,3395,0
BANKNIFTY31JUL2548600PE.NFO,2025-07-23,14:20:00,2025-07-31,2.95,2.95,2.95,2.95,0,3395,0
BANKNIFTY31JUL2548600PE.NFO,2025-07-23,14:21:00,2025-07-31,2.95,2.95,2.95,2.95,0,3395,1
BANKNIFTY31JUL2548600PE.NFO,2025-07-23,14:22:00,2025-07-31,2.95,2.95,2.95,2.95,0,3395,1
BANKNIFTY31JUL2548600PE.NFO,2025-07-23,14:23:00,2025-07-31,2.95,2.95,2.95,2.95,0,3395,0
BANKNIFTY31JUL2548600PE.NFO,2025-07-23,14:24:00,2025-07-31,2.95,2.95,2.95,2.95,0,3395,0
BANKNIFTY31JUL2548600PE.NFO,2025-07-23,14:25:00,2025-07-31,2.95,2.95,2.95,2.95,0,3395,0
BANKNIFTY31JUL2548600PE.NFO,2025-07-23,14:26:00,2025-07-31,2.95,2.95,2.95,2.95,0,3395,1
BANKNIFTY31JUL2548600PE.NFO,2025-07-23,14:27:00,2025-07-31,2.95,2.95,2.95,2.95,0,3395,1
BANKNIFTY31JUL2548600PE.NFO,2025-07-23,14:28:00,2025-07-31,2.95,2.95,2.95,2.95,0,3395,1
BANKNIFTY31JUL2548600PE.NFO,2025-07-23,14:29:00,2025-07-31,2.95,2.95,2.95,2.95,0,3395,1
BANKNIFTY31JUL2548600PE.NFO,2025-07-23,14:30:00,2025-07-31,2.95,2.95,2.95,2.95,0,3395,0
BANKNIFTY31JUL2548600PE.NFO,2025-07-23,14:31:00,2025-07-31,2.95,2.95,2.95,2.95,0,3395,0
BANKNIFTY31JUL2548600PE.NFO,2025-07-23,14:32:00,2025-07-31,2.95,2.95,2.95,2.95,0,3395,0
BANKNIFTY31JUL2548600PE.NFO,2025-07-23,14:33:00,2025-07-31,2.95,2.95,2.95,2.95,0,3395,0
BANKNIFTY31JUL2548600PE.NFO,2025-07-23,14:34:00,2025-07-31,2.95,2.95,2.95,2.95,0,3395,0
BANKNIFTY31JUL2548600PE.NFO,2025-07-23,14:35:00,2025-07-31,3.75,3.75,3.75,3.75,35,3395,0
BANKNIFTY31JUL2548600PE.NFO,2025-07-23,14:36:00,2025-07-31,3.2,3.2,3.2,3.2,35,3395,0
BANKNIFTY31JUL2548600PE.NFO,2025-07-23,14:37:00,2025-07-31,3.2,3.2,3.2,3.2,0,3395,0
BANKNIFTY31JUL2548600PE.NFO,2025-07-23,14:38:00,2025-07-31,3.2,3.2,3.2,3.2,0,3395,1
BANKNIFTY31JUL2548600PE.NFO,2025-07-23,14:39:00,2025-07-31,3.2,3.2,2.8,2.8,0,3430,0
BANKNIFTY31JUL2548600PE.NFO,2025-07-23,14:40:00,2025-07-31,2.8,2.8,2.8,2.8,35,3430,0
BANKNIFTY31JUL2548600PE.NFO,2025-07-23,14:41:00,2025-07-31,2.8,2.8,2.8,2.8,35,3430,1
BANKNIFTY31JUL2548600PE.NFO,2025-07-23,14:42:00,2025-07-31,2.8,2.8,2.8,2.8,35,3430,1
BANKNIFTY31JUL2548600PE.NFO,2025-07-23,14:43:00,2025-07-31,2.8,2.8,2.8,2.8,35,3430,1
BANKNIFTY31JUL2548600PE.NFO,2025-07-23,14:44:00,2025-07-31,2.8,2.8,2.8,2.8,0,3430,0
BANKNIFTY31JUL2548600PE.NFO,2025-07-23,14:45:00,2025-07-31,2.8,2.8,2.8,2.8,0,3430,0
BANKNIFTY31JUL2548600PE.NFO,2025-07-23,14:46:00,2025-07-31,2.8,2.8,2.8,2.8,0,3430,0
BANKNIFTY31JUL2548600PE.NFO,2025-07-23,14:47:00,2025-07-31,2.8,2.8,2.8,2.8,0,3430,1
BANKNIFTY31JUL2548600PE.NFO,2025-07-23,14:48:00,2025-07-31,2.8,2.8,2.8,2.8,0,3430,1
BANKNIFTY31JUL2548600PE.NFO,2025-07-23,14:49:00,2025-07-31,2.8,2.8,2.8,2.8,0,3430,0
BANKNIFTY31JUL2548600PE.NFO,2025-07-23,14:50:00,2025-07-31,2.8,2.8,2.8,2.8,0,3430,0
BANKNIFTY31JUL2548600PE.NFO,2025-07-23,14:51:00,2025-07-31,2.8,2.8,2.8,2.8,0,3430,1
BANKNIFTY31JUL2548600PE.NFO,2025-07-23,14:52:00,2025-07-31,2.8,2.8,2.8,2.8,0,3430,0
BANKNIFTY31JUL2548600PE.NFO,2025-07-23,14:53:00,2025-07-31,2.8,2.8,2.8,2.8,0,3430,1
BANKNIFTY31JUL2548600PE.NFO,2025-07-23,14:54:00,2025-07-31,2.8,2.8,2.8,2.8,0,3430,0
BANKNIFTY31JUL2548600PE.NFO,2025-07-23,14:55:00,2025-07-31,2.8,2.8,2.8,2.8,0,3430,1
BANKNIFTY31JUL2548600PE.NFO,2025-07-23,14:56:00,2025-07-31,2.8,2.8,2.8,2.8,0,3430,1
BANKNIFTY31JUL2548600PE.NFO,2025-07-23,14:57:00,2025-07-31,2.8,2.8,2.8,2.8,0,3430,0
BANKNIFTY31JUL2548600PE.NFO,2025-07-23,14:58:00,2025-07-31,2.8,2.8,2.8,2.8,0,3430,1
BANKNIFTY31JUL2548600PE.NFO,2025-07-23,14:59:00,2025-07-31,2.8,2.8,2.8,2.8,0,3430,1
BANKNIFTY31JUL2548600PE.NFO,2025-07-23,15:00:00,2025-07-31,2.8,2.8,2.8,2.8,0,3430,0
BANKNIFTY31JUL2548600PE.NFO,2025-07-23,15:01:00,2025-07-31,2.8,2.8,2.8,2.8,0,3430,0
BANKNIFTY31JUL2548600PE.NFO,2025-07-23,15:02:00,2025-07-31,2.8,2.8,2.8,2.8,0,3430,1
BANKNIFTY31JUL2548600PE.NFO,2025-07-23,15:03:00,2025-07-31,2.8,2.8,2.8,2.8,0,3430,1
BANKNIFTY31JUL2548600PE.NFO,2025-07-23,15:04:00,2025-07-31,2.8,2.8,2.8,2.8,0,3430,1
BANKNIFTY31JUL2548600PE.NFO,2025-07-23,15:05:00,2025-07-31,2.8,2.8,2.8,2.8,0,3430,1
BANKNIFTY31JUL2548600PE.NFO,2025-07-23,15:06:00,2025-07-31,2.8,2.8,2.8,2.8,0,3430,1
BANKNIFTY31JUL2548600PE.NFO,2025-07-23,15:07:00,2025-07-31,2.8,2.8,2.8,2.8,0,3430,1
BANKNIFTY31JUL2548600PE.NFO,2025-07-23,15:08:00,2025-07-31,2.8,2.8,2.8,2.8,0,3430,1
BANKNIFTY31JUL2548600PE.NFO,2025-07-23,15:09:00,2025-07-31,2.8,2.8,2.8,2.8,0,3430,0
BANKNIFTY31JUL2548600PE.NFO,2025-07-23,15:10:00,2025-07-31,2.8,2.8,2.8,2.8,0,3430,0
BANKNIFTY31JUL2548600PE.NFO,2025-07-23,15:11:00,2025-07-31,2.8,2.8,2.8,2.8,0,3430,1
BANKNIFTY31JUL2548600PE.NFO,2025-07-23,15:12:00,2025-07-31,2.8,2.8,2.8,2.8,0,3430,0
BANKNIFTY31JUL2548600PE.NFO,2025-07-23,15:13:00,2025-07-31,2.8,2.8,2.8,2.8,0,3430,1
BANKNIFTY31JUL2548600PE.NFO,2025-07-23,15:14:00,2025-07-31,2.8,2.8,2.8,2.8,0,3430,1
BANKNIFTY31JUL2548600PE.NFO,2025-07-23,15:15:00,2025-07-31,2.8,2.8,2.8,2.8,0,3430,1
BANKNIFTY31JUL2548600PE.NFO,2025-07-23,15:16:00,2025-07-31,2.8,2.8,2.8,2.8,0,3430,1
BANKNIFTY31JUL2548600PE.NFO,2025-07-23,15:17:00,2025-07-31,2.8,3.95,2.8,3.95,0,3395,0
BANKNIFTY31JUL2548600PE.NFO,2025-07-23,15:18:00,2025-07-31,3.95,3.95,3.95,3.95,105,3395,0
BANKNIFTY31JUL2548600PE.NFO,2025-07-23,15:19:00,2025-07-31,3.95,3.95,3.95,3.95,0,3395,0
BANKNIFTY31JUL2548600PE.NFO,2025-07-23,15:20:00,2025-07-31,3.95,3.95,3.95,3.95,0,3395,0
BANKNIFTY31JUL2548600PE.NFO,2025-07-23,15:21:00,2025-07-31,3.65,3.9,3.15,3.9,560,3500,0
BANKNIFTY31JUL2548600PE.NFO,2025-07-23,15:22:00,2025-07-31,3.9,3.9,3.15,3.35,1015,3500,0
BANKNIFTY31JUL2548600PE.NFO,2025-07-23,15:23:00,2025-07-31,3.35,3.35,3.25,3.25,105,4305,0
BANKNIFTY31JUL2548600PE.NFO,2025-07-23,15:24:00,2025-07-31,3.25,3.25,3.25,3.25,0,4305,0
BANKNIFTY31JUL2548600PE.NFO,2025-07-23,15:25:00,2025-07-31,3.25,3.25,3.25,3.25,0,4305,0
BANKNIFTY31JUL2548600PE.NFO,2025-07-23,15:26:00,2025-07-31,3.25,3.25,3.25,3.25,0,4305,0
BANKNIFTY31JUL2548600PE.NFO,2025-07-23,15:27:00,2025-07-31,3.25,3.4,3.25,3.4,105,4305,0
BANKNIFTY31JUL2548600PE.NFO,2025-07-23,15:28:00,2025-07-31,3.4,3.4,3.4,3.4,0,4305,0
BANKNIFTY31JUL2548600PE.NFO,2025-07-23,15:29:00,2025-07-31,3.4,4.25,3.4,4.25,0,4305,0
BANKNIFTY31JUL2548600PE.NFO,2025-07-23,15:30:00,2025-07-31,4.25,4.25,4.25,4.25,0,4305,1
BANKNIFTY31JUL2548600PE.NFO,2025-07-24,09:15:00,2025-07-31,3.55,3.55,3.55,3.55,35,4410,1
BANKNIFTY31JUL2548600PE.NFO,2025-07-24,09:16:00,2025-07-31,3.55,3.55,3.55,3.55,35,4410,1
BANKNIFTY31JUL2548600PE.NFO,2025-07-24,09:17:00,2025-07-31,3.55,3.55,3.55,3.55,35,4410,1
BANKNIFTY31JUL2548600PE.NFO,2025-07-24,09:18:00,2025-07-31,3.55,3.55,3.55,3.55,35,4410,1
BANKNIFTY31JUL2548600PE.NFO,2025-07-24,09:19:00,2025-07-31,3.55,3.55,3.55,3.55,35,4410,1
BANKNIFTY31JUL2548600PE.NFO,2025-07-24,09:20:00,2025-07-31,3.55,3.55,3.55,3.55,35,4410,1
BANKNIFTY31JUL2548600PE.NFO,2025-07-24,09:21:00,2025-07-31,3.55,3.55,3.55,3.55,35,4410,1
BANKNIFTY31JUL2548600PE.NFO,2025-07-24,09:22:00,2025-07-31,3.55,3.55,3.55,3.55,35,4410,1
BANKNIFTY31JUL2548600PE.NFO,2025-07-24,09:23:00,2025-07-31,3.55,3.55,3.55,3.55,35,4410,1
BANKNIFTY31JUL2548600PE.NFO,2025-07-24,09:24:00,2025-07-31,3.55,3.55,3.55,3.55,35,4410,1
BANKNIFTY31JUL2548600PE.NFO,2025-07-24,09:25:00,2025-07-31,3.55,3.55,3.55,3.55,35,4410,1
BANKNIFTY31JUL2548600PE.NFO,2025-07-24,09:26:00,2025-07-31,3.55,3.55,3.55,3.55,35,4410,1
BANKNIFTY31JUL2548600PE.NFO,2025-07-24,09:27:00,2025-07-31,3.55,3.55,3.55,3.55,35,4410,1
BANKNIFTY31JUL2548600PE.NFO,2025-07-24,09:28:00,2025-07-31,3.55,3.55,3.55,3.55,35,4410,1
BANKNIFTY31JUL2548600PE.NFO,2025-07-24,09:29:00,2025-07-31,3.55,3.55,3.55,3.55,35,4410,1
BANKNIFTY31JUL2548600PE.NFO,2025-07-24,09:30:00,2025-07-31,3.55,3.55,3.55,3.55,35,4410,1
BANKNIFTY31JUL2548600PE.NFO,2025-07-24,09:31:00,2025-07-31,3.55,3.55,3.55,3.55,35,4410,1
BANKNIFTY31JUL2548600PE.NFO,2025-07-24,09:32:00,2025-07-31,3.5,3.55,3.5,3.55,35,4410,0
BANKNIFTY31JUL2548600PE.NFO,2025-07-24,09:33:00,2025-07-31,3.55,3.55,3.55,3.55,0,4410,0
BANKNIFTY31JUL2548600PE.NFO,2025-07-24,09:34:00,2025-07-31,3.55,3.55,3.55,3.55,0,4410,0
BANKNIFTY31JUL2548600PE.NFO,2025-07-24,09:35:00,2025-07-31,3.55,3.55,3.55,3.55,0,4410,1
BANKNIFTY31JUL2548600PE.NFO,2025-07-24,09:36:00,2025-07-31,3.55,3.55,3.55,3.55,0,4410,0
BANKNIFTY31JUL2548600PE.NFO,2025-07-24,09:37:00,2025-07-31,3.55,3.55,2.45,2.45,560,4480,0
BANKNIFTY31JUL2548600PE.NFO,2025-07-24,09:38:00,2025-07-31,2.45,2.45,2.45,2.45,0,4480,0
BANKNIFTY31JUL2548600PE.NFO,2025-07-24,09:39:00,2025-07-31,2.45,2.45,2.45,2.45,0,4480,0
BANKNIFTY31JUL2548600PE.NFO,2025-07-24,09:40:00,2025-07-31,2.45,2.45,2.45,2.45,0,4480,1
BANKNIFTY31JUL2548600PE.NFO,2025-07-24,09:41:00,2025-07-31,2.45,3.0,2.45,3.0,35,4340,0
BANKNIFTY31JUL2548600PE.NFO,2025-07-24,09:42:00,2025-07-31,3.0,3.0,3.0,3.0,0,4340,0
BANKNIFTY31JUL2548600PE.NFO,2025-07-24,09:43:00,2025-07-31,3.0,3.0,3.0,3.0,0,4340,1
BANKNIFTY31JUL2548600PE.NFO,2025-07-24,09:44:00,2025-07-31,3.0,3.0,3.0,3.0,0,4340,0
BANKNIFTY31JUL2548600PE.NFO,2025-07-24,09:45:00,2025-07-31,3.0,3.0,3.0,3.0,0,4340,0
BANKNIFTY31JUL2548600PE.NFO,2025-07-24,09:46:00,2025-07-31,3.0,3.0,3.0,3.0,0,4340,0
BANKNIFTY31JUL2548600PE.NFO,2025-07-24,09:47:00,2025-07-31,3.0,3.0,3.0,3.0,0,4340,1
BANKNIFTY31JUL2548600PE.NFO,2025-07-24,09:48:00,2025-07-31,3.0,3.0,3.0,3.0,0,4340,0
BANKNIFTY31JUL2548600PE.NFO,2025-07-24,09:49:00,2025-07-31,3.0,3.0,3.0,3.0,0,4340,0
BANKNIFTY31JUL2548600PE.NFO,2025-07-24,09:50:00,2025-07-31,3.0,3.0,3.0,3.0,0,4340,0
BANKNIFTY31JUL2548600PE.NFO,2025-07-24,09:51:00,2025-07-31,3.0,3.0,3.0,3.0,0,4340,0
BANKNIFTY31JUL2548600PE.NFO,2025-07-24,09:52:00,2025-07-31,3.0,3.0,3.0,3.0,0,4340,0
BANKNIFTY31JUL2548600PE.NFO,2025-07-24,09:53:00,2025-07-31,3.0,3.0,3.0,3.0,0,4340,0
BANKNIFTY31JUL2548600PE.NFO,2025-07-24,09:54:00,2025-07-31,3.0,3.0,3.0,3.0,0,4340,1
BANKNIFTY31JUL2548600PE.NFO,2025-07-24,09:55:00,2025-07-31,2.95,2.95,2.65,2.65,70,4340,0
BANKNIFTY31JUL2548600PE.NFO,2025-07-24,09:56:00,2025-07-31,2.65,2.9,2.65,2.9,385,4340,0
BANKNIFTY31JUL2548600PE.NFO,2025-07-24,09:57:00,2025-07-31,3.45,3.45,3.45,3.45,35,4340,0
BANKNIFTY31JUL2548600PE.NFO,2025-07-24,09:58:00,2025-07-31,3.45,3.45,3.45,3.45,35,4340,1
BANKNIFTY31JUL2548600PE.NFO,2025-07-24,09:59:00,2025-07-31,3.45,3.45,3.45,3.45,35,4340,1
BANKNIFTY31JUL2548600PE.NFO,2025-07-24,10:00:00,2025-07-31,3.45,3.45,3.45,3.45,0,4340,0
BANKNIFTY31JUL2548600PE.NFO,2025-07-24,10:01:00,2025-07-31,3.45,3.45,3.45,3.45,0,4340,1
BANKNIFTY31JUL2548600PE.NFO,2025-07-24,10:02:00,2025-07-31,3.45,3.45,3.45,3.45,0,4340,0
BANKNIFTY31JUL2548600PE.NFO,2025-07-24,10:03:00,2025-07-31,3.45,3.45,3.3,3.3,0,3885,0
BANKNIFTY31JUL2548600PE.NFO,2025-07-24,10:04:00,2025-07-31,3.3,3.3,3.3,3.3,35,3885,0
BANKNIFTY31JUL2548600PE.NFO,2025-07-24,10:05:00,2025-07-31,3.3,3.3,3.3,3.3,0,3885,0
BANKNIFTY31JUL2548600PE.NFO,2025-07-24,10:06:00,2025-07-31,3.3,3.3,3.3,3.3,0,3885,0
BANKNIFTY31JUL2548600PE.NFO,2025-07-24,10:07:00,2025-07-31,3.3,3.3,3.3,3.3,0,3885,1
BANKNIFTY31JUL2548600PE.NFO,2025-07-24,10:08:00,2025-07-31,3.3,3.3,3.3,3.3,0,3885,0
BANKNIFTY31JUL2548600PE.NFO,2025-07-24,10:09:00,2025-07-31,3.3,3.3,3.3,3.3,0,3885,1
BANKNIFTY31JUL2548600PE.NFO,2025-07-24,10:10:00,2025-07-31,3.3,3.3,3.3,3.3,0,3885,1
BANKNIFTY31JUL2548600PE.NFO,2025-07-24,10:11:00,2025-07-31,3.3,3.3,3.3,3.3,0,3885,1
BANKNIFTY31JUL2548600PE.NFO,2025-07-24,10:12:00,2025-07-31,3.3,3.3,3.3,3.3,0,3885,1
BANKNIFTY31JUL2548600PE.NFO,2025-07-24,10:13:00,2025-07-31,3.3,3.3,3.3,3.3,0,3885,1
BANKNIFTY31JUL2548600PE.NFO,2025-07-24,10:14:00,2025-07-31,3.3,3.3,3.3,3.3,0,3885,1
BANKNIFTY31JUL2548600PE.NFO,2025-07-24,10:15:00,2025-07-31,3.3,3.3,3.3,3.3,0,3885,1
BANKNIFTY31JUL2548600PE.NFO,2025-07-24,10:16:00,2025-07-31,3.3,3.3,3.3,3.3,0,3885,0
BANKNIFTY31JUL2548600PE.NFO,2025-07-24,10:17:00,2025-07-31,3.3,3.3,3.3,3.3,0,3885,1
BANKNIFTY31JUL2548600PE.NFO,2025-07-24,10:18:00,2025-07-31,3.3,3.3,3.3,3.3,0,3885,1
BANKNIFTY31JUL2548600PE.NFO,2025-07-24,10:19:00,2025-07-31,3.3,3.3,3.3,3.3,0,3885,0
BANKNIFTY31JUL2548600PE.NFO,2025-07-24,10:20:00,2025-07-31,3.3,3.3,3.3,3.3,0,3885,1
BANKNIFTY31JUL2548600PE.NFO,2025-07-24,10:21:00,2025-07-31,3.3,3.3,3.3,3.3,0,3885,0
BANKNIFTY31JUL2548600PE.NFO,2025-07-24,10:22:00,2025-07-31,3.3,3.3,3.3,3.3,0,3885,1
BANKNIFTY31JUL2548600PE.NFO,2025-07-24,10:23:00,2025-07-31,3.3,3.3,3.3,3.3,0,3885,1
BANKNIFTY31JUL2548600PE.NFO,2025-07-24,10:24:00,2025-07-31,3.3,3.3,3.3,3.3,0,3885,1
BANKNIFTY31JUL2548600PE.NFO,2025-07-24,10:25:00,2025-07-31,3.3,3.3,3.3,3.3,0,3885,0
BANKNIFTY31JUL2548600PE.NFO,2025-07-24,10:26:00,2025-07-31,3.3,3.3,3.3,3.3,0,3885,1
BANKNIFTY31JUL2548600PE.NFO,2025-07-24,10:27:00,2025-07-31,3.3,3.3,3.3,3.3,0,3885,1
BANKNIFTY31JUL2548600PE.NFO,2025-07-24,10:28:00,2025-07-31,3.3,3.3,3.3,3.3,0,3885,0
BANKNIFTY31JUL2548600PE.NFO,2025-07-24,10:29:00,2025-07-31,3.3,3.3,3.3,3.3,0,3885,1
BANKNIFTY31JUL2548600PE.NFO,2025-07-24,10:30:00,2025-07-31,3.3,3.3,3.3,3.3,0,3885,1
BANKNIFTY31JUL2548600PE.NFO,2025-07-24,10:31:00,2025-07-31,3.3,3.3,3.3,3.3,0,3885,1
BANKNIFTY31JUL2548600PE.NFO,2025-07-24,10:32:00,2025-07-31,3.3,3.3,3.3,3.3,0,3885,1
BANKNIFTY31JUL2548600PE.NFO,2025-07-24,10:33:00,2025-07-31,3.3,3.3,3.3,3.3,0,3885,1
BANKNIFTY31JUL2548600PE.NFO,2025-07-24,10:34:00,2025-07-31,3.3,3.3,3.3,3.3,0,3885,0
BANKNIFTY31JUL2548600PE.NFO,2025-07-24,10:35:00,2025-07-31,3.3,3.3,3.3,3.3,0,3885,1
BANKNIFTY31JUL2548600PE.NFO,2025-07-24,10:36:00,2025-07-31,3.3,3.3,3.3,3.3,0,3885,1
BANKNIFTY31JUL2548600PE.NFO,2025-07-24,10:37:00,2025-07-31,3.3,3.3,3.3,3.3,0,3885,1
BANKNIFTY31JUL2548600PE.NFO,2025-07-24,10:38:00,2025-07-31,3.3,3.3,3.3,3.3,0,3885,1
BANKNIFTY31JUL2548600PE.NFO,2025-07-24,10:39:00,2025-07-31,3.3,3.3,3.3,3.3,0,3885,0
BANKNIFTY31JUL2548600PE.NFO,2025-07-24,10:40:00,2025-07-31,3.3,3.3,3.3,3.3,0,3885,1
BANKNIFTY31JUL2548600PE.NFO,2025-07-24,10:41:00,2025-07-31,3.3,3.3,3.3,3.3,0,3885,0
BANKNIFTY31JUL2548600PE.NFO,2025-07-24,10:42:00,2025-07-31,3.3,3.3,3.3,3.3,0,3885,1
BANKNIFTY31JUL2548600PE.NFO,2025-07-24,10:43:00,2025-07-31,3.3,3.3,3.3,3.3,0,3885,0
BANKNIFTY31JUL2548600PE.NFO,2025-07-24,10:44:00,2025-07-31,3.3,3.3,3.3,3.3,0,3885,1
BANKNIFTY31JUL2548600PE.NFO,2025-07-24,10:45:00,2025-07-31,3.3,3.3,3.3,3.3,0,3885,1
BANKNIFTY31JUL2548600PE.NFO,2025-07-24,10:46:00,2025-07-31,3.3,3.3,3.3,3.3,0,3885,1
BANKNIFTY31JUL2548600PE.NFO,2025-07-24,10:47:00,2025-07-31,3.3,3.3,3.3,3.3,0,3885,1
BANKNIFTY31JUL2548600PE.NFO,2025-07-24,10:48:00,2025-07-31,3.3,3.3,3.3,3.3,0,3885,1
BANKNIFTY31JUL2548600PE.NFO,2025-07-24,10:49:00,2025-07-31,3.3,3.3,3.3,3.3,0,3885,0
BANKNIFTY31JUL2548600PE.NFO,2025-07-24,10:50:00,2025-07-31,3.3,3.3,3.3,3.3,0,3885,0
BANKNIFTY31JUL2548600PE.NFO,2025-07-24,10:51:00,2025-07-31,3.3,3.3,3.3,3.3,0,3885,0
BANKNIFTY31JUL2548600PE.NFO,2025-07-24,10:52:00,2025-07-31,3.3,3.3,3.3,3.3,0,3885,1
BANKNIFTY31JUL2548600PE.NFO,2025-07-24,10:53:00,2025-07-31,3.3,3.3,3.3,3.3,0,3885,1
BANKNIFTY31JUL2548600PE.NFO,2025-07-24,10:54:00,2025-07-31,3.3,3.3,3.3,3.3,0,3885,1
BANKNIFTY31JUL2548600PE.NFO,2025-07-24,10:55:00,2025-07-31,3.3,3.3,3.3,3.3,0,3885,1
BANKNIFTY31JUL2548600PE.NFO,2025-07-24,10:56:00,2025-07-31,3.3,3.3,3.3,3.3,0,3885,1
BANKNIFTY31JUL2548600PE.NFO,2025-07-24,10:57:00,2025-07-31,3.3,3.3,3.3,3.3,0,3885,1
BANKNIFTY31JUL2548600PE.NFO,2025-07-24,10:58:00,2025-07-31,3.3,3.3,3.3,3.3,0,3885,0
BANKNIFTY31JUL2548600PE.NFO,2025-07-24,10:59:00,2025-07-31,3.3,3.3,3.3,3.3,0,3885,1
BANKNIFTY31JUL2548600PE.NFO,2025-07-24,11:00:00,2025-07-31,3.3,3.3,3.3,3.3,0,3885,1
BANKNIFTY31JUL2548600PE.NFO,2025-07-24,11:01:00,2025-07-31,3.3,3.3,3.3,3.3,0,3885,1
BANKNIFTY31JUL2548600PE.NFO,2025-07-24,11:02:00,2025-07-31,3.3,3.3,3.3,3.3,0,3885,1
BANKNIFTY31JUL2548600PE.NFO,2025-07-24,11:03:00,2025-07-31,3.3,3.3,3.3,3.3,0,3885,1
BANKNIFTY31JUL2548600PE.NFO,2025-07-24,11:04:00,2025-07-31,3.3,3.3,3.3,3.3,0,3885,0
BANKNIFTY31JUL2548600PE.NFO,2025-07-24,11:05:00,2025-07-31,3.3,3.3,3.3,3.3,0,3885,1
BANKNIFTY31JUL2548600PE.NFO,2025-07-24,11:06:00,2025-07-31,3.3,3.3,3.3,3.3,0,3885,1
BANKNIFTY31JUL2548600PE.NFO,2025-07-24,11:07:00,2025-07-31,3.3,3.3,3.3,3.3,0,3885,1
BANKNIFTY31JUL2548600PE.NFO,2025-07-24,11:08:00,2025-07-31,3.3,3.3,3.3,3.3,0,3885,1
BANKNIFTY31JUL2548600PE.NFO,2025-07-24,11:09:00,2025-07-31,3.3,3.3,3.3,3.3,0,3885,1
BANKNIFTY31JUL2548600PE.NFO,2025-07-24,11:10:00,2025-07-31,3.3,3.3,3.3,3.3,0,3885,1
BANKNIFTY31JUL2548600PE.NFO,2025-07-24,11:11:00,2025-07-31,3.3,3.3,3.3,3.3,0,3885,1
BANKNIFTY31JUL2548600PE.NFO,2025-07-24,11:12:00,2025-07-31,3.3,3.3,3.3,3.3,0,3885,1
BANKNIFTY31JUL2548600PE.NFO,2025-07-24,11:13:00,2025-07-31,3.3,3.3,3.3,3.3,0,3885,1
BANKNIFTY31JUL2548600PE.NFO,2025-07-24,11:14:00,2025-07-31,3.3,3.3,3.3,3.3,0,3885,1
BANKNIFTY31JUL2548600PE.NFO,2025-07-24,11:15:00,2025-07-31,3.3,3.3,3.3,3.3,0,3885,0
BANKNIFTY31JUL2548600PE.NFO,2025-07-24,11:16:00,2025-07-31,3.3,3.3,3.3,3.3,0,3885,0
BANKNIFTY31JUL2548600PE.NFO,2025-07-24,11:17:00,2025-07-31,3.3,3.3,3.3,3.3,0,3885,1
BANKNIFTY31JUL2548600PE.NFO,2025-07-24,11:18:00,2025-07-31,3.3,3.3,3.3,3.3,0,3885,1
BANKNIFTY31JUL2548600PE.NFO,2025-07-24,11:19:00,2025-07-31,3.3,3.3,3.3,3.3,0,3885,0
BANKNIFTY31JUL2548600PE.NFO,2025-07-24,11:20:00,2025-07-31,3.3,3.3,3.3,3.3,0,3885,1
BANKNIFTY31JUL2548600PE.NFO,2025-07-24,11:21:00,2025-07-31,3.3,3.3,3.3,3.3,0,3885,0
BANKNIFTY31JUL2548600PE.NFO,2025-07-24,11:22:00,2025-07-31,3.3,3.3,3.3,3.3,0,3885,0
BANKNIFTY31JUL2548600PE.NFO,2025-07-24,11:23:00,2025-07-31,2.8,2.9,2.8,2.9,420,3885,0
BANKNIFTY31JUL2548600PE.NFO,2025-07-24,11:24:00,2025-07-31,2.9,3.0,2.85,3.0,560,3885,0
BANKNIFTY31JUL2548600PE.NFO,2025-07-24,11:25:00,2025-07-31,3.0,3.0,3.0,3.0,0,3885,0
BANKNIFTY31JUL2548600PE.NFO,2025-07-24,11:26:00,2025-07-31,3.0,3.0,3.0,3.0,0,3885,0
BANKNIFTY31JUL2548600PE.NFO,2025-07-24,11:27:00,2025-07-31,3.0,3.0,3.0,3.0,0,3885,0
BANKNIFTY31JUL2548600PE.NFO,2025-07-24,11:28:00,2025-07-31,3.0,3.0,3.0,3.0,0,3885,0
BANKNIFTY31JUL2548600PE.NFO,2025-07-24,11:29:00,2025-07-31,3.0,3.0,3.0,3.0,0,3885,0
BANKNIFTY31JUL2548600PE.NFO,2025-07-24,11:30:00,2025-07-31,3.0,3.0,3.0,3.0,0,3885,1
BANKNIFTY31JUL2548600PE.NFO,2025-07-24,11:31:00,2025-07-31,3.0,3.0,3.0,3.0,0,3885,0
BANKNIFTY31JUL2548600PE.NFO,2025-07-24,11:32:00,2025-07-31,3.0,3.0,3.0,3.0,0,3885,0
BANKNIFTY31JUL2548600PE.NFO,2025-07-24,11:33:00,2025-07-31,3.0,3.0,3.0,3.0,0,3885,1
BANKNIFTY31JUL2548600PE.NFO,2025-07-24,11:34:00,2025-07-31,3.0,3.0,3.0,3.0,0,3885,0
BANKNIFTY31JUL2548600PE.NFO,2025-07-24,11:35:00,2025-07-31,3.0,3.0,3.0,3.0,0,3885,1
BANKNIFTY31JUL2548600PE.NFO,2025-07-24,11:36:00,2025-07-31,3.0,3.0,3.0,3.0,0,3885,0
BANKNIFTY31JUL2548600PE.NFO,2025-07-24,11:37:00,2025-07-31,3.0,3.0,3.0,3.0,0,3885,1
BANKNIFTY31JUL2548600PE.NFO,2025-07-24,11:38:00,2025-07-31,3.0,3.0,3.0,3.0,0,3885,1
BANKNIFTY31JUL2548600PE.NFO,2025-07-24,11:39:00,2025-07-31,3.0,3.0,3.0,3.0,0,3885,0
BANKNIFTY31JUL2548600PE.NFO,2025-07-24,11:40:00,2025-07-31,3.0,3.0,3.0,3.0,0,3885,0
BANKNIFTY31JUL2548600PE.NFO,2025-07-24,11:41:00,2025-07-31,3.0,3.0,3.0,3.0,0,3885,1
BANKNIFTY31JUL2548600PE.NFO,2025-07-24,11:42:00,2025-07-31,3.0,3.0,3.0,3.0,0,3885,1
BANKNIFTY31JUL2548600PE.NFO,2025-07-24,11:43:00,2025-07-31,3.0,3.0,3.0,3.0,0,3885,0
BANKNIFTY31JUL2548600PE.NFO,2025-07-24,11:44:00,2025-07-31,3.0,3.0,3.0,3.0,0,3885,1
BANKNIFTY31JUL2548600PE.NFO,2025-07-24,11:45:00,2025-07-31,3.0,3.0,3.0,3.0,0,3885,0
BANKNIFTY31JUL2548600PE.NFO,2025-07-24,11:46:00,2025-07-31,3.0,3.0,3.0,3.0,0,3885,1
BANKNIFTY31JUL2548600PE.NFO,2025-07-24,11:47:00,2025-07-31,3.5,3.5,3.5,3.5,420,3080,0
BANKNIFTY31JUL2548600PE.NFO,2025-07-24,11:48:00,2025-07-31,3.5,3.5,3.5,3.5,0,3080,0
BANKNIFTY31JUL2548600PE.NFO,2025-07-24,11:49:00,2025-07-31,3.5,3.5,3.5,3.5,0,3080,1
BANKNIFTY31JUL2548600PE.NFO,2025-07-24,11:50:00,2025-07-31,3.5,3.5,3.5,3.5,0,3080,1
BANKNIFTY31JUL2548600PE.NFO,2025-07-24,11:51:00,2025-07-31,3.5,3.5,3.5,3.5,0,3080,0
BANKNIFTY31JUL2548600PE.NFO,2025-07-24,11:52:00,2025-07-31,3.5,3.5,3.5,3.5,0,3080,1
BANKNIFTY31JUL2548600PE.NFO,2025-07-24,11:53:00,2025-07-31,3.5,3.5,3.5,3.5,0,3080,1
BANKNIFTY31JUL2548600PE.NFO,2025-07-24,11:54:00,2025-07-31,3.55,3.55,3.55,3.55,35,3500,0
BANKNIFTY31JUL2548600PE.NFO,2025-07-24,11:55:00,2025-07-31,3.55,3.55,3.55,3.55,0,3500,0
BANKNIFTY31JUL2548600PE.NFO,2025-07-24,11:56:00,2025-07-31,3.55,3.55,3.55,3.55,0,3500,1
BANKNIFTY31JUL2548600PE.NFO,2025-07-24,11:57:00,2025-07-31,3.55,3.55,3.55,3.55,0,3500,1
BANKNIFTY31JUL2548600PE.NFO,2025-07-24,11:58:00,2025-07-31,3.55,3.55,3.55,3.55,0,3500,0
BANKNIFTY31JUL2548600PE.NFO,2025-07-24,11:59:00,2025-07-31,3.55,3.55,3.55,3.55,0,3500,1
BANKNIFTY31JUL2548600PE.NFO,2025-07-24,12:00:00,2025-07-31,3.55,3.55,3.55,3.55,0,3500,1
BANKNIFTY31JUL2548600PE.NFO,2025-07-24,12:01:00,2025-07-31,3.55,3.55,3.55,3.55,0,3500,1
BANKNIFTY31JUL2548600PE.NFO,2025-07-24,12:02:00,2025-07-31,3.55,3.55,3.55,3.55,0,3500,1
BANKNIFTY31JUL2548600PE.NFO,2025-07-24,12:03:00,2025-07-31,3.55,3.55,3.55,3.55,0,3500,1
BANKNIFTY31JUL2548600PE.NFO,2025-07-24,12:04:00,2025-07-31,3.55,3.55,3.55,3.55,0,3500,0
BANKNIFTY31JUL2548600PE.NFO,2025-07-24,12:05:00,2025-07-31,3.55,3.55,3.55,3.55,0,3500,1
BANKNIFTY31JUL2548600PE.NFO,2025-07-24,12:06:00,2025-07-31,3.55,3.9,3.55,3.9,420,3500,0
BANKNIFTY31JUL2548600PE.NFO,2025-07-24,12:07:00,2025-07-31,3.9,3.9,3.9,3.9,0,3500,0
BANKNIFTY31JUL2548600PE.NFO,2025-07-24,12:08:00,2025-07-31,3.9,3.9,3.9,3.9,0,3500,0
BANKNIFTY31JUL2548600PE.NFO,2025-07-24,12:09:00,2025-07-31,3.9,3.9,3.9,3.9,0,3500,1
BANKNIFTY31JUL2548600PE.NFO,2025-07-24,12:10:00,2025-07-31,3.9,3.9,3.9,3.9,0,3500,1
BANKNIFTY31JUL2548600PE.NFO,2025-07-24,12:11:00,2025-07-31,3.9,3.9,3.9,3.9,0,3500,1
BANKNIFTY31JUL2548600PE.NFO,2025-07-24,12:12:00,2025-07-31,3.9,3.9,3.9,3.9,0,3500,0
BANKNIFTY31JUL2548600PE.NFO,2025-07-24,12:13:00,2025-07-31,3.9,3.9,3.9,3.9,0,3500,0
BANKNIFTY31JUL2548600PE.NFO,2025-07-24,12:14:00,2025-07-31,3.9,3.9,3.9,3.9,0,3500,0
BANKNIFTY31JUL2548600PE.NFO,2025-07-24,12:15:00,2025-07-31,3.9,3.9,3.9,3.9,0,3500,1
BANKNIFTY31JUL2548600PE.NFO,2025-07-24,12:16:00,2025-07-31,3.9,3.9,3.9,3.9,0,3500,1
BANKNIFTY31JUL2548600PE.NFO,2025-07-24,12:17:00,2025-07-31,3.9,3.9,3.9,3.9,0,3500,1
BANKNIFTY31JUL2548600PE.NFO,2025-07-24,12:18:00,2025-07-31,3.9,3.9,3.9,3.9,0,3500,1
BANKNIFTY31JUL2548600PE.NFO,2025-07-24,12:19:00,2025-07-31,3.9,3.9,3.9,3.9,0,3500,1
BANKNIFTY31JUL2548600PE.NFO,2025-07-24,12:20:00,2025-07-31,3.9,3.9,3.9,3.9,0,3500,0
BANKNIFTY31JUL2548600PE.NFO,2025-07-24,12:21:00,2025-07-31,3.9,3.9,3.9,3.9,0,3500,1
BANKNIFTY31JUL2548600PE.NFO,2025-07-24,12:22:00,2025-07-31,3.9,3.9,3.9,3.9,0,3500,0
BANKNIFTY31JUL2548600PE.NFO,2025-07-24,12:23:00,2025-07-31,3.9,3.9,3.9,3.9,0,3500,1
BANKNIFTY31JUL2548600PE.NFO,2025-07-24,12:24:00,2025-07-31,3.9,3.9,3.9,3.9,0,3500,0
BANKNIFTY31JUL2548600PE.NFO,2025-07-24,12:25:00,2025-07-31,3.9,3.9,3.9,3.9,0,3500,1
BANKNIFTY31JUL2548600PE.NFO,2025-07-24,12:26:00,2025-07-31,3.9,3.9,3.9,3.9,0,3500,1
BANKNIFTY31JUL2548600PE.NFO,2025-07-24,12:27:00,2025-07-31,3.9,3.9,3.9,3.9,0,3500,1
BANKNIFTY31JUL2548600PE.NFO,2025-07-24,12:28:00,2025-07-31,3.9,3.9,3.9,3.9,0,3500,0
BANKNIFTY31JUL2548600PE.NFO,2025-07-24,12:29:00,2025-07-31,3.9,3.9,3.9,3.9,0,3500,1
BANKNIFTY31JUL2548600PE.NFO,2025-07-24,12:30:00,2025-07-31,3.9,3.9,3.9,3.9,0,3500,1
BANKNIFTY31JUL2548600PE.NFO,2025-07-24,12:31:00,2025-07-31,3.9,3.9,3.9,3.9,0,3500,0
BANKNIFTY31JUL2548600PE.NFO,2025-07-24,12:32:00,2025-07-31,3.9,3.9,3.9,3.9,0,3500,1
BANKNIFTY31JUL2548600PE.NFO,2025-07-24,12:33:00,2025-07-31,3.9,3.9,3.9,3.9,0,3500,1
BANKNIFTY31JUL2548600PE.NFO,2025-07-24,12:34:00,2025-07-31,3.9,3.9,3.9,3.9,0,3500,1
BANKNIFTY31JUL2548600PE.NFO,2025-07-24,12:35:00,2025-07-31,3.9,3.9,3.9,3.9,0,3500,0
BANKNIFTY31JUL2548600PE.NFO,2025-07-24,12:36:00,2025-07-31,3.9,3.9,3.9,3.9,0,3500,1
BANKNIFTY31JUL2548600PE.NFO,2025-07-24,12:37:00,2025-07-31,3.9,3.9,3.9,3.9,0,3500,0
BANKNIFTY31JUL2548600PE.NFO,2025-07-24,12:38:00,2025-07-31,3.9,3.9,3.9,3.9,0,3500,0
BANKNIFTY31JUL2548600PE.NFO,2025-07-24,12:39:00,2025-07-31,3.9,3.9,3.9,3.9,0,3500,0
BANKNIFTY31JUL2548600PE.NFO,2025-07-24,12:40:00,2025-07-31,3.9,3.9,3.9,3.9,0,3500,0
BANKNIFTY31JUL2548600PE.NFO,2025-07-24,12:41:00,2025-07-31,3.9,3.9,3.9,3.9,0,3500,0
BANKNIFTY31JUL2548600PE.NFO,2025-07-24,12:42:00,2025-07-31,3.9,3.9,3.9,3.9,0,3500,1
BANKNIFTY31JUL2548600PE.NFO,2025-07-24,12:43:00,2025-07-31,3.9,3.9,3.9,3.9,0,3500,0
BANKNIFTY31JUL2548600PE.NFO,2025-07-24,12:44:00,2025-07-31,3.9,3.9,3.9,3.9,0,3500,0
BANKNIFTY31JUL2548600PE.NFO,2025-07-24,12:45:00,2025-07-31,3.9,3.9,3.9,3.9,0,3500,0
BANKNIFTY31JUL2548600PE.NFO,2025-07-24,12:46:00,2025-07-31,3.9,3.9,3.9,3.9,0,3500,1
BANKNIFTY31JUL2548600PE.NFO,2025-07-24,12:47:00,2025-07-31,3.9,3.9,3.9,3.9,0,3500,1
BANKNIFTY31JUL2548600PE.NFO,2025-07-24,12:48:00,2025-07-31,3.9,3.9,3.9,3.9,0,3500,1
BANKNIFTY31JUL2548600PE.NFO,2025-07-24,12:49:00,2025-07-31,3.9,3.9,3.9,3.9,0,3500,1
BANKNIFTY31JUL2548600PE.NFO,2025-07-24,12:50:00,2025-07-31,3.9,3.9,3.9,3.9,0,3500,0
BANKNIFTY31JUL2548600PE.NFO,2025-07-24,12:51:00,2025-07-31,3.9,3.9,3.9,3.9,0,3500,0
BANKNIFTY31JUL2548600PE.NFO,2025-07-24,12:52:00,2025-07-31,3.9,3.9,3.9,3.9,0,3500,0
BANKNIFTY31JUL2548600PE.NFO,2025-07-24,12:53:00,2025-07-31,3.9,3.9,3.9,3.9,0,3500,1
BANKNIFTY31JUL2548600PE.NFO,2025-07-24,12:54:00,2025-07-31,3.9,3.9,3.9,3.9,0,3500,0
BANKNIFTY31JUL2548600PE.NFO,2025-07-24,12:55:00,2025-07-31,3.9,3.9,3.9,3.9,0,3500,0
BANKNIFTY31JUL2548600PE.NFO,2025-07-24,12:56:00,2025-07-31,3.9,3.9,3.9,3.9,0,3500,1
BANKNIFTY31JUL2548600PE.NFO,2025-07-24,12:57:00,2025-07-31,3.9,3.9,3.9,3.9,0,3500,1
BANKNIFTY31JUL2548600PE.NFO,2025-07-24,12:58:00,2025-07-31,3.9,3.9,3.9,3.9,0,3500,0
BANKNIFTY31JUL2548600PE.NFO,2025-07-24,12:59:00,2025-07-31,3.9,3.9,3.9,3.9,0,3500,0
BANKNIFTY31JUL2548600PE.NFO,2025-07-24,13:00:00,2025-07-31,3.9,3.9,3.9,3.9,0,3500,1
BANKNIFTY31JUL2548600PE.NFO,2025-07-24,13:01:00,2025-07-31,3.9,3.9,3.9,3.9,0,3500,0
BANKNIFTY31JUL2548600PE.NFO,2025-07-24,13:02:00,2025-07-31,3.9,3.9,3.9,3.9,0,3500,0
BANKNIFTY31JUL2548600PE.NFO,2025-07-24,13:03:00,2025-07-31,3.9,3.9,3.9,3.9,0,3500,1
BANKNIFTY31JUL2548600PE.NFO,2025-07-24,13:04:00,2025-07-31,3.9,3.9,3.9,3.9,0,3500,1
BANKNIFTY31JUL2548600PE.NFO,2025-07-24,13:05:00,2025-07-31,3.9,3.9,3.9,3.9,0,3500,0
BANKNIFTY31JUL2548600PE.NFO,2025-07-24,13:06:00,2025-07-31,3.9,3.9,3.9,3.9,0,3500,1
BANKNIFTY31JUL2548600PE.NFO,2025-07-24,13:07:00,2025-07-31,3.9,3.9,3.9,3.9,0,3500,0
BANKNIFTY31JUL2548600PE.NFO,2025-07-24,13:08:00,2025-07-31,3.9,3.9,3.9,3.9,0,3500,1
BANKNIFTY31JUL2548600PE.NFO,2025-07-24,13:09:00,2025-07-31,3.9,3.9,3.9,3.9,0,3500,0
BANKNIFTY31JUL2548600PE.NFO,2025-07-24,13:10:00,2025-07-31,3.9,3.9,3.9,3.9,0,3500,0
BANKNIFTY31JUL2548600PE.NFO,2025-07-24,13:11:00,2025-07-31,3.9,3.9,3.9,3.9,0,3500,1
BANKNIFTY31JUL2548600PE.NFO,2025-07-24,13:12:00,2025-07-31,3.9,3.9,3.9,3.9,0,3500,1
BANKNIFTY31JUL2548600PE.NFO,2025-07-24,13:13:00,2025-07-31,3.9,3.9,3.9,3.9,0,3500,0
BANKNIFTY31JUL2548600PE.NFO,2025-07-24,13:14:00,2025-07-31,3.9,3.9,3.9,3.9,0,3500,0
BANKNIFTY31JUL2548600PE.NFO,2025-07-24,13:15:00,2025-07-31,3.9,3.9,3.9,3.9,0,3500,1
BANKNIFTY31JUL2548600PE.NFO,2025-07-24,13:16:00,2025-07-31,3.9,3.9,3.9,3.9,0,3500,0
BANKNIFTY31JUL2548600PE.NFO,2025-07-24,13:17:00,2025-07-31,3.9,3.9,3.9,3.9,0,3500,1
BANKNIFTY31JUL2548600PE.NFO,2025-07-24,13:18:00,2025-07-31,3.9,3.9,3.9,3.9,0,3500,0
BANKNIFTY31JUL2548600PE.NFO,2025-07-24,13:19:00,2025-07-31,3.9,3.9,3.9,3.9,0,3500,0
BANKNIFTY31JUL2548600PE.NFO,2025-07-24,13:20:00,2025-07-31,3.9,3.9,3.9,3.9,0,3500,0
BANKNIFTY31JUL2548600PE.NFO,2025-07-24,13:21:00,2025-07-31,3.9,3.9,3.9,3.9,0,3500,1
BANKNIFTY31JUL2548600PE.NFO,2025-07-24,13:22:00,2025-07-31,3.9,3.9,3.9,3.9,0,3500,0
BANKNIFTY31JUL2548600PE.NFO,2025-07-24,13:23:00,2025-07-31,3.9,3.9,3.9,3.9,0,3500,0
BANKNIFTY31JUL2548600PE.NFO,2025-07-24,13:24:00,2025-07-31,3.9,3.9,3.9,3.9,0,3500,0
BANKNIFTY31JUL2548600PE.NFO,2025-07-24,13:25:00,2025-07-31,3.9,3.9,3.9,3.9,0,3500,0
BANKNIFTY31JUL2548600PE.NFO,2025-07-24,13:26:00,2025-07-31,3.9,3.9,3.9,3.9,0,3500,1
BANKNIFTY31JUL2548600PE.NFO,2025-07-24,13:27:00,2025-07-31,3.9,3.9,3.9,3.9,140,3500,0
BANKNIFTY31JUL2548600PE.NFO,2025-07-24,13:28:00,2025-07-31,3.9,3.9,3.75,3.75,455,3815,0
BANKNIFTY31JUL2548600PE.NFO,2025-07-24,13:29:00,2025-07-31,3.75,3.75,3.75,3.75,0,3815,0
BANKNIFTY31JUL2548600PE.NFO,2025-07-24,13:30:00,2025-07-31,3.75,3.75,3.55,3.55,350,3815,0
BANKNIFTY31JUL2548600PE.NFO,2025-07-24,13:31:00,2025-07-31,3.55,3.55,3.55,3.55,0,3815,0
BANKNIFTY31JUL2548600PE.NFO,2025-07-24,13:32:00,2025-07-31,3.55,3.55,3.55,3.55,0,3815,0
BANKNIFTY31JUL2548600PE.NFO,2025-07-24,13:33:00,2025-07-31,3.55,3.55,3.55,3.55,0,3815,0
BANKNIFTY31JUL2548600PE.NFO,2025-07-24,13:34:00,2025-07-31,3.55,3.55,3.55,3.55,0,3815,0
BANKNIFTY31JUL2548600PE.NFO,2025-07-24,13:35:00,2025-07-31,3.55,3.55,3.55,3.55,0,3815,1
BANKNIFTY31JUL2548600PE.NFO,2025-07-24,13:36:00,2025-07-31,3.55,3.55,3.55,3.55,0,3815,1
BANKNIFTY31JUL2548600PE.NFO,2025-07-24,13:37:00,2025-07-31,3.55,3.55,3.55,3.55,0,3815,1
BANKNIFTY31JUL2548600PE.NFO,2025-07-24,13:38:00,2025-07-31,3.55,3.55,3.55,3.55,0,3815,1
BANKNIFTY31JUL2548600PE.NFO,2025-07-24,13:39:00,2025-07-31,3.55,3.55,3.55,3.55,0,3815,1
BANKNIFTY31JUL2548600PE.NFO,2025-07-24,13:40:00,2025-07-31,3.55,3.55,3.55,3.55,0,3815,0
BANKNIFTY31JUL2548600PE.NFO,2025-07-24,13:41:00,2025-07-31,3.55,3.55,3.55,3.55,0,3815,1
BANKNIFTY31JUL2548600PE.NFO,2025-07-24,13:42:00,2025-07-31,3.55,3.55,3.55,3.55,0,3815,1
BANKNIFTY31JUL2548600PE.NFO,2025-07-24,13:43:00,2025-07-31,3.55,3.55,3.55,3.55,0,3815,0
BANKNIFTY31JUL2548600PE.NFO,2025-07-24,13:44:00,2025-07-31,3.55,3.55,3.55,3.55,0,3815,1
BANKNIFTY31JUL2548600PE.NFO,2025-07-24,13:45:00,2025-07-31,3.55,3.55,3.55,3.55,0,3815,1
BANKNIFTY31JUL2548600PE.NFO,2025-07-24,13:46:00,2025-07-31,3.55,3.55,3.55,3.55,0,3815,0
BANKNIFTY31JUL2548600PE.NFO,2025-07-24,13:47:00,2025-07-31,3.55,3.55,3.55,3.55,0,3815,1
BANKNIFTY31JUL2548600PE.NFO,2025-07-24,13:48:00,2025-07-31,3.55,3.55,3.55,3.55,0,3815,1
BANKNIFTY31JUL2548600PE.NFO,2025-07-24,13:49:00,2025-07-31,3.55,3.95,3.55,3.9,385,3535,0
BANKNIFTY31JUL2548600PE.NFO,2025-07-24,13:50:00,2025-07-31,3.9,4.25,3.9,4.25,875,3535,0
BANKNIFTY31JUL2548600PE.NFO,2025-07-24,13:51:00,2025-07-31,4.3,4.3,4.3,4.3,105,3535,0
BANKNIFTY31JUL2548600PE.NFO,2025-07-24,13:52:00,2025-07-31,4.3,4.3,4.3,4.3,0,3535,0
BANKNIFTY31JUL2548600PE.NFO,2025-07-24,13:53:00,2025-07-31,4.3,4.3,3.5,3.5,0,4830,0
BANKNIFTY31JUL2548600PE.NFO,2025-07-24,13:54:00,2025-07-31,3.5,3.5,3.5,3.5,700,4830,0
BANKNIFTY31JUL2548600PE.NFO,2025-07-24,13:55:00,2025-07-31,3.5,3.5,3.5,3.5,0,4830,0
BANKNIFTY31JUL2548600PE.NFO,2025-07-24,13:56:00,2025-07-31,3.5,3.5,3.5,3.5,0,4830,0
BANKNIFTY31JUL2548600PE.NFO,2025-07-24,13:57:00,2025-07-31,3.5,3.5,3.5,3.5,0,4830,1
BANKNIFTY31JUL2548600PE.NFO,2025-07-24,13:58:00,2025-07-31,3.5,3.5,3.5,3.5,0,4830,0
BANKNIFTY31JUL2548600PE.NFO,2025-07-24,13:59:00,2025-07-31,3.5,3.5,3.5,3.5,0,4830,0
BANKNIFTY31JUL2548600PE.NFO,2025-07-24,14:00:00,2025-07-31,3.5,3.5,3.5,3.5,0,4830,0
BANKNIFTY31JUL2548600PE.NFO,2025-07-24,14:01:00,2025-07-31,3.5,3.5,3.5,3.5,0,4830,0
BANKNIFTY31JUL2548600PE.NFO,2025-07-24,14:02:00,2025-07-31,3.5,3.5,3.5,3.5,0,4830,0
BANKNIFTY31JUL2548600PE.NFO,2025-07-24,14:03:00,2025-07-31,3.5,3.5,3.5,3.5,0,4830,0
BANKNIFTY31JUL2548600PE.NFO,2025-07-24,14:04:00,2025-07-31,3.5,3.5,3.5,3.5,0,4830,0
BANKNIFTY31JUL2548600PE.NFO,2025-07-24,14:05:00,2025-07-31,3.5,3.5,3.5,3.5,0,4830,1
BANKNIFTY31JUL2548600PE.NFO,2025-07-24,14:06:00,2025-07-31,3.5,3.5,3.5,3.5,0,4830,1
BANKNIFTY31JUL2548600PE.NFO,2025-07-24,14:07:00,2025-07-31,3.5,3.5,3.5,3.5,0,4830,0
BANKNIFTY31JUL2548600PE.NFO,2025-07-24,14:08:00,2025-07-31,3.5,3.5,3.5,3.5,0,4830,1
BANKNIFTY31JUL2548600PE.NFO,2025-07-24,14:09:00,2025-07-31,3.5,3.5,3.5,3.5,0,4830,1
BANKNIFTY31JUL2548600PE.NFO,2025-07-24,14:10:00,2025-07-31,3.5,3.5,3.5,3.5,0,4830,0
BANKNIFTY31JUL2548600PE.NFO,2025-07-24,14:11:00,2025-07-31,3.5,3.5,3.5,3.5,0,4830,0
BANKNIFTY31JUL2548600PE.NFO,2025-07-24,14:12:00,2025-07-31,3.5,3.5,3.5,3.5,0,4830,1
BANKNIFTY31JUL2548600PE.NFO,2025-07-24,14:13:00,2025-07-31,3.5,3.5,3.5,3.5,0,4830,0
BANKNIFTY31JUL2548600PE.NFO,2025-07-24,14:14:00,2025-07-31,3.5,3.5,3.5,3.5,0,4830,0
BANKNIFTY31JUL2548600PE.NFO,2025-07-24,14:15:00,2025-07-31,3.5,3.5,3.5,3.5,0,4830,0
BANKNIFTY31JUL2548600PE.NFO,2025-07-24,14:16:00,2025-07-31,3.5,3.5,3.5,3.5,0,4830,0
BANKNIFTY31JUL2548600PE.NFO,2025-07-24,14:17:00,2025-07-31,3.5,3.5,3.5,3.5,0,4830,1
BANKNIFTY31JUL2548600PE.NFO,2025-07-24,14:18:00,2025-07-31,3.5,3.5,3.5,3.5,0,4830,0
BANKNIFTY31JUL2548600PE.NFO,2025-07-24,14:19:00,2025-07-31,3.5,3.5,3.5,3.5,0,4830,1
BANKNIFTY31JUL2548600PE.NFO,2025-07-24,14:20:00,2025-07-31,3.5,3.5,3.5,3.5,0,4830,0
BANKNIFTY31JUL2548600PE.NFO,2025-07-24,14:21:00,2025-07-31,3.5,3.5,3.5,3.5,0,4830,1
BANKNIFTY31JUL2548600PE.NFO,2025-07-24,14:22:00,2025-07-31,3.5,3.5,3.5,3.5,0,4830,0
BANKNIFTY31JUL2548600PE.NFO,2025-07-24,14:23:00,2025-07-31,3.5,3.5,3.5,3.5,0,4830,1
BANKNIFTY31JUL2548600PE.NFO,2025-07-24,14:24:00,2025-07-31,3.5,3.5,3.5,3.5,0,4830,0
BANKNIFTY31JUL2548600PE.NFO,2025-07-24,14:25:00,2025-07-31,3.5,3.5,3.5,3.5,0,4830,1
BANKNIFTY31JUL2548600PE.NFO,2025-07-24,14:26:00,2025-07-31,3.1,3.1,3.05,3.05,525,4690,0
BANKNIFTY31JUL2548600PE.NFO,2025-07-24,14:27:00,2025-07-31,2.85,2.85,2.85,2.85,420,4690,0
BANKNIFTY31JUL2548600PE.NFO,2025-07-24,14:28:00,2025-07-31,2.85,2.85,2.85,2.85,0,4690,0
BANKNIFTY31JUL2548600PE.NFO,2025-07-24,14:29:00,2025-07-31,2.85,2.85,2.85,2.85,0,4690,0
BANKNIFTY31JUL2548600PE.NFO,2025-07-24,14:30:00,2025-07-31,3.1,3.1,2.95,2.95,35,4620,0
BANKNIFTY31JUL2548600PE.NFO,2025-07-24,14:31:00,2025-07-31,2.95,2.95,2.95,2.95,70,4620,0
BANKNIFTY31JUL2548600PE.NFO,2025-07-24,14:32:00,2025-07-31,2.95,2.95,2.95,2.95,0,4620,0
BANKNIFTY31JUL2548600PE.NFO,2025-07-24,14:33:00,2025-07-31,2.95,2.95,2.95,2.95,0,4620,1
BANKNIFTY31JUL2548600PE.NFO,2025-07-24,14:34:00,2025-07-31,2.95,2.95,2.95,2.95,0,4620,1
BANKNIFTY31JUL2548600PE.NFO,2025-07-24,14:35:00,2025-07-31,2.95,2.95,2.95,2.95,0,4620,1
BANKNIFTY31JUL2548600PE.NFO,2025-07-24,14:36:00,2025-07-31,2.95,2.95,2.95,2.95,0,4620,1
BANKNIFTY31JUL2548600PE.NFO,2025-07-24,14:37:00,2025-07-31,2.95,2.95,2.95,2.95,0,4620,0
BANKNIFTY31JUL2548600PE.NFO,2025-07-24,14:38:00,2025-07-31,2.95,2.95,2.95,2.95,0,4620,1
BANKNIFTY31JUL2548600PE.NFO,2025-07-24,14:39:00,2025-07-31,2.95,2.95,2.95,2.95,0,4620,0
BANKNIFTY31JUL2548600PE.NFO,2025-07-24,14:40:00,2025-07-31,2.55,2.65,2.55,2.65,70,4655,0
BANKNIFTY31JUL2548600PE.NFO,2025-07-24,14:41:00,2025-07-31,2.65,2.65,2.65,2.65,0,4655,0
BANKNIFTY31JUL2548600PE.NFO,2025-07-24,14:42:00,2025-07-31,2.65,2.65,2.65,2.65,0,4655,0
BANKNIFTY31JUL2548600PE.NFO,2025-07-24,14:43:00,2025-07-31,2.65,2.65,2.65,2.65,0,4655,0
BANKNIFTY31JUL2548600PE.NFO,2025-07-24,14:44:00,2025-07-31,2.65,2.65,2.65,2.65,0,4655,0
BANKNIFTY31JUL2548600PE.NFO,2025-07-24,14:45:00,2025-07-31,2.65,2.65,2.65,2.65,0,4655,0
BANKNIFTY31JUL2548600PE.NFO,2025-07-24,14:46:00,2025-07-31,2.65,2.65,2.65,2.65,0,4655,0
BANKNIFTY31JUL2548600PE.NFO,2025-07-24,14:47:00,2025-07-31,2.65,2.65,2.65,2.65,0,4655,0
BANKNIFTY31JUL2548600PE.NFO,2025-07-24,14:48:00,2025-07-31,2.65,2.65,2.65,2.65,0,4655,0
BANKNIFTY31JUL2548600PE.NFO,2025-07-24,14:49:00,2025-07-31,2.65,2.65,2.65,2.65,0,4655,0
BANKNIFTY31JUL2548600PE.NFO,2025-07-24,14:50:00,2025-07-31,2.65,2.65,2.65,2.65,0,4655,0
BANKNIFTY31JUL2548600PE.NFO,2025-07-24,14:51:00,2025-07-31,2.65,2.65,2.65,2.65,0,4655,0
BANKNIFTY31JUL2548600PE.NFO,2025-07-24,14:52:00,2025-07-31,2.65,2.65,2.65,2.65,0,4655,0
BANKNIFTY31JUL2548600PE.NFO,2025-07-24,14:53:00,2025-07-31,2.65,2.65,2.65,2.65,0,4655,0
BANKNIFTY31JUL2548600PE.NFO,2025-07-24,14:54:00,2025-07-31,2.65,2.65,2.65,2.65,0,4655,0
BANKNIFTY31JUL2548600PE.NFO,2025-07-24,14:55:00,2025-07-31,2.65,2.65,2.65,2.65,0,4655,0
BANKNIFTY31JUL2548600PE.NFO,2025-07-24,14:56:00,2025-07-31,2.65,2.65,2.65,2.65,0,4655,1
BANKNIFTY31JUL2548600PE.NFO,2025-07-24,14:57:00,2025-07-31,2.65,2.65,2.65,2.65,0,4655,0
BANKNIFTY31JUL2548600PE.NFO,2025-07-24,14:58:00,2025-07-31,2.65,2.65,2.65,2.65,0,4655,0
BANKNIFTY31JUL2548600PE.NFO,2025-07-24,14:59:00,2025-07-31,2.65,2.65,2.65,2.65,0,4655,0
BANKNIFTY31JUL2548600PE.NFO,2025-07-24,15:00:00,2025-07-31,2.65,2.65,2.65,2.65,0,4655,1
BANKNIFTY31JUL2548600PE.NFO,2025-07-24,15:01:00,2025-07-31,2.65,2.65,2.65,2.65,0,4655,1
BANKNIFTY31JUL2548600PE.NFO,2025-07-24,15:02:00,2025-07-31,2.65,2.65,2.65,2.65,0,4655,1
BANKNIFTY31JUL2548600PE.NFO,2025-07-24,15:03:00,2025-07-31,2.5,2.95,2.35,2.95,140,4620,0
BANKNIFTY31JUL2548600PE.NFO,2025-07-24,15:04:00,2025-07-31,2.95,2.95,2.95,2.95,0,4620,0
BANKNIFTY31JUL2548600PE.NFO,2025-07-24,15:05:00,2025-07-31,2.95,2.95,2.95,2.95,0,4620,0
BANKNIFTY31JUL2548600PE.NFO,2025-07-24,15:06:00,2025-07-31,2.95,2.95,2.95,2.95,0,4620,0
BANKNIFTY31JUL2548600PE.NFO,2025-07-24,15:07:00,2025-07-31,2.95,2.95,2.95,2.95,0,4620,1
BANKNIFTY31JUL2548600PE.NFO,2025-07-24,15:08:00,2025-07-31,2.95,2.95,2.95,2.95,0,4620,1
BANKNIFTY31JUL2548600PE.NFO,2025-07-24,15:09:00,2025-07-31,2.95,2.95,2.95,2.95,0,4620,1
BANKNIFTY31JUL2548600PE.NFO,2025-07-24,15:10:00,2025-07-31,2.95,2.95,2.95,2.95,0,4620,0
BANKNIFTY31JUL2548600PE.NFO,2025-07-24,15:11:00,2025-07-31,2.95,2.95,2.95,2.95,0,4620,0
BANKNIFTY31JUL2548600PE.NFO,2025-07-24,15:12:00,2025-07-31,2.95,2.95,2.95,2.95,0,4620,1
BANKNIFTY31JUL2548600PE.NFO,2025-07-24,15:13:00,2025-07-31,2.95,2.95,2.95,2.95,0,4620,1
BANKNIFTY31JUL2548600PE.NFO,2025-07-24,15:14:00,2025-07-31,2.95,2.95,2.95,2.95,0,4620,1
BANKNIFTY31JUL2548600PE.NFO,2025-07-24,15:15:00,2025-07-31,2.95,2.95,2.95,2.95,0,4620,1
BANKNIFTY31JUL2548600PE.NFO,2025-07-24,15:16:00,2025-07-31,2.95,2.95,2.95,2.95,0,4620,0
BANKNIFTY31JUL2548600PE.NFO,2025-07-24,15:17:00,2025-07-31,2.95,2.95,2.95,2.95,0,4620,1
BANKNIFTY31JUL2548600PE.NFO,2025-07-24,15:18:00,2025-07-31,2.95,2.95,2.95,2.95,0,4620,0
BANKNIFTY31JUL2548600PE.NFO,2025-07-24,15:19:00,2025-07-31,2.95,2.95,2.95,2.95,0,4620,1
BANKNIFTY31JUL2548600PE.NFO,2025-07-24,15:20:00,2025-07-31,2.95,2.95,2.95,2.95,0,4620,0
BANKNIFTY31JUL2548600PE.NFO,2025-07-24,15:21:00,2025-07-31,2.95,2.95,2.95,2.95,0,4620,1
BANKNIFTY31JUL2548600PE.NFO,2025-07-24,15:22:00,2025-07-31,2.3,3.05,2.05,3.05,175,4585,0
BANKNIFTY31JUL2548600PE.NFO,2025-07-24,15:23:00,2025-07-31,3.05,3.05,2.05,2.8,455,4585,0
BANKNIFTY31JUL2548600PE.NFO,2025-07-24,15:24:00,2025-07-31,2.8,2.8,2.8,2.8,0,4585,0
BANKNIFTY31JUL2548600PE.NFO,2025-07-24,15:25:00,2025-07-31,2.8,2.8,2.8,2.8,0,4585,0
BANKNIFTY31JUL2548600PE.NFO,2025-07-24,15:26:00,2025-07-31,2.8,2.8,2.8,2.8,0,4585,0
BANKNIFTY31JUL2548600PE.NFO,2025-07-24,15:27:00,2025-07-31,2.8,2.8,2.8,2.8,0,4585,0
BANKNIFTY31JUL2548600PE.NFO,2025-07-24,15:28:00,2025-07-31,2.8,2.8,2.8,2.8,0,4585,0
BANKNIFTY31JUL2548600PE.NFO,2025-07-24,15:29:00,2025-07-31,2.8,2.8,2.8,2.8,0,4585,0
BANKNIFTY31JUL2548600PE.NFO,2025-07-24,15:30:00,2025-07-31,2.8,2.8,2.8,2.8,0,4585,1
BANKNIFTY31JUL2548600PE.NFO,2025-07-25,09:15:00,2025-07-31,1.95,1.95,1.95,1.95,665,4165,1
BANKNIFTY31JUL2548600PE.NFO,2025-07-25,09:16:00,2025-07-31,1.95,1.95,1.95,1.95,665,4165,1
BANKNIFTY31JUL2548600PE.NFO,2025-07-25,09:17:00,2025-07-31,1.95,1.95,1.95,1.95,665,4165,1
BANKNIFTY31JUL2548600PE.NFO,2025-07-25,09:18:00,2025-07-31,1.95,1.95,1.95,1.95,665,4165,1
BANKNIFTY31JUL2548600PE.NFO,2025-07-25,09:19:00,2025-07-31,1.95,1.95,1.95,1.95,665,4165,1
BANKNIFTY31JUL2548600PE.NFO,2025-07-25,09:20:00,2025-07-31,1.95,1.95,1.95,1.95,665,4165,1
BANKNIFTY31JUL2548600PE.NFO,2025-07-25,09:21:00,2025-07-31,1.95,1.95,1.95,1.95,665,4165,1
BANKNIFTY31JUL2548600PE.NFO,2025-07-25,09:22:00,2025-07-31,1.95,1.95,1.95,1.95,665,4165,1
BANKNIFTY31JUL2548600PE.NFO,2025-07-25,09:23:00,2025-07-31,1.95,1.95,1.95,1.95,665,4165,1
BANKNIFTY31JUL2548600PE.NFO,2025-07-25,09:24:00,2025-07-31,1.95,1.95,1.95,1.95,665,4165,1
BANKNIFTY31JUL2548600PE.NFO,2025-07-25,09:25:00,2025-07-31,1.95,1.95,1.95,1.95,665,4165,1
BANKNIFTY31JUL2548600PE.NFO,2025-07-25,09:26:00,2025-07-31,1.95,1.95,1.95,1.95,665,4165,1
BANKNIFTY31JUL2548600PE.NFO,2025-07-25,09:27:00,2025-07-31,1.95,1.95,1.95,1.95,665,4165,1
BANKNIFTY31JUL2548600PE.NFO,2025-07-25,09:28:00,2025-07-31,1.95,1.95,1.95,1.95,665,4165,1
BANKNIFTY31JUL2548600PE.NFO,2025-07-25,09:29:00,2025-07-31,1.95,1.95,1.95,1.95,665,4165,1
BANKNIFTY31JUL2548600PE.NFO,2025-07-25,09:30:00,2025-07-31,1.95,1.95,1.95,1.95,665,4165,1
BANKNIFTY31JUL2548600PE.NFO,2025-07-25,09:31:00,2025-07-31,1.95,1.95,1.95,1.95,665,4165,1
BANKNIFTY31JUL2548600PE.NFO,2025-07-25,09:32:00,2025-07-31,1.95,1.95,1.95,1.95,665,4165,1
BANKNIFTY31JUL2548600PE.NFO,2025-07-25,09:33:00,2025-07-31,1.95,1.95,1.95,1.95,665,4165,1
BANKNIFTY31JUL2548600PE.NFO,2025-07-25,09:34:00,2025-07-31,1.95,1.95,1.95,1.95,665,4165,1
BANKNIFTY31JUL2548600PE.NFO,2025-07-25,09:35:00,2025-07-31,1.95,1.95,1.95,1.95,665,4165,1
BANKNIFTY31JUL2548600PE.NFO,2025-07-25,09:36:00,2025-07-31,1.95,1.95,1.95,1.95,665,4165,1
BANKNIFTY31JUL2548600PE.NFO,2025-07-25,09:37:00,2025-07-31,1.95,1.95,1.95,1.95,665,4165,1
BANKNIFTY31JUL2548600PE.NFO,2025-07-25,09:38:00,2025-07-31,1.95,1.95,1.95,1.95,665,4165,1
BANKNIFTY31JUL2548600PE.NFO,2025-07-25,09:39:00,2025-07-31,1.95,1.95,1.95,1.95,665,4165,1
BANKNIFTY31JUL2548600PE.NFO,2025-07-25,09:40:00,2025-07-31,1.95,1.95,1.95,1.95,665,4165,1
BANKNIFTY31JUL2548600PE.NFO,2025-07-25,09:41:00,2025-07-31,1.95,1.95,1.95,1.95,665,4165,1
BANKNIFTY31JUL2548600PE.NFO,2025-07-25,09:42:00,2025-07-31,1.95,1.95,1.95,1.95,665,4165,1
BANKNIFTY31JUL2548600PE.NFO,2025-07-25,09:43:00,2025-07-31,1.95,1.95,1.95,1.95,665,4165,1
BANKNIFTY31JUL2548600PE.NFO,2025-07-25,09:44:00,2025-07-31,1.95,1.95,1.95,1.95,665,4165,1
BANKNIFTY31JUL2548600PE.NFO,2025-07-25,09:45:00,2025-07-31,1.85,1.95,1.8,1.95,665,4165,0
BANKNIFTY31JUL2548600PE.NFO,2025-07-25,09:46:00,2025-07-31,1.95,1.95,1.95,1.95,0,4165,0
BANKNIFTY31JUL2548600PE.NFO,2025-07-25,09:47:00,2025-07-31,1.95,1.95,1.95,1.95,0,4165,0
BANKNIFTY31JUL2548600PE.NFO,2025-07-25,09:48:00,2025-07-31,1.95,1.95,1.95,1.95,0,4165,0
BANKNIFTY31JUL2548600PE.NFO,2025-07-25,09:49:00,2025-07-31,1.95,1.95,1.95,1.95,0,4165,0
BANKNIFTY31JUL2548600PE.NFO,2025-07-25,09:50:00,2025-07-31,1.95,1.95,1.95,1.95,0,4165,0
BANKNIFTY31JUL2548600PE.NFO,2025-07-25,09:51:00,2025-07-31,1.95,1.95,1.95,1.95,0,4165,1
BANKNIFTY31JUL2548600PE.NFO,2025-07-25,09:52:00,2025-07-31,1.95,1.95,1.95,1.95,0,4165,1
BANKNIFTY31JUL2548600PE.NFO,2025-07-25,09:53:00,2025-07-31,1.95,1.95,1.95,1.95,0,4165,1
BANKNIFTY31JUL2548600PE.NFO,2025-07-25,09:54:00,2025-07-31,1.95,1.95,1.95,1.95,0,4165,1
BANKNIFTY31JUL2548600PE.NFO,2025-07-25,09:55:00,2025-07-31,1.95,1.95,1.95,1.95,0,4165,0
BANKNIFTY31JUL2548600PE.NFO,2025-07-25,09:56:00,2025-07-31,1.95,1.95,1.95,1.95,0,4165,1
BANKNIFTY31JUL2548600PE.NFO,2025-07-25,09:57:00,2025-07-31,1.95,1.95,1.95,1.95,0,4165,1
BANKNIFTY31JUL2548600PE.NFO,2025-07-25,09:58:00,2025-07-31,1.95,1.95,1.95,1.95,0,4165,1
BANKNIFTY31JUL2548600PE.NFO,2025-07-25,09:59:00,2025-07-31,1.95,1.95,1.95,1.95,0,4165,1
BANKNIFTY31JUL2548600PE.NFO,2025-07-25,10:00:00,2025-07-31,1.95,1.95,1.95,1.95,0,4165,0
BANKNIFTY31JUL2548600PE.NFO,2025-07-25,10:01:00,2025-07-31,1.95,1.95,1.95,1.95,0,4165,1
BANKNIFTY31JUL2548600PE.NFO,2025-07-25,10:02:00,2025-07-31,1.95,1.95,1.95,1.95,0,4165,0
BANKNIFTY31JUL2548600PE.NFO,2025-07-25,10:03:00,2025-07-31,1.95,1.95,1.95,1.95,0,4165,1
BANKNIFTY31JUL2548600PE.NFO,2025-07-25,10:04:00,2025-07-31,1.95,1.95,1.95,1.95,0,4165,1
BANKNIFTY31JUL2548600PE.NFO,2025-07-25,10:05:00,2025-07-31,1.95,1.95,1.95,1.95,0,4165,1
BANKNIFTY31JUL2548600PE.NFO,2025-07-25,10:06:00,2025-07-31,1.95,1.95,1.95,1.95,0,4165,1
BANKNIFTY31JUL2548600PE.NFO,2025-07-25,10:07:00,2025-07-31,1.95,1.95,1.95,1.95,0,4165,0
BANKNIFTY31JUL2548600PE.NFO,2025-07-25,10:08:00,2025-07-31,1.95,1.95,1.95,1.95,0,4165,0
BANKNIFTY31JUL2548600PE.NFO,2025-07-25,10:09:00,2025-07-31,1.95,1.95,1.95,1.95,0,4165,0
BANKNIFTY31JUL2548600PE.NFO,2025-07-25,10:10:00,2025-07-31,1.95,1.95,1.95,1.95,0,4165,1
BANKNIFTY31JUL2548600PE.NFO,2025-07-25,10:11:00,2025-07-31,1.95,1.95,1.95,1.95,0,4165,1
BANKNIFTY31JUL2548600PE.NFO,2025-07-25,10:12:00,2025-07-31,1.95,1.95,1.95,1.95,0,4165,1
BANKNIFTY31JUL2548600PE.NFO,2025-07-25,10:13:00,2025-07-31,1.95,1.95,1.95,1.95,0,4165,1
BANKNIFTY31JUL2548600PE.NFO,2025-07-25,10:14:00,2025-07-31,1.95,1.95,1.95,1.95,0,4165,1
BANKNIFTY31JUL2548600PE.NFO,2025-07-25,10:15:00,2025-07-31,1.85,1.85,1.85,1.85,385,3325,0
BANKNIFTY31JUL2548600PE.NFO,2025-07-25,10:16:00,2025-07-31,1.85,1.95,1.85,1.95,385,3325,0
BANKNIFTY31JUL2548600PE.NFO,2025-07-25,10:17:00,2025-07-31,1.95,1.95,1.95,1.95,0,3325,0
BANKNIFTY31JUL2548600PE.NFO,2025-07-25,10:18:00,2025-07-31,1.95,1.95,1.95,1.95,0,3325,0
BANKNIFTY31JUL2548600PE.NFO,2025-07-25,10:19:00,2025-07-31,1.95,1.95,1.95,1.95,0,3325,0
BANKNIFTY31JUL2548600PE.NFO,2025-07-25,10:20:00,2025-07-31,1.95,1.95,1.95,1.95,0,3325,0
BANKNIFTY31JUL2548600PE.NFO,2025-07-25,10:21:00,2025-07-31,1.95,1.95,1.95,1.95,0,3325,1
BANKNIFTY31JUL2548600PE.NFO,2025-07-25,10:22:00,2025-07-31,1.95,1.95,1.95,1.95,0,3325,1
BANKNIFTY31JUL2548600PE.NFO,2025-07-25,10:23:00,2025-07-31,1.95,1.95,1.95,1.95,0,3325,1
BANKNIFTY31JUL2548600PE.NFO,2025-07-25,10:24:00,2025-07-31,1.95,1.95,1.95,1.95,0,3325,1
BANKNIFTY31JUL2548600PE.NFO,2025-07-25,10:25:00,2025-07-31,1.95,1.95,1.95,1.95,0,3325,1
BANKNIFTY31JUL2548600PE.NFO,2025-07-25,10:26:00,2025-07-31,1.95,1.95,1.95,1.95,0,3325,1
BANKNIFTY31JUL2548600PE.NFO,2025-07-25,10:27:00,2025-07-31,1.95,1.95,1.95,1.95,0,3325,1
BANKNIFTY31JUL2548600PE.NFO,2025-07-25,10:28:00,2025-07-31,1.95,1.95,1.95,1.95,0,3325,1
BANKNIFTY31JUL2548600PE.NFO,2025-07-25,10:29:00,2025-07-31,1.95,1.95,1.95,1.95,0,3325,0
BANKNIFTY31JUL2548600PE.NFO,2025-07-25,10:30:00,2025-07-31,1.95,1.95,1.95,1.95,0,3325,1
BANKNIFTY31JUL2548600PE.NFO,2025-07-25,10:31:00,2025-07-31,1.95,1.95,1.95,1.95,0,3325,1
BANKNIFTY31JUL2548600PE.NFO,2025-07-25,10:32:00,2025-07-31,1.95,1.95,1.95,1.95,0,3325,0
BANKNIFTY31JUL2548600PE.NFO,2025-07-25,10:33:00,2025-07-31,1.95,1.95,1.95,1.95,0,3325,0
BANKNIFTY31JUL2548600PE.NFO,2025-07-25,10:34:00,2025-07-31,1.95,1.95,1.95,1.95,0,3325,0
BANKNIFTY31JUL2548600PE.NFO,2025-07-25,10:35:00,2025-07-31,1.95,1.95,1.95,1.95,0,3325,1
BANKNIFTY31JUL2548600PE.NFO,2025-07-25,10:36:00,2025-07-31,1.95,1.95,1.95,1.95,0,3325,1
BANKNIFTY31JUL2548600PE.NFO,2025-07-25,10:37:00,2025-07-31,1.95,1.95,1.95,1.95,0,3325,1
BANKNIFTY31JUL2548600PE.NFO,2025-07-25,10:38:00,2025-07-31,1.95,1.95,1.95,1.95,0,3325,1
BANKNIFTY31JUL2548600PE.NFO,2025-07-25,10:39:00,2025-07-31,1.95,1.95,1.95,1.95,0,3325,0
BANKNIFTY31JUL2548600PE.NFO,2025-07-25,10:40:00,2025-07-31,1.95,1.95,1.95,1.95,0,3325,0
BANKNIFTY31JUL2548600PE.NFO,2025-07-25,10:41:00,2025-07-31,1.95,1.95,1.95,1.95,0,3325,0
BANKNIFTY31JUL2548600PE.NFO,2025-07-25,10:42:00,2025-07-31,1.95,1.95,1.95,1.95,0,3325,1
BANKNIFTY31JUL2548600PE.NFO,2025-07-25,10:43:00,2025-07-31,1.95,1.95,1.95,1.95,0,3325,0
BANKNIFTY31JUL2548600PE.NFO,2025-07-25,10:44:00,2025-07-31,1.95,1.95,1.95,1.95,0,3325,0
BANKNIFTY31JUL2548600PE.NFO,2025-07-25,10:45:00,2025-07-31,1.95,1.95,1.95,1.95,0,3325,1
BANKNIFTY31JUL2548600PE.NFO,2025-07-25,10:46:00,2025-07-31,1.95,1.95,1.95,1.95,0,3325,1
BANKNIFTY31JUL2548600PE.NFO,2025-07-25,10:47:00,2025-07-31,1.95,1.95,1.95,1.95,0,3325,0
BANKNIFTY31JUL2548600PE.NFO,2025-07-25,10:48:00,2025-07-31,1.95,1.95,1.95,1.95,0,3325,1
BANKNIFTY31JUL2548600PE.NFO,2025-07-25,10:49:00,2025-07-31,1.95,1.95,1.95,1.95,0,3325,1
BANKNIFTY31JUL2548600PE.NFO,2025-07-25,10:50:00,2025-07-31,1.95,1.95,1.95,1.95,0,3325,1
BANKNIFTY31JUL2548600PE.NFO,2025-07-25,10:51:00,2025-07-31,1.95,1.95,1.95,1.95,0,3325,1
BANKNIFTY31JUL2548600PE.NFO,2025-07-25,10:52:00,2025-07-31,1.95,1.95,1.95,1.95,0,3325,1
BANKNIFTY31JUL2548600PE.NFO,2025-07-25,10:53:00,2025-07-31,1.95,1.95,1.95,1.95,0,3325,0
BANKNIFTY31JUL2548600PE.NFO,2025-07-25,10:54:00,2025-07-31,1.95,1.95,1.95,1.95,0,3325,1
BANKNIFTY31JUL2548600PE.NFO,2025-07-25,10:55:00,2025-07-31,1.95,1.95,1.95,1.95,0,3325,1
BANKNIFTY31JUL2548600PE.NFO,2025-07-25,10:56:00,2025-07-31,1.95,1.95,1.95,1.95,0,3325,0
BANKNIFTY31JUL2548600PE.NFO,2025-07-25,10:57:00,2025-07-31,1.95,1.95,1.95,1.95,0,3325,0
BANKNIFTY31JUL2548600PE.NFO,2025-07-25,10:58:00,2025-07-31,1.95,1.95,1.95,1.95,0,3325,0
BANKNIFTY31JUL2548600PE.NFO,2025-07-25,10:59:00,2025-07-31,1.95,1.95,1.95,1.95,0,3325,0
BANKNIFTY31JUL2548600PE.NFO,2025-07-25,11:00:00,2025-07-31,2.85,2.85,2.85,2.85,35,3185,0
BANKNIFTY31JUL2548600PE.NFO,2025-07-25,11:01:00,2025-07-31,2.85,2.85,2.85,2.85,0,3185,0
BANKNIFTY31JUL2548600PE.NFO,2025-07-25,11:02:00,2025-07-31,2.85,2.85,2.85,2.85,0,3185,0
BANKNIFTY31JUL2548600PE.NFO,2025-07-25,11:03:00,2025-07-31,2.85,2.85,2.85,2.85,0,3185,0
BANKNIFTY31JUL2548600PE.NFO,2025-07-25,11:04:00,2025-07-31,2.85,2.85,2.85,2.85,0,3185,1
BANKNIFTY31JUL2548600PE.NFO,2025-07-25,11:05:00,2025-07-31,2.85,2.85,2.85,2.85,0,3185,1
BANKNIFTY31JUL2548600PE.NFO,2025-07-25,11:06:00,2025-07-31,2.85,2.85,2.85,2.85,0,3185,1
BANKNIFTY31JUL2548600PE.NFO,2025-07-25,11:07:00,2025-07-31,2.85,2.85,2.85,2.85,0,3185,0
BANKNIFTY31JUL2548600PE.NFO,2025-07-25,11:08:00,2025-07-31,2.85,2.85,2.85,2.85,0,3185,0
BANKNIFTY31JUL2548600PE.NFO,2025-07-25,11:09:00,2025-07-31,2.85,2.85,2.85,2.85,0,3185,1
BANKNIFTY31JUL2548600PE.NFO,2025-07-25,11:10:00,2025-07-31,2.85,2.85,2.85,2.85,0,3185,0
BANKNIFTY31JUL2548600PE.NFO,2025-07-25,11:11:00,2025-07-31,2.85,2.85,2.85,2.85,0,3185,0
BANKNIFTY31JUL2548600PE.NFO,2025-07-25,11:12:00,2025-07-31,2.85,2.85,2.85,2.85,0,3185,0
BANKNIFTY31JUL2548600PE.NFO,2025-07-25,11:13:00,2025-07-31,2.85,2.85,2.85,2.85,0,3185,1
BANKNIFTY31JUL2548600PE.NFO,2025-07-25,11:14:00,2025-07-31,2.85,2.85,2.85,2.85,0,3185,1
BANKNIFTY31JUL2548600PE.NFO,2025-07-25,11:15:00,2025-07-31,2.85,2.85,2.85,2.85,0,3185,1
BANKNIFTY31JUL2548600PE.NFO,2025-07-25,11:16:00,2025-07-31,2.85,2.85,2.85,2.85,0,3185,0
BANKNIFTY31JUL2548600PE.NFO,2025-07-25,11:17:00,2025-07-31,2.85,2.85,2.85,2.85,0,3185,0
BANKNIFTY31JUL2548600PE.NFO,2025-07-25,11:18:00,2025-07-31,2.85,2.85,2.85,2.85,0,3185,0
BANKNIFTY31JUL2548600PE.NFO,2025-07-25,11:19:00,2025-07-31,2.85,2.85,2.85,2.85,0,3185,0
BANKNIFTY31JUL2548600PE.NFO,2025-07-25,11:20:00,2025-07-31,2.85,2.85,2.85,2.85,0,3185,1
BANKNIFTY31JUL2548600PE.NFO,2025-07-25,11:21:00,2025-07-31,2.85,2.85,2.85,2.85,0,3185,0
BANKNIFTY31JUL2548600PE.NFO,2025-07-25,11:22:00,2025-07-31,2.85,2.85,2.85,2.85,0,3185,1
BANKNIFTY31JUL2548600PE.NFO,2025-07-25,11:23:00,2025-07-31,2.85,2.85,2.85,2.85,0,3185,0
BANKNIFTY31JUL2548600PE.NFO,2025-07-25,11:24:00,2025-07-31,2.85,2.85,2.85,2.85,0,3185,0
BANKNIFTY31JUL2548600PE.NFO,2025-07-25,11:25:00,2025-07-31,2.85,2.85,2.85,2.85,0,3185,1
BANKNIFTY31JUL2548600PE.NFO,2025-07-25,11:26:00,2025-07-31,2.85,2.85,2.85,2.85,0,3185,1
BANKNIFTY31JUL2548600PE.NFO,2025-07-25,11:27:00,2025-07-31,2.85,2.85,2.85,2.85,0,3185,1
BANKNIFTY31JUL2548600PE.NFO,2025-07-25,11:28:00,2025-07-31,2.85,2.85,2.85,2.85,0,3185,0
BANKNIFTY31JUL2548600PE.NFO,2025-07-25,11:29:00,2025-07-31,2.85,2.85,2.85,2.85,0,3185,0
BANKNIFTY31JUL2548600PE.NFO,2025-07-25,11:30:00,2025-07-31,2.85,2.85,2.85,2.85,0,3185,0
BANKNIFTY31JUL2548600PE.NFO,2025-07-25,11:31:00,2025-07-31,2.85,2.85,2.7,2.7,70,3220,0
BANKNIFTY31JUL2548600PE.NFO,2025-07-25,11:32:00,2025-07-31,2.7,2.7,2.7,2.7,0,3220,0
BANKNIFTY31JUL2548600PE.NFO,2025-07-25,11:33:00,2025-07-31,2.7,2.7,2.7,2.7,245,3220,0
BANKNIFTY31JUL2548600PE.NFO,2025-07-25,11:34:00,2025-07-31,2.7,2.7,2.7,2.7,0,3220,0
BANKNIFTY31JUL2548600PE.NFO,2025-07-25,11:35:00,2025-07-31,2.7,3.0,2.1,2.1,105,3325,0
BANKNIFTY31JUL2548600PE.NFO,2025-07-25,11:36:00,2025-07-31,2.1,2.25,2.1,2.25,70,3325,0
BANKNIFTY31JUL2548600PE.NFO,2025-07-25,11:37:00,2025-07-31,2.25,2.25,2.1,2.1,70,3360,0
BANKNIFTY31JUL2548600PE.NFO,2025-07-25,11:38:00,2025-07-31,2.1,2.1,2.1,2.1,0,3360,0
BANKNIFTY31JUL2548600PE.NFO,2025-07-25,11:39:00,2025-07-31,2.1,2.2,2.1,2.2,350,3360,0
BANKNIFTY31JUL2548600PE.NFO,2025-07-25,11:40:00,2025-07-31,2.2,2.2,2.2,2.2,0,3360,0
BANKNIFTY31JUL2548600PE.NFO,2025-07-25,11:41:00,2025-07-31,2.2,2.2,2.2,2.2,0,3360,1
BANKNIFTY31JUL2548600PE.NFO,2025-07-25,11:42:00,2025-07-31,2.2,2.2,2.2,2.2,0,3360,0
BANKNIFTY31JUL2548600PE.NFO,2025-07-25,11:43:00,2025-07-31,2.2,2.2,2.2,2.2,0,3360,1
BANKNIFTY31JUL2548600PE.NFO,2025-07-25,11:44:00,2025-07-31,2.2,2.2,2.2,2.2,0,3360,1
BANKNIFTY31JUL2548600PE.NFO,2025-07-25,11:45:00,2025-07-31,2.2,2.2,2.2,2.2,0,3360,1
BANKNIFTY31JUL2548600PE.NFO,2025-07-25,11:46:00,2025-07-31,2.2,2.2,2.2,2.2,0,3360,0
BANKNIFTY31JUL2548600PE.NFO,2025-07-25,11:47:00,2025-07-31,2.2,2.2,2.2,2.2,0,3360,0
BANKNIFTY31JUL2548600PE.NFO,2025-07-25,11:48:00,2025-07-31,2.2,2.2,2.2,2.2,0,3360,1
BANKNIFTY31JUL2548600PE.NFO,2025-07-25,11:49:00,2025-07-31,2.2,2.2,2.2,2.2,0,3360,0
BANKNIFTY31JUL2548600PE.NFO,2025-07-25,11:50:00,2025-07-31,2.2,2.2,2.2,2.2,0,3360,0
BANKNIFTY31JUL2548600PE.NFO,2025-07-25,11:51:00,2025-07-31,2.2,2.2,2.2,2.2,0,3360,1
BANKNIFTY31JUL2548600PE.NFO,2025-07-25,11:52:00,2025-07-31,2.2,2.2,2.2,2.2,0,3360,1
BANKNIFTY31JUL2548600PE.NFO,2025-07-25,11:53:00,2025-07-31,2.2,2.2,2.2,2.2,0,3360,0
BANKNIFTY31JUL2548600PE.NFO,2025-07-25,11:54:00,2025-07-31,2.2,2.2,2.2,2.2,0,3360,1
BANKNIFTY31JUL2548600PE.NFO,2025-07-25,11:55:00,2025-07-31,2.2,2.2,2.2,2.2,0,3360,0
BANKNIFTY31JUL2548600PE.NFO,2025-07-25,11:56:00,2025-07-31,2.2,2.2,2.2,2.2,0,3360,1
BANKNIFTY31JUL2548600PE.NFO,2025-07-25,11:57:00,2025-07-31,2.2,2.2,2.2,2.2,0,3360,1
BANKNIFTY31JUL2548600PE.NFO,2025-07-25,11:58:00,2025-07-31,2.2,2.2,2.2,2.2,0,3360,0
BANKNIFTY31JUL2548600PE.NFO,2025-07-25,11:59:00,2025-07-31,2.3,2.3,2.3,2.3,35,3185,0
BANKNIFTY31JUL2548600PE.NFO,2025-07-25,12:00:00,2025-07-31,2.3,2.3,2.3,2.3,0,3185,0
BANKNIFTY31JUL2548600PE.NFO,2025-07-25,12:01:00,2025-07-31,2.3,2.9,2.15,2.9,315,3185,0
BANKNIFTY31JUL2548600PE.NFO,2025-07-25,12:02:00,2025-07-31,2.9,2.9,2.35,2.35,385,3185,0
BANKNIFTY31JUL2548600PE.NFO,2025-07-25,12:03:00,2025-07-31,2.35,2.45,2.35,2.45,245,3185,0
BANKNIFTY31JUL2548600PE.NFO,2025-07-25,12:04:00,2025-07-31,2.45,2.45,2.45,2.45,0,3185,0
BANKNIFTY31JUL2548600PE.NFO,2025-07-25,12:05:00,2025-07-31,2.45,2.45,2.45,2.45,0,3185,0
BANKNIFTY31JUL2548600PE.NFO,2025-07-25,12:06:00,2025-07-31,2.45,2.45,2.45,2.45,0,3185,1
BANKNIFTY31JUL2548600PE.NFO,2025-07-25,12:07:00,2025-07-31,2.45,2.45,2.45,2.45,0,3185,0
BANKNIFTY31JUL2548600PE.NFO,2025-07-25,12:08:00,2025-07-31,2.45,2.45,2.45,2.45,0,3185,1
BANKNIFTY31JUL2548600PE.NFO,2025-07-25,12:09:00,2025-07-31,2.45,2.45,2.45,2.45,0,3185,1
BANKNIFTY31JUL2548600PE.NFO,2025-07-25,12:10:00,2025-07-31,2.45,2.45,2.45,2.45,0,3185,1
BANKNIFTY31JUL2548600PE.NFO,2025-07-25,12:11:00,2025-07-31,2.45,2.45,2.45,2.45,0,3185,1
BANKNIFTY31JUL2548600PE.NFO,2025-07-25,12:12:00,2025-07-31,2.45,2.45,2.45,2.45,0,3185,1
BANKNIFTY31JUL2548600PE.NFO,2025-07-25,12:13:00,2025-07-31,2.45,2.45,2.45,2.45,0,3185,0
BANKNIFTY31JUL2548600PE.NFO,2025-07-25,12:14:00,2025-07-31,2.45,2.45,2.45,2.45,0,3185,1
BANKNIFTY31JUL2548600PE.NFO,2025-07-25,12:15:00,2025-07-31,2.45,2.45,2.45,2.45,0,3185,1
BANKNIFTY31JUL2548600PE.NFO,2025-07-25,12:16:00,2025-07-31,2.45,2.45,2.45,2.45,0,3185,1
BANKNIFTY31JUL2548600PE.NFO,2025-07-25,12:17:00,2025-07-31,2.45,2.45,2.45,2.45,0,3185,1
BANKNIFTY31JUL2548600PE.NFO,2025-07-25,12:18:00,2025-07-31,2.45,2.45,2.45,2.45,0,3185,0
BANKNIFTY31JUL2548600PE.NFO,2025-07-25,12:19:00,2025-07-31,2.45,2.45,2.45,2.45,0,3185,1
BANKNIFTY31JUL2548600PE.NFO,2025-07-25,12:20:00,2025-07-31,2.45,2.45,2.45,2.45,0,3185,0
BANKNIFTY31JUL2548600PE.NFO,2025-07-25,12:21:00,2025-07-31,2.45,2.45,2.45,2.45,0,3185,1
BANKNIFTY31JUL2548600PE.NFO,2025-07-25,12:22:00,2025-07-31,2.45,2.45,2.45,2.45,0,3185,1
BANKNIFTY31JUL2548600PE.NFO,2025-07-25,12:23:00,2025-07-31,2.45,2.45,2.45,2.45,70,3570,0
BANKNIFTY31JUL2548600PE.NFO,2025-07-25,12:24:00,2025-07-31,2.45,2.45,2.45,2.45,0,3570,0
BANKNIFTY31JUL2548600PE.NFO,2025-07-25,12:25:00,2025-07-31,2.45,2.45,2.45,2.45,0,3570,0
BANKNIFTY31JUL2548600PE.NFO,2025-07-25,12:26:00,2025-07-31,2.45,2.45,2.45,2.45,0,3570,1
BANKNIFTY31JUL2548600PE.NFO,2025-07-25,12:27:00,2025-07-31,2.45,2.45,2.45,2.45,0,3570,1
BANKNIFTY31JUL2548600PE.NFO,2025-07-25,12:28:00,2025-07-31,2.7,2.7,2.7,2.7,35,3640,0
BANKNIFTY31JUL2548600PE.NFO,2025-07-25,12:29:00,2025-07-31,2.7,2.7,2.7,2.7,35,3640,1
BANKNIFTY31JUL2548600PE.NFO,2025-07-25,12:30:00,2025-07-31,2.7,2.7,2.7,2.7,0,3640,0
BANKNIFTY31JUL2548600PE.NFO,2025-07-25,12:31:00,2025-07-31,2.7,2.7,2.7,2.7,0,3640,0
BANKNIFTY31JUL2548600PE.NFO,2025-07-25,12:32:00,2025-07-31,2.7,2.7,2.7,2.7,0,3640,0
BANKNIFTY31JUL2548600PE.NFO,2025-07-25,12:33:00,2025-07-31,2.7,2.7,2.7,2.7,0,3640,0
BANKNIFTY31JUL2548600PE.NFO,2025-07-25,12:34:00,2025-07-31,2.7,2.7,2.7,2.7,0,3640,0
BANKNIFTY31JUL2548600PE.NFO,2025-07-25,12:35:00,2025-07-31,2.7,2.7,2.7,2.7,0,3640,0
BANKNIFTY31JUL2548600PE.NFO,2025-07-25,12:36:00,2025-07-31,2.7,2.7,2.7,2.7,0,3640,1
BANKNIFTY31JUL2548600PE.NFO,2025-07-25,12:37:00,2025-07-31,2.7,2.7,2.7,2.7,0,3640,0
BANKNIFTY31JUL2548600PE.NFO,2025-07-25,12:38:00,2025-07-31,2.7,2.9,2.35,2.9,140,3675,0
BANKNIFTY31JUL2548600PE.NFO,2025-07-25,12:39:00,2025-07-31,2.9,2.9,2.8,2.8,35,3675,0
BANKNIFTY31JUL2548600PE.NFO,2025-07-25,12:40:00,2025-07-31,2.8,2.8,2.8,2.8,35,3675,0
BANKNIFTY31JUL2548600PE.NFO,2025-07-25,12:41:00,2025-07-31,2.8,2.8,2.8,2.8,0,3675,0
BANKNIFTY31JUL2548600PE.NFO,2025-07-25,12:42:00,2025-07-31,2.8,2.8,2.8,2.8,0,3675,0
BANKNIFTY31JUL2548600PE.NFO,2025-07-25,12:43:00,2025-07-31,2.8,2.8,2.8,2.8,0,3675,0
BANKNIFTY31JUL2548600PE.NFO,2025-07-25,12:44:00,2025-07-31,2.65,2.8,2.25,2.8,280,3710,0
BANKNIFTY31JUL2548600PE.NFO,2025-07-25,12:45:00,2025-07-31,2.8,2.8,2.8,2.8,0,3710,0
BANKNIFTY31JUL2548600PE.NFO,2025-07-25,12:46:00,2025-07-31,2.8,2.8,2.8,2.8,0,3710,0
BANKNIFTY31JUL2548600PE.NFO,2025-07-25,12:47:00,2025-07-31,2.8,2.8,2.8,2.8,0,3710,0
BANKNIFTY31JUL2548600PE.NFO,2025-07-25,12:48:00,2025-07-31,2.8,2.8,2.8,2.8,0,3710,1
BANKNIFTY31JUL2548600PE.NFO,2025-07-25,12:49:00,2025-07-31,2.8,2.8,2.8,2.8,0,3710,0
BANKNIFTY31JUL2548600PE.NFO,2025-07-25,12:50:00,2025-07-31,2.8,2.8,2.8,2.8,0,3710,1
BANKNIFTY31JUL2548600PE.NFO,2025-07-25,12:51:00,2025-07-31,2.8,2.8,2.8,2.8,0,3710,1
BANKNIFTY31JUL2548600PE.NFO,2025-07-25,12:52:00,2025-07-31,2.8,2.8,2.8,2.8,0,3710,1
BANKNIFTY31JUL2548600PE.NFO,2025-07-25,12:53:00,2025-07-31,2.8,2.8,2.8,2.8,0,3710,1
BANKNIFTY31JUL2548600PE.NFO,2025-07-25,12:54:00,2025-07-31,2.8,2.8,2.8,2.8,0,3710,1
BANKNIFTY31JUL2548600PE.NFO,2025-07-25,12:55:00,2025-07-31,2.8,2.8,2.8,2.8,0,3710,0
BANKNIFTY31JUL2548600PE.NFO,2025-07-25,12:56:00,2025-07-31,2.8,2.8,2.8,2.8,0,3710,1
BANKNIFTY31JUL2548600PE.NFO,2025-07-25,12:57:00,2025-07-31,2.8,2.8,2.8,2.8,0,3710,1
BANKNIFTY31JUL2548600PE.NFO,2025-07-25,12:58:00,2025-07-31,2.8,2.8,2.8,2.8,0,3710,1
BANKNIFTY31JUL2548600PE.NFO,2025-07-25,12:59:00,2025-07-31,2.8,2.8,2.8,2.8,0,3710,0
BANKNIFTY31JUL2548600PE.NFO,2025-07-25,13:00:00,2025-07-31,2.8,2.8,2.8,2.8,0,3710,1
BANKNIFTY31JUL2548600PE.NFO,2025-07-25,13:01:00,2025-07-31,2.2,2.2,2.2,2.2,35,3815,0
BANKNIFTY31JUL2548600PE.NFO,2025-07-25,13:02:00,2025-07-31,2.2,2.2,2.2,2.2,0,3815,0
BANKNIFTY31JUL2548600PE.NFO,2025-07-25,13:03:00,2025-07-31,2.2,2.45,2.2,2.45,35,3815,0
BANKNIFTY31JUL2548600PE.NFO,2025-07-25,13:04:00,2025-07-31,2.2,2.2,2.2,2.2,35,3815,0
BANKNIFTY31JUL2548600PE.NFO,2025-07-25,13:05:00,2025-07-31,2.2,2.2,2.2,2.2,0,3815,0
BANKNIFTY31JUL2548600PE.NFO,2025-07-25,13:06:00,2025-07-31,2.2,2.2,2.2,2.2,0,3815,1
BANKNIFTY31JUL2548600PE.NFO,2025-07-25,13:07:00,2025-07-31,2.2,2.2,2.2,2.2,0,3815,0
BANKNIFTY31JUL2548600PE.NFO,2025-07-25,13:08:00,2025-07-31,2.2,2.2,2.2,2.2,0,3815,0
BANKNIFTY31JUL2548600PE.NFO,2025-07-25,13:09:00,2025-07-31,2.2,2.2,2.2,2.2,0,3815,0
BANKNIFTY31JUL2548600PE.NFO,2025-07-25,13:10:00,2025-07-31,2.2,2.35,2.2,2.35,35,3815,0
BANKNIFTY31JUL2548600PE.NFO,2025-07-25,13:11:00,2025-07-31,2.35,2.35,2.35,2.35,35,3815,1
BANKNIFTY31JUL2548600PE.NFO,2025-07-25,13:12:00,2025-07-31,2.35,2.35,2.35,2.35,0,3815,0
BANKNIFTY31JUL2548600PE.NFO,2025-07-25,13:13:00,2025-07-31,2.35,2.35,2.35,2.35,0,3815,1
BANKNIFTY31JUL2548600PE.NFO,2025-07-25,13:14:00,2025-07-31,2.35,2.35,2.35,2.35,0,3815,1
BANKNIFTY31JUL2548600PE.NFO,2025-07-25,13:15:00,2025-07-31,2.35,2.35,2.35,2.35,0,3815,0
BANKNIFTY31JUL2548600PE.NFO,2025-07-25,13:16:00,2025-07-31,2.35,2.35,2.35,2.35,0,3815,1
BANKNIFTY31JUL2548600PE.NFO,2025-07-25,13:17:00,2025-07-31,2.35,2.35,2.35,2.35,0,3815,1
BANKNIFTY31JUL2548600PE.NFO,2025-07-25,13:18:00,2025-07-31,2.35,2.35,2.35,2.35,0,3815,1
BANKNIFTY31JUL2548600PE.NFO,2025-07-25,13:19:00,2025-07-31,2.35,2.35,2.35,2.35,0,3815,0
BANKNIFTY31JUL2548600PE.NFO,2025-07-25,13:20:00,2025-07-31,2.35,2.35,2.35,2.35,0,3815,0
BANKNIFTY31JUL2548600PE.NFO,2025-07-25,13:21:00,2025-07-31,2.35,2.35,2.35,2.35,0,3815,1
BANKNIFTY31JUL2548600PE.NFO,2025-07-25,13:22:00,2025-07-31,2.35,2.35,2.35,2.35,0,3815,1
BANKNIFTY31JUL2548600PE.NFO,2025-07-25,13:23:00,2025-07-31,2.35,2.35,2.35,2.35,0,3815,0
BANKNIFTY31JUL2548600PE.NFO,2025-07-25,13:24:00,2025-07-31,2.35,2.35,2.35,2.35,0,3815,0
BANKNIFTY31JUL2548600PE.NFO,2025-07-25,13:25:00,2025-07-31,2.35,2.35,2.35,2.35,0,3815,0
BANKNIFTY31JUL2548600PE.NFO,2025-07-25,13:26:00,2025-07-31,2.35,2.35,2.35,2.35,0,3815,1
BANKNIFTY31JUL2548600PE.NFO,2025-07-25,13:27:00,2025-07-31,2.35,2.35,2.35,2.35,0,3815,1
BANKNIFTY31JUL2548600PE.NFO,2025-07-25,13:28:00,2025-07-31,2.35,2.35,2.35,2.35,0,3815,1
BANKNIFTY31JUL2548600PE.NFO,2025-07-25,13:29:00,2025-07-31,2.35,2.35,2.35,2.35,0,3815,0
BANKNIFTY31JUL2548600PE.NFO,2025-07-25,13:30:00,2025-07-31,2.35,2.35,2.35,2.35,0,3815,1
BANKNIFTY31JUL2548600PE.NFO,2025-07-25,13:31:00,2025-07-31,2.35,2.35,2.35,2.35,0,3815,1
BANKNIFTY31JUL2548600PE.NFO,2025-07-25,13:32:00,2025-07-31,2.35,2.35,2.35,2.35,0,3815,1
BANKNIFTY31JUL2548600PE.NFO,2025-07-25,13:33:00,2025-07-31,2.35,2.35,2.35,2.35,0,3815,1
BANKNIFTY31JUL2548600PE.NFO,2025-07-25,13:34:00,2025-07-31,2.35,2.35,2.35,2.35,0,3815,1
BANKNIFTY31JUL2548600PE.NFO,2025-07-25,13:35:00,2025-07-31,2.35,2.35,2.35,2.35,0,3815,1
BANKNIFTY31JUL2548600PE.NFO,2025-07-25,13:36:00,2025-07-31,2.35,2.35,2.35,2.35,0,3815,0
BANKNIFTY31JUL2548600PE.NFO,2025-07-25,13:37:00,2025-07-31,2.35,2.35,2.35,2.35,0,3815,1
BANKNIFTY31JUL2548600PE.NFO,2025-07-25,13:38:00,2025-07-31,2.2,2.2,2.2,2.2,35,3780,0
BANKNIFTY31JUL2548600PE.NFO,2025-07-25,13:39:00,2025-07-31,2.2,2.2,2.2,2.2,0,3780,0
BANKNIFTY31JUL2548600PE.NFO,2025-07-25,13:40:00,2025-07-31,2.2,2.2,2.2,2.2,35,3780,0
BANKNIFTY31JUL2548600PE.NFO,2025-07-25,13:41:00,2025-07-31,2.2,2.2,2.2,2.2,0,3780,0
BANKNIFTY31JUL2548600PE.NFO,2025-07-25,13:42:00,2025-07-31,2.2,2.2,2.2,2.2,0,3780,0
BANKNIFTY31JUL2548600PE.NFO,2025-07-25,13:43:00,2025-07-31,2.2,2.2,2.2,2.2,0,3780,1
BANKNIFTY31JUL2548600PE.NFO,2025-07-25,13:44:00,2025-07-31,2.2,2.2,2.2,2.2,0,3780,0
BANKNIFTY31JUL2548600PE.NFO,2025-07-25,13:45:00,2025-07-31,2.2,2.2,2.2,2.2,0,3780,0
BANKNIFTY31JUL2548600PE.NFO,2025-07-25,13:46:00,2025-07-31,2.2,2.2,2.2,2.2,0,3780,1
BANKNIFTY31JUL2548600PE.NFO,2025-07-25,13:47:00,2025-07-31,2.2,2.2,2.2,2.2,0,3780,1
BANKNIFTY31JUL2548600PE.NFO,2025-07-25,13:48:00,2025-07-31,2.2,2.2,2.2,2.2,0,3780,0
BANKNIFTY31JUL2548600PE.NFO,2025-07-25,13:49:00,2025-07-31,2.2,2.2,2.2,2.2,0,3780,1
BANKNIFTY31JUL2548600PE.NFO,2025-07-25,13:50:00,2025-07-31,2.2,2.2,2.2,2.2,0,3780,1
BANKNIFTY31JUL2548600PE.NFO,2025-07-25,13:51:00,2025-07-31,2.2,2.2,2.2,2.2,0,3780,0
BANKNIFTY31JUL2548600PE.NFO,2025-07-25,13:52:00,2025-07-31,2.2,2.2,2.2,2.2,0,3780,0
BANKNIFTY31JUL2548600PE.NFO,2025-07-25,13:53:00,2025-07-31,2.2,2.2,2.2,2.2,0,3780,0
BANKNIFTY31JUL2548600PE.NFO,2025-07-25,13:54:00,2025-07-31,2.2,2.2,2.2,2.2,0,3780,1
BANKNIFTY31JUL2548600PE.NFO,2025-07-25,13:55:00,2025-07-31,2.2,2.2,2.2,2.2,0,3780,0
BANKNIFTY31JUL2548600PE.NFO,2025-07-25,13:56:00,2025-07-31,2.2,2.2,2.2,2.2,0,3780,1
BANKNIFTY31JUL2548600PE.NFO,2025-07-25,13:57:00,2025-07-31,2.2,2.2,2.2,2.2,0,3780,1
BANKNIFTY31JUL2548600PE.NFO,2025-07-25,13:58:00,2025-07-31,2.2,2.2,2.2,2.2,0,3780,0
BANKNIFTY31JUL2548600PE.NFO,2025-07-25,13:59:00,2025-07-31,2.2,2.2,2.2,2.2,0,3780,1
BANKNIFTY31JUL2548600PE.NFO,2025-07-25,14:00:00,2025-07-31,2.2,2.2,2.2,2.2,0,3780,1
BANKNIFTY31JUL2548600PE.NFO,2025-07-25,14:01:00,2025-07-31,2.2,2.2,2.2,2.2,0,3780,1
BANKNIFTY31JUL2548600PE.NFO,2025-07-25,14:02:00,2025-07-31,2.2,2.2,2.2,2.2,0,3780,1
BANKNIFTY31JUL2548600PE.NFO,2025-07-25,14:03:00,2025-07-31,2.2,2.2,2.2,2.2,0,3780,1
BANKNIFTY31JUL2548600PE.NFO,2025-07-25,14:04:00,2025-07-31,2.2,2.2,2.2,2.2,0,3780,1
BANKNIFTY31JUL2548600PE.NFO,2025-07-25,14:05:00,2025-07-31,2.2,2.2,2.2,2.2,0,3780,0
BANKNIFTY31JUL2548600PE.NFO,2025-07-25,14:06:00,2025-07-31,2.2,2.2,2.2,2.2,0,3780,0
BANKNIFTY31JUL2548600PE.NFO,2025-07-25,14:07:00,2025-07-31,2.2,2.2,2.2,2.2,0,3780,1
BANKNIFTY31JUL2548600PE.NFO,2025-07-25,14:08:00,2025-07-31,2.2,2.2,2.2,2.2,0,3780,1
BANKNIFTY31JUL2548600PE.NFO,2025-07-25,14:09:00,2025-07-31,2.2,2.2,2.2,2.2,0,3780,1
BANKNIFTY31JUL2548600PE.NFO,2025-07-25,14:10:00,2025-07-31,2.2,2.2,2.2,2.2,0,3780,0
BANKNIFTY31JUL2548600PE.NFO,2025-07-25,14:11:00,2025-07-31,2.2,2.2,2.2,2.2,0,3780,0
BANKNIFTY31JUL2548600PE.NFO,2025-07-25,14:12:00,2025-07-31,2.2,2.2,2.2,2.2,0,3780,0
BANKNIFTY31JUL2548600PE.NFO,2025-07-25,14:13:00,2025-07-31,2.2,2.2,2.2,2.2,0,3780,1
BANKNIFTY31JUL2548600PE.NFO,2025-07-25,14:14:00,2025-07-31,2.2,2.2,2.2,2.2,0,3780,0
BANKNIFTY31JUL2548600PE.NFO,2025-07-25,14:15:00,2025-07-31,2.2,2.2,2.2,2.2,35,3780,0
BANKNIFTY31JUL2548600PE.NFO,2025-07-25,14:16:00,2025-07-31,2.2,2.2,2.2,2.2,0,3780,0
BANKNIFTY31JUL2548600PE.NFO,2025-07-25,14:17:00,2025-07-31,2.2,2.2,2.2,2.2,0,3780,0
BANKNIFTY31JUL2548600PE.NFO,2025-07-25,14:18:00,2025-07-31,2.2,2.2,2.2,2.2,0,3780,0
BANKNIFTY31JUL2548600PE.NFO,2025-07-25,14:19:00,2025-07-31,2.2,2.2,2.2,2.2,0,3780,0
BANKNIFTY31JUL2548600PE.NFO,2025-07-25,14:20:00,2025-07-31,2.2,2.2,2.2,2.2,0,3780,1
BANKNIFTY31JUL2548600PE.NFO,2025-07-25,14:21:00,2025-07-31,2.2,2.2,2.2,2.2,0,3780,0
BANKNIFTY31JUL2548600PE.NFO,2025-07-25,14:22:00,2025-07-31,2.2,2.2,2.2,2.2,0,3780,1
BANKNIFTY31JUL2548600PE.NFO,2025-07-25,14:23:00,2025-07-31,2.2,2.2,2.2,2.2,0,3780,0
BANKNIFTY31JUL2548600PE.NFO,2025-07-25,14:24:00,2025-07-31,2.2,2.2,2.2,2.2,0,3780,0
BANKNIFTY31JUL2548600PE.NFO,2025-07-25,14:25:00,2025-07-31,2.2,2.2,2.2,2.2,0,3780,1
BANKNIFTY31JUL2548600PE.NFO,2025-07-25,14:26:00,2025-07-31,2.2,2.2,2.2,2.2,0,3780,1
BANKNIFTY31JUL2548600PE.NFO,2025-07-25,14:27:00,2025-07-31,2.2,2.2,2.2,2.2,0,3780,1
BANKNIFTY31JUL2548600PE.NFO,2025-07-25,14:28:00,2025-07-31,2.2,2.2,2.2,2.2,0,3780,1
BANKNIFTY31JUL2548600PE.NFO,2025-07-25,14:29:00,2025-07-31,2.2,2.2,2.2,2.2,0,3780,0
BANKNIFTY31JUL2548600PE.NFO,2025-07-25,14:30:00,2025-07-31,2.2,2.2,2.2,2.2,0,3780,0
BANKNIFTY31JUL2548600PE.NFO,2025-07-25,14:31:00,2025-07-31,2.2,2.2,2.2,2.2,0,3780,0
BANKNIFTY31JUL2548600PE.NFO,2025-07-25,14:32:00,2025-07-31,2.2,2.2,2.2,2.2,0,3780,1
BANKNIFTY31JUL2548600PE.NFO,2025-07-25,14:33:00,2025-07-31,2.2,2.2,2.2,2.2,0,3780,0
BANKNIFTY31JUL2548600PE.NFO,2025-07-25,14:34:00,2025-07-31,2.2,2.2,2.2,2.2,0,3780,1
BANKNIFTY31JUL2548600PE.NFO,2025-07-25,14:35:00,2025-07-31,2.2,2.2,2.2,2.2,0,3780,1
BANKNIFTY31JUL2548600PE.NFO,2025-07-25,14:36:00,2025-07-31,2.2,2.2,2.2,2.2,0,3780,1
BANKNIFTY31JUL2548600PE.NFO,2025-07-25,14:37:00,2025-07-31,2.2,2.2,2.2,2.2,0,3780,1
BANKNIFTY31JUL2548600PE.NFO,2025-07-25,14:38:00,2025-07-31,2.2,2.2,2.2,2.2,0,3780,1
BANKNIFTY31JUL2548600PE.NFO,2025-07-25,14:39:00,2025-07-31,2.2,2.2,2.2,2.2,0,3780,1
BANKNIFTY31JUL2548600PE.NFO,2025-07-25,14:40:00,2025-07-31,2.2,2.2,2.2,2.2,0,3780,1
BANKNIFTY31JUL2548600PE.NFO,2025-07-25,14:41:00,2025-07-31,2.2,2.2,2.2,2.2,0,3780,1
BANKNIFTY31JUL2548600PE.NFO,2025-07-25,14:42:00,2025-07-31,2.2,2.2,2.2,2.2,0,3780,0
BANKNIFTY31JUL2548600PE.NFO,2025-07-25,14:43:00,2025-07-31,2.2,2.2,2.2,2.2,0,3780,1
BANKNIFTY31JUL2548600PE.NFO,2025-07-25,14:44:00,2025-07-31,2.2,2.2,2.2,2.2,0,3780,1
BANKNIFTY31JUL2548600PE.NFO,2025-07-25,14:45:00,2025-07-31,2.2,2.2,2.2,2.2,0,3780,1
BANKNIFTY31JUL2548600PE.NFO,2025-07-25,14:46:00,2025-07-31,2.2,2.2,2.2,2.2,0,3780,0
BANKNIFTY31JUL2548600PE.NFO,2025-07-25,14:47:00,2025-07-31,2.2,2.2,2.2,2.2,0,3780,0
BANKNIFTY31JUL2548600PE.NFO,2025-07-25,14:48:00,2025-07-31,2.2,2.2,2.2,2.2,0,3780,1
BANKNIFTY31JUL2548600PE.NFO,2025-07-25,14:49:00,2025-07-31,2.2,2.2,2.2,2.2,0,3780,1
BANKNIFTY31JUL2548600PE.NFO,2025-07-25,14:50:00,2025-07-31,2.2,2.2,2.2,2.2,0,3780,1
BANKNIFTY31JUL2548600PE.NFO,2025-07-25,14:51:00,2025-07-31,2.2,2.2,2.2,2.2,0,3780,1
BANKNIFTY31JUL2548600PE.NFO,2025-07-25,14:52:00,2025-07-31,2.2,2.2,2.2,2.2,0,3780,1
BANKNIFTY31JUL2548600PE.NFO,2025-07-25,14:53:00,2025-07-31,2.2,2.2,2.2,2.2,0,3780,1
BANKNIFTY31JUL2548600PE.NFO,2025-07-25,14:54:00,2025-07-31,2.2,2.2,2.2,2.2,0,3780,1
BANKNIFTY31JUL2548600PE.NFO,2025-07-25,14:55:00,2025-07-31,2.2,2.2,2.2,2.2,0,3780,1
BANKNIFTY31JUL2548600PE.NFO,2025-07-25,14:56:00,2025-07-31,2.2,2.2,2.2,2.2,0,3780,1
BANKNIFTY31JUL2548600PE.NFO,2025-07-25,14:57:00,2025-07-31,2.2,2.2,2.2,2.2,0,3780,0
BANKNIFTY31JUL2548600PE.NFO,2025-07-25,14:58:00,2025-07-31,2.2,2.2,2.2,2.2,0,3780,0
BANKNIFTY31JUL2548600PE.NFO,2025-07-25,14:59:00,2025-07-31,1.85,2.55,1.85,2.55,35,3745,0
BANKNIFTY31JUL2548600PE.NFO,2025-07-25,15:00:00,2025-07-31,2.55,2.55,2.55,2.55,70,3745,0
BANKNIFTY31JUL2548600PE.NFO,2025-07-25,15:01:00,2025-07-31,2.55,2.55,2.05,2.05,35,3745,0
BANKNIFTY31JUL2548600PE.NFO,2025-07-25,15:02:00,2025-07-31,2.05,2.05,2.05,2.05,35,3745,1
BANKNIFTY31JUL2548600PE.NFO,2025-07-25,15:03:00,2025-07-31,2.05,2.05,2.05,2.05,0,3745,0
BANKNIFTY31JUL2548600PE.NFO,2025-07-25,15:04:00,2025-07-31,2.05,2.05,2.05,2.05,0,3745,0
BANKNIFTY31JUL2548600PE.NFO,2025-07-25,15:05:00,2025-07-31,2.05,2.05,2.05,2.05,0,3745,0
BANKNIFTY31JUL2548600PE.NFO,2025-07-25,15:06:00,2025-07-31,2.05,2.05,2.05,2.05,0,3745,0
BANKNIFTY31JUL2548600PE.NFO,2025-07-25,15:07:00,2025-07-31,2.05,2.05,2.05,2.05,0,3745,1
BANKNIFTY31JUL2548600PE.NFO,2025-07-25,15:08:00,2025-07-31,2.05,2.05,2.05,2.05,0,3745,1
BANKNIFTY31JUL2548600PE.NFO,2025-07-25,15:09:00,2025-07-31,2.05,2.05,2.05,2.05,0,3745,1
BANKNIFTY31JUL2548600PE.NFO,2025-07-25,15:10:00,2025-07-31,2.05,2.05,2.05,2.05,0,3745,1
BANKNIFTY31JUL2548600PE.NFO,2025-07-25,15:11:00,2025-07-31,2.05,2.05,2.05,2.05,0,3745,1
BANKNIFTY31JUL2548600PE.NFO,2025-07-25,15:12:00,2025-07-31,2.05,2.05,2.05,2.05,0,3745,0
BANKNIFTY31JUL2548600PE.NFO,2025-07-25,15:13:00,2025-07-31,2.05,2.05,2.05,2.05,0,3745,1
BANKNIFTY31JUL2548600PE.NFO,2025-07-25,15:14:00,2025-07-31,2.05,2.05,2.05,2.05,0,3745,1
BANKNIFTY31JUL2548600PE.NFO,2025-07-25,15:15:00,2025-07-31,2.85,2.85,2.85,2.85,140,3675,0
BANKNIFTY31JUL2548600PE.NFO,2025-07-25,15:16:00,2025-07-31,2.85,2.85,2.85,2.85,0,3675,0
BANKNIFTY31JUL2548600PE.NFO,2025-07-25,15:17:00,2025-07-31,2.85,2.85,2.85,2.85,0,3675,0
BANKNIFTY31JUL2548600PE.NFO,2025-07-25,15:18:00,2025-07-31,2.85,2.85,2.85,2.85,0,3675,0
BANKNIFTY31JUL2548600PE.NFO,2025-07-25,15:19:00,2025-07-31,2.85,2.85,2.85,2.85,0,3675,0
BANKNIFTY31JUL2548600PE.NFO,2025-07-25,15:20:00,2025-07-31,2.85,2.85,2.85,2.85,0,3675,0
BANKNIFTY31JUL2548600PE.NFO,2025-07-25,15:21:00,2025-07-31,2.85,2.85,2.85,2.85,0,3675,1
BANKNIFTY31JUL2548600PE.NFO,2025-07-25,15:22:00,2025-07-31,2.85,2.85,2.85,2.85,0,3675,1
BANKNIFTY31JUL2548600PE.NFO,2025-07-25,15:23:00,2025-07-31,2.85,2.85,2.85,2.85,0,3675,1
BANKNIFTY31JUL2548600PE.NFO,2025-07-25,15:24:00,2025-07-31,2.85,2.85,2.85,2.85,0,3675,0
BANKNIFTY31JUL2548600PE.NFO,2025-07-25,15:25:00,2025-07-31,2.05,2.05,2.05,2.05,35,3815,0
BANKNIFTY31JUL2548600PE.NFO,2025-07-25,15:26:00,2025-07-31,2.05,2.05,2.05,2.05,35,3815,1
BANKNIFTY31JUL2548600PE.NFO,2025-07-25,15:27:00,2025-07-31,2.05,2.05,2.05,2.05,0,3815,0
BANKNIFTY31JUL2548600PE.NFO,2025-07-25,15:28:00,2025-07-31,2.05,3.5,1.8,3.5,70,3815,0
BANKNIFTY31JUL2548600PE.NFO,2025-07-25,15:29:00,2025-07-31,3.5,3.5,2.2,2.2,245,3815,0
BANKNIFTY31JUL2548600PE.NFO,2025-07-25,15:30:00,2025-07-31,2.2,2.2,2.2,2.2,245,3815,1
BANKNIFTY31JUL2548600PE.NFO,2025-07-28,09:15:00,2025-07-31,1.25,1.25,1.25,1.25,0,0,0
BANKNIFTY31JUL2548600PE.NFO,2025-07-28,09:16:00,2025-07-31,1.4,1.4,1.15,1.4,0,3815,0
BANKNIFTY31JUL2548600PE.NFO,2025-07-28,09:17:00,2025-07-31,1.4,1.4,1.15,1.15,35,3815,0
BANKNIFTY31JUL2548600PE.NFO,2025-07-28,09:18:00,2025-07-31,1.15,1.3,1.15,1.3,35,3675,0
BANKNIFTY31JUL2548600PE.NFO,2025-07-28,09:19:00,2025-07-31,1.3,2.25,1.3,2.25,70,3675,0
BANKNIFTY31JUL2548600PE.NFO,2025-07-28,09:20:00,2025-07-31,2.25,2.25,2.25,2.25,0,3675,0
BANKNIFTY31JUL2548600PE.NFO,2025-07-28,09:21:00,2025-07-31,2.25,2.25,2.25,2.25,0,3675,0
BANKNIFTY31JUL2548600PE.NFO,2025-07-28,09:22:00,2025-07-31,2.25,2.25,2.25,2.25,0,3675,0
BANKNIFTY31JUL2548600PE.NFO,2025-07-28,09:23:00,2025-07-31,2.25,2.25,2.25,2.25,0,3675,0
BANKNIFTY31JUL2548600PE.NFO,2025-07-28,09:24:00,2025-07-31,2.25,2.25,2.25,2.25,0,3675,1
BANKNIFTY31JUL2548600PE.NFO,2025-07-28,09:25:00,2025-07-31,2.25,2.25,2.25,2.25,0,3675,0
BANKNIFTY31JUL2548600PE.NFO,2025-07-28,09:26:00,2025-07-31,2.25,2.25,2.25,2.25,0,3675,0
BANKNIFTY31JUL2548600PE.NFO,2025-07-28,09:27:00,2025-07-31,2.25,2.25,2.25,2.25,0,3675,0
BANKNIFTY31JUL2548600PE.NFO,2025-07-28,09:28:00,2025-07-31,2.25,2.25,2.25,2.25,0,3675,0
BANKNIFTY31JUL2548600PE.NFO,2025-07-28,09:29:00,2025-07-31,2.25,2.25,2.25,2.25,0,3675,1
BANKNIFTY31JUL2548600PE.NFO,2025-07-28,09:30:00,2025-07-31,2.25,2.25,2.25,2.25,0,3675,1
BANKNIFTY31JUL2548600PE.NFO,2025-07-28,09:31:00,2025-07-31,2.25,2.25,2.25,2.25,0,3675,0
BANKNIFTY31JUL2548600PE.NFO,2025-07-28,09:32:00,2025-07-31,2.25,2.25,2.25,2.25,0,3675,0
BANKNIFTY31JUL2548600PE.NFO,2025-07-28,09:33:00,2025-07-31,2.25,2.25,2.25,2.25,0,3675,1
BANKNIFTY31JUL2548600PE.NFO,2025-07-28,09:34:00,2025-07-31,2.25,2.25,2.25,2.25,0,3675,0
BANKNIFTY31JUL2548600PE.NFO,2025-07-28,09:35:00,2025-07-31,2.25,2.25,2.25,2.25,0,3675,0
BANKNIFTY31JUL2548600PE.NFO,2025-07-28,09:36:00,2025-07-31,2.25,2.25,2.25,2.25,0,3675,1
BANKNIFTY31JUL2548600PE.NFO,2025-07-28,09:37:00,2025-07-31,2.25,2.25,2.25,2.25,0,3675,1
BANKNIFTY31JUL2548600PE.NFO,2025-07-28,09:38:00,2025-07-31,1.65,1.65,1.65,1.65,35,3675,0
BANKNIFTY31JUL2548600PE.NFO,2025-07-28,09:39:00,2025-07-31,1.65,1.65,1.65,1.65,0,3675,0
BANKNIFTY31JUL2548600PE.NFO,2025-07-28,09:40:00,2025-07-31,1.65,1.65,1.65,1.65,0,3675,0
BANKNIFTY31JUL2548600PE.NFO,2025-07-28,09:41:00,2025-07-31,1.65,1.65,1.65,1.65,0,3675,1
BANKNIFTY31JUL2548600PE.NFO,2025-07-28,09:42:00,2025-07-31,1.65,1.65,1.65,1.65,0,3675,1
BANKNIFTY31JUL2548600PE.NFO,2025-07-28,09:43:00,2025-07-31,1.65,1.65,1.65,1.65,0,3675,0
BANKNIFTY31JUL2548600PE.NFO,2025-07-28,09:44:00,2025-07-31,1.65,1.65,1.65,1.65,0,3675,0
BANKNIFTY31JUL2548600PE.NFO,2025-07-28,09:45:00,2025-07-31,1.65,1.65,1.65,1.65,0,3675,1
BANKNIFTY31JUL2548600PE.NFO,2025-07-28,09:46:00,2025-07-31,1.65,1.65,1.65,1.65,0,3675,0
BANKNIFTY31JUL2548600PE.NFO,2025-07-28,09:47:00,2025-07-31,1.65,1.65,1.65,1.65,0,3675,0
BANKNIFTY31JUL2548600PE.NFO,2025-07-28,09:48:00,2025-07-31,2.35,2.35,2.35,2.35,35,3640,0
BANKNIFTY31JUL2548600PE.NFO,2025-07-28,09:49:00,2025-07-31,2.35,2.35,2.35,2.35,0,3640,0
BANKNIFTY31JUL2548600PE.NFO,2025-07-28,09:50:00,2025-07-31,2.35,2.35,2.35,2.35,0,3640,0
BANKNIFTY31JUL2548600PE.NFO,2025-07-28,09:51:00,2025-07-31,2.35,2.35,2.35,2.35,0,3640,1
BANKNIFTY31JUL2548600PE.NFO,2025-07-28,09:52:00,2025-07-31,2.35,2.35,2.35,2.35,0,3640,1
BANKNIFTY31JUL2548600PE.NFO,2025-07-28,09:53:00,2025-07-31,2.35,2.35,2.35,2.35,0,3640,1
BANKNIFTY31JUL2548600PE.NFO,2025-07-28,09:54:00,2025-07-31,2.35,2.35,2.35,2.35,0,3640,1
BANKNIFTY31JUL2548600PE.NFO,2025-07-28,09:55:00,2025-07-31,2.35,2.35,2.35,2.35,0,3640,1
BANKNIFTY31JUL2548600PE.NFO,2025-07-28,09:56:00,2025-07-31,2.35,2.35,2.35,2.35,0,3640,0
BANKNIFTY31JUL2548600PE.NFO,2025-07-28,09:57:00,2025-07-31,2.35,2.35,2.35,2.35,0,3640,1
BANKNIFTY31JUL2548600PE.NFO,2025-07-28,09:58:00,2025-07-31,2.35,2.35,2.35,2.35,0,3640,0
BANKNIFTY31JUL2548600PE.NFO,2025-07-28,09:59:00,2025-07-31,2.35,2.35,2.35,2.35,0,3640,1
BANKNIFTY31JUL2548600PE.NFO,2025-07-28,10:00:00,2025-07-31,2.35,2.35,2.35,2.35,0,3640,0
BANKNIFTY31JUL2548600PE.NFO,2025-07-28,10:01:00,2025-07-31,2.35,2.35,2.35,2.35,0,3640,0
BANKNIFTY31JUL2548600PE.NFO,2025-07-28,10:02:00,2025-07-31,2.35,2.35,2.35,2.35,0,3640,0
BANKNIFTY31JUL2548600PE.NFO,2025-07-28,10:03:00,2025-07-31,2.35,2.35,2.35,2.35,0,3640,0
BANKNIFTY31JUL2548600PE.NFO,2025-07-28,10:04:00,2025-07-31,2.35,2.35,2.35,2.35,0,3640,1
BANKNIFTY31JUL2548600PE.NFO,2025-07-28,10:05:00,2025-07-31,2.35,2.35,2.35,2.35,0,3640,1
BANKNIFTY31JUL2548600PE.NFO,2025-07-28,10:06:00,2025-07-31,2.35,2.35,2.35,2.35,0,3640,1
BANKNIFTY31JUL2548600PE.NFO,2025-07-28,10:07:00,2025-07-31,2.35,2.35,2.35,2.35,0,3640,1
BANKNIFTY31JUL2548600PE.NFO,2025-07-28,10:08:00,2025-07-31,2.35,2.35,2.35,2.35,0,3640,1
BANKNIFTY31JUL2548600PE.NFO,2025-07-28,10:09:00,2025-07-31,2.35,2.35,2.35,2.35,0,3640,1
BANKNIFTY31JUL2548600PE.NFO,2025-07-28,10:10:00,2025-07-31,2.35,2.35,2.35,2.35,0,3640,1
BANKNIFTY31JUL2548600PE.NFO,2025-07-28,10:11:00,2025-07-31,2.35,2.35,2.35,2.35,0,3640,1
BANKNIFTY31JUL2548600PE.NFO,2025-07-28,10:12:00,2025-07-31,2.35,2.35,2.35,2.35,0,3640,0
BANKNIFTY31JUL2548600PE.NFO,2025-07-28,10:13:00,2025-07-31,2.35,2.35,2.35,2.35,0,3640,1
BANKNIFTY31JUL2548600PE.NFO,2025-07-28,10:14:00,2025-07-31,2.35,2.35,2.35,2.35,0,3640,1
BANKNIFTY31JUL2548600PE.NFO,2025-07-28,10:15:00,2025-07-31,2.35,2.35,2.35,2.35,0,3640,0
BANKNIFTY31JUL2548600PE.NFO,2025-07-28,10:16:00,2025-07-31,2.35,2.35,2.35,2.35,0,3640,1
BANKNIFTY31JUL2548600PE.NFO,2025-07-28,10:17:00,2025-07-31,2.35,2.35,2.35,2.35,0,3640,1
BANKNIFTY31JUL2548600PE.NFO,2025-07-28,10:18:00,2025-07-31,2.35,2.35,2.35,2.35,0,3640,0
BANKNIFTY31JUL2548600PE.NFO,2025-07-28,10:19:00,2025-07-31,2.35,2.35,2.35,2.35,0,3640,0
BANKNIFTY31JUL2548600PE.NFO,2025-07-28,10:20:00,2025-07-31,2.35,2.35,2.35,2.35,0,3640,0
BANKNIFTY31JUL2548600PE.NFO,2025-07-28,10:21:00,2025-07-31,2.35,2.35,2.35,2.35,0,3640,1
BANKNIFTY31JUL2548600PE.NFO,2025-07-28,10:22:00,2025-07-31,2.35,2.35,2.35,2.35,0,3640,1
BANKNIFTY31JUL2548600PE.NFO,2025-07-28,10:23:00,2025-07-31,2.35,2.35,2.35,2.35,0,3640,1
BANKNIFTY31JUL2548600PE.NFO,2025-07-28,10:24:00,2025-07-31,2.35,2.35,2.35,2.35,0,3640,1
BANKNIFTY31JUL2548600PE.NFO,2025-07-28,10:25:00,2025-07-31,1.65,1.65,1.65,1.65,35,3640,0
BANKNIFTY31JUL2548600PE.NFO,2025-07-28,10:26:00,2025-07-31,1.65,1.65,1.65,1.65,0,3640,0
BANKNIFTY31JUL2548600PE.NFO,2025-07-28,10:27:00,2025-07-31,1.65,1.65,1.65,1.65,0,3640,1
BANKNIFTY31JUL2548600PE.NFO,2025-07-28,10:28:00,2025-07-31,1.65,1.65,1.65,1.65,0,3640,0
BANKNIFTY31JUL2548600PE.NFO,2025-07-28,10:29:00,2025-07-31,1.65,1.65,1.65,1.65,0,3640,1
BANKNIFTY31JUL2548600PE.NFO,2025-07-28,10:30:00,2025-07-31,1.65,1.65,1.65,1.65,0,3640,1
BANKNIFTY31JUL2548600PE.NFO,2025-07-28,10:31:00,2025-07-31,1.65,1.65,1.65,1.65,0,3640,1
BANKNIFTY31JUL2548600PE.NFO,2025-07-28,10:32:00,2025-07-31,1.65,1.65,1.65,1.65,0,3640,1
BANKNIFTY31JUL2548600PE.NFO,2025-07-28,10:33:00,2025-07-31,1.65,1.65,1.65,1.65,0,3640,0
BANKNIFTY31JUL2548600PE.NFO,2025-07-28,10:34:00,2025-07-31,1.65,1.65,1.65,1.65,0,3640,1
BANKNIFTY31JUL2548600PE.NFO,2025-07-28,10:35:00,2025-07-31,1.65,1.65,1.65,1.65,0,3640,0
BANKNIFTY31JUL2548600PE.NFO,2025-07-28,10:36:00,2025-07-31,1.65,1.65,1.65,1.65,0,3640,1
BANKNIFTY31JUL2548600PE.NFO,2025-07-28,10:37:00,2025-07-31,1.65,1.65,1.65,1.65,0,3640,1
BANKNIFTY31JUL2548600PE.NFO,2025-07-28,10:38:00,2025-07-31,1.65,1.65,1.65,1.65,0,3640,1
BANKNIFTY31JUL2548600PE.NFO,2025-07-28,10:39:00,2025-07-31,2.05,2.05,2.05,2.05,35,3640,0
BANKNIFTY31JUL2548600PE.NFO,2025-07-28,10:40:00,2025-07-31,2.05,2.05,2.05,2.05,0,3640,0
BANKNIFTY31JUL2548600PE.NFO,2025-07-28,10:41:00,2025-07-31,2.05,2.05,2.05,2.05,0,3640,0
BANKNIFTY31JUL2548600PE.NFO,2025-07-28,10:42:00,2025-07-31,2.05,2.05,2.05,2.05,0,3640,1
BANKNIFTY31JUL2548600PE.NFO,2025-07-28,10:43:00,2025-07-31,2.05,2.05,2.05,2.05,0,3640,0
BANKNIFTY31JUL2548600PE.NFO,2025-07-28,10:44:00,2025-07-31,2.05,2.05,1.75,1.75,35,3675,0
BANKNIFTY31JUL2548600PE.NFO,2025-07-28,10:45:00,2025-07-31,1.75,1.75,1.75,1.75,0,3675,0
BANKNIFTY31JUL2548600PE.NFO,2025-07-28,10:46:00,2025-07-31,1.75,1.75,1.75,1.75,0,3675,0
BANKNIFTY31JUL2548600PE.NFO,2025-07-28,10:47:00,2025-07-31,1.75,1.75,1.75,1.75,0,3675,1
BANKNIFTY31JUL2548600PE.NFO,2025-07-28,10:48:00,2025-07-31,1.75,1.75,1.75,1.75,0,3675,1
BANKNIFTY31JUL2548600PE.NFO,2025-07-28,10:49:00,2025-07-31,1.75,1.75,1.75,1.75,0,3675,1
BANKNIFTY31JUL2548600PE.NFO,2025-07-28,10:50:00,2025-07-31,1.75,1.75,1.75,1.75,0,3675,0
BANKNIFTY31JUL2548600PE.NFO,2025-07-28,10:51:00,2025-07-31,1.75,1.75,1.75,1.75,0,3675,0
BANKNIFTY31JUL2548600PE.NFO,2025-07-28,10:52:00,2025-07-31,1.75,1.75,1.75,1.75,0,3675,1
BANKNIFTY31JUL2548600PE.NFO,2025-07-28,10:53:00,2025-07-31,1.75,1.75,1.75,1.75,0,3675,1
BANKNIFTY31JUL2548600PE.NFO,2025-07-28,10:54:00,2025-07-31,1.75,1.75,1.75,1.75,0,3675,1
BANKNIFTY31JUL2548600PE.NFO,2025-07-28,10:55:00,2025-07-31,1.75,1.75,1.75,1.75,0,3675,0
BANKNIFTY31JUL2548600PE.NFO,2025-07-28,10:56:00,2025-07-31,1.75,1.75,1.75,1.75,0,3675,1
BANKNIFTY31JUL2548600PE.NFO,2025-07-28,10:57:00,2025-07-31,1.75,1.75,1.75,1.75,0,3675,1
BANKNIFTY31JUL2548600PE.NFO,2025-07-28,10:58:00,2025-07-31,1.75,1.75,1.75,1.75,0,3675,1
BANKNIFTY31JUL2548600PE.NFO,2025-07-28,10:59:00,2025-07-31,1.75,1.75,1.75,1.75,210,3640,0
BANKNIFTY31JUL2548600PE.NFO,2025-07-28,11:00:00,2025-07-31,1.75,1.75,1.75,1.75,0,3640,0
BANKNIFTY31JUL2548600PE.NFO,2025-07-28,11:01:00,2025-07-31,1.75,1.75,1.75,1.75,0,3640,0
BANKNIFTY31JUL2548600PE.NFO,2025-07-28,11:02:00,2025-07-31,1.75,1.75,1.75,1.75,0,3640,0
BANKNIFTY31JUL2548600PE.NFO,2025-07-28,11:03:00,2025-07-31,1.75,1.75,1.75,1.75,0,3640,1
BANKNIFTY31JUL2548600PE.NFO,2025-07-28,11:04:00,2025-07-31,1.75,1.75,1.75,1.75,0,3640,1
BANKNIFTY31JUL2548600PE.NFO,2025-07-28,11:05:00,2025-07-31,1.75,1.75,1.75,1.75,0,3640,0
BANKNIFTY31JUL2548600PE.NFO,2025-07-28,11:06:00,2025-07-31,1.75,1.75,1.75,1.75,0,3640,0
BANKNIFTY31JUL2548600PE.NFO,2025-07-28,11:07:00,2025-07-31,1.75,1.75,1.75,1.75,0,3640,0
BANKNIFTY31JUL2548600PE.NFO,2025-07-28,11:08:00,2025-07-31,1.75,1.75,1.75,1.75,0,3640,0
BANKNIFTY31JUL2548600PE.NFO,2025-07-28,11:09:00,2025-07-31,1.6,1.6,1.6,1.6,35,3430,0
BANKNIFTY31JUL2548600PE.NFO,2025-07-28,11:10:00,2025-07-31,1.6,1.6,1.6,1.6,35,3430,1
BANKNIFTY31JUL2548600PE.NFO,2025-07-28,11:11:00,2025-07-31,1.6,1.6,1.6,1.6,35,3430,1
BANKNIFTY31JUL2548600PE.NFO,2025-07-28,11:12:00,2025-07-31,1.6,1.6,1.6,1.6,0,3430,0
BANKNIFTY31JUL2548600PE.NFO,2025-07-28,11:13:00,2025-07-31,1.6,1.6,1.6,1.6,0,3430,1
BANKNIFTY31JUL2548600PE.NFO,2025-07-28,11:14:00,2025-07-31,1.6,1.6,1.6,1.6,0,3430,1
BANKNIFTY31JUL2548600PE.NFO,2025-07-28,11:15:00,2025-07-31,1.6,1.6,1.6,1.6,0,3430,1
BANKNIFTY31JUL2548600PE.NFO,2025-07-28,11:16:00,2025-07-31,1.6,1.6,1.6,1.6,0,3430,0
BANKNIFTY31JUL2548600PE.NFO,2025-07-28,11:17:00,2025-07-31,1.6,1.6,1.6,1.6,0,3430,1
BANKNIFTY31JUL2548600PE.NFO,2025-07-28,11:18:00,2025-07-31,1.6,1.6,1.6,1.6,0,3430,1
BANKNIFTY31JUL2548600PE.NFO,2025-07-28,11:19:00,2025-07-31,1.6,1.6,1.6,1.6,0,3430,1
BANKNIFTY31JUL2548600PE.NFO,2025-07-28,11:20:00,2025-07-31,1.6,1.6,1.6,1.6,0,3430,1
BANKNIFTY31JUL2548600PE.NFO,2025-07-28,11:21:00,2025-07-31,1.6,1.6,1.6,1.6,0,3430,0
BANKNIFTY31JUL2548600PE.NFO,2025-07-28,11:22:00,2025-07-31,1.6,1.6,1.6,1.6,0,3430,0
BANKNIFTY31JUL2548600PE.NFO,2025-07-28,11:23:00,2025-07-31,1.6,1.6,1.6,1.6,0,3430,0
BANKNIFTY31JUL2548600PE.NFO,2025-07-28,11:24:00,2025-07-31,1.6,1.6,1.6,1.6,0,3430,0
BANKNIFTY31JUL2548600PE.NFO,2025-07-28,11:25:00,2025-07-31,1.6,1.6,1.6,1.6,0,3430,1
BANKNIFTY31JUL2548600PE.NFO,2025-07-28,11:26:00,2025-07-31,1.6,1.6,1.6,1.6,0,3430,1
BANKNIFTY31JUL2548600PE.NFO,2025-07-28,11:27:00,2025-07-31,1.6,1.6,1.6,1.6,0,3430,0
BANKNIFTY31JUL2548600PE.NFO,2025-07-28,11:28:00,2025-07-31,1.6,1.6,1.6,1.6,0,3430,1
BANKNIFTY31JUL2548600PE.NFO,2025-07-28,11:29:00,2025-07-31,1.6,1.6,1.6,1.6,0,3430,1
BANKNIFTY31JUL2548600PE.NFO,2025-07-28,11:30:00,2025-07-31,1.6,1.6,1.6,1.6,0,3430,0
BANKNIFTY31JUL2548600PE.NFO,2025-07-28,11:31:00,2025-07-31,1.6,1.6,1.6,1.6,0,3430,0
BANKNIFTY31JUL2548600PE.NFO,2025-07-28,11:32:00,2025-07-31,1.6,1.6,1.6,1.6,0,3430,1
BANKNIFTY31JUL2548600PE.NFO,2025-07-28,11:33:00,2025-07-31,1.6,1.6,1.6,1.6,0,3430,1
BANKNIFTY31JUL2548600PE.NFO,2025-07-28,11:34:00,2025-07-31,1.6,1.6,1.6,1.6,0,3430,1
BANKNIFTY31JUL2548600PE.NFO,2025-07-28,11:35:00,2025-07-31,1.6,1.6,1.6,1.6,0,3430,1
BANKNIFTY31JUL2548600PE.NFO,2025-07-28,11:36:00,2025-07-31,1.6,1.6,1.6,1.6,0,3430,1
BANKNIFTY31JUL2548600PE.NFO,2025-07-28,11:37:00,2025-07-31,1.6,1.6,1.6,1.6,0,3430,0
BANKNIFTY31JUL2548600PE.NFO,2025-07-28,11:38:00,2025-07-31,1.6,1.6,1.6,1.6,0,3430,0
BANKNIFTY31JUL2548600PE.NFO,2025-07-28,11:39:00,2025-07-31,1.6,1.6,1.6,1.6,0,3430,1
BANKNIFTY31JUL2548600PE.NFO,2025-07-28,11:40:00,2025-07-31,1.6,1.6,1.6,1.6,0,3430,1
BANKNIFTY31JUL2548600PE.NFO,2025-07-28,11:41:00,2025-07-31,1.6,1.6,1.6,1.6,0,3430,0
BANKNIFTY31JUL2548600PE.NFO,2025-07-28,11:42:00,2025-07-31,1.6,1.6,1.6,1.6,0,3430,1
BANKNIFTY31JUL2548600PE.NFO,2025-07-28,11:43:00,2025-07-31,1.6,1.6,1.6,1.6,0,3430,1
BANKNIFTY31JUL2548600PE.NFO,2025-07-28,11:44:00,2025-07-31,1.6,1.6,1.6,1.6,0,3430,1
BANKNIFTY31JUL2548600PE.NFO,2025-07-28,11:45:00,2025-07-31,1.6,1.6,1.6,1.6,0,3430,0
BANKNIFTY31JUL2548600PE.NFO,2025-07-28,11:46:00,2025-07-31,1.6,1.6,1.6,1.6,0,3430,0
BANKNIFTY31JUL2548600PE.NFO,2025-07-28,11:47:00,2025-07-31,1.6,1.6,1.6,1.6,0,3430,0
BANKNIFTY31JUL2548600PE.NFO,2025-07-28,11:48:00,2025-07-31,1.6,1.6,1.6,1.6,0,3430,1
BANKNIFTY31JUL2548600PE.NFO,2025-07-28,11:49:00,2025-07-31,1.6,1.6,1.6,1.6,0,3430,1
BANKNIFTY31JUL2548600PE.NFO,2025-07-28,11:50:00,2025-07-31,1.6,1.6,1.6,1.6,0,3430,0
BANKNIFTY31JUL2548600PE.NFO,2025-07-28,11:51:00,2025-07-31,1.6,1.6,1.6,1.6,0,3430,1
BANKNIFTY31JUL2548600PE.NFO,2025-07-28,11:52:00,2025-07-31,1.6,1.6,1.6,1.6,0,3430,1
BANKNIFTY31JUL2548600PE.NFO,2025-07-28,11:53:00,2025-07-31,1.6,1.6,1.6,1.6,0,3430,0
BANKNIFTY31JUL2548600PE.NFO,2025-07-28,11:54:00,2025-07-31,1.6,1.6,1.6,1.6,0,3430,0
BANKNIFTY31JUL2548600PE.NFO,2025-07-28,11:55:00,2025-07-31,1.6,1.6,1.6,1.6,0,3430,0
BANKNIFTY31JUL2548600PE.NFO,2025-07-28,11:56:00,2025-07-31,1.6,1.6,1.6,1.6,0,3430,1
BANKNIFTY31JUL2548600PE.NFO,2025-07-28,11:57:00,2025-07-31,1.9,1.9,1.9,1.9,140,3395,0
BANKNIFTY31JUL2548600PE.NFO,2025-07-28,11:58:00,2025-07-31,1.9,1.9,1.9,1.9,0,3395,0
BANKNIFTY31JUL2548600PE.NFO,2025-07-28,11:59:00,2025-07-31,1.9,1.9,1.9,1.9,0,3395,1
BANKNIFTY31JUL2548600PE.NFO,2025-07-28,12:00:00,2025-07-31,1.9,1.9,1.9,1.9,0,3395,0
BANKNIFTY31JUL2548600PE.NFO,2025-07-28,12:01:00,2025-07-31,1.9,1.9,1.9,1.9,0,3395,0
BANKNIFTY31JUL2548600PE.NFO,2025-07-28,12:02:00,2025-07-31,1.9,1.9,1.9,1.9,0,3395,1
BANKNIFTY31JUL2548600PE.NFO,2025-07-28,12:03:00,2025-07-31,1.9,1.9,1.9,1.9,0,3395,1
BANKNIFTY31JUL2548600PE.NFO,2025-07-28,12:04:00,2025-07-31,1.9,1.9,1.9,1.9,0,3395,1
BANKNIFTY31JUL2548600PE.NFO,2025-07-28,12:05:00,2025-07-31,1.9,1.9,1.9,1.9,0,3395,1
BANKNIFTY31JUL2548600PE.NFO,2025-07-28,12:06:00,2025-07-31,1.9,1.9,1.9,1.9,0,3395,1
BANKNIFTY31JUL2548600PE.NFO,2025-07-28,12:07:00,2025-07-31,1.9,1.9,1.9,1.9,0,3395,0
BANKNIFTY31JUL2548600PE.NFO,2025-07-28,12:08:00,2025-07-31,1.9,1.9,1.9,1.9,0,3395,0
BANKNIFTY31JUL2548600PE.NFO,2025-07-28,12:09:00,2025-07-31,1.9,1.9,1.9,1.9,0,3395,1
BANKNIFTY31JUL2548600PE.NFO,2025-07-28,12:10:00,2025-07-31,1.9,1.9,1.9,1.9,0,3395,1
BANKNIFTY31JUL2548600PE.NFO,2025-07-28,12:11:00,2025-07-31,1.9,1.9,1.9,1.9,0,3395,1
BANKNIFTY31JUL2548600PE.NFO,2025-07-28,12:12:00,2025-07-31,1.9,1.9,1.9,1.9,0,3395,1
BANKNIFTY31JUL2548600PE.NFO,2025-07-28,12:13:00,2025-07-31,1.9,1.9,1.9,1.9,0,3395,0
BANKNIFTY31JUL2548600PE.NFO,2025-07-28,12:14:00,2025-07-31,1.9,1.9,1.9,1.9,0,3395,1
BANKNIFTY31JUL2548600PE.NFO,2025-07-28,12:15:00,2025-07-31,1.9,1.9,1.9,1.9,0,3395,1
BANKNIFTY31JUL2548600PE.NFO,2025-07-28,12:16:00,2025-07-31,1.9,1.9,1.9,1.9,0,3395,1
BANKNIFTY31JUL2548600PE.NFO,2025-07-28,12:17:00,2025-07-31,1.9,1.9,1.9,1.9,0,3395,1
BANKNIFTY31JUL2548600PE.NFO,2025-07-28,12:18:00,2025-07-31,1.9,1.9,1.9,1.9,0,3395,0
BANKNIFTY31JUL2548600PE.NFO,2025-07-28,12:19:00,2025-07-31,1.9,1.9,1.9,1.9,0,3395,1
BANKNIFTY31JUL2548600PE.NFO,2025-07-28,12:20:00,2025-07-31,1.9,1.9,1.9,1.9,0,3395,1
BANKNIFTY31JUL2548600PE.NFO,2025-07-28,12:21:00,2025-07-31,1.9,1.9,1.9,1.9,0,3395,0
BANKNIFTY31JUL2548600PE.NFO,2025-07-28,12:22:00,2025-07-31,1.9,1.9,1.9,1.9,0,3395,1
BANKNIFTY31JUL2548600PE.NFO,2025-07-28,12:23:00,2025-07-31,1.9,1.9,1.9,1.9,0,3395,1
BANKNIFTY31JUL2548600PE.NFO,2025-07-28,12:24:00,2025-07-31,1.9,1.9,1.9,1.9,0,3395,1
BANKNIFTY31JUL2548600PE.NFO,2025-07-28,12:25:00,2025-07-31,1.9,1.9,1.9,1.9,0,3395,1
BANKNIFTY31JUL2548600PE.NFO,2025-07-28,12:26:00,2025-07-31,1.9,1.9,1.9,1.9,0,3395,1
BANKNIFTY31JUL2548600PE.NFO,2025-07-28,12:27:00,2025-07-31,1.9,1.9,1.9,1.9,0,3395,1
BANKNIFTY31JUL2548600PE.NFO,2025-07-28,12:28:00,2025-07-31,1.9,1.9,1.9,1.9,0,3395,0
BANKNIFTY31JUL2548600PE.NFO,2025-07-28,12:29:00,2025-07-31,1.9,1.9,1.9,1.9,0,3395,1
BANKNIFTY31JUL2548600PE.NFO,2025-07-28,12:30:00,2025-07-31,1.9,1.9,1.9,1.9,0,3395,1
BANKNIFTY31JUL2548600PE.NFO,2025-07-28,12:31:00,2025-07-31,1.9,1.9,1.9,1.9,0,3395,1
BANKNIFTY31JUL2548600PE.NFO,2025-07-28,12:32:00,2025-07-31,1.9,1.9,1.9,1.9,0,3395,1
BANKNIFTY31JUL2548600PE.NFO,2025-07-28,12:33:00,2025-07-31,1.9,1.9,1.9,1.9,0,3395,1
BANKNIFTY31JUL2548600PE.NFO,2025-07-28,12:34:00,2025-07-31,1.9,1.9,1.9,1.9,0,3395,1
BANKNIFTY31JUL2548600PE.NFO,2025-07-28,12:35:00,2025-07-31,1.9,1.9,1.9,1.9,0,3395,0
BANKNIFTY31JUL2548600PE.NFO,2025-07-28,12:36:00,2025-07-31,1.9,1.9,1.9,1.9,0,3395,1
BANKNIFTY31JUL2548600PE.NFO,2025-07-28,12:37:00,2025-07-31,1.9,1.9,1.9,1.9,0,3395,1
BANKNIFTY31JUL2548600PE.NFO,2025-07-28,12:38:00,2025-07-31,1.9,1.9,1.9,1.9,0,3395,1
BANKNIFTY31JUL2548600PE.NFO,2025-07-28,12:39:00,2025-07-31,1.9,1.9,1.9,1.9,0,3395,1
BANKNIFTY31JUL2548600PE.NFO,2025-07-28,12:40:00,2025-07-31,1.9,1.9,1.9,1.9,0,3395,1
BANKNIFTY31JUL2548600PE.NFO,2025-07-28,12:41:00,2025-07-31,1.9,1.9,1.9,1.9,0,3395,1
BANKNIFTY31JUL2548600PE.NFO,2025-07-28,12:42:00,2025-07-31,1.9,1.9,1.9,1.9,0,3395,1
BANKNIFTY31JUL2548600PE.NFO,2025-07-28,12:43:00,2025-07-31,1.9,2.3,1.9,2.3,70,3535,0
BANKNIFTY31JUL2548600PE.NFO,2025-07-28,12:44:00,2025-07-31,2.3,2.3,2.3,2.3,0,3535,0
BANKNIFTY31JUL2548600PE.NFO,2025-07-28,12:45:00,2025-07-31,2.3,2.3,2.3,2.3,0,3535,0
BANKNIFTY31JUL2548600PE.NFO,2025-07-28,12:46:00,2025-07-31,2.3,2.3,2.3,2.3,0,3535,1
BANKNIFTY31JUL2548600PE.NFO,2025-07-28,12:47:00,2025-07-31,2.3,2.3,2.3,2.3,0,3535,1
BANKNIFTY31JUL2548600PE.NFO,2025-07-28,12:48:00,2025-07-31,2.3,2.3,2.3,2.3,0,3535,1
BANKNIFTY31JUL2548600PE.NFO,2025-07-28,12:49:00,2025-07-31,2.3,2.3,2.3,2.3,0,3535,0
BANKNIFTY31JUL2548600PE.NFO,2025-07-28,12:50:00,2025-07-31,2.3,2.3,2.3,2.3,0,3535,0
BANKNIFTY31JUL2548600PE.NFO,2025-07-28,12:51:00,2025-07-31,2.3,2.3,2.3,2.3,0,3535,0
BANKNIFTY31JUL2548600PE.NFO,2025-07-28,12:52:00,2025-07-31,2.3,2.3,2.3,2.3,0,3535,0
BANKNIFTY31JUL2548600PE.NFO,2025-07-28,12:53:00,2025-07-31,2.3,2.3,2.3,2.3,0,3535,1
BANKNIFTY31JUL2548600PE.NFO,2025-07-28,12:54:00,2025-07-31,2.3,2.3,2.3,2.3,0,3535,0
BANKNIFTY31JUL2548600PE.NFO,2025-07-28,12:55:00,2025-07-31,2.3,2.3,2.3,2.3,0,3535,0
BANKNIFTY31JUL2548600PE.NFO,2025-07-28,12:56:00,2025-07-31,2.3,2.3,2.3,2.3,0,3535,1
BANKNIFTY31JUL2548600PE.NFO,2025-07-28,12:57:00,2025-07-31,2.3,2.3,2.3,2.3,0,3535,1
BANKNIFTY31JUL2548600PE.NFO,2025-07-28,12:58:00,2025-07-31,2.3,2.3,2.3,2.3,0,3535,0
BANKNIFTY31JUL2548600PE.NFO,2025-07-28,12:59:00,2025-07-31,2.3,2.3,2.3,2.3,0,3535,1
BANKNIFTY31JUL2548600PE.NFO,2025-07-28,13:00:00,2025-07-31,2.3,2.3,2.3,2.3,0,3535,1
BANKNIFTY31JUL2548600PE.NFO,2025-07-28,13:01:00,2025-07-31,2.3,2.3,2.3,2.3,0,3535,1
BANKNIFTY31JUL2548600PE.NFO,2025-07-28,13:02:00,2025-07-31,2.3,2.3,2.3,2.3,0,3535,1
BANKNIFTY31JUL2548600PE.NFO,2025-07-28,13:03:00,2025-07-31,2.3,2.3,2.3,2.3,0,3535,1
BANKNIFTY31JUL2548600PE.NFO,2025-07-28,13:04:00,2025-07-31,2.3,2.3,2.3,2.3,0,3535,0
BANKNIFTY31JUL2548600PE.NFO,2025-07-28,13:05:00,2025-07-31,2.3,2.3,2.3,2.3,0,3535,0
BANKNIFTY31JUL2548600PE.NFO,2025-07-28,13:06:00,2025-07-31,2.3,2.3,2.3,2.3,0,3535,0
BANKNIFTY31JUL2548600PE.NFO,2025-07-28,13:07:00,2025-07-31,2.3,2.3,2.3,2.3,0,3535,0
BANKNIFTY31JUL2548600PE.NFO,2025-07-28,13:08:00,2025-07-31,2.3,2.3,2.3,2.3,0,3535,0
BANKNIFTY31JUL2548600PE.NFO,2025-07-28,13:09:00,2025-07-31,2.3,2.3,2.3,2.3,0,3535,1
BANKNIFTY31JUL2548600PE.NFO,2025-07-28,13:10:00,2025-07-31,2.3,2.3,2.3,2.3,0,3535,0
BANKNIFTY31JUL2548600PE.NFO,2025-07-28,13:11:00,2025-07-31,2.3,2.3,2.3,2.3,0,3535,0
BANKNIFTY31JUL2548600PE.NFO,2025-07-28,13:12:00,2025-07-31,2.3,2.3,2.3,2.3,0,3535,1
BANKNIFTY31JUL2548600PE.NFO,2025-07-28,13:13:00,2025-07-31,2.3,2.3,2.3,2.3,0,3535,0
BANKNIFTY31JUL2548600PE.NFO,2025-07-28,13:14:00,2025-07-31,2.3,2.3,2.3,2.3,0,3535,0
BANKNIFTY31JUL2548600PE.NFO,2025-07-28,13:15:00,2025-07-31,2.3,2.3,2.3,2.3,0,3535,1
BANKNIFTY31JUL2548600PE.NFO,2025-07-28,13:16:00,2025-07-31,2.3,2.3,2.3,2.3,0,3535,0
BANKNIFTY31JUL2548600PE.NFO,2025-07-28,13:17:00,2025-07-31,2.3,2.3,2.3,2.3,0,3535,0
BANKNIFTY31JUL2548600PE.NFO,2025-07-28,13:18:00,2025-07-31,2.3,2.3,2.3,2.3,0,3535,1
BANKNIFTY31JUL2548600PE.NFO,2025-07-28,13:19:00,2025-07-31,2.3,2.3,2.3,2.3,0,3535,0
BANKNIFTY31JUL2548600PE.NFO,2025-07-28,13:20:00,2025-07-31,2.3,2.3,2.3,2.3,0,3535,1
BANKNIFTY31JUL2548600PE.NFO,2025-07-28,13:21:00,2025-07-31,2.3,2.3,2.3,2.3,0,3535,1
BANKNIFTY31JUL2548600PE.NFO,2025-07-28,13:22:00,2025-07-31,2.3,2.3,2.3,2.3,0,3535,1
BANKNIFTY31JUL2548600PE.NFO,2025-07-28,13:23:00,2025-07-31,2.3,2.3,2.3,2.3,0,3535,1
BANKNIFTY31JUL2548600PE.NFO,2025-07-28,13:24:00,2025-07-31,2.3,2.3,2.3,2.3,0,3535,1
BANKNIFTY31JUL2548600PE.NFO,2025-07-28,13:25:00,2025-07-31,2.3,2.3,2.3,2.3,0,3535,1
BANKNIFTY31JUL2548600PE.NFO,2025-07-28,13:26:00,2025-07-31,2.3,2.3,2.3,2.3,0,3535,1
BANKNIFTY31JUL2548600PE.NFO,2025-07-28,13:27:00,2025-07-31,2.3,2.3,2.3,2.3,0,3535,0
BANKNIFTY31JUL2548600PE.NFO,2025-07-28,13:28:00,2025-07-31,2.3,2.3,2.3,2.3,0,3535,0
BANKNIFTY31JUL2548600PE.NFO,2025-07-28,13:29:00,2025-07-31,2.3,2.3,2.3,2.3,0,3535,0
BANKNIFTY31JUL2548600PE.NFO,2025-07-28,13:30:00,2025-07-31,2.3,2.3,2.3,2.3,0,3535,0
BANKNIFTY31JUL2548600PE.NFO,2025-07-28,13:31:00,2025-07-31,2.3,2.3,2.3,2.3,0,3535,1
BANKNIFTY31JUL2548600PE.NFO,2025-07-28,13:32:00,2025-07-31,2.3,2.3,2.3,2.3,0,3535,1
BANKNIFTY31JUL2548600PE.NFO,2025-07-28,13:33:00,2025-07-31,2.3,2.3,2.3,2.3,0,3535,1
BANKNIFTY31JUL2548600PE.NFO,2025-07-28,13:34:00,2025-07-31,2.3,2.3,2.3,2.3,0,3535,0
BANKNIFTY31JUL2548600PE.NFO,2025-07-28,13:35:00,2025-07-31,2.3,2.3,2.3,2.3,0,3535,1
BANKNIFTY31JUL2548600PE.NFO,2025-07-28,13:36:00,2025-07-31,2.3,2.3,2.3,2.3,0,3535,0
BANKNIFTY31JUL2548600PE.NFO,2025-07-28,13:37:00,2025-07-31,2.3,2.3,2.3,2.3,0,3535,1
BANKNIFTY31JUL2548600PE.NFO,2025-07-28,13:38:00,2025-07-31,2.3,2.3,2.3,2.3,0,3535,0
BANKNIFTY31JUL2548600PE.NFO,2025-07-28,13:39:00,2025-07-31,2.3,2.3,2.3,2.3,0,3535,0
BANKNIFTY31JUL2548600PE.NFO,2025-07-28,13:40:00,2025-07-31,2.3,2.3,2.3,2.3,0,3535,0
BANKNIFTY31JUL2548600PE.NFO,2025-07-28,13:41:00,2025-07-31,2.3,2.3,2.3,2.3,0,3535,1
BANKNIFTY31JUL2548600PE.NFO,2025-07-28,13:42:00,2025-07-31,2.3,2.3,2.3,2.3,0,3535,1
BANKNIFTY31JUL2548600PE.NFO,2025-07-28,13:43:00,2025-07-31,2.3,2.3,2.3,2.3,0,3535,0
BANKNIFTY31JUL2548600PE.NFO,2025-07-28,13:44:00,2025-07-31,2.3,2.3,2.3,2.3,0,3535,0
BANKNIFTY31JUL2548600PE.NFO,2025-07-28,13:45:00,2025-07-31,2.3,2.3,2.3,2.3,0,3535,1
BANKNIFTY31JUL2548600PE.NFO,2025-07-28,13:46:00,2025-07-31,2.3,2.3,2.3,2.3,0,3535,0
BANKNIFTY31JUL2548600PE.NFO,2025-07-28,13:47:00,2025-07-31,2.3,2.3,2.3,2.3,0,3535,1
BANKNIFTY31JUL2548600PE.NFO,2025-07-28,13:48:00,2025-07-31,2.3,2.3,2.3,2.3,0,3535,1
BANKNIFTY31JUL2548600PE.NFO,2025-07-28,13:49:00,2025-07-31,2.3,2.3,2.3,2.3,0,3535,0
BANKNIFTY31JUL2548600PE.NFO,2025-07-28,13:50:00,2025-07-31,2.3,2.3,2.3,2.3,0,3535,1
BANKNIFTY31JUL2548600PE.NFO,2025-07-28,13:51:00,2025-07-31,2.3,2.3,2.3,2.3,0,3535,1
BANKNIFTY31JUL2548600PE.NFO,2025-07-28,13:52:00,2025-07-31,2.3,2.3,2.3,2.3,0,3535,1
BANKNIFTY31JUL2548600PE.NFO,2025-07-28,13:53:00,2025-07-31,2.3,2.3,2.3,2.3,0,3535,1
BANKNIFTY31JUL2548600PE.NFO,2025-07-28,13:54:00,2025-07-31,2.3,2.3,2.3,2.3,0,3535,1
BANKNIFTY31JUL2548600PE.NFO,2025-07-28,13:55:00,2025-07-31,2.3,2.3,2.3,2.3,0,3535,0
BANKNIFTY31JUL2548600PE.NFO,2025-07-28,13:56:00,2025-07-31,2.3,2.3,2.3,2.3,0,3535,1
BANKNIFTY31JUL2548600PE.NFO,2025-07-28,13:57:00,2025-07-31,2.3,2.3,2.3,2.3,0,3535,0
BANKNIFTY31JUL2548600PE.NFO,2025-07-28,13:58:00,2025-07-31,2.3,2.3,2.3,2.3,0,3535,0
BANKNIFTY31JUL2548600PE.NFO,2025-07-28,13:59:00,2025-07-31,2.3,2.3,2.3,2.3,0,3535,1
BANKNIFTY31JUL2548600PE.NFO,2025-07-28,14:00:00,2025-07-31,2.3,2.3,2.3,2.3,0,3535,1
BANKNIFTY31JUL2548600PE.NFO,2025-07-28,14:01:00,2025-07-31,2.75,2.75,1.85,1.85,70,3535,0
BANKNIFTY31JUL2548600PE.NFO,2025-07-28,14:02:00,2025-07-31,1.85,1.85,1.85,1.85,0,3535,0
BANKNIFTY31JUL2548600PE.NFO,2025-07-28,14:03:00,2025-07-31,1.85,1.85,1.85,1.85,0,3535,0
BANKNIFTY31JUL2548600PE.NFO,2025-07-28,14:04:00,2025-07-31,1.85,1.85,1.85,1.85,0,3535,1
BANKNIFTY31JUL2548600PE.NFO,2025-07-28,14:05:00,2025-07-31,1.85,1.85,1.85,1.85,0,3535,0
BANKNIFTY31JUL2548600PE.NFO,2025-07-28,14:06:00,2025-07-31,1.85,1.85,1.85,1.85,0,3535,0
BANKNIFTY31JUL2548600PE.NFO,2025-07-28,14:07:00,2025-07-31,1.85,1.85,1.85,1.85,0,3535,1
BANKNIFTY31JUL2548600PE.NFO,2025-07-28,14:08:00,2025-07-31,1.85,1.85,1.85,1.85,0,3535,1
BANKNIFTY31JUL2548600PE.NFO,2025-07-28,14:09:00,2025-07-31,1.85,1.85,1.85,1.85,0,3535,1
BANKNIFTY31JUL2548600PE.NFO,2025-07-28,14:10:00,2025-07-31,1.85,1.85,1.85,1.85,0,3535,1
BANKNIFTY31JUL2548600PE.NFO,2025-07-28,14:11:00,2025-07-31,1.85,1.85,1.85,1.85,0,3535,1
BANKNIFTY31JUL2548600PE.NFO,2025-07-28,14:12:00,2025-07-31,1.85,1.85,1.85,1.85,0,3535,1
BANKNIFTY31JUL2548600PE.NFO,2025-07-28,14:13:00,2025-07-31,1.85,1.85,1.85,1.85,0,3535,1
BANKNIFTY31JUL2548600PE.NFO,2025-07-28,14:14:00,2025-07-31,1.85,1.85,1.85,1.85,0,3535,1
BANKNIFTY31JUL2548600PE.NFO,2025-07-28,14:15:00,2025-07-31,1.85,1.85,1.85,1.85,0,3535,1
BANKNIFTY31JUL2548600PE.NFO,2025-07-28,14:16:00,2025-07-31,1.85,1.85,1.85,1.85,0,3535,1
BANKNIFTY31JUL2548600PE.NFO,2025-07-28,14:17:00,2025-07-31,1.85,1.85,1.85,1.85,0,3535,0
BANKNIFTY31JUL2548600PE.NFO,2025-07-28,14:18:00,2025-07-31,1.85,1.85,1.85,1.85,0,3535,1
BANKNIFTY31JUL2548600PE.NFO,2025-07-28,14:19:00,2025-07-31,1.85,1.85,1.85,1.85,0,3535,1
BANKNIFTY31JUL2548600PE.NFO,2025-07-28,14:20:00,2025-07-31,1.85,1.85,1.85,1.85,0,3535,1
BANKNIFTY31JUL2548600PE.NFO,2025-07-28,14:21:00,2025-07-31,1.85,1.85,1.85,1.85,0,3535,1
BANKNIFTY31JUL2548600PE.NFO,2025-07-28,14:22:00,2025-07-31,1.85,1.85,1.85,1.85,0,3535,1
BANKNIFTY31JUL2548600PE.NFO,2025-07-28,14:23:00,2025-07-31,1.85,1.85,1.85,1.85,0,3535,1
BANKNIFTY31JUL2548600PE.NFO,2025-07-28,14:24:00,2025-07-31,1.85,1.85,1.85,1.85,0,3535,0
BANKNIFTY31JUL2548600PE.NFO,2025-07-28,14:25:00,2025-07-31,1.85,1.85,1.85,1.85,0,3535,0
BANKNIFTY31JUL2548600PE.NFO,2025-07-28,14:26:00,2025-07-31,1.85,1.85,1.85,1.85,0,3535,0
BANKNIFTY31JUL2548600PE.NFO,2025-07-28,14:27:00,2025-07-31,1.85,1.85,1.85,1.85,0,3535,1
BANKNIFTY31JUL2548600PE.NFO,2025-07-28,14:28:00,2025-07-31,1.85,1.85,1.85,1.85,0,3535,0
BANKNIFTY31JUL2548600PE.NFO,2025-07-28,14:29:00,2025-07-31,1.85,1.85,1.85,1.85,0,3535,1
BANKNIFTY31JUL2548600PE.NFO,2025-07-28,14:30:00,2025-07-31,1.85,1.85,1.85,1.85,0,3535,1
BANKNIFTY31JUL2548600PE.NFO,2025-07-28,14:31:00,2025-07-31,1.85,1.85,1.85,1.85,0,3535,0
BANKNIFTY31JUL2548600PE.NFO,2025-07-28,14:32:00,2025-07-31,1.85,1.85,1.85,1.85,0,3535,0
BANKNIFTY31JUL2548600PE.NFO,2025-07-28,14:33:00,2025-07-31,1.85,1.85,1.85,1.85,0,3535,1
BANKNIFTY31JUL2548600PE.NFO,2025-07-28,14:34:00,2025-07-31,1.85,1.85,1.85,1.85,0,3535,1
BANKNIFTY31JUL2548600PE.NFO,2025-07-28,14:35:00,2025-07-31,1.85,1.85,1.85,1.85,0,3535,1
BANKNIFTY31JUL2548600PE.NFO,2025-07-28,14:36:00,2025-07-31,1.85,1.85,1.85,1.85,0,3535,1
BANKNIFTY31JUL2548600PE.NFO,2025-07-28,14:37:00,2025-07-31,1.85,1.85,1.85,1.85,0,3535,0
BANKNIFTY31JUL2548600PE.NFO,2025-07-28,14:38:00,2025-07-31,1.85,1.85,1.85,1.85,0,3535,0
BANKNIFTY31JUL2548600PE.NFO,2025-07-28,14:39:00,2025-07-31,1.85,1.85,1.85,1.85,0,3535,0
BANKNIFTY31JUL2548600PE.NFO,2025-07-28,14:40:00,2025-07-31,2.9,2.9,2.9,2.9,35,3535,0
BANKNIFTY31JUL2548600PE.NFO,2025-07-28,14:41:00,2025-07-31,2.9,2.9,2.9,2.9,0,3535,0
BANKNIFTY31JUL2548600PE.NFO,2025-07-28,14:42:00,2025-07-31,2.9,2.9,2.9,2.9,0,3535,1
BANKNIFTY31JUL2548600PE.NFO,2025-07-28,14:43:00,2025-07-31,2.9,2.9,2.9,2.9,0,3535,0
BANKNIFTY31JUL2548600PE.NFO,2025-07-28,14:44:00,2025-07-31,2.9,2.9,2.9,2.9,0,3535,1
BANKNIFTY31JUL2548600PE.NFO,2025-07-28,14:45:00,2025-07-31,2.9,2.9,2.9,2.9,0,3535,0
BANKNIFTY31JUL2548600PE.NFO,2025-07-28,14:46:00,2025-07-31,2.9,2.9,2.9,2.9,0,3535,1
BANKNIFTY31JUL2548600PE.NFO,2025-07-28,14:47:00,2025-07-31,2.9,2.9,2.9,2.9,0,3535,0
BANKNIFTY31JUL2548600PE.NFO,2025-07-28,14:48:00,2025-07-31,2.9,2.9,2.9,2.9,0,3535,0
BANKNIFTY31JUL2548600PE.NFO,2025-07-28,14:49:00,2025-07-31,2.9,2.9,2.9,2.9,0,3535,1
BANKNIFTY31JUL2548600PE.NFO,2025-07-28,14:50:00,2025-07-31,2.9,2.9,2.9,2.9,0,3535,1
BANKNIFTY31JUL2548600PE.NFO,2025-07-28,14:51:00,2025-07-31,2.9,2.9,2.9,2.9,0,3535,1
BANKNIFTY31JUL2548600PE.NFO,2025-07-28,14:52:00,2025-07-31,2.9,2.9,2.9,2.9,0,3535,0
BANKNIFTY31JUL2548600PE.NFO,2025-07-28,14:53:00,2025-07-31,2.9,2.9,2.9,2.9,0,3535,0
BANKNIFTY31JUL2548600PE.NFO,2025-07-28,14:54:00,2025-07-31,2.9,2.9,2.9,2.9,0,3535,1
BANKNIFTY31JUL2548600PE.NFO,2025-07-28,14:55:00,2025-07-31,2.9,2.9,2.9,2.9,0,3535,0
BANKNIFTY31JUL2548600PE.NFO,2025-07-28,14:56:00,2025-07-31,2.9,2.9,2.9,2.9,0,3535,1
BANKNIFTY31JUL2548600PE.NFO,2025-07-28,14:57:00,2025-07-31,2.9,2.9,2.9,2.9,0,3535,1
BANKNIFTY31JUL2548600PE.NFO,2025-07-28,14:58:00,2025-07-31,2.9,2.9,2.9,2.9,0,3535,1
BANKNIFTY31JUL2548600PE.NFO,2025-07-28,14:59:00,2025-07-31,2.9,2.9,2.9,2.9,0,3535,1
BANKNIFTY31JUL2548600PE.NFO,2025-07-28,15:00:00,2025-07-31,2.9,2.9,2.9,2.9,0,3535,1
BANKNIFTY31JUL2548600PE.NFO,2025-07-28,15:01:00,2025-07-31,2.9,2.9,2.9,2.9,0,3535,0
BANKNIFTY31JUL2548600PE.NFO,2025-07-28,15:02:00,2025-07-31,2.9,2.9,2.9,2.9,0,3535,0
BANKNIFTY31JUL2548600PE.NFO,2025-07-28,15:03:00,2025-07-31,2.9,2.9,2.9,2.9,0,3535,1
BANKNIFTY31JUL2548600PE.NFO,2025-07-28,15:04:00,2025-07-31,2.9,2.9,2.9,2.9,0,3535,1
BANKNIFTY31JUL2548600PE.NFO,2025-07-28,15:05:00,2025-07-31,2.9,2.9,2.9,2.9,0,3535,1
BANKNIFTY31JUL2548600PE.NFO,2025-07-28,15:06:00,2025-07-31,2.9,2.9,2.9,2.9,0,3535,1
BANKNIFTY31JUL2548600PE.NFO,2025-07-28,15:07:00,2025-07-31,2.9,2.9,2.9,2.9,0,3535,1
BANKNIFTY31JUL2548600PE.NFO,2025-07-28,15:08:00,2025-07-31,2.9,2.9,2.9,2.9,0,3535,1
BANKNIFTY31JUL2548600PE.NFO,2025-07-28,15:09:00,2025-07-31,2.9,2.9,2.9,2.9,0,3535,1
BANKNIFTY31JUL2548600PE.NFO,2025-07-28,15:10:00,2025-07-31,2.9,2.9,2.9,2.9,0,3535,0
BANKNIFTY31JUL2548600PE.NFO,2025-07-28,15:11:00,2025-07-31,2.9,2.9,2.9,2.9,0,3535,1
BANKNIFTY31JUL2548600PE.NFO,2025-07-28,15:12:00,2025-07-31,2.9,2.9,2.9,2.9,0,3535,1
BANKNIFTY31JUL2548600PE.NFO,2025-07-28,15:13:00,2025-07-31,2.9,2.9,2.9,2.9,0,3535,1
BANKNIFTY31JUL2548600PE.NFO,2025-07-28,15:14:00,2025-07-31,2.9,2.9,2.9,2.9,0,3535,0
BANKNIFTY31JUL2548600PE.NFO,2025-07-28,15:15:00,2025-07-31,2.9,2.9,2.9,2.9,0,3535,0
BANKNIFTY31JUL2548600PE.NFO,2025-07-28,15:16:00,2025-07-31,2.9,2.9,2.9,2.9,0,3535,1
BANKNIFTY31JUL2548600PE.NFO,2025-07-28,15:17:00,2025-07-31,2.9,2.9,2.9,2.9,0,3535,1
BANKNIFTY31JUL2548600PE.NFO,2025-07-28,15:18:00,2025-07-31,2.9,2.9,2.9,2.9,0,3535,0
BANKNIFTY31JUL2548600PE.NFO,2025-07-28,15:19:00,2025-07-31,2.9,2.9,2.9,2.9,0,3535,1
BANKNIFTY31JUL2548600PE.NFO,2025-07-28,15:20:00,2025-07-31,2.9,2.9,2.9,2.9,0,3535,0
BANKNIFTY31JUL2548600PE.NFO,2025-07-28,15:21:00,2025-07-31,2.9,2.9,2.9,2.9,0,3535,0
BANKNIFTY31JUL2548600PE.NFO,2025-07-28,15:22:00,2025-07-31,2.9,2.9,2.9,2.9,0,3535,0
BANKNIFTY31JUL2548600PE.NFO,2025-07-28,15:23:00,2025-07-31,2.9,2.9,2.9,2.9,0,3535,1
BANKNIFTY31JUL2548600PE.NFO,2025-07-28,15:24:00,2025-07-31,2.9,2.9,2.9,2.9,0,3535,1
BANKNIFTY31JUL2548600PE.NFO,2025-07-28,15:25:00,2025-07-31,1.75,1.75,1.75,1.75,175,3535,0
BANKNIFTY31JUL2548600PE.NFO,2025-07-28,15:26:00,2025-07-31,1.75,1.75,1.6,1.6,140,3535,0
BANKNIFTY31JUL2548600PE.NFO,2025-07-28,15:27:00,2025-07-31,1.6,1.6,1.6,1.6,0,3535,0
BANKNIFTY31JUL2548600PE.NFO,2025-07-28,15:28:00,2025-07-31,1.6,1.6,1.6,1.6,0,3535,0
BANKNIFTY31JUL2548600PE.NFO,2025-07-28,15:29:00,2025-07-31,1.6,1.6,1.6,1.6,0,3535,0
BANKNIFTY31JUL2548600PE.NFO,2025-07-28,15:30:00,2025-07-31,1.6,1.6,1.6,1.6,0,3535,1
BANKNIFTY31JUL2548600PE.NFO,2025-07-29,09:15:00,2025-07-31,1.05,1.05,1.05,1.05,0,0,0
BANKNIFTY31JUL2548600PE.NFO,2025-07-29,09:16:00,2025-07-31,1.05,1.05,1.05,1.05,0,3395,0
BANKNIFTY31JUL2548600PE.NFO,2025-07-29,09:17:00,2025-07-31,1.05,1.05,1.05,1.05,0,3395,0
BANKNIFTY31JUL2548600PE.NFO,2025-07-29,09:18:00,2025-07-31,1.05,1.05,1.05,1.05,0,3395,0
BANKNIFTY31JUL2548600PE.NFO,2025-07-29,09:19:00,2025-07-31,1.05,1.05,1.05,1.05,0,3395,0
BANKNIFTY31JUL2548600PE.NFO,2025-07-29,09:20:00,2025-07-31,1.05,1.05,1.05,1.05,0,3395,0
BANKNIFTY31JUL2548600PE.NFO,2025-07-29,09:21:00,2025-07-31,1.05,1.05,1.05,1.05,0,3395,0
BANKNIFTY31JUL2548600PE.NFO,2025-07-29,09:22:00,2025-07-31,1.05,1.05,1.05,1.05,0,3395,0
BANKNIFTY31JUL2548600PE.NFO,2025-07-29,09:23:00,2025-07-31,1.05,1.05,1.05,1.05,0,3395,0
BANKNIFTY31JUL2548600PE.NFO,2025-07-29,09:24:00,2025-07-31,1.05,1.05,1.05,1.05,0,3395,0
BANKNIFTY31JUL2548600PE.NFO,2025-07-29,09:25:00,2025-07-31,1.05,1.05,1.05,1.05,0,3395,0
BANKNIFTY31JUL2548600PE.NFO,2025-07-29,09:26:00,2025-07-31,1.05,1.05,1.05,1.05,0,3395,0
BANKNIFTY31JUL2548600PE.NFO,2025-07-29,09:27:00,2025-07-31,1.05,1.05,1.05,1.05,0,3395,0
BANKNIFTY31JUL2548600PE.NFO,2025-07-29,09:28:00,2025-07-31,1.05,1.05,1.05,1.05,0,3395,0
BANKNIFTY31JUL2548600PE.NFO,2025-07-29,09:29:00,2025-07-31,1.05,1.05,1.05,1.05,0,3395,0
BANKNIFTY31JUL2548600PE.NFO,2025-07-29,09:30:00,2025-07-31,1.05,1.05,1.05,1.05,0,3395,1
BANKNIFTY31JUL2548600PE.NFO,2025-07-29,09:31:00,2025-07-31,1.05,1.05,1.05,1.05,0,3395,1
BANKNIFTY31JUL2548600PE.NFO,2025-07-29,09:32:00,2025-07-31,1.05,1.05,1.05,1.05,0,3395,0
BANKNIFTY31JUL2548600PE.NFO,2025-07-29,09:33:00,2025-07-31,1.05,1.05,1.05,1.05,0,3395,0
BANKNIFTY31JUL2548600PE.NFO,2025-07-29,09:34:00,2025-07-31,1.05,1.05,1.05,1.05,0,3395,1
BANKNIFTY31JUL2548600PE.NFO,2025-07-29,09:35:00,2025-07-31,1.05,1.05,1.05,1.05,0,3395,0
BANKNIFTY31JUL2548600PE.NFO,2025-07-29,09:36:00,2025-07-31,1.05,1.05,1.05,1.05,0,3395,1
BANKNIFTY31JUL2548600PE.NFO,2025-07-29,09:37:00,2025-07-31,1.05,1.05,1.05,1.05,0,3395,1
BANKNIFTY31JUL2548600PE.NFO,2025-07-29,09:38:00,2025-07-31,1.05,1.05,1.05,1.05,0,3395,0
BANKNIFTY31JUL2548600PE.NFO,2025-07-29,09:39:00,2025-07-31,1.05,1.05,1.05,1.05,0,3395,0
BANKNIFTY31JUL2548600PE.NFO,2025-07-29,09:40:00,2025-07-31,1.05,1.05,1.05,1.05,0,3395,0
BANKNIFTY31JUL2548600PE.NFO,2025-07-29,09:41:00,2025-07-31,1.05,1.05,1.05,1.05,0,3395,1
BANKNIFTY31JUL2548600PE.NFO,2025-07-29,09:42:00,2025-07-31,1.05,1.05,1.05,1.05,0,3395,0
BANKNIFTY31JUL2548600PE.NFO,2025-07-29,09:43:00,2025-07-31,1.05,1.05,1.05,1.05,0,3395,1
BANKNIFTY31JUL2548600PE.NFO,2025-07-29,09:44:00,2025-07-31,1.05,1.05,1.05,1.05,0,3395,1
BANKNIFTY31JUL2548600PE.NFO,2025-07-29,09:45:00,2025-07-31,1.05,1.05,1.05,1.05,0,3395,0
BANKNIFTY31JUL2548600PE.NFO,2025-07-29,09:46:00,2025-07-31,1.05,1.05,1.05,1.05,0,3395,0
BANKNIFTY31JUL2548600PE.NFO,2025-07-29,09:47:00,2025-07-31,1.05,1.05,1.05,1.05,0,3395,0
BANKNIFTY31JUL2548600PE.NFO,2025-07-29,09:48:00,2025-07-31,1.05,1.05,1.05,1.05,0,3395,0
BANKNIFTY31JUL2548600PE.NFO,2025-07-29,09:49:00,2025-07-31,1.05,1.05,1.05,1.05,0,3395,1
BANKNIFTY31JUL2548600PE.NFO,2025-07-29,09:50:00,2025-07-31,1.05,1.05,1.05,1.05,0,3395,1
BANKNIFTY31JUL2548600PE.NFO,2025-07-29,09:51:00,2025-07-31,1.05,1.05,1.05,1.05,0,3395,0
BANKNIFTY31JUL2548600PE.NFO,2025-07-29,09:52:00,2025-07-31,1.05,1.05,1.05,1.05,0,3395,0
BANKNIFTY31JUL2548600PE.NFO,2025-07-29,09:53:00,2025-07-31,1.05,1.05,1.05,1.05,0,3395,0
BANKNIFTY31JUL2548600PE.NFO,2025-07-29,09:54:00,2025-07-31,1.05,1.05,1.05,1.05,0,3395,0
BANKNIFTY31JUL2548600PE.NFO,2025-07-29,09:55:00,2025-07-31,1.05,1.05,1.05,1.05,0,3395,1
BANKNIFTY31JUL2548600PE.NFO,2025-07-29,09:56:00,2025-07-31,1.05,1.05,1.05,1.05,0,3395,0
BANKNIFTY31JUL2548600PE.NFO,2025-07-29,09:57:00,2025-07-31,1.05,1.05,1.05,1.05,0,3395,0
BANKNIFTY31JUL2548600PE.NFO,2025-07-29,09:58:00,2025-07-31,1.05,1.05,1.05,1.05,0,3395,0
BANKNIFTY31JUL2548600PE.NFO,2025-07-29,09:59:00,2025-07-31,1.05,1.05,1.05,1.05,0,3395,1
BANKNIFTY31JUL2548600PE.NFO,2025-07-29,10:00:00,2025-07-31,1.05,1.05,1.05,1.05,0,3395,1
BANKNIFTY31JUL2548600PE.NFO,2025-07-29,10:01:00,2025-07-31,1.05,1.05,1.05,1.05,0,3395,1
BANKNIFTY31JUL2548600PE.NFO,2025-07-29,10:02:00,2025-07-31,1.05,1.05,1.05,1.05,0,3395,0
BANKNIFTY31JUL2548600PE.NFO,2025-07-29,10:03:00,2025-07-31,1.05,1.05,1.05,1.05,0,3395,1
BANKNIFTY31JUL2548600PE.NFO,2025-07-29,10:04:00,2025-07-31,1.05,1.05,1.05,1.05,0,3395,1
BANKNIFTY31JUL2548600PE.NFO,2025-07-29,10:05:00,2025-07-31,1.05,1.05,1.05,1.05,0,3395,1
BANKNIFTY31JUL2548600PE.NFO,2025-07-29,10:06:00,2025-07-31,1.05,1.05,1.05,1.05,0,3395,0
BANKNIFTY31JUL2548600PE.NFO,2025-07-29,10:07:00,2025-07-31,1.05,1.05,1.05,1.05,0,3395,0
BANKNIFTY31JUL2548600PE.NFO,2025-07-29,10:08:00,2025-07-31,1.05,1.05,1.05,1.05,0,3395,0
BANKNIFTY31JUL2548600PE.NFO,2025-07-29,10:09:00,2025-07-31,1.05,1.05,1.05,1.05,0,3395,1
BANKNIFTY31JUL2548600PE.NFO,2025-07-29,10:10:00,2025-07-31,1.05,1.05,1.05,1.05,0,3395,1
BANKNIFTY31JUL2548600PE.NFO,2025-07-29,10:11:00,2025-07-31,1.05,1.05,1.05,1.05,0,3395,1
BANKNIFTY31JUL2548600PE.NFO,2025-07-29,10:12:00,2025-07-31,1.05,1.05,1.05,1.05,0,3395,1
BANKNIFTY31JUL2548600PE.NFO,2025-07-29,10:13:00,2025-07-31,1.05,1.05,1.05,1.05,0,3395,1
BANKNIFTY31JUL2548600PE.NFO,2025-07-29,10:14:00,2025-07-31,1.05,1.05,1.05,1.05,0,3395,0
BANKNIFTY31JUL2548600PE.NFO,2025-07-29,10:15:00,2025-07-31,1.05,1.05,1.05,1.05,0,3395,0
BANKNIFTY31JUL2548600PE.NFO,2025-07-29,10:16:00,2025-07-31,1.05,1.05,1.05,1.05,0,3395,1
BANKNIFTY31JUL2548600PE.NFO,2025-07-29,10:17:00,2025-07-31,1.05,1.05,1.05,1.05,0,3395,0
BANKNIFTY31JUL2548600PE.NFO,2025-07-29,10:18:00,2025-07-31,1.05,1.05,1.05,1.05,0,3395,0
BANKNIFTY31JUL2548600PE.NFO,2025-07-29,10:19:00,2025-07-31,1.05,1.05,1.05,1.05,0,3395,1
BANKNIFTY31JUL2548600PE.NFO,2025-07-29,10:20:00,2025-07-31,1.05,1.05,1.05,1.05,0,3395,0
BANKNIFTY31JUL2548600PE.NFO,2025-07-29,10:21:00,2025-07-31,1.05,1.05,1.05,1.05,0,3395,1
BANKNIFTY31JUL2548600PE.NFO,2025-07-29,10:22:00,2025-07-31,1.05,1.05,1.05,1.05,0,3395,1
BANKNIFTY31JUL2548600PE.NFO,2025-07-29,10:23:00,2025-07-31,1.05,1.05,1.05,1.05,0,3395,1
BANKNIFTY31JUL2548600PE.NFO,2025-07-29,10:24:00,2025-07-31,1.05,1.05,1.05,1.05,0,3395,0
BANKNIFTY31JUL2548600PE.NFO,2025-07-29,10:25:00,2025-07-31,1.05,1.05,1.05,1.05,0,3395,1
BANKNIFTY31JUL2548600PE.NFO,2025-07-29,10:26:00,2025-07-31,1.05,1.05,1.05,1.05,0,3395,1
BANKNIFTY31JUL2548600PE.NFO,2025-07-29,10:27:00,2025-07-31,1.05,1.05,1.05,1.05,0,3395,1
BANKNIFTY31JUL2548600PE.NFO,2025-07-29,10:28:00,2025-07-31,1.05,1.05,1.05,1.05,0,3395,0
BANKNIFTY31JUL2548600PE.NFO,2025-07-29,10:29:00,2025-07-31,1.05,1.05,1.05,1.05,0,3395,1
BANKNIFTY31JUL2548600PE.NFO,2025-07-29,10:30:00,2025-07-31,1.05,1.05,1.05,1.05,0,3395,1
BANKNIFTY31JUL2548600PE.NFO,2025-07-29,10:31:00,2025-07-31,1.05,1.05,1.05,1.05,0,3395,0
BANKNIFTY31JUL2548600PE.NFO,2025-07-29,10:32:00,2025-07-31,1.05,1.05,1.05,1.05,0,3395,0
BANKNIFTY31JUL2548600PE.NFO,2025-07-29,10:33:00,2025-07-31,1.05,1.05,1.05,1.05,0,3395,1
BANKNIFTY31JUL2548600PE.NFO,2025-07-29,10:34:00,2025-07-31,1.05,1.05,1.05,1.05,0,3395,0
BANKNIFTY31JUL2548600PE.NFO,2025-07-29,10:35:00,2025-07-31,1.05,1.05,1.05,1.05,0,3395,1
BANKNIFTY31JUL2548600PE.NFO,2025-07-29,10:36:00,2025-07-31,1.05,1.05,1.05,1.05,0,3395,1
BANKNIFTY31JUL2548600PE.NFO,2025-07-29,10:37:00,2025-07-31,1.05,1.05,1.05,1.05,0,3395,1
BANKNIFTY31JUL2548600PE.NFO,2025-07-29,10:38:00,2025-07-31,1.05,1.05,1.05,1.05,0,3395,1
BANKNIFTY31JUL2548600PE.NFO,2025-07-29,10:39:00,2025-07-31,1.05,1.05,1.05,1.05,0,3395,1
BANKNIFTY31JUL2548600PE.NFO,2025-07-29,10:40:00,2025-07-31,1.05,1.05,1.05,1.05,0,3395,1
BANKNIFTY31JUL2548600PE.NFO,2025-07-29,10:41:00,2025-07-31,1.05,1.05,1.05,1.05,0,3395,0
BANKNIFTY31JUL2548600PE.NFO,2025-07-29,10:42:00,2025-07-31,1.05,1.05,1.05,1.05,0,3395,0
BANKNIFTY31JUL2548600PE.NFO,2025-07-29,10:43:00,2025-07-31,1.05,1.05,1.05,1.05,0,3395,0
BANKNIFTY31JUL2548600PE.NFO,2025-07-29,10:44:00,2025-07-31,1.05,1.05,1.05,1.05,0,3395,1
BANKNIFTY31JUL2548600PE.NFO,2025-07-29,10:45:00,2025-07-31,1.05,1.05,1.05,1.05,0,3395,1
BANKNIFTY31JUL2548600PE.NFO,2025-07-29,10:46:00,2025-07-31,1.05,1.05,1.05,1.05,0,3395,1
BANKNIFTY31JUL2548600PE.NFO,2025-07-29,10:47:00,2025-07-31,1.05,1.05,1.05,1.05,0,3395,0
BANKNIFTY31JUL2548600PE.NFO,2025-07-29,10:48:00,2025-07-31,1.05,1.05,1.05,1.05,0,3395,0
BANKNIFTY31JUL2548600PE.NFO,2025-07-29,10:49:00,2025-07-31,1.05,1.05,1.05,1.05,0,3395,0
BANKNIFTY31JUL2548600PE.NFO,2025-07-29,10:50:00,2025-07-31,1.05,1.05,1.05,1.05,0,3395,1
BANKNIFTY31JUL2548600PE.NFO,2025-07-29,10:51:00,2025-07-31,1.05,1.05,1.05,1.05,0,3395,1
BANKNIFTY31JUL2548600PE.NFO,2025-07-29,10:52:00,2025-07-31,1.05,1.05,1.05,1.05,0,3395,0
BANKNIFTY31JUL2548600PE.NFO,2025-07-29,10:53:00,2025-07-31,1.05,1.05,1.05,1.05,0,3395,0
BANKNIFTY31JUL2548600PE.NFO,2025-07-29,10:54:00,2025-07-31,1.05,1.05,1.05,1.05,0,3395,1
BANKNIFTY31JUL2548600PE.NFO,2025-07-29,10:55:00,2025-07-31,1.05,1.05,1.05,1.05,0,3395,1
BANKNIFTY31JUL2548600PE.NFO,2025-07-29,10:56:00,2025-07-31,1.05,1.05,1.05,1.05,0,3395,0
BANKNIFTY31JUL2548600PE.NFO,2025-07-29,10:57:00,2025-07-31,1.05,1.05,1.05,1.05,0,3395,1
BANKNIFTY31JUL2548600PE.NFO,2025-07-29,10:58:00,2025-07-31,1.05,1.05,1.05,1.05,0,3395,0
BANKNIFTY31JUL2548600PE.NFO,2025-07-29,10:59:00,2025-07-31,1.05,1.05,1.05,1.05,0,3395,1
BANKNIFTY31JUL2548600PE.NFO,2025-07-29,11:00:00,2025-07-31,1.05,1.05,1.05,1.05,0,3395,1
BANKNIFTY31JUL2548600PE.NFO,2025-07-29,11:01:00,2025-07-31,1.05,1.05,1.05,1.05,0,3395,1
BANKNIFTY31JUL2548600PE.NFO,2025-07-29,11:02:00,2025-07-31,1.05,1.05,1.05,1.05,0,3395,0
BANKNIFTY31JUL2548600PE.NFO,2025-07-29,11:03:00,2025-07-31,1.05,1.05,1.05,1.05,0,3395,0
BANKNIFTY31JUL2548600PE.NFO,2025-07-29,11:04:00,2025-07-31,1.05,1.05,1.05,1.05,0,3395,0
BANKNIFTY31JUL2548600PE.NFO,2025-07-29,11:05:00,2025-07-31,1.05,1.05,1.05,1.05,0,3395,0
BANKNIFTY31JUL2548600PE.NFO,2025-07-29,11:06:00,2025-07-31,1.05,1.05,1.05,1.05,0,3395,1
BANKNIFTY31JUL2548600PE.NFO,2025-07-29,11:07:00,2025-07-31,1.05,1.05,1.05,1.05,0,3395,1
BANKNIFTY31JUL2548600PE.NFO,2025-07-29,11:08:00,2025-07-31,1.05,1.05,1.05,1.05,0,3395,0
BANKNIFTY31JUL2548600PE.NFO,2025-07-29,11:09:00,2025-07-31,1.05,1.05,1.05,1.05,0,3395,0
BANKNIFTY31JUL2548600PE.NFO,2025-07-29,11:10:00,2025-07-31,1.05,1.05,1.05,1.05,0,3395,1
BANKNIFTY31JUL2548600PE.NFO,2025-07-29,11:11:00,2025-07-31,1.05,1.05,1.05,1.05,0,3395,0
BANKNIFTY31JUL2548600PE.NFO,2025-07-29,11:12:00,2025-07-31,1.05,1.05,1.05,1.05,0,3395,1
BANKNIFTY31JUL2548600PE.NFO,2025-07-29,11:13:00,2025-07-31,1.05,1.05,1.05,1.05,0,3395,0
BANKNIFTY31JUL2548600PE.NFO,2025-07-29,11:14:00,2025-07-31,1.05,1.05,1.05,1.05,0,3395,1
BANKNIFTY31JUL2548600PE.NFO,2025-07-29,11:15:00,2025-07-31,1.05,1.05,1.05,1.05,0,3395,1
BANKNIFTY31JUL2548600PE.NFO,2025-07-29,11:16:00,2025-07-31,1.05,1.05,1.05,1.05,0,3395,1
BANKNIFTY31JUL2548600PE.NFO,2025-07-29,11:17:00,2025-07-31,1.05,1.05,1.05,1.05,0,3395,0
BANKNIFTY31JUL2548600PE.NFO,2025-07-29,11:18:00,2025-07-31,1.05,1.05,1.05,1.05,0,3395,0
BANKNIFTY31JUL2548600PE.NFO,2025-07-29,11:19:00,2025-07-31,1.05,1.05,1.05,1.05,0,3395,0
BANKNIFTY31JUL2548600PE.NFO,2025-07-29,11:20:00,2025-07-31,1.05,1.05,1.05,1.05,0,3395,0
BANKNIFTY31JUL2548600PE.NFO,2025-07-29,11:21:00,2025-07-31,1.05,1.05,1.05,1.05,0,3395,1
BANKNIFTY31JUL2548600PE.NFO,2025-07-29,11:22:00,2025-07-31,1.05,1.05,1.05,1.05,0,3395,1
BANKNIFTY31JUL2548600PE.NFO,2025-07-29,11:23:00,2025-07-31,1.05,1.05,1.05,1.05,0,3395,1
BANKNIFTY31JUL2548600PE.NFO,2025-07-29,11:24:00,2025-07-31,1.05,1.05,1.05,1.05,0,3395,1
BANKNIFTY31JUL2548600PE.NFO,2025-07-29,11:25:00,2025-07-31,1.05,1.05,1.05,1.05,0,3395,1
BANKNIFTY31JUL2548600PE.NFO,2025-07-29,11:26:00,2025-07-31,1.05,1.05,1.05,1.05,0,3395,1
BANKNIFTY31JUL2548600PE.NFO,2025-07-29,11:27:00,2025-07-31,1.05,1.05,1.05,1.05,0,3395,1
BANKNIFTY31JUL2548600PE.NFO,2025-07-29,11:28:00,2025-07-31,1.05,1.05,1.05,1.05,0,3395,1
BANKNIFTY31JUL2548600PE.NFO,2025-07-29,11:29:00,2025-07-31,1.05,1.05,1.05,1.05,0,3395,1
BANKNIFTY31JUL2548600PE.NFO,2025-07-29,11:30:00,2025-07-31,1.05,1.05,1.05,1.05,0,3395,1
BANKNIFTY31JUL2548600PE.NFO,2025-07-29,11:31:00,2025-07-31,1.05,1.05,1.05,1.05,0,3395,0
BANKNIFTY31JUL2548600PE.NFO,2025-07-29,11:32:00,2025-07-31,1.05,1.05,1.05,1.05,0,3395,0
BANKNIFTY31JUL2548600PE.NFO,2025-07-29,11:33:00,2025-07-31,1.05,1.05,1.05,1.05,0,3395,0
BANKNIFTY31JUL2548600PE.NFO,2025-07-29,11:34:00,2025-07-31,1.05,1.05,1.05,1.05,0,3395,0
BANKNIFTY31JUL2548600PE.NFO,2025-07-29,11:35:00,2025-07-31,1.05,1.05,1.05,1.05,0,3395,0
BANKNIFTY31JUL2548600PE.NFO,2025-07-29,11:36:00,2025-07-31,1.05,1.05,1.05,1.05,0,3395,0
BANKNIFTY31JUL2548600PE.NFO,2025-07-29,11:37:00,2025-07-31,1.05,1.05,1.05,1.05,0,3395,0
BANKNIFTY31JUL2548600PE.NFO,2025-07-29,11:38:00,2025-07-31,1.05,1.05,1.05,1.05,0,3395,0
BANKNIFTY31JUL2548600PE.NFO,2025-07-29,11:39:00,2025-07-31,1.05,1.05,1.05,1.05,0,3395,0
BANKNIFTY31JUL2548600PE.NFO,2025-07-29,11:40:00,2025-07-31,1.05,1.05,1.05,1.05,0,3395,0
BANKNIFTY31JUL2548600PE.NFO,2025-07-29,11:41:00,2025-07-31,1.05,1.05,1.05,1.05,0,3395,1
BANKNIFTY31JUL2548600PE.NFO,2025-07-29,11:42:00,2025-07-31,1.05,1.05,1.05,1.05,0,3395,0
BANKNIFTY31JUL2548600PE.NFO,2025-07-29,11:43:00,2025-07-31,1.05,1.05,1.05,1.05,0,3395,0
BANKNIFTY31JUL2548600PE.NFO,2025-07-29,11:44:00,2025-07-31,1.05,1.05,1.05,1.05,0,3395,1
BANKNIFTY31JUL2548600PE.NFO,2025-07-29,11:45:00,2025-07-31,1.05,1.05,1.05,1.05,0,3395,1
BANKNIFTY31JUL2548600PE.NFO,2025-07-29,11:46:00,2025-07-31,1.05,1.05,1.05,1.05,0,3395,1
BANKNIFTY31JUL2548600PE.NFO,2025-07-29,11:47:00,2025-07-31,1.05,1.05,1.05,1.05,0,3395,0
BANKNIFTY31JUL2548600PE.NFO,2025-07-29,11:48:00,2025-07-31,1.05,1.05,1.05,1.05,0,3395,1
BANKNIFTY31JUL2548600PE.NFO,2025-07-29,11:49:00,2025-07-31,1.05,1.05,1.05,1.05,0,3395,0
BANKNIFTY31JUL2548600PE.NFO,2025-07-29,11:50:00,2025-07-31,1.05,1.05,1.05,1.05,0,3395,0
BANKNIFTY31JUL2548600PE.NFO,2025-07-29,11:51:00,2025-07-31,1.05,1.05,1.05,1.05,0,3395,1
BANKNIFTY31JUL2548600PE.NFO,2025-07-29,11:52:00,2025-07-31,1.05,1.05,1.05,1.05,0,3395,0
BANKNIFTY31JUL2548600PE.NFO,2025-07-29,11:53:00,2025-07-31,1.05,1.05,1.05,1.05,0,3395,1
BANKNIFTY31JUL2548600PE.NFO,2025-07-29,11:54:00,2025-07-31,1.05,1.05,1.05,1.05,0,3395,0
BANKNIFTY31JUL2548600PE.NFO,2025-07-29,11:55:00,2025-07-31,1.05,1.05,1.05,1.05,0,3395,0
BANKNIFTY31JUL2548600PE.NFO,2025-07-29,11:56:00,2025-07-31,1.05,1.05,1.05,1.05,0,3395,1
BANKNIFTY31JUL2548600PE.NFO,2025-07-29,11:57:00,2025-07-31,1.05,1.05,1.05,1.05,0,3395,1
BANKNIFTY31JUL2548600PE.NFO,2025-07-29,11:58:00,2025-07-31,1.05,1.05,1.05,1.05,0,3395,1
BANKNIFTY31JUL2548600PE.NFO,2025-07-29,11:59:00,2025-07-31,1.05,1.05,1.05,1.05,0,3395,1
BANKNIFTY31JUL2548600PE.NFO,2025-07-29,12:00:00,2025-07-31,1.05,1.05,1.05,1.05,0,3395,0
BANKNIFTY31JUL2548600PE.NFO,2025-07-29,12:01:00,2025-07-31,1.05,1.05,1.05,1.05,0,3395,1
BANKNIFTY31JUL2548600PE.NFO,2025-07-29,12:02:00,2025-07-31,1.05,1.05,1.05,1.05,0,3395,1
BANKNIFTY31JUL2548600PE.NFO,2025-07-29,12:03:00,2025-07-31,1.05,1.05,1.05,1.05,0,3395,1
BANKNIFTY31JUL2548600PE.NFO,2025-07-29,12:04:00,2025-07-31,1.05,1.05,1.05,1.05,0,3395,0
BANKNIFTY31JUL2548600PE.NFO,2025-07-29,12:05:00,2025-07-31,1.05,1.05,1.05,1.05,0,3395,1
BANKNIFTY31JUL2548600PE.NFO,2025-07-29,12:06:00,2025-07-31,1.05,1.05,1.05,1.05,0,3395,1
BANKNIFTY31JUL2548600PE.NFO,2025-07-29,12:07:00,2025-07-31,1.05,1.05,1.05,1.05,0,3395,0
BANKNIFTY31JUL2548600PE.NFO,2025-07-29,12:08:00,2025-07-31,2.45,2.9,2.45,2.9,70,3395,0
BANKNIFTY31JUL2548600PE.NFO,2025-07-29,12:09:00,2025-07-31,2.9,2.9,2.9,2.9,0,3395,0
BANKNIFTY31JUL2548600PE.NFO,2025-07-29,12:10:00,2025-07-31,2.9,2.9,2.9,2.9,0,3395,0
BANKNIFTY31JUL2548600PE.NFO,2025-07-29,12:11:00,2025-07-31,2.9,2.9,2.9,2.9,0,3395,0
BANKNIFTY31JUL2548600PE.NFO,2025-07-29,12:12:00,2025-07-31,2.9,2.9,2.9,2.9,0,3395,0
BANKNIFTY31JUL2548600PE.NFO,2025-07-29,12:13:00,2025-07-31,2.9,9.3,2.9,9.3,0,3360,0
BANKNIFTY31JUL2548600PE.NFO,2025-07-29,12:14:00,2025-07-31,9.3,9.3,9.3,9.3,350,3360,0
BANKNIFTY31JUL2548600PE.NFO,2025-07-29,12:15:00,2025-07-31,9.3,9.3,9.3,9.3,0,3360,0
BANKNIFTY31JUL2548600PE.NFO,2025-07-29,12:16:00,2025-07-31,9.3,9.3,2.55,2.55,350,3675,0
BANKNIFTY31JUL2548600PE.NFO,2025-07-29,12:17:00,2025-07-31,2.55,2.95,2.55,2.95,140,3675,0
BANKNIFTY31JUL2548600PE.NFO,2025-07-29,12:18:00,2025-07-31,2.95,2.95,2.95,2.95,0,3675,0
BANKNIFTY31JUL2548600PE.NFO,2025-07-29,12:19:00,2025-07-31,2.95,2.95,2.95,2.95,0,3675,0
BANKNIFTY31JUL2548600PE.NFO,2025-07-29,12:20:00,2025-07-31,2.95,2.95,2.95,2.95,0,3675,0
BANKNIFTY31JUL2548600PE.NFO,2025-07-29,12:21:00,2025-07-31,2.95,2.95,2.95,2.95,0,3675,0
BANKNIFTY31JUL2548600PE.NFO,2025-07-29,12:22:00,2025-07-31,2.95,2.95,2.95,2.95,0,3675,0
BANKNIFTY31JUL2548600PE.NFO,2025-07-29,12:23:00,2025-07-31,2.95,2.95,2.95,2.95,0,3675,0
BANKNIFTY31JUL2548600PE.NFO,2025-07-29,12:24:00,2025-07-31,2.95,2.95,2.95,2.95,0,3675,0
BANKNIFTY31JUL2548600PE.NFO,2025-07-29,12:25:00,2025-07-31,2.95,2.95,2.95,2.95,0,3675,0
BANKNIFTY31JUL2548600PE.NFO,2025-07-29,12:26:00,2025-07-31,2.95,2.95,2.95,2.95,0,3675,0
BANKNIFTY31JUL2548600PE.NFO,2025-07-29,12:27:00,2025-07-31,2.95,2.95,2.95,2.95,0,3675,0
BANKNIFTY31JUL2548600PE.NFO,2025-07-29,12:28:00,2025-07-31,2.95,2.95,2.95,2.95,0,3675,0
BANKNIFTY31JUL2548600PE.NFO,2025-07-29,12:29:00,2025-07-31,2.95,2.95,2.95,2.95,0,3675,0
BANKNIFTY31JUL2548600PE.NFO,2025-07-29,12:30:00,2025-07-31,2.95,2.95,2.95,2.95,0,3675,0
BANKNIFTY31JUL2548600PE.NFO,2025-07-29,12:31:00,2025-07-31,2.95,2.95,2.95,2.95,0,3675,0
BANKNIFTY31JUL2548600PE.NFO,2025-07-29,12:32:00,2025-07-31,2.95,2.95,2.95,2.95,0,3675,0
BANKNIFTY31JUL2548600PE.NFO,2025-07-29,12:33:00,2025-07-31,2.95,2.95,2.95,2.95,0,3675,0
BANKNIFTY31JUL2548600PE.NFO,2025-07-29,12:34:00,2025-07-31,2.95,2.95,2.95,2.95,0,3675,0
BANKNIFTY31JUL2548600PE.NFO,2025-07-29,12:35:00,2025-07-31,2.95,2.95,2.95,2.95,0,3675,0
BANKNIFTY31JUL2548600PE.NFO,2025-07-29,12:36:00,2025-07-31,2.95,2.95,2.95,2.95,0,3675,1
BANKNIFTY31JUL2548600PE.NFO,2025-07-29,12:37:00,2025-07-31,2.95,2.95,2.95,2.95,0,3675,0
BANKNIFTY31JUL2548600PE.NFO,2025-07-29,12:38:00,2025-07-31,2.95,2.95,2.95,2.95,0,3675,0
BANKNIFTY31JUL2548600PE.NFO,2025-07-29,12:39:00,2025-07-31,2.95,2.95,2.95,2.95,0,3675,0
BANKNIFTY31JUL2548600PE.NFO,2025-07-29,12:40:00,2025-07-31,2.95,2.95,2.95,2.95,0,3675,0
BANKNIFTY31JUL2548600PE.NFO,2025-07-29,12:41:00,2025-07-31,2.95,2.95,2.95,2.95,0,3675,0
BANKNIFTY31JUL2548600PE.NFO,2025-07-29,12:42:00,2025-07-31,2.95,2.95,2.95,2.95,0,3675,0
BANKNIFTY31JUL2548600PE.NFO,2025-07-29,12:43:00,2025-07-31,2.95,2.95,2.95,2.95,0,3675,0
BANKNIFTY31JUL2548600PE.NFO,2025-07-29,12:44:00,2025-07-31,2.95,2.95,2.95,2.95,0,3675,0
BANKNIFTY31JUL2548600PE.NFO,2025-07-29,12:45:00,2025-07-31,2.95,2.95,2.95,2.95,0,3675,0
BANKNIFTY31JUL2548600PE.NFO,2025-07-29,12:46:00,2025-07-31,2.95,2.95,2.95,2.95,0,3675,0
BANKNIFTY31JUL2548600PE.NFO,2025-07-29,12:47:00,2025-07-31,2.95,2.95,2.95,2.95,0,3675,0
BANKNIFTY31JUL2548600PE.NFO,2025-07-29,12:48:00,2025-07-31,2.95,2.95,2.95,2.95,0,3675,0
BANKNIFTY31JUL2548600PE.NFO,2025-07-29,12:49:00,2025-07-31,2.95,2.95,2.95,2.95,0,3675,0
BANKNIFTY31JUL2548600PE.NFO,2025-07-29,12:50:00,2025-07-31,2.95,2.95,2.95,2.95,0,3675,0
BANKNIFTY31JUL2548600PE.NFO,2025-07-29,12:51:00,2025-07-31,2.95,2.95,2.95,2.95,0,3675,0
BANKNIFTY31JUL2548600PE.NFO,2025-07-29,12:52:00,2025-07-31,2.95,2.95,2.95,2.95,0,3675,0
BANKNIFTY31JUL2548600PE.NFO,2025-07-29,12:53:00,2025-07-31,2.95,2.95,2.95,2.95,0,3675,0
BANKNIFTY31JUL2548600PE.NFO,2025-07-29,12:54:00,2025-07-31,2.95,2.95,2.95,2.95,0,3675,0
BANKNIFTY31JUL2548600PE.NFO,2025-07-29,12:55:00,2025-07-31,2.95,2.95,2.95,2.95,0,3675,0
BANKNIFTY31JUL2548600PE.NFO,2025-07-29,12:56:00,2025-07-31,2.95,2.95,2.95,2.95,0,3675,0
BANKNIFTY31JUL2548600PE.NFO,2025-07-29,12:57:00,2025-07-31,2.95,2.95,2.95,2.95,0,3675,0
BANKNIFTY31JUL2548600PE.NFO,2025-07-29,12:58:00,2025-07-31,2.95,2.95,2.95,2.95,0,3675,0
BANKNIFTY31JUL2548600PE.NFO,2025-07-29,12:59:00,2025-07-31,2.95,3.05,2.85,3.05,595,3430,0
BANKNIFTY31JUL2548600PE.NFO,2025-07-29,13:00:00,2025-07-31,3.05,3.05,3.05,3.05,105,3430,0
BANKNIFTY31JUL2548600PE.NFO,2025-07-29,13:01:00,2025-07-31,3.05,3.05,3.05,3.05,0,3430,0
BANKNIFTY31JUL2548600PE.NFO,2025-07-29,13:02:00,2025-07-31,3.05,3.05,3.05,3.05,0,3430,0
BANKNIFTY31JUL2548600PE.NFO,2025-07-29,13:03:00,2025-07-31,3.05,3.05,3.05,3.05,0,3430,0
BANKNIFTY31JUL2548600PE.NFO,2025-07-29,13:04:00,2025-07-31,3.05,3.05,3.05,3.05,0,3430,0
BANKNIFTY31JUL2548600PE.NFO,2025-07-29,13:05:00,2025-07-31,3.05,3.05,3.05,3.05,0,3430,0
BANKNIFTY31JUL2548600PE.NFO,2025-07-29,13:06:00,2025-07-31,3.05,3.05,3.05,3.05,0,3430,0
BANKNIFTY31JUL2548600PE.NFO,2025-07-29,13:07:00,2025-07-31,3.05,3.05,3.05,3.05,0,3430,0
BANKNIFTY31JUL2548600PE.NFO,2025-07-29,13:08:00,2025-07-31,3.05,3.05,3.05,3.05,0,3430,0
BANKNIFTY31JUL2548600PE.NFO,2025-07-29,13:09:00,2025-07-31,3.05,3.05,3.05,3.05,0,3430,1
BANKNIFTY31JUL2548600PE.NFO,2025-07-29,13:10:00,2025-07-31,3.05,3.05,3.05,3.05,0,3430,0
BANKNIFTY31JUL2548600PE.NFO,2025-07-29,13:11:00,2025-07-31,3.05,3.05,3.05,3.05,0,3430,0
BANKNIFTY31JUL2548600PE.NFO,2025-07-29,13:12:00,2025-07-31,3.05,3.05,3.05,3.05,0,3430,0
BANKNIFTY31JUL2548600PE.NFO,2025-07-29,13:13:00,2025-07-31,3.05,3.05,3.05,3.05,0,3430,1
BANKNIFTY31JUL2548600PE.NFO,2025-07-29,13:14:00,2025-07-31,3.05,3.05,3.05,3.05,0,3430,1
BANKNIFTY31JUL2548600PE.NFO,2025-07-29,13:15:00,2025-07-31,3.05,3.05,3.05,3.05,0,3430,0
BANKNIFTY31JUL2548600PE.NFO,2025-07-29,13:16:00,2025-07-31,3.05,3.05,3.05,3.05,0,3430,0
BANKNIFTY31JUL2548600PE.NFO,2025-07-29,13:17:00,2025-07-31,3.05,3.05,3.05,3.05,0,3430,0
BANKNIFTY31JUL2548600PE.NFO,2025-07-29,13:18:00,2025-07-31,3.05,3.05,3.05,3.05,0,3430,0
BANKNIFTY31JUL2548600PE.NFO,2025-07-29,13:19:00,2025-07-31,3.05,3.05,3.05,3.05,0,3430,0
BANKNIFTY31JUL2548600PE.NFO,2025-07-29,13:20:00,2025-07-31,3.05,3.05,3.05,3.05,0,3430,1
BANKNIFTY31JUL2548600PE.NFO,2025-07-29,13:21:00,2025-07-31,3.05,3.05,3.05,3.05,0,3430,0
BANKNIFTY31JUL2548600PE.NFO,2025-07-29,13:22:00,2025-07-31,3.05,3.05,3.05,3.05,0,3430,0
BANKNIFTY31JUL2548600PE.NFO,2025-07-29,13:23:00,2025-07-31,3.05,3.05,3.05,3.05,0,3430,0
BANKNIFTY31JUL2548600PE.NFO,2025-07-29,13:24:00,2025-07-31,3.05,3.05,3.05,3.05,0,3430,0
BANKNIFTY31JUL2548600PE.NFO,2025-07-29,13:25:00,2025-07-31,3.05,3.05,3.05,3.05,0,3430,0
BANKNIFTY31JUL2548600PE.NFO,2025-07-29,13:26:00,2025-07-31,3.05,3.05,3.05,3.05,0,3430,0
BANKNIFTY31JUL2548600PE.NFO,2025-07-29,13:27:00,2025-07-31,3.05,3.05,3.05,3.05,0,3430,0
BANKNIFTY31JUL2548600PE.NFO,2025-07-29,13:28:00,2025-07-31,3.05,3.05,3.05,3.05,0,3430,0
BANKNIFTY31JUL2548600PE.NFO,2025-07-29,13:29:00,2025-07-31,3.05,3.05,3.05,3.05,0,3430,0
BANKNIFTY31JUL2548600PE.NFO,2025-07-29,13:30:00,2025-07-31,3.05,3.05,3.05,3.05,0,3430,0
BANKNIFTY31JUL2548600PE.NFO,2025-07-29,13:31:00,2025-07-31,3.05,3.05,3.05,3.05,0,3430,1
BANKNIFTY31JUL2548600PE.NFO,2025-07-29,13:32:00,2025-07-31,3.05,3.05,3.05,3.05,0,3430,0
BANKNIFTY31JUL2548600PE.NFO,2025-07-29,13:33:00,2025-07-31,3.05,3.05,3.05,3.05,0,3430,0
BANKNIFTY31JUL2548600PE.NFO,2025-07-29,13:34:00,2025-07-31,3.05,3.05,3.05,3.05,0,3430,0
BANKNIFTY31JUL2548600PE.NFO,2025-07-29,13:35:00,2025-07-31,3.05,3.05,3.05,3.05,0,3430,0
BANKNIFTY31JUL2548600PE.NFO,2025-07-29,13:36:00,2025-07-31,3.05,3.05,3.05,3.05,0,3430,0
BANKNIFTY31JUL2548600PE.NFO,2025-07-29,13:37:00,2025-07-31,3.05,3.05,3.05,3.05,0,3430,0
BANKNIFTY31JUL2548600PE.NFO,2025-07-29,13:38:00,2025-07-31,3.05,3.05,2.75,2.75,210,3430,0
BANKNIFTY31JUL2548600PE.NFO,2025-07-29,13:39:00,2025-07-31,2.75,2.75,2.75,2.75,0,3430,0
BANKNIFTY31JUL2548600PE.NFO,2025-07-29,13:40:00,2025-07-31,2.75,2.75,2.7,2.7,210,3430,0
BANKNIFTY31JUL2548600PE.NFO,2025-07-29,13:41:00,2025-07-31,2.7,2.7,2.7,2.7,0,3430,0
BANKNIFTY31JUL2548600PE.NFO,2025-07-29,13:42:00,2025-07-31,2.7,2.7,2.7,2.7,0,3430,0
BANKNIFTY31JUL2548600PE.NFO,2025-07-29,13:43:00,2025-07-31,2.7,2.7,2.7,2.7,0,3430,0
BANKNIFTY31JUL2548600PE.NFO,2025-07-29,13:44:00,2025-07-31,2.7,2.7,2.7,2.7,0,3430,0
BANKNIFTY31JUL2548600PE.NFO,2025-07-29,13:45:00,2025-07-31,2.7,2.7,2.7,2.7,0,3430,1
BANKNIFTY31JUL2548600PE.NFO,2025-07-29,13:46:00,2025-07-31,2.7,2.7,2.7,2.7,0,3430,0
BANKNIFTY31JUL2548600PE.NFO,2025-07-29,13:47:00,2025-07-31,2.7,2.7,2.7,2.7,0,3430,0
BANKNIFTY31JUL2548600PE.NFO,2025-07-29,13:48:00,2025-07-31,2.7,2.7,2.7,2.7,0,3430,0
BANKNIFTY31JUL2548600PE.NFO,2025-07-29,13:49:00,2025-07-31,2.7,2.7,2.7,2.7,0,3430,1
BANKNIFTY31JUL2548600PE.NFO,2025-07-29,13:50:00,2025-07-31,2.7,2.7,2.05,2.05,0,3220,0
BANKNIFTY31JUL2548600PE.NFO,2025-07-29,13:51:00,2025-07-31,2.05,2.35,2.05,2.35,630,3220,0
BANKNIFTY31JUL2548600PE.NFO,2025-07-29,13:52:00,2025-07-31,2.35,2.35,2.35,2.35,0,3220,0
BANKNIFTY31JUL2548600PE.NFO,2025-07-29,13:53:00,2025-07-31,2.35,2.35,2.35,2.35,0,3220,0
BANKNIFTY31JUL2548600PE.NFO,2025-07-29,13:54:00,2025-07-31,2.35,2.35,2.35,2.35,0,3220,0
BANKNIFTY31JUL2548600PE.NFO,2025-07-29,13:55:00,2025-07-31,2.35,2.35,2.35,2.35,0,3220,0
BANKNIFTY31JUL2548600PE.NFO,2025-07-29,13:56:00,2025-07-31,2.35,2.35,2.35,2.35,0,3220,1
BANKNIFTY31JUL2548600PE.NFO,2025-07-29,13:57:00,2025-07-31,2.35,2.35,2.35,2.35,0,3220,1
BANKNIFTY31JUL2548600PE.NFO,2025-07-29,13:58:00,2025-07-31,2.35,2.35,2.35,2.35,0,3220,1
BANKNIFTY31JUL2548600PE.NFO,2025-07-29,13:59:00,2025-07-31,2.35,2.35,2.35,2.35,0,3220,1
BANKNIFTY31JUL2548600PE.NFO,2025-07-29,14:00:00,2025-07-31,2.35,2.35,2.35,2.35,0,3220,0
BANKNIFTY31JUL2548600PE.NFO,2025-07-29,14:01:00,2025-07-31,2.35,2.35,2.35,2.35,0,3220,1
BANKNIFTY31JUL2548600PE.NFO,2025-07-29,14:02:00,2025-07-31,2.35,2.35,2.35,2.35,0,3220,0
BANKNIFTY31JUL2548600PE.NFO,2025-07-29,14:03:00,2025-07-31,2.35,2.35,2.35,2.35,0,3220,1
BANKNIFTY31JUL2548600PE.NFO,2025-07-29,14:04:00,2025-07-31,2.35,2.35,2.35,2.35,0,3220,1
BANKNIFTY31JUL2548600PE.NFO,2025-07-29,14:05:00,2025-07-31,2.35,2.35,2.35,2.35,0,3220,1
BANKNIFTY31JUL2548600PE.NFO,2025-07-29,14:06:00,2025-07-31,2.35,2.35,2.35,2.35,0,3220,0
BANKNIFTY31JUL2548600PE.NFO,2025-07-29,14:07:00,2025-07-31,2.35,2.35,2.35,2.35,0,3220,0
BANKNIFTY31JUL2548600PE.NFO,2025-07-29,14:08:00,2025-07-31,2.35,2.35,2.35,2.35,0,3220,0
BANKNIFTY31JUL2548600PE.NFO,2025-07-29,14:09:00,2025-07-31,2.35,2.35,2.35,2.35,0,3220,0
BANKNIFTY31JUL2548600PE.NFO,2025-07-29,14:10:00,2025-07-31,2.35,2.35,2.35,2.35,0,3220,1
BANKNIFTY31JUL2548600PE.NFO,2025-07-29,14:11:00,2025-07-31,2.35,2.35,2.35,2.35,0,3220,1
BANKNIFTY31JUL2548600PE.NFO,2025-07-29,14:12:00,2025-07-31,2.35,2.35,2.35,2.35,0,3220,1
BANKNIFTY31JUL2548600PE.NFO,2025-07-29,14:13:00,2025-07-31,2.35,2.35,2.35,2.35,0,3220,1
BANKNIFTY31JUL2548600PE.NFO,2025-07-29,14:14:00,2025-07-31,2.35,2.35,2.35,2.35,0,3220,1
BANKNIFTY31JUL2548600PE.NFO,2025-07-29,14:15:00,2025-07-31,2.35,2.35,2.35,2.35,0,3220,1
BANKNIFTY31JUL2548600PE.NFO,2025-07-29,14:16:00,2025-07-31,2.35,2.35,2.35,2.35,0,3220,1
BANKNIFTY31JUL2548600PE.NFO,2025-07-29,14:17:00,2025-07-31,2.35,2.35,2.35,2.35,0,3220,1
BANKNIFTY31JUL2548600PE.NFO,2025-07-29,14:18:00,2025-07-31,2.35,2.35,2.35,2.35,0,3220,1
BANKNIFTY31JUL2548600PE.NFO,2025-07-29,14:19:00,2025-07-31,2.35,2.35,2.35,2.35,0,3220,1
BANKNIFTY31JUL2548600PE.NFO,2025-07-29,14:20:00,2025-07-31,2.35,2.35,2.35,2.35,0,3220,1
BANKNIFTY31JUL2548600PE.NFO,2025-07-29,14:21:00,2025-07-31,2.35,2.35,2.35,2.35,0,3220,0
BANKNIFTY31JUL2548600PE.NFO,2025-07-29,14:22:00,2025-07-31,2.35,2.35,2.35,2.35,0,3220,1
BANKNIFTY31JUL2548600PE.NFO,2025-07-29,14:23:00,2025-07-31,2.35,2.35,2.35,2.35,0,3220,1
BANKNIFTY31JUL2548600PE.NFO,2025-07-29,14:24:00,2025-07-31,2.35,2.35,2.35,2.35,0,3220,1
BANKNIFTY31JUL2548600PE.NFO,2025-07-29,14:25:00,2025-07-31,2.35,2.35,2.35,2.35,0,3220,1
BANKNIFTY31JUL2548600PE.NFO,2025-07-29,14:26:00,2025-07-31,2.35,2.35,2.35,2.35,0,3220,1
BANKNIFTY31JUL2548600PE.NFO,2025-07-29,14:27:00,2025-07-31,2.35,2.35,2.35,2.35,0,3220,1
BANKNIFTY31JUL2548600PE.NFO,2025-07-29,14:28:00,2025-07-31,2.35,2.35,2.35,2.35,0,3220,1
BANKNIFTY31JUL2548600PE.NFO,2025-07-29,14:29:00,2025-07-31,2.35,2.35,2.35,2.35,0,3220,1
BANKNIFTY31JUL2548600PE.NFO,2025-07-29,14:30:00,2025-07-31,2.35,2.35,2.35,2.35,0,3220,1
BANKNIFTY31JUL2548600PE.NFO,2025-07-29,14:31:00,2025-07-31,2.35,2.35,2.35,2.35,0,3220,1
BANKNIFTY31JUL2548600PE.NFO,2025-07-29,14:32:00,2025-07-31,2.35,2.35,2.35,2.35,0,3220,1
BANKNIFTY31JUL2548600PE.NFO,2025-07-29,14:33:00,2025-07-31,2.35,2.35,2.35,2.35,0,3220,1
BANKNIFTY31JUL2548600PE.NFO,2025-07-29,14:34:00,2025-07-31,2.35,2.35,2.35,2.35,0,3220,1
BANKNIFTY31JUL2548600PE.NFO,2025-07-29,14:35:00,2025-07-31,2.35,2.35,2.35,2.35,0,3220,0
BANKNIFTY31JUL2548600PE.NFO,2025-07-29,14:36:00,2025-07-31,2.35,2.35,2.35,2.35,0,3220,0
BANKNIFTY31JUL2548600PE.NFO,2025-07-29,14:37:00,2025-07-31,2.35,2.35,2.35,2.35,0,3220,0
BANKNIFTY31JUL2548600PE.NFO,2025-07-29,14:38:00,2025-07-31,2.35,2.35,2.35,2.35,0,3220,1
BANKNIFTY31JUL2548600PE.NFO,2025-07-29,14:39:00,2025-07-31,2.35,2.35,2.35,2.35,0,3220,1
BANKNIFTY31JUL2548600PE.NFO,2025-07-29,14:40:00,2025-07-31,2.35,2.35,2.35,2.35,0,3220,1
BANKNIFTY31JUL2548600PE.NFO,2025-07-29,14:41:00,2025-07-31,2.35,2.35,2.35,2.35,0,3220,1
BANKNIFTY31JUL2548600PE.NFO,2025-07-29,14:42:00,2025-07-31,2.35,2.35,2.35,2.35,0,3220,1
BANKNIFTY31JUL2548600PE.NFO,2025-07-29,14:43:00,2025-07-31,2.35,2.35,2.35,2.35,0,3220,1
BANKNIFTY31JUL2548600PE.NFO,2025-07-29,14:44:00,2025-07-31,2.35,2.35,2.35,2.35,0,3220,1
BANKNIFTY31JUL2548600PE.NFO,2025-07-29,14:45:00,2025-07-31,2.35,2.35,2.35,2.35,0,3220,0
BANKNIFTY31JUL2548600PE.NFO,2025-07-29,14:46:00,2025-07-31,2.35,2.35,2.35,2.35,0,3220,1
BANKNIFTY31JUL2548600PE.NFO,2025-07-29,14:47:00,2025-07-31,2.35,2.35,2.35,2.35,0,3220,1
BANKNIFTY31JUL2548600PE.NFO,2025-07-29,14:48:00,2025-07-31,2.35,2.35,2.35,2.35,0,3220,1
BANKNIFTY31JUL2548600PE.NFO,2025-07-29,14:49:00,2025-07-31,2.35,2.35,2.35,2.35,0,3220,1
BANKNIFTY31JUL2548600PE.NFO,2025-07-29,14:50:00,2025-07-31,2.35,2.35,2.35,2.35,0,3220,1
BANKNIFTY31JUL2548600PE.NFO,2025-07-29,14:51:00,2025-07-31,2.35,2.35,2.35,2.35,0,3220,0
BANKNIFTY31JUL2548600PE.NFO,2025-07-29,14:52:00,2025-07-31,1.9,1.9,1.8,1.8,105,3150,0
BANKNIFTY31JUL2548600PE.NFO,2025-07-29,14:53:00,2025-07-31,1.8,1.8,1.6,1.6,140,3150,0
BANKNIFTY31JUL2548600PE.NFO,2025-07-29,14:54:00,2025-07-31,1.6,1.6,1.6,1.6,0,3150,0
BANKNIFTY31JUL2548600PE.NFO,2025-07-29,14:55:00,2025-07-31,1.6,1.6,1.6,1.6,0,3150,0
BANKNIFTY31JUL2548600PE.NFO,2025-07-29,14:56:00,2025-07-31,1.6,1.6,1.6,1.6,0,3150,1
BANKNIFTY31JUL2548600PE.NFO,2025-07-29,14:57:00,2025-07-31,1.6,1.6,1.6,1.6,0,3150,1
BANKNIFTY31JUL2548600PE.NFO,2025-07-29,14:58:00,2025-07-31,1.6,1.6,1.6,1.6,0,3150,1
BANKNIFTY31JUL2548600PE.NFO,2025-07-29,14:59:00,2025-07-31,1.6,1.6,1.6,1.6,0,3150,0
BANKNIFTY31JUL2548600PE.NFO,2025-07-29,15:00:00,2025-07-31,1.6,1.6,1.6,1.6,0,3150,0
BANKNIFTY31JUL2548600PE.NFO,2025-07-29,15:01:00,2025-07-31,1.6,1.6,1.6,1.6,0,3150,0
BANKNIFTY31JUL2548600PE.NFO,2025-07-29,15:02:00,2025-07-31,1.6,1.6,1.6,1.6,0,3150,0
BANKNIFTY31JUL2548600PE.NFO,2025-07-29,15:03:00,2025-07-31,1.6,1.6,1.6,1.6,0,3150,0
BANKNIFTY31JUL2548600PE.NFO,2025-07-29,15:04:00,2025-07-31,1.6,1.6,1.6,1.6,0,3150,1
BANKNIFTY31JUL2548600PE.NFO,2025-07-29,15:05:00,2025-07-31,1.6,1.6,1.6,1.6,0,3150,1
BANKNIFTY31JUL2548600PE.NFO,2025-07-29,15:06:00,2025-07-31,1.6,1.6,1.6,1.6,0,3150,1
BANKNIFTY31JUL2548600PE.NFO,2025-07-29,15:07:00,2025-07-31,1.6,1.6,1.6,1.6,0,3150,0
BANKNIFTY31JUL2548600PE.NFO,2025-07-29,15:08:00,2025-07-31,1.6,1.6,1.6,1.6,0,3150,0
BANKNIFTY31JUL2548600PE.NFO,2025-07-29,15:09:00,2025-07-31,1.6,1.6,1.6,1.6,0,3150,1
BANKNIFTY31JUL2548600PE.NFO,2025-07-29,15:10:00,2025-07-31,1.6,1.6,1.6,1.6,0,3150,1
BANKNIFTY31JUL2548600PE.NFO,2025-07-29,15:11:00,2025-07-31,1.6,1.6,1.6,1.6,0,3150,1
BANKNIFTY31JUL2548600PE.NFO,2025-07-29,15:12:00,2025-07-31,1.6,1.6,1.6,1.6,0,3150,0
BANKNIFTY31JUL2548600PE.NFO,2025-07-29,15:13:00,2025-07-31,1.6,1.6,1.6,1.6,0,3150,1
BANKNIFTY31JUL2548600PE.NFO,2025-07-29,15:14:00,2025-07-31,1.6,1.6,1.6,1.6,0,3150,0
BANKNIFTY31JUL2548600PE.NFO,2025-07-29,15:15:00,2025-07-31,1.6,1.6,1.6,1.6,0,3150,1
BANKNIFTY31JUL2548600PE.NFO,2025-07-29,15:16:00,2025-07-31,1.6,1.6,1.6,1.6,0,3150,1
BANKNIFTY31JUL2548600PE.NFO,2025-07-29,15:17:00,2025-07-31,1.9,1.9,1.9,1.9,70,3150,0
BANKNIFTY31JUL2548600PE.NFO,2025-07-29,15:18:00,2025-07-31,1.9,1.9,1.9,1.9,0,3150,0
BANKNIFTY31JUL2548600PE.NFO,2025-07-29,15:19:00,2025-07-31,1.9,1.9,1.9,1.9,0,3150,0
BANKNIFTY31JUL2548600PE.NFO,2025-07-29,15:20:00,2025-07-31,1.9,1.9,1.9,1.9,0,3150,0
BANKNIFTY31JUL2548600PE.NFO,2025-07-29,15:21:00,2025-07-31,1.9,1.9,1.9,1.9,0,3150,0
BANKNIFTY31JUL2548600PE.NFO,2025-07-29,15:22:00,2025-07-31,1.9,1.9,1.9,1.9,0,3150,1
BANKNIFTY31JUL2548600PE.NFO,2025-07-29,15:23:00,2025-07-31,1.9,1.9,1.9,1.9,0,3150,1
BANKNIFTY31JUL2548600PE.NFO,2025-07-29,15:24:00,2025-07-31,1.9,1.9,1.9,1.9,0,3150,0
BANKNIFTY31JUL2548600PE.NFO,2025-07-29,15:25:00,2025-07-31,1.45,1.45,1.45,1.45,70,3150,0
BANKNIFTY31JUL2548600PE.NFO,2025-07-29,15:26:00,2025-07-31,1.45,1.45,1.45,1.45,0,3150,0
BANKNIFTY31JUL2548600PE.NFO,2025-07-29,15:27:00,2025-07-31,1.45,1.45,1.45,1.45,0,3150,0
BANKNIFTY31JUL2548600PE.NFO,2025-07-29,15:28:00,2025-07-31,1.45,1.45,1.45,1.45,0,3150,0
BANKNIFTY31JUL2548600PE.NFO,2025-07-29,15:29:00,2025-07-31,1.45,1.45,1.45,1.45,0,3150,0
BANKNIFTY31JUL2548600PE.NFO,2025-07-29,15:30:00,2025-07-31,1.45,1.45,1.45,1.45,0,3150,1
BANKNIFTY31JUL2548600PE.NFO,2025-07-30,09:15:00,2025-07-31,1.95,1.95,1.95,1.95,0,0,0
BANKNIFTY31JUL2548600PE.NFO,2025-07-30,09:16:00,2025-07-31,1.95,1.95,1.95,1.95,0,0,1
BANKNIFTY31JUL2548600PE.NFO,2025-07-30,09:17:00,2025-07-31,1.95,1.95,1.95,1.95,0,0,1
BANKNIFTY31JUL2548600PE.NFO,2025-07-30,09:18:00,2025-07-31,1.95,1.95,1.95,1.95,0,0,1
BANKNIFTY31JUL2548600PE.NFO,2025-07-30,09:19:00,2025-07-31,0.95,1.95,0.95,0.95,0,3115,0
BANKNIFTY31JUL2548600PE.NFO,2025-07-30,09:20:00,2025-07-31,0.95,0.95,0.95,0.95,0,3115,0
BANKNIFTY31JUL2548600PE.NFO,2025-07-30,09:21:00,2025-07-31,0.95,0.95,0.95,0.95,0,3115,0
BANKNIFTY31JUL2548600PE.NFO,2025-07-30,09:22:00,2025-07-31,0.95,0.95,0.95,0.95,0,3115,0
BANKNIFTY31JUL2548600PE.NFO,2025-07-30,09:23:00,2025-07-31,0.95,0.95,0.95,0.95,0,3115,0
BANKNIFTY31JUL2548600PE.NFO,2025-07-30,09:24:00,2025-07-31,0.95,0.95,0.95,0.95,0,3115,0
BANKNIFTY31JUL2548600PE.NFO,2025-07-30,09:25:00,2025-07-31,0.95,0.95,0.95,0.95,0,3115,0
BANKNIFTY31JUL2548600PE.NFO,2025-07-30,09:26:00,2025-07-31,0.95,0.95,0.95,0.95,0,3115,0
BANKNIFTY31JUL2548600PE.NFO,2025-07-30,09:27:00,2025-07-31,0.95,0.95,0.95,0.95,0,3115,0
BANKNIFTY31JUL2548600PE.NFO,2025-07-30,09:28:00,2025-07-31,1.1,1.1,1.1,1.1,70,3220,0
BANKNIFTY31JUL2548600PE.NFO,2025-07-30,09:29:00,2025-07-31,1.1,1.1,1.1,1.1,0,3220,0
BANKNIFTY31JUL2548600PE.NFO,2025-07-30,09:30:00,2025-07-31,1.7,1.7,1.7,1.7,0,3150,0
BANKNIFTY31JUL2548600PE.NFO,2025-07-30,09:31:00,2025-07-31,1.7,1.7,1.7,1.7,35,3150,0
BANKNIFTY31JUL2548600PE.NFO,2025-07-30,09:32:00,2025-07-31,1.7,1.7,1.7,1.7,0,3150,0
BANKNIFTY31JUL2548600PE.NFO,2025-07-30,09:33:00,2025-07-31,1.7,1.7,1.7,1.7,0,3150,0
BANKNIFTY31JUL2548600PE.NFO,2025-07-30,09:34:00,2025-07-31,1.7,1.7,1.7,1.7,0,3150,0
BANKNIFTY31JUL2548600PE.NFO,2025-07-30,09:35:00,2025-07-31,1.7,1.7,1.7,1.7,0,3150,0
BANKNIFTY31JUL2548600PE.NFO,2025-07-30,09:36:00,2025-07-31,1.7,1.7,1.7,1.7,0,3150,0
BANKNIFTY31JUL2548600PE.NFO,2025-07-30,09:37:00,2025-07-31,1.7,1.7,1.7,1.7,0,3150,0
BANKNIFTY31JUL2548600PE.NFO,2025-07-30,09:38:00,2025-07-31,1.7,1.7,1.7,1.7,0,3150,0
BANKNIFTY31JUL2548600PE.NFO,2025-07-30,09:39:00,2025-07-31,1.7,1.7,1.7,1.7,0,3150,0
BANKNIFTY31JUL2548600PE.NFO,2025-07-30,09:40:00,2025-07-31,1.7,1.7,1.7,1.7,0,3150,0
BANKNIFTY31JUL2548600PE.NFO,2025-07-30,09:41:00,2025-07-31,1.7,1.7,1.7,1.7,0,3150,1
BANKNIFTY31JUL2548600PE.NFO,2025-07-30,09:42:00,2025-07-31,1.7,1.7,1.7,1.7,0,3150,1
BANKNIFTY31JUL2548600PE.NFO,2025-07-30,09:43:00,2025-07-31,1.7,1.7,1.7,1.7,0,3150,1
BANKNIFTY31JUL2548600PE.NFO,2025-07-30,09:44:00,2025-07-31,1.7,1.7,1.7,1.7,0,3150,0
BANKNIFTY31JUL2548600PE.NFO,2025-07-30,09:45:00,2025-07-31,1.7,1.7,1.7,1.7,0,3150,1
BANKNIFTY31JUL2548600PE.NFO,2025-07-30,09:46:00,2025-07-31,1.7,1.7,1.65,1.65,70,3115,0
BANKNIFTY31JUL2548600PE.NFO,2025-07-30,09:47:00,2025-07-31,1.65,1.65,1.65,1.65,0,3115,0
BANKNIFTY31JUL2548600PE.NFO,2025-07-30,09:48:00,2025-07-31,1.65,1.65,1.65,1.65,0,3115,0
BANKNIFTY31JUL2548600PE.NFO,2025-07-30,09:49:00,2025-07-31,1.65,1.65,1.65,1.65,0,3115,0
BANKNIFTY31JUL2548600PE.NFO,2025-07-30,09:50:00,2025-07-31,1.65,1.65,1.65,1.65,0,3115,0
BANKNIFTY31JUL2548600PE.NFO,2025-07-30,09:51:00,2025-07-31,1.65,1.65,1.65,1.65,0,3115,0
BANKNIFTY31JUL2548600PE.NFO,2025-07-30,09:52:00,2025-07-31,1.65,1.65,1.65,1.65,0,3115,0
BANKNIFTY31JUL2548600PE.NFO,2025-07-30,09:53:00,2025-07-31,1.65,1.65,1.65,1.65,0,3115,1
BANKNIFTY31JUL2548600PE.NFO,2025-07-30,09:54:00,2025-07-31,1.65,1.65,1.65,1.65,0,3115,1
BANKNIFTY31JUL2548600PE.NFO,2025-07-30,09:55:00,2025-07-31,1.65,1.65,1.65,1.65,0,3115,0
BANKNIFTY31JUL2548600PE.NFO,2025-07-30,09:56:00,2025-07-31,1.65,1.65,1.65,1.65,0,3115,1
BANKNIFTY31JUL2548600PE.NFO,2025-07-30,09:57:00,2025-07-31,1.65,1.65,1.65,1.65,0,3115,1
BANKNIFTY31JUL2548600PE.NFO,2025-07-30,09:58:00,2025-07-31,1.65,1.65,1.65,1.65,0,3115,0
BANKNIFTY31JUL2548600PE.NFO,2025-07-30,09:59:00,2025-07-31,1.65,1.65,1.65,1.65,0,3115,0
BANKNIFTY31JUL2548600PE.NFO,2025-07-30,10:00:00,2025-07-31,1.65,1.65,1.65,1.65,0,3115,0
BANKNIFTY31JUL2548600PE.NFO,2025-07-30,10:01:00,2025-07-31,1.65,1.65,1.65,1.65,0,3115,0
BANKNIFTY31JUL2548600PE.NFO,2025-07-30,10:02:00,2025-07-31,1.65,1.65,1.65,1.65,0,3115,0
BANKNIFTY31JUL2548600PE.NFO,2025-07-30,10:03:00,2025-07-31,1.65,1.65,1.65,1.65,0,3115,0
BANKNIFTY31JUL2548600PE.NFO,2025-07-30,10:04:00,2025-07-31,1.65,1.65,1.65,1.65,0,3115,1
BANKNIFTY31JUL2548600PE.NFO,2025-07-30,10:05:00,2025-07-31,1.65,1.65,1.65,1.65,0,3115,1
BANKNIFTY31JUL2548600PE.NFO,2025-07-30,10:06:00,2025-07-31,1.65,1.65,1.65,1.65,0,3115,1
BANKNIFTY31JUL2548600PE.NFO,2025-07-30,10:07:00,2025-07-31,1.65,1.65,1.65,1.65,0,3115,1
BANKNIFTY31JUL2548600PE.NFO,2025-07-30,10:08:00,2025-07-31,1.65,1.65,1.65,1.65,0,3115,1
BANKNIFTY31JUL2548600PE.NFO,2025-07-30,10:09:00,2025-07-31,1.65,1.65,1.65,1.65,0,3115,1
BANKNIFTY31JUL2548600PE.NFO,2025-07-30,10:10:00,2025-07-31,1.65,1.65,1.65,1.65,0,3115,1
BANKNIFTY31JUL2548600PE.NFO,2025-07-30,10:11:00,2025-07-31,1.65,1.65,1.65,1.65,0,3115,1
BANKNIFTY31JUL2548600PE.NFO,2025-07-30,10:12:00,2025-07-31,1.65,1.65,1.65,1.65,0,3115,1
BANKNIFTY31JUL2548600PE.NFO,2025-07-30,10:13:00,2025-07-31,1.65,1.65,1.65,1.65,0,3115,0
BANKNIFTY31JUL2548600PE.NFO,2025-07-30,10:14:00,2025-07-31,1.65,1.65,1.65,1.65,0,3115,0
BANKNIFTY31JUL2548600PE.NFO,2025-07-30,10:15:00,2025-07-31,1.65,1.65,1.65,1.65,0,3115,0
BANKNIFTY31JUL2548600PE.NFO,2025-07-30,10:16:00,2025-07-31,1.65,1.65,1.65,1.65,0,3115,1
BANKNIFTY31JUL2548600PE.NFO,2025-07-30,10:17:00,2025-07-31,1.65,1.65,1.65,1.65,0,3115,0
BANKNIFTY31JUL2548600PE.NFO,2025-07-30,10:18:00,2025-07-31,1.65,1.65,1.65,1.65,0,3115,1
BANKNIFTY31JUL2548600PE.NFO,2025-07-30,10:19:00,2025-07-31,1.65,1.65,1.65,1.65,0,3115,1
BANKNIFTY31JUL2548600PE.NFO,2025-07-30,10:20:00,2025-07-31,1.65,1.65,1.65,1.65,0,3115,0
BANKNIFTY31JUL2548600PE.NFO,2025-07-30,10:21:00,2025-07-31,1.65,1.65,1.65,1.65,0,3115,1
BANKNIFTY31JUL2548600PE.NFO,2025-07-30,10:22:00,2025-07-31,1.65,1.65,1.65,1.65,0,3115,1
BANKNIFTY31JUL2548600PE.NFO,2025-07-30,10:23:00,2025-07-31,1.65,1.65,1.65,1.65,0,3115,1
BANKNIFTY31JUL2548600PE.NFO,2025-07-30,10:24:00,2025-07-31,1.65,1.65,1.65,1.65,0,3115,1
BANKNIFTY31JUL2548600PE.NFO,2025-07-30,10:25:00,2025-07-31,1.65,1.65,1.65,1.65,0,3115,1
BANKNIFTY31JUL2548600PE.NFO,2025-07-30,10:26:00,2025-07-31,1.65,1.65,1.65,1.65,0,3115,1
BANKNIFTY31JUL2548600PE.NFO,2025-07-30,10:27:00,2025-07-31,1.65,1.65,1.65,1.65,0,3115,0
BANKNIFTY31JUL2548600PE.NFO,2025-07-30,10:28:00,2025-07-31,1.65,1.65,1.65,1.65,0,3115,0
BANKNIFTY31JUL2548600PE.NFO,2025-07-30,10:29:00,2025-07-31,1.65,1.65,1.65,1.65,0,3115,1
BANKNIFTY31JUL2548600PE.NFO,2025-07-30,10:30:00,2025-07-31,1.65,1.65,1.65,1.65,0,3115,1
BANKNIFTY31JUL2548600PE.NFO,2025-07-30,10:31:00,2025-07-31,1.65,1.65,1.65,1.65,0,3115,0
BANKNIFTY31JUL2548600PE.NFO,2025-07-30,10:32:00,2025-07-31,1.65,1.65,1.65,1.65,0,3115,1
BANKNIFTY31JUL2548600PE.NFO,2025-07-30,10:33:00,2025-07-31,1.65,1.65,1.65,1.65,0,3115,1
BANKNIFTY31JUL2548600PE.NFO,2025-07-30,10:34:00,2025-07-31,1.65,1.65,1.65,1.65,0,3115,1
BANKNIFTY31JUL2548600PE.NFO,2025-07-30,10:35:00,2025-07-31,1.65,1.65,1.65,1.65,0,3115,1
BANKNIFTY31JUL2548600PE.NFO,2025-07-30,10:36:00,2025-07-31,1.65,1.65,1.65,1.65,0,3115,1
BANKNIFTY31JUL2548600PE.NFO,2025-07-30,10:37:00,2025-07-31,1.65,1.65,1.65,1.65,0,3115,1
BANKNIFTY31JUL2548600PE.NFO,2025-07-30,10:38:00,2025-07-31,1.65,1.65,1.65,1.65,0,3115,0
BANKNIFTY31JUL2548600PE.NFO,2025-07-30,10:39:00,2025-07-31,1.65,1.65,1.65,1.65,0,3115,1
BANKNIFTY31JUL2548600PE.NFO,2025-07-30,10:40:00,2025-07-31,1.65,1.65,1.65,1.65,0,3115,1
BANKNIFTY31JUL2548600PE.NFO,2025-07-30,10:41:00,2025-07-31,1.65,1.65,1.65,1.65,0,3115,1
BANKNIFTY31JUL2548600PE.NFO,2025-07-30,10:42:00,2025-07-31,1.65,1.65,1.65,1.65,0,3115,1
BANKNIFTY31JUL2548600PE.NFO,2025-07-30,10:43:00,2025-07-31,1.65,1.65,1.65,1.65,0,3115,1
BANKNIFTY31JUL2548600PE.NFO,2025-07-30,10:44:00,2025-07-31,1.65,1.65,1.65,1.65,0,3115,1
BANKNIFTY31JUL2548600PE.NFO,2025-07-30,10:45:00,2025-07-31,1.65,1.65,1.65,1.65,0,3115,1
BANKNIFTY31JUL2548600PE.NFO,2025-07-30,10:46:00,2025-07-31,1.65,1.65,1.65,1.65,0,3115,0
BANKNIFTY31JUL2548600PE.NFO,2025-07-30,10:47:00,2025-07-31,1.65,1.65,1.1,1.15,35,3185,0
BANKNIFTY31JUL2548600PE.NFO,2025-07-30,10:48:00,2025-07-31,1.15,1.15,1.1,1.15,140,3185,0
BANKNIFTY31JUL2548600PE.NFO,2025-07-30,10:49:00,2025-07-31,1.15,1.15,1.15,1.15,140,3185,1
BANKNIFTY31JUL2548600PE.NFO,2025-07-30,10:50:00,2025-07-31,1.15,1.15,1.15,1.15,0,3185,0
BANKNIFTY31JUL2548600PE.NFO,2025-07-30,10:51:00,2025-07-31,1.15,1.15,1.15,1.15,0,3185,0
BANKNIFTY31JUL2548600PE.NFO,2025-07-30,10:52:00,2025-07-31,1.15,1.15,1.15,1.15,0,3185,1
BANKNIFTY31JUL2548600PE.NFO,2025-07-30,10:53:00,2025-07-31,1.15,1.15,1.15,1.15,0,3185,1
BANKNIFTY31JUL2548600PE.NFO,2025-07-30,10:54:00,2025-07-31,1.15,1.15,1.15,1.15,0,3185,1
BANKNIFTY31JUL2548600PE.NFO,2025-07-30,10:55:00,2025-07-31,1.15,1.15,1.15,1.15,0,3185,1
BANKNIFTY31JUL2548600PE.NFO,2025-07-30,10:56:00,2025-07-31,1.15,1.15,1.15,1.15,0,3185,0
BANKNIFTY31JUL2548600PE.NFO,2025-07-30,10:57:00,2025-07-31,1.15,1.15,1.15,1.15,0,3185,1
BANKNIFTY31JUL2548600PE.NFO,2025-07-30,10:58:00,2025-07-31,1.15,1.15,1.15,1.15,0,3185,1
BANKNIFTY31JUL2548600PE.NFO,2025-07-30,10:59:00,2025-07-31,1.15,1.15,1.15,1.15,0,3185,1
BANKNIFTY31JUL2548600PE.NFO,2025-07-30,11:00:00,2025-07-31,1.15,1.15,1.15,1.15,0,3185,1
BANKNIFTY31JUL2548600PE.NFO,2025-07-30,11:01:00,2025-07-31,1.15,1.15,1.15,1.15,0,3185,0
BANKNIFTY31JUL2548600PE.NFO,2025-07-30,11:02:00,2025-07-31,1.15,1.15,1.15,1.15,0,3185,1
BANKNIFTY31JUL2548600PE.NFO,2025-07-30,11:03:00,2025-07-31,1.15,1.15,1.15,1.15,0,3185,0
BANKNIFTY31JUL2548600PE.NFO,2025-07-30,11:04:00,2025-07-31,1.15,1.15,1.15,1.15,0,3185,1
BANKNIFTY31JUL2548600PE.NFO,2025-07-30,11:05:00,2025-07-31,1.4,1.4,1.4,1.4,70,3255,0
BANKNIFTY31JUL2548600PE.NFO,2025-07-30,11:06:00,2025-07-31,1.4,1.4,1.4,1.4,0,3255,0
BANKNIFTY31JUL2548600PE.NFO,2025-07-30,11:07:00,2025-07-31,1.4,1.4,1.4,1.4,0,3255,1
BANKNIFTY31JUL2548600PE.NFO,2025-07-30,11:08:00,2025-07-31,1.4,1.4,1.4,1.4,0,3255,1
BANKNIFTY31JUL2548600PE.NFO,2025-07-30,11:09:00,2025-07-31,1.4,1.4,1.4,1.4,0,3255,1
BANKNIFTY31JUL2548600PE.NFO,2025-07-30,11:10:00,2025-07-31,1.4,1.4,1.4,1.4,0,3255,0
BANKNIFTY31JUL2548600PE.NFO,2025-07-30,11:11:00,2025-07-31,1.4,1.4,1.4,1.4,0,3255,0
BANKNIFTY31JUL2548600PE.NFO,2025-07-30,11:12:00,2025-07-31,1.4,1.4,1.4,1.4,0,3255,1
BANKNIFTY31JUL2548600PE.NFO,2025-07-30,11:13:00,2025-07-31,1.4,1.4,1.4,1.4,0,3255,1
BANKNIFTY31JUL2548600PE.NFO,2025-07-30,11:14:00,2025-07-31,1.4,1.4,1.4,1.4,0,3255,0
BANKNIFTY31JUL2548600PE.NFO,2025-07-30,11:15:00,2025-07-31,1.4,1.4,1.4,1.4,0,3255,1
BANKNIFTY31JUL2548600PE.NFO,2025-07-30,11:16:00,2025-07-31,1.4,1.4,1.4,1.4,0,3255,0
BANKNIFTY31JUL2548600PE.NFO,2025-07-30,11:17:00,2025-07-31,1.4,1.4,1.4,1.4,0,3255,1
BANKNIFTY31JUL2548600PE.NFO,2025-07-30,11:18:00,2025-07-31,1.4,1.4,1.4,1.4,0,3255,1
BANKNIFTY31JUL2548600PE.NFO,2025-07-30,11:19:00,2025-07-31,1.4,1.4,1.4,1.4,0,3255,1
BANKNIFTY31JUL2548600PE.NFO,2025-07-30,11:20:00,2025-07-31,1.4,1.4,1.4,1.4,0,3255,1
BANKNIFTY31JUL2548600PE.NFO,2025-07-30,11:21:00,2025-07-31,1.4,1.4,1.4,1.4,0,3255,0
BANKNIFTY31JUL2548600PE.NFO,2025-07-30,11:22:00,2025-07-31,1.4,1.4,1.4,1.4,0,3255,0
BANKNIFTY31JUL2548600PE.NFO,2025-07-30,11:23:00,2025-07-31,1.4,1.4,1.4,1.4,0,3255,1
BANKNIFTY31JUL2548600PE.NFO,2025-07-30,11:24:00,2025-07-31,1.4,1.4,1.4,1.4,0,3255,1
BANKNIFTY31JUL2548600PE.NFO,2025-07-30,11:25:00,2025-07-31,1.4,1.4,1.4,1.4,0,3255,1
BANKNIFTY31JUL2548600PE.NFO,2025-07-30,11:26:00,2025-07-31,1.4,1.4,1.4,1.4,0,3255,1
BANKNIFTY31JUL2548600PE.NFO,2025-07-30,11:27:00,2025-07-31,1.4,1.4,1.4,1.4,0,3255,1
BANKNIFTY31JUL2548600PE.NFO,2025-07-30,11:28:00,2025-07-31,1.4,1.4,1.4,1.4,0,3255,1
BANKNIFTY31JUL2548600PE.NFO,2025-07-30,11:29:00,2025-07-31,1.4,1.4,1.4,1.4,0,3255,0
BANKNIFTY31JUL2548600PE.NFO,2025-07-30,11:30:00,2025-07-31,1.4,1.4,1.4,1.4,0,3255,1
BANKNIFTY31JUL2548600PE.NFO,2025-07-30,11:31:00,2025-07-31,1.4,1.4,1.4,1.4,0,3255,1
BANKNIFTY31JUL2548600PE.NFO,2025-07-30,11:32:00,2025-07-31,1.4,1.4,1.4,1.4,0,3255,1
BANKNIFTY31JUL2548600PE.NFO,2025-07-30,11:33:00,2025-07-31,1.4,1.4,1.4,1.4,0,3255,1
BANKNIFTY31JUL2548600PE.NFO,2025-07-30,11:34:00,2025-07-31,1.4,1.4,1.4,1.4,0,3255,0
BANKNIFTY31JUL2548600PE.NFO,2025-07-30,11:35:00,2025-07-31,1.4,1.4,1.4,1.4,0,3255,0
BANKNIFTY31JUL2548600PE.NFO,2025-07-30,11:36:00,2025-07-31,1.4,1.4,1.4,1.4,0,3255,0
BANKNIFTY31JUL2548600PE.NFO,2025-07-30,11:37:00,2025-07-31,1.4,1.4,1.4,1.4,0,3255,1
BANKNIFTY31JUL2548600PE.NFO,2025-07-30,11:38:00,2025-07-31,1.4,1.4,1.4,1.4,0,3255,1
BANKNIFTY31JUL2548600PE.NFO,2025-07-30,11:39:00,2025-07-31,1.4,1.4,1.4,1.4,0,3255,0
BANKNIFTY31JUL2548600PE.NFO,2025-07-30,11:40:00,2025-07-31,1.4,1.4,1.4,1.4,0,3255,1
BANKNIFTY31JUL2548600PE.NFO,2025-07-30,11:41:00,2025-07-31,1.4,1.4,1.4,1.4,0,3255,1
BANKNIFTY31JUL2548600PE.NFO,2025-07-30,11:42:00,2025-07-31,1.4,1.4,1.4,1.4,0,3255,1
BANKNIFTY31JUL2548600PE.NFO,2025-07-30,11:43:00,2025-07-31,1.4,1.4,1.4,1.4,0,3255,0
BANKNIFTY31JUL2548600PE.NFO,2025-07-30,11:44:00,2025-07-31,1.4,1.4,1.4,1.4,0,3255,1
BANKNIFTY31JUL2548600PE.NFO,2025-07-30,11:45:00,2025-07-31,1.4,1.4,1.4,1.4,0,3255,0
BANKNIFTY31JUL2548600PE.NFO,2025-07-30,11:46:00,2025-07-31,1.4,1.4,1.4,1.4,0,3255,1
BANKNIFTY31JUL2548600PE.NFO,2025-07-30,11:47:00,2025-07-31,1.4,1.4,1.4,1.4,0,3255,1
BANKNIFTY31JUL2548600PE.NFO,2025-07-30,11:48:00,2025-07-31,1.4,1.4,1.4,1.4,0,3255,1
BANKNIFTY31JUL2548600PE.NFO,2025-07-30,11:49:00,2025-07-31,1.4,1.4,1.4,1.4,0,3255,1
BANKNIFTY31JUL2548600PE.NFO,2025-07-30,11:50:00,2025-07-31,1.4,1.4,1.4,1.4,0,3255,1
BANKNIFTY31JUL2548600PE.NFO,2025-07-30,11:51:00,2025-07-31,1.4,1.4,1.4,1.4,0,3255,1
BANKNIFTY31JUL2548600PE.NFO,2025-07-30,11:52:00,2025-07-31,1.4,1.4,1.4,1.4,0,3255,0
BANKNIFTY31JUL2548600PE.NFO,2025-07-30,11:53:00,2025-07-31,1.4,1.4,1.4,1.4,0,3255,1
BANKNIFTY31JUL2548600PE.NFO,2025-07-30,11:54:00,2025-07-31,1.4,1.4,1.4,1.4,0,3255,1
BANKNIFTY31JUL2548600PE.NFO,2025-07-30,11:55:00,2025-07-31,1.4,1.4,1.4,1.4,0,3255,1
BANKNIFTY31JUL2548600PE.NFO,2025-07-30,11:56:00,2025-07-31,1.4,1.4,1.4,1.4,0,3255,1
BANKNIFTY31JUL2548600PE.NFO,2025-07-30,11:57:00,2025-07-31,1.4,1.4,1.4,1.4,0,3255,1
BANKNIFTY31JUL2548600PE.NFO,2025-07-30,11:58:00,2025-07-31,1.05,1.05,1.05,1.05,35,3185,0
BANKNIFTY31JUL2548600PE.NFO,2025-07-30,11:59:00,2025-07-31,1.05,1.15,1.05,1.15,35,3185,0
BANKNIFTY31JUL2548600PE.NFO,2025-07-30,12:00:00,2025-07-31,1.15,1.15,1.15,1.15,35,3185,1
BANKNIFTY31JUL2548600PE.NFO,2025-07-30,12:01:00,2025-07-31,1.15,1.15,1.15,1.15,0,3185,0
BANKNIFTY31JUL2548600PE.NFO,2025-07-30,12:02:00,2025-07-31,1.15,1.15,1.15,1.15,0,3185,0
BANKNIFTY31JUL2548600PE.NFO,2025-07-30,12:03:00,2025-07-31,1.15,1.15,1.15,1.15,0,3185,1
BANKNIFTY31JUL2548600PE.NFO,2025-07-30,12:04:00,2025-07-31,1.15,1.15,1.15,1.15,0,3185,0
BANKNIFTY31JUL2548600PE.NFO,2025-07-30,12:05:00,2025-07-31,1.15,1.15,1.15,1.15,0,3185,0
BANKNIFTY31JUL2548600PE.NFO,2025-07-30,12:06:00,2025-07-31,1.15,1.15,1.15,1.15,0,3185,0
BANKNIFTY31JUL2548600PE.NFO,2025-07-30,12:07:00,2025-07-31,1.15,1.15,1.15,1.15,0,3185,0
BANKNIFTY31JUL2548600PE.NFO,2025-07-30,12:08:00,2025-07-31,1.15,1.15,1.15,1.15,0,3185,1
BANKNIFTY31JUL2548600PE.NFO,2025-07-30,12:09:00,2025-07-31,1.15,1.15,1.15,1.15,0,3185,1
BANKNIFTY31JUL2548600PE.NFO,2025-07-30,12:10:00,2025-07-31,1.15,1.15,1.15,1.15,0,3185,0
BANKNIFTY31JUL2548600PE.NFO,2025-07-30,12:11:00,2025-07-31,1.15,1.15,1.15,1.15,0,3185,1
BANKNIFTY31JUL2548600PE.NFO,2025-07-30,12:12:00,2025-07-31,1.15,1.15,1.15,1.15,0,3185,0
BANKNIFTY31JUL2548600PE.NFO,2025-07-30,12:13:00,2025-07-31,1.15,1.15,1.15,1.15,0,3185,1
BANKNIFTY31JUL2548600PE.NFO,2025-07-30,12:14:00,2025-07-31,1.15,1.15,1.15,1.15,0,3185,0
BANKNIFTY31JUL2548600PE.NFO,2025-07-30,12:15:00,2025-07-31,1.15,1.15,1.15,1.15,0,3185,0
BANKNIFTY31JUL2548600PE.NFO,2025-07-30,12:16:00,2025-07-31,1.15,1.15,1.0,1.0,70,3220,0
BANKNIFTY31JUL2548600PE.NFO,2025-07-30,12:17:00,2025-07-31,1.0,1.0,1.0,1.0,0,3220,0
BANKNIFTY31JUL2548600PE.NFO,2025-07-30,12:18:00,2025-07-31,1.0,1.0,1.0,1.0,0,3220,0
BANKNIFTY31JUL2548600PE.NFO,2025-07-30,12:19:00,2025-07-31,1.0,1.0,1.0,1.0,0,3220,1
BANKNIFTY31JUL2548600PE.NFO,2025-07-30,12:20:00,2025-07-31,1.0,1.0,1.0,1.0,0,3220,0
BANKNIFTY31JUL2548600PE.NFO,2025-07-30,12:21:00,2025-07-31,1.0,1.0,1.0,1.0,0,3220,0
BANKNIFTY31JUL2548600PE.NFO,2025-07-30,12:22:00,2025-07-31,1.0,1.0,1.0,1.0,0,3220,1
BANKNIFTY31JUL2548600PE.NFO,2025-07-30,12:23:00,2025-07-31,1.0,1.0,1.0,1.0,0,3220,1
BANKNIFTY31JUL2548600PE.NFO,2025-07-30,12:24:00,2025-07-31,1.0,1.0,1.0,1.0,0,3220,1
BANKNIFTY31JUL2548600PE.NFO,2025-07-30,12:25:00,2025-07-31,1.0,1.0,1.0,1.0,0,3220,0
BANKNIFTY31JUL2548600PE.NFO,2025-07-30,12:26:00,2025-07-31,1.0,1.0,1.0,1.0,0,3220,1
BANKNIFTY31JUL2548600PE.NFO,2025-07-30,12:27:00,2025-07-31,1.0,1.0,1.0,1.0,0,3220,1
BANKNIFTY31JUL2548600PE.NFO,2025-07-30,12:28:00,2025-07-31,1.0,1.0,1.0,1.0,0,3220,1
BANKNIFTY31JUL2548600PE.NFO,2025-07-30,12:29:00,2025-07-31,1.0,1.0,1.0,1.0,0,3220,1
BANKNIFTY31JUL2548600PE.NFO,2025-07-30,12:30:00,2025-07-31,1.0,1.0,1.0,1.0,0,3220,1
BANKNIFTY31JUL2548600PE.NFO,2025-07-30,12:31:00,2025-07-31,1.0,1.0,1.0,1.0,0,3220,0
BANKNIFTY31JUL2548600PE.NFO,2025-07-30,12:32:00,2025-07-31,1.0,1.0,1.0,1.0,0,3220,0
BANKNIFTY31JUL2548600PE.NFO,2025-07-30,12:33:00,2025-07-31,1.0,1.0,1.0,1.0,0,3220,1
BANKNIFTY31JUL2548600PE.NFO,2025-07-30,12:34:00,2025-07-31,1.0,1.0,1.0,1.0,0,3220,1
BANKNIFTY31JUL2548600PE.NFO,2025-07-30,12:35:00,2025-07-31,1.0,1.0,1.0,1.0,0,3220,1
BANKNIFTY31JUL2548600PE.NFO,2025-07-30,12:36:00,2025-07-31,1.0,1.0,1.0,1.0,0,3220,1
BANKNIFTY31JUL2548600PE.NFO,2025-07-30,12:37:00,2025-07-31,1.0,1.0,1.0,1.0,0,3220,1
BANKNIFTY31JUL2548600PE.NFO,2025-07-30,12:38:00,2025-07-31,1.0,1.0,1.0,1.0,0,3220,1
BANKNIFTY31JUL2548600PE.NFO,2025-07-30,12:39:00,2025-07-31,1.0,1.0,1.0,1.0,0,3220,1
BANKNIFTY31JUL2548600PE.NFO,2025-07-30,12:40:00,2025-07-31,1.0,1.0,1.0,1.0,0,3220,1
BANKNIFTY31JUL2548600PE.NFO,2025-07-30,12:41:00,2025-07-31,1.0,1.0,1.0,1.0,0,3220,1
BANKNIFTY31JUL2548600PE.NFO,2025-07-30,12:42:00,2025-07-31,1.0,1.0,1.0,1.0,0,3220,1
BANKNIFTY31JUL2548600PE.NFO,2025-07-30,12:43:00,2025-07-31,1.0,1.0,1.0,1.0,0,3220,1
BANKNIFTY31JUL2548600PE.NFO,2025-07-30,12:44:00,2025-07-31,1.0,1.0,1.0,1.0,0,3220,0
BANKNIFTY31JUL2548600PE.NFO,2025-07-30,12:45:00,2025-07-31,1.0,1.0,1.0,1.0,0,3220,1
BANKNIFTY31JUL2548600PE.NFO,2025-07-30,12:46:00,2025-07-31,1.0,1.0,1.0,1.0,0,3220,1
BANKNIFTY31JUL2548600PE.NFO,2025-07-30,12:47:00,2025-07-31,1.0,1.0,1.0,1.0,0,3220,0
BANKNIFTY31JUL2548600PE.NFO,2025-07-30,12:48:00,2025-07-31,1.0,1.0,1.0,1.0,0,3220,1
BANKNIFTY31JUL2548600PE.NFO,2025-07-30,12:49:00,2025-07-31,1.0,1.0,1.0,1.0,0,3220,1
BANKNIFTY31JUL2548600PE.NFO,2025-07-30,12:50:00,2025-07-31,1.0,1.0,1.0,1.0,0,3220,1
BANKNIFTY31JUL2548600PE.NFO,2025-07-30,12:51:00,2025-07-31,1.0,1.0,1.0,1.0,0,3220,1
BANKNIFTY31JUL2548600PE.NFO,2025-07-30,12:52:00,2025-07-31,1.0,1.0,1.0,1.0,0,3220,1
BANKNIFTY31JUL2548600PE.NFO,2025-07-30,12:53:00,2025-07-31,1.0,1.0,1.0,1.0,0,3220,0
BANKNIFTY31JUL2548600PE.NFO,2025-07-30,12:54:00,2025-07-31,1.0,1.0,1.0,1.0,0,3220,1
BANKNIFTY31JUL2548600PE.NFO,2025-07-30,12:55:00,2025-07-31,1.0,1.0,1.0,1.0,0,3220,1
BANKNIFTY31JUL2548600PE.NFO,2025-07-30,12:56:00,2025-07-31,1.0,1.0,1.0,1.0,0,3220,0
BANKNIFTY31JUL2548600PE.NFO,2025-07-30,12:57:00,2025-07-31,1.0,1.0,1.0,1.0,0,3220,0
BANKNIFTY31JUL2548600PE.NFO,2025-07-30,12:58:00,2025-07-31,1.0,1.0,1.0,1.0,0,3220,0
BANKNIFTY31JUL2548600PE.NFO,2025-07-30,12:59:00,2025-07-31,1.0,1.0,1.0,1.0,0,3220,0
BANKNIFTY31JUL2548600PE.NFO,2025-07-30,13:00:00,2025-07-31,1.0,1.0,1.0,1.0,0,3220,1
BANKNIFTY31JUL2548600PE.NFO,2025-07-30,13:01:00,2025-07-31,1.0,1.0,1.0,1.0,0,3220,0
BANKNIFTY31JUL2548600PE.NFO,2025-07-30,13:02:00,2025-07-31,1.0,1.0,1.0,1.0,0,3220,0
BANKNIFTY31JUL2548600PE.NFO,2025-07-30,13:03:00,2025-07-31,1.0,1.0,1.0,1.0,0,3220,1
BANKNIFTY31JUL2548600PE.NFO,2025-07-30,13:04:00,2025-07-31,1.0,1.0,1.0,1.0,0,3220,1
BANKNIFTY31JUL2548600PE.NFO,2025-07-30,13:05:00,2025-07-31,1.0,1.0,1.0,1.0,0,3220,1
BANKNIFTY31JUL2548600PE.NFO,2025-07-30,13:06:00,2025-07-31,1.0,1.0,1.0,1.0,0,3220,1
BANKNIFTY31JUL2548600PE.NFO,2025-07-30,13:07:00,2025-07-31,1.0,1.0,1.0,1.0,0,3220,1
BANKNIFTY31JUL2548600PE.NFO,2025-07-30,13:08:00,2025-07-31,1.0,1.0,1.0,1.0,0,3220,1
BANKNIFTY31JUL2548600PE.NFO,2025-07-30,13:09:00,2025-07-31,1.0,1.0,1.0,1.0,0,3220,1
BANKNIFTY31JUL2548600PE.NFO,2025-07-30,13:10:00,2025-07-31,1.0,1.0,1.0,1.0,0,3220,0
BANKNIFTY31JUL2548600PE.NFO,2025-07-30,13:11:00,2025-07-31,1.0,1.0,1.0,1.0,0,3220,1
BANKNIFTY31JUL2548600PE.NFO,2025-07-30,13:12:00,2025-07-31,1.0,1.0,1.0,1.0,0,3220,1
BANKNIFTY31JUL2548600PE.NFO,2025-07-30,13:13:00,2025-07-31,1.1,1.1,1.1,1.1,35,3290,0
BANKNIFTY31JUL2548600PE.NFO,2025-07-30,13:14:00,2025-07-31,1.1,1.1,1.1,1.1,0,3290,0
BANKNIFTY31JUL2548600PE.NFO,2025-07-30,13:15:00,2025-07-31,1.1,1.1,1.1,1.1,0,3290,0
BANKNIFTY31JUL2548600PE.NFO,2025-07-30,13:16:00,2025-07-31,1.2,1.2,1.2,1.2,70,3255,0
BANKNIFTY31JUL2548600PE.NFO,2025-07-30,13:17:00,2025-07-31,1.2,1.2,1.2,1.2,0,3255,0
BANKNIFTY31JUL2548600PE.NFO,2025-07-30,13:18:00,2025-07-31,1.2,1.2,1.2,1.2,0,3255,0
BANKNIFTY31JUL2548600PE.NFO,2025-07-30,13:19:00,2025-07-31,1.2,1.2,1.2,1.2,0,3255,1
BANKNIFTY31JUL2548600PE.NFO,2025-07-30,13:20:00,2025-07-31,1.2,1.2,1.2,1.2,0,3255,0
BANKNIFTY31JUL2548600PE.NFO,2025-07-30,13:21:00,2025-07-31,1.2,1.2,1.2,1.2,0,3255,1
BANKNIFTY31JUL2548600PE.NFO,2025-07-30,13:22:00,2025-07-31,1.2,1.2,1.2,1.2,0,3255,1
BANKNIFTY31JUL2548600PE.NFO,2025-07-30,13:23:00,2025-07-31,1.2,1.2,1.2,1.2,0,3255,1
BANKNIFTY31JUL2548600PE.NFO,2025-07-30,13:24:00,2025-07-31,1.2,1.2,1.2,1.2,0,3255,1
BANKNIFTY31JUL2548600PE.NFO,2025-07-30,13:25:00,2025-07-31,1.2,1.2,1.2,1.2,0,3255,1
BANKNIFTY31JUL2548600PE.NFO,2025-07-30,13:26:00,2025-07-31,1.2,1.2,1.2,1.2,0,3255,0
BANKNIFTY31JUL2548600PE.NFO,2025-07-30,13:27:00,2025-07-31,1.2,1.2,1.2,1.2,0,3255,1
BANKNIFTY31JUL2548600PE.NFO,2025-07-30,13:28:00,2025-07-31,1.2,1.2,1.2,1.2,0,3255,0
BANKNIFTY31JUL2548600PE.NFO,2025-07-30,13:29:00,2025-07-31,1.2,1.2,1.2,1.2,0,3255,0
BANKNIFTY31JUL2548600PE.NFO,2025-07-30,13:30:00,2025-07-31,1.2,1.2,1.2,1.2,0,3255,1
BANKNIFTY31JUL2548600PE.NFO,2025-07-30,13:31:00,2025-07-31,1.2,1.2,1.2,1.2,0,3255,1
BANKNIFTY31JUL2548600PE.NFO,2025-07-30,13:32:00,2025-07-31,1.2,1.2,1.2,1.2,0,3255,1
BANKNIFTY31JUL2548600PE.NFO,2025-07-30,13:33:00,2025-07-31,1.2,1.2,1.2,1.2,0,3255,1
BANKNIFTY31JUL2548600PE.NFO,2025-07-30,13:34:00,2025-07-31,1.2,1.2,1.2,1.2,0,3255,0
BANKNIFTY31JUL2548600PE.NFO,2025-07-30,13:35:00,2025-07-31,1.2,1.2,1.2,1.2,0,3255,1
BANKNIFTY31JUL2548600PE.NFO,2025-07-30,13:36:00,2025-07-31,1.2,1.2,1.2,1.2,0,3255,1
BANKNIFTY31JUL2548600PE.NFO,2025-07-30,13:37:00,2025-07-31,1.2,1.2,1.2,1.2,0,3255,1
BANKNIFTY31JUL2548600PE.NFO,2025-07-30,13:38:00,2025-07-31,1.2,1.2,1.2,1.2,0,3255,1
BANKNIFTY31JUL2548600PE.NFO,2025-07-30,13:39:00,2025-07-31,1.2,1.2,1.2,1.2,0,3255,1
BANKNIFTY31JUL2548600PE.NFO,2025-07-30,13:40:00,2025-07-31,1.2,1.2,1.2,1.2,0,3255,1
BANKNIFTY31JUL2548600PE.NFO,2025-07-30,13:41:00,2025-07-31,1.2,1.2,1.2,1.2,0,3255,1
BANKNIFTY31JUL2548600PE.NFO,2025-07-30,13:42:00,2025-07-31,1.2,1.2,1.2,1.2,0,3255,1
BANKNIFTY31JUL2548600PE.NFO,2025-07-30,13:43:00,2025-07-31,1.2,1.2,1.2,1.2,0,3255,1
BANKNIFTY31JUL2548600PE.NFO,2025-07-30,13:44:00,2025-07-31,1.2,1.2,1.2,1.2,0,3255,1
BANKNIFTY31JUL2548600PE.NFO,2025-07-30,13:45:00,2025-07-31,1.2,1.2,1.2,1.2,0,3255,1
BANKNIFTY31JUL2548600PE.NFO,2025-07-30,13:46:00,2025-07-31,1.2,1.2,1.2,1.2,0,3255,1
BANKNIFTY31JUL2548600PE.NFO,2025-07-30,13:47:00,2025-07-31,1.2,1.2,1.2,1.2,0,3255,0
BANKNIFTY31JUL2548600PE.NFO,2025-07-30,13:48:00,2025-07-31,1.2,1.2,1.2,1.2,0,3255,1
BANKNIFTY31JUL2548600PE.NFO,2025-07-30,13:49:00,2025-07-31,1.2,1.2,1.2,1.2,0,3255,1
BANKNIFTY31JUL2548600PE.NFO,2025-07-30,13:50:00,2025-07-31,1.2,1.2,1.2,1.2,0,3255,1
BANKNIFTY31JUL2548600PE.NFO,2025-07-30,13:51:00,2025-07-31,1.2,1.2,1.2,1.2,0,3255,1
BANKNIFTY31JUL2548600PE.NFO,2025-07-30,13:52:00,2025-07-31,1.2,1.2,1.2,1.2,0,3255,0
BANKNIFTY31JUL2548600PE.NFO,2025-07-30,13:53:00,2025-07-31,1.2,1.2,1.2,1.2,0,3255,1
BANKNIFTY31JUL2548600PE.NFO,2025-07-30,13:54:00,2025-07-31,1.2,1.2,1.2,1.2,0,3255,1
BANKNIFTY31JUL2548600PE.NFO,2025-07-30,13:55:00,2025-07-31,1.2,1.2,1.2,1.2,0,3255,1
BANKNIFTY31JUL2548600PE.NFO,2025-07-30,13:56:00,2025-07-31,1.2,1.2,1.2,1.2,0,3255,1
BANKNIFTY31JUL2548600PE.NFO,2025-07-30,13:57:00,2025-07-31,1.2,1.2,1.2,1.2,0,3255,1
BANKNIFTY31JUL2548600PE.NFO,2025-07-30,13:58:00,2025-07-31,1.2,1.2,1.2,1.2,0,3255,1
BANKNIFTY31JUL2548600PE.NFO,2025-07-30,13:59:00,2025-07-31,1.2,1.2,1.2,1.2,0,3255,0
BANKNIFTY31JUL2548600PE.NFO,2025-07-30,14:00:00,2025-07-31,1.2,1.2,1.2,1.2,0,3255,1
BANKNIFTY31JUL2548600PE.NFO,2025-07-30,14:01:00,2025-07-31,1.2,1.2,1.2,1.2,0,3255,0
BANKNIFTY31JUL2548600PE.NFO,2025-07-30,14:02:00,2025-07-31,1.2,1.2,1.2,1.2,0,3255,0
BANKNIFTY31JUL2548600PE.NFO,2025-07-30,14:03:00,2025-07-31,1.2,1.2,1.2,1.2,0,3255,1
BANKNIFTY31JUL2548600PE.NFO,2025-07-30,14:04:00,2025-07-31,1.2,1.2,1.2,1.2,0,3255,1
BANKNIFTY31JUL2548600PE.NFO,2025-07-30,14:05:00,2025-07-31,1.2,1.2,1.2,1.2,0,3255,1
BANKNIFTY31JUL2548600PE.NFO,2025-07-30,14:06:00,2025-07-31,1.2,1.2,1.2,1.2,0,3255,1
BANKNIFTY31JUL2548600PE.NFO,2025-07-30,14:07:00,2025-07-31,1.2,1.2,1.2,1.2,0,3255,1
BANKNIFTY31JUL2548600PE.NFO,2025-07-30,14:08:00,2025-07-31,1.2,1.2,1.2,1.2,0,3255,0
BANKNIFTY31JUL2548600PE.NFO,2025-07-30,14:09:00,2025-07-31,1.2,1.2,1.2,1.2,0,3255,0
BANKNIFTY31JUL2548600PE.NFO,2025-07-30,14:10:00,2025-07-31,1.2,1.2,1.2,1.2,0,3255,0
BANKNIFTY31JUL2548600PE.NFO,2025-07-30,14:11:00,2025-07-31,1.2,1.2,1.2,1.2,0,3255,1
BANKNIFTY31JUL2548600PE.NFO,2025-07-30,14:12:00,2025-07-31,1.2,1.2,1.2,1.2,0,3255,1
BANKNIFTY31JUL2548600PE.NFO,2025-07-30,14:13:00,2025-07-31,1.2,1.2,1.2,1.2,0,3255,1
BANKNIFTY31JUL2548600PE.NFO,2025-07-30,14:14:00,2025-07-31,1.2,1.2,1.2,1.2,0,3255,1
BANKNIFTY31JUL2548600PE.NFO,2025-07-30,14:15:00,2025-07-31,1.2,1.2,1.2,1.2,0,3255,0
BANKNIFTY31JUL2548600PE.NFO,2025-07-30,14:16:00,2025-07-31,1.2,1.2,1.2,1.2,0,3255,0
BANKNIFTY31JUL2548600PE.NFO,2025-07-30,14:17:00,2025-07-31,1.2,1.2,1.2,1.2,0,3255,0
BANKNIFTY31JUL2548600PE.NFO,2025-07-30,14:18:00,2025-07-31,1.2,1.2,1.2,1.2,0,3255,1
BANKNIFTY31JUL2548600PE.NFO,2025-07-30,14:19:00,2025-07-31,1.2,1.2,1.2,1.2,0,3255,1
BANKNIFTY31JUL2548600PE.NFO,2025-07-30,14:20:00,2025-07-31,1.2,1.2,1.2,1.2,0,3255,1
BANKNIFTY31JUL2548600PE.NFO,2025-07-30,14:21:00,2025-07-31,1.2,1.2,1.2,1.2,0,3255,1
BANKNIFTY31JUL2548600PE.NFO,2025-07-30,14:22:00,2025-07-31,1.2,1.2,1.2,1.2,0,3255,0
BANKNIFTY31JUL2548600PE.NFO,2025-07-30,14:23:00,2025-07-31,1.2,1.2,1.2,1.2,0,3255,0
BANKNIFTY31JUL2548600PE.NFO,2025-07-30,14:24:00,2025-07-31,1.2,1.2,1.2,1.2,0,3255,0
BANKNIFTY31JUL2548600PE.NFO,2025-07-30,14:25:00,2025-07-31,1.2,1.2,1.2,1.2,0,3255,1
BANKNIFTY31JUL2548600PE.NFO,2025-07-30,14:26:00,2025-07-31,1.2,1.2,1.2,1.2,0,3255,1
BANKNIFTY31JUL2548600PE.NFO,2025-07-30,14:27:00,2025-07-31,1.2,1.2,1.2,1.2,0,3255,1
BANKNIFTY31JUL2548600PE.NFO,2025-07-30,14:28:00,2025-07-31,1.2,1.2,1.2,1.2,0,3255,0
BANKNIFTY31JUL2548600PE.NFO,2025-07-30,14:29:00,2025-07-31,1.2,1.2,1.2,1.2,0,3255,1
BANKNIFTY31JUL2548600PE.NFO,2025-07-30,14:30:00,2025-07-31,1.2,1.2,1.2,1.2,0,3255,1
BANKNIFTY31JUL2548600PE.NFO,2025-07-30,14:31:00,2025-07-31,1.2,1.2,1.2,1.2,0,3255,0
BANKNIFTY31JUL2548600PE.NFO,2025-07-30,14:32:00,2025-07-31,1.2,1.2,1.2,1.2,0,3255,0
BANKNIFTY31JUL2548600PE.NFO,2025-07-30,14:33:00,2025-07-31,1.2,1.2,1.2,1.2,0,3255,0
BANKNIFTY31JUL2548600PE.NFO,2025-07-30,14:34:00,2025-07-31,1.2,1.2,1.2,1.2,0,3255,1
BANKNIFTY31JUL2548600PE.NFO,2025-07-30,14:35:00,2025-07-31,1.2,1.2,1.2,1.2,0,3255,0
BANKNIFTY31JUL2548600PE.NFO,2025-07-30,14:36:00,2025-07-31,1.2,1.2,1.2,1.2,0,3255,0
BANKNIFTY31JUL2548600PE.NFO,2025-07-30,14:37:00,2025-07-31,1.2,1.2,1.2,1.2,0,3255,1
BANKNIFTY31JUL2548600PE.NFO,2025-07-30,14:38:00,2025-07-31,1.2,1.2,1.2,1.2,0,3255,0
BANKNIFTY31JUL2548600PE.NFO,2025-07-30,14:39:00,2025-07-31,1.2,1.2,1.2,1.2,0,3255,0
BANKNIFTY31JUL2548600PE.NFO,2025-07-30,14:40:00,2025-07-31,1.2,1.2,1.2,1.2,0,3255,0
BANKNIFTY31JUL2548600PE.NFO,2025-07-30,14:41:00,2025-07-31,1.2,1.2,1.2,1.2,0,3255,0
BANKNIFTY31JUL2548600PE.NFO,2025-07-30,14:42:00,2025-07-31,1.2,1.2,1.2,1.2,0,3255,0
BANKNIFTY31JUL2548600PE.NFO,2025-07-30,14:43:00,2025-07-31,1.2,1.2,1.2,1.2,0,3255,0
BANKNIFTY31JUL2548600PE.NFO,2025-07-30,14:44:00,2025-07-31,1.2,1.2,1.2,1.2,0,3255,0
BANKNIFTY31JUL2548600PE.NFO,2025-07-30,14:45:00,2025-07-31,1.2,1.2,1.2,1.2,0,3255,1
BANKNIFTY31JUL2548600PE.NFO,2025-07-30,14:46:00,2025-07-31,1.2,1.2,1.2,1.2,0,3255,1
BANKNIFTY31JUL2548600PE.NFO,2025-07-30,14:47:00,2025-07-31,1.2,1.2,1.2,1.2,0,3255,1
BANKNIFTY31JUL2548600PE.NFO,2025-07-30,14:48:00,2025-07-31,1.2,1.2,1.2,1.2,0,3255,0
BANKNIFTY31JUL2548600PE.NFO,2025-07-30,14:49:00,2025-07-31,1.2,1.2,1.2,1.2,0,3255,1
BANKNIFTY31JUL2548600PE.NFO,2025-07-30,14:50:00,2025-07-31,1.2,1.2,1.2,1.2,0,3255,0
BANKNIFTY31JUL2548600PE.NFO,2025-07-30,14:51:00,2025-07-31,1.2,1.2,1.2,1.2,0,3255,1
BANKNIFTY31JUL2548600PE.NFO,2025-07-30,14:52:00,2025-07-31,1.2,1.2,1.2,1.2,0,3255,0
BANKNIFTY31JUL2548600PE.NFO,2025-07-30,14:53:00,2025-07-31,1.2,1.2,1.2,1.2,0,3255,1
BANKNIFTY31JUL2548600PE.NFO,2025-07-30,14:54:00,2025-07-31,1.4,1.4,1.4,1.4,70,3255,0
BANKNIFTY31JUL2548600PE.NFO,2025-07-30,14:55:00,2025-07-31,1.4,1.4,1.4,1.4,0,3255,0
BANKNIFTY31JUL2548600PE.NFO,2025-07-30,14:56:00,2025-07-31,1.4,1.4,1.4,1.4,0,3255,0
BANKNIFTY31JUL2548600PE.NFO,2025-07-30,14:57:00,2025-07-31,1.4,1.4,1.4,1.4,0,3255,0
BANKNIFTY31JUL2548600PE.NFO,2025-07-30,14:58:00,2025-07-31,1.4,1.4,1.4,1.4,0,3255,1
BANKNIFTY31JUL2548600PE.NFO,2025-07-30,14:59:00,2025-07-31,1.4,1.4,1.4,1.4,0,3255,0
BANKNIFTY31JUL2548600PE.NFO,2025-07-30,15:00:00,2025-07-31,1.4,1.4,1.4,1.4,0,3255,1
BANKNIFTY31JUL2548600PE.NFO,2025-07-30,15:01:00,2025-07-31,1.4,1.4,1.4,1.4,0,3255,1
BANKNIFTY31JUL2548600PE.NFO,2025-07-30,15:02:00,2025-07-31,1.4,1.4,1.4,1.4,0,3255,0
BANKNIFTY31JUL2548600PE.NFO,2025-07-30,15:03:00,2025-07-31,1.4,1.4,1.4,1.4,0,3255,1
BANKNIFTY31JUL2548600PE.NFO,2025-07-30,15:04:00,2025-07-31,1.4,1.4,1.4,1.4,0,3255,1
BANKNIFTY31JUL2548600PE.NFO,2025-07-30,15:05:00,2025-07-31,1.4,1.4,1.4,1.4,0,3255,0
BANKNIFTY31JUL2548600PE.NFO,2025-07-30,15:06:00,2025-07-31,1.4,1.4,1.4,1.4,0,3255,1
BANKNIFTY31JUL2548600PE.NFO,2025-07-30,15:07:00,2025-07-31,1.4,1.4,1.4,1.4,0,3255,0
BANKNIFTY31JUL2548600PE.NFO,2025-07-30,15:08:00,2025-07-31,1.4,1.4,1.4,1.4,0,3255,1
BANKNIFTY31JUL2548600PE.NFO,2025-07-30,15:09:00,2025-07-31,1.4,1.4,1.4,1.4,0,3255,0
BANKNIFTY31JUL2548600PE.NFO,2025-07-30,15:10:00,2025-07-31,1.4,1.4,1.4,1.4,0,3255,1
BANKNIFTY31JUL2548600PE.NFO,2025-07-30,15:11:00,2025-07-31,1.4,1.4,1.4,1.4,0,3255,1
BANKNIFTY31JUL2548600PE.NFO,2025-07-30,15:12:00,2025-07-31,1.4,1.4,1.4,1.4,0,3255,1
BANKNIFTY31JUL2548600PE.NFO,2025-07-30,15:13:00,2025-07-31,1.4,1.4,1.4,1.4,0,3255,1
BANKNIFTY31JUL2548600PE.NFO,2025-07-30,15:14:00,2025-07-31,1.4,1.4,1.4,1.4,0,3255,1
BANKNIFTY31JUL2548600PE.NFO,2025-07-30,15:15:00,2025-07-31,1.4,1.4,1.4,1.4,0,3255,1
BANKNIFTY31JUL2548600PE.NFO,2025-07-30,15:16:00,2025-07-31,1.4,1.4,1.4,1.4,0,3255,1
BANKNIFTY31JUL2548600PE.NFO,2025-07-30,15:17:00,2025-07-31,1.4,1.4,1.4,1.4,0,3255,1
BANKNIFTY31JUL2548600PE.NFO,2025-07-30,15:18:00,2025-07-31,1.4,1.4,1.4,1.4,0,3255,0
BANKNIFTY31JUL2548600PE.NFO,2025-07-30,15:19:00,2025-07-31,1.4,1.4,1.4,1.4,0,3255,0
BANKNIFTY31JUL2548600PE.NFO,2025-07-30,15:20:00,2025-07-31,1.4,1.4,1.4,1.4,0,3255,0
BANKNIFTY31JUL2548600PE.NFO,2025-07-30,15:21:00,2025-07-31,1.4,1.4,1.4,1.4,0,3255,0
BANKNIFTY31JUL2548600PE.NFO,2025-07-30,15:22:00,2025-07-31,1.4,1.4,1.4,1.4,0,3255,1
BANKNIFTY31JUL2548600PE.NFO,2025-07-30,15:23:00,2025-07-31,1.4,1.4,1.4,1.4,0,3255,1
BANKNIFTY31JUL2548600PE.NFO,2025-07-30,15:24:00,2025-07-31,1.4,1.4,1.4,1.4,0,3255,1
BANKNIFTY31JUL2548600PE.NFO,2025-07-30,15:25:00,2025-07-31,1.4,1.4,1.4,1.4,0,3255,1
BANKNIFTY31JUL2548600PE.NFO,2025-07-30,15:26:00,2025-07-31,1.4,1.4,1.4,1.4,0,3255,0
BANKNIFTY31JUL2548600PE.NFO,2025-07-30,15:27:00,2025-07-31,0.9,0.9,0.9,0.9,70,3255,0
BANKNIFTY31JUL2548600PE.NFO,2025-07-30,15:28:00,2025-07-31,0.9,0.9,0.9,0.9,0,3255,0
BANKNIFTY31JUL2548600PE.NFO,2025-07-30,15:29:00,2025-07-31,0.9,0.9,0.9,0.9,0,3255,0
BANKNIFTY31JUL2548600PE.NFO,2025-07-30,15:30:00,2025-07-31,0.9,0.9,0.9,0.9,0,3255,1
BANKNIFTY31JUL2548600PE.NFO,2025-07-31,09:15:00,2025-07-31,0.2,0.2,0.2,0.2,0,3185,1
BANKNIFTY31JUL2548600PE.NFO,2025-07-31,09:16:00,2025-07-31,0.2,0.2,0.2,0.2,0,3185,0
BANKNIFTY31JUL2548600PE.NFO,2025-07-31,09:17:00,2025-07-31,0.2,0.2,0.2,0.2,0,3185,0
BANKNIFTY31JUL2548600PE.NFO,2025-07-31,09:18:00,2025-07-31,1.9,2.7,1.9,2.7,315,3045,0
BANKNIFTY31JUL2548600PE.NFO,2025-07-31,09:19:00,2025-07-31,2.7,2.7,1.35,1.35,70,3045,0
BANKNIFTY31JUL2548600PE.NFO,2025-07-31,09:20:00,2025-07-31,1.35,2.1,1.35,1.6,140,3045,0
BANKNIFTY31JUL2548600PE.NFO,2025-07-31,09:21:00,2025-07-31,1.6,1.6,1.6,1.6,0,3045,0
BANKNIFTY31JUL2548600PE.NFO,2025-07-31,09:22:00,2025-07-31,1.6,1.6,1.6,1.6,0,3045,0
BANKNIFTY31JUL2548600PE.NFO,2025-07-31,09:23:00,2025-07-31,1.6,1.6,1.6,1.6,0,3045,0
BANKNIFTY31JUL2548600PE.NFO,2025-07-31,09:24:00,2025-07-31,2.1,2.1,2.1,2.1,35,3080,0
BANKNIFTY31JUL2548600PE.NFO,2025-07-31,09:25:00,2025-07-31,2.1,2.1,2.1,2.1,0,3080,0
BANKNIFTY31JUL2548600PE.NFO,2025-07-31,09:26:00,2025-07-31,2.1,2.1,2.1,2.1,0,3080,0
BANKNIFTY31JUL2548600PE.NFO,2025-07-31,09:27:00,2025-07-31,2.1,2.1,2.1,2.1,0,3080,0
BANKNIFTY31JUL2548600PE.NFO,2025-07-31,09:28:00,2025-07-31,2.1,2.1,2.1,2.1,0,3080,0
BANKNIFTY31JUL2548600PE.NFO,2025-07-31,09:29:00,2025-07-31,2.1,2.1,2.1,2.1,0,3080,0
BANKNIFTY31JUL2548600PE.NFO,2025-07-31,09:30:00,2025-07-31,2.1,2.1,2.1,2.1,0,3080,0
BANKNIFTY31JUL2548600PE.NFO,2025-07-31,09:31:00,2025-07-31,2.1,2.1,2.1,2.1,0,3080,0
BANKNIFTY31JUL2548600PE.NFO,2025-07-31,09:32:00,2025-07-31,2.1,2.1,2.1,2.1,0,3080,0
BANKNIFTY31JUL2548600PE.NFO,2025-07-31,09:33:00,2025-07-31,2.1,2.1,2.1,2.1,0,3080,0
BANKNIFTY31JUL2548600PE.NFO,2025-07-31,09:34:00,2025-07-31,2.6,2.6,2.6,2.6,70,3045,0
BANKNIFTY31JUL2548600PE.NFO,2025-07-31,09:35:00,2025-07-31,2.6,2.6,2.6,2.6,0,3045,0
BANKNIFTY31JUL2548600PE.NFO,2025-07-31,09:36:00,2025-07-31,2.6,2.6,2.6,2.6,0,3045,0
BANKNIFTY31JUL2548600PE.NFO,2025-07-31,09:37:00,2025-07-31,2.6,2.6,2.6,2.6,0,3045,0
BANKNIFTY31JUL2548600PE.NFO,2025-07-31,09:38:00,2025-07-31,2.6,2.6,2.6,2.6,0,3045,0
BANKNIFTY31JUL2548600PE.NFO,2025-07-31,09:39:00,2025-07-31,2.6,2.6,2.6,2.6,0,3045,0
BANKNIFTY31JUL2548600PE.NFO,2025-07-31,09:40:00,2025-07-31,2.6,2.6,2.6,2.6,0,3045,0
BANKNIFTY31JUL2548600PE.NFO,2025-07-31,09:41:00,2025-07-31,2.6,2.6,2.6,2.6,0,3045,0
BANKNIFTY31JUL2548600PE.NFO,2025-07-31,09:42:00,2025-07-31,2.6,2.6,2.6,2.6,0,3045,0
BANKNIFTY31JUL2548600PE.NFO,2025-07-31,09:43:00,2025-07-31,2.6,2.6,2.6,2.6,0,3045,0
BANKNIFTY31JUL2548600PE.NFO,2025-07-31,09:44:00,2025-07-31,2.6,2.6,2.6,2.6,0,3045,0
BANKNIFTY31JUL2548600PE.NFO,2025-07-31,09:45:00,2025-07-31,2.6,2.6,2.6,2.6,0,3045,0
BANKNIFTY31JUL2548600PE.NFO,2025-07-31,09:46:00,2025-07-31,2.6,2.6,2.6,2.6,0,3045,0
BANKNIFTY31JUL2548600PE.NFO,2025-07-31,09:47:00,2025-07-31,2.6,2.6,2.6,2.6,0,3045,0
BANKNIFTY31JUL2548600PE.NFO,2025-07-31,09:48:00,2025-07-31,2.6,2.6,2.6,2.6,0,3045,0
BANKNIFTY31JUL2548600PE.NFO,2025-07-31,09:49:00,2025-07-31,2.6,2.6,2.6,2.6,0,3045,0
BANKNIFTY31JUL2548600PE.NFO,2025-07-31,09:50:00,2025-07-31,2.6,2.6,2.6,2.6,0,3045,0
BANKNIFTY31JUL2548600PE.NFO,2025-07-31,09:51:00,2025-07-31,2.6,2.6,2.6,2.6,0,3045,0
BANKNIFTY31JUL2548600PE.NFO,2025-07-31,09:52:00,2025-07-31,2.6,2.6,2.55,2.55,35,3045,0
BANKNIFTY31JUL2548600PE.NFO,2025-07-31,09:53:00,2025-07-31,2.55,2.55,1.7,1.7,35,3045,0
BANKNIFTY31JUL2548600PE.NFO,2025-07-31,09:54:00,2025-07-31,1.7,1.7,1.7,1.7,0,3045,0
BANKNIFTY31JUL2548600PE.NFO,2025-07-31,09:55:00,2025-07-31,1.35,2.1,1.35,1.35,140,3080,0
BANKNIFTY31JUL2548600PE.NFO,2025-07-31,09:56:00,2025-07-31,1.35,1.65,1.35,1.65,70,3080,0
BANKNIFTY31JUL2548600PE.NFO,2025-07-31,09:57:00,2025-07-31,1.65,1.65,1.65,1.65,0,3080,0
BANKNIFTY31JUL2548600PE.NFO,2025-07-31,09:58:00,2025-07-31,1.65,1.95,1.4,1.4,490,3115,0
BANKNIFTY31JUL2548600PE.NFO,2025-07-31,09:59:00,2025-07-31,1.4,1.65,1.4,1.65,70,3115,0
BANKNIFTY31JUL2548600PE.NFO,2025-07-31,10:00:00,2025-07-31,1.65,2.1,1.4,1.55,175,3115,0
BANKNIFTY31JUL2548600PE.NFO,2025-07-31,10:01:00,2025-07-31,1.55,1.55,1.4,1.4,70,2940,0
BANKNIFTY31JUL2548600PE.NFO,2025-07-31,10:02:00,2025-07-31,1.4,1.5,1.4,1.5,70,2940,0
BANKNIFTY31JUL2548600PE.NFO,2025-07-31,10:03:00,2025-07-31,1.5,1.8,1.35,1.35,105,2940,0
BANKNIFTY31JUL2548600PE.NFO,2025-07-31,10:04:00,2025-07-31,1.95,1.95,1.55,1.55,35,3045,0
BANKNIFTY31JUL2548600PE.NFO,2025-07-31,10:05:00,2025-07-31,1.55,1.55,1.55,1.55,70,3045,0
BANKNIFTY31JUL2548600PE.NFO,2025-07-31,10:06:00,2025-07-31,2.0,2.0,1.55,1.55,175,3045,0
BANKNIFTY31JUL2548600PE.NFO,2025-07-31,10:07:00,2025-07-31,1.55,1.95,1.5,1.5,140,2940,0
BANKNIFTY31JUL2548600PE.NFO,2025-07-31,10:08:00,2025-07-31,1.95,1.95,1.4,1.95,280,2940,0
BANKNIFTY31JUL2548600PE.NFO,2025-07-31,10:09:00,2025-07-31,1.95,1.95,1.95,1.95,35,2940,0
BANKNIFTY31JUL2548600PE.NFO,2025-07-31,10:10:00,2025-07-31,1.95,1.95,1.95,1.95,0,2940,0
BANKNIFTY31JUL2548600PE.NFO,2025-07-31,10:11:00,2025-07-31,1.95,1.95,1.95,1.95,0,2940,0
BANKNIFTY31JUL2548600PE.NFO,2025-07-31,10:12:00,2025-07-31,1.95,1.95,1.4,1.4,35,2905,0
BANKNIFTY31JUL2548600PE.NFO,2025-07-31,10:13:00,2025-07-31,1.4,1.4,1.4,1.4,0,2905,0
BANKNIFTY31JUL2548600PE.NFO,2025-07-31,10:14:00,2025-07-31,1.4,1.4,1.4,1.4,0,2905,0
BANKNIFTY31JUL2548600PE.NFO,2025-07-31,10:15:00,2025-07-31,1.4,1.4,1.4,1.4,0,2905,0
BANKNIFTY31JUL2548600PE.NFO,2025-07-31,10:16:00,2025-07-31,1.4,2.3,1.4,2.3,140,2940,0
BANKNIFTY31JUL2548600PE.NFO,2025-07-31,10:17:00,2025-07-31,2.3,2.3,2.3,2.3,105,2940,0
BANKNIFTY31JUL2548600PE.NFO,2025-07-31,10:18:00,2025-07-31,2.3,2.3,2.3,2.3,0,2940,0
BANKNIFTY31JUL2548600PE.NFO,2025-07-31,10:19:00,2025-07-31,2.0,2.0,1.35,1.35,70,3010,0
BANKNIFTY31JUL2548600PE.NFO,2025-07-31,10:20:00,2025-07-31,1.35,1.35,1.35,1.35,0,3010,0
BANKNIFTY31JUL2548600PE.NFO,2025-07-31,10:21:00,2025-07-31,1.35,1.35,1.35,1.35,0,3010,0
BANKNIFTY31JUL2548600PE.NFO,2025-07-31,10:22:00,2025-07-31,1.35,1.35,1.35,1.35,0,3010,0
BANKNIFTY31JUL2548600PE.NFO,2025-07-31,10:23:00,2025-07-31,1.35,1.35,1.35,1.35,0,3010,0
BANKNIFTY31JUL2548600PE.NFO,2025-07-31,10:24:00,2025-07-31,1.35,2.7,1.35,2.7,0,3080,0
BANKNIFTY31JUL2548600PE.NFO,2025-07-31,10:25:00,2025-07-31,2.7,2.7,1.4,2.15,735,3080,0
BANKNIFTY31JUL2548600PE.NFO,2025-07-31,10:26:00,2025-07-31,2.15,2.15,1.8,1.95,385,3080,0
BANKNIFTY31JUL2548600PE.NFO,2025-07-31,10:27:00,2025-07-31,1.95,2.15,1.7,1.7,665,3920,0
BANKNIFTY31JUL2548600PE.NFO,2025-07-31,10:28:00,2025-07-31,1.7,2.0,1.55,1.55,350,3920,0
BANKNIFTY31JUL2548600PE.NFO,2025-07-31,10:29:00,2025-07-31,1.55,1.85,1.55,1.8,2030,3920,0
BANKNIFTY31JUL2548600PE.NFO,2025-07-31,10:30:00,2025-07-31,1.8,1.9,1.8,1.8,210,3920,0
BANKNIFTY31JUL2548600PE.NFO,2025-07-31,10:31:00,2025-07-31,1.8,1.8,1.8,1.8,1365,5180,0
BANKNIFTY31JUL2548600PE.NFO,2025-07-31,10:32:00,2025-07-31,1.8,1.85,1.8,1.8,700,5180,0
BANKNIFTY31JUL2548600PE.NFO,2025-07-31,10:33:00,2025-07-31,1.8,1.8,1.8,1.8,245,5180,0
BANKNIFTY31JUL2548600PE.NFO,2025-07-31,10:34:00,2025-07-31,1.8,1.8,1.8,1.8,0,5180,0
BANKNIFTY31JUL2548600PE.NFO,2025-07-31,10:35:00,2025-07-31,1.8,1.95,1.8,1.95,105,6965,0
BANKNIFTY31JUL2548600PE.NFO,2025-07-31,10:36:00,2025-07-31,1.95,1.95,1.85,1.85,210,6965,0
BANKNIFTY31JUL2548600PE.NFO,2025-07-31,10:37:00,2025-07-31,1.85,1.85,1.85,1.85,0,7105,0
BANKNIFTY31JUL2548600PE.NFO,2025-07-31,10:38:00,2025-07-31,1.9,2.0,1.9,2.0,5250,7105,0
BANKNIFTY31JUL2548600PE.NFO,2025-07-31,10:39:00,2025-07-31,2.1,2.1,2.05,2.05,1120,7105,0
BANKNIFTY31JUL2548600PE.NFO,2025-07-31,10:40:00,2025-07-31,2.05,2.35,2.0,2.0,700,11725,0
BANKNIFTY31JUL2548600PE.NFO,2025-07-31,10:41:00,2025-07-31,2.0,2.0,2.0,2.0,0,11725,0
BANKNIFTY31JUL2548600PE.NFO,2025-07-31,10:42:00,2025-07-31,2.0,2.0,2.0,2.0,0,11725,0
BANKNIFTY31JUL2548600PE.NFO,2025-07-31,10:43:00,2025-07-31,2.0,2.0,2.0,2.0,0,11725,0
BANKNIFTY31JUL2548600PE.NFO,2025-07-31,10:44:00,2025-07-31,2.0,2.0,2.0,2.0,0,11725,1
BANKNIFTY31JUL2548600PE.NFO,2025-07-31,10:45:00,2025-07-31,2.0,2.0,2.0,2.0,0,11725,0
BANKNIFTY31JUL2548600PE.NFO,2025-07-31,10:46:00,2025-07-31,2.05,2.05,1.9,1.9,315,12390,0
BANKNIFTY31JUL2548600PE.NFO,2025-07-31,10:47:00,2025-07-31,1.9,1.9,1.9,1.9,175,12390,0
BANKNIFTY31JUL2548600PE.NFO,2025-07-31,10:48:00,2025-07-31,1.9,1.9,1.7,1.7,665,12390,0
BANKNIFTY31JUL2548600PE.NFO,2025-07-31,10:49:00,2025-07-31,1.7,1.7,1.7,1.7,0,12390,0
BANKNIFTY31JUL2548600PE.NFO,2025-07-31,10:50:00,2025-07-31,1.7,1.7,1.7,1.7,630,13230,0
BANKNIFTY31JUL2548600PE.NFO,2025-07-31,10:51:00,2025-07-31,1.7,1.7,1.7,1.7,70,13230,0
BANKNIFTY31JUL2548600PE.NFO,2025-07-31,10:52:00,2025-07-31,1.7,1.7,1.7,1.7,0,13230,0
BANKNIFTY31JUL2548600PE.NFO,2025-07-31,10:53:00,2025-07-31,1.7,1.7,1.55,1.55,0,13090,0
BANKNIFTY31JUL2548600PE.NFO,2025-07-31,10:54:00,2025-07-31,1.55,1.65,1.55,1.65,245,13090,0
BANKNIFTY31JUL2548600PE.NFO,2025-07-31,10:55:00,2025-07-31,1.65,1.65,1.65,1.65,0,13090,0
BANKNIFTY31JUL2548600PE.NFO,2025-07-31,10:56:00,2025-07-31,1.65,1.65,1.65,1.65,0,13090,0
BANKNIFTY31JUL2548600PE.NFO,2025-07-31,10:57:00,2025-07-31,1.65,1.65,1.45,1.45,35,13090,0
BANKNIFTY31JUL2548600PE.NFO,2025-07-31,10:58:00,2025-07-31,1.45,1.45,1.45,1.45,0,13090,0
BANKNIFTY31JUL2548600PE.NFO,2025-07-31,10:59:00,2025-07-31,1.45,1.45,1.45,1.45,0,13090,0
BANKNIFTY31JUL2548600PE.NFO,2025-07-31,11:00:00,2025-07-31,1.45,1.45,1.45,1.45,0,13090,0
BANKNIFTY31JUL2548600PE.NFO,2025-07-31,11:01:00,2025-07-31,1.45,1.8,1.45,1.8,140,13090,0
BANKNIFTY31JUL2548600PE.NFO,2025-07-31,11:02:00,2025-07-31,1.8,1.8,1.8,1.8,0,13090,0
BANKNIFTY31JUL2548600PE.NFO,2025-07-31,11:03:00,2025-07-31,1.8,1.8,1.8,1.8,0,13090,0
BANKNIFTY31JUL2548600PE.NFO,2025-07-31,11:04:00,2025-07-31,1.8,1.8,1.8,1.8,0,13090,0
BANKNIFTY31JUL2548600PE.NFO,2025-07-31,11:05:00,2025-07-31,1.8,1.8,1.8,1.8,0,13090,0
BANKNIFTY31JUL2548600PE.NFO,2025-07-31,11:06:00,2025-07-31,1.8,1.8,1.8,1.8,0,13090,0
BANKNIFTY31JUL2548600PE.NFO,2025-07-31,11:07:00,2025-07-31,1.8,1.8,1.8,1.8,0,13090,0
BANKNIFTY31JUL2548600PE.NFO,2025-07-31,11:08:00,2025-07-31,1.45,1.45,1.4,1.4,455,13090,0
BANKNIFTY31JUL2548600PE.NFO,2025-07-31,11:09:00,2025-07-31,1.4,1.4,1.4,1.4,245,13090,0
BANKNIFTY31JUL2548600PE.NFO,2025-07-31,11:10:00,2025-07-31,1.4,1.4,1.4,1.4,0,13090,0
BANKNIFTY31JUL2548600PE.NFO,2025-07-31,11:11:00,2025-07-31,1.4,1.4,1.4,1.4,0,13090,0
BANKNIFTY31JUL2548600PE.NFO,2025-07-31,11:12:00,2025-07-31,1.4,1.4,1.4,1.4,0,13090,0
BANKNIFTY31JUL2548600PE.NFO,2025-07-31,11:13:00,2025-07-31,1.4,1.6,1.3,1.6,105,13090,0
BANKNIFTY31JUL2548600PE.NFO,2025-07-31,11:14:00,2025-07-31,1.6,1.6,1.6,1.6,0,13090,0
BANKNIFTY31JUL2548600PE.NFO,2025-07-31,11:15:00,2025-07-31,1.6,1.6,1.6,1.6,0,13090,0
BANKNIFTY31JUL2548600PE.NFO,2025-07-31,11:16:00,2025-07-31,1.2,1.6,1.2,1.6,70,13090,0
BANKNIFTY31JUL2548600PE.NFO,2025-07-31,11:17:00,2025-07-31,1.6,1.6,1.6,1.6,0,13090,0
BANKNIFTY31JUL2548600PE.NFO,2025-07-31,11:18:00,2025-07-31,1.6,1.6,1.6,1.6,0,13090,0
BANKNIFTY31JUL2548600PE.NFO,2025-07-31,11:19:00,2025-07-31,1.6,1.6,1.6,1.6,0,13090,0
BANKNIFTY31JUL2548600PE.NFO,2025-07-31,11:20:00,2025-07-31,1.6,1.6,0.3,0.3,9835,13020,0
BANKNIFTY31JUL2548600PE.NFO,2025-07-31,11:21:00,2025-07-31,0.3,1.05,0.3,1.0,3185,13020,0
BANKNIFTY31JUL2548600PE.NFO,2025-07-31,11:22:00,2025-07-31,1.0,1.0,1.0,1.0,0,7945,0
BANKNIFTY31JUL2548600PE.NFO,2025-07-31,11:23:00,2025-07-31,1.0,1.0,1.0,1.0,210,7945,0
BANKNIFTY31JUL2548600PE.NFO,2025-07-31,11:24:00,2025-07-31,1.0,1.0,0.8,0.8,35,7945,0
BANKNIFTY31JUL2548600PE.NFO,2025-07-31,11:25:00,2025-07-31,0.8,0.8,0.8,0.8,0,7945,0
BANKNIFTY31JUL2548600PE.NFO,2025-07-31,11:26:00,2025-07-31,0.8,1.0,0.8,1.0,350,7735,0
BANKNIFTY31JUL2548600PE.NFO,2025-07-31,11:27:00,2025-07-31,1.0,1.0,1.0,1.0,35,7735,0
BANKNIFTY31JUL2548600PE.NFO,2025-07-31,11:28:00,2025-07-31,1.0,1.0,1.0,1.0,1610,7735,0
BANKNIFTY31JUL2548600PE.NFO,2025-07-31,11:29:00,2025-07-31,1.0,1.0,1.0,1.0,0,7735,0
BANKNIFTY31JUL2548600PE.NFO,2025-07-31,11:30:00,2025-07-31,1.0,1.0,1.0,1.0,0,7735,0
BANKNIFTY31JUL2548600PE.NFO,2025-07-31,11:31:00,2025-07-31,1.0,1.0,1.0,1.0,70,6125,0
BANKNIFTY31JUL2548600PE.NFO,2025-07-31,11:32:00,2025-07-31,1.0,1.0,0.8,0.8,175,6125,0
BANKNIFTY31JUL2548600PE.NFO,2025-07-31,11:33:00,2025-07-31,0.8,0.8,0.8,0.8,0,6125,0
BANKNIFTY31JUL2548600PE.NFO,2025-07-31,11:34:00,2025-07-31,0.8,0.8,0.8,0.8,0,6125,0
BANKNIFTY31JUL2548600PE.NFO,2025-07-31,11:35:00,2025-07-31,0.8,1.0,0.8,1.0,35,6125,0
BANKNIFTY31JUL2548600PE.NFO,2025-07-31,11:36:00,2025-07-31,1.0,1.0,1.0,1.0,0,6125,0
BANKNIFTY31JUL2548600PE.NFO,2025-07-31,11:37:00,2025-07-31,1.0,1.0,1.0,1.0,0,6125,0
BANKNIFTY31JUL2548600PE.NFO,2025-07-31,11:38:00,2025-07-31,1.0,1.0,1.0,1.0,0,6125,0
BANKNIFTY31JUL2548600PE.NFO,2025-07-31,11:39:00,2025-07-31,1.0,1.0,1.0,1.0,0,6125,0
BANKNIFTY31JUL2548600PE.NFO,2025-07-31,11:40:00,2025-07-31,1.0,1.0,1.0,1.0,0,6125,0
BANKNIFTY31JUL2548600PE.NFO,2025-07-31,11:41:00,2025-07-31,1.0,1.0,1.0,1.0,0,6125,0
BANKNIFTY31JUL2548600PE.NFO,2025-07-31,11:42:00,2025-07-31,1.0,1.0,1.0,1.0,0,6125,0
BANKNIFTY31JUL2548600PE.NFO,2025-07-31,11:43:00,2025-07-31,1.0,1.0,0.95,0.95,1015,6090,0
BANKNIFTY31JUL2548600PE.NFO,2025-07-31,11:44:00,2025-07-31,0.95,1.0,0.95,1.0,770,6090,0
BANKNIFTY31JUL2548600PE.NFO,2025-07-31,11:45:00,2025-07-31,1.0,1.0,1.0,1.0,770,6090,0
BANKNIFTY31JUL2548600PE.NFO,2025-07-31,11:46:00,2025-07-31,1.0,1.7,1.0,1.1,1120,6405,0
BANKNIFTY31JUL2548600PE.NFO,2025-07-31,11:47:00,2025-07-31,1.1,1.25,1.1,1.25,1155,6405,0
BANKNIFTY31JUL2548600PE.NFO,2025-07-31,11:48:00,2025-07-31,1.25,1.25,0.95,0.95,245,6405,0
BANKNIFTY31JUL2548600PE.NFO,2025-07-31,11:49:00,2025-07-31,0.95,0.95,0.95,0.95,35,6440,0
BANKNIFTY31JUL2548600PE.NFO,2025-07-31,11:50:00,2025-07-31,0.95,1.1,0.95,1.1,245,6440,0
BANKNIFTY31JUL2548600PE.NFO,2025-07-31,11:51:00,2025-07-31,1.1,1.1,1.0,1.05,945,6440,0
BANKNIFTY31JUL2548600PE.NFO,2025-07-31,11:52:00,2025-07-31,1.05,1.05,0.95,1.05,210,5845,0
BANKNIFTY31JUL2548600PE.NFO,2025-07-31,11:53:00,2025-07-31,1.05,1.05,1.05,1.05,140,5845,0
BANKNIFTY31JUL2548600PE.NFO,2025-07-31,11:54:00,2025-07-31,1.05,1.05,0.95,0.95,105,5845,0
BANKNIFTY31JUL2548600PE.NFO,2025-07-31,11:55:00,2025-07-31,0.95,0.95,0.95,0.95,0,5845,0
BANKNIFTY31JUL2548600PE.NFO,2025-07-31,11:56:00,2025-07-31,0.95,0.95,0.95,0.95,0,5845,0
BANKNIFTY31JUL2548600PE.NFO,2025-07-31,11:57:00,2025-07-31,0.95,1.05,0.95,1.05,210,5740,0
BANKNIFTY31JUL2548600PE.NFO,2025-07-31,11:58:00,2025-07-31,1.05,1.05,1.0,1.0,70,5740,0
BANKNIFTY31JUL2548600PE.NFO,2025-07-31,11:59:00,2025-07-31,1.0,1.0,1.0,1.0,105,5740,0
BANKNIFTY31JUL2548600PE.NFO,2025-07-31,12:00:00,2025-07-31,1.0,1.1,1.0,1.1,350,5740,0
BANKNIFTY31JUL2548600PE.NFO,2025-07-31,12:01:00,2025-07-31,1.1,1.1,1.1,1.1,0,5740,0
BANKNIFTY31JUL2548600PE.NFO,2025-07-31,12:02:00,2025-07-31,1.1,1.1,1.1,1.1,0,5740,0
BANKNIFTY31JUL2548600PE.NFO,2025-07-31,12:03:00,2025-07-31,1.1,1.1,1.1,1.1,0,5740,0
BANKNIFTY31JUL2548600PE.NFO,2025-07-31,12:04:00,2025-07-31,1.1,1.1,1.1,1.1,0,5740,1
BANKNIFTY31JUL2548600PE.NFO,2025-07-31,12:05:00,2025-07-31,1.1,1.1,1.1,1.1,0,5740,0
BANKNIFTY31JUL2548600PE.NFO,2025-07-31,12:06:00,2025-07-31,1.1,1.1,1.05,1.05,35,5845,0
BANKNIFTY31JUL2548600PE.NFO,2025-07-31,12:07:00,2025-07-31,1.05,1.05,1.05,1.05,0,5845,0
BANKNIFTY31JUL2548600PE.NFO,2025-07-31,12:08:00,2025-07-31,1.05,1.05,1.05,1.05,0,5845,0
BANKNIFTY31JUL2548600PE.NFO,2025-07-31,12:09:00,2025-07-31,1.05,1.05,0.95,0.95,35,5845,0
BANKNIFTY31JUL2548600PE.NFO,2025-07-31,12:10:00,2025-07-31,0.95,0.95,0.95,0.95,0,5845,0
BANKNIFTY31JUL2548600PE.NFO,2025-07-31,12:11:00,2025-07-31,0.95,0.95,0.95,0.95,105,5845,0
BANKNIFTY31JUL2548600PE.NFO,2025-07-31,12:12:00,2025-07-31,0.95,1.0,0.95,1.0,0,5845,0
BANKNIFTY31JUL2548600PE.NFO,2025-07-31,12:13:00,2025-07-31,1.0,1.0,1.0,1.0,315,5845,0
BANKNIFTY31JUL2548600PE.NFO,2025-07-31,12:14:00,2025-07-31,1.05,1.05,1.05,1.05,280,5845,0
BANKNIFTY31JUL2548600PE.NFO,2025-07-31,12:15:00,2025-07-31,1.05,1.05,1.0,1.0,70,5845,0
BANKNIFTY31JUL2548600PE.NFO,2025-07-31,12:16:00,2025-07-31,1.0,1.05,0.9,0.9,140,6125,0
BANKNIFTY31JUL2548600PE.NFO,2025-07-31,12:17:00,2025-07-31,0.9,0.9,0.9,0.9,0,6125,0
BANKNIFTY31JUL2548600PE.NFO,2025-07-31,12:18:00,2025-07-31,0.9,0.9,0.9,0.9,0,6125,0
BANKNIFTY31JUL2548600PE.NFO,2025-07-31,12:19:00,2025-07-31,0.9,0.9,0.9,0.9,35,6125,0
BANKNIFTY31JUL2548600PE.NFO,2025-07-31,12:20:00,2025-07-31,0.9,0.9,0.9,0.9,0,6125,0
BANKNIFTY31JUL2548600PE.NFO,2025-07-31,12:21:00,2025-07-31,0.9,0.9,0.9,0.9,0,6125,0
BANKNIFTY31JUL2548600PE.NFO,2025-07-31,12:22:00,2025-07-31,0.9,0.9,0.9,0.9,0,6125,0
BANKNIFTY31JUL2548600PE.NFO,2025-07-31,12:23:00,2025-07-31,0.9,0.9,0.9,0.9,0,6125,0
BANKNIFTY31JUL2548600PE.NFO,2025-07-31,12:24:00,2025-07-31,1.05,1.05,1.05,1.05,140,6020,0
BANKNIFTY31JUL2548600PE.NFO,2025-07-31,12:25:00,2025-07-31,1.05,1.05,1.05,1.05,0,6020,0
BANKNIFTY31JUL2548600PE.NFO,2025-07-31,12:26:00,2025-07-31,1.05,1.05,1.05,1.05,315,6020,0
BANKNIFTY31JUL2548600PE.NFO,2025-07-31,12:27:00,2025-07-31,1.05,1.05,1.05,1.05,70,6020,0
BANKNIFTY31JUL2548600PE.NFO,2025-07-31,12:28:00,2025-07-31,1.05,1.15,1.0,1.15,350,6370,0
BANKNIFTY31JUL2548600PE.NFO,2025-07-31,12:29:00,2025-07-31,1.15,1.15,1.0,1.0,385,6370,0
BANKNIFTY31JUL2548600PE.NFO,2025-07-31,12:30:00,2025-07-31,1.0,1.0,1.0,1.0,0,6370,0
BANKNIFTY31JUL2548600PE.NFO,2025-07-31,12:31:00,2025-07-31,1.0,1.0,1.0,1.0,0,6370,0
BANKNIFTY31JUL2548600PE.NFO,2025-07-31,12:32:00,2025-07-31,1.0,1.0,1.0,1.0,0,6370,0
BANKNIFTY31JUL2548600PE.NFO,2025-07-31,12:33:00,2025-07-31,1.0,1.0,1.0,1.0,0,6370,0
BANKNIFTY31JUL2548600PE.NFO,2025-07-31,12:34:00,2025-07-31,1.0,1.2,1.0,1.0,1190,6300,0
BANKNIFTY31JUL2548600PE.NFO,2025-07-31,12:35:00,2025-07-31,1.0,1.2,1.0,1.05,105,6300,0
BANKNIFTY31JUL2548600PE.NFO,2025-07-31,12:36:00,2025-07-31,1.05,1.15,1.05,1.1,315,6300,0
BANKNIFTY31JUL2548600PE.NFO,2025-07-31,12:37:00,2025-07-31,1.1,1.1,0.9,0.9,245,6440,0
BANKNIFTY31JUL2548600PE.NFO,2025-07-31,12:38:00,2025-07-31,0.9,0.9,0.9,0.9,0,6440,0
BANKNIFTY31JUL2548600PE.NFO,2025-07-31,12:39:00,2025-07-31,0.9,0.9,0.9,0.9,0,6440,0
BANKNIFTY31JUL2548600PE.NFO,2025-07-31,12:40:00,2025-07-31,0.9,0.9,0.9,0.9,0,6440,0
BANKNIFTY31JUL2548600PE.NFO,2025-07-31,12:41:00,2025-07-31,0.9,0.9,0.9,0.9,0,6440,0
BANKNIFTY31JUL2548600PE.NFO,2025-07-31,12:42:00,2025-07-31,0.9,0.9,0.9,0.9,0,6440,0
BANKNIFTY31JUL2548600PE.NFO,2025-07-31,12:43:00,2025-07-31,0.9,0.9,0.9,0.9,0,6440,0
BANKNIFTY31JUL2548600PE.NFO,2025-07-31,12:44:00,2025-07-31,0.9,0.9,0.9,0.9,0,6440,0
BANKNIFTY31JUL2548600PE.NFO,2025-07-31,12:45:00,2025-07-31,0.9,0.9,0.9,0.9,0,6440,0
BANKNIFTY31JUL2548600PE.NFO,2025-07-31,12:46:00,2025-07-31,0.9,0.9,0.9,0.9,0,6440,0
BANKNIFTY31JUL2548600PE.NFO,2025-07-31,12:47:00,2025-07-31,0.9,0.9,0.9,0.9,0,6440,0
BANKNIFTY31JUL2548600PE.NFO,2025-07-31,12:48:00,2025-07-31,0.9,0.9,0.9,0.9,0,6440,0
BANKNIFTY31JUL2548600PE.NFO,2025-07-31,12:49:00,2025-07-31,0.9,0.9,0.9,0.9,0,6440,0
BANKNIFTY31JUL2548600PE.NFO,2025-07-31,12:50:00,2025-07-31,0.9,0.9,0.9,0.9,0,6440,0
BANKNIFTY31JUL2548600PE.NFO,2025-07-31,12:51:00,2025-07-31,0.9,0.9,0.9,0.9,0,6440,0
BANKNIFTY31JUL2548600PE.NFO,2025-07-31,12:52:00,2025-07-31,0.9,0.9,0.9,0.9,0,6440,0
BANKNIFTY31JUL2548600PE.NFO,2025-07-31,12:53:00,2025-07-31,0.9,0.9,0.9,0.9,0,6440,0
BANKNIFTY31JUL2548600PE.NFO,2025-07-31,12:54:00,2025-07-31,0.9,0.9,0.9,0.9,0,6440,0
BANKNIFTY31JUL2548600PE.NFO,2025-07-31,12:55:00,2025-07-31,0.9,0.9,0.9,0.9,0,6440,0
BANKNIFTY31JUL2548600PE.NFO,2025-07-31,12:56:00,2025-07-31,0.9,0.9,0.9,0.9,0,6440,1
BANKNIFTY31JUL2548600PE.NFO,2025-07-31,12:57:00,2025-07-31,0.9,0.9,0.9,0.9,35,6335,0
BANKNIFTY31JUL2548600PE.NFO,2025-07-31,12:58:00,2025-07-31,0.9,0.9,0.9,0.9,175,6300,0
BANKNIFTY31JUL2548600PE.NFO,2025-07-31,12:59:00,2025-07-31,0.9,0.9,0.9,0.9,0,6300,0
BANKNIFTY31JUL2548600PE.NFO,2025-07-31,13:00:00,2025-07-31,0.9,1.0,0.9,1.0,105,6300,0
BANKNIFTY31JUL2548600PE.NFO,2025-07-31,13:01:00,2025-07-31,1.0,1.0,1.0,1.0,0,6300,0
BANKNIFTY31JUL2548600PE.NFO,2025-07-31,13:02:00,2025-07-31,1.0,1.0,1.0,1.0,0,6300,0
BANKNIFTY31JUL2548600PE.NFO,2025-07-31,13:03:00,2025-07-31,1.0,1.0,1.0,1.0,0,6300,0
BANKNIFTY31JUL2548600PE.NFO,2025-07-31,13:04:00,2025-07-31,1.0,1.0,1.0,1.0,0,6300,0
BANKNIFTY31JUL2548600PE.NFO,2025-07-31,13:05:00,2025-07-31,1.0,1.0,1.0,1.0,0,6300,1
BANKNIFTY31JUL2548600PE.NFO,2025-07-31,13:06:00,2025-07-31,1.0,1.0,1.0,1.0,0,6300,0
BANKNIFTY31JUL2548600PE.NFO,2025-07-31,13:07:00,2025-07-31,1.0,1.0,1.0,1.0,0,6300,0
BANKNIFTY31JUL2548600PE.NFO,2025-07-31,13:08:00,2025-07-31,0.9,0.9,0.9,0.9,420,6090,0
BANKNIFTY31JUL2548600PE.NFO,2025-07-31,13:09:00,2025-07-31,0.9,0.9,0.9,0.9,0,6090,0
BANKNIFTY31JUL2548600PE.NFO,2025-07-31,13:10:00,2025-07-31,0.9,0.9,0.9,0.9,0,6090,0
BANKNIFTY31JUL2548600PE.NFO,2025-07-31,13:11:00,2025-07-31,0.9,0.9,0.9,0.9,0,6090,0
BANKNIFTY31JUL2548600PE.NFO,2025-07-31,13:12:00,2025-07-31,0.9,0.9,0.9,0.9,0,6090,0
BANKNIFTY31JUL2548600PE.NFO,2025-07-31,13:13:00,2025-07-31,0.9,1.05,0.9,1.05,315,6475,0
BANKNIFTY31JUL2548600PE.NFO,2025-07-31,13:14:00,2025-07-31,1.05,1.05,1.05,1.05,0,6475,0
BANKNIFTY31JUL2548600PE.NFO,2025-07-31,13:15:00,2025-07-31,1.05,1.05,1.05,1.05,0,6475,0
BANKNIFTY31JUL2548600PE.NFO,2025-07-31,13:16:00,2025-07-31,1.05,1.15,1.05,1.15,350,6020,0
BANKNIFTY31JUL2548600PE.NFO,2025-07-31,13:17:00,2025-07-31,1.15,1.15,1.15,1.15,315,6020,0
BANKNIFTY31JUL2548600PE.NFO,2025-07-31,13:18:00,2025-07-31,1.15,1.15,1.0,1.05,315,6020,0
BANKNIFTY31JUL2548600PE.NFO,2025-07-31,13:19:00,2025-07-31,1.05,1.05,1.05,1.05,1190,6615,0
BANKNIFTY31JUL2548600PE.NFO,2025-07-31,13:20:00,2025-07-31,1.05,1.05,1.05,1.05,0,6615,0
BANKNIFTY31JUL2548600PE.NFO,2025-07-31,13:21:00,2025-07-31,1.05,1.05,1.05,1.05,630,6615,0
BANKNIFTY31JUL2548600PE.NFO,2025-07-31,13:22:00,2025-07-31,1.05,1.15,1.05,1.15,315,7525,0
BANKNIFTY31JUL2548600PE.NFO,2025-07-31,13:23:00,2025-07-31,1.15,1.15,1.05,1.05,140,7525,0
BANKNIFTY31JUL2548600PE.NFO,2025-07-31,13:24:00,2025-07-31,1.05,1.1,1.05,1.05,665,7525,0
BANKNIFTY31JUL2548600PE.NFO,2025-07-31,13:25:00,2025-07-31,1.05,1.05,1.05,1.05,770,8190,0
BANKNIFTY31JUL2548600PE.NFO,2025-07-31,13:26:00,2025-07-31,1.05,1.05,1.05,1.05,280,8190,0
BANKNIFTY31JUL2548600PE.NFO,2025-07-31,13:27:00,2025-07-31,1.05,1.05,1.05,1.05,0,8190,0
BANKNIFTY31JUL2548600PE.NFO,2025-07-31,13:28:00,2025-07-31,1.05,1.05,1.05,1.05,0,8190,0
BANKNIFTY31JUL2548600PE.NFO,2025-07-31,13:29:00,2025-07-31,1.05,1.05,1.0,1.0,140,8330,0
BANKNIFTY31JUL2548600PE.NFO,2025-07-31,13:30:00,2025-07-31,1.0,1.05,1.0,1.05,175,8330,0
BANKNIFTY31JUL2548600PE.NFO,2025-07-31,13:31:00,2025-07-31,1.05,1.2,1.05,1.2,350,8330,0
BANKNIFTY31JUL2548600PE.NFO,2025-07-31,13:32:00,2025-07-31,1.2,1.2,1.2,1.2,0,8330,0
BANKNIFTY31JUL2548600PE.NFO,2025-07-31,13:33:00,2025-07-31,1.2,1.2,1.15,1.15,280,8330,0
BANKNIFTY31JUL2548600PE.NFO,2025-07-31,13:34:00,2025-07-31,1.15,1.35,1.15,1.35,210,8330,0
BANKNIFTY31JUL2548600PE.NFO,2025-07-31,13:35:00,2025-07-31,1.35,1.35,1.25,1.25,35,8365,0
BANKNIFTY31JUL2548600PE.NFO,2025-07-31,13:36:00,2025-07-31,1.25,1.25,1.25,1.25,0,8365,0
BANKNIFTY31JUL2548600PE.NFO,2025-07-31,13:37:00,2025-07-31,1.25,1.25,1.25,1.25,0,8365,0
BANKNIFTY31JUL2548600PE.NFO,2025-07-31,13:38:00,2025-07-31,1.25,1.25,1.25,1.25,0,8365,0
BANKNIFTY31JUL2548600PE.NFO,2025-07-31,13:39:00,2025-07-31,1.25,1.25,1.25,1.25,0,8365,0
BANKNIFTY31JUL2548600PE.NFO,2025-07-31,13:40:00,2025-07-31,1.25,1.25,1.25,1.25,0,8365,1
BANKNIFTY31JUL2548600PE.NFO,2025-07-31,13:41:00,2025-07-31,1.25,1.25,1.25,1.25,0,8365,1
BANKNIFTY31JUL2548600PE.NFO,2025-07-31,13:42:00,2025-07-31,1.25,1.25,1.15,1.15,560,8330,0
BANKNIFTY31JUL2548600PE.NFO,2025-07-31,13:43:00,2025-07-31,1.15,1.15,0.9,0.9,0,8330,0
BANKNIFTY31JUL2548600PE.NFO,2025-07-31,13:44:00,2025-07-31,0.9,0.95,0.9,0.95,490,8330,0
BANKNIFTY31JUL2548600PE.NFO,2025-07-31,13:45:00,2025-07-31,0.95,0.95,0.95,0.95,0,8330,0
BANKNIFTY31JUL2548600PE.NFO,2025-07-31,13:46:00,2025-07-31,0.95,2.25,0.95,1.1,1085,8330,0
BANKNIFTY31JUL2548600PE.NFO,2025-07-31,13:47:00,2025-07-31,1.1,1.1,1.1,1.1,0,8330,0
BANKNIFTY31JUL2548600PE.NFO,2025-07-31,13:48:00,2025-07-31,1.1,1.1,1.0,1.0,350,8750,0
BANKNIFTY31JUL2548600PE.NFO,2025-07-31,13:49:00,2025-07-31,1.0,1.0,1.0,1.0,245,8680,0
BANKNIFTY31JUL2548600PE.NFO,2025-07-31,13:50:00,2025-07-31,1.0,1.0,1.0,1.0,0,8680,0
BANKNIFTY31JUL2548600PE.NFO,2025-07-31,13:51:00,2025-07-31,1.0,1.0,1.0,1.0,0,8680,0
BANKNIFTY31JUL2548600PE.NFO,2025-07-31,13:52:00,2025-07-31,1.0,1.0,1.0,1.0,0,8680,0
BANKNIFTY31JUL2548600PE.NFO,2025-07-31,13:53:00,2025-07-31,1.0,1.0,1.0,1.0,0,8680,0
BANKNIFTY31JUL2548600PE.NFO,2025-07-31,13:54:00,2025-07-31,0.9,0.9,0.9,0.9,210,8680,0
BANKNIFTY31JUL2548600PE.NFO,2025-07-31,13:55:00,2025-07-31,0.9,0.9,0.9,0.9,0,8680,0
BANKNIFTY31JUL2548600PE.NFO,2025-07-31,13:56:00,2025-07-31,0.9,0.9,0.9,0.9,0,8680,0
BANKNIFTY31JUL2548600PE.NFO,2025-07-31,13:57:00,2025-07-31,0.9,0.9,0.9,0.9,0,8680,0
BANKNIFTY31JUL2548600PE.NFO,2025-07-31,13:58:00,2025-07-31,0.9,1.0,0.9,1.0,70,8470,0
BANKNIFTY31JUL2548600PE.NFO,2025-07-31,13:59:00,2025-07-31,1.0,1.0,1.0,1.0,0,8470,0
BANKNIFTY31JUL2548600PE.NFO,2025-07-31,14:00:00,2025-07-31,1.0,1.0,1.0,1.0,0,8470,0
BANKNIFTY31JUL2548600PE.NFO,2025-07-31,14:01:00,2025-07-31,1.0,1.0,1.0,1.0,0,8470,0
BANKNIFTY31JUL2548600PE.NFO,2025-07-31,14:02:00,2025-07-31,0.8,0.8,0.8,0.8,35,8470,0
BANKNIFTY31JUL2548600PE.NFO,2025-07-31,14:03:00,2025-07-31,0.8,0.8,0.8,0.8,0,8470,0
BANKNIFTY31JUL2548600PE.NFO,2025-07-31,14:04:00,2025-07-31,0.8,0.8,0.8,0.8,0,8470,0
BANKNIFTY31JUL2548600PE.NFO,2025-07-31,14:05:00,2025-07-31,0.8,0.8,0.8,0.8,0,8470,0
BANKNIFTY31JUL2548600PE.NFO,2025-07-31,14:06:00,2025-07-31,0.8,0.8,0.8,0.8,0,8470,0
BANKNIFTY31JUL2548600PE.NFO,2025-07-31,14:07:00,2025-07-31,0.8,0.8,0.8,0.8,0,8470,0
BANKNIFTY31JUL2548600PE.NFO,2025-07-31,14:08:00,2025-07-31,0.8,0.9,0.8,0.9,140,8470,0
BANKNIFTY31JUL2548600PE.NFO,2025-07-31,14:09:00,2025-07-31,0.9,0.9,0.9,0.9,0,8470,0
BANKNIFTY31JUL2548600PE.NFO,2025-07-31,14:10:00,2025-07-31,0.9,0.9,0.9,0.9,0,8470,0
BANKNIFTY31JUL2548600PE.NFO,2025-07-31,14:11:00,2025-07-31,0.9,0.9,0.9,0.9,0,8470,0
BANKNIFTY31JUL2548600PE.NFO,2025-07-31,14:12:00,2025-07-31,0.9,0.9,0.9,0.9,0,8470,0
BANKNIFTY31JUL2548600PE.NFO,2025-07-31,14:13:00,2025-07-31,0.9,0.9,0.9,0.9,0,8470,0
BANKNIFTY31JUL2548600PE.NFO,2025-07-31,14:14:00,2025-07-31,0.9,0.9,0.9,0.9,0,8470,1
BANKNIFTY31JUL2548600PE.NFO,2025-07-31,14:15:00,2025-07-31,0.9,0.9,0.9,0.9,0,8470,0
BANKNIFTY31JUL2548600PE.NFO,2025-07-31,14:16:00,2025-07-31,0.9,0.9,0.7,0.7,175,8470,0
BANKNIFTY31JUL2548600PE.NFO,2025-07-31,14:17:00,2025-07-31,0.7,0.7,0.7,0.7,0,8470,0
BANKNIFTY31JUL2548600PE.NFO,2025-07-31,14:18:00,2025-07-31,0.7,0.7,0.7,0.7,0,8470,0
BANKNIFTY31JUL2548600PE.NFO,2025-07-31,14:19:00,2025-07-31,0.7,0.7,0.7,0.7,0,8470,0
BANKNIFTY31JUL2548600PE.NFO,2025-07-31,14:20:00,2025-07-31,0.7,0.7,0.7,0.7,0,8470,0
BANKNIFTY31JUL2548600PE.NFO,2025-07-31,14:21:00,2025-07-31,0.7,0.7,0.7,0.7,0,8470,0
BANKNIFTY31JUL2548600PE.NFO,2025-07-31,14:22:00,2025-07-31,0.7,0.7,0.7,0.7,0,8470,1
BANKNIFTY31JUL2548600PE.NFO,2025-07-31,14:23:00,2025-07-31,0.7,0.7,0.7,0.7,0,8470,0
BANKNIFTY31JUL2548600PE.NFO,2025-07-31,14:24:00,2025-07-31,0.7,0.7,0.7,0.7,0,8470,0
BANKNIFTY31JUL2548600PE.NFO,2025-07-31,14:25:00,2025-07-31,0.7,0.7,0.5,0.5,735,8295,0
BANKNIFTY31JUL2548600PE.NFO,2025-07-31,14:26:00,2025-07-31,0.5,0.5,0.5,0.5,0,8295,0
BANKNIFTY31JUL2548600PE.NFO,2025-07-31,14:27:00,2025-07-31,0.5,0.5,0.5,0.5,0,8295,0
BANKNIFTY31JUL2548600PE.NFO,2025-07-31,14:28:00,2025-07-31,0.5,0.5,0.5,0.5,0,8295,0
BANKNIFTY31JUL2548600PE.NFO,2025-07-31,14:29:00,2025-07-31,0.5,0.55,0.5,0.5,70,7770,0
BANKNIFTY31JUL2548600PE.NFO,2025-07-31,14:30:00,2025-07-31,0.5,0.5,0.45,0.45,105,7770,0
BANKNIFTY31JUL2548600PE.NFO,2025-07-31,14:31:00,2025-07-31,0.45,0.45,0.45,0.45,0,7770,0
BANKNIFTY31JUL2548600PE.NFO,2025-07-31,14:32:00,2025-07-31,0.45,0.45,0.45,0.45,0,7770,0
BANKNIFTY31JUL2548600PE.NFO,2025-07-31,14:33:00,2025-07-31,0.45,0.45,0.45,0.45,0,7770,0
BANKNIFTY31JUL2548600PE.NFO,2025-07-31,14:34:00,2025-07-31,0.45,0.45,0.45,0.45,0,7770,0
BANKNIFTY31JUL2548600PE.NFO,2025-07-31,14:35:00,2025-07-31,0.45,0.45,0.45,0.45,0,7770,0
BANKNIFTY31JUL2548600PE.NFO,2025-07-31,14:36:00,2025-07-31,0.45,0.45,0.45,0.45,0,7770,0
BANKNIFTY31JUL2548600PE.NFO,2025-07-31,14:37:00,2025-07-31,0.45,0.45,0.45,0.45,0,7770,0
BANKNIFTY31JUL2548600PE.NFO,2025-07-31,14:38:00,2025-07-31,0.45,0.45,0.45,0.45,0,7770,0
BANKNIFTY31JUL2548600PE.NFO,2025-07-31,14:39:00,2025-07-31,0.4,0.4,0.4,0.4,70,7770,0
BANKNIFTY31JUL2548600PE.NFO,2025-07-31,14:40:00,2025-07-31,0.4,0.4,0.4,0.4,0,7770,0
BANKNIFTY31JUL2548600PE.NFO,2025-07-31,14:41:00,2025-07-31,0.4,0.4,0.4,0.4,0,7770,0
BANKNIFTY31JUL2548600PE.NFO,2025-07-31,14:42:00,2025-07-31,0.4,0.4,0.4,0.4,0,7770,0
BANKNIFTY31JUL2548600PE.NFO,2025-07-31,14:43:00,2025-07-31,0.4,0.4,0.4,0.4,0,7770,1
BANKNIFTY31JUL2548600PE.NFO,2025-07-31,14:44:00,2025-07-31,0.4,0.4,0.3,0.3,910,7700,0
BANKNIFTY31JUL2548600PE.NFO,2025-07-31,14:45:00,2025-07-31,0.3,0.3,0.3,0.3,0,7700,0
BANKNIFTY31JUL2548600PE.NFO,2025-07-31,14:46:00,2025-07-31,0.3,0.3,0.3,0.3,0,7700,0
BANKNIFTY31JUL2548600PE.NFO,2025-07-31,14:47:00,2025-07-31,0.2,0.3,0.2,0.3,735,7700,0
BANKNIFTY31JUL2548600PE.NFO,2025-07-31,14:48:00,2025-07-31,0.3,0.3,0.3,0.3,0,7700,0
BANKNIFTY31JUL2548600PE.NFO,2025-07-31,14:49:00,2025-07-31,0.3,0.3,0.3,0.3,0,7700,0
BANKNIFTY31JUL2548600PE.NFO,2025-07-31,14:50:00,2025-07-31,0.3,0.3,0.3,0.3,0,7700,1
BANKNIFTY31JUL2548600PE.NFO,2025-07-31,14:51:00,2025-07-31,0.3,0.3,0.3,0.3,0,7700,1
BANKNIFTY31JUL2548600PE.NFO,2025-07-31,14:52:00,2025-07-31,0.3,0.3,0.3,0.3,0,7700,0
BANKNIFTY31JUL2548600PE.NFO,2025-07-31,14:53:00,2025-07-31,0.3,0.3,0.3,0.3,0,7700,1
BANKNIFTY31JUL2548600PE.NFO,2025-07-31,14:54:00,2025-07-31,0.3,0.3,0.3,0.3,0,7700,1
BANKNIFTY31JUL2548600PE.NFO,2025-07-31,14:55:00,2025-07-31,0.3,0.3,0.3,0.3,0,7700,0
BANKNIFTY31JUL2548600PE.NFO,2025-07-31,14:56:00,2025-07-31,0.3,0.3,0.3,0.3,0,7700,1
BANKNIFTY31JUL2548600PE.NFO,2025-07-31,14:57:00,2025-07-31,0.3,0.3,0.3,0.3,0,7700,1
BANKNIFTY31JUL2548600PE.NFO,2025-07-31,14:58:00,2025-07-31,0.3,0.3,0.3,0.3,0,7700,0
BANKNIFTY31JUL2548600PE.NFO,2025-07-31,14:59:00,2025-07-31,0.3,0.3,0.3,0.3,0,7700,0
BANKNIFTY31JUL2548600PE.NFO,2025-07-31,15:00:00,2025-07-31,0.3,0.3,0.3,0.3,0,7700,0
BANKNIFTY31JUL2548600PE.NFO,2025-07-31,15:01:00,2025-07-31,0.2,0.2,0.2,0.2,490,7630,0
BANKNIFTY31JUL2548600PE.NFO,2025-07-31,15:02:00,2025-07-31,0.2,0.2,0.2,0.2,0,7630,0
BANKNIFTY31JUL2548600PE.NFO,2025-07-31,15:03:00,2025-07-31,0.2,0.9,0.2,0.9,0,7630,0
BANKNIFTY31JUL2548600PE.NFO,2025-07-31,15:04:00,2025-07-31,0.9,0.9,0.9,0.9,315,7630,0
BANKNIFTY31JUL2548600PE.NFO,2025-07-31,15:05:00,2025-07-31,0.9,0.9,0.9,0.9,315,7630,1
BANKNIFTY31JUL2548600PE.NFO,2025-07-31,15:06:00,2025-07-31,0.9,0.9,0.9,0.9,0,7630,0
BANKNIFTY31JUL2548600PE.NFO,2025-07-31,15:07:00,2025-07-31,0.9,0.9,0.9,0.9,0,7630,0
BANKNIFTY31JUL2548600PE.NFO,2025-07-31,15:08:00,2025-07-31,0.9,0.9,0.9,0.9,0,7630,1
BANKNIFTY31JUL2548600PE.NFO,2025-07-31,15:09:00,2025-07-31,0.9,0.9,0.9,0.9,0,7630,0
BANKNIFTY31JUL2548600PE.NFO,2025-07-31,15:10:00,2025-07-31,0.9,0.9,0.9,0.9,0,7630,1
BANKNIFTY31JUL2548600PE.NFO,2025-07-31,15:11:00,2025-07-31,0.9,0.9,0.9,0.9,0,7630,0
BANKNIFTY31JUL2548600PE.NFO,2025-07-31,15:12:00,2025-07-31,0.9,0.9,0.9,0.9,0,7630,0
BANKNIFTY31JUL2548600PE.NFO,2025-07-31,15:13:00,2025-07-31,0.9,0.9,0.9,0.9,0,7630,0
BANKNIFTY31JUL2548600PE.NFO,2025-07-31,15:14:00,2025-07-31,0.9,0.9,0.9,0.9,0,7630,0
BANKNIFTY31JUL2548600PE.NFO,2025-07-31,15:15:00,2025-07-31,0.9,0.9,0.9,0.9,0,7630,0
BANKNIFTY31JUL2548600PE.NFO,2025-07-31,15:16:00,2025-07-31,0.9,0.9,0.9,0.9,0,7630,0
BANKNIFTY31JUL2548600PE.NFO,2025-07-31,15:17:00,2025-07-31,0.9,0.9,0.1,0.1,70,7280,0
BANKNIFTY31JUL2548600PE.NFO,2025-07-31,15:18:00,2025-07-31,0.1,0.4,0.1,0.4,245,7280,0
BANKNIFTY31JUL2548600PE.NFO,2025-07-31,15:19:00,2025-07-31,0.4,0.4,0.4,0.4,0,7280,0
BANKNIFTY31JUL2548600PE.NFO,2025-07-31,15:20:00,2025-07-31,0.4,0.4,0.4,0.4,0,7280,0
BANKNIFTY31JUL2548600PE.NFO,2025-07-31,15:21:00,2025-07-31,0.4,0.4,0.1,0.1,70,7140,0
BANKNIFTY31JUL2548600PE.NFO,2025-07-31,15:22:00,2025-07-31,0.1,0.1,0.1,0.1,0,7140,0
BANKNIFTY31JUL2548600PE.NFO,2025-07-31,15:23:00,2025-07-31,0.1,0.1,0.1,0.1,0,7140,0
BANKNIFTY31JUL2548600PE.NFO,2025-07-31,15:24:00,2025-07-31,0.1,0.1,0.1,0.1,0,7140,0
BANKNIFTY31JUL2548600PE.NFO,2025-07-31,15:25:00,2025-07-31,0.1,0.1,0.05,0.05,1505,7210,0
BANKNIFTY31JUL2548600PE.NFO,2025-07-31,15:26:00,2025-07-31,0.15,0.15,0.15,0.15,140,6755,0
BANKNIFTY31JUL2548600PE.NFO,2025-07-31,15:27:00,2025-07-31,0.15,0.15,0.15,0.15,0,6755,0
BANKNIFTY31JUL2548600PE.NFO,2025-07-31,15:28:00,2025-07-31,0.15,0.15,0.15,0.15,350,6755,0
BANKNIFTY31JUL2548600PE.NFO,2025-07-31,15:29:00,2025-07-31,0.15,0.15,0.15,0.15,245,6755,0
BANKNIFTY31JUL2548600PE.NFO,2025-07-31,15:30:00,2025-07-31,0.15,0.15,0.15,0.15,245,6755,1
