Ticker,Date,Time,Expiry Date,Open,High,Low,Close,Volume,Open Interest,Padding Flag
BANKNIFTY29MAY2546100PE.NFO,2025-05-12,09:15:00,2025-05-29,17.25,17.25,17.25,17.25,0,0,1
BANKNIFTY29MAY2546100PE.NFO,2025-05-12,09:16:00,2025-05-29,17.25,17.25,17.25,17.25,0,0,1
BANKNIFTY29MAY2546100PE.NFO,2025-05-12,09:17:00,2025-05-29,17.25,17.25,17.25,17.25,0,0,1
BANKNIFTY29MAY2546100PE.NFO,2025-05-12,09:18:00,2025-05-29,17.25,17.25,17.25,17.25,0,0,1
BANKNIFTY29MAY2546100PE.NFO,2025-05-12,09:19:00,2025-05-29,17.25,17.25,17.25,17.25,0,0,1
BANKNIFTY29MAY2546100PE.NFO,2025-05-12,09:20:00,2025-05-29,17.25,17.25,17.25,17.25,0,0,1
BANKNIFTY29MAY2546100PE.NFO,2025-05-12,09:21:00,2025-05-29,17.25,17.25,17.25,17.25,0,0,1
BANKNIFTY29MAY2546100PE.NFO,2025-05-12,09:22:00,2025-05-29,17.25,17.25,17.25,17.25,0,0,1
BANKNIFTY29MAY2546100PE.NFO,2025-05-12,09:23:00,2025-05-29,17.25,17.25,17.25,17.25,0,0,1
BANKNIFTY29MAY2546100PE.NFO,2025-05-12,09:24:00,2025-05-29,17.25,17.25,17.25,17.25,0,0,1
BANKNIFTY29MAY2546100PE.NFO,2025-05-12,09:25:00,2025-05-29,17.25,17.25,17.25,17.25,0,0,1
BANKNIFTY29MAY2546100PE.NFO,2025-05-12,09:26:00,2025-05-29,17.25,17.25,17.25,17.25,0,0,1
BANKNIFTY29MAY2546100PE.NFO,2025-05-12,09:27:00,2025-05-29,17.25,17.25,17.25,17.25,0,0,1
BANKNIFTY29MAY2546100PE.NFO,2025-05-12,09:28:00,2025-05-29,17.25,17.25,17.25,17.25,0,0,1
BANKNIFTY29MAY2546100PE.NFO,2025-05-12,09:29:00,2025-05-29,17.25,17.25,17.25,17.25,0,0,1
BANKNIFTY29MAY2546100PE.NFO,2025-05-12,09:30:00,2025-05-29,17.25,17.25,17.25,17.25,0,0,1
BANKNIFTY29MAY2546100PE.NFO,2025-05-12,09:31:00,2025-05-29,17.25,17.25,17.25,17.25,0,0,1
BANKNIFTY29MAY2546100PE.NFO,2025-05-12,09:32:00,2025-05-29,17.25,17.25,17.25,17.25,0,0,1
BANKNIFTY29MAY2546100PE.NFO,2025-05-12,09:33:00,2025-05-29,17.25,17.25,17.25,17.25,0,0,1
BANKNIFTY29MAY2546100PE.NFO,2025-05-12,09:34:00,2025-05-29,17.25,17.25,17.25,17.25,0,0,1
BANKNIFTY29MAY2546100PE.NFO,2025-05-12,09:35:00,2025-05-29,17.25,17.25,17.25,17.25,0,0,1
BANKNIFTY29MAY2546100PE.NFO,2025-05-12,09:36:00,2025-05-29,17.25,17.25,17.25,17.25,0,0,1
BANKNIFTY29MAY2546100PE.NFO,2025-05-12,09:37:00,2025-05-29,17.25,17.25,17.25,17.25,0,0,1
BANKNIFTY29MAY2546100PE.NFO,2025-05-12,09:38:00,2025-05-29,17.25,17.25,17.25,17.25,0,0,1
BANKNIFTY29MAY2546100PE.NFO,2025-05-12,09:39:00,2025-05-29,17.25,17.25,17.25,17.25,0,0,1
BANKNIFTY29MAY2546100PE.NFO,2025-05-12,09:40:00,2025-05-29,17.25,17.25,17.25,17.25,0,0,1
BANKNIFTY29MAY2546100PE.NFO,2025-05-12,09:41:00,2025-05-29,17.25,17.25,17.25,17.25,0,0,1
BANKNIFTY29MAY2546100PE.NFO,2025-05-12,09:42:00,2025-05-29,17.25,17.25,17.25,17.25,0,0,1
BANKNIFTY29MAY2546100PE.NFO,2025-05-12,09:43:00,2025-05-29,17.25,17.25,17.25,17.25,0,0,1
BANKNIFTY29MAY2546100PE.NFO,2025-05-12,09:44:00,2025-05-29,17.25,17.25,17.25,17.25,0,0,1
BANKNIFTY29MAY2546100PE.NFO,2025-05-12,09:45:00,2025-05-29,17.25,17.25,17.25,17.25,0,0,1
BANKNIFTY29MAY2546100PE.NFO,2025-05-12,09:46:00,2025-05-29,17.25,17.25,17.25,17.25,0,0,1
BANKNIFTY29MAY2546100PE.NFO,2025-05-12,09:47:00,2025-05-29,17.25,17.25,17.25,17.25,0,0,1
BANKNIFTY29MAY2546100PE.NFO,2025-05-12,09:48:00,2025-05-29,17.25,17.25,17.25,17.25,0,0,1
BANKNIFTY29MAY2546100PE.NFO,2025-05-12,09:49:00,2025-05-29,17.25,17.25,17.25,17.25,0,0,1
BANKNIFTY29MAY2546100PE.NFO,2025-05-12,09:50:00,2025-05-29,17.25,17.25,17.25,17.25,0,0,1
BANKNIFTY29MAY2546100PE.NFO,2025-05-12,09:51:00,2025-05-29,17.25,17.25,17.25,17.25,0,0,1
BANKNIFTY29MAY2546100PE.NFO,2025-05-12,09:52:00,2025-05-29,17.25,17.25,17.25,17.25,0,0,1
BANKNIFTY29MAY2546100PE.NFO,2025-05-12,09:53:00,2025-05-29,17.25,17.25,17.25,17.25,0,0,1
BANKNIFTY29MAY2546100PE.NFO,2025-05-12,09:54:00,2025-05-29,17.25,17.25,17.25,17.25,0,0,1
BANKNIFTY29MAY2546100PE.NFO,2025-05-12,09:55:00,2025-05-29,17.25,17.25,17.25,17.25,0,0,1
BANKNIFTY29MAY2546100PE.NFO,2025-05-12,09:56:00,2025-05-29,17.25,17.25,17.25,17.25,0,0,1
BANKNIFTY29MAY2546100PE.NFO,2025-05-12,09:57:00,2025-05-29,17.25,17.25,17.25,17.25,0,0,1
BANKNIFTY29MAY2546100PE.NFO,2025-05-12,09:58:00,2025-05-29,17.25,17.25,17.25,17.25,0,0,1
BANKNIFTY29MAY2546100PE.NFO,2025-05-12,09:59:00,2025-05-29,17.25,17.25,17.25,17.25,0,0,1
BANKNIFTY29MAY2546100PE.NFO,2025-05-12,10:00:00,2025-05-29,17.25,17.25,17.25,17.25,0,0,1
BANKNIFTY29MAY2546100PE.NFO,2025-05-12,10:01:00,2025-05-29,17.25,17.25,17.25,17.25,0,0,1
BANKNIFTY29MAY2546100PE.NFO,2025-05-12,10:02:00,2025-05-29,17.25,17.25,17.25,17.25,0,0,1
BANKNIFTY29MAY2546100PE.NFO,2025-05-12,10:03:00,2025-05-29,17.25,17.25,17.25,17.25,0,0,1
BANKNIFTY29MAY2546100PE.NFO,2025-05-12,10:04:00,2025-05-29,17.25,17.25,17.25,17.25,0,0,1
BANKNIFTY29MAY2546100PE.NFO,2025-05-12,10:05:00,2025-05-29,17.25,17.25,17.25,17.25,0,0,1
BANKNIFTY29MAY2546100PE.NFO,2025-05-12,10:06:00,2025-05-29,17.25,17.25,17.25,17.25,0,0,1
BANKNIFTY29MAY2546100PE.NFO,2025-05-12,10:07:00,2025-05-29,17.25,17.25,17.25,17.25,0,0,1
BANKNIFTY29MAY2546100PE.NFO,2025-05-12,10:08:00,2025-05-29,17.25,17.25,17.25,17.25,0,0,1
BANKNIFTY29MAY2546100PE.NFO,2025-05-12,10:09:00,2025-05-29,17.25,17.25,17.25,17.25,0,0,1
BANKNIFTY29MAY2546100PE.NFO,2025-05-12,10:10:00,2025-05-29,17.25,17.25,17.25,17.25,0,0,1
BANKNIFTY29MAY2546100PE.NFO,2025-05-12,10:11:00,2025-05-29,17.25,17.25,17.25,17.25,0,0,1
BANKNIFTY29MAY2546100PE.NFO,2025-05-12,10:12:00,2025-05-29,17.25,17.25,17.25,17.25,0,0,1
BANKNIFTY29MAY2546100PE.NFO,2025-05-12,10:13:00,2025-05-29,17.25,17.25,17.25,17.25,0,0,1
BANKNIFTY29MAY2546100PE.NFO,2025-05-12,10:14:00,2025-05-29,17.25,17.25,17.25,17.25,0,0,1
BANKNIFTY29MAY2546100PE.NFO,2025-05-12,10:15:00,2025-05-29,17.25,17.25,17.25,17.25,0,0,1
BANKNIFTY29MAY2546100PE.NFO,2025-05-12,10:16:00,2025-05-29,17.25,17.25,17.25,17.25,0,0,1
BANKNIFTY29MAY2546100PE.NFO,2025-05-12,10:17:00,2025-05-29,17.25,17.25,17.25,17.25,0,0,1
BANKNIFTY29MAY2546100PE.NFO,2025-05-12,10:18:00,2025-05-29,17.25,17.25,17.25,17.25,0,0,1
BANKNIFTY29MAY2546100PE.NFO,2025-05-12,10:19:00,2025-05-29,17.25,17.25,17.25,17.25,0,0,1
BANKNIFTY29MAY2546100PE.NFO,2025-05-12,10:20:00,2025-05-29,17.25,17.25,17.25,17.25,0,0,1
BANKNIFTY29MAY2546100PE.NFO,2025-05-12,10:21:00,2025-05-29,17.25,17.25,17.25,17.25,0,0,1
BANKNIFTY29MAY2546100PE.NFO,2025-05-12,10:22:00,2025-05-29,17.25,17.25,17.25,17.25,0,0,1
BANKNIFTY29MAY2546100PE.NFO,2025-05-12,10:23:00,2025-05-29,17.25,17.25,17.25,17.25,0,0,1
BANKNIFTY29MAY2546100PE.NFO,2025-05-12,10:24:00,2025-05-29,17.25,17.25,17.25,17.25,0,0,1
BANKNIFTY29MAY2546100PE.NFO,2025-05-12,10:25:00,2025-05-29,17.25,17.25,17.25,17.25,0,0,1
BANKNIFTY29MAY2546100PE.NFO,2025-05-12,10:26:00,2025-05-29,17.25,17.25,17.25,17.25,0,0,1
BANKNIFTY29MAY2546100PE.NFO,2025-05-12,10:27:00,2025-05-29,17.25,17.25,17.25,17.25,0,0,1
BANKNIFTY29MAY2546100PE.NFO,2025-05-12,10:28:00,2025-05-29,17.25,17.25,17.25,17.25,0,0,1
BANKNIFTY29MAY2546100PE.NFO,2025-05-12,10:29:00,2025-05-29,17.25,17.25,17.25,17.25,0,0,1
BANKNIFTY29MAY2546100PE.NFO,2025-05-12,10:30:00,2025-05-29,17.25,17.25,17.25,17.25,0,0,1
BANKNIFTY29MAY2546100PE.NFO,2025-05-12,10:31:00,2025-05-29,17.25,17.25,17.25,17.25,0,0,1
BANKNIFTY29MAY2546100PE.NFO,2025-05-12,10:32:00,2025-05-29,17.25,17.25,17.25,17.25,0,0,1
BANKNIFTY29MAY2546100PE.NFO,2025-05-12,10:33:00,2025-05-29,17.25,17.25,17.25,17.25,0,0,1
BANKNIFTY29MAY2546100PE.NFO,2025-05-12,10:34:00,2025-05-29,17.25,17.25,17.25,17.25,0,0,1
BANKNIFTY29MAY2546100PE.NFO,2025-05-12,10:35:00,2025-05-29,17.25,17.25,17.25,17.25,0,0,1
BANKNIFTY29MAY2546100PE.NFO,2025-05-12,10:36:00,2025-05-29,17.25,17.25,17.25,17.25,0,0,1
BANKNIFTY29MAY2546100PE.NFO,2025-05-12,10:37:00,2025-05-29,17.25,17.25,17.25,17.25,0,0,1
BANKNIFTY29MAY2546100PE.NFO,2025-05-12,10:38:00,2025-05-29,17.25,17.25,17.25,17.25,0,0,1
BANKNIFTY29MAY2546100PE.NFO,2025-05-12,10:39:00,2025-05-29,17.25,17.25,17.25,17.25,0,0,1
BANKNIFTY29MAY2546100PE.NFO,2025-05-12,10:40:00,2025-05-29,17.25,17.25,17.25,17.25,0,0,1
BANKNIFTY29MAY2546100PE.NFO,2025-05-12,10:41:00,2025-05-29,17.25,17.25,17.25,17.25,0,0,1
BANKNIFTY29MAY2546100PE.NFO,2025-05-12,10:42:00,2025-05-29,17.25,17.25,17.25,17.25,0,0,1
BANKNIFTY29MAY2546100PE.NFO,2025-05-12,10:43:00,2025-05-29,17.25,17.25,17.25,17.25,0,0,1
BANKNIFTY29MAY2546100PE.NFO,2025-05-12,10:44:00,2025-05-29,17.25,17.25,17.25,17.25,0,0,1
BANKNIFTY29MAY2546100PE.NFO,2025-05-12,10:45:00,2025-05-29,17.25,17.25,17.25,17.25,0,0,1
BANKNIFTY29MAY2546100PE.NFO,2025-05-12,10:46:00,2025-05-29,17.25,17.25,17.25,17.25,0,0,1
BANKNIFTY29MAY2546100PE.NFO,2025-05-12,10:47:00,2025-05-29,17.25,17.25,17.25,17.25,0,0,1
BANKNIFTY29MAY2546100PE.NFO,2025-05-12,10:48:00,2025-05-29,17.25,17.25,17.25,17.25,0,0,1
BANKNIFTY29MAY2546100PE.NFO,2025-05-12,10:49:00,2025-05-29,17.25,17.25,17.25,17.25,0,0,1
BANKNIFTY29MAY2546100PE.NFO,2025-05-12,10:50:00,2025-05-29,17.25,17.25,17.25,17.25,0,0,1
BANKNIFTY29MAY2546100PE.NFO,2025-05-12,10:51:00,2025-05-29,17.25,17.25,17.25,17.25,0,0,1
BANKNIFTY29MAY2546100PE.NFO,2025-05-12,10:52:00,2025-05-29,17.25,17.25,17.25,17.25,0,0,1
BANKNIFTY29MAY2546100PE.NFO,2025-05-12,10:53:00,2025-05-29,17.25,17.25,17.25,17.25,0,0,1
BANKNIFTY29MAY2546100PE.NFO,2025-05-12,10:54:00,2025-05-29,17.25,17.25,17.25,17.25,0,0,1
BANKNIFTY29MAY2546100PE.NFO,2025-05-12,10:55:00,2025-05-29,17.25,17.25,17.25,17.25,0,0,1
BANKNIFTY29MAY2546100PE.NFO,2025-05-12,10:56:00,2025-05-29,17.25,17.25,17.25,17.25,0,0,1
BANKNIFTY29MAY2546100PE.NFO,2025-05-12,10:57:00,2025-05-29,17.25,17.25,17.25,17.25,0,0,1
BANKNIFTY29MAY2546100PE.NFO,2025-05-12,10:58:00,2025-05-29,17.25,17.25,17.25,17.25,0,0,1
BANKNIFTY29MAY2546100PE.NFO,2025-05-12,10:59:00,2025-05-29,17.25,17.25,17.25,17.25,0,0,1
BANKNIFTY29MAY2546100PE.NFO,2025-05-12,11:00:00,2025-05-29,17.25,17.25,17.25,17.25,0,0,1
BANKNIFTY29MAY2546100PE.NFO,2025-05-12,11:01:00,2025-05-29,17.25,17.25,17.25,17.25,0,0,1
BANKNIFTY29MAY2546100PE.NFO,2025-05-12,11:02:00,2025-05-29,17.25,17.25,17.25,17.25,0,0,1
BANKNIFTY29MAY2546100PE.NFO,2025-05-12,11:03:00,2025-05-29,17.25,17.25,17.25,17.25,0,0,1
BANKNIFTY29MAY2546100PE.NFO,2025-05-12,11:04:00,2025-05-29,17.25,17.25,17.25,17.25,0,0,1
BANKNIFTY29MAY2546100PE.NFO,2025-05-12,11:05:00,2025-05-29,17.25,17.25,17.25,17.25,0,0,1
BANKNIFTY29MAY2546100PE.NFO,2025-05-12,11:06:00,2025-05-29,17.25,17.25,17.25,17.25,0,0,1
BANKNIFTY29MAY2546100PE.NFO,2025-05-12,11:07:00,2025-05-29,17.25,17.25,17.25,17.25,0,0,1
BANKNIFTY29MAY2546100PE.NFO,2025-05-12,11:08:00,2025-05-29,17.25,17.25,17.25,17.25,0,0,1
BANKNIFTY29MAY2546100PE.NFO,2025-05-12,11:09:00,2025-05-29,17.25,17.25,17.25,17.25,0,0,1
BANKNIFTY29MAY2546100PE.NFO,2025-05-12,11:10:00,2025-05-29,17.25,17.25,17.25,17.25,0,0,1
BANKNIFTY29MAY2546100PE.NFO,2025-05-12,11:11:00,2025-05-29,17.25,17.25,17.25,17.25,0,0,1
BANKNIFTY29MAY2546100PE.NFO,2025-05-12,11:12:00,2025-05-29,17.25,17.25,17.25,17.25,0,0,1
BANKNIFTY29MAY2546100PE.NFO,2025-05-12,11:13:00,2025-05-29,17.25,17.25,17.25,17.25,0,0,1
BANKNIFTY29MAY2546100PE.NFO,2025-05-12,11:14:00,2025-05-29,17.25,17.25,17.25,17.25,0,0,1
BANKNIFTY29MAY2546100PE.NFO,2025-05-12,11:15:00,2025-05-29,17.25,17.25,17.25,17.25,0,0,1
BANKNIFTY29MAY2546100PE.NFO,2025-05-12,11:16:00,2025-05-29,17.25,17.25,17.25,17.25,0,0,1
BANKNIFTY29MAY2546100PE.NFO,2025-05-12,11:17:00,2025-05-29,17.25,17.25,17.25,17.25,0,0,1
BANKNIFTY29MAY2546100PE.NFO,2025-05-12,11:18:00,2025-05-29,17.25,17.25,17.25,17.25,0,0,1
BANKNIFTY29MAY2546100PE.NFO,2025-05-12,11:19:00,2025-05-29,17.25,17.25,17.25,17.25,0,0,1
BANKNIFTY29MAY2546100PE.NFO,2025-05-12,11:20:00,2025-05-29,17.25,17.25,17.25,17.25,0,0,1
BANKNIFTY29MAY2546100PE.NFO,2025-05-12,11:21:00,2025-05-29,17.25,17.25,17.25,17.25,0,0,1
BANKNIFTY29MAY2546100PE.NFO,2025-05-12,11:22:00,2025-05-29,17.25,17.25,17.25,17.25,0,0,1
BANKNIFTY29MAY2546100PE.NFO,2025-05-12,11:23:00,2025-05-29,17.25,17.25,17.25,17.25,0,0,1
BANKNIFTY29MAY2546100PE.NFO,2025-05-12,11:24:00,2025-05-29,17.25,17.25,17.25,17.25,0,0,1
BANKNIFTY29MAY2546100PE.NFO,2025-05-12,11:25:00,2025-05-29,17.25,17.25,17.25,17.25,0,0,1
BANKNIFTY29MAY2546100PE.NFO,2025-05-12,11:26:00,2025-05-29,17.25,17.25,17.25,17.25,0,0,1
BANKNIFTY29MAY2546100PE.NFO,2025-05-12,11:27:00,2025-05-29,17.25,17.25,17.25,17.25,0,0,1
BANKNIFTY29MAY2546100PE.NFO,2025-05-12,11:28:00,2025-05-29,17.25,17.25,17.25,17.25,0,0,1
BANKNIFTY29MAY2546100PE.NFO,2025-05-12,11:29:00,2025-05-29,17.25,17.25,17.25,17.25,0,0,1
BANKNIFTY29MAY2546100PE.NFO,2025-05-12,11:30:00,2025-05-29,17.25,17.25,17.25,17.25,0,0,1
BANKNIFTY29MAY2546100PE.NFO,2025-05-12,11:31:00,2025-05-29,17.25,17.25,17.25,17.25,0,0,1
BANKNIFTY29MAY2546100PE.NFO,2025-05-12,11:32:00,2025-05-29,17.25,17.25,17.25,17.25,0,0,1
BANKNIFTY29MAY2546100PE.NFO,2025-05-12,11:33:00,2025-05-29,17.25,17.25,17.25,17.25,0,0,1
BANKNIFTY29MAY2546100PE.NFO,2025-05-12,11:34:00,2025-05-29,17.25,17.25,17.25,17.25,0,0,1
BANKNIFTY29MAY2546100PE.NFO,2025-05-12,11:35:00,2025-05-29,17.25,17.25,17.25,17.25,0,0,1
BANKNIFTY29MAY2546100PE.NFO,2025-05-12,11:36:00,2025-05-29,17.25,17.25,17.25,17.25,0,0,1
BANKNIFTY29MAY2546100PE.NFO,2025-05-12,11:37:00,2025-05-29,17.25,17.25,17.25,17.25,0,0,1
BANKNIFTY29MAY2546100PE.NFO,2025-05-12,11:38:00,2025-05-29,17.25,17.25,17.25,17.25,0,0,1
BANKNIFTY29MAY2546100PE.NFO,2025-05-12,11:39:00,2025-05-29,17.25,17.25,17.25,17.25,0,0,1
BANKNIFTY29MAY2546100PE.NFO,2025-05-12,11:40:00,2025-05-29,17.25,17.25,17.25,17.25,0,0,1
BANKNIFTY29MAY2546100PE.NFO,2025-05-12,11:41:00,2025-05-29,17.25,17.25,17.25,17.25,0,0,1
BANKNIFTY29MAY2546100PE.NFO,2025-05-12,11:42:00,2025-05-29,17.25,17.25,17.25,17.25,0,0,1
BANKNIFTY29MAY2546100PE.NFO,2025-05-12,11:43:00,2025-05-29,17.25,17.25,17.25,17.25,0,0,1
BANKNIFTY29MAY2546100PE.NFO,2025-05-12,11:44:00,2025-05-29,17.25,17.25,17.25,17.25,0,0,1
BANKNIFTY29MAY2546100PE.NFO,2025-05-12,11:45:00,2025-05-29,17.25,17.25,17.25,17.25,0,0,1
BANKNIFTY29MAY2546100PE.NFO,2025-05-12,11:46:00,2025-05-29,17.25,17.25,17.25,17.25,0,0,1
BANKNIFTY29MAY2546100PE.NFO,2025-05-12,11:47:00,2025-05-29,17.25,17.25,17.25,17.25,0,0,1
BANKNIFTY29MAY2546100PE.NFO,2025-05-12,11:48:00,2025-05-29,17.25,17.25,17.25,17.25,0,0,1
BANKNIFTY29MAY2546100PE.NFO,2025-05-12,11:49:00,2025-05-29,17.25,17.25,17.25,17.25,0,0,1
BANKNIFTY29MAY2546100PE.NFO,2025-05-12,11:50:00,2025-05-29,17.25,17.25,17.25,17.25,0,0,1
BANKNIFTY29MAY2546100PE.NFO,2025-05-12,11:51:00,2025-05-29,17.25,17.25,17.25,17.25,0,0,1
BANKNIFTY29MAY2546100PE.NFO,2025-05-12,11:52:00,2025-05-29,17.25,17.25,17.25,17.25,0,0,1
BANKNIFTY29MAY2546100PE.NFO,2025-05-12,11:53:00,2025-05-29,17.25,17.25,17.25,17.25,0,0,0
BANKNIFTY29MAY2546100PE.NFO,2025-05-12,11:54:00,2025-05-29,17.25,17.25,17.25,17.25,0,0,0
BANKNIFTY29MAY2546100PE.NFO,2025-05-12,11:55:00,2025-05-29,17.25,17.25,17.25,17.25,0,0,0
BANKNIFTY29MAY2546100PE.NFO,2025-05-12,11:56:00,2025-05-29,17.25,17.25,17.25,17.25,0,0,0
BANKNIFTY29MAY2546100PE.NFO,2025-05-12,11:57:00,2025-05-29,17.25,17.25,17.25,17.25,0,0,0
BANKNIFTY29MAY2546100PE.NFO,2025-05-12,11:58:00,2025-05-29,17.25,17.25,17.25,17.25,0,0,0
BANKNIFTY29MAY2546100PE.NFO,2025-05-12,11:59:00,2025-05-29,17.25,17.25,17.25,17.25,0,0,0
BANKNIFTY29MAY2546100PE.NFO,2025-05-12,12:00:00,2025-05-29,17.25,17.25,17.25,17.25,0,0,0
BANKNIFTY29MAY2546100PE.NFO,2025-05-12,12:01:00,2025-05-29,17.25,17.25,17.25,17.25,0,0,0
BANKNIFTY29MAY2546100PE.NFO,2025-05-12,12:02:00,2025-05-29,17.25,17.25,17.25,17.25,0,0,0
BANKNIFTY29MAY2546100PE.NFO,2025-05-12,12:03:00,2025-05-29,17.25,17.25,17.25,17.25,0,0,0
BANKNIFTY29MAY2546100PE.NFO,2025-05-12,12:04:00,2025-05-29,17.25,17.25,17.25,17.25,0,0,0
BANKNIFTY29MAY2546100PE.NFO,2025-05-12,12:05:00,2025-05-29,17.25,17.25,17.25,17.25,0,0,0
BANKNIFTY29MAY2546100PE.NFO,2025-05-12,12:06:00,2025-05-29,17.25,17.25,17.25,17.25,0,0,0
BANKNIFTY29MAY2546100PE.NFO,2025-05-12,12:07:00,2025-05-29,17.25,17.25,17.25,17.25,0,0,0
BANKNIFTY29MAY2546100PE.NFO,2025-05-12,12:08:00,2025-05-29,17.25,17.25,17.25,17.25,0,0,0
BANKNIFTY29MAY2546100PE.NFO,2025-05-12,12:09:00,2025-05-29,17.25,17.25,17.25,17.25,0,0,0
BANKNIFTY29MAY2546100PE.NFO,2025-05-12,12:10:00,2025-05-29,17.25,17.25,17.25,17.25,0,0,0
BANKNIFTY29MAY2546100PE.NFO,2025-05-12,12:11:00,2025-05-29,17.25,17.25,17.25,17.25,0,0,0
BANKNIFTY29MAY2546100PE.NFO,2025-05-12,12:12:00,2025-05-29,17.25,17.25,17.25,17.25,0,0,0
BANKNIFTY29MAY2546100PE.NFO,2025-05-12,12:13:00,2025-05-29,17.25,17.25,17.25,17.25,0,0,0
BANKNIFTY29MAY2546100PE.NFO,2025-05-12,12:14:00,2025-05-29,17.25,17.25,17.25,17.25,0,0,0
BANKNIFTY29MAY2546100PE.NFO,2025-05-12,12:15:00,2025-05-29,17.25,17.25,17.25,17.25,0,0,0
BANKNIFTY29MAY2546100PE.NFO,2025-05-12,12:16:00,2025-05-29,17.25,17.25,17.25,17.25,0,0,0
BANKNIFTY29MAY2546100PE.NFO,2025-05-12,12:17:00,2025-05-29,17.25,17.25,17.25,17.25,0,0,0
BANKNIFTY29MAY2546100PE.NFO,2025-05-12,12:18:00,2025-05-29,17.25,17.25,17.25,17.25,0,0,0
BANKNIFTY29MAY2546100PE.NFO,2025-05-12,12:19:00,2025-05-29,17.25,17.25,17.25,17.25,0,0,0
BANKNIFTY29MAY2546100PE.NFO,2025-05-12,12:20:00,2025-05-29,17.25,17.25,17.25,17.25,0,0,0
BANKNIFTY29MAY2546100PE.NFO,2025-05-12,12:21:00,2025-05-29,17.25,17.25,17.25,17.25,0,0,0
BANKNIFTY29MAY2546100PE.NFO,2025-05-12,12:22:00,2025-05-29,17.25,17.25,17.25,17.25,0,0,0
BANKNIFTY29MAY2546100PE.NFO,2025-05-12,12:23:00,2025-05-29,17.25,17.25,17.25,17.25,0,0,0
BANKNIFTY29MAY2546100PE.NFO,2025-05-12,12:24:00,2025-05-29,17.25,17.25,17.25,17.25,0,0,0
BANKNIFTY29MAY2546100PE.NFO,2025-05-12,12:25:00,2025-05-29,17.25,17.25,17.25,17.25,0,0,0
BANKNIFTY29MAY2546100PE.NFO,2025-05-12,12:26:00,2025-05-29,17.25,17.25,17.25,17.25,0,0,0
BANKNIFTY29MAY2546100PE.NFO,2025-05-12,12:27:00,2025-05-29,17.25,17.25,17.25,17.25,0,0,0
BANKNIFTY29MAY2546100PE.NFO,2025-05-12,12:28:00,2025-05-29,17.25,17.25,17.25,17.25,0,0,0
BANKNIFTY29MAY2546100PE.NFO,2025-05-12,12:29:00,2025-05-29,17.25,17.25,17.25,17.25,0,0,0
BANKNIFTY29MAY2546100PE.NFO,2025-05-12,12:30:00,2025-05-29,17.25,17.25,17.25,17.25,0,0,0
BANKNIFTY29MAY2546100PE.NFO,2025-05-12,12:31:00,2025-05-29,17.25,17.25,17.25,17.25,0,0,0
BANKNIFTY29MAY2546100PE.NFO,2025-05-12,12:32:00,2025-05-29,17.25,17.25,17.25,17.25,0,0,0
BANKNIFTY29MAY2546100PE.NFO,2025-05-12,12:33:00,2025-05-29,17.25,17.25,17.25,17.25,0,0,0
BANKNIFTY29MAY2546100PE.NFO,2025-05-12,12:34:00,2025-05-29,17.25,17.25,17.25,17.25,0,0,0
BANKNIFTY29MAY2546100PE.NFO,2025-05-12,12:35:00,2025-05-29,17.25,17.25,17.25,17.25,0,0,0
BANKNIFTY29MAY2546100PE.NFO,2025-05-12,12:36:00,2025-05-29,17.25,17.25,17.25,17.25,0,0,0
BANKNIFTY29MAY2546100PE.NFO,2025-05-12,12:37:00,2025-05-29,17.25,17.25,17.25,17.25,0,0,0
BANKNIFTY29MAY2546100PE.NFO,2025-05-12,12:38:00,2025-05-29,17.25,17.25,17.25,17.25,0,0,0
BANKNIFTY29MAY2546100PE.NFO,2025-05-12,12:39:00,2025-05-29,17.25,17.25,17.25,17.25,0,0,0
BANKNIFTY29MAY2546100PE.NFO,2025-05-12,12:40:00,2025-05-29,17.25,17.25,17.25,17.25,0,0,0
BANKNIFTY29MAY2546100PE.NFO,2025-05-12,12:41:00,2025-05-29,17.25,17.25,17.25,17.25,0,0,0
BANKNIFTY29MAY2546100PE.NFO,2025-05-12,12:42:00,2025-05-29,17.25,17.25,17.25,17.25,0,0,0
BANKNIFTY29MAY2546100PE.NFO,2025-05-12,12:43:00,2025-05-29,17.25,17.25,17.25,17.25,0,0,0
BANKNIFTY29MAY2546100PE.NFO,2025-05-12,12:44:00,2025-05-29,17.25,17.25,17.25,17.25,0,0,0
BANKNIFTY29MAY2546100PE.NFO,2025-05-12,12:45:00,2025-05-29,17.25,17.25,17.25,17.25,0,0,0
BANKNIFTY29MAY2546100PE.NFO,2025-05-12,12:46:00,2025-05-29,17.25,17.25,17.25,17.25,0,0,0
BANKNIFTY29MAY2546100PE.NFO,2025-05-12,12:47:00,2025-05-29,17.25,17.25,17.25,17.25,0,0,0
BANKNIFTY29MAY2546100PE.NFO,2025-05-12,12:48:00,2025-05-29,17.25,17.25,17.25,17.25,0,0,0
BANKNIFTY29MAY2546100PE.NFO,2025-05-12,12:49:00,2025-05-29,17.25,17.25,17.25,17.25,0,0,0
BANKNIFTY29MAY2546100PE.NFO,2025-05-12,12:50:00,2025-05-29,17.25,17.25,17.25,17.25,0,0,0
BANKNIFTY29MAY2546100PE.NFO,2025-05-12,12:51:00,2025-05-29,17.25,17.25,17.25,17.25,0,0,0
BANKNIFTY29MAY2546100PE.NFO,2025-05-12,12:52:00,2025-05-29,17.25,17.25,17.25,17.25,0,0,0
BANKNIFTY29MAY2546100PE.NFO,2025-05-12,12:53:00,2025-05-29,17.25,17.25,17.25,17.25,0,0,0
BANKNIFTY29MAY2546100PE.NFO,2025-05-12,12:54:00,2025-05-29,17.25,17.25,17.25,17.25,0,0,0
BANKNIFTY29MAY2546100PE.NFO,2025-05-12,12:55:00,2025-05-29,17.25,17.25,17.25,17.25,0,0,0
BANKNIFTY29MAY2546100PE.NFO,2025-05-12,12:56:00,2025-05-29,17.25,17.25,17.25,17.25,0,0,0
BANKNIFTY29MAY2546100PE.NFO,2025-05-12,12:57:00,2025-05-29,17.25,17.25,17.25,17.25,0,0,0
BANKNIFTY29MAY2546100PE.NFO,2025-05-12,12:58:00,2025-05-29,17.25,17.25,17.25,17.25,0,0,0
BANKNIFTY29MAY2546100PE.NFO,2025-05-12,12:59:00,2025-05-29,17.25,17.25,17.25,17.25,0,0,0
BANKNIFTY29MAY2546100PE.NFO,2025-05-12,13:00:00,2025-05-29,17.25,17.25,17.25,17.25,0,0,0
BANKNIFTY29MAY2546100PE.NFO,2025-05-12,13:01:00,2025-05-29,17.25,17.25,17.25,17.25,0,0,0
BANKNIFTY29MAY2546100PE.NFO,2025-05-12,13:02:00,2025-05-29,17.25,17.25,17.25,17.25,0,0,0
BANKNIFTY29MAY2546100PE.NFO,2025-05-12,13:03:00,2025-05-29,17.25,17.25,17.25,17.25,0,0,0
BANKNIFTY29MAY2546100PE.NFO,2025-05-12,13:04:00,2025-05-29,17.25,17.25,17.25,17.25,0,0,0
BANKNIFTY29MAY2546100PE.NFO,2025-05-12,13:05:00,2025-05-29,17.25,17.25,17.25,17.25,0,0,0
BANKNIFTY29MAY2546100PE.NFO,2025-05-12,13:06:00,2025-05-29,17.25,17.25,17.25,17.25,0,0,0
BANKNIFTY29MAY2546100PE.NFO,2025-05-12,13:07:00,2025-05-29,17.25,17.25,17.25,17.25,0,0,0
BANKNIFTY29MAY2546100PE.NFO,2025-05-12,13:08:00,2025-05-29,17.25,17.25,17.25,17.25,0,0,0
BANKNIFTY29MAY2546100PE.NFO,2025-05-12,13:09:00,2025-05-29,17.25,17.25,17.25,17.25,0,0,0
BANKNIFTY29MAY2546100PE.NFO,2025-05-12,13:10:00,2025-05-29,17.25,17.25,17.25,17.25,0,0,0
BANKNIFTY29MAY2546100PE.NFO,2025-05-12,13:11:00,2025-05-29,17.25,17.25,17.25,17.25,0,0,0
BANKNIFTY29MAY2546100PE.NFO,2025-05-12,13:12:00,2025-05-29,17.25,17.25,17.25,17.25,0,0,0
BANKNIFTY29MAY2546100PE.NFO,2025-05-12,13:13:00,2025-05-29,17.25,17.25,17.25,17.25,0,0,0
BANKNIFTY29MAY2546100PE.NFO,2025-05-12,13:14:00,2025-05-29,17.25,17.25,17.25,17.25,0,0,0
BANKNIFTY29MAY2546100PE.NFO,2025-05-12,13:15:00,2025-05-29,17.25,17.25,17.25,17.25,0,0,0
BANKNIFTY29MAY2546100PE.NFO,2025-05-12,13:16:00,2025-05-29,17.25,17.25,17.25,17.25,0,0,0
BANKNIFTY29MAY2546100PE.NFO,2025-05-12,13:17:00,2025-05-29,17.25,17.25,17.25,17.25,0,0,0
BANKNIFTY29MAY2546100PE.NFO,2025-05-12,13:18:00,2025-05-29,17.25,17.25,17.25,17.25,0,0,0
BANKNIFTY29MAY2546100PE.NFO,2025-05-12,13:19:00,2025-05-29,17.25,17.25,17.25,17.25,0,0,0
BANKNIFTY29MAY2546100PE.NFO,2025-05-12,13:20:00,2025-05-29,17.25,17.25,17.25,17.25,0,0,0
BANKNIFTY29MAY2546100PE.NFO,2025-05-12,13:21:00,2025-05-29,17.25,17.25,17.25,17.25,0,0,0
BANKNIFTY29MAY2546100PE.NFO,2025-05-12,13:22:00,2025-05-29,17.25,17.25,17.25,17.25,0,0,0
BANKNIFTY29MAY2546100PE.NFO,2025-05-12,13:23:00,2025-05-29,17.25,17.25,17.25,17.25,0,0,0
BANKNIFTY29MAY2546100PE.NFO,2025-05-12,13:24:00,2025-05-29,17.25,17.25,17.25,17.25,0,0,0
BANKNIFTY29MAY2546100PE.NFO,2025-05-12,13:25:00,2025-05-29,17.25,17.25,17.25,17.25,0,0,0
BANKNIFTY29MAY2546100PE.NFO,2025-05-12,13:26:00,2025-05-29,17.25,17.25,15.7,15.7,30,60,0
BANKNIFTY29MAY2546100PE.NFO,2025-05-12,13:27:00,2025-05-29,15.7,16.0,15.7,16.0,0,60,0
BANKNIFTY29MAY2546100PE.NFO,2025-05-12,13:28:00,2025-05-29,16.0,16.0,16.0,16.0,30,60,0
BANKNIFTY29MAY2546100PE.NFO,2025-05-12,13:29:00,2025-05-29,16.0,16.0,16.0,16.0,0,60,0
BANKNIFTY29MAY2546100PE.NFO,2025-05-12,13:30:00,2025-05-29,16.0,16.0,16.0,16.0,0,60,0
BANKNIFTY29MAY2546100PE.NFO,2025-05-12,13:31:00,2025-05-29,16.0,16.0,16.0,16.0,0,60,0
BANKNIFTY29MAY2546100PE.NFO,2025-05-12,13:32:00,2025-05-29,16.0,16.0,16.0,16.0,0,60,0
BANKNIFTY29MAY2546100PE.NFO,2025-05-12,13:33:00,2025-05-29,16.0,16.0,16.0,16.0,0,60,0
BANKNIFTY29MAY2546100PE.NFO,2025-05-12,13:34:00,2025-05-29,16.0,16.0,16.0,16.0,0,60,0
BANKNIFTY29MAY2546100PE.NFO,2025-05-12,13:35:00,2025-05-29,16.0,16.0,16.0,16.0,0,60,0
BANKNIFTY29MAY2546100PE.NFO,2025-05-12,13:36:00,2025-05-29,16.0,16.0,16.0,16.0,0,60,0
BANKNIFTY29MAY2546100PE.NFO,2025-05-12,13:37:00,2025-05-29,16.0,16.0,16.0,16.0,0,60,0
BANKNIFTY29MAY2546100PE.NFO,2025-05-12,13:38:00,2025-05-29,16.0,16.0,16.0,16.0,0,60,0
BANKNIFTY29MAY2546100PE.NFO,2025-05-12,13:39:00,2025-05-29,16.0,16.0,16.0,16.0,0,60,0
BANKNIFTY29MAY2546100PE.NFO,2025-05-12,13:40:00,2025-05-29,16.0,16.0,16.0,16.0,0,60,0
BANKNIFTY29MAY2546100PE.NFO,2025-05-12,13:41:00,2025-05-29,16.0,16.0,16.0,16.0,0,60,0
BANKNIFTY29MAY2546100PE.NFO,2025-05-12,13:42:00,2025-05-29,16.0,16.0,16.0,16.0,0,60,0
BANKNIFTY29MAY2546100PE.NFO,2025-05-12,13:43:00,2025-05-29,16.0,16.0,16.0,16.0,0,60,0
BANKNIFTY29MAY2546100PE.NFO,2025-05-12,13:44:00,2025-05-29,16.0,16.0,16.0,16.0,0,60,0
BANKNIFTY29MAY2546100PE.NFO,2025-05-12,13:45:00,2025-05-29,16.0,16.0,16.0,16.0,0,60,0
BANKNIFTY29MAY2546100PE.NFO,2025-05-12,13:46:00,2025-05-29,16.0,16.0,16.0,16.0,0,60,0
BANKNIFTY29MAY2546100PE.NFO,2025-05-12,13:47:00,2025-05-29,16.0,16.0,16.0,16.0,0,60,0
BANKNIFTY29MAY2546100PE.NFO,2025-05-12,13:48:00,2025-05-29,16.0,16.0,16.0,16.0,0,60,0
BANKNIFTY29MAY2546100PE.NFO,2025-05-12,13:49:00,2025-05-29,16.0,16.0,16.0,16.0,0,60,0
BANKNIFTY29MAY2546100PE.NFO,2025-05-12,13:50:00,2025-05-29,16.0,16.0,16.0,16.0,0,60,0
BANKNIFTY29MAY2546100PE.NFO,2025-05-12,13:51:00,2025-05-29,16.0,16.0,16.0,16.0,0,60,0
BANKNIFTY29MAY2546100PE.NFO,2025-05-12,13:52:00,2025-05-29,16.0,16.0,16.0,16.0,0,60,0
BANKNIFTY29MAY2546100PE.NFO,2025-05-12,13:53:00,2025-05-29,16.0,16.0,16.0,16.0,0,60,0
BANKNIFTY29MAY2546100PE.NFO,2025-05-12,13:54:00,2025-05-29,16.0,16.0,16.0,16.0,0,60,0
BANKNIFTY29MAY2546100PE.NFO,2025-05-12,13:55:00,2025-05-29,16.0,16.0,16.0,16.0,0,60,0
BANKNIFTY29MAY2546100PE.NFO,2025-05-12,13:56:00,2025-05-29,16.0,16.0,16.0,16.0,0,60,0
BANKNIFTY29MAY2546100PE.NFO,2025-05-12,13:57:00,2025-05-29,16.0,16.0,16.0,16.0,0,60,0
BANKNIFTY29MAY2546100PE.NFO,2025-05-12,13:58:00,2025-05-29,16.0,16.0,16.0,16.0,0,60,0
BANKNIFTY29MAY2546100PE.NFO,2025-05-12,13:59:00,2025-05-29,16.0,16.0,16.0,16.0,0,60,0
BANKNIFTY29MAY2546100PE.NFO,2025-05-12,14:00:00,2025-05-29,16.0,16.0,16.0,16.0,0,60,0
BANKNIFTY29MAY2546100PE.NFO,2025-05-12,14:01:00,2025-05-29,16.0,16.0,14.5,14.5,60,60,0
BANKNIFTY29MAY2546100PE.NFO,2025-05-12,14:02:00,2025-05-29,14.5,14.5,14.5,14.5,0,60,0
BANKNIFTY29MAY2546100PE.NFO,2025-05-12,14:03:00,2025-05-29,14.5,14.5,14.5,14.5,0,60,0
BANKNIFTY29MAY2546100PE.NFO,2025-05-12,14:04:00,2025-05-29,14.5,14.5,14.5,14.5,0,60,0
BANKNIFTY29MAY2546100PE.NFO,2025-05-12,14:05:00,2025-05-29,14.5,14.5,14.5,14.5,0,60,0
BANKNIFTY29MAY2546100PE.NFO,2025-05-12,14:06:00,2025-05-29,14.5,14.5,14.5,14.5,0,60,0
BANKNIFTY29MAY2546100PE.NFO,2025-05-12,14:07:00,2025-05-29,14.5,14.5,14.5,14.5,0,60,0
BANKNIFTY29MAY2546100PE.NFO,2025-05-12,14:08:00,2025-05-29,14.5,14.5,14.5,14.5,0,60,0
BANKNIFTY29MAY2546100PE.NFO,2025-05-12,14:09:00,2025-05-29,14.5,14.5,14.5,14.5,0,60,0
BANKNIFTY29MAY2546100PE.NFO,2025-05-12,14:10:00,2025-05-29,14.5,14.5,14.5,14.5,0,60,0
BANKNIFTY29MAY2546100PE.NFO,2025-05-12,14:11:00,2025-05-29,14.5,14.5,14.5,14.5,0,60,0
BANKNIFTY29MAY2546100PE.NFO,2025-05-12,14:12:00,2025-05-29,14.5,14.5,14.5,14.5,0,60,0
BANKNIFTY29MAY2546100PE.NFO,2025-05-12,14:13:00,2025-05-29,14.5,14.5,14.5,14.5,0,60,0
BANKNIFTY29MAY2546100PE.NFO,2025-05-12,14:14:00,2025-05-29,14.5,14.5,14.5,14.5,0,60,0
BANKNIFTY29MAY2546100PE.NFO,2025-05-12,14:15:00,2025-05-29,14.5,14.5,14.5,14.5,0,60,0
BANKNIFTY29MAY2546100PE.NFO,2025-05-12,14:16:00,2025-05-29,14.5,14.5,14.5,14.5,0,60,0
BANKNIFTY29MAY2546100PE.NFO,2025-05-12,14:17:00,2025-05-29,14.5,14.5,14.5,14.5,0,60,0
BANKNIFTY29MAY2546100PE.NFO,2025-05-12,14:18:00,2025-05-29,14.5,14.5,14.5,14.5,0,60,0
BANKNIFTY29MAY2546100PE.NFO,2025-05-12,14:19:00,2025-05-29,14.5,14.5,14.5,14.5,0,60,0
BANKNIFTY29MAY2546100PE.NFO,2025-05-12,14:20:00,2025-05-29,14.5,14.5,14.5,14.5,0,60,0
BANKNIFTY29MAY2546100PE.NFO,2025-05-12,14:21:00,2025-05-29,14.5,14.5,14.5,14.5,0,60,0
BANKNIFTY29MAY2546100PE.NFO,2025-05-12,14:22:00,2025-05-29,14.5,14.5,14.5,14.5,0,60,0
BANKNIFTY29MAY2546100PE.NFO,2025-05-12,14:23:00,2025-05-29,14.5,14.5,14.5,14.5,0,60,0
BANKNIFTY29MAY2546100PE.NFO,2025-05-12,14:24:00,2025-05-29,14.5,14.5,14.5,14.5,0,60,0
BANKNIFTY29MAY2546100PE.NFO,2025-05-12,14:25:00,2025-05-29,14.5,14.5,14.5,14.5,0,60,0
BANKNIFTY29MAY2546100PE.NFO,2025-05-12,14:26:00,2025-05-29,14.5,14.5,14.5,14.5,0,60,0
BANKNIFTY29MAY2546100PE.NFO,2025-05-12,14:27:00,2025-05-29,14.5,14.5,14.5,14.5,0,60,0
BANKNIFTY29MAY2546100PE.NFO,2025-05-12,14:28:00,2025-05-29,14.5,14.5,14.5,14.5,0,60,0
BANKNIFTY29MAY2546100PE.NFO,2025-05-12,14:29:00,2025-05-29,14.5,14.5,14.5,14.5,0,60,0
BANKNIFTY29MAY2546100PE.NFO,2025-05-12,14:30:00,2025-05-29,14.5,14.5,14.5,14.5,0,60,0
BANKNIFTY29MAY2546100PE.NFO,2025-05-12,14:31:00,2025-05-29,14.5,14.5,14.5,14.5,0,60,0
BANKNIFTY29MAY2546100PE.NFO,2025-05-12,14:32:00,2025-05-29,14.5,14.5,14.5,14.5,0,60,0
BANKNIFTY29MAY2546100PE.NFO,2025-05-12,14:33:00,2025-05-29,14.5,14.5,14.5,14.5,0,60,0
BANKNIFTY29MAY2546100PE.NFO,2025-05-12,14:34:00,2025-05-29,14.5,14.5,14.5,14.5,0,60,0
BANKNIFTY29MAY2546100PE.NFO,2025-05-12,14:35:00,2025-05-29,14.5,14.5,14.5,14.5,0,60,0
BANKNIFTY29MAY2546100PE.NFO,2025-05-12,14:36:00,2025-05-29,14.5,14.5,14.5,14.5,0,60,0
BANKNIFTY29MAY2546100PE.NFO,2025-05-12,14:37:00,2025-05-29,14.5,14.5,14.5,14.5,0,60,0
BANKNIFTY29MAY2546100PE.NFO,2025-05-12,14:38:00,2025-05-29,14.5,14.5,14.5,14.5,0,60,0
BANKNIFTY29MAY2546100PE.NFO,2025-05-12,14:39:00,2025-05-29,14.5,14.5,14.5,14.5,0,60,0
BANKNIFTY29MAY2546100PE.NFO,2025-05-12,14:40:00,2025-05-29,14.5,14.5,14.5,14.5,0,60,0
BANKNIFTY29MAY2546100PE.NFO,2025-05-12,14:41:00,2025-05-29,14.5,14.5,14.5,14.5,0,60,0
BANKNIFTY29MAY2546100PE.NFO,2025-05-12,14:42:00,2025-05-29,14.5,18.05,14.5,18.05,30,60,0
BANKNIFTY29MAY2546100PE.NFO,2025-05-12,14:43:00,2025-05-29,18.05,18.05,18.05,18.05,0,60,0
BANKNIFTY29MAY2546100PE.NFO,2025-05-12,14:44:00,2025-05-29,18.05,18.05,12.25,12.25,60,90,0
BANKNIFTY29MAY2546100PE.NFO,2025-05-12,14:45:00,2025-05-29,12.25,12.25,12.25,12.25,0,90,0
BANKNIFTY29MAY2546100PE.NFO,2025-05-12,14:46:00,2025-05-29,12.25,12.25,12.25,12.25,0,90,0
BANKNIFTY29MAY2546100PE.NFO,2025-05-12,14:47:00,2025-05-29,12.25,12.25,12.25,12.25,0,90,0
BANKNIFTY29MAY2546100PE.NFO,2025-05-12,14:48:00,2025-05-29,12.25,12.25,12.25,12.25,0,90,0
BANKNIFTY29MAY2546100PE.NFO,2025-05-12,14:49:00,2025-05-29,12.25,12.25,12.25,12.25,0,90,0
BANKNIFTY29MAY2546100PE.NFO,2025-05-12,14:50:00,2025-05-29,12.25,12.25,12.25,12.25,0,90,0
BANKNIFTY29MAY2546100PE.NFO,2025-05-12,14:51:00,2025-05-29,12.25,12.25,12.25,12.25,0,90,0
BANKNIFTY29MAY2546100PE.NFO,2025-05-12,14:52:00,2025-05-29,12.25,12.25,12.25,12.25,0,90,0
BANKNIFTY29MAY2546100PE.NFO,2025-05-12,14:53:00,2025-05-29,12.25,12.25,12.25,12.25,0,90,0
BANKNIFTY29MAY2546100PE.NFO,2025-05-12,14:54:00,2025-05-29,12.25,12.25,12.25,12.25,0,90,0
BANKNIFTY29MAY2546100PE.NFO,2025-05-12,14:55:00,2025-05-29,12.25,12.25,12.25,12.25,0,90,0
BANKNIFTY29MAY2546100PE.NFO,2025-05-12,14:56:00,2025-05-29,12.25,12.25,12.25,12.25,0,90,0
BANKNIFTY29MAY2546100PE.NFO,2025-05-12,14:57:00,2025-05-29,12.25,12.25,12.25,12.25,0,90,0
BANKNIFTY29MAY2546100PE.NFO,2025-05-12,14:58:00,2025-05-29,12.25,12.25,12.25,12.25,0,90,0
BANKNIFTY29MAY2546100PE.NFO,2025-05-12,14:59:00,2025-05-29,12.25,12.25,12.25,12.25,0,90,0
BANKNIFTY29MAY2546100PE.NFO,2025-05-12,15:00:00,2025-05-29,12.25,12.25,12.25,12.25,0,90,0
BANKNIFTY29MAY2546100PE.NFO,2025-05-12,15:01:00,2025-05-29,12.25,12.25,12.25,12.25,0,90,0
BANKNIFTY29MAY2546100PE.NFO,2025-05-12,15:02:00,2025-05-29,12.25,12.25,12.25,12.25,0,90,0
BANKNIFTY29MAY2546100PE.NFO,2025-05-12,15:03:00,2025-05-29,12.25,12.25,12.25,12.25,0,90,0
BANKNIFTY29MAY2546100PE.NFO,2025-05-12,15:04:00,2025-05-29,12.25,12.25,12.25,12.25,0,90,0
BANKNIFTY29MAY2546100PE.NFO,2025-05-12,15:05:00,2025-05-29,12.25,12.25,12.25,12.25,0,90,0
BANKNIFTY29MAY2546100PE.NFO,2025-05-12,15:06:00,2025-05-29,12.25,12.25,12.25,12.25,0,90,0
BANKNIFTY29MAY2546100PE.NFO,2025-05-12,15:07:00,2025-05-29,12.25,12.25,12.25,12.25,0,90,0
BANKNIFTY29MAY2546100PE.NFO,2025-05-12,15:08:00,2025-05-29,12.25,12.25,12.25,12.25,0,90,0
BANKNIFTY29MAY2546100PE.NFO,2025-05-12,15:09:00,2025-05-29,12.25,12.25,12.25,12.25,0,90,0
BANKNIFTY29MAY2546100PE.NFO,2025-05-12,15:10:00,2025-05-29,12.25,12.25,12.25,12.25,0,90,0
BANKNIFTY29MAY2546100PE.NFO,2025-05-12,15:11:00,2025-05-29,12.25,12.25,12.25,12.25,0,90,0
BANKNIFTY29MAY2546100PE.NFO,2025-05-12,15:12:00,2025-05-29,12.25,12.25,12.25,12.25,0,90,0
BANKNIFTY29MAY2546100PE.NFO,2025-05-12,15:13:00,2025-05-29,12.25,12.25,12.25,12.25,0,90,0
BANKNIFTY29MAY2546100PE.NFO,2025-05-12,15:14:00,2025-05-29,12.25,12.25,12.25,12.25,0,90,0
BANKNIFTY29MAY2546100PE.NFO,2025-05-12,15:15:00,2025-05-29,12.25,13.45,12.25,13.45,30,30,0
BANKNIFTY29MAY2546100PE.NFO,2025-05-12,15:16:00,2025-05-29,13.45,13.45,13.45,13.45,0,30,0
BANKNIFTY29MAY2546100PE.NFO,2025-05-12,15:17:00,2025-05-29,13.45,13.45,13.45,13.45,0,30,0
BANKNIFTY29MAY2546100PE.NFO,2025-05-12,15:18:00,2025-05-29,13.45,13.45,13.45,13.45,60,60,0
BANKNIFTY29MAY2546100PE.NFO,2025-05-12,15:19:00,2025-05-29,13.45,13.45,13.45,13.45,0,60,0
BANKNIFTY29MAY2546100PE.NFO,2025-05-12,15:20:00,2025-05-29,13.45,13.45,13.45,13.45,0,60,0
BANKNIFTY29MAY2546100PE.NFO,2025-05-12,15:21:00,2025-05-29,13.45,13.45,11.0,11.0,300,120,0
BANKNIFTY29MAY2546100PE.NFO,2025-05-12,15:22:00,2025-05-29,11.0,11.0,11.0,11.0,0,120,0
BANKNIFTY29MAY2546100PE.NFO,2025-05-12,15:23:00,2025-05-29,11.0,11.0,11.0,11.0,0,120,0
BANKNIFTY29MAY2546100PE.NFO,2025-05-12,15:24:00,2025-05-29,11.0,11.0,11.0,11.0,0,120,0
BANKNIFTY29MAY2546100PE.NFO,2025-05-12,15:25:00,2025-05-29,11.0,11.0,11.0,11.0,0,120,0
BANKNIFTY29MAY2546100PE.NFO,2025-05-12,15:26:00,2025-05-29,11.0,11.0,11.0,11.0,0,120,0
BANKNIFTY29MAY2546100PE.NFO,2025-05-12,15:27:00,2025-05-29,11.0,11.0,11.0,11.0,0,120,0
BANKNIFTY29MAY2546100PE.NFO,2025-05-12,15:28:00,2025-05-29,11.0,11.0,11.0,11.0,0,120,0
BANKNIFTY29MAY2546100PE.NFO,2025-05-12,15:29:00,2025-05-29,11.0,11.0,11.0,11.0,0,120,0
BANKNIFTY29MAY2546100PE.NFO,2025-05-12,15:30:00,2025-05-29,11.0,11.0,11.0,11.0,0,120,1
BANKNIFTY29MAY2546100PE.NFO,2025-05-13,09:15:00,2025-05-29,12.85,12.85,12.85,12.85,0,120,1
BANKNIFTY29MAY2546100PE.NFO,2025-05-13,09:16:00,2025-05-29,12.85,12.85,12.85,12.85,0,120,1
BANKNIFTY29MAY2546100PE.NFO,2025-05-13,09:17:00,2025-05-29,12.85,12.85,12.85,12.85,0,120,1
BANKNIFTY29MAY2546100PE.NFO,2025-05-13,09:18:00,2025-05-29,12.85,12.9,12.85,12.85,0,120,0
BANKNIFTY29MAY2546100PE.NFO,2025-05-13,09:19:00,2025-05-29,12.85,12.85,12.85,12.85,0,120,0
BANKNIFTY29MAY2546100PE.NFO,2025-05-13,09:20:00,2025-05-29,12.85,12.85,11.6,11.6,0,210,0
BANKNIFTY29MAY2546100PE.NFO,2025-05-13,09:21:00,2025-05-29,11.6,11.6,11.6,11.6,60,210,0
BANKNIFTY29MAY2546100PE.NFO,2025-05-13,09:22:00,2025-05-29,11.6,13.95,11.6,13.95,90,150,0
BANKNIFTY29MAY2546100PE.NFO,2025-05-13,09:23:00,2025-05-29,13.95,13.95,13.95,13.95,0,150,0
BANKNIFTY29MAY2546100PE.NFO,2025-05-13,09:24:00,2025-05-29,13.95,13.95,13.95,13.95,0,150,0
BANKNIFTY29MAY2546100PE.NFO,2025-05-13,09:25:00,2025-05-29,13.95,14.95,10.3,13.5,120,210,0
BANKNIFTY29MAY2546100PE.NFO,2025-05-13,09:26:00,2025-05-29,13.5,13.5,13.5,13.5,0,210,0
BANKNIFTY29MAY2546100PE.NFO,2025-05-13,09:27:00,2025-05-29,13.5,13.5,13.5,13.5,0,210,0
BANKNIFTY29MAY2546100PE.NFO,2025-05-13,09:28:00,2025-05-29,13.5,13.5,12.15,12.15,30,270,0
BANKNIFTY29MAY2546100PE.NFO,2025-05-13,09:29:00,2025-05-29,12.15,14.1,12.15,14.1,120,270,0
BANKNIFTY29MAY2546100PE.NFO,2025-05-13,09:30:00,2025-05-29,13.25,13.25,11.15,11.15,60,270,0
BANKNIFTY29MAY2546100PE.NFO,2025-05-13,09:31:00,2025-05-29,11.15,11.15,11.15,11.15,0,270,0
BANKNIFTY29MAY2546100PE.NFO,2025-05-13,09:32:00,2025-05-29,11.15,11.15,11.15,11.15,0,270,0
BANKNIFTY29MAY2546100PE.NFO,2025-05-13,09:33:00,2025-05-29,11.15,12.95,11.15,12.95,60,330,0
BANKNIFTY29MAY2546100PE.NFO,2025-05-13,09:34:00,2025-05-29,12.95,13.6,12.45,13.6,60,330,0
BANKNIFTY29MAY2546100PE.NFO,2025-05-13,09:35:00,2025-05-29,13.6,13.75,13.6,13.75,120,330,0
BANKNIFTY29MAY2546100PE.NFO,2025-05-13,09:36:00,2025-05-29,13.75,13.75,13.75,13.75,0,330,0
BANKNIFTY29MAY2546100PE.NFO,2025-05-13,09:37:00,2025-05-29,13.75,13.75,13.75,13.75,0,330,0
BANKNIFTY29MAY2546100PE.NFO,2025-05-13,09:38:00,2025-05-29,13.75,13.75,11.15,11.15,30,450,0
BANKNIFTY29MAY2546100PE.NFO,2025-05-13,09:39:00,2025-05-29,11.15,11.15,9.2,9.2,30,450,0
BANKNIFTY29MAY2546100PE.NFO,2025-05-13,09:40:00,2025-05-29,9.2,10.45,9.2,10.45,30,450,0
BANKNIFTY29MAY2546100PE.NFO,2025-05-13,09:41:00,2025-05-29,10.45,10.45,10.45,10.45,0,450,0
BANKNIFTY29MAY2546100PE.NFO,2025-05-13,09:42:00,2025-05-29,10.45,10.45,10.45,10.45,0,450,0
BANKNIFTY29MAY2546100PE.NFO,2025-05-13,09:43:00,2025-05-29,10.45,10.45,10.45,10.45,0,450,0
BANKNIFTY29MAY2546100PE.NFO,2025-05-13,09:44:00,2025-05-29,10.45,10.45,10.45,10.45,0,450,0
BANKNIFTY29MAY2546100PE.NFO,2025-05-13,09:45:00,2025-05-29,10.45,16.65,10.45,16.65,30,450,0
BANKNIFTY29MAY2546100PE.NFO,2025-05-13,09:46:00,2025-05-29,16.65,16.65,12.2,12.4,240,450,0
BANKNIFTY29MAY2546100PE.NFO,2025-05-13,09:47:00,2025-05-29,12.4,12.4,12.4,12.4,0,450,0
BANKNIFTY29MAY2546100PE.NFO,2025-05-13,09:48:00,2025-05-29,12.4,12.4,12.4,12.4,0,450,0
BANKNIFTY29MAY2546100PE.NFO,2025-05-13,09:49:00,2025-05-29,12.4,12.4,11.8,11.8,0,600,0
BANKNIFTY29MAY2546100PE.NFO,2025-05-13,09:50:00,2025-05-29,11.8,15.0,11.8,15.0,60,600,0
BANKNIFTY29MAY2546100PE.NFO,2025-05-13,09:51:00,2025-05-29,15.0,16.5,15.0,16.5,30,600,0
BANKNIFTY29MAY2546100PE.NFO,2025-05-13,09:52:00,2025-05-29,16.5,16.5,9.8,9.8,60,600,0
BANKNIFTY29MAY2546100PE.NFO,2025-05-13,09:53:00,2025-05-29,9.8,9.8,9.8,9.8,0,600,0
BANKNIFTY29MAY2546100PE.NFO,2025-05-13,09:54:00,2025-05-29,9.8,9.8,9.8,9.8,0,600,0
BANKNIFTY29MAY2546100PE.NFO,2025-05-13,09:55:00,2025-05-29,9.8,9.8,9.8,9.8,30,630,0
BANKNIFTY29MAY2546100PE.NFO,2025-05-13,09:56:00,2025-05-29,9.8,9.8,9.8,9.8,0,630,0
BANKNIFTY29MAY2546100PE.NFO,2025-05-13,09:57:00,2025-05-29,9.8,9.8,9.8,9.8,0,630,0
BANKNIFTY29MAY2546100PE.NFO,2025-05-13,09:58:00,2025-05-29,9.8,9.8,9.8,9.8,0,630,0
BANKNIFTY29MAY2546100PE.NFO,2025-05-13,09:59:00,2025-05-29,9.8,9.8,9.8,9.8,0,630,0
BANKNIFTY29MAY2546100PE.NFO,2025-05-13,10:00:00,2025-05-29,9.8,13.05,9.8,13.05,30,630,0
BANKNIFTY29MAY2546100PE.NFO,2025-05-13,10:01:00,2025-05-29,13.05,13.05,13.05,13.05,0,630,0
BANKNIFTY29MAY2546100PE.NFO,2025-05-13,10:02:00,2025-05-29,13.05,13.05,13.05,13.05,0,630,0
BANKNIFTY29MAY2546100PE.NFO,2025-05-13,10:03:00,2025-05-29,13.05,13.05,13.05,13.05,0,630,0
BANKNIFTY29MAY2546100PE.NFO,2025-05-13,10:04:00,2025-05-29,13.05,13.05,13.05,13.05,0,630,0
BANKNIFTY29MAY2546100PE.NFO,2025-05-13,10:05:00,2025-05-29,13.05,13.05,13.05,13.05,0,630,0
BANKNIFTY29MAY2546100PE.NFO,2025-05-13,10:06:00,2025-05-29,13.05,13.05,13.05,13.05,0,630,0
BANKNIFTY29MAY2546100PE.NFO,2025-05-13,10:07:00,2025-05-29,13.05,13.05,13.05,13.05,0,630,0
BANKNIFTY29MAY2546100PE.NFO,2025-05-13,10:08:00,2025-05-29,13.05,13.05,10.05,10.05,30,630,0
BANKNIFTY29MAY2546100PE.NFO,2025-05-13,10:09:00,2025-05-29,10.05,10.05,10.05,10.05,0,630,0
BANKNIFTY29MAY2546100PE.NFO,2025-05-13,10:10:00,2025-05-29,10.05,10.05,10.05,10.05,0,630,0
BANKNIFTY29MAY2546100PE.NFO,2025-05-13,10:11:00,2025-05-29,10.05,12.2,10.05,12.2,30,630,0
BANKNIFTY29MAY2546100PE.NFO,2025-05-13,10:12:00,2025-05-29,12.2,12.2,12.2,12.2,0,630,0
BANKNIFTY29MAY2546100PE.NFO,2025-05-13,10:13:00,2025-05-29,12.2,12.2,12.2,12.2,0,630,0
BANKNIFTY29MAY2546100PE.NFO,2025-05-13,10:14:00,2025-05-29,12.2,12.2,12.2,12.2,0,630,0
BANKNIFTY29MAY2546100PE.NFO,2025-05-13,10:15:00,2025-05-29,12.2,12.2,12.2,12.2,0,630,0
BANKNIFTY29MAY2546100PE.NFO,2025-05-13,10:16:00,2025-05-29,12.2,12.2,12.2,12.2,0,630,0
BANKNIFTY29MAY2546100PE.NFO,2025-05-13,10:17:00,2025-05-29,12.2,12.2,12.2,12.2,30,600,0
BANKNIFTY29MAY2546100PE.NFO,2025-05-13,10:18:00,2025-05-29,12.2,12.2,12.2,12.2,0,600,0
BANKNIFTY29MAY2546100PE.NFO,2025-05-13,10:19:00,2025-05-29,12.2,12.2,12.2,12.2,0,600,0
BANKNIFTY29MAY2546100PE.NFO,2025-05-13,10:20:00,2025-05-29,12.2,12.2,12.2,12.2,0,600,0
BANKNIFTY29MAY2546100PE.NFO,2025-05-13,10:21:00,2025-05-29,12.2,12.2,12.2,12.2,0,600,0
BANKNIFTY29MAY2546100PE.NFO,2025-05-13,10:22:00,2025-05-29,12.2,12.2,12.2,12.2,0,600,0
BANKNIFTY29MAY2546100PE.NFO,2025-05-13,10:23:00,2025-05-29,12.2,12.2,12.2,12.2,0,600,0
BANKNIFTY29MAY2546100PE.NFO,2025-05-13,10:24:00,2025-05-29,12.2,12.2,12.2,12.2,0,600,0
BANKNIFTY29MAY2546100PE.NFO,2025-05-13,10:25:00,2025-05-29,12.2,12.2,12.2,12.2,0,600,0
BANKNIFTY29MAY2546100PE.NFO,2025-05-13,10:26:00,2025-05-29,12.2,12.2,12.2,12.2,0,600,0
BANKNIFTY29MAY2546100PE.NFO,2025-05-13,10:27:00,2025-05-29,12.2,12.2,12.2,12.2,0,600,0
BANKNIFTY29MAY2546100PE.NFO,2025-05-13,10:28:00,2025-05-29,12.2,12.2,12.2,12.2,0,600,0
BANKNIFTY29MAY2546100PE.NFO,2025-05-13,10:29:00,2025-05-29,12.2,12.2,12.2,12.2,0,600,0
BANKNIFTY29MAY2546100PE.NFO,2025-05-13,10:30:00,2025-05-29,12.2,12.2,12.2,12.2,0,600,0
BANKNIFTY29MAY2546100PE.NFO,2025-05-13,10:31:00,2025-05-29,12.2,13.15,12.2,13.15,30,630,0
BANKNIFTY29MAY2546100PE.NFO,2025-05-13,10:32:00,2025-05-29,13.15,13.15,13.15,13.15,0,630,0
BANKNIFTY29MAY2546100PE.NFO,2025-05-13,10:33:00,2025-05-29,13.15,13.15,13.15,13.15,0,630,0
BANKNIFTY29MAY2546100PE.NFO,2025-05-13,10:34:00,2025-05-29,13.15,13.15,13.15,13.15,0,630,0
BANKNIFTY29MAY2546100PE.NFO,2025-05-13,10:35:00,2025-05-29,13.15,13.15,13.15,13.15,0,630,0
BANKNIFTY29MAY2546100PE.NFO,2025-05-13,10:36:00,2025-05-29,13.15,13.15,13.15,13.15,0,630,0
BANKNIFTY29MAY2546100PE.NFO,2025-05-13,10:37:00,2025-05-29,13.15,13.15,13.15,13.15,0,630,0
BANKNIFTY29MAY2546100PE.NFO,2025-05-13,10:38:00,2025-05-29,13.15,13.15,9.85,9.85,30,660,0
BANKNIFTY29MAY2546100PE.NFO,2025-05-13,10:39:00,2025-05-29,9.85,11.8,9.85,11.8,30,660,0
BANKNIFTY29MAY2546100PE.NFO,2025-05-13,10:40:00,2025-05-29,11.8,11.8,11.8,11.8,0,660,0
BANKNIFTY29MAY2546100PE.NFO,2025-05-13,10:41:00,2025-05-29,11.8,11.8,11.8,11.8,0,660,0
BANKNIFTY29MAY2546100PE.NFO,2025-05-13,10:42:00,2025-05-29,11.8,11.8,11.8,11.8,0,660,0
BANKNIFTY29MAY2546100PE.NFO,2025-05-13,10:43:00,2025-05-29,11.8,11.8,11.8,11.8,0,660,0
BANKNIFTY29MAY2546100PE.NFO,2025-05-13,10:44:00,2025-05-29,11.8,11.8,11.8,11.8,0,660,0
BANKNIFTY29MAY2546100PE.NFO,2025-05-13,10:45:00,2025-05-29,11.8,12.7,11.8,12.7,0,690,0
BANKNIFTY29MAY2546100PE.NFO,2025-05-13,10:46:00,2025-05-29,12.7,12.7,12.7,12.7,90,690,0
BANKNIFTY29MAY2546100PE.NFO,2025-05-13,10:47:00,2025-05-29,12.7,12.7,12.7,12.7,0,690,0
BANKNIFTY29MAY2546100PE.NFO,2025-05-13,10:48:00,2025-05-29,12.7,12.7,11.2,11.2,120,690,0
BANKNIFTY29MAY2546100PE.NFO,2025-05-13,10:49:00,2025-05-29,11.2,11.2,11.2,11.2,0,690,0
BANKNIFTY29MAY2546100PE.NFO,2025-05-13,10:50:00,2025-05-29,11.2,11.2,11.2,11.2,0,690,0
BANKNIFTY29MAY2546100PE.NFO,2025-05-13,10:51:00,2025-05-29,11.2,11.2,11.2,11.2,0,690,0
BANKNIFTY29MAY2546100PE.NFO,2025-05-13,10:52:00,2025-05-29,11.2,11.2,11.2,11.2,0,690,0
BANKNIFTY29MAY2546100PE.NFO,2025-05-13,10:53:00,2025-05-29,11.2,11.2,11.2,11.2,0,690,0
BANKNIFTY29MAY2546100PE.NFO,2025-05-13,10:54:00,2025-05-29,11.2,11.2,11.2,11.2,0,690,0
BANKNIFTY29MAY2546100PE.NFO,2025-05-13,10:55:00,2025-05-29,11.2,11.2,11.2,11.2,0,690,0
BANKNIFTY29MAY2546100PE.NFO,2025-05-13,10:56:00,2025-05-29,11.2,11.2,11.2,11.2,0,690,0
BANKNIFTY29MAY2546100PE.NFO,2025-05-13,10:57:00,2025-05-29,11.2,11.2,11.2,11.2,0,690,0
BANKNIFTY29MAY2546100PE.NFO,2025-05-13,10:58:00,2025-05-29,11.2,11.2,11.2,11.2,0,690,0
BANKNIFTY29MAY2546100PE.NFO,2025-05-13,10:59:00,2025-05-29,11.2,11.2,11.2,11.2,0,690,0
BANKNIFTY29MAY2546100PE.NFO,2025-05-13,11:00:00,2025-05-29,11.2,11.2,11.2,11.2,0,690,0
BANKNIFTY29MAY2546100PE.NFO,2025-05-13,11:01:00,2025-05-29,11.2,11.2,11.2,11.2,0,690,0
BANKNIFTY29MAY2546100PE.NFO,2025-05-13,11:02:00,2025-05-29,11.2,11.2,11.2,11.2,0,690,0
BANKNIFTY29MAY2546100PE.NFO,2025-05-13,11:03:00,2025-05-29,11.2,11.2,11.2,11.2,0,690,0
BANKNIFTY29MAY2546100PE.NFO,2025-05-13,11:04:00,2025-05-29,11.2,11.2,10.1,10.1,30,780,0
BANKNIFTY29MAY2546100PE.NFO,2025-05-13,11:05:00,2025-05-29,10.1,10.1,10.1,10.1,0,780,0
BANKNIFTY29MAY2546100PE.NFO,2025-05-13,11:06:00,2025-05-29,10.1,10.1,10.1,10.1,0,780,0
BANKNIFTY29MAY2546100PE.NFO,2025-05-13,11:07:00,2025-05-29,10.1,10.1,10.1,10.1,0,780,0
BANKNIFTY29MAY2546100PE.NFO,2025-05-13,11:08:00,2025-05-29,10.1,10.1,10.1,10.1,0,780,0
BANKNIFTY29MAY2546100PE.NFO,2025-05-13,11:09:00,2025-05-29,10.1,10.1,10.1,10.1,0,780,0
BANKNIFTY29MAY2546100PE.NFO,2025-05-13,11:10:00,2025-05-29,10.1,10.1,10.1,10.1,0,780,0
BANKNIFTY29MAY2546100PE.NFO,2025-05-13,11:11:00,2025-05-29,10.1,10.1,10.1,10.1,0,780,0
BANKNIFTY29MAY2546100PE.NFO,2025-05-13,11:12:00,2025-05-29,10.1,10.1,10.1,10.1,0,780,0
BANKNIFTY29MAY2546100PE.NFO,2025-05-13,11:13:00,2025-05-29,10.1,10.1,10.1,10.1,0,780,0
BANKNIFTY29MAY2546100PE.NFO,2025-05-13,11:14:00,2025-05-29,10.1,10.1,10.1,10.1,0,780,0
BANKNIFTY29MAY2546100PE.NFO,2025-05-13,11:15:00,2025-05-29,10.1,10.1,10.1,10.1,0,780,0
BANKNIFTY29MAY2546100PE.NFO,2025-05-13,11:16:00,2025-05-29,10.1,10.1,10.1,10.1,0,780,0
BANKNIFTY29MAY2546100PE.NFO,2025-05-13,11:17:00,2025-05-29,10.1,10.1,10.1,10.1,0,780,0
BANKNIFTY29MAY2546100PE.NFO,2025-05-13,11:18:00,2025-05-29,10.1,10.1,10.1,10.1,0,780,0
BANKNIFTY29MAY2546100PE.NFO,2025-05-13,11:19:00,2025-05-29,10.1,10.1,10.1,10.1,0,780,0
BANKNIFTY29MAY2546100PE.NFO,2025-05-13,11:20:00,2025-05-29,10.1,10.1,10.1,10.1,0,780,0
BANKNIFTY29MAY2546100PE.NFO,2025-05-13,11:21:00,2025-05-29,10.1,10.1,10.1,10.1,0,780,0
BANKNIFTY29MAY2546100PE.NFO,2025-05-13,11:22:00,2025-05-29,10.1,10.1,10.1,10.1,0,780,0
BANKNIFTY29MAY2546100PE.NFO,2025-05-13,11:23:00,2025-05-29,10.1,10.1,10.1,10.1,0,780,0
BANKNIFTY29MAY2546100PE.NFO,2025-05-13,11:24:00,2025-05-29,10.1,10.1,10.1,10.1,0,780,0
BANKNIFTY29MAY2546100PE.NFO,2025-05-13,11:25:00,2025-05-29,10.1,10.1,10.1,10.1,0,780,0
BANKNIFTY29MAY2546100PE.NFO,2025-05-13,11:26:00,2025-05-29,10.1,10.1,10.1,10.1,0,780,0
BANKNIFTY29MAY2546100PE.NFO,2025-05-13,11:27:00,2025-05-29,10.1,10.1,10.1,10.1,0,780,0
BANKNIFTY29MAY2546100PE.NFO,2025-05-13,11:28:00,2025-05-29,10.1,10.1,10.1,10.1,0,780,0
BANKNIFTY29MAY2546100PE.NFO,2025-05-13,11:29:00,2025-05-29,10.1,10.1,10.1,10.1,0,780,0
BANKNIFTY29MAY2546100PE.NFO,2025-05-13,11:30:00,2025-05-29,10.1,10.1,10.1,10.1,0,780,0
BANKNIFTY29MAY2546100PE.NFO,2025-05-13,11:31:00,2025-05-29,10.1,10.1,10.1,10.1,0,780,0
BANKNIFTY29MAY2546100PE.NFO,2025-05-13,11:32:00,2025-05-29,10.1,10.1,10.1,10.1,0,780,0
BANKNIFTY29MAY2546100PE.NFO,2025-05-13,11:33:00,2025-05-29,10.1,10.1,10.1,10.1,0,780,0
BANKNIFTY29MAY2546100PE.NFO,2025-05-13,11:34:00,2025-05-29,10.1,10.1,10.1,10.1,0,780,0
BANKNIFTY29MAY2546100PE.NFO,2025-05-13,11:35:00,2025-05-29,10.1,10.1,10.1,10.1,0,780,0
BANKNIFTY29MAY2546100PE.NFO,2025-05-13,11:36:00,2025-05-29,10.1,10.1,10.1,10.1,0,780,0
BANKNIFTY29MAY2546100PE.NFO,2025-05-13,11:37:00,2025-05-29,10.1,10.1,10.1,10.1,0,780,0
BANKNIFTY29MAY2546100PE.NFO,2025-05-13,11:38:00,2025-05-29,10.1,10.1,10.1,10.1,0,780,0
BANKNIFTY29MAY2546100PE.NFO,2025-05-13,11:39:00,2025-05-29,10.1,10.1,10.1,10.1,0,780,0
BANKNIFTY29MAY2546100PE.NFO,2025-05-13,11:40:00,2025-05-29,10.1,10.1,10.1,10.1,0,780,0
BANKNIFTY29MAY2546100PE.NFO,2025-05-13,11:41:00,2025-05-29,10.1,10.1,10.1,10.1,0,780,0
BANKNIFTY29MAY2546100PE.NFO,2025-05-13,11:42:00,2025-05-29,10.1,10.1,10.1,10.1,0,780,0
BANKNIFTY29MAY2546100PE.NFO,2025-05-13,11:43:00,2025-05-29,10.1,10.1,10.1,10.1,0,780,0
BANKNIFTY29MAY2546100PE.NFO,2025-05-13,11:44:00,2025-05-29,10.1,10.1,10.1,10.1,0,780,0
BANKNIFTY29MAY2546100PE.NFO,2025-05-13,11:45:00,2025-05-29,10.1,10.1,10.1,10.1,0,780,0
BANKNIFTY29MAY2546100PE.NFO,2025-05-13,11:46:00,2025-05-29,10.1,10.1,10.1,10.1,0,780,0
BANKNIFTY29MAY2546100PE.NFO,2025-05-13,11:47:00,2025-05-29,10.1,10.1,10.1,10.1,0,780,0
BANKNIFTY29MAY2546100PE.NFO,2025-05-13,11:48:00,2025-05-29,10.1,10.1,10.1,10.1,0,780,0
BANKNIFTY29MAY2546100PE.NFO,2025-05-13,11:49:00,2025-05-29,10.1,10.1,10.1,10.1,0,780,0
BANKNIFTY29MAY2546100PE.NFO,2025-05-13,11:50:00,2025-05-29,10.1,10.1,10.1,10.1,0,780,0
BANKNIFTY29MAY2546100PE.NFO,2025-05-13,11:51:00,2025-05-29,10.1,10.1,10.1,10.1,0,780,0
BANKNIFTY29MAY2546100PE.NFO,2025-05-13,11:52:00,2025-05-29,10.1,10.1,10.1,10.1,0,780,0
BANKNIFTY29MAY2546100PE.NFO,2025-05-13,11:53:00,2025-05-29,10.1,10.1,10.1,10.1,0,780,0
BANKNIFTY29MAY2546100PE.NFO,2025-05-13,11:54:00,2025-05-29,10.1,10.1,10.1,10.1,0,780,0
BANKNIFTY29MAY2546100PE.NFO,2025-05-13,11:55:00,2025-05-29,10.1,10.1,10.1,10.1,0,780,0
BANKNIFTY29MAY2546100PE.NFO,2025-05-13,11:56:00,2025-05-29,10.1,10.1,10.1,10.1,0,780,0
BANKNIFTY29MAY2546100PE.NFO,2025-05-13,11:57:00,2025-05-29,10.1,10.1,10.1,10.1,0,780,0
BANKNIFTY29MAY2546100PE.NFO,2025-05-13,11:58:00,2025-05-29,10.1,10.1,10.1,10.1,0,780,0
BANKNIFTY29MAY2546100PE.NFO,2025-05-13,11:59:00,2025-05-29,10.1,10.1,10.1,10.1,0,780,0
BANKNIFTY29MAY2546100PE.NFO,2025-05-13,12:00:00,2025-05-29,10.1,10.1,10.1,10.1,0,780,0
BANKNIFTY29MAY2546100PE.NFO,2025-05-13,12:01:00,2025-05-29,10.1,10.1,10.1,10.1,0,780,0
BANKNIFTY29MAY2546100PE.NFO,2025-05-13,12:02:00,2025-05-29,10.1,10.1,10.1,10.1,0,780,0
BANKNIFTY29MAY2546100PE.NFO,2025-05-13,12:03:00,2025-05-29,10.1,10.1,10.1,10.1,0,780,0
BANKNIFTY29MAY2546100PE.NFO,2025-05-13,12:04:00,2025-05-29,10.1,10.1,10.1,10.1,0,780,0
BANKNIFTY29MAY2546100PE.NFO,2025-05-13,12:05:00,2025-05-29,10.1,10.1,10.1,10.1,0,780,0
BANKNIFTY29MAY2546100PE.NFO,2025-05-13,12:06:00,2025-05-29,10.1,10.1,10.1,10.1,0,780,0
BANKNIFTY29MAY2546100PE.NFO,2025-05-13,12:07:00,2025-05-29,10.1,10.1,10.1,10.1,0,780,0
BANKNIFTY29MAY2546100PE.NFO,2025-05-13,12:08:00,2025-05-29,10.1,10.1,10.1,10.1,0,780,0
BANKNIFTY29MAY2546100PE.NFO,2025-05-13,12:09:00,2025-05-29,10.1,10.1,10.1,10.1,0,780,0
BANKNIFTY29MAY2546100PE.NFO,2025-05-13,12:10:00,2025-05-29,10.1,10.1,10.1,10.1,0,780,0
BANKNIFTY29MAY2546100PE.NFO,2025-05-13,12:11:00,2025-05-29,10.1,10.1,10.1,10.1,0,780,0
BANKNIFTY29MAY2546100PE.NFO,2025-05-13,12:12:00,2025-05-29,10.1,10.1,10.1,10.1,0,780,0
BANKNIFTY29MAY2546100PE.NFO,2025-05-13,12:13:00,2025-05-29,10.1,10.1,10.1,10.1,0,780,0
BANKNIFTY29MAY2546100PE.NFO,2025-05-13,12:14:00,2025-05-29,10.1,10.1,10.1,10.1,0,780,0
BANKNIFTY29MAY2546100PE.NFO,2025-05-13,12:15:00,2025-05-29,10.1,10.1,10.1,10.1,0,780,0
BANKNIFTY29MAY2546100PE.NFO,2025-05-13,12:16:00,2025-05-29,10.1,10.1,10.1,10.1,0,780,0
BANKNIFTY29MAY2546100PE.NFO,2025-05-13,12:17:00,2025-05-29,10.1,10.1,10.1,10.1,0,780,0
BANKNIFTY29MAY2546100PE.NFO,2025-05-13,12:18:00,2025-05-29,10.1,10.1,10.1,10.1,0,780,0
BANKNIFTY29MAY2546100PE.NFO,2025-05-13,12:19:00,2025-05-29,10.1,10.1,10.1,10.1,0,780,0
BANKNIFTY29MAY2546100PE.NFO,2025-05-13,12:20:00,2025-05-29,10.1,10.1,10.1,10.1,0,780,0
BANKNIFTY29MAY2546100PE.NFO,2025-05-13,12:21:00,2025-05-29,10.1,10.1,10.1,10.1,0,780,0
BANKNIFTY29MAY2546100PE.NFO,2025-05-13,12:22:00,2025-05-29,10.1,10.1,10.1,10.1,0,780,0
BANKNIFTY29MAY2546100PE.NFO,2025-05-13,12:23:00,2025-05-29,10.1,10.1,10.1,10.1,0,780,0
BANKNIFTY29MAY2546100PE.NFO,2025-05-13,12:24:00,2025-05-29,10.1,10.1,10.1,10.1,0,780,0
BANKNIFTY29MAY2546100PE.NFO,2025-05-13,12:25:00,2025-05-29,10.1,10.1,10.1,10.1,0,780,0
BANKNIFTY29MAY2546100PE.NFO,2025-05-13,12:26:00,2025-05-29,10.1,10.1,10.1,10.1,0,780,0
BANKNIFTY29MAY2546100PE.NFO,2025-05-13,12:27:00,2025-05-29,10.1,10.1,10.1,10.1,0,780,0
BANKNIFTY29MAY2546100PE.NFO,2025-05-13,12:28:00,2025-05-29,10.1,10.1,10.1,10.1,0,780,0
BANKNIFTY29MAY2546100PE.NFO,2025-05-13,12:29:00,2025-05-29,10.1,10.1,10.1,10.1,0,780,0
BANKNIFTY29MAY2546100PE.NFO,2025-05-13,12:30:00,2025-05-29,10.1,10.1,10.1,10.1,0,780,0
BANKNIFTY29MAY2546100PE.NFO,2025-05-13,12:31:00,2025-05-29,10.1,10.1,10.1,10.1,0,780,0
BANKNIFTY29MAY2546100PE.NFO,2025-05-13,12:32:00,2025-05-29,10.1,10.1,10.1,10.1,0,780,0
BANKNIFTY29MAY2546100PE.NFO,2025-05-13,12:33:00,2025-05-29,10.1,10.1,10.1,10.1,0,780,0
BANKNIFTY29MAY2546100PE.NFO,2025-05-13,12:34:00,2025-05-29,10.1,10.1,10.1,10.1,0,780,0
BANKNIFTY29MAY2546100PE.NFO,2025-05-13,12:35:00,2025-05-29,10.1,10.1,10.1,10.1,0,780,0
BANKNIFTY29MAY2546100PE.NFO,2025-05-13,12:36:00,2025-05-29,10.1,10.1,10.1,10.1,0,780,0
BANKNIFTY29MAY2546100PE.NFO,2025-05-13,12:37:00,2025-05-29,10.1,10.1,10.1,10.1,0,780,0
BANKNIFTY29MAY2546100PE.NFO,2025-05-13,12:38:00,2025-05-29,10.1,10.1,10.1,10.1,0,780,0
BANKNIFTY29MAY2546100PE.NFO,2025-05-13,12:39:00,2025-05-29,10.1,10.1,10.1,10.1,0,780,0
BANKNIFTY29MAY2546100PE.NFO,2025-05-13,12:40:00,2025-05-29,10.1,10.1,10.1,10.1,0,780,0
BANKNIFTY29MAY2546100PE.NFO,2025-05-13,12:41:00,2025-05-29,10.1,10.1,10.1,10.1,0,780,0
BANKNIFTY29MAY2546100PE.NFO,2025-05-13,12:42:00,2025-05-29,10.1,10.1,10.1,10.1,0,780,0
BANKNIFTY29MAY2546100PE.NFO,2025-05-13,12:43:00,2025-05-29,10.1,10.1,10.1,10.1,0,780,0
BANKNIFTY29MAY2546100PE.NFO,2025-05-13,12:44:00,2025-05-29,10.1,10.1,8.3,8.3,30,750,0
BANKNIFTY29MAY2546100PE.NFO,2025-05-13,12:45:00,2025-05-29,8.3,8.3,8.3,8.3,0,750,0
BANKNIFTY29MAY2546100PE.NFO,2025-05-13,12:46:00,2025-05-29,8.3,9.65,8.3,9.65,30,750,0
BANKNIFTY29MAY2546100PE.NFO,2025-05-13,12:47:00,2025-05-29,9.65,9.65,9.65,9.65,0,750,0
BANKNIFTY29MAY2546100PE.NFO,2025-05-13,12:48:00,2025-05-29,9.65,9.65,9.65,9.65,0,750,0
BANKNIFTY29MAY2546100PE.NFO,2025-05-13,12:49:00,2025-05-29,9.65,9.65,9.65,9.65,0,750,0
BANKNIFTY29MAY2546100PE.NFO,2025-05-13,12:50:00,2025-05-29,9.65,9.65,9.65,9.65,0,750,0
BANKNIFTY29MAY2546100PE.NFO,2025-05-13,12:51:00,2025-05-29,9.65,9.65,9.65,9.65,0,750,0
BANKNIFTY29MAY2546100PE.NFO,2025-05-13,12:52:00,2025-05-29,9.65,9.65,9.65,9.65,0,750,0
BANKNIFTY29MAY2546100PE.NFO,2025-05-13,12:53:00,2025-05-29,9.65,9.65,9.65,9.65,0,750,0
BANKNIFTY29MAY2546100PE.NFO,2025-05-13,12:54:00,2025-05-29,9.65,9.65,9.65,9.65,0,750,0
BANKNIFTY29MAY2546100PE.NFO,2025-05-13,12:55:00,2025-05-29,9.65,9.65,9.65,9.65,0,750,0
BANKNIFTY29MAY2546100PE.NFO,2025-05-13,12:56:00,2025-05-29,9.65,9.65,9.65,9.65,0,750,0
BANKNIFTY29MAY2546100PE.NFO,2025-05-13,12:57:00,2025-05-29,9.65,9.65,9.65,9.65,0,750,0
BANKNIFTY29MAY2546100PE.NFO,2025-05-13,12:58:00,2025-05-29,9.65,9.65,9.65,9.65,0,750,0
BANKNIFTY29MAY2546100PE.NFO,2025-05-13,12:59:00,2025-05-29,9.65,9.65,9.65,9.65,0,750,0
BANKNIFTY29MAY2546100PE.NFO,2025-05-13,13:00:00,2025-05-29,9.65,9.65,9.65,9.65,0,750,0
BANKNIFTY29MAY2546100PE.NFO,2025-05-13,13:01:00,2025-05-29,9.65,9.65,9.65,9.65,0,750,0
BANKNIFTY29MAY2546100PE.NFO,2025-05-13,13:02:00,2025-05-29,9.65,9.65,9.65,9.65,0,750,0
BANKNIFTY29MAY2546100PE.NFO,2025-05-13,13:03:00,2025-05-29,9.65,9.65,9.65,9.65,0,750,0
BANKNIFTY29MAY2546100PE.NFO,2025-05-13,13:04:00,2025-05-29,9.65,9.65,9.65,9.65,0,750,0
BANKNIFTY29MAY2546100PE.NFO,2025-05-13,13:05:00,2025-05-29,9.65,9.65,9.65,9.65,0,750,0
BANKNIFTY29MAY2546100PE.NFO,2025-05-13,13:06:00,2025-05-29,9.65,9.65,9.65,9.65,0,750,0
BANKNIFTY29MAY2546100PE.NFO,2025-05-13,13:07:00,2025-05-29,9.65,9.65,9.65,9.65,0,750,0
BANKNIFTY29MAY2546100PE.NFO,2025-05-13,13:08:00,2025-05-29,9.65,9.65,9.65,9.65,0,750,0
BANKNIFTY29MAY2546100PE.NFO,2025-05-13,13:09:00,2025-05-29,9.65,9.65,9.65,9.65,0,750,0
BANKNIFTY29MAY2546100PE.NFO,2025-05-13,13:10:00,2025-05-29,9.65,9.65,9.65,9.65,0,750,0
BANKNIFTY29MAY2546100PE.NFO,2025-05-13,13:11:00,2025-05-29,9.65,9.65,9.65,9.65,0,750,0
BANKNIFTY29MAY2546100PE.NFO,2025-05-13,13:12:00,2025-05-29,9.65,9.65,9.65,9.65,0,750,0
BANKNIFTY29MAY2546100PE.NFO,2025-05-13,13:13:00,2025-05-29,9.65,9.65,9.65,9.65,0,750,0
BANKNIFTY29MAY2546100PE.NFO,2025-05-13,13:14:00,2025-05-29,9.65,9.65,9.65,9.65,0,750,0
BANKNIFTY29MAY2546100PE.NFO,2025-05-13,13:15:00,2025-05-29,9.65,9.65,9.65,9.65,0,750,0
BANKNIFTY29MAY2546100PE.NFO,2025-05-13,13:16:00,2025-05-29,9.65,9.65,9.65,9.65,0,750,0
BANKNIFTY29MAY2546100PE.NFO,2025-05-13,13:17:00,2025-05-29,9.65,9.65,9.65,9.65,0,750,0
BANKNIFTY29MAY2546100PE.NFO,2025-05-13,13:18:00,2025-05-29,9.65,9.65,9.65,9.65,0,750,0
BANKNIFTY29MAY2546100PE.NFO,2025-05-13,13:19:00,2025-05-29,9.65,9.65,9.65,9.65,0,750,0
BANKNIFTY29MAY2546100PE.NFO,2025-05-13,13:20:00,2025-05-29,9.65,9.65,9.65,9.65,0,750,0
BANKNIFTY29MAY2546100PE.NFO,2025-05-13,13:21:00,2025-05-29,9.65,9.65,9.65,9.65,0,750,0
BANKNIFTY29MAY2546100PE.NFO,2025-05-13,13:22:00,2025-05-29,9.65,9.65,9.65,9.65,0,750,0
BANKNIFTY29MAY2546100PE.NFO,2025-05-13,13:23:00,2025-05-29,9.65,9.65,9.65,9.65,0,750,0
BANKNIFTY29MAY2546100PE.NFO,2025-05-13,13:24:00,2025-05-29,9.65,9.65,9.65,9.65,0,750,0
BANKNIFTY29MAY2546100PE.NFO,2025-05-13,13:25:00,2025-05-29,9.65,9.65,9.65,9.65,0,750,0
BANKNIFTY29MAY2546100PE.NFO,2025-05-13,13:26:00,2025-05-29,9.65,9.65,9.65,9.65,0,750,0
BANKNIFTY29MAY2546100PE.NFO,2025-05-13,13:27:00,2025-05-29,9.65,9.65,9.65,9.65,0,750,0
BANKNIFTY29MAY2546100PE.NFO,2025-05-13,13:28:00,2025-05-29,9.65,9.65,9.65,9.65,0,750,0
BANKNIFTY29MAY2546100PE.NFO,2025-05-13,13:29:00,2025-05-29,9.65,9.65,9.65,9.65,0,750,0
BANKNIFTY29MAY2546100PE.NFO,2025-05-13,13:30:00,2025-05-29,9.65,9.65,9.65,9.65,0,750,0
BANKNIFTY29MAY2546100PE.NFO,2025-05-13,13:31:00,2025-05-29,9.65,9.65,9.65,9.65,0,750,0
BANKNIFTY29MAY2546100PE.NFO,2025-05-13,13:32:00,2025-05-29,9.65,9.65,9.65,9.65,0,750,0
BANKNIFTY29MAY2546100PE.NFO,2025-05-13,13:33:00,2025-05-29,9.65,9.65,9.65,9.65,0,750,0
BANKNIFTY29MAY2546100PE.NFO,2025-05-13,13:34:00,2025-05-29,9.65,9.65,9.65,9.65,0,750,0
BANKNIFTY29MAY2546100PE.NFO,2025-05-13,13:35:00,2025-05-29,9.65,9.65,9.65,9.65,0,750,0
BANKNIFTY29MAY2546100PE.NFO,2025-05-13,13:36:00,2025-05-29,9.65,9.65,9.65,9.65,0,750,0
BANKNIFTY29MAY2546100PE.NFO,2025-05-13,13:37:00,2025-05-29,9.65,9.65,9.65,9.65,0,750,0
BANKNIFTY29MAY2546100PE.NFO,2025-05-13,13:38:00,2025-05-29,9.65,9.65,9.65,9.65,0,750,0
BANKNIFTY29MAY2546100PE.NFO,2025-05-13,13:39:00,2025-05-29,9.65,9.65,9.65,9.65,0,750,0
BANKNIFTY29MAY2546100PE.NFO,2025-05-13,13:40:00,2025-05-29,9.65,9.65,9.65,9.65,0,750,0
BANKNIFTY29MAY2546100PE.NFO,2025-05-13,13:41:00,2025-05-29,9.65,9.65,9.65,9.65,0,750,0
BANKNIFTY29MAY2546100PE.NFO,2025-05-13,13:42:00,2025-05-29,9.65,9.65,9.65,9.65,0,750,0
BANKNIFTY29MAY2546100PE.NFO,2025-05-13,13:43:00,2025-05-29,9.65,9.65,9.65,9.65,0,750,0
BANKNIFTY29MAY2546100PE.NFO,2025-05-13,13:44:00,2025-05-29,9.65,9.65,9.65,9.65,0,750,0
BANKNIFTY29MAY2546100PE.NFO,2025-05-13,13:45:00,2025-05-29,9.65,9.65,9.65,9.65,0,750,0
BANKNIFTY29MAY2546100PE.NFO,2025-05-13,13:46:00,2025-05-29,9.65,9.65,9.65,9.65,0,750,0
BANKNIFTY29MAY2546100PE.NFO,2025-05-13,13:47:00,2025-05-29,9.65,9.65,9.65,9.65,0,750,0
BANKNIFTY29MAY2546100PE.NFO,2025-05-13,13:48:00,2025-05-29,9.65,9.65,9.65,9.65,0,750,0
BANKNIFTY29MAY2546100PE.NFO,2025-05-13,13:49:00,2025-05-29,9.65,9.65,9.65,9.65,0,750,0
BANKNIFTY29MAY2546100PE.NFO,2025-05-13,13:50:00,2025-05-29,9.65,9.65,9.65,9.65,0,750,0
BANKNIFTY29MAY2546100PE.NFO,2025-05-13,13:51:00,2025-05-29,9.65,9.65,9.65,9.65,30,720,0
BANKNIFTY29MAY2546100PE.NFO,2025-05-13,13:52:00,2025-05-29,9.65,9.65,9.65,9.65,0,720,0
BANKNIFTY29MAY2546100PE.NFO,2025-05-13,13:53:00,2025-05-29,9.65,9.65,9.65,9.65,0,720,0
BANKNIFTY29MAY2546100PE.NFO,2025-05-13,13:54:00,2025-05-29,9.65,9.65,9.65,9.65,0,720,0
BANKNIFTY29MAY2546100PE.NFO,2025-05-13,13:55:00,2025-05-29,9.65,9.65,9.65,9.65,0,720,0
BANKNIFTY29MAY2546100PE.NFO,2025-05-13,13:56:00,2025-05-29,9.65,9.65,9.65,9.65,0,720,0
BANKNIFTY29MAY2546100PE.NFO,2025-05-13,13:57:00,2025-05-29,9.65,9.65,9.65,9.65,0,720,0
BANKNIFTY29MAY2546100PE.NFO,2025-05-13,13:58:00,2025-05-29,9.65,9.65,9.65,9.65,0,720,0
BANKNIFTY29MAY2546100PE.NFO,2025-05-13,13:59:00,2025-05-29,9.65,9.65,9.65,9.65,0,720,0
BANKNIFTY29MAY2546100PE.NFO,2025-05-13,14:00:00,2025-05-29,9.65,9.65,9.65,9.65,0,720,0
BANKNIFTY29MAY2546100PE.NFO,2025-05-13,14:01:00,2025-05-29,9.65,9.65,9.65,9.65,0,720,0
BANKNIFTY29MAY2546100PE.NFO,2025-05-13,14:02:00,2025-05-29,9.65,9.65,9.65,9.65,0,720,0
BANKNIFTY29MAY2546100PE.NFO,2025-05-13,14:03:00,2025-05-29,9.65,9.65,9.65,9.65,0,720,0
BANKNIFTY29MAY2546100PE.NFO,2025-05-13,14:04:00,2025-05-29,9.65,9.65,9.65,9.65,0,720,0
BANKNIFTY29MAY2546100PE.NFO,2025-05-13,14:05:00,2025-05-29,9.65,9.65,9.65,9.65,0,720,0
BANKNIFTY29MAY2546100PE.NFO,2025-05-13,14:06:00,2025-05-29,9.65,9.65,9.65,9.65,0,720,0
BANKNIFTY29MAY2546100PE.NFO,2025-05-13,14:07:00,2025-05-29,9.65,9.65,9.65,9.65,0,720,0
BANKNIFTY29MAY2546100PE.NFO,2025-05-13,14:08:00,2025-05-29,9.65,9.65,9.65,9.65,0,720,0
BANKNIFTY29MAY2546100PE.NFO,2025-05-13,14:09:00,2025-05-29,9.65,9.65,9.65,9.65,0,720,0
BANKNIFTY29MAY2546100PE.NFO,2025-05-13,14:10:00,2025-05-29,9.65,9.65,9.65,9.65,0,720,0
BANKNIFTY29MAY2546100PE.NFO,2025-05-13,14:11:00,2025-05-29,9.65,9.65,9.65,9.65,0,720,0
BANKNIFTY29MAY2546100PE.NFO,2025-05-13,14:12:00,2025-05-29,9.65,9.65,9.65,9.65,0,720,0
BANKNIFTY29MAY2546100PE.NFO,2025-05-13,14:13:00,2025-05-29,9.65,9.65,9.65,9.65,0,720,0
BANKNIFTY29MAY2546100PE.NFO,2025-05-13,14:14:00,2025-05-29,9.65,9.65,9.65,9.65,0,720,0
BANKNIFTY29MAY2546100PE.NFO,2025-05-13,14:15:00,2025-05-29,9.65,9.65,9.65,9.65,0,720,0
BANKNIFTY29MAY2546100PE.NFO,2025-05-13,14:16:00,2025-05-29,9.65,9.65,9.65,9.65,0,720,0
BANKNIFTY29MAY2546100PE.NFO,2025-05-13,14:17:00,2025-05-29,9.65,9.65,9.65,9.65,0,720,0
BANKNIFTY29MAY2546100PE.NFO,2025-05-13,14:18:00,2025-05-29,9.65,9.65,9.65,9.65,0,720,0
BANKNIFTY29MAY2546100PE.NFO,2025-05-13,14:19:00,2025-05-29,9.65,9.65,9.65,9.65,0,720,0
BANKNIFTY29MAY2546100PE.NFO,2025-05-13,14:20:00,2025-05-29,9.65,9.65,9.65,9.65,0,720,0
BANKNIFTY29MAY2546100PE.NFO,2025-05-13,14:21:00,2025-05-29,9.65,9.65,9.65,9.65,0,720,0
BANKNIFTY29MAY2546100PE.NFO,2025-05-13,14:22:00,2025-05-29,9.65,9.65,9.65,9.65,0,720,0
BANKNIFTY29MAY2546100PE.NFO,2025-05-13,14:23:00,2025-05-29,9.65,9.65,9.65,9.65,0,720,0
BANKNIFTY29MAY2546100PE.NFO,2025-05-13,14:24:00,2025-05-29,9.65,9.65,9.65,9.65,0,720,0
BANKNIFTY29MAY2546100PE.NFO,2025-05-13,14:25:00,2025-05-29,9.65,9.65,9.65,9.65,0,720,0
BANKNIFTY29MAY2546100PE.NFO,2025-05-13,14:26:00,2025-05-29,9.65,9.65,9.65,9.65,0,720,0
BANKNIFTY29MAY2546100PE.NFO,2025-05-13,14:27:00,2025-05-29,9.65,9.65,9.65,9.65,0,720,0
BANKNIFTY29MAY2546100PE.NFO,2025-05-13,14:28:00,2025-05-29,9.65,9.65,9.65,9.65,0,720,0
BANKNIFTY29MAY2546100PE.NFO,2025-05-13,14:29:00,2025-05-29,9.65,9.65,9.65,9.65,0,720,0
BANKNIFTY29MAY2546100PE.NFO,2025-05-13,14:30:00,2025-05-29,9.65,9.65,9.65,9.65,0,720,0
BANKNIFTY29MAY2546100PE.NFO,2025-05-13,14:31:00,2025-05-29,9.65,9.65,9.65,9.65,0,720,0
BANKNIFTY29MAY2546100PE.NFO,2025-05-13,14:32:00,2025-05-29,9.65,9.65,9.65,9.65,0,720,0
BANKNIFTY29MAY2546100PE.NFO,2025-05-13,14:33:00,2025-05-29,9.65,9.65,9.65,9.65,0,720,0
BANKNIFTY29MAY2546100PE.NFO,2025-05-13,14:34:00,2025-05-29,9.65,9.65,9.65,9.65,0,720,0
BANKNIFTY29MAY2546100PE.NFO,2025-05-13,14:35:00,2025-05-29,9.65,9.65,9.65,9.65,0,720,0
BANKNIFTY29MAY2546100PE.NFO,2025-05-13,14:36:00,2025-05-29,9.65,9.65,9.65,9.65,0,720,0
BANKNIFTY29MAY2546100PE.NFO,2025-05-13,14:37:00,2025-05-29,9.65,9.65,9.65,9.65,0,720,0
BANKNIFTY29MAY2546100PE.NFO,2025-05-13,14:38:00,2025-05-29,9.65,9.65,9.65,9.65,0,720,0
BANKNIFTY29MAY2546100PE.NFO,2025-05-13,14:39:00,2025-05-29,9.65,9.65,9.65,9.65,0,720,0
BANKNIFTY29MAY2546100PE.NFO,2025-05-13,14:40:00,2025-05-29,9.65,9.65,9.65,9.65,0,720,0
BANKNIFTY29MAY2546100PE.NFO,2025-05-13,14:41:00,2025-05-29,9.65,9.65,9.65,9.65,0,720,0
BANKNIFTY29MAY2546100PE.NFO,2025-05-13,14:42:00,2025-05-29,9.65,9.65,9.65,9.65,0,720,0
BANKNIFTY29MAY2546100PE.NFO,2025-05-13,14:43:00,2025-05-29,9.65,9.65,9.65,9.65,0,720,0
BANKNIFTY29MAY2546100PE.NFO,2025-05-13,14:44:00,2025-05-29,9.65,9.65,9.65,9.65,0,720,0
BANKNIFTY29MAY2546100PE.NFO,2025-05-13,14:45:00,2025-05-29,9.65,9.65,9.65,9.65,0,720,0
BANKNIFTY29MAY2546100PE.NFO,2025-05-13,14:46:00,2025-05-29,9.65,9.65,9.65,9.65,0,720,0
BANKNIFTY29MAY2546100PE.NFO,2025-05-13,14:47:00,2025-05-29,9.65,9.65,9.65,9.65,0,720,0
BANKNIFTY29MAY2546100PE.NFO,2025-05-13,14:48:00,2025-05-29,9.65,9.65,9.65,9.65,0,720,0
BANKNIFTY29MAY2546100PE.NFO,2025-05-13,14:49:00,2025-05-29,9.65,9.65,9.65,9.65,0,720,0
BANKNIFTY29MAY2546100PE.NFO,2025-05-13,14:50:00,2025-05-29,9.65,9.65,9.65,9.65,0,720,0
BANKNIFTY29MAY2546100PE.NFO,2025-05-13,14:51:00,2025-05-29,9.65,9.65,9.65,9.65,0,720,0
BANKNIFTY29MAY2546100PE.NFO,2025-05-13,14:52:00,2025-05-29,9.65,9.65,9.65,9.65,0,720,0
BANKNIFTY29MAY2546100PE.NFO,2025-05-13,14:53:00,2025-05-29,9.65,9.65,9.65,9.65,0,720,0
BANKNIFTY29MAY2546100PE.NFO,2025-05-13,14:54:00,2025-05-29,9.65,9.65,9.65,9.65,0,720,0
BANKNIFTY29MAY2546100PE.NFO,2025-05-13,14:55:00,2025-05-29,9.65,9.65,9.65,9.65,0,720,0
BANKNIFTY29MAY2546100PE.NFO,2025-05-13,14:56:00,2025-05-29,9.65,9.65,9.65,9.65,0,720,0
BANKNIFTY29MAY2546100PE.NFO,2025-05-13,14:57:00,2025-05-29,9.65,9.65,9.65,9.65,0,720,0
BANKNIFTY29MAY2546100PE.NFO,2025-05-13,14:58:00,2025-05-29,9.65,9.65,9.65,9.65,0,720,0
BANKNIFTY29MAY2546100PE.NFO,2025-05-13,14:59:00,2025-05-29,9.65,9.65,9.65,9.65,0,720,0
BANKNIFTY29MAY2546100PE.NFO,2025-05-13,15:00:00,2025-05-29,9.65,9.65,9.65,9.65,0,720,0
BANKNIFTY29MAY2546100PE.NFO,2025-05-13,15:01:00,2025-05-29,9.65,9.65,9.65,9.65,0,720,0
BANKNIFTY29MAY2546100PE.NFO,2025-05-13,15:02:00,2025-05-29,9.65,9.65,9.65,9.65,0,720,0
BANKNIFTY29MAY2546100PE.NFO,2025-05-13,15:03:00,2025-05-29,9.65,9.65,9.65,9.65,0,720,0
BANKNIFTY29MAY2546100PE.NFO,2025-05-13,15:04:00,2025-05-29,9.65,9.65,9.65,9.65,0,720,0
BANKNIFTY29MAY2546100PE.NFO,2025-05-13,15:05:00,2025-05-29,9.65,9.65,9.65,9.65,0,720,0
BANKNIFTY29MAY2546100PE.NFO,2025-05-13,15:06:00,2025-05-29,9.65,9.65,9.65,9.65,0,720,0
BANKNIFTY29MAY2546100PE.NFO,2025-05-13,15:07:00,2025-05-29,9.65,9.65,9.65,9.65,0,720,0
BANKNIFTY29MAY2546100PE.NFO,2025-05-13,15:08:00,2025-05-29,9.65,9.65,9.65,9.65,0,720,0
BANKNIFTY29MAY2546100PE.NFO,2025-05-13,15:09:00,2025-05-29,9.65,9.65,9.65,9.65,0,720,0
BANKNIFTY29MAY2546100PE.NFO,2025-05-13,15:10:00,2025-05-29,9.65,9.65,9.65,9.65,0,720,0
BANKNIFTY29MAY2546100PE.NFO,2025-05-13,15:11:00,2025-05-29,9.65,9.65,9.65,9.65,0,720,0
BANKNIFTY29MAY2546100PE.NFO,2025-05-13,15:12:00,2025-05-29,9.65,9.65,9.65,9.65,0,720,0
BANKNIFTY29MAY2546100PE.NFO,2025-05-13,15:13:00,2025-05-29,9.65,9.65,9.65,9.65,0,720,0
BANKNIFTY29MAY2546100PE.NFO,2025-05-13,15:14:00,2025-05-29,9.65,9.65,9.65,9.65,0,720,0
BANKNIFTY29MAY2546100PE.NFO,2025-05-13,15:15:00,2025-05-29,9.65,9.65,9.65,9.65,0,720,0
BANKNIFTY29MAY2546100PE.NFO,2025-05-13,15:16:00,2025-05-29,9.65,9.65,9.65,9.65,0,720,0
BANKNIFTY29MAY2546100PE.NFO,2025-05-13,15:17:00,2025-05-29,9.65,9.65,9.65,9.65,0,720,0
BANKNIFTY29MAY2546100PE.NFO,2025-05-13,15:18:00,2025-05-29,9.65,9.65,9.65,9.65,0,720,0
BANKNIFTY29MAY2546100PE.NFO,2025-05-13,15:19:00,2025-05-29,9.65,9.65,9.65,9.65,0,720,0
BANKNIFTY29MAY2546100PE.NFO,2025-05-13,15:20:00,2025-05-29,9.65,9.65,9.65,9.65,0,720,0
BANKNIFTY29MAY2546100PE.NFO,2025-05-13,15:21:00,2025-05-29,9.65,9.65,9.65,9.65,0,720,0
BANKNIFTY29MAY2546100PE.NFO,2025-05-13,15:22:00,2025-05-29,9.65,9.65,9.65,9.65,0,720,0
BANKNIFTY29MAY2546100PE.NFO,2025-05-13,15:23:00,2025-05-29,9.65,9.65,9.65,9.65,0,720,0
BANKNIFTY29MAY2546100PE.NFO,2025-05-13,15:24:00,2025-05-29,9.65,9.65,9.65,9.65,0,720,0
BANKNIFTY29MAY2546100PE.NFO,2025-05-13,15:25:00,2025-05-29,15.0,15.0,8.7,8.7,30,750,0
BANKNIFTY29MAY2546100PE.NFO,2025-05-13,15:26:00,2025-05-29,8.7,10.05,8.7,10.05,90,840,0
BANKNIFTY29MAY2546100PE.NFO,2025-05-13,15:27:00,2025-05-29,10.05,10.05,8.65,8.65,60,840,0
BANKNIFTY29MAY2546100PE.NFO,2025-05-13,15:28:00,2025-05-29,8.65,8.65,8.65,8.65,0,840,0
BANKNIFTY29MAY2546100PE.NFO,2025-05-13,15:29:00,2025-05-29,8.65,8.65,8.65,8.65,0,840,0
BANKNIFTY29MAY2546100PE.NFO,2025-05-13,15:30:00,2025-05-29,8.65,8.65,8.65,8.65,0,840,1
BANKNIFTY29MAY2546100PE.NFO,2025-05-14,09:15:00,2025-05-29,8.2,8.2,8.2,8.2,0,780,0
BANKNIFTY29MAY2546100PE.NFO,2025-05-14,09:16:00,2025-05-29,8.2,8.2,8.2,8.2,0,780,0
BANKNIFTY29MAY2546100PE.NFO,2025-05-14,09:17:00,2025-05-29,8.2,8.2,8.2,8.2,0,780,0
BANKNIFTY29MAY2546100PE.NFO,2025-05-14,09:18:00,2025-05-29,8.2,8.2,8.2,8.2,0,780,0
BANKNIFTY29MAY2546100PE.NFO,2025-05-14,09:19:00,2025-05-29,8.2,8.2,8.2,8.2,0,780,0
BANKNIFTY29MAY2546100PE.NFO,2025-05-14,09:20:00,2025-05-29,8.2,8.2,8.2,8.2,0,780,0
BANKNIFTY29MAY2546100PE.NFO,2025-05-14,09:21:00,2025-05-29,8.2,8.2,8.2,8.2,0,780,0
BANKNIFTY29MAY2546100PE.NFO,2025-05-14,09:22:00,2025-05-29,8.2,8.2,8.2,8.2,0,780,0
BANKNIFTY29MAY2546100PE.NFO,2025-05-14,09:23:00,2025-05-29,8.2,8.2,8.2,8.2,0,780,0
BANKNIFTY29MAY2546100PE.NFO,2025-05-14,09:24:00,2025-05-29,8.2,9.9,8.2,9.9,0,750,0
BANKNIFTY29MAY2546100PE.NFO,2025-05-14,09:25:00,2025-05-29,9.9,9.9,9.9,9.9,30,750,0
BANKNIFTY29MAY2546100PE.NFO,2025-05-14,09:26:00,2025-05-29,6.9,6.9,6.9,6.9,30,750,0
BANKNIFTY29MAY2546100PE.NFO,2025-05-14,09:27:00,2025-05-29,6.9,6.9,6.9,6.9,0,750,0
BANKNIFTY29MAY2546100PE.NFO,2025-05-14,09:28:00,2025-05-29,6.9,6.9,6.9,6.9,0,750,0
BANKNIFTY29MAY2546100PE.NFO,2025-05-14,09:29:00,2025-05-29,6.9,6.9,6.9,6.9,0,750,0
BANKNIFTY29MAY2546100PE.NFO,2025-05-14,09:30:00,2025-05-29,6.9,6.9,6.9,6.9,30,750,0
BANKNIFTY29MAY2546100PE.NFO,2025-05-14,09:31:00,2025-05-29,6.9,6.9,6.9,6.9,0,750,0
BANKNIFTY29MAY2546100PE.NFO,2025-05-14,09:32:00,2025-05-29,6.9,6.9,6.9,6.9,0,750,0
BANKNIFTY29MAY2546100PE.NFO,2025-05-14,09:33:00,2025-05-29,6.9,6.9,6.9,6.9,0,750,0
BANKNIFTY29MAY2546100PE.NFO,2025-05-14,09:34:00,2025-05-29,6.9,6.9,6.9,6.9,0,750,0
BANKNIFTY29MAY2546100PE.NFO,2025-05-14,09:35:00,2025-05-29,6.9,6.9,6.9,6.9,0,750,0
BANKNIFTY29MAY2546100PE.NFO,2025-05-14,09:36:00,2025-05-29,6.9,6.9,6.9,6.9,0,750,0
BANKNIFTY29MAY2546100PE.NFO,2025-05-14,09:37:00,2025-05-29,6.9,6.9,6.9,6.9,0,750,0
BANKNIFTY29MAY2546100PE.NFO,2025-05-14,09:38:00,2025-05-29,6.9,8.3,6.1,7.35,0,720,0
BANKNIFTY29MAY2546100PE.NFO,2025-05-14,09:39:00,2025-05-29,7.35,7.35,6.0,7.35,120,720,0
BANKNIFTY29MAY2546100PE.NFO,2025-05-14,09:40:00,2025-05-29,7.35,7.35,7.35,7.35,0,720,0
BANKNIFTY29MAY2546100PE.NFO,2025-05-14,09:41:00,2025-05-29,7.35,7.35,7.35,7.35,30,690,0
BANKNIFTY29MAY2546100PE.NFO,2025-05-14,09:42:00,2025-05-29,7.35,7.35,7.35,7.35,0,690,0
BANKNIFTY29MAY2546100PE.NFO,2025-05-14,09:43:00,2025-05-29,7.35,7.35,7.35,7.35,0,690,0
BANKNIFTY29MAY2546100PE.NFO,2025-05-14,09:44:00,2025-05-29,7.35,7.35,7.35,7.35,0,690,0
BANKNIFTY29MAY2546100PE.NFO,2025-05-14,09:45:00,2025-05-29,7.35,7.35,7.35,7.35,0,690,0
BANKNIFTY29MAY2546100PE.NFO,2025-05-14,09:46:00,2025-05-29,7.35,7.35,7.35,7.35,0,690,0
BANKNIFTY29MAY2546100PE.NFO,2025-05-14,09:47:00,2025-05-29,7.35,7.35,7.35,7.35,0,690,0
BANKNIFTY29MAY2546100PE.NFO,2025-05-14,09:48:00,2025-05-29,7.35,7.35,7.35,7.35,0,690,0
BANKNIFTY29MAY2546100PE.NFO,2025-05-14,09:49:00,2025-05-29,7.35,7.35,7.35,7.35,0,690,0
BANKNIFTY29MAY2546100PE.NFO,2025-05-14,09:50:00,2025-05-29,7.35,7.35,7.35,7.35,0,690,0
BANKNIFTY29MAY2546100PE.NFO,2025-05-14,09:51:00,2025-05-29,7.35,7.35,7.35,7.35,0,690,0
BANKNIFTY29MAY2546100PE.NFO,2025-05-14,09:52:00,2025-05-29,7.35,7.35,7.35,7.35,0,690,0
BANKNIFTY29MAY2546100PE.NFO,2025-05-14,09:53:00,2025-05-29,7.35,7.35,7.35,7.35,0,690,0
BANKNIFTY29MAY2546100PE.NFO,2025-05-14,09:54:00,2025-05-29,7.35,7.35,7.35,7.35,0,690,0
BANKNIFTY29MAY2546100PE.NFO,2025-05-14,09:55:00,2025-05-29,7.35,7.35,7.35,7.35,0,690,0
BANKNIFTY29MAY2546100PE.NFO,2025-05-14,09:56:00,2025-05-29,7.35,7.35,7.35,7.35,0,690,0
BANKNIFTY29MAY2546100PE.NFO,2025-05-14,09:57:00,2025-05-29,7.35,7.35,7.35,7.35,0,690,0
BANKNIFTY29MAY2546100PE.NFO,2025-05-14,09:58:00,2025-05-29,7.35,7.35,7.35,7.35,0,690,0
BANKNIFTY29MAY2546100PE.NFO,2025-05-14,09:59:00,2025-05-29,7.35,7.35,7.35,7.35,0,690,0
BANKNIFTY29MAY2546100PE.NFO,2025-05-14,10:00:00,2025-05-29,7.35,7.35,7.35,7.35,0,690,0
BANKNIFTY29MAY2546100PE.NFO,2025-05-14,10:01:00,2025-05-29,7.35,7.35,7.35,7.35,0,690,0
BANKNIFTY29MAY2546100PE.NFO,2025-05-14,10:02:00,2025-05-29,7.35,7.35,7.35,7.35,0,690,0
BANKNIFTY29MAY2546100PE.NFO,2025-05-14,10:03:00,2025-05-29,7.35,8.8,7.35,8.8,0,720,0
BANKNIFTY29MAY2546100PE.NFO,2025-05-14,10:04:00,2025-05-29,8.8,8.8,8.8,8.8,150,720,0
BANKNIFTY29MAY2546100PE.NFO,2025-05-14,10:05:00,2025-05-29,8.8,8.8,8.8,8.8,0,720,0
BANKNIFTY29MAY2546100PE.NFO,2025-05-14,10:06:00,2025-05-29,8.8,8.8,8.8,8.8,0,720,0
BANKNIFTY29MAY2546100PE.NFO,2025-05-14,10:07:00,2025-05-29,8.8,8.8,8.8,8.8,0,720,0
BANKNIFTY29MAY2546100PE.NFO,2025-05-14,10:08:00,2025-05-29,8.8,8.8,8.8,8.8,0,720,0
BANKNIFTY29MAY2546100PE.NFO,2025-05-14,10:09:00,2025-05-29,8.8,8.8,8.8,8.8,0,720,0
BANKNIFTY29MAY2546100PE.NFO,2025-05-14,10:10:00,2025-05-29,8.8,8.8,8.8,8.8,0,720,0
BANKNIFTY29MAY2546100PE.NFO,2025-05-14,10:11:00,2025-05-29,8.8,8.8,8.8,8.8,0,720,0
BANKNIFTY29MAY2546100PE.NFO,2025-05-14,10:12:00,2025-05-29,8.8,8.8,8.8,8.8,0,720,0
BANKNIFTY29MAY2546100PE.NFO,2025-05-14,10:13:00,2025-05-29,8.8,8.8,8.8,8.8,0,720,0
BANKNIFTY29MAY2546100PE.NFO,2025-05-14,10:14:00,2025-05-29,8.8,8.8,8.8,8.8,0,720,0
BANKNIFTY29MAY2546100PE.NFO,2025-05-14,10:15:00,2025-05-29,8.8,8.8,8.8,8.8,0,720,0
BANKNIFTY29MAY2546100PE.NFO,2025-05-14,10:16:00,2025-05-29,8.8,8.8,8.8,8.8,0,720,0
BANKNIFTY29MAY2546100PE.NFO,2025-05-14,10:17:00,2025-05-29,8.8,8.8,8.8,8.8,0,720,0
BANKNIFTY29MAY2546100PE.NFO,2025-05-14,10:18:00,2025-05-29,8.8,8.8,8.8,8.8,0,720,0
BANKNIFTY29MAY2546100PE.NFO,2025-05-14,10:19:00,2025-05-29,8.8,8.8,8.8,8.8,0,720,0
BANKNIFTY29MAY2546100PE.NFO,2025-05-14,10:20:00,2025-05-29,8.8,8.8,8.8,8.8,0,720,0
BANKNIFTY29MAY2546100PE.NFO,2025-05-14,10:21:00,2025-05-29,8.8,8.8,8.8,8.8,0,720,0
BANKNIFTY29MAY2546100PE.NFO,2025-05-14,10:22:00,2025-05-29,8.8,8.8,8.8,8.8,0,720,0
BANKNIFTY29MAY2546100PE.NFO,2025-05-14,10:23:00,2025-05-29,8.8,8.8,8.8,8.8,0,720,0
BANKNIFTY29MAY2546100PE.NFO,2025-05-14,10:24:00,2025-05-29,8.8,8.8,8.8,8.8,0,720,0
BANKNIFTY29MAY2546100PE.NFO,2025-05-14,10:25:00,2025-05-29,8.8,8.8,8.8,8.8,0,720,0
BANKNIFTY29MAY2546100PE.NFO,2025-05-14,10:26:00,2025-05-29,8.8,8.8,8.8,8.8,0,720,0
BANKNIFTY29MAY2546100PE.NFO,2025-05-14,10:27:00,2025-05-29,8.8,8.8,7.0,7.0,270,870,0
BANKNIFTY29MAY2546100PE.NFO,2025-05-14,10:28:00,2025-05-29,7.0,7.05,7.0,7.05,90,810,0
BANKNIFTY29MAY2546100PE.NFO,2025-05-14,10:29:00,2025-05-29,7.05,7.05,7.05,7.05,0,810,0
BANKNIFTY29MAY2546100PE.NFO,2025-05-14,10:30:00,2025-05-29,7.05,7.05,7.05,7.05,0,810,0
BANKNIFTY29MAY2546100PE.NFO,2025-05-14,10:31:00,2025-05-29,7.05,7.05,7.05,7.05,0,810,0
BANKNIFTY29MAY2546100PE.NFO,2025-05-14,10:32:00,2025-05-29,7.05,7.05,7.05,7.05,0,810,0
BANKNIFTY29MAY2546100PE.NFO,2025-05-14,10:33:00,2025-05-29,7.05,7.05,7.05,7.05,0,810,0
BANKNIFTY29MAY2546100PE.NFO,2025-05-14,10:34:00,2025-05-29,7.05,7.05,7.05,7.05,0,810,0
BANKNIFTY29MAY2546100PE.NFO,2025-05-14,10:35:00,2025-05-29,7.05,7.05,7.05,7.05,0,810,0
BANKNIFTY29MAY2546100PE.NFO,2025-05-14,10:36:00,2025-05-29,7.05,7.05,7.05,7.05,0,810,0
BANKNIFTY29MAY2546100PE.NFO,2025-05-14,10:37:00,2025-05-29,7.05,7.05,7.05,7.05,0,810,0
BANKNIFTY29MAY2546100PE.NFO,2025-05-14,10:38:00,2025-05-29,7.05,7.05,7.05,7.05,0,810,0
BANKNIFTY29MAY2546100PE.NFO,2025-05-14,10:39:00,2025-05-29,7.05,7.05,7.05,7.05,0,810,0
BANKNIFTY29MAY2546100PE.NFO,2025-05-14,10:40:00,2025-05-29,7.05,7.05,7.05,7.05,0,810,0
BANKNIFTY29MAY2546100PE.NFO,2025-05-14,10:41:00,2025-05-29,7.05,7.05,7.05,7.05,0,810,0
BANKNIFTY29MAY2546100PE.NFO,2025-05-14,10:42:00,2025-05-29,7.05,7.05,7.05,7.05,0,810,0
BANKNIFTY29MAY2546100PE.NFO,2025-05-14,10:43:00,2025-05-29,7.05,7.05,7.05,7.05,0,810,0
BANKNIFTY29MAY2546100PE.NFO,2025-05-14,10:44:00,2025-05-29,7.05,7.05,7.05,7.05,0,810,0
BANKNIFTY29MAY2546100PE.NFO,2025-05-14,10:45:00,2025-05-29,7.05,7.05,7.05,7.05,0,810,0
BANKNIFTY29MAY2546100PE.NFO,2025-05-14,10:46:00,2025-05-29,7.05,7.05,7.05,7.05,0,810,0
BANKNIFTY29MAY2546100PE.NFO,2025-05-14,10:47:00,2025-05-29,7.05,7.05,7.05,7.05,0,810,0
BANKNIFTY29MAY2546100PE.NFO,2025-05-14,10:48:00,2025-05-29,7.05,7.05,7.05,7.05,0,810,0
BANKNIFTY29MAY2546100PE.NFO,2025-05-14,10:49:00,2025-05-29,7.05,7.05,7.05,7.05,0,810,0
BANKNIFTY29MAY2546100PE.NFO,2025-05-14,10:50:00,2025-05-29,7.05,7.05,7.05,7.05,0,810,0
BANKNIFTY29MAY2546100PE.NFO,2025-05-14,10:51:00,2025-05-29,7.05,7.05,7.05,7.05,0,810,0
BANKNIFTY29MAY2546100PE.NFO,2025-05-14,10:52:00,2025-05-29,7.05,7.05,7.05,7.05,0,810,0
BANKNIFTY29MAY2546100PE.NFO,2025-05-14,10:53:00,2025-05-29,7.05,7.05,7.05,7.05,0,810,0
BANKNIFTY29MAY2546100PE.NFO,2025-05-14,10:54:00,2025-05-29,7.05,7.05,7.05,7.05,0,810,1
BANKNIFTY29MAY2546100PE.NFO,2025-05-14,10:55:00,2025-05-29,7.05,7.05,7.05,7.05,0,810,0
BANKNIFTY29MAY2546100PE.NFO,2025-05-14,10:56:00,2025-05-29,7.05,7.05,7.05,7.05,0,810,0
BANKNIFTY29MAY2546100PE.NFO,2025-05-14,10:57:00,2025-05-29,7.05,7.05,7.05,7.05,0,810,1
BANKNIFTY29MAY2546100PE.NFO,2025-05-14,10:58:00,2025-05-29,7.05,7.05,7.05,7.05,0,810,0
BANKNIFTY29MAY2546100PE.NFO,2025-05-14,10:59:00,2025-05-29,7.05,7.05,7.05,7.05,0,810,0
BANKNIFTY29MAY2546100PE.NFO,2025-05-14,11:00:00,2025-05-29,7.05,8.45,7.05,8.45,30,720,0
BANKNIFTY29MAY2546100PE.NFO,2025-05-14,11:01:00,2025-05-29,8.45,8.45,8.45,8.45,0,720,0
BANKNIFTY29MAY2546100PE.NFO,2025-05-14,11:02:00,2025-05-29,8.45,8.45,8.45,8.45,0,720,0
BANKNIFTY29MAY2546100PE.NFO,2025-05-14,11:03:00,2025-05-29,8.45,8.45,8.45,8.45,0,720,0
BANKNIFTY29MAY2546100PE.NFO,2025-05-14,11:04:00,2025-05-29,8.45,8.45,8.45,8.45,0,720,0
BANKNIFTY29MAY2546100PE.NFO,2025-05-14,11:05:00,2025-05-29,8.45,8.45,8.45,8.45,0,720,1
BANKNIFTY29MAY2546100PE.NFO,2025-05-14,11:06:00,2025-05-29,8.45,8.45,8.45,8.45,0,720,0
BANKNIFTY29MAY2546100PE.NFO,2025-05-14,11:07:00,2025-05-29,8.45,8.45,8.45,8.45,0,720,0
BANKNIFTY29MAY2546100PE.NFO,2025-05-14,11:08:00,2025-05-29,8.45,8.45,6.8,6.8,30,720,0
BANKNIFTY29MAY2546100PE.NFO,2025-05-14,11:09:00,2025-05-29,6.8,6.8,6.8,6.8,0,720,0
BANKNIFTY29MAY2546100PE.NFO,2025-05-14,11:10:00,2025-05-29,6.8,6.8,6.8,6.8,0,720,0
BANKNIFTY29MAY2546100PE.NFO,2025-05-14,11:11:00,2025-05-29,6.8,6.8,6.8,6.8,0,720,0
BANKNIFTY29MAY2546100PE.NFO,2025-05-14,11:12:00,2025-05-29,6.8,6.8,6.8,6.8,0,720,0
BANKNIFTY29MAY2546100PE.NFO,2025-05-14,11:13:00,2025-05-29,6.8,6.8,6.8,6.8,0,720,0
BANKNIFTY29MAY2546100PE.NFO,2025-05-14,11:14:00,2025-05-29,6.8,6.8,6.8,6.8,0,720,0
BANKNIFTY29MAY2546100PE.NFO,2025-05-14,11:15:00,2025-05-29,6.8,6.8,6.8,6.8,0,720,0
BANKNIFTY29MAY2546100PE.NFO,2025-05-14,11:16:00,2025-05-29,6.8,6.8,6.8,6.8,0,720,0
BANKNIFTY29MAY2546100PE.NFO,2025-05-14,11:17:00,2025-05-29,6.8,6.8,6.8,6.8,0,720,0
BANKNIFTY29MAY2546100PE.NFO,2025-05-14,11:18:00,2025-05-29,6.8,6.8,6.8,6.8,0,720,0
BANKNIFTY29MAY2546100PE.NFO,2025-05-14,11:19:00,2025-05-29,6.8,6.8,6.8,6.8,0,720,0
BANKNIFTY29MAY2546100PE.NFO,2025-05-14,11:20:00,2025-05-29,6.8,6.8,6.8,6.8,0,720,0
BANKNIFTY29MAY2546100PE.NFO,2025-05-14,11:21:00,2025-05-29,6.8,6.8,6.8,6.8,0,720,0
BANKNIFTY29MAY2546100PE.NFO,2025-05-14,11:22:00,2025-05-29,6.8,6.8,6.8,6.8,0,720,0
BANKNIFTY29MAY2546100PE.NFO,2025-05-14,11:23:00,2025-05-29,6.8,6.8,6.8,6.8,0,720,0
BANKNIFTY29MAY2546100PE.NFO,2025-05-14,11:24:00,2025-05-29,6.8,6.8,6.8,6.8,0,720,0
BANKNIFTY29MAY2546100PE.NFO,2025-05-14,11:25:00,2025-05-29,6.8,6.8,6.8,6.8,0,720,0
BANKNIFTY29MAY2546100PE.NFO,2025-05-14,11:26:00,2025-05-29,6.8,6.8,6.8,6.8,0,720,0
BANKNIFTY29MAY2546100PE.NFO,2025-05-14,11:27:00,2025-05-29,6.8,6.8,6.8,6.8,0,720,0
BANKNIFTY29MAY2546100PE.NFO,2025-05-14,11:28:00,2025-05-29,6.8,7.75,6.8,7.75,30,690,0
BANKNIFTY29MAY2546100PE.NFO,2025-05-14,11:29:00,2025-05-29,7.75,7.75,7.75,7.75,0,690,0
BANKNIFTY29MAY2546100PE.NFO,2025-05-14,11:30:00,2025-05-29,7.75,7.75,7.75,7.75,0,690,0
BANKNIFTY29MAY2546100PE.NFO,2025-05-14,11:31:00,2025-05-29,7.75,7.75,7.75,7.75,0,690,0
BANKNIFTY29MAY2546100PE.NFO,2025-05-14,11:32:00,2025-05-29,7.75,7.75,7.75,7.75,0,690,0
BANKNIFTY29MAY2546100PE.NFO,2025-05-14,11:33:00,2025-05-29,7.75,7.75,7.75,7.75,0,690,0
BANKNIFTY29MAY2546100PE.NFO,2025-05-14,11:34:00,2025-05-29,7.75,7.75,7.75,7.75,0,690,0
BANKNIFTY29MAY2546100PE.NFO,2025-05-14,11:35:00,2025-05-29,7.75,7.75,7.75,7.75,0,690,1
BANKNIFTY29MAY2546100PE.NFO,2025-05-14,11:36:00,2025-05-29,7.75,7.75,7.75,7.75,0,690,1
BANKNIFTY29MAY2546100PE.NFO,2025-05-14,11:37:00,2025-05-29,7.75,7.75,7.75,7.75,0,690,0
BANKNIFTY29MAY2546100PE.NFO,2025-05-14,11:38:00,2025-05-29,7.75,7.75,7.75,7.75,0,690,1
BANKNIFTY29MAY2546100PE.NFO,2025-05-14,11:39:00,2025-05-29,7.75,7.75,7.75,7.75,0,690,1
BANKNIFTY29MAY2546100PE.NFO,2025-05-14,11:40:00,2025-05-29,7.75,7.75,7.75,7.75,0,690,0
BANKNIFTY29MAY2546100PE.NFO,2025-05-14,11:41:00,2025-05-29,7.75,7.75,7.75,7.75,0,690,0
BANKNIFTY29MAY2546100PE.NFO,2025-05-14,11:42:00,2025-05-29,7.75,7.75,7.75,7.75,0,690,0
BANKNIFTY29MAY2546100PE.NFO,2025-05-14,11:43:00,2025-05-29,7.75,7.75,7.75,7.75,0,690,0
BANKNIFTY29MAY2546100PE.NFO,2025-05-14,11:44:00,2025-05-29,7.75,7.75,7.75,7.75,0,690,0
BANKNIFTY29MAY2546100PE.NFO,2025-05-14,11:45:00,2025-05-29,7.75,7.75,7.75,7.75,0,690,0
BANKNIFTY29MAY2546100PE.NFO,2025-05-14,11:46:00,2025-05-29,7.75,7.75,7.75,7.75,0,690,0
BANKNIFTY29MAY2546100PE.NFO,2025-05-14,11:47:00,2025-05-29,7.75,7.75,7.75,7.75,0,690,0
BANKNIFTY29MAY2546100PE.NFO,2025-05-14,11:48:00,2025-05-29,7.75,7.75,7.75,7.75,0,690,0
BANKNIFTY29MAY2546100PE.NFO,2025-05-14,11:49:00,2025-05-29,7.75,7.75,7.75,7.75,0,690,0
BANKNIFTY29MAY2546100PE.NFO,2025-05-14,11:50:00,2025-05-29,7.75,7.75,7.75,7.75,0,690,0
BANKNIFTY29MAY2546100PE.NFO,2025-05-14,11:51:00,2025-05-29,7.75,7.75,7.75,7.75,0,690,0
BANKNIFTY29MAY2546100PE.NFO,2025-05-14,11:52:00,2025-05-29,7.75,7.75,7.75,7.75,0,690,0
BANKNIFTY29MAY2546100PE.NFO,2025-05-14,11:53:00,2025-05-29,7.75,7.75,7.75,7.75,0,690,0
BANKNIFTY29MAY2546100PE.NFO,2025-05-14,11:54:00,2025-05-29,7.75,7.75,7.75,7.75,0,690,0
BANKNIFTY29MAY2546100PE.NFO,2025-05-14,11:55:00,2025-05-29,7.75,7.75,7.75,7.75,0,690,0
BANKNIFTY29MAY2546100PE.NFO,2025-05-14,11:56:00,2025-05-29,7.75,7.75,7.75,7.75,0,690,0
BANKNIFTY29MAY2546100PE.NFO,2025-05-14,11:57:00,2025-05-29,7.75,7.75,7.75,7.75,0,690,0
BANKNIFTY29MAY2546100PE.NFO,2025-05-14,11:58:00,2025-05-29,7.75,7.75,7.75,7.75,0,690,0
BANKNIFTY29MAY2546100PE.NFO,2025-05-14,11:59:00,2025-05-29,7.75,7.75,7.75,7.75,0,690,0
BANKNIFTY29MAY2546100PE.NFO,2025-05-14,12:00:00,2025-05-29,7.75,7.75,7.75,7.75,0,690,0
BANKNIFTY29MAY2546100PE.NFO,2025-05-14,12:01:00,2025-05-29,7.75,7.75,7.75,7.75,0,690,0
BANKNIFTY29MAY2546100PE.NFO,2025-05-14,12:02:00,2025-05-29,7.75,7.75,7.75,7.75,0,690,0
BANKNIFTY29MAY2546100PE.NFO,2025-05-14,12:03:00,2025-05-29,7.75,7.75,7.75,7.75,0,690,0
BANKNIFTY29MAY2546100PE.NFO,2025-05-14,12:04:00,2025-05-29,7.75,7.75,7.75,7.75,0,690,0
BANKNIFTY29MAY2546100PE.NFO,2025-05-14,12:05:00,2025-05-29,7.75,7.75,7.75,7.75,0,690,0
BANKNIFTY29MAY2546100PE.NFO,2025-05-14,12:06:00,2025-05-29,7.75,7.75,7.75,7.75,0,690,0
BANKNIFTY29MAY2546100PE.NFO,2025-05-14,12:07:00,2025-05-29,7.75,7.75,7.75,7.75,0,690,0
BANKNIFTY29MAY2546100PE.NFO,2025-05-14,12:08:00,2025-05-29,7.75,7.75,6.1,6.1,0,720,0
BANKNIFTY29MAY2546100PE.NFO,2025-05-14,12:09:00,2025-05-29,6.1,7.05,6.1,7.05,30,720,0
BANKNIFTY29MAY2546100PE.NFO,2025-05-14,12:10:00,2025-05-29,7.05,7.05,7.05,7.05,30,720,0
BANKNIFTY29MAY2546100PE.NFO,2025-05-14,12:11:00,2025-05-29,7.05,7.05,7.05,7.05,0,720,0
BANKNIFTY29MAY2546100PE.NFO,2025-05-14,12:12:00,2025-05-29,7.05,7.05,7.05,7.05,0,720,0
BANKNIFTY29MAY2546100PE.NFO,2025-05-14,12:13:00,2025-05-29,7.05,7.05,7.05,7.05,0,720,0
BANKNIFTY29MAY2546100PE.NFO,2025-05-14,12:14:00,2025-05-29,7.05,7.05,7.05,7.05,0,720,0
BANKNIFTY29MAY2546100PE.NFO,2025-05-14,12:15:00,2025-05-29,7.05,7.05,7.05,7.05,0,720,0
BANKNIFTY29MAY2546100PE.NFO,2025-05-14,12:16:00,2025-05-29,7.05,7.05,7.05,7.05,0,720,0
BANKNIFTY29MAY2546100PE.NFO,2025-05-14,12:17:00,2025-05-29,7.05,7.05,7.05,7.05,0,720,0
BANKNIFTY29MAY2546100PE.NFO,2025-05-14,12:18:00,2025-05-29,7.05,7.05,7.05,7.05,0,720,0
BANKNIFTY29MAY2546100PE.NFO,2025-05-14,12:19:00,2025-05-29,7.05,7.05,7.05,7.05,0,720,0
BANKNIFTY29MAY2546100PE.NFO,2025-05-14,12:20:00,2025-05-29,7.05,7.05,7.05,7.05,0,720,0
BANKNIFTY29MAY2546100PE.NFO,2025-05-14,12:21:00,2025-05-29,7.05,7.05,7.05,7.05,0,720,0
BANKNIFTY29MAY2546100PE.NFO,2025-05-14,12:22:00,2025-05-29,7.05,7.05,7.05,7.05,0,720,0
BANKNIFTY29MAY2546100PE.NFO,2025-05-14,12:23:00,2025-05-29,7.05,7.05,7.05,7.05,0,720,0
BANKNIFTY29MAY2546100PE.NFO,2025-05-14,12:24:00,2025-05-29,7.05,7.05,7.05,7.05,0,720,0
BANKNIFTY29MAY2546100PE.NFO,2025-05-14,12:25:00,2025-05-29,7.05,7.05,7.05,7.05,0,720,1
BANKNIFTY29MAY2546100PE.NFO,2025-05-14,12:26:00,2025-05-29,7.05,7.05,7.05,7.05,0,720,0
BANKNIFTY29MAY2546100PE.NFO,2025-05-14,12:27:00,2025-05-29,7.05,7.05,7.05,7.05,0,720,0
BANKNIFTY29MAY2546100PE.NFO,2025-05-14,12:28:00,2025-05-29,7.05,7.05,7.05,7.05,0,720,0
BANKNIFTY29MAY2546100PE.NFO,2025-05-14,12:29:00,2025-05-29,7.05,7.05,7.05,7.05,0,720,0
BANKNIFTY29MAY2546100PE.NFO,2025-05-14,12:30:00,2025-05-29,7.05,7.05,7.05,7.05,0,720,0
BANKNIFTY29MAY2546100PE.NFO,2025-05-14,12:31:00,2025-05-29,7.05,7.05,7.05,7.05,0,720,0
BANKNIFTY29MAY2546100PE.NFO,2025-05-14,12:32:00,2025-05-29,7.05,7.05,7.05,7.05,0,720,0
BANKNIFTY29MAY2546100PE.NFO,2025-05-14,12:33:00,2025-05-29,7.05,7.05,7.05,7.05,0,720,0
BANKNIFTY29MAY2546100PE.NFO,2025-05-14,12:34:00,2025-05-29,7.05,7.05,7.05,7.05,0,720,1
BANKNIFTY29MAY2546100PE.NFO,2025-05-14,12:35:00,2025-05-29,7.05,7.05,7.05,7.05,0,720,0
BANKNIFTY29MAY2546100PE.NFO,2025-05-14,12:36:00,2025-05-29,7.05,7.05,7.05,7.05,0,720,0
BANKNIFTY29MAY2546100PE.NFO,2025-05-14,12:37:00,2025-05-29,7.05,7.05,7.05,7.05,0,720,0
BANKNIFTY29MAY2546100PE.NFO,2025-05-14,12:38:00,2025-05-29,7.05,7.05,7.05,7.05,0,720,0
BANKNIFTY29MAY2546100PE.NFO,2025-05-14,12:39:00,2025-05-29,7.05,7.05,7.05,7.05,0,720,0
BANKNIFTY29MAY2546100PE.NFO,2025-05-14,12:40:00,2025-05-29,7.05,7.05,7.05,7.05,0,720,0
BANKNIFTY29MAY2546100PE.NFO,2025-05-14,12:41:00,2025-05-29,7.05,7.05,7.05,7.05,0,720,0
BANKNIFTY29MAY2546100PE.NFO,2025-05-14,12:42:00,2025-05-29,7.05,7.05,7.05,7.05,0,720,0
BANKNIFTY29MAY2546100PE.NFO,2025-05-14,12:43:00,2025-05-29,7.05,7.05,7.05,7.05,0,720,0
BANKNIFTY29MAY2546100PE.NFO,2025-05-14,12:44:00,2025-05-29,7.05,7.05,7.05,7.05,0,720,0
BANKNIFTY29MAY2546100PE.NFO,2025-05-14,12:45:00,2025-05-29,7.05,7.05,7.05,7.05,0,720,0
BANKNIFTY29MAY2546100PE.NFO,2025-05-14,12:46:00,2025-05-29,7.05,7.05,7.05,7.05,0,720,0
BANKNIFTY29MAY2546100PE.NFO,2025-05-14,12:47:00,2025-05-29,7.05,7.05,7.05,7.05,0,720,0
BANKNIFTY29MAY2546100PE.NFO,2025-05-14,12:48:00,2025-05-29,7.05,7.05,7.05,7.05,0,720,0
BANKNIFTY29MAY2546100PE.NFO,2025-05-14,12:49:00,2025-05-29,7.05,7.05,7.0,7.0,0,720,0
BANKNIFTY29MAY2546100PE.NFO,2025-05-14,12:50:00,2025-05-29,7.0,7.0,7.0,7.0,330,720,0
BANKNIFTY29MAY2546100PE.NFO,2025-05-14,12:51:00,2025-05-29,7.0,7.0,7.0,7.0,0,720,0
BANKNIFTY29MAY2546100PE.NFO,2025-05-14,12:52:00,2025-05-29,7.0,7.0,7.0,7.0,0,720,0
BANKNIFTY29MAY2546100PE.NFO,2025-05-14,12:53:00,2025-05-29,7.0,7.0,7.0,7.0,0,720,0
BANKNIFTY29MAY2546100PE.NFO,2025-05-14,12:54:00,2025-05-29,7.0,7.0,7.0,7.0,0,720,0
BANKNIFTY29MAY2546100PE.NFO,2025-05-14,12:55:00,2025-05-29,7.0,7.0,7.0,7.0,0,720,0
BANKNIFTY29MAY2546100PE.NFO,2025-05-14,12:56:00,2025-05-29,7.0,7.0,7.0,7.0,0,720,0
BANKNIFTY29MAY2546100PE.NFO,2025-05-14,12:57:00,2025-05-29,7.0,7.0,7.0,7.0,0,720,0
BANKNIFTY29MAY2546100PE.NFO,2025-05-14,12:58:00,2025-05-29,7.0,7.0,7.0,7.0,0,720,0
BANKNIFTY29MAY2546100PE.NFO,2025-05-14,12:59:00,2025-05-29,7.0,7.0,7.0,7.0,0,720,0
BANKNIFTY29MAY2546100PE.NFO,2025-05-14,13:00:00,2025-05-29,7.0,7.0,7.0,7.0,0,720,0
BANKNIFTY29MAY2546100PE.NFO,2025-05-14,13:01:00,2025-05-29,7.0,7.0,7.0,7.0,0,720,0
BANKNIFTY29MAY2546100PE.NFO,2025-05-14,13:02:00,2025-05-29,7.0,7.0,7.0,7.0,0,720,0
BANKNIFTY29MAY2546100PE.NFO,2025-05-14,13:03:00,2025-05-29,7.0,7.0,7.0,7.0,0,720,0
BANKNIFTY29MAY2546100PE.NFO,2025-05-14,13:04:00,2025-05-29,7.0,7.0,7.0,7.0,0,720,0
BANKNIFTY29MAY2546100PE.NFO,2025-05-14,13:05:00,2025-05-29,7.0,7.0,7.0,7.0,0,720,0
BANKNIFTY29MAY2546100PE.NFO,2025-05-14,13:06:00,2025-05-29,7.0,7.0,7.0,7.0,0,720,0
BANKNIFTY29MAY2546100PE.NFO,2025-05-14,13:07:00,2025-05-29,7.0,7.0,7.0,7.0,0,720,0
BANKNIFTY29MAY2546100PE.NFO,2025-05-14,13:08:00,2025-05-29,7.0,7.0,7.0,7.0,0,720,0
BANKNIFTY29MAY2546100PE.NFO,2025-05-14,13:09:00,2025-05-29,7.0,7.0,7.0,7.0,0,720,0
BANKNIFTY29MAY2546100PE.NFO,2025-05-14,13:10:00,2025-05-29,7.0,7.0,7.0,7.0,0,720,0
BANKNIFTY29MAY2546100PE.NFO,2025-05-14,13:11:00,2025-05-29,7.0,7.0,7.0,7.0,0,720,0
BANKNIFTY29MAY2546100PE.NFO,2025-05-14,13:12:00,2025-05-29,7.0,7.0,7.0,7.0,0,720,0
BANKNIFTY29MAY2546100PE.NFO,2025-05-14,13:13:00,2025-05-29,7.0,7.0,7.0,7.0,0,720,0
BANKNIFTY29MAY2546100PE.NFO,2025-05-14,13:14:00,2025-05-29,7.0,7.0,7.0,7.0,0,720,0
BANKNIFTY29MAY2546100PE.NFO,2025-05-14,13:15:00,2025-05-29,7.0,7.0,7.0,7.0,0,720,0
BANKNIFTY29MAY2546100PE.NFO,2025-05-14,13:16:00,2025-05-29,7.0,7.0,7.0,7.0,0,720,0
BANKNIFTY29MAY2546100PE.NFO,2025-05-14,13:17:00,2025-05-29,7.0,7.0,7.0,7.0,0,720,0
BANKNIFTY29MAY2546100PE.NFO,2025-05-14,13:18:00,2025-05-29,7.0,7.0,7.0,7.0,0,720,0
BANKNIFTY29MAY2546100PE.NFO,2025-05-14,13:19:00,2025-05-29,7.0,7.0,7.0,7.0,0,720,0
BANKNIFTY29MAY2546100PE.NFO,2025-05-14,13:20:00,2025-05-29,7.0,7.0,7.0,7.0,0,720,0
BANKNIFTY29MAY2546100PE.NFO,2025-05-14,13:21:00,2025-05-29,7.0,7.0,7.0,7.0,0,720,0
BANKNIFTY29MAY2546100PE.NFO,2025-05-14,13:22:00,2025-05-29,7.0,7.0,7.0,7.0,0,720,0
BANKNIFTY29MAY2546100PE.NFO,2025-05-14,13:23:00,2025-05-29,7.0,7.0,7.0,7.0,0,720,0
BANKNIFTY29MAY2546100PE.NFO,2025-05-14,13:24:00,2025-05-29,7.0,7.0,7.0,7.0,0,720,0
BANKNIFTY29MAY2546100PE.NFO,2025-05-14,13:25:00,2025-05-29,7.0,7.0,7.0,7.0,0,720,0
BANKNIFTY29MAY2546100PE.NFO,2025-05-14,13:26:00,2025-05-29,7.0,7.0,7.0,7.0,0,720,0
BANKNIFTY29MAY2546100PE.NFO,2025-05-14,13:27:00,2025-05-29,7.0,7.0,7.0,7.0,0,720,0
BANKNIFTY29MAY2546100PE.NFO,2025-05-14,13:28:00,2025-05-29,7.0,7.0,7.0,7.0,0,720,0
BANKNIFTY29MAY2546100PE.NFO,2025-05-14,13:29:00,2025-05-29,7.0,7.0,7.0,7.0,0,720,0
BANKNIFTY29MAY2546100PE.NFO,2025-05-14,13:30:00,2025-05-29,7.0,7.0,7.0,7.0,0,720,0
BANKNIFTY29MAY2546100PE.NFO,2025-05-14,13:31:00,2025-05-29,7.0,7.0,7.0,7.0,0,720,0
BANKNIFTY29MAY2546100PE.NFO,2025-05-14,13:32:00,2025-05-29,7.0,7.0,7.0,7.0,0,720,0
BANKNIFTY29MAY2546100PE.NFO,2025-05-14,13:33:00,2025-05-29,7.0,7.0,7.0,7.0,0,720,0
BANKNIFTY29MAY2546100PE.NFO,2025-05-14,13:34:00,2025-05-29,7.0,7.0,7.0,7.0,0,720,0
BANKNIFTY29MAY2546100PE.NFO,2025-05-14,13:35:00,2025-05-29,7.0,7.0,7.0,7.0,0,720,0
BANKNIFTY29MAY2546100PE.NFO,2025-05-14,13:36:00,2025-05-29,7.0,7.0,7.0,7.0,0,720,0
BANKNIFTY29MAY2546100PE.NFO,2025-05-14,13:37:00,2025-05-29,7.0,7.0,7.0,7.0,0,720,0
BANKNIFTY29MAY2546100PE.NFO,2025-05-14,13:38:00,2025-05-29,7.0,7.0,7.0,7.0,0,720,0
BANKNIFTY29MAY2546100PE.NFO,2025-05-14,13:39:00,2025-05-29,7.0,7.0,7.0,7.0,0,720,0
BANKNIFTY29MAY2546100PE.NFO,2025-05-14,13:40:00,2025-05-29,7.0,7.0,7.0,7.0,0,720,0
BANKNIFTY29MAY2546100PE.NFO,2025-05-14,13:41:00,2025-05-29,7.0,7.0,7.0,7.0,0,720,0
BANKNIFTY29MAY2546100PE.NFO,2025-05-14,13:42:00,2025-05-29,7.0,7.0,7.0,7.0,0,720,0
BANKNIFTY29MAY2546100PE.NFO,2025-05-14,13:43:00,2025-05-29,7.0,7.0,7.0,7.0,0,720,0
BANKNIFTY29MAY2546100PE.NFO,2025-05-14,13:44:00,2025-05-29,7.0,7.0,7.0,7.0,0,720,0
BANKNIFTY29MAY2546100PE.NFO,2025-05-14,13:45:00,2025-05-29,7.0,7.0,7.0,7.0,0,720,0
BANKNIFTY29MAY2546100PE.NFO,2025-05-14,13:46:00,2025-05-29,7.0,7.0,7.0,7.0,0,720,0
BANKNIFTY29MAY2546100PE.NFO,2025-05-14,13:47:00,2025-05-29,7.0,7.0,7.0,7.0,0,720,0
BANKNIFTY29MAY2546100PE.NFO,2025-05-14,13:48:00,2025-05-29,7.0,7.0,7.0,7.0,0,720,0
BANKNIFTY29MAY2546100PE.NFO,2025-05-14,13:49:00,2025-05-29,7.0,7.0,7.0,7.0,0,720,0
BANKNIFTY29MAY2546100PE.NFO,2025-05-14,13:50:00,2025-05-29,7.0,7.0,7.0,7.0,0,720,0
BANKNIFTY29MAY2546100PE.NFO,2025-05-14,13:51:00,2025-05-29,7.0,7.0,7.0,7.0,0,720,1
BANKNIFTY29MAY2546100PE.NFO,2025-05-14,13:52:00,2025-05-29,7.0,7.0,7.0,7.0,0,720,0
BANKNIFTY29MAY2546100PE.NFO,2025-05-14,13:53:00,2025-05-29,7.0,7.0,7.0,7.0,0,720,0
BANKNIFTY29MAY2546100PE.NFO,2025-05-14,13:54:00,2025-05-29,7.0,7.0,7.0,7.0,0,720,1
BANKNIFTY29MAY2546100PE.NFO,2025-05-14,13:55:00,2025-05-29,7.0,7.0,7.0,7.0,0,720,0
BANKNIFTY29MAY2546100PE.NFO,2025-05-14,13:56:00,2025-05-29,7.0,7.0,7.0,7.0,0,720,0
BANKNIFTY29MAY2546100PE.NFO,2025-05-14,13:57:00,2025-05-29,7.0,7.0,7.0,7.0,0,720,0
BANKNIFTY29MAY2546100PE.NFO,2025-05-14,13:58:00,2025-05-29,7.0,7.0,7.0,7.0,0,720,0
BANKNIFTY29MAY2546100PE.NFO,2025-05-14,13:59:00,2025-05-29,7.0,7.0,7.0,7.0,0,720,0
BANKNIFTY29MAY2546100PE.NFO,2025-05-14,14:00:00,2025-05-29,7.0,7.0,7.0,7.0,0,720,0
BANKNIFTY29MAY2546100PE.NFO,2025-05-14,14:01:00,2025-05-29,7.0,7.0,7.0,7.0,0,720,0
BANKNIFTY29MAY2546100PE.NFO,2025-05-14,14:02:00,2025-05-29,7.0,7.0,7.0,7.0,0,720,0
BANKNIFTY29MAY2546100PE.NFO,2025-05-14,14:03:00,2025-05-29,7.0,7.0,7.0,7.0,0,720,0
BANKNIFTY29MAY2546100PE.NFO,2025-05-14,14:04:00,2025-05-29,7.0,7.0,7.0,7.0,0,720,0
BANKNIFTY29MAY2546100PE.NFO,2025-05-14,14:05:00,2025-05-29,7.0,7.0,7.0,7.0,0,720,0
BANKNIFTY29MAY2546100PE.NFO,2025-05-14,14:06:00,2025-05-29,7.0,7.0,7.0,7.0,0,720,0
BANKNIFTY29MAY2546100PE.NFO,2025-05-14,14:07:00,2025-05-29,7.0,7.0,7.0,7.0,0,720,0
BANKNIFTY29MAY2546100PE.NFO,2025-05-14,14:08:00,2025-05-29,7.0,7.0,7.0,7.0,0,720,0
BANKNIFTY29MAY2546100PE.NFO,2025-05-14,14:09:00,2025-05-29,7.0,7.0,7.0,7.0,0,720,0
BANKNIFTY29MAY2546100PE.NFO,2025-05-14,14:10:00,2025-05-29,7.0,7.0,7.0,7.0,0,720,0
BANKNIFTY29MAY2546100PE.NFO,2025-05-14,14:11:00,2025-05-29,7.0,7.0,7.0,7.0,0,720,0
BANKNIFTY29MAY2546100PE.NFO,2025-05-14,14:12:00,2025-05-29,7.0,7.0,7.0,7.0,0,720,1
BANKNIFTY29MAY2546100PE.NFO,2025-05-14,14:13:00,2025-05-29,7.0,7.0,7.0,7.0,0,720,1
BANKNIFTY29MAY2546100PE.NFO,2025-05-14,14:14:00,2025-05-29,7.0,7.0,7.0,7.0,0,720,0
BANKNIFTY29MAY2546100PE.NFO,2025-05-14,14:15:00,2025-05-29,7.0,7.0,7.0,7.0,0,720,0
BANKNIFTY29MAY2546100PE.NFO,2025-05-14,14:16:00,2025-05-29,7.0,7.0,7.0,7.0,0,720,0
BANKNIFTY29MAY2546100PE.NFO,2025-05-14,14:17:00,2025-05-29,7.0,7.0,7.0,7.0,0,720,0
BANKNIFTY29MAY2546100PE.NFO,2025-05-14,14:18:00,2025-05-29,7.0,7.0,7.0,7.0,0,720,1
BANKNIFTY29MAY2546100PE.NFO,2025-05-14,14:19:00,2025-05-29,7.0,7.0,7.0,7.0,0,720,0
BANKNIFTY29MAY2546100PE.NFO,2025-05-14,14:20:00,2025-05-29,7.0,7.0,7.0,7.0,0,720,0
BANKNIFTY29MAY2546100PE.NFO,2025-05-14,14:21:00,2025-05-29,7.0,7.0,7.0,7.0,0,720,0
BANKNIFTY29MAY2546100PE.NFO,2025-05-14,14:22:00,2025-05-29,7.0,7.0,7.0,7.0,0,720,0
BANKNIFTY29MAY2546100PE.NFO,2025-05-14,14:23:00,2025-05-29,7.0,7.0,7.0,7.0,0,720,0
BANKNIFTY29MAY2546100PE.NFO,2025-05-14,14:24:00,2025-05-29,7.0,7.0,7.0,7.0,0,720,0
BANKNIFTY29MAY2546100PE.NFO,2025-05-14,14:25:00,2025-05-29,7.0,7.0,7.0,7.0,0,720,0
BANKNIFTY29MAY2546100PE.NFO,2025-05-14,14:26:00,2025-05-29,7.0,7.0,7.0,7.0,0,720,0
BANKNIFTY29MAY2546100PE.NFO,2025-05-14,14:27:00,2025-05-29,7.0,7.0,7.0,7.0,0,720,0
BANKNIFTY29MAY2546100PE.NFO,2025-05-14,14:28:00,2025-05-29,7.0,7.0,7.0,7.0,0,720,0
BANKNIFTY29MAY2546100PE.NFO,2025-05-14,14:29:00,2025-05-29,7.0,7.0,7.0,7.0,0,720,0
BANKNIFTY29MAY2546100PE.NFO,2025-05-14,14:30:00,2025-05-29,7.0,7.0,7.0,7.0,0,720,0
BANKNIFTY29MAY2546100PE.NFO,2025-05-14,14:31:00,2025-05-29,7.0,7.0,7.0,7.0,0,720,0
BANKNIFTY29MAY2546100PE.NFO,2025-05-14,14:32:00,2025-05-29,7.0,7.0,7.0,7.0,0,720,0
BANKNIFTY29MAY2546100PE.NFO,2025-05-14,14:33:00,2025-05-29,7.0,7.0,7.0,7.0,0,720,0
BANKNIFTY29MAY2546100PE.NFO,2025-05-14,14:34:00,2025-05-29,7.0,7.0,7.0,7.0,0,720,0
BANKNIFTY29MAY2546100PE.NFO,2025-05-14,14:35:00,2025-05-29,7.0,7.0,7.0,7.0,0,720,0
BANKNIFTY29MAY2546100PE.NFO,2025-05-14,14:36:00,2025-05-29,7.0,7.0,7.0,7.0,0,720,0
BANKNIFTY29MAY2546100PE.NFO,2025-05-14,14:37:00,2025-05-29,7.0,7.0,7.0,7.0,0,720,0
BANKNIFTY29MAY2546100PE.NFO,2025-05-14,14:38:00,2025-05-29,7.0,7.0,7.0,7.0,0,720,0
BANKNIFTY29MAY2546100PE.NFO,2025-05-14,14:39:00,2025-05-29,7.0,7.0,7.0,7.0,0,720,0
BANKNIFTY29MAY2546100PE.NFO,2025-05-14,14:40:00,2025-05-29,7.0,7.0,7.0,7.0,0,720,0
BANKNIFTY29MAY2546100PE.NFO,2025-05-14,14:41:00,2025-05-29,7.0,7.0,7.0,7.0,0,720,0
BANKNIFTY29MAY2546100PE.NFO,2025-05-14,14:42:00,2025-05-29,7.0,7.0,7.0,7.0,0,720,0
BANKNIFTY29MAY2546100PE.NFO,2025-05-14,14:43:00,2025-05-29,7.0,7.0,7.0,7.0,0,720,0
BANKNIFTY29MAY2546100PE.NFO,2025-05-14,14:44:00,2025-05-29,7.0,7.0,7.0,7.0,0,720,0
BANKNIFTY29MAY2546100PE.NFO,2025-05-14,14:45:00,2025-05-29,7.0,7.0,7.0,7.0,0,720,0
BANKNIFTY29MAY2546100PE.NFO,2025-05-14,14:46:00,2025-05-29,7.0,7.0,5.2,5.2,30,1050,0
BANKNIFTY29MAY2546100PE.NFO,2025-05-14,14:47:00,2025-05-29,5.2,5.2,5.2,5.2,0,1050,0
BANKNIFTY29MAY2546100PE.NFO,2025-05-14,14:48:00,2025-05-29,5.2,5.2,5.2,5.2,0,1050,0
BANKNIFTY29MAY2546100PE.NFO,2025-05-14,14:49:00,2025-05-29,5.2,6.0,5.2,6.0,30,1050,0
BANKNIFTY29MAY2546100PE.NFO,2025-05-14,14:50:00,2025-05-29,6.0,6.0,6.0,6.0,0,1050,0
BANKNIFTY29MAY2546100PE.NFO,2025-05-14,14:51:00,2025-05-29,6.0,6.0,6.0,6.0,0,1050,0
BANKNIFTY29MAY2546100PE.NFO,2025-05-14,14:52:00,2025-05-29,6.0,6.0,6.0,6.0,0,1050,0
BANKNIFTY29MAY2546100PE.NFO,2025-05-14,14:53:00,2025-05-29,6.0,6.0,6.0,6.0,0,1050,0
BANKNIFTY29MAY2546100PE.NFO,2025-05-14,14:54:00,2025-05-29,6.0,6.0,6.0,6.0,0,1050,0
BANKNIFTY29MAY2546100PE.NFO,2025-05-14,14:55:00,2025-05-29,6.0,6.0,6.0,6.0,0,1050,0
BANKNIFTY29MAY2546100PE.NFO,2025-05-14,14:56:00,2025-05-29,6.0,6.0,6.0,6.0,0,1050,0
BANKNIFTY29MAY2546100PE.NFO,2025-05-14,14:57:00,2025-05-29,6.0,6.0,6.0,6.0,0,1050,0
BANKNIFTY29MAY2546100PE.NFO,2025-05-14,14:58:00,2025-05-29,6.0,6.0,6.0,6.0,0,1050,0
BANKNIFTY29MAY2546100PE.NFO,2025-05-14,14:59:00,2025-05-29,6.0,6.0,6.0,6.0,0,1050,0
BANKNIFTY29MAY2546100PE.NFO,2025-05-14,15:00:00,2025-05-29,6.0,6.0,6.0,6.0,0,1050,0
BANKNIFTY29MAY2546100PE.NFO,2025-05-14,15:01:00,2025-05-29,6.0,6.0,6.0,6.0,0,1050,0
BANKNIFTY29MAY2546100PE.NFO,2025-05-14,15:02:00,2025-05-29,6.0,6.0,6.0,6.0,0,1050,0
BANKNIFTY29MAY2546100PE.NFO,2025-05-14,15:03:00,2025-05-29,6.0,6.0,6.0,6.0,0,1050,0
BANKNIFTY29MAY2546100PE.NFO,2025-05-14,15:04:00,2025-05-29,6.0,6.0,6.0,6.0,0,1050,0
BANKNIFTY29MAY2546100PE.NFO,2025-05-14,15:05:00,2025-05-29,6.0,6.0,6.0,6.0,0,1050,0
BANKNIFTY29MAY2546100PE.NFO,2025-05-14,15:06:00,2025-05-29,6.0,6.0,6.0,6.0,0,1050,0
BANKNIFTY29MAY2546100PE.NFO,2025-05-14,15:07:00,2025-05-29,6.0,6.0,6.0,6.0,0,1050,0
BANKNIFTY29MAY2546100PE.NFO,2025-05-14,15:08:00,2025-05-29,6.0,6.0,6.0,6.0,0,1050,0
BANKNIFTY29MAY2546100PE.NFO,2025-05-14,15:09:00,2025-05-29,6.0,6.0,6.0,6.0,0,1050,0
BANKNIFTY29MAY2546100PE.NFO,2025-05-14,15:10:00,2025-05-29,6.0,6.0,6.0,6.0,0,1050,0
BANKNIFTY29MAY2546100PE.NFO,2025-05-14,15:11:00,2025-05-29,6.0,6.0,6.0,6.0,0,1050,0
BANKNIFTY29MAY2546100PE.NFO,2025-05-14,15:12:00,2025-05-29,6.0,6.0,6.0,6.0,0,1050,0
BANKNIFTY29MAY2546100PE.NFO,2025-05-14,15:13:00,2025-05-29,6.0,6.0,6.0,6.0,0,1050,0
BANKNIFTY29MAY2546100PE.NFO,2025-05-14,15:14:00,2025-05-29,6.0,6.0,6.0,6.0,0,1050,1
BANKNIFTY29MAY2546100PE.NFO,2025-05-14,15:15:00,2025-05-29,6.0,6.0,5.0,5.0,30,1020,0
BANKNIFTY29MAY2546100PE.NFO,2025-05-14,15:16:00,2025-05-29,5.0,5.0,5.0,5.0,0,1020,0
BANKNIFTY29MAY2546100PE.NFO,2025-05-14,15:17:00,2025-05-29,5.0,5.0,5.0,5.0,0,1020,0
BANKNIFTY29MAY2546100PE.NFO,2025-05-14,15:18:00,2025-05-29,5.0,5.0,5.0,5.0,0,1020,0
BANKNIFTY29MAY2546100PE.NFO,2025-05-14,15:19:00,2025-05-29,5.0,5.0,5.0,5.0,0,1020,0
BANKNIFTY29MAY2546100PE.NFO,2025-05-14,15:20:00,2025-05-29,5.0,5.0,5.0,5.0,0,1020,0
BANKNIFTY29MAY2546100PE.NFO,2025-05-14,15:21:00,2025-05-29,5.0,5.0,5.0,5.0,0,1020,0
BANKNIFTY29MAY2546100PE.NFO,2025-05-14,15:22:00,2025-05-29,5.0,5.0,5.0,5.0,0,1020,0
BANKNIFTY29MAY2546100PE.NFO,2025-05-14,15:23:00,2025-05-29,5.0,5.0,5.0,5.0,0,1020,0
BANKNIFTY29MAY2546100PE.NFO,2025-05-14,15:24:00,2025-05-29,5.0,5.0,5.0,5.0,0,1020,0
BANKNIFTY29MAY2546100PE.NFO,2025-05-14,15:25:00,2025-05-29,7.95,7.95,5.05,5.05,60,1020,0
BANKNIFTY29MAY2546100PE.NFO,2025-05-14,15:26:00,2025-05-29,6.45,6.45,6.45,6.45,30,990,0
BANKNIFTY29MAY2546100PE.NFO,2025-05-14,15:27:00,2025-05-29,6.45,6.45,6.45,6.45,0,990,0
BANKNIFTY29MAY2546100PE.NFO,2025-05-14,15:28:00,2025-05-29,6.45,6.45,6.45,6.45,0,990,0
BANKNIFTY29MAY2546100PE.NFO,2025-05-14,15:29:00,2025-05-29,6.45,6.45,5.0,5.0,60,990,0
BANKNIFTY29MAY2546100PE.NFO,2025-05-14,15:30:00,2025-05-29,5.0,5.0,5.0,5.0,60,990,1
BANKNIFTY29MAY2546100PE.NFO,2025-05-15,09:15:00,2025-05-29,6.4,6.4,6.4,6.4,0,960,0
BANKNIFTY29MAY2546100PE.NFO,2025-05-15,09:16:00,2025-05-29,6.4,6.4,6.4,6.4,0,960,0
BANKNIFTY29MAY2546100PE.NFO,2025-05-15,09:17:00,2025-05-29,6.4,6.4,6.4,6.4,0,960,0
BANKNIFTY29MAY2546100PE.NFO,2025-05-15,09:18:00,2025-05-29,6.4,6.4,6.4,6.4,0,960,0
BANKNIFTY29MAY2546100PE.NFO,2025-05-15,09:19:00,2025-05-29,6.4,6.4,6.4,6.4,0,960,0
BANKNIFTY29MAY2546100PE.NFO,2025-05-15,09:20:00,2025-05-29,6.4,6.4,6.4,6.4,0,960,0
BANKNIFTY29MAY2546100PE.NFO,2025-05-15,09:21:00,2025-05-29,6.4,6.4,6.4,6.4,0,960,0
BANKNIFTY29MAY2546100PE.NFO,2025-05-15,09:22:00,2025-05-29,6.4,6.4,6.4,6.4,0,960,0
BANKNIFTY29MAY2546100PE.NFO,2025-05-15,09:23:00,2025-05-29,6.4,6.4,6.4,6.4,0,960,0
BANKNIFTY29MAY2546100PE.NFO,2025-05-15,09:24:00,2025-05-29,6.4,7.15,6.4,7.15,30,960,0
BANKNIFTY29MAY2546100PE.NFO,2025-05-15,09:25:00,2025-05-29,7.15,7.15,7.15,7.15,0,960,0
BANKNIFTY29MAY2546100PE.NFO,2025-05-15,09:26:00,2025-05-29,7.15,7.95,6.3,6.3,240,960,0
BANKNIFTY29MAY2546100PE.NFO,2025-05-15,09:27:00,2025-05-29,6.3,6.3,6.3,6.3,0,960,0
BANKNIFTY29MAY2546100PE.NFO,2025-05-15,09:28:00,2025-05-29,6.3,6.3,6.3,6.3,0,960,0
BANKNIFTY29MAY2546100PE.NFO,2025-05-15,09:29:00,2025-05-29,6.3,6.3,6.3,6.3,0,960,0
BANKNIFTY29MAY2546100PE.NFO,2025-05-15,09:30:00,2025-05-29,6.3,6.3,6.3,6.3,0,960,0
BANKNIFTY29MAY2546100PE.NFO,2025-05-15,09:31:00,2025-05-29,6.3,6.3,6.3,6.3,0,960,0
BANKNIFTY29MAY2546100PE.NFO,2025-05-15,09:32:00,2025-05-29,6.3,6.3,6.3,6.3,0,960,0
BANKNIFTY29MAY2546100PE.NFO,2025-05-15,09:33:00,2025-05-29,6.3,6.3,6.3,6.3,0,960,0
BANKNIFTY29MAY2546100PE.NFO,2025-05-15,09:34:00,2025-05-29,6.3,6.3,6.3,6.3,0,960,0
BANKNIFTY29MAY2546100PE.NFO,2025-05-15,09:35:00,2025-05-29,6.3,6.3,6.3,6.3,0,960,0
BANKNIFTY29MAY2546100PE.NFO,2025-05-15,09:36:00,2025-05-29,6.3,6.3,6.3,6.3,0,960,0
BANKNIFTY29MAY2546100PE.NFO,2025-05-15,09:37:00,2025-05-29,6.3,6.3,6.3,6.3,0,960,0
BANKNIFTY29MAY2546100PE.NFO,2025-05-15,09:38:00,2025-05-29,6.3,6.3,6.3,6.3,0,960,0
BANKNIFTY29MAY2546100PE.NFO,2025-05-15,09:39:00,2025-05-29,6.3,6.3,6.3,6.3,0,960,0
BANKNIFTY29MAY2546100PE.NFO,2025-05-15,09:40:00,2025-05-29,6.3,6.3,6.3,6.3,0,960,0
BANKNIFTY29MAY2546100PE.NFO,2025-05-15,09:41:00,2025-05-29,6.3,6.3,6.3,6.3,0,960,0
BANKNIFTY29MAY2546100PE.NFO,2025-05-15,09:42:00,2025-05-29,6.3,6.3,6.3,6.3,0,960,0
BANKNIFTY29MAY2546100PE.NFO,2025-05-15,09:43:00,2025-05-29,6.3,6.3,6.3,6.3,0,960,0
BANKNIFTY29MAY2546100PE.NFO,2025-05-15,09:44:00,2025-05-29,6.3,6.3,6.3,6.3,0,960,0
BANKNIFTY29MAY2546100PE.NFO,2025-05-15,09:45:00,2025-05-29,6.3,6.35,6.3,6.3,30,1110,0
BANKNIFTY29MAY2546100PE.NFO,2025-05-15,09:46:00,2025-05-29,6.3,6.3,6.3,6.3,60,1110,0
BANKNIFTY29MAY2546100PE.NFO,2025-05-15,09:47:00,2025-05-29,6.3,6.3,6.3,6.3,0,1110,0
BANKNIFTY29MAY2546100PE.NFO,2025-05-15,09:48:00,2025-05-29,6.3,6.3,5.05,5.05,0,1170,0
BANKNIFTY29MAY2546100PE.NFO,2025-05-15,09:49:00,2025-05-29,5.05,6.05,5.05,6.05,240,1170,0
BANKNIFTY29MAY2546100PE.NFO,2025-05-15,09:50:00,2025-05-29,6.05,6.05,6.05,6.05,0,1170,0
BANKNIFTY29MAY2546100PE.NFO,2025-05-15,09:51:00,2025-05-29,6.05,6.05,6.05,6.05,0,1170,0
BANKNIFTY29MAY2546100PE.NFO,2025-05-15,09:52:00,2025-05-29,6.05,6.05,6.05,6.05,0,1170,0
BANKNIFTY29MAY2546100PE.NFO,2025-05-15,09:53:00,2025-05-29,7.25,7.6,7.25,7.6,60,1050,0
BANKNIFTY29MAY2546100PE.NFO,2025-05-15,09:54:00,2025-05-29,7.6,7.6,7.6,7.6,0,1050,0
BANKNIFTY29MAY2546100PE.NFO,2025-05-15,09:55:00,2025-05-29,7.6,7.6,7.6,7.6,0,1050,0
BANKNIFTY29MAY2546100PE.NFO,2025-05-15,09:56:00,2025-05-29,7.6,7.6,7.6,7.6,0,1050,0
BANKNIFTY29MAY2546100PE.NFO,2025-05-15,09:57:00,2025-05-29,7.6,7.6,5.1,5.1,30,1080,0
BANKNIFTY29MAY2546100PE.NFO,2025-05-15,09:58:00,2025-05-29,5.1,6.05,5.1,6.05,30,1080,0
BANKNIFTY29MAY2546100PE.NFO,2025-05-15,09:59:00,2025-05-29,6.05,6.05,6.05,6.05,0,1080,0
BANKNIFTY29MAY2546100PE.NFO,2025-05-15,10:00:00,2025-05-29,6.8,6.8,5.65,5.65,60,1080,0
BANKNIFTY29MAY2546100PE.NFO,2025-05-15,10:01:00,2025-05-29,5.65,5.65,5.65,5.65,0,1080,0
BANKNIFTY29MAY2546100PE.NFO,2025-05-15,10:02:00,2025-05-29,5.65,5.65,5.65,5.65,0,1080,0
BANKNIFTY29MAY2546100PE.NFO,2025-05-15,10:03:00,2025-05-29,5.65,5.65,5.65,5.65,0,1080,0
BANKNIFTY29MAY2546100PE.NFO,2025-05-15,10:04:00,2025-05-29,5.65,5.65,5.65,5.65,0,1080,0
BANKNIFTY29MAY2546100PE.NFO,2025-05-15,10:05:00,2025-05-29,5.65,5.65,5.65,5.65,0,1080,0
BANKNIFTY29MAY2546100PE.NFO,2025-05-15,10:06:00,2025-05-29,5.65,5.65,5.65,5.65,0,1080,0
BANKNIFTY29MAY2546100PE.NFO,2025-05-15,10:07:00,2025-05-29,5.65,5.65,5.65,5.65,0,1080,0
BANKNIFTY29MAY2546100PE.NFO,2025-05-15,10:08:00,2025-05-29,5.65,5.65,5.65,5.65,0,1080,0
BANKNIFTY29MAY2546100PE.NFO,2025-05-15,10:09:00,2025-05-29,5.65,5.65,5.65,5.65,0,1080,0
BANKNIFTY29MAY2546100PE.NFO,2025-05-15,10:10:00,2025-05-29,5.65,5.65,5.65,5.65,0,1080,0
BANKNIFTY29MAY2546100PE.NFO,2025-05-15,10:11:00,2025-05-29,5.65,5.65,5.65,5.65,0,1080,0
BANKNIFTY29MAY2546100PE.NFO,2025-05-15,10:12:00,2025-05-29,5.65,5.65,5.65,5.65,0,1080,0
BANKNIFTY29MAY2546100PE.NFO,2025-05-15,10:13:00,2025-05-29,5.65,5.65,5.65,5.65,0,1080,0
BANKNIFTY29MAY2546100PE.NFO,2025-05-15,10:14:00,2025-05-29,5.65,5.65,5.65,5.65,0,1080,0
BANKNIFTY29MAY2546100PE.NFO,2025-05-15,10:15:00,2025-05-29,5.65,5.65,5.65,5.65,0,1080,0
BANKNIFTY29MAY2546100PE.NFO,2025-05-15,10:16:00,2025-05-29,5.65,5.65,5.65,5.65,0,1080,0
BANKNIFTY29MAY2546100PE.NFO,2025-05-15,10:17:00,2025-05-29,5.65,5.65,5.65,5.65,0,1080,0
BANKNIFTY29MAY2546100PE.NFO,2025-05-15,10:18:00,2025-05-29,5.65,5.65,5.65,5.65,0,1080,0
BANKNIFTY29MAY2546100PE.NFO,2025-05-15,10:19:00,2025-05-29,5.65,5.65,5.65,5.65,0,1080,0
BANKNIFTY29MAY2546100PE.NFO,2025-05-15,10:20:00,2025-05-29,5.65,5.65,5.65,5.65,0,1080,0
BANKNIFTY29MAY2546100PE.NFO,2025-05-15,10:21:00,2025-05-29,5.65,5.65,5.65,5.65,0,1080,0
BANKNIFTY29MAY2546100PE.NFO,2025-05-15,10:22:00,2025-05-29,5.65,5.65,5.65,5.65,0,1080,0
BANKNIFTY29MAY2546100PE.NFO,2025-05-15,10:23:00,2025-05-29,5.65,5.65,5.65,5.65,0,1080,0
BANKNIFTY29MAY2546100PE.NFO,2025-05-15,10:24:00,2025-05-29,5.65,5.65,5.65,5.65,0,1080,0
BANKNIFTY29MAY2546100PE.NFO,2025-05-15,10:25:00,2025-05-29,5.65,5.65,5.65,5.65,0,1080,0
BANKNIFTY29MAY2546100PE.NFO,2025-05-15,10:26:00,2025-05-29,5.65,5.65,5.65,5.65,0,1080,0
BANKNIFTY29MAY2546100PE.NFO,2025-05-15,10:27:00,2025-05-29,5.65,5.65,5.65,5.65,0,1080,0
BANKNIFTY29MAY2546100PE.NFO,2025-05-15,10:28:00,2025-05-29,5.65,5.65,5.65,5.65,0,1080,0
BANKNIFTY29MAY2546100PE.NFO,2025-05-15,10:29:00,2025-05-29,5.65,5.65,5.65,5.65,0,1080,0
BANKNIFTY29MAY2546100PE.NFO,2025-05-15,10:30:00,2025-05-29,5.65,5.65,5.65,5.65,0,1080,0
BANKNIFTY29MAY2546100PE.NFO,2025-05-15,10:31:00,2025-05-29,5.65,5.65,5.65,5.65,0,1080,0
BANKNIFTY29MAY2546100PE.NFO,2025-05-15,10:32:00,2025-05-29,5.65,5.65,5.65,5.65,0,1080,0
BANKNIFTY29MAY2546100PE.NFO,2025-05-15,10:33:00,2025-05-29,5.65,5.65,5.65,5.65,0,1080,0
BANKNIFTY29MAY2546100PE.NFO,2025-05-15,10:34:00,2025-05-29,5.65,5.65,5.65,5.65,0,1080,0
BANKNIFTY29MAY2546100PE.NFO,2025-05-15,10:35:00,2025-05-29,5.65,5.65,5.65,5.65,0,1080,0
BANKNIFTY29MAY2546100PE.NFO,2025-05-15,10:36:00,2025-05-29,5.65,5.65,5.65,5.65,0,1080,0
BANKNIFTY29MAY2546100PE.NFO,2025-05-15,10:37:00,2025-05-29,5.65,5.65,5.65,5.65,0,1080,0
BANKNIFTY29MAY2546100PE.NFO,2025-05-15,10:38:00,2025-05-29,5.65,5.65,5.65,5.65,0,1080,0
BANKNIFTY29MAY2546100PE.NFO,2025-05-15,10:39:00,2025-05-29,5.65,5.65,5.65,5.65,0,1080,0
BANKNIFTY29MAY2546100PE.NFO,2025-05-15,10:40:00,2025-05-29,5.65,5.65,5.65,5.65,0,1080,0
BANKNIFTY29MAY2546100PE.NFO,2025-05-15,10:41:00,2025-05-29,5.65,5.65,5.65,5.65,0,1080,0
BANKNIFTY29MAY2546100PE.NFO,2025-05-15,10:42:00,2025-05-29,5.65,5.65,5.65,5.65,0,1080,0
BANKNIFTY29MAY2546100PE.NFO,2025-05-15,10:43:00,2025-05-29,5.65,5.65,5.65,5.65,0,1080,0
BANKNIFTY29MAY2546100PE.NFO,2025-05-15,10:44:00,2025-05-29,5.65,5.65,5.65,5.65,0,1080,0
BANKNIFTY29MAY2546100PE.NFO,2025-05-15,10:45:00,2025-05-29,5.65,5.65,5.15,5.25,90,1110,0
BANKNIFTY29MAY2546100PE.NFO,2025-05-15,10:46:00,2025-05-29,5.25,5.25,5.25,5.25,0,1110,0
BANKNIFTY29MAY2546100PE.NFO,2025-05-15,10:47:00,2025-05-29,5.25,5.25,5.25,5.25,0,1110,0
BANKNIFTY29MAY2546100PE.NFO,2025-05-15,10:48:00,2025-05-29,5.25,5.25,5.25,5.25,0,1110,0
BANKNIFTY29MAY2546100PE.NFO,2025-05-15,10:49:00,2025-05-29,5.25,5.25,5.25,5.25,0,1110,0
BANKNIFTY29MAY2546100PE.NFO,2025-05-15,10:50:00,2025-05-29,5.25,5.25,5.25,5.25,0,1110,0
BANKNIFTY29MAY2546100PE.NFO,2025-05-15,10:51:00,2025-05-29,5.25,5.25,5.25,5.25,0,1110,0
BANKNIFTY29MAY2546100PE.NFO,2025-05-15,10:52:00,2025-05-29,5.25,5.25,5.25,5.25,0,1110,0
BANKNIFTY29MAY2546100PE.NFO,2025-05-15,10:53:00,2025-05-29,5.25,5.25,5.25,5.25,0,1110,0
BANKNIFTY29MAY2546100PE.NFO,2025-05-15,10:54:00,2025-05-29,5.25,5.25,5.25,5.25,0,1110,0
BANKNIFTY29MAY2546100PE.NFO,2025-05-15,10:55:00,2025-05-29,5.25,5.25,5.25,5.25,0,1110,0
BANKNIFTY29MAY2546100PE.NFO,2025-05-15,10:56:00,2025-05-29,5.25,5.25,5.25,5.25,0,1110,0
BANKNIFTY29MAY2546100PE.NFO,2025-05-15,10:57:00,2025-05-29,5.25,6.3,5.25,6.3,30,1050,0
BANKNIFTY29MAY2546100PE.NFO,2025-05-15,10:58:00,2025-05-29,6.3,6.3,6.3,6.3,0,1050,0
BANKNIFTY29MAY2546100PE.NFO,2025-05-15,10:59:00,2025-05-29,6.3,6.3,6.3,6.3,0,1050,0
BANKNIFTY29MAY2546100PE.NFO,2025-05-15,11:00:00,2025-05-29,6.3,6.3,6.3,6.3,0,1050,0
BANKNIFTY29MAY2546100PE.NFO,2025-05-15,11:01:00,2025-05-29,6.3,6.3,6.3,6.3,0,1050,0
BANKNIFTY29MAY2546100PE.NFO,2025-05-15,11:02:00,2025-05-29,6.3,6.3,6.3,6.3,0,1050,0
BANKNIFTY29MAY2546100PE.NFO,2025-05-15,11:03:00,2025-05-29,6.3,6.3,6.3,6.3,0,1050,0
BANKNIFTY29MAY2546100PE.NFO,2025-05-15,11:04:00,2025-05-29,6.3,6.3,6.3,6.3,0,1050,0
BANKNIFTY29MAY2546100PE.NFO,2025-05-15,11:05:00,2025-05-29,6.3,6.3,6.3,6.3,0,1050,0
BANKNIFTY29MAY2546100PE.NFO,2025-05-15,11:06:00,2025-05-29,6.3,6.3,6.3,6.3,0,1050,0
BANKNIFTY29MAY2546100PE.NFO,2025-05-15,11:07:00,2025-05-29,6.3,6.3,6.3,6.3,0,1050,0
BANKNIFTY29MAY2546100PE.NFO,2025-05-15,11:08:00,2025-05-29,6.3,6.3,6.3,6.3,0,1050,0
BANKNIFTY29MAY2546100PE.NFO,2025-05-15,11:09:00,2025-05-29,6.3,6.3,6.3,6.3,0,1050,0
BANKNIFTY29MAY2546100PE.NFO,2025-05-15,11:10:00,2025-05-29,6.3,6.3,6.3,6.3,0,1050,0
BANKNIFTY29MAY2546100PE.NFO,2025-05-15,11:11:00,2025-05-29,6.3,6.3,6.3,6.3,0,1050,0
BANKNIFTY29MAY2546100PE.NFO,2025-05-15,11:12:00,2025-05-29,6.3,6.3,6.3,6.3,0,1050,0
BANKNIFTY29MAY2546100PE.NFO,2025-05-15,11:13:00,2025-05-29,6.3,6.3,6.3,6.3,0,1050,0
BANKNIFTY29MAY2546100PE.NFO,2025-05-15,11:14:00,2025-05-29,6.3,6.3,6.3,6.3,0,1050,0
BANKNIFTY29MAY2546100PE.NFO,2025-05-15,11:15:00,2025-05-29,6.3,6.3,6.3,6.3,0,1050,0
BANKNIFTY29MAY2546100PE.NFO,2025-05-15,11:16:00,2025-05-29,6.3,6.3,6.3,6.3,0,1050,0
BANKNIFTY29MAY2546100PE.NFO,2025-05-15,11:17:00,2025-05-29,6.3,6.3,6.3,6.3,0,1050,0
BANKNIFTY29MAY2546100PE.NFO,2025-05-15,11:18:00,2025-05-29,6.3,6.3,6.3,6.3,0,1050,0
BANKNIFTY29MAY2546100PE.NFO,2025-05-15,11:19:00,2025-05-29,6.3,6.3,6.3,6.3,0,1050,0
BANKNIFTY29MAY2546100PE.NFO,2025-05-15,11:20:00,2025-05-29,6.3,6.3,6.3,6.3,0,1050,0
BANKNIFTY29MAY2546100PE.NFO,2025-05-15,11:21:00,2025-05-29,6.3,6.3,6.3,6.3,0,1050,0
BANKNIFTY29MAY2546100PE.NFO,2025-05-15,11:22:00,2025-05-29,6.3,6.3,6.3,6.3,0,1050,0
BANKNIFTY29MAY2546100PE.NFO,2025-05-15,11:23:00,2025-05-29,6.3,6.3,6.3,6.3,0,1050,0
BANKNIFTY29MAY2546100PE.NFO,2025-05-15,11:24:00,2025-05-29,6.3,6.3,6.0,6.0,600,1080,0
BANKNIFTY29MAY2546100PE.NFO,2025-05-15,11:25:00,2025-05-29,6.0,6.0,6.0,6.0,0,1080,0
BANKNIFTY29MAY2546100PE.NFO,2025-05-15,11:26:00,2025-05-29,6.0,6.0,5.45,5.45,1050,1650,0
BANKNIFTY29MAY2546100PE.NFO,2025-05-15,11:27:00,2025-05-29,5.45,5.45,5.45,5.45,0,1650,0
BANKNIFTY29MAY2546100PE.NFO,2025-05-15,11:28:00,2025-05-29,5.45,5.75,5.3,5.3,1050,2250,0
BANKNIFTY29MAY2546100PE.NFO,2025-05-15,11:29:00,2025-05-29,5.75,5.75,5.55,5.55,1080,2250,0
BANKNIFTY29MAY2546100PE.NFO,2025-05-15,11:30:00,2025-05-29,5.55,5.55,5.55,5.55,600,2250,0
BANKNIFTY29MAY2546100PE.NFO,2025-05-15,11:31:00,2025-05-29,5.55,5.55,5.55,5.55,0,2250,0
BANKNIFTY29MAY2546100PE.NFO,2025-05-15,11:32:00,2025-05-29,5.55,5.55,5.55,5.55,150,4080,0
BANKNIFTY29MAY2546100PE.NFO,2025-05-15,11:33:00,2025-05-29,5.55,5.55,5.55,5.55,0,4080,0
BANKNIFTY29MAY2546100PE.NFO,2025-05-15,11:34:00,2025-05-29,5.55,5.55,5.55,5.55,0,4080,0
BANKNIFTY29MAY2546100PE.NFO,2025-05-15,11:35:00,2025-05-29,5.55,5.55,5.55,5.55,0,4080,0
BANKNIFTY29MAY2546100PE.NFO,2025-05-15,11:36:00,2025-05-29,5.55,5.55,5.55,5.55,0,4080,0
BANKNIFTY29MAY2546100PE.NFO,2025-05-15,11:37:00,2025-05-29,5.55,5.55,5.55,5.55,0,4080,0
BANKNIFTY29MAY2546100PE.NFO,2025-05-15,11:38:00,2025-05-29,5.55,5.55,5.55,5.55,0,4080,0
BANKNIFTY29MAY2546100PE.NFO,2025-05-15,11:39:00,2025-05-29,5.55,5.55,5.55,5.55,0,4080,0
BANKNIFTY29MAY2546100PE.NFO,2025-05-15,11:40:00,2025-05-29,5.55,5.55,5.55,5.55,0,4080,0
BANKNIFTY29MAY2546100PE.NFO,2025-05-15,11:41:00,2025-05-29,5.55,5.55,5.55,5.55,0,4080,0
BANKNIFTY29MAY2546100PE.NFO,2025-05-15,11:42:00,2025-05-29,5.55,5.55,5.55,5.55,0,4080,0
BANKNIFTY29MAY2546100PE.NFO,2025-05-15,11:43:00,2025-05-29,5.55,5.55,5.55,5.55,0,4080,0
BANKNIFTY29MAY2546100PE.NFO,2025-05-15,11:44:00,2025-05-29,5.55,5.55,5.55,5.55,0,4080,0
BANKNIFTY29MAY2546100PE.NFO,2025-05-15,11:45:00,2025-05-29,5.55,5.55,5.55,5.55,0,4080,0
BANKNIFTY29MAY2546100PE.NFO,2025-05-15,11:46:00,2025-05-29,5.55,5.55,5.55,5.55,0,4080,0
BANKNIFTY29MAY2546100PE.NFO,2025-05-15,11:47:00,2025-05-29,5.55,5.55,5.55,5.55,0,4080,0
BANKNIFTY29MAY2546100PE.NFO,2025-05-15,11:48:00,2025-05-29,5.55,5.55,5.55,5.55,0,4080,0
BANKNIFTY29MAY2546100PE.NFO,2025-05-15,11:49:00,2025-05-29,5.55,5.55,5.55,5.55,0,4080,0
BANKNIFTY29MAY2546100PE.NFO,2025-05-15,11:50:00,2025-05-29,5.55,5.55,5.55,5.55,0,4080,0
BANKNIFTY29MAY2546100PE.NFO,2025-05-15,11:51:00,2025-05-29,5.55,5.55,5.55,5.55,0,4080,0
BANKNIFTY29MAY2546100PE.NFO,2025-05-15,11:52:00,2025-05-29,5.55,5.55,5.55,5.55,0,4080,0
BANKNIFTY29MAY2546100PE.NFO,2025-05-15,11:53:00,2025-05-29,5.55,5.55,5.55,5.55,0,4080,0
BANKNIFTY29MAY2546100PE.NFO,2025-05-15,11:54:00,2025-05-29,5.55,5.55,5.55,5.55,0,4080,0
BANKNIFTY29MAY2546100PE.NFO,2025-05-15,11:55:00,2025-05-29,5.55,5.55,5.55,5.55,0,4080,0
BANKNIFTY29MAY2546100PE.NFO,2025-05-15,11:56:00,2025-05-29,5.55,5.55,5.55,5.55,0,4080,0
BANKNIFTY29MAY2546100PE.NFO,2025-05-15,11:57:00,2025-05-29,5.55,5.55,5.55,5.55,0,4080,0
BANKNIFTY29MAY2546100PE.NFO,2025-05-15,11:58:00,2025-05-29,5.55,5.55,5.55,5.55,0,4080,0
BANKNIFTY29MAY2546100PE.NFO,2025-05-15,11:59:00,2025-05-29,5.55,5.55,5.55,5.55,0,4080,0
BANKNIFTY29MAY2546100PE.NFO,2025-05-15,12:00:00,2025-05-29,5.55,5.55,5.55,5.55,0,4080,0
BANKNIFTY29MAY2546100PE.NFO,2025-05-15,12:01:00,2025-05-29,5.55,5.55,5.55,5.55,0,4080,0
BANKNIFTY29MAY2546100PE.NFO,2025-05-15,12:02:00,2025-05-29,5.55,5.55,5.55,5.55,0,4080,0
BANKNIFTY29MAY2546100PE.NFO,2025-05-15,12:03:00,2025-05-29,5.55,5.55,5.55,5.55,0,4080,0
BANKNIFTY29MAY2546100PE.NFO,2025-05-15,12:04:00,2025-05-29,5.55,5.55,5.55,5.55,0,4080,0
BANKNIFTY29MAY2546100PE.NFO,2025-05-15,12:05:00,2025-05-29,5.55,5.55,5.55,5.55,0,4080,0
BANKNIFTY29MAY2546100PE.NFO,2025-05-15,12:06:00,2025-05-29,5.55,5.55,5.55,5.55,0,4080,0
BANKNIFTY29MAY2546100PE.NFO,2025-05-15,12:07:00,2025-05-29,5.55,5.55,5.55,5.55,0,4080,0
BANKNIFTY29MAY2546100PE.NFO,2025-05-15,12:08:00,2025-05-29,5.55,5.55,5.55,5.55,0,4080,0
BANKNIFTY29MAY2546100PE.NFO,2025-05-15,12:09:00,2025-05-29,5.55,5.55,5.55,5.55,0,4080,0
BANKNIFTY29MAY2546100PE.NFO,2025-05-15,12:10:00,2025-05-29,5.55,5.55,5.55,5.55,0,4080,0
BANKNIFTY29MAY2546100PE.NFO,2025-05-15,12:11:00,2025-05-29,5.55,5.55,5.55,5.55,0,4080,0
BANKNIFTY29MAY2546100PE.NFO,2025-05-15,12:12:00,2025-05-29,5.55,5.55,5.55,5.55,0,4080,0
BANKNIFTY29MAY2546100PE.NFO,2025-05-15,12:13:00,2025-05-29,5.55,5.55,5.55,5.55,0,4080,0
BANKNIFTY29MAY2546100PE.NFO,2025-05-15,12:14:00,2025-05-29,5.55,5.55,5.55,5.55,0,4080,0
BANKNIFTY29MAY2546100PE.NFO,2025-05-15,12:15:00,2025-05-29,5.55,5.55,5.55,5.55,0,4080,0
BANKNIFTY29MAY2546100PE.NFO,2025-05-15,12:16:00,2025-05-29,5.55,5.55,5.55,5.55,0,4080,0
BANKNIFTY29MAY2546100PE.NFO,2025-05-15,12:17:00,2025-05-29,5.55,5.55,5.55,5.55,0,4080,0
BANKNIFTY29MAY2546100PE.NFO,2025-05-15,12:18:00,2025-05-29,5.55,5.55,5.55,5.55,0,4080,0
BANKNIFTY29MAY2546100PE.NFO,2025-05-15,12:19:00,2025-05-29,5.55,5.55,5.55,5.55,0,4080,0
BANKNIFTY29MAY2546100PE.NFO,2025-05-15,12:20:00,2025-05-29,5.55,5.55,5.55,5.55,0,4080,0
BANKNIFTY29MAY2546100PE.NFO,2025-05-15,12:21:00,2025-05-29,5.55,5.55,5.55,5.55,0,4080,0
BANKNIFTY29MAY2546100PE.NFO,2025-05-15,12:22:00,2025-05-29,5.55,5.55,5.55,5.55,0,4080,0
BANKNIFTY29MAY2546100PE.NFO,2025-05-15,12:23:00,2025-05-29,5.55,5.55,5.55,5.55,0,4080,0
BANKNIFTY29MAY2546100PE.NFO,2025-05-15,12:24:00,2025-05-29,5.55,5.55,5.55,5.55,0,4080,0
BANKNIFTY29MAY2546100PE.NFO,2025-05-15,12:25:00,2025-05-29,5.55,5.55,5.55,5.55,0,4080,0
BANKNIFTY29MAY2546100PE.NFO,2025-05-15,12:26:00,2025-05-29,5.55,5.55,5.55,5.55,0,4080,0
BANKNIFTY29MAY2546100PE.NFO,2025-05-15,12:27:00,2025-05-29,5.55,5.55,5.55,5.55,0,4080,0
BANKNIFTY29MAY2546100PE.NFO,2025-05-15,12:28:00,2025-05-29,5.55,5.55,5.55,5.55,0,4080,0
BANKNIFTY29MAY2546100PE.NFO,2025-05-15,12:29:00,2025-05-29,5.55,5.55,5.55,5.55,0,4080,0
BANKNIFTY29MAY2546100PE.NFO,2025-05-15,12:30:00,2025-05-29,5.55,5.55,5.55,5.55,0,4080,0
BANKNIFTY29MAY2546100PE.NFO,2025-05-15,12:31:00,2025-05-29,5.55,5.55,5.55,5.55,0,4080,0
BANKNIFTY29MAY2546100PE.NFO,2025-05-15,12:32:00,2025-05-29,5.55,5.55,5.55,5.55,0,4080,0
BANKNIFTY29MAY2546100PE.NFO,2025-05-15,12:33:00,2025-05-29,5.55,5.55,5.55,5.55,0,4080,0
BANKNIFTY29MAY2546100PE.NFO,2025-05-15,12:34:00,2025-05-29,5.55,5.55,5.55,5.55,0,4080,0
BANKNIFTY29MAY2546100PE.NFO,2025-05-15,12:35:00,2025-05-29,5.55,5.55,5.55,5.55,0,4080,0
BANKNIFTY29MAY2546100PE.NFO,2025-05-15,12:36:00,2025-05-29,5.55,5.55,5.55,5.55,0,4080,0
BANKNIFTY29MAY2546100PE.NFO,2025-05-15,12:37:00,2025-05-29,5.55,5.55,5.55,5.55,0,4080,0
BANKNIFTY29MAY2546100PE.NFO,2025-05-15,12:38:00,2025-05-29,5.55,5.55,5.55,5.55,0,4080,0
BANKNIFTY29MAY2546100PE.NFO,2025-05-15,12:39:00,2025-05-29,5.55,5.55,5.55,5.55,0,4080,0
BANKNIFTY29MAY2546100PE.NFO,2025-05-15,12:40:00,2025-05-29,5.55,5.55,5.55,5.55,0,4080,0
BANKNIFTY29MAY2546100PE.NFO,2025-05-15,12:41:00,2025-05-29,5.55,5.55,5.55,5.55,0,4080,0
BANKNIFTY29MAY2546100PE.NFO,2025-05-15,12:42:00,2025-05-29,5.55,5.55,5.55,5.55,0,4080,0
BANKNIFTY29MAY2546100PE.NFO,2025-05-15,12:43:00,2025-05-29,5.55,5.55,5.55,5.55,0,4080,0
BANKNIFTY29MAY2546100PE.NFO,2025-05-15,12:44:00,2025-05-29,5.55,5.55,5.55,5.55,0,4080,0
BANKNIFTY29MAY2546100PE.NFO,2025-05-15,12:45:00,2025-05-29,5.55,5.55,5.55,5.55,0,4080,0
BANKNIFTY29MAY2546100PE.NFO,2025-05-15,12:46:00,2025-05-29,5.55,5.55,5.55,5.55,0,4080,0
BANKNIFTY29MAY2546100PE.NFO,2025-05-15,12:47:00,2025-05-29,5.55,5.55,5.55,5.55,0,4080,0
BANKNIFTY29MAY2546100PE.NFO,2025-05-15,12:48:00,2025-05-29,5.55,5.55,5.55,5.55,0,4080,0
BANKNIFTY29MAY2546100PE.NFO,2025-05-15,12:49:00,2025-05-29,5.55,5.55,5.55,5.55,0,4080,0
BANKNIFTY29MAY2546100PE.NFO,2025-05-15,12:50:00,2025-05-29,5.55,5.55,5.55,5.55,0,4080,0
BANKNIFTY29MAY2546100PE.NFO,2025-05-15,12:51:00,2025-05-29,5.55,5.55,5.55,5.55,0,4080,0
BANKNIFTY29MAY2546100PE.NFO,2025-05-15,12:52:00,2025-05-29,5.55,5.55,5.55,5.55,0,4080,0
BANKNIFTY29MAY2546100PE.NFO,2025-05-15,12:53:00,2025-05-29,5.55,5.55,5.55,5.55,0,4080,0
BANKNIFTY29MAY2546100PE.NFO,2025-05-15,12:54:00,2025-05-29,5.55,5.55,5.55,5.55,0,4080,0
BANKNIFTY29MAY2546100PE.NFO,2025-05-15,12:55:00,2025-05-29,5.55,5.55,5.55,5.55,0,4080,0
BANKNIFTY29MAY2546100PE.NFO,2025-05-15,12:56:00,2025-05-29,5.55,5.55,5.55,5.55,0,4080,0
BANKNIFTY29MAY2546100PE.NFO,2025-05-15,12:57:00,2025-05-29,5.55,5.55,5.55,5.55,0,4080,0
BANKNIFTY29MAY2546100PE.NFO,2025-05-15,12:58:00,2025-05-29,5.55,5.55,5.55,5.55,0,4080,0
BANKNIFTY29MAY2546100PE.NFO,2025-05-15,12:59:00,2025-05-29,5.55,5.55,5.55,5.55,0,4080,1
BANKNIFTY29MAY2546100PE.NFO,2025-05-15,13:00:00,2025-05-29,5.55,5.55,5.55,5.55,0,4080,0
BANKNIFTY29MAY2546100PE.NFO,2025-05-15,13:01:00,2025-05-29,5.55,5.55,5.55,5.55,0,4080,0
BANKNIFTY29MAY2546100PE.NFO,2025-05-15,13:02:00,2025-05-29,5.55,5.55,5.55,5.55,0,4080,0
BANKNIFTY29MAY2546100PE.NFO,2025-05-15,13:03:00,2025-05-29,5.55,5.55,5.55,5.55,0,4080,0
BANKNIFTY29MAY2546100PE.NFO,2025-05-15,13:04:00,2025-05-29,5.55,5.55,5.55,5.55,0,4080,0
BANKNIFTY29MAY2546100PE.NFO,2025-05-15,13:05:00,2025-05-29,5.55,5.55,5.55,5.55,0,4080,0
BANKNIFTY29MAY2546100PE.NFO,2025-05-15,13:06:00,2025-05-29,5.55,5.55,5.55,5.55,0,4080,0
BANKNIFTY29MAY2546100PE.NFO,2025-05-15,13:07:00,2025-05-29,5.55,5.55,5.55,5.55,0,4080,0
BANKNIFTY29MAY2546100PE.NFO,2025-05-15,13:08:00,2025-05-29,5.55,5.55,5.55,5.55,0,4080,0
BANKNIFTY29MAY2546100PE.NFO,2025-05-15,13:09:00,2025-05-29,5.55,5.55,5.55,5.55,0,4080,0
BANKNIFTY29MAY2546100PE.NFO,2025-05-15,13:10:00,2025-05-29,5.55,5.55,3.75,4.7,90,4230,0
BANKNIFTY29MAY2546100PE.NFO,2025-05-15,13:11:00,2025-05-29,4.7,4.95,4.7,4.95,30,4230,0
BANKNIFTY29MAY2546100PE.NFO,2025-05-15,13:12:00,2025-05-29,4.95,5.2,4.95,5.2,30,4230,0
BANKNIFTY29MAY2546100PE.NFO,2025-05-15,13:13:00,2025-05-29,5.2,5.2,5.2,5.2,0,4230,0
BANKNIFTY29MAY2546100PE.NFO,2025-05-15,13:14:00,2025-05-29,5.2,5.2,5.2,5.2,0,4230,0
BANKNIFTY29MAY2546100PE.NFO,2025-05-15,13:15:00,2025-05-29,5.2,5.2,5.2,5.2,0,4230,0
BANKNIFTY29MAY2546100PE.NFO,2025-05-15,13:16:00,2025-05-29,5.2,5.2,5.2,5.2,0,4230,0
BANKNIFTY29MAY2546100PE.NFO,2025-05-15,13:17:00,2025-05-29,5.2,5.2,5.2,5.2,0,4230,0
BANKNIFTY29MAY2546100PE.NFO,2025-05-15,13:18:00,2025-05-29,5.2,5.2,5.2,5.2,0,4230,0
BANKNIFTY29MAY2546100PE.NFO,2025-05-15,13:19:00,2025-05-29,5.2,5.2,5.2,5.2,0,4230,0
BANKNIFTY29MAY2546100PE.NFO,2025-05-15,13:20:00,2025-05-29,5.2,5.2,5.2,5.2,0,4230,0
BANKNIFTY29MAY2546100PE.NFO,2025-05-15,13:21:00,2025-05-29,5.2,5.2,5.2,5.2,0,4230,0
BANKNIFTY29MAY2546100PE.NFO,2025-05-15,13:22:00,2025-05-29,5.2,5.2,5.2,5.2,0,4230,0
BANKNIFTY29MAY2546100PE.NFO,2025-05-15,13:23:00,2025-05-29,5.2,5.2,5.2,5.2,0,4230,0
BANKNIFTY29MAY2546100PE.NFO,2025-05-15,13:24:00,2025-05-29,5.2,5.2,5.2,5.2,0,4230,0
BANKNIFTY29MAY2546100PE.NFO,2025-05-15,13:25:00,2025-05-29,5.2,5.2,5.2,5.2,0,4230,0
BANKNIFTY29MAY2546100PE.NFO,2025-05-15,13:26:00,2025-05-29,5.2,5.2,5.2,5.2,0,4230,0
BANKNIFTY29MAY2546100PE.NFO,2025-05-15,13:27:00,2025-05-29,5.2,5.2,5.2,5.2,0,4230,0
BANKNIFTY29MAY2546100PE.NFO,2025-05-15,13:28:00,2025-05-29,5.2,5.2,5.2,5.2,0,4230,0
BANKNIFTY29MAY2546100PE.NFO,2025-05-15,13:29:00,2025-05-29,5.2,5.2,5.2,5.2,0,4230,0
BANKNIFTY29MAY2546100PE.NFO,2025-05-15,13:30:00,2025-05-29,5.2,5.2,5.2,5.2,0,4230,0
BANKNIFTY29MAY2546100PE.NFO,2025-05-15,13:31:00,2025-05-29,5.2,5.2,5.2,5.2,0,4230,0
BANKNIFTY29MAY2546100PE.NFO,2025-05-15,13:32:00,2025-05-29,5.2,5.2,5.2,5.2,0,4230,0
BANKNIFTY29MAY2546100PE.NFO,2025-05-15,13:33:00,2025-05-29,5.2,5.2,5.2,5.2,0,4230,0
BANKNIFTY29MAY2546100PE.NFO,2025-05-15,13:34:00,2025-05-29,5.2,5.2,5.2,5.2,0,4230,0
BANKNIFTY29MAY2546100PE.NFO,2025-05-15,13:35:00,2025-05-29,5.2,5.2,5.2,5.2,0,4230,0
BANKNIFTY29MAY2546100PE.NFO,2025-05-15,13:36:00,2025-05-29,5.2,5.2,5.2,5.2,0,4230,0
BANKNIFTY29MAY2546100PE.NFO,2025-05-15,13:37:00,2025-05-29,5.2,5.2,5.2,5.2,0,4230,0
BANKNIFTY29MAY2546100PE.NFO,2025-05-15,13:38:00,2025-05-29,5.2,5.2,5.2,5.2,0,4230,0
BANKNIFTY29MAY2546100PE.NFO,2025-05-15,13:39:00,2025-05-29,5.2,5.2,5.2,5.2,0,4230,0
BANKNIFTY29MAY2546100PE.NFO,2025-05-15,13:40:00,2025-05-29,5.2,5.2,5.2,5.2,0,4230,0
BANKNIFTY29MAY2546100PE.NFO,2025-05-15,13:41:00,2025-05-29,5.2,5.2,5.2,5.2,0,4230,0
BANKNIFTY29MAY2546100PE.NFO,2025-05-15,13:42:00,2025-05-29,5.2,5.2,5.2,5.2,0,4230,0
BANKNIFTY29MAY2546100PE.NFO,2025-05-15,13:43:00,2025-05-29,5.2,5.2,5.2,5.2,0,4230,0
BANKNIFTY29MAY2546100PE.NFO,2025-05-15,13:44:00,2025-05-29,5.2,5.2,5.2,5.2,0,4230,0
BANKNIFTY29MAY2546100PE.NFO,2025-05-15,13:45:00,2025-05-29,5.2,5.2,5.2,5.2,0,4230,0
BANKNIFTY29MAY2546100PE.NFO,2025-05-15,13:46:00,2025-05-29,5.2,5.2,5.2,5.2,0,4230,0
BANKNIFTY29MAY2546100PE.NFO,2025-05-15,13:47:00,2025-05-29,5.2,5.2,5.2,5.2,0,4230,0
BANKNIFTY29MAY2546100PE.NFO,2025-05-15,13:48:00,2025-05-29,5.2,5.2,5.2,5.2,0,4230,0
BANKNIFTY29MAY2546100PE.NFO,2025-05-15,13:49:00,2025-05-29,5.2,5.2,5.2,5.2,0,4230,0
BANKNIFTY29MAY2546100PE.NFO,2025-05-15,13:50:00,2025-05-29,5.2,5.2,5.2,5.2,0,4230,0
BANKNIFTY29MAY2546100PE.NFO,2025-05-15,13:51:00,2025-05-29,5.2,5.2,5.2,5.2,0,4230,0
BANKNIFTY29MAY2546100PE.NFO,2025-05-15,13:52:00,2025-05-29,5.2,5.2,5.2,5.2,0,4230,0
BANKNIFTY29MAY2546100PE.NFO,2025-05-15,13:53:00,2025-05-29,5.2,5.2,5.2,5.2,0,4230,0
BANKNIFTY29MAY2546100PE.NFO,2025-05-15,13:54:00,2025-05-29,5.2,5.2,5.2,5.2,0,4230,0
BANKNIFTY29MAY2546100PE.NFO,2025-05-15,13:55:00,2025-05-29,5.2,5.2,5.2,5.2,0,4230,0
BANKNIFTY29MAY2546100PE.NFO,2025-05-15,13:56:00,2025-05-29,5.2,5.2,5.2,5.2,0,4230,0
BANKNIFTY29MAY2546100PE.NFO,2025-05-15,13:57:00,2025-05-29,5.2,5.2,5.2,5.2,0,4230,0
BANKNIFTY29MAY2546100PE.NFO,2025-05-15,13:58:00,2025-05-29,5.2,5.2,5.2,5.2,0,4230,0
BANKNIFTY29MAY2546100PE.NFO,2025-05-15,13:59:00,2025-05-29,5.2,5.2,5.2,5.2,0,4230,0
BANKNIFTY29MAY2546100PE.NFO,2025-05-15,14:00:00,2025-05-29,5.2,5.2,5.2,5.2,0,4230,0
BANKNIFTY29MAY2546100PE.NFO,2025-05-15,14:01:00,2025-05-29,5.2,5.2,5.2,5.2,0,4230,0
BANKNIFTY29MAY2546100PE.NFO,2025-05-15,14:02:00,2025-05-29,5.2,5.2,5.2,5.2,0,4230,0
BANKNIFTY29MAY2546100PE.NFO,2025-05-15,14:03:00,2025-05-29,5.2,5.2,5.2,5.2,0,4230,0
BANKNIFTY29MAY2546100PE.NFO,2025-05-15,14:04:00,2025-05-29,5.2,5.2,5.2,5.2,0,4230,0
BANKNIFTY29MAY2546100PE.NFO,2025-05-15,14:05:00,2025-05-29,5.2,5.2,5.2,5.2,0,4230,0
BANKNIFTY29MAY2546100PE.NFO,2025-05-15,14:06:00,2025-05-29,5.2,5.2,5.2,5.2,0,4230,0
BANKNIFTY29MAY2546100PE.NFO,2025-05-15,14:07:00,2025-05-29,5.2,5.2,5.2,5.2,0,4230,0
BANKNIFTY29MAY2546100PE.NFO,2025-05-15,14:08:00,2025-05-29,5.2,6.25,5.2,6.25,30,4200,0
BANKNIFTY29MAY2546100PE.NFO,2025-05-15,14:09:00,2025-05-29,6.25,6.25,6.25,6.25,0,4200,0
BANKNIFTY29MAY2546100PE.NFO,2025-05-15,14:10:00,2025-05-29,6.25,6.25,6.25,6.25,0,4200,0
BANKNIFTY29MAY2546100PE.NFO,2025-05-15,14:11:00,2025-05-29,6.25,6.25,6.25,6.25,0,4200,0
BANKNIFTY29MAY2546100PE.NFO,2025-05-15,14:12:00,2025-05-29,6.25,6.35,6.2,6.2,90,4170,0
BANKNIFTY29MAY2546100PE.NFO,2025-05-15,14:13:00,2025-05-29,6.2,6.2,6.2,6.2,0,4170,0
BANKNIFTY29MAY2546100PE.NFO,2025-05-15,14:14:00,2025-05-29,6.2,6.2,6.2,6.2,0,4170,0
BANKNIFTY29MAY2546100PE.NFO,2025-05-15,14:15:00,2025-05-29,6.2,6.2,6.2,6.2,0,4170,0
BANKNIFTY29MAY2546100PE.NFO,2025-05-15,14:16:00,2025-05-29,6.2,6.2,6.2,6.2,0,4170,0
BANKNIFTY29MAY2546100PE.NFO,2025-05-15,14:17:00,2025-05-29,6.2,6.2,6.2,6.2,0,4170,0
BANKNIFTY29MAY2546100PE.NFO,2025-05-15,14:18:00,2025-05-29,6.2,6.2,6.2,6.2,0,4170,0
BANKNIFTY29MAY2546100PE.NFO,2025-05-15,14:19:00,2025-05-29,6.2,6.2,6.2,6.2,0,4170,0
BANKNIFTY29MAY2546100PE.NFO,2025-05-15,14:20:00,2025-05-29,6.2,6.2,6.2,6.2,0,4170,0
BANKNIFTY29MAY2546100PE.NFO,2025-05-15,14:21:00,2025-05-29,6.2,6.2,6.2,6.2,0,4170,0
BANKNIFTY29MAY2546100PE.NFO,2025-05-15,14:22:00,2025-05-29,6.2,6.2,6.2,6.2,0,4170,0
BANKNIFTY29MAY2546100PE.NFO,2025-05-15,14:23:00,2025-05-29,6.2,6.2,6.2,6.2,0,4170,0
BANKNIFTY29MAY2546100PE.NFO,2025-05-15,14:24:00,2025-05-29,6.2,6.2,6.2,6.2,0,4170,0
BANKNIFTY29MAY2546100PE.NFO,2025-05-15,14:25:00,2025-05-29,6.2,7.4,6.2,7.4,60,4200,0
BANKNIFTY29MAY2546100PE.NFO,2025-05-15,14:26:00,2025-05-29,7.4,7.4,7.4,7.4,0,4200,0
BANKNIFTY29MAY2546100PE.NFO,2025-05-15,14:27:00,2025-05-29,7.4,7.4,7.4,7.4,0,4200,0
BANKNIFTY29MAY2546100PE.NFO,2025-05-15,14:28:00,2025-05-29,7.4,7.8,7.4,7.8,30,4260,0
BANKNIFTY29MAY2546100PE.NFO,2025-05-15,14:29:00,2025-05-29,7.8,7.8,7.8,7.8,0,4260,0
BANKNIFTY29MAY2546100PE.NFO,2025-05-15,14:30:00,2025-05-29,7.8,7.8,7.8,7.8,0,4260,0
BANKNIFTY29MAY2546100PE.NFO,2025-05-15,14:31:00,2025-05-29,7.8,7.8,7.8,7.8,0,4260,0
BANKNIFTY29MAY2546100PE.NFO,2025-05-15,14:32:00,2025-05-29,7.8,7.8,7.8,7.8,0,4260,0
BANKNIFTY29MAY2546100PE.NFO,2025-05-15,14:33:00,2025-05-29,7.8,7.8,7.8,7.8,0,4260,0
BANKNIFTY29MAY2546100PE.NFO,2025-05-15,14:34:00,2025-05-29,7.8,7.8,7.8,7.8,0,4260,0
BANKNIFTY29MAY2546100PE.NFO,2025-05-15,14:35:00,2025-05-29,7.8,7.8,7.8,7.8,0,4260,0
BANKNIFTY29MAY2546100PE.NFO,2025-05-15,14:36:00,2025-05-29,7.8,7.8,7.8,7.8,0,4260,0
BANKNIFTY29MAY2546100PE.NFO,2025-05-15,14:37:00,2025-05-29,7.8,7.8,7.8,7.8,0,4260,0
BANKNIFTY29MAY2546100PE.NFO,2025-05-15,14:38:00,2025-05-29,7.8,7.8,4.7,6.45,870,4260,0
BANKNIFTY29MAY2546100PE.NFO,2025-05-15,14:39:00,2025-05-29,6.45,6.45,6.45,6.45,0,4260,0
BANKNIFTY29MAY2546100PE.NFO,2025-05-15,14:40:00,2025-05-29,6.45,6.45,6.45,6.45,0,4260,0
BANKNIFTY29MAY2546100PE.NFO,2025-05-15,14:41:00,2025-05-29,6.45,6.45,6.45,6.45,0,4260,0
BANKNIFTY29MAY2546100PE.NFO,2025-05-15,14:42:00,2025-05-29,6.45,6.45,6.45,6.45,0,4260,0
BANKNIFTY29MAY2546100PE.NFO,2025-05-15,14:43:00,2025-05-29,6.45,6.45,6.45,6.45,0,4260,0
BANKNIFTY29MAY2546100PE.NFO,2025-05-15,14:44:00,2025-05-29,6.45,6.45,6.45,6.45,0,4260,0
BANKNIFTY29MAY2546100PE.NFO,2025-05-15,14:45:00,2025-05-29,6.45,6.45,6.45,6.45,0,4260,0
BANKNIFTY29MAY2546100PE.NFO,2025-05-15,14:46:00,2025-05-29,6.45,6.45,6.45,6.45,0,4260,0
BANKNIFTY29MAY2546100PE.NFO,2025-05-15,14:47:00,2025-05-29,6.45,6.45,6.45,6.45,0,4260,0
BANKNIFTY29MAY2546100PE.NFO,2025-05-15,14:48:00,2025-05-29,6.45,6.45,6.45,6.45,0,4260,0
BANKNIFTY29MAY2546100PE.NFO,2025-05-15,14:49:00,2025-05-29,6.45,6.45,6.45,6.45,60,3720,0
BANKNIFTY29MAY2546100PE.NFO,2025-05-15,14:50:00,2025-05-29,6.45,6.45,6.45,6.45,0,3720,0
BANKNIFTY29MAY2546100PE.NFO,2025-05-15,14:51:00,2025-05-29,6.45,6.45,6.45,6.45,0,3720,0
BANKNIFTY29MAY2546100PE.NFO,2025-05-15,14:52:00,2025-05-29,6.45,6.45,6.45,6.45,0,3720,0
BANKNIFTY29MAY2546100PE.NFO,2025-05-15,14:53:00,2025-05-29,6.45,6.45,6.45,6.45,0,3720,0
BANKNIFTY29MAY2546100PE.NFO,2025-05-15,14:54:00,2025-05-29,6.45,6.45,6.45,6.45,0,3720,0
BANKNIFTY29MAY2546100PE.NFO,2025-05-15,14:55:00,2025-05-29,6.45,6.45,6.45,6.45,0,3720,0
BANKNIFTY29MAY2546100PE.NFO,2025-05-15,14:56:00,2025-05-29,6.45,6.45,6.45,6.45,0,3720,0
BANKNIFTY29MAY2546100PE.NFO,2025-05-15,14:57:00,2025-05-29,6.45,6.45,6.45,6.45,0,3720,0
BANKNIFTY29MAY2546100PE.NFO,2025-05-15,14:58:00,2025-05-29,6.45,6.45,6.45,6.45,0,3720,0
BANKNIFTY29MAY2546100PE.NFO,2025-05-15,14:59:00,2025-05-29,6.45,6.45,6.45,6.45,0,3720,0
BANKNIFTY29MAY2546100PE.NFO,2025-05-15,15:00:00,2025-05-29,6.45,6.45,6.45,6.45,0,3720,0
BANKNIFTY29MAY2546100PE.NFO,2025-05-15,15:01:00,2025-05-29,6.45,6.45,6.45,6.45,0,3720,0
BANKNIFTY29MAY2546100PE.NFO,2025-05-15,15:02:00,2025-05-29,6.45,6.45,6.45,6.45,0,3720,0
BANKNIFTY29MAY2546100PE.NFO,2025-05-15,15:03:00,2025-05-29,6.45,6.45,6.45,6.45,0,3720,0
BANKNIFTY29MAY2546100PE.NFO,2025-05-15,15:04:00,2025-05-29,6.45,6.45,6.45,6.45,0,3720,0
BANKNIFTY29MAY2546100PE.NFO,2025-05-15,15:05:00,2025-05-29,6.45,6.45,6.45,6.45,0,3720,0
BANKNIFTY29MAY2546100PE.NFO,2025-05-15,15:06:00,2025-05-29,6.45,6.45,6.45,6.45,0,3720,0
BANKNIFTY29MAY2546100PE.NFO,2025-05-15,15:07:00,2025-05-29,6.45,6.45,6.45,6.45,0,3720,0
BANKNIFTY29MAY2546100PE.NFO,2025-05-15,15:08:00,2025-05-29,6.45,6.45,6.45,6.45,0,3720,0
BANKNIFTY29MAY2546100PE.NFO,2025-05-15,15:09:00,2025-05-29,6.45,6.45,6.45,6.45,0,3720,1
BANKNIFTY29MAY2546100PE.NFO,2025-05-15,15:10:00,2025-05-29,6.45,6.45,6.45,6.45,0,3720,0
BANKNIFTY29MAY2546100PE.NFO,2025-05-15,15:11:00,2025-05-29,6.45,6.45,6.45,6.45,0,3720,0
BANKNIFTY29MAY2546100PE.NFO,2025-05-15,15:12:00,2025-05-29,6.45,6.45,6.45,6.45,0,3720,0
BANKNIFTY29MAY2546100PE.NFO,2025-05-15,15:13:00,2025-05-29,6.45,6.45,6.45,6.45,0,3720,0
BANKNIFTY29MAY2546100PE.NFO,2025-05-15,15:14:00,2025-05-29,7.4,7.4,7.4,7.4,30,3780,0
BANKNIFTY29MAY2546100PE.NFO,2025-05-15,15:15:00,2025-05-29,7.4,7.4,7.4,7.4,0,3780,0
BANKNIFTY29MAY2546100PE.NFO,2025-05-15,15:16:00,2025-05-29,7.4,7.4,7.4,7.4,0,3780,0
BANKNIFTY29MAY2546100PE.NFO,2025-05-15,15:17:00,2025-05-29,7.4,7.4,6.65,6.65,0,3810,0
BANKNIFTY29MAY2546100PE.NFO,2025-05-15,15:18:00,2025-05-29,6.65,6.65,6.65,6.65,60,3810,0
BANKNIFTY29MAY2546100PE.NFO,2025-05-15,15:19:00,2025-05-29,6.65,6.65,6.65,6.65,0,3810,0
BANKNIFTY29MAY2546100PE.NFO,2025-05-15,15:20:00,2025-05-29,6.65,6.65,6.65,6.65,0,3810,0
BANKNIFTY29MAY2546100PE.NFO,2025-05-15,15:21:00,2025-05-29,6.65,6.65,6.65,6.65,0,3810,0
BANKNIFTY29MAY2546100PE.NFO,2025-05-15,15:22:00,2025-05-29,6.65,6.65,6.65,6.65,30,3810,0
BANKNIFTY29MAY2546100PE.NFO,2025-05-15,15:23:00,2025-05-29,6.65,6.65,6.65,6.65,0,3810,0
BANKNIFTY29MAY2546100PE.NFO,2025-05-15,15:24:00,2025-05-29,6.65,6.65,6.65,6.65,0,3810,1
BANKNIFTY29MAY2546100PE.NFO,2025-05-15,15:25:00,2025-05-29,6.7,6.7,5.55,6.55,360,3840,0
BANKNIFTY29MAY2546100PE.NFO,2025-05-15,15:26:00,2025-05-29,6.55,6.55,6.0,6.0,30,4020,0
BANKNIFTY29MAY2546100PE.NFO,2025-05-15,15:27:00,2025-05-29,6.0,6.0,6.0,6.0,0,4020,0
BANKNIFTY29MAY2546100PE.NFO,2025-05-15,15:28:00,2025-05-29,6.0,6.75,4.6,6.25,90,4020,0
BANKNIFTY29MAY2546100PE.NFO,2025-05-15,15:29:00,2025-05-29,6.25,6.25,6.25,6.25,0,4020,0
BANKNIFTY29MAY2546100PE.NFO,2025-05-15,15:30:00,2025-05-29,6.25,6.25,6.25,6.25,0,4020,1
BANKNIFTY29MAY2546100PE.NFO,2025-05-16,09:15:00,2025-05-29,5.05,5.05,5.05,5.05,0,0,0
BANKNIFTY29MAY2546100PE.NFO,2025-05-16,09:16:00,2025-05-29,5.05,5.05,5.05,5.05,0,0,1
BANKNIFTY29MAY2546100PE.NFO,2025-05-16,09:17:00,2025-05-29,5.05,5.05,5.05,5.05,0,4050,0
BANKNIFTY29MAY2546100PE.NFO,2025-05-16,09:18:00,2025-05-29,5.05,5.05,5.05,5.05,0,4050,0
BANKNIFTY29MAY2546100PE.NFO,2025-05-16,09:19:00,2025-05-29,5.05,5.05,5.05,5.05,0,4050,0
BANKNIFTY29MAY2546100PE.NFO,2025-05-16,09:20:00,2025-05-29,5.05,5.05,5.05,5.05,0,4050,0
BANKNIFTY29MAY2546100PE.NFO,2025-05-16,09:21:00,2025-05-29,5.05,5.05,5.05,5.05,0,4050,0
BANKNIFTY29MAY2546100PE.NFO,2025-05-16,09:22:00,2025-05-29,5.05,5.05,5.05,5.05,0,4050,0
BANKNIFTY29MAY2546100PE.NFO,2025-05-16,09:23:00,2025-05-29,5.05,6.15,5.05,6.15,30,4020,0
BANKNIFTY29MAY2546100PE.NFO,2025-05-16,09:24:00,2025-05-29,6.15,6.15,6.15,6.15,0,4020,0
BANKNIFTY29MAY2546100PE.NFO,2025-05-16,09:25:00,2025-05-29,6.15,6.15,6.15,6.15,0,4020,0
BANKNIFTY29MAY2546100PE.NFO,2025-05-16,09:26:00,2025-05-29,6.15,6.15,6.15,6.15,0,4020,0
BANKNIFTY29MAY2546100PE.NFO,2025-05-16,09:27:00,2025-05-29,6.15,6.15,6.15,6.15,0,4020,0
BANKNIFTY29MAY2546100PE.NFO,2025-05-16,09:28:00,2025-05-29,6.15,6.15,6.15,6.15,0,4020,0
BANKNIFTY29MAY2546100PE.NFO,2025-05-16,09:29:00,2025-05-29,6.15,6.15,6.15,6.15,0,4020,0
BANKNIFTY29MAY2546100PE.NFO,2025-05-16,09:30:00,2025-05-29,6.15,6.15,5.5,5.5,390,4050,0
BANKNIFTY29MAY2546100PE.NFO,2025-05-16,09:31:00,2025-05-29,5.5,5.5,5.5,5.5,210,4440,0
BANKNIFTY29MAY2546100PE.NFO,2025-05-16,09:32:00,2025-05-29,5.5,5.5,5.5,5.5,150,4440,0
BANKNIFTY29MAY2546100PE.NFO,2025-05-16,09:33:00,2025-05-29,5.5,5.5,5.5,5.5,0,4440,0
BANKNIFTY29MAY2546100PE.NFO,2025-05-16,09:34:00,2025-05-29,5.5,5.5,5.5,5.5,0,4440,0
BANKNIFTY29MAY2546100PE.NFO,2025-05-16,09:35:00,2025-05-29,5.5,5.5,5.5,5.5,0,4440,0
BANKNIFTY29MAY2546100PE.NFO,2025-05-16,09:36:00,2025-05-29,5.5,5.5,5.5,5.5,0,4440,0
BANKNIFTY29MAY2546100PE.NFO,2025-05-16,09:37:00,2025-05-29,5.5,5.5,5.5,5.5,0,4440,0
BANKNIFTY29MAY2546100PE.NFO,2025-05-16,09:38:00,2025-05-29,5.5,5.5,5.5,5.5,0,4440,0
BANKNIFTY29MAY2546100PE.NFO,2025-05-16,09:39:00,2025-05-29,5.5,5.5,5.5,5.5,0,4440,0
BANKNIFTY29MAY2546100PE.NFO,2025-05-16,09:40:00,2025-05-29,5.5,5.5,5.5,5.5,0,4440,0
BANKNIFTY29MAY2546100PE.NFO,2025-05-16,09:41:00,2025-05-29,5.5,5.5,5.5,5.5,0,4440,0
BANKNIFTY29MAY2546100PE.NFO,2025-05-16,09:42:00,2025-05-29,5.5,5.5,5.5,5.5,270,4800,0
BANKNIFTY29MAY2546100PE.NFO,2025-05-16,09:43:00,2025-05-29,5.5,5.5,5.5,5.5,0,4800,0
BANKNIFTY29MAY2546100PE.NFO,2025-05-16,09:44:00,2025-05-29,5.5,5.9,5.5,5.9,900,5070,0
BANKNIFTY29MAY2546100PE.NFO,2025-05-16,09:45:00,2025-05-29,5.9,5.9,5.9,5.9,0,5070,0
BANKNIFTY29MAY2546100PE.NFO,2025-05-16,09:46:00,2025-05-29,5.9,5.9,5.9,5.9,0,5070,0
BANKNIFTY29MAY2546100PE.NFO,2025-05-16,09:47:00,2025-05-29,5.9,5.9,5.9,5.9,0,5070,0
BANKNIFTY29MAY2546100PE.NFO,2025-05-16,09:48:00,2025-05-29,5.9,5.9,5.9,5.9,0,5070,0
BANKNIFTY29MAY2546100PE.NFO,2025-05-16,09:49:00,2025-05-29,5.9,5.9,5.9,5.9,0,5070,0
BANKNIFTY29MAY2546100PE.NFO,2025-05-16,09:50:00,2025-05-29,5.9,5.9,5.9,5.9,0,5070,0
BANKNIFTY29MAY2546100PE.NFO,2025-05-16,09:51:00,2025-05-29,5.9,5.9,5.9,5.9,0,5070,0
BANKNIFTY29MAY2546100PE.NFO,2025-05-16,09:52:00,2025-05-29,5.9,5.9,5.9,5.9,0,5070,0
BANKNIFTY29MAY2546100PE.NFO,2025-05-16,09:53:00,2025-05-29,5.9,5.9,5.9,5.9,30,5070,0
BANKNIFTY29MAY2546100PE.NFO,2025-05-16,09:54:00,2025-05-29,5.9,5.9,5.9,5.9,0,5070,0
BANKNIFTY29MAY2546100PE.NFO,2025-05-16,09:55:00,2025-05-29,5.9,5.9,5.9,5.9,0,5070,0
BANKNIFTY29MAY2546100PE.NFO,2025-05-16,09:56:00,2025-05-29,5.9,5.9,5.9,5.9,0,5070,0
BANKNIFTY29MAY2546100PE.NFO,2025-05-16,09:57:00,2025-05-29,5.9,5.9,5.5,5.5,30,5100,0
BANKNIFTY29MAY2546100PE.NFO,2025-05-16,09:58:00,2025-05-29,5.5,5.5,5.5,5.5,0,5100,0
BANKNIFTY29MAY2546100PE.NFO,2025-05-16,09:59:00,2025-05-29,5.5,5.5,5.5,5.5,0,5100,0
BANKNIFTY29MAY2546100PE.NFO,2025-05-16,10:00:00,2025-05-29,5.5,5.5,5.5,5.5,0,5100,0
BANKNIFTY29MAY2546100PE.NFO,2025-05-16,10:01:00,2025-05-29,5.5,5.5,5.5,5.5,0,5100,0
BANKNIFTY29MAY2546100PE.NFO,2025-05-16,10:02:00,2025-05-29,5.5,5.5,5.5,5.5,0,5100,0
BANKNIFTY29MAY2546100PE.NFO,2025-05-16,10:03:00,2025-05-29,5.5,5.5,5.5,5.5,0,5100,0
BANKNIFTY29MAY2546100PE.NFO,2025-05-16,10:04:00,2025-05-29,5.5,5.5,5.5,5.5,0,5100,0
BANKNIFTY29MAY2546100PE.NFO,2025-05-16,10:05:00,2025-05-29,5.5,5.5,5.5,5.5,0,5100,0
BANKNIFTY29MAY2546100PE.NFO,2025-05-16,10:06:00,2025-05-29,5.5,5.5,5.5,5.5,0,5100,0
BANKNIFTY29MAY2546100PE.NFO,2025-05-16,10:07:00,2025-05-29,5.5,5.5,5.5,5.5,0,5100,0
BANKNIFTY29MAY2546100PE.NFO,2025-05-16,10:08:00,2025-05-29,5.5,5.5,5.5,5.5,0,5100,0
BANKNIFTY29MAY2546100PE.NFO,2025-05-16,10:09:00,2025-05-29,5.5,5.5,5.5,5.5,0,5100,0
BANKNIFTY29MAY2546100PE.NFO,2025-05-16,10:10:00,2025-05-29,5.5,5.5,5.5,5.5,0,5100,0
BANKNIFTY29MAY2546100PE.NFO,2025-05-16,10:11:00,2025-05-29,5.5,5.5,5.5,5.5,0,5100,0
BANKNIFTY29MAY2546100PE.NFO,2025-05-16,10:12:00,2025-05-29,5.5,5.5,5.5,5.5,0,5100,0
BANKNIFTY29MAY2546100PE.NFO,2025-05-16,10:13:00,2025-05-29,5.5,5.5,5.5,5.5,0,5100,0
BANKNIFTY29MAY2546100PE.NFO,2025-05-16,10:14:00,2025-05-29,5.5,5.5,5.5,5.5,0,5100,0
BANKNIFTY29MAY2546100PE.NFO,2025-05-16,10:15:00,2025-05-29,5.5,5.5,5.5,5.5,0,5100,0
BANKNIFTY29MAY2546100PE.NFO,2025-05-16,10:16:00,2025-05-29,5.5,5.5,5.5,5.5,0,5100,0
BANKNIFTY29MAY2546100PE.NFO,2025-05-16,10:17:00,2025-05-29,5.5,5.5,5.5,5.5,0,5100,0
BANKNIFTY29MAY2546100PE.NFO,2025-05-16,10:18:00,2025-05-29,5.5,5.5,5.5,5.5,0,5100,0
BANKNIFTY29MAY2546100PE.NFO,2025-05-16,10:19:00,2025-05-29,5.5,5.5,5.5,5.5,0,5100,0
BANKNIFTY29MAY2546100PE.NFO,2025-05-16,10:20:00,2025-05-29,5.5,5.5,5.5,5.5,0,5100,0
BANKNIFTY29MAY2546100PE.NFO,2025-05-16,10:21:00,2025-05-29,5.5,5.5,5.5,5.5,0,5100,0
BANKNIFTY29MAY2546100PE.NFO,2025-05-16,10:22:00,2025-05-29,5.5,5.5,5.5,5.5,0,5100,0
BANKNIFTY29MAY2546100PE.NFO,2025-05-16,10:23:00,2025-05-29,5.5,5.5,5.5,5.5,0,5100,0
BANKNIFTY29MAY2546100PE.NFO,2025-05-16,10:24:00,2025-05-29,5.5,5.5,5.5,5.5,0,5100,0
BANKNIFTY29MAY2546100PE.NFO,2025-05-16,10:25:00,2025-05-29,5.5,5.5,5.5,5.5,0,5100,0
BANKNIFTY29MAY2546100PE.NFO,2025-05-16,10:26:00,2025-05-29,5.5,5.5,5.5,5.5,0,5100,0
BANKNIFTY29MAY2546100PE.NFO,2025-05-16,10:27:00,2025-05-29,5.5,5.5,5.5,5.5,0,5100,0
BANKNIFTY29MAY2546100PE.NFO,2025-05-16,10:28:00,2025-05-29,5.5,5.5,5.5,5.5,0,5100,0
BANKNIFTY29MAY2546100PE.NFO,2025-05-16,10:29:00,2025-05-29,5.5,5.5,5.5,5.5,0,5100,0
BANKNIFTY29MAY2546100PE.NFO,2025-05-16,10:30:00,2025-05-29,5.5,5.5,5.5,5.5,0,5100,0
BANKNIFTY29MAY2546100PE.NFO,2025-05-16,10:31:00,2025-05-29,5.5,5.5,5.5,5.5,0,5100,0
BANKNIFTY29MAY2546100PE.NFO,2025-05-16,10:32:00,2025-05-29,5.5,5.5,5.5,5.5,0,5100,0
BANKNIFTY29MAY2546100PE.NFO,2025-05-16,10:33:00,2025-05-29,5.5,5.5,5.5,5.5,0,5100,0
BANKNIFTY29MAY2546100PE.NFO,2025-05-16,10:34:00,2025-05-29,5.5,5.5,5.5,5.5,0,5100,0
BANKNIFTY29MAY2546100PE.NFO,2025-05-16,10:35:00,2025-05-29,5.5,5.5,5.5,5.5,0,5100,0
BANKNIFTY29MAY2546100PE.NFO,2025-05-16,10:36:00,2025-05-29,5.5,5.5,5.5,5.5,0,5100,0
BANKNIFTY29MAY2546100PE.NFO,2025-05-16,10:37:00,2025-05-29,5.5,5.5,5.5,5.5,0,5100,0
BANKNIFTY29MAY2546100PE.NFO,2025-05-16,10:38:00,2025-05-29,5.5,5.5,5.5,5.5,0,5100,0
BANKNIFTY29MAY2546100PE.NFO,2025-05-16,10:39:00,2025-05-29,5.5,5.5,5.5,5.5,0,5100,0
BANKNIFTY29MAY2546100PE.NFO,2025-05-16,10:40:00,2025-05-29,5.5,5.5,5.5,5.5,0,5100,0
BANKNIFTY29MAY2546100PE.NFO,2025-05-16,10:41:00,2025-05-29,5.5,5.5,5.5,5.5,0,5100,0
BANKNIFTY29MAY2546100PE.NFO,2025-05-16,10:42:00,2025-05-29,5.5,5.5,5.5,5.5,0,5100,0
BANKNIFTY29MAY2546100PE.NFO,2025-05-16,10:43:00,2025-05-29,5.5,5.5,5.5,5.5,0,5100,0
BANKNIFTY29MAY2546100PE.NFO,2025-05-16,10:44:00,2025-05-29,5.5,5.5,5.5,5.5,0,5100,0
BANKNIFTY29MAY2546100PE.NFO,2025-05-16,10:45:00,2025-05-29,5.5,5.5,5.5,5.5,0,5100,0
BANKNIFTY29MAY2546100PE.NFO,2025-05-16,10:46:00,2025-05-29,5.5,5.5,5.5,5.5,0,5100,0
BANKNIFTY29MAY2546100PE.NFO,2025-05-16,10:47:00,2025-05-29,5.5,5.5,5.5,5.5,0,5100,0
BANKNIFTY29MAY2546100PE.NFO,2025-05-16,10:48:00,2025-05-29,5.5,5.5,5.5,5.5,0,5100,0
BANKNIFTY29MAY2546100PE.NFO,2025-05-16,10:49:00,2025-05-29,5.5,5.5,5.5,5.5,0,5100,0
BANKNIFTY29MAY2546100PE.NFO,2025-05-16,10:50:00,2025-05-29,5.5,5.5,5.5,5.5,0,5100,0
BANKNIFTY29MAY2546100PE.NFO,2025-05-16,10:51:00,2025-05-29,5.5,5.5,5.5,5.5,0,5100,0
BANKNIFTY29MAY2546100PE.NFO,2025-05-16,10:52:00,2025-05-29,5.5,5.5,5.5,5.5,0,5100,1
BANKNIFTY29MAY2546100PE.NFO,2025-05-16,10:53:00,2025-05-29,5.5,5.5,5.5,5.5,0,5100,0
BANKNIFTY29MAY2546100PE.NFO,2025-05-16,10:54:00,2025-05-29,5.5,5.5,5.5,5.5,0,5100,0
BANKNIFTY29MAY2546100PE.NFO,2025-05-16,10:55:00,2025-05-29,5.5,5.5,5.2,5.2,30,5100,0
BANKNIFTY29MAY2546100PE.NFO,2025-05-16,10:56:00,2025-05-29,5.2,5.2,5.2,5.2,0,5100,0
BANKNIFTY29MAY2546100PE.NFO,2025-05-16,10:57:00,2025-05-29,5.2,5.2,5.2,5.2,0,5100,0
BANKNIFTY29MAY2546100PE.NFO,2025-05-16,10:58:00,2025-05-29,5.2,5.2,5.2,5.2,0,5100,0
BANKNIFTY29MAY2546100PE.NFO,2025-05-16,10:59:00,2025-05-29,5.2,6.15,5.2,6.15,30,5130,0
BANKNIFTY29MAY2546100PE.NFO,2025-05-16,11:00:00,2025-05-29,6.15,6.15,6.15,6.15,0,5130,0
BANKNIFTY29MAY2546100PE.NFO,2025-05-16,11:01:00,2025-05-29,6.15,6.15,6.15,6.15,0,5130,0
BANKNIFTY29MAY2546100PE.NFO,2025-05-16,11:02:00,2025-05-29,6.15,6.15,6.15,6.15,0,5130,0
BANKNIFTY29MAY2546100PE.NFO,2025-05-16,11:03:00,2025-05-29,6.15,6.15,6.15,6.15,0,5130,0
BANKNIFTY29MAY2546100PE.NFO,2025-05-16,11:04:00,2025-05-29,6.15,6.15,6.15,6.15,0,5130,0
BANKNIFTY29MAY2546100PE.NFO,2025-05-16,11:05:00,2025-05-29,6.15,6.15,6.15,6.15,0,5130,0
BANKNIFTY29MAY2546100PE.NFO,2025-05-16,11:06:00,2025-05-29,6.15,6.15,6.15,6.15,0,5130,0
BANKNIFTY29MAY2546100PE.NFO,2025-05-16,11:07:00,2025-05-29,6.15,6.15,6.15,6.15,0,5130,0
BANKNIFTY29MAY2546100PE.NFO,2025-05-16,11:08:00,2025-05-29,6.15,6.15,6.15,6.15,0,5130,0
BANKNIFTY29MAY2546100PE.NFO,2025-05-16,11:09:00,2025-05-29,6.15,6.15,6.15,6.15,0,5130,0
BANKNIFTY29MAY2546100PE.NFO,2025-05-16,11:10:00,2025-05-29,6.15,6.15,6.15,6.15,0,5130,0
BANKNIFTY29MAY2546100PE.NFO,2025-05-16,11:11:00,2025-05-29,6.15,6.15,6.15,6.15,0,5130,0
BANKNIFTY29MAY2546100PE.NFO,2025-05-16,11:12:00,2025-05-29,6.15,6.15,6.15,6.15,0,5130,0
BANKNIFTY29MAY2546100PE.NFO,2025-05-16,11:13:00,2025-05-29,6.15,6.15,6.15,6.15,0,5130,1
BANKNIFTY29MAY2546100PE.NFO,2025-05-16,11:14:00,2025-05-29,6.15,6.15,6.15,6.15,0,5130,0
BANKNIFTY29MAY2546100PE.NFO,2025-05-16,11:15:00,2025-05-29,6.15,6.15,6.15,6.15,0,5130,0
BANKNIFTY29MAY2546100PE.NFO,2025-05-16,11:16:00,2025-05-29,6.15,6.85,6.15,6.85,30,5160,0
BANKNIFTY29MAY2546100PE.NFO,2025-05-16,11:17:00,2025-05-29,6.85,6.85,6.85,6.85,0,5160,0
BANKNIFTY29MAY2546100PE.NFO,2025-05-16,11:18:00,2025-05-29,6.85,6.85,4.5,5.75,90,5160,0
BANKNIFTY29MAY2546100PE.NFO,2025-05-16,11:19:00,2025-05-29,5.75,5.75,5.75,5.75,0,5160,0
BANKNIFTY29MAY2546100PE.NFO,2025-05-16,11:20:00,2025-05-29,5.75,5.75,5.75,5.75,0,5160,0
BANKNIFTY29MAY2546100PE.NFO,2025-05-16,11:21:00,2025-05-29,5.75,5.75,5.75,5.75,0,5160,0
BANKNIFTY29MAY2546100PE.NFO,2025-05-16,11:22:00,2025-05-29,5.75,5.75,5.75,5.75,0,5160,0
BANKNIFTY29MAY2546100PE.NFO,2025-05-16,11:23:00,2025-05-29,5.75,5.75,5.75,5.75,0,5160,0
BANKNIFTY29MAY2546100PE.NFO,2025-05-16,11:24:00,2025-05-29,5.75,5.75,5.75,5.75,0,5160,0
BANKNIFTY29MAY2546100PE.NFO,2025-05-16,11:25:00,2025-05-29,5.75,5.75,5.75,5.75,0,5160,0
BANKNIFTY29MAY2546100PE.NFO,2025-05-16,11:26:00,2025-05-29,5.75,5.75,5.75,5.75,0,5160,0
BANKNIFTY29MAY2546100PE.NFO,2025-05-16,11:27:00,2025-05-29,5.75,5.75,5.75,5.75,0,5160,0
BANKNIFTY29MAY2546100PE.NFO,2025-05-16,11:28:00,2025-05-29,5.75,5.75,5.75,5.75,0,5160,0
BANKNIFTY29MAY2546100PE.NFO,2025-05-16,11:29:00,2025-05-29,5.75,5.75,5.75,5.75,0,5160,0
BANKNIFTY29MAY2546100PE.NFO,2025-05-16,11:30:00,2025-05-29,5.75,5.75,5.75,5.75,0,5160,1
BANKNIFTY29MAY2546100PE.NFO,2025-05-16,11:31:00,2025-05-29,5.75,5.75,5.75,5.75,0,5160,0
BANKNIFTY29MAY2546100PE.NFO,2025-05-16,11:32:00,2025-05-29,5.75,5.75,5.75,5.75,0,5160,0
BANKNIFTY29MAY2546100PE.NFO,2025-05-16,11:33:00,2025-05-29,5.75,5.75,5.75,5.75,0,5160,0
BANKNIFTY29MAY2546100PE.NFO,2025-05-16,11:34:00,2025-05-29,5.75,5.75,5.75,5.75,0,5160,0
BANKNIFTY29MAY2546100PE.NFO,2025-05-16,11:35:00,2025-05-29,4.5,5.5,4.5,5.5,60,5160,0
BANKNIFTY29MAY2546100PE.NFO,2025-05-16,11:36:00,2025-05-29,5.5,5.5,5.5,5.5,0,5160,0
BANKNIFTY29MAY2546100PE.NFO,2025-05-16,11:37:00,2025-05-29,5.5,5.5,5.5,5.5,0,5160,0
BANKNIFTY29MAY2546100PE.NFO,2025-05-16,11:38:00,2025-05-29,5.5,5.5,5.5,5.5,0,5160,0
BANKNIFTY29MAY2546100PE.NFO,2025-05-16,11:39:00,2025-05-29,5.5,5.5,5.5,5.5,0,5160,0
BANKNIFTY29MAY2546100PE.NFO,2025-05-16,11:40:00,2025-05-29,5.5,5.5,5.5,5.5,0,5160,0
BANKNIFTY29MAY2546100PE.NFO,2025-05-16,11:41:00,2025-05-29,5.5,5.5,5.5,5.5,0,5160,0
BANKNIFTY29MAY2546100PE.NFO,2025-05-16,11:42:00,2025-05-29,5.5,5.5,5.5,5.5,0,5160,0
BANKNIFTY29MAY2546100PE.NFO,2025-05-16,11:43:00,2025-05-29,5.5,5.5,5.5,5.5,0,5160,0
BANKNIFTY29MAY2546100PE.NFO,2025-05-16,11:44:00,2025-05-29,5.5,5.5,5.5,5.5,0,5160,0
BANKNIFTY29MAY2546100PE.NFO,2025-05-16,11:45:00,2025-05-29,5.5,5.5,5.5,5.5,0,5160,0
BANKNIFTY29MAY2546100PE.NFO,2025-05-16,11:46:00,2025-05-29,5.5,5.5,5.5,5.5,0,5160,0
BANKNIFTY29MAY2546100PE.NFO,2025-05-16,11:47:00,2025-05-29,5.5,5.5,5.5,5.5,0,5160,0
BANKNIFTY29MAY2546100PE.NFO,2025-05-16,11:48:00,2025-05-29,5.5,5.5,5.5,5.5,0,5160,0
BANKNIFTY29MAY2546100PE.NFO,2025-05-16,11:49:00,2025-05-29,5.5,5.5,5.5,5.5,0,5160,0
BANKNIFTY29MAY2546100PE.NFO,2025-05-16,11:50:00,2025-05-29,5.5,5.5,5.5,5.5,0,5160,1
BANKNIFTY29MAY2546100PE.NFO,2025-05-16,11:51:00,2025-05-29,5.5,5.5,5.5,5.5,0,5160,0
BANKNIFTY29MAY2546100PE.NFO,2025-05-16,11:52:00,2025-05-29,5.5,5.5,5.5,5.5,0,5160,1
BANKNIFTY29MAY2546100PE.NFO,2025-05-16,11:53:00,2025-05-29,5.5,5.5,5.5,5.5,0,5160,1
BANKNIFTY29MAY2546100PE.NFO,2025-05-16,11:54:00,2025-05-29,5.5,5.5,5.5,5.5,0,5160,1
BANKNIFTY29MAY2546100PE.NFO,2025-05-16,11:55:00,2025-05-29,5.5,5.5,5.5,5.5,0,5160,0
BANKNIFTY29MAY2546100PE.NFO,2025-05-16,11:56:00,2025-05-29,5.5,5.5,5.5,5.5,0,5160,0
BANKNIFTY29MAY2546100PE.NFO,2025-05-16,11:57:00,2025-05-29,5.5,5.5,5.5,5.5,0,5160,0
BANKNIFTY29MAY2546100PE.NFO,2025-05-16,11:58:00,2025-05-29,5.5,5.5,5.5,5.5,0,5160,0
BANKNIFTY29MAY2546100PE.NFO,2025-05-16,11:59:00,2025-05-29,5.5,5.5,5.5,5.5,0,5160,0
BANKNIFTY29MAY2546100PE.NFO,2025-05-16,12:00:00,2025-05-29,5.5,5.5,5.5,5.5,0,5160,1
BANKNIFTY29MAY2546100PE.NFO,2025-05-16,12:01:00,2025-05-29,5.5,5.5,5.5,5.5,0,5160,1
BANKNIFTY29MAY2546100PE.NFO,2025-05-16,12:02:00,2025-05-29,5.5,5.5,5.5,5.5,0,5160,0
BANKNIFTY29MAY2546100PE.NFO,2025-05-16,12:03:00,2025-05-29,5.5,5.5,5.5,5.5,0,5160,1
BANKNIFTY29MAY2546100PE.NFO,2025-05-16,12:04:00,2025-05-29,5.5,5.5,5.5,5.5,0,5160,0
BANKNIFTY29MAY2546100PE.NFO,2025-05-16,12:05:00,2025-05-29,5.5,5.5,5.5,5.5,0,5160,1
BANKNIFTY29MAY2546100PE.NFO,2025-05-16,12:06:00,2025-05-29,5.5,5.5,5.5,5.5,0,5160,0
BANKNIFTY29MAY2546100PE.NFO,2025-05-16,12:07:00,2025-05-29,5.5,5.5,5.5,5.5,0,5160,0
BANKNIFTY29MAY2546100PE.NFO,2025-05-16,12:08:00,2025-05-29,5.5,5.5,5.5,5.5,0,5160,1
BANKNIFTY29MAY2546100PE.NFO,2025-05-16,12:09:00,2025-05-29,5.5,5.5,5.5,5.5,0,5160,1
BANKNIFTY29MAY2546100PE.NFO,2025-05-16,12:10:00,2025-05-29,5.5,5.5,5.5,5.5,0,5160,1
BANKNIFTY29MAY2546100PE.NFO,2025-05-16,12:11:00,2025-05-29,5.5,5.5,5.5,5.5,0,5160,1
BANKNIFTY29MAY2546100PE.NFO,2025-05-16,12:12:00,2025-05-29,5.5,5.5,5.5,5.5,0,5160,1
BANKNIFTY29MAY2546100PE.NFO,2025-05-16,12:13:00,2025-05-29,5.5,5.5,5.5,5.5,0,5160,1
BANKNIFTY29MAY2546100PE.NFO,2025-05-16,12:14:00,2025-05-29,5.5,5.5,5.5,5.5,0,5160,0
BANKNIFTY29MAY2546100PE.NFO,2025-05-16,12:15:00,2025-05-29,5.5,5.5,5.5,5.5,0,5160,0
BANKNIFTY29MAY2546100PE.NFO,2025-05-16,12:16:00,2025-05-29,5.5,5.5,5.5,5.5,0,5160,0
BANKNIFTY29MAY2546100PE.NFO,2025-05-16,12:17:00,2025-05-29,5.5,5.5,5.5,5.5,0,5160,1
BANKNIFTY29MAY2546100PE.NFO,2025-05-16,12:18:00,2025-05-29,5.5,5.5,5.5,5.5,0,5160,0
BANKNIFTY29MAY2546100PE.NFO,2025-05-16,12:19:00,2025-05-29,5.5,5.5,5.5,5.5,0,5160,0
BANKNIFTY29MAY2546100PE.NFO,2025-05-16,12:20:00,2025-05-29,5.5,5.5,5.5,5.5,0,5160,1
BANKNIFTY29MAY2546100PE.NFO,2025-05-16,12:21:00,2025-05-29,5.5,5.5,5.5,5.5,0,5160,0
BANKNIFTY29MAY2546100PE.NFO,2025-05-16,12:22:00,2025-05-29,5.5,5.5,5.5,5.5,0,5160,0
BANKNIFTY29MAY2546100PE.NFO,2025-05-16,12:23:00,2025-05-29,5.5,5.5,5.5,5.5,0,5160,1
BANKNIFTY29MAY2546100PE.NFO,2025-05-16,12:24:00,2025-05-29,5.5,5.5,5.5,5.5,0,5160,1
BANKNIFTY29MAY2546100PE.NFO,2025-05-16,12:25:00,2025-05-29,5.5,5.5,5.5,5.5,0,5160,1
BANKNIFTY29MAY2546100PE.NFO,2025-05-16,12:26:00,2025-05-29,5.5,5.5,5.5,5.5,0,5160,0
BANKNIFTY29MAY2546100PE.NFO,2025-05-16,12:27:00,2025-05-29,5.5,5.5,5.5,5.5,0,5160,1
BANKNIFTY29MAY2546100PE.NFO,2025-05-16,12:28:00,2025-05-29,5.5,5.5,5.5,5.5,0,5160,0
BANKNIFTY29MAY2546100PE.NFO,2025-05-16,12:29:00,2025-05-29,5.5,5.5,5.5,5.5,0,5160,1
BANKNIFTY29MAY2546100PE.NFO,2025-05-16,12:30:00,2025-05-29,5.5,5.5,5.5,5.5,0,5160,0
BANKNIFTY29MAY2546100PE.NFO,2025-05-16,12:31:00,2025-05-29,5.5,5.5,5.5,5.5,0,5160,0
BANKNIFTY29MAY2546100PE.NFO,2025-05-16,12:32:00,2025-05-29,5.5,5.5,5.5,5.5,0,5160,0
BANKNIFTY29MAY2546100PE.NFO,2025-05-16,12:33:00,2025-05-29,5.5,5.5,5.5,5.5,0,5160,0
BANKNIFTY29MAY2546100PE.NFO,2025-05-16,12:34:00,2025-05-29,5.5,5.5,5.5,5.5,0,5160,0
BANKNIFTY29MAY2546100PE.NFO,2025-05-16,12:35:00,2025-05-29,5.5,5.5,5.5,5.5,0,5160,0
BANKNIFTY29MAY2546100PE.NFO,2025-05-16,12:36:00,2025-05-29,5.5,5.5,5.5,5.5,0,5160,0
BANKNIFTY29MAY2546100PE.NFO,2025-05-16,12:37:00,2025-05-29,5.5,5.5,5.5,5.5,0,5160,1
BANKNIFTY29MAY2546100PE.NFO,2025-05-16,12:38:00,2025-05-29,5.5,5.5,5.5,5.5,0,5160,0
BANKNIFTY29MAY2546100PE.NFO,2025-05-16,12:39:00,2025-05-29,5.5,5.5,5.5,5.5,0,5160,0
BANKNIFTY29MAY2546100PE.NFO,2025-05-16,12:40:00,2025-05-29,5.5,5.5,5.5,5.5,0,5160,0
BANKNIFTY29MAY2546100PE.NFO,2025-05-16,12:41:00,2025-05-29,5.5,5.5,5.5,5.5,0,5160,0
BANKNIFTY29MAY2546100PE.NFO,2025-05-16,12:42:00,2025-05-29,5.5,5.5,5.5,5.5,0,5160,0
BANKNIFTY29MAY2546100PE.NFO,2025-05-16,12:43:00,2025-05-29,5.5,5.5,5.5,5.5,0,5160,0
BANKNIFTY29MAY2546100PE.NFO,2025-05-16,12:44:00,2025-05-29,5.5,5.5,5.5,5.5,0,5160,0
BANKNIFTY29MAY2546100PE.NFO,2025-05-16,12:45:00,2025-05-29,5.5,5.5,5.5,5.5,0,5160,0
BANKNIFTY29MAY2546100PE.NFO,2025-05-16,12:46:00,2025-05-29,5.5,5.5,5.5,5.5,0,5160,0
BANKNIFTY29MAY2546100PE.NFO,2025-05-16,12:47:00,2025-05-29,5.5,5.5,5.5,5.5,0,5160,0
BANKNIFTY29MAY2546100PE.NFO,2025-05-16,12:48:00,2025-05-29,5.5,5.5,5.5,5.5,0,5160,1
BANKNIFTY29MAY2546100PE.NFO,2025-05-16,12:49:00,2025-05-29,5.5,5.5,5.5,5.5,0,5160,0
BANKNIFTY29MAY2546100PE.NFO,2025-05-16,12:50:00,2025-05-29,5.5,5.5,5.5,5.5,0,5160,0
BANKNIFTY29MAY2546100PE.NFO,2025-05-16,12:51:00,2025-05-29,5.5,5.5,5.5,5.5,0,5160,0
BANKNIFTY29MAY2546100PE.NFO,2025-05-16,12:52:00,2025-05-29,5.5,5.5,5.5,5.5,0,5160,0
BANKNIFTY29MAY2546100PE.NFO,2025-05-16,12:53:00,2025-05-29,5.5,5.5,5.5,5.5,0,5160,0
BANKNIFTY29MAY2546100PE.NFO,2025-05-16,12:54:00,2025-05-29,5.5,5.5,5.5,5.5,0,5160,1
BANKNIFTY29MAY2546100PE.NFO,2025-05-16,12:55:00,2025-05-29,5.5,5.5,5.5,5.5,0,5160,1
BANKNIFTY29MAY2546100PE.NFO,2025-05-16,12:56:00,2025-05-29,5.5,5.5,5.5,5.5,0,5160,0
BANKNIFTY29MAY2546100PE.NFO,2025-05-16,12:57:00,2025-05-29,5.5,5.5,5.5,5.5,0,5160,0
BANKNIFTY29MAY2546100PE.NFO,2025-05-16,12:58:00,2025-05-29,5.5,5.5,5.5,5.5,0,5160,0
BANKNIFTY29MAY2546100PE.NFO,2025-05-16,12:59:00,2025-05-29,5.5,5.5,5.5,5.5,0,5160,0
BANKNIFTY29MAY2546100PE.NFO,2025-05-16,13:00:00,2025-05-29,5.5,5.5,5.5,5.5,0,5160,0
BANKNIFTY29MAY2546100PE.NFO,2025-05-16,13:01:00,2025-05-29,5.5,5.5,5.5,5.5,0,5160,1
BANKNIFTY29MAY2546100PE.NFO,2025-05-16,13:02:00,2025-05-29,5.5,5.5,5.5,5.5,0,5160,0
BANKNIFTY29MAY2546100PE.NFO,2025-05-16,13:03:00,2025-05-29,5.5,5.5,5.5,5.5,0,5160,0
BANKNIFTY29MAY2546100PE.NFO,2025-05-16,13:04:00,2025-05-29,5.5,5.5,5.5,5.5,0,5160,1
BANKNIFTY29MAY2546100PE.NFO,2025-05-16,13:05:00,2025-05-29,5.5,5.5,5.5,5.5,0,5160,0
BANKNIFTY29MAY2546100PE.NFO,2025-05-16,13:06:00,2025-05-29,5.5,5.5,5.5,5.5,0,5160,0
BANKNIFTY29MAY2546100PE.NFO,2025-05-16,13:07:00,2025-05-29,5.5,5.5,5.5,5.5,0,5160,0
BANKNIFTY29MAY2546100PE.NFO,2025-05-16,13:08:00,2025-05-29,5.5,5.5,5.5,5.5,0,5160,1
BANKNIFTY29MAY2546100PE.NFO,2025-05-16,13:09:00,2025-05-29,5.5,5.5,5.5,5.5,0,5160,1
BANKNIFTY29MAY2546100PE.NFO,2025-05-16,13:10:00,2025-05-29,5.5,5.5,5.5,5.5,0,5160,1
BANKNIFTY29MAY2546100PE.NFO,2025-05-16,13:11:00,2025-05-29,5.5,5.5,5.5,5.5,0,5160,0
BANKNIFTY29MAY2546100PE.NFO,2025-05-16,13:12:00,2025-05-29,5.5,5.5,5.5,5.5,0,5160,0
BANKNIFTY29MAY2546100PE.NFO,2025-05-16,13:13:00,2025-05-29,5.5,5.5,5.5,5.5,0,5160,0
BANKNIFTY29MAY2546100PE.NFO,2025-05-16,13:14:00,2025-05-29,5.5,5.5,5.5,5.5,0,5160,1
BANKNIFTY29MAY2546100PE.NFO,2025-05-16,13:15:00,2025-05-29,5.5,5.5,5.5,5.5,0,5160,0
BANKNIFTY29MAY2546100PE.NFO,2025-05-16,13:16:00,2025-05-29,5.5,5.5,5.5,5.5,0,5160,1
BANKNIFTY29MAY2546100PE.NFO,2025-05-16,13:17:00,2025-05-29,5.5,5.5,5.5,5.5,0,5160,1
BANKNIFTY29MAY2546100PE.NFO,2025-05-16,13:18:00,2025-05-29,5.5,5.5,5.5,5.5,0,5160,0
BANKNIFTY29MAY2546100PE.NFO,2025-05-16,13:19:00,2025-05-29,5.5,5.5,5.5,5.5,0,5160,0
BANKNIFTY29MAY2546100PE.NFO,2025-05-16,13:20:00,2025-05-29,5.5,5.5,5.5,5.5,30,5130,0
BANKNIFTY29MAY2546100PE.NFO,2025-05-16,13:21:00,2025-05-29,5.5,5.5,5.5,5.5,0,5130,0
BANKNIFTY29MAY2546100PE.NFO,2025-05-16,13:22:00,2025-05-29,5.5,5.5,5.5,5.5,0,5130,0
BANKNIFTY29MAY2546100PE.NFO,2025-05-16,13:23:00,2025-05-29,5.5,5.5,5.5,5.5,0,5130,0
BANKNIFTY29MAY2546100PE.NFO,2025-05-16,13:24:00,2025-05-29,5.5,5.5,5.5,5.5,0,5130,0
BANKNIFTY29MAY2546100PE.NFO,2025-05-16,13:25:00,2025-05-29,5.5,5.5,5.5,5.5,0,5130,0
BANKNIFTY29MAY2546100PE.NFO,2025-05-16,13:26:00,2025-05-29,5.5,6.35,5.2,5.35,1380,5130,0
BANKNIFTY29MAY2546100PE.NFO,2025-05-16,13:27:00,2025-05-29,5.35,6.55,5.35,6.3,690,5130,0
BANKNIFTY29MAY2546100PE.NFO,2025-05-16,13:28:00,2025-05-29,6.3,6.3,6.3,6.3,0,5130,0
BANKNIFTY29MAY2546100PE.NFO,2025-05-16,13:29:00,2025-05-29,6.3,6.3,6.3,6.3,0,5130,0
BANKNIFTY29MAY2546100PE.NFO,2025-05-16,13:30:00,2025-05-29,6.3,6.3,6.3,6.3,0,5130,0
BANKNIFTY29MAY2546100PE.NFO,2025-05-16,13:31:00,2025-05-29,6.3,6.3,6.3,6.3,0,5130,0
BANKNIFTY29MAY2546100PE.NFO,2025-05-16,13:32:00,2025-05-29,6.3,6.3,6.3,6.3,0,5130,0
BANKNIFTY29MAY2546100PE.NFO,2025-05-16,13:33:00,2025-05-29,6.3,6.3,6.3,6.3,0,5130,0
BANKNIFTY29MAY2546100PE.NFO,2025-05-16,13:34:00,2025-05-29,6.3,6.3,6.3,6.3,0,5130,0
BANKNIFTY29MAY2546100PE.NFO,2025-05-16,13:35:00,2025-05-29,6.3,6.3,6.3,6.3,0,5130,0
BANKNIFTY29MAY2546100PE.NFO,2025-05-16,13:36:00,2025-05-29,6.3,6.3,6.3,6.3,0,5130,0
BANKNIFTY29MAY2546100PE.NFO,2025-05-16,13:37:00,2025-05-29,6.3,6.3,6.3,6.3,0,5130,0
BANKNIFTY29MAY2546100PE.NFO,2025-05-16,13:38:00,2025-05-29,6.3,6.3,6.3,6.3,0,5130,0
BANKNIFTY29MAY2546100PE.NFO,2025-05-16,13:39:00,2025-05-29,6.3,6.3,6.3,6.3,0,5130,0
BANKNIFTY29MAY2546100PE.NFO,2025-05-16,13:40:00,2025-05-29,6.3,6.3,6.3,6.3,0,5130,0
BANKNIFTY29MAY2546100PE.NFO,2025-05-16,13:41:00,2025-05-29,6.3,6.3,6.3,6.3,0,5130,0
BANKNIFTY29MAY2546100PE.NFO,2025-05-16,13:42:00,2025-05-29,6.3,6.3,6.3,6.3,0,5130,1
BANKNIFTY29MAY2546100PE.NFO,2025-05-16,13:43:00,2025-05-29,6.3,6.3,6.3,6.3,0,5130,0
BANKNIFTY29MAY2546100PE.NFO,2025-05-16,13:44:00,2025-05-29,6.3,6.3,6.3,6.3,0,5130,1
BANKNIFTY29MAY2546100PE.NFO,2025-05-16,13:45:00,2025-05-29,6.3,6.3,6.3,6.3,0,5130,0
BANKNIFTY29MAY2546100PE.NFO,2025-05-16,13:46:00,2025-05-29,6.3,6.3,6.3,6.3,0,5130,0
BANKNIFTY29MAY2546100PE.NFO,2025-05-16,13:47:00,2025-05-29,6.3,6.3,6.3,6.3,0,5130,1
BANKNIFTY29MAY2546100PE.NFO,2025-05-16,13:48:00,2025-05-29,6.3,6.3,6.3,6.3,0,5130,1
BANKNIFTY29MAY2546100PE.NFO,2025-05-16,13:49:00,2025-05-29,6.3,6.3,6.3,6.3,0,5130,1
BANKNIFTY29MAY2546100PE.NFO,2025-05-16,13:50:00,2025-05-29,6.3,6.3,6.3,6.3,0,5130,1
BANKNIFTY29MAY2546100PE.NFO,2025-05-16,13:51:00,2025-05-29,6.3,6.3,6.3,6.3,0,5130,0
BANKNIFTY29MAY2546100PE.NFO,2025-05-16,13:52:00,2025-05-29,6.3,6.3,6.3,6.3,0,5130,0
BANKNIFTY29MAY2546100PE.NFO,2025-05-16,13:53:00,2025-05-29,6.3,6.3,6.3,6.3,0,5130,1
BANKNIFTY29MAY2546100PE.NFO,2025-05-16,13:54:00,2025-05-29,6.3,6.3,6.3,6.3,0,5130,0
BANKNIFTY29MAY2546100PE.NFO,2025-05-16,13:55:00,2025-05-29,6.3,6.3,6.3,6.3,0,5130,0
BANKNIFTY29MAY2546100PE.NFO,2025-05-16,13:56:00,2025-05-29,6.3,6.3,6.3,6.3,0,5130,0
BANKNIFTY29MAY2546100PE.NFO,2025-05-16,13:57:00,2025-05-29,6.3,6.3,6.3,6.3,0,5130,0
BANKNIFTY29MAY2546100PE.NFO,2025-05-16,13:58:00,2025-05-29,6.3,6.3,6.3,6.3,0,5130,0
BANKNIFTY29MAY2546100PE.NFO,2025-05-16,13:59:00,2025-05-29,6.3,6.3,6.3,6.3,0,5130,0
BANKNIFTY29MAY2546100PE.NFO,2025-05-16,14:00:00,2025-05-29,6.3,6.3,6.3,6.3,0,5130,0
BANKNIFTY29MAY2546100PE.NFO,2025-05-16,14:01:00,2025-05-29,6.3,6.3,6.3,6.3,0,5130,0
BANKNIFTY29MAY2546100PE.NFO,2025-05-16,14:02:00,2025-05-29,6.3,6.3,6.3,6.3,0,5130,0
BANKNIFTY29MAY2546100PE.NFO,2025-05-16,14:03:00,2025-05-29,6.3,6.3,6.3,6.3,0,5130,0
BANKNIFTY29MAY2546100PE.NFO,2025-05-16,14:04:00,2025-05-29,6.3,6.3,6.3,6.3,0,5130,0
BANKNIFTY29MAY2546100PE.NFO,2025-05-16,14:05:00,2025-05-29,6.3,6.3,6.3,6.3,0,5130,0
BANKNIFTY29MAY2546100PE.NFO,2025-05-16,14:06:00,2025-05-29,6.3,6.3,6.3,6.3,0,5130,0
BANKNIFTY29MAY2546100PE.NFO,2025-05-16,14:07:00,2025-05-29,6.3,6.3,6.3,6.3,0,5130,0
BANKNIFTY29MAY2546100PE.NFO,2025-05-16,14:08:00,2025-05-29,6.3,6.3,6.3,6.3,0,5130,1
BANKNIFTY29MAY2546100PE.NFO,2025-05-16,14:09:00,2025-05-29,6.3,6.3,6.3,6.3,0,5130,1
BANKNIFTY29MAY2546100PE.NFO,2025-05-16,14:10:00,2025-05-29,6.3,6.3,6.3,6.3,0,5130,0
BANKNIFTY29MAY2546100PE.NFO,2025-05-16,14:11:00,2025-05-29,6.3,6.3,6.3,6.3,0,5130,0
BANKNIFTY29MAY2546100PE.NFO,2025-05-16,14:12:00,2025-05-29,6.3,6.3,6.3,6.3,0,5130,0
BANKNIFTY29MAY2546100PE.NFO,2025-05-16,14:13:00,2025-05-29,6.3,6.3,6.3,6.3,0,5130,0
BANKNIFTY29MAY2546100PE.NFO,2025-05-16,14:14:00,2025-05-29,6.3,6.3,6.3,6.3,0,5130,1
BANKNIFTY29MAY2546100PE.NFO,2025-05-16,14:15:00,2025-05-29,6.3,6.3,6.3,6.3,0,5130,0
BANKNIFTY29MAY2546100PE.NFO,2025-05-16,14:16:00,2025-05-29,6.3,6.3,6.3,6.3,0,5130,1
BANKNIFTY29MAY2546100PE.NFO,2025-05-16,14:17:00,2025-05-29,6.3,6.3,6.3,6.3,0,5130,0
BANKNIFTY29MAY2546100PE.NFO,2025-05-16,14:18:00,2025-05-29,6.3,6.3,6.3,6.3,0,5130,1
BANKNIFTY29MAY2546100PE.NFO,2025-05-16,14:19:00,2025-05-29,6.3,6.3,6.3,6.3,0,5130,1
BANKNIFTY29MAY2546100PE.NFO,2025-05-16,14:20:00,2025-05-29,6.3,6.3,6.3,6.3,0,5130,0
BANKNIFTY29MAY2546100PE.NFO,2025-05-16,14:21:00,2025-05-29,6.3,6.3,6.3,6.3,0,5130,0
BANKNIFTY29MAY2546100PE.NFO,2025-05-16,14:22:00,2025-05-29,6.3,6.3,6.3,6.3,0,5130,0
BANKNIFTY29MAY2546100PE.NFO,2025-05-16,14:23:00,2025-05-29,6.3,6.3,6.3,6.3,0,5130,1
BANKNIFTY29MAY2546100PE.NFO,2025-05-16,14:24:00,2025-05-29,6.3,6.3,6.3,6.3,0,5130,0
BANKNIFTY29MAY2546100PE.NFO,2025-05-16,14:25:00,2025-05-29,6.3,6.3,6.3,6.3,0,5130,1
BANKNIFTY29MAY2546100PE.NFO,2025-05-16,14:26:00,2025-05-29,6.3,6.3,6.3,6.3,0,5130,0
BANKNIFTY29MAY2546100PE.NFO,2025-05-16,14:27:00,2025-05-29,6.3,6.3,6.3,6.3,0,5130,1
BANKNIFTY29MAY2546100PE.NFO,2025-05-16,14:28:00,2025-05-29,6.3,6.3,6.3,6.3,0,5130,0
BANKNIFTY29MAY2546100PE.NFO,2025-05-16,14:29:00,2025-05-29,6.3,6.3,6.3,6.3,0,5130,1
BANKNIFTY29MAY2546100PE.NFO,2025-05-16,14:30:00,2025-05-29,6.3,6.3,6.3,6.3,0,5130,0
BANKNIFTY29MAY2546100PE.NFO,2025-05-16,14:31:00,2025-05-29,6.3,6.3,6.3,6.3,0,5130,0
BANKNIFTY29MAY2546100PE.NFO,2025-05-16,14:32:00,2025-05-29,6.3,6.3,6.3,6.3,0,5130,0
BANKNIFTY29MAY2546100PE.NFO,2025-05-16,14:33:00,2025-05-29,6.3,6.45,5.95,6.45,930,4050,0
BANKNIFTY29MAY2546100PE.NFO,2025-05-16,14:34:00,2025-05-29,6.45,6.7,5.9,6.55,2490,3570,0
BANKNIFTY29MAY2546100PE.NFO,2025-05-16,14:35:00,2025-05-29,6.55,6.55,5.9,5.95,1020,3570,0
BANKNIFTY29MAY2546100PE.NFO,2025-05-16,14:36:00,2025-05-29,5.95,5.95,5.95,5.95,0,3570,0
BANKNIFTY29MAY2546100PE.NFO,2025-05-16,14:37:00,2025-05-29,5.95,5.95,5.95,5.95,0,3570,0
BANKNIFTY29MAY2546100PE.NFO,2025-05-16,14:38:00,2025-05-29,5.95,5.95,5.95,5.95,0,3570,0
BANKNIFTY29MAY2546100PE.NFO,2025-05-16,14:39:00,2025-05-29,5.95,5.95,5.95,5.95,0,3570,0
BANKNIFTY29MAY2546100PE.NFO,2025-05-16,14:40:00,2025-05-29,5.95,5.95,5.95,5.95,0,3570,0
BANKNIFTY29MAY2546100PE.NFO,2025-05-16,14:41:00,2025-05-29,5.95,5.95,5.95,5.95,0,3570,0
BANKNIFTY29MAY2546100PE.NFO,2025-05-16,14:42:00,2025-05-29,5.95,5.95,5.95,5.95,0,3570,0
BANKNIFTY29MAY2546100PE.NFO,2025-05-16,14:43:00,2025-05-29,5.95,5.95,5.95,5.95,0,3570,0
BANKNIFTY29MAY2546100PE.NFO,2025-05-16,14:44:00,2025-05-29,5.95,5.95,5.95,5.95,0,3570,0
BANKNIFTY29MAY2546100PE.NFO,2025-05-16,14:45:00,2025-05-29,5.95,5.95,5.95,5.95,0,3570,0
BANKNIFTY29MAY2546100PE.NFO,2025-05-16,14:46:00,2025-05-29,5.95,5.95,5.95,5.95,0,3570,1
BANKNIFTY29MAY2546100PE.NFO,2025-05-16,14:47:00,2025-05-29,5.95,5.95,5.95,5.95,0,3570,0
BANKNIFTY29MAY2546100PE.NFO,2025-05-16,14:48:00,2025-05-29,5.95,5.95,5.95,5.95,0,3570,0
BANKNIFTY29MAY2546100PE.NFO,2025-05-16,14:49:00,2025-05-29,5.95,5.95,5.95,5.95,0,3570,1
BANKNIFTY29MAY2546100PE.NFO,2025-05-16,14:50:00,2025-05-29,5.95,5.95,5.95,5.95,0,3570,1
BANKNIFTY29MAY2546100PE.NFO,2025-05-16,14:51:00,2025-05-29,5.95,5.95,5.95,5.95,0,3570,0
BANKNIFTY29MAY2546100PE.NFO,2025-05-16,14:52:00,2025-05-29,5.95,5.95,5.95,5.95,0,3570,0
BANKNIFTY29MAY2546100PE.NFO,2025-05-16,14:53:00,2025-05-29,5.95,5.95,5.95,5.95,0,3570,1
BANKNIFTY29MAY2546100PE.NFO,2025-05-16,14:54:00,2025-05-29,5.95,5.95,5.95,5.95,0,3570,0
BANKNIFTY29MAY2546100PE.NFO,2025-05-16,14:55:00,2025-05-29,5.95,5.95,5.95,5.95,0,3570,0
BANKNIFTY29MAY2546100PE.NFO,2025-05-16,14:56:00,2025-05-29,5.95,5.95,5.95,5.95,0,3570,0
BANKNIFTY29MAY2546100PE.NFO,2025-05-16,14:57:00,2025-05-29,5.95,5.95,5.95,5.95,0,3570,0
BANKNIFTY29MAY2546100PE.NFO,2025-05-16,14:58:00,2025-05-29,5.95,5.95,5.95,5.95,0,3570,1
BANKNIFTY29MAY2546100PE.NFO,2025-05-16,14:59:00,2025-05-29,5.95,5.95,5.95,5.95,0,3570,1
BANKNIFTY29MAY2546100PE.NFO,2025-05-16,15:00:00,2025-05-29,5.95,5.95,5.95,5.95,0,3570,0
BANKNIFTY29MAY2546100PE.NFO,2025-05-16,15:01:00,2025-05-29,5.95,5.95,5.95,5.95,0,3570,1
BANKNIFTY29MAY2546100PE.NFO,2025-05-16,15:02:00,2025-05-29,5.95,5.95,5.95,5.95,0,3570,1
BANKNIFTY29MAY2546100PE.NFO,2025-05-16,15:03:00,2025-05-29,5.95,5.95,5.95,5.95,0,3570,1
BANKNIFTY29MAY2546100PE.NFO,2025-05-16,15:04:00,2025-05-29,5.95,5.95,5.95,5.95,0,3570,1
BANKNIFTY29MAY2546100PE.NFO,2025-05-16,15:05:00,2025-05-29,5.95,5.95,5.95,5.95,0,3570,0
BANKNIFTY29MAY2546100PE.NFO,2025-05-16,15:06:00,2025-05-29,5.95,5.95,5.95,5.95,0,3570,0
BANKNIFTY29MAY2546100PE.NFO,2025-05-16,15:07:00,2025-05-29,5.95,5.95,5.95,5.95,0,3570,1
BANKNIFTY29MAY2546100PE.NFO,2025-05-16,15:08:00,2025-05-29,5.95,5.95,5.95,5.95,0,3570,1
BANKNIFTY29MAY2546100PE.NFO,2025-05-16,15:09:00,2025-05-29,5.95,5.95,5.95,5.95,0,3570,0
BANKNIFTY29MAY2546100PE.NFO,2025-05-16,15:10:00,2025-05-29,5.95,5.95,5.95,5.95,0,3570,0
BANKNIFTY29MAY2546100PE.NFO,2025-05-16,15:11:00,2025-05-29,5.95,5.95,5.95,5.95,0,3570,0
BANKNIFTY29MAY2546100PE.NFO,2025-05-16,15:12:00,2025-05-29,5.95,5.95,5.95,5.95,0,3570,1
BANKNIFTY29MAY2546100PE.NFO,2025-05-16,15:13:00,2025-05-29,5.95,5.95,5.95,5.95,0,3570,0
BANKNIFTY29MAY2546100PE.NFO,2025-05-16,15:14:00,2025-05-29,5.95,5.95,5.95,5.95,0,3570,1
BANKNIFTY29MAY2546100PE.NFO,2025-05-16,15:15:00,2025-05-29,5.75,5.75,5.75,5.75,30,2550,0
BANKNIFTY29MAY2546100PE.NFO,2025-05-16,15:16:00,2025-05-29,5.75,5.75,5.75,5.75,0,2550,0
BANKNIFTY29MAY2546100PE.NFO,2025-05-16,15:17:00,2025-05-29,5.75,5.75,5.75,5.75,0,2550,0
BANKNIFTY29MAY2546100PE.NFO,2025-05-16,15:18:00,2025-05-29,5.75,5.75,5.75,5.75,0,2550,0
BANKNIFTY29MAY2546100PE.NFO,2025-05-16,15:19:00,2025-05-29,5.75,5.75,5.75,5.75,0,2550,1
BANKNIFTY29MAY2546100PE.NFO,2025-05-16,15:20:00,2025-05-29,5.75,5.75,5.75,5.75,0,2550,0
BANKNIFTY29MAY2546100PE.NFO,2025-05-16,15:21:00,2025-05-29,5.75,5.75,5.75,5.75,0,2550,1
BANKNIFTY29MAY2546100PE.NFO,2025-05-16,15:22:00,2025-05-29,5.75,5.75,5.75,5.75,0,2550,0
BANKNIFTY29MAY2546100PE.NFO,2025-05-16,15:23:00,2025-05-29,5.75,5.75,5.75,5.75,0,2550,0
BANKNIFTY29MAY2546100PE.NFO,2025-05-16,15:24:00,2025-05-29,5.75,5.75,5.75,5.75,0,2550,1
BANKNIFTY29MAY2546100PE.NFO,2025-05-16,15:25:00,2025-05-29,5.55,5.55,5.55,5.55,60,2550,0
BANKNIFTY29MAY2546100PE.NFO,2025-05-16,15:26:00,2025-05-29,5.55,5.55,5.55,5.55,30,2490,0
BANKNIFTY29MAY2546100PE.NFO,2025-05-16,15:27:00,2025-05-29,5.55,5.55,5.55,5.55,0,2490,0
BANKNIFTY29MAY2546100PE.NFO,2025-05-16,15:28:00,2025-05-29,5.75,5.75,5.75,5.75,60,2490,0
BANKNIFTY29MAY2546100PE.NFO,2025-05-16,15:29:00,2025-05-29,5.75,5.75,5.75,5.75,0,2490,0
BANKNIFTY29MAY2546100PE.NFO,2025-05-16,15:30:00,2025-05-29,5.75,5.75,5.75,5.75,0,2490,1
BANKNIFTY29MAY2546100PE.NFO,2025-05-19,09:15:00,2025-05-29,6.75,6.75,6.75,6.75,0,2430,1
BANKNIFTY29MAY2546100PE.NFO,2025-05-19,09:16:00,2025-05-29,6.75,6.75,6.75,6.75,0,2430,1
BANKNIFTY29MAY2546100PE.NFO,2025-05-19,09:17:00,2025-05-29,6.75,6.75,6.75,6.75,0,2430,1
BANKNIFTY29MAY2546100PE.NFO,2025-05-19,09:18:00,2025-05-29,6.75,6.75,6.75,6.75,0,2430,1
BANKNIFTY29MAY2546100PE.NFO,2025-05-19,09:19:00,2025-05-29,6.75,6.75,6.75,6.75,0,2430,1
BANKNIFTY29MAY2546100PE.NFO,2025-05-19,09:20:00,2025-05-29,6.75,6.75,6.75,6.75,0,2430,1
BANKNIFTY29MAY2546100PE.NFO,2025-05-19,09:21:00,2025-05-29,6.75,6.75,6.75,6.75,0,2430,1
BANKNIFTY29MAY2546100PE.NFO,2025-05-19,09:22:00,2025-05-29,6.75,6.75,6.75,6.75,0,2430,1
BANKNIFTY29MAY2546100PE.NFO,2025-05-19,09:23:00,2025-05-29,6.75,6.75,6.75,6.75,0,2430,1
BANKNIFTY29MAY2546100PE.NFO,2025-05-19,09:24:00,2025-05-29,6.75,6.75,6.75,6.75,0,2430,1
BANKNIFTY29MAY2546100PE.NFO,2025-05-19,09:25:00,2025-05-29,6.75,6.75,6.75,6.75,0,2430,1
BANKNIFTY29MAY2546100PE.NFO,2025-05-19,09:26:00,2025-05-29,6.75,6.75,6.75,6.75,0,2430,1
BANKNIFTY29MAY2546100PE.NFO,2025-05-19,09:27:00,2025-05-29,6.75,6.75,6.75,6.75,0,2430,1
BANKNIFTY29MAY2546100PE.NFO,2025-05-19,09:28:00,2025-05-29,6.75,6.75,6.75,6.75,0,2430,1
BANKNIFTY29MAY2546100PE.NFO,2025-05-19,09:29:00,2025-05-29,6.75,6.75,6.75,6.75,0,2430,1
BANKNIFTY29MAY2546100PE.NFO,2025-05-19,09:30:00,2025-05-29,6.75,6.75,6.75,6.75,0,2430,1
BANKNIFTY29MAY2546100PE.NFO,2025-05-19,09:31:00,2025-05-29,6.75,6.75,6.75,6.75,0,2430,1
BANKNIFTY29MAY2546100PE.NFO,2025-05-19,09:32:00,2025-05-29,6.75,6.75,6.75,6.75,0,2430,1
BANKNIFTY29MAY2546100PE.NFO,2025-05-19,09:33:00,2025-05-29,6.75,6.75,6.75,6.75,0,2430,1
BANKNIFTY29MAY2546100PE.NFO,2025-05-19,09:34:00,2025-05-29,6.75,6.75,6.75,6.75,0,2430,1
BANKNIFTY29MAY2546100PE.NFO,2025-05-19,09:35:00,2025-05-29,6.75,6.75,6.75,6.75,0,2430,1
BANKNIFTY29MAY2546100PE.NFO,2025-05-19,09:36:00,2025-05-29,6.75,6.75,6.75,6.75,0,2430,1
BANKNIFTY29MAY2546100PE.NFO,2025-05-19,09:37:00,2025-05-29,6.75,6.75,6.75,6.75,0,2430,1
BANKNIFTY29MAY2546100PE.NFO,2025-05-19,09:38:00,2025-05-29,6.75,6.75,6.75,6.75,0,2430,1
BANKNIFTY29MAY2546100PE.NFO,2025-05-19,09:39:00,2025-05-29,6.75,6.75,6.75,6.75,0,2430,1
BANKNIFTY29MAY2546100PE.NFO,2025-05-19,09:40:00,2025-05-29,6.75,6.75,6.75,6.75,0,2430,1
BANKNIFTY29MAY2546100PE.NFO,2025-05-19,09:41:00,2025-05-29,6.75,6.75,6.75,6.75,0,2430,1
BANKNIFTY29MAY2546100PE.NFO,2025-05-19,09:42:00,2025-05-29,6.75,6.75,6.75,6.75,0,2430,1
BANKNIFTY29MAY2546100PE.NFO,2025-05-19,09:43:00,2025-05-29,6.75,6.75,6.75,6.75,0,2430,1
BANKNIFTY29MAY2546100PE.NFO,2025-05-19,09:44:00,2025-05-29,6.75,6.75,6.75,6.75,0,2430,1
BANKNIFTY29MAY2546100PE.NFO,2025-05-19,09:45:00,2025-05-29,6.75,6.75,6.75,6.75,0,2430,1
BANKNIFTY29MAY2546100PE.NFO,2025-05-19,09:46:00,2025-05-29,6.75,6.75,6.75,6.75,0,2430,1
BANKNIFTY29MAY2546100PE.NFO,2025-05-19,09:47:00,2025-05-29,6.75,6.75,6.75,6.75,0,2430,1
BANKNIFTY29MAY2546100PE.NFO,2025-05-19,09:48:00,2025-05-29,6.75,6.75,6.75,6.75,0,2430,1
BANKNIFTY29MAY2546100PE.NFO,2025-05-19,09:49:00,2025-05-29,6.75,6.75,6.75,6.75,0,2430,1
BANKNIFTY29MAY2546100PE.NFO,2025-05-19,09:50:00,2025-05-29,6.75,6.75,6.75,6.75,0,2430,1
BANKNIFTY29MAY2546100PE.NFO,2025-05-19,09:51:00,2025-05-29,6.75,6.75,6.75,6.75,0,2430,1
BANKNIFTY29MAY2546100PE.NFO,2025-05-19,09:52:00,2025-05-29,6.75,6.75,6.75,6.75,0,2430,1
BANKNIFTY29MAY2546100PE.NFO,2025-05-19,09:53:00,2025-05-29,6.75,6.75,6.75,6.75,0,2430,1
BANKNIFTY29MAY2546100PE.NFO,2025-05-19,09:54:00,2025-05-29,6.75,6.75,6.75,6.75,0,2430,1
BANKNIFTY29MAY2546100PE.NFO,2025-05-19,09:55:00,2025-05-29,6.75,6.75,6.75,6.75,0,2430,1
BANKNIFTY29MAY2546100PE.NFO,2025-05-19,09:56:00,2025-05-29,6.75,6.75,6.75,6.75,0,2430,1
BANKNIFTY29MAY2546100PE.NFO,2025-05-19,09:57:00,2025-05-29,6.75,6.75,6.75,6.75,0,2430,1
BANKNIFTY29MAY2546100PE.NFO,2025-05-19,09:58:00,2025-05-29,6.75,6.75,6.75,6.75,0,2430,1
BANKNIFTY29MAY2546100PE.NFO,2025-05-19,09:59:00,2025-05-29,6.75,6.75,6.75,6.75,0,2430,1
BANKNIFTY29MAY2546100PE.NFO,2025-05-19,10:00:00,2025-05-29,6.75,6.75,6.75,6.75,0,2430,1
BANKNIFTY29MAY2546100PE.NFO,2025-05-19,10:01:00,2025-05-29,6.75,6.75,6.75,6.75,0,2430,1
BANKNIFTY29MAY2546100PE.NFO,2025-05-19,10:02:00,2025-05-29,6.75,6.75,6.75,6.75,0,2430,1
BANKNIFTY29MAY2546100PE.NFO,2025-05-19,10:03:00,2025-05-29,6.75,6.75,6.75,6.75,0,2430,1
BANKNIFTY29MAY2546100PE.NFO,2025-05-19,10:04:00,2025-05-29,6.75,6.75,6.75,6.75,0,2430,1
BANKNIFTY29MAY2546100PE.NFO,2025-05-19,10:05:00,2025-05-29,6.75,6.75,6.75,6.75,0,2430,1
BANKNIFTY29MAY2546100PE.NFO,2025-05-19,10:06:00,2025-05-29,6.75,6.75,6.75,6.75,0,2430,1
BANKNIFTY29MAY2546100PE.NFO,2025-05-19,10:07:00,2025-05-29,6.75,6.75,6.75,6.75,0,2430,1
BANKNIFTY29MAY2546100PE.NFO,2025-05-19,10:08:00,2025-05-29,6.75,6.75,6.75,6.75,0,2430,1
BANKNIFTY29MAY2546100PE.NFO,2025-05-19,10:09:00,2025-05-29,6.75,6.75,6.75,6.75,0,2430,1
BANKNIFTY29MAY2546100PE.NFO,2025-05-19,10:10:00,2025-05-29,6.75,6.75,6.75,6.75,0,2430,1
BANKNIFTY29MAY2546100PE.NFO,2025-05-19,10:11:00,2025-05-29,6.75,6.75,6.75,6.75,0,2430,1
BANKNIFTY29MAY2546100PE.NFO,2025-05-19,10:12:00,2025-05-29,6.75,6.75,6.75,6.75,0,2430,1
BANKNIFTY29MAY2546100PE.NFO,2025-05-19,10:13:00,2025-05-29,6.75,6.75,6.75,6.75,0,2430,1
BANKNIFTY29MAY2546100PE.NFO,2025-05-19,10:14:00,2025-05-29,6.75,6.75,6.75,6.75,0,2430,1
BANKNIFTY29MAY2546100PE.NFO,2025-05-19,10:15:00,2025-05-29,6.75,6.75,6.75,6.75,0,2430,1
BANKNIFTY29MAY2546100PE.NFO,2025-05-19,10:16:00,2025-05-29,6.75,6.75,6.75,6.75,0,2430,1
BANKNIFTY29MAY2546100PE.NFO,2025-05-19,10:17:00,2025-05-29,6.75,6.75,6.75,6.75,0,2430,1
BANKNIFTY29MAY2546100PE.NFO,2025-05-19,10:18:00,2025-05-29,6.75,6.75,6.75,6.75,0,2430,1
BANKNIFTY29MAY2546100PE.NFO,2025-05-19,10:19:00,2025-05-29,6.75,6.75,6.75,6.75,0,2430,1
BANKNIFTY29MAY2546100PE.NFO,2025-05-19,10:20:00,2025-05-29,6.75,6.75,6.75,6.75,0,2430,1
BANKNIFTY29MAY2546100PE.NFO,2025-05-19,10:21:00,2025-05-29,6.75,6.75,6.75,6.75,0,2430,1
BANKNIFTY29MAY2546100PE.NFO,2025-05-19,10:22:00,2025-05-29,6.75,6.75,6.75,6.75,0,2430,1
BANKNIFTY29MAY2546100PE.NFO,2025-05-19,10:23:00,2025-05-29,6.75,6.75,6.75,6.75,0,2430,1
BANKNIFTY29MAY2546100PE.NFO,2025-05-19,10:24:00,2025-05-29,6.75,6.75,6.75,6.75,0,2430,1
BANKNIFTY29MAY2546100PE.NFO,2025-05-19,10:25:00,2025-05-29,6.75,6.75,6.75,6.75,0,2430,1
BANKNIFTY29MAY2546100PE.NFO,2025-05-19,10:26:00,2025-05-29,6.75,6.75,6.75,6.75,0,2430,1
BANKNIFTY29MAY2546100PE.NFO,2025-05-19,10:27:00,2025-05-29,6.75,6.75,6.75,6.75,0,2430,1
BANKNIFTY29MAY2546100PE.NFO,2025-05-19,10:28:00,2025-05-29,6.75,6.75,6.75,6.75,0,2430,1
BANKNIFTY29MAY2546100PE.NFO,2025-05-19,10:29:00,2025-05-29,6.75,6.75,6.75,6.75,0,2430,1
BANKNIFTY29MAY2546100PE.NFO,2025-05-19,10:30:00,2025-05-29,6.75,6.75,6.75,6.75,0,2430,1
BANKNIFTY29MAY2546100PE.NFO,2025-05-19,10:31:00,2025-05-29,6.75,6.75,6.75,6.75,0,2430,1
BANKNIFTY29MAY2546100PE.NFO,2025-05-19,10:32:00,2025-05-29,6.75,6.75,6.75,6.75,0,2430,0
BANKNIFTY29MAY2546100PE.NFO,2025-05-19,10:33:00,2025-05-29,6.75,6.75,6.0,6.0,60,2430,0
BANKNIFTY29MAY2546100PE.NFO,2025-05-19,10:34:00,2025-05-29,6.0,6.0,6.0,6.0,0,2430,0
BANKNIFTY29MAY2546100PE.NFO,2025-05-19,10:35:00,2025-05-29,6.0,6.0,6.0,6.0,0,2430,0
BANKNIFTY29MAY2546100PE.NFO,2025-05-19,10:36:00,2025-05-29,6.0,6.0,6.0,6.0,0,2430,0
BANKNIFTY29MAY2546100PE.NFO,2025-05-19,10:37:00,2025-05-29,6.0,6.0,6.0,6.0,0,2430,0
BANKNIFTY29MAY2546100PE.NFO,2025-05-19,10:38:00,2025-05-29,6.0,6.0,6.0,6.0,0,2430,1
BANKNIFTY29MAY2546100PE.NFO,2025-05-19,10:39:00,2025-05-29,6.0,6.0,6.0,6.0,0,2430,0
BANKNIFTY29MAY2546100PE.NFO,2025-05-19,10:40:00,2025-05-29,6.0,6.0,6.0,6.0,0,2430,0
BANKNIFTY29MAY2546100PE.NFO,2025-05-19,10:41:00,2025-05-29,6.0,6.0,6.0,6.0,0,2430,1
BANKNIFTY29MAY2546100PE.NFO,2025-05-19,10:42:00,2025-05-29,6.0,6.0,6.0,6.0,0,2430,1
BANKNIFTY29MAY2546100PE.NFO,2025-05-19,10:43:00,2025-05-29,6.0,6.0,6.0,6.0,0,2430,0
BANKNIFTY29MAY2546100PE.NFO,2025-05-19,10:44:00,2025-05-29,6.0,6.0,6.0,6.0,0,2430,0
BANKNIFTY29MAY2546100PE.NFO,2025-05-19,10:45:00,2025-05-29,6.0,6.0,6.0,6.0,0,2430,1
BANKNIFTY29MAY2546100PE.NFO,2025-05-19,10:46:00,2025-05-29,6.0,6.0,6.0,6.0,0,2430,0
BANKNIFTY29MAY2546100PE.NFO,2025-05-19,10:47:00,2025-05-29,6.0,6.0,6.0,6.0,0,2430,1
BANKNIFTY29MAY2546100PE.NFO,2025-05-19,10:48:00,2025-05-29,6.0,6.0,6.0,6.0,0,2430,0
BANKNIFTY29MAY2546100PE.NFO,2025-05-19,10:49:00,2025-05-29,6.0,6.0,6.0,6.0,0,2430,0
BANKNIFTY29MAY2546100PE.NFO,2025-05-19,10:50:00,2025-05-29,6.0,6.0,6.0,6.0,0,2430,1
BANKNIFTY29MAY2546100PE.NFO,2025-05-19,10:51:00,2025-05-29,6.0,6.0,6.0,6.0,0,2430,1
BANKNIFTY29MAY2546100PE.NFO,2025-05-19,10:52:00,2025-05-29,6.0,6.0,6.0,6.0,0,2430,0
BANKNIFTY29MAY2546100PE.NFO,2025-05-19,10:53:00,2025-05-29,6.0,6.0,6.0,6.0,0,2430,1
BANKNIFTY29MAY2546100PE.NFO,2025-05-19,10:54:00,2025-05-29,6.0,6.0,6.0,6.0,0,2430,0
BANKNIFTY29MAY2546100PE.NFO,2025-05-19,10:55:00,2025-05-29,6.0,6.0,6.0,6.0,0,2430,0
BANKNIFTY29MAY2546100PE.NFO,2025-05-19,10:56:00,2025-05-29,6.0,6.0,6.0,6.0,30,2370,0
BANKNIFTY29MAY2546100PE.NFO,2025-05-19,10:57:00,2025-05-29,6.0,6.0,6.0,6.0,0,2370,0
BANKNIFTY29MAY2546100PE.NFO,2025-05-19,10:58:00,2025-05-29,6.0,6.0,6.0,6.0,0,2370,0
BANKNIFTY29MAY2546100PE.NFO,2025-05-19,10:59:00,2025-05-29,6.0,6.0,6.0,6.0,0,2370,0
BANKNIFTY29MAY2546100PE.NFO,2025-05-19,11:00:00,2025-05-29,6.0,6.0,6.0,6.0,0,2370,0
BANKNIFTY29MAY2546100PE.NFO,2025-05-19,11:01:00,2025-05-29,6.0,6.0,6.0,6.0,0,2370,0
BANKNIFTY29MAY2546100PE.NFO,2025-05-19,11:02:00,2025-05-29,6.0,6.0,6.0,6.0,0,2370,0
BANKNIFTY29MAY2546100PE.NFO,2025-05-19,11:03:00,2025-05-29,6.0,6.0,6.0,6.0,0,2370,1
BANKNIFTY29MAY2546100PE.NFO,2025-05-19,11:04:00,2025-05-29,6.0,6.0,6.0,6.0,0,2370,1
BANKNIFTY29MAY2546100PE.NFO,2025-05-19,11:05:00,2025-05-29,6.0,6.0,6.0,6.0,0,2370,1
BANKNIFTY29MAY2546100PE.NFO,2025-05-19,11:06:00,2025-05-29,6.0,6.0,6.0,6.0,0,2370,0
BANKNIFTY29MAY2546100PE.NFO,2025-05-19,11:07:00,2025-05-29,6.0,6.0,6.0,6.0,0,2370,1
BANKNIFTY29MAY2546100PE.NFO,2025-05-19,11:08:00,2025-05-29,6.0,6.0,6.0,6.0,0,2370,1
BANKNIFTY29MAY2546100PE.NFO,2025-05-19,11:09:00,2025-05-29,6.0,6.0,6.0,6.0,0,2370,1
BANKNIFTY29MAY2546100PE.NFO,2025-05-19,11:10:00,2025-05-29,6.0,6.0,6.0,6.0,0,2370,0
BANKNIFTY29MAY2546100PE.NFO,2025-05-19,11:11:00,2025-05-29,6.0,6.0,6.0,6.0,0,2370,0
BANKNIFTY29MAY2546100PE.NFO,2025-05-19,11:12:00,2025-05-29,6.0,6.0,6.0,6.0,0,2370,1
BANKNIFTY29MAY2546100PE.NFO,2025-05-19,11:13:00,2025-05-29,6.0,6.0,6.0,6.0,0,2370,1
BANKNIFTY29MAY2546100PE.NFO,2025-05-19,11:14:00,2025-05-29,6.0,6.0,6.0,6.0,0,2370,1
BANKNIFTY29MAY2546100PE.NFO,2025-05-19,11:15:00,2025-05-29,6.0,6.0,6.0,6.0,0,2370,1
BANKNIFTY29MAY2546100PE.NFO,2025-05-19,11:16:00,2025-05-29,6.0,6.0,6.0,6.0,0,2370,1
BANKNIFTY29MAY2546100PE.NFO,2025-05-19,11:17:00,2025-05-29,6.0,6.0,6.0,6.0,0,2370,1
BANKNIFTY29MAY2546100PE.NFO,2025-05-19,11:18:00,2025-05-29,6.0,6.0,6.0,6.0,0,2370,1
BANKNIFTY29MAY2546100PE.NFO,2025-05-19,11:19:00,2025-05-29,6.0,6.0,6.0,6.0,0,2370,0
BANKNIFTY29MAY2546100PE.NFO,2025-05-19,11:20:00,2025-05-29,6.0,6.0,6.0,6.0,0,2370,1
BANKNIFTY29MAY2546100PE.NFO,2025-05-19,11:21:00,2025-05-29,6.0,6.0,6.0,6.0,0,2370,0
BANKNIFTY29MAY2546100PE.NFO,2025-05-19,11:22:00,2025-05-29,6.0,6.0,6.0,6.0,0,2370,1
BANKNIFTY29MAY2546100PE.NFO,2025-05-19,11:23:00,2025-05-29,6.0,6.0,6.0,6.0,0,2370,1
BANKNIFTY29MAY2546100PE.NFO,2025-05-19,11:24:00,2025-05-29,6.0,6.0,6.0,6.0,0,2370,1
BANKNIFTY29MAY2546100PE.NFO,2025-05-19,11:25:00,2025-05-29,6.0,6.0,6.0,6.0,0,2370,1
BANKNIFTY29MAY2546100PE.NFO,2025-05-19,11:26:00,2025-05-29,6.0,6.0,6.0,6.0,0,2370,1
BANKNIFTY29MAY2546100PE.NFO,2025-05-19,11:27:00,2025-05-29,6.0,6.0,6.0,6.0,0,2370,1
BANKNIFTY29MAY2546100PE.NFO,2025-05-19,11:28:00,2025-05-29,6.0,6.0,6.0,6.0,0,2370,1
BANKNIFTY29MAY2546100PE.NFO,2025-05-19,11:29:00,2025-05-29,6.0,6.0,6.0,6.0,0,2370,1
BANKNIFTY29MAY2546100PE.NFO,2025-05-19,11:30:00,2025-05-29,6.0,6.0,6.0,6.0,0,2370,1
BANKNIFTY29MAY2546100PE.NFO,2025-05-19,11:31:00,2025-05-29,6.0,6.0,6.0,6.0,0,2370,0
BANKNIFTY29MAY2546100PE.NFO,2025-05-19,11:32:00,2025-05-29,6.0,6.0,6.0,6.0,0,2370,0
BANKNIFTY29MAY2546100PE.NFO,2025-05-19,11:33:00,2025-05-29,6.0,6.0,6.0,6.0,0,2370,1
BANKNIFTY29MAY2546100PE.NFO,2025-05-19,11:34:00,2025-05-29,6.0,6.0,6.0,6.0,0,2370,0
BANKNIFTY29MAY2546100PE.NFO,2025-05-19,11:35:00,2025-05-29,6.0,6.0,6.0,6.0,0,2370,0
BANKNIFTY29MAY2546100PE.NFO,2025-05-19,11:36:00,2025-05-29,6.0,6.0,6.0,6.0,0,2370,1
BANKNIFTY29MAY2546100PE.NFO,2025-05-19,11:37:00,2025-05-29,6.0,6.0,6.0,6.0,0,2370,1
BANKNIFTY29MAY2546100PE.NFO,2025-05-19,11:38:00,2025-05-29,6.0,6.0,6.0,6.0,0,2370,1
BANKNIFTY29MAY2546100PE.NFO,2025-05-19,11:39:00,2025-05-29,6.75,6.75,6.75,6.75,30,2370,0
BANKNIFTY29MAY2546100PE.NFO,2025-05-19,11:40:00,2025-05-29,6.75,6.75,6.75,6.75,0,2370,0
BANKNIFTY29MAY2546100PE.NFO,2025-05-19,11:41:00,2025-05-29,4.95,6.3,4.65,5.8,180,2400,0
BANKNIFTY29MAY2546100PE.NFO,2025-05-19,11:42:00,2025-05-29,5.8,5.8,5.8,5.8,0,2400,0
BANKNIFTY29MAY2546100PE.NFO,2025-05-19,11:43:00,2025-05-29,5.8,5.8,5.8,5.8,0,2400,0
BANKNIFTY29MAY2546100PE.NFO,2025-05-19,11:44:00,2025-05-29,5.8,5.8,5.8,5.8,0,2400,0
BANKNIFTY29MAY2546100PE.NFO,2025-05-19,11:45:00,2025-05-29,5.8,5.8,5.8,5.8,0,2400,1
BANKNIFTY29MAY2546100PE.NFO,2025-05-19,11:46:00,2025-05-29,5.8,5.8,5.8,5.8,0,2400,1
BANKNIFTY29MAY2546100PE.NFO,2025-05-19,11:47:00,2025-05-29,6.75,6.75,6.75,6.75,30,2400,0
BANKNIFTY29MAY2546100PE.NFO,2025-05-19,11:48:00,2025-05-29,6.75,6.75,6.75,6.75,0,2400,0
BANKNIFTY29MAY2546100PE.NFO,2025-05-19,11:49:00,2025-05-29,6.75,6.75,5.8,5.8,30,2430,0
BANKNIFTY29MAY2546100PE.NFO,2025-05-19,11:50:00,2025-05-29,5.8,5.8,5.8,5.8,0,2430,0
BANKNIFTY29MAY2546100PE.NFO,2025-05-19,11:51:00,2025-05-29,5.8,5.8,5.8,5.8,0,2430,0
BANKNIFTY29MAY2546100PE.NFO,2025-05-19,11:52:00,2025-05-29,5.8,5.8,5.8,5.8,0,2430,0
BANKNIFTY29MAY2546100PE.NFO,2025-05-19,11:53:00,2025-05-29,5.8,5.8,5.8,5.8,0,2430,1
BANKNIFTY29MAY2546100PE.NFO,2025-05-19,11:54:00,2025-05-29,5.8,5.8,5.8,5.8,0,2430,1
BANKNIFTY29MAY2546100PE.NFO,2025-05-19,11:55:00,2025-05-29,5.8,5.8,5.8,5.8,0,2430,0
BANKNIFTY29MAY2546100PE.NFO,2025-05-19,11:56:00,2025-05-29,5.8,5.8,5.8,5.8,0,2430,0
BANKNIFTY29MAY2546100PE.NFO,2025-05-19,11:57:00,2025-05-29,5.8,5.8,5.8,5.8,0,2430,1
BANKNIFTY29MAY2546100PE.NFO,2025-05-19,11:58:00,2025-05-29,5.8,5.8,5.8,5.8,0,2430,0
BANKNIFTY29MAY2546100PE.NFO,2025-05-19,11:59:00,2025-05-29,5.8,5.8,5.8,5.8,0,2430,0
BANKNIFTY29MAY2546100PE.NFO,2025-05-19,12:00:00,2025-05-29,5.8,5.8,5.8,5.8,0,2430,0
BANKNIFTY29MAY2546100PE.NFO,2025-05-19,12:01:00,2025-05-29,5.8,5.8,5.8,5.8,0,2430,1
BANKNIFTY29MAY2546100PE.NFO,2025-05-19,12:02:00,2025-05-29,5.8,5.8,5.8,5.8,0,2430,0
BANKNIFTY29MAY2546100PE.NFO,2025-05-19,12:03:00,2025-05-29,5.8,5.8,5.8,5.8,0,2430,1
BANKNIFTY29MAY2546100PE.NFO,2025-05-19,12:04:00,2025-05-29,5.8,5.8,5.8,5.8,0,2430,1
BANKNIFTY29MAY2546100PE.NFO,2025-05-19,12:05:00,2025-05-29,5.8,5.8,5.8,5.8,0,2430,0
BANKNIFTY29MAY2546100PE.NFO,2025-05-19,12:06:00,2025-05-29,6.6,6.6,6.6,6.6,90,2400,0
BANKNIFTY29MAY2546100PE.NFO,2025-05-19,12:07:00,2025-05-29,6.6,6.6,6.0,6.0,90,2490,0
BANKNIFTY29MAY2546100PE.NFO,2025-05-19,12:08:00,2025-05-29,6.0,6.0,6.0,6.0,0,2490,0
BANKNIFTY29MAY2546100PE.NFO,2025-05-19,12:09:00,2025-05-29,6.0,6.0,6.0,6.0,0,2490,0
BANKNIFTY29MAY2546100PE.NFO,2025-05-19,12:10:00,2025-05-29,6.0,6.0,6.0,6.0,0,2490,0
BANKNIFTY29MAY2546100PE.NFO,2025-05-19,12:11:00,2025-05-29,6.0,6.0,6.0,6.0,0,2490,0
BANKNIFTY29MAY2546100PE.NFO,2025-05-19,12:12:00,2025-05-29,6.0,6.0,6.0,6.0,0,2490,1
BANKNIFTY29MAY2546100PE.NFO,2025-05-19,12:13:00,2025-05-29,6.0,6.0,6.0,6.0,0,2490,1
BANKNIFTY29MAY2546100PE.NFO,2025-05-19,12:14:00,2025-05-29,6.0,6.0,6.0,6.0,0,2490,0
BANKNIFTY29MAY2546100PE.NFO,2025-05-19,12:15:00,2025-05-29,6.0,6.0,6.0,6.0,0,2490,0
BANKNIFTY29MAY2546100PE.NFO,2025-05-19,12:16:00,2025-05-29,6.0,6.0,6.0,6.0,0,2490,1
BANKNIFTY29MAY2546100PE.NFO,2025-05-19,12:17:00,2025-05-29,6.0,6.0,6.0,6.0,0,2490,1
BANKNIFTY29MAY2546100PE.NFO,2025-05-19,12:18:00,2025-05-29,6.0,6.0,6.0,6.0,0,2490,0
BANKNIFTY29MAY2546100PE.NFO,2025-05-19,12:19:00,2025-05-29,6.0,6.0,6.0,6.0,0,2490,0
BANKNIFTY29MAY2546100PE.NFO,2025-05-19,12:20:00,2025-05-29,6.0,6.0,6.0,6.0,0,2490,1
BANKNIFTY29MAY2546100PE.NFO,2025-05-19,12:21:00,2025-05-29,6.0,6.0,6.0,6.0,0,2490,0
BANKNIFTY29MAY2546100PE.NFO,2025-05-19,12:22:00,2025-05-29,4.55,5.9,4.55,5.9,60,2400,0
BANKNIFTY29MAY2546100PE.NFO,2025-05-19,12:23:00,2025-05-29,5.9,5.9,5.9,5.9,0,2400,0
BANKNIFTY29MAY2546100PE.NFO,2025-05-19,12:24:00,2025-05-29,5.9,5.9,5.9,5.9,0,2400,0
BANKNIFTY29MAY2546100PE.NFO,2025-05-19,12:25:00,2025-05-29,5.9,5.9,5.9,5.9,0,2400,0
BANKNIFTY29MAY2546100PE.NFO,2025-05-19,12:26:00,2025-05-29,5.9,5.9,5.9,5.9,0,2400,0
BANKNIFTY29MAY2546100PE.NFO,2025-05-19,12:27:00,2025-05-29,5.9,5.9,5.9,5.9,0,2400,0
BANKNIFTY29MAY2546100PE.NFO,2025-05-19,12:28:00,2025-05-29,5.9,5.9,5.9,5.9,0,2400,1
BANKNIFTY29MAY2546100PE.NFO,2025-05-19,12:29:00,2025-05-29,5.9,5.9,5.9,5.9,0,2400,1
BANKNIFTY29MAY2546100PE.NFO,2025-05-19,12:30:00,2025-05-29,5.9,5.9,5.9,5.9,0,2400,1
BANKNIFTY29MAY2546100PE.NFO,2025-05-19,12:31:00,2025-05-29,5.9,5.9,5.9,5.9,0,2400,0
BANKNIFTY29MAY2546100PE.NFO,2025-05-19,12:32:00,2025-05-29,5.9,5.9,5.9,5.9,0,2400,0
BANKNIFTY29MAY2546100PE.NFO,2025-05-19,12:33:00,2025-05-29,5.9,5.9,5.9,5.9,0,2400,1
BANKNIFTY29MAY2546100PE.NFO,2025-05-19,12:34:00,2025-05-29,6.6,6.6,5.85,5.85,60,2400,0
BANKNIFTY29MAY2546100PE.NFO,2025-05-19,12:35:00,2025-05-29,5.85,5.85,5.85,5.85,60,2400,0
BANKNIFTY29MAY2546100PE.NFO,2025-05-19,12:36:00,2025-05-29,5.85,5.85,5.85,5.85,0,2400,0
BANKNIFTY29MAY2546100PE.NFO,2025-05-19,12:37:00,2025-05-29,5.85,5.85,5.85,5.85,0,2400,0
BANKNIFTY29MAY2546100PE.NFO,2025-05-19,12:38:00,2025-05-29,5.85,5.85,5.85,5.85,0,2400,1
BANKNIFTY29MAY2546100PE.NFO,2025-05-19,12:39:00,2025-05-29,5.85,5.85,5.85,5.85,0,2400,1
BANKNIFTY29MAY2546100PE.NFO,2025-05-19,12:40:00,2025-05-29,5.85,5.85,5.85,5.85,0,2400,1
BANKNIFTY29MAY2546100PE.NFO,2025-05-19,12:41:00,2025-05-29,5.85,5.85,5.85,5.85,0,2400,1
BANKNIFTY29MAY2546100PE.NFO,2025-05-19,12:42:00,2025-05-29,5.85,5.85,5.85,5.85,0,2400,0
BANKNIFTY29MAY2546100PE.NFO,2025-05-19,12:43:00,2025-05-29,6.75,6.75,6.0,6.0,60,2400,0
BANKNIFTY29MAY2546100PE.NFO,2025-05-19,12:44:00,2025-05-29,6.0,6.0,6.0,6.0,0,2400,0
BANKNIFTY29MAY2546100PE.NFO,2025-05-19,12:45:00,2025-05-29,5.0,5.0,5.0,5.0,30,2400,0
BANKNIFTY29MAY2546100PE.NFO,2025-05-19,12:46:00,2025-05-29,5.0,5.0,5.0,5.0,0,2400,0
BANKNIFTY29MAY2546100PE.NFO,2025-05-19,12:47:00,2025-05-29,5.0,5.0,5.0,5.0,0,2400,0
BANKNIFTY29MAY2546100PE.NFO,2025-05-19,12:48:00,2025-05-29,5.0,5.0,5.0,5.0,0,2400,0
BANKNIFTY29MAY2546100PE.NFO,2025-05-19,12:49:00,2025-05-29,5.0,5.0,5.0,5.0,0,2400,1
BANKNIFTY29MAY2546100PE.NFO,2025-05-19,12:50:00,2025-05-29,6.0,6.0,6.0,6.0,30,2400,0
BANKNIFTY29MAY2546100PE.NFO,2025-05-19,12:51:00,2025-05-29,6.0,6.0,6.0,6.0,0,2400,0
BANKNIFTY29MAY2546100PE.NFO,2025-05-19,12:52:00,2025-05-29,6.0,6.0,6.0,6.0,0,2400,0
BANKNIFTY29MAY2546100PE.NFO,2025-05-19,12:53:00,2025-05-29,6.0,6.0,6.0,6.0,0,2400,0
BANKNIFTY29MAY2546100PE.NFO,2025-05-19,12:54:00,2025-05-29,6.0,6.0,6.0,6.0,0,2400,1
BANKNIFTY29MAY2546100PE.NFO,2025-05-19,12:55:00,2025-05-29,6.0,6.0,6.0,6.0,0,2400,0
BANKNIFTY29MAY2546100PE.NFO,2025-05-19,12:56:00,2025-05-29,6.0,6.0,6.0,6.0,0,2400,1
BANKNIFTY29MAY2546100PE.NFO,2025-05-19,12:57:00,2025-05-29,6.0,6.0,6.0,6.0,0,2400,1
BANKNIFTY29MAY2546100PE.NFO,2025-05-19,12:58:00,2025-05-29,6.0,6.0,6.0,6.0,0,2400,1
BANKNIFTY29MAY2546100PE.NFO,2025-05-19,12:59:00,2025-05-29,6.0,6.0,6.0,6.0,0,2400,1
BANKNIFTY29MAY2546100PE.NFO,2025-05-19,13:00:00,2025-05-29,6.0,6.0,6.0,6.0,0,2400,1
BANKNIFTY29MAY2546100PE.NFO,2025-05-19,13:01:00,2025-05-29,6.65,6.65,6.65,6.65,30,2400,0
BANKNIFTY29MAY2546100PE.NFO,2025-05-19,13:02:00,2025-05-29,6.65,6.65,6.65,6.65,0,2400,0
BANKNIFTY29MAY2546100PE.NFO,2025-05-19,13:03:00,2025-05-29,6.65,6.65,6.65,6.65,0,2400,0
BANKNIFTY29MAY2546100PE.NFO,2025-05-19,13:04:00,2025-05-29,6.65,6.65,6.0,6.0,30,2430,0
BANKNIFTY29MAY2546100PE.NFO,2025-05-19,13:05:00,2025-05-29,6.0,6.0,6.0,6.0,0,2430,0
BANKNIFTY29MAY2546100PE.NFO,2025-05-19,13:06:00,2025-05-29,6.0,6.0,6.0,6.0,0,2430,1
BANKNIFTY29MAY2546100PE.NFO,2025-05-19,13:07:00,2025-05-29,6.0,6.0,6.0,6.0,0,2430,0
BANKNIFTY29MAY2546100PE.NFO,2025-05-19,13:08:00,2025-05-29,6.0,6.0,6.0,6.0,0,2430,0
BANKNIFTY29MAY2546100PE.NFO,2025-05-19,13:09:00,2025-05-29,6.0,6.0,6.0,6.0,0,2430,1
BANKNIFTY29MAY2546100PE.NFO,2025-05-19,13:10:00,2025-05-29,6.0,6.0,6.0,6.0,0,2430,1
BANKNIFTY29MAY2546100PE.NFO,2025-05-19,13:11:00,2025-05-29,6.0,6.0,6.0,6.0,0,2430,1
BANKNIFTY29MAY2546100PE.NFO,2025-05-19,13:12:00,2025-05-29,6.0,6.0,6.0,6.0,0,2430,0
BANKNIFTY29MAY2546100PE.NFO,2025-05-19,13:13:00,2025-05-29,6.0,6.4,6.0,6.4,90,2400,0
BANKNIFTY29MAY2546100PE.NFO,2025-05-19,13:14:00,2025-05-29,6.4,6.4,6.4,6.4,0,2400,0
BANKNIFTY29MAY2546100PE.NFO,2025-05-19,13:15:00,2025-05-29,6.4,6.4,6.4,6.4,0,2400,0
BANKNIFTY29MAY2546100PE.NFO,2025-05-19,13:16:00,2025-05-29,6.0,6.0,6.0,6.0,60,2430,0
BANKNIFTY29MAY2546100PE.NFO,2025-05-19,13:17:00,2025-05-29,6.0,6.0,6.0,6.0,60,2430,1
BANKNIFTY29MAY2546100PE.NFO,2025-05-19,13:18:00,2025-05-29,6.0,6.0,6.0,6.0,0,2430,0
BANKNIFTY29MAY2546100PE.NFO,2025-05-19,13:19:00,2025-05-29,6.0,6.0,6.0,6.0,0,2430,0
BANKNIFTY29MAY2546100PE.NFO,2025-05-19,13:20:00,2025-05-29,6.0,6.0,6.0,6.0,0,2430,0
BANKNIFTY29MAY2546100PE.NFO,2025-05-19,13:21:00,2025-05-29,6.0,6.0,6.0,6.0,0,2430,1
BANKNIFTY29MAY2546100PE.NFO,2025-05-19,13:22:00,2025-05-29,6.0,6.0,6.0,6.0,0,2430,1
BANKNIFTY29MAY2546100PE.NFO,2025-05-19,13:23:00,2025-05-29,6.0,6.0,6.0,6.0,0,2430,1
BANKNIFTY29MAY2546100PE.NFO,2025-05-19,13:24:00,2025-05-29,6.0,6.0,6.0,6.0,0,2430,1
BANKNIFTY29MAY2546100PE.NFO,2025-05-19,13:25:00,2025-05-29,6.0,6.0,6.0,6.0,0,2430,1
BANKNIFTY29MAY2546100PE.NFO,2025-05-19,13:26:00,2025-05-29,6.0,6.0,6.0,6.0,0,2430,1
BANKNIFTY29MAY2546100PE.NFO,2025-05-19,13:27:00,2025-05-29,6.0,6.0,6.0,6.0,0,2430,1
BANKNIFTY29MAY2546100PE.NFO,2025-05-19,13:28:00,2025-05-29,6.0,6.0,6.0,6.0,0,2430,1
BANKNIFTY29MAY2546100PE.NFO,2025-05-19,13:29:00,2025-05-29,6.0,6.0,6.0,6.0,0,2430,1
BANKNIFTY29MAY2546100PE.NFO,2025-05-19,13:30:00,2025-05-29,6.0,6.0,6.0,6.0,0,2430,0
BANKNIFTY29MAY2546100PE.NFO,2025-05-19,13:31:00,2025-05-29,6.0,6.0,6.0,6.0,0,2430,0
BANKNIFTY29MAY2546100PE.NFO,2025-05-19,13:32:00,2025-05-29,6.0,6.0,6.0,6.0,0,2430,0
BANKNIFTY29MAY2546100PE.NFO,2025-05-19,13:33:00,2025-05-29,6.0,6.0,6.0,6.0,0,2430,0
BANKNIFTY29MAY2546100PE.NFO,2025-05-19,13:34:00,2025-05-29,6.0,6.0,6.0,6.0,0,2430,0
BANKNIFTY29MAY2546100PE.NFO,2025-05-19,13:35:00,2025-05-29,6.0,6.0,6.0,6.0,0,2430,0
BANKNIFTY29MAY2546100PE.NFO,2025-05-19,13:36:00,2025-05-29,5.1,5.1,5.1,5.1,30,2370,0
BANKNIFTY29MAY2546100PE.NFO,2025-05-19,13:37:00,2025-05-29,5.1,5.95,5.1,5.1,90,2370,0
BANKNIFTY29MAY2546100PE.NFO,2025-05-19,13:38:00,2025-05-29,5.1,5.1,5.1,5.1,0,2370,0
BANKNIFTY29MAY2546100PE.NFO,2025-05-19,13:39:00,2025-05-29,5.1,5.1,5.1,5.1,0,2370,0
BANKNIFTY29MAY2546100PE.NFO,2025-05-19,13:40:00,2025-05-29,5.1,6.1,5.1,6.1,600,2400,0
BANKNIFTY29MAY2546100PE.NFO,2025-05-19,13:41:00,2025-05-29,6.1,6.5,6.1,6.5,0,2400,0
BANKNIFTY29MAY2546100PE.NFO,2025-05-19,13:42:00,2025-05-29,6.5,6.5,6.5,6.5,30,2400,0
BANKNIFTY29MAY2546100PE.NFO,2025-05-19,13:43:00,2025-05-29,6.5,6.5,6.5,6.5,0,2400,0
BANKNIFTY29MAY2546100PE.NFO,2025-05-19,13:44:00,2025-05-29,6.5,6.5,6.5,6.5,0,2400,0
BANKNIFTY29MAY2546100PE.NFO,2025-05-19,13:45:00,2025-05-29,5.7,5.7,5.1,5.7,120,2400,0
BANKNIFTY29MAY2546100PE.NFO,2025-05-19,13:46:00,2025-05-29,5.7,5.7,5.7,5.7,0,2400,0
BANKNIFTY29MAY2546100PE.NFO,2025-05-19,13:47:00,2025-05-29,5.7,5.7,5.7,5.7,0,2400,0
BANKNIFTY29MAY2546100PE.NFO,2025-05-19,13:48:00,2025-05-29,5.7,5.7,5.7,5.7,0,2400,0
BANKNIFTY29MAY2546100PE.NFO,2025-05-19,13:49:00,2025-05-29,5.7,6.3,5.7,6.3,60,2400,0
BANKNIFTY29MAY2546100PE.NFO,2025-05-19,13:50:00,2025-05-29,6.3,6.3,5.7,5.7,510,2400,0
BANKNIFTY29MAY2546100PE.NFO,2025-05-19,13:51:00,2025-05-29,5.7,5.7,5.7,5.7,0,2400,0
BANKNIFTY29MAY2546100PE.NFO,2025-05-19,13:52:00,2025-05-29,5.7,5.7,5.2,5.2,0,2310,0
BANKNIFTY29MAY2546100PE.NFO,2025-05-19,13:53:00,2025-05-29,5.2,5.55,5.0,5.55,210,2310,0
BANKNIFTY29MAY2546100PE.NFO,2025-05-19,13:54:00,2025-05-29,5.55,5.55,5.55,5.55,210,2310,1
BANKNIFTY29MAY2546100PE.NFO,2025-05-19,13:55:00,2025-05-29,5.55,5.55,5.55,5.55,210,2310,1
BANKNIFTY29MAY2546100PE.NFO,2025-05-19,13:56:00,2025-05-29,5.55,5.55,5.55,5.55,0,2310,0
BANKNIFTY29MAY2546100PE.NFO,2025-05-19,13:57:00,2025-05-29,5.55,5.55,5.55,5.55,0,2310,0
BANKNIFTY29MAY2546100PE.NFO,2025-05-19,13:58:00,2025-05-29,5.55,5.55,5.55,5.55,0,2310,1
BANKNIFTY29MAY2546100PE.NFO,2025-05-19,13:59:00,2025-05-29,5.55,5.55,5.55,5.55,0,2310,0
BANKNIFTY29MAY2546100PE.NFO,2025-05-19,14:00:00,2025-05-29,5.55,5.55,5.55,5.55,0,2310,0
BANKNIFTY29MAY2546100PE.NFO,2025-05-19,14:01:00,2025-05-29,5.55,5.55,5.55,5.55,0,2310,0
BANKNIFTY29MAY2546100PE.NFO,2025-05-19,14:02:00,2025-05-29,5.55,5.55,5.55,5.55,0,2310,0
BANKNIFTY29MAY2546100PE.NFO,2025-05-19,14:03:00,2025-05-29,5.55,5.55,5.55,5.55,0,2310,1
BANKNIFTY29MAY2546100PE.NFO,2025-05-19,14:04:00,2025-05-29,5.55,6.2,5.55,6.2,30,2370,0
BANKNIFTY29MAY2546100PE.NFO,2025-05-19,14:05:00,2025-05-29,6.2,6.2,6.2,6.2,0,2370,0
BANKNIFTY29MAY2546100PE.NFO,2025-05-19,14:06:00,2025-05-29,6.2,6.2,6.2,6.2,0,2370,0
BANKNIFTY29MAY2546100PE.NFO,2025-05-19,14:07:00,2025-05-29,6.2,6.2,6.2,6.2,0,2370,0
BANKNIFTY29MAY2546100PE.NFO,2025-05-19,14:08:00,2025-05-29,6.2,6.2,6.2,6.2,0,2370,0
BANKNIFTY29MAY2546100PE.NFO,2025-05-19,14:09:00,2025-05-29,6.2,6.2,6.2,6.2,0,2370,0
BANKNIFTY29MAY2546100PE.NFO,2025-05-19,14:10:00,2025-05-29,6.2,6.2,6.2,6.2,0,2370,1
BANKNIFTY29MAY2546100PE.NFO,2025-05-19,14:11:00,2025-05-29,6.2,6.2,5.25,5.25,60,2400,0
BANKNIFTY29MAY2546100PE.NFO,2025-05-19,14:12:00,2025-05-29,5.25,5.6,5.25,5.6,30,2400,0
BANKNIFTY29MAY2546100PE.NFO,2025-05-19,14:13:00,2025-05-29,5.6,5.6,5.6,5.6,0,2400,0
BANKNIFTY29MAY2546100PE.NFO,2025-05-19,14:14:00,2025-05-29,6.7,6.7,5.85,5.85,60,2370,0
BANKNIFTY29MAY2546100PE.NFO,2025-05-19,14:15:00,2025-05-29,5.85,6.1,5.05,5.05,90,2370,0
BANKNIFTY29MAY2546100PE.NFO,2025-05-19,14:16:00,2025-05-29,5.05,5.05,5.05,5.05,0,2370,0
BANKNIFTY29MAY2546100PE.NFO,2025-05-19,14:17:00,2025-05-29,5.05,5.05,5.05,5.05,0,2370,0
BANKNIFTY29MAY2546100PE.NFO,2025-05-19,14:18:00,2025-05-29,5.05,5.05,5.05,5.05,0,2370,1
BANKNIFTY29MAY2546100PE.NFO,2025-05-19,14:19:00,2025-05-29,5.05,5.5,5.05,5.5,30,2460,0
BANKNIFTY29MAY2546100PE.NFO,2025-05-19,14:20:00,2025-05-29,5.5,5.5,5.5,5.5,0,2460,0
BANKNIFTY29MAY2546100PE.NFO,2025-05-19,14:21:00,2025-05-29,5.5,5.5,5.5,5.5,0,2460,0
BANKNIFTY29MAY2546100PE.NFO,2025-05-19,14:22:00,2025-05-29,5.5,5.5,5.5,5.5,0,2460,0
BANKNIFTY29MAY2546100PE.NFO,2025-05-19,14:23:00,2025-05-29,5.5,5.5,5.5,5.5,0,2460,0
BANKNIFTY29MAY2546100PE.NFO,2025-05-19,14:24:00,2025-05-29,5.5,5.5,5.5,5.5,0,2460,1
BANKNIFTY29MAY2546100PE.NFO,2025-05-19,14:25:00,2025-05-29,5.5,5.5,5.5,5.5,0,2460,1
BANKNIFTY29MAY2546100PE.NFO,2025-05-19,14:26:00,2025-05-29,5.5,5.5,5.5,5.5,0,2460,1
BANKNIFTY29MAY2546100PE.NFO,2025-05-19,14:27:00,2025-05-29,5.5,5.5,5.5,5.5,0,2460,1
BANKNIFTY29MAY2546100PE.NFO,2025-05-19,14:28:00,2025-05-29,5.5,5.5,5.5,5.5,0,2460,1
BANKNIFTY29MAY2546100PE.NFO,2025-05-19,14:29:00,2025-05-29,5.5,5.5,5.5,5.5,0,2460,1
BANKNIFTY29MAY2546100PE.NFO,2025-05-19,14:30:00,2025-05-29,5.5,5.5,5.5,5.5,0,2460,0
BANKNIFTY29MAY2546100PE.NFO,2025-05-19,14:31:00,2025-05-29,5.5,5.5,5.5,5.5,0,2460,1
BANKNIFTY29MAY2546100PE.NFO,2025-05-19,14:32:00,2025-05-29,5.0,5.8,5.0,5.8,60,2430,0
BANKNIFTY29MAY2546100PE.NFO,2025-05-19,14:33:00,2025-05-29,5.8,5.8,5.8,5.8,0,2430,0
BANKNIFTY29MAY2546100PE.NFO,2025-05-19,14:34:00,2025-05-29,5.8,5.8,5.8,5.8,0,2430,0
BANKNIFTY29MAY2546100PE.NFO,2025-05-19,14:35:00,2025-05-29,5.8,5.8,5.8,5.8,0,2430,0
BANKNIFTY29MAY2546100PE.NFO,2025-05-19,14:36:00,2025-05-29,5.8,5.8,5.8,5.8,0,2430,0
BANKNIFTY29MAY2546100PE.NFO,2025-05-19,14:37:00,2025-05-29,5.8,5.8,5.8,5.8,0,2430,1
BANKNIFTY29MAY2546100PE.NFO,2025-05-19,14:38:00,2025-05-29,5.8,5.8,5.8,5.8,0,2430,0
BANKNIFTY29MAY2546100PE.NFO,2025-05-19,14:39:00,2025-05-29,5.8,5.8,5.8,5.8,0,2430,0
BANKNIFTY29MAY2546100PE.NFO,2025-05-19,14:40:00,2025-05-29,5.8,5.8,5.8,5.8,0,2430,0
BANKNIFTY29MAY2546100PE.NFO,2025-05-19,14:41:00,2025-05-29,5.8,5.8,5.8,5.8,0,2430,0
BANKNIFTY29MAY2546100PE.NFO,2025-05-19,14:42:00,2025-05-29,5.8,5.8,5.8,5.8,0,2430,1
BANKNIFTY29MAY2546100PE.NFO,2025-05-19,14:43:00,2025-05-29,5.8,5.8,5.8,5.8,0,2430,0
BANKNIFTY29MAY2546100PE.NFO,2025-05-19,14:44:00,2025-05-29,5.8,5.8,5.8,5.8,30,2400,0
BANKNIFTY29MAY2546100PE.NFO,2025-05-19,14:45:00,2025-05-29,5.8,5.8,5.8,5.8,0,2400,0
BANKNIFTY29MAY2546100PE.NFO,2025-05-19,14:46:00,2025-05-29,5.8,5.8,5.8,5.8,0,2400,0
BANKNIFTY29MAY2546100PE.NFO,2025-05-19,14:47:00,2025-05-29,5.8,5.8,5.8,5.8,0,2400,0
BANKNIFTY29MAY2546100PE.NFO,2025-05-19,14:48:00,2025-05-29,5.8,5.8,5.8,5.8,0,2400,0
BANKNIFTY29MAY2546100PE.NFO,2025-05-19,14:49:00,2025-05-29,5.8,5.8,5.8,5.8,0,2400,0
BANKNIFTY29MAY2546100PE.NFO,2025-05-19,14:50:00,2025-05-29,5.8,5.8,5.8,5.8,0,2400,0
BANKNIFTY29MAY2546100PE.NFO,2025-05-19,14:51:00,2025-05-29,5.8,5.8,5.8,5.8,0,2400,0
BANKNIFTY29MAY2546100PE.NFO,2025-05-19,14:52:00,2025-05-29,5.8,5.8,5.8,5.8,0,2400,1
BANKNIFTY29MAY2546100PE.NFO,2025-05-19,14:53:00,2025-05-29,5.8,5.8,5.8,5.8,0,2400,1
BANKNIFTY29MAY2546100PE.NFO,2025-05-19,14:54:00,2025-05-29,5.8,5.8,5.8,5.8,0,2400,0
BANKNIFTY29MAY2546100PE.NFO,2025-05-19,14:55:00,2025-05-29,5.8,5.8,5.8,5.8,0,2400,0
BANKNIFTY29MAY2546100PE.NFO,2025-05-19,14:56:00,2025-05-29,5.8,5.8,5.8,5.8,0,2400,0
BANKNIFTY29MAY2546100PE.NFO,2025-05-19,14:57:00,2025-05-29,5.8,5.8,5.8,5.8,0,2400,0
BANKNIFTY29MAY2546100PE.NFO,2025-05-19,14:58:00,2025-05-29,5.8,5.8,5.8,5.8,0,2400,1
BANKNIFTY29MAY2546100PE.NFO,2025-05-19,14:59:00,2025-05-29,5.8,5.8,5.8,5.8,0,2400,0
BANKNIFTY29MAY2546100PE.NFO,2025-05-19,15:00:00,2025-05-29,5.8,5.8,5.8,5.8,0,2400,0
BANKNIFTY29MAY2546100PE.NFO,2025-05-19,15:01:00,2025-05-29,5.8,5.8,5.8,5.8,0,2400,0
BANKNIFTY29MAY2546100PE.NFO,2025-05-19,15:02:00,2025-05-29,5.8,5.8,5.55,5.55,60,2430,0
BANKNIFTY29MAY2546100PE.NFO,2025-05-19,15:03:00,2025-05-29,5.55,5.55,5.55,5.55,0,2430,0
BANKNIFTY29MAY2546100PE.NFO,2025-05-19,15:04:00,2025-05-29,5.55,6.25,5.55,6.25,60,2430,0
BANKNIFTY29MAY2546100PE.NFO,2025-05-19,15:05:00,2025-05-29,6.25,6.25,6.25,6.25,0,2430,0
BANKNIFTY29MAY2546100PE.NFO,2025-05-19,15:06:00,2025-05-29,6.25,6.25,6.25,6.25,0,2430,0
BANKNIFTY29MAY2546100PE.NFO,2025-05-19,15:07:00,2025-05-29,6.25,6.25,6.25,6.25,0,2430,0
BANKNIFTY29MAY2546100PE.NFO,2025-05-19,15:08:00,2025-05-29,6.25,6.25,6.25,6.25,0,2430,0
BANKNIFTY29MAY2546100PE.NFO,2025-05-19,15:09:00,2025-05-29,6.25,6.25,6.25,6.25,0,2430,1
BANKNIFTY29MAY2546100PE.NFO,2025-05-19,15:10:00,2025-05-29,6.25,6.25,6.25,6.25,0,2430,1
BANKNIFTY29MAY2546100PE.NFO,2025-05-19,15:11:00,2025-05-29,6.25,6.25,6.25,6.25,0,2430,0
BANKNIFTY29MAY2546100PE.NFO,2025-05-19,15:12:00,2025-05-29,6.25,6.25,6.25,6.25,0,2430,1
BANKNIFTY29MAY2546100PE.NFO,2025-05-19,15:13:00,2025-05-29,6.25,6.25,6.25,6.25,0,2430,1
BANKNIFTY29MAY2546100PE.NFO,2025-05-19,15:14:00,2025-05-29,6.25,6.25,6.25,6.25,0,2430,1
BANKNIFTY29MAY2546100PE.NFO,2025-05-19,15:15:00,2025-05-29,6.25,6.25,6.25,6.25,0,2430,1
BANKNIFTY29MAY2546100PE.NFO,2025-05-19,15:16:00,2025-05-29,6.25,6.25,6.25,6.25,0,2430,1
BANKNIFTY29MAY2546100PE.NFO,2025-05-19,15:17:00,2025-05-29,6.25,6.25,6.25,6.25,0,2430,1
BANKNIFTY29MAY2546100PE.NFO,2025-05-19,15:18:00,2025-05-29,6.25,6.25,6.25,6.25,0,2430,1
BANKNIFTY29MAY2546100PE.NFO,2025-05-19,15:19:00,2025-05-29,6.25,6.25,6.25,6.25,0,2430,1
BANKNIFTY29MAY2546100PE.NFO,2025-05-19,15:20:00,2025-05-29,6.25,6.25,6.25,6.25,0,2430,0
BANKNIFTY29MAY2546100PE.NFO,2025-05-19,15:21:00,2025-05-29,6.25,6.25,6.25,6.25,0,2430,1
BANKNIFTY29MAY2546100PE.NFO,2025-05-19,15:22:00,2025-05-29,6.25,6.25,6.25,6.25,0,2430,0
BANKNIFTY29MAY2546100PE.NFO,2025-05-19,15:23:00,2025-05-29,6.25,6.25,6.25,6.25,0,2430,0
BANKNIFTY29MAY2546100PE.NFO,2025-05-19,15:24:00,2025-05-29,6.75,6.75,6.75,6.75,90,2370,0
BANKNIFTY29MAY2546100PE.NFO,2025-05-19,15:25:00,2025-05-29,6.75,6.75,6.75,6.75,0,2370,0
BANKNIFTY29MAY2546100PE.NFO,2025-05-19,15:26:00,2025-05-29,6.75,6.75,6.75,6.75,0,2370,0
BANKNIFTY29MAY2546100PE.NFO,2025-05-19,15:27:00,2025-05-29,6.75,6.75,6.75,6.75,0,2370,0
BANKNIFTY29MAY2546100PE.NFO,2025-05-19,15:28:00,2025-05-29,6.75,6.75,6.75,6.75,0,2370,0
BANKNIFTY29MAY2546100PE.NFO,2025-05-19,15:29:00,2025-05-29,6.75,6.75,6.75,6.75,0,2370,0
BANKNIFTY29MAY2546100PE.NFO,2025-05-19,15:30:00,2025-05-29,6.75,6.75,6.75,6.75,0,2370,1
BANKNIFTY29MAY2546100PE.NFO,2025-05-20,09:15:00,2025-05-29,6.3,6.3,6.3,6.3,0,2280,1
BANKNIFTY29MAY2546100PE.NFO,2025-05-20,09:16:00,2025-05-29,6.3,6.3,6.3,6.3,0,2280,1
BANKNIFTY29MAY2546100PE.NFO,2025-05-20,09:17:00,2025-05-29,6.3,6.3,6.3,6.3,0,2280,1
BANKNIFTY29MAY2546100PE.NFO,2025-05-20,09:18:00,2025-05-29,6.3,6.3,6.3,6.3,0,2280,1
BANKNIFTY29MAY2546100PE.NFO,2025-05-20,09:19:00,2025-05-29,6.3,6.3,6.3,6.3,0,2280,1
BANKNIFTY29MAY2546100PE.NFO,2025-05-20,09:20:00,2025-05-29,6.3,6.3,6.3,6.3,0,2280,1
BANKNIFTY29MAY2546100PE.NFO,2025-05-20,09:21:00,2025-05-29,6.3,6.3,6.3,6.3,0,2280,1
BANKNIFTY29MAY2546100PE.NFO,2025-05-20,09:22:00,2025-05-29,6.3,6.3,6.3,6.3,0,2280,0
BANKNIFTY29MAY2546100PE.NFO,2025-05-20,09:23:00,2025-05-29,6.3,6.3,6.3,6.3,0,2280,0
BANKNIFTY29MAY2546100PE.NFO,2025-05-20,09:24:00,2025-05-29,6.3,6.3,6.3,6.3,0,2280,0
BANKNIFTY29MAY2546100PE.NFO,2025-05-20,09:25:00,2025-05-29,7.7,7.7,7.7,7.7,90,2310,0
BANKNIFTY29MAY2546100PE.NFO,2025-05-20,09:26:00,2025-05-29,7.7,7.7,5.0,7.05,90,2310,0
BANKNIFTY29MAY2546100PE.NFO,2025-05-20,09:27:00,2025-05-29,7.05,7.05,7.05,7.05,0,2310,0
BANKNIFTY29MAY2546100PE.NFO,2025-05-20,09:28:00,2025-05-29,7.05,7.05,4.65,4.65,150,2310,0
BANKNIFTY29MAY2546100PE.NFO,2025-05-20,09:29:00,2025-05-29,4.65,4.65,4.65,4.65,0,2310,0
BANKNIFTY29MAY2546100PE.NFO,2025-05-20,09:30:00,2025-05-29,4.65,4.65,4.65,4.65,0,2310,0
BANKNIFTY29MAY2546100PE.NFO,2025-05-20,09:31:00,2025-05-29,4.65,4.65,4.65,4.65,0,2310,0
BANKNIFTY29MAY2546100PE.NFO,2025-05-20,09:32:00,2025-05-29,4.65,4.65,4.65,4.65,0,2310,0
BANKNIFTY29MAY2546100PE.NFO,2025-05-20,09:33:00,2025-05-29,4.65,4.65,4.65,4.65,0,2310,0
BANKNIFTY29MAY2546100PE.NFO,2025-05-20,09:34:00,2025-05-29,4.75,5.65,4.75,5.65,90,2430,0
BANKNIFTY29MAY2546100PE.NFO,2025-05-20,09:35:00,2025-05-29,5.65,5.65,5.65,5.65,0,2430,0
BANKNIFTY29MAY2546100PE.NFO,2025-05-20,09:36:00,2025-05-29,5.65,6.3,5.65,6.3,60,2490,0
BANKNIFTY29MAY2546100PE.NFO,2025-05-20,09:37:00,2025-05-29,6.3,6.3,6.3,6.3,0,2490,0
BANKNIFTY29MAY2546100PE.NFO,2025-05-20,09:38:00,2025-05-29,6.3,6.3,6.3,6.3,0,2490,0
BANKNIFTY29MAY2546100PE.NFO,2025-05-20,09:39:00,2025-05-29,6.3,6.3,6.3,6.3,0,2490,0
BANKNIFTY29MAY2546100PE.NFO,2025-05-20,09:40:00,2025-05-29,6.3,6.3,6.3,6.3,0,2490,0
BANKNIFTY29MAY2546100PE.NFO,2025-05-20,09:41:00,2025-05-29,6.3,6.3,6.3,6.3,0,2490,0
BANKNIFTY29MAY2546100PE.NFO,2025-05-20,09:42:00,2025-05-29,6.3,6.3,6.3,6.3,0,2490,0
BANKNIFTY29MAY2546100PE.NFO,2025-05-20,09:43:00,2025-05-29,6.3,6.3,6.3,6.3,0,2490,0
BANKNIFTY29MAY2546100PE.NFO,2025-05-20,09:44:00,2025-05-29,6.3,6.3,6.3,6.3,0,2490,0
BANKNIFTY29MAY2546100PE.NFO,2025-05-20,09:45:00,2025-05-29,6.3,6.3,6.3,6.3,0,2490,0
BANKNIFTY29MAY2546100PE.NFO,2025-05-20,09:46:00,2025-05-29,6.3,6.3,6.3,6.3,0,2490,0
BANKNIFTY29MAY2546100PE.NFO,2025-05-20,09:47:00,2025-05-29,6.3,6.3,6.3,6.3,0,2490,0
BANKNIFTY29MAY2546100PE.NFO,2025-05-20,09:48:00,2025-05-29,6.3,6.3,6.3,6.3,0,2490,0
BANKNIFTY29MAY2546100PE.NFO,2025-05-20,09:49:00,2025-05-29,6.3,6.3,6.3,6.3,0,2490,0
BANKNIFTY29MAY2546100PE.NFO,2025-05-20,09:50:00,2025-05-29,6.3,6.3,6.3,6.3,0,2490,0
BANKNIFTY29MAY2546100PE.NFO,2025-05-20,09:51:00,2025-05-29,6.3,6.3,6.3,6.3,0,2490,1
BANKNIFTY29MAY2546100PE.NFO,2025-05-20,09:52:00,2025-05-29,6.3,6.3,6.3,6.3,0,2490,0
BANKNIFTY29MAY2546100PE.NFO,2025-05-20,09:53:00,2025-05-29,6.3,7.95,6.3,6.3,60,2430,0
BANKNIFTY29MAY2546100PE.NFO,2025-05-20,09:54:00,2025-05-29,6.3,6.3,6.3,6.3,0,2430,0
BANKNIFTY29MAY2546100PE.NFO,2025-05-20,09:55:00,2025-05-29,6.3,6.3,6.3,6.3,0,2430,0
BANKNIFTY29MAY2546100PE.NFO,2025-05-20,09:56:00,2025-05-29,6.3,6.3,6.3,6.3,0,2430,0
BANKNIFTY29MAY2546100PE.NFO,2025-05-20,09:57:00,2025-05-29,6.3,6.3,6.3,6.3,0,2430,0
BANKNIFTY29MAY2546100PE.NFO,2025-05-20,09:58:00,2025-05-29,6.3,6.3,6.3,6.3,0,2430,0
BANKNIFTY29MAY2546100PE.NFO,2025-05-20,09:59:00,2025-05-29,6.3,6.3,6.3,6.3,0,2430,0
BANKNIFTY29MAY2546100PE.NFO,2025-05-20,10:00:00,2025-05-29,6.3,6.3,6.3,6.3,0,2430,1
BANKNIFTY29MAY2546100PE.NFO,2025-05-20,10:01:00,2025-05-29,6.3,6.3,6.3,6.3,0,2430,1
BANKNIFTY29MAY2546100PE.NFO,2025-05-20,10:02:00,2025-05-29,6.3,6.3,6.3,6.3,0,2430,0
BANKNIFTY29MAY2546100PE.NFO,2025-05-20,10:03:00,2025-05-29,6.3,6.3,6.3,6.3,0,2430,1
BANKNIFTY29MAY2546100PE.NFO,2025-05-20,10:04:00,2025-05-29,6.3,6.3,6.3,6.3,0,2430,1
BANKNIFTY29MAY2546100PE.NFO,2025-05-20,10:05:00,2025-05-29,6.3,6.3,6.3,6.3,0,2430,0
BANKNIFTY29MAY2546100PE.NFO,2025-05-20,10:06:00,2025-05-29,6.3,6.3,6.3,6.3,0,2430,0
BANKNIFTY29MAY2546100PE.NFO,2025-05-20,10:07:00,2025-05-29,6.3,6.3,6.3,6.3,0,2430,0
BANKNIFTY29MAY2546100PE.NFO,2025-05-20,10:08:00,2025-05-29,6.3,6.3,6.3,6.3,0,2430,1
BANKNIFTY29MAY2546100PE.NFO,2025-05-20,10:09:00,2025-05-29,6.3,6.3,6.3,6.3,0,2430,0
BANKNIFTY29MAY2546100PE.NFO,2025-05-20,10:10:00,2025-05-29,6.3,6.3,6.3,6.3,0,2430,1
BANKNIFTY29MAY2546100PE.NFO,2025-05-20,10:11:00,2025-05-29,6.3,6.3,6.3,6.3,0,2430,0
BANKNIFTY29MAY2546100PE.NFO,2025-05-20,10:12:00,2025-05-29,6.3,6.3,6.3,6.3,0,2430,0
BANKNIFTY29MAY2546100PE.NFO,2025-05-20,10:13:00,2025-05-29,6.3,6.3,6.3,6.3,0,2430,1
BANKNIFTY29MAY2546100PE.NFO,2025-05-20,10:14:00,2025-05-29,6.3,6.3,6.3,6.3,0,2430,1
BANKNIFTY29MAY2546100PE.NFO,2025-05-20,10:15:00,2025-05-29,6.3,6.3,6.3,6.3,0,2430,1
BANKNIFTY29MAY2546100PE.NFO,2025-05-20,10:16:00,2025-05-29,6.3,6.3,6.3,6.3,0,2430,1
BANKNIFTY29MAY2546100PE.NFO,2025-05-20,10:17:00,2025-05-29,6.3,6.3,6.3,6.3,0,2430,1
BANKNIFTY29MAY2546100PE.NFO,2025-05-20,10:18:00,2025-05-29,6.3,6.3,6.3,6.3,0,2430,1
BANKNIFTY29MAY2546100PE.NFO,2025-05-20,10:19:00,2025-05-29,6.3,6.3,6.3,6.3,0,2430,1
BANKNIFTY29MAY2546100PE.NFO,2025-05-20,10:20:00,2025-05-29,6.3,6.3,6.3,6.3,0,2430,1
BANKNIFTY29MAY2546100PE.NFO,2025-05-20,10:21:00,2025-05-29,6.3,6.3,6.3,6.3,0,2430,0
BANKNIFTY29MAY2546100PE.NFO,2025-05-20,10:22:00,2025-05-29,6.3,6.3,6.3,6.3,0,2430,1
BANKNIFTY29MAY2546100PE.NFO,2025-05-20,10:23:00,2025-05-29,6.3,6.3,6.3,6.3,0,2430,1
BANKNIFTY29MAY2546100PE.NFO,2025-05-20,10:24:00,2025-05-29,6.3,6.3,6.3,6.3,0,2430,0
BANKNIFTY29MAY2546100PE.NFO,2025-05-20,10:25:00,2025-05-29,6.3,6.3,6.3,6.3,0,2430,0
BANKNIFTY29MAY2546100PE.NFO,2025-05-20,10:26:00,2025-05-29,6.3,6.3,6.3,6.3,0,2430,0
BANKNIFTY29MAY2546100PE.NFO,2025-05-20,10:27:00,2025-05-29,6.95,6.95,6.1,6.1,300,2460,0
BANKNIFTY29MAY2546100PE.NFO,2025-05-20,10:28:00,2025-05-29,6.1,6.1,6.1,6.1,0,2460,0
BANKNIFTY29MAY2546100PE.NFO,2025-05-20,10:29:00,2025-05-29,6.1,6.1,6.1,6.1,0,2460,0
BANKNIFTY29MAY2546100PE.NFO,2025-05-20,10:30:00,2025-05-29,6.1,6.1,6.1,6.1,0,2460,0
BANKNIFTY29MAY2546100PE.NFO,2025-05-20,10:31:00,2025-05-29,6.1,6.1,6.1,6.1,0,2460,0
BANKNIFTY29MAY2546100PE.NFO,2025-05-20,10:32:00,2025-05-29,6.1,6.1,6.1,6.1,0,2460,0
BANKNIFTY29MAY2546100PE.NFO,2025-05-20,10:33:00,2025-05-29,6.1,6.1,6.1,6.1,0,2460,0
BANKNIFTY29MAY2546100PE.NFO,2025-05-20,10:34:00,2025-05-29,6.1,6.1,6.1,6.1,0,2460,1
BANKNIFTY29MAY2546100PE.NFO,2025-05-20,10:35:00,2025-05-29,6.1,6.1,6.1,6.1,0,2460,0
BANKNIFTY29MAY2546100PE.NFO,2025-05-20,10:36:00,2025-05-29,6.1,6.1,6.1,6.1,0,2460,0
BANKNIFTY29MAY2546100PE.NFO,2025-05-20,10:37:00,2025-05-29,6.1,6.1,6.1,6.1,0,2460,0
BANKNIFTY29MAY2546100PE.NFO,2025-05-20,10:38:00,2025-05-29,5.65,6.4,5.65,6.4,0,2670,0
BANKNIFTY29MAY2546100PE.NFO,2025-05-20,10:39:00,2025-05-29,6.4,6.4,5.85,6.35,480,2670,0
BANKNIFTY29MAY2546100PE.NFO,2025-05-20,10:40:00,2025-05-29,6.35,6.35,6.35,6.35,0,2670,0
BANKNIFTY29MAY2546100PE.NFO,2025-05-20,10:41:00,2025-05-29,6.35,6.35,6.35,6.35,0,2670,0
BANKNIFTY29MAY2546100PE.NFO,2025-05-20,10:42:00,2025-05-29,6.35,6.35,6.35,6.35,0,2670,0
BANKNIFTY29MAY2546100PE.NFO,2025-05-20,10:43:00,2025-05-29,6.35,6.35,6.35,6.35,0,2670,0
BANKNIFTY29MAY2546100PE.NFO,2025-05-20,10:44:00,2025-05-29,6.35,6.35,6.35,6.35,0,2670,0
BANKNIFTY29MAY2546100PE.NFO,2025-05-20,10:45:00,2025-05-29,6.35,6.35,6.35,6.35,0,2670,0
BANKNIFTY29MAY2546100PE.NFO,2025-05-20,10:46:00,2025-05-29,6.35,6.35,6.35,6.35,0,2670,0
BANKNIFTY29MAY2546100PE.NFO,2025-05-20,10:47:00,2025-05-29,6.35,6.35,6.35,6.35,0,2670,0
BANKNIFTY29MAY2546100PE.NFO,2025-05-20,10:48:00,2025-05-29,6.35,6.35,6.35,6.35,0,2670,1
BANKNIFTY29MAY2546100PE.NFO,2025-05-20,10:49:00,2025-05-29,6.35,6.35,6.35,6.35,0,2670,0
BANKNIFTY29MAY2546100PE.NFO,2025-05-20,10:50:00,2025-05-29,6.35,6.35,6.35,6.35,0,2670,0
BANKNIFTY29MAY2546100PE.NFO,2025-05-20,10:51:00,2025-05-29,6.35,6.35,6.35,6.35,0,2670,1
BANKNIFTY29MAY2546100PE.NFO,2025-05-20,10:52:00,2025-05-29,6.35,6.35,6.35,6.35,0,2670,1
BANKNIFTY29MAY2546100PE.NFO,2025-05-20,10:53:00,2025-05-29,6.35,6.35,6.35,6.35,0,2670,0
BANKNIFTY29MAY2546100PE.NFO,2025-05-20,10:54:00,2025-05-29,6.35,6.35,6.35,6.35,0,2670,0
BANKNIFTY29MAY2546100PE.NFO,2025-05-20,10:55:00,2025-05-29,6.35,6.35,6.35,6.35,0,2670,0
BANKNIFTY29MAY2546100PE.NFO,2025-05-20,10:56:00,2025-05-29,6.35,6.35,6.35,6.35,0,2670,0
BANKNIFTY29MAY2546100PE.NFO,2025-05-20,10:57:00,2025-05-29,6.35,6.35,6.35,6.35,0,2670,0
BANKNIFTY29MAY2546100PE.NFO,2025-05-20,10:58:00,2025-05-29,6.35,6.35,6.35,6.35,0,2670,0
BANKNIFTY29MAY2546100PE.NFO,2025-05-20,10:59:00,2025-05-29,6.35,6.35,6.35,6.35,0,2670,0
BANKNIFTY29MAY2546100PE.NFO,2025-05-20,11:00:00,2025-05-29,6.35,6.35,5.7,5.7,150,2520,0
BANKNIFTY29MAY2546100PE.NFO,2025-05-20,11:01:00,2025-05-29,6.3,6.3,6.3,6.3,90,2610,0
BANKNIFTY29MAY2546100PE.NFO,2025-05-20,11:02:00,2025-05-29,6.3,6.3,6.3,6.3,0,2610,0
BANKNIFTY29MAY2546100PE.NFO,2025-05-20,11:03:00,2025-05-29,6.3,6.3,6.3,6.3,0,2610,0
BANKNIFTY29MAY2546100PE.NFO,2025-05-20,11:04:00,2025-05-29,6.3,6.3,6.3,6.3,0,2610,0
BANKNIFTY29MAY2546100PE.NFO,2025-05-20,11:05:00,2025-05-29,6.3,6.3,6.3,6.3,0,2610,1
BANKNIFTY29MAY2546100PE.NFO,2025-05-20,11:06:00,2025-05-29,6.3,6.3,6.3,6.3,0,2610,0
BANKNIFTY29MAY2546100PE.NFO,2025-05-20,11:07:00,2025-05-29,6.3,6.3,6.3,6.3,0,2610,1
BANKNIFTY29MAY2546100PE.NFO,2025-05-20,11:08:00,2025-05-29,6.3,6.3,6.3,6.3,0,2610,0
BANKNIFTY29MAY2546100PE.NFO,2025-05-20,11:09:00,2025-05-29,6.3,6.3,6.3,6.3,0,2610,0
BANKNIFTY29MAY2546100PE.NFO,2025-05-20,11:10:00,2025-05-29,6.3,6.3,6.3,6.3,0,2610,1
BANKNIFTY29MAY2546100PE.NFO,2025-05-20,11:11:00,2025-05-29,6.3,6.3,6.3,6.3,0,2610,0
BANKNIFTY29MAY2546100PE.NFO,2025-05-20,11:12:00,2025-05-29,6.3,6.3,6.3,6.3,0,2610,0
BANKNIFTY29MAY2546100PE.NFO,2025-05-20,11:13:00,2025-05-29,6.3,6.3,6.3,6.3,0,2610,1
BANKNIFTY29MAY2546100PE.NFO,2025-05-20,11:14:00,2025-05-29,6.3,6.3,6.3,6.3,0,2610,1
BANKNIFTY29MAY2546100PE.NFO,2025-05-20,11:15:00,2025-05-29,6.3,6.3,6.3,6.3,0,2610,1
BANKNIFTY29MAY2546100PE.NFO,2025-05-20,11:16:00,2025-05-29,6.3,6.3,6.3,6.3,0,2610,0
BANKNIFTY29MAY2546100PE.NFO,2025-05-20,11:17:00,2025-05-29,6.3,6.3,6.3,6.3,0,2610,0
BANKNIFTY29MAY2546100PE.NFO,2025-05-20,11:18:00,2025-05-29,6.3,6.3,6.3,6.3,0,2610,0
BANKNIFTY29MAY2546100PE.NFO,2025-05-20,11:19:00,2025-05-29,6.3,6.3,6.3,6.3,0,2610,1
BANKNIFTY29MAY2546100PE.NFO,2025-05-20,11:20:00,2025-05-29,6.3,6.3,6.3,6.3,0,2610,1
BANKNIFTY29MAY2546100PE.NFO,2025-05-20,11:21:00,2025-05-29,6.3,6.3,6.3,6.3,0,2610,1
BANKNIFTY29MAY2546100PE.NFO,2025-05-20,11:22:00,2025-05-29,6.3,6.3,6.3,6.3,0,2610,1
BANKNIFTY29MAY2546100PE.NFO,2025-05-20,11:23:00,2025-05-29,6.3,6.3,6.3,6.3,0,2610,1
BANKNIFTY29MAY2546100PE.NFO,2025-05-20,11:24:00,2025-05-29,6.3,6.3,6.3,6.3,0,2610,1
BANKNIFTY29MAY2546100PE.NFO,2025-05-20,11:25:00,2025-05-29,6.3,6.3,6.3,6.3,0,2610,1
BANKNIFTY29MAY2546100PE.NFO,2025-05-20,11:26:00,2025-05-29,6.3,6.3,6.3,6.3,0,2610,1
BANKNIFTY29MAY2546100PE.NFO,2025-05-20,11:27:00,2025-05-29,6.3,6.3,6.3,6.3,0,2610,1
BANKNIFTY29MAY2546100PE.NFO,2025-05-20,11:28:00,2025-05-29,6.3,6.3,6.3,6.3,0,2610,0
BANKNIFTY29MAY2546100PE.NFO,2025-05-20,11:29:00,2025-05-29,6.3,6.3,6.3,6.3,0,2610,1
BANKNIFTY29MAY2546100PE.NFO,2025-05-20,11:30:00,2025-05-29,6.3,6.3,6.3,6.3,0,2610,0
BANKNIFTY29MAY2546100PE.NFO,2025-05-20,11:31:00,2025-05-29,6.3,6.3,6.3,6.3,0,2610,0
BANKNIFTY29MAY2546100PE.NFO,2025-05-20,11:32:00,2025-05-29,6.3,6.3,6.3,6.3,0,2610,1
BANKNIFTY29MAY2546100PE.NFO,2025-05-20,11:33:00,2025-05-29,6.3,6.3,6.3,6.3,0,2610,1
BANKNIFTY29MAY2546100PE.NFO,2025-05-20,11:34:00,2025-05-29,6.3,6.3,6.3,6.3,0,2610,1
BANKNIFTY29MAY2546100PE.NFO,2025-05-20,11:35:00,2025-05-29,6.3,6.3,6.3,6.3,0,2610,1
BANKNIFTY29MAY2546100PE.NFO,2025-05-20,11:36:00,2025-05-29,6.3,6.3,6.3,6.3,0,2610,1
BANKNIFTY29MAY2546100PE.NFO,2025-05-20,11:37:00,2025-05-29,6.3,6.3,6.3,6.3,0,2610,1
BANKNIFTY29MAY2546100PE.NFO,2025-05-20,11:38:00,2025-05-29,6.3,6.3,6.3,6.3,0,2610,0
BANKNIFTY29MAY2546100PE.NFO,2025-05-20,11:39:00,2025-05-29,6.3,6.3,6.3,6.3,0,2610,0
BANKNIFTY29MAY2546100PE.NFO,2025-05-20,11:40:00,2025-05-29,6.3,6.3,6.3,6.3,0,2610,1
BANKNIFTY29MAY2546100PE.NFO,2025-05-20,11:41:00,2025-05-29,6.3,6.3,6.3,6.3,0,2610,1
BANKNIFTY29MAY2546100PE.NFO,2025-05-20,11:42:00,2025-05-29,6.3,6.3,6.3,6.3,0,2610,0
BANKNIFTY29MAY2546100PE.NFO,2025-05-20,11:43:00,2025-05-29,5.5,5.5,5.5,5.5,30,2700,0
BANKNIFTY29MAY2546100PE.NFO,2025-05-20,11:44:00,2025-05-29,5.5,5.5,5.5,5.5,0,2700,0
BANKNIFTY29MAY2546100PE.NFO,2025-05-20,11:45:00,2025-05-29,5.5,5.5,5.5,5.5,0,2700,0
BANKNIFTY29MAY2546100PE.NFO,2025-05-20,11:46:00,2025-05-29,5.5,5.5,5.5,5.5,0,2700,0
BANKNIFTY29MAY2546100PE.NFO,2025-05-20,11:47:00,2025-05-29,5.5,5.5,5.5,5.5,0,2700,0
BANKNIFTY29MAY2546100PE.NFO,2025-05-20,11:48:00,2025-05-29,5.5,5.5,5.5,5.5,0,2700,0
BANKNIFTY29MAY2546100PE.NFO,2025-05-20,11:49:00,2025-05-29,5.5,5.5,5.5,5.5,0,2700,1
BANKNIFTY29MAY2546100PE.NFO,2025-05-20,11:50:00,2025-05-29,5.5,5.5,5.5,5.5,0,2700,1
BANKNIFTY29MAY2546100PE.NFO,2025-05-20,11:51:00,2025-05-29,5.5,5.5,5.5,5.5,0,2700,0
BANKNIFTY29MAY2546100PE.NFO,2025-05-20,11:52:00,2025-05-29,5.5,5.5,5.5,5.5,0,2700,1
BANKNIFTY29MAY2546100PE.NFO,2025-05-20,11:53:00,2025-05-29,5.5,5.5,5.5,5.5,0,2700,0
BANKNIFTY29MAY2546100PE.NFO,2025-05-20,11:54:00,2025-05-29,5.5,5.5,5.5,5.5,0,2700,0
BANKNIFTY29MAY2546100PE.NFO,2025-05-20,11:55:00,2025-05-29,5.5,5.5,5.5,5.5,0,2700,1
BANKNIFTY29MAY2546100PE.NFO,2025-05-20,11:56:00,2025-05-29,5.5,5.5,5.5,5.5,0,2700,0
BANKNIFTY29MAY2546100PE.NFO,2025-05-20,11:57:00,2025-05-29,5.5,5.5,5.5,5.5,0,2700,1
BANKNIFTY29MAY2546100PE.NFO,2025-05-20,11:58:00,2025-05-29,5.5,5.5,5.5,5.5,0,2700,0
BANKNIFTY29MAY2546100PE.NFO,2025-05-20,11:59:00,2025-05-29,5.5,5.5,5.5,5.5,0,2700,0
BANKNIFTY29MAY2546100PE.NFO,2025-05-20,12:00:00,2025-05-29,5.5,5.5,5.5,5.5,0,2700,1
BANKNIFTY29MAY2546100PE.NFO,2025-05-20,12:01:00,2025-05-29,5.5,5.5,5.5,5.5,0,2700,1
BANKNIFTY29MAY2546100PE.NFO,2025-05-20,12:02:00,2025-05-29,5.5,5.5,5.5,5.5,0,2700,1
BANKNIFTY29MAY2546100PE.NFO,2025-05-20,12:03:00,2025-05-29,5.5,5.5,5.5,5.5,0,2700,0
BANKNIFTY29MAY2546100PE.NFO,2025-05-20,12:04:00,2025-05-29,5.5,5.5,5.5,5.5,0,2700,1
BANKNIFTY29MAY2546100PE.NFO,2025-05-20,12:05:00,2025-05-29,5.5,5.5,5.5,5.5,0,2700,0
BANKNIFTY29MAY2546100PE.NFO,2025-05-20,12:06:00,2025-05-29,5.5,5.5,5.5,5.5,0,2700,1
BANKNIFTY29MAY2546100PE.NFO,2025-05-20,12:07:00,2025-05-29,5.5,5.5,5.5,5.5,0,2700,1
BANKNIFTY29MAY2546100PE.NFO,2025-05-20,12:08:00,2025-05-29,5.5,5.5,5.5,5.5,0,2700,0
BANKNIFTY29MAY2546100PE.NFO,2025-05-20,12:09:00,2025-05-29,6.45,6.45,6.45,6.45,0,2730,0
BANKNIFTY29MAY2546100PE.NFO,2025-05-20,12:10:00,2025-05-29,6.45,6.65,6.45,6.65,60,2760,0
BANKNIFTY29MAY2546100PE.NFO,2025-05-20,12:11:00,2025-05-29,6.65,6.65,6.65,6.65,0,2760,0
BANKNIFTY29MAY2546100PE.NFO,2025-05-20,12:12:00,2025-05-29,6.65,6.65,6.65,6.65,0,2760,0
BANKNIFTY29MAY2546100PE.NFO,2025-05-20,12:13:00,2025-05-29,6.65,6.65,6.65,6.65,0,2760,0
BANKNIFTY29MAY2546100PE.NFO,2025-05-20,12:14:00,2025-05-29,6.65,6.65,6.65,6.65,0,2760,1
BANKNIFTY29MAY2546100PE.NFO,2025-05-20,12:15:00,2025-05-29,5.2,5.2,5.2,5.2,30,2760,0
BANKNIFTY29MAY2546100PE.NFO,2025-05-20,12:16:00,2025-05-29,5.2,5.2,5.2,5.2,0,2760,0
BANKNIFTY29MAY2546100PE.NFO,2025-05-20,12:17:00,2025-05-29,5.2,5.2,5.2,5.2,0,2760,0
BANKNIFTY29MAY2546100PE.NFO,2025-05-20,12:18:00,2025-05-29,5.2,5.2,5.2,5.2,0,2760,0
BANKNIFTY29MAY2546100PE.NFO,2025-05-20,12:19:00,2025-05-29,5.2,5.2,5.2,5.2,0,2760,0
BANKNIFTY29MAY2546100PE.NFO,2025-05-20,12:20:00,2025-05-29,5.2,5.2,5.2,5.2,0,2760,0
BANKNIFTY29MAY2546100PE.NFO,2025-05-20,12:21:00,2025-05-29,5.2,5.2,5.2,5.2,0,2760,1
BANKNIFTY29MAY2546100PE.NFO,2025-05-20,12:22:00,2025-05-29,4.75,4.75,4.75,4.75,30,2760,0
BANKNIFTY29MAY2546100PE.NFO,2025-05-20,12:23:00,2025-05-29,4.75,4.75,4.75,4.75,0,2760,0
BANKNIFTY29MAY2546100PE.NFO,2025-05-20,12:24:00,2025-05-29,4.75,4.75,4.75,4.75,0,2760,0
BANKNIFTY29MAY2546100PE.NFO,2025-05-20,12:25:00,2025-05-29,4.75,4.75,4.75,4.75,0,2760,1
BANKNIFTY29MAY2546100PE.NFO,2025-05-20,12:26:00,2025-05-29,4.75,4.75,4.75,4.75,0,2760,0
BANKNIFTY29MAY2546100PE.NFO,2025-05-20,12:27:00,2025-05-29,4.75,4.75,4.75,4.75,0,2760,0
BANKNIFTY29MAY2546100PE.NFO,2025-05-20,12:28:00,2025-05-29,4.75,4.75,4.75,4.75,0,2760,0
BANKNIFTY29MAY2546100PE.NFO,2025-05-20,12:29:00,2025-05-29,4.75,4.75,4.75,4.75,0,2760,1
BANKNIFTY29MAY2546100PE.NFO,2025-05-20,12:30:00,2025-05-29,4.75,4.75,4.75,4.75,0,2760,1
BANKNIFTY29MAY2546100PE.NFO,2025-05-20,12:31:00,2025-05-29,4.75,4.75,4.75,4.75,0,2760,0
BANKNIFTY29MAY2546100PE.NFO,2025-05-20,12:32:00,2025-05-29,4.75,4.75,4.75,4.75,0,2760,1
BANKNIFTY29MAY2546100PE.NFO,2025-05-20,12:33:00,2025-05-29,4.75,4.75,4.75,4.75,0,2760,1
BANKNIFTY29MAY2546100PE.NFO,2025-05-20,12:34:00,2025-05-29,4.75,4.75,4.75,4.75,0,2760,1
BANKNIFTY29MAY2546100PE.NFO,2025-05-20,12:35:00,2025-05-29,4.75,4.75,4.75,4.75,0,2760,1
BANKNIFTY29MAY2546100PE.NFO,2025-05-20,12:36:00,2025-05-29,4.75,4.75,4.75,4.75,0,2760,1
BANKNIFTY29MAY2546100PE.NFO,2025-05-20,12:37:00,2025-05-29,4.7,4.7,4.7,4.7,0,2760,0
BANKNIFTY29MAY2546100PE.NFO,2025-05-20,12:38:00,2025-05-29,4.7,5.6,4.7,5.6,1200,2760,0
BANKNIFTY29MAY2546100PE.NFO,2025-05-20,12:39:00,2025-05-29,5.6,5.6,5.6,5.6,0,2760,0
BANKNIFTY29MAY2546100PE.NFO,2025-05-20,12:40:00,2025-05-29,5.6,5.6,5.6,5.6,0,2760,0
BANKNIFTY29MAY2546100PE.NFO,2025-05-20,12:41:00,2025-05-29,5.6,5.6,5.6,5.6,0,2760,0
BANKNIFTY29MAY2546100PE.NFO,2025-05-20,12:42:00,2025-05-29,5.6,5.6,5.6,5.6,0,2760,0
BANKNIFTY29MAY2546100PE.NFO,2025-05-20,12:43:00,2025-05-29,5.6,5.6,5.6,5.6,0,2760,1
BANKNIFTY29MAY2546100PE.NFO,2025-05-20,12:44:00,2025-05-29,5.6,5.6,5.6,5.6,0,2760,0
BANKNIFTY29MAY2546100PE.NFO,2025-05-20,12:45:00,2025-05-29,5.6,5.6,5.6,5.6,0,2760,1
BANKNIFTY29MAY2546100PE.NFO,2025-05-20,12:46:00,2025-05-29,5.6,5.6,5.6,5.6,0,2760,1
BANKNIFTY29MAY2546100PE.NFO,2025-05-20,12:47:00,2025-05-29,5.6,5.6,5.6,5.6,0,2760,0
BANKNIFTY29MAY2546100PE.NFO,2025-05-20,12:48:00,2025-05-29,5.6,5.6,5.6,5.6,0,2760,0
BANKNIFTY29MAY2546100PE.NFO,2025-05-20,12:49:00,2025-05-29,5.6,5.6,5.6,5.6,0,2760,1
BANKNIFTY29MAY2546100PE.NFO,2025-05-20,12:50:00,2025-05-29,5.6,5.6,5.6,5.6,0,2760,1
BANKNIFTY29MAY2546100PE.NFO,2025-05-20,12:51:00,2025-05-29,5.6,5.6,5.6,5.6,0,2760,0
BANKNIFTY29MAY2546100PE.NFO,2025-05-20,12:52:00,2025-05-29,5.6,5.6,5.6,5.6,0,2760,0
BANKNIFTY29MAY2546100PE.NFO,2025-05-20,12:53:00,2025-05-29,5.6,5.6,5.6,5.6,0,2760,0
BANKNIFTY29MAY2546100PE.NFO,2025-05-20,12:54:00,2025-05-29,5.6,5.6,5.6,5.6,30,2370,0
BANKNIFTY29MAY2546100PE.NFO,2025-05-20,12:55:00,2025-05-29,5.6,5.6,5.6,5.6,0,2370,0
BANKNIFTY29MAY2546100PE.NFO,2025-05-20,12:56:00,2025-05-29,5.6,5.6,5.6,5.6,0,2370,0
BANKNIFTY29MAY2546100PE.NFO,2025-05-20,12:57:00,2025-05-29,5.6,5.6,5.6,5.6,0,2370,0
BANKNIFTY29MAY2546100PE.NFO,2025-05-20,12:58:00,2025-05-29,5.6,5.6,5.6,5.6,0,2370,1
BANKNIFTY29MAY2546100PE.NFO,2025-05-20,12:59:00,2025-05-29,5.6,5.6,5.6,5.6,0,2370,0
BANKNIFTY29MAY2546100PE.NFO,2025-05-20,13:00:00,2025-05-29,5.6,5.6,5.6,5.6,0,2370,0
BANKNIFTY29MAY2546100PE.NFO,2025-05-20,13:01:00,2025-05-29,5.6,5.6,5.6,5.6,0,2370,0
BANKNIFTY29MAY2546100PE.NFO,2025-05-20,13:02:00,2025-05-29,5.6,5.6,5.6,5.6,0,2370,0
BANKNIFTY29MAY2546100PE.NFO,2025-05-20,13:03:00,2025-05-29,5.6,5.6,5.6,5.6,0,2370,1
BANKNIFTY29MAY2546100PE.NFO,2025-05-20,13:04:00,2025-05-29,5.6,5.6,5.6,5.6,0,2370,1
BANKNIFTY29MAY2546100PE.NFO,2025-05-20,13:05:00,2025-05-29,5.6,5.6,5.6,5.6,0,2370,1
BANKNIFTY29MAY2546100PE.NFO,2025-05-20,13:06:00,2025-05-29,5.6,5.6,5.6,5.6,0,2370,1
BANKNIFTY29MAY2546100PE.NFO,2025-05-20,13:07:00,2025-05-29,4.95,4.95,4.95,4.95,30,2370,0
BANKNIFTY29MAY2546100PE.NFO,2025-05-20,13:08:00,2025-05-29,4.95,4.95,4.95,4.95,0,2370,0
BANKNIFTY29MAY2546100PE.NFO,2025-05-20,13:09:00,2025-05-29,4.95,4.95,4.95,4.95,0,2370,0
BANKNIFTY29MAY2546100PE.NFO,2025-05-20,13:10:00,2025-05-29,4.95,4.95,4.95,4.95,0,2370,0
BANKNIFTY29MAY2546100PE.NFO,2025-05-20,13:11:00,2025-05-29,4.95,4.95,4.95,4.95,0,2370,1
BANKNIFTY29MAY2546100PE.NFO,2025-05-20,13:12:00,2025-05-29,4.95,4.95,4.95,4.95,0,2370,1
BANKNIFTY29MAY2546100PE.NFO,2025-05-20,13:13:00,2025-05-29,4.95,5.6,4.95,5.6,30,2370,0
BANKNIFTY29MAY2546100PE.NFO,2025-05-20,13:14:00,2025-05-29,5.6,5.6,5.6,5.6,0,2370,0
BANKNIFTY29MAY2546100PE.NFO,2025-05-20,13:15:00,2025-05-29,5.6,5.6,5.6,5.6,0,2370,0
BANKNIFTY29MAY2546100PE.NFO,2025-05-20,13:16:00,2025-05-29,5.6,5.6,5.6,5.6,0,2370,0
BANKNIFTY29MAY2546100PE.NFO,2025-05-20,13:17:00,2025-05-29,5.6,5.6,5.6,5.6,0,2370,0
BANKNIFTY29MAY2546100PE.NFO,2025-05-20,13:18:00,2025-05-29,5.6,5.6,5.6,5.6,0,2370,0
BANKNIFTY29MAY2546100PE.NFO,2025-05-20,13:19:00,2025-05-29,5.6,5.6,5.6,5.6,0,2370,1
BANKNIFTY29MAY2546100PE.NFO,2025-05-20,13:20:00,2025-05-29,5.6,5.6,5.6,5.6,0,2370,1
BANKNIFTY29MAY2546100PE.NFO,2025-05-20,13:21:00,2025-05-29,5.6,5.6,5.6,5.6,0,2370,1
BANKNIFTY29MAY2546100PE.NFO,2025-05-20,13:22:00,2025-05-29,5.6,5.6,5.6,5.6,0,2370,1
BANKNIFTY29MAY2546100PE.NFO,2025-05-20,13:23:00,2025-05-29,5.6,5.6,5.6,5.6,0,2370,1
BANKNIFTY29MAY2546100PE.NFO,2025-05-20,13:24:00,2025-05-29,5.6,5.6,5.6,5.6,0,2370,1
BANKNIFTY29MAY2546100PE.NFO,2025-05-20,13:25:00,2025-05-29,5.6,5.6,5.6,5.6,0,2370,1
BANKNIFTY29MAY2546100PE.NFO,2025-05-20,13:26:00,2025-05-29,5.6,5.6,5.6,5.6,0,2370,1
BANKNIFTY29MAY2546100PE.NFO,2025-05-20,13:27:00,2025-05-29,5.6,5.6,5.6,5.6,0,2370,0
BANKNIFTY29MAY2546100PE.NFO,2025-05-20,13:28:00,2025-05-29,5.6,5.6,5.6,5.6,0,2370,0
BANKNIFTY29MAY2546100PE.NFO,2025-05-20,13:29:00,2025-05-29,5.6,5.6,5.6,5.6,0,2370,1
BANKNIFTY29MAY2546100PE.NFO,2025-05-20,13:30:00,2025-05-29,5.6,5.6,5.6,5.6,0,2370,1
BANKNIFTY29MAY2546100PE.NFO,2025-05-20,13:31:00,2025-05-29,5.6,5.6,5.6,5.6,0,2370,0
BANKNIFTY29MAY2546100PE.NFO,2025-05-20,13:32:00,2025-05-29,5.6,5.6,5.6,5.6,0,2370,1
BANKNIFTY29MAY2546100PE.NFO,2025-05-20,13:33:00,2025-05-29,5.6,5.6,5.6,5.6,0,2370,0
BANKNIFTY29MAY2546100PE.NFO,2025-05-20,13:34:00,2025-05-29,5.6,5.6,5.6,5.6,0,2370,1
BANKNIFTY29MAY2546100PE.NFO,2025-05-20,13:35:00,2025-05-29,5.6,5.6,5.6,5.6,0,2370,0
BANKNIFTY29MAY2546100PE.NFO,2025-05-20,13:36:00,2025-05-29,5.6,5.6,5.6,5.6,0,2370,0
BANKNIFTY29MAY2546100PE.NFO,2025-05-20,13:37:00,2025-05-29,5.6,5.6,5.6,5.6,0,2370,1
BANKNIFTY29MAY2546100PE.NFO,2025-05-20,13:38:00,2025-05-29,5.6,5.6,5.6,5.6,0,2370,1
BANKNIFTY29MAY2546100PE.NFO,2025-05-20,13:39:00,2025-05-29,5.6,5.6,5.6,5.6,0,2370,0
BANKNIFTY29MAY2546100PE.NFO,2025-05-20,13:40:00,2025-05-29,5.6,5.6,5.6,5.6,0,2370,1
BANKNIFTY29MAY2546100PE.NFO,2025-05-20,13:41:00,2025-05-29,5.6,5.6,5.6,5.6,0,2370,0
BANKNIFTY29MAY2546100PE.NFO,2025-05-20,13:42:00,2025-05-29,5.6,5.6,5.6,5.6,0,2370,0
BANKNIFTY29MAY2546100PE.NFO,2025-05-20,13:43:00,2025-05-29,5.6,5.6,5.6,5.6,0,2370,0
BANKNIFTY29MAY2546100PE.NFO,2025-05-20,13:44:00,2025-05-29,5.6,5.6,5.6,5.6,0,2370,0
BANKNIFTY29MAY2546100PE.NFO,2025-05-20,13:45:00,2025-05-29,5.6,5.6,5.6,5.6,0,2370,1
BANKNIFTY29MAY2546100PE.NFO,2025-05-20,13:46:00,2025-05-29,4.75,4.75,4.75,4.75,30,2370,0
BANKNIFTY29MAY2546100PE.NFO,2025-05-20,13:47:00,2025-05-29,4.75,4.75,4.75,4.75,0,2370,0
BANKNIFTY29MAY2546100PE.NFO,2025-05-20,13:48:00,2025-05-29,4.75,4.75,4.75,4.75,0,2370,0
BANKNIFTY29MAY2546100PE.NFO,2025-05-20,13:49:00,2025-05-29,4.75,4.75,4.75,4.75,0,2370,0
BANKNIFTY29MAY2546100PE.NFO,2025-05-20,13:50:00,2025-05-29,4.75,4.75,4.75,4.75,0,2370,1
BANKNIFTY29MAY2546100PE.NFO,2025-05-20,13:51:00,2025-05-29,4.75,4.75,4.75,4.75,0,2370,0
BANKNIFTY29MAY2546100PE.NFO,2025-05-20,13:52:00,2025-05-29,4.75,4.75,4.75,4.75,0,2370,1
BANKNIFTY29MAY2546100PE.NFO,2025-05-20,13:53:00,2025-05-29,4.75,4.75,4.75,4.75,0,2370,1
BANKNIFTY29MAY2546100PE.NFO,2025-05-20,13:54:00,2025-05-29,4.75,4.75,4.75,4.75,0,2370,1
BANKNIFTY29MAY2546100PE.NFO,2025-05-20,13:55:00,2025-05-29,4.75,4.75,4.75,4.75,0,2370,1
BANKNIFTY29MAY2546100PE.NFO,2025-05-20,13:56:00,2025-05-29,4.75,4.75,4.75,4.75,0,2370,1
BANKNIFTY29MAY2546100PE.NFO,2025-05-20,13:57:00,2025-05-29,4.75,4.75,4.75,4.75,0,2370,1
BANKNIFTY29MAY2546100PE.NFO,2025-05-20,13:58:00,2025-05-29,4.75,4.75,4.75,4.75,0,2370,0
BANKNIFTY29MAY2546100PE.NFO,2025-05-20,13:59:00,2025-05-29,4.75,4.75,4.75,4.75,0,2370,1
BANKNIFTY29MAY2546100PE.NFO,2025-05-20,14:00:00,2025-05-29,4.75,4.75,4.75,4.75,0,2370,1
BANKNIFTY29MAY2546100PE.NFO,2025-05-20,14:01:00,2025-05-29,4.75,4.75,4.75,4.75,0,2370,0
BANKNIFTY29MAY2546100PE.NFO,2025-05-20,14:02:00,2025-05-29,4.75,4.75,4.75,4.75,0,2370,1
BANKNIFTY29MAY2546100PE.NFO,2025-05-20,14:03:00,2025-05-29,4.75,4.75,4.75,4.75,0,2370,1
BANKNIFTY29MAY2546100PE.NFO,2025-05-20,14:04:00,2025-05-29,4.75,4.75,4.75,4.75,0,2370,0
BANKNIFTY29MAY2546100PE.NFO,2025-05-20,14:05:00,2025-05-29,4.75,4.75,4.75,4.75,0,2370,0
BANKNIFTY29MAY2546100PE.NFO,2025-05-20,14:06:00,2025-05-29,4.75,4.75,4.75,4.75,0,2370,1
BANKNIFTY29MAY2546100PE.NFO,2025-05-20,14:07:00,2025-05-29,4.75,4.75,4.75,4.75,0,2370,1
BANKNIFTY29MAY2546100PE.NFO,2025-05-20,14:08:00,2025-05-29,4.75,4.75,4.75,4.75,0,2370,1
BANKNIFTY29MAY2546100PE.NFO,2025-05-20,14:09:00,2025-05-29,4.75,4.75,4.75,4.75,0,2370,0
BANKNIFTY29MAY2546100PE.NFO,2025-05-20,14:10:00,2025-05-29,4.75,6.0,4.75,6.0,0,2370,0
BANKNIFTY29MAY2546100PE.NFO,2025-05-20,14:11:00,2025-05-29,6.0,6.0,6.0,6.0,180,2370,0
BANKNIFTY29MAY2546100PE.NFO,2025-05-20,14:12:00,2025-05-29,6.0,6.0,6.0,6.0,0,2370,0
BANKNIFTY29MAY2546100PE.NFO,2025-05-20,14:13:00,2025-05-29,6.0,6.0,6.0,6.0,0,2370,0
BANKNIFTY29MAY2546100PE.NFO,2025-05-20,14:14:00,2025-05-29,6.0,6.0,6.0,6.0,0,2370,0
BANKNIFTY29MAY2546100PE.NFO,2025-05-20,14:15:00,2025-05-29,6.0,6.0,6.0,6.0,0,2370,1
BANKNIFTY29MAY2546100PE.NFO,2025-05-20,14:16:00,2025-05-29,6.0,6.0,6.0,6.0,0,2370,1
BANKNIFTY29MAY2546100PE.NFO,2025-05-20,14:17:00,2025-05-29,6.0,6.0,6.0,6.0,0,2370,0
BANKNIFTY29MAY2546100PE.NFO,2025-05-20,14:18:00,2025-05-29,6.0,6.0,6.0,6.0,0,2370,1
BANKNIFTY29MAY2546100PE.NFO,2025-05-20,14:19:00,2025-05-29,6.0,6.0,6.0,6.0,0,2370,1
BANKNIFTY29MAY2546100PE.NFO,2025-05-20,14:20:00,2025-05-29,6.0,6.0,6.0,6.0,0,2370,0
BANKNIFTY29MAY2546100PE.NFO,2025-05-20,14:21:00,2025-05-29,6.0,6.0,6.0,6.0,0,2370,1
BANKNIFTY29MAY2546100PE.NFO,2025-05-20,14:22:00,2025-05-29,6.0,6.0,6.0,6.0,0,2370,0
BANKNIFTY29MAY2546100PE.NFO,2025-05-20,14:23:00,2025-05-29,6.0,6.0,6.0,6.0,0,2370,1
BANKNIFTY29MAY2546100PE.NFO,2025-05-20,14:24:00,2025-05-29,6.0,6.0,6.0,6.0,0,2370,1
BANKNIFTY29MAY2546100PE.NFO,2025-05-20,14:25:00,2025-05-29,6.0,6.0,6.0,6.0,0,2370,1
BANKNIFTY29MAY2546100PE.NFO,2025-05-20,14:26:00,2025-05-29,6.0,6.0,6.0,6.0,0,2370,0
BANKNIFTY29MAY2546100PE.NFO,2025-05-20,14:27:00,2025-05-29,6.0,6.0,6.0,6.0,0,2370,0
BANKNIFTY29MAY2546100PE.NFO,2025-05-20,14:28:00,2025-05-29,6.0,6.0,6.0,6.0,0,2370,0
BANKNIFTY29MAY2546100PE.NFO,2025-05-20,14:29:00,2025-05-29,6.0,6.0,6.0,6.0,0,2370,1
BANKNIFTY29MAY2546100PE.NFO,2025-05-20,14:30:00,2025-05-29,6.0,6.0,6.0,6.0,0,2370,0
BANKNIFTY29MAY2546100PE.NFO,2025-05-20,14:31:00,2025-05-29,6.0,6.0,6.0,6.0,0,2370,0
BANKNIFTY29MAY2546100PE.NFO,2025-05-20,14:32:00,2025-05-29,6.0,6.0,6.0,6.0,0,2370,1
BANKNIFTY29MAY2546100PE.NFO,2025-05-20,14:33:00,2025-05-29,6.0,6.0,6.0,6.0,0,2370,1
BANKNIFTY29MAY2546100PE.NFO,2025-05-20,14:34:00,2025-05-29,6.0,6.0,6.0,6.0,0,2370,0
BANKNIFTY29MAY2546100PE.NFO,2025-05-20,14:35:00,2025-05-29,6.0,6.0,6.0,6.0,0,2370,0
BANKNIFTY29MAY2546100PE.NFO,2025-05-20,14:36:00,2025-05-29,6.0,6.0,6.0,6.0,0,2370,0
BANKNIFTY29MAY2546100PE.NFO,2025-05-20,14:37:00,2025-05-29,6.0,6.0,6.0,6.0,0,2370,1
BANKNIFTY29MAY2546100PE.NFO,2025-05-20,14:38:00,2025-05-29,6.0,6.0,6.0,6.0,0,2370,1
BANKNIFTY29MAY2546100PE.NFO,2025-05-20,14:39:00,2025-05-29,6.0,6.0,6.0,6.0,0,2370,1
BANKNIFTY29MAY2546100PE.NFO,2025-05-20,14:40:00,2025-05-29,6.0,6.0,6.0,6.0,0,2370,0
BANKNIFTY29MAY2546100PE.NFO,2025-05-20,14:41:00,2025-05-29,6.0,6.0,6.0,6.0,0,2370,0
BANKNIFTY29MAY2546100PE.NFO,2025-05-20,14:42:00,2025-05-29,6.0,6.0,6.0,6.0,0,2370,1
BANKNIFTY29MAY2546100PE.NFO,2025-05-20,14:43:00,2025-05-29,6.0,6.0,6.0,6.0,0,2370,0
BANKNIFTY29MAY2546100PE.NFO,2025-05-20,14:44:00,2025-05-29,6.0,6.0,6.0,6.0,0,2370,0
BANKNIFTY29MAY2546100PE.NFO,2025-05-20,14:45:00,2025-05-29,6.0,6.0,6.0,6.0,0,2370,1
BANKNIFTY29MAY2546100PE.NFO,2025-05-20,14:46:00,2025-05-29,6.0,6.0,6.0,6.0,0,2370,1
BANKNIFTY29MAY2546100PE.NFO,2025-05-20,14:47:00,2025-05-29,6.0,6.0,6.0,6.0,0,2370,1
BANKNIFTY29MAY2546100PE.NFO,2025-05-20,14:48:00,2025-05-29,6.0,6.0,6.0,6.0,0,2370,0
BANKNIFTY29MAY2546100PE.NFO,2025-05-20,14:49:00,2025-05-29,6.0,6.0,6.0,6.0,0,2370,1
BANKNIFTY29MAY2546100PE.NFO,2025-05-20,14:50:00,2025-05-29,6.0,6.0,6.0,6.0,0,2370,1
BANKNIFTY29MAY2546100PE.NFO,2025-05-20,14:51:00,2025-05-29,6.0,6.0,6.0,6.0,0,2370,1
BANKNIFTY29MAY2546100PE.NFO,2025-05-20,14:52:00,2025-05-29,6.0,6.0,6.0,6.0,0,2370,1
BANKNIFTY29MAY2546100PE.NFO,2025-05-20,14:53:00,2025-05-29,6.0,6.0,6.0,6.0,0,2370,1
BANKNIFTY29MAY2546100PE.NFO,2025-05-20,14:54:00,2025-05-29,6.0,6.0,6.0,6.0,0,2370,0
BANKNIFTY29MAY2546100PE.NFO,2025-05-20,14:55:00,2025-05-29,6.0,6.0,6.0,6.0,0,2370,1
BANKNIFTY29MAY2546100PE.NFO,2025-05-20,14:56:00,2025-05-29,6.0,6.0,6.0,6.0,0,2370,0
BANKNIFTY29MAY2546100PE.NFO,2025-05-20,14:57:00,2025-05-29,6.0,6.0,6.0,6.0,0,2370,1
BANKNIFTY29MAY2546100PE.NFO,2025-05-20,14:58:00,2025-05-29,6.0,6.0,6.0,6.0,0,2370,1
BANKNIFTY29MAY2546100PE.NFO,2025-05-20,14:59:00,2025-05-29,6.0,6.0,6.0,6.0,0,2370,1
BANKNIFTY29MAY2546100PE.NFO,2025-05-20,15:00:00,2025-05-29,6.0,6.0,6.0,6.0,0,2370,1
BANKNIFTY29MAY2546100PE.NFO,2025-05-20,15:01:00,2025-05-29,6.0,6.0,6.0,6.0,0,2370,1
BANKNIFTY29MAY2546100PE.NFO,2025-05-20,15:02:00,2025-05-29,6.0,6.0,6.0,6.0,0,2370,1
BANKNIFTY29MAY2546100PE.NFO,2025-05-20,15:03:00,2025-05-29,6.0,6.0,6.0,6.0,0,2370,1
BANKNIFTY29MAY2546100PE.NFO,2025-05-20,15:04:00,2025-05-29,6.0,6.0,6.0,6.0,0,2370,0
BANKNIFTY29MAY2546100PE.NFO,2025-05-20,15:05:00,2025-05-29,6.0,6.0,6.0,6.0,0,2370,1
BANKNIFTY29MAY2546100PE.NFO,2025-05-20,15:06:00,2025-05-29,6.0,6.0,6.0,6.0,0,2370,0
BANKNIFTY29MAY2546100PE.NFO,2025-05-20,15:07:00,2025-05-29,6.0,6.0,6.0,6.0,0,2370,1
BANKNIFTY29MAY2546100PE.NFO,2025-05-20,15:08:00,2025-05-29,6.0,6.0,6.0,6.0,0,2370,1
BANKNIFTY29MAY2546100PE.NFO,2025-05-20,15:09:00,2025-05-29,6.0,6.0,6.0,6.0,0,2370,0
BANKNIFTY29MAY2546100PE.NFO,2025-05-20,15:10:00,2025-05-29,6.0,6.0,6.0,6.0,0,2370,1
BANKNIFTY29MAY2546100PE.NFO,2025-05-20,15:11:00,2025-05-29,6.0,6.0,6.0,6.0,0,2370,0
BANKNIFTY29MAY2546100PE.NFO,2025-05-20,15:12:00,2025-05-29,6.0,6.0,6.0,6.0,0,2370,1
BANKNIFTY29MAY2546100PE.NFO,2025-05-20,15:13:00,2025-05-29,6.0,6.0,5.3,5.3,30,2220,0
BANKNIFTY29MAY2546100PE.NFO,2025-05-20,15:14:00,2025-05-29,5.3,5.3,5.3,5.3,0,2220,0
BANKNIFTY29MAY2546100PE.NFO,2025-05-20,15:15:00,2025-05-29,5.3,5.3,5.3,5.3,0,2220,0
BANKNIFTY29MAY2546100PE.NFO,2025-05-20,15:16:00,2025-05-29,5.3,5.3,5.3,5.3,0,2220,0
BANKNIFTY29MAY2546100PE.NFO,2025-05-20,15:17:00,2025-05-29,5.3,5.3,5.3,5.3,0,2220,1
BANKNIFTY29MAY2546100PE.NFO,2025-05-20,15:18:00,2025-05-29,5.3,5.3,5.3,5.3,0,2220,1
BANKNIFTY29MAY2546100PE.NFO,2025-05-20,15:19:00,2025-05-29,5.3,5.3,5.3,5.3,0,2220,1
BANKNIFTY29MAY2546100PE.NFO,2025-05-20,15:20:00,2025-05-29,5.3,5.3,5.3,5.3,0,2220,1
BANKNIFTY29MAY2546100PE.NFO,2025-05-20,15:21:00,2025-05-29,5.3,5.3,5.2,5.2,600,2190,0
BANKNIFTY29MAY2546100PE.NFO,2025-05-20,15:22:00,2025-05-29,5.2,5.2,5.0,5.0,600,2520,0
BANKNIFTY29MAY2546100PE.NFO,2025-05-20,15:23:00,2025-05-29,5.0,5.45,5.0,5.45,60,2520,0
BANKNIFTY29MAY2546100PE.NFO,2025-05-20,15:24:00,2025-05-29,5.45,5.45,5.45,5.45,0,2520,0
BANKNIFTY29MAY2546100PE.NFO,2025-05-20,15:25:00,2025-05-29,5.45,5.45,5.45,5.45,0,2520,0
BANKNIFTY29MAY2546100PE.NFO,2025-05-20,15:26:00,2025-05-29,5.45,5.45,5.45,5.45,0,2520,0
BANKNIFTY29MAY2546100PE.NFO,2025-05-20,15:27:00,2025-05-29,5.45,5.45,5.45,5.45,0,2520,0
BANKNIFTY29MAY2546100PE.NFO,2025-05-20,15:28:00,2025-05-29,5.45,5.45,5.45,5.45,0,2520,0
BANKNIFTY29MAY2546100PE.NFO,2025-05-20,15:29:00,2025-05-29,5.45,5.45,5.45,5.45,0,2520,0
BANKNIFTY29MAY2546100PE.NFO,2025-05-20,15:30:00,2025-05-29,5.45,5.45,5.45,5.45,0,2520,1
BANKNIFTY29MAY2546100PE.NFO,2025-05-21,09:15:00,2025-05-29,5.3,5.3,5.3,5.3,0,2220,1
BANKNIFTY29MAY2546100PE.NFO,2025-05-21,09:16:00,2025-05-29,5.3,5.3,5.3,5.3,0,2220,1
BANKNIFTY29MAY2546100PE.NFO,2025-05-21,09:17:00,2025-05-29,5.3,5.3,5.3,5.3,0,2220,1
BANKNIFTY29MAY2546100PE.NFO,2025-05-21,09:18:00,2025-05-29,5.3,5.3,5.3,5.3,0,2220,1
BANKNIFTY29MAY2546100PE.NFO,2025-05-21,09:19:00,2025-05-29,5.3,5.3,5.3,5.3,0,2220,1
BANKNIFTY29MAY2546100PE.NFO,2025-05-21,09:20:00,2025-05-29,5.3,5.3,5.3,5.3,0,2220,1
BANKNIFTY29MAY2546100PE.NFO,2025-05-21,09:21:00,2025-05-29,5.3,5.3,5.3,5.3,0,2220,1
BANKNIFTY29MAY2546100PE.NFO,2025-05-21,09:22:00,2025-05-29,5.3,5.3,5.3,5.3,0,2220,0
BANKNIFTY29MAY2546100PE.NFO,2025-05-21,09:23:00,2025-05-29,5.3,5.3,5.3,5.3,0,2220,0
BANKNIFTY29MAY2546100PE.NFO,2025-05-21,09:24:00,2025-05-29,5.3,5.3,5.3,5.3,0,2220,0
BANKNIFTY29MAY2546100PE.NFO,2025-05-21,09:25:00,2025-05-29,5.3,5.3,5.3,5.3,0,2220,0
BANKNIFTY29MAY2546100PE.NFO,2025-05-21,09:26:00,2025-05-29,5.3,5.3,5.3,5.3,0,2220,0
BANKNIFTY29MAY2546100PE.NFO,2025-05-21,09:27:00,2025-05-29,5.3,5.3,5.3,5.3,0,2220,0
BANKNIFTY29MAY2546100PE.NFO,2025-05-21,09:28:00,2025-05-29,5.3,5.3,5.3,5.3,0,2220,0
BANKNIFTY29MAY2546100PE.NFO,2025-05-21,09:29:00,2025-05-29,5.3,5.3,5.3,5.3,0,2250,0
BANKNIFTY29MAY2546100PE.NFO,2025-05-21,09:30:00,2025-05-29,5.3,5.3,5.3,5.3,180,2250,0
BANKNIFTY29MAY2546100PE.NFO,2025-05-21,09:31:00,2025-05-29,5.3,5.3,5.3,5.3,0,2250,0
BANKNIFTY29MAY2546100PE.NFO,2025-05-21,09:32:00,2025-05-29,5.3,5.3,5.3,5.3,0,2250,0
BANKNIFTY29MAY2546100PE.NFO,2025-05-21,09:33:00,2025-05-29,5.3,5.3,4.25,4.25,0,2250,0
BANKNIFTY29MAY2546100PE.NFO,2025-05-21,09:34:00,2025-05-29,4.25,4.25,4.25,4.25,180,2250,0
BANKNIFTY29MAY2546100PE.NFO,2025-05-21,09:35:00,2025-05-29,4.25,4.4,4.25,4.4,60,2250,0
BANKNIFTY29MAY2546100PE.NFO,2025-05-21,09:36:00,2025-05-29,4.4,5.2,4.4,5.2,120,2190,0
BANKNIFTY29MAY2546100PE.NFO,2025-05-21,09:37:00,2025-05-29,5.2,5.2,4.35,4.9,240,2190,0
BANKNIFTY29MAY2546100PE.NFO,2025-05-21,09:38:00,2025-05-29,4.9,4.9,4.8,4.8,30,2190,0
BANKNIFTY29MAY2546100PE.NFO,2025-05-21,09:39:00,2025-05-29,4.8,4.8,4.8,4.8,0,2190,0
BANKNIFTY29MAY2546100PE.NFO,2025-05-21,09:40:00,2025-05-29,4.8,4.8,4.8,4.8,0,2190,0
BANKNIFTY29MAY2546100PE.NFO,2025-05-21,09:41:00,2025-05-29,4.8,4.8,4.8,4.8,0,2190,0
BANKNIFTY29MAY2546100PE.NFO,2025-05-21,09:42:00,2025-05-29,4.8,4.8,4.8,4.8,0,2190,0
BANKNIFTY29MAY2546100PE.NFO,2025-05-21,09:43:00,2025-05-29,4.8,4.8,4.8,4.8,0,2190,1
BANKNIFTY29MAY2546100PE.NFO,2025-05-21,09:44:00,2025-05-29,4.8,4.8,4.8,4.8,0,2190,0
BANKNIFTY29MAY2546100PE.NFO,2025-05-21,09:45:00,2025-05-29,4.35,4.65,4.35,4.65,60,2190,0
BANKNIFTY29MAY2546100PE.NFO,2025-05-21,09:46:00,2025-05-29,4.65,4.65,4.65,4.65,0,2190,0
BANKNIFTY29MAY2546100PE.NFO,2025-05-21,09:47:00,2025-05-29,4.65,4.65,4.65,4.65,0,2190,0
BANKNIFTY29MAY2546100PE.NFO,2025-05-21,09:48:00,2025-05-29,4.65,4.65,4.65,4.65,0,2190,0
BANKNIFTY29MAY2546100PE.NFO,2025-05-21,09:49:00,2025-05-29,4.65,4.65,4.65,4.65,0,2190,1
BANKNIFTY29MAY2546100PE.NFO,2025-05-21,09:50:00,2025-05-29,4.65,4.65,4.65,4.65,0,2190,1
BANKNIFTY29MAY2546100PE.NFO,2025-05-21,09:51:00,2025-05-29,4.65,4.65,4.65,4.65,0,2190,1
BANKNIFTY29MAY2546100PE.NFO,2025-05-21,09:52:00,2025-05-29,4.65,4.65,4.65,4.65,0,2190,1
BANKNIFTY29MAY2546100PE.NFO,2025-05-21,09:53:00,2025-05-29,4.65,4.65,4.65,4.65,0,2190,0
BANKNIFTY29MAY2546100PE.NFO,2025-05-21,09:54:00,2025-05-29,4.65,4.65,4.65,4.65,0,2190,0
BANKNIFTY29MAY2546100PE.NFO,2025-05-21,09:55:00,2025-05-29,4.65,4.65,4.65,4.65,0,2190,0
BANKNIFTY29MAY2546100PE.NFO,2025-05-21,09:56:00,2025-05-29,4.65,4.65,4.65,4.65,0,2190,1
BANKNIFTY29MAY2546100PE.NFO,2025-05-21,09:57:00,2025-05-29,3.9,3.9,3.9,3.9,0,2190,0
BANKNIFTY29MAY2546100PE.NFO,2025-05-21,09:58:00,2025-05-29,3.9,3.9,3.9,3.9,0,2190,0
BANKNIFTY29MAY2546100PE.NFO,2025-05-21,09:59:00,2025-05-29,3.9,3.9,3.9,3.9,0,2190,0
BANKNIFTY29MAY2546100PE.NFO,2025-05-21,10:00:00,2025-05-29,3.9,3.9,3.9,3.9,30,2190,0
BANKNIFTY29MAY2546100PE.NFO,2025-05-21,10:01:00,2025-05-29,3.9,4.45,3.9,4.45,30,2190,0
BANKNIFTY29MAY2546100PE.NFO,2025-05-21,10:02:00,2025-05-29,4.45,4.55,4.45,4.55,240,2190,0
BANKNIFTY29MAY2546100PE.NFO,2025-05-21,10:03:00,2025-05-29,4.55,6.45,4.55,4.55,660,2400,0
BANKNIFTY29MAY2546100PE.NFO,2025-05-21,10:04:00,2025-05-29,4.55,4.55,4.55,4.55,0,2400,0
BANKNIFTY29MAY2546100PE.NFO,2025-05-21,10:05:00,2025-05-29,4.55,4.55,4.55,4.55,0,2400,0
BANKNIFTY29MAY2546100PE.NFO,2025-05-21,10:06:00,2025-05-29,4.55,4.55,4.55,4.55,0,2400,0
BANKNIFTY29MAY2546100PE.NFO,2025-05-21,10:07:00,2025-05-29,4.55,4.55,4.55,4.55,0,2400,0
BANKNIFTY29MAY2546100PE.NFO,2025-05-21,10:08:00,2025-05-29,4.55,4.55,4.55,4.55,0,2400,1
BANKNIFTY29MAY2546100PE.NFO,2025-05-21,10:09:00,2025-05-29,4.55,4.55,4.55,4.55,0,2400,0
BANKNIFTY29MAY2546100PE.NFO,2025-05-21,10:10:00,2025-05-29,4.55,4.55,4.55,4.55,0,2400,0
BANKNIFTY29MAY2546100PE.NFO,2025-05-21,10:11:00,2025-05-29,4.55,4.55,4.55,4.55,0,2400,1
BANKNIFTY29MAY2546100PE.NFO,2025-05-21,10:12:00,2025-05-29,4.55,4.55,4.55,4.55,0,2400,0
BANKNIFTY29MAY2546100PE.NFO,2025-05-21,10:13:00,2025-05-29,4.55,4.55,4.55,4.55,0,2400,1
BANKNIFTY29MAY2546100PE.NFO,2025-05-21,10:14:00,2025-05-29,4.55,4.55,4.55,4.55,0,2400,0
BANKNIFTY29MAY2546100PE.NFO,2025-05-21,10:15:00,2025-05-29,4.55,4.55,4.55,4.55,0,2400,0
BANKNIFTY29MAY2546100PE.NFO,2025-05-21,10:16:00,2025-05-29,4.55,4.55,4.55,4.55,0,2400,0
BANKNIFTY29MAY2546100PE.NFO,2025-05-21,10:17:00,2025-05-29,4.55,4.55,4.55,4.55,0,2400,1
BANKNIFTY29MAY2546100PE.NFO,2025-05-21,10:18:00,2025-05-29,4.55,4.55,4.55,4.55,0,2400,1
BANKNIFTY29MAY2546100PE.NFO,2025-05-21,10:19:00,2025-05-29,4.55,4.55,4.55,4.55,0,2400,0
BANKNIFTY29MAY2546100PE.NFO,2025-05-21,10:20:00,2025-05-29,4.55,4.55,4.55,4.55,0,2400,0
BANKNIFTY29MAY2546100PE.NFO,2025-05-21,10:21:00,2025-05-29,4.55,4.55,4.55,4.55,0,2400,1
BANKNIFTY29MAY2546100PE.NFO,2025-05-21,10:22:00,2025-05-29,4.55,4.55,4.55,4.55,0,2400,1
BANKNIFTY29MAY2546100PE.NFO,2025-05-21,10:23:00,2025-05-29,4.55,4.55,4.55,4.55,0,2400,1
BANKNIFTY29MAY2546100PE.NFO,2025-05-21,10:24:00,2025-05-29,4.55,4.55,4.55,4.55,0,2400,1
BANKNIFTY29MAY2546100PE.NFO,2025-05-21,10:25:00,2025-05-29,4.55,4.55,4.55,4.55,0,2400,1
BANKNIFTY29MAY2546100PE.NFO,2025-05-21,10:26:00,2025-05-29,4.55,4.55,4.55,4.55,0,2400,0
BANKNIFTY29MAY2546100PE.NFO,2025-05-21,10:27:00,2025-05-29,4.55,4.55,4.55,4.55,0,2400,0
BANKNIFTY29MAY2546100PE.NFO,2025-05-21,10:28:00,2025-05-29,4.55,4.55,4.55,4.55,0,2400,1
BANKNIFTY29MAY2546100PE.NFO,2025-05-21,10:29:00,2025-05-29,4.55,4.55,4.55,4.55,0,2400,1
BANKNIFTY29MAY2546100PE.NFO,2025-05-21,10:30:00,2025-05-29,4.55,4.55,4.55,4.55,0,2400,0
BANKNIFTY29MAY2546100PE.NFO,2025-05-21,10:31:00,2025-05-29,4.55,4.55,4.55,4.55,0,2400,1
BANKNIFTY29MAY2546100PE.NFO,2025-05-21,10:32:00,2025-05-29,4.25,4.25,4.25,4.25,0,2400,0
BANKNIFTY29MAY2546100PE.NFO,2025-05-21,10:33:00,2025-05-29,4.25,4.3,4.25,4.3,420,2400,0
BANKNIFTY29MAY2546100PE.NFO,2025-05-21,10:34:00,2025-05-29,4.3,4.3,3.9,3.9,90,2610,0
BANKNIFTY29MAY2546100PE.NFO,2025-05-21,10:35:00,2025-05-29,3.9,3.9,3.9,3.9,0,2610,0
BANKNIFTY29MAY2546100PE.NFO,2025-05-21,10:36:00,2025-05-29,3.9,3.9,3.9,3.9,0,2610,0
BANKNIFTY29MAY2546100PE.NFO,2025-05-21,10:37:00,2025-05-29,3.9,3.9,3.9,3.9,0,2610,0
BANKNIFTY29MAY2546100PE.NFO,2025-05-21,10:38:00,2025-05-29,3.9,3.9,3.9,3.9,0,2610,1
BANKNIFTY29MAY2546100PE.NFO,2025-05-21,10:39:00,2025-05-29,3.9,3.9,3.9,3.9,0,2610,1
BANKNIFTY29MAY2546100PE.NFO,2025-05-21,10:40:00,2025-05-29,3.9,3.9,3.9,3.9,0,2610,1
BANKNIFTY29MAY2546100PE.NFO,2025-05-21,10:41:00,2025-05-29,3.9,3.9,3.9,3.9,0,2610,1
BANKNIFTY29MAY2546100PE.NFO,2025-05-21,10:42:00,2025-05-29,3.9,3.9,3.9,3.9,0,2610,1
BANKNIFTY29MAY2546100PE.NFO,2025-05-21,10:43:00,2025-05-29,3.9,3.9,3.9,3.9,0,2610,1
BANKNIFTY29MAY2546100PE.NFO,2025-05-21,10:44:00,2025-05-29,3.9,3.9,3.9,3.9,0,2610,1
BANKNIFTY29MAY2546100PE.NFO,2025-05-21,10:45:00,2025-05-29,3.9,3.9,3.9,3.9,0,2610,1
BANKNIFTY29MAY2546100PE.NFO,2025-05-21,10:46:00,2025-05-29,3.9,3.9,3.9,3.9,0,2610,1
BANKNIFTY29MAY2546100PE.NFO,2025-05-21,10:47:00,2025-05-29,3.9,3.9,3.9,3.9,0,2610,1
BANKNIFTY29MAY2546100PE.NFO,2025-05-21,10:48:00,2025-05-29,3.9,3.9,3.9,3.9,0,2610,0
BANKNIFTY29MAY2546100PE.NFO,2025-05-21,10:49:00,2025-05-29,3.9,3.9,3.9,3.9,0,2610,1
BANKNIFTY29MAY2546100PE.NFO,2025-05-21,10:50:00,2025-05-29,3.9,3.9,3.9,3.9,0,2610,0
BANKNIFTY29MAY2546100PE.NFO,2025-05-21,10:51:00,2025-05-29,3.9,3.9,3.9,3.9,0,2610,1
BANKNIFTY29MAY2546100PE.NFO,2025-05-21,10:52:00,2025-05-29,3.9,3.9,3.9,3.9,0,2610,1
BANKNIFTY29MAY2546100PE.NFO,2025-05-21,10:53:00,2025-05-29,3.9,3.9,3.9,3.9,0,2610,1
BANKNIFTY29MAY2546100PE.NFO,2025-05-21,10:54:00,2025-05-29,3.9,3.9,3.9,3.9,0,2610,1
BANKNIFTY29MAY2546100PE.NFO,2025-05-21,10:55:00,2025-05-29,3.9,3.9,3.9,3.9,0,2610,1
BANKNIFTY29MAY2546100PE.NFO,2025-05-21,10:56:00,2025-05-29,3.9,3.9,3.9,3.9,0,2610,0
BANKNIFTY29MAY2546100PE.NFO,2025-05-21,10:57:00,2025-05-29,3.9,3.9,3.9,3.9,0,2610,0
BANKNIFTY29MAY2546100PE.NFO,2025-05-21,10:58:00,2025-05-29,3.9,3.9,3.9,3.9,0,2610,0
BANKNIFTY29MAY2546100PE.NFO,2025-05-21,10:59:00,2025-05-29,3.9,3.9,3.9,3.9,0,2610,1
BANKNIFTY29MAY2546100PE.NFO,2025-05-21,11:00:00,2025-05-29,3.9,3.9,3.9,3.9,0,2610,0
BANKNIFTY29MAY2546100PE.NFO,2025-05-21,11:01:00,2025-05-29,3.9,3.9,3.9,3.9,0,2610,1
BANKNIFTY29MAY2546100PE.NFO,2025-05-21,11:02:00,2025-05-29,3.9,3.9,3.9,3.9,0,2610,1
BANKNIFTY29MAY2546100PE.NFO,2025-05-21,11:03:00,2025-05-29,3.9,3.9,3.9,3.9,0,2610,0
BANKNIFTY29MAY2546100PE.NFO,2025-05-21,11:04:00,2025-05-29,3.9,3.9,3.9,3.9,0,2610,0
BANKNIFTY29MAY2546100PE.NFO,2025-05-21,11:05:00,2025-05-29,3.9,3.9,3.9,3.9,0,2610,0
BANKNIFTY29MAY2546100PE.NFO,2025-05-21,11:06:00,2025-05-29,3.9,3.9,3.9,3.9,0,2610,1
BANKNIFTY29MAY2546100PE.NFO,2025-05-21,11:07:00,2025-05-29,3.9,3.9,3.9,3.9,0,2610,0
BANKNIFTY29MAY2546100PE.NFO,2025-05-21,11:08:00,2025-05-29,3.9,3.9,3.9,3.9,0,2610,0
BANKNIFTY29MAY2546100PE.NFO,2025-05-21,11:09:00,2025-05-29,3.9,3.9,3.9,3.9,0,2610,0
BANKNIFTY29MAY2546100PE.NFO,2025-05-21,11:10:00,2025-05-29,3.9,3.9,3.9,3.9,0,2610,1
BANKNIFTY29MAY2546100PE.NFO,2025-05-21,11:11:00,2025-05-29,3.9,3.9,3.9,3.9,0,2610,1
BANKNIFTY29MAY2546100PE.NFO,2025-05-21,11:12:00,2025-05-29,3.9,3.9,3.9,3.9,0,2610,0
BANKNIFTY29MAY2546100PE.NFO,2025-05-21,11:13:00,2025-05-29,3.9,3.9,3.9,3.9,0,2610,1
BANKNIFTY29MAY2546100PE.NFO,2025-05-21,11:14:00,2025-05-29,3.9,3.9,3.9,3.9,0,2610,0
BANKNIFTY29MAY2546100PE.NFO,2025-05-21,11:15:00,2025-05-29,3.9,3.9,3.9,3.9,0,2610,1
BANKNIFTY29MAY2546100PE.NFO,2025-05-21,11:16:00,2025-05-29,3.9,3.9,3.9,3.9,0,2610,0
BANKNIFTY29MAY2546100PE.NFO,2025-05-21,11:17:00,2025-05-29,3.9,3.9,3.9,3.9,60,2610,0
BANKNIFTY29MAY2546100PE.NFO,2025-05-21,11:18:00,2025-05-29,3.9,3.9,3.9,3.9,0,2610,0
BANKNIFTY29MAY2546100PE.NFO,2025-05-21,11:19:00,2025-05-29,3.9,3.9,3.9,3.9,0,2610,0
BANKNIFTY29MAY2546100PE.NFO,2025-05-21,11:20:00,2025-05-29,3.9,3.9,3.9,3.9,0,2610,0
BANKNIFTY29MAY2546100PE.NFO,2025-05-21,11:21:00,2025-05-29,3.9,3.9,3.9,3.9,0,2610,0
BANKNIFTY29MAY2546100PE.NFO,2025-05-21,11:22:00,2025-05-29,3.9,3.9,3.9,3.9,0,2610,1
BANKNIFTY29MAY2546100PE.NFO,2025-05-21,11:23:00,2025-05-29,3.9,3.9,3.9,3.9,0,2610,0
BANKNIFTY29MAY2546100PE.NFO,2025-05-21,11:24:00,2025-05-29,3.9,3.9,3.9,3.9,0,2610,1
BANKNIFTY29MAY2546100PE.NFO,2025-05-21,11:25:00,2025-05-29,3.9,3.9,3.9,3.9,0,2610,0
BANKNIFTY29MAY2546100PE.NFO,2025-05-21,11:26:00,2025-05-29,3.9,3.9,3.9,3.9,0,2610,1
BANKNIFTY29MAY2546100PE.NFO,2025-05-21,11:27:00,2025-05-29,3.9,3.9,3.9,3.9,0,2610,1
BANKNIFTY29MAY2546100PE.NFO,2025-05-21,11:28:00,2025-05-29,3.9,3.9,3.9,3.9,0,2610,1
BANKNIFTY29MAY2546100PE.NFO,2025-05-21,11:29:00,2025-05-29,3.9,3.9,3.9,3.9,0,2610,1
BANKNIFTY29MAY2546100PE.NFO,2025-05-21,11:30:00,2025-05-29,3.9,3.9,3.9,3.9,0,2610,0
BANKNIFTY29MAY2546100PE.NFO,2025-05-21,11:31:00,2025-05-29,3.9,3.9,3.9,3.9,0,2610,1
BANKNIFTY29MAY2546100PE.NFO,2025-05-21,11:32:00,2025-05-29,3.9,3.9,3.9,3.9,0,2610,0
BANKNIFTY29MAY2546100PE.NFO,2025-05-21,11:33:00,2025-05-29,3.9,3.9,3.9,3.9,0,2610,0
BANKNIFTY29MAY2546100PE.NFO,2025-05-21,11:34:00,2025-05-29,3.9,3.9,3.9,3.9,0,2610,1
BANKNIFTY29MAY2546100PE.NFO,2025-05-21,11:35:00,2025-05-29,3.9,3.9,3.9,3.9,0,2610,1
BANKNIFTY29MAY2546100PE.NFO,2025-05-21,11:36:00,2025-05-29,3.9,3.9,3.9,3.9,0,2610,0
BANKNIFTY29MAY2546100PE.NFO,2025-05-21,11:37:00,2025-05-29,3.9,3.9,3.9,3.9,0,2610,0
BANKNIFTY29MAY2546100PE.NFO,2025-05-21,11:38:00,2025-05-29,3.9,3.9,3.9,3.9,0,2610,1
BANKNIFTY29MAY2546100PE.NFO,2025-05-21,11:39:00,2025-05-29,3.9,3.9,3.9,3.9,0,2610,0
BANKNIFTY29MAY2546100PE.NFO,2025-05-21,11:40:00,2025-05-29,3.9,3.9,3.9,3.9,0,2610,0
BANKNIFTY29MAY2546100PE.NFO,2025-05-21,11:41:00,2025-05-29,3.9,3.9,3.9,3.9,0,2610,1
BANKNIFTY29MAY2546100PE.NFO,2025-05-21,11:42:00,2025-05-29,3.9,3.9,3.9,3.9,0,2610,1
BANKNIFTY29MAY2546100PE.NFO,2025-05-21,11:43:00,2025-05-29,3.9,3.9,3.9,3.9,0,2610,0
BANKNIFTY29MAY2546100PE.NFO,2025-05-21,11:44:00,2025-05-29,3.9,3.9,3.9,3.9,0,2610,1
BANKNIFTY29MAY2546100PE.NFO,2025-05-21,11:45:00,2025-05-29,3.9,3.9,3.9,3.9,0,2610,1
BANKNIFTY29MAY2546100PE.NFO,2025-05-21,11:46:00,2025-05-29,3.9,3.9,3.9,3.9,0,2610,1
BANKNIFTY29MAY2546100PE.NFO,2025-05-21,11:47:00,2025-05-29,3.9,3.9,3.9,3.9,0,2610,0
BANKNIFTY29MAY2546100PE.NFO,2025-05-21,11:48:00,2025-05-29,3.9,3.9,3.9,3.9,0,2610,0
BANKNIFTY29MAY2546100PE.NFO,2025-05-21,11:49:00,2025-05-29,3.9,3.9,3.9,3.9,0,2610,1
BANKNIFTY29MAY2546100PE.NFO,2025-05-21,11:50:00,2025-05-29,3.9,3.9,3.9,3.9,0,2610,0
BANKNIFTY29MAY2546100PE.NFO,2025-05-21,11:51:00,2025-05-29,3.9,3.9,3.9,3.9,0,2610,1
BANKNIFTY29MAY2546100PE.NFO,2025-05-21,11:52:00,2025-05-29,3.9,3.9,3.9,3.9,0,2610,1
BANKNIFTY29MAY2546100PE.NFO,2025-05-21,11:53:00,2025-05-29,3.9,3.9,3.9,3.9,0,2610,1
BANKNIFTY29MAY2546100PE.NFO,2025-05-21,11:54:00,2025-05-29,3.9,3.9,3.9,3.9,0,2610,1
BANKNIFTY29MAY2546100PE.NFO,2025-05-21,11:55:00,2025-05-29,3.9,3.9,3.9,3.9,0,2610,0
BANKNIFTY29MAY2546100PE.NFO,2025-05-21,11:56:00,2025-05-29,3.9,3.9,3.9,3.9,0,2610,1
BANKNIFTY29MAY2546100PE.NFO,2025-05-21,11:57:00,2025-05-29,3.9,3.9,3.9,3.9,0,2610,1
BANKNIFTY29MAY2546100PE.NFO,2025-05-21,11:58:00,2025-05-29,3.9,3.9,3.9,3.9,0,2610,0
BANKNIFTY29MAY2546100PE.NFO,2025-05-21,11:59:00,2025-05-29,3.9,3.9,3.9,3.9,0,2610,0
BANKNIFTY29MAY2546100PE.NFO,2025-05-21,12:00:00,2025-05-29,3.9,3.9,3.9,3.9,0,2610,1
BANKNIFTY29MAY2546100PE.NFO,2025-05-21,12:01:00,2025-05-29,3.9,3.9,3.9,3.9,0,2610,0
BANKNIFTY29MAY2546100PE.NFO,2025-05-21,12:02:00,2025-05-29,3.9,3.9,3.05,3.05,60,2610,0
BANKNIFTY29MAY2546100PE.NFO,2025-05-21,12:03:00,2025-05-29,3.05,3.65,3.05,3.65,60,2610,0
BANKNIFTY29MAY2546100PE.NFO,2025-05-21,12:04:00,2025-05-29,3.65,3.65,3.65,3.65,0,2610,0
BANKNIFTY29MAY2546100PE.NFO,2025-05-21,12:05:00,2025-05-29,3.65,3.65,3.65,3.65,0,2610,0
BANKNIFTY29MAY2546100PE.NFO,2025-05-21,12:06:00,2025-05-29,3.65,3.65,3.65,3.65,0,2610,1
BANKNIFTY29MAY2546100PE.NFO,2025-05-21,12:07:00,2025-05-29,3.65,3.65,3.65,3.65,0,2610,0
BANKNIFTY29MAY2546100PE.NFO,2025-05-21,12:08:00,2025-05-29,3.65,3.65,3.65,3.65,0,2610,0
BANKNIFTY29MAY2546100PE.NFO,2025-05-21,12:09:00,2025-05-29,3.65,3.65,3.65,3.65,0,2610,0
BANKNIFTY29MAY2546100PE.NFO,2025-05-21,12:10:00,2025-05-29,3.65,3.65,3.65,3.65,0,2610,0
BANKNIFTY29MAY2546100PE.NFO,2025-05-21,12:11:00,2025-05-29,3.65,3.65,3.65,3.65,0,2610,0
BANKNIFTY29MAY2546100PE.NFO,2025-05-21,12:12:00,2025-05-29,3.65,3.65,3.65,3.65,0,2610,0
BANKNIFTY29MAY2546100PE.NFO,2025-05-21,12:13:00,2025-05-29,3.65,3.65,3.65,3.65,0,2610,0
BANKNIFTY29MAY2546100PE.NFO,2025-05-21,12:14:00,2025-05-29,3.65,3.65,3.65,3.65,0,2610,0
BANKNIFTY29MAY2546100PE.NFO,2025-05-21,12:15:00,2025-05-29,3.65,3.65,3.65,3.65,0,2610,0
BANKNIFTY29MAY2546100PE.NFO,2025-05-21,12:16:00,2025-05-29,3.65,3.65,3.65,3.65,0,2610,0
BANKNIFTY29MAY2546100PE.NFO,2025-05-21,12:17:00,2025-05-29,3.65,3.65,3.65,3.65,0,2610,1
BANKNIFTY29MAY2546100PE.NFO,2025-05-21,12:18:00,2025-05-29,3.65,3.65,3.65,3.65,0,2610,0
BANKNIFTY29MAY2546100PE.NFO,2025-05-21,12:19:00,2025-05-29,3.65,3.65,3.65,3.65,0,2610,1
BANKNIFTY29MAY2546100PE.NFO,2025-05-21,12:20:00,2025-05-29,3.65,3.65,3.65,3.65,0,2610,0
BANKNIFTY29MAY2546100PE.NFO,2025-05-21,12:21:00,2025-05-29,3.65,3.65,3.65,3.65,0,2610,0
BANKNIFTY29MAY2546100PE.NFO,2025-05-21,12:22:00,2025-05-29,3.65,3.65,3.65,3.65,0,2610,0
BANKNIFTY29MAY2546100PE.NFO,2025-05-21,12:23:00,2025-05-29,3.65,3.65,3.65,3.65,0,2610,1
BANKNIFTY29MAY2546100PE.NFO,2025-05-21,12:24:00,2025-05-29,3.65,3.65,3.65,3.65,0,2610,1
BANKNIFTY29MAY2546100PE.NFO,2025-05-21,12:25:00,2025-05-29,3.65,3.65,3.65,3.65,0,2610,1
BANKNIFTY29MAY2546100PE.NFO,2025-05-21,12:26:00,2025-05-29,3.65,3.65,3.65,3.65,0,2610,0
BANKNIFTY29MAY2546100PE.NFO,2025-05-21,12:27:00,2025-05-29,3.65,3.65,3.65,3.65,0,2610,1
BANKNIFTY29MAY2546100PE.NFO,2025-05-21,12:28:00,2025-05-29,3.65,3.65,3.65,3.65,0,2610,1
BANKNIFTY29MAY2546100PE.NFO,2025-05-21,12:29:00,2025-05-29,3.65,3.65,3.65,3.65,0,2610,1
BANKNIFTY29MAY2546100PE.NFO,2025-05-21,12:30:00,2025-05-29,3.65,3.65,3.65,3.65,0,2610,0
BANKNIFTY29MAY2546100PE.NFO,2025-05-21,12:31:00,2025-05-29,3.65,3.65,3.65,3.65,0,2610,0
BANKNIFTY29MAY2546100PE.NFO,2025-05-21,12:32:00,2025-05-29,3.65,3.65,3.65,3.65,0,2610,1
BANKNIFTY29MAY2546100PE.NFO,2025-05-21,12:33:00,2025-05-29,3.65,3.65,3.65,3.65,0,2610,0
BANKNIFTY29MAY2546100PE.NFO,2025-05-21,12:34:00,2025-05-29,3.65,3.65,3.65,3.65,0,2610,1
BANKNIFTY29MAY2546100PE.NFO,2025-05-21,12:35:00,2025-05-29,3.65,3.65,3.65,3.65,0,2610,1
BANKNIFTY29MAY2546100PE.NFO,2025-05-21,12:36:00,2025-05-29,3.65,3.65,3.65,3.65,0,2610,0
BANKNIFTY29MAY2546100PE.NFO,2025-05-21,12:37:00,2025-05-29,3.65,3.65,3.65,3.65,0,2610,0
BANKNIFTY29MAY2546100PE.NFO,2025-05-21,12:38:00,2025-05-29,3.65,3.65,3.65,3.65,0,2610,0
BANKNIFTY29MAY2546100PE.NFO,2025-05-21,12:39:00,2025-05-29,3.65,3.65,3.65,3.65,0,2610,1
BANKNIFTY29MAY2546100PE.NFO,2025-05-21,12:40:00,2025-05-29,3.65,3.65,3.65,3.65,0,2610,1
BANKNIFTY29MAY2546100PE.NFO,2025-05-21,12:41:00,2025-05-29,3.65,3.65,3.65,3.65,0,2610,1
BANKNIFTY29MAY2546100PE.NFO,2025-05-21,12:42:00,2025-05-29,3.65,3.65,3.65,3.65,0,2610,0
BANKNIFTY29MAY2546100PE.NFO,2025-05-21,12:43:00,2025-05-29,3.65,3.65,3.65,3.65,0,2610,0
BANKNIFTY29MAY2546100PE.NFO,2025-05-21,12:44:00,2025-05-29,3.65,3.65,3.65,3.65,0,2610,1
BANKNIFTY29MAY2546100PE.NFO,2025-05-21,12:45:00,2025-05-29,3.65,3.65,3.65,3.65,0,2610,0
BANKNIFTY29MAY2546100PE.NFO,2025-05-21,12:46:00,2025-05-29,3.65,3.65,3.65,3.65,0,2610,0
BANKNIFTY29MAY2546100PE.NFO,2025-05-21,12:47:00,2025-05-29,3.65,3.65,3.65,3.65,0,2610,0
BANKNIFTY29MAY2546100PE.NFO,2025-05-21,12:48:00,2025-05-29,3.65,3.65,3.65,3.65,0,2610,0
BANKNIFTY29MAY2546100PE.NFO,2025-05-21,12:49:00,2025-05-29,3.65,3.65,3.65,3.65,0,2610,1
BANKNIFTY29MAY2546100PE.NFO,2025-05-21,12:50:00,2025-05-29,3.65,3.65,3.65,3.65,0,2610,0
BANKNIFTY29MAY2546100PE.NFO,2025-05-21,12:51:00,2025-05-29,3.65,3.65,3.65,3.65,0,2610,1
BANKNIFTY29MAY2546100PE.NFO,2025-05-21,12:52:00,2025-05-29,3.65,3.65,3.65,3.65,0,2610,0
BANKNIFTY29MAY2546100PE.NFO,2025-05-21,12:53:00,2025-05-29,3.65,3.65,3.65,3.65,0,2610,1
BANKNIFTY29MAY2546100PE.NFO,2025-05-21,12:54:00,2025-05-29,3.65,3.65,3.65,3.65,0,2610,1
BANKNIFTY29MAY2546100PE.NFO,2025-05-21,12:55:00,2025-05-29,3.65,3.65,3.65,3.65,0,2610,0
BANKNIFTY29MAY2546100PE.NFO,2025-05-21,12:56:00,2025-05-29,3.65,3.65,3.65,3.65,0,2610,1
BANKNIFTY29MAY2546100PE.NFO,2025-05-21,12:57:00,2025-05-29,3.65,3.65,3.65,3.65,0,2610,0
BANKNIFTY29MAY2546100PE.NFO,2025-05-21,12:58:00,2025-05-29,3.65,3.65,3.65,3.65,0,2610,1
BANKNIFTY29MAY2546100PE.NFO,2025-05-21,12:59:00,2025-05-29,3.65,3.65,3.65,3.65,0,2610,1
BANKNIFTY29MAY2546100PE.NFO,2025-05-21,13:00:00,2025-05-29,3.65,3.65,3.65,3.65,0,2610,0
BANKNIFTY29MAY2546100PE.NFO,2025-05-21,13:01:00,2025-05-29,3.65,3.65,3.65,3.65,0,2610,1
BANKNIFTY29MAY2546100PE.NFO,2025-05-21,13:02:00,2025-05-29,3.65,3.65,3.65,3.65,0,2610,1
BANKNIFTY29MAY2546100PE.NFO,2025-05-21,13:03:00,2025-05-29,3.65,3.65,3.65,3.65,0,2610,0
BANKNIFTY29MAY2546100PE.NFO,2025-05-21,13:04:00,2025-05-29,3.65,3.65,3.65,3.65,0,2610,1
BANKNIFTY29MAY2546100PE.NFO,2025-05-21,13:05:00,2025-05-29,5.1,5.1,4.0,4.0,60,2610,0
BANKNIFTY29MAY2546100PE.NFO,2025-05-21,13:06:00,2025-05-29,4.0,4.0,4.0,4.0,0,2610,0
BANKNIFTY29MAY2546100PE.NFO,2025-05-21,13:07:00,2025-05-29,4.0,4.0,4.0,4.0,0,2610,0
BANKNIFTY29MAY2546100PE.NFO,2025-05-21,13:08:00,2025-05-29,4.0,4.0,4.0,4.0,0,2610,0
BANKNIFTY29MAY2546100PE.NFO,2025-05-21,13:09:00,2025-05-29,4.0,4.0,4.0,4.0,0,2610,0
BANKNIFTY29MAY2546100PE.NFO,2025-05-21,13:10:00,2025-05-29,4.0,4.0,4.0,4.0,0,2610,1
BANKNIFTY29MAY2546100PE.NFO,2025-05-21,13:11:00,2025-05-29,4.0,4.0,4.0,4.0,0,2610,0
BANKNIFTY29MAY2546100PE.NFO,2025-05-21,13:12:00,2025-05-29,4.0,4.0,4.0,4.0,0,2610,0
BANKNIFTY29MAY2546100PE.NFO,2025-05-21,13:13:00,2025-05-29,4.0,4.0,4.0,4.0,0,2610,1
BANKNIFTY29MAY2546100PE.NFO,2025-05-21,13:14:00,2025-05-29,4.0,4.0,4.0,4.0,0,2610,0
BANKNIFTY29MAY2546100PE.NFO,2025-05-21,13:15:00,2025-05-29,4.0,4.0,4.0,4.0,0,2610,1
BANKNIFTY29MAY2546100PE.NFO,2025-05-21,13:16:00,2025-05-29,4.0,4.0,4.0,4.0,0,2610,0
BANKNIFTY29MAY2546100PE.NFO,2025-05-21,13:17:00,2025-05-29,4.0,4.0,4.0,4.0,0,2610,1
BANKNIFTY29MAY2546100PE.NFO,2025-05-21,13:18:00,2025-05-29,4.0,4.0,4.0,4.0,0,2610,0
BANKNIFTY29MAY2546100PE.NFO,2025-05-21,13:19:00,2025-05-29,4.0,4.0,4.0,4.0,0,2610,1
BANKNIFTY29MAY2546100PE.NFO,2025-05-21,13:20:00,2025-05-29,4.0,4.0,4.0,4.0,0,2610,1
BANKNIFTY29MAY2546100PE.NFO,2025-05-21,13:21:00,2025-05-29,4.0,4.0,4.0,4.0,0,2610,0
BANKNIFTY29MAY2546100PE.NFO,2025-05-21,13:22:00,2025-05-29,4.0,4.0,4.0,4.0,0,2610,1
BANKNIFTY29MAY2546100PE.NFO,2025-05-21,13:23:00,2025-05-29,4.0,4.0,4.0,4.0,0,2610,1
BANKNIFTY29MAY2546100PE.NFO,2025-05-21,13:24:00,2025-05-29,4.0,4.0,4.0,4.0,0,2610,0
BANKNIFTY29MAY2546100PE.NFO,2025-05-21,13:25:00,2025-05-29,4.0,4.0,4.0,4.0,0,2610,1
BANKNIFTY29MAY2546100PE.NFO,2025-05-21,13:26:00,2025-05-29,4.0,4.0,4.0,4.0,0,2610,0
BANKNIFTY29MAY2546100PE.NFO,2025-05-21,13:27:00,2025-05-29,4.0,4.0,4.0,4.0,0,2610,1
BANKNIFTY29MAY2546100PE.NFO,2025-05-21,13:28:00,2025-05-29,4.0,4.0,4.0,4.0,0,2610,1
BANKNIFTY29MAY2546100PE.NFO,2025-05-21,13:29:00,2025-05-29,4.0,4.0,4.0,4.0,0,2610,1
BANKNIFTY29MAY2546100PE.NFO,2025-05-21,13:30:00,2025-05-29,4.0,4.0,4.0,4.0,0,2610,0
BANKNIFTY29MAY2546100PE.NFO,2025-05-21,13:31:00,2025-05-29,4.0,4.0,4.0,4.0,0,2610,1
BANKNIFTY29MAY2546100PE.NFO,2025-05-21,13:32:00,2025-05-29,4.0,4.0,4.0,4.0,0,2610,1
BANKNIFTY29MAY2546100PE.NFO,2025-05-21,13:33:00,2025-05-29,4.0,4.0,4.0,4.0,0,2610,0
BANKNIFTY29MAY2546100PE.NFO,2025-05-21,13:34:00,2025-05-29,4.0,4.0,4.0,4.0,0,2610,0
BANKNIFTY29MAY2546100PE.NFO,2025-05-21,13:35:00,2025-05-29,4.0,4.0,4.0,4.0,0,2610,1
BANKNIFTY29MAY2546100PE.NFO,2025-05-21,13:36:00,2025-05-29,4.0,4.0,4.0,4.0,0,2610,0
BANKNIFTY29MAY2546100PE.NFO,2025-05-21,13:37:00,2025-05-29,4.0,4.0,4.0,4.0,0,2610,0
BANKNIFTY29MAY2546100PE.NFO,2025-05-21,13:38:00,2025-05-29,4.0,4.0,4.0,4.0,0,2610,0
BANKNIFTY29MAY2546100PE.NFO,2025-05-21,13:39:00,2025-05-29,4.0,4.0,4.0,4.0,0,2610,0
BANKNIFTY29MAY2546100PE.NFO,2025-05-21,13:40:00,2025-05-29,4.0,4.0,4.0,4.0,0,2610,1
BANKNIFTY29MAY2546100PE.NFO,2025-05-21,13:41:00,2025-05-29,4.0,4.0,4.0,4.0,0,2610,1
BANKNIFTY29MAY2546100PE.NFO,2025-05-21,13:42:00,2025-05-29,4.0,4.0,4.0,4.0,0,2610,1
BANKNIFTY29MAY2546100PE.NFO,2025-05-21,13:43:00,2025-05-29,4.0,4.0,4.0,4.0,0,2610,0
BANKNIFTY29MAY2546100PE.NFO,2025-05-21,13:44:00,2025-05-29,4.0,4.0,4.0,4.0,0,2610,0
BANKNIFTY29MAY2546100PE.NFO,2025-05-21,13:45:00,2025-05-29,4.0,4.0,4.0,4.0,0,2610,0
BANKNIFTY29MAY2546100PE.NFO,2025-05-21,13:46:00,2025-05-29,4.0,4.0,4.0,4.0,0,2610,0
BANKNIFTY29MAY2546100PE.NFO,2025-05-21,13:47:00,2025-05-29,4.0,4.0,4.0,4.0,0,2610,1
BANKNIFTY29MAY2546100PE.NFO,2025-05-21,13:48:00,2025-05-29,4.0,4.0,4.0,4.0,0,2610,0
BANKNIFTY29MAY2546100PE.NFO,2025-05-21,13:49:00,2025-05-29,4.0,4.0,4.0,4.0,0,2610,1
BANKNIFTY29MAY2546100PE.NFO,2025-05-21,13:50:00,2025-05-29,4.0,4.0,4.0,4.0,0,2610,1
BANKNIFTY29MAY2546100PE.NFO,2025-05-21,13:51:00,2025-05-29,4.0,4.0,4.0,4.0,0,2610,0
BANKNIFTY29MAY2546100PE.NFO,2025-05-21,13:52:00,2025-05-29,4.0,4.0,4.0,4.0,0,2610,1
BANKNIFTY29MAY2546100PE.NFO,2025-05-21,13:53:00,2025-05-29,4.0,4.0,4.0,4.0,0,2610,1
BANKNIFTY29MAY2546100PE.NFO,2025-05-21,13:54:00,2025-05-29,4.0,4.0,4.0,4.0,0,2610,1
BANKNIFTY29MAY2546100PE.NFO,2025-05-21,13:55:00,2025-05-29,4.0,4.0,4.0,4.0,0,2610,1
BANKNIFTY29MAY2546100PE.NFO,2025-05-21,13:56:00,2025-05-29,4.0,4.0,4.0,4.0,0,2610,1
BANKNIFTY29MAY2546100PE.NFO,2025-05-21,13:57:00,2025-05-29,4.0,4.0,4.0,4.0,0,2610,1
BANKNIFTY29MAY2546100PE.NFO,2025-05-21,13:58:00,2025-05-29,4.0,4.0,4.0,4.0,0,2610,1
BANKNIFTY29MAY2546100PE.NFO,2025-05-21,13:59:00,2025-05-29,4.0,4.0,4.0,4.0,0,2610,1
BANKNIFTY29MAY2546100PE.NFO,2025-05-21,14:00:00,2025-05-29,4.0,4.0,4.0,4.0,0,2610,1
BANKNIFTY29MAY2546100PE.NFO,2025-05-21,14:01:00,2025-05-29,4.0,4.0,4.0,4.0,0,2610,1
BANKNIFTY29MAY2546100PE.NFO,2025-05-21,14:02:00,2025-05-29,4.0,4.0,4.0,4.0,0,2610,1
BANKNIFTY29MAY2546100PE.NFO,2025-05-21,14:03:00,2025-05-29,4.0,4.0,4.0,4.0,0,2610,1
BANKNIFTY29MAY2546100PE.NFO,2025-05-21,14:04:00,2025-05-29,4.0,4.0,4.0,4.0,0,2610,1
BANKNIFTY29MAY2546100PE.NFO,2025-05-21,14:05:00,2025-05-29,4.0,4.0,4.0,4.0,0,2610,0
BANKNIFTY29MAY2546100PE.NFO,2025-05-21,14:06:00,2025-05-29,4.0,4.0,4.0,4.0,0,2610,0
BANKNIFTY29MAY2546100PE.NFO,2025-05-21,14:07:00,2025-05-29,4.0,4.0,4.0,4.0,0,2610,1
BANKNIFTY29MAY2546100PE.NFO,2025-05-21,14:08:00,2025-05-29,4.0,4.0,4.0,4.0,0,2610,0
BANKNIFTY29MAY2546100PE.NFO,2025-05-21,14:09:00,2025-05-29,4.0,4.0,4.0,4.0,0,2610,1
BANKNIFTY29MAY2546100PE.NFO,2025-05-21,14:10:00,2025-05-29,4.0,4.0,4.0,4.0,0,2610,0
BANKNIFTY29MAY2546100PE.NFO,2025-05-21,14:11:00,2025-05-29,4.0,4.0,4.0,4.0,0,2610,1
BANKNIFTY29MAY2546100PE.NFO,2025-05-21,14:12:00,2025-05-29,4.0,4.0,4.0,4.0,0,2610,1
BANKNIFTY29MAY2546100PE.NFO,2025-05-21,14:13:00,2025-05-29,4.0,4.0,4.0,4.0,0,2610,1
BANKNIFTY29MAY2546100PE.NFO,2025-05-21,14:14:00,2025-05-29,4.0,4.0,4.0,4.0,0,2610,1
BANKNIFTY29MAY2546100PE.NFO,2025-05-21,14:15:00,2025-05-29,4.0,4.0,4.0,4.0,0,2610,1
BANKNIFTY29MAY2546100PE.NFO,2025-05-21,14:16:00,2025-05-29,4.0,4.0,4.0,4.0,0,2610,1
BANKNIFTY29MAY2546100PE.NFO,2025-05-21,14:17:00,2025-05-29,4.0,4.0,4.0,4.0,0,2610,1
BANKNIFTY29MAY2546100PE.NFO,2025-05-21,14:18:00,2025-05-29,4.0,4.0,4.0,4.0,0,2610,1
BANKNIFTY29MAY2546100PE.NFO,2025-05-21,14:19:00,2025-05-29,4.0,4.0,4.0,4.0,0,2610,1
BANKNIFTY29MAY2546100PE.NFO,2025-05-21,14:20:00,2025-05-29,4.0,4.0,4.0,4.0,0,2610,1
BANKNIFTY29MAY2546100PE.NFO,2025-05-21,14:21:00,2025-05-29,4.0,4.0,4.0,4.0,0,2610,0
BANKNIFTY29MAY2546100PE.NFO,2025-05-21,14:22:00,2025-05-29,4.0,4.0,4.0,4.0,0,2610,1
BANKNIFTY29MAY2546100PE.NFO,2025-05-21,14:23:00,2025-05-29,4.0,4.0,4.0,4.0,0,2610,1
BANKNIFTY29MAY2546100PE.NFO,2025-05-21,14:24:00,2025-05-29,4.0,4.0,4.0,4.0,0,2610,0
BANKNIFTY29MAY2546100PE.NFO,2025-05-21,14:25:00,2025-05-29,4.0,4.0,4.0,4.0,0,2610,1
BANKNIFTY29MAY2546100PE.NFO,2025-05-21,14:26:00,2025-05-29,4.0,4.0,4.0,4.0,0,2610,1
BANKNIFTY29MAY2546100PE.NFO,2025-05-21,14:27:00,2025-05-29,4.0,4.0,4.0,4.0,0,2610,1
BANKNIFTY29MAY2546100PE.NFO,2025-05-21,14:28:00,2025-05-29,4.0,4.0,4.0,4.0,0,2610,1
BANKNIFTY29MAY2546100PE.NFO,2025-05-21,14:29:00,2025-05-29,4.0,4.0,4.0,4.0,0,2610,1
BANKNIFTY29MAY2546100PE.NFO,2025-05-21,14:30:00,2025-05-29,4.0,4.0,4.0,4.0,0,2610,1
BANKNIFTY29MAY2546100PE.NFO,2025-05-21,14:31:00,2025-05-29,4.0,4.0,4.0,4.0,0,2610,1
BANKNIFTY29MAY2546100PE.NFO,2025-05-21,14:32:00,2025-05-29,4.0,4.0,4.0,4.0,0,2610,0
BANKNIFTY29MAY2546100PE.NFO,2025-05-21,14:33:00,2025-05-29,4.0,4.0,4.0,4.0,0,2610,0
BANKNIFTY29MAY2546100PE.NFO,2025-05-21,14:34:00,2025-05-29,4.0,4.0,4.0,4.0,0,2610,1
BANKNIFTY29MAY2546100PE.NFO,2025-05-21,14:35:00,2025-05-29,4.0,4.0,4.0,4.0,0,2610,1
BANKNIFTY29MAY2546100PE.NFO,2025-05-21,14:36:00,2025-05-29,4.0,4.0,4.0,4.0,0,2610,0
BANKNIFTY29MAY2546100PE.NFO,2025-05-21,14:37:00,2025-05-29,4.0,4.0,4.0,4.0,0,2610,1
BANKNIFTY29MAY2546100PE.NFO,2025-05-21,14:38:00,2025-05-29,4.0,4.0,4.0,4.0,0,2610,1
BANKNIFTY29MAY2546100PE.NFO,2025-05-21,14:39:00,2025-05-29,4.0,4.0,4.0,4.0,0,2610,1
BANKNIFTY29MAY2546100PE.NFO,2025-05-21,14:40:00,2025-05-29,4.0,4.0,4.0,4.0,0,2610,1
BANKNIFTY29MAY2546100PE.NFO,2025-05-21,14:41:00,2025-05-29,4.0,4.0,4.0,4.0,0,2610,0
BANKNIFTY29MAY2546100PE.NFO,2025-05-21,14:42:00,2025-05-29,4.0,4.0,4.0,4.0,0,2610,0
BANKNIFTY29MAY2546100PE.NFO,2025-05-21,14:43:00,2025-05-29,4.0,4.0,4.0,4.0,0,2610,1
BANKNIFTY29MAY2546100PE.NFO,2025-05-21,14:44:00,2025-05-29,4.0,4.0,4.0,4.0,0,2610,0
BANKNIFTY29MAY2546100PE.NFO,2025-05-21,14:45:00,2025-05-29,4.0,4.0,4.0,4.0,0,2610,1
BANKNIFTY29MAY2546100PE.NFO,2025-05-21,14:46:00,2025-05-29,4.0,4.0,4.0,4.0,0,2610,1
BANKNIFTY29MAY2546100PE.NFO,2025-05-21,14:47:00,2025-05-29,4.0,4.0,4.0,4.0,0,2610,1
BANKNIFTY29MAY2546100PE.NFO,2025-05-21,14:48:00,2025-05-29,4.0,4.0,4.0,4.0,0,2610,1
BANKNIFTY29MAY2546100PE.NFO,2025-05-21,14:49:00,2025-05-29,5.0,5.0,5.0,5.0,30,2580,0
BANKNIFTY29MAY2546100PE.NFO,2025-05-21,14:50:00,2025-05-29,5.0,5.0,5.0,5.0,0,2580,0
BANKNIFTY29MAY2546100PE.NFO,2025-05-21,14:51:00,2025-05-29,5.0,5.0,5.0,5.0,0,2580,0
BANKNIFTY29MAY2546100PE.NFO,2025-05-21,14:52:00,2025-05-29,5.0,5.0,5.0,5.0,0,2580,0
BANKNIFTY29MAY2546100PE.NFO,2025-05-21,14:53:00,2025-05-29,5.0,5.0,5.0,5.0,0,2580,1
BANKNIFTY29MAY2546100PE.NFO,2025-05-21,14:54:00,2025-05-29,5.0,5.0,5.0,5.0,0,2580,0
BANKNIFTY29MAY2546100PE.NFO,2025-05-21,14:55:00,2025-05-29,5.0,5.0,5.0,5.0,0,2580,0
BANKNIFTY29MAY2546100PE.NFO,2025-05-21,14:56:00,2025-05-29,5.0,5.0,5.0,5.0,0,2580,1
BANKNIFTY29MAY2546100PE.NFO,2025-05-21,14:57:00,2025-05-29,5.0,5.0,5.0,5.0,0,2580,1
BANKNIFTY29MAY2546100PE.NFO,2025-05-21,14:58:00,2025-05-29,5.0,5.0,5.0,5.0,0,2580,0
BANKNIFTY29MAY2546100PE.NFO,2025-05-21,14:59:00,2025-05-29,5.0,5.0,5.0,5.0,0,2580,0
BANKNIFTY29MAY2546100PE.NFO,2025-05-21,15:00:00,2025-05-29,5.0,5.0,5.0,5.0,0,2580,1
BANKNIFTY29MAY2546100PE.NFO,2025-05-21,15:01:00,2025-05-29,5.0,5.0,5.0,5.0,0,2580,1
BANKNIFTY29MAY2546100PE.NFO,2025-05-21,15:02:00,2025-05-29,5.0,5.0,5.0,5.0,0,2580,1
BANKNIFTY29MAY2546100PE.NFO,2025-05-21,15:03:00,2025-05-29,5.0,5.0,5.0,5.0,0,2580,1
BANKNIFTY29MAY2546100PE.NFO,2025-05-21,15:04:00,2025-05-29,5.0,5.0,5.0,5.0,0,2580,0
BANKNIFTY29MAY2546100PE.NFO,2025-05-21,15:05:00,2025-05-29,5.0,5.0,5.0,5.0,0,2580,1
BANKNIFTY29MAY2546100PE.NFO,2025-05-21,15:06:00,2025-05-29,5.0,5.0,5.0,5.0,0,2580,0
BANKNIFTY29MAY2546100PE.NFO,2025-05-21,15:07:00,2025-05-29,5.0,5.0,5.0,5.0,0,2580,0
BANKNIFTY29MAY2546100PE.NFO,2025-05-21,15:08:00,2025-05-29,5.0,5.0,5.0,5.0,0,2580,1
BANKNIFTY29MAY2546100PE.NFO,2025-05-21,15:09:00,2025-05-29,5.0,5.0,5.0,5.0,0,2580,1
BANKNIFTY29MAY2546100PE.NFO,2025-05-21,15:10:00,2025-05-29,5.0,5.0,5.0,5.0,0,2580,0
BANKNIFTY29MAY2546100PE.NFO,2025-05-21,15:11:00,2025-05-29,5.0,5.0,5.0,5.0,0,2580,1
BANKNIFTY29MAY2546100PE.NFO,2025-05-21,15:12:00,2025-05-29,5.0,5.0,5.0,5.0,0,2580,1
BANKNIFTY29MAY2546100PE.NFO,2025-05-21,15:13:00,2025-05-29,5.0,5.0,5.0,5.0,0,2580,1
BANKNIFTY29MAY2546100PE.NFO,2025-05-21,15:14:00,2025-05-29,5.0,5.0,5.0,5.0,0,2580,0
BANKNIFTY29MAY2546100PE.NFO,2025-05-21,15:15:00,2025-05-29,2.65,2.65,2.65,2.65,30,2610,0
BANKNIFTY29MAY2546100PE.NFO,2025-05-21,15:16:00,2025-05-29,2.65,2.65,2.65,2.65,0,2610,0
BANKNIFTY29MAY2546100PE.NFO,2025-05-21,15:17:00,2025-05-29,2.65,2.65,2.65,2.65,0,2610,0
BANKNIFTY29MAY2546100PE.NFO,2025-05-21,15:18:00,2025-05-29,2.65,2.65,2.65,2.65,0,2610,0
BANKNIFTY29MAY2546100PE.NFO,2025-05-21,15:19:00,2025-05-29,2.65,2.65,2.65,2.65,0,2610,0
BANKNIFTY29MAY2546100PE.NFO,2025-05-21,15:20:00,2025-05-29,2.65,2.65,2.65,2.65,0,2610,0
BANKNIFTY29MAY2546100PE.NFO,2025-05-21,15:21:00,2025-05-29,2.65,2.65,2.65,2.65,0,2610,0
BANKNIFTY29MAY2546100PE.NFO,2025-05-21,15:22:00,2025-05-29,2.65,3.55,2.65,3.55,30,2610,0
BANKNIFTY29MAY2546100PE.NFO,2025-05-21,15:23:00,2025-05-29,3.55,3.55,3.55,3.55,0,2610,0
BANKNIFTY29MAY2546100PE.NFO,2025-05-21,15:24:00,2025-05-29,3.55,3.55,3.55,3.55,0,2610,0
BANKNIFTY29MAY2546100PE.NFO,2025-05-21,15:25:00,2025-05-29,3.55,3.55,2.7,2.7,0,2580,0
BANKNIFTY29MAY2546100PE.NFO,2025-05-21,15:26:00,2025-05-29,3.85,3.85,3.4,3.4,180,2580,0
BANKNIFTY29MAY2546100PE.NFO,2025-05-21,15:27:00,2025-05-29,3.4,3.4,3.4,3.4,0,2580,0
BANKNIFTY29MAY2546100PE.NFO,2025-05-21,15:28:00,2025-05-29,3.4,3.4,3.4,3.4,0,2580,0
BANKNIFTY29MAY2546100PE.NFO,2025-05-21,15:29:00,2025-05-29,3.4,3.4,3.4,3.4,0,2580,0
BANKNIFTY29MAY2546100PE.NFO,2025-05-21,15:30:00,2025-05-29,3.4,3.4,3.4,3.4,0,2580,1
BANKNIFTY29MAY2546100PE.NFO,2025-05-22,09:15:00,2025-05-29,3.35,3.35,3.35,3.35,0,2520,1
BANKNIFTY29MAY2546100PE.NFO,2025-05-22,09:16:00,2025-05-29,3.35,3.35,3.35,3.35,0,2520,1
BANKNIFTY29MAY2546100PE.NFO,2025-05-22,09:17:00,2025-05-29,3.35,3.35,3.35,3.35,0,2520,1
BANKNIFTY29MAY2546100PE.NFO,2025-05-22,09:18:00,2025-05-29,3.35,3.35,3.35,3.35,0,2520,1
BANKNIFTY29MAY2546100PE.NFO,2025-05-22,09:19:00,2025-05-29,3.35,3.35,3.35,3.35,0,2520,1
BANKNIFTY29MAY2546100PE.NFO,2025-05-22,09:20:00,2025-05-29,3.35,3.35,3.35,3.35,0,2520,1
BANKNIFTY29MAY2546100PE.NFO,2025-05-22,09:21:00,2025-05-29,3.35,3.35,3.35,3.35,0,2520,1
BANKNIFTY29MAY2546100PE.NFO,2025-05-22,09:22:00,2025-05-29,3.35,3.35,3.35,3.35,0,2520,1
BANKNIFTY29MAY2546100PE.NFO,2025-05-22,09:23:00,2025-05-29,3.35,3.35,3.35,3.35,0,2520,1
BANKNIFTY29MAY2546100PE.NFO,2025-05-22,09:24:00,2025-05-29,3.35,3.35,3.35,3.35,0,2520,0
BANKNIFTY29MAY2546100PE.NFO,2025-05-22,09:25:00,2025-05-29,3.35,3.35,3.35,3.35,0,2520,0
BANKNIFTY29MAY2546100PE.NFO,2025-05-22,09:26:00,2025-05-29,3.35,3.35,3.35,3.35,0,2520,1
BANKNIFTY29MAY2546100PE.NFO,2025-05-22,09:27:00,2025-05-29,3.35,3.35,3.35,3.35,0,2520,0
BANKNIFTY29MAY2546100PE.NFO,2025-05-22,09:28:00,2025-05-29,3.35,3.35,3.35,3.35,0,2520,1
BANKNIFTY29MAY2546100PE.NFO,2025-05-22,09:29:00,2025-05-29,3.35,3.35,3.35,3.35,0,2520,0
BANKNIFTY29MAY2546100PE.NFO,2025-05-22,09:30:00,2025-05-29,3.35,3.35,3.35,3.35,0,2520,0
BANKNIFTY29MAY2546100PE.NFO,2025-05-22,09:31:00,2025-05-29,3.35,3.35,3.35,3.35,0,2520,0
BANKNIFTY29MAY2546100PE.NFO,2025-05-22,09:32:00,2025-05-29,3.35,3.35,3.35,3.35,0,2520,0
BANKNIFTY29MAY2546100PE.NFO,2025-05-22,09:33:00,2025-05-29,3.35,3.35,3.35,3.35,180,2520,0
BANKNIFTY29MAY2546100PE.NFO,2025-05-22,09:34:00,2025-05-29,3.35,3.35,3.35,3.35,0,2520,0
BANKNIFTY29MAY2546100PE.NFO,2025-05-22,09:35:00,2025-05-29,3.35,3.35,3.35,3.35,0,2520,0
BANKNIFTY29MAY2546100PE.NFO,2025-05-22,09:36:00,2025-05-29,3.35,3.35,3.35,3.35,0,2520,0
BANKNIFTY29MAY2546100PE.NFO,2025-05-22,09:37:00,2025-05-29,3.35,3.35,3.35,3.35,0,2520,1
BANKNIFTY29MAY2546100PE.NFO,2025-05-22,09:38:00,2025-05-29,3.35,3.35,3.35,3.35,0,2520,1
BANKNIFTY29MAY2546100PE.NFO,2025-05-22,09:39:00,2025-05-29,3.35,3.35,3.35,3.35,0,2520,0
BANKNIFTY29MAY2546100PE.NFO,2025-05-22,09:40:00,2025-05-29,3.35,3.35,3.35,3.35,0,2520,1
BANKNIFTY29MAY2546100PE.NFO,2025-05-22,09:41:00,2025-05-29,3.35,3.35,3.35,3.35,0,2520,1
BANKNIFTY29MAY2546100PE.NFO,2025-05-22,09:42:00,2025-05-29,4.95,4.95,4.95,4.95,30,2520,0
BANKNIFTY29MAY2546100PE.NFO,2025-05-22,09:43:00,2025-05-29,4.95,4.95,4.95,4.95,0,2520,0
BANKNIFTY29MAY2546100PE.NFO,2025-05-22,09:44:00,2025-05-29,4.95,4.95,4.95,4.95,0,2520,0
BANKNIFTY29MAY2546100PE.NFO,2025-05-22,09:45:00,2025-05-29,5.0,5.0,5.0,5.0,30,2520,0
BANKNIFTY29MAY2546100PE.NFO,2025-05-22,09:46:00,2025-05-29,5.0,5.0,5.0,5.0,0,2520,0
BANKNIFTY29MAY2546100PE.NFO,2025-05-22,09:47:00,2025-05-29,5.0,5.0,5.0,5.0,0,2520,0
BANKNIFTY29MAY2546100PE.NFO,2025-05-22,09:48:00,2025-05-29,5.0,5.0,5.0,5.0,0,2520,0
BANKNIFTY29MAY2546100PE.NFO,2025-05-22,09:49:00,2025-05-29,5.0,5.0,4.5,4.5,0,2490,0
BANKNIFTY29MAY2546100PE.NFO,2025-05-22,09:50:00,2025-05-29,4.5,4.5,4.5,4.5,30,2490,0
BANKNIFTY29MAY2546100PE.NFO,2025-05-22,09:51:00,2025-05-29,4.5,4.5,4.5,4.5,0,2490,0
BANKNIFTY29MAY2546100PE.NFO,2025-05-22,09:52:00,2025-05-29,4.5,4.5,4.5,4.5,0,2490,0
BANKNIFTY29MAY2546100PE.NFO,2025-05-22,09:53:00,2025-05-29,5.0,5.0,5.0,5.0,60,2460,0
BANKNIFTY29MAY2546100PE.NFO,2025-05-22,09:54:00,2025-05-29,5.0,5.0,5.0,5.0,0,2460,0
BANKNIFTY29MAY2546100PE.NFO,2025-05-22,09:55:00,2025-05-29,5.0,5.0,5.0,5.0,60,2430,0
BANKNIFTY29MAY2546100PE.NFO,2025-05-22,09:56:00,2025-05-29,5.0,5.0,5.0,5.0,210,2430,0
BANKNIFTY29MAY2546100PE.NFO,2025-05-22,09:57:00,2025-05-29,5.0,5.0,5.0,5.0,0,2430,0
BANKNIFTY29MAY2546100PE.NFO,2025-05-22,09:58:00,2025-05-29,5.0,5.0,5.0,5.0,0,2430,0
BANKNIFTY29MAY2546100PE.NFO,2025-05-22,09:59:00,2025-05-29,5.0,5.0,5.0,5.0,0,2430,0
BANKNIFTY29MAY2546100PE.NFO,2025-05-22,10:00:00,2025-05-29,5.0,5.0,5.0,5.0,0,2430,0
BANKNIFTY29MAY2546100PE.NFO,2025-05-22,10:01:00,2025-05-29,5.0,5.0,5.0,5.0,0,2430,0
BANKNIFTY29MAY2546100PE.NFO,2025-05-22,10:02:00,2025-05-29,5.0,5.0,5.0,5.0,0,2430,0
BANKNIFTY29MAY2546100PE.NFO,2025-05-22,10:03:00,2025-05-29,5.0,5.0,5.0,5.0,0,2430,0
BANKNIFTY29MAY2546100PE.NFO,2025-05-22,10:04:00,2025-05-29,5.0,5.0,5.0,5.0,0,2430,0
BANKNIFTY29MAY2546100PE.NFO,2025-05-22,10:05:00,2025-05-29,5.0,5.0,5.0,5.0,0,2430,0
BANKNIFTY29MAY2546100PE.NFO,2025-05-22,10:06:00,2025-05-29,5.0,5.0,5.0,5.0,0,2430,0
BANKNIFTY29MAY2546100PE.NFO,2025-05-22,10:07:00,2025-05-29,5.0,5.0,5.0,5.0,0,2430,0
BANKNIFTY29MAY2546100PE.NFO,2025-05-22,10:08:00,2025-05-29,5.0,5.0,5.0,5.0,0,2430,1
BANKNIFTY29MAY2546100PE.NFO,2025-05-22,10:09:00,2025-05-29,5.0,5.0,5.0,5.0,0,2430,0
BANKNIFTY29MAY2546100PE.NFO,2025-05-22,10:10:00,2025-05-29,5.0,5.0,5.0,5.0,0,2430,1
BANKNIFTY29MAY2546100PE.NFO,2025-05-22,10:11:00,2025-05-29,5.0,5.0,5.0,5.0,0,2430,0
BANKNIFTY29MAY2546100PE.NFO,2025-05-22,10:12:00,2025-05-29,5.0,5.0,5.0,5.0,0,2430,0
BANKNIFTY29MAY2546100PE.NFO,2025-05-22,10:13:00,2025-05-29,5.0,5.0,5.0,5.0,0,2430,0
BANKNIFTY29MAY2546100PE.NFO,2025-05-22,10:14:00,2025-05-29,5.0,5.0,5.0,5.0,0,2430,0
BANKNIFTY29MAY2546100PE.NFO,2025-05-22,10:15:00,2025-05-29,5.0,5.0,5.0,5.0,0,2430,1
BANKNIFTY29MAY2546100PE.NFO,2025-05-22,10:16:00,2025-05-29,5.0,5.0,5.0,5.0,0,2430,0
BANKNIFTY29MAY2546100PE.NFO,2025-05-22,10:17:00,2025-05-29,5.0,5.0,5.0,5.0,0,2430,0
BANKNIFTY29MAY2546100PE.NFO,2025-05-22,10:18:00,2025-05-29,5.0,5.0,5.0,5.0,0,2430,0
BANKNIFTY29MAY2546100PE.NFO,2025-05-22,10:19:00,2025-05-29,5.0,5.0,5.0,5.0,0,2430,0
BANKNIFTY29MAY2546100PE.NFO,2025-05-22,10:20:00,2025-05-29,5.0,5.0,5.0,5.0,0,2430,0
BANKNIFTY29MAY2546100PE.NFO,2025-05-22,10:21:00,2025-05-29,5.0,5.0,5.0,5.0,0,2430,0
BANKNIFTY29MAY2546100PE.NFO,2025-05-22,10:22:00,2025-05-29,5.0,5.0,5.0,5.0,0,2430,0
BANKNIFTY29MAY2546100PE.NFO,2025-05-22,10:23:00,2025-05-29,5.0,5.0,5.0,5.0,0,2430,0
BANKNIFTY29MAY2546100PE.NFO,2025-05-22,10:24:00,2025-05-29,5.0,5.0,5.0,5.0,0,2430,1
BANKNIFTY29MAY2546100PE.NFO,2025-05-22,10:25:00,2025-05-29,5.0,5.0,5.0,5.0,0,2430,0
BANKNIFTY29MAY2546100PE.NFO,2025-05-22,10:26:00,2025-05-29,5.0,5.0,5.0,5.0,0,2430,0
BANKNIFTY29MAY2546100PE.NFO,2025-05-22,10:27:00,2025-05-29,5.0,5.0,5.0,5.0,0,2430,0
BANKNIFTY29MAY2546100PE.NFO,2025-05-22,10:28:00,2025-05-29,5.0,5.0,5.0,5.0,0,2430,0
BANKNIFTY29MAY2546100PE.NFO,2025-05-22,10:29:00,2025-05-29,5.0,5.0,5.0,5.0,0,2430,0
BANKNIFTY29MAY2546100PE.NFO,2025-05-22,10:30:00,2025-05-29,5.0,5.0,5.0,5.0,0,2430,0
BANKNIFTY29MAY2546100PE.NFO,2025-05-22,10:31:00,2025-05-29,5.0,5.0,5.0,5.0,0,2430,0
BANKNIFTY29MAY2546100PE.NFO,2025-05-22,10:32:00,2025-05-29,5.0,5.0,5.0,5.0,0,2430,0
BANKNIFTY29MAY2546100PE.NFO,2025-05-22,10:33:00,2025-05-29,5.0,5.0,5.0,5.0,0,2430,1
BANKNIFTY29MAY2546100PE.NFO,2025-05-22,10:34:00,2025-05-29,5.0,5.0,5.0,5.0,0,2430,0
BANKNIFTY29MAY2546100PE.NFO,2025-05-22,10:35:00,2025-05-29,5.0,5.0,5.0,5.0,0,2430,0
BANKNIFTY29MAY2546100PE.NFO,2025-05-22,10:36:00,2025-05-29,5.0,5.0,5.0,5.0,0,2430,0
BANKNIFTY29MAY2546100PE.NFO,2025-05-22,10:37:00,2025-05-29,5.0,5.0,5.0,5.0,0,2430,0
BANKNIFTY29MAY2546100PE.NFO,2025-05-22,10:38:00,2025-05-29,5.0,5.0,5.0,5.0,0,2430,1
BANKNIFTY29MAY2546100PE.NFO,2025-05-22,10:39:00,2025-05-29,5.0,5.0,5.0,5.0,0,2430,1
BANKNIFTY29MAY2546100PE.NFO,2025-05-22,10:40:00,2025-05-29,5.0,5.0,5.0,5.0,0,2430,1
BANKNIFTY29MAY2546100PE.NFO,2025-05-22,10:41:00,2025-05-29,5.0,5.0,5.0,5.0,0,2430,0
BANKNIFTY29MAY2546100PE.NFO,2025-05-22,10:42:00,2025-05-29,5.0,5.0,5.0,5.0,0,2430,1
BANKNIFTY29MAY2546100PE.NFO,2025-05-22,10:43:00,2025-05-29,5.0,5.0,5.0,5.0,0,2430,1
BANKNIFTY29MAY2546100PE.NFO,2025-05-22,10:44:00,2025-05-29,5.0,5.0,5.0,5.0,0,2430,1
BANKNIFTY29MAY2546100PE.NFO,2025-05-22,10:45:00,2025-05-29,5.0,5.0,5.0,5.0,0,2430,0
BANKNIFTY29MAY2546100PE.NFO,2025-05-22,10:46:00,2025-05-29,5.0,5.0,5.0,5.0,0,2430,0
BANKNIFTY29MAY2546100PE.NFO,2025-05-22,10:47:00,2025-05-29,5.0,5.0,5.0,5.0,0,2430,0
BANKNIFTY29MAY2546100PE.NFO,2025-05-22,10:48:00,2025-05-29,5.0,5.0,5.0,5.0,0,2430,1
BANKNIFTY29MAY2546100PE.NFO,2025-05-22,10:49:00,2025-05-29,5.0,5.0,5.0,5.0,0,2430,1
BANKNIFTY29MAY2546100PE.NFO,2025-05-22,10:50:00,2025-05-29,5.0,5.0,5.0,5.0,0,2430,1
BANKNIFTY29MAY2546100PE.NFO,2025-05-22,10:51:00,2025-05-29,5.0,5.0,5.0,5.0,0,2430,1
BANKNIFTY29MAY2546100PE.NFO,2025-05-22,10:52:00,2025-05-29,5.0,5.0,5.0,5.0,0,2430,1
BANKNIFTY29MAY2546100PE.NFO,2025-05-22,10:53:00,2025-05-29,5.0,5.0,5.0,5.0,0,2430,1
BANKNIFTY29MAY2546100PE.NFO,2025-05-22,10:54:00,2025-05-29,5.0,5.0,5.0,5.0,0,2430,1
BANKNIFTY29MAY2546100PE.NFO,2025-05-22,10:55:00,2025-05-29,5.0,5.0,5.0,5.0,0,2430,1
BANKNIFTY29MAY2546100PE.NFO,2025-05-22,10:56:00,2025-05-29,5.0,5.0,5.0,5.0,0,2430,0
BANKNIFTY29MAY2546100PE.NFO,2025-05-22,10:57:00,2025-05-29,5.0,5.0,5.0,5.0,0,2430,1
BANKNIFTY29MAY2546100PE.NFO,2025-05-22,10:58:00,2025-05-29,5.0,5.0,5.0,5.0,0,2430,1
BANKNIFTY29MAY2546100PE.NFO,2025-05-22,10:59:00,2025-05-29,5.0,5.0,5.0,5.0,0,2430,1
BANKNIFTY29MAY2546100PE.NFO,2025-05-22,11:00:00,2025-05-29,5.0,5.0,5.0,5.0,0,2430,1
BANKNIFTY29MAY2546100PE.NFO,2025-05-22,11:01:00,2025-05-29,5.0,5.0,5.0,5.0,0,2430,1
BANKNIFTY29MAY2546100PE.NFO,2025-05-22,11:02:00,2025-05-29,5.0,5.0,5.0,5.0,0,2430,1
BANKNIFTY29MAY2546100PE.NFO,2025-05-22,11:03:00,2025-05-29,5.0,5.0,5.0,5.0,0,2430,1
BANKNIFTY29MAY2546100PE.NFO,2025-05-22,11:04:00,2025-05-29,5.0,5.0,5.0,5.0,0,2430,1
BANKNIFTY29MAY2546100PE.NFO,2025-05-22,11:05:00,2025-05-29,5.0,5.0,5.0,5.0,0,2430,1
BANKNIFTY29MAY2546100PE.NFO,2025-05-22,11:06:00,2025-05-29,5.0,5.0,5.0,5.0,0,2430,0
BANKNIFTY29MAY2546100PE.NFO,2025-05-22,11:07:00,2025-05-29,5.0,5.0,5.0,5.0,0,2430,1
BANKNIFTY29MAY2546100PE.NFO,2025-05-22,11:08:00,2025-05-29,5.0,5.0,5.0,5.0,0,2430,1
BANKNIFTY29MAY2546100PE.NFO,2025-05-22,11:09:00,2025-05-29,5.0,5.0,5.0,5.0,0,2430,1
BANKNIFTY29MAY2546100PE.NFO,2025-05-22,11:10:00,2025-05-29,5.0,5.0,5.0,5.0,0,2430,1
BANKNIFTY29MAY2546100PE.NFO,2025-05-22,11:11:00,2025-05-29,5.0,5.0,5.0,5.0,0,2430,1
BANKNIFTY29MAY2546100PE.NFO,2025-05-22,11:12:00,2025-05-29,3.85,4.65,3.85,4.65,60,2430,0
BANKNIFTY29MAY2546100PE.NFO,2025-05-22,11:13:00,2025-05-29,4.65,4.65,4.65,4.65,0,2430,0
BANKNIFTY29MAY2546100PE.NFO,2025-05-22,11:14:00,2025-05-29,4.65,4.65,4.65,4.65,0,2430,0
BANKNIFTY29MAY2546100PE.NFO,2025-05-22,11:15:00,2025-05-29,4.65,4.65,4.65,4.65,0,2430,0
BANKNIFTY29MAY2546100PE.NFO,2025-05-22,11:16:00,2025-05-29,4.65,4.65,4.65,4.65,0,2430,0
BANKNIFTY29MAY2546100PE.NFO,2025-05-22,11:17:00,2025-05-29,4.65,4.65,4.65,4.65,0,2430,1
BANKNIFTY29MAY2546100PE.NFO,2025-05-22,11:18:00,2025-05-29,4.65,4.65,4.65,4.65,0,2430,0
BANKNIFTY29MAY2546100PE.NFO,2025-05-22,11:19:00,2025-05-29,4.65,4.65,4.65,4.65,0,2430,1
BANKNIFTY29MAY2546100PE.NFO,2025-05-22,11:20:00,2025-05-29,4.65,4.65,4.65,4.65,0,2430,1
BANKNIFTY29MAY2546100PE.NFO,2025-05-22,11:21:00,2025-05-29,4.65,4.65,4.65,4.65,0,2430,0
BANKNIFTY29MAY2546100PE.NFO,2025-05-22,11:22:00,2025-05-29,4.65,4.65,4.65,4.65,0,2430,1
BANKNIFTY29MAY2546100PE.NFO,2025-05-22,11:23:00,2025-05-29,4.65,4.65,4.65,4.65,0,2430,0
BANKNIFTY29MAY2546100PE.NFO,2025-05-22,11:24:00,2025-05-29,4.65,4.65,4.65,4.65,0,2430,0
BANKNIFTY29MAY2546100PE.NFO,2025-05-22,11:25:00,2025-05-29,4.65,4.65,4.65,4.65,0,2430,1
BANKNIFTY29MAY2546100PE.NFO,2025-05-22,11:26:00,2025-05-29,4.65,4.65,4.65,4.65,0,2430,0
BANKNIFTY29MAY2546100PE.NFO,2025-05-22,11:27:00,2025-05-29,4.65,4.65,4.65,4.65,0,2430,1
BANKNIFTY29MAY2546100PE.NFO,2025-05-22,11:28:00,2025-05-29,4.65,4.65,4.65,4.65,0,2430,0
BANKNIFTY29MAY2546100PE.NFO,2025-05-22,11:29:00,2025-05-29,4.65,4.65,4.65,4.65,0,2430,1
BANKNIFTY29MAY2546100PE.NFO,2025-05-22,11:30:00,2025-05-29,5.6,5.6,5.6,5.6,60,2430,0
BANKNIFTY29MAY2546100PE.NFO,2025-05-22,11:31:00,2025-05-29,5.6,5.6,5.6,5.6,0,2430,0
BANKNIFTY29MAY2546100PE.NFO,2025-05-22,11:32:00,2025-05-29,5.6,5.6,5.6,5.6,0,2430,0
BANKNIFTY29MAY2546100PE.NFO,2025-05-22,11:33:00,2025-05-29,5.6,5.6,4.5,4.5,30,2430,0
BANKNIFTY29MAY2546100PE.NFO,2025-05-22,11:34:00,2025-05-29,4.5,4.5,4.5,4.5,0,2430,0
BANKNIFTY29MAY2546100PE.NFO,2025-05-22,11:35:00,2025-05-29,4.5,4.5,4.5,4.5,0,2430,0
BANKNIFTY29MAY2546100PE.NFO,2025-05-22,11:36:00,2025-05-29,4.5,4.5,4.5,4.5,0,2430,0
BANKNIFTY29MAY2546100PE.NFO,2025-05-22,11:37:00,2025-05-29,4.5,4.5,4.5,4.5,0,2430,0
BANKNIFTY29MAY2546100PE.NFO,2025-05-22,11:38:00,2025-05-29,4.5,4.5,4.5,4.5,0,2430,1
BANKNIFTY29MAY2546100PE.NFO,2025-05-22,11:39:00,2025-05-29,4.5,4.5,4.5,4.5,0,2430,0
BANKNIFTY29MAY2546100PE.NFO,2025-05-22,11:40:00,2025-05-29,4.5,4.5,4.5,4.5,0,2430,0
BANKNIFTY29MAY2546100PE.NFO,2025-05-22,11:41:00,2025-05-29,4.5,4.5,4.5,4.5,0,2430,0
BANKNIFTY29MAY2546100PE.NFO,2025-05-22,11:42:00,2025-05-29,4.5,4.5,4.5,4.5,0,2430,0
BANKNIFTY29MAY2546100PE.NFO,2025-05-22,11:43:00,2025-05-29,4.5,4.5,4.5,4.5,0,2430,0
BANKNIFTY29MAY2546100PE.NFO,2025-05-22,11:44:00,2025-05-29,4.5,4.5,4.5,4.5,0,2430,0
BANKNIFTY29MAY2546100PE.NFO,2025-05-22,11:45:00,2025-05-29,4.5,4.5,4.5,4.5,0,2430,0
BANKNIFTY29MAY2546100PE.NFO,2025-05-22,11:46:00,2025-05-29,4.5,4.5,4.5,4.5,0,2430,0
BANKNIFTY29MAY2546100PE.NFO,2025-05-22,11:47:00,2025-05-29,4.5,4.5,4.5,4.5,0,2430,0
BANKNIFTY29MAY2546100PE.NFO,2025-05-22,11:48:00,2025-05-29,4.5,4.5,4.5,4.5,0,2430,0
BANKNIFTY29MAY2546100PE.NFO,2025-05-22,11:49:00,2025-05-29,4.5,4.5,4.5,4.5,0,2430,0
BANKNIFTY29MAY2546100PE.NFO,2025-05-22,11:50:00,2025-05-29,4.5,4.5,4.5,4.5,0,2430,1
BANKNIFTY29MAY2546100PE.NFO,2025-05-22,11:51:00,2025-05-29,4.5,4.5,4.5,4.5,0,2430,0
BANKNIFTY29MAY2546100PE.NFO,2025-05-22,11:52:00,2025-05-29,4.5,4.5,4.5,4.5,0,2430,1
BANKNIFTY29MAY2546100PE.NFO,2025-05-22,11:53:00,2025-05-29,4.5,4.5,4.5,4.5,0,2430,1
BANKNIFTY29MAY2546100PE.NFO,2025-05-22,11:54:00,2025-05-29,4.5,4.5,4.5,4.5,0,2430,1
BANKNIFTY29MAY2546100PE.NFO,2025-05-22,11:55:00,2025-05-29,4.5,4.5,4.5,4.5,0,2430,1
BANKNIFTY29MAY2546100PE.NFO,2025-05-22,11:56:00,2025-05-29,4.5,4.5,4.5,4.5,0,2430,1
BANKNIFTY29MAY2546100PE.NFO,2025-05-22,11:57:00,2025-05-29,4.5,4.5,4.5,4.5,0,2430,0
BANKNIFTY29MAY2546100PE.NFO,2025-05-22,11:58:00,2025-05-29,4.5,4.5,4.5,4.5,0,2430,0
BANKNIFTY29MAY2546100PE.NFO,2025-05-22,11:59:00,2025-05-29,4.5,4.5,4.5,4.5,0,2430,0
BANKNIFTY29MAY2546100PE.NFO,2025-05-22,12:00:00,2025-05-29,4.5,4.5,4.5,4.5,0,2430,1
BANKNIFTY29MAY2546100PE.NFO,2025-05-22,12:01:00,2025-05-29,4.5,4.5,4.5,4.5,0,2430,0
BANKNIFTY29MAY2546100PE.NFO,2025-05-22,12:02:00,2025-05-29,4.5,4.5,4.5,4.5,0,2430,1
BANKNIFTY29MAY2546100PE.NFO,2025-05-22,12:03:00,2025-05-29,4.5,4.5,4.5,4.5,0,2430,0
BANKNIFTY29MAY2546100PE.NFO,2025-05-22,12:04:00,2025-05-29,5.45,6.05,3.9,4.25,180,2430,0
BANKNIFTY29MAY2546100PE.NFO,2025-05-22,12:05:00,2025-05-29,4.25,4.25,4.25,4.25,0,2430,0
BANKNIFTY29MAY2546100PE.NFO,2025-05-22,12:06:00,2025-05-29,4.25,4.25,4.25,4.25,0,2430,0
BANKNIFTY29MAY2546100PE.NFO,2025-05-22,12:07:00,2025-05-29,4.25,4.25,4.25,4.25,0,2430,0
BANKNIFTY29MAY2546100PE.NFO,2025-05-22,12:08:00,2025-05-29,4.25,4.25,4.25,4.25,0,2430,0
BANKNIFTY29MAY2546100PE.NFO,2025-05-22,12:09:00,2025-05-29,4.25,4.25,4.25,4.25,0,2430,0
BANKNIFTY29MAY2546100PE.NFO,2025-05-22,12:10:00,2025-05-29,4.25,4.25,4.25,4.25,0,2430,0
BANKNIFTY29MAY2546100PE.NFO,2025-05-22,12:11:00,2025-05-29,4.25,4.25,4.25,4.25,0,2430,0
BANKNIFTY29MAY2546100PE.NFO,2025-05-22,12:12:00,2025-05-29,4.25,4.25,4.25,4.25,0,2430,0
BANKNIFTY29MAY2546100PE.NFO,2025-05-22,12:13:00,2025-05-29,4.25,4.25,4.25,4.25,0,2430,0
BANKNIFTY29MAY2546100PE.NFO,2025-05-22,12:14:00,2025-05-29,4.25,4.25,4.25,4.25,0,2430,0
BANKNIFTY29MAY2546100PE.NFO,2025-05-22,12:15:00,2025-05-29,4.25,4.25,4.25,4.25,0,2430,0
BANKNIFTY29MAY2546100PE.NFO,2025-05-22,12:16:00,2025-05-29,4.25,4.25,4.25,4.25,0,2430,0
BANKNIFTY29MAY2546100PE.NFO,2025-05-22,12:17:00,2025-05-29,4.25,4.25,4.25,4.25,0,2430,0
BANKNIFTY29MAY2546100PE.NFO,2025-05-22,12:18:00,2025-05-29,4.25,4.25,4.25,4.25,0,2430,1
BANKNIFTY29MAY2546100PE.NFO,2025-05-22,12:19:00,2025-05-29,4.25,4.25,4.25,4.25,0,2430,0
BANKNIFTY29MAY2546100PE.NFO,2025-05-22,12:20:00,2025-05-29,4.25,4.25,4.25,4.25,0,2430,1
BANKNIFTY29MAY2546100PE.NFO,2025-05-22,12:21:00,2025-05-29,4.25,4.25,4.25,4.25,0,2430,1
BANKNIFTY29MAY2546100PE.NFO,2025-05-22,12:22:00,2025-05-29,4.25,4.25,4.25,4.25,0,2430,1
BANKNIFTY29MAY2546100PE.NFO,2025-05-22,12:23:00,2025-05-29,4.25,4.25,4.25,4.25,0,2430,1
BANKNIFTY29MAY2546100PE.NFO,2025-05-22,12:24:00,2025-05-29,4.25,4.25,4.25,4.25,0,2430,0
BANKNIFTY29MAY2546100PE.NFO,2025-05-22,12:25:00,2025-05-29,4.25,4.25,4.25,4.25,0,2430,0
BANKNIFTY29MAY2546100PE.NFO,2025-05-22,12:26:00,2025-05-29,4.25,4.25,4.25,4.25,0,2430,0
BANKNIFTY29MAY2546100PE.NFO,2025-05-22,12:27:00,2025-05-29,4.25,4.25,4.25,4.25,0,2430,0
BANKNIFTY29MAY2546100PE.NFO,2025-05-22,12:28:00,2025-05-29,4.25,4.25,4.25,4.25,0,2430,0
BANKNIFTY29MAY2546100PE.NFO,2025-05-22,12:29:00,2025-05-29,4.25,4.25,4.25,4.25,0,2430,0
BANKNIFTY29MAY2546100PE.NFO,2025-05-22,12:30:00,2025-05-29,4.25,4.25,4.25,4.25,0,2430,0
BANKNIFTY29MAY2546100PE.NFO,2025-05-22,12:31:00,2025-05-29,4.25,4.25,4.25,4.25,0,2430,1
BANKNIFTY29MAY2546100PE.NFO,2025-05-22,12:32:00,2025-05-29,4.25,4.25,4.25,4.25,0,2430,0
BANKNIFTY29MAY2546100PE.NFO,2025-05-22,12:33:00,2025-05-29,4.25,4.25,4.25,4.25,0,2430,1
BANKNIFTY29MAY2546100PE.NFO,2025-05-22,12:34:00,2025-05-29,4.25,4.25,4.25,4.25,0,2430,0
BANKNIFTY29MAY2546100PE.NFO,2025-05-22,12:35:00,2025-05-29,4.25,4.25,4.25,4.25,0,2430,1
BANKNIFTY29MAY2546100PE.NFO,2025-05-22,12:36:00,2025-05-29,4.25,4.25,4.25,4.25,0,2430,1
BANKNIFTY29MAY2546100PE.NFO,2025-05-22,12:37:00,2025-05-29,4.25,4.25,4.25,4.25,0,2430,1
BANKNIFTY29MAY2546100PE.NFO,2025-05-22,12:38:00,2025-05-29,4.25,4.25,4.25,4.25,0,2430,1
BANKNIFTY29MAY2546100PE.NFO,2025-05-22,12:39:00,2025-05-29,4.25,4.25,4.25,4.25,0,2430,1
BANKNIFTY29MAY2546100PE.NFO,2025-05-22,12:40:00,2025-05-29,4.25,4.25,4.25,4.25,0,2430,0
BANKNIFTY29MAY2546100PE.NFO,2025-05-22,12:41:00,2025-05-29,4.25,4.25,4.25,4.25,0,2430,1
BANKNIFTY29MAY2546100PE.NFO,2025-05-22,12:42:00,2025-05-29,4.25,4.25,4.25,4.25,0,2430,0
BANKNIFTY29MAY2546100PE.NFO,2025-05-22,12:43:00,2025-05-29,4.25,4.25,4.25,4.25,0,2430,0
BANKNIFTY29MAY2546100PE.NFO,2025-05-22,12:44:00,2025-05-29,4.25,4.25,4.25,4.25,0,2430,0
BANKNIFTY29MAY2546100PE.NFO,2025-05-22,12:45:00,2025-05-29,4.25,4.25,4.25,4.25,0,2430,1
BANKNIFTY29MAY2546100PE.NFO,2025-05-22,12:46:00,2025-05-29,4.25,4.25,4.25,4.25,0,2430,1
BANKNIFTY29MAY2546100PE.NFO,2025-05-22,12:47:00,2025-05-29,4.25,4.25,4.25,4.25,0,2430,0
BANKNIFTY29MAY2546100PE.NFO,2025-05-22,12:48:00,2025-05-29,4.25,4.25,4.25,4.25,0,2430,1
BANKNIFTY29MAY2546100PE.NFO,2025-05-22,12:49:00,2025-05-29,4.25,4.25,4.25,4.25,0,2430,0
BANKNIFTY29MAY2546100PE.NFO,2025-05-22,12:50:00,2025-05-29,4.25,4.25,4.25,4.25,0,2430,1
BANKNIFTY29MAY2546100PE.NFO,2025-05-22,12:51:00,2025-05-29,4.25,4.25,4.25,4.25,0,2430,1
BANKNIFTY29MAY2546100PE.NFO,2025-05-22,12:52:00,2025-05-29,4.25,4.25,4.25,4.25,0,2430,1
BANKNIFTY29MAY2546100PE.NFO,2025-05-22,12:53:00,2025-05-29,4.25,4.25,4.25,4.25,0,2430,1
BANKNIFTY29MAY2546100PE.NFO,2025-05-22,12:54:00,2025-05-29,4.25,4.25,4.25,4.25,0,2430,1
BANKNIFTY29MAY2546100PE.NFO,2025-05-22,12:55:00,2025-05-29,4.25,4.25,4.25,4.25,0,2430,1
BANKNIFTY29MAY2546100PE.NFO,2025-05-22,12:56:00,2025-05-29,4.25,4.25,4.25,4.25,0,2430,1
BANKNIFTY29MAY2546100PE.NFO,2025-05-22,12:57:00,2025-05-29,4.25,4.25,4.25,4.25,0,2430,1
BANKNIFTY29MAY2546100PE.NFO,2025-05-22,12:58:00,2025-05-29,4.25,4.25,4.25,4.25,0,2430,1
BANKNIFTY29MAY2546100PE.NFO,2025-05-22,12:59:00,2025-05-29,4.25,4.25,4.25,4.25,0,2430,1
BANKNIFTY29MAY2546100PE.NFO,2025-05-22,13:00:00,2025-05-29,4.25,4.25,4.25,4.25,0,2430,1
BANKNIFTY29MAY2546100PE.NFO,2025-05-22,13:01:00,2025-05-29,4.25,4.25,4.25,4.25,0,2430,1
BANKNIFTY29MAY2546100PE.NFO,2025-05-22,13:02:00,2025-05-29,4.25,4.25,4.25,4.25,0,2430,1
BANKNIFTY29MAY2546100PE.NFO,2025-05-22,13:03:00,2025-05-29,4.25,4.25,4.25,4.25,0,2430,1
BANKNIFTY29MAY2546100PE.NFO,2025-05-22,13:04:00,2025-05-29,4.25,4.25,4.25,4.25,0,2430,0
BANKNIFTY29MAY2546100PE.NFO,2025-05-22,13:05:00,2025-05-29,4.25,4.25,4.25,4.25,0,2430,0
BANKNIFTY29MAY2546100PE.NFO,2025-05-22,13:06:00,2025-05-29,4.25,4.25,4.25,4.25,0,2430,1
BANKNIFTY29MAY2546100PE.NFO,2025-05-22,13:07:00,2025-05-29,4.25,4.25,4.25,4.25,0,2430,1
BANKNIFTY29MAY2546100PE.NFO,2025-05-22,13:08:00,2025-05-29,4.25,4.25,4.25,4.25,0,2430,1
BANKNIFTY29MAY2546100PE.NFO,2025-05-22,13:09:00,2025-05-29,4.25,4.25,4.25,4.25,0,2430,0
BANKNIFTY29MAY2546100PE.NFO,2025-05-22,13:10:00,2025-05-29,4.25,4.25,4.25,4.25,0,2430,1
BANKNIFTY29MAY2546100PE.NFO,2025-05-22,13:11:00,2025-05-29,4.25,4.25,4.25,4.25,0,2430,1
BANKNIFTY29MAY2546100PE.NFO,2025-05-22,13:12:00,2025-05-29,4.25,4.25,4.25,4.25,0,2430,0
BANKNIFTY29MAY2546100PE.NFO,2025-05-22,13:13:00,2025-05-29,4.25,4.25,4.25,4.25,0,2430,0
BANKNIFTY29MAY2546100PE.NFO,2025-05-22,13:14:00,2025-05-29,4.25,4.25,4.25,4.25,0,2430,1
BANKNIFTY29MAY2546100PE.NFO,2025-05-22,13:15:00,2025-05-29,4.25,4.25,4.25,4.25,0,2430,1
BANKNIFTY29MAY2546100PE.NFO,2025-05-22,13:16:00,2025-05-29,4.25,4.25,4.25,4.25,0,2430,0
BANKNIFTY29MAY2546100PE.NFO,2025-05-22,13:17:00,2025-05-29,4.25,4.25,4.25,4.25,0,2430,0
BANKNIFTY29MAY2546100PE.NFO,2025-05-22,13:18:00,2025-05-29,4.25,4.25,4.25,4.25,0,2430,1
BANKNIFTY29MAY2546100PE.NFO,2025-05-22,13:19:00,2025-05-29,4.25,4.25,4.25,4.25,0,2430,0
BANKNIFTY29MAY2546100PE.NFO,2025-05-22,13:20:00,2025-05-29,4.25,4.25,4.25,4.25,0,2430,0
BANKNIFTY29MAY2546100PE.NFO,2025-05-22,13:21:00,2025-05-29,4.25,4.25,4.25,4.25,0,2430,0
BANKNIFTY29MAY2546100PE.NFO,2025-05-22,13:22:00,2025-05-29,4.25,4.25,4.25,4.25,0,2430,1
BANKNIFTY29MAY2546100PE.NFO,2025-05-22,13:23:00,2025-05-29,4.25,4.25,4.25,4.25,0,2430,1
BANKNIFTY29MAY2546100PE.NFO,2025-05-22,13:24:00,2025-05-29,4.25,4.25,4.25,4.25,0,2430,1
BANKNIFTY29MAY2546100PE.NFO,2025-05-22,13:25:00,2025-05-29,4.25,4.25,4.25,4.25,0,2430,1
BANKNIFTY29MAY2546100PE.NFO,2025-05-22,13:26:00,2025-05-29,4.25,4.25,4.25,4.25,0,2430,1
BANKNIFTY29MAY2546100PE.NFO,2025-05-22,13:27:00,2025-05-29,4.25,4.25,4.25,4.25,0,2430,1
BANKNIFTY29MAY2546100PE.NFO,2025-05-22,13:28:00,2025-05-29,4.25,4.25,4.25,4.25,0,2430,0
BANKNIFTY29MAY2546100PE.NFO,2025-05-22,13:29:00,2025-05-29,4.25,4.25,4.25,4.25,0,2430,1
BANKNIFTY29MAY2546100PE.NFO,2025-05-22,13:30:00,2025-05-29,4.25,4.25,4.25,4.25,0,2430,0
BANKNIFTY29MAY2546100PE.NFO,2025-05-22,13:31:00,2025-05-29,4.25,4.25,4.25,4.25,0,2430,1
BANKNIFTY29MAY2546100PE.NFO,2025-05-22,13:32:00,2025-05-29,4.25,4.25,4.25,4.25,0,2430,0
BANKNIFTY29MAY2546100PE.NFO,2025-05-22,13:33:00,2025-05-29,4.25,4.25,4.25,4.25,0,2430,0
BANKNIFTY29MAY2546100PE.NFO,2025-05-22,13:34:00,2025-05-29,4.25,4.25,4.25,4.25,0,2430,0
BANKNIFTY29MAY2546100PE.NFO,2025-05-22,13:35:00,2025-05-29,4.25,4.25,4.25,4.25,0,2430,1
BANKNIFTY29MAY2546100PE.NFO,2025-05-22,13:36:00,2025-05-29,4.25,4.25,4.25,4.25,0,2430,1
BANKNIFTY29MAY2546100PE.NFO,2025-05-22,13:37:00,2025-05-29,4.25,4.25,4.25,4.25,0,2430,1
BANKNIFTY29MAY2546100PE.NFO,2025-05-22,13:38:00,2025-05-29,4.25,4.25,4.25,4.25,0,2430,0
BANKNIFTY29MAY2546100PE.NFO,2025-05-22,13:39:00,2025-05-29,4.25,4.25,4.25,4.25,0,2430,1
BANKNIFTY29MAY2546100PE.NFO,2025-05-22,13:40:00,2025-05-29,4.25,4.25,4.25,4.25,0,2430,1
BANKNIFTY29MAY2546100PE.NFO,2025-05-22,13:41:00,2025-05-29,4.25,4.25,4.25,4.25,0,2430,1
BANKNIFTY29MAY2546100PE.NFO,2025-05-22,13:42:00,2025-05-29,4.25,4.25,4.25,4.25,0,2430,1
BANKNIFTY29MAY2546100PE.NFO,2025-05-22,13:43:00,2025-05-29,4.25,4.25,4.25,4.25,0,2430,0
BANKNIFTY29MAY2546100PE.NFO,2025-05-22,13:44:00,2025-05-29,4.25,4.25,4.25,4.25,0,2430,0
BANKNIFTY29MAY2546100PE.NFO,2025-05-22,13:45:00,2025-05-29,4.25,4.25,4.25,4.25,0,2430,0
BANKNIFTY29MAY2546100PE.NFO,2025-05-22,13:46:00,2025-05-29,4.25,4.25,4.25,4.25,0,2430,1
BANKNIFTY29MAY2546100PE.NFO,2025-05-22,13:47:00,2025-05-29,4.25,4.25,4.25,4.25,0,2430,0
BANKNIFTY29MAY2546100PE.NFO,2025-05-22,13:48:00,2025-05-29,4.25,4.25,4.25,4.25,0,2430,1
BANKNIFTY29MAY2546100PE.NFO,2025-05-22,13:49:00,2025-05-29,4.25,4.25,4.25,4.25,0,2430,1
BANKNIFTY29MAY2546100PE.NFO,2025-05-22,13:50:00,2025-05-29,4.25,4.25,4.25,4.25,0,2430,1
BANKNIFTY29MAY2546100PE.NFO,2025-05-22,13:51:00,2025-05-29,4.25,4.25,4.25,4.25,0,2430,1
BANKNIFTY29MAY2546100PE.NFO,2025-05-22,13:52:00,2025-05-29,4.25,4.25,4.25,4.25,0,2430,1
BANKNIFTY29MAY2546100PE.NFO,2025-05-22,13:53:00,2025-05-29,4.25,4.25,4.25,4.25,0,2430,1
BANKNIFTY29MAY2546100PE.NFO,2025-05-22,13:54:00,2025-05-29,4.25,4.25,4.25,4.25,0,2430,1
BANKNIFTY29MAY2546100PE.NFO,2025-05-22,13:55:00,2025-05-29,4.25,4.25,4.25,4.25,0,2430,1
BANKNIFTY29MAY2546100PE.NFO,2025-05-22,13:56:00,2025-05-29,4.25,4.25,4.25,4.25,0,2430,0
BANKNIFTY29MAY2546100PE.NFO,2025-05-22,13:57:00,2025-05-29,4.25,4.25,4.25,4.25,0,2430,1
BANKNIFTY29MAY2546100PE.NFO,2025-05-22,13:58:00,2025-05-29,4.25,4.25,4.25,4.25,0,2430,1
BANKNIFTY29MAY2546100PE.NFO,2025-05-22,13:59:00,2025-05-29,4.25,4.25,4.25,4.25,0,2430,1
BANKNIFTY29MAY2546100PE.NFO,2025-05-22,14:00:00,2025-05-29,4.25,4.25,4.25,4.25,0,2430,1
BANKNIFTY29MAY2546100PE.NFO,2025-05-22,14:01:00,2025-05-29,4.25,4.25,4.25,4.25,0,2430,1
BANKNIFTY29MAY2546100PE.NFO,2025-05-22,14:02:00,2025-05-29,4.25,4.25,4.25,4.25,0,2430,1
BANKNIFTY29MAY2546100PE.NFO,2025-05-22,14:03:00,2025-05-29,4.25,4.25,4.25,4.25,0,2430,1
BANKNIFTY29MAY2546100PE.NFO,2025-05-22,14:04:00,2025-05-29,4.25,4.25,4.25,4.25,0,2430,0
BANKNIFTY29MAY2546100PE.NFO,2025-05-22,14:05:00,2025-05-29,4.25,4.25,4.25,4.25,0,2430,0
BANKNIFTY29MAY2546100PE.NFO,2025-05-22,14:06:00,2025-05-29,4.25,4.25,4.25,4.25,0,2430,1
BANKNIFTY29MAY2546100PE.NFO,2025-05-22,14:07:00,2025-05-29,4.25,4.25,4.25,4.25,0,2430,1
BANKNIFTY29MAY2546100PE.NFO,2025-05-22,14:08:00,2025-05-29,4.25,4.25,4.25,4.25,0,2430,1
BANKNIFTY29MAY2546100PE.NFO,2025-05-22,14:09:00,2025-05-29,4.25,4.25,4.25,4.25,0,2430,1
BANKNIFTY29MAY2546100PE.NFO,2025-05-22,14:10:00,2025-05-29,4.25,4.25,4.25,4.25,0,2430,1
BANKNIFTY29MAY2546100PE.NFO,2025-05-22,14:11:00,2025-05-29,4.25,4.25,4.25,4.25,0,2430,0
BANKNIFTY29MAY2546100PE.NFO,2025-05-22,14:12:00,2025-05-29,4.25,4.25,4.25,4.25,0,2430,1
BANKNIFTY29MAY2546100PE.NFO,2025-05-22,14:13:00,2025-05-29,4.25,4.25,4.25,4.25,0,2430,1
BANKNIFTY29MAY2546100PE.NFO,2025-05-22,14:14:00,2025-05-29,4.25,4.25,4.25,4.25,0,2430,1
BANKNIFTY29MAY2546100PE.NFO,2025-05-22,14:15:00,2025-05-29,4.25,4.25,4.25,4.25,0,2430,1
BANKNIFTY29MAY2546100PE.NFO,2025-05-22,14:16:00,2025-05-29,4.25,4.25,4.25,4.25,0,2430,1
BANKNIFTY29MAY2546100PE.NFO,2025-05-22,14:17:00,2025-05-29,4.25,4.25,4.25,4.25,0,2430,0
BANKNIFTY29MAY2546100PE.NFO,2025-05-22,14:18:00,2025-05-29,4.25,4.25,4.25,4.25,0,2430,1
BANKNIFTY29MAY2546100PE.NFO,2025-05-22,14:19:00,2025-05-29,4.25,4.25,4.25,4.25,0,2430,0
BANKNIFTY29MAY2546100PE.NFO,2025-05-22,14:20:00,2025-05-29,4.25,4.25,4.25,4.25,0,2430,1
BANKNIFTY29MAY2546100PE.NFO,2025-05-22,14:21:00,2025-05-29,4.25,4.25,4.25,4.25,0,2430,0
BANKNIFTY29MAY2546100PE.NFO,2025-05-22,14:22:00,2025-05-29,4.25,4.25,4.25,4.25,0,2430,1
BANKNIFTY29MAY2546100PE.NFO,2025-05-22,14:23:00,2025-05-29,4.25,4.25,4.25,4.25,0,2430,1
BANKNIFTY29MAY2546100PE.NFO,2025-05-22,14:24:00,2025-05-29,4.25,4.25,4.25,4.25,0,2430,1
BANKNIFTY29MAY2546100PE.NFO,2025-05-22,14:25:00,2025-05-29,4.25,4.25,4.25,4.25,0,2430,1
BANKNIFTY29MAY2546100PE.NFO,2025-05-22,14:26:00,2025-05-29,4.25,4.25,4.25,4.25,0,2430,1
BANKNIFTY29MAY2546100PE.NFO,2025-05-22,14:27:00,2025-05-29,4.25,4.25,4.25,4.25,0,2430,0
BANKNIFTY29MAY2546100PE.NFO,2025-05-22,14:28:00,2025-05-29,4.25,4.25,4.25,4.25,0,2430,0
BANKNIFTY29MAY2546100PE.NFO,2025-05-22,14:29:00,2025-05-29,4.25,4.25,4.25,4.25,0,2430,1
BANKNIFTY29MAY2546100PE.NFO,2025-05-22,14:30:00,2025-05-29,4.25,4.25,4.25,4.25,0,2430,1
BANKNIFTY29MAY2546100PE.NFO,2025-05-22,14:31:00,2025-05-29,4.25,4.25,4.25,4.25,0,2430,1
BANKNIFTY29MAY2546100PE.NFO,2025-05-22,14:32:00,2025-05-29,4.25,4.25,4.25,4.25,0,2430,1
BANKNIFTY29MAY2546100PE.NFO,2025-05-22,14:33:00,2025-05-29,4.25,4.25,4.25,4.25,0,2430,1
BANKNIFTY29MAY2546100PE.NFO,2025-05-22,14:34:00,2025-05-29,4.25,4.25,4.25,4.25,0,2430,0
BANKNIFTY29MAY2546100PE.NFO,2025-05-22,14:35:00,2025-05-29,4.25,4.25,4.25,4.25,0,2430,1
BANKNIFTY29MAY2546100PE.NFO,2025-05-22,14:36:00,2025-05-29,4.25,4.25,4.25,4.25,0,2430,1
BANKNIFTY29MAY2546100PE.NFO,2025-05-22,14:37:00,2025-05-29,4.25,4.25,4.25,4.25,0,2430,1
BANKNIFTY29MAY2546100PE.NFO,2025-05-22,14:38:00,2025-05-29,4.25,4.25,4.25,4.25,0,2430,1
BANKNIFTY29MAY2546100PE.NFO,2025-05-22,14:39:00,2025-05-29,4.25,4.25,4.25,4.25,0,2430,1
BANKNIFTY29MAY2546100PE.NFO,2025-05-22,14:40:00,2025-05-29,4.25,4.25,4.25,4.25,0,2430,1
BANKNIFTY29MAY2546100PE.NFO,2025-05-22,14:41:00,2025-05-29,4.25,4.25,4.25,4.25,0,2430,0
BANKNIFTY29MAY2546100PE.NFO,2025-05-22,14:42:00,2025-05-29,4.25,4.25,4.25,4.25,0,2430,1
BANKNIFTY29MAY2546100PE.NFO,2025-05-22,14:43:00,2025-05-29,4.25,4.25,4.25,4.25,0,2430,1
BANKNIFTY29MAY2546100PE.NFO,2025-05-22,14:44:00,2025-05-29,4.25,4.25,4.25,4.25,0,2430,1
BANKNIFTY29MAY2546100PE.NFO,2025-05-22,14:45:00,2025-05-29,4.25,4.25,4.25,4.25,0,2430,0
BANKNIFTY29MAY2546100PE.NFO,2025-05-22,14:46:00,2025-05-29,4.25,4.25,4.25,4.25,0,2430,1
BANKNIFTY29MAY2546100PE.NFO,2025-05-22,14:47:00,2025-05-29,4.25,4.25,4.25,4.25,0,2430,0
BANKNIFTY29MAY2546100PE.NFO,2025-05-22,14:48:00,2025-05-29,4.25,4.25,4.25,4.25,0,2430,0
BANKNIFTY29MAY2546100PE.NFO,2025-05-22,14:49:00,2025-05-29,4.25,4.25,4.25,4.25,0,2430,0
BANKNIFTY29MAY2546100PE.NFO,2025-05-22,14:50:00,2025-05-29,4.25,4.25,4.25,4.25,0,2430,1
BANKNIFTY29MAY2546100PE.NFO,2025-05-22,14:51:00,2025-05-29,4.25,4.25,4.25,4.25,0,2430,0
BANKNIFTY29MAY2546100PE.NFO,2025-05-22,14:52:00,2025-05-29,4.25,4.25,4.25,4.25,0,2430,0
BANKNIFTY29MAY2546100PE.NFO,2025-05-22,14:53:00,2025-05-29,4.25,4.25,4.25,4.25,0,2430,1
BANKNIFTY29MAY2546100PE.NFO,2025-05-22,14:54:00,2025-05-29,4.25,4.25,4.25,4.25,0,2430,0
BANKNIFTY29MAY2546100PE.NFO,2025-05-22,14:55:00,2025-05-29,4.25,4.25,4.25,4.25,0,2430,1
BANKNIFTY29MAY2546100PE.NFO,2025-05-22,14:56:00,2025-05-29,4.25,4.25,4.25,4.25,0,2430,1
BANKNIFTY29MAY2546100PE.NFO,2025-05-22,14:57:00,2025-05-29,4.25,4.25,4.25,4.25,0,2430,1
BANKNIFTY29MAY2546100PE.NFO,2025-05-22,14:58:00,2025-05-29,4.25,4.25,4.25,4.25,0,2430,0
BANKNIFTY29MAY2546100PE.NFO,2025-05-22,14:59:00,2025-05-29,4.25,4.25,4.25,4.25,0,2430,1
BANKNIFTY29MAY2546100PE.NFO,2025-05-22,15:00:00,2025-05-29,4.25,4.25,4.25,4.25,0,2430,0
BANKNIFTY29MAY2546100PE.NFO,2025-05-22,15:01:00,2025-05-29,4.25,4.25,4.25,4.25,0,2430,0
BANKNIFTY29MAY2546100PE.NFO,2025-05-22,15:02:00,2025-05-29,4.25,4.25,4.25,4.25,0,2430,0
BANKNIFTY29MAY2546100PE.NFO,2025-05-22,15:03:00,2025-05-29,4.25,4.25,4.25,4.25,0,2430,0
BANKNIFTY29MAY2546100PE.NFO,2025-05-22,15:04:00,2025-05-29,4.25,4.25,4.25,4.25,0,2430,0
BANKNIFTY29MAY2546100PE.NFO,2025-05-22,15:05:00,2025-05-29,4.25,4.25,4.25,4.25,0,2430,1
BANKNIFTY29MAY2546100PE.NFO,2025-05-22,15:06:00,2025-05-29,4.25,4.25,4.25,4.25,0,2430,1
BANKNIFTY29MAY2546100PE.NFO,2025-05-22,15:07:00,2025-05-29,4.25,4.25,4.25,4.25,0,2430,1
BANKNIFTY29MAY2546100PE.NFO,2025-05-22,15:08:00,2025-05-29,4.25,4.25,4.25,4.25,0,2430,1
BANKNIFTY29MAY2546100PE.NFO,2025-05-22,15:09:00,2025-05-29,4.25,4.25,3.0,3.0,0,2430,0
BANKNIFTY29MAY2546100PE.NFO,2025-05-22,15:10:00,2025-05-29,3.1,3.1,3.0,3.1,60,2430,0
BANKNIFTY29MAY2546100PE.NFO,2025-05-22,15:11:00,2025-05-29,3.1,3.1,3.1,3.1,0,2430,0
BANKNIFTY29MAY2546100PE.NFO,2025-05-22,15:12:00,2025-05-29,3.1,3.1,3.1,3.1,0,2430,0
BANKNIFTY29MAY2546100PE.NFO,2025-05-22,15:13:00,2025-05-29,3.1,3.1,3.1,3.1,0,2430,1
BANKNIFTY29MAY2546100PE.NFO,2025-05-22,15:14:00,2025-05-29,3.1,3.1,3.1,3.1,0,2430,0
BANKNIFTY29MAY2546100PE.NFO,2025-05-22,15:15:00,2025-05-29,3.1,3.1,3.1,3.1,0,2430,0
BANKNIFTY29MAY2546100PE.NFO,2025-05-22,15:16:00,2025-05-29,3.1,3.1,3.1,3.1,0,2430,1
BANKNIFTY29MAY2546100PE.NFO,2025-05-22,15:17:00,2025-05-29,3.1,3.1,3.1,3.1,0,2430,0
BANKNIFTY29MAY2546100PE.NFO,2025-05-22,15:18:00,2025-05-29,3.1,3.1,3.1,3.1,0,2430,0
BANKNIFTY29MAY2546100PE.NFO,2025-05-22,15:19:00,2025-05-29,3.1,3.1,3.1,3.1,0,2430,0
BANKNIFTY29MAY2546100PE.NFO,2025-05-22,15:20:00,2025-05-29,3.1,3.1,3.1,3.1,0,2430,1
BANKNIFTY29MAY2546100PE.NFO,2025-05-22,15:21:00,2025-05-29,3.1,3.1,3.1,3.1,0,2430,1
BANKNIFTY29MAY2546100PE.NFO,2025-05-22,15:22:00,2025-05-29,3.1,3.1,3.1,3.1,0,2430,0
BANKNIFTY29MAY2546100PE.NFO,2025-05-22,15:23:00,2025-05-29,3.1,3.1,3.1,3.1,0,2430,1
BANKNIFTY29MAY2546100PE.NFO,2025-05-22,15:24:00,2025-05-29,3.1,3.1,3.1,3.1,0,2430,0
BANKNIFTY29MAY2546100PE.NFO,2025-05-22,15:25:00,2025-05-29,3.1,3.1,3.1,3.1,0,2430,0
BANKNIFTY29MAY2546100PE.NFO,2025-05-22,15:26:00,2025-05-29,3.1,3.1,3.1,3.1,0,2430,0
BANKNIFTY29MAY2546100PE.NFO,2025-05-22,15:27:00,2025-05-29,3.1,3.1,3.1,3.1,0,2430,1
BANKNIFTY29MAY2546100PE.NFO,2025-05-22,15:28:00,2025-05-29,3.1,3.1,3.1,3.1,0,2430,0
BANKNIFTY29MAY2546100PE.NFO,2025-05-22,15:29:00,2025-05-29,3.1,3.1,3.1,3.1,0,2430,0
BANKNIFTY29MAY2546100PE.NFO,2025-05-22,15:30:00,2025-05-29,3.1,3.1,3.1,3.1,0,2430,1
BANKNIFTY29MAY2546100PE.NFO,2025-05-23,09:15:00,2025-05-29,2.95,2.95,2.95,2.95,0,2490,0
BANKNIFTY29MAY2546100PE.NFO,2025-05-23,09:16:00,2025-05-29,2.95,2.95,2.95,2.95,0,2490,0
BANKNIFTY29MAY2546100PE.NFO,2025-05-23,09:17:00,2025-05-29,2.95,2.95,2.95,2.95,0,2490,0
BANKNIFTY29MAY2546100PE.NFO,2025-05-23,09:18:00,2025-05-29,2.95,2.95,2.95,2.95,0,2490,0
BANKNIFTY29MAY2546100PE.NFO,2025-05-23,09:19:00,2025-05-29,2.95,2.95,2.95,2.95,0,2490,0
BANKNIFTY29MAY2546100PE.NFO,2025-05-23,09:20:00,2025-05-29,2.95,2.95,2.95,2.95,0,2490,1
BANKNIFTY29MAY2546100PE.NFO,2025-05-23,09:21:00,2025-05-29,2.95,2.95,2.95,2.95,0,2490,0
BANKNIFTY29MAY2546100PE.NFO,2025-05-23,09:22:00,2025-05-29,2.95,2.95,2.95,2.95,0,2490,0
BANKNIFTY29MAY2546100PE.NFO,2025-05-23,09:23:00,2025-05-29,2.95,2.95,2.95,2.95,0,2490,0
BANKNIFTY29MAY2546100PE.NFO,2025-05-23,09:24:00,2025-05-29,2.95,2.95,2.95,2.95,0,2490,0
BANKNIFTY29MAY2546100PE.NFO,2025-05-23,09:25:00,2025-05-29,2.95,2.95,2.95,2.95,0,2490,0
BANKNIFTY29MAY2546100PE.NFO,2025-05-23,09:26:00,2025-05-29,2.95,2.95,2.95,2.95,0,2490,0
BANKNIFTY29MAY2546100PE.NFO,2025-05-23,09:27:00,2025-05-29,2.95,2.95,2.8,2.8,30,2490,0
BANKNIFTY29MAY2546100PE.NFO,2025-05-23,09:28:00,2025-05-29,2.8,2.8,2.8,2.8,0,2490,0
BANKNIFTY29MAY2546100PE.NFO,2025-05-23,09:29:00,2025-05-29,2.8,2.8,2.8,2.8,0,2490,0
BANKNIFTY29MAY2546100PE.NFO,2025-05-23,09:30:00,2025-05-29,2.8,2.8,2.8,2.8,0,2490,0
BANKNIFTY29MAY2546100PE.NFO,2025-05-23,09:31:00,2025-05-29,2.8,2.8,2.8,2.8,0,2490,0
BANKNIFTY29MAY2546100PE.NFO,2025-05-23,09:32:00,2025-05-29,2.8,2.8,2.8,2.8,0,2490,0
BANKNIFTY29MAY2546100PE.NFO,2025-05-23,09:33:00,2025-05-29,3.5,3.5,3.5,3.5,30,2460,0
BANKNIFTY29MAY2546100PE.NFO,2025-05-23,09:34:00,2025-05-29,3.5,3.5,3.5,3.5,0,2460,0
BANKNIFTY29MAY2546100PE.NFO,2025-05-23,09:35:00,2025-05-29,3.5,3.5,3.5,3.5,0,2460,0
BANKNIFTY29MAY2546100PE.NFO,2025-05-23,09:36:00,2025-05-29,3.5,3.5,3.5,3.5,0,2460,0
BANKNIFTY29MAY2546100PE.NFO,2025-05-23,09:37:00,2025-05-29,3.5,3.5,3.5,3.5,0,2460,0
BANKNIFTY29MAY2546100PE.NFO,2025-05-23,09:38:00,2025-05-29,3.5,3.5,3.5,3.5,0,2460,1
BANKNIFTY29MAY2546100PE.NFO,2025-05-23,09:39:00,2025-05-29,3.5,3.5,3.5,3.5,0,2460,0
BANKNIFTY29MAY2546100PE.NFO,2025-05-23,09:40:00,2025-05-29,3.5,3.5,3.5,3.5,0,2460,0
BANKNIFTY29MAY2546100PE.NFO,2025-05-23,09:41:00,2025-05-29,3.5,3.5,3.5,3.5,0,2460,0
BANKNIFTY29MAY2546100PE.NFO,2025-05-23,09:42:00,2025-05-29,2.45,2.65,2.45,2.65,60,2460,0
BANKNIFTY29MAY2546100PE.NFO,2025-05-23,09:43:00,2025-05-29,2.65,2.65,2.65,2.65,0,2460,0
BANKNIFTY29MAY2546100PE.NFO,2025-05-23,09:44:00,2025-05-29,2.65,2.65,2.65,2.65,0,2460,0
BANKNIFTY29MAY2546100PE.NFO,2025-05-23,09:45:00,2025-05-29,2.65,2.65,2.65,2.65,0,2460,0
BANKNIFTY29MAY2546100PE.NFO,2025-05-23,09:46:00,2025-05-29,2.65,2.65,2.65,2.65,0,2460,0
BANKNIFTY29MAY2546100PE.NFO,2025-05-23,09:47:00,2025-05-29,2.65,2.65,2.65,2.65,0,2460,0
BANKNIFTY29MAY2546100PE.NFO,2025-05-23,09:48:00,2025-05-29,2.65,2.65,2.65,2.65,0,2460,0
BANKNIFTY29MAY2546100PE.NFO,2025-05-23,09:49:00,2025-05-29,2.65,2.65,2.65,2.65,0,2460,0
BANKNIFTY29MAY2546100PE.NFO,2025-05-23,09:50:00,2025-05-29,2.65,2.65,2.65,2.65,0,2460,0
BANKNIFTY29MAY2546100PE.NFO,2025-05-23,09:51:00,2025-05-29,2.65,2.65,2.65,2.65,0,2460,0
BANKNIFTY29MAY2546100PE.NFO,2025-05-23,09:52:00,2025-05-29,2.65,2.65,2.65,2.65,0,2460,1
BANKNIFTY29MAY2546100PE.NFO,2025-05-23,09:53:00,2025-05-29,2.65,2.65,2.65,2.65,0,2460,0
BANKNIFTY29MAY2546100PE.NFO,2025-05-23,09:54:00,2025-05-29,2.65,2.65,2.65,2.65,0,2460,0
BANKNIFTY29MAY2546100PE.NFO,2025-05-23,09:55:00,2025-05-29,2.65,2.65,2.65,2.65,0,2460,1
BANKNIFTY29MAY2546100PE.NFO,2025-05-23,09:56:00,2025-05-29,2.65,2.65,2.65,2.65,0,2460,1
BANKNIFTY29MAY2546100PE.NFO,2025-05-23,09:57:00,2025-05-29,2.65,2.65,2.65,2.65,0,2460,1
BANKNIFTY29MAY2546100PE.NFO,2025-05-23,09:58:00,2025-05-29,2.65,2.65,2.65,2.65,0,2460,0
BANKNIFTY29MAY2546100PE.NFO,2025-05-23,09:59:00,2025-05-29,2.65,2.65,2.65,2.65,0,2460,1
BANKNIFTY29MAY2546100PE.NFO,2025-05-23,10:00:00,2025-05-29,2.65,2.65,2.65,2.65,0,2460,1
BANKNIFTY29MAY2546100PE.NFO,2025-05-23,10:01:00,2025-05-29,2.65,2.65,2.65,2.65,0,2460,0
BANKNIFTY29MAY2546100PE.NFO,2025-05-23,10:02:00,2025-05-29,2.65,2.65,2.65,2.65,0,2460,0
BANKNIFTY29MAY2546100PE.NFO,2025-05-23,10:03:00,2025-05-29,2.65,2.65,2.65,2.65,0,2460,1
BANKNIFTY29MAY2546100PE.NFO,2025-05-23,10:04:00,2025-05-29,2.65,2.65,2.65,2.65,0,2460,1
BANKNIFTY29MAY2546100PE.NFO,2025-05-23,10:05:00,2025-05-29,2.65,2.65,2.65,2.65,0,2460,0
BANKNIFTY29MAY2546100PE.NFO,2025-05-23,10:06:00,2025-05-29,2.65,2.65,2.65,2.65,0,2460,0
BANKNIFTY29MAY2546100PE.NFO,2025-05-23,10:07:00,2025-05-29,2.65,2.65,2.65,2.65,0,2460,0
BANKNIFTY29MAY2546100PE.NFO,2025-05-23,10:08:00,2025-05-29,2.65,2.65,2.65,2.65,0,2460,0
BANKNIFTY29MAY2546100PE.NFO,2025-05-23,10:09:00,2025-05-29,2.65,2.65,2.65,2.65,0,2460,1
BANKNIFTY29MAY2546100PE.NFO,2025-05-23,10:10:00,2025-05-29,2.65,2.65,2.65,2.65,0,2460,1
BANKNIFTY29MAY2546100PE.NFO,2025-05-23,10:11:00,2025-05-29,2.65,2.65,2.65,2.65,0,2460,1
BANKNIFTY29MAY2546100PE.NFO,2025-05-23,10:12:00,2025-05-29,2.65,2.65,2.65,2.65,0,2460,1
BANKNIFTY29MAY2546100PE.NFO,2025-05-23,10:13:00,2025-05-29,2.65,2.65,2.65,2.65,0,2460,0
BANKNIFTY29MAY2546100PE.NFO,2025-05-23,10:14:00,2025-05-29,2.65,2.65,2.65,2.65,0,2460,0
BANKNIFTY29MAY2546100PE.NFO,2025-05-23,10:15:00,2025-05-29,2.65,2.65,2.65,2.65,0,2460,1
BANKNIFTY29MAY2546100PE.NFO,2025-05-23,10:16:00,2025-05-29,2.65,2.65,2.65,2.65,0,2460,0
BANKNIFTY29MAY2546100PE.NFO,2025-05-23,10:17:00,2025-05-29,2.65,2.65,2.65,2.65,0,2460,0
BANKNIFTY29MAY2546100PE.NFO,2025-05-23,10:18:00,2025-05-29,2.65,2.65,2.65,2.65,0,2460,1
BANKNIFTY29MAY2546100PE.NFO,2025-05-23,10:19:00,2025-05-29,2.65,2.65,2.65,2.65,0,2460,1
BANKNIFTY29MAY2546100PE.NFO,2025-05-23,10:20:00,2025-05-29,2.65,2.65,2.65,2.65,0,2460,1
BANKNIFTY29MAY2546100PE.NFO,2025-05-23,10:21:00,2025-05-29,2.65,2.65,2.65,2.65,0,2460,1
BANKNIFTY29MAY2546100PE.NFO,2025-05-23,10:22:00,2025-05-29,2.65,2.65,2.65,2.65,0,2460,1
BANKNIFTY29MAY2546100PE.NFO,2025-05-23,10:23:00,2025-05-29,2.65,2.65,2.65,2.65,0,2460,1
BANKNIFTY29MAY2546100PE.NFO,2025-05-23,10:24:00,2025-05-29,2.65,2.65,2.65,2.65,0,2460,0
BANKNIFTY29MAY2546100PE.NFO,2025-05-23,10:25:00,2025-05-29,2.65,2.65,2.65,2.65,0,2460,0
BANKNIFTY29MAY2546100PE.NFO,2025-05-23,10:26:00,2025-05-29,2.65,2.65,2.65,2.65,0,2460,1
BANKNIFTY29MAY2546100PE.NFO,2025-05-23,10:27:00,2025-05-29,2.65,2.65,2.65,2.65,0,2460,1
BANKNIFTY29MAY2546100PE.NFO,2025-05-23,10:28:00,2025-05-29,2.65,2.65,2.65,2.65,0,2460,0
BANKNIFTY29MAY2546100PE.NFO,2025-05-23,10:29:00,2025-05-29,2.65,2.65,2.65,2.65,0,2460,1
BANKNIFTY29MAY2546100PE.NFO,2025-05-23,10:30:00,2025-05-29,2.65,2.65,2.65,2.65,0,2460,1
BANKNIFTY29MAY2546100PE.NFO,2025-05-23,10:31:00,2025-05-29,2.65,2.65,2.65,2.65,0,2460,1
BANKNIFTY29MAY2546100PE.NFO,2025-05-23,10:32:00,2025-05-29,2.65,2.65,2.65,2.65,0,2460,1
BANKNIFTY29MAY2546100PE.NFO,2025-05-23,10:33:00,2025-05-29,2.65,2.65,2.65,2.65,0,2460,1
BANKNIFTY29MAY2546100PE.NFO,2025-05-23,10:34:00,2025-05-29,2.65,2.65,2.65,2.65,0,2460,0
BANKNIFTY29MAY2546100PE.NFO,2025-05-23,10:35:00,2025-05-29,2.65,2.65,2.65,2.65,0,2460,1
BANKNIFTY29MAY2546100PE.NFO,2025-05-23,10:36:00,2025-05-29,2.65,2.65,2.65,2.65,0,2460,1
BANKNIFTY29MAY2546100PE.NFO,2025-05-23,10:37:00,2025-05-29,2.65,2.65,2.65,2.65,0,2460,0
BANKNIFTY29MAY2546100PE.NFO,2025-05-23,10:38:00,2025-05-29,2.65,2.65,2.65,2.65,0,2460,1
BANKNIFTY29MAY2546100PE.NFO,2025-05-23,10:39:00,2025-05-29,2.65,2.65,2.65,2.65,0,2460,1
BANKNIFTY29MAY2546100PE.NFO,2025-05-23,10:40:00,2025-05-29,2.65,2.65,2.65,2.65,0,2460,1
BANKNIFTY29MAY2546100PE.NFO,2025-05-23,10:41:00,2025-05-29,2.65,2.65,2.65,2.65,0,2460,0
BANKNIFTY29MAY2546100PE.NFO,2025-05-23,10:42:00,2025-05-29,2.65,2.65,2.65,2.65,0,2460,1
BANKNIFTY29MAY2546100PE.NFO,2025-05-23,10:43:00,2025-05-29,2.65,2.65,2.65,2.65,0,2460,0
BANKNIFTY29MAY2546100PE.NFO,2025-05-23,10:44:00,2025-05-29,2.65,2.65,2.65,2.65,0,2460,1
BANKNIFTY29MAY2546100PE.NFO,2025-05-23,10:45:00,2025-05-29,2.65,2.65,2.65,2.65,0,2460,0
BANKNIFTY29MAY2546100PE.NFO,2025-05-23,10:46:00,2025-05-29,2.65,2.65,2.65,2.65,0,2460,1
BANKNIFTY29MAY2546100PE.NFO,2025-05-23,10:47:00,2025-05-29,2.65,2.65,2.65,2.65,0,2460,1
BANKNIFTY29MAY2546100PE.NFO,2025-05-23,10:48:00,2025-05-29,2.65,2.65,2.65,2.65,0,2460,1
BANKNIFTY29MAY2546100PE.NFO,2025-05-23,10:49:00,2025-05-29,2.65,2.65,2.65,2.65,0,2460,0
BANKNIFTY29MAY2546100PE.NFO,2025-05-23,10:50:00,2025-05-29,2.65,2.65,2.65,2.65,0,2460,0
BANKNIFTY29MAY2546100PE.NFO,2025-05-23,10:51:00,2025-05-29,2.65,2.65,2.65,2.65,0,2460,0
BANKNIFTY29MAY2546100PE.NFO,2025-05-23,10:52:00,2025-05-29,2.65,2.65,2.65,2.65,0,2460,1
BANKNIFTY29MAY2546100PE.NFO,2025-05-23,10:53:00,2025-05-29,2.65,2.65,2.65,2.65,0,2460,0
BANKNIFTY29MAY2546100PE.NFO,2025-05-23,10:54:00,2025-05-29,2.65,2.65,2.65,2.65,0,2460,1
BANKNIFTY29MAY2546100PE.NFO,2025-05-23,10:55:00,2025-05-29,2.65,2.65,2.65,2.65,0,2460,1
BANKNIFTY29MAY2546100PE.NFO,2025-05-23,10:56:00,2025-05-29,2.65,2.65,2.65,2.65,0,2460,0
BANKNIFTY29MAY2546100PE.NFO,2025-05-23,10:57:00,2025-05-29,2.35,2.9,2.35,2.9,180,2460,0
BANKNIFTY29MAY2546100PE.NFO,2025-05-23,10:58:00,2025-05-29,2.9,2.9,2.9,2.9,0,2460,0
BANKNIFTY29MAY2546100PE.NFO,2025-05-23,10:59:00,2025-05-29,2.9,2.9,2.9,2.9,0,2460,0
BANKNIFTY29MAY2546100PE.NFO,2025-05-23,11:00:00,2025-05-29,2.35,2.35,2.35,2.35,30,2460,0
BANKNIFTY29MAY2546100PE.NFO,2025-05-23,11:01:00,2025-05-29,2.35,2.35,2.35,2.35,0,2460,0
BANKNIFTY29MAY2546100PE.NFO,2025-05-23,11:02:00,2025-05-29,2.35,2.35,2.35,2.35,0,2460,0
BANKNIFTY29MAY2546100PE.NFO,2025-05-23,11:03:00,2025-05-29,2.35,2.35,2.35,2.35,0,2460,0
BANKNIFTY29MAY2546100PE.NFO,2025-05-23,11:04:00,2025-05-29,2.35,2.35,2.35,2.35,0,2460,1
BANKNIFTY29MAY2546100PE.NFO,2025-05-23,11:05:00,2025-05-29,2.35,2.35,2.35,2.35,0,2460,0
BANKNIFTY29MAY2546100PE.NFO,2025-05-23,11:06:00,2025-05-29,2.35,2.35,2.35,2.35,0,2460,0
BANKNIFTY29MAY2546100PE.NFO,2025-05-23,11:07:00,2025-05-29,2.35,2.35,2.35,2.35,0,2460,0
BANKNIFTY29MAY2546100PE.NFO,2025-05-23,11:08:00,2025-05-29,2.35,2.35,2.35,2.35,0,2460,1
BANKNIFTY29MAY2546100PE.NFO,2025-05-23,11:09:00,2025-05-29,2.35,2.35,2.35,2.35,0,2460,1
BANKNIFTY29MAY2546100PE.NFO,2025-05-23,11:10:00,2025-05-29,2.35,2.35,2.35,2.35,0,2460,1
BANKNIFTY29MAY2546100PE.NFO,2025-05-23,11:11:00,2025-05-29,2.35,2.35,2.35,2.35,0,2460,1
BANKNIFTY29MAY2546100PE.NFO,2025-05-23,11:12:00,2025-05-29,2.35,2.35,2.35,2.35,0,2460,0
BANKNIFTY29MAY2546100PE.NFO,2025-05-23,11:13:00,2025-05-29,2.35,2.35,2.35,2.35,0,2460,0
BANKNIFTY29MAY2546100PE.NFO,2025-05-23,11:14:00,2025-05-29,2.9,2.9,2.9,2.9,60,2430,0
BANKNIFTY29MAY2546100PE.NFO,2025-05-23,11:15:00,2025-05-29,2.9,2.9,2.9,2.9,0,2430,0
BANKNIFTY29MAY2546100PE.NFO,2025-05-23,11:16:00,2025-05-29,2.9,2.9,2.9,2.9,0,2430,0
BANKNIFTY29MAY2546100PE.NFO,2025-05-23,11:17:00,2025-05-29,2.9,2.9,2.9,2.9,0,2430,1
BANKNIFTY29MAY2546100PE.NFO,2025-05-23,11:18:00,2025-05-29,2.9,2.9,2.9,2.9,0,2430,0
BANKNIFTY29MAY2546100PE.NFO,2025-05-23,11:19:00,2025-05-29,2.9,2.9,2.9,2.9,0,2430,0
BANKNIFTY29MAY2546100PE.NFO,2025-05-23,11:20:00,2025-05-29,2.9,2.9,2.9,2.9,0,2430,1
BANKNIFTY29MAY2546100PE.NFO,2025-05-23,11:21:00,2025-05-29,2.9,2.9,2.9,2.9,0,2430,1
BANKNIFTY29MAY2546100PE.NFO,2025-05-23,11:22:00,2025-05-29,2.9,2.9,2.9,2.9,0,2430,1
BANKNIFTY29MAY2546100PE.NFO,2025-05-23,11:23:00,2025-05-29,2.9,2.9,2.9,2.9,0,2430,1
BANKNIFTY29MAY2546100PE.NFO,2025-05-23,11:24:00,2025-05-29,2.9,2.9,2.9,2.9,0,2430,1
BANKNIFTY29MAY2546100PE.NFO,2025-05-23,11:25:00,2025-05-29,2.9,2.9,2.9,2.9,0,2430,1
BANKNIFTY29MAY2546100PE.NFO,2025-05-23,11:26:00,2025-05-29,2.9,2.9,2.9,2.9,0,2430,1
BANKNIFTY29MAY2546100PE.NFO,2025-05-23,11:27:00,2025-05-29,2.9,2.9,2.9,2.9,0,2430,1
BANKNIFTY29MAY2546100PE.NFO,2025-05-23,11:28:00,2025-05-29,2.9,2.9,2.9,2.9,0,2430,0
BANKNIFTY29MAY2546100PE.NFO,2025-05-23,11:29:00,2025-05-29,2.9,2.9,2.9,2.9,0,2430,0
BANKNIFTY29MAY2546100PE.NFO,2025-05-23,11:30:00,2025-05-29,2.9,2.9,2.9,2.9,0,2430,1
BANKNIFTY29MAY2546100PE.NFO,2025-05-23,11:31:00,2025-05-29,2.9,2.9,2.9,2.9,0,2430,0
BANKNIFTY29MAY2546100PE.NFO,2025-05-23,11:32:00,2025-05-29,2.9,2.9,2.9,2.9,0,2430,0
BANKNIFTY29MAY2546100PE.NFO,2025-05-23,11:33:00,2025-05-29,2.9,2.9,2.9,2.9,0,2430,0
BANKNIFTY29MAY2546100PE.NFO,2025-05-23,11:34:00,2025-05-29,2.9,2.9,2.9,2.9,0,2430,0
BANKNIFTY29MAY2546100PE.NFO,2025-05-23,11:35:00,2025-05-29,2.9,2.9,2.9,2.9,0,2430,0
BANKNIFTY29MAY2546100PE.NFO,2025-05-23,11:36:00,2025-05-29,2.9,2.9,2.9,2.9,0,2430,0
BANKNIFTY29MAY2546100PE.NFO,2025-05-23,11:37:00,2025-05-29,2.9,2.9,2.9,2.9,0,2430,0
BANKNIFTY29MAY2546100PE.NFO,2025-05-23,11:38:00,2025-05-29,2.9,2.9,2.9,2.9,0,2430,0
BANKNIFTY29MAY2546100PE.NFO,2025-05-23,11:39:00,2025-05-29,2.9,2.9,2.9,2.9,0,2430,0
BANKNIFTY29MAY2546100PE.NFO,2025-05-23,11:40:00,2025-05-29,2.9,2.9,2.9,2.9,0,2430,1
BANKNIFTY29MAY2546100PE.NFO,2025-05-23,11:41:00,2025-05-29,2.9,2.9,2.9,2.9,0,2430,1
BANKNIFTY29MAY2546100PE.NFO,2025-05-23,11:42:00,2025-05-29,2.9,2.9,2.9,2.9,0,2430,1
BANKNIFTY29MAY2546100PE.NFO,2025-05-23,11:43:00,2025-05-29,2.9,2.9,2.9,2.9,0,2430,0
BANKNIFTY29MAY2546100PE.NFO,2025-05-23,11:44:00,2025-05-29,2.9,2.9,2.9,2.9,0,2430,0
BANKNIFTY29MAY2546100PE.NFO,2025-05-23,11:45:00,2025-05-29,2.9,2.9,2.9,2.9,0,2430,1
BANKNIFTY29MAY2546100PE.NFO,2025-05-23,11:46:00,2025-05-29,2.9,2.9,2.9,2.9,0,2430,0
BANKNIFTY29MAY2546100PE.NFO,2025-05-23,11:47:00,2025-05-29,2.9,2.9,2.9,2.9,0,2430,1
BANKNIFTY29MAY2546100PE.NFO,2025-05-23,11:48:00,2025-05-29,2.9,2.9,2.9,2.9,0,2430,1
BANKNIFTY29MAY2546100PE.NFO,2025-05-23,11:49:00,2025-05-29,2.9,2.9,2.9,2.9,0,2430,1
BANKNIFTY29MAY2546100PE.NFO,2025-05-23,11:50:00,2025-05-29,2.9,2.9,2.9,2.9,0,2430,0
BANKNIFTY29MAY2546100PE.NFO,2025-05-23,11:51:00,2025-05-29,2.9,2.9,2.9,2.9,0,2430,1
BANKNIFTY29MAY2546100PE.NFO,2025-05-23,11:52:00,2025-05-29,2.9,2.9,2.9,2.9,0,2430,1
BANKNIFTY29MAY2546100PE.NFO,2025-05-23,11:53:00,2025-05-29,2.9,2.9,2.9,2.9,0,2430,0
BANKNIFTY29MAY2546100PE.NFO,2025-05-23,11:54:00,2025-05-29,2.9,2.9,2.9,2.9,0,2430,1
BANKNIFTY29MAY2546100PE.NFO,2025-05-23,11:55:00,2025-05-29,2.9,2.9,2.9,2.9,0,2430,1
BANKNIFTY29MAY2546100PE.NFO,2025-05-23,11:56:00,2025-05-29,2.9,2.9,2.9,2.9,0,2430,1
BANKNIFTY29MAY2546100PE.NFO,2025-05-23,11:57:00,2025-05-29,2.9,2.9,2.9,2.9,0,2430,0
BANKNIFTY29MAY2546100PE.NFO,2025-05-23,11:58:00,2025-05-29,2.9,2.9,2.9,2.9,0,2430,1
BANKNIFTY29MAY2546100PE.NFO,2025-05-23,11:59:00,2025-05-29,2.9,2.9,2.9,2.9,0,2430,0
BANKNIFTY29MAY2546100PE.NFO,2025-05-23,12:00:00,2025-05-29,2.9,2.9,2.9,2.9,0,2430,0
BANKNIFTY29MAY2546100PE.NFO,2025-05-23,12:01:00,2025-05-29,2.9,2.9,2.9,2.9,0,2430,0
BANKNIFTY29MAY2546100PE.NFO,2025-05-23,12:02:00,2025-05-29,2.9,2.9,2.9,2.9,0,2430,0
BANKNIFTY29MAY2546100PE.NFO,2025-05-23,12:03:00,2025-05-29,2.9,2.9,2.9,2.9,0,2430,0
BANKNIFTY29MAY2546100PE.NFO,2025-05-23,12:04:00,2025-05-29,2.9,2.9,2.9,2.9,0,2430,1
BANKNIFTY29MAY2546100PE.NFO,2025-05-23,12:05:00,2025-05-29,2.9,2.9,2.9,2.9,0,2430,0
BANKNIFTY29MAY2546100PE.NFO,2025-05-23,12:06:00,2025-05-29,2.9,2.9,2.9,2.9,0,2430,0
BANKNIFTY29MAY2546100PE.NFO,2025-05-23,12:07:00,2025-05-29,2.9,2.9,2.9,2.9,0,2430,1
BANKNIFTY29MAY2546100PE.NFO,2025-05-23,12:08:00,2025-05-29,2.9,2.9,2.9,2.9,0,2430,1
BANKNIFTY29MAY2546100PE.NFO,2025-05-23,12:09:00,2025-05-29,2.9,2.9,2.9,2.9,0,2430,1
BANKNIFTY29MAY2546100PE.NFO,2025-05-23,12:10:00,2025-05-29,2.9,2.9,2.9,2.9,0,2430,1
BANKNIFTY29MAY2546100PE.NFO,2025-05-23,12:11:00,2025-05-29,2.9,2.9,2.9,2.9,0,2430,1
BANKNIFTY29MAY2546100PE.NFO,2025-05-23,12:12:00,2025-05-29,2.9,2.9,2.9,2.9,0,2430,1
BANKNIFTY29MAY2546100PE.NFO,2025-05-23,12:13:00,2025-05-29,2.9,2.9,2.9,2.9,0,2430,0
BANKNIFTY29MAY2546100PE.NFO,2025-05-23,12:14:00,2025-05-29,2.9,2.9,2.9,2.9,0,2430,1
BANKNIFTY29MAY2546100PE.NFO,2025-05-23,12:15:00,2025-05-29,2.9,2.9,2.9,2.9,0,2430,1
BANKNIFTY29MAY2546100PE.NFO,2025-05-23,12:16:00,2025-05-29,2.9,2.9,2.9,2.9,0,2430,1
BANKNIFTY29MAY2546100PE.NFO,2025-05-23,12:17:00,2025-05-29,2.9,2.9,2.9,2.9,0,2430,1
BANKNIFTY29MAY2546100PE.NFO,2025-05-23,12:18:00,2025-05-29,2.9,2.9,2.9,2.9,0,2430,0
BANKNIFTY29MAY2546100PE.NFO,2025-05-23,12:19:00,2025-05-29,2.9,2.9,2.9,2.9,0,2430,1
BANKNIFTY29MAY2546100PE.NFO,2025-05-23,12:20:00,2025-05-29,2.9,2.9,2.9,2.9,0,2430,1
BANKNIFTY29MAY2546100PE.NFO,2025-05-23,12:21:00,2025-05-29,2.9,2.9,2.9,2.9,0,2430,0
BANKNIFTY29MAY2546100PE.NFO,2025-05-23,12:22:00,2025-05-29,2.9,2.9,2.9,2.9,0,2430,0
BANKNIFTY29MAY2546100PE.NFO,2025-05-23,12:23:00,2025-05-29,2.9,2.9,2.9,2.9,0,2430,0
BANKNIFTY29MAY2546100PE.NFO,2025-05-23,12:24:00,2025-05-29,2.9,2.9,2.9,2.9,0,2430,0
BANKNIFTY29MAY2546100PE.NFO,2025-05-23,12:25:00,2025-05-29,2.9,2.9,2.9,2.9,0,2430,0
BANKNIFTY29MAY2546100PE.NFO,2025-05-23,12:26:00,2025-05-29,2.9,2.9,2.9,2.9,0,2430,0
BANKNIFTY29MAY2546100PE.NFO,2025-05-23,12:27:00,2025-05-29,2.9,2.9,2.9,2.9,0,2430,1
BANKNIFTY29MAY2546100PE.NFO,2025-05-23,12:28:00,2025-05-29,2.9,2.9,2.9,2.9,0,2430,1
BANKNIFTY29MAY2546100PE.NFO,2025-05-23,12:29:00,2025-05-29,2.9,2.9,2.9,2.9,0,2430,0
BANKNIFTY29MAY2546100PE.NFO,2025-05-23,12:30:00,2025-05-29,2.9,2.9,2.9,2.9,0,2430,1
BANKNIFTY29MAY2546100PE.NFO,2025-05-23,12:31:00,2025-05-29,2.9,2.9,2.9,2.9,0,2430,1
BANKNIFTY29MAY2546100PE.NFO,2025-05-23,12:32:00,2025-05-29,2.9,2.9,2.9,2.9,0,2430,1
BANKNIFTY29MAY2546100PE.NFO,2025-05-23,12:33:00,2025-05-29,2.9,2.9,2.9,2.9,0,2430,1
BANKNIFTY29MAY2546100PE.NFO,2025-05-23,12:34:00,2025-05-29,2.9,2.9,2.9,2.9,0,2430,1
BANKNIFTY29MAY2546100PE.NFO,2025-05-23,12:35:00,2025-05-29,2.9,2.9,2.9,2.9,0,2430,0
BANKNIFTY29MAY2546100PE.NFO,2025-05-23,12:36:00,2025-05-29,2.9,2.9,2.9,2.9,0,2430,1
BANKNIFTY29MAY2546100PE.NFO,2025-05-23,12:37:00,2025-05-29,2.9,2.9,2.9,2.9,0,2430,0
BANKNIFTY29MAY2546100PE.NFO,2025-05-23,12:38:00,2025-05-29,2.9,2.9,2.9,2.9,0,2430,1
BANKNIFTY29MAY2546100PE.NFO,2025-05-23,12:39:00,2025-05-29,2.9,2.9,2.9,2.9,0,2430,1
BANKNIFTY29MAY2546100PE.NFO,2025-05-23,12:40:00,2025-05-29,2.9,2.9,2.9,2.9,0,2430,1
BANKNIFTY29MAY2546100PE.NFO,2025-05-23,12:41:00,2025-05-29,2.9,2.9,2.9,2.9,0,2430,1
BANKNIFTY29MAY2546100PE.NFO,2025-05-23,12:42:00,2025-05-29,2.9,2.9,2.9,2.9,0,2430,1
BANKNIFTY29MAY2546100PE.NFO,2025-05-23,12:43:00,2025-05-29,2.9,2.9,2.9,2.9,0,2430,1
BANKNIFTY29MAY2546100PE.NFO,2025-05-23,12:44:00,2025-05-29,2.9,2.9,2.9,2.9,0,2430,0
BANKNIFTY29MAY2546100PE.NFO,2025-05-23,12:45:00,2025-05-29,2.3,2.3,2.3,2.3,150,2430,0
BANKNIFTY29MAY2546100PE.NFO,2025-05-23,12:46:00,2025-05-29,2.3,2.3,2.3,2.3,0,2430,0
BANKNIFTY29MAY2546100PE.NFO,2025-05-23,12:47:00,2025-05-29,2.3,2.3,2.3,2.3,0,2430,0
BANKNIFTY29MAY2546100PE.NFO,2025-05-23,12:48:00,2025-05-29,2.3,2.3,2.3,2.3,0,2430,0
BANKNIFTY29MAY2546100PE.NFO,2025-05-23,12:49:00,2025-05-29,2.3,2.3,2.3,2.3,0,2430,0
BANKNIFTY29MAY2546100PE.NFO,2025-05-23,12:50:00,2025-05-29,2.3,2.3,2.3,2.3,0,2430,1
BANKNIFTY29MAY2546100PE.NFO,2025-05-23,12:51:00,2025-05-29,2.3,2.3,2.3,2.3,0,2430,1
BANKNIFTY29MAY2546100PE.NFO,2025-05-23,12:52:00,2025-05-29,2.3,2.3,2.3,2.3,0,2430,1
BANKNIFTY29MAY2546100PE.NFO,2025-05-23,12:53:00,2025-05-29,2.3,2.3,2.3,2.3,0,2430,1
BANKNIFTY29MAY2546100PE.NFO,2025-05-23,12:54:00,2025-05-29,2.3,2.3,2.3,2.3,0,2430,1
BANKNIFTY29MAY2546100PE.NFO,2025-05-23,12:55:00,2025-05-29,2.3,2.3,2.3,2.3,0,2430,0
BANKNIFTY29MAY2546100PE.NFO,2025-05-23,12:56:00,2025-05-29,2.3,2.3,2.3,2.3,0,2430,0
BANKNIFTY29MAY2546100PE.NFO,2025-05-23,12:57:00,2025-05-29,2.3,2.3,2.3,2.3,0,2430,1
BANKNIFTY29MAY2546100PE.NFO,2025-05-23,12:58:00,2025-05-29,2.3,2.3,2.3,2.3,0,2430,1
BANKNIFTY29MAY2546100PE.NFO,2025-05-23,12:59:00,2025-05-29,2.3,2.3,2.3,2.3,0,2430,1
BANKNIFTY29MAY2546100PE.NFO,2025-05-23,13:00:00,2025-05-29,2.3,2.3,2.3,2.3,0,2430,1
BANKNIFTY29MAY2546100PE.NFO,2025-05-23,13:01:00,2025-05-29,2.3,2.3,2.3,2.3,0,2430,1
BANKNIFTY29MAY2546100PE.NFO,2025-05-23,13:02:00,2025-05-29,2.3,2.3,2.3,2.3,0,2430,1
BANKNIFTY29MAY2546100PE.NFO,2025-05-23,13:03:00,2025-05-29,2.3,2.3,2.3,2.3,0,2430,1
BANKNIFTY29MAY2546100PE.NFO,2025-05-23,13:04:00,2025-05-29,2.3,2.3,2.3,2.3,0,2430,1
BANKNIFTY29MAY2546100PE.NFO,2025-05-23,13:05:00,2025-05-29,2.3,2.3,2.3,2.3,0,2430,1
BANKNIFTY29MAY2546100PE.NFO,2025-05-23,13:06:00,2025-05-29,2.3,2.3,2.3,2.3,0,2430,1
BANKNIFTY29MAY2546100PE.NFO,2025-05-23,13:07:00,2025-05-29,2.3,2.3,2.3,2.3,0,2430,1
BANKNIFTY29MAY2546100PE.NFO,2025-05-23,13:08:00,2025-05-29,2.3,2.3,2.3,2.3,0,2430,1
BANKNIFTY29MAY2546100PE.NFO,2025-05-23,13:09:00,2025-05-29,2.3,2.3,2.3,2.3,0,2430,1
BANKNIFTY29MAY2546100PE.NFO,2025-05-23,13:10:00,2025-05-29,2.3,2.3,2.3,2.3,0,2430,1
BANKNIFTY29MAY2546100PE.NFO,2025-05-23,13:11:00,2025-05-29,2.3,2.3,2.3,2.3,0,2430,1
BANKNIFTY29MAY2546100PE.NFO,2025-05-23,13:12:00,2025-05-29,2.3,2.3,2.3,2.3,0,2430,1
BANKNIFTY29MAY2546100PE.NFO,2025-05-23,13:13:00,2025-05-29,2.3,2.3,2.3,2.3,0,2430,1
BANKNIFTY29MAY2546100PE.NFO,2025-05-23,13:14:00,2025-05-29,2.3,2.3,2.3,2.3,0,2430,1
BANKNIFTY29MAY2546100PE.NFO,2025-05-23,13:15:00,2025-05-29,2.3,2.3,2.3,2.3,0,2430,0
BANKNIFTY29MAY2546100PE.NFO,2025-05-23,13:16:00,2025-05-29,2.3,2.3,2.3,2.3,0,2430,1
BANKNIFTY29MAY2546100PE.NFO,2025-05-23,13:17:00,2025-05-29,2.3,2.3,2.3,2.3,0,2430,0
BANKNIFTY29MAY2546100PE.NFO,2025-05-23,13:18:00,2025-05-29,2.3,2.3,2.3,2.3,0,2430,1
BANKNIFTY29MAY2546100PE.NFO,2025-05-23,13:19:00,2025-05-29,2.3,2.3,2.3,2.3,0,2430,1
BANKNIFTY29MAY2546100PE.NFO,2025-05-23,13:20:00,2025-05-29,2.3,2.3,2.3,2.3,0,2430,1
BANKNIFTY29MAY2546100PE.NFO,2025-05-23,13:21:00,2025-05-29,2.3,2.3,2.3,2.3,0,2430,1
BANKNIFTY29MAY2546100PE.NFO,2025-05-23,13:22:00,2025-05-29,2.3,2.3,2.3,2.3,0,2430,0
BANKNIFTY29MAY2546100PE.NFO,2025-05-23,13:23:00,2025-05-29,2.3,2.3,2.3,2.3,0,2430,1
BANKNIFTY29MAY2546100PE.NFO,2025-05-23,13:24:00,2025-05-29,2.3,2.3,2.3,2.3,0,2430,0
BANKNIFTY29MAY2546100PE.NFO,2025-05-23,13:25:00,2025-05-29,2.3,2.3,2.3,2.3,0,2430,1
BANKNIFTY29MAY2546100PE.NFO,2025-05-23,13:26:00,2025-05-29,2.3,2.3,2.3,2.3,0,2430,1
BANKNIFTY29MAY2546100PE.NFO,2025-05-23,13:27:00,2025-05-29,2.3,2.3,2.3,2.3,0,2430,1
BANKNIFTY29MAY2546100PE.NFO,2025-05-23,13:28:00,2025-05-29,2.3,2.3,2.3,2.3,0,2430,1
BANKNIFTY29MAY2546100PE.NFO,2025-05-23,13:29:00,2025-05-29,2.3,2.3,2.3,2.3,0,2430,1
BANKNIFTY29MAY2546100PE.NFO,2025-05-23,13:30:00,2025-05-29,2.3,2.3,2.3,2.3,0,2430,0
BANKNIFTY29MAY2546100PE.NFO,2025-05-23,13:31:00,2025-05-29,2.3,2.3,2.3,2.3,0,2430,0
BANKNIFTY29MAY2546100PE.NFO,2025-05-23,13:32:00,2025-05-29,2.3,2.3,2.3,2.3,0,2430,0
BANKNIFTY29MAY2546100PE.NFO,2025-05-23,13:33:00,2025-05-29,2.3,2.3,2.3,2.3,0,2430,1
BANKNIFTY29MAY2546100PE.NFO,2025-05-23,13:34:00,2025-05-29,2.3,2.3,2.3,2.3,0,2430,1
BANKNIFTY29MAY2546100PE.NFO,2025-05-23,13:35:00,2025-05-29,2.3,2.3,2.3,2.3,0,2430,1
BANKNIFTY29MAY2546100PE.NFO,2025-05-23,13:36:00,2025-05-29,2.3,2.3,2.3,2.3,0,2430,1
BANKNIFTY29MAY2546100PE.NFO,2025-05-23,13:37:00,2025-05-29,2.3,2.3,2.3,2.3,0,2430,1
BANKNIFTY29MAY2546100PE.NFO,2025-05-23,13:38:00,2025-05-29,3.0,3.0,2.25,2.9,300,2280,0
BANKNIFTY29MAY2546100PE.NFO,2025-05-23,13:39:00,2025-05-29,2.9,2.9,2.9,2.9,0,2280,0
BANKNIFTY29MAY2546100PE.NFO,2025-05-23,13:40:00,2025-05-29,2.9,2.9,2.9,2.9,0,2280,0
BANKNIFTY29MAY2546100PE.NFO,2025-05-23,13:41:00,2025-05-29,2.9,2.9,2.9,2.9,0,2280,0
BANKNIFTY29MAY2546100PE.NFO,2025-05-23,13:42:00,2025-05-29,2.9,2.9,2.9,2.9,0,2280,0
BANKNIFTY29MAY2546100PE.NFO,2025-05-23,13:43:00,2025-05-29,2.9,2.9,2.9,2.9,0,2280,1
BANKNIFTY29MAY2546100PE.NFO,2025-05-23,13:44:00,2025-05-29,2.9,2.9,2.9,2.9,0,2280,1
BANKNIFTY29MAY2546100PE.NFO,2025-05-23,13:45:00,2025-05-29,2.9,2.9,2.9,2.9,0,2280,1
BANKNIFTY29MAY2546100PE.NFO,2025-05-23,13:46:00,2025-05-29,2.9,2.9,2.9,2.9,0,2280,0
BANKNIFTY29MAY2546100PE.NFO,2025-05-23,13:47:00,2025-05-29,2.9,2.9,2.9,2.9,0,2280,1
BANKNIFTY29MAY2546100PE.NFO,2025-05-23,13:48:00,2025-05-29,2.9,2.9,2.9,2.9,0,2280,1
BANKNIFTY29MAY2546100PE.NFO,2025-05-23,13:49:00,2025-05-29,2.9,2.9,2.9,2.9,0,2280,1
BANKNIFTY29MAY2546100PE.NFO,2025-05-23,13:50:00,2025-05-29,2.9,2.9,2.9,2.9,0,2280,0
BANKNIFTY29MAY2546100PE.NFO,2025-05-23,13:51:00,2025-05-29,2.9,2.9,2.9,2.9,0,2280,1
BANKNIFTY29MAY2546100PE.NFO,2025-05-23,13:52:00,2025-05-29,2.9,2.9,2.9,2.9,0,2280,1
BANKNIFTY29MAY2546100PE.NFO,2025-05-23,13:53:00,2025-05-29,2.9,2.9,2.9,2.9,0,2280,0
BANKNIFTY29MAY2546100PE.NFO,2025-05-23,13:54:00,2025-05-29,2.9,2.9,2.9,2.9,0,2280,0
BANKNIFTY29MAY2546100PE.NFO,2025-05-23,13:55:00,2025-05-29,2.9,2.9,2.9,2.9,0,2280,1
BANKNIFTY29MAY2546100PE.NFO,2025-05-23,13:56:00,2025-05-29,2.9,2.9,2.9,2.9,0,2280,1
BANKNIFTY29MAY2546100PE.NFO,2025-05-23,13:57:00,2025-05-29,2.7,2.7,2.7,2.7,60,2100,0
BANKNIFTY29MAY2546100PE.NFO,2025-05-23,13:58:00,2025-05-29,2.7,2.7,2.7,2.7,0,2100,0
BANKNIFTY29MAY2546100PE.NFO,2025-05-23,13:59:00,2025-05-29,2.7,2.7,2.7,2.7,0,2100,0
BANKNIFTY29MAY2546100PE.NFO,2025-05-23,14:00:00,2025-05-29,2.7,2.7,2.7,2.7,0,2100,0
BANKNIFTY29MAY2546100PE.NFO,2025-05-23,14:01:00,2025-05-29,2.7,2.7,2.7,2.7,0,2100,0
BANKNIFTY29MAY2546100PE.NFO,2025-05-23,14:02:00,2025-05-29,2.7,2.7,2.7,2.7,0,2100,0
BANKNIFTY29MAY2546100PE.NFO,2025-05-23,14:03:00,2025-05-29,2.7,2.7,2.7,2.7,0,2100,0
BANKNIFTY29MAY2546100PE.NFO,2025-05-23,14:04:00,2025-05-29,2.7,2.7,2.7,2.7,0,2100,1
BANKNIFTY29MAY2546100PE.NFO,2025-05-23,14:05:00,2025-05-29,2.7,2.7,2.7,2.7,0,2100,0
BANKNIFTY29MAY2546100PE.NFO,2025-05-23,14:06:00,2025-05-29,2.7,2.7,2.7,2.7,0,2100,0
BANKNIFTY29MAY2546100PE.NFO,2025-05-23,14:07:00,2025-05-29,2.7,2.7,2.7,2.7,0,2100,1
BANKNIFTY29MAY2546100PE.NFO,2025-05-23,14:08:00,2025-05-29,2.7,2.7,2.7,2.7,0,2100,1
BANKNIFTY29MAY2546100PE.NFO,2025-05-23,14:09:00,2025-05-29,2.7,2.7,2.7,2.7,0,2100,1
BANKNIFTY29MAY2546100PE.NFO,2025-05-23,14:10:00,2025-05-29,2.7,2.7,2.7,2.7,0,2100,1
BANKNIFTY29MAY2546100PE.NFO,2025-05-23,14:11:00,2025-05-29,2.7,2.7,2.7,2.7,0,2100,1
BANKNIFTY29MAY2546100PE.NFO,2025-05-23,14:12:00,2025-05-29,2.7,2.7,2.7,2.7,0,2100,0
BANKNIFTY29MAY2546100PE.NFO,2025-05-23,14:13:00,2025-05-29,2.7,2.7,2.7,2.7,0,2100,0
BANKNIFTY29MAY2546100PE.NFO,2025-05-23,14:14:00,2025-05-29,2.7,2.7,2.7,2.7,0,2100,1
BANKNIFTY29MAY2546100PE.NFO,2025-05-23,14:15:00,2025-05-29,2.7,2.7,2.7,2.7,0,2100,1
BANKNIFTY29MAY2546100PE.NFO,2025-05-23,14:16:00,2025-05-29,2.7,2.7,2.7,2.7,0,2100,1
BANKNIFTY29MAY2546100PE.NFO,2025-05-23,14:17:00,2025-05-29,2.7,2.7,2.7,2.7,0,2100,1
BANKNIFTY29MAY2546100PE.NFO,2025-05-23,14:18:00,2025-05-29,2.7,2.7,2.7,2.7,0,2100,1
BANKNIFTY29MAY2546100PE.NFO,2025-05-23,14:19:00,2025-05-29,2.7,2.7,2.7,2.7,0,2100,1
BANKNIFTY29MAY2546100PE.NFO,2025-05-23,14:20:00,2025-05-29,2.7,2.7,2.7,2.7,0,2100,1
BANKNIFTY29MAY2546100PE.NFO,2025-05-23,14:21:00,2025-05-29,2.7,2.7,2.7,2.7,0,2100,0
BANKNIFTY29MAY2546100PE.NFO,2025-05-23,14:22:00,2025-05-29,2.7,2.7,2.7,2.7,0,2100,1
BANKNIFTY29MAY2546100PE.NFO,2025-05-23,14:23:00,2025-05-29,2.7,2.7,2.7,2.7,0,2100,1
BANKNIFTY29MAY2546100PE.NFO,2025-05-23,14:24:00,2025-05-29,2.7,2.7,2.7,2.7,0,2100,1
BANKNIFTY29MAY2546100PE.NFO,2025-05-23,14:25:00,2025-05-29,2.7,2.7,2.7,2.7,0,2100,0
BANKNIFTY29MAY2546100PE.NFO,2025-05-23,14:26:00,2025-05-29,2.7,2.7,2.7,2.7,0,2100,0
BANKNIFTY29MAY2546100PE.NFO,2025-05-23,14:27:00,2025-05-29,2.7,2.7,2.7,2.7,0,2100,0
BANKNIFTY29MAY2546100PE.NFO,2025-05-23,14:28:00,2025-05-29,2.7,2.7,2.7,2.7,0,2100,1
BANKNIFTY29MAY2546100PE.NFO,2025-05-23,14:29:00,2025-05-29,2.7,2.7,2.7,2.7,0,2100,1
BANKNIFTY29MAY2546100PE.NFO,2025-05-23,14:30:00,2025-05-29,2.7,2.7,2.7,2.7,0,2100,1
BANKNIFTY29MAY2546100PE.NFO,2025-05-23,14:31:00,2025-05-29,2.7,2.7,2.7,2.7,0,2100,1
BANKNIFTY29MAY2546100PE.NFO,2025-05-23,14:32:00,2025-05-29,2.7,2.7,2.15,2.15,30,2100,0
BANKNIFTY29MAY2546100PE.NFO,2025-05-23,14:33:00,2025-05-29,2.15,2.7,2.15,2.7,30,2100,0
BANKNIFTY29MAY2546100PE.NFO,2025-05-23,14:34:00,2025-05-29,2.7,2.7,2.7,2.7,0,2100,0
BANKNIFTY29MAY2546100PE.NFO,2025-05-23,14:35:00,2025-05-29,2.7,2.7,2.7,2.7,0,2100,1
BANKNIFTY29MAY2546100PE.NFO,2025-05-23,14:36:00,2025-05-29,2.7,2.7,2.7,2.7,0,2100,0
BANKNIFTY29MAY2546100PE.NFO,2025-05-23,14:37:00,2025-05-29,2.7,2.7,2.7,2.7,0,2100,0
BANKNIFTY29MAY2546100PE.NFO,2025-05-23,14:38:00,2025-05-29,2.7,2.7,2.7,2.7,0,2100,0
BANKNIFTY29MAY2546100PE.NFO,2025-05-23,14:39:00,2025-05-29,2.7,2.7,2.7,2.7,0,2100,0
BANKNIFTY29MAY2546100PE.NFO,2025-05-23,14:40:00,2025-05-29,2.7,2.7,2.7,2.7,0,2100,1
BANKNIFTY29MAY2546100PE.NFO,2025-05-23,14:41:00,2025-05-29,2.7,2.7,2.7,2.7,0,2100,1
BANKNIFTY29MAY2546100PE.NFO,2025-05-23,14:42:00,2025-05-29,2.7,2.7,2.7,2.7,0,2100,0
BANKNIFTY29MAY2546100PE.NFO,2025-05-23,14:43:00,2025-05-29,2.7,2.7,2.7,2.7,0,2100,0
BANKNIFTY29MAY2546100PE.NFO,2025-05-23,14:44:00,2025-05-29,2.7,2.7,2.7,2.7,0,2100,1
BANKNIFTY29MAY2546100PE.NFO,2025-05-23,14:45:00,2025-05-29,2.7,2.7,2.7,2.7,0,2100,0
BANKNIFTY29MAY2546100PE.NFO,2025-05-23,14:46:00,2025-05-29,2.7,2.7,2.7,2.7,0,2100,1
BANKNIFTY29MAY2546100PE.NFO,2025-05-23,14:47:00,2025-05-29,2.7,2.7,2.7,2.7,0,2100,0
BANKNIFTY29MAY2546100PE.NFO,2025-05-23,14:48:00,2025-05-29,2.7,2.7,2.7,2.7,0,2100,0
BANKNIFTY29MAY2546100PE.NFO,2025-05-23,14:49:00,2025-05-29,2.7,2.7,2.7,2.7,0,2100,1
BANKNIFTY29MAY2546100PE.NFO,2025-05-23,14:50:00,2025-05-29,2.7,2.7,2.7,2.7,0,2100,1
BANKNIFTY29MAY2546100PE.NFO,2025-05-23,14:51:00,2025-05-29,2.7,2.7,2.7,2.7,0,2100,1
BANKNIFTY29MAY2546100PE.NFO,2025-05-23,14:52:00,2025-05-29,2.7,2.7,2.7,2.7,0,2100,0
BANKNIFTY29MAY2546100PE.NFO,2025-05-23,14:53:00,2025-05-29,2.7,2.7,2.7,2.7,0,2100,1
BANKNIFTY29MAY2546100PE.NFO,2025-05-23,14:54:00,2025-05-29,2.7,2.7,2.7,2.7,0,2100,0
BANKNIFTY29MAY2546100PE.NFO,2025-05-23,14:55:00,2025-05-29,2.7,2.7,2.7,2.7,0,2100,0
BANKNIFTY29MAY2546100PE.NFO,2025-05-23,14:56:00,2025-05-29,2.7,2.7,2.7,2.7,0,2100,1
BANKNIFTY29MAY2546100PE.NFO,2025-05-23,14:57:00,2025-05-29,2.7,2.7,2.7,2.7,0,2100,1
BANKNIFTY29MAY2546100PE.NFO,2025-05-23,14:58:00,2025-05-29,2.7,2.7,2.7,2.7,0,2100,1
BANKNIFTY29MAY2546100PE.NFO,2025-05-23,14:59:00,2025-05-29,2.7,2.7,2.7,2.7,0,2100,1
BANKNIFTY29MAY2546100PE.NFO,2025-05-23,15:00:00,2025-05-29,2.7,2.7,2.7,2.7,0,2100,1
BANKNIFTY29MAY2546100PE.NFO,2025-05-23,15:01:00,2025-05-29,2.7,2.7,2.7,2.7,0,2100,1
BANKNIFTY29MAY2546100PE.NFO,2025-05-23,15:02:00,2025-05-29,2.7,2.7,2.7,2.7,0,2100,0
BANKNIFTY29MAY2546100PE.NFO,2025-05-23,15:03:00,2025-05-29,2.7,2.7,2.7,2.7,0,2100,0
BANKNIFTY29MAY2546100PE.NFO,2025-05-23,15:04:00,2025-05-29,2.7,2.7,2.7,2.7,0,2100,1
BANKNIFTY29MAY2546100PE.NFO,2025-05-23,15:05:00,2025-05-29,2.7,2.7,2.7,2.7,0,2100,0
BANKNIFTY29MAY2546100PE.NFO,2025-05-23,15:06:00,2025-05-29,2.7,2.7,2.7,2.7,0,2100,1
BANKNIFTY29MAY2546100PE.NFO,2025-05-23,15:07:00,2025-05-29,2.7,2.7,2.7,2.7,0,2100,1
BANKNIFTY29MAY2546100PE.NFO,2025-05-23,15:08:00,2025-05-29,2.7,2.7,2.7,2.7,0,2100,1
BANKNIFTY29MAY2546100PE.NFO,2025-05-23,15:09:00,2025-05-29,2.7,2.7,2.7,2.7,0,2100,1
BANKNIFTY29MAY2546100PE.NFO,2025-05-23,15:10:00,2025-05-29,2.7,2.7,2.7,2.7,0,2100,1
BANKNIFTY29MAY2546100PE.NFO,2025-05-23,15:11:00,2025-05-29,2.7,2.7,2.7,2.7,0,2100,0
BANKNIFTY29MAY2546100PE.NFO,2025-05-23,15:12:00,2025-05-29,2.7,2.7,2.7,2.7,0,2100,0
BANKNIFTY29MAY2546100PE.NFO,2025-05-23,15:13:00,2025-05-29,2.7,2.7,2.7,2.7,0,2100,1
BANKNIFTY29MAY2546100PE.NFO,2025-05-23,15:14:00,2025-05-29,2.7,2.7,2.7,2.7,0,2100,0
BANKNIFTY29MAY2546100PE.NFO,2025-05-23,15:15:00,2025-05-29,2.7,2.7,2.7,2.7,0,2100,1
BANKNIFTY29MAY2546100PE.NFO,2025-05-23,15:16:00,2025-05-29,2.7,2.7,2.7,2.7,0,2100,0
BANKNIFTY29MAY2546100PE.NFO,2025-05-23,15:17:00,2025-05-29,2.7,2.7,2.7,2.7,0,2100,1
BANKNIFTY29MAY2546100PE.NFO,2025-05-23,15:18:00,2025-05-29,2.7,2.7,2.7,2.7,0,2100,0
BANKNIFTY29MAY2546100PE.NFO,2025-05-23,15:19:00,2025-05-29,2.7,2.7,2.7,2.7,0,2100,0
BANKNIFTY29MAY2546100PE.NFO,2025-05-23,15:20:00,2025-05-29,2.7,2.7,2.7,2.7,0,2100,0
BANKNIFTY29MAY2546100PE.NFO,2025-05-23,15:21:00,2025-05-29,2.7,2.7,2.7,2.7,0,2100,1
BANKNIFTY29MAY2546100PE.NFO,2025-05-23,15:22:00,2025-05-29,2.7,2.7,2.7,2.7,0,2100,1
BANKNIFTY29MAY2546100PE.NFO,2025-05-23,15:23:00,2025-05-29,2.7,2.7,2.7,2.7,0,2100,1
BANKNIFTY29MAY2546100PE.NFO,2025-05-23,15:24:00,2025-05-29,2.7,2.7,2.7,2.7,0,2100,1
BANKNIFTY29MAY2546100PE.NFO,2025-05-23,15:25:00,2025-05-29,2.7,2.7,2.7,2.7,0,2100,0
BANKNIFTY29MAY2546100PE.NFO,2025-05-23,15:26:00,2025-05-29,2.7,2.7,2.7,2.7,0,2100,0
BANKNIFTY29MAY2546100PE.NFO,2025-05-23,15:27:00,2025-05-29,2.7,2.7,2.7,2.7,0,2100,1
BANKNIFTY29MAY2546100PE.NFO,2025-05-23,15:28:00,2025-05-29,2.7,2.7,2.7,2.7,0,2100,0
BANKNIFTY29MAY2546100PE.NFO,2025-05-23,15:29:00,2025-05-29,2.7,2.7,2.7,2.7,0,2100,0
BANKNIFTY29MAY2546100PE.NFO,2025-05-23,15:30:00,2025-05-29,2.7,2.7,2.7,2.7,0,2100,1
BANKNIFTY29MAY2546100PE.NFO,2025-05-26,09:15:00,2025-05-29,2.2,2.2,2.2,2.2,0,2100,1
BANKNIFTY29MAY2546100PE.NFO,2025-05-26,09:16:00,2025-05-29,2.2,2.2,2.2,2.2,0,2100,1
BANKNIFTY29MAY2546100PE.NFO,2025-05-26,09:17:00,2025-05-29,2.2,2.2,2.2,2.2,0,2100,1
BANKNIFTY29MAY2546100PE.NFO,2025-05-26,09:18:00,2025-05-29,2.2,2.2,2.2,2.2,0,2100,1
BANKNIFTY29MAY2546100PE.NFO,2025-05-26,09:19:00,2025-05-29,2.2,2.2,2.2,2.2,0,2100,1
BANKNIFTY29MAY2546100PE.NFO,2025-05-26,09:20:00,2025-05-29,2.2,2.2,2.2,2.2,0,2100,1
BANKNIFTY29MAY2546100PE.NFO,2025-05-26,09:21:00,2025-05-29,2.2,2.2,2.2,2.2,0,2100,1
BANKNIFTY29MAY2546100PE.NFO,2025-05-26,09:22:00,2025-05-29,2.2,2.2,2.2,2.2,0,2100,1
BANKNIFTY29MAY2546100PE.NFO,2025-05-26,09:23:00,2025-05-29,2.2,2.2,2.2,2.2,0,2100,1
BANKNIFTY29MAY2546100PE.NFO,2025-05-26,09:24:00,2025-05-29,2.2,2.2,2.2,2.2,0,2100,1
BANKNIFTY29MAY2546100PE.NFO,2025-05-26,09:25:00,2025-05-29,2.2,2.2,2.2,2.2,0,2100,1
BANKNIFTY29MAY2546100PE.NFO,2025-05-26,09:26:00,2025-05-29,2.2,2.2,2.2,2.2,0,2100,1
BANKNIFTY29MAY2546100PE.NFO,2025-05-26,09:27:00,2025-05-29,2.2,2.2,2.2,2.2,0,2100,1
BANKNIFTY29MAY2546100PE.NFO,2025-05-26,09:28:00,2025-05-29,2.2,2.2,2.2,2.2,0,2100,1
BANKNIFTY29MAY2546100PE.NFO,2025-05-26,09:29:00,2025-05-29,2.2,2.2,2.2,2.2,0,2100,1
BANKNIFTY29MAY2546100PE.NFO,2025-05-26,09:30:00,2025-05-29,2.2,2.2,2.2,2.2,0,2100,1
BANKNIFTY29MAY2546100PE.NFO,2025-05-26,09:31:00,2025-05-29,2.2,2.2,2.2,2.2,0,2100,1
BANKNIFTY29MAY2546100PE.NFO,2025-05-26,09:32:00,2025-05-29,2.2,2.2,2.2,2.2,0,2100,1
BANKNIFTY29MAY2546100PE.NFO,2025-05-26,09:33:00,2025-05-29,2.2,2.2,2.2,2.2,0,2100,1
BANKNIFTY29MAY2546100PE.NFO,2025-05-26,09:34:00,2025-05-29,2.2,2.2,2.2,2.2,0,2100,1
BANKNIFTY29MAY2546100PE.NFO,2025-05-26,09:35:00,2025-05-29,2.2,2.2,2.2,2.2,0,2100,1
BANKNIFTY29MAY2546100PE.NFO,2025-05-26,09:36:00,2025-05-29,2.2,2.2,2.2,2.2,0,2100,1
BANKNIFTY29MAY2546100PE.NFO,2025-05-26,09:37:00,2025-05-29,2.2,2.2,2.2,2.2,0,2100,1
BANKNIFTY29MAY2546100PE.NFO,2025-05-26,09:38:00,2025-05-29,2.2,2.2,2.2,2.2,0,2100,1
BANKNIFTY29MAY2546100PE.NFO,2025-05-26,09:39:00,2025-05-29,2.2,2.2,2.2,2.2,0,2100,1
BANKNIFTY29MAY2546100PE.NFO,2025-05-26,09:40:00,2025-05-29,2.2,2.2,2.2,2.2,0,2100,1
BANKNIFTY29MAY2546100PE.NFO,2025-05-26,09:41:00,2025-05-29,2.2,2.2,2.2,2.2,0,2100,1
BANKNIFTY29MAY2546100PE.NFO,2025-05-26,09:42:00,2025-05-29,2.2,2.2,2.2,2.2,0,2100,1
BANKNIFTY29MAY2546100PE.NFO,2025-05-26,09:43:00,2025-05-29,2.2,2.2,2.2,2.2,0,2100,1
BANKNIFTY29MAY2546100PE.NFO,2025-05-26,09:44:00,2025-05-29,2.2,2.2,2.2,2.2,0,2100,1
BANKNIFTY29MAY2546100PE.NFO,2025-05-26,09:45:00,2025-05-29,2.2,2.2,2.2,2.2,0,2100,1
BANKNIFTY29MAY2546100PE.NFO,2025-05-26,09:46:00,2025-05-29,2.2,2.2,2.2,2.2,0,2100,1
BANKNIFTY29MAY2546100PE.NFO,2025-05-26,09:47:00,2025-05-29,2.2,2.2,2.2,2.2,0,2100,1
BANKNIFTY29MAY2546100PE.NFO,2025-05-26,09:48:00,2025-05-29,2.2,2.2,2.2,2.2,0,2100,1
BANKNIFTY29MAY2546100PE.NFO,2025-05-26,09:49:00,2025-05-29,2.2,2.2,2.2,2.2,0,2100,1
BANKNIFTY29MAY2546100PE.NFO,2025-05-26,09:50:00,2025-05-29,2.2,2.2,2.2,2.2,0,2100,1
BANKNIFTY29MAY2546100PE.NFO,2025-05-26,09:51:00,2025-05-29,2.2,2.2,2.2,2.2,0,2100,1
BANKNIFTY29MAY2546100PE.NFO,2025-05-26,09:52:00,2025-05-29,2.2,2.2,2.2,2.2,0,2100,1
BANKNIFTY29MAY2546100PE.NFO,2025-05-26,09:53:00,2025-05-29,2.2,2.2,2.2,2.2,0,2100,1
BANKNIFTY29MAY2546100PE.NFO,2025-05-26,09:54:00,2025-05-29,2.2,2.2,2.2,2.2,0,2100,1
BANKNIFTY29MAY2546100PE.NFO,2025-05-26,09:55:00,2025-05-29,2.2,2.2,2.2,2.2,0,2100,1
BANKNIFTY29MAY2546100PE.NFO,2025-05-26,09:56:00,2025-05-29,2.2,2.2,2.2,2.2,0,2100,1
BANKNIFTY29MAY2546100PE.NFO,2025-05-26,09:57:00,2025-05-29,2.2,2.2,2.2,2.2,0,2100,1
BANKNIFTY29MAY2546100PE.NFO,2025-05-26,09:58:00,2025-05-29,2.2,2.2,2.2,2.2,0,2100,1
BANKNIFTY29MAY2546100PE.NFO,2025-05-26,09:59:00,2025-05-29,2.2,2.2,2.2,2.2,0,2100,1
BANKNIFTY29MAY2546100PE.NFO,2025-05-26,10:00:00,2025-05-29,2.2,2.2,2.2,2.2,0,2100,1
BANKNIFTY29MAY2546100PE.NFO,2025-05-26,10:01:00,2025-05-29,2.2,2.2,2.2,2.2,0,2100,1
BANKNIFTY29MAY2546100PE.NFO,2025-05-26,10:02:00,2025-05-29,2.2,2.2,2.2,2.2,0,2100,1
BANKNIFTY29MAY2546100PE.NFO,2025-05-26,10:03:00,2025-05-29,2.2,2.2,2.2,2.2,0,2100,1
BANKNIFTY29MAY2546100PE.NFO,2025-05-26,10:04:00,2025-05-29,2.2,2.2,2.2,2.2,0,2100,1
BANKNIFTY29MAY2546100PE.NFO,2025-05-26,10:05:00,2025-05-29,2.2,2.2,2.2,2.2,0,2100,1
BANKNIFTY29MAY2546100PE.NFO,2025-05-26,10:06:00,2025-05-29,2.2,2.2,2.2,2.2,0,2100,1
BANKNIFTY29MAY2546100PE.NFO,2025-05-26,10:07:00,2025-05-29,2.2,2.2,2.2,2.2,0,2100,1
BANKNIFTY29MAY2546100PE.NFO,2025-05-26,10:08:00,2025-05-29,2.2,2.2,2.2,2.2,0,2100,1
BANKNIFTY29MAY2546100PE.NFO,2025-05-26,10:09:00,2025-05-29,2.2,2.2,2.2,2.2,0,2100,1
BANKNIFTY29MAY2546100PE.NFO,2025-05-26,10:10:00,2025-05-29,2.2,2.2,2.2,2.2,0,2100,0
BANKNIFTY29MAY2546100PE.NFO,2025-05-26,10:11:00,2025-05-29,2.2,2.2,2.2,2.2,0,2100,1
BANKNIFTY29MAY2546100PE.NFO,2025-05-26,10:12:00,2025-05-29,2.2,2.2,2.2,2.2,0,2100,0
BANKNIFTY29MAY2546100PE.NFO,2025-05-26,10:13:00,2025-05-29,2.2,2.2,2.2,2.2,0,2100,0
BANKNIFTY29MAY2546100PE.NFO,2025-05-26,10:14:00,2025-05-29,2.2,2.2,2.2,2.2,0,2100,1
BANKNIFTY29MAY2546100PE.NFO,2025-05-26,10:15:00,2025-05-29,2.2,2.2,2.2,2.2,0,2100,1
BANKNIFTY29MAY2546100PE.NFO,2025-05-26,10:16:00,2025-05-29,2.2,2.2,2.2,2.2,0,2100,1
BANKNIFTY29MAY2546100PE.NFO,2025-05-26,10:17:00,2025-05-29,2.2,2.2,2.2,2.2,0,2100,1
BANKNIFTY29MAY2546100PE.NFO,2025-05-26,10:18:00,2025-05-29,2.2,2.2,2.2,2.2,0,2100,1
BANKNIFTY29MAY2546100PE.NFO,2025-05-26,10:19:00,2025-05-29,2.2,2.2,2.2,2.2,0,2100,0
BANKNIFTY29MAY2546100PE.NFO,2025-05-26,10:20:00,2025-05-29,2.2,2.2,2.2,2.2,0,2100,1
BANKNIFTY29MAY2546100PE.NFO,2025-05-26,10:21:00,2025-05-29,2.2,2.2,2.2,2.2,0,2100,1
BANKNIFTY29MAY2546100PE.NFO,2025-05-26,10:22:00,2025-05-29,2.2,2.2,2.2,2.2,0,2100,1
BANKNIFTY29MAY2546100PE.NFO,2025-05-26,10:23:00,2025-05-29,2.2,2.2,2.2,2.2,0,2100,1
BANKNIFTY29MAY2546100PE.NFO,2025-05-26,10:24:00,2025-05-29,2.2,2.2,2.2,2.2,0,2100,1
BANKNIFTY29MAY2546100PE.NFO,2025-05-26,10:25:00,2025-05-29,2.2,2.2,2.2,2.2,0,2100,0
BANKNIFTY29MAY2546100PE.NFO,2025-05-26,10:26:00,2025-05-29,2.2,2.2,2.2,2.2,0,2100,0
BANKNIFTY29MAY2546100PE.NFO,2025-05-26,10:27:00,2025-05-29,2.2,2.2,2.2,2.2,0,2100,0
BANKNIFTY29MAY2546100PE.NFO,2025-05-26,10:28:00,2025-05-29,2.2,2.2,2.2,2.2,0,2100,1
BANKNIFTY29MAY2546100PE.NFO,2025-05-26,10:29:00,2025-05-29,2.2,2.2,2.2,2.2,0,2100,1
BANKNIFTY29MAY2546100PE.NFO,2025-05-26,10:30:00,2025-05-29,2.2,2.2,2.2,2.2,0,2100,1
BANKNIFTY29MAY2546100PE.NFO,2025-05-26,10:31:00,2025-05-29,2.2,2.2,2.2,2.2,0,2100,0
BANKNIFTY29MAY2546100PE.NFO,2025-05-26,10:32:00,2025-05-29,2.2,2.2,2.2,2.2,0,2100,1
BANKNIFTY29MAY2546100PE.NFO,2025-05-26,10:33:00,2025-05-29,2.2,2.2,2.2,2.2,0,2100,1
BANKNIFTY29MAY2546100PE.NFO,2025-05-26,10:34:00,2025-05-29,2.2,2.2,2.2,2.2,0,2100,1
BANKNIFTY29MAY2546100PE.NFO,2025-05-26,10:35:00,2025-05-29,2.2,2.2,2.2,2.2,0,2100,0
BANKNIFTY29MAY2546100PE.NFO,2025-05-26,10:36:00,2025-05-29,2.2,2.2,2.2,2.2,0,2100,0
BANKNIFTY29MAY2546100PE.NFO,2025-05-26,10:37:00,2025-05-29,2.2,2.2,2.2,2.2,0,2100,0
BANKNIFTY29MAY2546100PE.NFO,2025-05-26,10:38:00,2025-05-29,2.2,2.2,2.2,2.2,0,2100,1
BANKNIFTY29MAY2546100PE.NFO,2025-05-26,10:39:00,2025-05-29,2.2,2.2,2.2,2.2,0,2100,0
BANKNIFTY29MAY2546100PE.NFO,2025-05-26,10:40:00,2025-05-29,2.2,2.2,2.2,2.2,0,2100,0
BANKNIFTY29MAY2546100PE.NFO,2025-05-26,10:41:00,2025-05-29,2.2,2.2,2.2,2.2,0,2100,1
BANKNIFTY29MAY2546100PE.NFO,2025-05-26,10:42:00,2025-05-29,2.2,2.2,2.2,2.2,0,2100,1
BANKNIFTY29MAY2546100PE.NFO,2025-05-26,10:43:00,2025-05-29,2.2,2.2,2.2,2.2,0,2100,1
BANKNIFTY29MAY2546100PE.NFO,2025-05-26,10:44:00,2025-05-29,2.2,2.2,2.2,2.2,0,2100,1
BANKNIFTY29MAY2546100PE.NFO,2025-05-26,10:45:00,2025-05-29,2.2,2.2,2.2,2.2,0,2100,0
BANKNIFTY29MAY2546100PE.NFO,2025-05-26,10:46:00,2025-05-29,2.2,2.2,2.2,2.2,0,2100,0
BANKNIFTY29MAY2546100PE.NFO,2025-05-26,10:47:00,2025-05-29,2.2,2.2,2.2,2.2,0,2100,0
BANKNIFTY29MAY2546100PE.NFO,2025-05-26,10:48:00,2025-05-29,2.2,2.2,2.2,2.2,0,2100,0
BANKNIFTY29MAY2546100PE.NFO,2025-05-26,10:49:00,2025-05-29,2.2,2.2,2.2,2.2,0,2100,1
BANKNIFTY29MAY2546100PE.NFO,2025-05-26,10:50:00,2025-05-29,2.2,2.2,2.2,2.2,0,2100,1
BANKNIFTY29MAY2546100PE.NFO,2025-05-26,10:51:00,2025-05-29,2.2,2.2,2.2,2.2,0,2100,1
BANKNIFTY29MAY2546100PE.NFO,2025-05-26,10:52:00,2025-05-29,2.2,2.2,2.2,2.2,0,2100,1
BANKNIFTY29MAY2546100PE.NFO,2025-05-26,10:53:00,2025-05-29,2.2,2.2,2.2,2.2,0,2100,0
BANKNIFTY29MAY2546100PE.NFO,2025-05-26,10:54:00,2025-05-29,2.2,2.2,2.2,2.2,0,2100,0
BANKNIFTY29MAY2546100PE.NFO,2025-05-26,10:55:00,2025-05-29,2.2,2.2,2.2,2.2,0,2100,0
BANKNIFTY29MAY2546100PE.NFO,2025-05-26,10:56:00,2025-05-29,2.2,2.2,2.2,2.2,0,2100,1
BANKNIFTY29MAY2546100PE.NFO,2025-05-26,10:57:00,2025-05-29,2.2,2.2,2.2,2.2,0,2100,0
BANKNIFTY29MAY2546100PE.NFO,2025-05-26,10:58:00,2025-05-29,2.2,2.2,2.2,2.2,0,2100,1
BANKNIFTY29MAY2546100PE.NFO,2025-05-26,10:59:00,2025-05-29,2.2,2.2,2.2,2.2,0,2100,1
BANKNIFTY29MAY2546100PE.NFO,2025-05-26,11:00:00,2025-05-29,2.2,2.2,2.2,2.2,0,2100,1
BANKNIFTY29MAY2546100PE.NFO,2025-05-26,11:01:00,2025-05-29,2.2,2.2,2.2,2.2,0,2100,1
BANKNIFTY29MAY2546100PE.NFO,2025-05-26,11:02:00,2025-05-29,2.2,2.2,2.2,2.2,0,2100,1
BANKNIFTY29MAY2546100PE.NFO,2025-05-26,11:03:00,2025-05-29,2.2,2.2,2.2,2.2,0,2100,1
BANKNIFTY29MAY2546100PE.NFO,2025-05-26,11:04:00,2025-05-29,2.2,2.2,2.2,2.2,0,2100,1
BANKNIFTY29MAY2546100PE.NFO,2025-05-26,11:05:00,2025-05-29,2.2,2.2,2.2,2.2,0,2100,0
BANKNIFTY29MAY2546100PE.NFO,2025-05-26,11:06:00,2025-05-29,2.2,2.2,2.2,2.2,0,2100,1
BANKNIFTY29MAY2546100PE.NFO,2025-05-26,11:07:00,2025-05-29,2.2,2.2,2.2,2.2,0,2100,1
BANKNIFTY29MAY2546100PE.NFO,2025-05-26,11:08:00,2025-05-29,2.2,2.2,2.2,2.2,0,2100,1
BANKNIFTY29MAY2546100PE.NFO,2025-05-26,11:09:00,2025-05-29,2.2,2.2,2.2,2.2,0,2100,1
BANKNIFTY29MAY2546100PE.NFO,2025-05-26,11:10:00,2025-05-29,2.2,2.2,2.2,2.2,0,2100,0
BANKNIFTY29MAY2546100PE.NFO,2025-05-26,11:11:00,2025-05-29,2.2,2.2,2.2,2.2,0,2100,1
BANKNIFTY29MAY2546100PE.NFO,2025-05-26,11:12:00,2025-05-29,2.2,2.2,2.2,2.2,0,2100,1
BANKNIFTY29MAY2546100PE.NFO,2025-05-26,11:13:00,2025-05-29,2.2,2.2,2.2,2.2,0,2100,1
BANKNIFTY29MAY2546100PE.NFO,2025-05-26,11:14:00,2025-05-29,2.2,2.2,2.2,2.2,0,2100,0
BANKNIFTY29MAY2546100PE.NFO,2025-05-26,11:15:00,2025-05-29,2.2,2.2,2.2,2.2,0,2100,1
BANKNIFTY29MAY2546100PE.NFO,2025-05-26,11:16:00,2025-05-29,2.2,2.2,2.2,2.2,0,2100,1
BANKNIFTY29MAY2546100PE.NFO,2025-05-26,11:17:00,2025-05-29,2.2,2.2,2.2,2.2,0,2100,1
BANKNIFTY29MAY2546100PE.NFO,2025-05-26,11:18:00,2025-05-29,2.2,2.2,2.2,2.2,0,2100,0
BANKNIFTY29MAY2546100PE.NFO,2025-05-26,11:19:00,2025-05-29,2.2,2.2,2.2,2.2,0,2100,1
BANKNIFTY29MAY2546100PE.NFO,2025-05-26,11:20:00,2025-05-29,2.2,2.2,2.2,2.2,0,2100,1
BANKNIFTY29MAY2546100PE.NFO,2025-05-26,11:21:00,2025-05-29,2.2,2.2,2.2,2.2,0,2100,0
BANKNIFTY29MAY2546100PE.NFO,2025-05-26,11:22:00,2025-05-29,2.2,2.2,2.2,2.2,0,2100,0
BANKNIFTY29MAY2546100PE.NFO,2025-05-26,11:23:00,2025-05-29,2.2,2.2,2.2,2.2,0,2100,1
BANKNIFTY29MAY2546100PE.NFO,2025-05-26,11:24:00,2025-05-29,2.2,2.2,2.2,2.2,0,2100,1
BANKNIFTY29MAY2546100PE.NFO,2025-05-26,11:25:00,2025-05-29,2.2,2.2,2.2,2.2,0,2100,0
BANKNIFTY29MAY2546100PE.NFO,2025-05-26,11:26:00,2025-05-29,2.2,2.2,2.2,2.2,0,2100,0
BANKNIFTY29MAY2546100PE.NFO,2025-05-26,11:27:00,2025-05-29,2.2,2.2,2.2,2.2,0,2100,0
BANKNIFTY29MAY2546100PE.NFO,2025-05-26,11:28:00,2025-05-29,2.2,2.2,2.2,2.2,0,2100,1
BANKNIFTY29MAY2546100PE.NFO,2025-05-26,11:29:00,2025-05-29,2.2,2.2,2.2,2.2,0,2100,0
BANKNIFTY29MAY2546100PE.NFO,2025-05-26,11:30:00,2025-05-29,2.2,2.2,2.2,2.2,0,2100,1
BANKNIFTY29MAY2546100PE.NFO,2025-05-26,11:31:00,2025-05-29,2.2,2.2,2.2,2.2,0,2100,1
BANKNIFTY29MAY2546100PE.NFO,2025-05-26,11:32:00,2025-05-29,2.2,2.2,2.2,2.2,0,2100,1
BANKNIFTY29MAY2546100PE.NFO,2025-05-26,11:33:00,2025-05-29,2.2,2.2,2.2,2.2,0,2100,1
BANKNIFTY29MAY2546100PE.NFO,2025-05-26,11:34:00,2025-05-29,2.2,2.2,2.2,2.2,0,2100,1
BANKNIFTY29MAY2546100PE.NFO,2025-05-26,11:35:00,2025-05-29,2.2,2.2,2.2,2.2,0,2100,1
BANKNIFTY29MAY2546100PE.NFO,2025-05-26,11:36:00,2025-05-29,2.2,2.2,2.2,2.2,0,2100,1
BANKNIFTY29MAY2546100PE.NFO,2025-05-26,11:37:00,2025-05-29,2.2,2.2,2.2,2.2,0,2100,0
BANKNIFTY29MAY2546100PE.NFO,2025-05-26,11:38:00,2025-05-29,2.2,2.2,2.2,2.2,0,2100,1
BANKNIFTY29MAY2546100PE.NFO,2025-05-26,11:39:00,2025-05-29,2.2,2.2,2.2,2.2,0,2100,1
BANKNIFTY29MAY2546100PE.NFO,2025-05-26,11:40:00,2025-05-29,2.2,2.2,2.2,2.2,0,2100,0
BANKNIFTY29MAY2546100PE.NFO,2025-05-26,11:41:00,2025-05-29,2.2,2.2,2.2,2.2,0,2100,1
BANKNIFTY29MAY2546100PE.NFO,2025-05-26,11:42:00,2025-05-29,2.2,2.2,2.2,2.2,0,2100,1
BANKNIFTY29MAY2546100PE.NFO,2025-05-26,11:43:00,2025-05-29,2.2,2.2,2.2,2.2,0,2100,1
BANKNIFTY29MAY2546100PE.NFO,2025-05-26,11:44:00,2025-05-29,2.2,2.2,2.2,2.2,0,2100,1
BANKNIFTY29MAY2546100PE.NFO,2025-05-26,11:45:00,2025-05-29,2.2,2.2,2.2,2.2,0,2100,1
BANKNIFTY29MAY2546100PE.NFO,2025-05-26,11:46:00,2025-05-29,2.2,2.2,2.2,2.2,0,2100,1
BANKNIFTY29MAY2546100PE.NFO,2025-05-26,11:47:00,2025-05-29,2.2,2.2,2.2,2.2,0,2100,1
BANKNIFTY29MAY2546100PE.NFO,2025-05-26,11:48:00,2025-05-29,2.2,2.2,2.2,2.2,0,2100,1
BANKNIFTY29MAY2546100PE.NFO,2025-05-26,11:49:00,2025-05-29,2.2,2.2,2.2,2.2,0,2100,1
BANKNIFTY29MAY2546100PE.NFO,2025-05-26,11:50:00,2025-05-29,2.2,2.2,2.2,2.2,0,2100,1
BANKNIFTY29MAY2546100PE.NFO,2025-05-26,11:51:00,2025-05-29,2.2,2.2,2.2,2.2,0,2100,1
BANKNIFTY29MAY2546100PE.NFO,2025-05-26,11:52:00,2025-05-29,2.2,2.2,2.2,2.2,0,2100,1
BANKNIFTY29MAY2546100PE.NFO,2025-05-26,11:53:00,2025-05-29,2.2,2.2,2.2,2.2,0,2100,1
BANKNIFTY29MAY2546100PE.NFO,2025-05-26,11:54:00,2025-05-29,2.2,2.2,2.2,2.2,0,2100,1
BANKNIFTY29MAY2546100PE.NFO,2025-05-26,11:55:00,2025-05-29,2.2,2.2,2.2,2.2,0,2100,0
BANKNIFTY29MAY2546100PE.NFO,2025-05-26,11:56:00,2025-05-29,2.2,2.2,2.2,2.2,0,2100,1
BANKNIFTY29MAY2546100PE.NFO,2025-05-26,11:57:00,2025-05-29,2.2,2.2,2.2,2.2,0,2100,1
BANKNIFTY29MAY2546100PE.NFO,2025-05-26,11:58:00,2025-05-29,2.2,2.2,2.2,2.2,0,2100,0
BANKNIFTY29MAY2546100PE.NFO,2025-05-26,11:59:00,2025-05-29,2.2,2.2,2.2,2.2,0,2100,0
BANKNIFTY29MAY2546100PE.NFO,2025-05-26,12:00:00,2025-05-29,2.2,2.2,2.2,2.2,0,2100,1
BANKNIFTY29MAY2546100PE.NFO,2025-05-26,12:01:00,2025-05-29,2.2,2.2,2.2,2.2,0,2100,1
BANKNIFTY29MAY2546100PE.NFO,2025-05-26,12:02:00,2025-05-29,2.2,2.2,2.2,2.2,0,2100,0
BANKNIFTY29MAY2546100PE.NFO,2025-05-26,12:03:00,2025-05-29,2.2,2.2,2.2,2.2,0,2100,1
BANKNIFTY29MAY2546100PE.NFO,2025-05-26,12:04:00,2025-05-29,2.2,2.2,2.2,2.2,0,2100,1
BANKNIFTY29MAY2546100PE.NFO,2025-05-26,12:05:00,2025-05-29,2.2,2.2,2.2,2.2,0,2100,1
BANKNIFTY29MAY2546100PE.NFO,2025-05-26,12:06:00,2025-05-29,2.2,2.2,2.2,2.2,0,2100,1
BANKNIFTY29MAY2546100PE.NFO,2025-05-26,12:07:00,2025-05-29,2.2,2.2,2.2,2.2,0,2100,1
BANKNIFTY29MAY2546100PE.NFO,2025-05-26,12:08:00,2025-05-29,2.2,2.2,2.2,2.2,0,2100,1
BANKNIFTY29MAY2546100PE.NFO,2025-05-26,12:09:00,2025-05-29,2.2,2.2,2.2,2.2,0,2100,1
BANKNIFTY29MAY2546100PE.NFO,2025-05-26,12:10:00,2025-05-29,2.2,2.2,2.2,2.2,0,2100,0
BANKNIFTY29MAY2546100PE.NFO,2025-05-26,12:11:00,2025-05-29,2.2,2.2,2.2,2.2,0,2100,1
BANKNIFTY29MAY2546100PE.NFO,2025-05-26,12:12:00,2025-05-29,2.2,2.2,2.2,2.2,0,2100,1
BANKNIFTY29MAY2546100PE.NFO,2025-05-26,12:13:00,2025-05-29,2.2,2.2,2.2,2.2,0,2100,1
BANKNIFTY29MAY2546100PE.NFO,2025-05-26,12:14:00,2025-05-29,2.2,2.2,2.2,2.2,0,2100,1
BANKNIFTY29MAY2546100PE.NFO,2025-05-26,12:15:00,2025-05-29,2.2,2.2,2.2,2.2,0,2100,1
BANKNIFTY29MAY2546100PE.NFO,2025-05-26,12:16:00,2025-05-29,2.2,2.2,2.2,2.2,0,2100,0
BANKNIFTY29MAY2546100PE.NFO,2025-05-26,12:17:00,2025-05-29,2.2,2.2,2.2,2.2,0,2100,1
BANKNIFTY29MAY2546100PE.NFO,2025-05-26,12:18:00,2025-05-29,2.2,2.2,2.2,2.2,0,2100,1
BANKNIFTY29MAY2546100PE.NFO,2025-05-26,12:19:00,2025-05-29,2.2,2.2,2.2,2.2,0,2100,1
BANKNIFTY29MAY2546100PE.NFO,2025-05-26,12:20:00,2025-05-29,2.2,2.2,2.2,2.2,0,2100,1
BANKNIFTY29MAY2546100PE.NFO,2025-05-26,12:21:00,2025-05-29,2.2,2.2,2.2,2.2,0,2100,1
BANKNIFTY29MAY2546100PE.NFO,2025-05-26,12:22:00,2025-05-29,2.2,2.2,2.2,2.2,0,2100,1
BANKNIFTY29MAY2546100PE.NFO,2025-05-26,12:23:00,2025-05-29,2.2,2.2,2.2,2.2,0,2100,1
BANKNIFTY29MAY2546100PE.NFO,2025-05-26,12:24:00,2025-05-29,2.2,2.2,2.2,2.2,0,2100,1
BANKNIFTY29MAY2546100PE.NFO,2025-05-26,12:25:00,2025-05-29,2.2,2.2,2.2,2.2,0,2100,0
BANKNIFTY29MAY2546100PE.NFO,2025-05-26,12:26:00,2025-05-29,2.2,2.2,2.2,2.2,0,2100,1
BANKNIFTY29MAY2546100PE.NFO,2025-05-26,12:27:00,2025-05-29,2.2,2.2,2.2,2.2,0,2100,1
BANKNIFTY29MAY2546100PE.NFO,2025-05-26,12:28:00,2025-05-29,2.2,2.2,2.2,2.2,0,2100,1
BANKNIFTY29MAY2546100PE.NFO,2025-05-26,12:29:00,2025-05-29,2.2,2.2,2.2,2.2,0,2100,0
BANKNIFTY29MAY2546100PE.NFO,2025-05-26,12:30:00,2025-05-29,2.2,2.2,2.2,2.2,0,2100,1
BANKNIFTY29MAY2546100PE.NFO,2025-05-26,12:31:00,2025-05-29,2.2,2.2,2.2,2.2,0,2100,1
BANKNIFTY29MAY2546100PE.NFO,2025-05-26,12:32:00,2025-05-29,2.2,2.2,2.2,2.2,0,2100,1
BANKNIFTY29MAY2546100PE.NFO,2025-05-26,12:33:00,2025-05-29,2.2,2.2,2.2,2.2,0,2100,1
BANKNIFTY29MAY2546100PE.NFO,2025-05-26,12:34:00,2025-05-29,2.2,2.2,2.2,2.2,0,2100,1
BANKNIFTY29MAY2546100PE.NFO,2025-05-26,12:35:00,2025-05-29,2.2,2.2,2.2,2.2,0,2100,1
BANKNIFTY29MAY2546100PE.NFO,2025-05-26,12:36:00,2025-05-29,2.2,2.2,2.2,2.2,0,2100,0
BANKNIFTY29MAY2546100PE.NFO,2025-05-26,12:37:00,2025-05-29,2.2,2.2,2.2,2.2,0,2100,1
BANKNIFTY29MAY2546100PE.NFO,2025-05-26,12:38:00,2025-05-29,2.2,2.2,2.2,2.2,0,2100,1
BANKNIFTY29MAY2546100PE.NFO,2025-05-26,12:39:00,2025-05-29,2.2,2.2,2.2,2.2,0,2100,1
BANKNIFTY29MAY2546100PE.NFO,2025-05-26,12:40:00,2025-05-29,2.2,2.2,2.2,2.2,0,2100,0
BANKNIFTY29MAY2546100PE.NFO,2025-05-26,12:41:00,2025-05-29,2.2,2.2,2.2,2.2,0,2100,1
BANKNIFTY29MAY2546100PE.NFO,2025-05-26,12:42:00,2025-05-29,2.2,2.2,2.2,2.2,0,2100,1
BANKNIFTY29MAY2546100PE.NFO,2025-05-26,12:43:00,2025-05-29,2.2,2.2,2.2,2.2,0,2100,1
BANKNIFTY29MAY2546100PE.NFO,2025-05-26,12:44:00,2025-05-29,2.2,2.2,2.2,2.2,0,2100,1
BANKNIFTY29MAY2546100PE.NFO,2025-05-26,12:45:00,2025-05-29,2.2,2.2,2.2,2.2,0,2100,1
BANKNIFTY29MAY2546100PE.NFO,2025-05-26,12:46:00,2025-05-29,2.2,2.2,2.2,2.2,0,2100,1
BANKNIFTY29MAY2546100PE.NFO,2025-05-26,12:47:00,2025-05-29,2.2,2.2,2.2,2.2,0,2100,1
BANKNIFTY29MAY2546100PE.NFO,2025-05-26,12:48:00,2025-05-29,2.2,2.2,2.2,2.2,0,2100,1
BANKNIFTY29MAY2546100PE.NFO,2025-05-26,12:49:00,2025-05-29,2.2,2.2,2.2,2.2,0,2100,1
BANKNIFTY29MAY2546100PE.NFO,2025-05-26,12:50:00,2025-05-29,2.2,2.2,2.2,2.2,0,2100,1
BANKNIFTY29MAY2546100PE.NFO,2025-05-26,12:51:00,2025-05-29,2.2,2.2,2.2,2.2,0,2100,1
BANKNIFTY29MAY2546100PE.NFO,2025-05-26,12:52:00,2025-05-29,2.2,2.2,2.2,2.2,0,2100,1
BANKNIFTY29MAY2546100PE.NFO,2025-05-26,12:53:00,2025-05-29,2.2,2.2,2.2,2.2,0,2100,1
BANKNIFTY29MAY2546100PE.NFO,2025-05-26,12:54:00,2025-05-29,2.2,2.2,2.2,2.2,0,2100,1
BANKNIFTY29MAY2546100PE.NFO,2025-05-26,12:55:00,2025-05-29,2.2,2.2,2.2,2.2,0,2100,0
BANKNIFTY29MAY2546100PE.NFO,2025-05-26,12:56:00,2025-05-29,2.2,2.2,2.2,2.2,0,2100,0
BANKNIFTY29MAY2546100PE.NFO,2025-05-26,12:57:00,2025-05-29,2.2,2.2,2.2,2.2,0,2100,1
BANKNIFTY29MAY2546100PE.NFO,2025-05-26,12:58:00,2025-05-29,2.2,2.2,2.2,2.2,0,2100,1
BANKNIFTY29MAY2546100PE.NFO,2025-05-26,12:59:00,2025-05-29,2.2,2.2,2.2,2.2,0,2100,1
BANKNIFTY29MAY2546100PE.NFO,2025-05-26,13:00:00,2025-05-29,2.2,2.2,2.2,2.2,0,2100,1
BANKNIFTY29MAY2546100PE.NFO,2025-05-26,13:01:00,2025-05-29,2.2,2.2,2.2,2.2,0,2100,1
BANKNIFTY29MAY2546100PE.NFO,2025-05-26,13:02:00,2025-05-29,2.2,2.2,2.2,2.2,0,2100,1
BANKNIFTY29MAY2546100PE.NFO,2025-05-26,13:03:00,2025-05-29,2.2,2.2,2.2,2.2,0,2100,1
BANKNIFTY29MAY2546100PE.NFO,2025-05-26,13:04:00,2025-05-29,2.2,2.2,2.2,2.2,0,2100,1
BANKNIFTY29MAY2546100PE.NFO,2025-05-26,13:05:00,2025-05-29,2.2,2.2,2.2,2.2,0,2100,1
BANKNIFTY29MAY2546100PE.NFO,2025-05-26,13:06:00,2025-05-29,2.2,2.2,2.2,2.2,0,2100,0
BANKNIFTY29MAY2546100PE.NFO,2025-05-26,13:07:00,2025-05-29,2.2,2.2,2.2,2.2,0,2100,1
BANKNIFTY29MAY2546100PE.NFO,2025-05-26,13:08:00,2025-05-29,2.2,2.2,2.2,2.2,0,2100,0
BANKNIFTY29MAY2546100PE.NFO,2025-05-26,13:09:00,2025-05-29,2.2,2.2,2.2,2.2,0,2100,0
BANKNIFTY29MAY2546100PE.NFO,2025-05-26,13:10:00,2025-05-29,2.2,2.2,2.2,2.2,0,2100,0
BANKNIFTY29MAY2546100PE.NFO,2025-05-26,13:11:00,2025-05-29,2.2,2.2,2.2,2.2,0,2100,1
BANKNIFTY29MAY2546100PE.NFO,2025-05-26,13:12:00,2025-05-29,2.2,2.2,2.2,2.2,0,2100,1
BANKNIFTY29MAY2546100PE.NFO,2025-05-26,13:13:00,2025-05-29,2.2,2.2,2.2,2.2,0,2100,0
BANKNIFTY29MAY2546100PE.NFO,2025-05-26,13:14:00,2025-05-29,2.2,2.2,2.2,2.2,0,2100,1
BANKNIFTY29MAY2546100PE.NFO,2025-05-26,13:15:00,2025-05-29,2.2,2.2,2.2,2.2,0,2100,1
BANKNIFTY29MAY2546100PE.NFO,2025-05-26,13:16:00,2025-05-29,2.2,2.2,2.2,2.2,0,2100,1
BANKNIFTY29MAY2546100PE.NFO,2025-05-26,13:17:00,2025-05-29,2.2,2.2,2.2,2.2,0,2100,1
BANKNIFTY29MAY2546100PE.NFO,2025-05-26,13:18:00,2025-05-29,2.2,2.2,2.2,2.2,0,2100,1
BANKNIFTY29MAY2546100PE.NFO,2025-05-26,13:19:00,2025-05-29,2.2,2.2,2.2,2.2,0,2100,0
BANKNIFTY29MAY2546100PE.NFO,2025-05-26,13:20:00,2025-05-29,2.2,2.2,2.2,2.2,0,2100,1
BANKNIFTY29MAY2546100PE.NFO,2025-05-26,13:21:00,2025-05-29,2.2,2.2,2.2,2.2,0,2100,1
BANKNIFTY29MAY2546100PE.NFO,2025-05-26,13:22:00,2025-05-29,2.2,2.2,2.2,2.2,0,2100,1
BANKNIFTY29MAY2546100PE.NFO,2025-05-26,13:23:00,2025-05-29,2.2,2.2,2.2,2.2,0,2100,1
BANKNIFTY29MAY2546100PE.NFO,2025-05-26,13:24:00,2025-05-29,2.2,2.2,2.2,2.2,0,2100,1
BANKNIFTY29MAY2546100PE.NFO,2025-05-26,13:25:00,2025-05-29,2.2,2.2,2.2,2.2,0,2100,0
BANKNIFTY29MAY2546100PE.NFO,2025-05-26,13:26:00,2025-05-29,2.2,2.2,2.2,2.2,0,2100,0
BANKNIFTY29MAY2546100PE.NFO,2025-05-26,13:27:00,2025-05-29,2.2,2.2,2.2,2.2,0,2100,1
BANKNIFTY29MAY2546100PE.NFO,2025-05-26,13:28:00,2025-05-29,2.2,2.2,2.2,2.2,0,2100,1
BANKNIFTY29MAY2546100PE.NFO,2025-05-26,13:29:00,2025-05-29,2.2,2.2,2.2,2.2,0,2100,1
BANKNIFTY29MAY2546100PE.NFO,2025-05-26,13:30:00,2025-05-29,2.2,2.2,2.2,2.2,0,2100,1
BANKNIFTY29MAY2546100PE.NFO,2025-05-26,13:31:00,2025-05-29,2.2,2.2,2.2,2.2,0,2100,1
BANKNIFTY29MAY2546100PE.NFO,2025-05-26,13:32:00,2025-05-29,2.2,2.2,2.2,2.2,0,2100,0
BANKNIFTY29MAY2546100PE.NFO,2025-05-26,13:33:00,2025-05-29,2.2,2.2,2.2,2.2,0,2100,1
BANKNIFTY29MAY2546100PE.NFO,2025-05-26,13:34:00,2025-05-29,2.2,2.2,2.2,2.2,0,2100,1
BANKNIFTY29MAY2546100PE.NFO,2025-05-26,13:35:00,2025-05-29,2.2,2.2,2.2,2.2,0,2100,1
BANKNIFTY29MAY2546100PE.NFO,2025-05-26,13:36:00,2025-05-29,2.2,2.2,2.2,2.2,0,2100,1
BANKNIFTY29MAY2546100PE.NFO,2025-05-26,13:37:00,2025-05-29,2.2,2.2,2.2,2.2,0,2100,1
BANKNIFTY29MAY2546100PE.NFO,2025-05-26,13:38:00,2025-05-29,2.2,2.2,2.2,2.2,0,2100,1
BANKNIFTY29MAY2546100PE.NFO,2025-05-26,13:39:00,2025-05-29,2.2,2.2,2.2,2.2,0,2100,0
BANKNIFTY29MAY2546100PE.NFO,2025-05-26,13:40:00,2025-05-29,2.2,2.2,2.2,2.2,0,2100,0
BANKNIFTY29MAY2546100PE.NFO,2025-05-26,13:41:00,2025-05-29,2.2,2.2,2.2,2.2,0,2100,1
BANKNIFTY29MAY2546100PE.NFO,2025-05-26,13:42:00,2025-05-29,2.2,2.2,2.2,2.2,0,2100,1
BANKNIFTY29MAY2546100PE.NFO,2025-05-26,13:43:00,2025-05-29,2.2,2.2,2.2,2.2,0,2100,0
BANKNIFTY29MAY2546100PE.NFO,2025-05-26,13:44:00,2025-05-29,2.2,2.2,2.2,2.2,0,2100,0
BANKNIFTY29MAY2546100PE.NFO,2025-05-26,13:45:00,2025-05-29,2.2,2.2,2.2,2.2,0,2100,1
BANKNIFTY29MAY2546100PE.NFO,2025-05-26,13:46:00,2025-05-29,2.2,2.2,2.2,2.2,0,2100,1
BANKNIFTY29MAY2546100PE.NFO,2025-05-26,13:47:00,2025-05-29,2.2,2.2,2.2,2.2,0,2100,1
BANKNIFTY29MAY2546100PE.NFO,2025-05-26,13:48:00,2025-05-29,2.2,2.2,2.2,2.2,0,2100,1
BANKNIFTY29MAY2546100PE.NFO,2025-05-26,13:49:00,2025-05-29,2.2,2.2,2.2,2.2,0,2100,1
BANKNIFTY29MAY2546100PE.NFO,2025-05-26,13:50:00,2025-05-29,2.2,2.2,2.2,2.2,0,2100,1
BANKNIFTY29MAY2546100PE.NFO,2025-05-26,13:51:00,2025-05-29,2.2,2.2,2.2,2.2,0,2100,1
BANKNIFTY29MAY2546100PE.NFO,2025-05-26,13:52:00,2025-05-29,2.2,2.2,2.2,2.2,0,2100,1
BANKNIFTY29MAY2546100PE.NFO,2025-05-26,13:53:00,2025-05-29,2.2,2.2,2.2,2.2,0,2100,1
BANKNIFTY29MAY2546100PE.NFO,2025-05-26,13:54:00,2025-05-29,2.2,2.2,2.2,2.2,0,2100,1
BANKNIFTY29MAY2546100PE.NFO,2025-05-26,13:55:00,2025-05-29,2.2,2.2,2.2,2.2,0,2100,0
BANKNIFTY29MAY2546100PE.NFO,2025-05-26,13:56:00,2025-05-29,2.2,2.2,2.2,2.2,0,2100,1
BANKNIFTY29MAY2546100PE.NFO,2025-05-26,13:57:00,2025-05-29,2.2,2.2,2.2,2.2,0,2100,1
BANKNIFTY29MAY2546100PE.NFO,2025-05-26,13:58:00,2025-05-29,2.2,2.2,2.2,2.2,0,2100,1
BANKNIFTY29MAY2546100PE.NFO,2025-05-26,13:59:00,2025-05-29,2.2,2.2,2.2,2.2,0,2100,1
BANKNIFTY29MAY2546100PE.NFO,2025-05-26,14:00:00,2025-05-29,2.2,2.2,2.2,2.2,0,2100,1
BANKNIFTY29MAY2546100PE.NFO,2025-05-26,14:01:00,2025-05-29,2.2,2.2,2.2,2.2,0,2100,1
BANKNIFTY29MAY2546100PE.NFO,2025-05-26,14:02:00,2025-05-29,2.2,2.2,2.2,2.2,0,2100,1
BANKNIFTY29MAY2546100PE.NFO,2025-05-26,14:03:00,2025-05-29,2.2,2.2,2.2,2.2,0,2100,1
BANKNIFTY29MAY2546100PE.NFO,2025-05-26,14:04:00,2025-05-29,2.2,2.2,2.2,2.2,0,2100,1
BANKNIFTY29MAY2546100PE.NFO,2025-05-26,14:05:00,2025-05-29,2.2,2.2,2.2,2.2,0,2100,1
BANKNIFTY29MAY2546100PE.NFO,2025-05-26,14:06:00,2025-05-29,2.2,2.2,2.2,2.2,0,2100,0
BANKNIFTY29MAY2546100PE.NFO,2025-05-26,14:07:00,2025-05-29,2.2,2.2,2.2,2.2,0,2100,1
BANKNIFTY29MAY2546100PE.NFO,2025-05-26,14:08:00,2025-05-29,2.2,2.2,2.2,2.2,0,2100,1
BANKNIFTY29MAY2546100PE.NFO,2025-05-26,14:09:00,2025-05-29,2.2,2.2,2.2,2.2,0,2100,1
BANKNIFTY29MAY2546100PE.NFO,2025-05-26,14:10:00,2025-05-29,2.2,2.2,2.2,2.2,0,2100,0
BANKNIFTY29MAY2546100PE.NFO,2025-05-26,14:11:00,2025-05-29,2.2,2.2,2.2,2.2,0,2100,1
BANKNIFTY29MAY2546100PE.NFO,2025-05-26,14:12:00,2025-05-29,2.2,2.2,2.2,2.2,0,2100,1
BANKNIFTY29MAY2546100PE.NFO,2025-05-26,14:13:00,2025-05-29,2.2,2.2,2.2,2.2,0,2100,1
BANKNIFTY29MAY2546100PE.NFO,2025-05-26,14:14:00,2025-05-29,2.2,2.2,2.2,2.2,0,2100,1
BANKNIFTY29MAY2546100PE.NFO,2025-05-26,14:15:00,2025-05-29,2.2,2.2,2.2,2.2,0,2100,0
BANKNIFTY29MAY2546100PE.NFO,2025-05-26,14:16:00,2025-05-29,2.2,2.2,2.2,2.2,0,2100,1
BANKNIFTY29MAY2546100PE.NFO,2025-05-26,14:17:00,2025-05-29,2.2,2.2,2.2,2.2,0,2100,1
BANKNIFTY29MAY2546100PE.NFO,2025-05-26,14:18:00,2025-05-29,2.2,2.2,2.2,2.2,0,2100,1
BANKNIFTY29MAY2546100PE.NFO,2025-05-26,14:19:00,2025-05-29,2.2,2.2,2.2,2.2,0,2100,1
BANKNIFTY29MAY2546100PE.NFO,2025-05-26,14:20:00,2025-05-29,2.2,2.2,2.2,2.2,0,2100,1
BANKNIFTY29MAY2546100PE.NFO,2025-05-26,14:21:00,2025-05-29,2.2,2.2,2.2,2.2,0,2100,1
BANKNIFTY29MAY2546100PE.NFO,2025-05-26,14:22:00,2025-05-29,2.2,2.2,2.2,2.2,0,2100,0
BANKNIFTY29MAY2546100PE.NFO,2025-05-26,14:23:00,2025-05-29,2.2,2.2,2.2,2.2,0,2100,1
BANKNIFTY29MAY2546100PE.NFO,2025-05-26,14:24:00,2025-05-29,2.2,2.2,2.2,2.2,0,2100,1
BANKNIFTY29MAY2546100PE.NFO,2025-05-26,14:25:00,2025-05-29,2.2,2.2,2.2,2.2,0,2100,0
BANKNIFTY29MAY2546100PE.NFO,2025-05-26,14:26:00,2025-05-29,2.2,2.2,2.2,2.2,0,2100,1
BANKNIFTY29MAY2546100PE.NFO,2025-05-26,14:27:00,2025-05-29,2.2,2.2,2.2,2.2,0,2100,1
BANKNIFTY29MAY2546100PE.NFO,2025-05-26,14:28:00,2025-05-29,2.2,2.2,2.2,2.2,0,2100,1
BANKNIFTY29MAY2546100PE.NFO,2025-05-26,14:29:00,2025-05-29,2.2,2.2,2.2,2.2,0,2100,1
BANKNIFTY29MAY2546100PE.NFO,2025-05-26,14:30:00,2025-05-29,2.2,2.2,2.2,2.2,0,2100,0
BANKNIFTY29MAY2546100PE.NFO,2025-05-26,14:31:00,2025-05-29,2.2,2.2,2.2,2.2,0,2100,1
BANKNIFTY29MAY2546100PE.NFO,2025-05-26,14:32:00,2025-05-29,2.2,2.2,2.2,2.2,0,2100,1
BANKNIFTY29MAY2546100PE.NFO,2025-05-26,14:33:00,2025-05-29,2.2,2.2,2.2,2.2,0,2100,1
BANKNIFTY29MAY2546100PE.NFO,2025-05-26,14:34:00,2025-05-29,2.2,2.2,2.2,2.2,0,2100,1
BANKNIFTY29MAY2546100PE.NFO,2025-05-26,14:35:00,2025-05-29,2.2,2.2,2.2,2.2,0,2100,1
BANKNIFTY29MAY2546100PE.NFO,2025-05-26,14:36:00,2025-05-29,2.2,2.2,2.2,2.2,0,2100,1
BANKNIFTY29MAY2546100PE.NFO,2025-05-26,14:37:00,2025-05-29,2.2,2.2,2.2,2.2,0,2100,1
BANKNIFTY29MAY2546100PE.NFO,2025-05-26,14:38:00,2025-05-29,2.2,2.2,2.2,2.2,0,2100,1
BANKNIFTY29MAY2546100PE.NFO,2025-05-26,14:39:00,2025-05-29,2.2,2.2,2.2,2.2,0,2100,1
BANKNIFTY29MAY2546100PE.NFO,2025-05-26,14:40:00,2025-05-29,2.2,2.2,2.2,2.2,0,2100,0
BANKNIFTY29MAY2546100PE.NFO,2025-05-26,14:41:00,2025-05-29,2.2,2.2,2.2,2.2,0,2100,1
BANKNIFTY29MAY2546100PE.NFO,2025-05-26,14:42:00,2025-05-29,2.2,2.2,2.2,2.2,0,2100,1
BANKNIFTY29MAY2546100PE.NFO,2025-05-26,14:43:00,2025-05-29,2.2,2.2,2.2,2.2,0,2100,1
BANKNIFTY29MAY2546100PE.NFO,2025-05-26,14:44:00,2025-05-29,2.2,2.2,2.2,2.2,0,2100,1
BANKNIFTY29MAY2546100PE.NFO,2025-05-26,14:45:00,2025-05-29,2.2,2.2,2.2,2.2,0,2100,1
BANKNIFTY29MAY2546100PE.NFO,2025-05-26,14:46:00,2025-05-29,2.2,2.2,2.2,2.2,0,2100,1
BANKNIFTY29MAY2546100PE.NFO,2025-05-26,14:47:00,2025-05-29,2.2,2.2,2.2,2.2,0,2100,0
BANKNIFTY29MAY2546100PE.NFO,2025-05-26,14:48:00,2025-05-29,2.2,2.2,2.2,2.2,0,2100,1
BANKNIFTY29MAY2546100PE.NFO,2025-05-26,14:49:00,2025-05-29,2.2,2.2,2.2,2.2,0,2100,1
BANKNIFTY29MAY2546100PE.NFO,2025-05-26,14:50:00,2025-05-29,2.2,2.2,2.2,2.2,0,2100,0
BANKNIFTY29MAY2546100PE.NFO,2025-05-26,14:51:00,2025-05-29,2.2,2.2,2.2,2.2,0,2100,0
BANKNIFTY29MAY2546100PE.NFO,2025-05-26,14:52:00,2025-05-29,2.2,2.2,2.2,2.2,0,2100,0
BANKNIFTY29MAY2546100PE.NFO,2025-05-26,14:53:00,2025-05-29,2.2,2.2,2.2,2.2,0,2100,1
BANKNIFTY29MAY2546100PE.NFO,2025-05-26,14:54:00,2025-05-29,2.2,2.2,2.2,2.2,0,2100,1
BANKNIFTY29MAY2546100PE.NFO,2025-05-26,14:55:00,2025-05-29,2.2,2.2,2.2,2.2,0,2100,1
BANKNIFTY29MAY2546100PE.NFO,2025-05-26,14:56:00,2025-05-29,2.2,2.2,2.2,2.2,0,2100,1
BANKNIFTY29MAY2546100PE.NFO,2025-05-26,14:57:00,2025-05-29,2.2,2.2,2.2,2.2,0,2100,1
BANKNIFTY29MAY2546100PE.NFO,2025-05-26,14:58:00,2025-05-29,2.2,2.2,2.2,2.2,0,2100,1
BANKNIFTY29MAY2546100PE.NFO,2025-05-26,14:59:00,2025-05-29,2.2,2.2,2.2,2.2,0,2100,1
BANKNIFTY29MAY2546100PE.NFO,2025-05-26,15:00:00,2025-05-29,2.2,2.2,2.2,2.2,0,2100,1
BANKNIFTY29MAY2546100PE.NFO,2025-05-26,15:01:00,2025-05-29,2.2,2.2,2.2,2.2,0,2100,1
BANKNIFTY29MAY2546100PE.NFO,2025-05-26,15:02:00,2025-05-29,2.2,2.2,2.2,2.2,0,2100,1
BANKNIFTY29MAY2546100PE.NFO,2025-05-26,15:03:00,2025-05-29,2.2,2.2,2.2,2.2,0,2100,1
BANKNIFTY29MAY2546100PE.NFO,2025-05-26,15:04:00,2025-05-29,2.2,2.2,2.2,2.2,0,2100,1
BANKNIFTY29MAY2546100PE.NFO,2025-05-26,15:05:00,2025-05-29,2.2,2.2,2.2,2.2,0,2100,1
BANKNIFTY29MAY2546100PE.NFO,2025-05-26,15:06:00,2025-05-29,2.2,2.2,2.2,2.2,0,2100,1
BANKNIFTY29MAY2546100PE.NFO,2025-05-26,15:07:00,2025-05-29,2.2,2.2,2.2,2.2,0,2100,1
BANKNIFTY29MAY2546100PE.NFO,2025-05-26,15:08:00,2025-05-29,2.2,2.2,2.2,2.2,0,2100,1
BANKNIFTY29MAY2546100PE.NFO,2025-05-26,15:09:00,2025-05-29,2.2,2.2,2.2,2.2,0,2100,1
BANKNIFTY29MAY2546100PE.NFO,2025-05-26,15:10:00,2025-05-29,2.2,2.2,2.2,2.2,0,2100,0
BANKNIFTY29MAY2546100PE.NFO,2025-05-26,15:11:00,2025-05-29,2.2,2.2,2.2,2.2,0,2100,1
BANKNIFTY29MAY2546100PE.NFO,2025-05-26,15:12:00,2025-05-29,2.2,2.2,2.2,2.2,0,2100,1
BANKNIFTY29MAY2546100PE.NFO,2025-05-26,15:13:00,2025-05-29,2.2,2.2,2.2,2.2,0,2100,0
BANKNIFTY29MAY2546100PE.NFO,2025-05-26,15:14:00,2025-05-29,2.2,2.2,2.2,2.2,0,2100,1
BANKNIFTY29MAY2546100PE.NFO,2025-05-26,15:15:00,2025-05-29,2.2,2.2,2.2,2.2,0,2100,1
BANKNIFTY29MAY2546100PE.NFO,2025-05-26,15:16:00,2025-05-29,2.2,2.2,2.2,2.2,0,2100,1
BANKNIFTY29MAY2546100PE.NFO,2025-05-26,15:17:00,2025-05-29,1.8,1.8,1.8,1.8,30,2100,0
BANKNIFTY29MAY2546100PE.NFO,2025-05-26,15:18:00,2025-05-29,1.8,1.8,1.8,1.8,0,2100,0
BANKNIFTY29MAY2546100PE.NFO,2025-05-26,15:19:00,2025-05-29,1.8,1.8,1.8,1.8,0,2100,0
BANKNIFTY29MAY2546100PE.NFO,2025-05-26,15:20:00,2025-05-29,1.8,1.8,1.8,1.8,0,2100,0
BANKNIFTY29MAY2546100PE.NFO,2025-05-26,15:21:00,2025-05-29,1.8,1.8,1.8,1.8,0,2100,1
BANKNIFTY29MAY2546100PE.NFO,2025-05-26,15:22:00,2025-05-29,1.8,1.8,1.8,1.8,0,2100,0
BANKNIFTY29MAY2546100PE.NFO,2025-05-26,15:23:00,2025-05-29,1.8,1.8,1.8,1.8,0,2100,1
BANKNIFTY29MAY2546100PE.NFO,2025-05-26,15:24:00,2025-05-29,1.8,1.8,1.8,1.8,0,2100,1
BANKNIFTY29MAY2546100PE.NFO,2025-05-26,15:25:00,2025-05-29,1.8,1.8,1.8,1.8,0,2100,0
BANKNIFTY29MAY2546100PE.NFO,2025-05-26,15:26:00,2025-05-29,1.8,1.8,1.8,1.8,0,2100,1
BANKNIFTY29MAY2546100PE.NFO,2025-05-26,15:27:00,2025-05-29,1.8,1.8,1.8,1.8,0,2100,0
BANKNIFTY29MAY2546100PE.NFO,2025-05-26,15:28:00,2025-05-29,1.8,1.8,1.8,1.8,0,2100,1
BANKNIFTY29MAY2546100PE.NFO,2025-05-26,15:29:00,2025-05-29,1.8,1.8,1.8,1.8,0,2100,0
BANKNIFTY29MAY2546100PE.NFO,2025-05-26,15:30:00,2025-05-29,1.8,1.8,1.8,1.8,0,2100,1
BANKNIFTY29MAY2546100PE.NFO,2025-05-27,09:15:00,2025-05-29,2.95,2.95,2.95,2.95,0,2100,1
BANKNIFTY29MAY2546100PE.NFO,2025-05-27,09:16:00,2025-05-29,2.95,2.95,2.95,2.95,0,2100,1
BANKNIFTY29MAY2546100PE.NFO,2025-05-27,09:17:00,2025-05-29,2.95,2.95,2.95,2.95,0,2100,1
BANKNIFTY29MAY2546100PE.NFO,2025-05-27,09:18:00,2025-05-29,2.95,2.95,2.95,2.95,0,2100,1
BANKNIFTY29MAY2546100PE.NFO,2025-05-27,09:19:00,2025-05-29,2.95,2.95,2.95,2.95,0,2100,1
BANKNIFTY29MAY2546100PE.NFO,2025-05-27,09:20:00,2025-05-29,2.95,2.95,2.95,2.95,0,2100,1
BANKNIFTY29MAY2546100PE.NFO,2025-05-27,09:21:00,2025-05-29,2.95,2.95,2.95,2.95,0,2100,1
BANKNIFTY29MAY2546100PE.NFO,2025-05-27,09:22:00,2025-05-29,2.95,2.95,2.95,2.95,0,2100,1
BANKNIFTY29MAY2546100PE.NFO,2025-05-27,09:23:00,2025-05-29,2.95,2.95,2.95,2.95,0,2100,1
BANKNIFTY29MAY2546100PE.NFO,2025-05-27,09:24:00,2025-05-29,2.95,2.95,2.95,2.95,0,2100,1
BANKNIFTY29MAY2546100PE.NFO,2025-05-27,09:25:00,2025-05-29,2.95,2.95,2.95,2.95,0,2100,1
BANKNIFTY29MAY2546100PE.NFO,2025-05-27,09:26:00,2025-05-29,2.95,2.95,2.95,2.95,0,2100,1
BANKNIFTY29MAY2546100PE.NFO,2025-05-27,09:27:00,2025-05-29,2.95,2.95,2.95,2.95,0,2100,1
BANKNIFTY29MAY2546100PE.NFO,2025-05-27,09:28:00,2025-05-29,2.95,2.95,2.95,2.95,0,2100,1
BANKNIFTY29MAY2546100PE.NFO,2025-05-27,09:29:00,2025-05-29,2.95,2.95,2.95,2.95,0,2100,1
BANKNIFTY29MAY2546100PE.NFO,2025-05-27,09:30:00,2025-05-29,2.95,2.95,2.95,2.95,0,2100,1
BANKNIFTY29MAY2546100PE.NFO,2025-05-27,09:31:00,2025-05-29,2.95,2.95,2.95,2.95,0,2100,1
BANKNIFTY29MAY2546100PE.NFO,2025-05-27,09:32:00,2025-05-29,2.95,2.95,2.95,2.95,0,2100,1
BANKNIFTY29MAY2546100PE.NFO,2025-05-27,09:33:00,2025-05-29,2.95,2.95,2.95,2.95,0,2100,1
BANKNIFTY29MAY2546100PE.NFO,2025-05-27,09:34:00,2025-05-29,2.95,2.95,2.95,2.95,0,2100,1
BANKNIFTY29MAY2546100PE.NFO,2025-05-27,09:35:00,2025-05-29,2.95,2.95,2.95,2.95,0,2100,1
BANKNIFTY29MAY2546100PE.NFO,2025-05-27,09:36:00,2025-05-29,2.95,2.95,2.95,2.95,0,2100,1
BANKNIFTY29MAY2546100PE.NFO,2025-05-27,09:37:00,2025-05-29,2.95,2.95,2.95,2.95,0,2100,1
BANKNIFTY29MAY2546100PE.NFO,2025-05-27,09:38:00,2025-05-29,2.95,2.95,2.95,2.95,0,2100,1
BANKNIFTY29MAY2546100PE.NFO,2025-05-27,09:39:00,2025-05-29,2.95,2.95,2.95,2.95,0,2100,1
BANKNIFTY29MAY2546100PE.NFO,2025-05-27,09:40:00,2025-05-29,2.95,2.95,2.95,2.95,0,2100,1
BANKNIFTY29MAY2546100PE.NFO,2025-05-27,09:41:00,2025-05-29,2.95,2.95,2.95,2.95,0,2100,1
BANKNIFTY29MAY2546100PE.NFO,2025-05-27,09:42:00,2025-05-29,2.95,2.95,2.95,2.95,0,2100,1
BANKNIFTY29MAY2546100PE.NFO,2025-05-27,09:43:00,2025-05-29,2.95,2.95,2.95,2.95,0,2100,1
BANKNIFTY29MAY2546100PE.NFO,2025-05-27,09:44:00,2025-05-29,2.95,2.95,2.95,2.95,0,2100,1
BANKNIFTY29MAY2546100PE.NFO,2025-05-27,09:45:00,2025-05-29,2.95,2.95,2.95,2.95,0,2100,1
BANKNIFTY29MAY2546100PE.NFO,2025-05-27,09:46:00,2025-05-29,2.95,2.95,2.95,2.95,0,2100,1
BANKNIFTY29MAY2546100PE.NFO,2025-05-27,09:47:00,2025-05-29,2.95,2.95,2.95,2.95,0,2100,1
BANKNIFTY29MAY2546100PE.NFO,2025-05-27,09:48:00,2025-05-29,2.95,2.95,2.95,2.95,0,2100,1
BANKNIFTY29MAY2546100PE.NFO,2025-05-27,09:49:00,2025-05-29,2.95,2.95,2.95,2.95,0,2100,1
BANKNIFTY29MAY2546100PE.NFO,2025-05-27,09:50:00,2025-05-29,2.95,2.95,2.95,2.95,0,2100,1
BANKNIFTY29MAY2546100PE.NFO,2025-05-27,09:51:00,2025-05-29,2.95,2.95,2.95,2.95,0,2100,1
BANKNIFTY29MAY2546100PE.NFO,2025-05-27,09:52:00,2025-05-29,2.95,2.95,2.95,2.95,0,2100,1
BANKNIFTY29MAY2546100PE.NFO,2025-05-27,09:53:00,2025-05-29,2.95,2.95,2.95,2.95,0,2100,1
BANKNIFTY29MAY2546100PE.NFO,2025-05-27,09:54:00,2025-05-29,2.95,2.95,2.95,2.95,0,2100,1
BANKNIFTY29MAY2546100PE.NFO,2025-05-27,09:55:00,2025-05-29,2.95,2.95,2.95,2.95,0,2100,1
BANKNIFTY29MAY2546100PE.NFO,2025-05-27,09:56:00,2025-05-29,2.95,2.95,2.95,2.95,0,2100,1
BANKNIFTY29MAY2546100PE.NFO,2025-05-27,09:57:00,2025-05-29,2.95,2.95,2.95,2.95,0,2100,1
BANKNIFTY29MAY2546100PE.NFO,2025-05-27,09:58:00,2025-05-29,2.95,2.95,2.95,2.95,0,2100,1
BANKNIFTY29MAY2546100PE.NFO,2025-05-27,09:59:00,2025-05-29,2.95,2.95,2.95,2.95,0,2100,1
BANKNIFTY29MAY2546100PE.NFO,2025-05-27,10:00:00,2025-05-29,2.95,2.95,2.95,2.95,0,2100,1
BANKNIFTY29MAY2546100PE.NFO,2025-05-27,10:01:00,2025-05-29,2.95,2.95,2.95,2.95,0,2100,1
BANKNIFTY29MAY2546100PE.NFO,2025-05-27,10:02:00,2025-05-29,2.95,2.95,2.95,2.95,0,2100,1
BANKNIFTY29MAY2546100PE.NFO,2025-05-27,10:03:00,2025-05-29,2.95,2.95,2.95,2.95,0,2100,1
BANKNIFTY29MAY2546100PE.NFO,2025-05-27,10:04:00,2025-05-29,2.95,2.95,2.95,2.95,0,2100,1
BANKNIFTY29MAY2546100PE.NFO,2025-05-27,10:05:00,2025-05-29,2.95,2.95,2.95,2.95,0,2100,1
BANKNIFTY29MAY2546100PE.NFO,2025-05-27,10:06:00,2025-05-29,2.95,2.95,2.95,2.95,0,2100,1
BANKNIFTY29MAY2546100PE.NFO,2025-05-27,10:07:00,2025-05-29,2.95,2.95,2.95,2.95,0,2100,1
BANKNIFTY29MAY2546100PE.NFO,2025-05-27,10:08:00,2025-05-29,2.95,2.95,2.95,2.95,0,2100,1
BANKNIFTY29MAY2546100PE.NFO,2025-05-27,10:09:00,2025-05-29,2.95,2.95,2.95,2.95,0,2100,1
BANKNIFTY29MAY2546100PE.NFO,2025-05-27,10:10:00,2025-05-29,2.95,2.95,2.95,2.95,0,2100,1
BANKNIFTY29MAY2546100PE.NFO,2025-05-27,10:11:00,2025-05-29,2.95,2.95,2.95,2.95,0,2100,1
BANKNIFTY29MAY2546100PE.NFO,2025-05-27,10:12:00,2025-05-29,2.95,2.95,2.95,2.95,0,2100,1
BANKNIFTY29MAY2546100PE.NFO,2025-05-27,10:13:00,2025-05-29,2.95,2.95,2.95,2.95,0,2100,1
BANKNIFTY29MAY2546100PE.NFO,2025-05-27,10:14:00,2025-05-29,2.95,2.95,2.95,2.95,0,2100,1
BANKNIFTY29MAY2546100PE.NFO,2025-05-27,10:15:00,2025-05-29,2.95,2.95,2.95,2.95,0,2100,1
BANKNIFTY29MAY2546100PE.NFO,2025-05-27,10:16:00,2025-05-29,2.95,2.95,2.95,2.95,0,2100,1
BANKNIFTY29MAY2546100PE.NFO,2025-05-27,10:17:00,2025-05-29,2.95,2.95,2.95,2.95,0,2100,1
BANKNIFTY29MAY2546100PE.NFO,2025-05-27,10:18:00,2025-05-29,2.95,2.95,2.95,2.95,0,2100,1
BANKNIFTY29MAY2546100PE.NFO,2025-05-27,10:19:00,2025-05-29,2.95,2.95,2.95,2.95,0,2100,1
BANKNIFTY29MAY2546100PE.NFO,2025-05-27,10:20:00,2025-05-29,2.95,2.95,2.95,2.95,0,2100,1
BANKNIFTY29MAY2546100PE.NFO,2025-05-27,10:21:00,2025-05-29,2.95,2.95,2.95,2.95,0,2100,1
BANKNIFTY29MAY2546100PE.NFO,2025-05-27,10:22:00,2025-05-29,2.95,2.95,2.95,2.95,0,2100,1
BANKNIFTY29MAY2546100PE.NFO,2025-05-27,10:23:00,2025-05-29,2.95,2.95,2.95,2.95,0,2100,1
BANKNIFTY29MAY2546100PE.NFO,2025-05-27,10:24:00,2025-05-29,2.95,2.95,2.95,2.95,0,2100,1
BANKNIFTY29MAY2546100PE.NFO,2025-05-27,10:25:00,2025-05-29,2.95,2.95,2.95,2.95,0,2100,1
BANKNIFTY29MAY2546100PE.NFO,2025-05-27,10:26:00,2025-05-29,2.95,2.95,2.95,2.95,0,2100,1
BANKNIFTY29MAY2546100PE.NFO,2025-05-27,10:27:00,2025-05-29,2.95,2.95,2.95,2.95,0,2100,1
BANKNIFTY29MAY2546100PE.NFO,2025-05-27,10:28:00,2025-05-29,2.95,2.95,2.95,2.95,0,2100,1
BANKNIFTY29MAY2546100PE.NFO,2025-05-27,10:29:00,2025-05-29,2.95,2.95,2.95,2.95,0,2100,1
BANKNIFTY29MAY2546100PE.NFO,2025-05-27,10:30:00,2025-05-29,2.95,2.95,2.95,2.95,0,2100,1
BANKNIFTY29MAY2546100PE.NFO,2025-05-27,10:31:00,2025-05-29,2.95,2.95,2.95,2.95,0,2100,1
BANKNIFTY29MAY2546100PE.NFO,2025-05-27,10:32:00,2025-05-29,2.95,2.95,2.95,2.95,0,2100,1
BANKNIFTY29MAY2546100PE.NFO,2025-05-27,10:33:00,2025-05-29,2.95,2.95,2.95,2.95,0,2100,1
BANKNIFTY29MAY2546100PE.NFO,2025-05-27,10:34:00,2025-05-29,2.95,2.95,2.95,2.95,0,2100,1
BANKNIFTY29MAY2546100PE.NFO,2025-05-27,10:35:00,2025-05-29,2.95,2.95,2.95,2.95,0,2100,1
BANKNIFTY29MAY2546100PE.NFO,2025-05-27,10:36:00,2025-05-29,2.95,2.95,2.95,2.95,0,2100,1
BANKNIFTY29MAY2546100PE.NFO,2025-05-27,10:37:00,2025-05-29,2.95,2.95,2.95,2.95,0,2100,1
BANKNIFTY29MAY2546100PE.NFO,2025-05-27,10:38:00,2025-05-29,2.95,2.95,2.95,2.95,0,2100,1
BANKNIFTY29MAY2546100PE.NFO,2025-05-27,10:39:00,2025-05-29,2.95,2.95,2.95,2.95,0,2100,1
BANKNIFTY29MAY2546100PE.NFO,2025-05-27,10:40:00,2025-05-29,2.95,2.95,2.95,2.95,0,2100,1
BANKNIFTY29MAY2546100PE.NFO,2025-05-27,10:41:00,2025-05-29,2.95,2.95,2.95,2.95,0,2100,1
BANKNIFTY29MAY2546100PE.NFO,2025-05-27,10:42:00,2025-05-29,2.95,2.95,2.95,2.95,0,2100,1
BANKNIFTY29MAY2546100PE.NFO,2025-05-27,10:43:00,2025-05-29,2.95,2.95,2.95,2.95,0,2100,1
BANKNIFTY29MAY2546100PE.NFO,2025-05-27,10:44:00,2025-05-29,2.95,2.95,2.95,2.95,0,2100,1
BANKNIFTY29MAY2546100PE.NFO,2025-05-27,10:45:00,2025-05-29,2.95,2.95,2.95,2.95,0,2100,1
BANKNIFTY29MAY2546100PE.NFO,2025-05-27,10:46:00,2025-05-29,2.95,2.95,2.95,2.95,0,2100,1
BANKNIFTY29MAY2546100PE.NFO,2025-05-27,10:47:00,2025-05-29,2.95,2.95,2.95,2.95,0,2100,1
BANKNIFTY29MAY2546100PE.NFO,2025-05-27,10:48:00,2025-05-29,2.95,2.95,2.95,2.95,0,2100,1
BANKNIFTY29MAY2546100PE.NFO,2025-05-27,10:49:00,2025-05-29,2.95,2.95,2.95,2.95,0,2100,1
BANKNIFTY29MAY2546100PE.NFO,2025-05-27,10:50:00,2025-05-29,2.95,2.95,2.95,2.95,0,2100,1
BANKNIFTY29MAY2546100PE.NFO,2025-05-27,10:51:00,2025-05-29,2.95,2.95,2.95,2.95,0,2100,1
BANKNIFTY29MAY2546100PE.NFO,2025-05-27,10:52:00,2025-05-29,2.95,2.95,2.95,2.95,0,2100,1
BANKNIFTY29MAY2546100PE.NFO,2025-05-27,10:53:00,2025-05-29,2.95,2.95,2.95,2.95,0,2100,1
BANKNIFTY29MAY2546100PE.NFO,2025-05-27,10:54:00,2025-05-29,2.95,2.95,2.95,2.95,0,2100,1
BANKNIFTY29MAY2546100PE.NFO,2025-05-27,10:55:00,2025-05-29,2.95,2.95,2.95,2.95,0,2100,1
BANKNIFTY29MAY2546100PE.NFO,2025-05-27,10:56:00,2025-05-29,2.95,2.95,2.95,2.95,0,2100,1
BANKNIFTY29MAY2546100PE.NFO,2025-05-27,10:57:00,2025-05-29,2.95,2.95,2.95,2.95,0,2100,1
BANKNIFTY29MAY2546100PE.NFO,2025-05-27,10:58:00,2025-05-29,2.95,2.95,2.95,2.95,0,2100,1
BANKNIFTY29MAY2546100PE.NFO,2025-05-27,10:59:00,2025-05-29,2.95,2.95,2.95,2.95,0,2100,1
BANKNIFTY29MAY2546100PE.NFO,2025-05-27,11:00:00,2025-05-29,2.95,2.95,2.95,2.95,0,2100,1
BANKNIFTY29MAY2546100PE.NFO,2025-05-27,11:01:00,2025-05-29,2.95,2.95,2.95,2.95,0,2100,1
BANKNIFTY29MAY2546100PE.NFO,2025-05-27,11:02:00,2025-05-29,2.95,2.95,2.95,2.95,0,2100,1
BANKNIFTY29MAY2546100PE.NFO,2025-05-27,11:03:00,2025-05-29,2.95,2.95,2.95,2.95,0,2100,1
BANKNIFTY29MAY2546100PE.NFO,2025-05-27,11:04:00,2025-05-29,2.95,2.95,2.95,2.95,0,2100,1
BANKNIFTY29MAY2546100PE.NFO,2025-05-27,11:05:00,2025-05-29,2.95,2.95,2.95,2.95,0,2100,1
BANKNIFTY29MAY2546100PE.NFO,2025-05-27,11:06:00,2025-05-29,2.95,2.95,2.95,2.95,0,2100,1
BANKNIFTY29MAY2546100PE.NFO,2025-05-27,11:07:00,2025-05-29,2.95,2.95,2.95,2.95,0,2100,1
BANKNIFTY29MAY2546100PE.NFO,2025-05-27,11:08:00,2025-05-29,2.95,2.95,2.95,2.95,0,2100,1
BANKNIFTY29MAY2546100PE.NFO,2025-05-27,11:09:00,2025-05-29,2.95,2.95,2.95,2.95,0,2100,1
BANKNIFTY29MAY2546100PE.NFO,2025-05-27,11:10:00,2025-05-29,2.95,2.95,2.95,2.95,0,2100,1
BANKNIFTY29MAY2546100PE.NFO,2025-05-27,11:11:00,2025-05-29,2.95,2.95,2.95,2.95,0,2100,1
BANKNIFTY29MAY2546100PE.NFO,2025-05-27,11:12:00,2025-05-29,2.95,2.95,2.95,2.95,0,2100,1
BANKNIFTY29MAY2546100PE.NFO,2025-05-27,11:13:00,2025-05-29,2.95,2.95,2.95,2.95,0,2100,1
BANKNIFTY29MAY2546100PE.NFO,2025-05-27,11:14:00,2025-05-29,2.95,2.95,2.95,2.95,0,2100,1
BANKNIFTY29MAY2546100PE.NFO,2025-05-27,11:15:00,2025-05-29,2.95,2.95,2.95,2.95,0,2100,1
BANKNIFTY29MAY2546100PE.NFO,2025-05-27,11:16:00,2025-05-29,2.95,2.95,2.95,2.95,0,2100,1
BANKNIFTY29MAY2546100PE.NFO,2025-05-27,11:17:00,2025-05-29,2.95,2.95,2.95,2.95,0,2100,0
BANKNIFTY29MAY2546100PE.NFO,2025-05-27,11:18:00,2025-05-29,2.95,2.95,2.95,2.95,0,2100,0
BANKNIFTY29MAY2546100PE.NFO,2025-05-27,11:19:00,2025-05-29,2.95,2.95,2.95,2.95,0,2100,0
BANKNIFTY29MAY2546100PE.NFO,2025-05-27,11:20:00,2025-05-29,2.95,2.95,2.4,2.4,30,2100,0
BANKNIFTY29MAY2546100PE.NFO,2025-05-27,11:21:00,2025-05-29,2.4,2.4,2.4,2.4,0,2100,0
BANKNIFTY29MAY2546100PE.NFO,2025-05-27,11:22:00,2025-05-29,2.4,2.4,2.4,2.4,0,2100,0
BANKNIFTY29MAY2546100PE.NFO,2025-05-27,11:23:00,2025-05-29,2.4,2.4,2.4,2.4,0,2100,0
BANKNIFTY29MAY2546100PE.NFO,2025-05-27,11:24:00,2025-05-29,2.4,2.4,2.4,2.4,0,2100,0
BANKNIFTY29MAY2546100PE.NFO,2025-05-27,11:25:00,2025-05-29,2.4,2.4,1.95,1.95,30,2070,0
BANKNIFTY29MAY2546100PE.NFO,2025-05-27,11:26:00,2025-05-29,1.95,1.95,1.95,1.95,0,2070,0
BANKNIFTY29MAY2546100PE.NFO,2025-05-27,11:27:00,2025-05-29,1.95,1.95,1.95,1.95,0,2070,0
BANKNIFTY29MAY2546100PE.NFO,2025-05-27,11:28:00,2025-05-29,1.95,1.95,1.95,1.95,0,2070,0
BANKNIFTY29MAY2546100PE.NFO,2025-05-27,11:29:00,2025-05-29,1.95,1.95,1.95,1.95,0,2070,0
BANKNIFTY29MAY2546100PE.NFO,2025-05-27,11:30:00,2025-05-29,1.95,1.95,1.95,1.95,0,2070,0
BANKNIFTY29MAY2546100PE.NFO,2025-05-27,11:31:00,2025-05-29,1.95,1.95,1.95,1.95,0,2070,0
BANKNIFTY29MAY2546100PE.NFO,2025-05-27,11:32:00,2025-05-29,1.95,1.95,1.95,1.95,0,2070,0
BANKNIFTY29MAY2546100PE.NFO,2025-05-27,11:33:00,2025-05-29,1.95,1.95,1.95,1.95,0,2070,0
BANKNIFTY29MAY2546100PE.NFO,2025-05-27,11:34:00,2025-05-29,1.95,1.95,1.95,1.95,0,2070,0
BANKNIFTY29MAY2546100PE.NFO,2025-05-27,11:35:00,2025-05-29,1.95,1.95,1.95,1.95,0,2070,0
BANKNIFTY29MAY2546100PE.NFO,2025-05-27,11:36:00,2025-05-29,1.95,1.95,1.95,1.95,0,2070,0
BANKNIFTY29MAY2546100PE.NFO,2025-05-27,11:37:00,2025-05-29,1.95,1.95,1.95,1.95,0,2070,0
BANKNIFTY29MAY2546100PE.NFO,2025-05-27,11:38:00,2025-05-29,1.95,1.95,1.95,1.95,0,2070,0
BANKNIFTY29MAY2546100PE.NFO,2025-05-27,11:39:00,2025-05-29,1.95,1.95,1.95,1.95,0,2070,1
BANKNIFTY29MAY2546100PE.NFO,2025-05-27,11:40:00,2025-05-29,1.95,1.95,1.95,1.95,0,2070,0
BANKNIFTY29MAY2546100PE.NFO,2025-05-27,11:41:00,2025-05-29,1.95,1.95,1.95,1.95,0,2070,0
BANKNIFTY29MAY2546100PE.NFO,2025-05-27,11:42:00,2025-05-29,1.95,1.95,1.95,1.95,0,2070,1
BANKNIFTY29MAY2546100PE.NFO,2025-05-27,11:43:00,2025-05-29,1.95,1.95,1.95,1.95,0,2070,0
BANKNIFTY29MAY2546100PE.NFO,2025-05-27,11:44:00,2025-05-29,1.95,1.95,1.95,1.95,0,2070,0
BANKNIFTY29MAY2546100PE.NFO,2025-05-27,11:45:00,2025-05-29,1.95,1.95,1.95,1.95,0,2070,0
BANKNIFTY29MAY2546100PE.NFO,2025-05-27,11:46:00,2025-05-29,1.95,1.95,1.95,1.95,0,2070,1
BANKNIFTY29MAY2546100PE.NFO,2025-05-27,11:47:00,2025-05-29,1.95,1.95,1.95,1.95,0,2070,0
BANKNIFTY29MAY2546100PE.NFO,2025-05-27,11:48:00,2025-05-29,1.95,1.95,1.95,1.95,0,2070,0
BANKNIFTY29MAY2546100PE.NFO,2025-05-27,11:49:00,2025-05-29,1.95,1.95,1.95,1.95,0,2070,1
BANKNIFTY29MAY2546100PE.NFO,2025-05-27,11:50:00,2025-05-29,1.95,1.95,1.95,1.95,0,2070,1
BANKNIFTY29MAY2546100PE.NFO,2025-05-27,11:51:00,2025-05-29,1.95,1.95,1.95,1.95,0,2070,0
BANKNIFTY29MAY2546100PE.NFO,2025-05-27,11:52:00,2025-05-29,1.95,1.95,1.95,1.95,0,2070,0
BANKNIFTY29MAY2546100PE.NFO,2025-05-27,11:53:00,2025-05-29,1.95,1.95,1.95,1.95,0,2070,0
BANKNIFTY29MAY2546100PE.NFO,2025-05-27,11:54:00,2025-05-29,1.95,1.95,1.95,1.95,0,2070,0
BANKNIFTY29MAY2546100PE.NFO,2025-05-27,11:55:00,2025-05-29,1.95,1.95,1.95,1.95,0,2070,0
BANKNIFTY29MAY2546100PE.NFO,2025-05-27,11:56:00,2025-05-29,1.95,1.95,1.95,1.95,0,2070,0
BANKNIFTY29MAY2546100PE.NFO,2025-05-27,11:57:00,2025-05-29,1.95,1.95,1.95,1.95,0,2070,1
BANKNIFTY29MAY2546100PE.NFO,2025-05-27,11:58:00,2025-05-29,1.95,1.95,1.95,1.95,0,2070,1
BANKNIFTY29MAY2546100PE.NFO,2025-05-27,11:59:00,2025-05-29,1.95,1.95,1.95,1.95,0,2070,1
BANKNIFTY29MAY2546100PE.NFO,2025-05-27,12:00:00,2025-05-29,1.95,1.95,1.95,1.95,0,2070,1
BANKNIFTY29MAY2546100PE.NFO,2025-05-27,12:01:00,2025-05-29,1.95,1.95,1.95,1.95,30,2070,0
BANKNIFTY29MAY2546100PE.NFO,2025-05-27,12:02:00,2025-05-29,1.95,1.95,1.95,1.95,0,2070,0
BANKNIFTY29MAY2546100PE.NFO,2025-05-27,12:03:00,2025-05-29,1.95,1.95,1.95,1.95,0,2070,0
BANKNIFTY29MAY2546100PE.NFO,2025-05-27,12:04:00,2025-05-29,1.95,1.95,1.95,1.95,0,2070,0
BANKNIFTY29MAY2546100PE.NFO,2025-05-27,12:05:00,2025-05-29,1.95,1.95,1.95,1.95,0,2070,1
BANKNIFTY29MAY2546100PE.NFO,2025-05-27,12:06:00,2025-05-29,1.95,1.95,1.95,1.95,0,2070,1
BANKNIFTY29MAY2546100PE.NFO,2025-05-27,12:07:00,2025-05-29,1.95,1.95,1.95,1.95,0,2070,1
BANKNIFTY29MAY2546100PE.NFO,2025-05-27,12:08:00,2025-05-29,1.95,1.95,1.95,1.95,0,2070,0
BANKNIFTY29MAY2546100PE.NFO,2025-05-27,12:09:00,2025-05-29,1.95,1.95,1.95,1.95,0,2070,0
BANKNIFTY29MAY2546100PE.NFO,2025-05-27,12:10:00,2025-05-29,1.95,1.95,1.95,1.95,0,2070,0
BANKNIFTY29MAY2546100PE.NFO,2025-05-27,12:11:00,2025-05-29,1.95,1.95,1.95,1.95,0,2070,0
BANKNIFTY29MAY2546100PE.NFO,2025-05-27,12:12:00,2025-05-29,1.95,1.95,1.95,1.95,0,2070,1
BANKNIFTY29MAY2546100PE.NFO,2025-05-27,12:13:00,2025-05-29,1.95,1.95,1.95,1.95,0,2070,1
BANKNIFTY29MAY2546100PE.NFO,2025-05-27,12:14:00,2025-05-29,1.95,1.95,1.95,1.95,0,2070,1
BANKNIFTY29MAY2546100PE.NFO,2025-05-27,12:15:00,2025-05-29,1.95,1.95,1.95,1.95,0,2070,1
BANKNIFTY29MAY2546100PE.NFO,2025-05-27,12:16:00,2025-05-29,1.95,1.95,1.95,1.95,0,2070,0
BANKNIFTY29MAY2546100PE.NFO,2025-05-27,12:17:00,2025-05-29,1.95,1.95,1.95,1.95,0,2070,1
BANKNIFTY29MAY2546100PE.NFO,2025-05-27,12:18:00,2025-05-29,1.95,1.95,1.95,1.95,0,2070,1
BANKNIFTY29MAY2546100PE.NFO,2025-05-27,12:19:00,2025-05-29,1.95,1.95,1.95,1.95,0,2070,0
BANKNIFTY29MAY2546100PE.NFO,2025-05-27,12:20:00,2025-05-29,1.95,1.95,1.95,1.95,0,2070,1
BANKNIFTY29MAY2546100PE.NFO,2025-05-27,12:21:00,2025-05-29,1.95,1.95,1.95,1.95,0,2070,1
BANKNIFTY29MAY2546100PE.NFO,2025-05-27,12:22:00,2025-05-29,1.95,1.95,1.95,1.95,0,2070,1
BANKNIFTY29MAY2546100PE.NFO,2025-05-27,12:23:00,2025-05-29,1.95,1.95,1.95,1.95,0,2070,0
BANKNIFTY29MAY2546100PE.NFO,2025-05-27,12:24:00,2025-05-29,1.95,1.95,1.95,1.95,0,2070,1
BANKNIFTY29MAY2546100PE.NFO,2025-05-27,12:25:00,2025-05-29,1.95,1.95,1.95,1.95,0,2070,1
BANKNIFTY29MAY2546100PE.NFO,2025-05-27,12:26:00,2025-05-29,1.95,1.95,1.95,1.95,0,2070,1
BANKNIFTY29MAY2546100PE.NFO,2025-05-27,12:27:00,2025-05-29,1.95,1.95,1.95,1.95,0,2070,1
BANKNIFTY29MAY2546100PE.NFO,2025-05-27,12:28:00,2025-05-29,1.95,1.95,1.95,1.95,0,2070,0
BANKNIFTY29MAY2546100PE.NFO,2025-05-27,12:29:00,2025-05-29,1.95,1.95,1.95,1.95,0,2070,1
BANKNIFTY29MAY2546100PE.NFO,2025-05-27,12:30:00,2025-05-29,1.95,1.95,1.95,1.95,0,2070,1
BANKNIFTY29MAY2546100PE.NFO,2025-05-27,12:31:00,2025-05-29,1.95,1.95,1.95,1.95,0,2070,0
BANKNIFTY29MAY2546100PE.NFO,2025-05-27,12:32:00,2025-05-29,1.95,1.95,1.95,1.95,0,2070,1
BANKNIFTY29MAY2546100PE.NFO,2025-05-27,12:33:00,2025-05-29,1.95,1.95,1.95,1.95,0,2070,1
BANKNIFTY29MAY2546100PE.NFO,2025-05-27,12:34:00,2025-05-29,1.95,1.95,1.95,1.95,0,2070,1
BANKNIFTY29MAY2546100PE.NFO,2025-05-27,12:35:00,2025-05-29,1.95,1.95,1.95,1.95,0,2070,0
BANKNIFTY29MAY2546100PE.NFO,2025-05-27,12:36:00,2025-05-29,1.95,1.95,1.95,1.95,0,2070,1
BANKNIFTY29MAY2546100PE.NFO,2025-05-27,12:37:00,2025-05-29,1.95,1.95,1.95,1.95,0,2070,1
BANKNIFTY29MAY2546100PE.NFO,2025-05-27,12:38:00,2025-05-29,1.95,1.95,1.95,1.95,0,2070,1
BANKNIFTY29MAY2546100PE.NFO,2025-05-27,12:39:00,2025-05-29,1.95,1.95,1.95,1.95,0,2070,1
BANKNIFTY29MAY2546100PE.NFO,2025-05-27,12:40:00,2025-05-29,1.95,1.95,1.95,1.95,0,2070,1
BANKNIFTY29MAY2546100PE.NFO,2025-05-27,12:41:00,2025-05-29,1.95,1.95,1.95,1.95,0,2070,1
BANKNIFTY29MAY2546100PE.NFO,2025-05-27,12:42:00,2025-05-29,1.95,1.95,1.95,1.95,0,2070,1
BANKNIFTY29MAY2546100PE.NFO,2025-05-27,12:43:00,2025-05-29,1.95,1.95,1.95,1.95,0,2070,1
BANKNIFTY29MAY2546100PE.NFO,2025-05-27,12:44:00,2025-05-29,1.95,1.95,1.95,1.95,0,2070,1
BANKNIFTY29MAY2546100PE.NFO,2025-05-27,12:45:00,2025-05-29,1.95,1.95,1.95,1.95,0,2070,1
BANKNIFTY29MAY2546100PE.NFO,2025-05-27,12:46:00,2025-05-29,1.95,1.95,1.95,1.95,0,2070,0
BANKNIFTY29MAY2546100PE.NFO,2025-05-27,12:47:00,2025-05-29,1.95,1.95,1.95,1.95,0,2070,1
BANKNIFTY29MAY2546100PE.NFO,2025-05-27,12:48:00,2025-05-29,1.95,1.95,1.95,1.95,0,2070,1
BANKNIFTY29MAY2546100PE.NFO,2025-05-27,12:49:00,2025-05-29,1.95,1.95,1.95,1.95,0,2070,1
BANKNIFTY29MAY2546100PE.NFO,2025-05-27,12:50:00,2025-05-29,1.95,1.95,1.95,1.95,0,2070,1
BANKNIFTY29MAY2546100PE.NFO,2025-05-27,12:51:00,2025-05-29,1.95,1.95,1.95,1.95,0,2070,1
BANKNIFTY29MAY2546100PE.NFO,2025-05-27,12:52:00,2025-05-29,1.95,1.95,1.95,1.95,0,2070,1
BANKNIFTY29MAY2546100PE.NFO,2025-05-27,12:53:00,2025-05-29,1.95,1.95,1.95,1.95,0,2070,0
BANKNIFTY29MAY2546100PE.NFO,2025-05-27,12:54:00,2025-05-29,1.95,1.95,1.95,1.95,0,2070,1
BANKNIFTY29MAY2546100PE.NFO,2025-05-27,12:55:00,2025-05-29,1.95,1.95,1.95,1.95,0,2070,1
BANKNIFTY29MAY2546100PE.NFO,2025-05-27,12:56:00,2025-05-29,1.95,1.95,1.95,1.95,0,2070,0
BANKNIFTY29MAY2546100PE.NFO,2025-05-27,12:57:00,2025-05-29,1.95,1.95,1.95,1.95,0,2070,1
BANKNIFTY29MAY2546100PE.NFO,2025-05-27,12:58:00,2025-05-29,1.95,1.95,1.95,1.95,0,2070,1
BANKNIFTY29MAY2546100PE.NFO,2025-05-27,12:59:00,2025-05-29,1.75,1.75,1.75,1.75,30,2100,0
BANKNIFTY29MAY2546100PE.NFO,2025-05-27,13:00:00,2025-05-29,1.75,1.75,1.75,1.75,0,2100,0
BANKNIFTY29MAY2546100PE.NFO,2025-05-27,13:01:00,2025-05-29,1.75,2.25,1.75,2.25,30,2100,0
BANKNIFTY29MAY2546100PE.NFO,2025-05-27,13:02:00,2025-05-29,2.25,2.25,2.25,2.25,0,2100,0
BANKNIFTY29MAY2546100PE.NFO,2025-05-27,13:03:00,2025-05-29,2.25,2.25,2.25,2.25,0,2100,0
BANKNIFTY29MAY2546100PE.NFO,2025-05-27,13:04:00,2025-05-29,2.25,2.25,2.25,2.25,0,2100,1
BANKNIFTY29MAY2546100PE.NFO,2025-05-27,13:05:00,2025-05-29,2.25,2.25,2.25,2.25,0,2100,0
BANKNIFTY29MAY2546100PE.NFO,2025-05-27,13:06:00,2025-05-29,2.25,2.25,2.25,2.25,0,2100,0
BANKNIFTY29MAY2546100PE.NFO,2025-05-27,13:07:00,2025-05-29,2.25,2.25,2.25,2.25,0,2100,0
BANKNIFTY29MAY2546100PE.NFO,2025-05-27,13:08:00,2025-05-29,2.25,2.25,2.25,2.25,0,2100,0
BANKNIFTY29MAY2546100PE.NFO,2025-05-27,13:09:00,2025-05-29,2.25,2.25,2.25,2.25,0,2100,0
BANKNIFTY29MAY2546100PE.NFO,2025-05-27,13:10:00,2025-05-29,2.25,2.25,2.25,2.25,0,2100,1
BANKNIFTY29MAY2546100PE.NFO,2025-05-27,13:11:00,2025-05-29,2.25,2.25,2.25,2.25,0,2100,0
BANKNIFTY29MAY2546100PE.NFO,2025-05-27,13:12:00,2025-05-29,2.25,2.25,2.25,2.25,0,2100,1
BANKNIFTY29MAY2546100PE.NFO,2025-05-27,13:13:00,2025-05-29,2.25,2.25,2.25,2.25,0,2100,0
BANKNIFTY29MAY2546100PE.NFO,2025-05-27,13:14:00,2025-05-29,2.25,2.25,2.25,2.25,0,2100,1
BANKNIFTY29MAY2546100PE.NFO,2025-05-27,13:15:00,2025-05-29,2.25,2.25,2.25,2.25,0,2100,0
BANKNIFTY29MAY2546100PE.NFO,2025-05-27,13:16:00,2025-05-29,2.25,2.25,2.25,2.25,0,2100,0
BANKNIFTY29MAY2546100PE.NFO,2025-05-27,13:17:00,2025-05-29,2.25,2.25,2.25,2.25,0,2100,1
BANKNIFTY29MAY2546100PE.NFO,2025-05-27,13:18:00,2025-05-29,2.8,2.8,2.8,2.8,60,2100,0
BANKNIFTY29MAY2546100PE.NFO,2025-05-27,13:19:00,2025-05-29,2.8,2.8,2.8,2.8,0,2100,0
BANKNIFTY29MAY2546100PE.NFO,2025-05-27,13:20:00,2025-05-29,2.8,2.95,2.8,2.95,60,2100,0
BANKNIFTY29MAY2546100PE.NFO,2025-05-27,13:21:00,2025-05-29,2.95,2.95,2.95,2.95,0,2100,0
BANKNIFTY29MAY2546100PE.NFO,2025-05-27,13:22:00,2025-05-29,2.95,2.95,2.05,2.05,60,2160,0
BANKNIFTY29MAY2546100PE.NFO,2025-05-27,13:23:00,2025-05-29,2.05,2.05,2.05,2.05,0,2160,0
BANKNIFTY29MAY2546100PE.NFO,2025-05-27,13:24:00,2025-05-29,2.05,2.05,2.05,2.05,0,2160,0
BANKNIFTY29MAY2546100PE.NFO,2025-05-27,13:25:00,2025-05-29,2.05,2.05,2.05,2.05,0,2160,0
BANKNIFTY29MAY2546100PE.NFO,2025-05-27,13:26:00,2025-05-29,2.05,2.05,2.05,2.05,0,2160,1
BANKNIFTY29MAY2546100PE.NFO,2025-05-27,13:27:00,2025-05-29,2.05,2.05,2.05,2.05,0,2160,1
BANKNIFTY29MAY2546100PE.NFO,2025-05-27,13:28:00,2025-05-29,2.05,2.05,2.05,2.05,0,2160,1
BANKNIFTY29MAY2546100PE.NFO,2025-05-27,13:29:00,2025-05-29,2.05,2.05,2.05,2.05,0,2160,0
BANKNIFTY29MAY2546100PE.NFO,2025-05-27,13:30:00,2025-05-29,2.05,2.05,2.05,2.05,0,2160,1
BANKNIFTY29MAY2546100PE.NFO,2025-05-27,13:31:00,2025-05-29,2.05,2.05,2.05,2.05,0,2160,1
BANKNIFTY29MAY2546100PE.NFO,2025-05-27,13:32:00,2025-05-29,2.05,2.05,2.05,2.05,0,2160,1
BANKNIFTY29MAY2546100PE.NFO,2025-05-27,13:33:00,2025-05-29,2.05,2.05,2.05,2.05,0,2160,0
BANKNIFTY29MAY2546100PE.NFO,2025-05-27,13:34:00,2025-05-29,2.05,2.05,2.05,2.05,0,2160,1
BANKNIFTY29MAY2546100PE.NFO,2025-05-27,13:35:00,2025-05-29,2.05,2.05,2.05,2.05,0,2160,1
BANKNIFTY29MAY2546100PE.NFO,2025-05-27,13:36:00,2025-05-29,2.05,2.05,2.05,2.05,0,2160,1
BANKNIFTY29MAY2546100PE.NFO,2025-05-27,13:37:00,2025-05-29,2.05,2.05,2.05,2.05,0,2160,1
BANKNIFTY29MAY2546100PE.NFO,2025-05-27,13:38:00,2025-05-29,2.05,2.05,2.05,2.05,0,2160,0
BANKNIFTY29MAY2546100PE.NFO,2025-05-27,13:39:00,2025-05-29,2.05,2.05,2.05,2.05,0,2160,1
BANKNIFTY29MAY2546100PE.NFO,2025-05-27,13:40:00,2025-05-29,2.05,2.05,2.05,2.05,0,2160,1
BANKNIFTY29MAY2546100PE.NFO,2025-05-27,13:41:00,2025-05-29,2.05,2.05,2.05,2.05,0,2160,1
BANKNIFTY29MAY2546100PE.NFO,2025-05-27,13:42:00,2025-05-29,2.05,2.05,2.05,2.05,0,2160,1
BANKNIFTY29MAY2546100PE.NFO,2025-05-27,13:43:00,2025-05-29,2.05,2.05,2.05,2.05,0,2160,0
BANKNIFTY29MAY2546100PE.NFO,2025-05-27,13:44:00,2025-05-29,2.05,2.05,2.05,2.05,0,2160,0
BANKNIFTY29MAY2546100PE.NFO,2025-05-27,13:45:00,2025-05-29,2.05,2.05,2.05,2.05,0,2160,0
BANKNIFTY29MAY2546100PE.NFO,2025-05-27,13:46:00,2025-05-29,2.05,2.05,2.05,2.05,0,2160,1
BANKNIFTY29MAY2546100PE.NFO,2025-05-27,13:47:00,2025-05-29,2.05,2.05,2.05,2.05,0,2160,1
BANKNIFTY29MAY2546100PE.NFO,2025-05-27,13:48:00,2025-05-29,2.05,2.05,2.05,2.05,0,2160,1
BANKNIFTY29MAY2546100PE.NFO,2025-05-27,13:49:00,2025-05-29,2.05,2.05,2.05,2.05,0,2160,0
BANKNIFTY29MAY2546100PE.NFO,2025-05-27,13:50:00,2025-05-29,2.05,2.05,2.05,2.05,0,2160,1
BANKNIFTY29MAY2546100PE.NFO,2025-05-27,13:51:00,2025-05-29,2.05,2.05,2.05,2.05,0,2160,1
BANKNIFTY29MAY2546100PE.NFO,2025-05-27,13:52:00,2025-05-29,2.05,2.05,2.05,2.05,0,2160,1
BANKNIFTY29MAY2546100PE.NFO,2025-05-27,13:53:00,2025-05-29,2.05,2.05,2.05,2.05,0,2160,0
BANKNIFTY29MAY2546100PE.NFO,2025-05-27,13:54:00,2025-05-29,2.05,2.05,2.05,2.05,0,2160,0
BANKNIFTY29MAY2546100PE.NFO,2025-05-27,13:55:00,2025-05-29,2.05,2.05,2.05,2.05,0,2160,1
BANKNIFTY29MAY2546100PE.NFO,2025-05-27,13:56:00,2025-05-29,2.05,2.05,2.05,2.05,0,2160,1
BANKNIFTY29MAY2546100PE.NFO,2025-05-27,13:57:00,2025-05-29,2.05,2.05,2.05,2.05,0,2160,1
BANKNIFTY29MAY2546100PE.NFO,2025-05-27,13:58:00,2025-05-29,2.05,2.05,2.05,2.05,0,2160,1
BANKNIFTY29MAY2546100PE.NFO,2025-05-27,13:59:00,2025-05-29,2.05,2.05,2.05,2.05,0,2160,1
BANKNIFTY29MAY2546100PE.NFO,2025-05-27,14:00:00,2025-05-29,2.05,2.05,2.05,2.05,0,2160,1
BANKNIFTY29MAY2546100PE.NFO,2025-05-27,14:01:00,2025-05-29,2.05,2.05,2.05,2.05,0,2160,1
BANKNIFTY29MAY2546100PE.NFO,2025-05-27,14:02:00,2025-05-29,2.05,2.05,2.05,2.05,0,2160,1
BANKNIFTY29MAY2546100PE.NFO,2025-05-27,14:03:00,2025-05-29,2.05,2.05,2.05,2.05,0,2160,1
BANKNIFTY29MAY2546100PE.NFO,2025-05-27,14:04:00,2025-05-29,2.05,2.05,2.05,2.05,0,2160,1
BANKNIFTY29MAY2546100PE.NFO,2025-05-27,14:05:00,2025-05-29,2.05,2.05,2.05,2.05,0,2160,0
BANKNIFTY29MAY2546100PE.NFO,2025-05-27,14:06:00,2025-05-29,2.05,2.05,2.05,2.05,0,2160,1
BANKNIFTY29MAY2546100PE.NFO,2025-05-27,14:07:00,2025-05-29,2.05,2.05,2.05,2.05,0,2160,1
BANKNIFTY29MAY2546100PE.NFO,2025-05-27,14:08:00,2025-05-29,2.05,2.05,2.05,2.05,0,2160,0
BANKNIFTY29MAY2546100PE.NFO,2025-05-27,14:09:00,2025-05-29,2.05,2.05,2.05,2.05,0,2160,1
BANKNIFTY29MAY2546100PE.NFO,2025-05-27,14:10:00,2025-05-29,2.05,2.05,2.05,2.05,0,2160,1
BANKNIFTY29MAY2546100PE.NFO,2025-05-27,14:11:00,2025-05-29,2.05,2.05,2.05,2.05,0,2160,1
BANKNIFTY29MAY2546100PE.NFO,2025-05-27,14:12:00,2025-05-29,2.05,2.05,2.05,2.05,0,2160,1
BANKNIFTY29MAY2546100PE.NFO,2025-05-27,14:13:00,2025-05-29,2.05,2.05,2.05,2.05,0,2160,1
BANKNIFTY29MAY2546100PE.NFO,2025-05-27,14:14:00,2025-05-29,2.05,2.05,2.05,2.05,0,2160,1
BANKNIFTY29MAY2546100PE.NFO,2025-05-27,14:15:00,2025-05-29,2.05,2.05,2.05,2.05,0,2160,1
BANKNIFTY29MAY2546100PE.NFO,2025-05-27,14:16:00,2025-05-29,2.05,2.05,2.05,2.05,0,2160,1
BANKNIFTY29MAY2546100PE.NFO,2025-05-27,14:17:00,2025-05-29,2.05,2.05,2.05,2.05,0,2160,0
BANKNIFTY29MAY2546100PE.NFO,2025-05-27,14:18:00,2025-05-29,2.05,2.05,2.05,2.05,0,2160,0
BANKNIFTY29MAY2546100PE.NFO,2025-05-27,14:19:00,2025-05-29,2.05,2.05,2.05,2.05,0,2160,1
BANKNIFTY29MAY2546100PE.NFO,2025-05-27,14:20:00,2025-05-29,2.05,2.05,2.05,2.05,0,2160,1
BANKNIFTY29MAY2546100PE.NFO,2025-05-27,14:21:00,2025-05-29,2.05,2.05,2.05,2.05,0,2160,1
BANKNIFTY29MAY2546100PE.NFO,2025-05-27,14:22:00,2025-05-29,2.05,2.05,2.05,2.05,0,2160,1
BANKNIFTY29MAY2546100PE.NFO,2025-05-27,14:23:00,2025-05-29,2.05,2.05,2.05,2.05,0,2160,0
BANKNIFTY29MAY2546100PE.NFO,2025-05-27,14:24:00,2025-05-29,2.05,2.05,2.05,2.05,0,2160,1
BANKNIFTY29MAY2546100PE.NFO,2025-05-27,14:25:00,2025-05-29,2.05,2.05,2.05,2.05,0,2160,0
BANKNIFTY29MAY2546100PE.NFO,2025-05-27,14:26:00,2025-05-29,2.05,2.05,2.05,2.05,0,2160,1
BANKNIFTY29MAY2546100PE.NFO,2025-05-27,14:27:00,2025-05-29,2.05,2.05,2.05,2.05,0,2160,1
BANKNIFTY29MAY2546100PE.NFO,2025-05-27,14:28:00,2025-05-29,2.05,2.05,2.05,2.05,0,2160,1
BANKNIFTY29MAY2546100PE.NFO,2025-05-27,14:29:00,2025-05-29,2.05,2.05,2.05,2.05,0,2160,0
BANKNIFTY29MAY2546100PE.NFO,2025-05-27,14:30:00,2025-05-29,2.05,2.05,2.05,2.05,0,2160,1
BANKNIFTY29MAY2546100PE.NFO,2025-05-27,14:31:00,2025-05-29,2.05,2.05,2.05,2.05,0,2160,1
BANKNIFTY29MAY2546100PE.NFO,2025-05-27,14:32:00,2025-05-29,2.05,2.05,2.05,2.05,0,2160,1
BANKNIFTY29MAY2546100PE.NFO,2025-05-27,14:33:00,2025-05-29,2.05,2.05,2.05,2.05,0,2160,1
BANKNIFTY29MAY2546100PE.NFO,2025-05-27,14:34:00,2025-05-29,2.05,2.05,2.05,2.05,0,2160,1
BANKNIFTY29MAY2546100PE.NFO,2025-05-27,14:35:00,2025-05-29,2.05,2.05,2.05,2.05,0,2160,1
BANKNIFTY29MAY2546100PE.NFO,2025-05-27,14:36:00,2025-05-29,2.05,2.05,2.05,2.05,0,2160,0
BANKNIFTY29MAY2546100PE.NFO,2025-05-27,14:37:00,2025-05-29,2.05,2.05,2.05,2.05,0,2160,1
BANKNIFTY29MAY2546100PE.NFO,2025-05-27,14:38:00,2025-05-29,2.05,2.05,2.05,2.05,0,2160,0
BANKNIFTY29MAY2546100PE.NFO,2025-05-27,14:39:00,2025-05-29,2.05,2.05,2.05,2.05,0,2160,1
BANKNIFTY29MAY2546100PE.NFO,2025-05-27,14:40:00,2025-05-29,2.05,2.05,2.05,2.05,0,2160,0
BANKNIFTY29MAY2546100PE.NFO,2025-05-27,14:41:00,2025-05-29,2.05,2.05,2.05,2.05,0,2160,1
BANKNIFTY29MAY2546100PE.NFO,2025-05-27,14:42:00,2025-05-29,2.05,2.05,2.05,2.05,0,2160,1
BANKNIFTY29MAY2546100PE.NFO,2025-05-27,14:43:00,2025-05-29,2.05,2.05,2.05,2.05,0,2160,0
BANKNIFTY29MAY2546100PE.NFO,2025-05-27,14:44:00,2025-05-29,2.05,2.05,2.05,2.05,0,2160,0
BANKNIFTY29MAY2546100PE.NFO,2025-05-27,14:45:00,2025-05-29,2.05,2.05,2.05,2.05,0,2160,0
BANKNIFTY29MAY2546100PE.NFO,2025-05-27,14:46:00,2025-05-29,2.05,2.05,2.05,2.05,0,2160,1
BANKNIFTY29MAY2546100PE.NFO,2025-05-27,14:47:00,2025-05-29,2.05,2.05,2.05,2.05,0,2160,1
BANKNIFTY29MAY2546100PE.NFO,2025-05-27,14:48:00,2025-05-29,2.05,2.05,2.05,2.05,0,2160,1
BANKNIFTY29MAY2546100PE.NFO,2025-05-27,14:49:00,2025-05-29,2.05,2.05,2.05,2.05,0,2160,1
BANKNIFTY29MAY2546100PE.NFO,2025-05-27,14:50:00,2025-05-29,2.05,2.05,2.05,2.05,0,2160,1
BANKNIFTY29MAY2546100PE.NFO,2025-05-27,14:51:00,2025-05-29,2.05,2.05,2.05,2.05,0,2160,0
BANKNIFTY29MAY2546100PE.NFO,2025-05-27,14:52:00,2025-05-29,2.05,2.05,2.05,2.05,0,2160,1
BANKNIFTY29MAY2546100PE.NFO,2025-05-27,14:53:00,2025-05-29,2.05,2.05,2.05,2.05,0,2160,0
BANKNIFTY29MAY2546100PE.NFO,2025-05-27,14:54:00,2025-05-29,2.05,2.05,2.05,2.05,0,2160,1
BANKNIFTY29MAY2546100PE.NFO,2025-05-27,14:55:00,2025-05-29,2.05,2.05,2.05,2.05,0,2160,0
BANKNIFTY29MAY2546100PE.NFO,2025-05-27,14:56:00,2025-05-29,2.05,2.05,2.05,2.05,0,2160,1
BANKNIFTY29MAY2546100PE.NFO,2025-05-27,14:57:00,2025-05-29,2.05,2.05,2.05,2.05,0,2160,1
BANKNIFTY29MAY2546100PE.NFO,2025-05-27,14:58:00,2025-05-29,1.65,1.65,1.65,1.65,30,2100,0
BANKNIFTY29MAY2546100PE.NFO,2025-05-27,14:59:00,2025-05-29,1.65,1.65,1.65,1.65,0,2100,0
BANKNIFTY29MAY2546100PE.NFO,2025-05-27,15:00:00,2025-05-29,1.65,1.65,1.65,1.65,0,2100,0
BANKNIFTY29MAY2546100PE.NFO,2025-05-27,15:01:00,2025-05-29,1.65,1.65,1.65,1.65,0,2100,1
BANKNIFTY29MAY2546100PE.NFO,2025-05-27,15:02:00,2025-05-29,1.65,1.65,1.65,1.65,0,2100,0
BANKNIFTY29MAY2546100PE.NFO,2025-05-27,15:03:00,2025-05-29,1.65,1.65,1.65,1.65,0,2100,1
BANKNIFTY29MAY2546100PE.NFO,2025-05-27,15:04:00,2025-05-29,1.65,1.65,1.65,1.65,0,2100,1
BANKNIFTY29MAY2546100PE.NFO,2025-05-27,15:05:00,2025-05-29,1.65,1.65,1.65,1.65,0,2100,0
BANKNIFTY29MAY2546100PE.NFO,2025-05-27,15:06:00,2025-05-29,1.65,1.65,1.65,1.65,0,2100,0
BANKNIFTY29MAY2546100PE.NFO,2025-05-27,15:07:00,2025-05-29,1.65,1.65,1.65,1.65,0,2100,0
BANKNIFTY29MAY2546100PE.NFO,2025-05-27,15:08:00,2025-05-29,1.65,1.65,1.65,1.65,0,2100,1
BANKNIFTY29MAY2546100PE.NFO,2025-05-27,15:09:00,2025-05-29,1.65,1.65,1.65,1.65,0,2100,1
BANKNIFTY29MAY2546100PE.NFO,2025-05-27,15:10:00,2025-05-29,1.65,1.65,1.65,1.65,0,2100,1
BANKNIFTY29MAY2546100PE.NFO,2025-05-27,15:11:00,2025-05-29,1.65,1.65,1.65,1.65,0,2100,1
BANKNIFTY29MAY2546100PE.NFO,2025-05-27,15:12:00,2025-05-29,1.65,1.65,1.65,1.65,0,2100,1
BANKNIFTY29MAY2546100PE.NFO,2025-05-27,15:13:00,2025-05-29,1.65,1.65,1.65,1.65,0,2100,1
BANKNIFTY29MAY2546100PE.NFO,2025-05-27,15:14:00,2025-05-29,1.65,1.65,1.65,1.65,0,2100,0
BANKNIFTY29MAY2546100PE.NFO,2025-05-27,15:15:00,2025-05-29,1.65,1.65,1.65,1.65,0,2100,1
BANKNIFTY29MAY2546100PE.NFO,2025-05-27,15:16:00,2025-05-29,1.65,1.65,1.65,1.65,0,2100,1
BANKNIFTY29MAY2546100PE.NFO,2025-05-27,15:17:00,2025-05-29,1.65,1.65,1.65,1.65,0,2100,1
BANKNIFTY29MAY2546100PE.NFO,2025-05-27,15:18:00,2025-05-29,1.65,1.65,1.65,1.65,0,2100,1
BANKNIFTY29MAY2546100PE.NFO,2025-05-27,15:19:00,2025-05-29,1.65,1.65,1.65,1.65,0,2100,1
BANKNIFTY29MAY2546100PE.NFO,2025-05-27,15:20:00,2025-05-29,1.65,1.65,1.65,1.65,0,2100,1
BANKNIFTY29MAY2546100PE.NFO,2025-05-27,15:21:00,2025-05-29,1.65,1.65,1.65,1.65,0,2100,1
BANKNIFTY29MAY2546100PE.NFO,2025-05-27,15:22:00,2025-05-29,1.65,1.65,1.65,1.65,0,2100,1
BANKNIFTY29MAY2546100PE.NFO,2025-05-27,15:23:00,2025-05-29,1.65,1.65,1.65,1.65,0,2100,1
BANKNIFTY29MAY2546100PE.NFO,2025-05-27,15:24:00,2025-05-29,1.65,1.65,1.65,1.65,0,2100,0
BANKNIFTY29MAY2546100PE.NFO,2025-05-27,15:25:00,2025-05-29,1.65,1.65,1.65,1.65,0,2100,1
BANKNIFTY29MAY2546100PE.NFO,2025-05-27,15:26:00,2025-05-29,1.65,1.65,1.65,1.65,0,2100,0
BANKNIFTY29MAY2546100PE.NFO,2025-05-27,15:27:00,2025-05-29,1.65,1.65,1.65,1.65,0,2100,0
BANKNIFTY29MAY2546100PE.NFO,2025-05-27,15:28:00,2025-05-29,1.65,1.65,1.65,1.65,0,2100,0
BANKNIFTY29MAY2546100PE.NFO,2025-05-27,15:29:00,2025-05-29,1.65,1.65,1.65,1.65,0,2100,0
BANKNIFTY29MAY2546100PE.NFO,2025-05-27,15:30:00,2025-05-29,1.65,1.65,1.65,1.65,0,2100,1
BANKNIFTY29MAY2546100PE.NFO,2025-05-28,09:15:00,2025-05-29,1.95,1.95,1.95,1.95,60,2100,1
BANKNIFTY29MAY2546100PE.NFO,2025-05-28,09:16:00,2025-05-29,1.95,1.95,1.95,1.95,60,2100,1
BANKNIFTY29MAY2546100PE.NFO,2025-05-28,09:17:00,2025-05-29,1.95,1.95,1.95,1.95,60,2100,1
BANKNIFTY29MAY2546100PE.NFO,2025-05-28,09:18:00,2025-05-29,1.95,1.95,1.95,1.95,60,2100,1
BANKNIFTY29MAY2546100PE.NFO,2025-05-28,09:19:00,2025-05-29,1.95,1.95,1.95,1.95,60,2100,1
BANKNIFTY29MAY2546100PE.NFO,2025-05-28,09:20:00,2025-05-29,1.95,1.95,1.95,1.95,60,2100,1
BANKNIFTY29MAY2546100PE.NFO,2025-05-28,09:21:00,2025-05-29,1.95,1.95,1.95,1.95,60,2100,1
BANKNIFTY29MAY2546100PE.NFO,2025-05-28,09:22:00,2025-05-29,1.95,1.95,1.95,1.95,60,2100,1
BANKNIFTY29MAY2546100PE.NFO,2025-05-28,09:23:00,2025-05-29,1.95,1.95,1.95,1.95,60,2100,1
BANKNIFTY29MAY2546100PE.NFO,2025-05-28,09:24:00,2025-05-29,1.95,1.95,1.95,1.95,60,2100,1
BANKNIFTY29MAY2546100PE.NFO,2025-05-28,09:25:00,2025-05-29,1.95,1.95,1.95,1.95,60,2100,1
BANKNIFTY29MAY2546100PE.NFO,2025-05-28,09:26:00,2025-05-29,1.95,1.95,1.95,1.95,60,2100,1
BANKNIFTY29MAY2546100PE.NFO,2025-05-28,09:27:00,2025-05-29,1.95,1.95,1.95,1.95,60,2100,1
BANKNIFTY29MAY2546100PE.NFO,2025-05-28,09:28:00,2025-05-29,1.95,1.95,1.95,1.95,60,2100,1
BANKNIFTY29MAY2546100PE.NFO,2025-05-28,09:29:00,2025-05-29,1.95,1.95,1.95,1.95,60,2100,1
BANKNIFTY29MAY2546100PE.NFO,2025-05-28,09:30:00,2025-05-29,1.95,1.95,1.95,1.95,60,2100,1
BANKNIFTY29MAY2546100PE.NFO,2025-05-28,09:31:00,2025-05-29,1.95,1.95,1.95,1.95,60,2100,1
BANKNIFTY29MAY2546100PE.NFO,2025-05-28,09:32:00,2025-05-29,2.05,2.15,1.65,1.95,60,2100,0
BANKNIFTY29MAY2546100PE.NFO,2025-05-28,09:33:00,2025-05-29,1.95,1.95,1.95,1.95,0,2100,0
BANKNIFTY29MAY2546100PE.NFO,2025-05-28,09:34:00,2025-05-29,1.95,1.95,1.95,1.95,0,2100,0
BANKNIFTY29MAY2546100PE.NFO,2025-05-28,09:35:00,2025-05-29,1.95,1.95,1.95,1.95,0,2100,0
BANKNIFTY29MAY2546100PE.NFO,2025-05-28,09:36:00,2025-05-29,1.95,1.95,1.95,1.95,0,2100,0
BANKNIFTY29MAY2546100PE.NFO,2025-05-28,09:37:00,2025-05-29,1.95,1.95,1.95,1.95,0,2100,0
BANKNIFTY29MAY2546100PE.NFO,2025-05-28,09:38:00,2025-05-29,1.95,1.95,1.95,1.95,0,2100,0
BANKNIFTY29MAY2546100PE.NFO,2025-05-28,09:39:00,2025-05-29,1.95,1.95,1.95,1.95,0,2100,0
BANKNIFTY29MAY2546100PE.NFO,2025-05-28,09:40:00,2025-05-29,1.95,1.95,1.95,1.95,0,2100,0
BANKNIFTY29MAY2546100PE.NFO,2025-05-28,09:41:00,2025-05-29,1.95,2.3,1.95,2.3,90,2280,0
BANKNIFTY29MAY2546100PE.NFO,2025-05-28,09:42:00,2025-05-29,2.3,2.3,2.3,2.3,0,2280,0
BANKNIFTY29MAY2546100PE.NFO,2025-05-28,09:43:00,2025-05-29,2.3,2.3,2.3,2.3,0,2280,0
BANKNIFTY29MAY2546100PE.NFO,2025-05-28,09:44:00,2025-05-29,2.3,2.3,2.3,2.3,0,2280,0
BANKNIFTY29MAY2546100PE.NFO,2025-05-28,09:45:00,2025-05-29,1.3,1.95,1.3,1.9,150,2280,0
BANKNIFTY29MAY2546100PE.NFO,2025-05-28,09:46:00,2025-05-29,1.6,1.6,1.6,1.6,30,2310,0
BANKNIFTY29MAY2546100PE.NFO,2025-05-28,09:47:00,2025-05-29,1.6,1.6,1.6,1.6,0,2310,0
BANKNIFTY29MAY2546100PE.NFO,2025-05-28,09:48:00,2025-05-29,1.6,1.6,1.6,1.6,0,2310,0
BANKNIFTY29MAY2546100PE.NFO,2025-05-28,09:49:00,2025-05-29,1.6,1.6,1.6,1.6,0,2310,0
BANKNIFTY29MAY2546100PE.NFO,2025-05-28,09:50:00,2025-05-29,1.6,1.6,1.6,1.6,0,2310,0
BANKNIFTY29MAY2546100PE.NFO,2025-05-28,09:51:00,2025-05-29,1.6,1.6,1.6,1.6,0,2310,0
BANKNIFTY29MAY2546100PE.NFO,2025-05-28,09:52:00,2025-05-29,1.6,1.6,1.6,1.6,0,2310,0
BANKNIFTY29MAY2546100PE.NFO,2025-05-28,09:53:00,2025-05-29,1.6,1.6,1.6,1.6,0,2310,0
BANKNIFTY29MAY2546100PE.NFO,2025-05-28,09:54:00,2025-05-29,1.6,1.6,1.6,1.6,0,2310,1
BANKNIFTY29MAY2546100PE.NFO,2025-05-28,09:55:00,2025-05-29,1.6,1.6,1.6,1.6,0,2310,1
BANKNIFTY29MAY2546100PE.NFO,2025-05-28,09:56:00,2025-05-29,1.6,1.6,1.6,1.6,0,2310,0
BANKNIFTY29MAY2546100PE.NFO,2025-05-28,09:57:00,2025-05-29,1.6,1.6,1.6,1.6,0,2310,0
BANKNIFTY29MAY2546100PE.NFO,2025-05-28,09:58:00,2025-05-29,1.6,1.6,1.6,1.6,0,2310,0
BANKNIFTY29MAY2546100PE.NFO,2025-05-28,09:59:00,2025-05-29,1.6,1.6,1.6,1.6,0,2310,0
BANKNIFTY29MAY2546100PE.NFO,2025-05-28,10:00:00,2025-05-29,1.6,1.6,1.6,1.6,0,2310,0
BANKNIFTY29MAY2546100PE.NFO,2025-05-28,10:01:00,2025-05-29,1.6,1.6,1.6,1.6,0,2310,0
BANKNIFTY29MAY2546100PE.NFO,2025-05-28,10:02:00,2025-05-29,1.6,1.6,1.6,1.6,0,2310,0
BANKNIFTY29MAY2546100PE.NFO,2025-05-28,10:03:00,2025-05-29,1.6,1.6,1.6,1.6,0,2310,0
BANKNIFTY29MAY2546100PE.NFO,2025-05-28,10:04:00,2025-05-29,1.6,1.6,1.5,1.5,0,2280,0
BANKNIFTY29MAY2546100PE.NFO,2025-05-28,10:05:00,2025-05-29,1.5,1.5,1.5,1.5,30,2280,0
BANKNIFTY29MAY2546100PE.NFO,2025-05-28,10:06:00,2025-05-29,1.5,1.5,1.5,1.5,0,2280,0
BANKNIFTY29MAY2546100PE.NFO,2025-05-28,10:07:00,2025-05-29,1.5,1.5,1.5,1.5,0,2280,0
BANKNIFTY29MAY2546100PE.NFO,2025-05-28,10:08:00,2025-05-29,1.5,1.5,1.5,1.5,0,2280,0
BANKNIFTY29MAY2546100PE.NFO,2025-05-28,10:09:00,2025-05-29,1.5,1.5,0.75,0.75,0,2280,0
BANKNIFTY29MAY2546100PE.NFO,2025-05-28,10:10:00,2025-05-29,0.75,1.9,0.75,1.55,1710,2730,0
BANKNIFTY29MAY2546100PE.NFO,2025-05-28,10:11:00,2025-05-29,1.55,1.55,1.55,1.55,510,2730,0
BANKNIFTY29MAY2546100PE.NFO,2025-05-28,10:12:00,2025-05-29,1.55,1.55,1.55,1.55,0,2730,0
BANKNIFTY29MAY2546100PE.NFO,2025-05-28,10:13:00,2025-05-29,1.55,1.55,1.55,1.55,0,2730,0
BANKNIFTY29MAY2546100PE.NFO,2025-05-28,10:14:00,2025-05-29,1.55,1.55,1.55,1.55,0,2730,0
BANKNIFTY29MAY2546100PE.NFO,2025-05-28,10:15:00,2025-05-29,1.55,1.55,1.55,1.55,0,2730,0
BANKNIFTY29MAY2546100PE.NFO,2025-05-28,10:16:00,2025-05-29,1.55,1.55,1.55,1.55,0,2730,0
BANKNIFTY29MAY2546100PE.NFO,2025-05-28,10:17:00,2025-05-29,1.55,1.55,1.55,1.55,0,2730,0
BANKNIFTY29MAY2546100PE.NFO,2025-05-28,10:18:00,2025-05-29,1.55,1.55,1.55,1.55,0,2730,0
BANKNIFTY29MAY2546100PE.NFO,2025-05-28,10:19:00,2025-05-29,1.55,1.55,1.55,1.55,0,2730,0
BANKNIFTY29MAY2546100PE.NFO,2025-05-28,10:20:00,2025-05-29,1.55,1.55,1.55,1.55,0,2730,1
BANKNIFTY29MAY2546100PE.NFO,2025-05-28,10:21:00,2025-05-29,1.55,1.55,1.55,1.55,0,2730,1
BANKNIFTY29MAY2546100PE.NFO,2025-05-28,10:22:00,2025-05-29,1.55,1.55,1.55,1.55,0,2730,1
BANKNIFTY29MAY2546100PE.NFO,2025-05-28,10:23:00,2025-05-29,1.55,1.55,1.55,1.55,0,2730,1
BANKNIFTY29MAY2546100PE.NFO,2025-05-28,10:24:00,2025-05-29,1.55,1.55,1.55,1.55,0,2730,1
BANKNIFTY29MAY2546100PE.NFO,2025-05-28,10:25:00,2025-05-29,1.55,1.55,1.55,1.55,0,2730,1
BANKNIFTY29MAY2546100PE.NFO,2025-05-28,10:26:00,2025-05-29,1.55,1.55,1.55,1.55,0,2730,0
BANKNIFTY29MAY2546100PE.NFO,2025-05-28,10:27:00,2025-05-29,1.55,1.55,1.55,1.55,0,2730,1
BANKNIFTY29MAY2546100PE.NFO,2025-05-28,10:28:00,2025-05-29,1.55,1.55,1.55,1.55,0,2730,0
BANKNIFTY29MAY2546100PE.NFO,2025-05-28,10:29:00,2025-05-29,1.55,1.55,1.55,1.55,0,2730,1
BANKNIFTY29MAY2546100PE.NFO,2025-05-28,10:30:00,2025-05-29,1.55,1.55,1.55,1.55,0,2730,0
BANKNIFTY29MAY2546100PE.NFO,2025-05-28,10:31:00,2025-05-29,1.55,1.55,1.55,1.55,0,2730,0
BANKNIFTY29MAY2546100PE.NFO,2025-05-28,10:32:00,2025-05-29,1.55,1.55,1.55,1.55,0,2730,0
BANKNIFTY29MAY2546100PE.NFO,2025-05-28,10:33:00,2025-05-29,1.55,1.55,1.55,1.55,0,2730,0
BANKNIFTY29MAY2546100PE.NFO,2025-05-28,10:34:00,2025-05-29,1.55,1.55,1.55,1.55,0,2730,0
BANKNIFTY29MAY2546100PE.NFO,2025-05-28,10:35:00,2025-05-29,1.55,1.55,1.55,1.55,0,2730,0
BANKNIFTY29MAY2546100PE.NFO,2025-05-28,10:36:00,2025-05-29,1.55,1.55,1.55,1.55,0,2730,0
BANKNIFTY29MAY2546100PE.NFO,2025-05-28,10:37:00,2025-05-29,1.55,1.55,1.55,1.55,0,2730,0
BANKNIFTY29MAY2546100PE.NFO,2025-05-28,10:38:00,2025-05-29,1.55,1.55,1.55,1.55,0,2730,0
BANKNIFTY29MAY2546100PE.NFO,2025-05-28,10:39:00,2025-05-29,1.55,1.55,1.55,1.55,0,2730,0
BANKNIFTY29MAY2546100PE.NFO,2025-05-28,10:40:00,2025-05-29,1.55,1.55,1.55,1.55,0,2730,1
BANKNIFTY29MAY2546100PE.NFO,2025-05-28,10:41:00,2025-05-29,1.55,1.55,1.55,1.55,0,2730,0
BANKNIFTY29MAY2546100PE.NFO,2025-05-28,10:42:00,2025-05-29,1.55,1.55,1.55,1.55,0,2730,0
BANKNIFTY29MAY2546100PE.NFO,2025-05-28,10:43:00,2025-05-29,1.55,1.55,1.55,1.55,0,2730,0
BANKNIFTY29MAY2546100PE.NFO,2025-05-28,10:44:00,2025-05-29,1.55,1.55,1.55,1.55,0,2730,0
BANKNIFTY29MAY2546100PE.NFO,2025-05-28,10:45:00,2025-05-29,1.55,1.55,1.55,1.55,0,2730,0
BANKNIFTY29MAY2546100PE.NFO,2025-05-28,10:46:00,2025-05-29,1.55,1.55,1.55,1.55,0,2730,0
BANKNIFTY29MAY2546100PE.NFO,2025-05-28,10:47:00,2025-05-29,1.55,1.55,1.55,1.55,0,2730,0
BANKNIFTY29MAY2546100PE.NFO,2025-05-28,10:48:00,2025-05-29,1.55,1.55,1.55,1.55,0,2730,0
BANKNIFTY29MAY2546100PE.NFO,2025-05-28,10:49:00,2025-05-29,1.55,1.55,1.55,1.55,0,2730,0
BANKNIFTY29MAY2546100PE.NFO,2025-05-28,10:50:00,2025-05-29,1.55,1.55,1.55,1.55,0,2730,0
BANKNIFTY29MAY2546100PE.NFO,2025-05-28,10:51:00,2025-05-29,1.55,1.55,1.55,1.55,0,2730,0
BANKNIFTY29MAY2546100PE.NFO,2025-05-28,10:52:00,2025-05-29,1.55,1.55,1.55,1.55,0,2730,0
BANKNIFTY29MAY2546100PE.NFO,2025-05-28,10:53:00,2025-05-29,1.55,1.55,1.55,1.55,0,2730,0
BANKNIFTY29MAY2546100PE.NFO,2025-05-28,10:54:00,2025-05-29,1.55,1.55,1.55,1.55,0,2730,0
BANKNIFTY29MAY2546100PE.NFO,2025-05-28,10:55:00,2025-05-29,1.55,1.55,1.55,1.55,0,2730,0
BANKNIFTY29MAY2546100PE.NFO,2025-05-28,10:56:00,2025-05-29,1.55,1.55,1.55,1.55,0,2730,0
BANKNIFTY29MAY2546100PE.NFO,2025-05-28,10:57:00,2025-05-29,1.55,1.55,1.55,1.55,0,2730,0
BANKNIFTY29MAY2546100PE.NFO,2025-05-28,10:58:00,2025-05-29,1.55,1.55,1.55,1.55,0,2730,0
BANKNIFTY29MAY2546100PE.NFO,2025-05-28,10:59:00,2025-05-29,1.55,1.55,1.55,1.55,0,2730,0
BANKNIFTY29MAY2546100PE.NFO,2025-05-28,11:00:00,2025-05-29,1.55,1.55,1.55,1.55,0,2730,1
BANKNIFTY29MAY2546100PE.NFO,2025-05-28,11:01:00,2025-05-29,1.55,1.55,1.55,1.55,0,2730,1
BANKNIFTY29MAY2546100PE.NFO,2025-05-28,11:02:00,2025-05-29,1.55,1.55,1.55,1.55,0,2730,0
BANKNIFTY29MAY2546100PE.NFO,2025-05-28,11:03:00,2025-05-29,1.55,1.55,1.55,1.55,0,2730,1
BANKNIFTY29MAY2546100PE.NFO,2025-05-28,11:04:00,2025-05-29,1.55,1.55,1.55,1.55,0,2730,1
BANKNIFTY29MAY2546100PE.NFO,2025-05-28,11:05:00,2025-05-29,1.55,1.55,1.55,1.55,0,2730,0
BANKNIFTY29MAY2546100PE.NFO,2025-05-28,11:06:00,2025-05-29,1.55,1.55,1.55,1.55,0,2730,1
BANKNIFTY29MAY2546100PE.NFO,2025-05-28,11:07:00,2025-05-29,1.55,1.55,1.55,1.55,0,2730,1
BANKNIFTY29MAY2546100PE.NFO,2025-05-28,11:08:00,2025-05-29,1.55,1.55,1.55,1.55,0,2730,0
BANKNIFTY29MAY2546100PE.NFO,2025-05-28,11:09:00,2025-05-29,1.55,1.55,1.55,1.55,0,2730,1
BANKNIFTY29MAY2546100PE.NFO,2025-05-28,11:10:00,2025-05-29,1.55,1.55,1.55,1.55,0,2730,1
BANKNIFTY29MAY2546100PE.NFO,2025-05-28,11:11:00,2025-05-29,1.55,1.55,1.55,1.55,0,2730,0
BANKNIFTY29MAY2546100PE.NFO,2025-05-28,11:12:00,2025-05-29,1.55,1.55,1.55,1.55,0,2730,1
BANKNIFTY29MAY2546100PE.NFO,2025-05-28,11:13:00,2025-05-29,1.55,1.55,1.55,1.55,0,2730,1
BANKNIFTY29MAY2546100PE.NFO,2025-05-28,11:14:00,2025-05-29,1.55,1.55,1.55,1.55,0,2730,0
BANKNIFTY29MAY2546100PE.NFO,2025-05-28,11:15:00,2025-05-29,1.55,1.55,1.55,1.55,0,2730,0
BANKNIFTY29MAY2546100PE.NFO,2025-05-28,11:16:00,2025-05-29,1.55,1.55,1.55,1.55,0,2730,0
BANKNIFTY29MAY2546100PE.NFO,2025-05-28,11:17:00,2025-05-29,1.55,1.55,1.55,1.55,0,2730,1
BANKNIFTY29MAY2546100PE.NFO,2025-05-28,11:18:00,2025-05-29,1.55,1.55,1.55,1.55,0,2730,1
BANKNIFTY29MAY2546100PE.NFO,2025-05-28,11:19:00,2025-05-29,1.55,1.55,1.55,1.55,0,2730,1
BANKNIFTY29MAY2546100PE.NFO,2025-05-28,11:20:00,2025-05-29,1.55,1.55,1.55,1.55,0,2730,1
BANKNIFTY29MAY2546100PE.NFO,2025-05-28,11:21:00,2025-05-29,1.55,1.55,1.55,1.55,0,2730,1
BANKNIFTY29MAY2546100PE.NFO,2025-05-28,11:22:00,2025-05-29,1.55,1.55,1.55,1.55,0,2730,1
BANKNIFTY29MAY2546100PE.NFO,2025-05-28,11:23:00,2025-05-29,1.55,1.55,1.55,1.55,0,2730,1
BANKNIFTY29MAY2546100PE.NFO,2025-05-28,11:24:00,2025-05-29,1.55,1.55,1.55,1.55,0,2730,1
BANKNIFTY29MAY2546100PE.NFO,2025-05-28,11:25:00,2025-05-29,1.55,1.55,1.55,1.55,0,2730,1
BANKNIFTY29MAY2546100PE.NFO,2025-05-28,11:26:00,2025-05-29,1.55,1.55,1.55,1.55,0,2730,0
BANKNIFTY29MAY2546100PE.NFO,2025-05-28,11:27:00,2025-05-29,1.55,1.55,1.55,1.55,0,2730,0
BANKNIFTY29MAY2546100PE.NFO,2025-05-28,11:28:00,2025-05-29,1.55,1.55,1.55,1.55,0,2730,1
BANKNIFTY29MAY2546100PE.NFO,2025-05-28,11:29:00,2025-05-29,1.55,1.55,1.55,1.55,0,2730,1
BANKNIFTY29MAY2546100PE.NFO,2025-05-28,11:30:00,2025-05-29,1.55,1.55,1.55,1.55,0,2730,1
BANKNIFTY29MAY2546100PE.NFO,2025-05-28,11:31:00,2025-05-29,1.55,1.55,1.55,1.55,0,2730,1
BANKNIFTY29MAY2546100PE.NFO,2025-05-28,11:32:00,2025-05-29,1.55,1.55,1.55,1.55,0,2730,1
BANKNIFTY29MAY2546100PE.NFO,2025-05-28,11:33:00,2025-05-29,1.55,1.55,1.55,1.55,0,2730,1
BANKNIFTY29MAY2546100PE.NFO,2025-05-28,11:34:00,2025-05-29,1.55,1.55,1.55,1.55,0,2730,0
BANKNIFTY29MAY2546100PE.NFO,2025-05-28,11:35:00,2025-05-29,1.55,1.55,1.55,1.55,0,2730,0
BANKNIFTY29MAY2546100PE.NFO,2025-05-28,11:36:00,2025-05-29,1.55,1.55,1.55,1.55,0,2730,1
BANKNIFTY29MAY2546100PE.NFO,2025-05-28,11:37:00,2025-05-29,1.55,1.55,1.55,1.55,0,2730,1
BANKNIFTY29MAY2546100PE.NFO,2025-05-28,11:38:00,2025-05-29,1.55,1.55,1.55,1.55,0,2730,1
BANKNIFTY29MAY2546100PE.NFO,2025-05-28,11:39:00,2025-05-29,1.55,1.55,1.55,1.55,0,2730,1
BANKNIFTY29MAY2546100PE.NFO,2025-05-28,11:40:00,2025-05-29,1.55,1.55,1.55,1.55,0,2730,1
BANKNIFTY29MAY2546100PE.NFO,2025-05-28,11:41:00,2025-05-29,1.55,1.55,1.55,1.55,0,2730,0
BANKNIFTY29MAY2546100PE.NFO,2025-05-28,11:42:00,2025-05-29,1.55,1.55,1.55,1.55,0,2730,1
BANKNIFTY29MAY2546100PE.NFO,2025-05-28,11:43:00,2025-05-29,1.55,1.55,1.55,1.55,0,2730,1
BANKNIFTY29MAY2546100PE.NFO,2025-05-28,11:44:00,2025-05-29,1.55,1.55,1.55,1.55,0,2730,1
BANKNIFTY29MAY2546100PE.NFO,2025-05-28,11:45:00,2025-05-29,1.55,1.55,1.55,1.55,0,2730,0
BANKNIFTY29MAY2546100PE.NFO,2025-05-28,11:46:00,2025-05-29,1.55,1.55,1.55,1.55,0,2730,1
BANKNIFTY29MAY2546100PE.NFO,2025-05-28,11:47:00,2025-05-29,1.55,1.55,1.55,1.55,0,2730,1
BANKNIFTY29MAY2546100PE.NFO,2025-05-28,11:48:00,2025-05-29,1.55,1.55,1.55,1.55,0,2730,0
BANKNIFTY29MAY2546100PE.NFO,2025-05-28,11:49:00,2025-05-29,1.55,1.55,1.55,1.55,0,2730,1
BANKNIFTY29MAY2546100PE.NFO,2025-05-28,11:50:00,2025-05-29,1.55,1.55,1.55,1.55,0,2730,1
BANKNIFTY29MAY2546100PE.NFO,2025-05-28,11:51:00,2025-05-29,1.55,1.55,1.55,1.55,0,2730,1
BANKNIFTY29MAY2546100PE.NFO,2025-05-28,11:52:00,2025-05-29,1.55,1.55,1.55,1.55,0,2730,1
BANKNIFTY29MAY2546100PE.NFO,2025-05-28,11:53:00,2025-05-29,1.55,1.55,1.55,1.55,0,2730,1
BANKNIFTY29MAY2546100PE.NFO,2025-05-28,11:54:00,2025-05-29,1.55,1.55,1.55,1.55,0,2730,1
BANKNIFTY29MAY2546100PE.NFO,2025-05-28,11:55:00,2025-05-29,1.55,1.55,1.55,1.55,0,2730,1
BANKNIFTY29MAY2546100PE.NFO,2025-05-28,11:56:00,2025-05-29,1.55,1.55,1.55,1.55,0,2730,0
BANKNIFTY29MAY2546100PE.NFO,2025-05-28,11:57:00,2025-05-29,1.55,1.55,1.55,1.55,0,2730,0
BANKNIFTY29MAY2546100PE.NFO,2025-05-28,11:58:00,2025-05-29,1.55,1.55,1.55,1.55,0,2730,0
BANKNIFTY29MAY2546100PE.NFO,2025-05-28,11:59:00,2025-05-29,1.55,1.55,1.55,1.55,0,2730,1
BANKNIFTY29MAY2546100PE.NFO,2025-05-28,12:00:00,2025-05-29,1.55,1.55,1.55,1.55,0,2730,0
BANKNIFTY29MAY2546100PE.NFO,2025-05-28,12:01:00,2025-05-29,1.55,1.55,1.55,1.55,0,2730,1
BANKNIFTY29MAY2546100PE.NFO,2025-05-28,12:02:00,2025-05-29,1.55,1.55,1.55,1.55,0,2730,1
BANKNIFTY29MAY2546100PE.NFO,2025-05-28,12:03:00,2025-05-29,1.55,1.55,1.55,1.55,0,2730,1
BANKNIFTY29MAY2546100PE.NFO,2025-05-28,12:04:00,2025-05-29,1.55,1.55,1.55,1.55,0,2730,1
BANKNIFTY29MAY2546100PE.NFO,2025-05-28,12:05:00,2025-05-29,1.55,1.55,1.55,1.55,0,2730,1
BANKNIFTY29MAY2546100PE.NFO,2025-05-28,12:06:00,2025-05-29,1.55,1.55,1.55,1.55,0,2730,1
BANKNIFTY29MAY2546100PE.NFO,2025-05-28,12:07:00,2025-05-29,1.55,1.55,1.55,1.55,0,2730,1
BANKNIFTY29MAY2546100PE.NFO,2025-05-28,12:08:00,2025-05-29,1.55,1.55,1.55,1.55,0,2730,1
BANKNIFTY29MAY2546100PE.NFO,2025-05-28,12:09:00,2025-05-29,1.55,1.55,1.55,1.55,0,2730,1
BANKNIFTY29MAY2546100PE.NFO,2025-05-28,12:10:00,2025-05-29,1.55,1.55,1.55,1.55,0,2730,1
BANKNIFTY29MAY2546100PE.NFO,2025-05-28,12:11:00,2025-05-29,1.55,1.55,1.55,1.55,0,2730,0
BANKNIFTY29MAY2546100PE.NFO,2025-05-28,12:12:00,2025-05-29,1.55,1.55,1.55,1.55,0,2730,1
BANKNIFTY29MAY2546100PE.NFO,2025-05-28,12:13:00,2025-05-29,1.55,1.55,1.55,1.55,0,2730,1
BANKNIFTY29MAY2546100PE.NFO,2025-05-28,12:14:00,2025-05-29,1.55,1.55,1.55,1.55,0,2730,1
BANKNIFTY29MAY2546100PE.NFO,2025-05-28,12:15:00,2025-05-29,1.55,1.55,1.55,1.55,0,2730,1
BANKNIFTY29MAY2546100PE.NFO,2025-05-28,12:16:00,2025-05-29,1.55,1.55,1.55,1.55,0,2730,1
BANKNIFTY29MAY2546100PE.NFO,2025-05-28,12:17:00,2025-05-29,1.55,1.55,1.55,1.55,0,2730,1
BANKNIFTY29MAY2546100PE.NFO,2025-05-28,12:18:00,2025-05-29,1.55,1.55,1.55,1.55,0,2730,1
BANKNIFTY29MAY2546100PE.NFO,2025-05-28,12:19:00,2025-05-29,1.55,1.55,1.55,1.55,0,2730,1
BANKNIFTY29MAY2546100PE.NFO,2025-05-28,12:20:00,2025-05-29,1.55,1.55,1.55,1.55,0,2730,1
BANKNIFTY29MAY2546100PE.NFO,2025-05-28,12:21:00,2025-05-29,1.55,1.55,1.55,1.55,0,2730,1
BANKNIFTY29MAY2546100PE.NFO,2025-05-28,12:22:00,2025-05-29,1.55,1.55,1.55,1.55,0,2730,1
BANKNIFTY29MAY2546100PE.NFO,2025-05-28,12:23:00,2025-05-29,1.55,1.55,1.55,1.55,0,2730,1
BANKNIFTY29MAY2546100PE.NFO,2025-05-28,12:24:00,2025-05-29,1.55,1.55,1.55,1.55,0,2730,1
BANKNIFTY29MAY2546100PE.NFO,2025-05-28,12:25:00,2025-05-29,1.55,1.55,1.55,1.55,0,2730,0
BANKNIFTY29MAY2546100PE.NFO,2025-05-28,12:26:00,2025-05-29,1.55,1.55,1.55,1.55,0,2730,0
BANKNIFTY29MAY2546100PE.NFO,2025-05-28,12:27:00,2025-05-29,1.55,1.55,1.55,1.55,0,2730,1
BANKNIFTY29MAY2546100PE.NFO,2025-05-28,12:28:00,2025-05-29,1.55,1.55,1.55,1.55,0,2730,1
BANKNIFTY29MAY2546100PE.NFO,2025-05-28,12:29:00,2025-05-29,1.55,1.55,1.55,1.55,0,2730,0
BANKNIFTY29MAY2546100PE.NFO,2025-05-28,12:30:00,2025-05-29,1.55,1.55,1.55,1.55,0,2730,1
BANKNIFTY29MAY2546100PE.NFO,2025-05-28,12:31:00,2025-05-29,1.55,1.55,1.55,1.55,0,2730,1
BANKNIFTY29MAY2546100PE.NFO,2025-05-28,12:32:00,2025-05-29,1.55,1.55,1.55,1.55,0,2730,1
BANKNIFTY29MAY2546100PE.NFO,2025-05-28,12:33:00,2025-05-29,1.55,1.55,1.55,1.55,0,2730,1
BANKNIFTY29MAY2546100PE.NFO,2025-05-28,12:34:00,2025-05-29,1.55,1.55,1.55,1.55,0,2730,1
BANKNIFTY29MAY2546100PE.NFO,2025-05-28,12:35:00,2025-05-29,1.55,1.55,1.55,1.55,0,2730,1
BANKNIFTY29MAY2546100PE.NFO,2025-05-28,12:36:00,2025-05-29,1.55,1.55,1.55,1.55,0,2730,1
BANKNIFTY29MAY2546100PE.NFO,2025-05-28,12:37:00,2025-05-29,1.55,1.55,1.55,1.55,0,2730,0
BANKNIFTY29MAY2546100PE.NFO,2025-05-28,12:38:00,2025-05-29,1.55,1.55,1.55,1.55,0,2730,1
BANKNIFTY29MAY2546100PE.NFO,2025-05-28,12:39:00,2025-05-29,1.55,1.55,1.55,1.55,0,2730,1
BANKNIFTY29MAY2546100PE.NFO,2025-05-28,12:40:00,2025-05-29,1.55,1.55,1.55,1.55,0,2730,1
BANKNIFTY29MAY2546100PE.NFO,2025-05-28,12:41:00,2025-05-29,1.55,1.55,1.55,1.55,0,2730,0
BANKNIFTY29MAY2546100PE.NFO,2025-05-28,12:42:00,2025-05-29,1.55,1.55,1.55,1.55,0,2730,1
BANKNIFTY29MAY2546100PE.NFO,2025-05-28,12:43:00,2025-05-29,1.55,1.55,1.55,1.55,0,2730,1
BANKNIFTY29MAY2546100PE.NFO,2025-05-28,12:44:00,2025-05-29,1.55,1.55,1.55,1.55,0,2730,1
BANKNIFTY29MAY2546100PE.NFO,2025-05-28,12:45:00,2025-05-29,1.55,1.55,1.55,1.55,0,2730,1
BANKNIFTY29MAY2546100PE.NFO,2025-05-28,12:46:00,2025-05-29,1.55,1.55,1.55,1.55,0,2730,1
BANKNIFTY29MAY2546100PE.NFO,2025-05-28,12:47:00,2025-05-29,1.55,1.55,1.55,1.55,0,2730,1
BANKNIFTY29MAY2546100PE.NFO,2025-05-28,12:48:00,2025-05-29,1.55,1.55,1.55,1.55,0,2730,1
BANKNIFTY29MAY2546100PE.NFO,2025-05-28,12:49:00,2025-05-29,1.55,1.55,1.55,1.55,0,2730,1
BANKNIFTY29MAY2546100PE.NFO,2025-05-28,12:50:00,2025-05-29,1.55,1.55,1.55,1.55,0,2730,1
BANKNIFTY29MAY2546100PE.NFO,2025-05-28,12:51:00,2025-05-29,1.55,1.55,1.55,1.55,0,2730,1
BANKNIFTY29MAY2546100PE.NFO,2025-05-28,12:52:00,2025-05-29,1.55,1.55,1.55,1.55,0,2730,1
BANKNIFTY29MAY2546100PE.NFO,2025-05-28,12:53:00,2025-05-29,1.55,1.55,1.55,1.55,0,2730,0
BANKNIFTY29MAY2546100PE.NFO,2025-05-28,12:54:00,2025-05-29,1.55,1.55,1.55,1.55,0,2730,1
BANKNIFTY29MAY2546100PE.NFO,2025-05-28,12:55:00,2025-05-29,1.55,1.55,1.55,1.55,0,2730,1
BANKNIFTY29MAY2546100PE.NFO,2025-05-28,12:56:00,2025-05-29,1.55,1.55,1.55,1.55,0,2730,0
BANKNIFTY29MAY2546100PE.NFO,2025-05-28,12:57:00,2025-05-29,1.55,1.55,1.55,1.55,0,2730,1
BANKNIFTY29MAY2546100PE.NFO,2025-05-28,12:58:00,2025-05-29,1.55,1.55,1.55,1.55,0,2730,1
BANKNIFTY29MAY2546100PE.NFO,2025-05-28,12:59:00,2025-05-29,1.55,1.55,1.55,1.55,0,2730,1
BANKNIFTY29MAY2546100PE.NFO,2025-05-28,13:00:00,2025-05-29,1.55,1.55,1.55,1.55,0,2730,1
BANKNIFTY29MAY2546100PE.NFO,2025-05-28,13:01:00,2025-05-29,1.55,1.55,1.55,1.55,0,2730,1
BANKNIFTY29MAY2546100PE.NFO,2025-05-28,13:02:00,2025-05-29,1.55,1.55,1.55,1.55,0,2730,0
BANKNIFTY29MAY2546100PE.NFO,2025-05-28,13:03:00,2025-05-29,1.55,1.55,1.55,1.55,0,2730,1
BANKNIFTY29MAY2546100PE.NFO,2025-05-28,13:04:00,2025-05-29,1.55,1.55,1.55,1.55,0,2730,0
BANKNIFTY29MAY2546100PE.NFO,2025-05-28,13:05:00,2025-05-29,1.55,1.55,1.55,1.55,0,2730,1
BANKNIFTY29MAY2546100PE.NFO,2025-05-28,13:06:00,2025-05-29,1.55,1.55,1.55,1.55,0,2730,1
BANKNIFTY29MAY2546100PE.NFO,2025-05-28,13:07:00,2025-05-29,1.55,1.55,1.55,1.55,0,2730,1
BANKNIFTY29MAY2546100PE.NFO,2025-05-28,13:08:00,2025-05-29,1.55,1.55,1.55,1.55,0,2730,1
BANKNIFTY29MAY2546100PE.NFO,2025-05-28,13:09:00,2025-05-29,1.55,1.55,1.55,1.55,0,2730,1
BANKNIFTY29MAY2546100PE.NFO,2025-05-28,13:10:00,2025-05-29,1.55,1.55,1.55,1.55,0,2730,1
BANKNIFTY29MAY2546100PE.NFO,2025-05-28,13:11:00,2025-05-29,1.55,1.55,1.55,1.55,0,2730,1
BANKNIFTY29MAY2546100PE.NFO,2025-05-28,13:12:00,2025-05-29,1.55,1.55,1.55,1.55,0,2730,1
BANKNIFTY29MAY2546100PE.NFO,2025-05-28,13:13:00,2025-05-29,1.55,1.55,1.55,1.55,0,2730,1
BANKNIFTY29MAY2546100PE.NFO,2025-05-28,13:14:00,2025-05-29,1.55,1.55,1.55,1.55,0,2730,1
BANKNIFTY29MAY2546100PE.NFO,2025-05-28,13:15:00,2025-05-29,1.55,1.55,1.55,1.55,0,2730,1
BANKNIFTY29MAY2546100PE.NFO,2025-05-28,13:16:00,2025-05-29,1.55,1.55,1.55,1.55,0,2730,1
BANKNIFTY29MAY2546100PE.NFO,2025-05-28,13:17:00,2025-05-29,1.55,1.55,1.55,1.55,0,2730,1
BANKNIFTY29MAY2546100PE.NFO,2025-05-28,13:18:00,2025-05-29,1.55,1.55,1.55,1.55,0,2730,1
BANKNIFTY29MAY2546100PE.NFO,2025-05-28,13:19:00,2025-05-29,1.55,1.55,1.55,1.55,0,2730,1
BANKNIFTY29MAY2546100PE.NFO,2025-05-28,13:20:00,2025-05-29,1.55,1.55,1.55,1.55,0,2730,1
BANKNIFTY29MAY2546100PE.NFO,2025-05-28,13:21:00,2025-05-29,1.55,1.55,1.55,1.55,0,2730,1
BANKNIFTY29MAY2546100PE.NFO,2025-05-28,13:22:00,2025-05-29,1.55,1.55,1.55,1.55,0,2730,1
BANKNIFTY29MAY2546100PE.NFO,2025-05-28,13:23:00,2025-05-29,1.55,1.55,1.55,1.55,0,2730,1
BANKNIFTY29MAY2546100PE.NFO,2025-05-28,13:24:00,2025-05-29,1.55,1.55,1.55,1.55,0,2730,1
BANKNIFTY29MAY2546100PE.NFO,2025-05-28,13:25:00,2025-05-29,1.55,1.55,1.55,1.55,0,2730,1
BANKNIFTY29MAY2546100PE.NFO,2025-05-28,13:26:00,2025-05-29,1.55,1.55,1.55,1.55,0,2730,0
BANKNIFTY29MAY2546100PE.NFO,2025-05-28,13:27:00,2025-05-29,1.55,1.55,1.55,1.55,0,2730,1
BANKNIFTY29MAY2546100PE.NFO,2025-05-28,13:28:00,2025-05-29,1.55,1.55,1.55,1.55,0,2730,1
BANKNIFTY29MAY2546100PE.NFO,2025-05-28,13:29:00,2025-05-29,1.55,1.55,1.55,1.55,0,2730,1
BANKNIFTY29MAY2546100PE.NFO,2025-05-28,13:30:00,2025-05-29,1.55,1.55,1.55,1.55,0,2730,0
BANKNIFTY29MAY2546100PE.NFO,2025-05-28,13:31:00,2025-05-29,1.55,1.55,1.55,1.55,0,2730,1
BANKNIFTY29MAY2546100PE.NFO,2025-05-28,13:32:00,2025-05-29,1.55,1.55,1.55,1.55,0,2730,1
BANKNIFTY29MAY2546100PE.NFO,2025-05-28,13:33:00,2025-05-29,1.55,1.55,1.55,1.55,0,2730,1
BANKNIFTY29MAY2546100PE.NFO,2025-05-28,13:34:00,2025-05-29,1.55,1.55,1.55,1.55,0,2730,1
BANKNIFTY29MAY2546100PE.NFO,2025-05-28,13:35:00,2025-05-29,1.55,1.55,1.55,1.55,0,2730,1
BANKNIFTY29MAY2546100PE.NFO,2025-05-28,13:36:00,2025-05-29,1.55,1.55,1.55,1.55,0,2730,1
BANKNIFTY29MAY2546100PE.NFO,2025-05-28,13:37:00,2025-05-29,1.55,1.55,1.55,1.55,0,2730,1
BANKNIFTY29MAY2546100PE.NFO,2025-05-28,13:38:00,2025-05-29,1.55,1.55,1.55,1.55,0,2730,1
BANKNIFTY29MAY2546100PE.NFO,2025-05-28,13:39:00,2025-05-29,1.55,1.55,1.55,1.55,0,2730,1
BANKNIFTY29MAY2546100PE.NFO,2025-05-28,13:40:00,2025-05-29,1.55,1.55,1.55,1.55,0,2730,1
BANKNIFTY29MAY2546100PE.NFO,2025-05-28,13:41:00,2025-05-29,1.55,1.55,1.55,1.55,0,2730,0
BANKNIFTY29MAY2546100PE.NFO,2025-05-28,13:42:00,2025-05-29,1.55,1.55,1.55,1.55,0,2730,1
BANKNIFTY29MAY2546100PE.NFO,2025-05-28,13:43:00,2025-05-29,1.55,1.55,1.55,1.55,0,2730,1
BANKNIFTY29MAY2546100PE.NFO,2025-05-28,13:44:00,2025-05-29,1.55,1.55,1.55,1.55,0,2730,1
BANKNIFTY29MAY2546100PE.NFO,2025-05-28,13:45:00,2025-05-29,1.55,1.55,1.55,1.55,0,2730,1
BANKNIFTY29MAY2546100PE.NFO,2025-05-28,13:46:00,2025-05-29,1.55,1.55,1.55,1.55,0,2730,0
BANKNIFTY29MAY2546100PE.NFO,2025-05-28,13:47:00,2025-05-29,1.55,1.55,1.55,1.55,0,2730,1
BANKNIFTY29MAY2546100PE.NFO,2025-05-28,13:48:00,2025-05-29,1.55,1.55,1.55,1.55,0,2730,1
BANKNIFTY29MAY2546100PE.NFO,2025-05-28,13:49:00,2025-05-29,1.55,1.55,1.55,1.55,0,2730,1
BANKNIFTY29MAY2546100PE.NFO,2025-05-28,13:50:00,2025-05-29,1.55,1.55,1.55,1.55,0,2730,1
BANKNIFTY29MAY2546100PE.NFO,2025-05-28,13:51:00,2025-05-29,1.55,1.55,1.55,1.55,0,2730,0
BANKNIFTY29MAY2546100PE.NFO,2025-05-28,13:52:00,2025-05-29,1.55,1.55,1.55,1.55,0,2730,1
BANKNIFTY29MAY2546100PE.NFO,2025-05-28,13:53:00,2025-05-29,1.55,1.55,1.55,1.55,0,2730,1
BANKNIFTY29MAY2546100PE.NFO,2025-05-28,13:54:00,2025-05-29,1.55,1.55,1.55,1.55,0,2730,1
BANKNIFTY29MAY2546100PE.NFO,2025-05-28,13:55:00,2025-05-29,1.55,1.55,1.55,1.55,0,2730,1
BANKNIFTY29MAY2546100PE.NFO,2025-05-28,13:56:00,2025-05-29,1.55,1.55,1.55,1.55,0,2730,1
BANKNIFTY29MAY2546100PE.NFO,2025-05-28,13:57:00,2025-05-29,1.55,1.55,1.55,1.55,0,2730,1
BANKNIFTY29MAY2546100PE.NFO,2025-05-28,13:58:00,2025-05-29,1.55,1.55,1.55,1.55,0,2730,1
BANKNIFTY29MAY2546100PE.NFO,2025-05-28,13:59:00,2025-05-29,1.55,1.55,1.55,1.55,0,2730,1
BANKNIFTY29MAY2546100PE.NFO,2025-05-28,14:00:00,2025-05-29,1.55,1.55,1.55,1.55,0,2730,0
BANKNIFTY29MAY2546100PE.NFO,2025-05-28,14:01:00,2025-05-29,1.55,1.55,1.55,1.55,0,2730,0
BANKNIFTY29MAY2546100PE.NFO,2025-05-28,14:02:00,2025-05-29,1.55,1.55,1.55,1.55,0,2730,1
BANKNIFTY29MAY2546100PE.NFO,2025-05-28,14:03:00,2025-05-29,1.55,1.55,1.55,1.55,0,2730,0
BANKNIFTY29MAY2546100PE.NFO,2025-05-28,14:04:00,2025-05-29,1.55,1.55,1.55,1.55,0,2730,0
BANKNIFTY29MAY2546100PE.NFO,2025-05-28,14:05:00,2025-05-29,1.55,1.55,1.55,1.55,0,2730,1
BANKNIFTY29MAY2546100PE.NFO,2025-05-28,14:06:00,2025-05-29,1.55,1.55,1.55,1.55,0,2730,1
BANKNIFTY29MAY2546100PE.NFO,2025-05-28,14:07:00,2025-05-29,1.55,1.55,1.55,1.55,0,2730,1
BANKNIFTY29MAY2546100PE.NFO,2025-05-28,14:08:00,2025-05-29,1.55,1.55,1.55,1.55,0,2730,1
BANKNIFTY29MAY2546100PE.NFO,2025-05-28,14:09:00,2025-05-29,1.55,1.55,1.55,1.55,0,2730,1
BANKNIFTY29MAY2546100PE.NFO,2025-05-28,14:10:00,2025-05-29,1.55,1.55,1.55,1.55,0,2730,1
BANKNIFTY29MAY2546100PE.NFO,2025-05-28,14:11:00,2025-05-29,1.55,1.55,1.55,1.55,0,2730,0
BANKNIFTY29MAY2546100PE.NFO,2025-05-28,14:12:00,2025-05-29,1.55,1.55,1.55,1.55,0,2730,0
BANKNIFTY29MAY2546100PE.NFO,2025-05-28,14:13:00,2025-05-29,1.55,1.55,1.55,1.55,0,2730,1
BANKNIFTY29MAY2546100PE.NFO,2025-05-28,14:14:00,2025-05-29,1.55,1.55,1.55,1.55,0,2730,1
BANKNIFTY29MAY2546100PE.NFO,2025-05-28,14:15:00,2025-05-29,1.55,1.55,1.55,1.55,0,2730,0
BANKNIFTY29MAY2546100PE.NFO,2025-05-28,14:16:00,2025-05-29,1.55,1.55,1.55,1.55,0,2730,1
BANKNIFTY29MAY2546100PE.NFO,2025-05-28,14:17:00,2025-05-29,1.55,1.55,1.55,1.55,0,2730,1
BANKNIFTY29MAY2546100PE.NFO,2025-05-28,14:18:00,2025-05-29,1.55,1.55,1.55,1.55,0,2730,1
BANKNIFTY29MAY2546100PE.NFO,2025-05-28,14:19:00,2025-05-29,1.55,1.55,1.55,1.55,0,2730,1
BANKNIFTY29MAY2546100PE.NFO,2025-05-28,14:20:00,2025-05-29,1.55,1.55,1.55,1.55,0,2730,1
BANKNIFTY29MAY2546100PE.NFO,2025-05-28,14:21:00,2025-05-29,1.55,1.55,1.55,1.55,0,2730,1
BANKNIFTY29MAY2546100PE.NFO,2025-05-28,14:22:00,2025-05-29,1.55,1.55,1.55,1.55,0,2730,1
BANKNIFTY29MAY2546100PE.NFO,2025-05-28,14:23:00,2025-05-29,1.55,1.55,1.55,1.55,0,2730,1
BANKNIFTY29MAY2546100PE.NFO,2025-05-28,14:24:00,2025-05-29,1.55,1.55,1.55,1.55,0,2730,1
BANKNIFTY29MAY2546100PE.NFO,2025-05-28,14:25:00,2025-05-29,1.55,1.55,1.55,1.55,0,2730,1
BANKNIFTY29MAY2546100PE.NFO,2025-05-28,14:26:00,2025-05-29,1.55,1.55,1.55,1.55,0,2730,1
BANKNIFTY29MAY2546100PE.NFO,2025-05-28,14:27:00,2025-05-29,1.55,1.55,1.55,1.55,0,2730,1
BANKNIFTY29MAY2546100PE.NFO,2025-05-28,14:28:00,2025-05-29,1.55,1.55,1.55,1.55,0,2730,1
BANKNIFTY29MAY2546100PE.NFO,2025-05-28,14:29:00,2025-05-29,1.55,1.55,1.55,1.55,0,2730,1
BANKNIFTY29MAY2546100PE.NFO,2025-05-28,14:30:00,2025-05-29,1.55,1.55,1.55,1.55,0,2730,1
BANKNIFTY29MAY2546100PE.NFO,2025-05-28,14:31:00,2025-05-29,1.55,1.55,1.55,1.55,0,2730,1
BANKNIFTY29MAY2546100PE.NFO,2025-05-28,14:32:00,2025-05-29,1.55,1.55,1.55,1.55,0,2730,1
BANKNIFTY29MAY2546100PE.NFO,2025-05-28,14:33:00,2025-05-29,1.55,1.55,1.55,1.55,0,2730,1
BANKNIFTY29MAY2546100PE.NFO,2025-05-28,14:34:00,2025-05-29,1.55,1.55,1.55,1.55,0,2730,0
BANKNIFTY29MAY2546100PE.NFO,2025-05-28,14:35:00,2025-05-29,1.55,1.55,1.55,1.55,0,2730,0
BANKNIFTY29MAY2546100PE.NFO,2025-05-28,14:36:00,2025-05-29,1.55,1.55,1.55,1.55,0,2730,1
BANKNIFTY29MAY2546100PE.NFO,2025-05-28,14:37:00,2025-05-29,1.55,1.55,1.55,1.55,0,2730,1
BANKNIFTY29MAY2546100PE.NFO,2025-05-28,14:38:00,2025-05-29,1.55,1.55,1.55,1.55,0,2730,1
BANKNIFTY29MAY2546100PE.NFO,2025-05-28,14:39:00,2025-05-29,1.55,1.55,1.55,1.55,0,2730,1
BANKNIFTY29MAY2546100PE.NFO,2025-05-28,14:40:00,2025-05-29,1.55,1.55,1.55,1.55,0,2730,0
BANKNIFTY29MAY2546100PE.NFO,2025-05-28,14:41:00,2025-05-29,1.55,1.55,1.55,1.55,0,2730,0
BANKNIFTY29MAY2546100PE.NFO,2025-05-28,14:42:00,2025-05-29,1.55,1.55,1.55,1.55,0,2730,1
BANKNIFTY29MAY2546100PE.NFO,2025-05-28,14:43:00,2025-05-29,1.55,1.55,1.55,1.55,0,2730,0
BANKNIFTY29MAY2546100PE.NFO,2025-05-28,14:44:00,2025-05-29,1.55,1.55,1.55,1.55,0,2730,0
BANKNIFTY29MAY2546100PE.NFO,2025-05-28,14:45:00,2025-05-29,1.55,1.55,1.55,1.55,0,2730,0
BANKNIFTY29MAY2546100PE.NFO,2025-05-28,14:46:00,2025-05-29,1.55,1.55,1.55,1.55,0,2730,0
BANKNIFTY29MAY2546100PE.NFO,2025-05-28,14:47:00,2025-05-29,1.55,1.55,1.55,1.55,0,2730,1
BANKNIFTY29MAY2546100PE.NFO,2025-05-28,14:48:00,2025-05-29,1.55,1.55,1.55,1.55,0,2730,0
BANKNIFTY29MAY2546100PE.NFO,2025-05-28,14:49:00,2025-05-29,1.55,1.55,1.55,1.55,0,2730,1
BANKNIFTY29MAY2546100PE.NFO,2025-05-28,14:50:00,2025-05-29,1.55,1.55,1.55,1.55,0,2730,1
BANKNIFTY29MAY2546100PE.NFO,2025-05-28,14:51:00,2025-05-29,1.55,1.55,1.55,1.55,0,2730,1
BANKNIFTY29MAY2546100PE.NFO,2025-05-28,14:52:00,2025-05-29,1.55,1.55,1.55,1.55,0,2730,0
BANKNIFTY29MAY2546100PE.NFO,2025-05-28,14:53:00,2025-05-29,1.55,1.55,1.55,1.55,0,2730,1
BANKNIFTY29MAY2546100PE.NFO,2025-05-28,14:54:00,2025-05-29,1.55,1.55,1.55,1.55,0,2730,1
BANKNIFTY29MAY2546100PE.NFO,2025-05-28,14:55:00,2025-05-29,1.55,1.55,1.55,1.55,0,2730,1
BANKNIFTY29MAY2546100PE.NFO,2025-05-28,14:56:00,2025-05-29,1.55,1.55,1.55,1.55,0,2730,0
BANKNIFTY29MAY2546100PE.NFO,2025-05-28,14:57:00,2025-05-29,1.55,1.55,1.55,1.55,0,2730,0
BANKNIFTY29MAY2546100PE.NFO,2025-05-28,14:58:00,2025-05-29,1.55,1.55,1.55,1.55,0,2730,0
BANKNIFTY29MAY2546100PE.NFO,2025-05-28,14:59:00,2025-05-29,1.55,1.55,1.55,1.55,0,2730,1
BANKNIFTY29MAY2546100PE.NFO,2025-05-28,15:00:00,2025-05-29,1.55,1.55,1.55,1.55,0,2730,0
BANKNIFTY29MAY2546100PE.NFO,2025-05-28,15:01:00,2025-05-29,1.55,1.55,1.55,1.55,0,2730,1
BANKNIFTY29MAY2546100PE.NFO,2025-05-28,15:02:00,2025-05-29,1.55,1.55,1.55,1.55,0,2730,1
BANKNIFTY29MAY2546100PE.NFO,2025-05-28,15:03:00,2025-05-29,1.55,1.55,1.55,1.55,0,2730,1
BANKNIFTY29MAY2546100PE.NFO,2025-05-28,15:04:00,2025-05-29,1.55,1.55,1.55,1.55,0,2730,1
BANKNIFTY29MAY2546100PE.NFO,2025-05-28,15:05:00,2025-05-29,1.55,1.55,1.55,1.55,0,2730,1
BANKNIFTY29MAY2546100PE.NFO,2025-05-28,15:06:00,2025-05-29,1.55,1.55,1.55,1.55,0,2730,1
BANKNIFTY29MAY2546100PE.NFO,2025-05-28,15:07:00,2025-05-29,1.55,1.55,1.55,1.55,0,2730,0
BANKNIFTY29MAY2546100PE.NFO,2025-05-28,15:08:00,2025-05-29,1.55,1.55,1.55,1.55,0,2730,1
BANKNIFTY29MAY2546100PE.NFO,2025-05-28,15:09:00,2025-05-29,1.55,1.55,1.55,1.55,0,2730,1
BANKNIFTY29MAY2546100PE.NFO,2025-05-28,15:10:00,2025-05-29,1.55,1.55,1.55,1.55,0,2730,1
BANKNIFTY29MAY2546100PE.NFO,2025-05-28,15:11:00,2025-05-29,1.55,1.55,1.55,1.55,0,2730,0
BANKNIFTY29MAY2546100PE.NFO,2025-05-28,15:12:00,2025-05-29,1.55,1.55,1.55,1.55,0,2730,1
BANKNIFTY29MAY2546100PE.NFO,2025-05-28,15:13:00,2025-05-29,1.55,1.55,1.55,1.55,0,2730,1
BANKNIFTY29MAY2546100PE.NFO,2025-05-28,15:14:00,2025-05-29,1.55,1.55,1.55,1.55,0,2730,1
BANKNIFTY29MAY2546100PE.NFO,2025-05-28,15:15:00,2025-05-29,0.85,0.85,0.85,0.85,90,2070,0
BANKNIFTY29MAY2546100PE.NFO,2025-05-28,15:16:00,2025-05-29,0.85,0.85,0.85,0.85,0,2070,0
BANKNIFTY29MAY2546100PE.NFO,2025-05-28,15:17:00,2025-05-29,0.85,0.85,0.85,0.85,0,2070,0
BANKNIFTY29MAY2546100PE.NFO,2025-05-28,15:18:00,2025-05-29,0.85,0.85,0.85,0.85,0,2070,0
BANKNIFTY29MAY2546100PE.NFO,2025-05-28,15:19:00,2025-05-29,0.85,0.85,0.85,0.85,0,2070,0
BANKNIFTY29MAY2546100PE.NFO,2025-05-28,15:20:00,2025-05-29,0.85,0.85,0.85,0.85,0,2070,0
BANKNIFTY29MAY2546100PE.NFO,2025-05-28,15:21:00,2025-05-29,0.85,0.85,0.85,0.85,0,2070,1
BANKNIFTY29MAY2546100PE.NFO,2025-05-28,15:22:00,2025-05-29,0.85,0.85,0.85,0.85,0,2070,0
BANKNIFTY29MAY2546100PE.NFO,2025-05-28,15:23:00,2025-05-29,1.0,1.0,1.0,1.0,30,1980,0
BANKNIFTY29MAY2546100PE.NFO,2025-05-28,15:24:00,2025-05-29,1.0,1.0,1.0,1.0,30,1980,1
BANKNIFTY29MAY2546100PE.NFO,2025-05-28,15:25:00,2025-05-29,1.0,1.25,0.9,0.9,300,1920,0
BANKNIFTY29MAY2546100PE.NFO,2025-05-28,15:26:00,2025-05-29,0.9,0.9,0.9,0.9,0,1920,0
BANKNIFTY29MAY2546100PE.NFO,2025-05-28,15:27:00,2025-05-29,0.9,0.9,0.9,0.9,0,1920,0
BANKNIFTY29MAY2546100PE.NFO,2025-05-28,15:28:00,2025-05-29,0.9,0.9,0.9,0.9,0,1920,0
BANKNIFTY29MAY2546100PE.NFO,2025-05-28,15:29:00,2025-05-29,0.9,0.9,0.35,0.35,30,1740,0
BANKNIFTY29MAY2546100PE.NFO,2025-05-28,15:30:00,2025-05-29,0.35,0.35,0.35,0.35,30,1740,1
BANKNIFTY29MAY2546100PE.NFO,2025-05-29,09:15:00,2025-05-29,1.25,1.25,1.25,1.25,0,0,0
BANKNIFTY29MAY2546100PE.NFO,2025-05-29,09:16:00,2025-05-29,1.25,1.25,1.25,1.25,0,0,1
BANKNIFTY29MAY2546100PE.NFO,2025-05-29,09:17:00,2025-05-29,1.25,1.25,1.25,1.25,0,1710,0
BANKNIFTY29MAY2546100PE.NFO,2025-05-29,09:18:00,2025-05-29,1.25,1.25,1.25,1.25,30,1710,0
BANKNIFTY29MAY2546100PE.NFO,2025-05-29,09:19:00,2025-05-29,1.25,1.25,1.25,1.25,0,1710,0
BANKNIFTY29MAY2546100PE.NFO,2025-05-29,09:20:00,2025-05-29,1.25,1.25,1.25,1.25,0,1710,0
BANKNIFTY29MAY2546100PE.NFO,2025-05-29,09:21:00,2025-05-29,1.25,1.25,1.25,1.25,0,1710,0
BANKNIFTY29MAY2546100PE.NFO,2025-05-29,09:22:00,2025-05-29,1.25,1.3,1.0,1.0,90,2100,0
BANKNIFTY29MAY2546100PE.NFO,2025-05-29,09:23:00,2025-05-29,1.3,1.3,1.3,1.3,0,2100,0
BANKNIFTY29MAY2546100PE.NFO,2025-05-29,09:24:00,2025-05-29,1.3,1.3,1.3,1.3,0,2100,0
BANKNIFTY29MAY2546100PE.NFO,2025-05-29,09:25:00,2025-05-29,1.3,1.3,1.3,1.3,0,2100,0
BANKNIFTY29MAY2546100PE.NFO,2025-05-29,09:26:00,2025-05-29,1.3,1.3,1.3,1.3,0,2100,0
BANKNIFTY29MAY2546100PE.NFO,2025-05-29,09:27:00,2025-05-29,1.3,1.3,1.3,1.3,0,2100,0
BANKNIFTY29MAY2546100PE.NFO,2025-05-29,09:28:00,2025-05-29,1.3,1.3,1.3,1.3,30,2160,0
BANKNIFTY29MAY2546100PE.NFO,2025-05-29,09:29:00,2025-05-29,1.3,1.3,1.3,1.3,0,2160,0
BANKNIFTY29MAY2546100PE.NFO,2025-05-29,09:30:00,2025-05-29,1.3,1.3,1.3,1.3,0,2160,0
BANKNIFTY29MAY2546100PE.NFO,2025-05-29,09:31:00,2025-05-29,1.3,1.3,1.3,1.3,0,2160,0
BANKNIFTY29MAY2546100PE.NFO,2025-05-29,09:32:00,2025-05-29,1.3,1.3,0.9,0.9,570,2160,0
BANKNIFTY29MAY2546100PE.NFO,2025-05-29,09:33:00,2025-05-29,0.9,0.9,0.9,0.9,0,2160,0
BANKNIFTY29MAY2546100PE.NFO,2025-05-29,09:34:00,2025-05-29,0.9,0.9,0.9,0.9,0,2160,0
BANKNIFTY29MAY2546100PE.NFO,2025-05-29,09:35:00,2025-05-29,0.9,0.9,0.9,0.9,0,2160,1
BANKNIFTY29MAY2546100PE.NFO,2025-05-29,09:36:00,2025-05-29,0.9,0.9,0.9,0.9,0,2160,1
BANKNIFTY29MAY2546100PE.NFO,2025-05-29,09:37:00,2025-05-29,0.9,0.9,0.9,0.9,0,2160,0
BANKNIFTY29MAY2546100PE.NFO,2025-05-29,09:38:00,2025-05-29,0.9,0.9,0.9,0.9,0,2160,0
BANKNIFTY29MAY2546100PE.NFO,2025-05-29,09:39:00,2025-05-29,0.9,0.9,0.9,0.9,0,2160,0
BANKNIFTY29MAY2546100PE.NFO,2025-05-29,09:40:00,2025-05-29,0.9,0.9,0.9,0.9,0,2160,0
BANKNIFTY29MAY2546100PE.NFO,2025-05-29,09:41:00,2025-05-29,0.9,0.9,0.75,0.75,90,1950,0
BANKNIFTY29MAY2546100PE.NFO,2025-05-29,09:42:00,2025-05-29,0.75,0.75,0.75,0.75,0,1950,0
BANKNIFTY29MAY2546100PE.NFO,2025-05-29,09:43:00,2025-05-29,0.75,0.75,0.75,0.75,0,1950,0
BANKNIFTY29MAY2546100PE.NFO,2025-05-29,09:44:00,2025-05-29,0.75,0.75,0.75,0.75,0,1950,0
BANKNIFTY29MAY2546100PE.NFO,2025-05-29,09:45:00,2025-05-29,0.75,0.75,0.75,0.75,0,1950,0
BANKNIFTY29MAY2546100PE.NFO,2025-05-29,09:46:00,2025-05-29,0.75,0.75,0.75,0.75,0,1950,0
BANKNIFTY29MAY2546100PE.NFO,2025-05-29,09:47:00,2025-05-29,0.75,0.75,0.75,0.75,0,1950,0
BANKNIFTY29MAY2546100PE.NFO,2025-05-29,09:48:00,2025-05-29,0.75,0.75,0.75,0.75,0,1950,0
BANKNIFTY29MAY2546100PE.NFO,2025-05-29,09:49:00,2025-05-29,0.75,0.75,0.75,0.75,0,1950,0
BANKNIFTY29MAY2546100PE.NFO,2025-05-29,09:50:00,2025-05-29,0.75,0.75,0.75,0.75,0,1950,0
BANKNIFTY29MAY2546100PE.NFO,2025-05-29,09:51:00,2025-05-29,0.75,0.75,0.75,0.75,0,1950,0
BANKNIFTY29MAY2546100PE.NFO,2025-05-29,09:52:00,2025-05-29,0.75,0.75,0.75,0.75,0,1950,0
BANKNIFTY29MAY2546100PE.NFO,2025-05-29,09:53:00,2025-05-29,0.75,0.75,0.75,0.75,0,1950,0
BANKNIFTY29MAY2546100PE.NFO,2025-05-29,09:54:00,2025-05-29,0.75,0.75,0.75,0.75,0,1950,0
BANKNIFTY29MAY2546100PE.NFO,2025-05-29,09:55:00,2025-05-29,0.75,0.75,0.75,0.75,0,1950,0
BANKNIFTY29MAY2546100PE.NFO,2025-05-29,09:56:00,2025-05-29,0.75,0.75,0.75,0.75,0,1950,0
BANKNIFTY29MAY2546100PE.NFO,2025-05-29,09:57:00,2025-05-29,0.75,0.75,0.75,0.75,0,1950,0
BANKNIFTY29MAY2546100PE.NFO,2025-05-29,09:58:00,2025-05-29,0.75,0.75,0.75,0.75,0,1950,0
BANKNIFTY29MAY2546100PE.NFO,2025-05-29,09:59:00,2025-05-29,0.75,0.75,0.75,0.75,0,1950,0
BANKNIFTY29MAY2546100PE.NFO,2025-05-29,10:00:00,2025-05-29,0.75,0.75,0.75,0.75,0,1950,0
BANKNIFTY29MAY2546100PE.NFO,2025-05-29,10:01:00,2025-05-29,0.75,0.75,0.75,0.75,0,1950,0
BANKNIFTY29MAY2546100PE.NFO,2025-05-29,10:02:00,2025-05-29,0.75,0.75,0.75,0.75,0,1950,0
BANKNIFTY29MAY2546100PE.NFO,2025-05-29,10:03:00,2025-05-29,0.75,0.75,0.75,0.75,0,1950,0
BANKNIFTY29MAY2546100PE.NFO,2025-05-29,10:04:00,2025-05-29,0.75,0.75,0.75,0.75,0,1950,0
BANKNIFTY29MAY2546100PE.NFO,2025-05-29,10:05:00,2025-05-29,0.75,0.75,0.75,0.75,0,1950,0
BANKNIFTY29MAY2546100PE.NFO,2025-05-29,10:06:00,2025-05-29,0.75,0.75,0.75,0.75,0,1950,0
BANKNIFTY29MAY2546100PE.NFO,2025-05-29,10:07:00,2025-05-29,0.75,0.75,0.75,0.75,0,1950,0
BANKNIFTY29MAY2546100PE.NFO,2025-05-29,10:08:00,2025-05-29,0.75,0.75,0.75,0.75,0,1950,0
BANKNIFTY29MAY2546100PE.NFO,2025-05-29,10:09:00,2025-05-29,0.75,0.75,0.75,0.75,0,1950,0
BANKNIFTY29MAY2546100PE.NFO,2025-05-29,10:10:00,2025-05-29,0.75,0.75,0.75,0.75,0,1950,0
BANKNIFTY29MAY2546100PE.NFO,2025-05-29,10:11:00,2025-05-29,0.75,0.75,0.75,0.75,0,1950,0
BANKNIFTY29MAY2546100PE.NFO,2025-05-29,10:12:00,2025-05-29,0.75,0.75,0.75,0.75,0,1950,0
BANKNIFTY29MAY2546100PE.NFO,2025-05-29,10:13:00,2025-05-29,0.75,0.75,0.75,0.75,0,1950,0
BANKNIFTY29MAY2546100PE.NFO,2025-05-29,10:14:00,2025-05-29,0.75,0.75,0.75,0.75,0,1950,0
BANKNIFTY29MAY2546100PE.NFO,2025-05-29,10:15:00,2025-05-29,0.75,0.75,0.75,0.75,0,1950,0
BANKNIFTY29MAY2546100PE.NFO,2025-05-29,10:16:00,2025-05-29,0.75,0.75,0.75,0.75,0,1950,0
BANKNIFTY29MAY2546100PE.NFO,2025-05-29,10:17:00,2025-05-29,0.75,0.75,0.75,0.75,0,1950,0
BANKNIFTY29MAY2546100PE.NFO,2025-05-29,10:18:00,2025-05-29,0.75,0.75,0.75,0.75,0,1950,0
BANKNIFTY29MAY2546100PE.NFO,2025-05-29,10:19:00,2025-05-29,0.75,0.75,0.75,0.75,0,1950,0
BANKNIFTY29MAY2546100PE.NFO,2025-05-29,10:20:00,2025-05-29,0.75,0.75,0.75,0.75,0,1950,0
BANKNIFTY29MAY2546100PE.NFO,2025-05-29,10:21:00,2025-05-29,0.75,0.75,0.75,0.75,0,1950,0
BANKNIFTY29MAY2546100PE.NFO,2025-05-29,10:22:00,2025-05-29,0.75,0.75,0.75,0.75,0,1950,0
BANKNIFTY29MAY2546100PE.NFO,2025-05-29,10:23:00,2025-05-29,0.75,0.75,0.75,0.75,0,1950,0
BANKNIFTY29MAY2546100PE.NFO,2025-05-29,10:24:00,2025-05-29,0.75,0.75,0.75,0.75,0,1950,0
BANKNIFTY29MAY2546100PE.NFO,2025-05-29,10:25:00,2025-05-29,0.75,0.75,0.75,0.75,0,1950,0
BANKNIFTY29MAY2546100PE.NFO,2025-05-29,10:26:00,2025-05-29,0.75,0.75,0.75,0.75,0,1950,0
BANKNIFTY29MAY2546100PE.NFO,2025-05-29,10:27:00,2025-05-29,0.75,0.75,0.75,0.75,0,1950,0
BANKNIFTY29MAY2546100PE.NFO,2025-05-29,10:28:00,2025-05-29,0.75,0.75,0.75,0.75,0,1950,0
BANKNIFTY29MAY2546100PE.NFO,2025-05-29,10:29:00,2025-05-29,0.75,0.75,0.75,0.75,0,1950,0
BANKNIFTY29MAY2546100PE.NFO,2025-05-29,10:30:00,2025-05-29,0.75,0.75,0.75,0.75,0,1950,0
BANKNIFTY29MAY2546100PE.NFO,2025-05-29,10:31:00,2025-05-29,0.75,0.75,0.75,0.75,0,1950,1
BANKNIFTY29MAY2546100PE.NFO,2025-05-29,10:32:00,2025-05-29,0.75,0.75,0.75,0.75,0,1950,0
BANKNIFTY29MAY2546100PE.NFO,2025-05-29,10:33:00,2025-05-29,0.75,0.75,0.75,0.75,0,1950,0
BANKNIFTY29MAY2546100PE.NFO,2025-05-29,10:34:00,2025-05-29,0.75,0.75,0.75,0.75,0,1950,1
BANKNIFTY29MAY2546100PE.NFO,2025-05-29,10:35:00,2025-05-29,0.75,0.75,0.75,0.75,0,1950,0
BANKNIFTY29MAY2546100PE.NFO,2025-05-29,10:36:00,2025-05-29,0.75,0.75,0.75,0.75,0,1950,0
BANKNIFTY29MAY2546100PE.NFO,2025-05-29,10:37:00,2025-05-29,0.75,0.75,0.75,0.75,0,1950,0
BANKNIFTY29MAY2546100PE.NFO,2025-05-29,10:38:00,2025-05-29,0.75,0.75,0.75,0.75,0,1950,0
BANKNIFTY29MAY2546100PE.NFO,2025-05-29,10:39:00,2025-05-29,0.75,0.75,0.75,0.75,0,1950,0
BANKNIFTY29MAY2546100PE.NFO,2025-05-29,10:40:00,2025-05-29,0.75,0.75,0.75,0.75,0,1950,0
BANKNIFTY29MAY2546100PE.NFO,2025-05-29,10:41:00,2025-05-29,1.05,1.05,1.05,1.05,30,1980,0
BANKNIFTY29MAY2546100PE.NFO,2025-05-29,10:42:00,2025-05-29,1.05,1.05,1.05,1.05,30,1980,0
BANKNIFTY29MAY2546100PE.NFO,2025-05-29,10:43:00,2025-05-29,1.05,1.05,1.05,1.05,0,1980,0
BANKNIFTY29MAY2546100PE.NFO,2025-05-29,10:44:00,2025-05-29,1.05,1.05,1.05,1.05,0,1980,0
BANKNIFTY29MAY2546100PE.NFO,2025-05-29,10:45:00,2025-05-29,1.05,1.05,1.05,1.05,0,1980,0
BANKNIFTY29MAY2546100PE.NFO,2025-05-29,10:46:00,2025-05-29,1.05,1.05,1.05,1.05,0,1980,0
BANKNIFTY29MAY2546100PE.NFO,2025-05-29,10:47:00,2025-05-29,1.05,1.15,0.55,0.55,0,1980,0
BANKNIFTY29MAY2546100PE.NFO,2025-05-29,10:48:00,2025-05-29,0.55,0.55,0.55,0.55,240,1980,0
BANKNIFTY29MAY2546100PE.NFO,2025-05-29,10:49:00,2025-05-29,0.55,0.55,0.55,0.55,0,1980,0
BANKNIFTY29MAY2546100PE.NFO,2025-05-29,10:50:00,2025-05-29,0.55,0.55,0.55,0.55,0,1980,0
BANKNIFTY29MAY2546100PE.NFO,2025-05-29,10:51:00,2025-05-29,0.55,0.55,0.55,0.55,0,1980,0
BANKNIFTY29MAY2546100PE.NFO,2025-05-29,10:52:00,2025-05-29,0.55,0.55,0.55,0.55,0,1980,0
BANKNIFTY29MAY2546100PE.NFO,2025-05-29,10:53:00,2025-05-29,0.55,0.55,0.55,0.55,0,1980,0
BANKNIFTY29MAY2546100PE.NFO,2025-05-29,10:54:00,2025-05-29,0.55,0.55,0.55,0.55,0,1980,0
BANKNIFTY29MAY2546100PE.NFO,2025-05-29,10:55:00,2025-05-29,0.55,0.55,0.55,0.55,0,1980,1
BANKNIFTY29MAY2546100PE.NFO,2025-05-29,10:56:00,2025-05-29,0.55,0.55,0.55,0.55,0,1980,1
BANKNIFTY29MAY2546100PE.NFO,2025-05-29,10:57:00,2025-05-29,0.55,0.55,0.55,0.55,0,1980,1
BANKNIFTY29MAY2546100PE.NFO,2025-05-29,10:58:00,2025-05-29,0.6,0.6,0.6,0.6,30,1890,0
BANKNIFTY29MAY2546100PE.NFO,2025-05-29,10:59:00,2025-05-29,0.6,0.6,0.6,0.6,0,1890,0
BANKNIFTY29MAY2546100PE.NFO,2025-05-29,11:00:00,2025-05-29,0.6,0.6,0.6,0.6,60,1890,0
BANKNIFTY29MAY2546100PE.NFO,2025-05-29,11:01:00,2025-05-29,0.6,0.6,0.6,0.6,0,1890,0
BANKNIFTY29MAY2546100PE.NFO,2025-05-29,11:02:00,2025-05-29,0.6,0.6,0.6,0.6,0,1890,0
BANKNIFTY29MAY2546100PE.NFO,2025-05-29,11:03:00,2025-05-29,0.6,0.6,0.6,0.6,0,1890,0
BANKNIFTY29MAY2546100PE.NFO,2025-05-29,11:04:00,2025-05-29,0.6,0.6,0.6,0.6,0,1890,0
BANKNIFTY29MAY2546100PE.NFO,2025-05-29,11:05:00,2025-05-29,0.6,0.6,0.6,0.6,0,1890,0
BANKNIFTY29MAY2546100PE.NFO,2025-05-29,11:06:00,2025-05-29,0.6,0.6,0.6,0.6,0,1890,0
BANKNIFTY29MAY2546100PE.NFO,2025-05-29,11:07:00,2025-05-29,0.6,0.6,0.6,0.6,0,1890,1
BANKNIFTY29MAY2546100PE.NFO,2025-05-29,11:08:00,2025-05-29,0.6,0.6,0.6,0.6,0,1890,0
BANKNIFTY29MAY2546100PE.NFO,2025-05-29,11:09:00,2025-05-29,0.6,0.6,0.6,0.6,0,1890,1
BANKNIFTY29MAY2546100PE.NFO,2025-05-29,11:10:00,2025-05-29,0.6,0.6,0.6,0.6,0,1890,0
BANKNIFTY29MAY2546100PE.NFO,2025-05-29,11:11:00,2025-05-29,0.6,0.6,0.6,0.6,0,1890,1
BANKNIFTY29MAY2546100PE.NFO,2025-05-29,11:12:00,2025-05-29,0.6,0.6,0.6,0.6,0,1890,0
BANKNIFTY29MAY2546100PE.NFO,2025-05-29,11:13:00,2025-05-29,0.6,0.6,0.6,0.6,0,1890,0
BANKNIFTY29MAY2546100PE.NFO,2025-05-29,11:14:00,2025-05-29,0.6,0.6,0.6,0.6,0,1890,1
BANKNIFTY29MAY2546100PE.NFO,2025-05-29,11:15:00,2025-05-29,0.6,1.2,0.6,1.2,30,1950,0
BANKNIFTY29MAY2546100PE.NFO,2025-05-29,11:16:00,2025-05-29,1.2,1.2,1.2,1.2,0,1950,0
BANKNIFTY29MAY2546100PE.NFO,2025-05-29,11:17:00,2025-05-29,1.2,1.2,1.2,1.2,0,1950,0
BANKNIFTY29MAY2546100PE.NFO,2025-05-29,11:18:00,2025-05-29,1.2,1.2,1.2,1.2,0,1950,0
BANKNIFTY29MAY2546100PE.NFO,2025-05-29,11:19:00,2025-05-29,1.2,1.2,1.2,1.2,0,1950,1
BANKNIFTY29MAY2546100PE.NFO,2025-05-29,11:20:00,2025-05-29,1.2,1.2,1.2,1.2,0,1950,0
BANKNIFTY29MAY2546100PE.NFO,2025-05-29,11:21:00,2025-05-29,1.2,1.2,1.2,1.2,0,1950,1
BANKNIFTY29MAY2546100PE.NFO,2025-05-29,11:22:00,2025-05-29,1.2,1.2,1.2,1.2,0,1950,1
BANKNIFTY29MAY2546100PE.NFO,2025-05-29,11:23:00,2025-05-29,1.2,1.2,1.2,1.2,0,1950,1
BANKNIFTY29MAY2546100PE.NFO,2025-05-29,11:24:00,2025-05-29,1.2,1.2,1.2,1.2,0,1950,0
BANKNIFTY29MAY2546100PE.NFO,2025-05-29,11:25:00,2025-05-29,1.2,1.2,1.2,1.2,0,1950,1
BANKNIFTY29MAY2546100PE.NFO,2025-05-29,11:26:00,2025-05-29,1.2,1.2,1.2,1.2,0,1950,0
BANKNIFTY29MAY2546100PE.NFO,2025-05-29,11:27:00,2025-05-29,1.2,1.2,1.2,1.2,0,1950,0
BANKNIFTY29MAY2546100PE.NFO,2025-05-29,11:28:00,2025-05-29,1.2,1.2,1.2,1.2,120,1950,0
BANKNIFTY29MAY2546100PE.NFO,2025-05-29,11:29:00,2025-05-29,1.2,1.2,1.2,1.2,0,1950,0
BANKNIFTY29MAY2546100PE.NFO,2025-05-29,11:30:00,2025-05-29,1.2,1.2,1.2,1.2,0,1950,0
BANKNIFTY29MAY2546100PE.NFO,2025-05-29,11:31:00,2025-05-29,1.55,1.55,1.55,1.55,30,1860,0
BANKNIFTY29MAY2546100PE.NFO,2025-05-29,11:32:00,2025-05-29,1.55,1.55,1.55,1.55,0,1860,0
BANKNIFTY29MAY2546100PE.NFO,2025-05-29,11:33:00,2025-05-29,1.55,1.55,1.55,1.55,0,1860,0
BANKNIFTY29MAY2546100PE.NFO,2025-05-29,11:34:00,2025-05-29,1.55,1.55,1.55,1.55,0,1860,1
BANKNIFTY29MAY2546100PE.NFO,2025-05-29,11:35:00,2025-05-29,1.55,1.55,1.55,1.55,0,1860,0
BANKNIFTY29MAY2546100PE.NFO,2025-05-29,11:36:00,2025-05-29,1.55,1.55,1.55,1.55,0,1860,0
BANKNIFTY29MAY2546100PE.NFO,2025-05-29,11:37:00,2025-05-29,1.55,1.55,1.55,1.55,0,1860,0
BANKNIFTY29MAY2546100PE.NFO,2025-05-29,11:38:00,2025-05-29,1.55,1.55,1.55,1.55,0,1860,0
BANKNIFTY29MAY2546100PE.NFO,2025-05-29,11:39:00,2025-05-29,1.55,1.55,1.55,1.55,0,1860,0
BANKNIFTY29MAY2546100PE.NFO,2025-05-29,11:40:00,2025-05-29,1.55,1.55,1.55,1.55,0,1860,0
BANKNIFTY29MAY2546100PE.NFO,2025-05-29,11:41:00,2025-05-29,1.55,1.55,1.55,1.55,0,1860,0
BANKNIFTY29MAY2546100PE.NFO,2025-05-29,11:42:00,2025-05-29,1.55,1.55,1.55,1.55,0,1860,0
BANKNIFTY29MAY2546100PE.NFO,2025-05-29,11:43:00,2025-05-29,1.55,1.55,1.55,1.55,0,1860,0
BANKNIFTY29MAY2546100PE.NFO,2025-05-29,11:44:00,2025-05-29,1.55,1.55,1.55,1.55,0,1860,0
BANKNIFTY29MAY2546100PE.NFO,2025-05-29,11:45:00,2025-05-29,1.55,1.55,1.55,1.55,0,1860,0
BANKNIFTY29MAY2546100PE.NFO,2025-05-29,11:46:00,2025-05-29,1.55,1.55,1.55,1.55,0,1860,0
BANKNIFTY29MAY2546100PE.NFO,2025-05-29,11:47:00,2025-05-29,1.55,1.55,1.55,1.55,0,1860,0
BANKNIFTY29MAY2546100PE.NFO,2025-05-29,11:48:00,2025-05-29,1.55,1.55,1.55,1.55,0,1860,0
BANKNIFTY29MAY2546100PE.NFO,2025-05-29,11:49:00,2025-05-29,1.55,1.55,1.55,1.55,0,1860,1
BANKNIFTY29MAY2546100PE.NFO,2025-05-29,11:50:00,2025-05-29,1.55,1.55,1.55,1.55,0,1860,0
BANKNIFTY29MAY2546100PE.NFO,2025-05-29,11:51:00,2025-05-29,1.55,1.55,1.55,1.55,0,1860,0
BANKNIFTY29MAY2546100PE.NFO,2025-05-29,11:52:00,2025-05-29,1.55,1.55,1.55,1.55,0,1860,0
BANKNIFTY29MAY2546100PE.NFO,2025-05-29,11:53:00,2025-05-29,1.55,1.55,1.55,1.55,0,1860,1
BANKNIFTY29MAY2546100PE.NFO,2025-05-29,11:54:00,2025-05-29,1.55,1.55,1.55,1.55,0,1860,0
BANKNIFTY29MAY2546100PE.NFO,2025-05-29,11:55:00,2025-05-29,1.55,1.55,1.55,1.55,0,1860,0
BANKNIFTY29MAY2546100PE.NFO,2025-05-29,11:56:00,2025-05-29,1.55,1.55,1.55,1.55,0,1860,0
BANKNIFTY29MAY2546100PE.NFO,2025-05-29,11:57:00,2025-05-29,1.55,1.55,1.55,1.55,0,1860,1
BANKNIFTY29MAY2546100PE.NFO,2025-05-29,11:58:00,2025-05-29,1.55,1.55,1.55,1.55,0,1860,1
BANKNIFTY29MAY2546100PE.NFO,2025-05-29,11:59:00,2025-05-29,1.55,1.55,1.55,1.55,0,1860,1
BANKNIFTY29MAY2546100PE.NFO,2025-05-29,12:00:00,2025-05-29,1.55,1.55,1.55,1.55,0,1860,1
BANKNIFTY29MAY2546100PE.NFO,2025-05-29,12:01:00,2025-05-29,1.55,1.55,1.55,1.55,0,1860,0
BANKNIFTY29MAY2546100PE.NFO,2025-05-29,12:02:00,2025-05-29,1.55,1.55,1.55,1.55,0,1860,1
BANKNIFTY29MAY2546100PE.NFO,2025-05-29,12:03:00,2025-05-29,1.55,1.55,1.55,1.55,0,1860,0
BANKNIFTY29MAY2546100PE.NFO,2025-05-29,12:04:00,2025-05-29,1.55,1.55,1.55,1.55,0,1860,0
BANKNIFTY29MAY2546100PE.NFO,2025-05-29,12:05:00,2025-05-29,1.55,1.55,1.55,1.55,0,1860,0
BANKNIFTY29MAY2546100PE.NFO,2025-05-29,12:06:00,2025-05-29,1.55,1.55,1.55,1.55,0,1860,1
BANKNIFTY29MAY2546100PE.NFO,2025-05-29,12:07:00,2025-05-29,1.55,1.55,1.55,1.55,0,1860,0
BANKNIFTY29MAY2546100PE.NFO,2025-05-29,12:08:00,2025-05-29,1.55,1.55,1.55,1.55,0,1860,0
BANKNIFTY29MAY2546100PE.NFO,2025-05-29,12:09:00,2025-05-29,1.55,1.55,1.35,1.35,60,1860,0
BANKNIFTY29MAY2546100PE.NFO,2025-05-29,12:10:00,2025-05-29,1.35,1.35,1.35,1.35,0,1860,0
BANKNIFTY29MAY2546100PE.NFO,2025-05-29,12:11:00,2025-05-29,1.35,1.35,1.35,1.35,0,1860,1
BANKNIFTY29MAY2546100PE.NFO,2025-05-29,12:12:00,2025-05-29,1.35,1.35,1.35,1.35,0,1860,0
BANKNIFTY29MAY2546100PE.NFO,2025-05-29,12:13:00,2025-05-29,1.35,1.35,1.35,1.35,0,1860,1
BANKNIFTY29MAY2546100PE.NFO,2025-05-29,12:14:00,2025-05-29,1.35,1.35,1.35,1.35,0,1860,0
BANKNIFTY29MAY2546100PE.NFO,2025-05-29,12:15:00,2025-05-29,1.35,1.35,1.35,1.35,0,1860,0
BANKNIFTY29MAY2546100PE.NFO,2025-05-29,12:16:00,2025-05-29,1.35,1.35,1.35,1.35,0,1860,0
BANKNIFTY29MAY2546100PE.NFO,2025-05-29,12:17:00,2025-05-29,1.35,1.35,1.35,1.35,0,1860,0
BANKNIFTY29MAY2546100PE.NFO,2025-05-29,12:18:00,2025-05-29,1.35,1.35,1.35,1.35,0,1860,1
BANKNIFTY29MAY2546100PE.NFO,2025-05-29,12:19:00,2025-05-29,1.35,1.35,1.35,1.35,0,1860,0
BANKNIFTY29MAY2546100PE.NFO,2025-05-29,12:20:00,2025-05-29,1.35,1.35,1.35,1.35,0,1860,0
BANKNIFTY29MAY2546100PE.NFO,2025-05-29,12:21:00,2025-05-29,1.35,1.35,1.35,1.35,0,1860,0
BANKNIFTY29MAY2546100PE.NFO,2025-05-29,12:22:00,2025-05-29,1.35,1.35,1.35,1.35,0,1860,0
BANKNIFTY29MAY2546100PE.NFO,2025-05-29,12:23:00,2025-05-29,1.35,1.35,1.35,1.35,0,1860,1
BANKNIFTY29MAY2546100PE.NFO,2025-05-29,12:24:00,2025-05-29,1.35,1.35,1.35,1.35,0,1860,0
BANKNIFTY29MAY2546100PE.NFO,2025-05-29,12:25:00,2025-05-29,1.35,1.35,1.35,1.35,0,1860,0
BANKNIFTY29MAY2546100PE.NFO,2025-05-29,12:26:00,2025-05-29,1.35,1.35,1.35,1.35,0,1860,1
BANKNIFTY29MAY2546100PE.NFO,2025-05-29,12:27:00,2025-05-29,1.35,1.35,1.35,1.35,0,1860,1
BANKNIFTY29MAY2546100PE.NFO,2025-05-29,12:28:00,2025-05-29,1.35,1.35,1.35,1.35,0,1860,1
BANKNIFTY29MAY2546100PE.NFO,2025-05-29,12:29:00,2025-05-29,1.35,1.35,1.35,1.35,0,1860,0
BANKNIFTY29MAY2546100PE.NFO,2025-05-29,12:30:00,2025-05-29,1.35,1.35,1.35,1.35,0,1860,1
BANKNIFTY29MAY2546100PE.NFO,2025-05-29,12:31:00,2025-05-29,1.35,1.35,1.35,1.35,0,1860,0
BANKNIFTY29MAY2546100PE.NFO,2025-05-29,12:32:00,2025-05-29,1.35,1.35,1.35,1.35,0,1860,1
BANKNIFTY29MAY2546100PE.NFO,2025-05-29,12:33:00,2025-05-29,1.35,1.35,1.35,1.35,0,1860,1
BANKNIFTY29MAY2546100PE.NFO,2025-05-29,12:34:00,2025-05-29,1.35,1.35,1.35,1.35,0,1860,1
BANKNIFTY29MAY2546100PE.NFO,2025-05-29,12:35:00,2025-05-29,1.35,1.35,1.35,1.35,0,1860,1
BANKNIFTY29MAY2546100PE.NFO,2025-05-29,12:36:00,2025-05-29,1.35,1.35,1.35,1.35,0,1860,1
BANKNIFTY29MAY2546100PE.NFO,2025-05-29,12:37:00,2025-05-29,1.35,1.35,1.35,1.35,0,1860,0
BANKNIFTY29MAY2546100PE.NFO,2025-05-29,12:38:00,2025-05-29,1.35,1.35,1.35,1.35,0,1860,0
BANKNIFTY29MAY2546100PE.NFO,2025-05-29,12:39:00,2025-05-29,1.35,1.35,1.35,1.35,0,1860,0
BANKNIFTY29MAY2546100PE.NFO,2025-05-29,12:40:00,2025-05-29,1.35,1.35,1.35,1.35,0,1860,0
BANKNIFTY29MAY2546100PE.NFO,2025-05-29,12:41:00,2025-05-29,1.35,1.35,1.35,1.35,0,1860,1
BANKNIFTY29MAY2546100PE.NFO,2025-05-29,12:42:00,2025-05-29,1.35,1.35,1.35,1.35,0,1860,1
BANKNIFTY29MAY2546100PE.NFO,2025-05-29,12:43:00,2025-05-29,1.35,1.35,1.35,1.35,0,1860,0
BANKNIFTY29MAY2546100PE.NFO,2025-05-29,12:44:00,2025-05-29,1.35,1.35,1.35,1.35,0,1860,1
BANKNIFTY29MAY2546100PE.NFO,2025-05-29,12:45:00,2025-05-29,1.35,1.35,1.35,1.35,0,1860,1
BANKNIFTY29MAY2546100PE.NFO,2025-05-29,12:46:00,2025-05-29,1.35,1.35,1.35,1.35,0,1860,1
BANKNIFTY29MAY2546100PE.NFO,2025-05-29,12:47:00,2025-05-29,1.35,1.35,1.35,1.35,0,1860,0
BANKNIFTY29MAY2546100PE.NFO,2025-05-29,12:48:00,2025-05-29,1.35,1.35,1.35,1.35,0,1860,1
BANKNIFTY29MAY2546100PE.NFO,2025-05-29,12:49:00,2025-05-29,1.35,1.35,1.35,1.35,0,1860,1
BANKNIFTY29MAY2546100PE.NFO,2025-05-29,12:50:00,2025-05-29,1.35,1.35,1.35,1.35,0,1860,1
BANKNIFTY29MAY2546100PE.NFO,2025-05-29,12:51:00,2025-05-29,1.35,1.35,1.35,1.35,0,1860,1
BANKNIFTY29MAY2546100PE.NFO,2025-05-29,12:52:00,2025-05-29,1.35,1.35,1.35,1.35,0,1860,1
BANKNIFTY29MAY2546100PE.NFO,2025-05-29,12:53:00,2025-05-29,1.35,1.35,1.35,1.35,0,1860,1
BANKNIFTY29MAY2546100PE.NFO,2025-05-29,12:54:00,2025-05-29,1.35,1.35,1.35,1.35,0,1860,1
BANKNIFTY29MAY2546100PE.NFO,2025-05-29,12:55:00,2025-05-29,1.35,1.35,1.35,1.35,0,1860,1
BANKNIFTY29MAY2546100PE.NFO,2025-05-29,12:56:00,2025-05-29,1.35,1.35,1.35,1.35,0,1860,0
BANKNIFTY29MAY2546100PE.NFO,2025-05-29,12:57:00,2025-05-29,1.35,1.35,1.35,1.35,0,1860,1
BANKNIFTY29MAY2546100PE.NFO,2025-05-29,12:58:00,2025-05-29,1.35,1.35,1.35,1.35,0,1860,1
BANKNIFTY29MAY2546100PE.NFO,2025-05-29,12:59:00,2025-05-29,1.35,1.35,1.35,1.35,0,1860,0
BANKNIFTY29MAY2546100PE.NFO,2025-05-29,13:00:00,2025-05-29,1.35,1.35,1.35,1.35,0,1860,0
BANKNIFTY29MAY2546100PE.NFO,2025-05-29,13:01:00,2025-05-29,1.35,1.35,1.35,1.35,0,1860,1
BANKNIFTY29MAY2546100PE.NFO,2025-05-29,13:02:00,2025-05-29,1.35,1.35,1.35,1.35,0,1860,1
BANKNIFTY29MAY2546100PE.NFO,2025-05-29,13:03:00,2025-05-29,1.35,1.35,1.35,1.35,0,1860,1
BANKNIFTY29MAY2546100PE.NFO,2025-05-29,13:04:00,2025-05-29,1.35,1.35,1.35,1.35,0,1860,1
BANKNIFTY29MAY2546100PE.NFO,2025-05-29,13:05:00,2025-05-29,1.35,1.35,1.35,1.35,0,1860,0
BANKNIFTY29MAY2546100PE.NFO,2025-05-29,13:06:00,2025-05-29,1.35,1.35,1.35,1.35,0,1860,1
BANKNIFTY29MAY2546100PE.NFO,2025-05-29,13:07:00,2025-05-29,1.35,1.35,1.35,1.35,0,1860,0
BANKNIFTY29MAY2546100PE.NFO,2025-05-29,13:08:00,2025-05-29,1.35,1.35,1.35,1.35,0,1860,0
BANKNIFTY29MAY2546100PE.NFO,2025-05-29,13:09:00,2025-05-29,1.35,1.35,1.35,1.35,0,1860,0
BANKNIFTY29MAY2546100PE.NFO,2025-05-29,13:10:00,2025-05-29,1.35,1.35,1.35,1.35,0,1860,0
BANKNIFTY29MAY2546100PE.NFO,2025-05-29,13:11:00,2025-05-29,1.35,1.35,1.35,1.35,0,1860,1
BANKNIFTY29MAY2546100PE.NFO,2025-05-29,13:12:00,2025-05-29,1.35,1.35,1.35,1.35,0,1860,0
BANKNIFTY29MAY2546100PE.NFO,2025-05-29,13:13:00,2025-05-29,1.35,1.35,1.35,1.35,0,1860,1
BANKNIFTY29MAY2546100PE.NFO,2025-05-29,13:14:00,2025-05-29,1.35,1.35,1.35,1.35,0,1860,1
BANKNIFTY29MAY2546100PE.NFO,2025-05-29,13:15:00,2025-05-29,1.35,1.35,1.35,1.35,0,1860,1
BANKNIFTY29MAY2546100PE.NFO,2025-05-29,13:16:00,2025-05-29,1.35,1.35,1.35,1.35,0,1860,1
BANKNIFTY29MAY2546100PE.NFO,2025-05-29,13:17:00,2025-05-29,1.35,1.35,1.35,1.35,0,1860,1
BANKNIFTY29MAY2546100PE.NFO,2025-05-29,13:18:00,2025-05-29,1.35,1.35,1.35,1.35,0,1860,0
BANKNIFTY29MAY2546100PE.NFO,2025-05-29,13:19:00,2025-05-29,1.35,1.35,1.35,1.35,0,1860,0
BANKNIFTY29MAY2546100PE.NFO,2025-05-29,13:20:00,2025-05-29,1.35,1.35,1.35,1.35,0,1860,1
BANKNIFTY29MAY2546100PE.NFO,2025-05-29,13:21:00,2025-05-29,1.35,1.35,1.35,1.35,0,1860,1
BANKNIFTY29MAY2546100PE.NFO,2025-05-29,13:22:00,2025-05-29,1.35,1.35,1.35,1.35,0,1860,1
BANKNIFTY29MAY2546100PE.NFO,2025-05-29,13:23:00,2025-05-29,1.0,1.0,0.45,0.45,90,1860,0
BANKNIFTY29MAY2546100PE.NFO,2025-05-29,13:24:00,2025-05-29,0.45,0.65,0.45,0.65,60,1860,0
BANKNIFTY29MAY2546100PE.NFO,2025-05-29,13:25:00,2025-05-29,0.65,0.65,0.65,0.65,0,1860,0
BANKNIFTY29MAY2546100PE.NFO,2025-05-29,13:26:00,2025-05-29,0.65,0.65,0.65,0.65,0,1860,1
BANKNIFTY29MAY2546100PE.NFO,2025-05-29,13:27:00,2025-05-29,0.65,0.65,0.65,0.65,60,1890,0
BANKNIFTY29MAY2546100PE.NFO,2025-05-29,13:28:00,2025-05-29,0.65,0.65,0.65,0.65,0,1890,0
BANKNIFTY29MAY2546100PE.NFO,2025-05-29,13:29:00,2025-05-29,0.65,0.65,0.65,0.65,0,1890,1
BANKNIFTY29MAY2546100PE.NFO,2025-05-29,13:30:00,2025-05-29,0.65,0.65,0.65,0.65,0,1890,0
BANKNIFTY29MAY2546100PE.NFO,2025-05-29,13:31:00,2025-05-29,0.65,0.65,0.65,0.65,0,1890,1
BANKNIFTY29MAY2546100PE.NFO,2025-05-29,13:32:00,2025-05-29,0.65,0.65,0.65,0.65,0,1890,0
BANKNIFTY29MAY2546100PE.NFO,2025-05-29,13:33:00,2025-05-29,0.65,0.65,0.65,0.65,0,1890,0
BANKNIFTY29MAY2546100PE.NFO,2025-05-29,13:34:00,2025-05-29,0.65,0.65,0.65,0.65,0,1890,0
BANKNIFTY29MAY2546100PE.NFO,2025-05-29,13:35:00,2025-05-29,0.65,0.65,0.65,0.65,0,1890,0
BANKNIFTY29MAY2546100PE.NFO,2025-05-29,13:36:00,2025-05-29,0.65,0.65,0.65,0.65,0,1890,0
BANKNIFTY29MAY2546100PE.NFO,2025-05-29,13:37:00,2025-05-29,0.65,0.65,0.65,0.65,0,1890,1
BANKNIFTY29MAY2546100PE.NFO,2025-05-29,13:38:00,2025-05-29,0.65,0.65,0.65,0.65,0,1890,0
BANKNIFTY29MAY2546100PE.NFO,2025-05-29,13:39:00,2025-05-29,0.65,0.65,0.65,0.65,0,1890,0
BANKNIFTY29MAY2546100PE.NFO,2025-05-29,13:40:00,2025-05-29,0.65,0.65,0.65,0.65,0,1890,0
BANKNIFTY29MAY2546100PE.NFO,2025-05-29,13:41:00,2025-05-29,0.65,0.65,0.65,0.65,0,1890,0
BANKNIFTY29MAY2546100PE.NFO,2025-05-29,13:42:00,2025-05-29,0.65,0.65,0.65,0.65,0,1890,0
BANKNIFTY29MAY2546100PE.NFO,2025-05-29,13:43:00,2025-05-29,0.65,0.65,0.65,0.65,0,1890,0
BANKNIFTY29MAY2546100PE.NFO,2025-05-29,13:44:00,2025-05-29,0.65,0.65,0.65,0.65,0,1890,0
BANKNIFTY29MAY2546100PE.NFO,2025-05-29,13:45:00,2025-05-29,0.65,0.65,0.65,0.65,0,1890,0
BANKNIFTY29MAY2546100PE.NFO,2025-05-29,13:46:00,2025-05-29,0.65,0.65,0.65,0.65,0,1890,0
BANKNIFTY29MAY2546100PE.NFO,2025-05-29,13:47:00,2025-05-29,0.65,0.65,0.65,0.65,0,1890,0
BANKNIFTY29MAY2546100PE.NFO,2025-05-29,13:48:00,2025-05-29,0.65,0.65,0.65,0.65,0,1890,0
BANKNIFTY29MAY2546100PE.NFO,2025-05-29,13:49:00,2025-05-29,0.65,0.65,0.65,0.65,0,1890,0
BANKNIFTY29MAY2546100PE.NFO,2025-05-29,13:50:00,2025-05-29,0.65,0.65,0.65,0.65,0,1890,0
BANKNIFTY29MAY2546100PE.NFO,2025-05-29,13:51:00,2025-05-29,0.65,0.65,0.65,0.65,0,1890,0
BANKNIFTY29MAY2546100PE.NFO,2025-05-29,13:52:00,2025-05-29,0.65,0.65,0.65,0.65,0,1890,0
BANKNIFTY29MAY2546100PE.NFO,2025-05-29,13:53:00,2025-05-29,0.65,0.65,0.45,0.45,150,1830,0
BANKNIFTY29MAY2546100PE.NFO,2025-05-29,13:54:00,2025-05-29,0.45,0.45,0.45,0.45,0,1830,0
BANKNIFTY29MAY2546100PE.NFO,2025-05-29,13:55:00,2025-05-29,0.45,0.45,0.45,0.45,0,1830,0
BANKNIFTY29MAY2546100PE.NFO,2025-05-29,13:56:00,2025-05-29,0.45,0.45,0.45,0.45,0,1830,0
BANKNIFTY29MAY2546100PE.NFO,2025-05-29,13:57:00,2025-05-29,0.45,0.45,0.45,0.45,0,1830,0
BANKNIFTY29MAY2546100PE.NFO,2025-05-29,13:58:00,2025-05-29,0.45,0.45,0.3,0.3,30,1800,0
BANKNIFTY29MAY2546100PE.NFO,2025-05-29,13:59:00,2025-05-29,0.3,0.3,0.3,0.3,0,1800,0
BANKNIFTY29MAY2546100PE.NFO,2025-05-29,14:00:00,2025-05-29,0.3,0.35,0.3,0.35,120,1800,0
BANKNIFTY29MAY2546100PE.NFO,2025-05-29,14:01:00,2025-05-29,0.35,0.35,0.35,0.35,0,1800,0
BANKNIFTY29MAY2546100PE.NFO,2025-05-29,14:02:00,2025-05-29,0.35,0.35,0.35,0.35,0,1800,0
BANKNIFTY29MAY2546100PE.NFO,2025-05-29,14:03:00,2025-05-29,0.35,0.35,0.35,0.35,0,1800,0
BANKNIFTY29MAY2546100PE.NFO,2025-05-29,14:04:00,2025-05-29,0.35,0.35,0.35,0.35,0,1800,0
BANKNIFTY29MAY2546100PE.NFO,2025-05-29,14:05:00,2025-05-29,0.35,0.4,0.35,0.4,30,1770,0
BANKNIFTY29MAY2546100PE.NFO,2025-05-29,14:06:00,2025-05-29,0.4,0.4,0.4,0.4,0,1770,0
BANKNIFTY29MAY2546100PE.NFO,2025-05-29,14:07:00,2025-05-29,0.4,0.4,0.4,0.4,0,1770,1
BANKNIFTY29MAY2546100PE.NFO,2025-05-29,14:08:00,2025-05-29,0.4,0.4,0.4,0.4,0,1770,1
BANKNIFTY29MAY2546100PE.NFO,2025-05-29,14:09:00,2025-05-29,0.4,0.4,0.4,0.4,0,1770,0
BANKNIFTY29MAY2546100PE.NFO,2025-05-29,14:10:00,2025-05-29,0.4,0.4,0.4,0.4,0,1770,0
BANKNIFTY29MAY2546100PE.NFO,2025-05-29,14:11:00,2025-05-29,0.4,0.4,0.4,0.4,0,1770,0
BANKNIFTY29MAY2546100PE.NFO,2025-05-29,14:12:00,2025-05-29,0.4,0.4,0.4,0.4,30,1770,0
BANKNIFTY29MAY2546100PE.NFO,2025-05-29,14:13:00,2025-05-29,0.4,0.4,0.4,0.4,0,1770,0
BANKNIFTY29MAY2546100PE.NFO,2025-05-29,14:14:00,2025-05-29,0.4,0.4,0.4,0.4,0,1770,0
BANKNIFTY29MAY2546100PE.NFO,2025-05-29,14:15:00,2025-05-29,0.4,0.5,0.4,0.5,90,1770,0
BANKNIFTY29MAY2546100PE.NFO,2025-05-29,14:16:00,2025-05-29,0.5,0.5,0.5,0.5,0,1770,0
BANKNIFTY29MAY2546100PE.NFO,2025-05-29,14:17:00,2025-05-29,0.5,0.5,0.5,0.5,0,1770,0
BANKNIFTY29MAY2546100PE.NFO,2025-05-29,14:18:00,2025-05-29,0.5,0.5,0.4,0.4,90,1740,0
BANKNIFTY29MAY2546100PE.NFO,2025-05-29,14:19:00,2025-05-29,0.4,0.4,0.4,0.4,90,1740,1
BANKNIFTY29MAY2546100PE.NFO,2025-05-29,14:20:00,2025-05-29,0.4,0.4,0.4,0.4,0,1740,0
BANKNIFTY29MAY2546100PE.NFO,2025-05-29,14:21:00,2025-05-29,0.4,0.4,0.4,0.4,0,1740,0
BANKNIFTY29MAY2546100PE.NFO,2025-05-29,14:22:00,2025-05-29,0.4,0.4,0.4,0.4,0,1740,0
BANKNIFTY29MAY2546100PE.NFO,2025-05-29,14:23:00,2025-05-29,0.4,0.4,0.4,0.4,0,1740,0
BANKNIFTY29MAY2546100PE.NFO,2025-05-29,14:24:00,2025-05-29,0.4,0.4,0.4,0.4,0,1740,0
BANKNIFTY29MAY2546100PE.NFO,2025-05-29,14:25:00,2025-05-29,0.4,0.4,0.4,0.4,0,1740,0
BANKNIFTY29MAY2546100PE.NFO,2025-05-29,14:26:00,2025-05-29,0.4,0.4,0.15,0.15,0,1680,0
BANKNIFTY29MAY2546100PE.NFO,2025-05-29,14:27:00,2025-05-29,0.15,0.15,0.15,0.15,30,1680,0
BANKNIFTY29MAY2546100PE.NFO,2025-05-29,14:28:00,2025-05-29,0.15,0.15,0.15,0.15,0,1680,0
BANKNIFTY29MAY2546100PE.NFO,2025-05-29,14:29:00,2025-05-29,0.15,0.15,0.15,0.15,0,1680,1
BANKNIFTY29MAY2546100PE.NFO,2025-05-29,14:30:00,2025-05-29,0.15,0.15,0.15,0.15,0,1680,0
BANKNIFTY29MAY2546100PE.NFO,2025-05-29,14:31:00,2025-05-29,0.15,0.15,0.15,0.15,0,1680,1
BANKNIFTY29MAY2546100PE.NFO,2025-05-29,14:32:00,2025-05-29,0.15,0.15,0.15,0.15,0,1680,1
BANKNIFTY29MAY2546100PE.NFO,2025-05-29,14:33:00,2025-05-29,0.15,0.15,0.15,0.15,0,1680,1
BANKNIFTY29MAY2546100PE.NFO,2025-05-29,14:34:00,2025-05-29,0.15,0.15,0.15,0.15,0,1680,1
BANKNIFTY29MAY2546100PE.NFO,2025-05-29,14:35:00,2025-05-29,0.15,0.15,0.15,0.15,0,1680,0
BANKNIFTY29MAY2546100PE.NFO,2025-05-29,14:36:00,2025-05-29,0.15,0.15,0.15,0.15,0,1680,1
BANKNIFTY29MAY2546100PE.NFO,2025-05-29,14:37:00,2025-05-29,0.15,0.15,0.15,0.15,0,1680,0
BANKNIFTY29MAY2546100PE.NFO,2025-05-29,14:38:00,2025-05-29,0.15,0.15,0.15,0.15,0,1680,1
BANKNIFTY29MAY2546100PE.NFO,2025-05-29,14:39:00,2025-05-29,0.15,0.15,0.15,0.15,0,1680,0
BANKNIFTY29MAY2546100PE.NFO,2025-05-29,14:40:00,2025-05-29,0.15,0.15,0.15,0.15,0,1680,1
BANKNIFTY29MAY2546100PE.NFO,2025-05-29,14:41:00,2025-05-29,0.15,0.15,0.15,0.15,0,1680,1
BANKNIFTY29MAY2546100PE.NFO,2025-05-29,14:42:00,2025-05-29,0.15,0.15,0.15,0.15,0,1680,1
BANKNIFTY29MAY2546100PE.NFO,2025-05-29,14:43:00,2025-05-29,0.15,0.15,0.15,0.15,0,1680,0
BANKNIFTY29MAY2546100PE.NFO,2025-05-29,14:44:00,2025-05-29,0.15,0.15,0.15,0.15,0,1680,0
BANKNIFTY29MAY2546100PE.NFO,2025-05-29,14:45:00,2025-05-29,0.15,0.15,0.15,0.15,0,1680,1
BANKNIFTY29MAY2546100PE.NFO,2025-05-29,14:46:00,2025-05-29,0.15,0.15,0.15,0.15,0,1680,1
BANKNIFTY29MAY2546100PE.NFO,2025-05-29,14:47:00,2025-05-29,0.15,0.15,0.15,0.15,0,1680,1
BANKNIFTY29MAY2546100PE.NFO,2025-05-29,14:48:00,2025-05-29,0.15,0.15,0.15,0.15,0,1680,1
BANKNIFTY29MAY2546100PE.NFO,2025-05-29,14:49:00,2025-05-29,0.15,0.15,0.1,0.1,0,1680,0
BANKNIFTY29MAY2546100PE.NFO,2025-05-29,14:50:00,2025-05-29,0.1,0.1,0.1,0.1,90,1680,0
BANKNIFTY29MAY2546100PE.NFO,2025-05-29,14:51:00,2025-05-29,0.1,0.1,0.1,0.1,90,1680,1
BANKNIFTY29MAY2546100PE.NFO,2025-05-29,14:52:00,2025-05-29,0.1,0.1,0.1,0.1,90,1680,1
BANKNIFTY29MAY2546100PE.NFO,2025-05-29,14:53:00,2025-05-29,0.1,0.1,0.1,0.1,90,1680,1
BANKNIFTY29MAY2546100PE.NFO,2025-05-29,14:54:00,2025-05-29,0.1,0.1,0.1,0.1,90,1680,1
BANKNIFTY29MAY2546100PE.NFO,2025-05-29,14:55:00,2025-05-29,0.1,0.1,0.1,0.1,0,1680,0
BANKNIFTY29MAY2546100PE.NFO,2025-05-29,14:56:00,2025-05-29,0.1,0.1,0.1,0.1,90,1650,0
BANKNIFTY29MAY2546100PE.NFO,2025-05-29,14:57:00,2025-05-29,0.1,0.1,0.1,0.1,0,1650,0
BANKNIFTY29MAY2546100PE.NFO,2025-05-29,14:58:00,2025-05-29,0.1,0.1,0.1,0.1,0,1650,0
BANKNIFTY29MAY2546100PE.NFO,2025-05-29,14:59:00,2025-05-29,0.1,0.1,0.1,0.1,0,1650,0
BANKNIFTY29MAY2546100PE.NFO,2025-05-29,15:00:00,2025-05-29,0.1,0.1,0.1,0.1,0,1650,0
BANKNIFTY29MAY2546100PE.NFO,2025-05-29,15:01:00,2025-05-29,0.1,0.1,0.1,0.1,0,1650,0
BANKNIFTY29MAY2546100PE.NFO,2025-05-29,15:02:00,2025-05-29,0.1,0.1,0.1,0.1,0,1650,1
BANKNIFTY29MAY2546100PE.NFO,2025-05-29,15:03:00,2025-05-29,0.1,0.1,0.1,0.1,0,1650,1
BANKNIFTY29MAY2546100PE.NFO,2025-05-29,15:04:00,2025-05-29,0.1,0.1,0.1,0.1,0,1650,0
BANKNIFTY29MAY2546100PE.NFO,2025-05-29,15:05:00,2025-05-29,0.1,0.1,0.1,0.1,0,1650,0
BANKNIFTY29MAY2546100PE.NFO,2025-05-29,15:06:00,2025-05-29,0.1,0.1,0.1,0.1,0,1650,1
BANKNIFTY29MAY2546100PE.NFO,2025-05-29,15:07:00,2025-05-29,0.1,0.1,0.1,0.1,0,1650,1
BANKNIFTY29MAY2546100PE.NFO,2025-05-29,15:08:00,2025-05-29,0.1,0.1,0.1,0.1,0,1650,0
BANKNIFTY29MAY2546100PE.NFO,2025-05-29,15:09:00,2025-05-29,0.1,0.1,0.1,0.1,0,1650,1
BANKNIFTY29MAY2546100PE.NFO,2025-05-29,15:10:00,2025-05-29,0.1,0.1,0.1,0.1,0,1650,0
BANKNIFTY29MAY2546100PE.NFO,2025-05-29,15:11:00,2025-05-29,0.05,0.4,0.05,0.05,180,1620,0
BANKNIFTY29MAY2546100PE.NFO,2025-05-29,15:12:00,2025-05-29,0.4,0.4,0.4,0.4,0,1620,0
BANKNIFTY29MAY2546100PE.NFO,2025-05-29,15:13:00,2025-05-29,0.4,0.4,0.4,0.4,0,1620,1
BANKNIFTY29MAY2546100PE.NFO,2025-05-29,15:14:00,2025-05-29,0.4,0.4,0.4,0.4,0,1620,0
BANKNIFTY29MAY2546100PE.NFO,2025-05-29,15:15:00,2025-05-29,0.4,0.4,0.4,0.4,0,1620,1
BANKNIFTY29MAY2546100PE.NFO,2025-05-29,15:16:00,2025-05-29,0.4,0.4,0.4,0.4,0,1620,0
BANKNIFTY29MAY2546100PE.NFO,2025-05-29,15:17:00,2025-05-29,0.4,0.4,0.4,0.4,0,1620,1
BANKNIFTY29MAY2546100PE.NFO,2025-05-29,15:18:00,2025-05-29,0.4,0.4,0.4,0.4,0,1620,1
BANKNIFTY29MAY2546100PE.NFO,2025-05-29,15:19:00,2025-05-29,0.4,0.4,0.4,0.4,0,1620,1
BANKNIFTY29MAY2546100PE.NFO,2025-05-29,15:20:00,2025-05-29,0.4,0.4,0.4,0.4,0,1620,0
BANKNIFTY29MAY2546100PE.NFO,2025-05-29,15:21:00,2025-05-29,0.4,0.4,0.4,0.4,0,1620,0
BANKNIFTY29MAY2546100PE.NFO,2025-05-29,15:22:00,2025-05-29,0.4,0.4,0.4,0.4,0,1620,1
BANKNIFTY29MAY2546100PE.NFO,2025-05-29,15:23:00,2025-05-29,0.4,0.4,0.4,0.4,0,1620,0
BANKNIFTY29MAY2546100PE.NFO,2025-05-29,15:24:00,2025-05-29,0.4,0.4,0.4,0.4,0,1620,1
BANKNIFTY29MAY2546100PE.NFO,2025-05-29,15:25:00,2025-05-29,0.4,0.4,0.4,0.4,90,1500,0
BANKNIFTY29MAY2546100PE.NFO,2025-05-29,15:26:00,2025-05-29,0.4,0.4,0.4,0.4,0,1500,0
BANKNIFTY29MAY2546100PE.NFO,2025-05-29,15:27:00,2025-05-29,0.4,0.4,0.4,0.4,0,1500,1
BANKNIFTY29MAY2546100PE.NFO,2025-05-29,15:28:00,2025-05-29,0.4,0.4,0.4,0.4,0,1500,0
BANKNIFTY29MAY2546100PE.NFO,2025-05-29,15:29:00,2025-05-29,0.4,0.4,0.4,0.4,0,1500,0
BANKNIFTY29MAY2546100PE.NFO,2025-05-29,15:30:00,2025-05-29,0.4,0.4,0.4,0.4,0,1500,1
