Ticker,Date,Time,Expiry Date,Open,High,Low,Close,Volume,Open Interest,Padding Flag
BANKNIFTY29JAN2557000PE.NFO,2024-11-27,09:15:00,2025-01-29,4155.0,4155.0,4155.0,4155.0,0,0,1
BANKNIFTY29JAN2557000PE.NFO,2024-11-27,09:16:00,2025-01-29,4155.0,4155.0,4155.0,4155.0,0,0,1
BANKNIFTY29JAN2557000PE.NFO,2024-11-27,09:17:00,2025-01-29,4155.0,4155.0,4155.0,4155.0,0,0,1
BANKNIFTY29JAN2557000PE.NFO,2024-11-27,09:18:00,2025-01-29,4155.0,4155.0,4155.0,4155.0,0,0,1
BANKNIFTY29JAN2557000PE.NFO,2024-11-27,09:19:00,2025-01-29,4155.0,4155.0,4155.0,4155.0,0,0,1
BANKNIFTY29JAN2557000PE.NFO,2024-11-27,09:20:00,2025-01-29,4155.0,4155.0,4155.0,4155.0,0,0,1
BANKNIFTY29JAN2557000PE.NFO,2024-11-27,09:21:00,2025-01-29,4155.0,4155.0,4155.0,4155.0,0,0,1
BANKNIFTY29JAN2557000PE.NFO,2024-11-27,09:22:00,2025-01-29,4155.0,4155.0,4155.0,4155.0,0,0,1
BANKNIFTY29JAN2557000PE.NFO,2024-11-27,09:23:00,2025-01-29,4155.0,4155.0,4155.0,4155.0,0,0,1
BANKNIFTY29JAN2557000PE.NFO,2024-11-27,09:24:00,2025-01-29,4155.0,4155.0,4155.0,4155.0,0,0,1
BANKNIFTY29JAN2557000PE.NFO,2024-11-27,09:25:00,2025-01-29,4155.0,4155.0,4155.0,4155.0,0,0,1
BANKNIFTY29JAN2557000PE.NFO,2024-11-27,09:26:00,2025-01-29,4155.0,4155.0,4155.0,4155.0,0,0,1
BANKNIFTY29JAN2557000PE.NFO,2024-11-27,09:27:00,2025-01-29,4155.0,4155.0,4155.0,4155.0,0,0,1
BANKNIFTY29JAN2557000PE.NFO,2024-11-27,09:28:00,2025-01-29,4155.0,4155.0,4155.0,4155.0,0,0,1
BANKNIFTY29JAN2557000PE.NFO,2024-11-27,09:29:00,2025-01-29,4155.0,4155.0,4155.0,4155.0,0,0,1
BANKNIFTY29JAN2557000PE.NFO,2024-11-27,09:30:00,2025-01-29,4155.0,4155.0,4155.0,4155.0,0,0,1
BANKNIFTY29JAN2557000PE.NFO,2024-11-27,09:31:00,2025-01-29,4155.0,4155.0,4155.0,4155.0,0,0,1
BANKNIFTY29JAN2557000PE.NFO,2024-11-27,09:32:00,2025-01-29,4155.0,4155.0,4155.0,4155.0,0,0,1
BANKNIFTY29JAN2557000PE.NFO,2024-11-27,09:33:00,2025-01-29,4155.0,4155.0,4155.0,4155.0,0,0,1
BANKNIFTY29JAN2557000PE.NFO,2024-11-27,09:34:00,2025-01-29,4155.0,4155.0,4155.0,4155.0,0,0,1
BANKNIFTY29JAN2557000PE.NFO,2024-11-27,09:35:00,2025-01-29,4155.0,4155.0,4155.0,4155.0,0,0,1
BANKNIFTY29JAN2557000PE.NFO,2024-11-27,09:36:00,2025-01-29,4155.0,4155.0,4155.0,4155.0,0,0,1
BANKNIFTY29JAN2557000PE.NFO,2024-11-27,09:37:00,2025-01-29,4155.0,4155.0,4155.0,4155.0,0,0,1
BANKNIFTY29JAN2557000PE.NFO,2024-11-27,09:38:00,2025-01-29,4155.0,4155.0,4155.0,4155.0,0,0,1
BANKNIFTY29JAN2557000PE.NFO,2024-11-27,09:39:00,2025-01-29,4155.0,4155.0,4155.0,4155.0,0,0,1
BANKNIFTY29JAN2557000PE.NFO,2024-11-27,09:40:00,2025-01-29,4155.0,4155.0,4155.0,4155.0,0,0,1
BANKNIFTY29JAN2557000PE.NFO,2024-11-27,09:41:00,2025-01-29,4155.0,4155.0,4155.0,4155.0,0,0,1
BANKNIFTY29JAN2557000PE.NFO,2024-11-27,09:42:00,2025-01-29,4155.0,4155.0,4155.0,4155.0,0,0,1
BANKNIFTY29JAN2557000PE.NFO,2024-11-27,09:43:00,2025-01-29,4155.0,4155.0,4155.0,4155.0,0,0,1
BANKNIFTY29JAN2557000PE.NFO,2024-11-27,09:44:00,2025-01-29,4155.0,4155.0,4155.0,4155.0,0,0,1
BANKNIFTY29JAN2557000PE.NFO,2024-11-27,09:45:00,2025-01-29,4155.0,4155.0,4155.0,4155.0,0,0,1
BANKNIFTY29JAN2557000PE.NFO,2024-11-27,09:46:00,2025-01-29,4155.0,4155.0,4155.0,4155.0,0,0,1
BANKNIFTY29JAN2557000PE.NFO,2024-11-27,09:47:00,2025-01-29,4155.0,4155.0,4155.0,4155.0,0,0,1
BANKNIFTY29JAN2557000PE.NFO,2024-11-27,09:48:00,2025-01-29,4155.0,4155.0,4155.0,4155.0,0,0,1
BANKNIFTY29JAN2557000PE.NFO,2024-11-27,09:49:00,2025-01-29,4155.0,4155.0,4155.0,4155.0,0,0,1
BANKNIFTY29JAN2557000PE.NFO,2024-11-27,09:50:00,2025-01-29,4155.0,4155.0,4155.0,4155.0,0,0,1
BANKNIFTY29JAN2557000PE.NFO,2024-11-27,09:51:00,2025-01-29,4155.0,4155.0,4155.0,4155.0,0,0,1
BANKNIFTY29JAN2557000PE.NFO,2024-11-27,09:52:00,2025-01-29,4155.0,4155.0,4155.0,4155.0,0,0,1
BANKNIFTY29JAN2557000PE.NFO,2024-11-27,09:53:00,2025-01-29,4155.0,4155.0,4155.0,4155.0,0,0,1
BANKNIFTY29JAN2557000PE.NFO,2024-11-27,09:54:00,2025-01-29,4155.0,4155.0,4155.0,4155.0,0,0,1
BANKNIFTY29JAN2557000PE.NFO,2024-11-27,09:55:00,2025-01-29,4155.0,4155.0,4155.0,4155.0,0,0,1
BANKNIFTY29JAN2557000PE.NFO,2024-11-27,09:56:00,2025-01-29,4155.0,4155.0,4155.0,4155.0,0,0,1
BANKNIFTY29JAN2557000PE.NFO,2024-11-27,09:57:00,2025-01-29,4155.0,4155.0,4155.0,4155.0,0,0,1
BANKNIFTY29JAN2557000PE.NFO,2024-11-27,09:58:00,2025-01-29,4155.0,4155.0,4155.0,4155.0,0,0,1
BANKNIFTY29JAN2557000PE.NFO,2024-11-27,09:59:00,2025-01-29,4155.0,4155.0,4155.0,4155.0,0,0,1
BANKNIFTY29JAN2557000PE.NFO,2024-11-27,10:00:00,2025-01-29,4155.0,4155.0,4155.0,4155.0,0,0,1
BANKNIFTY29JAN2557000PE.NFO,2024-11-27,10:01:00,2025-01-29,4155.0,4155.0,4155.0,4155.0,0,0,1
BANKNIFTY29JAN2557000PE.NFO,2024-11-27,10:02:00,2025-01-29,4155.0,4155.0,4155.0,4155.0,0,0,1
BANKNIFTY29JAN2557000PE.NFO,2024-11-27,10:03:00,2025-01-29,4155.0,4155.0,4155.0,4155.0,0,0,1
BANKNIFTY29JAN2557000PE.NFO,2024-11-27,10:04:00,2025-01-29,4155.0,4155.0,4155.0,4155.0,0,0,1
BANKNIFTY29JAN2557000PE.NFO,2024-11-27,10:05:00,2025-01-29,4155.0,4155.0,4155.0,4155.0,0,0,1
BANKNIFTY29JAN2557000PE.NFO,2024-11-27,10:06:00,2025-01-29,4155.0,4155.0,4155.0,4155.0,0,0,1
BANKNIFTY29JAN2557000PE.NFO,2024-11-27,10:07:00,2025-01-29,4155.0,4155.0,4155.0,4155.0,0,0,1
BANKNIFTY29JAN2557000PE.NFO,2024-11-27,10:08:00,2025-01-29,4155.0,4155.0,4155.0,4155.0,0,0,1
BANKNIFTY29JAN2557000PE.NFO,2024-11-27,10:09:00,2025-01-29,4155.0,4155.0,4155.0,4155.0,0,0,1
BANKNIFTY29JAN2557000PE.NFO,2024-11-27,10:10:00,2025-01-29,4155.0,4155.0,4155.0,4155.0,0,0,1
BANKNIFTY29JAN2557000PE.NFO,2024-11-27,10:11:00,2025-01-29,4155.0,4155.0,4155.0,4155.0,0,0,1
BANKNIFTY29JAN2557000PE.NFO,2024-11-27,10:12:00,2025-01-29,4155.0,4155.0,4155.0,4155.0,0,0,1
BANKNIFTY29JAN2557000PE.NFO,2024-11-27,10:13:00,2025-01-29,4155.0,4155.0,4155.0,4155.0,0,0,1
BANKNIFTY29JAN2557000PE.NFO,2024-11-27,10:14:00,2025-01-29,4155.0,4155.0,4155.0,4155.0,0,0,1
BANKNIFTY29JAN2557000PE.NFO,2024-11-27,10:15:00,2025-01-29,4155.0,4155.0,4155.0,4155.0,0,0,1
BANKNIFTY29JAN2557000PE.NFO,2024-11-27,10:16:00,2025-01-29,4155.0,4155.0,4155.0,4155.0,0,0,1
BANKNIFTY29JAN2557000PE.NFO,2024-11-27,10:17:00,2025-01-29,4155.0,4155.0,4155.0,4155.0,0,0,1
BANKNIFTY29JAN2557000PE.NFO,2024-11-27,10:18:00,2025-01-29,4155.0,4155.0,4155.0,4155.0,0,0,1
BANKNIFTY29JAN2557000PE.NFO,2024-11-27,10:19:00,2025-01-29,4155.0,4155.0,4155.0,4155.0,0,0,1
BANKNIFTY29JAN2557000PE.NFO,2024-11-27,10:20:00,2025-01-29,4155.0,4155.0,4155.0,4155.0,0,0,1
BANKNIFTY29JAN2557000PE.NFO,2024-11-27,10:21:00,2025-01-29,4155.0,4155.0,4155.0,4155.0,0,0,1
BANKNIFTY29JAN2557000PE.NFO,2024-11-27,10:22:00,2025-01-29,4155.0,4155.0,4155.0,4155.0,0,0,1
BANKNIFTY29JAN2557000PE.NFO,2024-11-27,10:23:00,2025-01-29,4155.0,4155.0,4155.0,4155.0,0,0,1
BANKNIFTY29JAN2557000PE.NFO,2024-11-27,10:24:00,2025-01-29,4155.0,4155.0,4155.0,4155.0,0,0,1
BANKNIFTY29JAN2557000PE.NFO,2024-11-27,10:25:00,2025-01-29,4155.0,4155.0,4155.0,4155.0,0,0,1
BANKNIFTY29JAN2557000PE.NFO,2024-11-27,10:26:00,2025-01-29,4155.0,4155.0,4155.0,4155.0,0,0,1
BANKNIFTY29JAN2557000PE.NFO,2024-11-27,10:27:00,2025-01-29,4155.0,4155.0,4155.0,4155.0,0,0,1
BANKNIFTY29JAN2557000PE.NFO,2024-11-27,10:28:00,2025-01-29,4155.0,4155.0,4155.0,4155.0,0,0,1
BANKNIFTY29JAN2557000PE.NFO,2024-11-27,10:29:00,2025-01-29,4155.0,4155.0,4155.0,4155.0,0,0,1
BANKNIFTY29JAN2557000PE.NFO,2024-11-27,10:30:00,2025-01-29,4155.0,4155.0,4155.0,4155.0,0,0,1
BANKNIFTY29JAN2557000PE.NFO,2024-11-27,10:31:00,2025-01-29,4155.0,4155.0,4155.0,4155.0,0,0,1
BANKNIFTY29JAN2557000PE.NFO,2024-11-27,10:32:00,2025-01-29,4155.0,4155.0,4155.0,4155.0,0,0,1
BANKNIFTY29JAN2557000PE.NFO,2024-11-27,10:33:00,2025-01-29,4155.0,4155.0,4155.0,4155.0,0,0,1
BANKNIFTY29JAN2557000PE.NFO,2024-11-27,10:34:00,2025-01-29,4155.0,4155.0,4155.0,4155.0,0,0,1
BANKNIFTY29JAN2557000PE.NFO,2024-11-27,10:35:00,2025-01-29,4155.0,4155.0,4155.0,4155.0,0,0,1
BANKNIFTY29JAN2557000PE.NFO,2024-11-27,10:36:00,2025-01-29,4155.0,4155.0,4155.0,4155.0,0,0,1
BANKNIFTY29JAN2557000PE.NFO,2024-11-27,10:37:00,2025-01-29,4155.0,4155.0,4155.0,4155.0,0,0,1
BANKNIFTY29JAN2557000PE.NFO,2024-11-27,10:38:00,2025-01-29,4155.0,4155.0,4155.0,4155.0,0,0,1
BANKNIFTY29JAN2557000PE.NFO,2024-11-27,10:39:00,2025-01-29,4155.0,4155.0,4155.0,4155.0,0,0,1
BANKNIFTY29JAN2557000PE.NFO,2024-11-27,10:40:00,2025-01-29,4155.0,4155.0,4155.0,4155.0,0,0,1
BANKNIFTY29JAN2557000PE.NFO,2024-11-27,10:41:00,2025-01-29,4155.0,4155.0,4155.0,4155.0,0,0,1
BANKNIFTY29JAN2557000PE.NFO,2024-11-27,10:42:00,2025-01-29,4155.0,4155.0,4155.0,4155.0,0,0,1
BANKNIFTY29JAN2557000PE.NFO,2024-11-27,10:43:00,2025-01-29,4155.0,4155.0,4155.0,4155.0,0,0,1
BANKNIFTY29JAN2557000PE.NFO,2024-11-27,10:44:00,2025-01-29,4155.0,4155.0,4155.0,4155.0,0,0,1
BANKNIFTY29JAN2557000PE.NFO,2024-11-27,10:45:00,2025-01-29,4155.0,4155.0,4155.0,4155.0,0,0,1
BANKNIFTY29JAN2557000PE.NFO,2024-11-27,10:46:00,2025-01-29,4155.0,4155.0,4155.0,4155.0,0,0,1
BANKNIFTY29JAN2557000PE.NFO,2024-11-27,10:47:00,2025-01-29,4155.0,4155.0,4155.0,4155.0,0,0,1
BANKNIFTY29JAN2557000PE.NFO,2024-11-27,10:48:00,2025-01-29,4155.0,4155.0,4155.0,4155.0,0,0,1
BANKNIFTY29JAN2557000PE.NFO,2024-11-27,10:49:00,2025-01-29,4155.0,4155.0,4155.0,4155.0,0,0,1
BANKNIFTY29JAN2557000PE.NFO,2024-11-27,10:50:00,2025-01-29,4155.0,4155.0,4155.0,4155.0,0,0,1
BANKNIFTY29JAN2557000PE.NFO,2024-11-27,10:51:00,2025-01-29,4155.0,4155.0,4155.0,4155.0,0,0,1
BANKNIFTY29JAN2557000PE.NFO,2024-11-27,10:52:00,2025-01-29,4155.0,4155.0,4155.0,4155.0,0,0,1
BANKNIFTY29JAN2557000PE.NFO,2024-11-27,10:53:00,2025-01-29,4155.0,4155.0,4155.0,4155.0,0,0,1
BANKNIFTY29JAN2557000PE.NFO,2024-11-27,10:54:00,2025-01-29,4155.0,4155.0,4155.0,4155.0,0,0,1
BANKNIFTY29JAN2557000PE.NFO,2024-11-27,10:55:00,2025-01-29,4155.0,4155.0,4155.0,4155.0,0,0,1
BANKNIFTY29JAN2557000PE.NFO,2024-11-27,10:56:00,2025-01-29,4155.0,4155.0,4155.0,4155.0,0,0,1
BANKNIFTY29JAN2557000PE.NFO,2024-11-27,10:57:00,2025-01-29,4155.0,4155.0,4155.0,4155.0,0,0,1
BANKNIFTY29JAN2557000PE.NFO,2024-11-27,10:58:00,2025-01-29,4155.0,4155.0,4155.0,4155.0,0,0,1
BANKNIFTY29JAN2557000PE.NFO,2024-11-27,10:59:00,2025-01-29,4155.0,4155.0,4155.0,4155.0,0,0,1
BANKNIFTY29JAN2557000PE.NFO,2024-11-27,11:00:00,2025-01-29,4155.0,4155.0,4155.0,4155.0,0,0,1
BANKNIFTY29JAN2557000PE.NFO,2024-11-27,11:01:00,2025-01-29,4155.0,4155.0,4155.0,4155.0,0,0,1
BANKNIFTY29JAN2557000PE.NFO,2024-11-27,11:02:00,2025-01-29,4155.0,4155.0,4155.0,4155.0,0,0,1
BANKNIFTY29JAN2557000PE.NFO,2024-11-27,11:03:00,2025-01-29,4155.0,4155.0,4155.0,4155.0,0,0,1
BANKNIFTY29JAN2557000PE.NFO,2024-11-27,11:04:00,2025-01-29,4155.0,4155.0,4155.0,4155.0,0,0,1
BANKNIFTY29JAN2557000PE.NFO,2024-11-27,11:05:00,2025-01-29,4155.0,4155.0,4155.0,4155.0,0,0,1
BANKNIFTY29JAN2557000PE.NFO,2024-11-27,11:06:00,2025-01-29,4155.0,4155.0,4155.0,4155.0,0,0,1
BANKNIFTY29JAN2557000PE.NFO,2024-11-27,11:07:00,2025-01-29,4155.0,4155.0,4155.0,4155.0,0,0,1
BANKNIFTY29JAN2557000PE.NFO,2024-11-27,11:08:00,2025-01-29,4155.0,4155.0,4155.0,4155.0,0,0,1
BANKNIFTY29JAN2557000PE.NFO,2024-11-27,11:09:00,2025-01-29,4155.0,4155.0,4155.0,4155.0,0,0,1
BANKNIFTY29JAN2557000PE.NFO,2024-11-27,11:10:00,2025-01-29,4155.0,4155.0,4155.0,4155.0,0,0,1
BANKNIFTY29JAN2557000PE.NFO,2024-11-27,11:11:00,2025-01-29,4155.0,4155.0,4155.0,4155.0,0,0,1
BANKNIFTY29JAN2557000PE.NFO,2024-11-27,11:12:00,2025-01-29,4155.0,4155.0,4155.0,4155.0,0,0,1
BANKNIFTY29JAN2557000PE.NFO,2024-11-27,11:13:00,2025-01-29,4155.0,4155.0,4155.0,4155.0,0,0,1
BANKNIFTY29JAN2557000PE.NFO,2024-11-27,11:14:00,2025-01-29,4155.0,4155.0,4155.0,4155.0,0,0,1
BANKNIFTY29JAN2557000PE.NFO,2024-11-27,11:15:00,2025-01-29,4155.0,4155.0,4155.0,4155.0,0,0,1
BANKNIFTY29JAN2557000PE.NFO,2024-11-27,11:16:00,2025-01-29,4155.0,4155.0,4155.0,4155.0,0,0,1
BANKNIFTY29JAN2557000PE.NFO,2024-11-27,11:17:00,2025-01-29,4155.0,4155.0,4155.0,4155.0,0,0,1
BANKNIFTY29JAN2557000PE.NFO,2024-11-27,11:18:00,2025-01-29,4155.0,4155.0,4155.0,4155.0,0,0,1
BANKNIFTY29JAN2557000PE.NFO,2024-11-27,11:19:00,2025-01-29,4155.0,4155.0,4155.0,4155.0,0,0,1
BANKNIFTY29JAN2557000PE.NFO,2024-11-27,11:20:00,2025-01-29,4155.0,4155.0,4155.0,4155.0,0,0,1
BANKNIFTY29JAN2557000PE.NFO,2024-11-27,11:21:00,2025-01-29,4155.0,4155.0,4155.0,4155.0,0,0,1
BANKNIFTY29JAN2557000PE.NFO,2024-11-27,11:22:00,2025-01-29,4155.0,4155.0,4155.0,4155.0,0,0,1
BANKNIFTY29JAN2557000PE.NFO,2024-11-27,11:23:00,2025-01-29,4155.0,4155.0,4155.0,4155.0,0,0,1
BANKNIFTY29JAN2557000PE.NFO,2024-11-27,11:24:00,2025-01-29,4155.0,4155.0,4155.0,4155.0,0,0,1
BANKNIFTY29JAN2557000PE.NFO,2024-11-27,11:25:00,2025-01-29,4155.0,4155.0,4155.0,4155.0,0,0,1
BANKNIFTY29JAN2557000PE.NFO,2024-11-27,11:26:00,2025-01-29,4155.0,4155.0,4155.0,4155.0,0,0,1
BANKNIFTY29JAN2557000PE.NFO,2024-11-27,11:27:00,2025-01-29,4155.0,4155.0,4155.0,4155.0,0,0,1
BANKNIFTY29JAN2557000PE.NFO,2024-11-27,11:28:00,2025-01-29,4155.0,4155.0,4155.0,4155.0,0,0,1
BANKNIFTY29JAN2557000PE.NFO,2024-11-27,11:29:00,2025-01-29,4155.0,4155.0,4155.0,4155.0,0,0,1
BANKNIFTY29JAN2557000PE.NFO,2024-11-27,11:30:00,2025-01-29,4155.0,4155.0,4155.0,4155.0,0,0,1
BANKNIFTY29JAN2557000PE.NFO,2024-11-27,11:31:00,2025-01-29,4155.0,4155.0,4155.0,4155.0,0,0,1
BANKNIFTY29JAN2557000PE.NFO,2024-11-27,11:32:00,2025-01-29,4155.0,4155.0,4155.0,4155.0,0,0,1
BANKNIFTY29JAN2557000PE.NFO,2024-11-27,11:33:00,2025-01-29,4155.0,4155.0,4155.0,4155.0,0,0,1
BANKNIFTY29JAN2557000PE.NFO,2024-11-27,11:34:00,2025-01-29,4155.0,4155.0,4155.0,4155.0,0,0,1
BANKNIFTY29JAN2557000PE.NFO,2024-11-27,11:35:00,2025-01-29,4155.0,4155.0,4155.0,4155.0,0,0,1
BANKNIFTY29JAN2557000PE.NFO,2024-11-27,11:36:00,2025-01-29,4155.0,4155.0,4155.0,4155.0,0,0,1
BANKNIFTY29JAN2557000PE.NFO,2024-11-27,11:37:00,2025-01-29,4155.0,4155.0,4155.0,4155.0,0,0,1
BANKNIFTY29JAN2557000PE.NFO,2024-11-27,11:38:00,2025-01-29,4155.0,4155.0,4155.0,4155.0,0,0,1
BANKNIFTY29JAN2557000PE.NFO,2024-11-27,11:39:00,2025-01-29,4155.0,4155.0,4155.0,4155.0,0,0,1
BANKNIFTY29JAN2557000PE.NFO,2024-11-27,11:40:00,2025-01-29,4155.0,4155.0,4155.0,4155.0,0,0,1
BANKNIFTY29JAN2557000PE.NFO,2024-11-27,11:41:00,2025-01-29,4155.0,4155.0,4155.0,4155.0,0,0,1
BANKNIFTY29JAN2557000PE.NFO,2024-11-27,11:42:00,2025-01-29,4155.0,4155.0,4155.0,4155.0,0,0,1
BANKNIFTY29JAN2557000PE.NFO,2024-11-27,11:43:00,2025-01-29,4155.0,4155.0,4155.0,4155.0,0,0,1
BANKNIFTY29JAN2557000PE.NFO,2024-11-27,11:44:00,2025-01-29,4155.0,4155.0,4155.0,4155.0,0,0,1
BANKNIFTY29JAN2557000PE.NFO,2024-11-27,11:45:00,2025-01-29,4155.0,4155.0,4155.0,4155.0,0,0,1
BANKNIFTY29JAN2557000PE.NFO,2024-11-27,11:46:00,2025-01-29,4155.0,4155.0,4155.0,4155.0,0,0,1
BANKNIFTY29JAN2557000PE.NFO,2024-11-27,11:47:00,2025-01-29,4155.0,4155.0,4155.0,4155.0,0,0,1
BANKNIFTY29JAN2557000PE.NFO,2024-11-27,11:48:00,2025-01-29,4155.0,4155.0,4155.0,4155.0,0,0,1
BANKNIFTY29JAN2557000PE.NFO,2024-11-27,11:49:00,2025-01-29,4155.0,4155.0,4155.0,4155.0,0,0,1
BANKNIFTY29JAN2557000PE.NFO,2024-11-27,11:50:00,2025-01-29,4155.0,4155.0,4155.0,4155.0,0,0,1
BANKNIFTY29JAN2557000PE.NFO,2024-11-27,11:51:00,2025-01-29,4155.0,4155.0,4155.0,4155.0,0,0,1
BANKNIFTY29JAN2557000PE.NFO,2024-11-27,11:52:00,2025-01-29,4155.0,4155.0,4155.0,4155.0,0,0,1
BANKNIFTY29JAN2557000PE.NFO,2024-11-27,11:53:00,2025-01-29,4155.0,4155.0,4155.0,4155.0,0,0,1
BANKNIFTY29JAN2557000PE.NFO,2024-11-27,11:54:00,2025-01-29,4155.0,4155.0,4155.0,4155.0,0,0,1
BANKNIFTY29JAN2557000PE.NFO,2024-11-27,11:55:00,2025-01-29,4155.0,4155.0,4155.0,4155.0,0,0,1
BANKNIFTY29JAN2557000PE.NFO,2024-11-27,11:56:00,2025-01-29,4155.0,4155.0,4155.0,4155.0,0,0,1
BANKNIFTY29JAN2557000PE.NFO,2024-11-27,11:57:00,2025-01-29,4155.0,4155.0,4155.0,4155.0,0,0,1
BANKNIFTY29JAN2557000PE.NFO,2024-11-27,11:58:00,2025-01-29,4155.0,4155.0,4155.0,4155.0,0,0,1
BANKNIFTY29JAN2557000PE.NFO,2024-11-27,11:59:00,2025-01-29,4155.0,4155.0,4155.0,4155.0,0,0,1
BANKNIFTY29JAN2557000PE.NFO,2024-11-27,12:00:00,2025-01-29,4155.0,4155.0,4155.0,4155.0,0,0,1
BANKNIFTY29JAN2557000PE.NFO,2024-11-27,12:01:00,2025-01-29,4155.0,4155.0,4155.0,4155.0,0,0,1
BANKNIFTY29JAN2557000PE.NFO,2024-11-27,12:02:00,2025-01-29,4155.0,4155.0,4155.0,4155.0,0,0,1
BANKNIFTY29JAN2557000PE.NFO,2024-11-27,12:03:00,2025-01-29,4155.0,4155.0,4155.0,4155.0,0,0,1
BANKNIFTY29JAN2557000PE.NFO,2024-11-27,12:04:00,2025-01-29,4155.0,4155.0,4155.0,4155.0,0,0,1
BANKNIFTY29JAN2557000PE.NFO,2024-11-27,12:05:00,2025-01-29,4155.0,4155.0,4155.0,4155.0,0,0,1
BANKNIFTY29JAN2557000PE.NFO,2024-11-27,12:06:00,2025-01-29,4155.0,4155.0,4155.0,4155.0,0,0,1
BANKNIFTY29JAN2557000PE.NFO,2024-11-27,12:07:00,2025-01-29,4155.0,4155.0,4155.0,4155.0,0,0,1
BANKNIFTY29JAN2557000PE.NFO,2024-11-27,12:08:00,2025-01-29,4155.0,4155.0,4155.0,4155.0,0,0,0
BANKNIFTY29JAN2557000PE.NFO,2024-11-27,12:09:00,2025-01-29,4155.0,4155.0,4155.0,4155.0,0,0,0
BANKNIFTY29JAN2557000PE.NFO,2024-11-27,12:10:00,2025-01-29,4155.0,4155.0,4155.0,4155.0,0,0,0
BANKNIFTY29JAN2557000PE.NFO,2024-11-27,12:11:00,2025-01-29,4155.0,4155.0,4155.0,4155.0,0,0,0
BANKNIFTY29JAN2557000PE.NFO,2024-11-27,12:12:00,2025-01-29,4155.0,4155.0,4155.0,4155.0,0,0,0
BANKNIFTY29JAN2557000PE.NFO,2024-11-27,12:13:00,2025-01-29,4155.0,4155.0,4155.0,4155.0,0,0,0
BANKNIFTY29JAN2557000PE.NFO,2024-11-27,12:14:00,2025-01-29,4155.0,4155.0,4155.0,4155.0,0,0,0
BANKNIFTY29JAN2557000PE.NFO,2024-11-27,12:15:00,2025-01-29,4155.0,4155.0,4155.0,4155.0,0,0,0
BANKNIFTY29JAN2557000PE.NFO,2024-11-27,12:16:00,2025-01-29,4155.0,4155.0,4155.0,4155.0,0,0,0
BANKNIFTY29JAN2557000PE.NFO,2024-11-27,12:17:00,2025-01-29,4155.0,4155.0,4155.0,4155.0,0,0,0
BANKNIFTY29JAN2557000PE.NFO,2024-11-27,12:18:00,2025-01-29,4155.0,4155.0,4155.0,4155.0,0,0,0
BANKNIFTY29JAN2557000PE.NFO,2024-11-27,12:19:00,2025-01-29,4155.0,4155.0,4155.0,4155.0,0,0,0
BANKNIFTY29JAN2557000PE.NFO,2024-11-27,12:20:00,2025-01-29,4155.0,4155.0,4155.0,4155.0,0,0,0
BANKNIFTY29JAN2557000PE.NFO,2024-11-27,12:21:00,2025-01-29,4155.0,4155.0,4155.0,4155.0,0,0,0
BANKNIFTY29JAN2557000PE.NFO,2024-11-27,12:22:00,2025-01-29,4155.0,4155.0,4155.0,4155.0,0,0,0
BANKNIFTY29JAN2557000PE.NFO,2024-11-27,12:23:00,2025-01-29,4155.0,4155.0,4155.0,4155.0,0,0,0
BANKNIFTY29JAN2557000PE.NFO,2024-11-27,12:24:00,2025-01-29,4155.0,4155.0,4155.0,4155.0,0,0,0
BANKNIFTY29JAN2557000PE.NFO,2024-11-27,12:25:00,2025-01-29,4155.0,4155.0,4155.0,4155.0,0,0,0
BANKNIFTY29JAN2557000PE.NFO,2024-11-27,12:26:00,2025-01-29,4155.0,4155.0,4155.0,4155.0,0,0,0
BANKNIFTY29JAN2557000PE.NFO,2024-11-27,12:27:00,2025-01-29,4155.0,4155.0,4155.0,4155.0,0,0,0
BANKNIFTY29JAN2557000PE.NFO,2024-11-27,12:28:00,2025-01-29,4155.0,4155.0,4155.0,4155.0,0,0,0
BANKNIFTY29JAN2557000PE.NFO,2024-11-27,12:29:00,2025-01-29,4155.0,4155.0,4155.0,4155.0,0,0,0
BANKNIFTY29JAN2557000PE.NFO,2024-11-27,12:30:00,2025-01-29,4155.0,4155.0,4155.0,4155.0,0,0,0
BANKNIFTY29JAN2557000PE.NFO,2024-11-27,12:31:00,2025-01-29,4155.0,4155.0,4155.0,4155.0,0,0,0
BANKNIFTY29JAN2557000PE.NFO,2024-11-27,12:32:00,2025-01-29,4155.0,4155.0,4155.0,4155.0,0,0,0
BANKNIFTY29JAN2557000PE.NFO,2024-11-27,12:33:00,2025-01-29,4155.0,4155.0,4155.0,4155.0,0,0,0
BANKNIFTY29JAN2557000PE.NFO,2024-11-27,12:34:00,2025-01-29,4155.0,4155.0,4155.0,4155.0,0,0,0
BANKNIFTY29JAN2557000PE.NFO,2024-11-27,12:35:00,2025-01-29,4155.0,4155.0,4155.0,4155.0,0,0,0
BANKNIFTY29JAN2557000PE.NFO,2024-11-27,12:36:00,2025-01-29,4155.0,4155.0,4155.0,4155.0,0,0,1
BANKNIFTY29JAN2557000PE.NFO,2024-11-27,12:37:00,2025-01-29,4155.0,4155.0,4155.0,4155.0,0,0,0
BANKNIFTY29JAN2557000PE.NFO,2024-11-27,12:38:00,2025-01-29,4155.0,4155.0,4155.0,4155.0,0,0,0
BANKNIFTY29JAN2557000PE.NFO,2024-11-27,12:39:00,2025-01-29,4155.0,4155.0,4155.0,4155.0,0,0,0
BANKNIFTY29JAN2557000PE.NFO,2024-11-27,12:40:00,2025-01-29,4155.0,4155.0,4155.0,4155.0,0,0,0
BANKNIFTY29JAN2557000PE.NFO,2024-11-27,12:41:00,2025-01-29,4155.0,4155.0,4000.0,4000.0,0,15,0
BANKNIFTY29JAN2557000PE.NFO,2024-11-27,12:42:00,2025-01-29,4000.0,4000.0,4000.0,4000.0,0,15,0
BANKNIFTY29JAN2557000PE.NFO,2024-11-27,12:43:00,2025-01-29,4000.0,4000.0,4000.0,4000.0,0,15,0
BANKNIFTY29JAN2557000PE.NFO,2024-11-27,12:44:00,2025-01-29,4000.0,4000.0,4000.0,4000.0,0,15,0
BANKNIFTY29JAN2557000PE.NFO,2024-11-27,12:45:00,2025-01-29,4000.0,4000.0,4000.0,4000.0,0,15,0
BANKNIFTY29JAN2557000PE.NFO,2024-11-27,12:46:00,2025-01-29,4000.0,4000.0,4000.0,4000.0,0,15,0
BANKNIFTY29JAN2557000PE.NFO,2024-11-27,12:47:00,2025-01-29,4000.0,4000.0,4000.0,4000.0,0,15,0
BANKNIFTY29JAN2557000PE.NFO,2024-11-27,12:48:00,2025-01-29,4000.0,4000.0,4000.0,4000.0,0,15,0
BANKNIFTY29JAN2557000PE.NFO,2024-11-27,12:49:00,2025-01-29,4000.0,4000.0,4000.0,4000.0,0,15,0
BANKNIFTY29JAN2557000PE.NFO,2024-11-27,12:50:00,2025-01-29,4000.0,4000.0,4000.0,4000.0,15,30,0
BANKNIFTY29JAN2557000PE.NFO,2024-11-27,12:51:00,2025-01-29,4000.0,4000.0,4000.0,4000.0,0,30,0
BANKNIFTY29JAN2557000PE.NFO,2024-11-27,12:52:00,2025-01-29,4000.0,4000.0,4000.0,4000.0,0,30,0
BANKNIFTY29JAN2557000PE.NFO,2024-11-27,12:53:00,2025-01-29,4000.0,4000.0,4000.0,4000.0,0,30,0
BANKNIFTY29JAN2557000PE.NFO,2024-11-27,12:54:00,2025-01-29,4000.0,4000.0,4000.0,4000.0,0,30,0
BANKNIFTY29JAN2557000PE.NFO,2024-11-27,12:55:00,2025-01-29,4000.0,4000.0,4000.0,4000.0,0,30,0
BANKNIFTY29JAN2557000PE.NFO,2024-11-27,12:56:00,2025-01-29,4000.0,4000.0,4000.0,4000.0,0,30,0
BANKNIFTY29JAN2557000PE.NFO,2024-11-27,12:57:00,2025-01-29,4000.0,4000.0,4000.0,4000.0,0,30,0
BANKNIFTY29JAN2557000PE.NFO,2024-11-27,12:58:00,2025-01-29,4000.0,4000.0,4000.0,4000.0,0,30,0
BANKNIFTY29JAN2557000PE.NFO,2024-11-27,12:59:00,2025-01-29,4000.0,4000.0,4000.0,4000.0,0,30,0
BANKNIFTY29JAN2557000PE.NFO,2024-11-27,13:00:00,2025-01-29,4000.0,4000.0,4000.0,4000.0,0,30,0
BANKNIFTY29JAN2557000PE.NFO,2024-11-27,13:01:00,2025-01-29,4000.0,4000.0,4000.0,4000.0,0,30,0
BANKNIFTY29JAN2557000PE.NFO,2024-11-27,13:02:00,2025-01-29,4000.0,4000.0,4000.0,4000.0,0,30,0
BANKNIFTY29JAN2557000PE.NFO,2024-11-27,13:03:00,2025-01-29,4000.0,4000.0,4000.0,4000.0,0,30,0
BANKNIFTY29JAN2557000PE.NFO,2024-11-27,13:04:00,2025-01-29,4000.0,4000.0,4000.0,4000.0,0,30,1
BANKNIFTY29JAN2557000PE.NFO,2024-11-27,13:05:00,2025-01-29,4000.0,4000.0,4000.0,4000.0,0,30,0
BANKNIFTY29JAN2557000PE.NFO,2024-11-27,13:06:00,2025-01-29,4000.0,4000.0,4000.0,4000.0,0,30,0
BANKNIFTY29JAN2557000PE.NFO,2024-11-27,13:07:00,2025-01-29,4000.0,4000.0,4000.0,4000.0,0,30,0
BANKNIFTY29JAN2557000PE.NFO,2024-11-27,13:08:00,2025-01-29,4000.0,4000.0,4000.0,4000.0,0,30,0
BANKNIFTY29JAN2557000PE.NFO,2024-11-27,13:09:00,2025-01-29,4000.0,4000.0,4000.0,4000.0,0,30,0
BANKNIFTY29JAN2557000PE.NFO,2024-11-27,13:10:00,2025-01-29,4000.0,4000.0,4000.0,4000.0,0,30,0
BANKNIFTY29JAN2557000PE.NFO,2024-11-27,13:11:00,2025-01-29,4000.0,4000.0,4000.0,4000.0,0,30,0
BANKNIFTY29JAN2557000PE.NFO,2024-11-27,13:12:00,2025-01-29,4000.0,4000.0,4000.0,4000.0,0,30,0
BANKNIFTY29JAN2557000PE.NFO,2024-11-27,13:13:00,2025-01-29,4000.0,4000.0,4000.0,4000.0,0,30,0
BANKNIFTY29JAN2557000PE.NFO,2024-11-27,13:14:00,2025-01-29,4000.0,4000.0,4000.0,4000.0,0,30,0
BANKNIFTY29JAN2557000PE.NFO,2024-11-27,13:15:00,2025-01-29,4000.0,4000.0,4000.0,4000.0,0,30,0
BANKNIFTY29JAN2557000PE.NFO,2024-11-27,13:16:00,2025-01-29,4000.0,4000.0,4000.0,4000.0,0,30,0
BANKNIFTY29JAN2557000PE.NFO,2024-11-27,13:17:00,2025-01-29,4000.0,4000.0,4000.0,4000.0,0,30,0
BANKNIFTY29JAN2557000PE.NFO,2024-11-27,13:18:00,2025-01-29,4000.0,4000.0,4000.0,4000.0,0,30,0
BANKNIFTY29JAN2557000PE.NFO,2024-11-27,13:19:00,2025-01-29,4000.0,4000.0,4000.0,4000.0,0,30,0
BANKNIFTY29JAN2557000PE.NFO,2024-11-27,13:20:00,2025-01-29,4000.0,4000.0,4000.0,4000.0,0,30,0
BANKNIFTY29JAN2557000PE.NFO,2024-11-27,13:21:00,2025-01-29,4000.0,4000.0,4000.0,4000.0,0,30,0
BANKNIFTY29JAN2557000PE.NFO,2024-11-27,13:22:00,2025-01-29,4000.0,4000.0,4000.0,4000.0,0,30,0
BANKNIFTY29JAN2557000PE.NFO,2024-11-27,13:23:00,2025-01-29,4000.0,4000.0,4000.0,4000.0,0,30,0
BANKNIFTY29JAN2557000PE.NFO,2024-11-27,13:24:00,2025-01-29,4000.0,4000.0,4000.0,4000.0,0,30,0
BANKNIFTY29JAN2557000PE.NFO,2024-11-27,13:25:00,2025-01-29,4000.0,4000.0,4000.0,4000.0,0,30,0
BANKNIFTY29JAN2557000PE.NFO,2024-11-27,13:26:00,2025-01-29,4000.0,4000.0,4000.0,4000.0,0,30,0
BANKNIFTY29JAN2557000PE.NFO,2024-11-27,13:27:00,2025-01-29,4000.0,4000.0,4000.0,4000.0,0,30,0
BANKNIFTY29JAN2557000PE.NFO,2024-11-27,13:28:00,2025-01-29,4000.0,4000.0,4000.0,4000.0,0,30,0
BANKNIFTY29JAN2557000PE.NFO,2024-11-27,13:29:00,2025-01-29,4000.0,4000.0,4000.0,4000.0,0,30,0
BANKNIFTY29JAN2557000PE.NFO,2024-11-27,13:30:00,2025-01-29,4000.0,4000.0,4000.0,4000.0,0,30,0
BANKNIFTY29JAN2557000PE.NFO,2024-11-27,13:31:00,2025-01-29,4000.0,4000.0,4000.0,4000.0,0,30,0
BANKNIFTY29JAN2557000PE.NFO,2024-11-27,13:32:00,2025-01-29,4000.0,4000.0,4000.0,4000.0,0,30,0
BANKNIFTY29JAN2557000PE.NFO,2024-11-27,13:33:00,2025-01-29,4000.0,4000.0,4000.0,4000.0,0,30,0
BANKNIFTY29JAN2557000PE.NFO,2024-11-27,13:34:00,2025-01-29,4000.0,4000.0,4000.0,4000.0,0,30,0
BANKNIFTY29JAN2557000PE.NFO,2024-11-27,13:35:00,2025-01-29,4000.0,4000.0,4000.0,4000.0,0,30,0
BANKNIFTY29JAN2557000PE.NFO,2024-11-27,13:36:00,2025-01-29,4000.0,4000.0,4000.0,4000.0,0,30,0
BANKNIFTY29JAN2557000PE.NFO,2024-11-27,13:37:00,2025-01-29,4000.0,4000.0,4000.0,4000.0,0,30,0
BANKNIFTY29JAN2557000PE.NFO,2024-11-27,13:38:00,2025-01-29,4000.0,4000.0,4000.0,4000.0,0,30,0
BANKNIFTY29JAN2557000PE.NFO,2024-11-27,13:39:00,2025-01-29,4000.0,4000.0,4000.0,4000.0,0,30,0
BANKNIFTY29JAN2557000PE.NFO,2024-11-27,13:40:00,2025-01-29,4000.0,4000.0,4000.0,4000.0,0,30,0
BANKNIFTY29JAN2557000PE.NFO,2024-11-27,13:41:00,2025-01-29,4000.0,4000.0,4000.0,4000.0,0,30,0
BANKNIFTY29JAN2557000PE.NFO,2024-11-27,13:42:00,2025-01-29,4000.0,4000.0,4000.0,4000.0,0,30,0
BANKNIFTY29JAN2557000PE.NFO,2024-11-27,13:43:00,2025-01-29,4000.0,4000.0,4000.0,4000.0,0,30,0
BANKNIFTY29JAN2557000PE.NFO,2024-11-27,13:44:00,2025-01-29,4000.0,4000.0,4000.0,4000.0,0,30,0
BANKNIFTY29JAN2557000PE.NFO,2024-11-27,13:45:00,2025-01-29,4000.0,4000.0,4000.0,4000.0,0,30,0
BANKNIFTY29JAN2557000PE.NFO,2024-11-27,13:46:00,2025-01-29,4000.0,4000.0,4000.0,4000.0,0,30,0
BANKNIFTY29JAN2557000PE.NFO,2024-11-27,13:47:00,2025-01-29,4000.0,4000.0,4000.0,4000.0,0,30,0
BANKNIFTY29JAN2557000PE.NFO,2024-11-27,13:48:00,2025-01-29,4000.0,4000.0,4000.0,4000.0,0,30,0
BANKNIFTY29JAN2557000PE.NFO,2024-11-27,13:49:00,2025-01-29,4000.0,4000.0,4000.0,4000.0,0,30,0
BANKNIFTY29JAN2557000PE.NFO,2024-11-27,13:50:00,2025-01-29,4000.0,4000.0,4000.0,4000.0,0,30,0
BANKNIFTY29JAN2557000PE.NFO,2024-11-27,13:51:00,2025-01-29,4000.0,4000.0,4000.0,4000.0,0,30,0
BANKNIFTY29JAN2557000PE.NFO,2024-11-27,13:52:00,2025-01-29,4000.0,4000.0,4000.0,4000.0,0,30,0
BANKNIFTY29JAN2557000PE.NFO,2024-11-27,13:53:00,2025-01-29,4000.0,4000.0,4000.0,4000.0,0,30,0
BANKNIFTY29JAN2557000PE.NFO,2024-11-27,13:54:00,2025-01-29,4000.0,4000.0,4000.0,4000.0,0,30,0
BANKNIFTY29JAN2557000PE.NFO,2024-11-27,13:55:00,2025-01-29,4000.0,4000.0,4000.0,4000.0,0,30,0
BANKNIFTY29JAN2557000PE.NFO,2024-11-27,13:56:00,2025-01-29,4000.0,4000.0,4000.0,4000.0,0,30,0
BANKNIFTY29JAN2557000PE.NFO,2024-11-27,13:57:00,2025-01-29,4000.0,4000.0,4000.0,4000.0,0,30,0
BANKNIFTY29JAN2557000PE.NFO,2024-11-27,13:58:00,2025-01-29,4000.0,4000.0,4000.0,4000.0,0,30,0
BANKNIFTY29JAN2557000PE.NFO,2024-11-27,13:59:00,2025-01-29,4000.0,4000.0,4000.0,4000.0,0,30,0
BANKNIFTY29JAN2557000PE.NFO,2024-11-27,14:00:00,2025-01-29,4000.0,4000.0,4000.0,4000.0,0,30,0
BANKNIFTY29JAN2557000PE.NFO,2024-11-27,14:01:00,2025-01-29,4000.0,4000.0,4000.0,4000.0,0,30,0
BANKNIFTY29JAN2557000PE.NFO,2024-11-27,14:02:00,2025-01-29,4000.0,4000.0,4000.0,4000.0,0,30,0
BANKNIFTY29JAN2557000PE.NFO,2024-11-27,14:03:00,2025-01-29,4000.0,4000.0,4000.0,4000.0,0,30,0
BANKNIFTY29JAN2557000PE.NFO,2024-11-27,14:04:00,2025-01-29,4000.0,4000.0,4000.0,4000.0,0,30,0
BANKNIFTY29JAN2557000PE.NFO,2024-11-27,14:05:00,2025-01-29,4000.0,4000.0,4000.0,4000.0,0,30,0
BANKNIFTY29JAN2557000PE.NFO,2024-11-27,14:06:00,2025-01-29,4000.0,4000.0,4000.0,4000.0,0,30,0
BANKNIFTY29JAN2557000PE.NFO,2024-11-27,14:07:00,2025-01-29,4000.0,4000.0,4000.0,4000.0,0,30,0
BANKNIFTY29JAN2557000PE.NFO,2024-11-27,14:08:00,2025-01-29,4000.0,4000.0,4000.0,4000.0,0,30,0
BANKNIFTY29JAN2557000PE.NFO,2024-11-27,14:09:00,2025-01-29,4000.0,4000.0,4000.0,4000.0,0,30,0
BANKNIFTY29JAN2557000PE.NFO,2024-11-27,14:10:00,2025-01-29,4000.0,4000.0,4000.0,4000.0,0,30,0
BANKNIFTY29JAN2557000PE.NFO,2024-11-27,14:11:00,2025-01-29,4000.0,4000.0,4000.0,4000.0,0,30,0
BANKNIFTY29JAN2557000PE.NFO,2024-11-27,14:12:00,2025-01-29,4000.0,4000.0,4000.0,4000.0,0,30,0
BANKNIFTY29JAN2557000PE.NFO,2024-11-27,14:13:00,2025-01-29,4000.0,4000.0,4000.0,4000.0,0,30,0
BANKNIFTY29JAN2557000PE.NFO,2024-11-27,14:14:00,2025-01-29,4000.0,4000.0,4000.0,4000.0,0,30,0
BANKNIFTY29JAN2557000PE.NFO,2024-11-27,14:15:00,2025-01-29,4000.0,4000.0,4000.0,4000.0,0,30,0
BANKNIFTY29JAN2557000PE.NFO,2024-11-27,14:16:00,2025-01-29,4000.0,4000.0,4000.0,4000.0,0,30,0
BANKNIFTY29JAN2557000PE.NFO,2024-11-27,14:17:00,2025-01-29,4000.0,4000.0,4000.0,4000.0,0,30,0
BANKNIFTY29JAN2557000PE.NFO,2024-11-27,14:18:00,2025-01-29,4000.0,4000.0,4000.0,4000.0,0,30,0
BANKNIFTY29JAN2557000PE.NFO,2024-11-27,14:19:00,2025-01-29,4000.0,4000.0,4000.0,4000.0,0,30,0
BANKNIFTY29JAN2557000PE.NFO,2024-11-27,14:20:00,2025-01-29,4000.0,4000.0,4000.0,4000.0,0,30,0
BANKNIFTY29JAN2557000PE.NFO,2024-11-27,14:21:00,2025-01-29,4000.0,4000.0,4000.0,4000.0,0,30,0
BANKNIFTY29JAN2557000PE.NFO,2024-11-27,14:22:00,2025-01-29,4000.0,4000.0,4000.0,4000.0,0,30,0
BANKNIFTY29JAN2557000PE.NFO,2024-11-27,14:23:00,2025-01-29,4000.0,4000.0,4000.0,4000.0,0,30,0
BANKNIFTY29JAN2557000PE.NFO,2024-11-27,14:24:00,2025-01-29,4000.0,4000.0,4000.0,4000.0,0,30,0
BANKNIFTY29JAN2557000PE.NFO,2024-11-27,14:25:00,2025-01-29,4000.0,4000.0,4000.0,4000.0,0,30,0
BANKNIFTY29JAN2557000PE.NFO,2024-11-27,14:26:00,2025-01-29,4000.0,4000.0,4000.0,4000.0,0,30,0
BANKNIFTY29JAN2557000PE.NFO,2024-11-27,14:27:00,2025-01-29,4000.0,4000.0,4000.0,4000.0,0,30,0
BANKNIFTY29JAN2557000PE.NFO,2024-11-27,14:28:00,2025-01-29,4000.0,4000.0,4000.0,4000.0,0,30,0
BANKNIFTY29JAN2557000PE.NFO,2024-11-27,14:29:00,2025-01-29,4000.0,4009.0,4000.0,4009.0,60,45,0
BANKNIFTY29JAN2557000PE.NFO,2024-11-27,14:30:00,2025-01-29,4009.0,4009.0,4009.0,4009.0,0,45,0
BANKNIFTY29JAN2557000PE.NFO,2024-11-27,14:31:00,2025-01-29,4009.0,4009.0,4009.0,4009.0,0,45,0
BANKNIFTY29JAN2557000PE.NFO,2024-11-27,14:32:00,2025-01-29,4009.0,4009.0,4009.0,4009.0,0,45,0
BANKNIFTY29JAN2557000PE.NFO,2024-11-27,14:33:00,2025-01-29,4009.0,4009.0,4009.0,4009.0,0,45,0
BANKNIFTY29JAN2557000PE.NFO,2024-11-27,14:34:00,2025-01-29,4009.0,4009.0,4009.0,4009.0,0,45,0
BANKNIFTY29JAN2557000PE.NFO,2024-11-27,14:35:00,2025-01-29,4009.0,4009.0,4009.0,4009.0,0,45,0
BANKNIFTY29JAN2557000PE.NFO,2024-11-27,14:36:00,2025-01-29,4009.0,4009.0,4009.0,4009.0,0,45,0
BANKNIFTY29JAN2557000PE.NFO,2024-11-27,14:37:00,2025-01-29,4009.0,4009.0,4009.0,4009.0,0,45,0
BANKNIFTY29JAN2557000PE.NFO,2024-11-27,14:38:00,2025-01-29,4009.0,4009.0,4009.0,4009.0,0,45,0
BANKNIFTY29JAN2557000PE.NFO,2024-11-27,14:39:00,2025-01-29,4009.0,4009.0,4009.0,4009.0,0,45,0
BANKNIFTY29JAN2557000PE.NFO,2024-11-27,14:40:00,2025-01-29,4009.0,4009.0,4009.0,4009.0,0,45,0
BANKNIFTY29JAN2557000PE.NFO,2024-11-27,14:41:00,2025-01-29,4009.0,4009.0,4009.0,4009.0,0,45,0
BANKNIFTY29JAN2557000PE.NFO,2024-11-27,14:42:00,2025-01-29,4009.0,4009.0,4009.0,4009.0,0,45,0
BANKNIFTY29JAN2557000PE.NFO,2024-11-27,14:43:00,2025-01-29,4009.0,4009.0,4009.0,4009.0,0,45,0
BANKNIFTY29JAN2557000PE.NFO,2024-11-27,14:44:00,2025-01-29,4009.0,4009.0,4009.0,4009.0,0,45,0
BANKNIFTY29JAN2557000PE.NFO,2024-11-27,14:45:00,2025-01-29,4009.0,4009.0,4009.0,4009.0,0,45,0
BANKNIFTY29JAN2557000PE.NFO,2024-11-27,14:46:00,2025-01-29,4009.0,4009.0,4009.0,4009.0,0,45,0
BANKNIFTY29JAN2557000PE.NFO,2024-11-27,14:47:00,2025-01-29,4009.0,4009.0,4009.0,4009.0,0,45,0
BANKNIFTY29JAN2557000PE.NFO,2024-11-27,14:48:00,2025-01-29,4009.0,4009.0,4009.0,4009.0,0,45,0
BANKNIFTY29JAN2557000PE.NFO,2024-11-27,14:49:00,2025-01-29,4009.0,4009.0,4009.0,4009.0,0,45,0
BANKNIFTY29JAN2557000PE.NFO,2024-11-27,14:50:00,2025-01-29,4009.0,4009.0,4009.0,4009.0,0,45,0
BANKNIFTY29JAN2557000PE.NFO,2024-11-27,14:51:00,2025-01-29,4009.0,4009.0,4009.0,4009.0,0,45,0
BANKNIFTY29JAN2557000PE.NFO,2024-11-27,14:52:00,2025-01-29,4009.0,4009.0,4009.0,4009.0,0,45,0
BANKNIFTY29JAN2557000PE.NFO,2024-11-27,14:53:00,2025-01-29,4009.0,4009.0,4009.0,4009.0,0,45,0
BANKNIFTY29JAN2557000PE.NFO,2024-11-27,14:54:00,2025-01-29,4009.0,4009.0,4009.0,4009.0,0,45,0
BANKNIFTY29JAN2557000PE.NFO,2024-11-27,14:55:00,2025-01-29,4009.0,4009.0,4009.0,4009.0,0,45,0
BANKNIFTY29JAN2557000PE.NFO,2024-11-27,14:56:00,2025-01-29,4009.0,4009.0,4009.0,4009.0,0,45,0
BANKNIFTY29JAN2557000PE.NFO,2024-11-27,14:57:00,2025-01-29,4009.0,4009.0,4009.0,4009.0,0,45,0
BANKNIFTY29JAN2557000PE.NFO,2024-11-27,14:58:00,2025-01-29,4009.0,4009.0,4009.0,4009.0,0,45,0
BANKNIFTY29JAN2557000PE.NFO,2024-11-27,14:59:00,2025-01-29,4009.0,4009.0,4009.0,4009.0,0,45,0
BANKNIFTY29JAN2557000PE.NFO,2024-11-27,15:00:00,2025-01-29,4009.0,4009.0,4009.0,4009.0,0,45,0
BANKNIFTY29JAN2557000PE.NFO,2024-11-27,15:01:00,2025-01-29,4009.0,4009.0,4009.0,4009.0,0,45,0
BANKNIFTY29JAN2557000PE.NFO,2024-11-27,15:02:00,2025-01-29,4009.0,4009.0,4009.0,4009.0,0,45,0
BANKNIFTY29JAN2557000PE.NFO,2024-11-27,15:03:00,2025-01-29,4009.0,4009.0,4009.0,4009.0,0,45,0
BANKNIFTY29JAN2557000PE.NFO,2024-11-27,15:04:00,2025-01-29,4009.0,4009.0,4009.0,4009.0,0,45,0
BANKNIFTY29JAN2557000PE.NFO,2024-11-27,15:05:00,2025-01-29,4009.0,4009.0,4009.0,4009.0,0,45,0
BANKNIFTY29JAN2557000PE.NFO,2024-11-27,15:06:00,2025-01-29,4009.0,4009.0,4009.0,4009.0,0,45,0
BANKNIFTY29JAN2557000PE.NFO,2024-11-27,15:07:00,2025-01-29,4009.0,4009.0,4009.0,4009.0,0,45,0
BANKNIFTY29JAN2557000PE.NFO,2024-11-27,15:08:00,2025-01-29,4009.0,4009.0,4009.0,4009.0,0,45,0
BANKNIFTY29JAN2557000PE.NFO,2024-11-27,15:09:00,2025-01-29,4009.0,4009.0,4009.0,4009.0,0,45,0
BANKNIFTY29JAN2557000PE.NFO,2024-11-27,15:10:00,2025-01-29,4009.0,4009.0,4009.0,4009.0,0,45,0
BANKNIFTY29JAN2557000PE.NFO,2024-11-27,15:11:00,2025-01-29,4009.0,4009.0,4009.0,4009.0,0,45,0
BANKNIFTY29JAN2557000PE.NFO,2024-11-27,15:12:00,2025-01-29,4009.0,4009.0,4009.0,4009.0,0,45,0
BANKNIFTY29JAN2557000PE.NFO,2024-11-27,15:13:00,2025-01-29,4009.0,4009.0,4009.0,4009.0,0,45,0
BANKNIFTY29JAN2557000PE.NFO,2024-11-27,15:14:00,2025-01-29,4009.0,4009.0,4009.0,4009.0,0,45,0
BANKNIFTY29JAN2557000PE.NFO,2024-11-27,15:15:00,2025-01-29,4009.0,4009.0,4009.0,4009.0,0,45,0
BANKNIFTY29JAN2557000PE.NFO,2024-11-27,15:16:00,2025-01-29,4009.0,4009.0,4009.0,4009.0,0,45,0
BANKNIFTY29JAN2557000PE.NFO,2024-11-27,15:17:00,2025-01-29,4009.0,4009.0,4009.0,4009.0,0,45,0
BANKNIFTY29JAN2557000PE.NFO,2024-11-27,15:18:00,2025-01-29,4009.0,4009.0,4009.0,4009.0,0,45,0
BANKNIFTY29JAN2557000PE.NFO,2024-11-27,15:19:00,2025-01-29,4009.0,4009.0,4009.0,4009.0,0,45,0
BANKNIFTY29JAN2557000PE.NFO,2024-11-27,15:20:00,2025-01-29,4009.0,4009.0,4009.0,4009.0,0,45,0
BANKNIFTY29JAN2557000PE.NFO,2024-11-27,15:21:00,2025-01-29,4009.0,4009.0,4009.0,4009.0,0,45,0
BANKNIFTY29JAN2557000PE.NFO,2024-11-27,15:22:00,2025-01-29,4009.0,4009.0,4009.0,4009.0,0,45,1
BANKNIFTY29JAN2557000PE.NFO,2024-11-27,15:23:00,2025-01-29,4009.0,4009.0,4009.0,4009.0,0,45,0
BANKNIFTY29JAN2557000PE.NFO,2024-11-27,15:24:00,2025-01-29,4009.0,4009.0,4009.0,4009.0,0,45,0
BANKNIFTY29JAN2557000PE.NFO,2024-11-27,15:25:00,2025-01-29,4009.0,4009.0,4009.0,4009.0,0,45,0
BANKNIFTY29JAN2557000PE.NFO,2024-11-27,15:26:00,2025-01-29,4009.0,4009.0,4009.0,4009.0,0,45,0
BANKNIFTY29JAN2557000PE.NFO,2024-11-27,15:27:00,2025-01-29,4009.0,4009.0,4009.0,4009.0,0,45,0
BANKNIFTY29JAN2557000PE.NFO,2024-11-27,15:28:00,2025-01-29,4009.0,4009.0,4009.0,4009.0,0,45,0
BANKNIFTY29JAN2557000PE.NFO,2024-11-27,15:29:00,2025-01-29,4009.0,4009.0,4009.0,4009.0,0,45,0
BANKNIFTY29JAN2557000PE.NFO,2024-11-27,15:30:00,2025-01-29,4009.0,4009.0,4009.0,4009.0,0,45,1
BANKNIFTY29JAN2557000PE.NFO,2024-11-28,09:15:00,2025-01-29,4378.9,4378.9,4378.9,4378.9,0,105,1
BANKNIFTY29JAN2557000PE.NFO,2024-11-28,09:16:00,2025-01-29,4378.9,4378.9,4378.9,4378.9,0,105,1
BANKNIFTY29JAN2557000PE.NFO,2024-11-28,09:17:00,2025-01-29,4378.9,4378.9,4378.9,4378.9,0,105,1
BANKNIFTY29JAN2557000PE.NFO,2024-11-28,09:18:00,2025-01-29,4378.9,4378.9,4378.9,4378.9,0,105,1
BANKNIFTY29JAN2557000PE.NFO,2024-11-28,09:19:00,2025-01-29,4378.9,4378.9,4378.9,4378.9,0,105,1
BANKNIFTY29JAN2557000PE.NFO,2024-11-28,09:20:00,2025-01-29,4378.9,4378.9,4378.9,4378.9,0,105,1
BANKNIFTY29JAN2557000PE.NFO,2024-11-28,09:21:00,2025-01-29,4378.9,4378.9,4378.9,4378.9,0,105,1
BANKNIFTY29JAN2557000PE.NFO,2024-11-28,09:22:00,2025-01-29,4378.9,4378.9,4378.9,4378.9,0,105,1
BANKNIFTY29JAN2557000PE.NFO,2024-11-28,09:23:00,2025-01-29,4378.9,4378.9,4378.9,4378.9,0,105,1
BANKNIFTY29JAN2557000PE.NFO,2024-11-28,09:24:00,2025-01-29,4378.9,4378.9,4378.9,4378.9,0,105,1
BANKNIFTY29JAN2557000PE.NFO,2024-11-28,09:25:00,2025-01-29,4378.9,4378.9,4378.9,4378.9,0,105,1
BANKNIFTY29JAN2557000PE.NFO,2024-11-28,09:26:00,2025-01-29,4378.9,4378.9,4378.9,4378.9,0,105,1
BANKNIFTY29JAN2557000PE.NFO,2024-11-28,09:27:00,2025-01-29,4378.9,4378.9,4378.9,4378.9,0,105,1
BANKNIFTY29JAN2557000PE.NFO,2024-11-28,09:28:00,2025-01-29,4378.9,4378.9,4378.9,4378.9,0,105,1
BANKNIFTY29JAN2557000PE.NFO,2024-11-28,09:29:00,2025-01-29,4378.9,4378.9,4378.9,4378.9,0,105,1
BANKNIFTY29JAN2557000PE.NFO,2024-11-28,09:30:00,2025-01-29,4378.9,4378.9,4378.9,4378.9,0,105,1
BANKNIFTY29JAN2557000PE.NFO,2024-11-28,09:31:00,2025-01-29,4378.9,4378.9,4378.9,4378.9,0,105,1
BANKNIFTY29JAN2557000PE.NFO,2024-11-28,09:32:00,2025-01-29,4378.9,4378.9,4378.9,4378.9,0,105,1
BANKNIFTY29JAN2557000PE.NFO,2024-11-28,09:33:00,2025-01-29,4378.9,4378.9,4378.9,4378.9,0,105,1
BANKNIFTY29JAN2557000PE.NFO,2024-11-28,09:34:00,2025-01-29,4378.9,4378.9,4378.9,4378.9,0,105,1
BANKNIFTY29JAN2557000PE.NFO,2024-11-28,09:35:00,2025-01-29,4378.9,4378.9,4378.9,4378.9,0,105,1
BANKNIFTY29JAN2557000PE.NFO,2024-11-28,09:36:00,2025-01-29,4378.9,4378.9,4378.9,4378.9,0,105,1
BANKNIFTY29JAN2557000PE.NFO,2024-11-28,09:37:00,2025-01-29,4378.9,4378.9,4378.9,4378.9,0,105,1
BANKNIFTY29JAN2557000PE.NFO,2024-11-28,09:38:00,2025-01-29,4378.9,4378.9,4378.9,4378.9,0,105,1
BANKNIFTY29JAN2557000PE.NFO,2024-11-28,09:39:00,2025-01-29,4378.9,4378.9,4378.9,4378.9,0,105,1
BANKNIFTY29JAN2557000PE.NFO,2024-11-28,09:40:00,2025-01-29,4378.9,4378.9,4378.9,4378.9,0,105,1
BANKNIFTY29JAN2557000PE.NFO,2024-11-28,09:41:00,2025-01-29,4378.9,4378.9,4378.9,4378.9,0,105,1
BANKNIFTY29JAN2557000PE.NFO,2024-11-28,09:42:00,2025-01-29,4378.9,4378.9,4378.9,4378.9,0,105,1
BANKNIFTY29JAN2557000PE.NFO,2024-11-28,09:43:00,2025-01-29,4378.9,4378.9,4378.9,4378.9,0,105,1
BANKNIFTY29JAN2557000PE.NFO,2024-11-28,09:44:00,2025-01-29,4378.9,4378.9,4378.9,4378.9,0,105,1
BANKNIFTY29JAN2557000PE.NFO,2024-11-28,09:45:00,2025-01-29,4378.9,4378.9,4378.9,4378.9,0,105,1
BANKNIFTY29JAN2557000PE.NFO,2024-11-28,09:46:00,2025-01-29,4378.9,4378.9,4378.9,4378.9,0,105,1
BANKNIFTY29JAN2557000PE.NFO,2024-11-28,09:47:00,2025-01-29,4378.9,4378.9,4378.9,4378.9,0,105,1
BANKNIFTY29JAN2557000PE.NFO,2024-11-28,09:48:00,2025-01-29,4378.9,4378.9,4378.9,4378.9,0,105,1
BANKNIFTY29JAN2557000PE.NFO,2024-11-28,09:49:00,2025-01-29,4378.9,4378.9,4378.9,4378.9,0,105,1
BANKNIFTY29JAN2557000PE.NFO,2024-11-28,09:50:00,2025-01-29,4378.9,4378.9,4378.9,4378.9,0,105,1
BANKNIFTY29JAN2557000PE.NFO,2024-11-28,09:51:00,2025-01-29,4378.9,4378.9,4378.9,4378.9,0,105,1
BANKNIFTY29JAN2557000PE.NFO,2024-11-28,09:52:00,2025-01-29,4378.9,4378.9,4378.9,4378.9,0,105,1
BANKNIFTY29JAN2557000PE.NFO,2024-11-28,09:53:00,2025-01-29,4378.9,4378.9,4378.9,4378.9,0,105,1
BANKNIFTY29JAN2557000PE.NFO,2024-11-28,09:54:00,2025-01-29,4378.9,4378.9,4378.9,4378.9,0,105,1
BANKNIFTY29JAN2557000PE.NFO,2024-11-28,09:55:00,2025-01-29,4378.9,4378.9,4378.9,4378.9,0,105,1
BANKNIFTY29JAN2557000PE.NFO,2024-11-28,09:56:00,2025-01-29,4378.9,4378.9,4378.9,4378.9,0,105,1
BANKNIFTY29JAN2557000PE.NFO,2024-11-28,09:57:00,2025-01-29,4378.9,4378.9,4378.9,4378.9,0,105,1
BANKNIFTY29JAN2557000PE.NFO,2024-11-28,09:58:00,2025-01-29,4378.9,4378.9,4378.9,4378.9,0,105,1
BANKNIFTY29JAN2557000PE.NFO,2024-11-28,09:59:00,2025-01-29,4378.9,4378.9,4378.9,4378.9,0,105,1
BANKNIFTY29JAN2557000PE.NFO,2024-11-28,10:00:00,2025-01-29,4378.9,4378.9,4378.9,4378.9,0,105,1
BANKNIFTY29JAN2557000PE.NFO,2024-11-28,10:01:00,2025-01-29,4378.9,4378.9,4378.9,4378.9,0,105,1
BANKNIFTY29JAN2557000PE.NFO,2024-11-28,10:02:00,2025-01-29,4378.9,4378.9,4378.9,4378.9,0,105,1
BANKNIFTY29JAN2557000PE.NFO,2024-11-28,10:03:00,2025-01-29,4378.9,4378.9,4378.9,4378.9,0,105,1
BANKNIFTY29JAN2557000PE.NFO,2024-11-28,10:04:00,2025-01-29,4378.9,4378.9,4378.9,4378.9,0,105,1
BANKNIFTY29JAN2557000PE.NFO,2024-11-28,10:05:00,2025-01-29,4378.9,4378.9,4378.9,4378.9,0,105,1
BANKNIFTY29JAN2557000PE.NFO,2024-11-28,10:06:00,2025-01-29,4378.9,4378.9,4378.9,4378.9,0,105,1
BANKNIFTY29JAN2557000PE.NFO,2024-11-28,10:07:00,2025-01-29,4378.9,4378.9,4378.9,4378.9,0,105,1
BANKNIFTY29JAN2557000PE.NFO,2024-11-28,10:08:00,2025-01-29,4378.9,4378.9,4378.9,4378.9,0,105,1
BANKNIFTY29JAN2557000PE.NFO,2024-11-28,10:09:00,2025-01-29,4378.9,4378.9,4378.9,4378.9,0,105,1
BANKNIFTY29JAN2557000PE.NFO,2024-11-28,10:10:00,2025-01-29,4378.9,4378.9,4378.9,4378.9,0,105,1
BANKNIFTY29JAN2557000PE.NFO,2024-11-28,10:11:00,2025-01-29,4378.9,4378.9,4378.9,4378.9,0,105,1
BANKNIFTY29JAN2557000PE.NFO,2024-11-28,10:12:00,2025-01-29,4378.9,4378.9,4378.9,4378.9,0,105,1
BANKNIFTY29JAN2557000PE.NFO,2024-11-28,10:13:00,2025-01-29,4378.9,4378.9,4378.9,4378.9,0,105,1
BANKNIFTY29JAN2557000PE.NFO,2024-11-28,10:14:00,2025-01-29,4378.9,4378.9,4378.9,4378.9,0,105,1
BANKNIFTY29JAN2557000PE.NFO,2024-11-28,10:15:00,2025-01-29,4378.9,4378.9,4378.9,4378.9,0,105,1
BANKNIFTY29JAN2557000PE.NFO,2024-11-28,10:16:00,2025-01-29,4378.9,4378.9,4378.9,4378.9,0,105,1
BANKNIFTY29JAN2557000PE.NFO,2024-11-28,10:17:00,2025-01-29,4378.9,4378.9,4378.9,4378.9,0,105,1
BANKNIFTY29JAN2557000PE.NFO,2024-11-28,10:18:00,2025-01-29,4378.9,4378.9,4378.9,4378.9,0,105,1
BANKNIFTY29JAN2557000PE.NFO,2024-11-28,10:19:00,2025-01-29,4378.9,4378.9,4378.9,4378.9,0,105,1
BANKNIFTY29JAN2557000PE.NFO,2024-11-28,10:20:00,2025-01-29,4378.9,4378.9,4378.9,4378.9,0,105,1
BANKNIFTY29JAN2557000PE.NFO,2024-11-28,10:21:00,2025-01-29,4378.9,4378.9,4378.9,4378.9,0,105,1
BANKNIFTY29JAN2557000PE.NFO,2024-11-28,10:22:00,2025-01-29,4378.9,4378.9,4378.9,4378.9,0,105,1
BANKNIFTY29JAN2557000PE.NFO,2024-11-28,10:23:00,2025-01-29,4378.9,4378.9,4378.9,4378.9,0,105,1
BANKNIFTY29JAN2557000PE.NFO,2024-11-28,10:24:00,2025-01-29,4378.9,4378.9,4378.9,4378.9,0,105,1
BANKNIFTY29JAN2557000PE.NFO,2024-11-28,10:25:00,2025-01-29,4378.9,4378.9,4378.9,4378.9,0,105,1
BANKNIFTY29JAN2557000PE.NFO,2024-11-28,10:26:00,2025-01-29,4378.9,4378.9,4378.9,4378.9,0,105,1
BANKNIFTY29JAN2557000PE.NFO,2024-11-28,10:27:00,2025-01-29,4378.9,4378.9,4378.9,4378.9,0,105,1
BANKNIFTY29JAN2557000PE.NFO,2024-11-28,10:28:00,2025-01-29,4378.9,4378.9,4378.9,4378.9,0,105,1
BANKNIFTY29JAN2557000PE.NFO,2024-11-28,10:29:00,2025-01-29,4378.9,4378.9,4378.9,4378.9,0,105,1
BANKNIFTY29JAN2557000PE.NFO,2024-11-28,10:30:00,2025-01-29,4378.9,4378.9,4378.9,4378.9,0,105,1
BANKNIFTY29JAN2557000PE.NFO,2024-11-28,10:31:00,2025-01-29,4378.9,4378.9,4378.9,4378.9,0,105,1
BANKNIFTY29JAN2557000PE.NFO,2024-11-28,10:32:00,2025-01-29,4378.9,4378.9,4378.9,4378.9,0,105,1
BANKNIFTY29JAN2557000PE.NFO,2024-11-28,10:33:00,2025-01-29,4378.9,4378.9,4378.9,4378.9,0,105,1
BANKNIFTY29JAN2557000PE.NFO,2024-11-28,10:34:00,2025-01-29,4378.9,4378.9,4378.9,4378.9,0,105,1
BANKNIFTY29JAN2557000PE.NFO,2024-11-28,10:35:00,2025-01-29,4378.9,4378.9,4378.9,4378.9,0,105,1
BANKNIFTY29JAN2557000PE.NFO,2024-11-28,10:36:00,2025-01-29,4378.9,4378.9,4378.9,4378.9,0,105,1
BANKNIFTY29JAN2557000PE.NFO,2024-11-28,10:37:00,2025-01-29,4378.9,4378.9,4378.9,4378.9,0,105,1
BANKNIFTY29JAN2557000PE.NFO,2024-11-28,10:38:00,2025-01-29,4378.9,4378.9,4378.9,4378.9,0,105,1
BANKNIFTY29JAN2557000PE.NFO,2024-11-28,10:39:00,2025-01-29,4378.9,4378.9,4378.9,4378.9,0,105,1
BANKNIFTY29JAN2557000PE.NFO,2024-11-28,10:40:00,2025-01-29,4378.9,4378.9,4378.9,4378.9,0,105,1
BANKNIFTY29JAN2557000PE.NFO,2024-11-28,10:41:00,2025-01-29,4378.9,4378.9,4378.9,4378.9,0,105,1
BANKNIFTY29JAN2557000PE.NFO,2024-11-28,10:42:00,2025-01-29,4378.9,4378.9,4378.9,4378.9,0,105,1
BANKNIFTY29JAN2557000PE.NFO,2024-11-28,10:43:00,2025-01-29,4378.9,4378.9,4378.9,4378.9,0,105,1
BANKNIFTY29JAN2557000PE.NFO,2024-11-28,10:44:00,2025-01-29,4378.9,4378.9,4378.9,4378.9,0,105,1
BANKNIFTY29JAN2557000PE.NFO,2024-11-28,10:45:00,2025-01-29,4378.9,4378.9,4378.9,4378.9,0,105,1
BANKNIFTY29JAN2557000PE.NFO,2024-11-28,10:46:00,2025-01-29,4378.9,4378.9,4378.9,4378.9,0,105,1
BANKNIFTY29JAN2557000PE.NFO,2024-11-28,10:47:00,2025-01-29,4378.9,4378.9,4378.9,4378.9,0,105,1
BANKNIFTY29JAN2557000PE.NFO,2024-11-28,10:48:00,2025-01-29,4378.9,4378.9,4378.9,4378.9,0,105,1
BANKNIFTY29JAN2557000PE.NFO,2024-11-28,10:49:00,2025-01-29,4378.9,4378.9,4378.9,4378.9,0,105,1
BANKNIFTY29JAN2557000PE.NFO,2024-11-28,10:50:00,2025-01-29,4378.9,4378.9,4378.9,4378.9,0,105,1
BANKNIFTY29JAN2557000PE.NFO,2024-11-28,10:51:00,2025-01-29,4378.9,4378.9,4378.9,4378.9,0,105,1
BANKNIFTY29JAN2557000PE.NFO,2024-11-28,10:52:00,2025-01-29,4378.9,4378.9,4378.9,4378.9,0,105,1
BANKNIFTY29JAN2557000PE.NFO,2024-11-28,10:53:00,2025-01-29,4378.9,4378.9,4378.9,4378.9,0,105,1
BANKNIFTY29JAN2557000PE.NFO,2024-11-28,10:54:00,2025-01-29,4378.9,4378.9,4378.9,4378.9,0,105,1
BANKNIFTY29JAN2557000PE.NFO,2024-11-28,10:55:00,2025-01-29,4378.9,4378.9,4378.9,4378.9,0,105,1
BANKNIFTY29JAN2557000PE.NFO,2024-11-28,10:56:00,2025-01-29,4378.9,4378.9,4378.9,4378.9,0,105,1
BANKNIFTY29JAN2557000PE.NFO,2024-11-28,10:57:00,2025-01-29,4378.9,4378.9,4378.9,4378.9,0,105,1
BANKNIFTY29JAN2557000PE.NFO,2024-11-28,10:58:00,2025-01-29,4378.9,4378.9,4378.9,4378.9,0,105,1
BANKNIFTY29JAN2557000PE.NFO,2024-11-28,10:59:00,2025-01-29,4378.9,4378.9,4378.9,4378.9,0,105,1
BANKNIFTY29JAN2557000PE.NFO,2024-11-28,11:00:00,2025-01-29,4378.9,4378.9,4378.9,4378.9,0,105,1
BANKNIFTY29JAN2557000PE.NFO,2024-11-28,11:01:00,2025-01-29,4378.9,4378.9,4378.9,4378.9,0,105,1
BANKNIFTY29JAN2557000PE.NFO,2024-11-28,11:02:00,2025-01-29,4378.9,4378.9,4378.9,4378.9,0,105,1
BANKNIFTY29JAN2557000PE.NFO,2024-11-28,11:03:00,2025-01-29,4378.9,4378.9,4378.9,4378.9,0,105,1
BANKNIFTY29JAN2557000PE.NFO,2024-11-28,11:04:00,2025-01-29,4378.9,4378.9,4378.9,4378.9,0,105,1
BANKNIFTY29JAN2557000PE.NFO,2024-11-28,11:05:00,2025-01-29,4378.9,4378.9,4378.9,4378.9,0,105,1
BANKNIFTY29JAN2557000PE.NFO,2024-11-28,11:06:00,2025-01-29,4378.9,4378.9,4378.9,4378.9,0,105,1
BANKNIFTY29JAN2557000PE.NFO,2024-11-28,11:07:00,2025-01-29,4378.9,4378.9,4378.9,4378.9,0,105,1
BANKNIFTY29JAN2557000PE.NFO,2024-11-28,11:08:00,2025-01-29,4378.9,4378.9,4378.9,4378.9,0,105,1
BANKNIFTY29JAN2557000PE.NFO,2024-11-28,11:09:00,2025-01-29,4378.9,4378.9,4378.9,4378.9,0,105,1
BANKNIFTY29JAN2557000PE.NFO,2024-11-28,11:10:00,2025-01-29,4378.9,4378.9,4378.9,4378.9,0,105,1
BANKNIFTY29JAN2557000PE.NFO,2024-11-28,11:11:00,2025-01-29,4378.9,4378.9,4378.9,4378.9,0,105,1
BANKNIFTY29JAN2557000PE.NFO,2024-11-28,11:12:00,2025-01-29,4378.9,4378.9,4378.9,4378.9,0,105,1
BANKNIFTY29JAN2557000PE.NFO,2024-11-28,11:13:00,2025-01-29,4378.9,4378.9,4378.9,4378.9,0,105,1
BANKNIFTY29JAN2557000PE.NFO,2024-11-28,11:14:00,2025-01-29,4378.9,4378.9,4378.9,4378.9,0,105,1
BANKNIFTY29JAN2557000PE.NFO,2024-11-28,11:15:00,2025-01-29,4378.9,4378.9,4378.9,4378.9,0,105,1
BANKNIFTY29JAN2557000PE.NFO,2024-11-28,11:16:00,2025-01-29,4378.9,4378.9,4378.9,4378.9,0,105,1
BANKNIFTY29JAN2557000PE.NFO,2024-11-28,11:17:00,2025-01-29,4378.9,4378.9,4378.9,4378.9,0,105,1
BANKNIFTY29JAN2557000PE.NFO,2024-11-28,11:18:00,2025-01-29,4378.9,4378.9,4378.9,4378.9,0,105,1
BANKNIFTY29JAN2557000PE.NFO,2024-11-28,11:19:00,2025-01-29,4378.9,4378.9,4378.9,4378.9,0,105,1
BANKNIFTY29JAN2557000PE.NFO,2024-11-28,11:20:00,2025-01-29,4378.9,4378.9,4378.9,4378.9,0,105,1
BANKNIFTY29JAN2557000PE.NFO,2024-11-28,11:21:00,2025-01-29,4378.9,4378.9,4378.9,4378.9,0,105,1
BANKNIFTY29JAN2557000PE.NFO,2024-11-28,11:22:00,2025-01-29,4378.9,4378.9,4378.9,4378.9,0,105,1
BANKNIFTY29JAN2557000PE.NFO,2024-11-28,11:23:00,2025-01-29,4378.9,4378.9,4378.9,4378.9,0,105,1
BANKNIFTY29JAN2557000PE.NFO,2024-11-28,11:24:00,2025-01-29,4378.9,4378.9,4378.9,4378.9,0,105,1
BANKNIFTY29JAN2557000PE.NFO,2024-11-28,11:25:00,2025-01-29,4378.9,4378.9,4378.9,4378.9,0,105,1
BANKNIFTY29JAN2557000PE.NFO,2024-11-28,11:26:00,2025-01-29,4378.9,4378.9,4378.9,4378.9,0,105,1
BANKNIFTY29JAN2557000PE.NFO,2024-11-28,11:27:00,2025-01-29,4378.9,4378.9,4378.9,4378.9,0,105,1
BANKNIFTY29JAN2557000PE.NFO,2024-11-28,11:28:00,2025-01-29,4378.9,4378.9,4378.9,4378.9,0,105,1
BANKNIFTY29JAN2557000PE.NFO,2024-11-28,11:29:00,2025-01-29,4378.9,4378.9,4378.9,4378.9,0,105,1
BANKNIFTY29JAN2557000PE.NFO,2024-11-28,11:30:00,2025-01-29,4378.9,4378.9,4378.9,4378.9,0,105,1
BANKNIFTY29JAN2557000PE.NFO,2024-11-28,11:31:00,2025-01-29,4378.9,4378.9,4378.9,4378.9,0,105,1
BANKNIFTY29JAN2557000PE.NFO,2024-11-28,11:32:00,2025-01-29,4378.9,4378.9,4378.9,4378.9,0,105,1
BANKNIFTY29JAN2557000PE.NFO,2024-11-28,11:33:00,2025-01-29,4378.9,4378.9,4378.9,4378.9,0,105,1
BANKNIFTY29JAN2557000PE.NFO,2024-11-28,11:34:00,2025-01-29,4378.9,4378.9,4378.9,4378.9,0,105,1
BANKNIFTY29JAN2557000PE.NFO,2024-11-28,11:35:00,2025-01-29,4378.9,4378.9,4378.9,4378.9,0,105,1
BANKNIFTY29JAN2557000PE.NFO,2024-11-28,11:36:00,2025-01-29,4378.9,4378.9,4378.9,4378.9,0,105,1
BANKNIFTY29JAN2557000PE.NFO,2024-11-28,11:37:00,2025-01-29,4378.9,4378.9,4378.9,4378.9,0,105,1
BANKNIFTY29JAN2557000PE.NFO,2024-11-28,11:38:00,2025-01-29,4378.9,4378.9,4378.9,4378.9,0,105,1
BANKNIFTY29JAN2557000PE.NFO,2024-11-28,11:39:00,2025-01-29,4378.9,4378.9,4378.9,4378.9,0,105,1
BANKNIFTY29JAN2557000PE.NFO,2024-11-28,11:40:00,2025-01-29,4378.9,4378.9,4378.9,4378.9,0,105,1
BANKNIFTY29JAN2557000PE.NFO,2024-11-28,11:41:00,2025-01-29,4378.9,4378.9,4378.9,4378.9,0,105,1
BANKNIFTY29JAN2557000PE.NFO,2024-11-28,11:42:00,2025-01-29,4378.9,4378.9,4378.9,4378.9,0,105,1
BANKNIFTY29JAN2557000PE.NFO,2024-11-28,11:43:00,2025-01-29,4378.9,4378.9,4378.9,4378.9,0,105,1
BANKNIFTY29JAN2557000PE.NFO,2024-11-28,11:44:00,2025-01-29,4378.9,4378.9,4378.9,4378.9,0,105,1
BANKNIFTY29JAN2557000PE.NFO,2024-11-28,11:45:00,2025-01-29,4378.9,4378.9,4378.9,4378.9,0,105,1
BANKNIFTY29JAN2557000PE.NFO,2024-11-28,11:46:00,2025-01-29,4378.9,4378.9,4378.9,4378.9,0,105,1
BANKNIFTY29JAN2557000PE.NFO,2024-11-28,11:47:00,2025-01-29,4378.9,4378.9,4378.9,4378.9,0,105,1
BANKNIFTY29JAN2557000PE.NFO,2024-11-28,11:48:00,2025-01-29,4378.9,4378.9,4378.9,4378.9,0,105,1
BANKNIFTY29JAN2557000PE.NFO,2024-11-28,11:49:00,2025-01-29,4378.9,4378.9,4378.9,4378.9,0,105,1
BANKNIFTY29JAN2557000PE.NFO,2024-11-28,11:50:00,2025-01-29,4378.9,4378.9,4378.9,4378.9,0,105,1
BANKNIFTY29JAN2557000PE.NFO,2024-11-28,11:51:00,2025-01-29,4378.9,4378.9,4378.9,4378.9,0,105,1
BANKNIFTY29JAN2557000PE.NFO,2024-11-28,11:52:00,2025-01-29,4378.9,4378.9,4378.9,4378.9,0,105,1
BANKNIFTY29JAN2557000PE.NFO,2024-11-28,11:53:00,2025-01-29,4378.9,4378.9,4378.9,4378.9,0,105,1
BANKNIFTY29JAN2557000PE.NFO,2024-11-28,11:54:00,2025-01-29,4378.9,4378.9,4378.9,4378.9,0,105,1
BANKNIFTY29JAN2557000PE.NFO,2024-11-28,11:55:00,2025-01-29,4378.9,4378.9,4378.9,4378.9,0,105,1
BANKNIFTY29JAN2557000PE.NFO,2024-11-28,11:56:00,2025-01-29,4378.9,4378.9,4378.9,4378.9,0,105,1
BANKNIFTY29JAN2557000PE.NFO,2024-11-28,11:57:00,2025-01-29,4378.9,4378.9,4378.9,4378.9,0,105,1
BANKNIFTY29JAN2557000PE.NFO,2024-11-28,11:58:00,2025-01-29,4378.9,4378.9,4378.9,4378.9,0,105,1
BANKNIFTY29JAN2557000PE.NFO,2024-11-28,11:59:00,2025-01-29,4378.9,4378.9,4378.9,4378.9,0,105,1
BANKNIFTY29JAN2557000PE.NFO,2024-11-28,12:00:00,2025-01-29,4378.9,4378.9,4378.9,4378.9,0,105,1
BANKNIFTY29JAN2557000PE.NFO,2024-11-28,12:01:00,2025-01-29,4378.9,4378.9,4378.9,4378.9,0,105,1
BANKNIFTY29JAN2557000PE.NFO,2024-11-28,12:02:00,2025-01-29,4378.9,4378.9,4378.9,4378.9,0,105,1
BANKNIFTY29JAN2557000PE.NFO,2024-11-28,12:03:00,2025-01-29,4378.9,4378.9,4378.9,4378.9,0,105,1
BANKNIFTY29JAN2557000PE.NFO,2024-11-28,12:04:00,2025-01-29,4378.9,4378.9,4378.9,4378.9,0,105,1
BANKNIFTY29JAN2557000PE.NFO,2024-11-28,12:05:00,2025-01-29,4378.9,4378.9,4378.9,4378.9,0,105,1
BANKNIFTY29JAN2557000PE.NFO,2024-11-28,12:06:00,2025-01-29,4378.9,4378.9,4378.9,4378.9,0,105,1
BANKNIFTY29JAN2557000PE.NFO,2024-11-28,12:07:00,2025-01-29,4378.9,4378.9,4378.9,4378.9,0,105,1
BANKNIFTY29JAN2557000PE.NFO,2024-11-28,12:08:00,2025-01-29,4378.9,4378.9,4378.9,4378.9,0,105,1
BANKNIFTY29JAN2557000PE.NFO,2024-11-28,12:09:00,2025-01-29,4378.9,4378.9,4378.9,4378.9,0,105,1
BANKNIFTY29JAN2557000PE.NFO,2024-11-28,12:10:00,2025-01-29,4378.9,4378.9,4378.9,4378.9,0,105,1
BANKNIFTY29JAN2557000PE.NFO,2024-11-28,12:11:00,2025-01-29,4378.9,4378.9,4378.9,4378.9,0,105,1
BANKNIFTY29JAN2557000PE.NFO,2024-11-28,12:12:00,2025-01-29,4378.9,4378.9,4378.9,4378.9,0,105,1
BANKNIFTY29JAN2557000PE.NFO,2024-11-28,12:13:00,2025-01-29,4378.9,4378.9,4378.9,4378.9,0,105,1
BANKNIFTY29JAN2557000PE.NFO,2024-11-28,12:14:00,2025-01-29,4378.9,4378.9,4378.9,4378.9,0,105,1
BANKNIFTY29JAN2557000PE.NFO,2024-11-28,12:15:00,2025-01-29,4378.9,4378.9,4378.9,4378.9,0,105,1
BANKNIFTY29JAN2557000PE.NFO,2024-11-28,12:16:00,2025-01-29,4378.9,4378.9,4378.9,4378.9,0,105,1
BANKNIFTY29JAN2557000PE.NFO,2024-11-28,12:17:00,2025-01-29,4378.9,4378.9,4378.9,4378.9,0,105,1
BANKNIFTY29JAN2557000PE.NFO,2024-11-28,12:18:00,2025-01-29,4378.9,4378.9,4378.9,4378.9,0,105,1
BANKNIFTY29JAN2557000PE.NFO,2024-11-28,12:19:00,2025-01-29,4378.9,4378.9,4378.9,4378.9,0,105,1
BANKNIFTY29JAN2557000PE.NFO,2024-11-28,12:20:00,2025-01-29,4378.9,4378.9,4378.9,4378.9,0,105,1
BANKNIFTY29JAN2557000PE.NFO,2024-11-28,12:21:00,2025-01-29,4378.9,4378.9,4378.9,4378.9,0,105,1
BANKNIFTY29JAN2557000PE.NFO,2024-11-28,12:22:00,2025-01-29,4378.9,4378.9,4378.9,4378.9,0,105,1
BANKNIFTY29JAN2557000PE.NFO,2024-11-28,12:23:00,2025-01-29,4378.9,4378.9,4378.9,4378.9,0,105,1
BANKNIFTY29JAN2557000PE.NFO,2024-11-28,12:24:00,2025-01-29,4378.9,4378.9,4378.9,4378.9,0,105,1
BANKNIFTY29JAN2557000PE.NFO,2024-11-28,12:25:00,2025-01-29,4378.9,4378.9,4378.9,4378.9,0,105,1
BANKNIFTY29JAN2557000PE.NFO,2024-11-28,12:26:00,2025-01-29,4378.9,4378.9,4378.9,4378.9,0,105,1
BANKNIFTY29JAN2557000PE.NFO,2024-11-28,12:27:00,2025-01-29,4378.9,4378.9,4378.9,4378.9,0,105,1
BANKNIFTY29JAN2557000PE.NFO,2024-11-28,12:28:00,2025-01-29,4378.9,4378.9,4378.9,4378.9,0,105,1
BANKNIFTY29JAN2557000PE.NFO,2024-11-28,12:29:00,2025-01-29,4378.9,4378.9,4378.9,4378.9,0,105,1
BANKNIFTY29JAN2557000PE.NFO,2024-11-28,12:30:00,2025-01-29,4378.9,4378.9,4378.9,4378.9,0,105,1
BANKNIFTY29JAN2557000PE.NFO,2024-11-28,12:31:00,2025-01-29,4378.9,4378.9,4378.9,4378.9,0,105,1
BANKNIFTY29JAN2557000PE.NFO,2024-11-28,12:32:00,2025-01-29,4378.9,4378.9,4378.9,4378.9,0,105,1
BANKNIFTY29JAN2557000PE.NFO,2024-11-28,12:33:00,2025-01-29,4378.9,4378.9,4378.9,4378.9,0,105,1
BANKNIFTY29JAN2557000PE.NFO,2024-11-28,12:34:00,2025-01-29,4378.9,4378.9,4378.9,4378.9,0,105,1
BANKNIFTY29JAN2557000PE.NFO,2024-11-28,12:35:00,2025-01-29,4378.9,4378.9,4378.9,4378.9,0,105,1
BANKNIFTY29JAN2557000PE.NFO,2024-11-28,12:36:00,2025-01-29,4378.9,4378.9,4378.9,4378.9,0,105,1
BANKNIFTY29JAN2557000PE.NFO,2024-11-28,12:37:00,2025-01-29,4378.9,4378.9,4378.9,4378.9,0,105,1
BANKNIFTY29JAN2557000PE.NFO,2024-11-28,12:38:00,2025-01-29,4378.9,4378.9,4378.9,4378.9,0,105,1
BANKNIFTY29JAN2557000PE.NFO,2024-11-28,12:39:00,2025-01-29,4378.9,4378.9,4378.9,4378.9,0,105,1
BANKNIFTY29JAN2557000PE.NFO,2024-11-28,12:40:00,2025-01-29,4378.9,4378.9,4378.9,4378.9,0,105,1
BANKNIFTY29JAN2557000PE.NFO,2024-11-28,12:41:00,2025-01-29,4378.9,4378.9,4378.9,4378.9,0,105,1
BANKNIFTY29JAN2557000PE.NFO,2024-11-28,12:42:00,2025-01-29,4378.9,4378.9,4378.9,4378.9,0,105,1
BANKNIFTY29JAN2557000PE.NFO,2024-11-28,12:43:00,2025-01-29,4378.9,4378.9,4378.9,4378.9,0,105,1
BANKNIFTY29JAN2557000PE.NFO,2024-11-28,12:44:00,2025-01-29,4378.9,4378.9,4378.9,4378.9,0,105,1
BANKNIFTY29JAN2557000PE.NFO,2024-11-28,12:45:00,2025-01-29,4378.9,4378.9,4378.9,4378.9,0,105,1
BANKNIFTY29JAN2557000PE.NFO,2024-11-28,12:46:00,2025-01-29,4378.9,4378.9,4378.9,4378.9,0,105,1
BANKNIFTY29JAN2557000PE.NFO,2024-11-28,12:47:00,2025-01-29,4378.9,4378.9,4378.9,4378.9,0,105,1
BANKNIFTY29JAN2557000PE.NFO,2024-11-28,12:48:00,2025-01-29,4378.9,4378.9,4378.9,4378.9,0,105,1
BANKNIFTY29JAN2557000PE.NFO,2024-11-28,12:49:00,2025-01-29,4378.9,4378.9,4378.9,4378.9,0,105,1
BANKNIFTY29JAN2557000PE.NFO,2024-11-28,12:50:00,2025-01-29,4378.9,4378.9,4378.9,4378.9,0,105,1
BANKNIFTY29JAN2557000PE.NFO,2024-11-28,12:51:00,2025-01-29,4378.9,4378.9,4378.9,4378.9,0,105,1
BANKNIFTY29JAN2557000PE.NFO,2024-11-28,12:52:00,2025-01-29,4378.9,4378.9,4378.9,4378.9,0,105,1
BANKNIFTY29JAN2557000PE.NFO,2024-11-28,12:53:00,2025-01-29,4378.9,4378.9,4378.9,4378.9,0,105,1
BANKNIFTY29JAN2557000PE.NFO,2024-11-28,12:54:00,2025-01-29,4378.9,4378.9,4378.9,4378.9,0,105,1
BANKNIFTY29JAN2557000PE.NFO,2024-11-28,12:55:00,2025-01-29,4378.9,4378.9,4378.9,4378.9,0,105,1
BANKNIFTY29JAN2557000PE.NFO,2024-11-28,12:56:00,2025-01-29,4378.9,4378.9,4378.9,4378.9,0,105,1
BANKNIFTY29JAN2557000PE.NFO,2024-11-28,12:57:00,2025-01-29,4378.9,4378.9,4378.9,4378.9,0,105,1
BANKNIFTY29JAN2557000PE.NFO,2024-11-28,12:58:00,2025-01-29,4378.9,4378.9,4378.9,4378.9,0,105,1
BANKNIFTY29JAN2557000PE.NFO,2024-11-28,12:59:00,2025-01-29,4378.9,4378.9,4378.9,4378.9,0,105,1
BANKNIFTY29JAN2557000PE.NFO,2024-11-28,13:00:00,2025-01-29,4378.9,4378.9,4378.9,4378.9,0,105,1
BANKNIFTY29JAN2557000PE.NFO,2024-11-28,13:01:00,2025-01-29,4378.9,4378.9,4378.9,4378.9,0,105,1
BANKNIFTY29JAN2557000PE.NFO,2024-11-28,13:02:00,2025-01-29,4378.9,4378.9,4378.9,4378.9,0,105,1
BANKNIFTY29JAN2557000PE.NFO,2024-11-28,13:03:00,2025-01-29,4378.9,4378.9,4378.9,4378.9,0,105,1
BANKNIFTY29JAN2557000PE.NFO,2024-11-28,13:04:00,2025-01-29,4378.9,4378.9,4378.9,4378.9,0,105,1
BANKNIFTY29JAN2557000PE.NFO,2024-11-28,13:05:00,2025-01-29,4378.9,4378.9,4378.9,4378.9,0,105,1
BANKNIFTY29JAN2557000PE.NFO,2024-11-28,13:06:00,2025-01-29,4378.9,4378.9,4378.9,4378.9,0,105,1
BANKNIFTY29JAN2557000PE.NFO,2024-11-28,13:07:00,2025-01-29,4378.9,4378.9,4378.9,4378.9,0,105,1
BANKNIFTY29JAN2557000PE.NFO,2024-11-28,13:08:00,2025-01-29,4378.9,4378.9,4378.9,4378.9,0,105,1
BANKNIFTY29JAN2557000PE.NFO,2024-11-28,13:09:00,2025-01-29,4378.9,4378.9,4378.9,4378.9,0,105,1
BANKNIFTY29JAN2557000PE.NFO,2024-11-28,13:10:00,2025-01-29,4378.9,4378.9,4378.9,4378.9,0,105,1
BANKNIFTY29JAN2557000PE.NFO,2024-11-28,13:11:00,2025-01-29,4378.9,4378.9,4378.9,4378.9,0,105,1
BANKNIFTY29JAN2557000PE.NFO,2024-11-28,13:12:00,2025-01-29,4378.9,4378.9,4378.9,4378.9,0,105,1
BANKNIFTY29JAN2557000PE.NFO,2024-11-28,13:13:00,2025-01-29,4378.9,4378.9,4378.9,4378.9,0,105,1
BANKNIFTY29JAN2557000PE.NFO,2024-11-28,13:14:00,2025-01-29,4378.9,4378.9,4378.9,4378.9,0,105,1
BANKNIFTY29JAN2557000PE.NFO,2024-11-28,13:15:00,2025-01-29,4378.9,4378.9,4378.9,4378.9,0,105,1
BANKNIFTY29JAN2557000PE.NFO,2024-11-28,13:16:00,2025-01-29,4378.9,4378.9,4378.9,4378.9,0,105,1
BANKNIFTY29JAN2557000PE.NFO,2024-11-28,13:17:00,2025-01-29,4378.9,4378.9,4378.9,4378.9,0,105,1
BANKNIFTY29JAN2557000PE.NFO,2024-11-28,13:18:00,2025-01-29,4378.9,4378.9,4378.9,4378.9,0,105,1
BANKNIFTY29JAN2557000PE.NFO,2024-11-28,13:19:00,2025-01-29,4378.9,4378.9,4378.9,4378.9,0,105,1
BANKNIFTY29JAN2557000PE.NFO,2024-11-28,13:20:00,2025-01-29,4378.9,4378.9,4378.9,4378.9,0,105,1
BANKNIFTY29JAN2557000PE.NFO,2024-11-28,13:21:00,2025-01-29,4378.9,4378.9,4378.9,4378.9,0,105,1
BANKNIFTY29JAN2557000PE.NFO,2024-11-28,13:22:00,2025-01-29,4378.9,4378.9,4378.9,4378.9,0,105,1
BANKNIFTY29JAN2557000PE.NFO,2024-11-28,13:23:00,2025-01-29,4378.9,4378.9,4378.9,4378.9,0,105,1
BANKNIFTY29JAN2557000PE.NFO,2024-11-28,13:24:00,2025-01-29,4378.9,4378.9,4378.9,4378.9,0,105,1
BANKNIFTY29JAN2557000PE.NFO,2024-11-28,13:25:00,2025-01-29,4378.9,4378.9,4378.9,4378.9,0,105,1
BANKNIFTY29JAN2557000PE.NFO,2024-11-28,13:26:00,2025-01-29,4378.9,4378.9,4378.9,4378.9,0,105,1
BANKNIFTY29JAN2557000PE.NFO,2024-11-28,13:27:00,2025-01-29,4378.9,4378.9,4378.9,4378.9,0,105,1
BANKNIFTY29JAN2557000PE.NFO,2024-11-28,13:28:00,2025-01-29,4378.9,4378.9,4378.9,4378.9,0,105,1
BANKNIFTY29JAN2557000PE.NFO,2024-11-28,13:29:00,2025-01-29,4378.9,4378.9,4378.9,4378.9,0,105,1
BANKNIFTY29JAN2557000PE.NFO,2024-11-28,13:30:00,2025-01-29,4378.9,4378.9,4378.9,4378.9,0,105,1
BANKNIFTY29JAN2557000PE.NFO,2024-11-28,13:31:00,2025-01-29,4378.9,4378.9,4378.9,4378.9,0,105,1
BANKNIFTY29JAN2557000PE.NFO,2024-11-28,13:32:00,2025-01-29,4378.9,4378.9,4378.9,4378.9,0,105,1
BANKNIFTY29JAN2557000PE.NFO,2024-11-28,13:33:00,2025-01-29,4378.9,4378.9,4378.9,4378.9,0,105,1
BANKNIFTY29JAN2557000PE.NFO,2024-11-28,13:34:00,2025-01-29,4378.9,4378.9,4378.9,4378.9,0,105,1
BANKNIFTY29JAN2557000PE.NFO,2024-11-28,13:35:00,2025-01-29,4378.9,4378.9,4378.9,4378.9,0,105,1
BANKNIFTY29JAN2557000PE.NFO,2024-11-28,13:36:00,2025-01-29,4378.9,4378.9,4378.9,4378.9,0,105,1
BANKNIFTY29JAN2557000PE.NFO,2024-11-28,13:37:00,2025-01-29,4378.9,4378.9,4378.9,4378.9,0,105,1
BANKNIFTY29JAN2557000PE.NFO,2024-11-28,13:38:00,2025-01-29,4378.9,4378.9,4378.9,4378.9,0,105,1
BANKNIFTY29JAN2557000PE.NFO,2024-11-28,13:39:00,2025-01-29,4378.9,4378.9,4378.9,4378.9,0,105,1
BANKNIFTY29JAN2557000PE.NFO,2024-11-28,13:40:00,2025-01-29,4378.9,4378.9,4378.9,4378.9,0,105,1
BANKNIFTY29JAN2557000PE.NFO,2024-11-28,13:41:00,2025-01-29,4378.9,4378.9,4378.9,4378.9,0,105,1
BANKNIFTY29JAN2557000PE.NFO,2024-11-28,13:42:00,2025-01-29,4378.9,4378.9,4378.9,4378.9,0,105,1
BANKNIFTY29JAN2557000PE.NFO,2024-11-28,13:43:00,2025-01-29,4378.9,4378.9,4378.9,4378.9,0,105,1
BANKNIFTY29JAN2557000PE.NFO,2024-11-28,13:44:00,2025-01-29,4378.9,4378.9,4378.9,4378.9,0,105,1
BANKNIFTY29JAN2557000PE.NFO,2024-11-28,13:45:00,2025-01-29,4378.9,4378.9,4378.9,4378.9,0,105,1
BANKNIFTY29JAN2557000PE.NFO,2024-11-28,13:46:00,2025-01-29,4378.9,4378.9,4378.9,4378.9,0,105,1
BANKNIFTY29JAN2557000PE.NFO,2024-11-28,13:47:00,2025-01-29,4378.9,4378.9,4378.9,4378.9,0,105,1
BANKNIFTY29JAN2557000PE.NFO,2024-11-28,13:48:00,2025-01-29,4378.9,4378.9,4378.9,4378.9,0,105,1
BANKNIFTY29JAN2557000PE.NFO,2024-11-28,13:49:00,2025-01-29,4378.9,4378.9,4378.9,4378.9,0,105,1
BANKNIFTY29JAN2557000PE.NFO,2024-11-28,13:50:00,2025-01-29,4378.9,4378.9,4378.9,4378.9,0,105,1
BANKNIFTY29JAN2557000PE.NFO,2024-11-28,13:51:00,2025-01-29,4378.9,4378.9,4378.9,4378.9,0,105,1
BANKNIFTY29JAN2557000PE.NFO,2024-11-28,13:52:00,2025-01-29,4378.9,4378.9,4378.9,4378.9,0,105,1
BANKNIFTY29JAN2557000PE.NFO,2024-11-28,13:53:00,2025-01-29,4378.9,4378.9,4378.9,4378.9,0,105,1
BANKNIFTY29JAN2557000PE.NFO,2024-11-28,13:54:00,2025-01-29,4378.9,4378.9,4378.9,4378.9,0,105,1
BANKNIFTY29JAN2557000PE.NFO,2024-11-28,13:55:00,2025-01-29,4378.9,4378.9,4378.9,4378.9,0,105,1
BANKNIFTY29JAN2557000PE.NFO,2024-11-28,13:56:00,2025-01-29,4378.9,4378.9,4378.9,4378.9,0,105,1
BANKNIFTY29JAN2557000PE.NFO,2024-11-28,13:57:00,2025-01-29,4378.9,4378.9,4378.9,4378.9,0,105,1
BANKNIFTY29JAN2557000PE.NFO,2024-11-28,13:58:00,2025-01-29,4378.9,4378.9,4378.9,4378.9,0,105,1
BANKNIFTY29JAN2557000PE.NFO,2024-11-28,13:59:00,2025-01-29,4378.9,4378.9,4378.9,4378.9,0,105,1
BANKNIFTY29JAN2557000PE.NFO,2024-11-28,14:00:00,2025-01-29,4378.9,4378.9,4378.9,4378.9,0,105,1
BANKNIFTY29JAN2557000PE.NFO,2024-11-28,14:01:00,2025-01-29,4378.9,4378.9,4378.9,4378.9,0,105,1
BANKNIFTY29JAN2557000PE.NFO,2024-11-28,14:02:00,2025-01-29,4378.9,4378.9,4378.9,4378.9,0,105,1
BANKNIFTY29JAN2557000PE.NFO,2024-11-28,14:03:00,2025-01-29,4378.9,4378.9,4378.9,4378.9,0,105,1
BANKNIFTY29JAN2557000PE.NFO,2024-11-28,14:04:00,2025-01-29,4378.9,4378.9,4378.9,4378.9,0,105,1
BANKNIFTY29JAN2557000PE.NFO,2024-11-28,14:05:00,2025-01-29,4378.9,4378.9,4378.9,4378.9,0,105,1
BANKNIFTY29JAN2557000PE.NFO,2024-11-28,14:06:00,2025-01-29,4378.9,4378.9,4378.9,4378.9,0,105,1
BANKNIFTY29JAN2557000PE.NFO,2024-11-28,14:07:00,2025-01-29,4378.9,4378.9,4378.9,4378.9,0,105,1
BANKNIFTY29JAN2557000PE.NFO,2024-11-28,14:08:00,2025-01-29,4378.9,4378.9,4378.9,4378.9,0,105,1
BANKNIFTY29JAN2557000PE.NFO,2024-11-28,14:09:00,2025-01-29,4378.9,4378.9,4378.9,4378.9,0,105,1
BANKNIFTY29JAN2557000PE.NFO,2024-11-28,14:10:00,2025-01-29,4378.9,4378.9,4378.9,4378.9,0,105,1
BANKNIFTY29JAN2557000PE.NFO,2024-11-28,14:11:00,2025-01-29,4378.9,4378.9,4378.9,4378.9,0,105,1
BANKNIFTY29JAN2557000PE.NFO,2024-11-28,14:12:00,2025-01-29,4378.9,4378.9,4378.9,4378.9,0,105,1
BANKNIFTY29JAN2557000PE.NFO,2024-11-28,14:13:00,2025-01-29,4378.9,4378.9,4378.9,4378.9,0,105,1
BANKNIFTY29JAN2557000PE.NFO,2024-11-28,14:14:00,2025-01-29,4378.9,4378.9,4378.9,4378.9,0,105,1
BANKNIFTY29JAN2557000PE.NFO,2024-11-28,14:15:00,2025-01-29,4378.9,4378.9,4378.9,4378.9,0,105,1
BANKNIFTY29JAN2557000PE.NFO,2024-11-28,14:16:00,2025-01-29,4378.9,4378.9,4378.9,4378.9,0,105,1
BANKNIFTY29JAN2557000PE.NFO,2024-11-28,14:17:00,2025-01-29,4378.9,4378.9,4378.9,4378.9,0,105,1
BANKNIFTY29JAN2557000PE.NFO,2024-11-28,14:18:00,2025-01-29,4378.9,4378.9,4378.9,4378.9,0,105,1
BANKNIFTY29JAN2557000PE.NFO,2024-11-28,14:19:00,2025-01-29,4378.9,4378.9,4378.9,4378.9,0,105,1
BANKNIFTY29JAN2557000PE.NFO,2024-11-28,14:20:00,2025-01-29,4378.9,4378.9,4378.9,4378.9,0,105,1
BANKNIFTY29JAN2557000PE.NFO,2024-11-28,14:21:00,2025-01-29,4378.9,4378.9,4378.9,4378.9,0,105,1
BANKNIFTY29JAN2557000PE.NFO,2024-11-28,14:22:00,2025-01-29,4378.9,4378.9,4378.9,4378.9,0,105,1
BANKNIFTY29JAN2557000PE.NFO,2024-11-28,14:23:00,2025-01-29,4378.9,4378.9,4378.9,4378.9,0,105,1
BANKNIFTY29JAN2557000PE.NFO,2024-11-28,14:24:00,2025-01-29,4378.9,4378.9,4378.9,4378.9,0,105,1
BANKNIFTY29JAN2557000PE.NFO,2024-11-28,14:25:00,2025-01-29,4378.9,4378.9,4378.9,4378.9,0,105,1
BANKNIFTY29JAN2557000PE.NFO,2024-11-28,14:26:00,2025-01-29,4378.9,4378.9,4378.9,4378.9,0,105,1
BANKNIFTY29JAN2557000PE.NFO,2024-11-28,14:27:00,2025-01-29,4378.9,4378.9,4378.9,4378.9,0,105,1
BANKNIFTY29JAN2557000PE.NFO,2024-11-28,14:28:00,2025-01-29,4378.9,4378.9,4378.9,4378.9,0,105,1
BANKNIFTY29JAN2557000PE.NFO,2024-11-28,14:29:00,2025-01-29,4378.9,4378.9,4378.9,4378.9,0,105,1
BANKNIFTY29JAN2557000PE.NFO,2024-11-28,14:30:00,2025-01-29,4378.9,4378.9,4378.9,4378.9,0,105,1
BANKNIFTY29JAN2557000PE.NFO,2024-11-28,14:31:00,2025-01-29,4378.9,4378.9,4378.9,4378.9,0,105,1
BANKNIFTY29JAN2557000PE.NFO,2024-11-28,14:32:00,2025-01-29,4378.9,4378.9,4378.9,4378.9,0,105,1
BANKNIFTY29JAN2557000PE.NFO,2024-11-28,14:33:00,2025-01-29,4378.9,4378.9,4378.9,4378.9,0,105,1
BANKNIFTY29JAN2557000PE.NFO,2024-11-28,14:34:00,2025-01-29,4378.9,4378.9,4378.9,4378.9,0,105,1
BANKNIFTY29JAN2557000PE.NFO,2024-11-28,14:35:00,2025-01-29,4378.9,4378.9,4378.9,4378.9,0,105,1
BANKNIFTY29JAN2557000PE.NFO,2024-11-28,14:36:00,2025-01-29,4378.9,4378.9,4378.9,4378.9,0,105,1
BANKNIFTY29JAN2557000PE.NFO,2024-11-28,14:37:00,2025-01-29,4378.9,4378.9,4378.9,4378.9,0,105,1
BANKNIFTY29JAN2557000PE.NFO,2024-11-28,14:38:00,2025-01-29,4378.9,4378.9,4378.9,4378.9,0,105,1
BANKNIFTY29JAN2557000PE.NFO,2024-11-28,14:39:00,2025-01-29,4378.9,4378.9,4378.9,4378.9,0,105,1
BANKNIFTY29JAN2557000PE.NFO,2024-11-28,14:40:00,2025-01-29,4378.9,4378.9,4378.9,4378.9,0,105,1
BANKNIFTY29JAN2557000PE.NFO,2024-11-28,14:41:00,2025-01-29,4378.9,4378.9,4378.9,4378.9,0,105,1
BANKNIFTY29JAN2557000PE.NFO,2024-11-28,14:42:00,2025-01-29,4378.9,4378.9,4378.9,4378.9,0,105,1
BANKNIFTY29JAN2557000PE.NFO,2024-11-28,14:43:00,2025-01-29,4378.9,4378.9,4376.6,4378.9,0,105,0
BANKNIFTY29JAN2557000PE.NFO,2024-11-28,14:44:00,2025-01-29,4378.9,4378.9,4378.9,4378.9,0,105,0
BANKNIFTY29JAN2557000PE.NFO,2024-11-28,14:45:00,2025-01-29,4378.9,4378.9,4378.9,4378.9,0,105,0
BANKNIFTY29JAN2557000PE.NFO,2024-11-28,14:46:00,2025-01-29,4378.9,4378.9,4378.9,4378.9,0,105,0
BANKNIFTY29JAN2557000PE.NFO,2024-11-28,14:47:00,2025-01-29,4378.9,4378.9,4378.9,4378.9,0,105,0
BANKNIFTY29JAN2557000PE.NFO,2024-11-28,14:48:00,2025-01-29,4378.9,4378.9,4378.9,4378.9,0,105,0
BANKNIFTY29JAN2557000PE.NFO,2024-11-28,14:49:00,2025-01-29,4378.9,4378.9,4378.9,4378.9,0,105,0
BANKNIFTY29JAN2557000PE.NFO,2024-11-28,14:50:00,2025-01-29,4378.9,4378.9,4378.9,4378.9,0,105,0
BANKNIFTY29JAN2557000PE.NFO,2024-11-28,14:51:00,2025-01-29,4378.9,4378.9,4378.9,4378.9,0,105,0
BANKNIFTY29JAN2557000PE.NFO,2024-11-28,14:52:00,2025-01-29,4378.9,4378.9,4378.9,4378.9,0,105,0
BANKNIFTY29JAN2557000PE.NFO,2024-11-28,14:53:00,2025-01-29,4378.9,4378.9,4378.9,4378.9,0,105,0
BANKNIFTY29JAN2557000PE.NFO,2024-11-28,14:54:00,2025-01-29,4378.9,4378.9,4378.9,4378.9,0,105,0
BANKNIFTY29JAN2557000PE.NFO,2024-11-28,14:55:00,2025-01-29,4378.9,4378.9,4378.9,4378.9,0,105,0
BANKNIFTY29JAN2557000PE.NFO,2024-11-28,14:56:00,2025-01-29,4378.9,4378.9,4378.9,4378.9,0,105,0
BANKNIFTY29JAN2557000PE.NFO,2024-11-28,14:57:00,2025-01-29,4378.9,4378.9,4378.9,4378.9,0,105,0
BANKNIFTY29JAN2557000PE.NFO,2024-11-28,14:58:00,2025-01-29,4378.9,4378.9,4378.9,4378.9,0,105,0
BANKNIFTY29JAN2557000PE.NFO,2024-11-28,14:59:00,2025-01-29,4378.9,4378.9,4378.9,4378.9,0,105,0
BANKNIFTY29JAN2557000PE.NFO,2024-11-28,15:00:00,2025-01-29,4378.9,4378.9,4378.9,4378.9,0,105,0
BANKNIFTY29JAN2557000PE.NFO,2024-11-28,15:01:00,2025-01-29,4378.9,4378.9,4378.9,4378.9,0,105,0
BANKNIFTY29JAN2557000PE.NFO,2024-11-28,15:02:00,2025-01-29,4378.9,4378.9,4378.9,4378.9,0,105,0
BANKNIFTY29JAN2557000PE.NFO,2024-11-28,15:03:00,2025-01-29,4378.9,4378.9,4378.9,4378.9,0,105,0
BANKNIFTY29JAN2557000PE.NFO,2024-11-28,15:04:00,2025-01-29,4378.9,4378.9,4378.9,4378.9,0,105,0
BANKNIFTY29JAN2557000PE.NFO,2024-11-28,15:05:00,2025-01-29,4378.9,4378.9,4378.9,4378.9,0,105,0
BANKNIFTY29JAN2557000PE.NFO,2024-11-28,15:06:00,2025-01-29,4378.9,4378.9,4378.9,4378.9,0,105,0
BANKNIFTY29JAN2557000PE.NFO,2024-11-28,15:07:00,2025-01-29,4378.9,4378.9,4378.9,4378.9,0,105,0
BANKNIFTY29JAN2557000PE.NFO,2024-11-28,15:08:00,2025-01-29,4378.9,4378.9,4378.9,4378.9,0,105,0
BANKNIFTY29JAN2557000PE.NFO,2024-11-28,15:09:00,2025-01-29,4378.9,4378.9,4378.9,4378.9,0,105,0
BANKNIFTY29JAN2557000PE.NFO,2024-11-28,15:10:00,2025-01-29,4378.9,4378.9,4378.9,4378.9,0,105,0
BANKNIFTY29JAN2557000PE.NFO,2024-11-28,15:11:00,2025-01-29,4378.9,4378.9,4378.9,4378.9,0,105,0
BANKNIFTY29JAN2557000PE.NFO,2024-11-28,15:12:00,2025-01-29,4378.9,4378.9,4378.9,4378.9,0,105,0
BANKNIFTY29JAN2557000PE.NFO,2024-11-28,15:13:00,2025-01-29,4378.9,4378.9,4378.9,4378.9,0,105,0
BANKNIFTY29JAN2557000PE.NFO,2024-11-28,15:14:00,2025-01-29,4378.9,4378.9,4378.9,4378.9,0,105,0
BANKNIFTY29JAN2557000PE.NFO,2024-11-28,15:15:00,2025-01-29,4378.9,4378.9,4378.9,4378.9,0,105,0
BANKNIFTY29JAN2557000PE.NFO,2024-11-28,15:16:00,2025-01-29,4378.9,4378.9,4378.9,4378.9,0,105,0
BANKNIFTY29JAN2557000PE.NFO,2024-11-28,15:17:00,2025-01-29,4378.9,4378.9,4378.9,4378.9,0,105,0
BANKNIFTY29JAN2557000PE.NFO,2024-11-28,15:18:00,2025-01-29,4378.9,4378.9,4378.9,4378.9,0,105,0
BANKNIFTY29JAN2557000PE.NFO,2024-11-28,15:19:00,2025-01-29,4378.9,4378.9,4378.9,4378.9,0,105,0
BANKNIFTY29JAN2557000PE.NFO,2024-11-28,15:20:00,2025-01-29,4378.9,4378.9,4378.9,4378.9,0,105,1
BANKNIFTY29JAN2557000PE.NFO,2024-11-28,15:21:00,2025-01-29,4378.9,4378.9,4378.9,4378.9,0,105,0
BANKNIFTY29JAN2557000PE.NFO,2024-11-28,15:22:00,2025-01-29,4378.9,4378.9,4378.9,4378.9,0,105,0
BANKNIFTY29JAN2557000PE.NFO,2024-11-28,15:23:00,2025-01-29,4378.9,4378.9,4378.9,4378.9,0,105,0
BANKNIFTY29JAN2557000PE.NFO,2024-11-28,15:24:00,2025-01-29,4378.9,4378.9,4378.9,4378.9,0,105,0
BANKNIFTY29JAN2557000PE.NFO,2024-11-28,15:25:00,2025-01-29,4378.9,4378.9,4378.9,4378.9,0,105,1
BANKNIFTY29JAN2557000PE.NFO,2024-11-28,15:26:00,2025-01-29,4378.9,4378.9,4378.9,4378.9,0,105,0
BANKNIFTY29JAN2557000PE.NFO,2024-11-28,15:27:00,2025-01-29,4378.9,4378.9,4378.9,4378.9,0,105,0
BANKNIFTY29JAN2557000PE.NFO,2024-11-28,15:28:00,2025-01-29,4378.9,4378.9,4378.9,4378.9,0,105,0
BANKNIFTY29JAN2557000PE.NFO,2024-11-28,15:29:00,2025-01-29,4378.9,4378.9,4378.9,4378.9,0,105,0
BANKNIFTY29JAN2557000PE.NFO,2024-11-28,15:30:00,2025-01-29,4378.9,4378.9,4378.9,4378.9,0,105,1
BANKNIFTY29JAN2557000PE.NFO,2024-12-02,09:15:00,2025-01-29,4500.0,4500.0,4500.0,4500.0,0,180,1
BANKNIFTY29JAN2557000PE.NFO,2024-12-02,09:16:00,2025-01-29,4500.0,4500.0,4500.0,4500.0,0,180,1
BANKNIFTY29JAN2557000PE.NFO,2024-12-02,09:17:00,2025-01-29,4500.0,4500.0,4500.0,4500.0,0,180,1
BANKNIFTY29JAN2557000PE.NFO,2024-12-02,09:18:00,2025-01-29,4500.0,4500.0,4500.0,4500.0,0,180,1
BANKNIFTY29JAN2557000PE.NFO,2024-12-02,09:19:00,2025-01-29,4500.0,4500.0,4500.0,4500.0,0,180,1
BANKNIFTY29JAN2557000PE.NFO,2024-12-02,09:20:00,2025-01-29,4500.0,4500.0,4500.0,4500.0,0,180,1
BANKNIFTY29JAN2557000PE.NFO,2024-12-02,09:21:00,2025-01-29,4500.0,4500.0,4500.0,4500.0,0,180,1
BANKNIFTY29JAN2557000PE.NFO,2024-12-02,09:22:00,2025-01-29,4500.0,4500.0,4500.0,4500.0,0,180,1
BANKNIFTY29JAN2557000PE.NFO,2024-12-02,09:23:00,2025-01-29,4500.0,4500.0,4500.0,4500.0,0,180,1
BANKNIFTY29JAN2557000PE.NFO,2024-12-02,09:24:00,2025-01-29,4500.0,4500.0,4500.0,4500.0,0,180,1
BANKNIFTY29JAN2557000PE.NFO,2024-12-02,09:25:00,2025-01-29,4500.0,4500.0,4500.0,4500.0,0,180,1
BANKNIFTY29JAN2557000PE.NFO,2024-12-02,09:26:00,2025-01-29,4500.0,4500.0,4500.0,4500.0,0,180,1
BANKNIFTY29JAN2557000PE.NFO,2024-12-02,09:27:00,2025-01-29,4500.0,4500.0,4500.0,4500.0,0,180,1
BANKNIFTY29JAN2557000PE.NFO,2024-12-02,09:28:00,2025-01-29,4500.0,4500.0,4500.0,4500.0,0,180,1
BANKNIFTY29JAN2557000PE.NFO,2024-12-02,09:29:00,2025-01-29,4500.0,4500.0,4500.0,4500.0,0,180,1
BANKNIFTY29JAN2557000PE.NFO,2024-12-02,09:30:00,2025-01-29,4500.0,4500.0,4500.0,4500.0,0,180,1
BANKNIFTY29JAN2557000PE.NFO,2024-12-02,09:31:00,2025-01-29,4500.0,4500.0,4500.0,4500.0,0,180,1
BANKNIFTY29JAN2557000PE.NFO,2024-12-02,09:32:00,2025-01-29,4500.0,4500.0,4500.0,4500.0,0,180,1
BANKNIFTY29JAN2557000PE.NFO,2024-12-02,09:33:00,2025-01-29,4500.0,4500.0,4500.0,4500.0,0,180,1
BANKNIFTY29JAN2557000PE.NFO,2024-12-02,09:34:00,2025-01-29,4500.0,4500.0,4500.0,4500.0,0,180,1
BANKNIFTY29JAN2557000PE.NFO,2024-12-02,09:35:00,2025-01-29,4500.0,4500.0,4500.0,4500.0,0,180,1
BANKNIFTY29JAN2557000PE.NFO,2024-12-02,09:36:00,2025-01-29,4500.0,4500.0,4500.0,4500.0,0,180,1
BANKNIFTY29JAN2557000PE.NFO,2024-12-02,09:37:00,2025-01-29,4500.0,4500.0,4500.0,4500.0,0,180,1
BANKNIFTY29JAN2557000PE.NFO,2024-12-02,09:38:00,2025-01-29,4500.0,4500.0,4500.0,4500.0,0,180,1
BANKNIFTY29JAN2557000PE.NFO,2024-12-02,09:39:00,2025-01-29,4500.0,4500.0,4500.0,4500.0,0,180,1
BANKNIFTY29JAN2557000PE.NFO,2024-12-02,09:40:00,2025-01-29,4500.0,4500.0,4500.0,4500.0,0,180,1
BANKNIFTY29JAN2557000PE.NFO,2024-12-02,09:41:00,2025-01-29,4500.0,4500.0,4500.0,4500.0,0,180,1
BANKNIFTY29JAN2557000PE.NFO,2024-12-02,09:42:00,2025-01-29,4500.0,4500.0,4500.0,4500.0,0,180,1
BANKNIFTY29JAN2557000PE.NFO,2024-12-02,09:43:00,2025-01-29,4500.0,4500.0,4500.0,4500.0,0,180,0
BANKNIFTY29JAN2557000PE.NFO,2024-12-02,09:44:00,2025-01-29,4500.0,4500.0,4500.0,4500.0,0,180,0
BANKNIFTY29JAN2557000PE.NFO,2024-12-02,09:45:00,2025-01-29,4500.0,4500.0,4500.0,4500.0,0,180,0
BANKNIFTY29JAN2557000PE.NFO,2024-12-02,09:46:00,2025-01-29,4500.0,4500.0,4500.0,4500.0,0,180,0
BANKNIFTY29JAN2557000PE.NFO,2024-12-02,09:47:00,2025-01-29,4500.0,4500.0,4500.0,4500.0,0,180,0
BANKNIFTY29JAN2557000PE.NFO,2024-12-02,09:48:00,2025-01-29,4500.0,4500.0,4500.0,4500.0,0,180,0
BANKNIFTY29JAN2557000PE.NFO,2024-12-02,09:49:00,2025-01-29,4500.0,4500.0,4500.0,4500.0,0,180,0
BANKNIFTY29JAN2557000PE.NFO,2024-12-02,09:50:00,2025-01-29,4500.0,4500.0,4500.0,4500.0,0,180,0
BANKNIFTY29JAN2557000PE.NFO,2024-12-02,09:51:00,2025-01-29,4500.0,4500.0,4500.0,4500.0,0,180,0
BANKNIFTY29JAN2557000PE.NFO,2024-12-02,09:52:00,2025-01-29,4500.0,4500.0,4500.0,4500.0,0,180,0
BANKNIFTY29JAN2557000PE.NFO,2024-12-02,09:53:00,2025-01-29,4500.0,4500.0,4500.0,4500.0,0,180,0
BANKNIFTY29JAN2557000PE.NFO,2024-12-02,09:54:00,2025-01-29,4500.0,4500.0,4500.0,4500.0,0,180,0
BANKNIFTY29JAN2557000PE.NFO,2024-12-02,09:55:00,2025-01-29,4500.0,4500.0,4500.0,4500.0,0,180,0
BANKNIFTY29JAN2557000PE.NFO,2024-12-02,09:56:00,2025-01-29,4500.0,4500.0,4500.0,4500.0,0,180,0
BANKNIFTY29JAN2557000PE.NFO,2024-12-02,09:57:00,2025-01-29,4500.0,4500.0,4500.0,4500.0,0,180,0
BANKNIFTY29JAN2557000PE.NFO,2024-12-02,09:58:00,2025-01-29,4500.0,4500.0,4500.0,4500.0,0,180,0
BANKNIFTY29JAN2557000PE.NFO,2024-12-02,09:59:00,2025-01-29,4500.0,4500.0,4500.0,4500.0,0,180,0
BANKNIFTY29JAN2557000PE.NFO,2024-12-02,10:00:00,2025-01-29,4500.0,4500.0,4500.0,4500.0,0,180,0
BANKNIFTY29JAN2557000PE.NFO,2024-12-02,10:01:00,2025-01-29,4500.0,4500.0,4500.0,4500.0,0,180,0
BANKNIFTY29JAN2557000PE.NFO,2024-12-02,10:02:00,2025-01-29,4500.0,4500.0,4500.0,4500.0,0,180,0
BANKNIFTY29JAN2557000PE.NFO,2024-12-02,10:03:00,2025-01-29,4500.0,4500.0,4500.0,4500.0,0,180,0
BANKNIFTY29JAN2557000PE.NFO,2024-12-02,10:04:00,2025-01-29,4500.0,4500.0,4500.0,4500.0,0,180,0
BANKNIFTY29JAN2557000PE.NFO,2024-12-02,10:05:00,2025-01-29,4500.0,4500.0,4500.0,4500.0,0,180,0
BANKNIFTY29JAN2557000PE.NFO,2024-12-02,10:06:00,2025-01-29,4500.0,4500.0,4500.0,4500.0,0,180,0
BANKNIFTY29JAN2557000PE.NFO,2024-12-02,10:07:00,2025-01-29,4500.0,4500.0,4500.0,4500.0,0,180,0
BANKNIFTY29JAN2557000PE.NFO,2024-12-02,10:08:00,2025-01-29,4500.0,4500.0,4500.0,4500.0,0,180,0
BANKNIFTY29JAN2557000PE.NFO,2024-12-02,10:09:00,2025-01-29,4500.0,4500.0,4500.0,4500.0,0,180,0
BANKNIFTY29JAN2557000PE.NFO,2024-12-02,10:10:00,2025-01-29,4500.0,4500.0,4500.0,4500.0,0,180,0
BANKNIFTY29JAN2557000PE.NFO,2024-12-02,10:11:00,2025-01-29,4500.0,4500.0,4500.0,4500.0,0,180,0
BANKNIFTY29JAN2557000PE.NFO,2024-12-02,10:12:00,2025-01-29,4500.0,4500.0,4500.0,4500.0,0,180,0
BANKNIFTY29JAN2557000PE.NFO,2024-12-02,10:13:00,2025-01-29,4500.0,4500.0,4500.0,4500.0,0,180,0
BANKNIFTY29JAN2557000PE.NFO,2024-12-02,10:14:00,2025-01-29,4500.0,4500.0,4500.0,4500.0,0,180,0
BANKNIFTY29JAN2557000PE.NFO,2024-12-02,10:15:00,2025-01-29,4500.0,4500.0,4500.0,4500.0,0,180,0
BANKNIFTY29JAN2557000PE.NFO,2024-12-02,10:16:00,2025-01-29,4500.0,4500.0,4500.0,4500.0,0,180,0
BANKNIFTY29JAN2557000PE.NFO,2024-12-02,10:17:00,2025-01-29,4500.0,4500.0,4500.0,4500.0,0,180,0
BANKNIFTY29JAN2557000PE.NFO,2024-12-02,10:18:00,2025-01-29,4500.0,4500.0,4500.0,4500.0,0,180,0
BANKNIFTY29JAN2557000PE.NFO,2024-12-02,10:19:00,2025-01-29,4500.0,4500.0,4500.0,4500.0,0,180,0
BANKNIFTY29JAN2557000PE.NFO,2024-12-02,10:20:00,2025-01-29,4500.0,4500.0,4500.0,4500.0,0,180,0
BANKNIFTY29JAN2557000PE.NFO,2024-12-02,10:21:00,2025-01-29,4500.0,4500.0,4500.0,4500.0,0,180,0
BANKNIFTY29JAN2557000PE.NFO,2024-12-02,10:22:00,2025-01-29,4500.0,4500.0,4500.0,4500.0,0,180,0
BANKNIFTY29JAN2557000PE.NFO,2024-12-02,10:23:00,2025-01-29,4500.0,4500.0,4500.0,4500.0,0,180,0
BANKNIFTY29JAN2557000PE.NFO,2024-12-02,10:24:00,2025-01-29,4500.0,4500.0,4500.0,4500.0,0,180,0
BANKNIFTY29JAN2557000PE.NFO,2024-12-02,10:25:00,2025-01-29,4500.0,4500.0,4500.0,4500.0,0,180,0
BANKNIFTY29JAN2557000PE.NFO,2024-12-02,10:26:00,2025-01-29,4500.0,4500.0,4500.0,4500.0,0,180,0
BANKNIFTY29JAN2557000PE.NFO,2024-12-02,10:27:00,2025-01-29,4500.0,4500.0,4500.0,4500.0,0,180,0
BANKNIFTY29JAN2557000PE.NFO,2024-12-02,10:28:00,2025-01-29,4500.0,4500.0,4500.0,4500.0,0,180,0
BANKNIFTY29JAN2557000PE.NFO,2024-12-02,10:29:00,2025-01-29,4500.0,4500.0,4500.0,4500.0,0,180,0
BANKNIFTY29JAN2557000PE.NFO,2024-12-02,10:30:00,2025-01-29,4500.0,4500.0,4500.0,4500.0,0,180,0
BANKNIFTY29JAN2557000PE.NFO,2024-12-02,10:31:00,2025-01-29,4500.0,4500.0,4500.0,4500.0,0,180,0
BANKNIFTY29JAN2557000PE.NFO,2024-12-02,10:32:00,2025-01-29,4500.0,4500.0,4500.0,4500.0,0,180,0
BANKNIFTY29JAN2557000PE.NFO,2024-12-02,10:33:00,2025-01-29,4500.0,4500.0,4500.0,4500.0,0,180,0
BANKNIFTY29JAN2557000PE.NFO,2024-12-02,10:34:00,2025-01-29,4500.0,4500.0,4500.0,4500.0,0,180,0
BANKNIFTY29JAN2557000PE.NFO,2024-12-02,10:35:00,2025-01-29,4500.0,4500.0,4500.0,4500.0,0,180,0
BANKNIFTY29JAN2557000PE.NFO,2024-12-02,10:36:00,2025-01-29,4500.0,4500.0,4500.0,4500.0,0,180,0
BANKNIFTY29JAN2557000PE.NFO,2024-12-02,10:37:00,2025-01-29,4500.0,4500.0,4500.0,4500.0,0,180,0
BANKNIFTY29JAN2557000PE.NFO,2024-12-02,10:38:00,2025-01-29,4500.0,4500.0,4500.0,4500.0,0,180,0
BANKNIFTY29JAN2557000PE.NFO,2024-12-02,10:39:00,2025-01-29,4500.0,4500.0,4500.0,4500.0,0,180,0
BANKNIFTY29JAN2557000PE.NFO,2024-12-02,10:40:00,2025-01-29,4500.0,4500.0,4500.0,4500.0,0,180,0
BANKNIFTY29JAN2557000PE.NFO,2024-12-02,10:41:00,2025-01-29,4500.0,4500.0,4500.0,4500.0,0,180,0
BANKNIFTY29JAN2557000PE.NFO,2024-12-02,10:42:00,2025-01-29,4500.0,4500.0,4500.0,4500.0,0,180,0
BANKNIFTY29JAN2557000PE.NFO,2024-12-02,10:43:00,2025-01-29,4500.0,4500.0,4500.0,4500.0,0,180,0
BANKNIFTY29JAN2557000PE.NFO,2024-12-02,10:44:00,2025-01-29,4500.0,4500.0,4500.0,4500.0,0,180,0
BANKNIFTY29JAN2557000PE.NFO,2024-12-02,10:45:00,2025-01-29,4500.0,4500.0,4500.0,4500.0,0,180,0
BANKNIFTY29JAN2557000PE.NFO,2024-12-02,10:46:00,2025-01-29,4500.0,4500.0,4500.0,4500.0,0,180,0
BANKNIFTY29JAN2557000PE.NFO,2024-12-02,10:47:00,2025-01-29,4500.0,4500.0,4500.0,4500.0,0,180,0
BANKNIFTY29JAN2557000PE.NFO,2024-12-02,10:48:00,2025-01-29,4500.0,4500.0,4500.0,4500.0,0,180,0
BANKNIFTY29JAN2557000PE.NFO,2024-12-02,10:49:00,2025-01-29,4500.0,4500.0,4500.0,4500.0,0,180,0
BANKNIFTY29JAN2557000PE.NFO,2024-12-02,10:50:00,2025-01-29,4500.0,4500.0,4500.0,4500.0,0,180,0
BANKNIFTY29JAN2557000PE.NFO,2024-12-02,10:51:00,2025-01-29,4500.0,4500.0,4500.0,4500.0,0,180,0
BANKNIFTY29JAN2557000PE.NFO,2024-12-02,10:52:00,2025-01-29,4500.0,4500.0,4500.0,4500.0,0,180,0
BANKNIFTY29JAN2557000PE.NFO,2024-12-02,10:53:00,2025-01-29,4500.0,4500.0,4500.0,4500.0,0,180,0
BANKNIFTY29JAN2557000PE.NFO,2024-12-02,10:54:00,2025-01-29,4500.0,4500.0,4500.0,4500.0,0,180,0
BANKNIFTY29JAN2557000PE.NFO,2024-12-02,10:55:00,2025-01-29,4500.0,4500.0,4500.0,4500.0,0,180,0
BANKNIFTY29JAN2557000PE.NFO,2024-12-02,10:56:00,2025-01-29,4500.0,4500.0,4500.0,4500.0,0,180,0
BANKNIFTY29JAN2557000PE.NFO,2024-12-02,10:57:00,2025-01-29,4500.0,4500.0,4500.0,4500.0,0,180,0
BANKNIFTY29JAN2557000PE.NFO,2024-12-02,10:58:00,2025-01-29,4500.0,4500.0,4500.0,4500.0,0,180,0
BANKNIFTY29JAN2557000PE.NFO,2024-12-02,10:59:00,2025-01-29,4500.0,4500.0,4500.0,4500.0,0,180,0
BANKNIFTY29JAN2557000PE.NFO,2024-12-02,11:00:00,2025-01-29,4500.0,4500.0,4500.0,4500.0,0,180,0
BANKNIFTY29JAN2557000PE.NFO,2024-12-02,11:01:00,2025-01-29,4500.0,4500.0,4500.0,4500.0,0,180,0
BANKNIFTY29JAN2557000PE.NFO,2024-12-02,11:02:00,2025-01-29,4500.0,4500.0,4500.0,4500.0,0,180,0
BANKNIFTY29JAN2557000PE.NFO,2024-12-02,11:03:00,2025-01-29,4500.0,4500.0,4500.0,4500.0,0,180,0
BANKNIFTY29JAN2557000PE.NFO,2024-12-02,11:04:00,2025-01-29,4500.0,4500.0,4500.0,4500.0,0,180,0
BANKNIFTY29JAN2557000PE.NFO,2024-12-02,11:05:00,2025-01-29,4500.0,4500.0,4500.0,4500.0,0,180,0
BANKNIFTY29JAN2557000PE.NFO,2024-12-02,11:06:00,2025-01-29,4500.0,4500.0,4500.0,4500.0,0,180,0
BANKNIFTY29JAN2557000PE.NFO,2024-12-02,11:07:00,2025-01-29,4500.0,4500.0,4500.0,4500.0,0,180,0
BANKNIFTY29JAN2557000PE.NFO,2024-12-02,11:08:00,2025-01-29,4500.0,4500.0,4500.0,4500.0,0,180,0
BANKNIFTY29JAN2557000PE.NFO,2024-12-02,11:09:00,2025-01-29,4500.0,4500.0,4500.0,4500.0,0,180,0
BANKNIFTY29JAN2557000PE.NFO,2024-12-02,11:10:00,2025-01-29,4500.0,4500.0,4500.0,4500.0,0,180,0
BANKNIFTY29JAN2557000PE.NFO,2024-12-02,11:11:00,2025-01-29,4500.0,4500.0,4500.0,4500.0,0,180,0
BANKNIFTY29JAN2557000PE.NFO,2024-12-02,11:12:00,2025-01-29,4500.0,4500.0,4500.0,4500.0,0,180,0
BANKNIFTY29JAN2557000PE.NFO,2024-12-02,11:13:00,2025-01-29,4500.0,4500.0,4500.0,4500.0,0,180,0
BANKNIFTY29JAN2557000PE.NFO,2024-12-02,11:14:00,2025-01-29,4500.0,4500.0,4500.0,4500.0,0,180,0
BANKNIFTY29JAN2557000PE.NFO,2024-12-02,11:15:00,2025-01-29,4500.0,4500.0,4500.0,4500.0,0,180,0
BANKNIFTY29JAN2557000PE.NFO,2024-12-02,11:16:00,2025-01-29,4500.0,4500.0,4500.0,4500.0,0,180,0
BANKNIFTY29JAN2557000PE.NFO,2024-12-02,11:17:00,2025-01-29,4500.0,4500.0,4500.0,4500.0,0,180,0
BANKNIFTY29JAN2557000PE.NFO,2024-12-02,11:18:00,2025-01-29,4500.0,4500.0,4500.0,4500.0,0,180,0
BANKNIFTY29JAN2557000PE.NFO,2024-12-02,11:19:00,2025-01-29,4500.0,4500.0,4500.0,4500.0,0,180,0
BANKNIFTY29JAN2557000PE.NFO,2024-12-02,11:20:00,2025-01-29,4500.0,4500.0,4500.0,4500.0,0,180,0
BANKNIFTY29JAN2557000PE.NFO,2024-12-02,11:21:00,2025-01-29,4500.0,4500.0,4500.0,4500.0,0,180,0
BANKNIFTY29JAN2557000PE.NFO,2024-12-02,11:22:00,2025-01-29,4500.0,4500.0,4500.0,4500.0,0,180,0
BANKNIFTY29JAN2557000PE.NFO,2024-12-02,11:23:00,2025-01-29,4500.0,4500.0,4500.0,4500.0,0,180,0
BANKNIFTY29JAN2557000PE.NFO,2024-12-02,11:24:00,2025-01-29,4500.0,4500.0,4500.0,4500.0,0,180,0
BANKNIFTY29JAN2557000PE.NFO,2024-12-02,11:25:00,2025-01-29,4500.0,4500.0,4500.0,4500.0,0,180,0
BANKNIFTY29JAN2557000PE.NFO,2024-12-02,11:26:00,2025-01-29,4500.0,4500.0,4500.0,4500.0,0,180,0
BANKNIFTY29JAN2557000PE.NFO,2024-12-02,11:27:00,2025-01-29,4500.0,4500.0,4500.0,4500.0,0,180,0
BANKNIFTY29JAN2557000PE.NFO,2024-12-02,11:28:00,2025-01-29,4500.0,4500.0,4500.0,4500.0,0,180,0
BANKNIFTY29JAN2557000PE.NFO,2024-12-02,11:29:00,2025-01-29,4500.0,4500.0,4500.0,4500.0,0,180,0
BANKNIFTY29JAN2557000PE.NFO,2024-12-02,11:30:00,2025-01-29,4500.0,4500.0,4500.0,4500.0,0,180,0
BANKNIFTY29JAN2557000PE.NFO,2024-12-02,11:31:00,2025-01-29,4500.0,4500.0,4500.0,4500.0,0,180,0
BANKNIFTY29JAN2557000PE.NFO,2024-12-02,11:32:00,2025-01-29,4500.0,4500.0,4500.0,4500.0,0,180,0
BANKNIFTY29JAN2557000PE.NFO,2024-12-02,11:33:00,2025-01-29,4500.0,4500.0,4500.0,4500.0,0,180,0
BANKNIFTY29JAN2557000PE.NFO,2024-12-02,11:34:00,2025-01-29,4500.0,4500.0,4500.0,4500.0,0,180,0
BANKNIFTY29JAN2557000PE.NFO,2024-12-02,11:35:00,2025-01-29,4500.0,4500.0,4500.0,4500.0,0,180,0
BANKNIFTY29JAN2557000PE.NFO,2024-12-02,11:36:00,2025-01-29,4500.0,4500.0,4500.0,4500.0,0,180,0
BANKNIFTY29JAN2557000PE.NFO,2024-12-02,11:37:00,2025-01-29,4500.0,4500.0,4500.0,4500.0,0,180,0
BANKNIFTY29JAN2557000PE.NFO,2024-12-02,11:38:00,2025-01-29,4500.0,4500.0,4500.0,4500.0,0,180,0
BANKNIFTY29JAN2557000PE.NFO,2024-12-02,11:39:00,2025-01-29,4500.0,4500.0,4500.0,4500.0,0,180,0
BANKNIFTY29JAN2557000PE.NFO,2024-12-02,11:40:00,2025-01-29,4500.0,4500.0,4500.0,4500.0,0,180,0
BANKNIFTY29JAN2557000PE.NFO,2024-12-02,11:41:00,2025-01-29,4500.0,4500.0,4500.0,4500.0,0,180,0
BANKNIFTY29JAN2557000PE.NFO,2024-12-02,11:42:00,2025-01-29,4500.0,4500.0,4500.0,4500.0,0,180,0
BANKNIFTY29JAN2557000PE.NFO,2024-12-02,11:43:00,2025-01-29,4500.0,4500.0,4500.0,4500.0,0,180,0
BANKNIFTY29JAN2557000PE.NFO,2024-12-02,11:44:00,2025-01-29,4500.0,4500.0,4500.0,4500.0,0,180,0
BANKNIFTY29JAN2557000PE.NFO,2024-12-02,11:45:00,2025-01-29,4500.0,4500.0,4500.0,4500.0,0,180,0
BANKNIFTY29JAN2557000PE.NFO,2024-12-02,11:46:00,2025-01-29,4500.0,4500.0,4500.0,4500.0,0,180,0
BANKNIFTY29JAN2557000PE.NFO,2024-12-02,11:47:00,2025-01-29,4500.0,4500.0,4500.0,4500.0,0,180,0
BANKNIFTY29JAN2557000PE.NFO,2024-12-02,11:48:00,2025-01-29,4500.0,4500.0,4500.0,4500.0,0,180,0
BANKNIFTY29JAN2557000PE.NFO,2024-12-02,11:49:00,2025-01-29,4500.0,4500.0,4500.0,4500.0,0,180,0
BANKNIFTY29JAN2557000PE.NFO,2024-12-02,11:50:00,2025-01-29,4500.0,4500.0,4500.0,4500.0,0,180,0
BANKNIFTY29JAN2557000PE.NFO,2024-12-02,11:51:00,2025-01-29,4500.0,4500.0,4500.0,4500.0,0,180,0
BANKNIFTY29JAN2557000PE.NFO,2024-12-02,11:52:00,2025-01-29,4500.0,4500.0,4500.0,4500.0,0,180,0
BANKNIFTY29JAN2557000PE.NFO,2024-12-02,11:53:00,2025-01-29,4500.0,4500.0,4500.0,4500.0,0,180,0
BANKNIFTY29JAN2557000PE.NFO,2024-12-02,11:54:00,2025-01-29,4500.0,4500.0,4500.0,4500.0,0,180,0
BANKNIFTY29JAN2557000PE.NFO,2024-12-02,11:55:00,2025-01-29,4500.0,4500.0,4500.0,4500.0,0,180,0
BANKNIFTY29JAN2557000PE.NFO,2024-12-02,11:56:00,2025-01-29,4500.0,4500.0,4500.0,4500.0,0,180,0
BANKNIFTY29JAN2557000PE.NFO,2024-12-02,11:57:00,2025-01-29,4500.0,4500.0,4500.0,4500.0,0,180,0
BANKNIFTY29JAN2557000PE.NFO,2024-12-02,11:58:00,2025-01-29,4500.0,4500.0,4500.0,4500.0,0,180,0
BANKNIFTY29JAN2557000PE.NFO,2024-12-02,11:59:00,2025-01-29,4500.0,4500.0,4500.0,4500.0,0,180,0
BANKNIFTY29JAN2557000PE.NFO,2024-12-02,12:00:00,2025-01-29,4500.0,4500.0,4500.0,4500.0,0,180,0
BANKNIFTY29JAN2557000PE.NFO,2024-12-02,12:01:00,2025-01-29,4500.0,4500.0,4500.0,4500.0,0,180,0
BANKNIFTY29JAN2557000PE.NFO,2024-12-02,12:02:00,2025-01-29,4500.0,4500.0,4500.0,4500.0,0,180,0
BANKNIFTY29JAN2557000PE.NFO,2024-12-02,12:03:00,2025-01-29,4500.0,4500.0,4500.0,4500.0,0,180,0
BANKNIFTY29JAN2557000PE.NFO,2024-12-02,12:04:00,2025-01-29,4500.0,4500.0,4500.0,4500.0,0,180,0
BANKNIFTY29JAN2557000PE.NFO,2024-12-02,12:05:00,2025-01-29,4500.0,4500.0,4500.0,4500.0,0,180,0
BANKNIFTY29JAN2557000PE.NFO,2024-12-02,12:06:00,2025-01-29,4500.0,4500.0,4500.0,4500.0,0,180,0
BANKNIFTY29JAN2557000PE.NFO,2024-12-02,12:07:00,2025-01-29,4500.0,4500.0,4500.0,4500.0,0,180,0
BANKNIFTY29JAN2557000PE.NFO,2024-12-02,12:08:00,2025-01-29,4500.0,4500.0,4500.0,4500.0,0,180,0
BANKNIFTY29JAN2557000PE.NFO,2024-12-02,12:09:00,2025-01-29,4500.0,4500.0,4500.0,4500.0,0,180,0
BANKNIFTY29JAN2557000PE.NFO,2024-12-02,12:10:00,2025-01-29,4500.0,4500.0,4500.0,4500.0,0,180,0
BANKNIFTY29JAN2557000PE.NFO,2024-12-02,12:11:00,2025-01-29,4500.0,4500.0,4500.0,4500.0,0,180,0
BANKNIFTY29JAN2557000PE.NFO,2024-12-02,12:12:00,2025-01-29,4500.0,4500.0,4500.0,4500.0,0,180,0
BANKNIFTY29JAN2557000PE.NFO,2024-12-02,12:13:00,2025-01-29,4500.0,4500.0,4500.0,4500.0,0,180,0
BANKNIFTY29JAN2557000PE.NFO,2024-12-02,12:14:00,2025-01-29,4500.0,4500.0,4500.0,4500.0,0,180,0
BANKNIFTY29JAN2557000PE.NFO,2024-12-02,12:15:00,2025-01-29,4500.0,4500.0,4500.0,4500.0,0,180,0
BANKNIFTY29JAN2557000PE.NFO,2024-12-02,12:16:00,2025-01-29,4500.0,4500.0,4500.0,4500.0,0,180,0
BANKNIFTY29JAN2557000PE.NFO,2024-12-02,12:17:00,2025-01-29,4500.0,4500.0,4500.0,4500.0,0,180,0
BANKNIFTY29JAN2557000PE.NFO,2024-12-02,12:18:00,2025-01-29,4500.0,4500.0,4500.0,4500.0,0,180,0
BANKNIFTY29JAN2557000PE.NFO,2024-12-02,12:19:00,2025-01-29,4500.0,4500.0,4500.0,4500.0,0,180,0
BANKNIFTY29JAN2557000PE.NFO,2024-12-02,12:20:00,2025-01-29,4500.0,4500.0,4500.0,4500.0,0,180,0
BANKNIFTY29JAN2557000PE.NFO,2024-12-02,12:21:00,2025-01-29,4500.0,4500.0,4500.0,4500.0,0,180,0
BANKNIFTY29JAN2557000PE.NFO,2024-12-02,12:22:00,2025-01-29,4500.0,4500.0,4500.0,4500.0,0,180,0
BANKNIFTY29JAN2557000PE.NFO,2024-12-02,12:23:00,2025-01-29,4500.0,4500.0,4500.0,4500.0,0,180,0
BANKNIFTY29JAN2557000PE.NFO,2024-12-02,12:24:00,2025-01-29,4500.0,4500.0,4500.0,4500.0,0,180,0
BANKNIFTY29JAN2557000PE.NFO,2024-12-02,12:25:00,2025-01-29,4500.0,4500.0,4500.0,4500.0,0,180,0
BANKNIFTY29JAN2557000PE.NFO,2024-12-02,12:26:00,2025-01-29,4500.0,4500.0,4500.0,4500.0,0,180,0
BANKNIFTY29JAN2557000PE.NFO,2024-12-02,12:27:00,2025-01-29,4500.0,4500.0,4500.0,4500.0,0,180,0
BANKNIFTY29JAN2557000PE.NFO,2024-12-02,12:28:00,2025-01-29,4500.0,4500.0,4500.0,4500.0,0,180,0
BANKNIFTY29JAN2557000PE.NFO,2024-12-02,12:29:00,2025-01-29,4500.0,4500.0,4500.0,4500.0,0,180,0
BANKNIFTY29JAN2557000PE.NFO,2024-12-02,12:30:00,2025-01-29,4500.0,4500.0,4500.0,4500.0,0,180,0
BANKNIFTY29JAN2557000PE.NFO,2024-12-02,12:31:00,2025-01-29,4500.0,4500.0,4500.0,4500.0,0,180,0
BANKNIFTY29JAN2557000PE.NFO,2024-12-02,12:32:00,2025-01-29,4500.0,4500.0,4500.0,4500.0,0,180,0
BANKNIFTY29JAN2557000PE.NFO,2024-12-02,12:33:00,2025-01-29,4500.0,4500.0,4500.0,4500.0,0,180,0
BANKNIFTY29JAN2557000PE.NFO,2024-12-02,12:34:00,2025-01-29,4500.0,4500.0,4500.0,4500.0,0,180,0
BANKNIFTY29JAN2557000PE.NFO,2024-12-02,12:35:00,2025-01-29,4500.0,4500.0,4500.0,4500.0,0,180,0
BANKNIFTY29JAN2557000PE.NFO,2024-12-02,12:36:00,2025-01-29,4500.0,4500.0,4500.0,4500.0,0,180,0
BANKNIFTY29JAN2557000PE.NFO,2024-12-02,12:37:00,2025-01-29,4500.0,4500.0,4500.0,4500.0,0,180,0
BANKNIFTY29JAN2557000PE.NFO,2024-12-02,12:38:00,2025-01-29,4500.0,4500.0,4500.0,4500.0,0,180,0
BANKNIFTY29JAN2557000PE.NFO,2024-12-02,12:39:00,2025-01-29,4500.0,4500.0,4500.0,4500.0,0,180,0
BANKNIFTY29JAN2557000PE.NFO,2024-12-02,12:40:00,2025-01-29,4500.0,4500.0,4500.0,4500.0,0,180,0
BANKNIFTY29JAN2557000PE.NFO,2024-12-02,12:41:00,2025-01-29,4500.0,4500.0,4500.0,4500.0,0,180,0
BANKNIFTY29JAN2557000PE.NFO,2024-12-02,12:42:00,2025-01-29,4500.0,4500.0,4500.0,4500.0,0,180,0
BANKNIFTY29JAN2557000PE.NFO,2024-12-02,12:43:00,2025-01-29,4500.0,4500.0,4500.0,4500.0,0,180,0
BANKNIFTY29JAN2557000PE.NFO,2024-12-02,12:44:00,2025-01-29,4500.0,4500.0,4500.0,4500.0,0,180,0
BANKNIFTY29JAN2557000PE.NFO,2024-12-02,12:45:00,2025-01-29,4500.0,4500.0,4500.0,4500.0,0,180,0
BANKNIFTY29JAN2557000PE.NFO,2024-12-02,12:46:00,2025-01-29,4500.0,4500.0,4500.0,4500.0,0,180,0
BANKNIFTY29JAN2557000PE.NFO,2024-12-02,12:47:00,2025-01-29,4500.0,4500.0,4500.0,4500.0,0,180,0
BANKNIFTY29JAN2557000PE.NFO,2024-12-02,12:48:00,2025-01-29,4500.0,4500.0,4500.0,4500.0,0,180,0
BANKNIFTY29JAN2557000PE.NFO,2024-12-02,12:49:00,2025-01-29,4500.0,4500.0,4500.0,4500.0,0,180,0
BANKNIFTY29JAN2557000PE.NFO,2024-12-02,12:50:00,2025-01-29,4500.0,4500.0,4500.0,4500.0,0,180,0
BANKNIFTY29JAN2557000PE.NFO,2024-12-02,12:51:00,2025-01-29,4500.0,4500.0,4500.0,4500.0,0,180,0
BANKNIFTY29JAN2557000PE.NFO,2024-12-02,12:52:00,2025-01-29,4500.0,4500.0,4500.0,4500.0,0,180,0
BANKNIFTY29JAN2557000PE.NFO,2024-12-02,12:53:00,2025-01-29,4500.0,4500.0,4500.0,4500.0,0,180,0
BANKNIFTY29JAN2557000PE.NFO,2024-12-02,12:54:00,2025-01-29,4500.0,4500.0,4500.0,4500.0,0,180,0
BANKNIFTY29JAN2557000PE.NFO,2024-12-02,12:55:00,2025-01-29,4500.0,4500.0,4500.0,4500.0,0,180,0
BANKNIFTY29JAN2557000PE.NFO,2024-12-02,12:56:00,2025-01-29,4500.0,4500.0,4500.0,4500.0,0,180,0
BANKNIFTY29JAN2557000PE.NFO,2024-12-02,12:57:00,2025-01-29,4500.0,4500.0,4500.0,4500.0,0,180,0
BANKNIFTY29JAN2557000PE.NFO,2024-12-02,12:58:00,2025-01-29,4500.0,4500.0,4500.0,4500.0,0,180,0
BANKNIFTY29JAN2557000PE.NFO,2024-12-02,12:59:00,2025-01-29,4500.0,4500.0,4500.0,4500.0,0,180,0
BANKNIFTY29JAN2557000PE.NFO,2024-12-02,13:00:00,2025-01-29,4500.0,4500.0,4500.0,4500.0,0,180,0
BANKNIFTY29JAN2557000PE.NFO,2024-12-02,13:01:00,2025-01-29,4500.0,4500.0,4500.0,4500.0,0,180,0
BANKNIFTY29JAN2557000PE.NFO,2024-12-02,13:02:00,2025-01-29,4500.0,4500.0,4500.0,4500.0,0,180,0
BANKNIFTY29JAN2557000PE.NFO,2024-12-02,13:03:00,2025-01-29,4500.0,4500.0,4500.0,4500.0,0,180,0
BANKNIFTY29JAN2557000PE.NFO,2024-12-02,13:04:00,2025-01-29,4500.0,4500.0,4500.0,4500.0,0,180,0
BANKNIFTY29JAN2557000PE.NFO,2024-12-02,13:05:00,2025-01-29,4500.0,4500.0,4500.0,4500.0,0,180,0
BANKNIFTY29JAN2557000PE.NFO,2024-12-02,13:06:00,2025-01-29,4500.0,4500.0,4500.0,4500.0,0,180,0
BANKNIFTY29JAN2557000PE.NFO,2024-12-02,13:07:00,2025-01-29,4500.0,4500.0,4500.0,4500.0,0,180,0
BANKNIFTY29JAN2557000PE.NFO,2024-12-02,13:08:00,2025-01-29,4500.0,4500.0,4500.0,4500.0,0,180,0
BANKNIFTY29JAN2557000PE.NFO,2024-12-02,13:09:00,2025-01-29,4500.0,4500.0,4500.0,4500.0,0,180,0
BANKNIFTY29JAN2557000PE.NFO,2024-12-02,13:10:00,2025-01-29,4500.0,4500.0,4500.0,4500.0,0,180,0
BANKNIFTY29JAN2557000PE.NFO,2024-12-02,13:11:00,2025-01-29,4500.0,4500.0,4500.0,4500.0,0,180,0
BANKNIFTY29JAN2557000PE.NFO,2024-12-02,13:12:00,2025-01-29,4500.0,4500.0,4500.0,4500.0,0,180,0
BANKNIFTY29JAN2557000PE.NFO,2024-12-02,13:13:00,2025-01-29,4500.0,4500.0,4500.0,4500.0,0,180,0
BANKNIFTY29JAN2557000PE.NFO,2024-12-02,13:14:00,2025-01-29,4500.0,4500.0,4500.0,4500.0,0,180,0
BANKNIFTY29JAN2557000PE.NFO,2024-12-02,13:15:00,2025-01-29,4500.0,4500.0,4500.0,4500.0,0,180,0
BANKNIFTY29JAN2557000PE.NFO,2024-12-02,13:16:00,2025-01-29,4500.0,4500.0,4500.0,4500.0,0,180,0
BANKNIFTY29JAN2557000PE.NFO,2024-12-02,13:17:00,2025-01-29,4500.0,4500.0,4500.0,4500.0,0,180,0
BANKNIFTY29JAN2557000PE.NFO,2024-12-02,13:18:00,2025-01-29,4500.0,4500.0,4500.0,4500.0,0,180,0
BANKNIFTY29JAN2557000PE.NFO,2024-12-02,13:19:00,2025-01-29,4500.0,4500.0,4500.0,4500.0,0,180,0
BANKNIFTY29JAN2557000PE.NFO,2024-12-02,13:20:00,2025-01-29,4500.0,4500.0,4500.0,4500.0,0,180,0
BANKNIFTY29JAN2557000PE.NFO,2024-12-02,13:21:00,2025-01-29,4500.0,4500.0,4500.0,4500.0,0,180,0
BANKNIFTY29JAN2557000PE.NFO,2024-12-02,13:22:00,2025-01-29,4500.0,4500.0,4500.0,4500.0,0,180,0
BANKNIFTY29JAN2557000PE.NFO,2024-12-02,13:23:00,2025-01-29,4500.0,4500.0,4500.0,4500.0,0,180,0
BANKNIFTY29JAN2557000PE.NFO,2024-12-02,13:24:00,2025-01-29,4500.0,4500.0,4500.0,4500.0,0,180,0
BANKNIFTY29JAN2557000PE.NFO,2024-12-02,13:25:00,2025-01-29,4500.0,4500.0,4500.0,4500.0,0,180,0
BANKNIFTY29JAN2557000PE.NFO,2024-12-02,13:26:00,2025-01-29,4500.0,4500.0,4500.0,4500.0,0,180,0
BANKNIFTY29JAN2557000PE.NFO,2024-12-02,13:27:00,2025-01-29,4500.0,4500.0,4500.0,4500.0,0,180,0
BANKNIFTY29JAN2557000PE.NFO,2024-12-02,13:28:00,2025-01-29,4500.0,4500.0,4500.0,4500.0,0,180,0
BANKNIFTY29JAN2557000PE.NFO,2024-12-02,13:29:00,2025-01-29,4500.0,4500.0,4500.0,4500.0,0,180,0
BANKNIFTY29JAN2557000PE.NFO,2024-12-02,13:30:00,2025-01-29,4500.0,4500.0,4500.0,4500.0,0,180,0
BANKNIFTY29JAN2557000PE.NFO,2024-12-02,13:31:00,2025-01-29,4500.0,4500.0,4500.0,4500.0,0,180,0
BANKNIFTY29JAN2557000PE.NFO,2024-12-02,13:32:00,2025-01-29,4500.0,4500.0,4500.0,4500.0,0,180,0
BANKNIFTY29JAN2557000PE.NFO,2024-12-02,13:33:00,2025-01-29,4500.0,4500.0,4500.0,4500.0,0,180,0
BANKNIFTY29JAN2557000PE.NFO,2024-12-02,13:34:00,2025-01-29,4500.0,4500.0,4500.0,4500.0,0,180,0
BANKNIFTY29JAN2557000PE.NFO,2024-12-02,13:35:00,2025-01-29,4500.0,4500.0,4500.0,4500.0,0,180,0
BANKNIFTY29JAN2557000PE.NFO,2024-12-02,13:36:00,2025-01-29,4500.0,4500.0,4500.0,4500.0,0,180,0
BANKNIFTY29JAN2557000PE.NFO,2024-12-02,13:37:00,2025-01-29,4500.0,4500.0,4500.0,4500.0,0,180,0
BANKNIFTY29JAN2557000PE.NFO,2024-12-02,13:38:00,2025-01-29,4500.0,4500.0,4500.0,4500.0,0,180,0
BANKNIFTY29JAN2557000PE.NFO,2024-12-02,13:39:00,2025-01-29,4500.0,4500.0,4500.0,4500.0,0,180,0
BANKNIFTY29JAN2557000PE.NFO,2024-12-02,13:40:00,2025-01-29,4500.0,4500.0,4500.0,4500.0,0,180,0
BANKNIFTY29JAN2557000PE.NFO,2024-12-02,13:41:00,2025-01-29,4500.0,4500.0,4500.0,4500.0,0,180,0
BANKNIFTY29JAN2557000PE.NFO,2024-12-02,13:42:00,2025-01-29,4500.0,4500.0,4500.0,4500.0,0,180,0
BANKNIFTY29JAN2557000PE.NFO,2024-12-02,13:43:00,2025-01-29,4500.0,4500.0,4500.0,4500.0,0,180,0
BANKNIFTY29JAN2557000PE.NFO,2024-12-02,13:44:00,2025-01-29,4500.0,4500.0,4500.0,4500.0,0,180,0
BANKNIFTY29JAN2557000PE.NFO,2024-12-02,13:45:00,2025-01-29,4500.0,4500.0,4500.0,4500.0,0,180,0
BANKNIFTY29JAN2557000PE.NFO,2024-12-02,13:46:00,2025-01-29,4500.0,4500.0,4500.0,4500.0,0,180,0
BANKNIFTY29JAN2557000PE.NFO,2024-12-02,13:47:00,2025-01-29,4500.0,4500.0,4500.0,4500.0,0,180,0
BANKNIFTY29JAN2557000PE.NFO,2024-12-02,13:48:00,2025-01-29,4500.0,4500.0,4500.0,4500.0,0,180,0
BANKNIFTY29JAN2557000PE.NFO,2024-12-02,13:49:00,2025-01-29,4500.0,4500.0,4500.0,4500.0,0,180,0
BANKNIFTY29JAN2557000PE.NFO,2024-12-02,13:50:00,2025-01-29,4500.0,4500.0,4500.0,4500.0,0,180,0
BANKNIFTY29JAN2557000PE.NFO,2024-12-02,13:51:00,2025-01-29,4500.0,4500.0,4500.0,4500.0,0,180,0
BANKNIFTY29JAN2557000PE.NFO,2024-12-02,13:52:00,2025-01-29,4500.0,4500.0,4500.0,4500.0,0,180,0
BANKNIFTY29JAN2557000PE.NFO,2024-12-02,13:53:00,2025-01-29,4500.0,4500.0,4500.0,4500.0,0,180,0
BANKNIFTY29JAN2557000PE.NFO,2024-12-02,13:54:00,2025-01-29,4500.0,4500.0,4500.0,4500.0,0,180,0
BANKNIFTY29JAN2557000PE.NFO,2024-12-02,13:55:00,2025-01-29,4500.0,4500.0,4500.0,4500.0,0,180,0
BANKNIFTY29JAN2557000PE.NFO,2024-12-02,13:56:00,2025-01-29,4500.0,4500.0,4500.0,4500.0,0,180,0
BANKNIFTY29JAN2557000PE.NFO,2024-12-02,13:57:00,2025-01-29,4500.0,4500.0,4500.0,4500.0,0,180,0
BANKNIFTY29JAN2557000PE.NFO,2024-12-02,13:58:00,2025-01-29,4500.0,4500.0,4500.0,4500.0,0,180,0
BANKNIFTY29JAN2557000PE.NFO,2024-12-02,13:59:00,2025-01-29,4500.0,4500.0,4500.0,4500.0,0,180,0
BANKNIFTY29JAN2557000PE.NFO,2024-12-02,14:00:00,2025-01-29,4500.0,4500.0,4500.0,4500.0,0,180,0
BANKNIFTY29JAN2557000PE.NFO,2024-12-02,14:01:00,2025-01-29,4500.0,4500.0,4500.0,4500.0,0,180,0
BANKNIFTY29JAN2557000PE.NFO,2024-12-02,14:02:00,2025-01-29,4500.0,4500.0,4500.0,4500.0,0,180,0
BANKNIFTY29JAN2557000PE.NFO,2024-12-02,14:03:00,2025-01-29,4500.0,4500.0,4500.0,4500.0,0,180,0
BANKNIFTY29JAN2557000PE.NFO,2024-12-02,14:04:00,2025-01-29,4500.0,4500.0,4500.0,4500.0,0,180,0
BANKNIFTY29JAN2557000PE.NFO,2024-12-02,14:05:00,2025-01-29,4500.0,4500.0,4500.0,4500.0,0,180,0
BANKNIFTY29JAN2557000PE.NFO,2024-12-02,14:06:00,2025-01-29,4500.0,4500.0,4300.0,4300.0,30,165,0
BANKNIFTY29JAN2557000PE.NFO,2024-12-02,14:07:00,2025-01-29,4300.0,4300.0,4300.0,4300.0,0,165,0
BANKNIFTY29JAN2557000PE.NFO,2024-12-02,14:08:00,2025-01-29,4300.0,4300.0,4300.0,4300.0,0,165,0
BANKNIFTY29JAN2557000PE.NFO,2024-12-02,14:09:00,2025-01-29,4300.0,4300.0,4300.0,4300.0,0,165,0
BANKNIFTY29JAN2557000PE.NFO,2024-12-02,14:10:00,2025-01-29,4300.0,4300.0,4300.0,4300.0,0,165,0
BANKNIFTY29JAN2557000PE.NFO,2024-12-02,14:11:00,2025-01-29,4300.0,4300.0,4300.0,4300.0,0,165,0
BANKNIFTY29JAN2557000PE.NFO,2024-12-02,14:12:00,2025-01-29,4300.0,4300.0,4300.0,4300.0,0,165,0
BANKNIFTY29JAN2557000PE.NFO,2024-12-02,14:13:00,2025-01-29,4300.0,4300.0,4300.0,4300.0,0,165,0
BANKNIFTY29JAN2557000PE.NFO,2024-12-02,14:14:00,2025-01-29,4300.0,4300.0,4300.0,4300.0,0,165,0
BANKNIFTY29JAN2557000PE.NFO,2024-12-02,14:15:00,2025-01-29,4300.0,4300.0,4300.0,4300.0,0,165,0
BANKNIFTY29JAN2557000PE.NFO,2024-12-02,14:16:00,2025-01-29,4300.0,4300.0,4300.0,4300.0,0,165,0
BANKNIFTY29JAN2557000PE.NFO,2024-12-02,14:17:00,2025-01-29,4300.0,4300.0,4300.0,4300.0,0,165,0
BANKNIFTY29JAN2557000PE.NFO,2024-12-02,14:18:00,2025-01-29,4300.0,4300.0,4300.0,4300.0,0,165,0
BANKNIFTY29JAN2557000PE.NFO,2024-12-02,14:19:00,2025-01-29,4300.0,4300.0,4300.0,4300.0,0,165,0
BANKNIFTY29JAN2557000PE.NFO,2024-12-02,14:20:00,2025-01-29,4300.0,4300.0,4300.0,4300.0,0,165,0
BANKNIFTY29JAN2557000PE.NFO,2024-12-02,14:21:00,2025-01-29,4300.0,4300.0,4300.0,4300.0,0,165,0
BANKNIFTY29JAN2557000PE.NFO,2024-12-02,14:22:00,2025-01-29,4300.0,4300.0,4300.0,4300.0,0,165,0
BANKNIFTY29JAN2557000PE.NFO,2024-12-02,14:23:00,2025-01-29,4300.0,4300.0,4300.0,4300.0,0,165,0
BANKNIFTY29JAN2557000PE.NFO,2024-12-02,14:24:00,2025-01-29,4300.0,4300.0,4300.0,4300.0,0,165,0
BANKNIFTY29JAN2557000PE.NFO,2024-12-02,14:25:00,2025-01-29,4300.0,4300.0,4300.0,4300.0,0,165,0
BANKNIFTY29JAN2557000PE.NFO,2024-12-02,14:26:00,2025-01-29,4300.0,4300.0,4300.0,4300.0,0,165,0
BANKNIFTY29JAN2557000PE.NFO,2024-12-02,14:27:00,2025-01-29,4300.0,4300.0,4300.0,4300.0,0,165,0
BANKNIFTY29JAN2557000PE.NFO,2024-12-02,14:28:00,2025-01-29,4300.0,4300.0,4300.0,4300.0,0,165,0
BANKNIFTY29JAN2557000PE.NFO,2024-12-02,14:29:00,2025-01-29,4300.0,4300.0,4300.0,4300.0,0,165,0
BANKNIFTY29JAN2557000PE.NFO,2024-12-02,14:30:00,2025-01-29,4300.0,4300.0,4300.0,4300.0,0,165,0
BANKNIFTY29JAN2557000PE.NFO,2024-12-02,14:31:00,2025-01-29,4300.0,4300.0,4300.0,4300.0,0,165,0
BANKNIFTY29JAN2557000PE.NFO,2024-12-02,14:32:00,2025-01-29,4300.0,4300.0,4300.0,4300.0,0,165,0
BANKNIFTY29JAN2557000PE.NFO,2024-12-02,14:33:00,2025-01-29,4300.0,4300.0,4300.0,4300.0,0,165,0
BANKNIFTY29JAN2557000PE.NFO,2024-12-02,14:34:00,2025-01-29,4300.0,4300.0,4300.0,4300.0,0,165,0
BANKNIFTY29JAN2557000PE.NFO,2024-12-02,14:35:00,2025-01-29,4300.0,4300.0,4300.0,4300.0,0,165,0
BANKNIFTY29JAN2557000PE.NFO,2024-12-02,14:36:00,2025-01-29,4300.0,4300.0,4300.0,4300.0,0,165,0
BANKNIFTY29JAN2557000PE.NFO,2024-12-02,14:37:00,2025-01-29,4300.0,4300.0,4300.0,4300.0,0,165,0
BANKNIFTY29JAN2557000PE.NFO,2024-12-02,14:38:00,2025-01-29,4300.0,4300.0,4300.0,4300.0,0,165,0
BANKNIFTY29JAN2557000PE.NFO,2024-12-02,14:39:00,2025-01-29,4300.0,4300.0,4300.0,4300.0,0,165,0
BANKNIFTY29JAN2557000PE.NFO,2024-12-02,14:40:00,2025-01-29,4300.0,4300.0,4300.0,4300.0,0,165,0
BANKNIFTY29JAN2557000PE.NFO,2024-12-02,14:41:00,2025-01-29,4300.0,4300.0,4300.0,4300.0,0,165,0
BANKNIFTY29JAN2557000PE.NFO,2024-12-02,14:42:00,2025-01-29,4300.0,4300.0,4300.0,4300.0,0,165,0
BANKNIFTY29JAN2557000PE.NFO,2024-12-02,14:43:00,2025-01-29,4300.0,4300.0,4300.0,4300.0,0,165,0
BANKNIFTY29JAN2557000PE.NFO,2024-12-02,14:44:00,2025-01-29,4300.0,4300.0,4300.0,4300.0,0,165,0
BANKNIFTY29JAN2557000PE.NFO,2024-12-02,14:45:00,2025-01-29,4300.0,4300.0,4300.0,4300.0,0,165,0
BANKNIFTY29JAN2557000PE.NFO,2024-12-02,14:46:00,2025-01-29,4300.0,4300.0,4300.0,4300.0,0,165,0
BANKNIFTY29JAN2557000PE.NFO,2024-12-02,14:47:00,2025-01-29,4300.0,4300.0,4300.0,4300.0,0,165,0
BANKNIFTY29JAN2557000PE.NFO,2024-12-02,14:48:00,2025-01-29,4300.0,4300.0,4300.0,4300.0,0,165,0
BANKNIFTY29JAN2557000PE.NFO,2024-12-02,14:49:00,2025-01-29,4300.0,4300.0,4300.0,4300.0,0,165,0
BANKNIFTY29JAN2557000PE.NFO,2024-12-02,14:50:00,2025-01-29,4300.0,4300.0,4300.0,4300.0,0,165,0
BANKNIFTY29JAN2557000PE.NFO,2024-12-02,14:51:00,2025-01-29,4300.0,4300.0,4300.0,4300.0,0,165,0
BANKNIFTY29JAN2557000PE.NFO,2024-12-02,14:52:00,2025-01-29,4300.0,4300.0,4300.0,4300.0,0,165,0
BANKNIFTY29JAN2557000PE.NFO,2024-12-02,14:53:00,2025-01-29,4300.0,4300.0,4300.0,4300.0,0,165,0
BANKNIFTY29JAN2557000PE.NFO,2024-12-02,14:54:00,2025-01-29,4300.0,4300.0,4300.0,4300.0,0,165,0
BANKNIFTY29JAN2557000PE.NFO,2024-12-02,14:55:00,2025-01-29,4300.0,4300.0,4300.0,4300.0,0,165,0
BANKNIFTY29JAN2557000PE.NFO,2024-12-02,14:56:00,2025-01-29,4300.0,4300.0,4300.0,4300.0,0,165,0
BANKNIFTY29JAN2557000PE.NFO,2024-12-02,14:57:00,2025-01-29,4300.0,4300.0,4300.0,4300.0,0,165,0
BANKNIFTY29JAN2557000PE.NFO,2024-12-02,14:58:00,2025-01-29,4300.0,4300.0,4300.0,4300.0,0,165,0
BANKNIFTY29JAN2557000PE.NFO,2024-12-02,14:59:00,2025-01-29,4300.0,4300.0,4300.0,4300.0,0,165,0
BANKNIFTY29JAN2557000PE.NFO,2024-12-02,15:00:00,2025-01-29,4300.0,4300.0,4300.0,4300.0,0,165,0
BANKNIFTY29JAN2557000PE.NFO,2024-12-02,15:01:00,2025-01-29,4300.0,4300.0,4300.0,4300.0,0,165,0
BANKNIFTY29JAN2557000PE.NFO,2024-12-02,15:02:00,2025-01-29,4300.0,4300.0,4300.0,4300.0,0,165,0
BANKNIFTY29JAN2557000PE.NFO,2024-12-02,15:03:00,2025-01-29,4300.0,4300.0,4300.0,4300.0,0,165,0
BANKNIFTY29JAN2557000PE.NFO,2024-12-02,15:04:00,2025-01-29,4300.0,4300.0,4300.0,4300.0,0,165,0
BANKNIFTY29JAN2557000PE.NFO,2024-12-02,15:05:00,2025-01-29,4300.0,4300.0,4300.0,4300.0,0,165,0
BANKNIFTY29JAN2557000PE.NFO,2024-12-02,15:06:00,2025-01-29,4300.0,4300.0,4300.0,4300.0,0,165,0
BANKNIFTY29JAN2557000PE.NFO,2024-12-02,15:07:00,2025-01-29,4300.0,4300.0,4300.0,4300.0,0,165,0
BANKNIFTY29JAN2557000PE.NFO,2024-12-02,15:08:00,2025-01-29,4300.0,4300.0,4300.0,4300.0,0,165,0
BANKNIFTY29JAN2557000PE.NFO,2024-12-02,15:09:00,2025-01-29,4300.0,4300.0,4300.0,4300.0,0,165,0
BANKNIFTY29JAN2557000PE.NFO,2024-12-02,15:10:00,2025-01-29,4300.0,4300.0,4300.0,4300.0,0,165,0
BANKNIFTY29JAN2557000PE.NFO,2024-12-02,15:11:00,2025-01-29,4300.0,4300.0,4300.0,4300.0,0,165,0
BANKNIFTY29JAN2557000PE.NFO,2024-12-02,15:12:00,2025-01-29,4300.0,4300.0,4300.0,4300.0,0,165,0
BANKNIFTY29JAN2557000PE.NFO,2024-12-02,15:13:00,2025-01-29,4300.0,4300.0,4300.0,4300.0,0,165,0
BANKNIFTY29JAN2557000PE.NFO,2024-12-02,15:14:00,2025-01-29,4300.0,4300.0,4300.0,4300.0,0,165,0
BANKNIFTY29JAN2557000PE.NFO,2024-12-02,15:15:00,2025-01-29,4300.0,4300.0,4300.0,4300.0,0,165,0
BANKNIFTY29JAN2557000PE.NFO,2024-12-02,15:16:00,2025-01-29,4300.0,4300.0,4300.0,4300.0,0,165,0
BANKNIFTY29JAN2557000PE.NFO,2024-12-02,15:17:00,2025-01-29,4300.0,4300.0,4300.0,4300.0,0,165,0
BANKNIFTY29JAN2557000PE.NFO,2024-12-02,15:18:00,2025-01-29,4300.0,4300.0,4300.0,4300.0,0,165,0
BANKNIFTY29JAN2557000PE.NFO,2024-12-02,15:19:00,2025-01-29,4300.0,4300.0,4300.0,4300.0,0,165,0
BANKNIFTY29JAN2557000PE.NFO,2024-12-02,15:20:00,2025-01-29,4300.0,4300.0,4300.0,4300.0,0,165,0
BANKNIFTY29JAN2557000PE.NFO,2024-12-02,15:21:00,2025-01-29,4300.0,4300.0,4300.0,4300.0,0,165,0
BANKNIFTY29JAN2557000PE.NFO,2024-12-02,15:22:00,2025-01-29,4300.0,4300.0,4300.0,4300.0,0,165,0
BANKNIFTY29JAN2557000PE.NFO,2024-12-02,15:23:00,2025-01-29,4300.0,4300.0,4300.0,4300.0,0,165,0
BANKNIFTY29JAN2557000PE.NFO,2024-12-02,15:24:00,2025-01-29,4300.0,4300.0,4300.0,4300.0,0,165,0
BANKNIFTY29JAN2557000PE.NFO,2024-12-02,15:25:00,2025-01-29,4300.0,4300.0,4300.0,4300.0,0,165,0
BANKNIFTY29JAN2557000PE.NFO,2024-12-02,15:26:00,2025-01-29,4300.0,4300.0,4300.0,4300.0,0,165,0
BANKNIFTY29JAN2557000PE.NFO,2024-12-02,15:27:00,2025-01-29,4300.0,4300.0,4300.0,4300.0,0,165,0
BANKNIFTY29JAN2557000PE.NFO,2024-12-02,15:28:00,2025-01-29,4300.0,4300.0,4300.0,4300.0,0,165,0
BANKNIFTY29JAN2557000PE.NFO,2024-12-02,15:29:00,2025-01-29,4300.0,4300.0,4300.0,4300.0,0,165,0
BANKNIFTY29JAN2557000PE.NFO,2024-12-02,15:30:00,2025-01-29,4300.0,4300.0,4300.0,4300.0,0,165,1
BANKNIFTY29JAN2557000PE.NFO,2024-12-03,09:15:00,2025-01-29,4000.0,4000.0,4000.0,4000.0,0,195,1
BANKNIFTY29JAN2557000PE.NFO,2024-12-03,09:16:00,2025-01-29,4000.0,4000.0,4000.0,4000.0,0,195,1
BANKNIFTY29JAN2557000PE.NFO,2024-12-03,09:17:00,2025-01-29,4000.0,4000.0,4000.0,4000.0,0,195,1
BANKNIFTY29JAN2557000PE.NFO,2024-12-03,09:18:00,2025-01-29,4000.0,4000.0,4000.0,4000.0,0,195,1
BANKNIFTY29JAN2557000PE.NFO,2024-12-03,09:19:00,2025-01-29,4000.0,4000.0,4000.0,4000.0,0,195,1
BANKNIFTY29JAN2557000PE.NFO,2024-12-03,09:20:00,2025-01-29,4000.0,4000.0,4000.0,4000.0,0,195,1
BANKNIFTY29JAN2557000PE.NFO,2024-12-03,09:21:00,2025-01-29,4000.0,4000.0,4000.0,4000.0,0,195,1
BANKNIFTY29JAN2557000PE.NFO,2024-12-03,09:22:00,2025-01-29,4000.0,4000.0,4000.0,4000.0,0,195,1
BANKNIFTY29JAN2557000PE.NFO,2024-12-03,09:23:00,2025-01-29,4000.0,4000.0,4000.0,4000.0,0,195,1
BANKNIFTY29JAN2557000PE.NFO,2024-12-03,09:24:00,2025-01-29,4000.0,4000.0,4000.0,4000.0,0,195,1
BANKNIFTY29JAN2557000PE.NFO,2024-12-03,09:25:00,2025-01-29,4000.0,4000.0,4000.0,4000.0,0,195,1
BANKNIFTY29JAN2557000PE.NFO,2024-12-03,09:26:00,2025-01-29,4000.0,4000.0,4000.0,4000.0,0,195,1
BANKNIFTY29JAN2557000PE.NFO,2024-12-03,09:27:00,2025-01-29,4000.0,4000.0,4000.0,4000.0,0,195,1
BANKNIFTY29JAN2557000PE.NFO,2024-12-03,09:28:00,2025-01-29,4000.0,4000.0,4000.0,4000.0,0,195,1
BANKNIFTY29JAN2557000PE.NFO,2024-12-03,09:29:00,2025-01-29,4000.0,4000.0,4000.0,4000.0,0,195,1
BANKNIFTY29JAN2557000PE.NFO,2024-12-03,09:30:00,2025-01-29,4000.0,4000.0,4000.0,4000.0,0,195,1
BANKNIFTY29JAN2557000PE.NFO,2024-12-03,09:31:00,2025-01-29,4000.0,4000.0,4000.0,4000.0,0,195,1
BANKNIFTY29JAN2557000PE.NFO,2024-12-03,09:32:00,2025-01-29,4000.0,4000.0,4000.0,4000.0,0,195,1
BANKNIFTY29JAN2557000PE.NFO,2024-12-03,09:33:00,2025-01-29,4000.0,4000.0,4000.0,4000.0,0,195,1
BANKNIFTY29JAN2557000PE.NFO,2024-12-03,09:34:00,2025-01-29,4000.0,4000.0,4000.0,4000.0,0,195,1
BANKNIFTY29JAN2557000PE.NFO,2024-12-03,09:35:00,2025-01-29,4000.0,4000.0,4000.0,4000.0,0,195,1
BANKNIFTY29JAN2557000PE.NFO,2024-12-03,09:36:00,2025-01-29,4000.0,4000.0,4000.0,4000.0,0,195,1
BANKNIFTY29JAN2557000PE.NFO,2024-12-03,09:37:00,2025-01-29,4000.0,4000.0,4000.0,4000.0,0,195,1
BANKNIFTY29JAN2557000PE.NFO,2024-12-03,09:38:00,2025-01-29,4000.0,4000.0,4000.0,4000.0,0,195,1
BANKNIFTY29JAN2557000PE.NFO,2024-12-03,09:39:00,2025-01-29,4000.0,4000.0,4000.0,4000.0,0,195,1
BANKNIFTY29JAN2557000PE.NFO,2024-12-03,09:40:00,2025-01-29,4000.0,4000.0,4000.0,4000.0,0,195,0
BANKNIFTY29JAN2557000PE.NFO,2024-12-03,09:41:00,2025-01-29,4000.0,4000.0,4000.0,4000.0,0,195,0
BANKNIFTY29JAN2557000PE.NFO,2024-12-03,09:42:00,2025-01-29,4000.0,4000.0,4000.0,4000.0,0,195,0
BANKNIFTY29JAN2557000PE.NFO,2024-12-03,09:43:00,2025-01-29,4000.0,4000.0,4000.0,4000.0,0,195,0
BANKNIFTY29JAN2557000PE.NFO,2024-12-03,09:44:00,2025-01-29,4000.0,4000.0,4000.0,4000.0,0,195,0
BANKNIFTY29JAN2557000PE.NFO,2024-12-03,09:45:00,2025-01-29,4000.0,4000.0,4000.0,4000.0,0,195,0
BANKNIFTY29JAN2557000PE.NFO,2024-12-03,09:46:00,2025-01-29,4000.0,4000.0,4000.0,4000.0,0,195,0
BANKNIFTY29JAN2557000PE.NFO,2024-12-03,09:47:00,2025-01-29,4000.0,4000.0,4000.0,4000.0,0,195,0
BANKNIFTY29JAN2557000PE.NFO,2024-12-03,09:48:00,2025-01-29,4000.0,4000.0,4000.0,4000.0,0,195,0
BANKNIFTY29JAN2557000PE.NFO,2024-12-03,09:49:00,2025-01-29,4000.0,4000.0,4000.0,4000.0,0,195,0
BANKNIFTY29JAN2557000PE.NFO,2024-12-03,09:50:00,2025-01-29,4000.0,4000.0,4000.0,4000.0,0,210,0
BANKNIFTY29JAN2557000PE.NFO,2024-12-03,09:51:00,2025-01-29,4000.0,4000.0,4000.0,4000.0,0,210,0
BANKNIFTY29JAN2557000PE.NFO,2024-12-03,09:52:00,2025-01-29,4000.0,4000.0,4000.0,4000.0,0,210,0
BANKNIFTY29JAN2557000PE.NFO,2024-12-03,09:53:00,2025-01-29,4000.0,4000.0,4000.0,4000.0,0,210,0
BANKNIFTY29JAN2557000PE.NFO,2024-12-03,09:54:00,2025-01-29,4000.0,4000.0,4000.0,4000.0,0,210,0
BANKNIFTY29JAN2557000PE.NFO,2024-12-03,09:55:00,2025-01-29,4000.0,4000.0,4000.0,4000.0,0,210,0
BANKNIFTY29JAN2557000PE.NFO,2024-12-03,09:56:00,2025-01-29,4000.0,4000.0,4000.0,4000.0,0,210,0
BANKNIFTY29JAN2557000PE.NFO,2024-12-03,09:57:00,2025-01-29,4000.0,4000.0,4000.0,4000.0,0,210,0
BANKNIFTY29JAN2557000PE.NFO,2024-12-03,09:58:00,2025-01-29,4000.0,4000.0,4000.0,4000.0,0,210,0
BANKNIFTY29JAN2557000PE.NFO,2024-12-03,09:59:00,2025-01-29,4000.0,4000.0,4000.0,4000.0,0,210,0
BANKNIFTY29JAN2557000PE.NFO,2024-12-03,10:00:00,2025-01-29,4000.0,4000.0,4000.0,4000.0,0,210,0
BANKNIFTY29JAN2557000PE.NFO,2024-12-03,10:01:00,2025-01-29,4000.0,4000.0,4000.0,4000.0,0,210,0
BANKNIFTY29JAN2557000PE.NFO,2024-12-03,10:02:00,2025-01-29,4000.0,4000.0,4000.0,4000.0,0,210,0
BANKNIFTY29JAN2557000PE.NFO,2024-12-03,10:03:00,2025-01-29,4000.0,4000.0,4000.0,4000.0,0,210,0
BANKNIFTY29JAN2557000PE.NFO,2024-12-03,10:04:00,2025-01-29,4000.0,4000.0,4000.0,4000.0,0,210,0
BANKNIFTY29JAN2557000PE.NFO,2024-12-03,10:05:00,2025-01-29,4000.0,4000.0,4000.0,4000.0,0,210,0
BANKNIFTY29JAN2557000PE.NFO,2024-12-03,10:06:00,2025-01-29,4000.0,4000.0,4000.0,4000.0,0,210,0
BANKNIFTY29JAN2557000PE.NFO,2024-12-03,10:07:00,2025-01-29,4000.0,4000.0,4000.0,4000.0,0,210,0
BANKNIFTY29JAN2557000PE.NFO,2024-12-03,10:08:00,2025-01-29,4000.0,4000.0,4000.0,4000.0,0,210,0
BANKNIFTY29JAN2557000PE.NFO,2024-12-03,10:09:00,2025-01-29,4000.0,4000.0,4000.0,4000.0,0,210,0
BANKNIFTY29JAN2557000PE.NFO,2024-12-03,10:10:00,2025-01-29,4000.0,4000.0,4000.0,4000.0,0,210,0
BANKNIFTY29JAN2557000PE.NFO,2024-12-03,10:11:00,2025-01-29,4000.0,4000.0,4000.0,4000.0,0,210,0
BANKNIFTY29JAN2557000PE.NFO,2024-12-03,10:12:00,2025-01-29,4000.0,4000.0,4000.0,4000.0,0,210,0
BANKNIFTY29JAN2557000PE.NFO,2024-12-03,10:13:00,2025-01-29,4000.0,4000.0,4000.0,4000.0,0,210,0
BANKNIFTY29JAN2557000PE.NFO,2024-12-03,10:14:00,2025-01-29,4000.0,4000.0,4000.0,4000.0,0,210,0
BANKNIFTY29JAN2557000PE.NFO,2024-12-03,10:15:00,2025-01-29,4000.0,4000.0,4000.0,4000.0,0,210,0
BANKNIFTY29JAN2557000PE.NFO,2024-12-03,10:16:00,2025-01-29,4000.0,4000.0,4000.0,4000.0,0,210,0
BANKNIFTY29JAN2557000PE.NFO,2024-12-03,10:17:00,2025-01-29,4000.0,4000.0,4000.0,4000.0,0,210,0
BANKNIFTY29JAN2557000PE.NFO,2024-12-03,10:18:00,2025-01-29,4000.0,4000.0,4000.0,4000.0,0,210,0
BANKNIFTY29JAN2557000PE.NFO,2024-12-03,10:19:00,2025-01-29,4000.0,4000.0,4000.0,4000.0,0,210,0
BANKNIFTY29JAN2557000PE.NFO,2024-12-03,10:20:00,2025-01-29,4000.0,4000.0,4000.0,4000.0,0,210,0
BANKNIFTY29JAN2557000PE.NFO,2024-12-03,10:21:00,2025-01-29,4000.0,4000.0,4000.0,4000.0,0,210,0
BANKNIFTY29JAN2557000PE.NFO,2024-12-03,10:22:00,2025-01-29,4000.0,4000.0,4000.0,4000.0,0,210,0
BANKNIFTY29JAN2557000PE.NFO,2024-12-03,10:23:00,2025-01-29,4000.0,4000.0,4000.0,4000.0,0,210,0
BANKNIFTY29JAN2557000PE.NFO,2024-12-03,10:24:00,2025-01-29,4000.0,4000.0,4000.0,4000.0,0,210,0
BANKNIFTY29JAN2557000PE.NFO,2024-12-03,10:25:00,2025-01-29,4000.0,4000.0,4000.0,4000.0,0,210,0
BANKNIFTY29JAN2557000PE.NFO,2024-12-03,10:26:00,2025-01-29,4000.0,4000.0,4000.0,4000.0,0,210,0
BANKNIFTY29JAN2557000PE.NFO,2024-12-03,10:27:00,2025-01-29,4000.0,4000.0,4000.0,4000.0,0,210,0
BANKNIFTY29JAN2557000PE.NFO,2024-12-03,10:28:00,2025-01-29,4000.0,4000.0,4000.0,4000.0,0,210,0
BANKNIFTY29JAN2557000PE.NFO,2024-12-03,10:29:00,2025-01-29,4000.0,4000.0,4000.0,4000.0,0,210,0
BANKNIFTY29JAN2557000PE.NFO,2024-12-03,10:30:00,2025-01-29,4000.0,4000.0,4000.0,4000.0,0,210,0
BANKNIFTY29JAN2557000PE.NFO,2024-12-03,10:31:00,2025-01-29,4000.0,4000.0,4000.0,4000.0,0,210,0
BANKNIFTY29JAN2557000PE.NFO,2024-12-03,10:32:00,2025-01-29,4000.0,4000.0,4000.0,4000.0,0,210,0
BANKNIFTY29JAN2557000PE.NFO,2024-12-03,10:33:00,2025-01-29,4000.0,4000.0,4000.0,4000.0,0,210,0
BANKNIFTY29JAN2557000PE.NFO,2024-12-03,10:34:00,2025-01-29,4000.0,4000.0,4000.0,4000.0,0,210,0
BANKNIFTY29JAN2557000PE.NFO,2024-12-03,10:35:00,2025-01-29,4000.0,4000.0,4000.0,4000.0,0,210,0
BANKNIFTY29JAN2557000PE.NFO,2024-12-03,10:36:00,2025-01-29,4000.0,4000.0,4000.0,4000.0,0,210,0
BANKNIFTY29JAN2557000PE.NFO,2024-12-03,10:37:00,2025-01-29,4000.0,4000.0,4000.0,4000.0,0,210,0
BANKNIFTY29JAN2557000PE.NFO,2024-12-03,10:38:00,2025-01-29,4000.0,4000.0,4000.0,4000.0,0,210,0
BANKNIFTY29JAN2557000PE.NFO,2024-12-03,10:39:00,2025-01-29,4000.0,4000.0,4000.0,4000.0,0,210,0
BANKNIFTY29JAN2557000PE.NFO,2024-12-03,10:40:00,2025-01-29,4000.0,4000.0,4000.0,4000.0,0,210,0
BANKNIFTY29JAN2557000PE.NFO,2024-12-03,10:41:00,2025-01-29,4000.0,4000.0,4000.0,4000.0,0,210,0
BANKNIFTY29JAN2557000PE.NFO,2024-12-03,10:42:00,2025-01-29,4000.0,4000.0,4000.0,4000.0,0,210,0
BANKNIFTY29JAN2557000PE.NFO,2024-12-03,10:43:00,2025-01-29,4000.0,4000.0,4000.0,4000.0,0,210,0
BANKNIFTY29JAN2557000PE.NFO,2024-12-03,10:44:00,2025-01-29,4000.0,4000.0,4000.0,4000.0,0,210,0
BANKNIFTY29JAN2557000PE.NFO,2024-12-03,10:45:00,2025-01-29,4000.0,4000.0,4000.0,4000.0,0,210,0
BANKNIFTY29JAN2557000PE.NFO,2024-12-03,10:46:00,2025-01-29,4000.0,4000.0,4000.0,4000.0,0,210,0
BANKNIFTY29JAN2557000PE.NFO,2024-12-03,10:47:00,2025-01-29,4000.0,4000.0,4000.0,4000.0,0,210,0
BANKNIFTY29JAN2557000PE.NFO,2024-12-03,10:48:00,2025-01-29,4000.0,4000.0,4000.0,4000.0,0,210,0
BANKNIFTY29JAN2557000PE.NFO,2024-12-03,10:49:00,2025-01-29,4000.0,4000.0,4000.0,4000.0,0,210,0
BANKNIFTY29JAN2557000PE.NFO,2024-12-03,10:50:00,2025-01-29,4000.0,4000.0,4000.0,4000.0,0,210,0
BANKNIFTY29JAN2557000PE.NFO,2024-12-03,10:51:00,2025-01-29,4000.0,4000.0,4000.0,4000.0,0,210,0
BANKNIFTY29JAN2557000PE.NFO,2024-12-03,10:52:00,2025-01-29,4000.0,4000.0,4000.0,4000.0,0,210,0
BANKNIFTY29JAN2557000PE.NFO,2024-12-03,10:53:00,2025-01-29,4000.0,4000.0,4000.0,4000.0,0,210,0
BANKNIFTY29JAN2557000PE.NFO,2024-12-03,10:54:00,2025-01-29,4000.0,4000.0,4000.0,4000.0,0,210,0
BANKNIFTY29JAN2557000PE.NFO,2024-12-03,10:55:00,2025-01-29,4000.0,4000.0,4000.0,4000.0,0,210,0
BANKNIFTY29JAN2557000PE.NFO,2024-12-03,10:56:00,2025-01-29,4000.0,4000.0,4000.0,4000.0,0,210,0
BANKNIFTY29JAN2557000PE.NFO,2024-12-03,10:57:00,2025-01-29,4000.0,4000.0,4000.0,4000.0,0,210,0
BANKNIFTY29JAN2557000PE.NFO,2024-12-03,10:58:00,2025-01-29,4000.0,4000.0,4000.0,4000.0,0,210,0
BANKNIFTY29JAN2557000PE.NFO,2024-12-03,10:59:00,2025-01-29,4000.0,4000.0,4000.0,4000.0,0,210,0
BANKNIFTY29JAN2557000PE.NFO,2024-12-03,11:00:00,2025-01-29,4000.0,4000.0,4000.0,4000.0,0,210,0
BANKNIFTY29JAN2557000PE.NFO,2024-12-03,11:01:00,2025-01-29,4000.0,4000.0,4000.0,4000.0,0,210,0
BANKNIFTY29JAN2557000PE.NFO,2024-12-03,11:02:00,2025-01-29,4000.0,4000.0,4000.0,4000.0,0,210,0
BANKNIFTY29JAN2557000PE.NFO,2024-12-03,11:03:00,2025-01-29,4000.0,4000.0,4000.0,4000.0,0,210,0
BANKNIFTY29JAN2557000PE.NFO,2024-12-03,11:04:00,2025-01-29,4000.0,4000.0,4000.0,4000.0,0,210,0
BANKNIFTY29JAN2557000PE.NFO,2024-12-03,11:05:00,2025-01-29,4000.0,4000.0,4000.0,4000.0,0,210,0
BANKNIFTY29JAN2557000PE.NFO,2024-12-03,11:06:00,2025-01-29,4000.0,4000.0,4000.0,4000.0,0,210,0
BANKNIFTY29JAN2557000PE.NFO,2024-12-03,11:07:00,2025-01-29,4000.0,4000.0,4000.0,4000.0,0,210,0
BANKNIFTY29JAN2557000PE.NFO,2024-12-03,11:08:00,2025-01-29,4000.0,4000.0,4000.0,4000.0,0,210,1
BANKNIFTY29JAN2557000PE.NFO,2024-12-03,11:09:00,2025-01-29,4000.0,4000.0,4000.0,4000.0,0,210,0
BANKNIFTY29JAN2557000PE.NFO,2024-12-03,11:10:00,2025-01-29,4000.0,4000.0,4000.0,4000.0,0,210,0
BANKNIFTY29JAN2557000PE.NFO,2024-12-03,11:11:00,2025-01-29,4000.0,4000.0,4000.0,4000.0,0,210,0
BANKNIFTY29JAN2557000PE.NFO,2024-12-03,11:12:00,2025-01-29,4000.0,4000.0,4000.0,4000.0,0,210,0
BANKNIFTY29JAN2557000PE.NFO,2024-12-03,11:13:00,2025-01-29,4000.0,4000.0,4000.0,4000.0,0,210,0
BANKNIFTY29JAN2557000PE.NFO,2024-12-03,11:14:00,2025-01-29,4000.0,4000.0,4000.0,4000.0,0,210,0
BANKNIFTY29JAN2557000PE.NFO,2024-12-03,11:15:00,2025-01-29,4000.0,4000.0,4000.0,4000.0,0,210,0
BANKNIFTY29JAN2557000PE.NFO,2024-12-03,11:16:00,2025-01-29,4000.0,4000.0,4000.0,4000.0,0,210,0
BANKNIFTY29JAN2557000PE.NFO,2024-12-03,11:17:00,2025-01-29,4000.0,4000.0,4000.0,4000.0,0,210,0
BANKNIFTY29JAN2557000PE.NFO,2024-12-03,11:18:00,2025-01-29,4000.0,4000.0,4000.0,4000.0,0,210,0
BANKNIFTY29JAN2557000PE.NFO,2024-12-03,11:19:00,2025-01-29,4000.0,4000.0,4000.0,4000.0,0,210,0
BANKNIFTY29JAN2557000PE.NFO,2024-12-03,11:20:00,2025-01-29,4000.0,4000.0,4000.0,4000.0,0,210,0
BANKNIFTY29JAN2557000PE.NFO,2024-12-03,11:21:00,2025-01-29,4000.0,4000.0,4000.0,4000.0,0,210,0
BANKNIFTY29JAN2557000PE.NFO,2024-12-03,11:22:00,2025-01-29,4000.0,4000.0,4000.0,4000.0,0,210,0
BANKNIFTY29JAN2557000PE.NFO,2024-12-03,11:23:00,2025-01-29,4000.0,4000.0,4000.0,4000.0,0,210,0
BANKNIFTY29JAN2557000PE.NFO,2024-12-03,11:24:00,2025-01-29,4000.0,4000.0,4000.0,4000.0,0,210,0
BANKNIFTY29JAN2557000PE.NFO,2024-12-03,11:25:00,2025-01-29,4000.0,4000.0,4000.0,4000.0,0,210,0
BANKNIFTY29JAN2557000PE.NFO,2024-12-03,11:26:00,2025-01-29,4000.0,4000.0,4000.0,4000.0,0,210,0
BANKNIFTY29JAN2557000PE.NFO,2024-12-03,11:27:00,2025-01-29,4000.0,4000.0,4000.0,4000.0,0,210,0
BANKNIFTY29JAN2557000PE.NFO,2024-12-03,11:28:00,2025-01-29,4000.0,4000.0,4000.0,4000.0,0,210,0
BANKNIFTY29JAN2557000PE.NFO,2024-12-03,11:29:00,2025-01-29,4000.0,4000.0,4000.0,4000.0,0,210,0
BANKNIFTY29JAN2557000PE.NFO,2024-12-03,11:30:00,2025-01-29,4000.0,4000.0,4000.0,4000.0,0,210,0
BANKNIFTY29JAN2557000PE.NFO,2024-12-03,11:31:00,2025-01-29,4000.0,4000.0,4000.0,4000.0,0,210,0
BANKNIFTY29JAN2557000PE.NFO,2024-12-03,11:32:00,2025-01-29,4000.0,4000.0,4000.0,4000.0,0,210,0
BANKNIFTY29JAN2557000PE.NFO,2024-12-03,11:33:00,2025-01-29,4000.0,4000.0,4000.0,4000.0,0,210,0
BANKNIFTY29JAN2557000PE.NFO,2024-12-03,11:34:00,2025-01-29,4000.0,4000.0,4000.0,4000.0,0,210,0
BANKNIFTY29JAN2557000PE.NFO,2024-12-03,11:35:00,2025-01-29,4000.0,4000.0,4000.0,4000.0,0,210,0
BANKNIFTY29JAN2557000PE.NFO,2024-12-03,11:36:00,2025-01-29,4000.0,4000.0,4000.0,4000.0,0,210,0
BANKNIFTY29JAN2557000PE.NFO,2024-12-03,11:37:00,2025-01-29,4000.0,4000.0,4000.0,4000.0,0,210,0
BANKNIFTY29JAN2557000PE.NFO,2024-12-03,11:38:00,2025-01-29,4000.0,4000.0,4000.0,4000.0,0,210,0
BANKNIFTY29JAN2557000PE.NFO,2024-12-03,11:39:00,2025-01-29,4000.0,4000.0,4000.0,4000.0,0,210,0
BANKNIFTY29JAN2557000PE.NFO,2024-12-03,11:40:00,2025-01-29,4000.0,4000.0,4000.0,4000.0,0,210,0
BANKNIFTY29JAN2557000PE.NFO,2024-12-03,11:41:00,2025-01-29,4000.0,4000.0,4000.0,4000.0,0,210,0
BANKNIFTY29JAN2557000PE.NFO,2024-12-03,11:42:00,2025-01-29,4000.0,4000.0,4000.0,4000.0,0,210,0
BANKNIFTY29JAN2557000PE.NFO,2024-12-03,11:43:00,2025-01-29,4000.0,4000.0,4000.0,4000.0,0,210,0
BANKNIFTY29JAN2557000PE.NFO,2024-12-03,11:44:00,2025-01-29,4000.0,4000.0,4000.0,4000.0,0,210,0
BANKNIFTY29JAN2557000PE.NFO,2024-12-03,11:45:00,2025-01-29,4000.0,4000.0,4000.0,4000.0,0,210,0
BANKNIFTY29JAN2557000PE.NFO,2024-12-03,11:46:00,2025-01-29,4000.0,4000.0,4000.0,4000.0,0,210,0
BANKNIFTY29JAN2557000PE.NFO,2024-12-03,11:47:00,2025-01-29,4000.0,4000.0,4000.0,4000.0,0,210,0
BANKNIFTY29JAN2557000PE.NFO,2024-12-03,11:48:00,2025-01-29,4000.0,4000.0,4000.0,4000.0,0,210,0
BANKNIFTY29JAN2557000PE.NFO,2024-12-03,11:49:00,2025-01-29,4000.0,4000.0,4000.0,4000.0,0,210,0
BANKNIFTY29JAN2557000PE.NFO,2024-12-03,11:50:00,2025-01-29,4000.0,4000.0,4000.0,4000.0,0,210,0
BANKNIFTY29JAN2557000PE.NFO,2024-12-03,11:51:00,2025-01-29,4000.0,4000.0,4000.0,4000.0,0,210,0
BANKNIFTY29JAN2557000PE.NFO,2024-12-03,11:52:00,2025-01-29,4000.0,4000.0,4000.0,4000.0,0,210,0
BANKNIFTY29JAN2557000PE.NFO,2024-12-03,11:53:00,2025-01-29,4000.0,4000.0,4000.0,4000.0,0,210,0
BANKNIFTY29JAN2557000PE.NFO,2024-12-03,11:54:00,2025-01-29,4000.0,4000.0,4000.0,4000.0,0,210,0
BANKNIFTY29JAN2557000PE.NFO,2024-12-03,11:55:00,2025-01-29,4000.0,4000.0,4000.0,4000.0,0,210,0
BANKNIFTY29JAN2557000PE.NFO,2024-12-03,11:56:00,2025-01-29,4000.0,4000.0,4000.0,4000.0,0,210,0
BANKNIFTY29JAN2557000PE.NFO,2024-12-03,11:57:00,2025-01-29,4000.0,4000.0,4000.0,4000.0,0,210,0
BANKNIFTY29JAN2557000PE.NFO,2024-12-03,11:58:00,2025-01-29,4000.0,4000.0,4000.0,4000.0,0,210,0
BANKNIFTY29JAN2557000PE.NFO,2024-12-03,11:59:00,2025-01-29,4000.0,4000.0,4000.0,4000.0,0,210,0
BANKNIFTY29JAN2557000PE.NFO,2024-12-03,12:00:00,2025-01-29,4000.0,4000.0,4000.0,4000.0,0,210,0
BANKNIFTY29JAN2557000PE.NFO,2024-12-03,12:01:00,2025-01-29,4000.0,4000.0,4000.0,4000.0,0,210,0
BANKNIFTY29JAN2557000PE.NFO,2024-12-03,12:02:00,2025-01-29,4000.0,4000.0,4000.0,4000.0,0,210,0
BANKNIFTY29JAN2557000PE.NFO,2024-12-03,12:03:00,2025-01-29,4000.0,4000.0,4000.0,4000.0,0,210,0
BANKNIFTY29JAN2557000PE.NFO,2024-12-03,12:04:00,2025-01-29,4000.0,4000.0,4000.0,4000.0,0,210,0
BANKNIFTY29JAN2557000PE.NFO,2024-12-03,12:05:00,2025-01-29,4000.0,4000.0,4000.0,4000.0,0,210,0
BANKNIFTY29JAN2557000PE.NFO,2024-12-03,12:06:00,2025-01-29,4000.0,4000.0,4000.0,4000.0,0,210,0
BANKNIFTY29JAN2557000PE.NFO,2024-12-03,12:07:00,2025-01-29,4000.0,4000.0,4000.0,4000.0,0,210,0
BANKNIFTY29JAN2557000PE.NFO,2024-12-03,12:08:00,2025-01-29,4000.0,4000.0,4000.0,4000.0,0,210,0
BANKNIFTY29JAN2557000PE.NFO,2024-12-03,12:09:00,2025-01-29,4000.0,4000.0,4000.0,4000.0,0,210,0
BANKNIFTY29JAN2557000PE.NFO,2024-12-03,12:10:00,2025-01-29,4000.0,4000.0,4000.0,4000.0,0,210,0
BANKNIFTY29JAN2557000PE.NFO,2024-12-03,12:11:00,2025-01-29,4000.0,4000.0,4000.0,4000.0,0,210,0
BANKNIFTY29JAN2557000PE.NFO,2024-12-03,12:12:00,2025-01-29,4000.0,4000.0,4000.0,4000.0,0,210,0
BANKNIFTY29JAN2557000PE.NFO,2024-12-03,12:13:00,2025-01-29,4000.0,4000.0,4000.0,4000.0,0,210,0
BANKNIFTY29JAN2557000PE.NFO,2024-12-03,12:14:00,2025-01-29,4000.0,4000.0,4000.0,4000.0,0,210,0
BANKNIFTY29JAN2557000PE.NFO,2024-12-03,12:15:00,2025-01-29,4000.0,4000.0,4000.0,4000.0,0,210,0
BANKNIFTY29JAN2557000PE.NFO,2024-12-03,12:16:00,2025-01-29,4000.0,4000.0,4000.0,4000.0,0,210,0
BANKNIFTY29JAN2557000PE.NFO,2024-12-03,12:17:00,2025-01-29,4000.0,4000.0,4000.0,4000.0,0,210,0
BANKNIFTY29JAN2557000PE.NFO,2024-12-03,12:18:00,2025-01-29,4000.0,4000.0,4000.0,4000.0,0,210,0
BANKNIFTY29JAN2557000PE.NFO,2024-12-03,12:19:00,2025-01-29,4000.0,4000.0,4000.0,4000.0,0,210,0
BANKNIFTY29JAN2557000PE.NFO,2024-12-03,12:20:00,2025-01-29,4000.0,4000.0,4000.0,4000.0,0,210,0
BANKNIFTY29JAN2557000PE.NFO,2024-12-03,12:21:00,2025-01-29,4000.0,4000.0,4000.0,4000.0,0,210,0
BANKNIFTY29JAN2557000PE.NFO,2024-12-03,12:22:00,2025-01-29,4000.0,4000.0,4000.0,4000.0,0,210,0
BANKNIFTY29JAN2557000PE.NFO,2024-12-03,12:23:00,2025-01-29,4000.0,4000.0,4000.0,4000.0,0,210,0
BANKNIFTY29JAN2557000PE.NFO,2024-12-03,12:24:00,2025-01-29,4000.0,4000.0,4000.0,4000.0,0,210,0
BANKNIFTY29JAN2557000PE.NFO,2024-12-03,12:25:00,2025-01-29,4000.0,4000.0,4000.0,4000.0,0,210,0
BANKNIFTY29JAN2557000PE.NFO,2024-12-03,12:26:00,2025-01-29,4000.0,4000.0,4000.0,4000.0,0,210,0
BANKNIFTY29JAN2557000PE.NFO,2024-12-03,12:27:00,2025-01-29,4000.0,4000.0,4000.0,4000.0,0,210,0
BANKNIFTY29JAN2557000PE.NFO,2024-12-03,12:28:00,2025-01-29,4000.0,4000.0,4000.0,4000.0,0,210,0
BANKNIFTY29JAN2557000PE.NFO,2024-12-03,12:29:00,2025-01-29,4000.0,4000.0,4000.0,4000.0,0,210,0
BANKNIFTY29JAN2557000PE.NFO,2024-12-03,12:30:00,2025-01-29,4000.0,4000.0,4000.0,4000.0,0,210,0
BANKNIFTY29JAN2557000PE.NFO,2024-12-03,12:31:00,2025-01-29,4000.0,4000.0,4000.0,4000.0,0,210,0
BANKNIFTY29JAN2557000PE.NFO,2024-12-03,12:32:00,2025-01-29,4000.0,4000.0,4000.0,4000.0,0,210,0
BANKNIFTY29JAN2557000PE.NFO,2024-12-03,12:33:00,2025-01-29,4000.0,4000.0,4000.0,4000.0,0,210,0
BANKNIFTY29JAN2557000PE.NFO,2024-12-03,12:34:00,2025-01-29,4000.0,4000.0,4000.0,4000.0,0,210,0
BANKNIFTY29JAN2557000PE.NFO,2024-12-03,12:35:00,2025-01-29,4000.0,4000.0,4000.0,4000.0,0,210,0
BANKNIFTY29JAN2557000PE.NFO,2024-12-03,12:36:00,2025-01-29,4000.0,4000.0,4000.0,4000.0,0,210,0
BANKNIFTY29JAN2557000PE.NFO,2024-12-03,12:37:00,2025-01-29,4000.0,4000.0,4000.0,4000.0,0,210,0
BANKNIFTY29JAN2557000PE.NFO,2024-12-03,12:38:00,2025-01-29,4000.0,4000.0,4000.0,4000.0,0,210,0
BANKNIFTY29JAN2557000PE.NFO,2024-12-03,12:39:00,2025-01-29,4000.0,4000.0,4000.0,4000.0,0,210,0
BANKNIFTY29JAN2557000PE.NFO,2024-12-03,12:40:00,2025-01-29,4000.0,4000.0,4000.0,4000.0,0,210,0
BANKNIFTY29JAN2557000PE.NFO,2024-12-03,12:41:00,2025-01-29,4000.0,4000.0,4000.0,4000.0,0,210,0
BANKNIFTY29JAN2557000PE.NFO,2024-12-03,12:42:00,2025-01-29,4000.0,4000.0,4000.0,4000.0,0,210,0
BANKNIFTY29JAN2557000PE.NFO,2024-12-03,12:43:00,2025-01-29,4000.0,4000.0,4000.0,4000.0,0,210,0
BANKNIFTY29JAN2557000PE.NFO,2024-12-03,12:44:00,2025-01-29,4000.0,4000.0,4000.0,4000.0,0,210,0
BANKNIFTY29JAN2557000PE.NFO,2024-12-03,12:45:00,2025-01-29,4000.0,4000.0,4000.0,4000.0,0,210,0
BANKNIFTY29JAN2557000PE.NFO,2024-12-03,12:46:00,2025-01-29,4000.0,4000.0,4000.0,4000.0,0,210,0
BANKNIFTY29JAN2557000PE.NFO,2024-12-03,12:47:00,2025-01-29,4000.0,4000.0,4000.0,4000.0,0,210,0
BANKNIFTY29JAN2557000PE.NFO,2024-12-03,12:48:00,2025-01-29,4000.0,4000.0,4000.0,4000.0,0,210,0
BANKNIFTY29JAN2557000PE.NFO,2024-12-03,12:49:00,2025-01-29,4000.0,4000.0,4000.0,4000.0,0,210,0
BANKNIFTY29JAN2557000PE.NFO,2024-12-03,12:50:00,2025-01-29,4000.0,4000.0,4000.0,4000.0,0,210,0
BANKNIFTY29JAN2557000PE.NFO,2024-12-03,12:51:00,2025-01-29,4000.0,4000.0,4000.0,4000.0,0,210,0
BANKNIFTY29JAN2557000PE.NFO,2024-12-03,12:52:00,2025-01-29,4000.0,4000.0,4000.0,4000.0,0,210,0
BANKNIFTY29JAN2557000PE.NFO,2024-12-03,12:53:00,2025-01-29,4000.0,4000.0,4000.0,4000.0,0,210,0
BANKNIFTY29JAN2557000PE.NFO,2024-12-03,12:54:00,2025-01-29,4000.0,4000.0,4000.0,4000.0,0,210,0
BANKNIFTY29JAN2557000PE.NFO,2024-12-03,12:55:00,2025-01-29,4000.0,4000.0,4000.0,4000.0,0,210,0
BANKNIFTY29JAN2557000PE.NFO,2024-12-03,12:56:00,2025-01-29,4000.0,4000.0,4000.0,4000.0,0,210,0
BANKNIFTY29JAN2557000PE.NFO,2024-12-03,12:57:00,2025-01-29,4000.0,4000.0,4000.0,4000.0,0,210,0
BANKNIFTY29JAN2557000PE.NFO,2024-12-03,12:58:00,2025-01-29,4000.0,4000.0,4000.0,4000.0,0,210,0
BANKNIFTY29JAN2557000PE.NFO,2024-12-03,12:59:00,2025-01-29,4000.0,4000.0,4000.0,4000.0,0,210,0
BANKNIFTY29JAN2557000PE.NFO,2024-12-03,13:00:00,2025-01-29,4000.0,4000.0,4000.0,4000.0,0,210,0
BANKNIFTY29JAN2557000PE.NFO,2024-12-03,13:01:00,2025-01-29,4000.0,4000.0,4000.0,4000.0,0,210,0
BANKNIFTY29JAN2557000PE.NFO,2024-12-03,13:02:00,2025-01-29,4000.0,4000.0,4000.0,4000.0,0,210,0
BANKNIFTY29JAN2557000PE.NFO,2024-12-03,13:03:00,2025-01-29,4000.0,4000.0,4000.0,4000.0,0,210,0
BANKNIFTY29JAN2557000PE.NFO,2024-12-03,13:04:00,2025-01-29,4000.0,4000.0,4000.0,4000.0,0,210,0
BANKNIFTY29JAN2557000PE.NFO,2024-12-03,13:05:00,2025-01-29,4000.0,4000.0,4000.0,4000.0,0,210,0
BANKNIFTY29JAN2557000PE.NFO,2024-12-03,13:06:00,2025-01-29,4000.0,4000.0,4000.0,4000.0,0,210,0
BANKNIFTY29JAN2557000PE.NFO,2024-12-03,13:07:00,2025-01-29,4000.0,4000.0,4000.0,4000.0,0,210,0
BANKNIFTY29JAN2557000PE.NFO,2024-12-03,13:08:00,2025-01-29,4000.0,4000.0,4000.0,4000.0,0,210,0
BANKNIFTY29JAN2557000PE.NFO,2024-12-03,13:09:00,2025-01-29,4000.0,4000.0,4000.0,4000.0,0,210,0
BANKNIFTY29JAN2557000PE.NFO,2024-12-03,13:10:00,2025-01-29,4000.0,4000.0,4000.0,4000.0,0,210,0
BANKNIFTY29JAN2557000PE.NFO,2024-12-03,13:11:00,2025-01-29,4000.0,4000.0,4000.0,4000.0,0,210,0
BANKNIFTY29JAN2557000PE.NFO,2024-12-03,13:12:00,2025-01-29,4000.0,4000.0,4000.0,4000.0,0,210,0
BANKNIFTY29JAN2557000PE.NFO,2024-12-03,13:13:00,2025-01-29,4000.0,4000.0,4000.0,4000.0,0,210,0
BANKNIFTY29JAN2557000PE.NFO,2024-12-03,13:14:00,2025-01-29,4000.0,4000.0,4000.0,4000.0,0,210,0
BANKNIFTY29JAN2557000PE.NFO,2024-12-03,13:15:00,2025-01-29,4000.0,4000.0,4000.0,4000.0,0,210,0
BANKNIFTY29JAN2557000PE.NFO,2024-12-03,13:16:00,2025-01-29,4000.0,4000.0,4000.0,4000.0,0,210,0
BANKNIFTY29JAN2557000PE.NFO,2024-12-03,13:17:00,2025-01-29,4000.0,4000.0,4000.0,4000.0,0,210,0
BANKNIFTY29JAN2557000PE.NFO,2024-12-03,13:18:00,2025-01-29,4000.0,4000.0,4000.0,4000.0,0,210,0
BANKNIFTY29JAN2557000PE.NFO,2024-12-03,13:19:00,2025-01-29,4000.0,4000.0,4000.0,4000.0,0,210,0
BANKNIFTY29JAN2557000PE.NFO,2024-12-03,13:20:00,2025-01-29,4000.0,4000.0,4000.0,4000.0,0,210,0
BANKNIFTY29JAN2557000PE.NFO,2024-12-03,13:21:00,2025-01-29,4000.0,4000.0,4000.0,4000.0,0,210,0
BANKNIFTY29JAN2557000PE.NFO,2024-12-03,13:22:00,2025-01-29,4000.0,4000.0,4000.0,4000.0,0,210,0
BANKNIFTY29JAN2557000PE.NFO,2024-12-03,13:23:00,2025-01-29,4000.0,4000.0,4000.0,4000.0,0,210,0
BANKNIFTY29JAN2557000PE.NFO,2024-12-03,13:24:00,2025-01-29,4000.0,4000.0,4000.0,4000.0,0,210,0
BANKNIFTY29JAN2557000PE.NFO,2024-12-03,13:25:00,2025-01-29,4000.0,4000.0,4000.0,4000.0,0,210,0
BANKNIFTY29JAN2557000PE.NFO,2024-12-03,13:26:00,2025-01-29,4000.0,4000.0,4000.0,4000.0,0,210,0
BANKNIFTY29JAN2557000PE.NFO,2024-12-03,13:27:00,2025-01-29,4000.0,4000.0,4000.0,4000.0,0,210,0
BANKNIFTY29JAN2557000PE.NFO,2024-12-03,13:28:00,2025-01-29,4000.0,4000.0,4000.0,4000.0,0,210,0
BANKNIFTY29JAN2557000PE.NFO,2024-12-03,13:29:00,2025-01-29,4000.0,4000.0,4000.0,4000.0,0,210,0
BANKNIFTY29JAN2557000PE.NFO,2024-12-03,13:30:00,2025-01-29,4000.0,4000.0,4000.0,4000.0,0,210,0
BANKNIFTY29JAN2557000PE.NFO,2024-12-03,13:31:00,2025-01-29,4000.0,4000.0,4000.0,4000.0,0,210,0
BANKNIFTY29JAN2557000PE.NFO,2024-12-03,13:32:00,2025-01-29,4000.0,4000.0,4000.0,4000.0,0,210,0
BANKNIFTY29JAN2557000PE.NFO,2024-12-03,13:33:00,2025-01-29,4000.0,4000.0,4000.0,4000.0,0,210,0
BANKNIFTY29JAN2557000PE.NFO,2024-12-03,13:34:00,2025-01-29,4000.0,4000.0,4000.0,4000.0,0,210,0
BANKNIFTY29JAN2557000PE.NFO,2024-12-03,13:35:00,2025-01-29,4000.0,4000.0,4000.0,4000.0,0,210,0
BANKNIFTY29JAN2557000PE.NFO,2024-12-03,13:36:00,2025-01-29,4000.0,4000.0,4000.0,4000.0,0,210,0
BANKNIFTY29JAN2557000PE.NFO,2024-12-03,13:37:00,2025-01-29,4000.0,4000.0,4000.0,4000.0,0,210,0
BANKNIFTY29JAN2557000PE.NFO,2024-12-03,13:38:00,2025-01-29,4000.0,4000.0,4000.0,4000.0,0,210,0
BANKNIFTY29JAN2557000PE.NFO,2024-12-03,13:39:00,2025-01-29,4000.0,4000.0,4000.0,4000.0,0,210,0
BANKNIFTY29JAN2557000PE.NFO,2024-12-03,13:40:00,2025-01-29,4000.0,4000.0,4000.0,4000.0,0,210,0
BANKNIFTY29JAN2557000PE.NFO,2024-12-03,13:41:00,2025-01-29,4000.0,4000.0,4000.0,4000.0,0,210,0
BANKNIFTY29JAN2557000PE.NFO,2024-12-03,13:42:00,2025-01-29,4000.0,4000.0,4000.0,4000.0,0,210,0
BANKNIFTY29JAN2557000PE.NFO,2024-12-03,13:43:00,2025-01-29,4000.0,4000.0,4000.0,4000.0,0,210,0
BANKNIFTY29JAN2557000PE.NFO,2024-12-03,13:44:00,2025-01-29,4000.0,4000.0,4000.0,4000.0,0,210,0
BANKNIFTY29JAN2557000PE.NFO,2024-12-03,13:45:00,2025-01-29,4000.0,4000.0,4000.0,4000.0,0,210,0
BANKNIFTY29JAN2557000PE.NFO,2024-12-03,13:46:00,2025-01-29,4000.0,4000.0,4000.0,4000.0,0,210,0
BANKNIFTY29JAN2557000PE.NFO,2024-12-03,13:47:00,2025-01-29,4000.0,4000.0,4000.0,4000.0,0,210,0
BANKNIFTY29JAN2557000PE.NFO,2024-12-03,13:48:00,2025-01-29,4000.0,4000.0,4000.0,4000.0,0,210,0
BANKNIFTY29JAN2557000PE.NFO,2024-12-03,13:49:00,2025-01-29,4000.0,4000.0,4000.0,4000.0,0,210,0
BANKNIFTY29JAN2557000PE.NFO,2024-12-03,13:50:00,2025-01-29,4000.0,4000.0,4000.0,4000.0,0,210,0
BANKNIFTY29JAN2557000PE.NFO,2024-12-03,13:51:00,2025-01-29,4000.0,4000.0,4000.0,4000.0,0,210,0
BANKNIFTY29JAN2557000PE.NFO,2024-12-03,13:52:00,2025-01-29,4000.0,4000.0,4000.0,4000.0,0,210,0
BANKNIFTY29JAN2557000PE.NFO,2024-12-03,13:53:00,2025-01-29,4000.0,4000.0,4000.0,4000.0,0,210,0
BANKNIFTY29JAN2557000PE.NFO,2024-12-03,13:54:00,2025-01-29,4000.0,4000.0,4000.0,4000.0,0,210,0
BANKNIFTY29JAN2557000PE.NFO,2024-12-03,13:55:00,2025-01-29,4000.0,4000.0,4000.0,4000.0,0,210,0
BANKNIFTY29JAN2557000PE.NFO,2024-12-03,13:56:00,2025-01-29,4000.0,4000.0,4000.0,4000.0,0,210,0
BANKNIFTY29JAN2557000PE.NFO,2024-12-03,13:57:00,2025-01-29,4000.0,4000.0,4000.0,4000.0,0,210,0
BANKNIFTY29JAN2557000PE.NFO,2024-12-03,13:58:00,2025-01-29,4000.0,4000.0,4000.0,4000.0,0,210,0
BANKNIFTY29JAN2557000PE.NFO,2024-12-03,13:59:00,2025-01-29,4000.0,4000.0,4000.0,4000.0,0,210,0
BANKNIFTY29JAN2557000PE.NFO,2024-12-03,14:00:00,2025-01-29,4000.0,4000.0,4000.0,4000.0,0,210,0
BANKNIFTY29JAN2557000PE.NFO,2024-12-03,14:01:00,2025-01-29,4000.0,4000.0,4000.0,4000.0,0,210,0
BANKNIFTY29JAN2557000PE.NFO,2024-12-03,14:02:00,2025-01-29,4000.0,4000.0,4000.0,4000.0,0,210,0
BANKNIFTY29JAN2557000PE.NFO,2024-12-03,14:03:00,2025-01-29,4000.0,4000.0,4000.0,4000.0,0,210,0
BANKNIFTY29JAN2557000PE.NFO,2024-12-03,14:04:00,2025-01-29,4000.0,4000.0,4000.0,4000.0,0,210,0
BANKNIFTY29JAN2557000PE.NFO,2024-12-03,14:05:00,2025-01-29,4000.0,4000.0,4000.0,4000.0,0,210,0
BANKNIFTY29JAN2557000PE.NFO,2024-12-03,14:06:00,2025-01-29,4000.0,4000.0,4000.0,4000.0,0,210,0
BANKNIFTY29JAN2557000PE.NFO,2024-12-03,14:07:00,2025-01-29,4000.0,4000.0,4000.0,4000.0,0,210,0
BANKNIFTY29JAN2557000PE.NFO,2024-12-03,14:08:00,2025-01-29,4000.0,4000.0,4000.0,4000.0,0,210,0
BANKNIFTY29JAN2557000PE.NFO,2024-12-03,14:09:00,2025-01-29,4000.0,4000.0,4000.0,4000.0,0,210,0
BANKNIFTY29JAN2557000PE.NFO,2024-12-03,14:10:00,2025-01-29,4000.0,4000.0,4000.0,4000.0,0,210,0
BANKNIFTY29JAN2557000PE.NFO,2024-12-03,14:11:00,2025-01-29,4000.0,4000.0,4000.0,4000.0,0,210,0
BANKNIFTY29JAN2557000PE.NFO,2024-12-03,14:12:00,2025-01-29,4000.0,4000.0,4000.0,4000.0,0,210,0
BANKNIFTY29JAN2557000PE.NFO,2024-12-03,14:13:00,2025-01-29,4000.0,4000.0,4000.0,4000.0,0,210,0
BANKNIFTY29JAN2557000PE.NFO,2024-12-03,14:14:00,2025-01-29,4000.0,4000.0,4000.0,4000.0,0,210,0
BANKNIFTY29JAN2557000PE.NFO,2024-12-03,14:15:00,2025-01-29,4000.0,4000.0,4000.0,4000.0,0,210,0
BANKNIFTY29JAN2557000PE.NFO,2024-12-03,14:16:00,2025-01-29,4000.0,4000.0,4000.0,4000.0,0,210,0
BANKNIFTY29JAN2557000PE.NFO,2024-12-03,14:17:00,2025-01-29,4000.0,4000.0,4000.0,4000.0,0,210,0
BANKNIFTY29JAN2557000PE.NFO,2024-12-03,14:18:00,2025-01-29,4000.0,4000.0,4000.0,4000.0,0,210,0
BANKNIFTY29JAN2557000PE.NFO,2024-12-03,14:19:00,2025-01-29,4000.0,4000.0,4000.0,4000.0,0,210,0
BANKNIFTY29JAN2557000PE.NFO,2024-12-03,14:20:00,2025-01-29,4000.0,4000.0,4000.0,4000.0,0,210,0
BANKNIFTY29JAN2557000PE.NFO,2024-12-03,14:21:00,2025-01-29,4000.0,4000.0,4000.0,4000.0,0,210,0
BANKNIFTY29JAN2557000PE.NFO,2024-12-03,14:22:00,2025-01-29,4000.0,4000.0,4000.0,4000.0,0,210,0
BANKNIFTY29JAN2557000PE.NFO,2024-12-03,14:23:00,2025-01-29,4000.0,4000.0,4000.0,4000.0,0,210,0
BANKNIFTY29JAN2557000PE.NFO,2024-12-03,14:24:00,2025-01-29,4000.0,4000.0,4000.0,4000.0,0,210,0
BANKNIFTY29JAN2557000PE.NFO,2024-12-03,14:25:00,2025-01-29,4000.0,4000.0,4000.0,4000.0,0,210,0
BANKNIFTY29JAN2557000PE.NFO,2024-12-03,14:26:00,2025-01-29,4000.0,4000.0,4000.0,4000.0,0,210,0
BANKNIFTY29JAN2557000PE.NFO,2024-12-03,14:27:00,2025-01-29,4000.0,4000.0,4000.0,4000.0,0,210,0
BANKNIFTY29JAN2557000PE.NFO,2024-12-03,14:28:00,2025-01-29,4000.0,4000.0,4000.0,4000.0,0,210,0
BANKNIFTY29JAN2557000PE.NFO,2024-12-03,14:29:00,2025-01-29,4000.0,4000.0,4000.0,4000.0,0,210,0
BANKNIFTY29JAN2557000PE.NFO,2024-12-03,14:30:00,2025-01-29,4000.0,4000.0,4000.0,4000.0,0,210,0
BANKNIFTY29JAN2557000PE.NFO,2024-12-03,14:31:00,2025-01-29,4000.0,4000.0,4000.0,4000.0,0,210,0
BANKNIFTY29JAN2557000PE.NFO,2024-12-03,14:32:00,2025-01-29,4000.0,4000.0,4000.0,4000.0,0,210,0
BANKNIFTY29JAN2557000PE.NFO,2024-12-03,14:33:00,2025-01-29,4000.0,4000.0,4000.0,4000.0,0,210,0
BANKNIFTY29JAN2557000PE.NFO,2024-12-03,14:34:00,2025-01-29,4000.0,4000.0,4000.0,4000.0,0,210,0
BANKNIFTY29JAN2557000PE.NFO,2024-12-03,14:35:00,2025-01-29,4000.0,4000.0,4000.0,4000.0,0,210,0
BANKNIFTY29JAN2557000PE.NFO,2024-12-03,14:36:00,2025-01-29,4000.0,4000.0,4000.0,4000.0,0,210,0
BANKNIFTY29JAN2557000PE.NFO,2024-12-03,14:37:00,2025-01-29,4000.0,4000.0,4000.0,4000.0,0,210,0
BANKNIFTY29JAN2557000PE.NFO,2024-12-03,14:38:00,2025-01-29,4000.0,4000.0,4000.0,4000.0,0,210,0
BANKNIFTY29JAN2557000PE.NFO,2024-12-03,14:39:00,2025-01-29,4000.0,4000.0,4000.0,4000.0,0,210,0
BANKNIFTY29JAN2557000PE.NFO,2024-12-03,14:40:00,2025-01-29,4000.0,4000.0,4000.0,4000.0,0,210,0
BANKNIFTY29JAN2557000PE.NFO,2024-12-03,14:41:00,2025-01-29,4000.0,4000.0,4000.0,4000.0,0,210,0
BANKNIFTY29JAN2557000PE.NFO,2024-12-03,14:42:00,2025-01-29,4000.0,4000.0,4000.0,4000.0,0,210,0
BANKNIFTY29JAN2557000PE.NFO,2024-12-03,14:43:00,2025-01-29,4000.0,4000.0,4000.0,4000.0,0,210,0
BANKNIFTY29JAN2557000PE.NFO,2024-12-03,14:44:00,2025-01-29,4000.0,4000.0,4000.0,4000.0,0,210,0
BANKNIFTY29JAN2557000PE.NFO,2024-12-03,14:45:00,2025-01-29,4000.0,4000.0,4000.0,4000.0,0,210,0
BANKNIFTY29JAN2557000PE.NFO,2024-12-03,14:46:00,2025-01-29,4000.0,4000.0,4000.0,4000.0,0,210,0
BANKNIFTY29JAN2557000PE.NFO,2024-12-03,14:47:00,2025-01-29,4000.0,4000.0,4000.0,4000.0,0,210,0
BANKNIFTY29JAN2557000PE.NFO,2024-12-03,14:48:00,2025-01-29,4000.0,4000.0,4000.0,4000.0,0,210,0
BANKNIFTY29JAN2557000PE.NFO,2024-12-03,14:49:00,2025-01-29,4000.0,4000.0,4000.0,4000.0,0,210,0
BANKNIFTY29JAN2557000PE.NFO,2024-12-03,14:50:00,2025-01-29,4000.0,4000.0,4000.0,4000.0,0,210,0
BANKNIFTY29JAN2557000PE.NFO,2024-12-03,14:51:00,2025-01-29,4000.0,4000.0,4000.0,4000.0,0,210,0
BANKNIFTY29JAN2557000PE.NFO,2024-12-03,14:52:00,2025-01-29,4000.0,4000.0,4000.0,4000.0,0,210,0
BANKNIFTY29JAN2557000PE.NFO,2024-12-03,14:53:00,2025-01-29,4000.0,4000.0,4000.0,4000.0,0,210,0
BANKNIFTY29JAN2557000PE.NFO,2024-12-03,14:54:00,2025-01-29,4000.0,4000.0,4000.0,4000.0,0,210,0
BANKNIFTY29JAN2557000PE.NFO,2024-12-03,14:55:00,2025-01-29,4000.0,4000.0,4000.0,4000.0,0,210,0
BANKNIFTY29JAN2557000PE.NFO,2024-12-03,14:56:00,2025-01-29,4000.0,4000.0,4000.0,4000.0,0,210,0
BANKNIFTY29JAN2557000PE.NFO,2024-12-03,14:57:00,2025-01-29,4000.0,4000.0,4000.0,4000.0,0,210,0
BANKNIFTY29JAN2557000PE.NFO,2024-12-03,14:58:00,2025-01-29,4000.0,4000.0,4000.0,4000.0,0,210,0
BANKNIFTY29JAN2557000PE.NFO,2024-12-03,14:59:00,2025-01-29,4000.0,4000.0,4000.0,4000.0,0,210,0
BANKNIFTY29JAN2557000PE.NFO,2024-12-03,15:00:00,2025-01-29,4000.0,4000.0,4000.0,4000.0,0,210,0
BANKNIFTY29JAN2557000PE.NFO,2024-12-03,15:01:00,2025-01-29,4000.0,4000.0,4000.0,4000.0,0,210,0
BANKNIFTY29JAN2557000PE.NFO,2024-12-03,15:02:00,2025-01-29,4000.0,4000.0,4000.0,4000.0,0,210,0
BANKNIFTY29JAN2557000PE.NFO,2024-12-03,15:03:00,2025-01-29,4000.0,4000.0,4000.0,4000.0,0,210,0
BANKNIFTY29JAN2557000PE.NFO,2024-12-03,15:04:00,2025-01-29,4000.0,4000.0,4000.0,4000.0,0,210,0
BANKNIFTY29JAN2557000PE.NFO,2024-12-03,15:05:00,2025-01-29,4000.0,4000.0,4000.0,4000.0,0,210,0
BANKNIFTY29JAN2557000PE.NFO,2024-12-03,15:06:00,2025-01-29,4000.0,4000.0,4000.0,4000.0,0,210,0
BANKNIFTY29JAN2557000PE.NFO,2024-12-03,15:07:00,2025-01-29,4000.0,4000.0,4000.0,4000.0,0,210,0
BANKNIFTY29JAN2557000PE.NFO,2024-12-03,15:08:00,2025-01-29,4000.0,4000.0,4000.0,4000.0,0,210,0
BANKNIFTY29JAN2557000PE.NFO,2024-12-03,15:09:00,2025-01-29,4000.0,4000.0,4000.0,4000.0,0,210,0
BANKNIFTY29JAN2557000PE.NFO,2024-12-03,15:10:00,2025-01-29,4000.0,4000.0,4000.0,4000.0,0,210,0
BANKNIFTY29JAN2557000PE.NFO,2024-12-03,15:11:00,2025-01-29,4000.0,4000.0,4000.0,4000.0,0,210,0
BANKNIFTY29JAN2557000PE.NFO,2024-12-03,15:12:00,2025-01-29,4000.0,4000.0,4000.0,4000.0,0,210,0
BANKNIFTY29JAN2557000PE.NFO,2024-12-03,15:13:00,2025-01-29,4000.0,4000.0,4000.0,4000.0,0,210,0
BANKNIFTY29JAN2557000PE.NFO,2024-12-03,15:14:00,2025-01-29,4000.0,4000.0,4000.0,4000.0,0,210,0
BANKNIFTY29JAN2557000PE.NFO,2024-12-03,15:15:00,2025-01-29,4000.0,4000.0,4000.0,4000.0,0,210,0
BANKNIFTY29JAN2557000PE.NFO,2024-12-03,15:16:00,2025-01-29,4000.0,4000.0,4000.0,4000.0,0,210,0
BANKNIFTY29JAN2557000PE.NFO,2024-12-03,15:17:00,2025-01-29,4000.0,4000.0,4000.0,4000.0,0,210,0
BANKNIFTY29JAN2557000PE.NFO,2024-12-03,15:18:00,2025-01-29,4000.0,4000.0,4000.0,4000.0,0,210,0
BANKNIFTY29JAN2557000PE.NFO,2024-12-03,15:19:00,2025-01-29,4000.0,4000.0,4000.0,4000.0,0,210,0
BANKNIFTY29JAN2557000PE.NFO,2024-12-03,15:20:00,2025-01-29,4000.0,4000.0,4000.0,4000.0,0,210,0
BANKNIFTY29JAN2557000PE.NFO,2024-12-03,15:21:00,2025-01-29,4000.0,4000.0,4000.0,4000.0,0,210,0
BANKNIFTY29JAN2557000PE.NFO,2024-12-03,15:22:00,2025-01-29,4000.0,4000.0,4000.0,4000.0,0,210,0
BANKNIFTY29JAN2557000PE.NFO,2024-12-03,15:23:00,2025-01-29,4000.0,4000.0,4000.0,4000.0,0,210,0
BANKNIFTY29JAN2557000PE.NFO,2024-12-03,15:24:00,2025-01-29,4000.0,4000.0,4000.0,4000.0,0,210,0
BANKNIFTY29JAN2557000PE.NFO,2024-12-03,15:25:00,2025-01-29,4000.0,4000.0,4000.0,4000.0,0,210,0
BANKNIFTY29JAN2557000PE.NFO,2024-12-03,15:26:00,2025-01-29,4000.0,4000.0,4000.0,4000.0,0,210,0
BANKNIFTY29JAN2557000PE.NFO,2024-12-03,15:27:00,2025-01-29,4000.0,4000.0,4000.0,4000.0,0,210,0
BANKNIFTY29JAN2557000PE.NFO,2024-12-03,15:28:00,2025-01-29,4000.0,4000.0,4000.0,4000.0,0,210,0
BANKNIFTY29JAN2557000PE.NFO,2024-12-03,15:29:00,2025-01-29,4000.0,4000.0,4000.0,4000.0,0,210,0
BANKNIFTY29JAN2557000PE.NFO,2024-12-03,15:30:00,2025-01-29,4000.0,4000.0,4000.0,4000.0,0,210,1
BANKNIFTY29JAN2557000PE.NFO,2024-12-04,09:15:00,2025-01-29,3799.95,3799.95,3799.95,3799.95,0,0,0
BANKNIFTY29JAN2557000PE.NFO,2024-12-04,09:16:00,2025-01-29,3799.95,3799.95,3799.95,3799.95,0,0,1
BANKNIFTY29JAN2557000PE.NFO,2024-12-04,09:17:00,2025-01-29,3799.95,3799.95,3799.95,3799.95,0,0,1
BANKNIFTY29JAN2557000PE.NFO,2024-12-04,09:18:00,2025-01-29,3799.95,3799.95,3799.95,3799.95,0,0,1
BANKNIFTY29JAN2557000PE.NFO,2024-12-04,09:19:00,2025-01-29,3799.95,3799.95,3799.95,3799.95,0,0,1
BANKNIFTY29JAN2557000PE.NFO,2024-12-04,09:20:00,2025-01-29,3800.0,3800.0,3799.95,3800.0,0,225,0
BANKNIFTY29JAN2557000PE.NFO,2024-12-04,09:21:00,2025-01-29,3800.0,3800.0,3800.0,3800.0,0,225,0
BANKNIFTY29JAN2557000PE.NFO,2024-12-04,09:22:00,2025-01-29,3800.0,3800.0,3800.0,3800.0,0,225,0
BANKNIFTY29JAN2557000PE.NFO,2024-12-04,09:23:00,2025-01-29,3800.0,3800.0,3800.0,3800.0,0,225,0
BANKNIFTY29JAN2557000PE.NFO,2024-12-04,09:24:00,2025-01-29,3800.0,3800.0,3753.1,3753.1,30,225,0
BANKNIFTY29JAN2557000PE.NFO,2024-12-04,09:25:00,2025-01-29,3753.1,3753.1,3753.1,3753.1,0,225,0
BANKNIFTY29JAN2557000PE.NFO,2024-12-04,09:26:00,2025-01-29,3753.1,3753.1,3753.1,3753.1,0,225,0
BANKNIFTY29JAN2557000PE.NFO,2024-12-04,09:27:00,2025-01-29,3753.1,3753.1,3753.1,3753.1,0,225,0
BANKNIFTY29JAN2557000PE.NFO,2024-12-04,09:28:00,2025-01-29,3753.1,3753.1,3753.1,3753.1,0,225,0
BANKNIFTY29JAN2557000PE.NFO,2024-12-04,09:29:00,2025-01-29,3753.1,3753.1,3753.1,3753.1,0,225,0
BANKNIFTY29JAN2557000PE.NFO,2024-12-04,09:30:00,2025-01-29,3753.1,3753.1,3753.1,3753.1,0,225,0
BANKNIFTY29JAN2557000PE.NFO,2024-12-04,09:31:00,2025-01-29,3753.1,3753.1,3753.1,3753.1,0,225,0
BANKNIFTY29JAN2557000PE.NFO,2024-12-04,09:32:00,2025-01-29,3753.1,3753.1,3753.1,3753.1,0,225,0
BANKNIFTY29JAN2557000PE.NFO,2024-12-04,09:33:00,2025-01-29,3753.1,3753.1,3753.1,3753.1,0,225,0
BANKNIFTY29JAN2557000PE.NFO,2024-12-04,09:34:00,2025-01-29,3753.1,3753.1,3753.1,3753.1,0,225,0
BANKNIFTY29JAN2557000PE.NFO,2024-12-04,09:35:00,2025-01-29,3753.1,3753.1,3753.1,3753.1,0,225,0
BANKNIFTY29JAN2557000PE.NFO,2024-12-04,09:36:00,2025-01-29,3753.1,3753.1,3753.1,3753.1,0,225,0
BANKNIFTY29JAN2557000PE.NFO,2024-12-04,09:37:00,2025-01-29,3753.1,3753.1,3753.1,3753.1,0,225,0
BANKNIFTY29JAN2557000PE.NFO,2024-12-04,09:38:00,2025-01-29,3753.1,3753.1,3753.1,3753.1,0,225,0
BANKNIFTY29JAN2557000PE.NFO,2024-12-04,09:39:00,2025-01-29,3753.1,3753.1,3753.1,3753.1,0,225,0
BANKNIFTY29JAN2557000PE.NFO,2024-12-04,09:40:00,2025-01-29,3753.1,3753.1,3753.1,3753.1,0,225,0
BANKNIFTY29JAN2557000PE.NFO,2024-12-04,09:41:00,2025-01-29,3753.1,3753.1,3753.1,3753.1,0,225,0
BANKNIFTY29JAN2557000PE.NFO,2024-12-04,09:42:00,2025-01-29,3753.1,3753.1,3753.1,3753.1,0,225,0
BANKNIFTY29JAN2557000PE.NFO,2024-12-04,09:43:00,2025-01-29,3753.1,3753.1,3753.1,3753.1,0,225,0
BANKNIFTY29JAN2557000PE.NFO,2024-12-04,09:44:00,2025-01-29,3753.1,3753.1,3753.1,3753.1,0,225,0
BANKNIFTY29JAN2557000PE.NFO,2024-12-04,09:45:00,2025-01-29,3753.1,3753.1,3753.1,3753.1,0,225,0
BANKNIFTY29JAN2557000PE.NFO,2024-12-04,09:46:00,2025-01-29,3753.1,3753.1,3603.25,3603.25,0,255,0
BANKNIFTY29JAN2557000PE.NFO,2024-12-04,09:47:00,2025-01-29,3603.25,3603.25,3603.25,3603.25,0,255,0
BANKNIFTY29JAN2557000PE.NFO,2024-12-04,09:48:00,2025-01-29,3603.25,3603.25,3603.25,3603.25,0,255,0
BANKNIFTY29JAN2557000PE.NFO,2024-12-04,09:49:00,2025-01-29,3603.25,3603.25,3603.25,3603.25,0,255,0
BANKNIFTY29JAN2557000PE.NFO,2024-12-04,09:50:00,2025-01-29,3603.25,3603.25,3603.25,3603.25,0,255,0
BANKNIFTY29JAN2557000PE.NFO,2024-12-04,09:51:00,2025-01-29,3603.25,3603.25,3603.25,3603.25,0,255,0
BANKNIFTY29JAN2557000PE.NFO,2024-12-04,09:52:00,2025-01-29,3603.25,3603.25,3603.25,3603.25,0,255,0
BANKNIFTY29JAN2557000PE.NFO,2024-12-04,09:53:00,2025-01-29,3603.25,3603.25,3603.25,3603.25,0,255,0
BANKNIFTY29JAN2557000PE.NFO,2024-12-04,09:54:00,2025-01-29,3603.25,3603.25,3603.25,3603.25,0,255,0
BANKNIFTY29JAN2557000PE.NFO,2024-12-04,09:55:00,2025-01-29,3603.25,3603.25,3603.25,3603.25,0,255,0
BANKNIFTY29JAN2557000PE.NFO,2024-12-04,09:56:00,2025-01-29,3603.25,3603.25,3603.25,3603.25,0,255,0
BANKNIFTY29JAN2557000PE.NFO,2024-12-04,09:57:00,2025-01-29,3603.25,3603.25,3603.25,3603.25,0,255,0
BANKNIFTY29JAN2557000PE.NFO,2024-12-04,09:58:00,2025-01-29,3603.25,3603.25,3603.25,3603.25,0,255,0
BANKNIFTY29JAN2557000PE.NFO,2024-12-04,09:59:00,2025-01-29,3603.25,3603.25,3603.25,3603.25,0,255,0
BANKNIFTY29JAN2557000PE.NFO,2024-12-04,10:00:00,2025-01-29,3603.25,3603.25,3603.25,3603.25,0,255,0
BANKNIFTY29JAN2557000PE.NFO,2024-12-04,10:01:00,2025-01-29,3603.25,3603.25,3603.25,3603.25,0,255,0
BANKNIFTY29JAN2557000PE.NFO,2024-12-04,10:02:00,2025-01-29,3603.25,3603.25,3603.25,3603.25,0,255,0
BANKNIFTY29JAN2557000PE.NFO,2024-12-04,10:03:00,2025-01-29,3603.25,3603.25,3603.25,3603.25,0,255,0
BANKNIFTY29JAN2557000PE.NFO,2024-12-04,10:04:00,2025-01-29,3603.25,3603.25,3603.25,3603.25,0,255,0
BANKNIFTY29JAN2557000PE.NFO,2024-12-04,10:05:00,2025-01-29,3603.25,3603.25,3603.25,3603.25,0,255,0
BANKNIFTY29JAN2557000PE.NFO,2024-12-04,10:06:00,2025-01-29,3603.25,3603.25,3603.25,3603.25,0,255,0
BANKNIFTY29JAN2557000PE.NFO,2024-12-04,10:07:00,2025-01-29,3603.25,3603.25,3603.25,3603.25,0,255,0
BANKNIFTY29JAN2557000PE.NFO,2024-12-04,10:08:00,2025-01-29,3603.25,3603.25,3603.25,3603.25,0,255,0
BANKNIFTY29JAN2557000PE.NFO,2024-12-04,10:09:00,2025-01-29,3603.25,3603.25,3603.25,3603.25,0,255,0
BANKNIFTY29JAN2557000PE.NFO,2024-12-04,10:10:00,2025-01-29,3603.25,3603.25,3603.25,3603.25,0,255,0
BANKNIFTY29JAN2557000PE.NFO,2024-12-04,10:11:00,2025-01-29,3603.25,3603.25,3603.25,3603.25,0,255,0
BANKNIFTY29JAN2557000PE.NFO,2024-12-04,10:12:00,2025-01-29,3603.25,3603.25,3603.25,3603.25,0,255,0
BANKNIFTY29JAN2557000PE.NFO,2024-12-04,10:13:00,2025-01-29,3603.25,3603.25,3603.25,3603.25,0,255,0
BANKNIFTY29JAN2557000PE.NFO,2024-12-04,10:14:00,2025-01-29,3603.25,3603.25,3603.25,3603.25,0,255,0
BANKNIFTY29JAN2557000PE.NFO,2024-12-04,10:15:00,2025-01-29,3603.25,3603.25,3603.25,3603.25,0,255,0
BANKNIFTY29JAN2557000PE.NFO,2024-12-04,10:16:00,2025-01-29,3603.25,3603.25,3603.25,3603.25,0,255,0
BANKNIFTY29JAN2557000PE.NFO,2024-12-04,10:17:00,2025-01-29,3603.25,3603.25,3603.25,3603.25,0,255,0
BANKNIFTY29JAN2557000PE.NFO,2024-12-04,10:18:00,2025-01-29,3603.25,3603.25,3603.25,3603.25,0,255,0
BANKNIFTY29JAN2557000PE.NFO,2024-12-04,10:19:00,2025-01-29,3603.25,3603.25,3603.25,3603.25,0,255,0
BANKNIFTY29JAN2557000PE.NFO,2024-12-04,10:20:00,2025-01-29,3603.25,3603.25,3603.25,3603.25,0,255,0
BANKNIFTY29JAN2557000PE.NFO,2024-12-04,10:21:00,2025-01-29,3603.25,3603.25,3603.25,3603.25,0,255,0
BANKNIFTY29JAN2557000PE.NFO,2024-12-04,10:22:00,2025-01-29,3603.25,3603.25,3603.25,3603.25,0,255,0
BANKNIFTY29JAN2557000PE.NFO,2024-12-04,10:23:00,2025-01-29,3603.25,3603.25,3603.25,3603.25,0,255,0
BANKNIFTY29JAN2557000PE.NFO,2024-12-04,10:24:00,2025-01-29,3603.25,3603.25,3603.25,3603.25,0,255,0
BANKNIFTY29JAN2557000PE.NFO,2024-12-04,10:25:00,2025-01-29,3603.25,3603.25,3603.25,3603.25,0,255,0
BANKNIFTY29JAN2557000PE.NFO,2024-12-04,10:26:00,2025-01-29,3603.25,3603.25,3603.25,3603.25,0,255,0
BANKNIFTY29JAN2557000PE.NFO,2024-12-04,10:27:00,2025-01-29,3603.25,3603.25,3603.25,3603.25,0,255,0
BANKNIFTY29JAN2557000PE.NFO,2024-12-04,10:28:00,2025-01-29,3603.25,3603.25,3603.25,3603.25,0,255,0
BANKNIFTY29JAN2557000PE.NFO,2024-12-04,10:29:00,2025-01-29,3603.25,3603.25,3603.25,3603.25,0,255,0
BANKNIFTY29JAN2557000PE.NFO,2024-12-04,10:30:00,2025-01-29,3603.25,3603.25,3603.25,3603.25,0,255,0
BANKNIFTY29JAN2557000PE.NFO,2024-12-04,10:31:00,2025-01-29,3603.25,3603.25,3603.25,3603.25,0,255,0
BANKNIFTY29JAN2557000PE.NFO,2024-12-04,10:32:00,2025-01-29,3603.25,3603.25,3603.25,3603.25,0,255,0
BANKNIFTY29JAN2557000PE.NFO,2024-12-04,10:33:00,2025-01-29,3603.25,3603.25,3603.25,3603.25,0,255,0
BANKNIFTY29JAN2557000PE.NFO,2024-12-04,10:34:00,2025-01-29,3603.25,3603.25,3603.25,3603.25,0,255,0
BANKNIFTY29JAN2557000PE.NFO,2024-12-04,10:35:00,2025-01-29,3603.25,3603.25,3603.25,3603.25,0,255,0
BANKNIFTY29JAN2557000PE.NFO,2024-12-04,10:36:00,2025-01-29,3603.25,3603.25,3603.25,3603.25,0,255,0
BANKNIFTY29JAN2557000PE.NFO,2024-12-04,10:37:00,2025-01-29,3603.25,3603.25,3603.25,3603.25,0,255,0
BANKNIFTY29JAN2557000PE.NFO,2024-12-04,10:38:00,2025-01-29,3603.25,3603.25,3603.25,3603.25,0,255,0
BANKNIFTY29JAN2557000PE.NFO,2024-12-04,10:39:00,2025-01-29,3603.25,3603.25,3603.25,3603.25,0,255,0
BANKNIFTY29JAN2557000PE.NFO,2024-12-04,10:40:00,2025-01-29,3603.25,3603.25,3603.25,3603.25,0,255,0
BANKNIFTY29JAN2557000PE.NFO,2024-12-04,10:41:00,2025-01-29,3603.25,3603.25,3603.25,3603.25,0,255,0
BANKNIFTY29JAN2557000PE.NFO,2024-12-04,10:42:00,2025-01-29,3603.25,3603.25,3603.25,3603.25,0,255,0
BANKNIFTY29JAN2557000PE.NFO,2024-12-04,10:43:00,2025-01-29,3603.25,3603.25,3603.25,3603.25,0,255,0
BANKNIFTY29JAN2557000PE.NFO,2024-12-04,10:44:00,2025-01-29,3603.25,3603.25,3603.25,3603.25,0,255,0
BANKNIFTY29JAN2557000PE.NFO,2024-12-04,10:45:00,2025-01-29,3603.25,3603.25,3603.25,3603.25,0,255,0
BANKNIFTY29JAN2557000PE.NFO,2024-12-04,10:46:00,2025-01-29,3603.25,3603.25,3603.25,3603.25,0,255,0
BANKNIFTY29JAN2557000PE.NFO,2024-12-04,10:47:00,2025-01-29,3603.25,3603.25,3603.25,3603.25,0,255,0
BANKNIFTY29JAN2557000PE.NFO,2024-12-04,10:48:00,2025-01-29,3603.25,3603.25,3603.25,3603.25,0,255,0
BANKNIFTY29JAN2557000PE.NFO,2024-12-04,10:49:00,2025-01-29,3603.25,3603.25,3603.25,3603.25,0,255,0
BANKNIFTY29JAN2557000PE.NFO,2024-12-04,10:50:00,2025-01-29,3603.25,3603.25,3603.25,3603.25,0,255,0
BANKNIFTY29JAN2557000PE.NFO,2024-12-04,10:51:00,2025-01-29,3603.25,3603.25,3603.25,3603.25,0,255,0
BANKNIFTY29JAN2557000PE.NFO,2024-12-04,10:52:00,2025-01-29,3603.25,3603.25,3603.25,3603.25,0,255,0
BANKNIFTY29JAN2557000PE.NFO,2024-12-04,10:53:00,2025-01-29,3603.25,3603.25,3603.25,3603.25,0,255,0
BANKNIFTY29JAN2557000PE.NFO,2024-12-04,10:54:00,2025-01-29,3603.25,3603.25,3603.25,3603.25,0,255,0
BANKNIFTY29JAN2557000PE.NFO,2024-12-04,10:55:00,2025-01-29,3603.25,3603.25,3603.25,3603.25,0,255,0
BANKNIFTY29JAN2557000PE.NFO,2024-12-04,10:56:00,2025-01-29,3603.25,3603.25,3603.25,3603.25,0,255,0
BANKNIFTY29JAN2557000PE.NFO,2024-12-04,10:57:00,2025-01-29,3603.25,3603.25,3603.25,3603.25,0,255,0
BANKNIFTY29JAN2557000PE.NFO,2024-12-04,10:58:00,2025-01-29,3603.25,3603.25,3603.25,3603.25,0,255,0
BANKNIFTY29JAN2557000PE.NFO,2024-12-04,10:59:00,2025-01-29,3603.25,3603.25,3603.25,3603.25,0,255,0
BANKNIFTY29JAN2557000PE.NFO,2024-12-04,11:00:00,2025-01-29,3603.25,3603.25,3603.25,3603.25,0,255,0
BANKNIFTY29JAN2557000PE.NFO,2024-12-04,11:01:00,2025-01-29,3603.25,3603.25,3603.25,3603.25,0,255,0
BANKNIFTY29JAN2557000PE.NFO,2024-12-04,11:02:00,2025-01-29,3603.25,3603.25,3603.25,3603.25,0,255,0
BANKNIFTY29JAN2557000PE.NFO,2024-12-04,11:03:00,2025-01-29,3603.25,3603.25,3603.25,3603.25,0,255,0
BANKNIFTY29JAN2557000PE.NFO,2024-12-04,11:04:00,2025-01-29,3603.25,3603.25,3603.25,3603.25,0,255,0
BANKNIFTY29JAN2557000PE.NFO,2024-12-04,11:05:00,2025-01-29,3603.25,3603.25,3603.25,3603.25,0,255,0
BANKNIFTY29JAN2557000PE.NFO,2024-12-04,11:06:00,2025-01-29,3603.25,3603.25,3603.25,3603.25,0,255,0
BANKNIFTY29JAN2557000PE.NFO,2024-12-04,11:07:00,2025-01-29,3603.25,3603.25,3603.25,3603.25,0,255,0
BANKNIFTY29JAN2557000PE.NFO,2024-12-04,11:08:00,2025-01-29,3603.25,3603.25,3603.25,3603.25,0,255,0
BANKNIFTY29JAN2557000PE.NFO,2024-12-04,11:09:00,2025-01-29,3603.25,3603.25,3603.25,3603.25,0,255,0
BANKNIFTY29JAN2557000PE.NFO,2024-12-04,11:10:00,2025-01-29,3603.25,3603.25,3603.25,3603.25,0,255,0
BANKNIFTY29JAN2557000PE.NFO,2024-12-04,11:11:00,2025-01-29,3603.25,3603.25,3603.25,3603.25,0,255,0
BANKNIFTY29JAN2557000PE.NFO,2024-12-04,11:12:00,2025-01-29,3603.25,3603.25,3603.25,3603.25,0,255,0
BANKNIFTY29JAN2557000PE.NFO,2024-12-04,11:13:00,2025-01-29,3603.25,3603.25,3603.25,3603.25,0,255,0
BANKNIFTY29JAN2557000PE.NFO,2024-12-04,11:14:00,2025-01-29,3603.25,3603.25,3603.25,3603.25,0,255,0
BANKNIFTY29JAN2557000PE.NFO,2024-12-04,11:15:00,2025-01-29,3603.25,3603.25,3603.25,3603.25,0,255,0
BANKNIFTY29JAN2557000PE.NFO,2024-12-04,11:16:00,2025-01-29,3603.25,3603.25,3603.25,3603.25,0,255,0
BANKNIFTY29JAN2557000PE.NFO,2024-12-04,11:17:00,2025-01-29,3603.25,3603.25,3603.25,3603.25,0,255,0
BANKNIFTY29JAN2557000PE.NFO,2024-12-04,11:18:00,2025-01-29,3603.25,3603.25,3603.25,3603.25,0,255,0
BANKNIFTY29JAN2557000PE.NFO,2024-12-04,11:19:00,2025-01-29,3603.25,3603.25,3603.25,3603.25,0,255,0
BANKNIFTY29JAN2557000PE.NFO,2024-12-04,11:20:00,2025-01-29,3603.25,3603.25,3603.25,3603.25,0,255,0
BANKNIFTY29JAN2557000PE.NFO,2024-12-04,11:21:00,2025-01-29,3603.25,3603.25,3603.25,3603.25,0,255,0
BANKNIFTY29JAN2557000PE.NFO,2024-12-04,11:22:00,2025-01-29,3603.25,3603.25,3603.25,3603.25,0,255,0
BANKNIFTY29JAN2557000PE.NFO,2024-12-04,11:23:00,2025-01-29,3603.25,3603.25,3603.25,3603.25,0,255,0
BANKNIFTY29JAN2557000PE.NFO,2024-12-04,11:24:00,2025-01-29,3603.25,3603.25,3603.25,3603.25,0,255,0
BANKNIFTY29JAN2557000PE.NFO,2024-12-04,11:25:00,2025-01-29,3603.25,3603.25,3603.25,3603.25,0,255,0
BANKNIFTY29JAN2557000PE.NFO,2024-12-04,11:26:00,2025-01-29,3603.25,3603.25,3603.25,3603.25,0,255,0
BANKNIFTY29JAN2557000PE.NFO,2024-12-04,11:27:00,2025-01-29,3603.25,3603.25,3603.25,3603.25,0,255,0
BANKNIFTY29JAN2557000PE.NFO,2024-12-04,11:28:00,2025-01-29,3603.25,3603.25,3603.25,3603.25,0,255,0
BANKNIFTY29JAN2557000PE.NFO,2024-12-04,11:29:00,2025-01-29,3603.25,3603.25,3603.25,3603.25,0,255,0
BANKNIFTY29JAN2557000PE.NFO,2024-12-04,11:30:00,2025-01-29,3603.25,3603.25,3603.25,3603.25,0,255,0
BANKNIFTY29JAN2557000PE.NFO,2024-12-04,11:31:00,2025-01-29,3603.25,3603.25,3603.25,3603.25,0,255,0
BANKNIFTY29JAN2557000PE.NFO,2024-12-04,11:32:00,2025-01-29,3603.25,3603.25,3603.25,3603.25,0,255,0
BANKNIFTY29JAN2557000PE.NFO,2024-12-04,11:33:00,2025-01-29,3603.25,3603.25,3603.25,3603.25,0,255,0
BANKNIFTY29JAN2557000PE.NFO,2024-12-04,11:34:00,2025-01-29,3603.25,3603.25,3603.25,3603.25,0,255,0
BANKNIFTY29JAN2557000PE.NFO,2024-12-04,11:35:00,2025-01-29,3603.25,3603.25,3603.25,3603.25,0,255,0
BANKNIFTY29JAN2557000PE.NFO,2024-12-04,11:36:00,2025-01-29,3603.25,3603.25,3603.25,3603.25,0,255,0
BANKNIFTY29JAN2557000PE.NFO,2024-12-04,11:37:00,2025-01-29,3603.25,3603.25,3603.25,3603.25,0,255,0
BANKNIFTY29JAN2557000PE.NFO,2024-12-04,11:38:00,2025-01-29,3603.25,3603.25,3603.25,3603.25,0,255,0
BANKNIFTY29JAN2557000PE.NFO,2024-12-04,11:39:00,2025-01-29,3603.25,3603.25,3603.25,3603.25,0,255,0
BANKNIFTY29JAN2557000PE.NFO,2024-12-04,11:40:00,2025-01-29,3603.25,3603.25,3603.25,3603.25,0,255,0
BANKNIFTY29JAN2557000PE.NFO,2024-12-04,11:41:00,2025-01-29,3603.25,3603.25,3603.25,3603.25,0,255,0
BANKNIFTY29JAN2557000PE.NFO,2024-12-04,11:42:00,2025-01-29,3603.25,3603.25,3603.25,3603.25,0,255,0
BANKNIFTY29JAN2557000PE.NFO,2024-12-04,11:43:00,2025-01-29,3603.25,3603.25,3603.25,3603.25,0,255,0
BANKNIFTY29JAN2557000PE.NFO,2024-12-04,11:44:00,2025-01-29,3603.25,3603.25,3603.25,3603.25,0,255,0
BANKNIFTY29JAN2557000PE.NFO,2024-12-04,11:45:00,2025-01-29,3603.25,3603.25,3603.25,3603.25,0,255,0
BANKNIFTY29JAN2557000PE.NFO,2024-12-04,11:46:00,2025-01-29,3603.25,3603.25,3603.25,3603.25,0,255,0
BANKNIFTY29JAN2557000PE.NFO,2024-12-04,11:47:00,2025-01-29,3603.25,3603.25,3603.25,3603.25,0,255,0
BANKNIFTY29JAN2557000PE.NFO,2024-12-04,11:48:00,2025-01-29,3603.25,3603.25,3603.25,3603.25,0,255,0
BANKNIFTY29JAN2557000PE.NFO,2024-12-04,11:49:00,2025-01-29,3603.25,3603.25,3603.25,3603.25,0,255,0
BANKNIFTY29JAN2557000PE.NFO,2024-12-04,11:50:00,2025-01-29,3603.25,3603.25,3603.25,3603.25,0,255,0
BANKNIFTY29JAN2557000PE.NFO,2024-12-04,11:51:00,2025-01-29,3603.25,3603.25,3603.25,3603.25,0,255,0
BANKNIFTY29JAN2557000PE.NFO,2024-12-04,11:52:00,2025-01-29,3603.25,3603.25,3603.25,3603.25,0,255,0
BANKNIFTY29JAN2557000PE.NFO,2024-12-04,11:53:00,2025-01-29,3603.25,3603.25,3603.25,3603.25,0,255,0
BANKNIFTY29JAN2557000PE.NFO,2024-12-04,11:54:00,2025-01-29,3603.25,3603.25,3603.25,3603.25,0,255,0
BANKNIFTY29JAN2557000PE.NFO,2024-12-04,11:55:00,2025-01-29,3603.25,3603.25,3603.25,3603.25,0,255,0
BANKNIFTY29JAN2557000PE.NFO,2024-12-04,11:56:00,2025-01-29,3603.25,3603.25,3603.25,3603.25,0,255,0
BANKNIFTY29JAN2557000PE.NFO,2024-12-04,11:57:00,2025-01-29,3603.25,3603.25,3603.25,3603.25,0,255,0
BANKNIFTY29JAN2557000PE.NFO,2024-12-04,11:58:00,2025-01-29,3603.25,3603.25,3603.25,3603.25,0,255,0
BANKNIFTY29JAN2557000PE.NFO,2024-12-04,11:59:00,2025-01-29,3603.25,3603.25,3603.25,3603.25,0,255,0
BANKNIFTY29JAN2557000PE.NFO,2024-12-04,12:00:00,2025-01-29,3603.25,3603.25,3603.25,3603.25,0,255,0
BANKNIFTY29JAN2557000PE.NFO,2024-12-04,12:01:00,2025-01-29,3603.25,3603.25,3603.25,3603.25,0,255,0
BANKNIFTY29JAN2557000PE.NFO,2024-12-04,12:02:00,2025-01-29,3603.25,3603.25,3603.25,3603.25,0,255,0
BANKNIFTY29JAN2557000PE.NFO,2024-12-04,12:03:00,2025-01-29,3603.25,3603.25,3603.25,3603.25,0,255,0
BANKNIFTY29JAN2557000PE.NFO,2024-12-04,12:04:00,2025-01-29,3603.25,3603.25,3603.25,3603.25,0,255,0
BANKNIFTY29JAN2557000PE.NFO,2024-12-04,12:05:00,2025-01-29,3603.25,3603.25,3603.25,3603.25,0,255,0
BANKNIFTY29JAN2557000PE.NFO,2024-12-04,12:06:00,2025-01-29,3603.25,3603.25,3603.25,3603.25,0,255,0
BANKNIFTY29JAN2557000PE.NFO,2024-12-04,12:07:00,2025-01-29,3603.25,3603.25,3603.25,3603.25,0,255,0
BANKNIFTY29JAN2557000PE.NFO,2024-12-04,12:08:00,2025-01-29,3603.25,3603.25,3603.25,3603.25,0,255,0
BANKNIFTY29JAN2557000PE.NFO,2024-12-04,12:09:00,2025-01-29,3603.25,3603.25,3603.25,3603.25,0,255,0
BANKNIFTY29JAN2557000PE.NFO,2024-12-04,12:10:00,2025-01-29,3603.25,3603.25,3550.0,3550.0,90,255,0
BANKNIFTY29JAN2557000PE.NFO,2024-12-04,12:11:00,2025-01-29,3550.0,3550.0,3550.0,3550.0,0,255,0
BANKNIFTY29JAN2557000PE.NFO,2024-12-04,12:12:00,2025-01-29,3550.0,3550.0,3550.0,3550.0,0,255,0
BANKNIFTY29JAN2557000PE.NFO,2024-12-04,12:13:00,2025-01-29,3550.0,3550.0,3550.0,3550.0,0,255,0
BANKNIFTY29JAN2557000PE.NFO,2024-12-04,12:14:00,2025-01-29,3550.0,3550.0,3550.0,3550.0,0,255,0
BANKNIFTY29JAN2557000PE.NFO,2024-12-04,12:15:00,2025-01-29,3550.0,3550.0,3550.0,3550.0,30,345,0
BANKNIFTY29JAN2557000PE.NFO,2024-12-04,12:16:00,2025-01-29,3550.0,3550.0,3550.0,3550.0,0,345,0
BANKNIFTY29JAN2557000PE.NFO,2024-12-04,12:17:00,2025-01-29,3550.0,3550.0,3550.0,3550.0,0,345,0
BANKNIFTY29JAN2557000PE.NFO,2024-12-04,12:18:00,2025-01-29,3550.0,3550.0,3550.0,3550.0,0,345,0
BANKNIFTY29JAN2557000PE.NFO,2024-12-04,12:19:00,2025-01-29,3550.0,3550.0,3550.0,3550.0,0,345,0
BANKNIFTY29JAN2557000PE.NFO,2024-12-04,12:20:00,2025-01-29,3550.0,3550.0,3550.0,3550.0,0,345,0
BANKNIFTY29JAN2557000PE.NFO,2024-12-04,12:21:00,2025-01-29,3550.0,3550.0,3550.0,3550.0,0,345,0
BANKNIFTY29JAN2557000PE.NFO,2024-12-04,12:22:00,2025-01-29,3550.0,3550.0,3550.0,3550.0,0,345,0
BANKNIFTY29JAN2557000PE.NFO,2024-12-04,12:23:00,2025-01-29,3550.0,3550.0,3550.0,3550.0,0,345,0
BANKNIFTY29JAN2557000PE.NFO,2024-12-04,12:24:00,2025-01-29,3550.0,3550.0,3550.0,3550.0,0,345,0
BANKNIFTY29JAN2557000PE.NFO,2024-12-04,12:25:00,2025-01-29,3550.0,3550.0,3550.0,3550.0,0,345,0
BANKNIFTY29JAN2557000PE.NFO,2024-12-04,12:26:00,2025-01-29,3550.0,3550.0,3550.0,3550.0,0,345,0
BANKNIFTY29JAN2557000PE.NFO,2024-12-04,12:27:00,2025-01-29,3550.0,3550.0,3550.0,3550.0,0,345,0
BANKNIFTY29JAN2557000PE.NFO,2024-12-04,12:28:00,2025-01-29,3550.0,3550.0,3550.0,3550.0,0,345,0
BANKNIFTY29JAN2557000PE.NFO,2024-12-04,12:29:00,2025-01-29,3550.0,3550.0,3550.0,3550.0,0,345,0
BANKNIFTY29JAN2557000PE.NFO,2024-12-04,12:30:00,2025-01-29,3550.0,3550.0,3550.0,3550.0,0,345,0
BANKNIFTY29JAN2557000PE.NFO,2024-12-04,12:31:00,2025-01-29,3550.0,3550.0,3550.0,3550.0,0,345,0
BANKNIFTY29JAN2557000PE.NFO,2024-12-04,12:32:00,2025-01-29,3550.0,3550.0,3550.0,3550.0,0,345,0
BANKNIFTY29JAN2557000PE.NFO,2024-12-04,12:33:00,2025-01-29,3550.0,3550.0,3550.0,3550.0,0,345,0
BANKNIFTY29JAN2557000PE.NFO,2024-12-04,12:34:00,2025-01-29,3550.0,3550.0,3550.0,3550.0,0,345,0
BANKNIFTY29JAN2557000PE.NFO,2024-12-04,12:35:00,2025-01-29,3550.0,3550.0,3550.0,3550.0,0,345,0
BANKNIFTY29JAN2557000PE.NFO,2024-12-04,12:36:00,2025-01-29,3550.0,3550.0,3550.0,3550.0,0,345,0
BANKNIFTY29JAN2557000PE.NFO,2024-12-04,12:37:00,2025-01-29,3550.0,3550.0,3550.0,3550.0,0,345,0
BANKNIFTY29JAN2557000PE.NFO,2024-12-04,12:38:00,2025-01-29,3550.0,3550.0,3550.0,3550.0,0,345,0
BANKNIFTY29JAN2557000PE.NFO,2024-12-04,12:39:00,2025-01-29,3550.0,3550.0,3550.0,3550.0,0,345,0
BANKNIFTY29JAN2557000PE.NFO,2024-12-04,12:40:00,2025-01-29,3550.0,3550.0,3550.0,3550.0,0,345,0
BANKNIFTY29JAN2557000PE.NFO,2024-12-04,12:41:00,2025-01-29,3550.0,3550.0,3550.0,3550.0,0,345,0
BANKNIFTY29JAN2557000PE.NFO,2024-12-04,12:42:00,2025-01-29,3550.0,3550.0,3550.0,3550.0,0,345,0
BANKNIFTY29JAN2557000PE.NFO,2024-12-04,12:43:00,2025-01-29,3550.0,3550.0,3550.0,3550.0,0,345,0
BANKNIFTY29JAN2557000PE.NFO,2024-12-04,12:44:00,2025-01-29,3550.0,3550.0,3550.0,3550.0,0,345,0
BANKNIFTY29JAN2557000PE.NFO,2024-12-04,12:45:00,2025-01-29,3550.0,3550.0,3550.0,3550.0,0,345,0
BANKNIFTY29JAN2557000PE.NFO,2024-12-04,12:46:00,2025-01-29,3550.0,3550.0,3550.0,3550.0,0,345,0
BANKNIFTY29JAN2557000PE.NFO,2024-12-04,12:47:00,2025-01-29,3550.0,3550.0,3550.0,3550.0,0,345,0
BANKNIFTY29JAN2557000PE.NFO,2024-12-04,12:48:00,2025-01-29,3550.0,3550.0,3550.0,3550.0,0,345,0
BANKNIFTY29JAN2557000PE.NFO,2024-12-04,12:49:00,2025-01-29,3550.0,3550.0,3550.0,3550.0,0,345,0
BANKNIFTY29JAN2557000PE.NFO,2024-12-04,12:50:00,2025-01-29,3550.0,3550.0,3550.0,3550.0,0,345,0
BANKNIFTY29JAN2557000PE.NFO,2024-12-04,12:51:00,2025-01-29,3550.0,3550.0,3550.0,3550.0,0,345,0
BANKNIFTY29JAN2557000PE.NFO,2024-12-04,12:52:00,2025-01-29,3550.0,3550.0,3550.0,3550.0,0,345,0
BANKNIFTY29JAN2557000PE.NFO,2024-12-04,12:53:00,2025-01-29,3550.0,3550.0,3550.0,3550.0,0,345,0
BANKNIFTY29JAN2557000PE.NFO,2024-12-04,12:54:00,2025-01-29,3550.0,3550.0,3550.0,3550.0,0,345,0
BANKNIFTY29JAN2557000PE.NFO,2024-12-04,12:55:00,2025-01-29,3550.0,3550.0,3550.0,3550.0,0,345,0
BANKNIFTY29JAN2557000PE.NFO,2024-12-04,12:56:00,2025-01-29,3550.0,3550.0,3550.0,3550.0,0,345,0
BANKNIFTY29JAN2557000PE.NFO,2024-12-04,12:57:00,2025-01-29,3550.0,3550.0,3550.0,3550.0,0,345,0
BANKNIFTY29JAN2557000PE.NFO,2024-12-04,12:58:00,2025-01-29,3550.0,3550.0,3550.0,3550.0,0,345,0
BANKNIFTY29JAN2557000PE.NFO,2024-12-04,12:59:00,2025-01-29,3550.0,3550.0,3550.0,3550.0,0,345,0
BANKNIFTY29JAN2557000PE.NFO,2024-12-04,13:00:00,2025-01-29,3550.0,3550.0,3550.0,3550.0,0,345,0
BANKNIFTY29JAN2557000PE.NFO,2024-12-04,13:01:00,2025-01-29,3550.0,3550.0,3550.0,3550.0,0,345,0
BANKNIFTY29JAN2557000PE.NFO,2024-12-04,13:02:00,2025-01-29,3550.0,3550.0,3550.0,3550.0,0,345,0
BANKNIFTY29JAN2557000PE.NFO,2024-12-04,13:03:00,2025-01-29,3550.0,3550.0,3550.0,3550.0,0,345,0
BANKNIFTY29JAN2557000PE.NFO,2024-12-04,13:04:00,2025-01-29,3550.0,3550.0,3550.0,3550.0,0,345,0
BANKNIFTY29JAN2557000PE.NFO,2024-12-04,13:05:00,2025-01-29,3550.0,3550.0,3550.0,3550.0,0,345,0
BANKNIFTY29JAN2557000PE.NFO,2024-12-04,13:06:00,2025-01-29,3550.0,3550.0,3550.0,3550.0,0,345,0
BANKNIFTY29JAN2557000PE.NFO,2024-12-04,13:07:00,2025-01-29,3550.0,3550.0,3550.0,3550.0,0,345,0
BANKNIFTY29JAN2557000PE.NFO,2024-12-04,13:08:00,2025-01-29,3550.0,3550.0,3550.0,3550.0,0,345,0
BANKNIFTY29JAN2557000PE.NFO,2024-12-04,13:09:00,2025-01-29,3550.0,3550.0,3550.0,3550.0,0,345,0
BANKNIFTY29JAN2557000PE.NFO,2024-12-04,13:10:00,2025-01-29,3550.0,3550.0,3550.0,3550.0,0,345,0
BANKNIFTY29JAN2557000PE.NFO,2024-12-04,13:11:00,2025-01-29,3550.0,3550.0,3550.0,3550.0,0,345,0
BANKNIFTY29JAN2557000PE.NFO,2024-12-04,13:12:00,2025-01-29,3550.0,3550.0,3550.0,3550.0,0,345,0
BANKNIFTY29JAN2557000PE.NFO,2024-12-04,13:13:00,2025-01-29,3550.0,3550.0,3550.0,3550.0,0,345,0
BANKNIFTY29JAN2557000PE.NFO,2024-12-04,13:14:00,2025-01-29,3550.0,3550.0,3550.0,3550.0,0,345,0
BANKNIFTY29JAN2557000PE.NFO,2024-12-04,13:15:00,2025-01-29,3550.0,3550.0,3550.0,3550.0,0,345,0
BANKNIFTY29JAN2557000PE.NFO,2024-12-04,13:16:00,2025-01-29,3550.0,3550.0,3550.0,3550.0,0,345,0
BANKNIFTY29JAN2557000PE.NFO,2024-12-04,13:17:00,2025-01-29,3550.0,3550.0,3550.0,3550.0,0,345,0
BANKNIFTY29JAN2557000PE.NFO,2024-12-04,13:18:00,2025-01-29,3550.0,3550.0,3550.0,3550.0,0,345,0
BANKNIFTY29JAN2557000PE.NFO,2024-12-04,13:19:00,2025-01-29,3550.0,3550.0,3550.0,3550.0,0,345,0
BANKNIFTY29JAN2557000PE.NFO,2024-12-04,13:20:00,2025-01-29,3550.0,3550.0,3550.0,3550.0,0,345,0
BANKNIFTY29JAN2557000PE.NFO,2024-12-04,13:21:00,2025-01-29,3550.0,3550.0,3550.0,3550.0,0,345,0
BANKNIFTY29JAN2557000PE.NFO,2024-12-04,13:22:00,2025-01-29,3550.0,3550.0,3550.0,3550.0,0,345,0
BANKNIFTY29JAN2557000PE.NFO,2024-12-04,13:23:00,2025-01-29,3550.0,3550.0,3550.0,3550.0,0,345,0
BANKNIFTY29JAN2557000PE.NFO,2024-12-04,13:24:00,2025-01-29,3550.0,3550.0,3550.0,3550.0,0,345,0
BANKNIFTY29JAN2557000PE.NFO,2024-12-04,13:25:00,2025-01-29,3550.0,3550.0,3550.0,3550.0,0,345,0
BANKNIFTY29JAN2557000PE.NFO,2024-12-04,13:26:00,2025-01-29,3550.0,3550.0,3550.0,3550.0,0,345,0
BANKNIFTY29JAN2557000PE.NFO,2024-12-04,13:27:00,2025-01-29,3550.0,3550.0,3550.0,3550.0,0,345,0
BANKNIFTY29JAN2557000PE.NFO,2024-12-04,13:28:00,2025-01-29,3550.0,3550.0,3550.0,3550.0,0,345,0
BANKNIFTY29JAN2557000PE.NFO,2024-12-04,13:29:00,2025-01-29,3550.0,3550.0,3550.0,3550.0,0,345,1
BANKNIFTY29JAN2557000PE.NFO,2024-12-04,13:30:00,2025-01-29,3550.0,3550.0,3550.0,3550.0,0,345,0
BANKNIFTY29JAN2557000PE.NFO,2024-12-04,13:31:00,2025-01-29,3550.0,3550.0,3400.0,3400.0,0,375,0
BANKNIFTY29JAN2557000PE.NFO,2024-12-04,13:32:00,2025-01-29,3400.0,3400.0,3400.0,3400.0,0,375,0
BANKNIFTY29JAN2557000PE.NFO,2024-12-04,13:33:00,2025-01-29,3400.0,3400.0,3400.0,3400.0,0,375,0
BANKNIFTY29JAN2557000PE.NFO,2024-12-04,13:34:00,2025-01-29,3400.0,3400.0,3400.0,3400.0,0,375,0
BANKNIFTY29JAN2557000PE.NFO,2024-12-04,13:35:00,2025-01-29,3400.0,3400.0,3400.0,3400.0,0,375,0
BANKNIFTY29JAN2557000PE.NFO,2024-12-04,13:36:00,2025-01-29,3400.0,3400.0,3400.0,3400.0,0,375,0
BANKNIFTY29JAN2557000PE.NFO,2024-12-04,13:37:00,2025-01-29,3400.0,3400.0,3400.0,3400.0,0,375,0
BANKNIFTY29JAN2557000PE.NFO,2024-12-04,13:38:00,2025-01-29,3400.0,3400.0,3400.0,3400.0,0,375,0
BANKNIFTY29JAN2557000PE.NFO,2024-12-04,13:39:00,2025-01-29,3400.0,3400.0,3400.0,3400.0,0,375,0
BANKNIFTY29JAN2557000PE.NFO,2024-12-04,13:40:00,2025-01-29,3400.0,3400.0,3400.0,3400.0,0,375,0
BANKNIFTY29JAN2557000PE.NFO,2024-12-04,13:41:00,2025-01-29,3400.0,3400.0,3400.0,3400.0,0,375,0
BANKNIFTY29JAN2557000PE.NFO,2024-12-04,13:42:00,2025-01-29,3400.0,3400.0,3400.0,3400.0,0,375,0
BANKNIFTY29JAN2557000PE.NFO,2024-12-04,13:43:00,2025-01-29,3400.0,3400.0,3400.0,3400.0,0,375,0
BANKNIFTY29JAN2557000PE.NFO,2024-12-04,13:44:00,2025-01-29,3400.0,3400.0,3400.0,3400.0,0,375,0
BANKNIFTY29JAN2557000PE.NFO,2024-12-04,13:45:00,2025-01-29,3400.0,3400.0,3400.0,3400.0,0,375,0
BANKNIFTY29JAN2557000PE.NFO,2024-12-04,13:46:00,2025-01-29,3400.0,3400.0,3400.0,3400.0,0,375,0
BANKNIFTY29JAN2557000PE.NFO,2024-12-04,13:47:00,2025-01-29,3400.0,3400.0,3400.0,3400.0,0,375,0
BANKNIFTY29JAN2557000PE.NFO,2024-12-04,13:48:00,2025-01-29,3400.0,3400.0,3400.0,3400.0,0,375,0
BANKNIFTY29JAN2557000PE.NFO,2024-12-04,13:49:00,2025-01-29,3400.0,3400.0,3400.0,3400.0,0,375,0
BANKNIFTY29JAN2557000PE.NFO,2024-12-04,13:50:00,2025-01-29,3400.0,3400.0,3400.0,3400.0,0,375,0
BANKNIFTY29JAN2557000PE.NFO,2024-12-04,13:51:00,2025-01-29,3400.0,3400.0,3400.0,3400.0,0,375,0
BANKNIFTY29JAN2557000PE.NFO,2024-12-04,13:52:00,2025-01-29,3400.0,3400.0,3400.0,3400.0,0,375,0
BANKNIFTY29JAN2557000PE.NFO,2024-12-04,13:53:00,2025-01-29,3400.0,3400.0,3400.0,3400.0,0,375,0
BANKNIFTY29JAN2557000PE.NFO,2024-12-04,13:54:00,2025-01-29,3400.0,3400.0,3400.0,3400.0,0,375,0
BANKNIFTY29JAN2557000PE.NFO,2024-12-04,13:55:00,2025-01-29,3400.0,3400.0,3400.0,3400.0,0,375,0
BANKNIFTY29JAN2557000PE.NFO,2024-12-04,13:56:00,2025-01-29,3400.0,3400.0,3400.0,3400.0,0,375,0
BANKNIFTY29JAN2557000PE.NFO,2024-12-04,13:57:00,2025-01-29,3400.0,3400.0,3400.0,3400.0,0,375,0
BANKNIFTY29JAN2557000PE.NFO,2024-12-04,13:58:00,2025-01-29,3400.0,3400.0,3400.0,3400.0,0,375,0
BANKNIFTY29JAN2557000PE.NFO,2024-12-04,13:59:00,2025-01-29,3400.0,3400.0,3230.25,3230.25,45,390,0
BANKNIFTY29JAN2557000PE.NFO,2024-12-04,14:00:00,2025-01-29,3230.25,3232.2,3230.25,3232.2,45,390,0
BANKNIFTY29JAN2557000PE.NFO,2024-12-04,14:01:00,2025-01-29,3232.2,3250.0,3232.2,3250.0,45,480,0
BANKNIFTY29JAN2557000PE.NFO,2024-12-04,14:02:00,2025-01-29,3250.0,3250.0,3240.0,3240.0,30,480,0
BANKNIFTY29JAN2557000PE.NFO,2024-12-04,14:03:00,2025-01-29,3240.0,3240.0,3229.65,3229.65,15,480,0
BANKNIFTY29JAN2557000PE.NFO,2024-12-04,14:04:00,2025-01-29,3229.65,3229.65,3229.65,3229.65,0,480,0
BANKNIFTY29JAN2557000PE.NFO,2024-12-04,14:05:00,2025-01-29,3229.65,3229.65,3229.65,3229.65,0,480,0
BANKNIFTY29JAN2557000PE.NFO,2024-12-04,14:06:00,2025-01-29,3229.65,3229.65,3229.65,3229.65,0,480,0
BANKNIFTY29JAN2557000PE.NFO,2024-12-04,14:07:00,2025-01-29,3229.65,3251.85,3229.65,3251.85,15,570,0
BANKNIFTY29JAN2557000PE.NFO,2024-12-04,14:08:00,2025-01-29,3251.85,3251.85,3251.85,3251.85,0,570,0
BANKNIFTY29JAN2557000PE.NFO,2024-12-04,14:09:00,2025-01-29,3251.85,3251.85,3251.85,3251.85,0,570,0
BANKNIFTY29JAN2557000PE.NFO,2024-12-04,14:10:00,2025-01-29,3251.85,3251.85,3251.85,3251.85,0,570,0
BANKNIFTY29JAN2557000PE.NFO,2024-12-04,14:11:00,2025-01-29,3251.85,3251.85,3251.85,3251.85,0,570,0
BANKNIFTY29JAN2557000PE.NFO,2024-12-04,14:12:00,2025-01-29,3251.85,3251.85,3251.85,3251.85,0,570,0
BANKNIFTY29JAN2557000PE.NFO,2024-12-04,14:13:00,2025-01-29,3251.85,3251.85,3251.85,3251.85,0,570,0
BANKNIFTY29JAN2557000PE.NFO,2024-12-04,14:14:00,2025-01-29,3251.85,3251.85,3251.85,3251.85,0,570,0
BANKNIFTY29JAN2557000PE.NFO,2024-12-04,14:15:00,2025-01-29,3251.85,3251.85,3251.85,3251.85,0,570,0
BANKNIFTY29JAN2557000PE.NFO,2024-12-04,14:16:00,2025-01-29,3251.85,3251.85,3251.85,3251.85,0,570,0
BANKNIFTY29JAN2557000PE.NFO,2024-12-04,14:17:00,2025-01-29,3251.85,3251.85,3251.85,3251.85,0,570,0
BANKNIFTY29JAN2557000PE.NFO,2024-12-04,14:18:00,2025-01-29,3251.85,3251.85,3251.85,3251.85,0,570,0
BANKNIFTY29JAN2557000PE.NFO,2024-12-04,14:19:00,2025-01-29,3251.85,3251.85,3251.85,3251.85,0,570,0
BANKNIFTY29JAN2557000PE.NFO,2024-12-04,14:20:00,2025-01-29,3251.85,3251.85,3251.85,3251.85,0,570,0
BANKNIFTY29JAN2557000PE.NFO,2024-12-04,14:21:00,2025-01-29,3251.85,3251.85,3251.85,3251.85,0,570,0
BANKNIFTY29JAN2557000PE.NFO,2024-12-04,14:22:00,2025-01-29,3251.85,3251.85,3251.85,3251.85,0,570,0
BANKNIFTY29JAN2557000PE.NFO,2024-12-04,14:23:00,2025-01-29,3251.85,3251.85,3251.85,3251.85,0,570,0
BANKNIFTY29JAN2557000PE.NFO,2024-12-04,14:24:00,2025-01-29,3251.85,3251.85,3251.85,3251.85,0,570,0
BANKNIFTY29JAN2557000PE.NFO,2024-12-04,14:25:00,2025-01-29,3251.85,3251.85,3251.85,3251.85,0,570,0
BANKNIFTY29JAN2557000PE.NFO,2024-12-04,14:26:00,2025-01-29,3251.85,3251.85,3251.85,3251.85,0,570,0
BANKNIFTY29JAN2557000PE.NFO,2024-12-04,14:27:00,2025-01-29,3251.85,3251.85,3251.85,3251.85,0,570,0
BANKNIFTY29JAN2557000PE.NFO,2024-12-04,14:28:00,2025-01-29,3251.85,3251.85,3251.85,3251.85,0,570,0
BANKNIFTY29JAN2557000PE.NFO,2024-12-04,14:29:00,2025-01-29,3251.85,3251.85,3251.85,3251.85,0,570,0
BANKNIFTY29JAN2557000PE.NFO,2024-12-04,14:30:00,2025-01-29,3251.85,3251.85,3251.85,3251.85,0,570,0
BANKNIFTY29JAN2557000PE.NFO,2024-12-04,14:31:00,2025-01-29,3251.85,3251.85,3251.85,3251.85,0,570,0
BANKNIFTY29JAN2557000PE.NFO,2024-12-04,14:32:00,2025-01-29,3251.85,3251.85,3251.85,3251.85,0,570,0
BANKNIFTY29JAN2557000PE.NFO,2024-12-04,14:33:00,2025-01-29,3251.85,3251.85,3251.85,3251.85,0,570,0
BANKNIFTY29JAN2557000PE.NFO,2024-12-04,14:34:00,2025-01-29,3251.85,3251.85,3251.85,3251.85,0,570,0
BANKNIFTY29JAN2557000PE.NFO,2024-12-04,14:35:00,2025-01-29,3251.85,3251.85,3251.85,3251.85,0,570,0
BANKNIFTY29JAN2557000PE.NFO,2024-12-04,14:36:00,2025-01-29,3251.85,3251.85,3251.85,3251.85,0,570,0
BANKNIFTY29JAN2557000PE.NFO,2024-12-04,14:37:00,2025-01-29,3251.85,3251.85,3251.85,3251.85,0,570,0
BANKNIFTY29JAN2557000PE.NFO,2024-12-04,14:38:00,2025-01-29,3251.85,3251.85,3251.85,3251.85,0,570,0
BANKNIFTY29JAN2557000PE.NFO,2024-12-04,14:39:00,2025-01-29,3251.85,3251.85,3251.85,3251.85,0,570,0
BANKNIFTY29JAN2557000PE.NFO,2024-12-04,14:40:00,2025-01-29,3251.85,3251.85,3251.85,3251.85,0,570,0
BANKNIFTY29JAN2557000PE.NFO,2024-12-04,14:41:00,2025-01-29,3251.85,3251.85,3251.85,3251.85,0,570,0
BANKNIFTY29JAN2557000PE.NFO,2024-12-04,14:42:00,2025-01-29,3251.85,3251.85,3251.85,3251.85,0,570,0
BANKNIFTY29JAN2557000PE.NFO,2024-12-04,14:43:00,2025-01-29,3251.85,3251.85,3251.85,3251.85,0,570,0
BANKNIFTY29JAN2557000PE.NFO,2024-12-04,14:44:00,2025-01-29,3251.85,3251.85,3251.85,3251.85,0,570,0
BANKNIFTY29JAN2557000PE.NFO,2024-12-04,14:45:00,2025-01-29,3251.85,3251.85,3251.85,3251.85,0,570,0
BANKNIFTY29JAN2557000PE.NFO,2024-12-04,14:46:00,2025-01-29,3251.85,3251.85,3251.85,3251.85,0,570,0
BANKNIFTY29JAN2557000PE.NFO,2024-12-04,14:47:00,2025-01-29,3251.85,3251.85,3251.85,3251.85,0,570,0
BANKNIFTY29JAN2557000PE.NFO,2024-12-04,14:48:00,2025-01-29,3251.85,3251.85,3251.85,3251.85,0,570,0
BANKNIFTY29JAN2557000PE.NFO,2024-12-04,14:49:00,2025-01-29,3251.85,3251.85,3251.85,3251.85,0,570,0
BANKNIFTY29JAN2557000PE.NFO,2024-12-04,14:50:00,2025-01-29,3251.85,3251.85,3251.85,3251.85,0,570,0
BANKNIFTY29JAN2557000PE.NFO,2024-12-04,14:51:00,2025-01-29,3251.85,3251.85,3251.85,3251.85,0,570,0
BANKNIFTY29JAN2557000PE.NFO,2024-12-04,14:52:00,2025-01-29,3251.85,3251.85,3251.85,3251.85,0,570,0
BANKNIFTY29JAN2557000PE.NFO,2024-12-04,14:53:00,2025-01-29,3251.85,3251.85,3251.85,3251.85,0,570,0
BANKNIFTY29JAN2557000PE.NFO,2024-12-04,14:54:00,2025-01-29,3251.85,3251.85,3251.85,3251.85,0,570,0
BANKNIFTY29JAN2557000PE.NFO,2024-12-04,14:55:00,2025-01-29,3251.85,3251.85,3251.85,3251.85,0,570,0
BANKNIFTY29JAN2557000PE.NFO,2024-12-04,14:56:00,2025-01-29,3251.85,3251.85,3251.85,3251.85,0,570,0
BANKNIFTY29JAN2557000PE.NFO,2024-12-04,14:57:00,2025-01-29,3251.85,3251.85,3251.85,3251.85,0,570,0
BANKNIFTY29JAN2557000PE.NFO,2024-12-04,14:58:00,2025-01-29,3251.85,3251.85,3251.85,3251.85,0,570,0
BANKNIFTY29JAN2557000PE.NFO,2024-12-04,14:59:00,2025-01-29,3251.85,3251.85,3251.85,3251.85,0,570,0
BANKNIFTY29JAN2557000PE.NFO,2024-12-04,15:00:00,2025-01-29,3251.85,3251.85,3251.85,3251.85,0,570,0
BANKNIFTY29JAN2557000PE.NFO,2024-12-04,15:01:00,2025-01-29,3251.85,3251.85,3251.85,3251.85,0,570,0
BANKNIFTY29JAN2557000PE.NFO,2024-12-04,15:02:00,2025-01-29,3251.85,3251.85,3251.85,3251.85,0,570,0
BANKNIFTY29JAN2557000PE.NFO,2024-12-04,15:03:00,2025-01-29,3251.85,3251.85,3251.85,3251.85,0,570,0
BANKNIFTY29JAN2557000PE.NFO,2024-12-04,15:04:00,2025-01-29,3251.85,3251.85,3251.85,3251.85,0,570,0
BANKNIFTY29JAN2557000PE.NFO,2024-12-04,15:05:00,2025-01-29,3251.85,3251.85,3251.85,3251.85,0,570,0
BANKNIFTY29JAN2557000PE.NFO,2024-12-04,15:06:00,2025-01-29,3251.85,3251.85,3251.85,3251.85,0,570,0
BANKNIFTY29JAN2557000PE.NFO,2024-12-04,15:07:00,2025-01-29,3251.85,3251.85,3251.85,3251.85,0,570,0
BANKNIFTY29JAN2557000PE.NFO,2024-12-04,15:08:00,2025-01-29,3251.85,3251.85,3251.85,3251.85,0,570,0
BANKNIFTY29JAN2557000PE.NFO,2024-12-04,15:09:00,2025-01-29,3251.85,3251.85,3251.85,3251.85,0,570,0
BANKNIFTY29JAN2557000PE.NFO,2024-12-04,15:10:00,2025-01-29,3251.85,3251.85,3251.85,3251.85,0,570,0
BANKNIFTY29JAN2557000PE.NFO,2024-12-04,15:11:00,2025-01-29,3251.85,3251.85,3251.85,3251.85,0,570,0
BANKNIFTY29JAN2557000PE.NFO,2024-12-04,15:12:00,2025-01-29,3251.85,3251.85,3251.85,3251.85,0,570,0
BANKNIFTY29JAN2557000PE.NFO,2024-12-04,15:13:00,2025-01-29,3251.85,3251.85,3251.85,3251.85,0,570,0
BANKNIFTY29JAN2557000PE.NFO,2024-12-04,15:14:00,2025-01-29,3251.85,3288.4,3251.85,3288.4,15,555,0
BANKNIFTY29JAN2557000PE.NFO,2024-12-04,15:15:00,2025-01-29,3288.4,3288.4,3288.4,3288.4,0,555,0
BANKNIFTY29JAN2557000PE.NFO,2024-12-04,15:16:00,2025-01-29,3288.4,3288.4,3284.6,3284.6,15,555,0
BANKNIFTY29JAN2557000PE.NFO,2024-12-04,15:17:00,2025-01-29,3284.6,3284.6,3284.6,3284.6,0,555,0
BANKNIFTY29JAN2557000PE.NFO,2024-12-04,15:18:00,2025-01-29,3284.6,3284.6,3284.6,3284.6,0,555,0
BANKNIFTY29JAN2557000PE.NFO,2024-12-04,15:19:00,2025-01-29,3284.6,3284.6,3284.6,3284.6,0,555,0
BANKNIFTY29JAN2557000PE.NFO,2024-12-04,15:20:00,2025-01-29,3284.6,3284.6,3284.6,3284.6,0,555,0
BANKNIFTY29JAN2557000PE.NFO,2024-12-04,15:21:00,2025-01-29,3284.6,3284.6,3284.6,3284.6,0,555,0
BANKNIFTY29JAN2557000PE.NFO,2024-12-04,15:22:00,2025-01-29,3284.6,3284.6,3284.6,3284.6,0,555,0
BANKNIFTY29JAN2557000PE.NFO,2024-12-04,15:23:00,2025-01-29,3284.6,3284.6,3284.6,3284.6,0,555,0
BANKNIFTY29JAN2557000PE.NFO,2024-12-04,15:24:00,2025-01-29,3284.6,3284.6,3284.6,3284.6,0,555,0
BANKNIFTY29JAN2557000PE.NFO,2024-12-04,15:25:00,2025-01-29,3284.6,3284.6,3284.6,3284.6,0,555,0
BANKNIFTY29JAN2557000PE.NFO,2024-12-04,15:26:00,2025-01-29,3284.6,3284.6,3284.6,3284.6,0,555,0
BANKNIFTY29JAN2557000PE.NFO,2024-12-04,15:27:00,2025-01-29,3284.6,3284.6,3284.6,3284.6,0,555,0
BANKNIFTY29JAN2557000PE.NFO,2024-12-04,15:28:00,2025-01-29,3284.6,3284.6,3284.6,3284.6,0,555,0
BANKNIFTY29JAN2557000PE.NFO,2024-12-04,15:29:00,2025-01-29,3284.6,3284.6,3284.6,3284.6,0,555,0
BANKNIFTY29JAN2557000PE.NFO,2024-12-04,15:30:00,2025-01-29,3284.6,3284.6,3284.6,3284.6,0,555,1
BANKNIFTY29JAN2557000PE.NFO,2024-12-05,09:15:00,2025-01-29,3295.0,3295.0,3295.0,3295.0,0,0,0
BANKNIFTY29JAN2557000PE.NFO,2024-12-05,09:16:00,2025-01-29,3295.0,3295.0,3295.0,3295.0,0,0,1
BANKNIFTY29JAN2557000PE.NFO,2024-12-05,09:17:00,2025-01-29,3295.0,3295.0,3295.0,3295.0,0,0,1
BANKNIFTY29JAN2557000PE.NFO,2024-12-05,09:18:00,2025-01-29,3295.0,3295.0,3295.0,3295.0,0,0,1
BANKNIFTY29JAN2557000PE.NFO,2024-12-05,09:19:00,2025-01-29,3295.0,3295.0,3295.0,3295.0,0,0,1
BANKNIFTY29JAN2557000PE.NFO,2024-12-05,09:20:00,2025-01-29,3295.0,3295.0,3295.0,3295.0,0,0,1
BANKNIFTY29JAN2557000PE.NFO,2024-12-05,09:21:00,2025-01-29,3295.0,3295.0,3295.0,3295.0,0,0,1
BANKNIFTY29JAN2557000PE.NFO,2024-12-05,09:22:00,2025-01-29,3295.0,3295.0,3295.0,3295.0,0,585,0
BANKNIFTY29JAN2557000PE.NFO,2024-12-05,09:23:00,2025-01-29,3295.0,3295.0,3295.0,3295.0,0,585,0
BANKNIFTY29JAN2557000PE.NFO,2024-12-05,09:24:00,2025-01-29,3295.0,3295.0,3295.0,3295.0,0,585,0
BANKNIFTY29JAN2557000PE.NFO,2024-12-05,09:25:00,2025-01-29,3295.0,3295.0,3295.0,3295.0,0,585,0
BANKNIFTY29JAN2557000PE.NFO,2024-12-05,09:26:00,2025-01-29,3295.0,3295.0,3295.0,3295.0,15,600,0
BANKNIFTY29JAN2557000PE.NFO,2024-12-05,09:27:00,2025-01-29,3295.0,3308.0,3295.0,3308.0,15,600,0
BANKNIFTY29JAN2557000PE.NFO,2024-12-05,09:28:00,2025-01-29,3308.0,3308.0,3308.0,3308.0,0,600,0
BANKNIFTY29JAN2557000PE.NFO,2024-12-05,09:29:00,2025-01-29,3308.0,3308.0,3308.0,3308.0,0,600,0
BANKNIFTY29JAN2557000PE.NFO,2024-12-05,09:30:00,2025-01-29,3308.0,3308.0,3308.0,3308.0,0,600,0
BANKNIFTY29JAN2557000PE.NFO,2024-12-05,09:31:00,2025-01-29,3308.0,3308.0,3308.0,3308.0,0,600,0
BANKNIFTY29JAN2557000PE.NFO,2024-12-05,09:32:00,2025-01-29,3308.0,3308.0,3308.0,3308.0,0,600,0
BANKNIFTY29JAN2557000PE.NFO,2024-12-05,09:33:00,2025-01-29,3308.0,3308.0,3308.0,3308.0,0,600,0
BANKNIFTY29JAN2557000PE.NFO,2024-12-05,09:34:00,2025-01-29,3308.0,3308.0,3308.0,3308.0,0,600,0
BANKNIFTY29JAN2557000PE.NFO,2024-12-05,09:35:00,2025-01-29,3308.0,3308.0,3308.0,3308.0,0,600,0
BANKNIFTY29JAN2557000PE.NFO,2024-12-05,09:36:00,2025-01-29,3308.0,3308.0,3308.0,3308.0,0,600,0
BANKNIFTY29JAN2557000PE.NFO,2024-12-05,09:37:00,2025-01-29,3308.0,3308.0,3308.0,3308.0,0,600,0
BANKNIFTY29JAN2557000PE.NFO,2024-12-05,09:38:00,2025-01-29,3308.0,3308.0,3308.0,3308.0,0,600,0
BANKNIFTY29JAN2557000PE.NFO,2024-12-05,09:39:00,2025-01-29,3308.0,3308.0,3308.0,3308.0,0,600,0
BANKNIFTY29JAN2557000PE.NFO,2024-12-05,09:40:00,2025-01-29,3308.0,3308.0,3308.0,3308.0,0,600,0
BANKNIFTY29JAN2557000PE.NFO,2024-12-05,09:41:00,2025-01-29,3308.0,3308.0,3308.0,3308.0,0,600,0
BANKNIFTY29JAN2557000PE.NFO,2024-12-05,09:42:00,2025-01-29,3308.0,3308.0,3308.0,3308.0,0,600,0
BANKNIFTY29JAN2557000PE.NFO,2024-12-05,09:43:00,2025-01-29,3308.0,3308.0,3308.0,3308.0,0,600,0
BANKNIFTY29JAN2557000PE.NFO,2024-12-05,09:44:00,2025-01-29,3308.0,3308.0,3308.0,3308.0,0,600,0
BANKNIFTY29JAN2557000PE.NFO,2024-12-05,09:45:00,2025-01-29,3308.0,3308.0,3308.0,3308.0,0,600,0
BANKNIFTY29JAN2557000PE.NFO,2024-12-05,09:46:00,2025-01-29,3308.0,3388.0,3308.0,3388.0,15,630,0
BANKNIFTY29JAN2557000PE.NFO,2024-12-05,09:47:00,2025-01-29,3388.0,3388.0,3388.0,3388.0,0,630,0
BANKNIFTY29JAN2557000PE.NFO,2024-12-05,09:48:00,2025-01-29,3388.0,3388.0,3388.0,3388.0,0,630,0
BANKNIFTY29JAN2557000PE.NFO,2024-12-05,09:49:00,2025-01-29,3388.0,3388.0,3388.0,3388.0,0,630,0
BANKNIFTY29JAN2557000PE.NFO,2024-12-05,09:50:00,2025-01-29,3388.0,3447.9,3388.0,3447.9,15,645,0
BANKNIFTY29JAN2557000PE.NFO,2024-12-05,09:51:00,2025-01-29,3447.9,3447.9,3447.9,3447.9,0,645,0
BANKNIFTY29JAN2557000PE.NFO,2024-12-05,09:52:00,2025-01-29,3447.9,3447.9,3447.9,3447.9,0,645,0
BANKNIFTY29JAN2557000PE.NFO,2024-12-05,09:53:00,2025-01-29,3447.9,3447.9,3447.9,3447.9,0,645,0
BANKNIFTY29JAN2557000PE.NFO,2024-12-05,09:54:00,2025-01-29,3447.9,3447.9,3447.9,3447.9,0,645,0
BANKNIFTY29JAN2557000PE.NFO,2024-12-05,09:55:00,2025-01-29,3447.9,3447.9,3447.9,3447.9,0,645,0
BANKNIFTY29JAN2557000PE.NFO,2024-12-05,09:56:00,2025-01-29,3447.9,3447.9,3447.9,3447.9,0,645,0
BANKNIFTY29JAN2557000PE.NFO,2024-12-05,09:57:00,2025-01-29,3447.9,3447.9,3447.9,3447.9,0,645,0
BANKNIFTY29JAN2557000PE.NFO,2024-12-05,09:58:00,2025-01-29,3447.9,3447.9,3447.9,3447.9,0,645,0
BANKNIFTY29JAN2557000PE.NFO,2024-12-05,09:59:00,2025-01-29,3447.9,3447.9,3447.9,3447.9,0,645,0
BANKNIFTY29JAN2557000PE.NFO,2024-12-05,10:00:00,2025-01-29,3447.9,3447.9,3447.9,3447.9,0,645,0
BANKNIFTY29JAN2557000PE.NFO,2024-12-05,10:01:00,2025-01-29,3447.9,3447.9,3447.9,3447.9,0,645,0
BANKNIFTY29JAN2557000PE.NFO,2024-12-05,10:02:00,2025-01-29,3447.9,3447.9,3447.9,3447.9,0,645,0
BANKNIFTY29JAN2557000PE.NFO,2024-12-05,10:03:00,2025-01-29,3447.9,3447.9,3447.9,3447.9,0,645,0
BANKNIFTY29JAN2557000PE.NFO,2024-12-05,10:04:00,2025-01-29,3447.9,3447.9,3447.9,3447.9,0,645,0
BANKNIFTY29JAN2557000PE.NFO,2024-12-05,10:05:00,2025-01-29,3447.9,3447.9,3447.9,3447.9,0,645,0
BANKNIFTY29JAN2557000PE.NFO,2024-12-05,10:06:00,2025-01-29,3447.9,3447.9,3447.9,3447.9,0,645,0
BANKNIFTY29JAN2557000PE.NFO,2024-12-05,10:07:00,2025-01-29,3447.9,3447.9,3447.9,3447.9,0,645,0
BANKNIFTY29JAN2557000PE.NFO,2024-12-05,10:08:00,2025-01-29,3447.9,3447.9,3447.9,3447.9,0,645,0
BANKNIFTY29JAN2557000PE.NFO,2024-12-05,10:09:00,2025-01-29,3447.9,3447.9,3447.9,3447.9,0,645,0
BANKNIFTY29JAN2557000PE.NFO,2024-12-05,10:10:00,2025-01-29,3447.9,3447.9,3447.9,3447.9,0,645,0
BANKNIFTY29JAN2557000PE.NFO,2024-12-05,10:11:00,2025-01-29,3447.9,3447.9,3447.9,3447.9,0,645,0
BANKNIFTY29JAN2557000PE.NFO,2024-12-05,10:12:00,2025-01-29,3447.9,3447.9,3447.9,3447.9,0,645,0
BANKNIFTY29JAN2557000PE.NFO,2024-12-05,10:13:00,2025-01-29,3447.9,3447.9,3447.9,3447.9,0,645,0
BANKNIFTY29JAN2557000PE.NFO,2024-12-05,10:14:00,2025-01-29,3447.9,3447.9,3447.9,3447.9,0,645,0
BANKNIFTY29JAN2557000PE.NFO,2024-12-05,10:15:00,2025-01-29,3447.9,3447.9,3447.9,3447.9,0,645,0
BANKNIFTY29JAN2557000PE.NFO,2024-12-05,10:16:00,2025-01-29,3447.9,3447.9,3447.9,3447.9,0,645,0
BANKNIFTY29JAN2557000PE.NFO,2024-12-05,10:17:00,2025-01-29,3447.9,3447.9,3447.9,3447.9,0,645,0
BANKNIFTY29JAN2557000PE.NFO,2024-12-05,10:18:00,2025-01-29,3447.9,3447.9,3447.9,3447.9,0,645,0
BANKNIFTY29JAN2557000PE.NFO,2024-12-05,10:19:00,2025-01-29,3447.9,3447.9,3447.9,3447.9,0,645,0
BANKNIFTY29JAN2557000PE.NFO,2024-12-05,10:20:00,2025-01-29,3447.9,3447.9,3447.9,3447.9,0,645,0
BANKNIFTY29JAN2557000PE.NFO,2024-12-05,10:21:00,2025-01-29,3447.9,3447.9,3447.9,3447.9,0,645,0
BANKNIFTY29JAN2557000PE.NFO,2024-12-05,10:22:00,2025-01-29,3447.9,3447.9,3447.9,3447.9,0,645,0
BANKNIFTY29JAN2557000PE.NFO,2024-12-05,10:23:00,2025-01-29,3447.9,3447.9,3447.9,3447.9,0,645,0
BANKNIFTY29JAN2557000PE.NFO,2024-12-05,10:24:00,2025-01-29,3447.9,3447.9,3447.9,3447.9,0,645,0
BANKNIFTY29JAN2557000PE.NFO,2024-12-05,10:25:00,2025-01-29,3447.9,3447.9,3447.9,3447.9,0,645,0
BANKNIFTY29JAN2557000PE.NFO,2024-12-05,10:26:00,2025-01-29,3447.9,3447.9,3447.9,3447.9,0,645,0
BANKNIFTY29JAN2557000PE.NFO,2024-12-05,10:27:00,2025-01-29,3447.9,3447.9,3447.9,3447.9,0,645,0
BANKNIFTY29JAN2557000PE.NFO,2024-12-05,10:28:00,2025-01-29,3447.9,3447.9,3447.9,3447.9,0,645,0
BANKNIFTY29JAN2557000PE.NFO,2024-12-05,10:29:00,2025-01-29,3447.9,3447.9,3447.9,3447.9,0,645,0
BANKNIFTY29JAN2557000PE.NFO,2024-12-05,10:30:00,2025-01-29,3447.9,3447.9,3447.9,3447.9,0,645,0
BANKNIFTY29JAN2557000PE.NFO,2024-12-05,10:31:00,2025-01-29,3447.9,3447.9,3447.9,3447.9,0,645,0
BANKNIFTY29JAN2557000PE.NFO,2024-12-05,10:32:00,2025-01-29,3447.9,3447.9,3447.9,3447.9,0,645,0
BANKNIFTY29JAN2557000PE.NFO,2024-12-05,10:33:00,2025-01-29,3447.9,3447.9,3447.9,3447.9,0,645,0
BANKNIFTY29JAN2557000PE.NFO,2024-12-05,10:34:00,2025-01-29,3447.9,3447.9,3447.9,3447.9,0,645,0
BANKNIFTY29JAN2557000PE.NFO,2024-12-05,10:35:00,2025-01-29,3447.9,3447.9,3447.9,3447.9,0,645,0
BANKNIFTY29JAN2557000PE.NFO,2024-12-05,10:36:00,2025-01-29,3447.9,3447.9,3447.9,3447.9,0,645,0
BANKNIFTY29JAN2557000PE.NFO,2024-12-05,10:37:00,2025-01-29,3447.9,3447.9,3447.9,3447.9,0,645,0
BANKNIFTY29JAN2557000PE.NFO,2024-12-05,10:38:00,2025-01-29,3447.9,3447.9,3447.9,3447.9,0,645,0
BANKNIFTY29JAN2557000PE.NFO,2024-12-05,10:39:00,2025-01-29,3447.9,3447.9,3447.9,3447.9,0,645,0
BANKNIFTY29JAN2557000PE.NFO,2024-12-05,10:40:00,2025-01-29,3447.9,3447.9,3447.9,3447.9,0,645,0
BANKNIFTY29JAN2557000PE.NFO,2024-12-05,10:41:00,2025-01-29,3447.9,3447.9,3447.9,3447.9,0,645,0
BANKNIFTY29JAN2557000PE.NFO,2024-12-05,10:42:00,2025-01-29,3447.9,3447.9,3447.9,3447.9,0,645,0
BANKNIFTY29JAN2557000PE.NFO,2024-12-05,10:43:00,2025-01-29,3447.9,3447.9,3447.9,3447.9,0,645,0
BANKNIFTY29JAN2557000PE.NFO,2024-12-05,10:44:00,2025-01-29,3447.9,3447.9,3447.9,3447.9,0,645,0
BANKNIFTY29JAN2557000PE.NFO,2024-12-05,10:45:00,2025-01-29,3447.9,3447.9,3447.9,3447.9,0,645,0
BANKNIFTY29JAN2557000PE.NFO,2024-12-05,10:46:00,2025-01-29,3447.9,3447.9,3447.9,3447.9,0,645,0
BANKNIFTY29JAN2557000PE.NFO,2024-12-05,10:47:00,2025-01-29,3447.9,3447.9,3447.9,3447.9,0,645,0
BANKNIFTY29JAN2557000PE.NFO,2024-12-05,10:48:00,2025-01-29,3447.9,3447.9,3447.9,3447.9,0,645,0
BANKNIFTY29JAN2557000PE.NFO,2024-12-05,10:49:00,2025-01-29,3447.9,3447.9,3447.9,3447.9,0,645,0
BANKNIFTY29JAN2557000PE.NFO,2024-12-05,10:50:00,2025-01-29,3447.9,3447.9,3447.9,3447.9,0,645,0
BANKNIFTY29JAN2557000PE.NFO,2024-12-05,10:51:00,2025-01-29,3447.9,3447.9,3447.9,3447.9,0,645,0
BANKNIFTY29JAN2557000PE.NFO,2024-12-05,10:52:00,2025-01-29,3447.9,3447.9,3447.9,3447.9,0,645,0
BANKNIFTY29JAN2557000PE.NFO,2024-12-05,10:53:00,2025-01-29,3447.9,3447.9,3447.9,3447.9,0,645,0
BANKNIFTY29JAN2557000PE.NFO,2024-12-05,10:54:00,2025-01-29,3447.9,3447.9,3447.9,3447.9,0,645,0
BANKNIFTY29JAN2557000PE.NFO,2024-12-05,10:55:00,2025-01-29,3447.9,3447.9,3447.9,3447.9,0,645,0
BANKNIFTY29JAN2557000PE.NFO,2024-12-05,10:56:00,2025-01-29,3447.9,3447.9,3447.9,3447.9,0,645,0
BANKNIFTY29JAN2557000PE.NFO,2024-12-05,10:57:00,2025-01-29,3447.9,3447.9,3447.9,3447.9,0,645,0
BANKNIFTY29JAN2557000PE.NFO,2024-12-05,10:58:00,2025-01-29,3447.9,3447.9,3447.9,3447.9,0,645,0
BANKNIFTY29JAN2557000PE.NFO,2024-12-05,10:59:00,2025-01-29,3447.9,3447.9,3447.9,3447.9,0,645,0
BANKNIFTY29JAN2557000PE.NFO,2024-12-05,11:00:00,2025-01-29,3447.9,3447.9,3447.9,3447.9,0,645,0
BANKNIFTY29JAN2557000PE.NFO,2024-12-05,11:01:00,2025-01-29,3447.9,3447.9,3447.9,3447.9,0,645,0
BANKNIFTY29JAN2557000PE.NFO,2024-12-05,11:02:00,2025-01-29,3447.9,3447.9,3447.9,3447.9,0,645,0
BANKNIFTY29JAN2557000PE.NFO,2024-12-05,11:03:00,2025-01-29,3447.9,3447.9,3447.9,3447.9,0,645,0
BANKNIFTY29JAN2557000PE.NFO,2024-12-05,11:04:00,2025-01-29,3447.9,3447.9,3447.9,3447.9,0,645,0
BANKNIFTY29JAN2557000PE.NFO,2024-12-05,11:05:00,2025-01-29,3447.9,3447.9,3447.9,3447.9,0,645,0
BANKNIFTY29JAN2557000PE.NFO,2024-12-05,11:06:00,2025-01-29,3447.9,3447.9,3447.9,3447.9,0,645,0
BANKNIFTY29JAN2557000PE.NFO,2024-12-05,11:07:00,2025-01-29,3447.9,3447.9,3447.9,3447.9,0,645,0
BANKNIFTY29JAN2557000PE.NFO,2024-12-05,11:08:00,2025-01-29,3447.9,3447.9,3447.9,3447.9,0,645,0
BANKNIFTY29JAN2557000PE.NFO,2024-12-05,11:09:00,2025-01-29,3447.9,3447.9,3447.9,3447.9,0,645,0
BANKNIFTY29JAN2557000PE.NFO,2024-12-05,11:10:00,2025-01-29,3447.9,3447.9,3447.9,3447.9,0,645,0
BANKNIFTY29JAN2557000PE.NFO,2024-12-05,11:11:00,2025-01-29,3447.9,3447.9,3447.9,3447.9,0,645,0
BANKNIFTY29JAN2557000PE.NFO,2024-12-05,11:12:00,2025-01-29,3447.9,3447.9,3447.9,3447.9,0,645,0
BANKNIFTY29JAN2557000PE.NFO,2024-12-05,11:13:00,2025-01-29,3447.9,3447.9,3447.9,3447.9,0,645,0
BANKNIFTY29JAN2557000PE.NFO,2024-12-05,11:14:00,2025-01-29,3447.9,3447.9,3447.9,3447.9,0,645,0
BANKNIFTY29JAN2557000PE.NFO,2024-12-05,11:15:00,2025-01-29,3447.9,3447.9,3447.9,3447.9,0,645,0
BANKNIFTY29JAN2557000PE.NFO,2024-12-05,11:16:00,2025-01-29,3447.9,3447.9,3447.9,3447.9,0,645,0
BANKNIFTY29JAN2557000PE.NFO,2024-12-05,11:17:00,2025-01-29,3447.9,3447.9,3447.9,3447.9,0,645,0
BANKNIFTY29JAN2557000PE.NFO,2024-12-05,11:18:00,2025-01-29,3447.9,3447.9,3447.9,3447.9,0,645,0
BANKNIFTY29JAN2557000PE.NFO,2024-12-05,11:19:00,2025-01-29,3447.9,3447.9,3447.9,3447.9,0,645,0
BANKNIFTY29JAN2557000PE.NFO,2024-12-05,11:20:00,2025-01-29,3447.9,3447.9,3447.9,3447.9,0,645,0
BANKNIFTY29JAN2557000PE.NFO,2024-12-05,11:21:00,2025-01-29,3447.9,3447.9,3447.9,3447.9,0,645,0
BANKNIFTY29JAN2557000PE.NFO,2024-12-05,11:22:00,2025-01-29,3447.9,3447.9,3447.9,3447.9,0,645,0
BANKNIFTY29JAN2557000PE.NFO,2024-12-05,11:23:00,2025-01-29,3447.9,3447.9,3447.9,3447.9,0,645,0
BANKNIFTY29JAN2557000PE.NFO,2024-12-05,11:24:00,2025-01-29,3447.9,3447.9,3447.9,3447.9,0,645,0
BANKNIFTY29JAN2557000PE.NFO,2024-12-05,11:25:00,2025-01-29,3447.9,3447.9,3447.9,3447.9,0,645,0
BANKNIFTY29JAN2557000PE.NFO,2024-12-05,11:26:00,2025-01-29,3447.9,3447.9,3447.9,3447.9,0,645,0
BANKNIFTY29JAN2557000PE.NFO,2024-12-05,11:27:00,2025-01-29,3447.9,3447.9,3447.9,3447.9,0,645,0
BANKNIFTY29JAN2557000PE.NFO,2024-12-05,11:28:00,2025-01-29,3447.9,3447.9,3447.9,3447.9,0,645,0
BANKNIFTY29JAN2557000PE.NFO,2024-12-05,11:29:00,2025-01-29,3447.9,3447.9,3447.9,3447.9,0,645,0
BANKNIFTY29JAN2557000PE.NFO,2024-12-05,11:30:00,2025-01-29,3447.9,3447.9,3447.9,3447.9,0,645,0
BANKNIFTY29JAN2557000PE.NFO,2024-12-05,11:31:00,2025-01-29,3447.9,3447.9,3447.9,3447.9,0,645,0
BANKNIFTY29JAN2557000PE.NFO,2024-12-05,11:32:00,2025-01-29,3447.9,3447.9,3447.9,3447.9,0,645,0
BANKNIFTY29JAN2557000PE.NFO,2024-12-05,11:33:00,2025-01-29,3447.9,3447.9,3447.9,3447.9,0,645,0
BANKNIFTY29JAN2557000PE.NFO,2024-12-05,11:34:00,2025-01-29,3447.9,3447.9,3447.9,3447.9,0,645,0
BANKNIFTY29JAN2557000PE.NFO,2024-12-05,11:35:00,2025-01-29,3447.9,3447.9,3447.9,3447.9,0,645,0
BANKNIFTY29JAN2557000PE.NFO,2024-12-05,11:36:00,2025-01-29,3447.9,3447.9,3447.9,3447.9,0,645,0
BANKNIFTY29JAN2557000PE.NFO,2024-12-05,11:37:00,2025-01-29,3447.9,3447.9,3447.9,3447.9,0,645,0
BANKNIFTY29JAN2557000PE.NFO,2024-12-05,11:38:00,2025-01-29,3447.9,3447.9,3447.9,3447.9,0,645,0
BANKNIFTY29JAN2557000PE.NFO,2024-12-05,11:39:00,2025-01-29,3447.9,3447.9,3447.9,3447.9,0,645,0
BANKNIFTY29JAN2557000PE.NFO,2024-12-05,11:40:00,2025-01-29,3447.9,3447.9,3447.9,3447.9,0,645,0
BANKNIFTY29JAN2557000PE.NFO,2024-12-05,11:41:00,2025-01-29,3447.9,3447.9,3447.9,3447.9,0,645,0
BANKNIFTY29JAN2557000PE.NFO,2024-12-05,11:42:00,2025-01-29,3447.9,3447.9,3447.9,3447.9,0,645,0
BANKNIFTY29JAN2557000PE.NFO,2024-12-05,11:43:00,2025-01-29,3447.9,3447.9,3447.9,3447.9,0,645,0
BANKNIFTY29JAN2557000PE.NFO,2024-12-05,11:44:00,2025-01-29,3447.9,3447.9,3447.9,3447.9,0,645,0
BANKNIFTY29JAN2557000PE.NFO,2024-12-05,11:45:00,2025-01-29,3447.9,3447.9,3447.9,3447.9,0,645,0
BANKNIFTY29JAN2557000PE.NFO,2024-12-05,11:46:00,2025-01-29,3447.9,3447.9,3447.9,3447.9,0,645,0
BANKNIFTY29JAN2557000PE.NFO,2024-12-05,11:47:00,2025-01-29,3447.9,3447.9,3447.9,3447.9,0,645,0
BANKNIFTY29JAN2557000PE.NFO,2024-12-05,11:48:00,2025-01-29,3447.9,3447.9,3447.9,3447.9,0,645,0
BANKNIFTY29JAN2557000PE.NFO,2024-12-05,11:49:00,2025-01-29,3447.9,3447.9,3447.9,3447.9,0,645,0
BANKNIFTY29JAN2557000PE.NFO,2024-12-05,11:50:00,2025-01-29,3447.9,3447.9,3447.9,3447.9,0,645,0
BANKNIFTY29JAN2557000PE.NFO,2024-12-05,11:51:00,2025-01-29,3447.9,3447.9,3447.9,3447.9,0,645,0
BANKNIFTY29JAN2557000PE.NFO,2024-12-05,11:52:00,2025-01-29,3447.9,3447.9,3447.9,3447.9,0,645,0
BANKNIFTY29JAN2557000PE.NFO,2024-12-05,11:53:00,2025-01-29,3447.9,3447.9,3447.9,3447.9,0,645,0
BANKNIFTY29JAN2557000PE.NFO,2024-12-05,11:54:00,2025-01-29,3447.9,3447.9,3447.9,3447.9,0,645,0
BANKNIFTY29JAN2557000PE.NFO,2024-12-05,11:55:00,2025-01-29,3447.9,3447.9,3447.9,3447.9,0,645,0
BANKNIFTY29JAN2557000PE.NFO,2024-12-05,11:56:00,2025-01-29,3447.9,3447.9,3447.9,3447.9,0,645,0
BANKNIFTY29JAN2557000PE.NFO,2024-12-05,11:57:00,2025-01-29,3447.9,3447.9,3447.9,3447.9,0,645,0
BANKNIFTY29JAN2557000PE.NFO,2024-12-05,11:58:00,2025-01-29,3447.9,3447.9,3447.9,3447.9,0,645,0
BANKNIFTY29JAN2557000PE.NFO,2024-12-05,11:59:00,2025-01-29,3447.9,3447.9,3447.9,3447.9,0,645,0
BANKNIFTY29JAN2557000PE.NFO,2024-12-05,12:00:00,2025-01-29,3447.9,3447.9,3447.9,3447.9,0,645,0
BANKNIFTY29JAN2557000PE.NFO,2024-12-05,12:01:00,2025-01-29,3447.9,3447.9,3447.9,3447.9,0,645,0
BANKNIFTY29JAN2557000PE.NFO,2024-12-05,12:02:00,2025-01-29,3447.9,3447.9,3447.9,3447.9,0,645,0
BANKNIFTY29JAN2557000PE.NFO,2024-12-05,12:03:00,2025-01-29,3447.9,3447.9,3447.9,3447.9,0,645,0
BANKNIFTY29JAN2557000PE.NFO,2024-12-05,12:04:00,2025-01-29,3447.9,3447.9,3447.9,3447.9,0,645,0
BANKNIFTY29JAN2557000PE.NFO,2024-12-05,12:05:00,2025-01-29,3447.9,3447.9,3447.9,3447.9,0,645,0
BANKNIFTY29JAN2557000PE.NFO,2024-12-05,12:06:00,2025-01-29,3447.9,3447.9,3447.9,3447.9,0,645,0
BANKNIFTY29JAN2557000PE.NFO,2024-12-05,12:07:00,2025-01-29,3447.9,3447.9,3447.9,3447.9,0,645,0
BANKNIFTY29JAN2557000PE.NFO,2024-12-05,12:08:00,2025-01-29,3447.9,3447.9,3447.9,3447.9,0,645,0
BANKNIFTY29JAN2557000PE.NFO,2024-12-05,12:09:00,2025-01-29,3447.9,3447.9,3447.9,3447.9,0,645,0
BANKNIFTY29JAN2557000PE.NFO,2024-12-05,12:10:00,2025-01-29,3447.9,3447.9,3447.9,3447.9,0,645,0
BANKNIFTY29JAN2557000PE.NFO,2024-12-05,12:11:00,2025-01-29,3447.9,3447.9,3447.9,3447.9,0,645,0
BANKNIFTY29JAN2557000PE.NFO,2024-12-05,12:12:00,2025-01-29,3447.9,3447.9,3447.9,3447.9,0,645,0
BANKNIFTY29JAN2557000PE.NFO,2024-12-05,12:13:00,2025-01-29,3447.9,3447.9,3447.9,3447.9,0,645,0
BANKNIFTY29JAN2557000PE.NFO,2024-12-05,12:14:00,2025-01-29,3447.9,3447.9,3447.9,3447.9,0,645,0
BANKNIFTY29JAN2557000PE.NFO,2024-12-05,12:15:00,2025-01-29,3447.9,3447.9,3447.9,3447.9,0,645,0
BANKNIFTY29JAN2557000PE.NFO,2024-12-05,12:16:00,2025-01-29,3447.9,3447.9,3447.9,3447.9,0,645,0
BANKNIFTY29JAN2557000PE.NFO,2024-12-05,12:17:00,2025-01-29,3447.9,3447.9,3447.9,3447.9,0,645,0
BANKNIFTY29JAN2557000PE.NFO,2024-12-05,12:18:00,2025-01-29,3447.9,3447.9,3447.9,3447.9,0,645,0
BANKNIFTY29JAN2557000PE.NFO,2024-12-05,12:19:00,2025-01-29,3447.9,3447.9,3447.9,3447.9,0,645,0
BANKNIFTY29JAN2557000PE.NFO,2024-12-05,12:20:00,2025-01-29,3447.9,3447.9,3447.9,3447.9,0,645,0
BANKNIFTY29JAN2557000PE.NFO,2024-12-05,12:21:00,2025-01-29,3447.9,3447.9,3447.9,3447.9,0,645,0
BANKNIFTY29JAN2557000PE.NFO,2024-12-05,12:22:00,2025-01-29,3447.9,3447.9,3447.9,3447.9,0,645,0
BANKNIFTY29JAN2557000PE.NFO,2024-12-05,12:23:00,2025-01-29,3447.9,3447.9,3447.9,3447.9,0,645,0
BANKNIFTY29JAN2557000PE.NFO,2024-12-05,12:24:00,2025-01-29,3447.9,3447.9,3447.9,3447.9,0,645,0
BANKNIFTY29JAN2557000PE.NFO,2024-12-05,12:25:00,2025-01-29,3447.9,3447.9,3447.9,3447.9,0,645,0
BANKNIFTY29JAN2557000PE.NFO,2024-12-05,12:26:00,2025-01-29,3447.9,3447.9,3013.05,3013.05,30,645,0
BANKNIFTY29JAN2557000PE.NFO,2024-12-05,12:27:00,2025-01-29,3013.05,3087.05,3013.05,3087.05,90,645,0
BANKNIFTY29JAN2557000PE.NFO,2024-12-05,12:28:00,2025-01-29,3087.05,3087.05,3087.05,3087.05,0,645,0
BANKNIFTY29JAN2557000PE.NFO,2024-12-05,12:29:00,2025-01-29,3087.05,3087.05,3087.05,3087.05,0,645,0
BANKNIFTY29JAN2557000PE.NFO,2024-12-05,12:30:00,2025-01-29,3087.05,3087.05,3087.05,3087.05,0,645,0
BANKNIFTY29JAN2557000PE.NFO,2024-12-05,12:31:00,2025-01-29,3087.05,3087.05,3087.05,3087.05,0,645,0
BANKNIFTY29JAN2557000PE.NFO,2024-12-05,12:32:00,2025-01-29,3087.05,3087.05,3087.05,3087.05,0,645,0
BANKNIFTY29JAN2557000PE.NFO,2024-12-05,12:33:00,2025-01-29,3087.05,3087.05,3013.0,3013.0,30,675,0
BANKNIFTY29JAN2557000PE.NFO,2024-12-05,12:34:00,2025-01-29,3013.0,3013.0,3013.0,3013.0,0,675,0
BANKNIFTY29JAN2557000PE.NFO,2024-12-05,12:35:00,2025-01-29,3013.0,3013.0,3013.0,3013.0,0,675,0
BANKNIFTY29JAN2557000PE.NFO,2024-12-05,12:36:00,2025-01-29,3013.0,3016.8,3013.0,3016.8,15,705,0
BANKNIFTY29JAN2557000PE.NFO,2024-12-05,12:37:00,2025-01-29,3016.8,3016.8,3016.8,3016.8,0,705,0
BANKNIFTY29JAN2557000PE.NFO,2024-12-05,12:38:00,2025-01-29,3016.8,3016.8,3016.8,3016.8,0,705,0
BANKNIFTY29JAN2557000PE.NFO,2024-12-05,12:39:00,2025-01-29,3016.8,3016.8,3016.8,3016.8,0,705,0
BANKNIFTY29JAN2557000PE.NFO,2024-12-05,12:40:00,2025-01-29,3016.8,3016.8,3016.8,3016.8,0,705,0
BANKNIFTY29JAN2557000PE.NFO,2024-12-05,12:41:00,2025-01-29,3016.8,3016.8,3016.8,3016.8,0,705,0
BANKNIFTY29JAN2557000PE.NFO,2024-12-05,12:42:00,2025-01-29,3016.8,3016.8,3016.8,3016.8,0,705,0
BANKNIFTY29JAN2557000PE.NFO,2024-12-05,12:43:00,2025-01-29,3016.8,3016.8,3016.8,3016.8,0,705,0
BANKNIFTY29JAN2557000PE.NFO,2024-12-05,12:44:00,2025-01-29,3016.8,3060.0,3016.8,3060.0,90,720,0
BANKNIFTY29JAN2557000PE.NFO,2024-12-05,12:45:00,2025-01-29,3060.0,3060.0,3060.0,3060.0,0,720,0
BANKNIFTY29JAN2557000PE.NFO,2024-12-05,12:46:00,2025-01-29,3060.0,3060.0,3060.0,3060.0,0,720,0
BANKNIFTY29JAN2557000PE.NFO,2024-12-05,12:47:00,2025-01-29,3060.0,3060.0,3060.0,3060.0,0,720,0
BANKNIFTY29JAN2557000PE.NFO,2024-12-05,12:48:00,2025-01-29,3060.0,3060.0,3060.0,3060.0,0,720,0
BANKNIFTY29JAN2557000PE.NFO,2024-12-05,12:49:00,2025-01-29,3060.0,3060.0,3060.0,3060.0,0,720,0
BANKNIFTY29JAN2557000PE.NFO,2024-12-05,12:50:00,2025-01-29,3060.0,3060.0,3060.0,3060.0,0,720,0
BANKNIFTY29JAN2557000PE.NFO,2024-12-05,12:51:00,2025-01-29,3060.0,3060.0,3060.0,3060.0,0,720,0
BANKNIFTY29JAN2557000PE.NFO,2024-12-05,12:52:00,2025-01-29,3060.0,3060.0,3060.0,3060.0,0,720,0
BANKNIFTY29JAN2557000PE.NFO,2024-12-05,12:53:00,2025-01-29,3060.0,3060.0,3060.0,3060.0,0,720,0
BANKNIFTY29JAN2557000PE.NFO,2024-12-05,12:54:00,2025-01-29,3060.0,3060.0,3060.0,3060.0,0,720,0
BANKNIFTY29JAN2557000PE.NFO,2024-12-05,12:55:00,2025-01-29,3060.0,3060.0,3060.0,3060.0,0,720,0
BANKNIFTY29JAN2557000PE.NFO,2024-12-05,12:56:00,2025-01-29,3060.0,3060.0,3060.0,3060.0,0,720,0
BANKNIFTY29JAN2557000PE.NFO,2024-12-05,12:57:00,2025-01-29,3060.0,3060.0,3060.0,3060.0,0,720,0
BANKNIFTY29JAN2557000PE.NFO,2024-12-05,12:58:00,2025-01-29,3060.0,3060.0,3060.0,3060.0,0,720,0
BANKNIFTY29JAN2557000PE.NFO,2024-12-05,12:59:00,2025-01-29,3060.0,3060.0,3060.0,3060.0,0,720,0
BANKNIFTY29JAN2557000PE.NFO,2024-12-05,13:00:00,2025-01-29,3060.0,3060.0,3060.0,3060.0,0,720,0
BANKNIFTY29JAN2557000PE.NFO,2024-12-05,13:01:00,2025-01-29,3060.0,3060.0,3060.0,3060.0,0,720,0
BANKNIFTY29JAN2557000PE.NFO,2024-12-05,13:02:00,2025-01-29,3060.0,3060.0,3060.0,3060.0,0,720,0
BANKNIFTY29JAN2557000PE.NFO,2024-12-05,13:03:00,2025-01-29,3060.0,3060.0,3060.0,3060.0,0,720,0
BANKNIFTY29JAN2557000PE.NFO,2024-12-05,13:04:00,2025-01-29,3060.0,3060.0,3060.0,3060.0,0,720,0
BANKNIFTY29JAN2557000PE.NFO,2024-12-05,13:05:00,2025-01-29,3060.0,3060.0,3060.0,3060.0,0,720,0
BANKNIFTY29JAN2557000PE.NFO,2024-12-05,13:06:00,2025-01-29,3060.0,3060.0,3060.0,3060.0,0,720,0
BANKNIFTY29JAN2557000PE.NFO,2024-12-05,13:07:00,2025-01-29,3060.0,3060.0,3060.0,3060.0,0,720,0
BANKNIFTY29JAN2557000PE.NFO,2024-12-05,13:08:00,2025-01-29,3060.0,3060.0,3060.0,3060.0,0,720,0
BANKNIFTY29JAN2557000PE.NFO,2024-12-05,13:09:00,2025-01-29,3060.0,3060.0,3060.0,3060.0,0,720,0
BANKNIFTY29JAN2557000PE.NFO,2024-12-05,13:10:00,2025-01-29,3060.0,3060.0,3060.0,3060.0,0,720,0
BANKNIFTY29JAN2557000PE.NFO,2024-12-05,13:11:00,2025-01-29,3060.0,3060.0,3060.0,3060.0,0,720,0
BANKNIFTY29JAN2557000PE.NFO,2024-12-05,13:12:00,2025-01-29,3060.0,3060.0,3060.0,3060.0,0,720,0
BANKNIFTY29JAN2557000PE.NFO,2024-12-05,13:13:00,2025-01-29,3060.0,3060.0,3025.0,3025.0,15,720,0
BANKNIFTY29JAN2557000PE.NFO,2024-12-05,13:14:00,2025-01-29,3025.0,3025.0,3025.0,3025.0,0,720,0
BANKNIFTY29JAN2557000PE.NFO,2024-12-05,13:15:00,2025-01-29,3025.0,3025.0,3025.0,3025.0,0,720,0
BANKNIFTY29JAN2557000PE.NFO,2024-12-05,13:16:00,2025-01-29,3025.0,3025.0,3025.0,3025.0,0,720,0
BANKNIFTY29JAN2557000PE.NFO,2024-12-05,13:17:00,2025-01-29,3025.0,3025.0,3025.0,3025.0,0,720,0
BANKNIFTY29JAN2557000PE.NFO,2024-12-05,13:18:00,2025-01-29,3025.0,3025.0,3025.0,3025.0,0,720,0
BANKNIFTY29JAN2557000PE.NFO,2024-12-05,13:19:00,2025-01-29,3025.0,3025.0,3025.0,3025.0,0,720,0
BANKNIFTY29JAN2557000PE.NFO,2024-12-05,13:20:00,2025-01-29,3025.0,3025.0,3025.0,3025.0,0,720,0
BANKNIFTY29JAN2557000PE.NFO,2024-12-05,13:21:00,2025-01-29,3025.0,3025.0,3025.0,3025.0,0,720,0
BANKNIFTY29JAN2557000PE.NFO,2024-12-05,13:22:00,2025-01-29,3025.0,3025.0,3025.0,3025.0,0,720,0
BANKNIFTY29JAN2557000PE.NFO,2024-12-05,13:23:00,2025-01-29,3025.0,3025.0,3025.0,3025.0,0,720,0
BANKNIFTY29JAN2557000PE.NFO,2024-12-05,13:24:00,2025-01-29,3025.0,3025.0,3025.0,3025.0,0,720,0
BANKNIFTY29JAN2557000PE.NFO,2024-12-05,13:25:00,2025-01-29,3025.0,3060.0,3025.0,3060.0,15,735,0
BANKNIFTY29JAN2557000PE.NFO,2024-12-05,13:26:00,2025-01-29,3060.0,3060.0,3060.0,3060.0,0,735,0
BANKNIFTY29JAN2557000PE.NFO,2024-12-05,13:27:00,2025-01-29,3060.0,3060.0,3060.0,3060.0,0,735,0
BANKNIFTY29JAN2557000PE.NFO,2024-12-05,13:28:00,2025-01-29,3060.0,3060.0,3060.0,3060.0,0,735,0
BANKNIFTY29JAN2557000PE.NFO,2024-12-05,13:29:00,2025-01-29,3060.0,3060.0,3060.0,3060.0,0,735,0
BANKNIFTY29JAN2557000PE.NFO,2024-12-05,13:30:00,2025-01-29,3060.0,3060.0,3060.0,3060.0,0,735,0
BANKNIFTY29JAN2557000PE.NFO,2024-12-05,13:31:00,2025-01-29,3060.0,3060.0,3060.0,3060.0,0,735,0
BANKNIFTY29JAN2557000PE.NFO,2024-12-05,13:32:00,2025-01-29,3060.0,3060.0,3060.0,3060.0,0,735,0
BANKNIFTY29JAN2557000PE.NFO,2024-12-05,13:33:00,2025-01-29,3060.0,3060.0,3060.0,3060.0,0,735,0
BANKNIFTY29JAN2557000PE.NFO,2024-12-05,13:34:00,2025-01-29,3060.0,3060.0,3060.0,3060.0,0,735,0
BANKNIFTY29JAN2557000PE.NFO,2024-12-05,13:35:00,2025-01-29,3060.0,3060.0,3060.0,3060.0,0,735,0
BANKNIFTY29JAN2557000PE.NFO,2024-12-05,13:36:00,2025-01-29,3060.0,3060.0,3060.0,3060.0,0,735,0
BANKNIFTY29JAN2557000PE.NFO,2024-12-05,13:37:00,2025-01-29,3060.0,3060.0,3060.0,3060.0,0,735,0
BANKNIFTY29JAN2557000PE.NFO,2024-12-05,13:38:00,2025-01-29,3060.0,3060.0,3060.0,3060.0,0,735,0
BANKNIFTY29JAN2557000PE.NFO,2024-12-05,13:39:00,2025-01-29,3060.0,3060.0,3060.0,3060.0,0,735,0
BANKNIFTY29JAN2557000PE.NFO,2024-12-05,13:40:00,2025-01-29,3060.0,3060.0,3060.0,3060.0,0,735,0
BANKNIFTY29JAN2557000PE.NFO,2024-12-05,13:41:00,2025-01-29,3060.0,3060.0,3060.0,3060.0,0,735,0
BANKNIFTY29JAN2557000PE.NFO,2024-12-05,13:42:00,2025-01-29,3060.0,3060.0,3060.0,3060.0,0,735,0
BANKNIFTY29JAN2557000PE.NFO,2024-12-05,13:43:00,2025-01-29,3060.0,3060.0,3060.0,3060.0,0,735,0
BANKNIFTY29JAN2557000PE.NFO,2024-12-05,13:44:00,2025-01-29,3060.0,3060.0,3060.0,3060.0,0,735,0
BANKNIFTY29JAN2557000PE.NFO,2024-12-05,13:45:00,2025-01-29,3060.0,3060.0,3060.0,3060.0,0,735,0
BANKNIFTY29JAN2557000PE.NFO,2024-12-05,13:46:00,2025-01-29,3060.0,3060.0,3060.0,3060.0,0,735,0
BANKNIFTY29JAN2557000PE.NFO,2024-12-05,13:47:00,2025-01-29,3060.0,3060.0,3060.0,3060.0,0,735,0
BANKNIFTY29JAN2557000PE.NFO,2024-12-05,13:48:00,2025-01-29,3060.0,3060.0,3060.0,3060.0,0,735,0
BANKNIFTY29JAN2557000PE.NFO,2024-12-05,13:49:00,2025-01-29,3060.0,3060.0,3060.0,3060.0,0,735,0
BANKNIFTY29JAN2557000PE.NFO,2024-12-05,13:50:00,2025-01-29,3060.0,3060.0,3060.0,3060.0,0,735,0
BANKNIFTY29JAN2557000PE.NFO,2024-12-05,13:51:00,2025-01-29,3060.0,3060.0,3060.0,3060.0,0,735,0
BANKNIFTY29JAN2557000PE.NFO,2024-12-05,13:52:00,2025-01-29,3060.0,3060.0,3060.0,3060.0,0,735,0
BANKNIFTY29JAN2557000PE.NFO,2024-12-05,13:53:00,2025-01-29,3060.0,3060.0,3060.0,3060.0,0,735,0
BANKNIFTY29JAN2557000PE.NFO,2024-12-05,13:54:00,2025-01-29,3060.0,3060.0,3060.0,3060.0,0,735,0
BANKNIFTY29JAN2557000PE.NFO,2024-12-05,13:55:00,2025-01-29,3060.0,3060.0,3060.0,3060.0,0,735,0
BANKNIFTY29JAN2557000PE.NFO,2024-12-05,13:56:00,2025-01-29,3060.0,3060.0,3060.0,3060.0,0,735,0
BANKNIFTY29JAN2557000PE.NFO,2024-12-05,13:57:00,2025-01-29,3060.0,3060.0,3060.0,3060.0,0,735,0
BANKNIFTY29JAN2557000PE.NFO,2024-12-05,13:58:00,2025-01-29,3060.0,3060.0,3060.0,3060.0,0,735,0
BANKNIFTY29JAN2557000PE.NFO,2024-12-05,13:59:00,2025-01-29,3060.0,3060.0,3060.0,3060.0,0,735,0
BANKNIFTY29JAN2557000PE.NFO,2024-12-05,14:00:00,2025-01-29,3060.0,3060.0,3060.0,3060.0,0,735,0
BANKNIFTY29JAN2557000PE.NFO,2024-12-05,14:01:00,2025-01-29,3060.0,3060.0,3060.0,3060.0,0,735,0
BANKNIFTY29JAN2557000PE.NFO,2024-12-05,14:02:00,2025-01-29,3060.0,3060.0,3060.0,3060.0,0,735,0
BANKNIFTY29JAN2557000PE.NFO,2024-12-05,14:03:00,2025-01-29,3060.0,3060.0,3060.0,3060.0,0,735,0
BANKNIFTY29JAN2557000PE.NFO,2024-12-05,14:04:00,2025-01-29,3060.0,3060.0,3060.0,3060.0,0,735,0
BANKNIFTY29JAN2557000PE.NFO,2024-12-05,14:05:00,2025-01-29,3060.0,3060.0,3060.0,3060.0,0,735,0
BANKNIFTY29JAN2557000PE.NFO,2024-12-05,14:06:00,2025-01-29,3060.0,3060.0,3060.0,3060.0,0,735,0
BANKNIFTY29JAN2557000PE.NFO,2024-12-05,14:07:00,2025-01-29,3060.0,3060.0,3060.0,3060.0,0,735,0
BANKNIFTY29JAN2557000PE.NFO,2024-12-05,14:08:00,2025-01-29,3060.0,3060.0,3060.0,3060.0,0,735,0
BANKNIFTY29JAN2557000PE.NFO,2024-12-05,14:09:00,2025-01-29,3060.0,3060.0,3060.0,3060.0,0,735,0
BANKNIFTY29JAN2557000PE.NFO,2024-12-05,14:10:00,2025-01-29,3060.0,3060.0,3060.0,3060.0,0,735,0
BANKNIFTY29JAN2557000PE.NFO,2024-12-05,14:11:00,2025-01-29,3060.0,3060.0,3060.0,3060.0,0,735,0
BANKNIFTY29JAN2557000PE.NFO,2024-12-05,14:12:00,2025-01-29,3060.0,3060.0,3060.0,3060.0,0,735,0
BANKNIFTY29JAN2557000PE.NFO,2024-12-05,14:13:00,2025-01-29,3060.0,3060.0,3060.0,3060.0,0,735,0
BANKNIFTY29JAN2557000PE.NFO,2024-12-05,14:14:00,2025-01-29,3060.0,3060.0,3060.0,3060.0,0,735,0
BANKNIFTY29JAN2557000PE.NFO,2024-12-05,14:15:00,2025-01-29,3060.0,3060.0,3060.0,3060.0,0,735,0
BANKNIFTY29JAN2557000PE.NFO,2024-12-05,14:16:00,2025-01-29,3060.0,3060.0,3060.0,3060.0,0,735,0
BANKNIFTY29JAN2557000PE.NFO,2024-12-05,14:17:00,2025-01-29,3060.0,3060.0,3060.0,3060.0,0,735,0
BANKNIFTY29JAN2557000PE.NFO,2024-12-05,14:18:00,2025-01-29,3060.0,3060.0,3060.0,3060.0,0,735,0
BANKNIFTY29JAN2557000PE.NFO,2024-12-05,14:19:00,2025-01-29,3060.0,3060.0,3060.0,3060.0,0,735,0
BANKNIFTY29JAN2557000PE.NFO,2024-12-05,14:20:00,2025-01-29,3060.0,3060.0,3060.0,3060.0,0,735,0
BANKNIFTY29JAN2557000PE.NFO,2024-12-05,14:21:00,2025-01-29,3060.0,3060.0,3060.0,3060.0,0,735,0
BANKNIFTY29JAN2557000PE.NFO,2024-12-05,14:22:00,2025-01-29,3060.0,3060.0,3060.0,3060.0,0,735,0
BANKNIFTY29JAN2557000PE.NFO,2024-12-05,14:23:00,2025-01-29,3060.0,3060.0,3060.0,3060.0,0,735,0
BANKNIFTY29JAN2557000PE.NFO,2024-12-05,14:24:00,2025-01-29,3060.0,3060.0,3060.0,3060.0,0,735,0
BANKNIFTY29JAN2557000PE.NFO,2024-12-05,14:25:00,2025-01-29,3060.0,3060.0,3060.0,3060.0,0,735,0
BANKNIFTY29JAN2557000PE.NFO,2024-12-05,14:26:00,2025-01-29,3060.0,3060.0,3060.0,3060.0,0,735,0
BANKNIFTY29JAN2557000PE.NFO,2024-12-05,14:27:00,2025-01-29,3060.0,3060.0,3060.0,3060.0,0,735,0
BANKNIFTY29JAN2557000PE.NFO,2024-12-05,14:28:00,2025-01-29,3060.0,3060.0,3060.0,3060.0,0,735,0
BANKNIFTY29JAN2557000PE.NFO,2024-12-05,14:29:00,2025-01-29,3060.0,3060.0,3060.0,3060.0,0,735,0
BANKNIFTY29JAN2557000PE.NFO,2024-12-05,14:30:00,2025-01-29,3060.0,3060.0,3060.0,3060.0,0,735,0
BANKNIFTY29JAN2557000PE.NFO,2024-12-05,14:31:00,2025-01-29,3060.0,3060.0,3060.0,3060.0,0,735,0
BANKNIFTY29JAN2557000PE.NFO,2024-12-05,14:32:00,2025-01-29,3060.0,3060.0,3060.0,3060.0,0,735,0
BANKNIFTY29JAN2557000PE.NFO,2024-12-05,14:33:00,2025-01-29,3060.0,3060.0,3060.0,3060.0,0,735,0
BANKNIFTY29JAN2557000PE.NFO,2024-12-05,14:34:00,2025-01-29,3060.0,3060.0,3060.0,3060.0,0,735,0
BANKNIFTY29JAN2557000PE.NFO,2024-12-05,14:35:00,2025-01-29,3060.0,3060.0,3060.0,3060.0,0,735,0
BANKNIFTY29JAN2557000PE.NFO,2024-12-05,14:36:00,2025-01-29,3060.0,3060.0,3060.0,3060.0,0,735,0
BANKNIFTY29JAN2557000PE.NFO,2024-12-05,14:37:00,2025-01-29,3060.0,3060.0,3060.0,3060.0,0,735,0
BANKNIFTY29JAN2557000PE.NFO,2024-12-05,14:38:00,2025-01-29,3060.0,3060.0,3060.0,3060.0,0,735,0
BANKNIFTY29JAN2557000PE.NFO,2024-12-05,14:39:00,2025-01-29,3060.0,3060.0,3060.0,3060.0,0,735,0
BANKNIFTY29JAN2557000PE.NFO,2024-12-05,14:40:00,2025-01-29,3060.0,3060.0,3060.0,3060.0,0,735,0
BANKNIFTY29JAN2557000PE.NFO,2024-12-05,14:41:00,2025-01-29,3060.0,3060.0,3060.0,3060.0,0,735,0
BANKNIFTY29JAN2557000PE.NFO,2024-12-05,14:42:00,2025-01-29,3060.0,3060.0,3060.0,3060.0,0,735,0
BANKNIFTY29JAN2557000PE.NFO,2024-12-05,14:43:00,2025-01-29,3060.0,3060.0,3060.0,3060.0,0,735,0
BANKNIFTY29JAN2557000PE.NFO,2024-12-05,14:44:00,2025-01-29,3060.0,3060.0,3060.0,3060.0,0,735,0
BANKNIFTY29JAN2557000PE.NFO,2024-12-05,14:45:00,2025-01-29,3060.0,3060.0,3060.0,3060.0,0,735,0
BANKNIFTY29JAN2557000PE.NFO,2024-12-05,14:46:00,2025-01-29,3060.0,3060.0,3060.0,3060.0,0,735,0
BANKNIFTY29JAN2557000PE.NFO,2024-12-05,14:47:00,2025-01-29,3060.0,3060.0,3060.0,3060.0,0,735,0
BANKNIFTY29JAN2557000PE.NFO,2024-12-05,14:48:00,2025-01-29,3060.0,3060.0,3060.0,3060.0,0,735,0
BANKNIFTY29JAN2557000PE.NFO,2024-12-05,14:49:00,2025-01-29,3060.0,3060.0,3060.0,3060.0,0,735,0
BANKNIFTY29JAN2557000PE.NFO,2024-12-05,14:50:00,2025-01-29,3060.0,3060.0,3060.0,3060.0,0,735,0
BANKNIFTY29JAN2557000PE.NFO,2024-12-05,14:51:00,2025-01-29,3060.0,3060.0,3029.55,3029.55,15,750,0
BANKNIFTY29JAN2557000PE.NFO,2024-12-05,14:52:00,2025-01-29,3029.55,3029.55,3029.55,3029.55,0,750,0
BANKNIFTY29JAN2557000PE.NFO,2024-12-05,14:53:00,2025-01-29,3029.55,3029.55,3029.55,3029.55,0,750,0
BANKNIFTY29JAN2557000PE.NFO,2024-12-05,14:54:00,2025-01-29,3029.55,3029.55,3029.55,3029.55,0,750,0
BANKNIFTY29JAN2557000PE.NFO,2024-12-05,14:55:00,2025-01-29,3029.55,3029.55,3029.55,3029.55,0,750,0
BANKNIFTY29JAN2557000PE.NFO,2024-12-05,14:56:00,2025-01-29,3029.55,3029.55,3029.55,3029.55,0,750,0
BANKNIFTY29JAN2557000PE.NFO,2024-12-05,14:57:00,2025-01-29,3029.55,3029.55,3029.55,3029.55,0,750,0
BANKNIFTY29JAN2557000PE.NFO,2024-12-05,14:58:00,2025-01-29,3029.55,3029.55,3029.55,3029.55,0,750,0
BANKNIFTY29JAN2557000PE.NFO,2024-12-05,14:59:00,2025-01-29,3029.55,3029.55,3029.55,3029.55,0,750,0
BANKNIFTY29JAN2557000PE.NFO,2024-12-05,15:00:00,2025-01-29,3029.55,3029.55,3029.55,3029.55,0,750,0
BANKNIFTY29JAN2557000PE.NFO,2024-12-05,15:01:00,2025-01-29,3029.55,3029.55,3029.55,3029.55,0,750,0
BANKNIFTY29JAN2557000PE.NFO,2024-12-05,15:02:00,2025-01-29,3029.55,3029.55,3029.55,3029.55,0,750,0
BANKNIFTY29JAN2557000PE.NFO,2024-12-05,15:03:00,2025-01-29,3029.55,3029.55,3029.55,3029.55,0,750,0
BANKNIFTY29JAN2557000PE.NFO,2024-12-05,15:04:00,2025-01-29,3029.55,3053.05,3029.55,3053.05,15,750,0
BANKNIFTY29JAN2557000PE.NFO,2024-12-05,15:05:00,2025-01-29,3053.05,3053.05,3053.05,3053.05,0,750,0
BANKNIFTY29JAN2557000PE.NFO,2024-12-05,15:06:00,2025-01-29,3053.05,3053.05,3053.05,3053.05,0,750,0
BANKNIFTY29JAN2557000PE.NFO,2024-12-05,15:07:00,2025-01-29,3053.05,3053.05,3053.05,3053.05,0,750,0
BANKNIFTY29JAN2557000PE.NFO,2024-12-05,15:08:00,2025-01-29,3053.05,3053.05,3053.05,3053.05,0,750,0
BANKNIFTY29JAN2557000PE.NFO,2024-12-05,15:09:00,2025-01-29,3053.05,3053.05,3053.05,3053.05,0,750,0
BANKNIFTY29JAN2557000PE.NFO,2024-12-05,15:10:00,2025-01-29,3053.05,3053.05,3053.05,3053.05,0,750,0
BANKNIFTY29JAN2557000PE.NFO,2024-12-05,15:11:00,2025-01-29,3053.05,3053.05,3053.05,3053.05,0,750,0
BANKNIFTY29JAN2557000PE.NFO,2024-12-05,15:12:00,2025-01-29,3053.05,3053.05,3053.05,3053.05,0,750,0
BANKNIFTY29JAN2557000PE.NFO,2024-12-05,15:13:00,2025-01-29,3053.05,3053.05,3053.05,3053.05,0,750,0
BANKNIFTY29JAN2557000PE.NFO,2024-12-05,15:14:00,2025-01-29,3053.05,3053.05,3053.05,3053.05,0,750,0
BANKNIFTY29JAN2557000PE.NFO,2024-12-05,15:15:00,2025-01-29,3053.05,3053.05,3053.05,3053.05,0,750,0
BANKNIFTY29JAN2557000PE.NFO,2024-12-05,15:16:00,2025-01-29,3053.05,3053.05,3053.05,3053.05,0,750,0
BANKNIFTY29JAN2557000PE.NFO,2024-12-05,15:17:00,2025-01-29,3053.05,3053.05,3053.05,3053.05,0,750,0
BANKNIFTY29JAN2557000PE.NFO,2024-12-05,15:18:00,2025-01-29,3053.05,3053.05,3053.05,3053.05,0,750,0
BANKNIFTY29JAN2557000PE.NFO,2024-12-05,15:19:00,2025-01-29,3053.05,3053.05,3053.05,3053.05,0,750,0
BANKNIFTY29JAN2557000PE.NFO,2024-12-05,15:20:00,2025-01-29,3053.05,3053.05,3053.05,3053.05,0,750,0
BANKNIFTY29JAN2557000PE.NFO,2024-12-05,15:21:00,2025-01-29,3053.05,3053.05,3053.05,3053.05,0,750,0
BANKNIFTY29JAN2557000PE.NFO,2024-12-05,15:22:00,2025-01-29,3053.05,3053.05,3053.05,3053.05,0,750,0
BANKNIFTY29JAN2557000PE.NFO,2024-12-05,15:23:00,2025-01-29,3053.05,3053.05,3053.05,3053.05,0,750,0
BANKNIFTY29JAN2557000PE.NFO,2024-12-05,15:24:00,2025-01-29,3053.05,3053.05,3053.05,3053.05,0,750,0
BANKNIFTY29JAN2557000PE.NFO,2024-12-05,15:25:00,2025-01-29,3053.05,3053.05,3053.05,3053.05,0,750,0
BANKNIFTY29JAN2557000PE.NFO,2024-12-05,15:26:00,2025-01-29,3053.05,3053.05,3053.05,3053.05,0,750,0
BANKNIFTY29JAN2557000PE.NFO,2024-12-05,15:27:00,2025-01-29,3053.05,3053.05,3053.05,3053.05,0,750,0
BANKNIFTY29JAN2557000PE.NFO,2024-12-05,15:28:00,2025-01-29,3053.05,3053.05,3053.05,3053.05,0,750,0
BANKNIFTY29JAN2557000PE.NFO,2024-12-05,15:29:00,2025-01-29,3053.05,3053.05,3053.05,3053.05,0,750,0
BANKNIFTY29JAN2557000PE.NFO,2024-12-05,15:30:00,2025-01-29,3053.05,3053.05,3053.05,3053.05,0,750,1
BANKNIFTY29JAN2557000PE.NFO,2024-12-06,09:15:00,2025-01-29,3049.45,3049.45,3049.45,3049.45,0,0,0
BANKNIFTY29JAN2557000PE.NFO,2024-12-06,09:16:00,2025-01-29,3049.45,3049.45,3049.45,3049.45,0,0,1
BANKNIFTY29JAN2557000PE.NFO,2024-12-06,09:17:00,2025-01-29,3049.45,3049.45,3049.45,3049.45,0,0,1
BANKNIFTY29JAN2557000PE.NFO,2024-12-06,09:18:00,2025-01-29,3049.45,3049.45,3049.45,3049.45,0,0,1
BANKNIFTY29JAN2557000PE.NFO,2024-12-06,09:19:00,2025-01-29,3049.45,3049.45,3049.45,3049.45,0,765,0
BANKNIFTY29JAN2557000PE.NFO,2024-12-06,09:20:00,2025-01-29,3049.45,3049.45,3049.45,3049.45,0,765,0
BANKNIFTY29JAN2557000PE.NFO,2024-12-06,09:21:00,2025-01-29,3049.45,3049.45,3049.45,3049.45,0,765,0
BANKNIFTY29JAN2557000PE.NFO,2024-12-06,09:22:00,2025-01-29,3049.45,3049.45,3049.45,3049.45,0,765,0
BANKNIFTY29JAN2557000PE.NFO,2024-12-06,09:23:00,2025-01-29,3049.45,3049.45,3049.45,3049.45,0,765,0
BANKNIFTY29JAN2557000PE.NFO,2024-12-06,09:24:00,2025-01-29,3049.45,3049.45,3049.45,3049.45,0,765,0
BANKNIFTY29JAN2557000PE.NFO,2024-12-06,09:25:00,2025-01-29,3049.45,3049.45,3049.45,3049.45,0,765,0
BANKNIFTY29JAN2557000PE.NFO,2024-12-06,09:26:00,2025-01-29,3049.45,3049.45,3049.45,3049.45,0,765,0
BANKNIFTY29JAN2557000PE.NFO,2024-12-06,09:27:00,2025-01-29,3049.45,3049.45,3049.45,3049.45,0,765,0
BANKNIFTY29JAN2557000PE.NFO,2024-12-06,09:28:00,2025-01-29,3049.45,3049.45,3035.95,3035.95,30,765,0
BANKNIFTY29JAN2557000PE.NFO,2024-12-06,09:29:00,2025-01-29,3035.95,3035.95,3035.95,3035.95,0,765,0
BANKNIFTY29JAN2557000PE.NFO,2024-12-06,09:30:00,2025-01-29,3035.95,3035.95,3035.95,3035.95,0,765,0
BANKNIFTY29JAN2557000PE.NFO,2024-12-06,09:31:00,2025-01-29,3035.95,3035.95,3035.95,3035.95,0,765,0
BANKNIFTY29JAN2557000PE.NFO,2024-12-06,09:32:00,2025-01-29,3035.95,3035.95,3035.95,3035.95,0,765,0
BANKNIFTY29JAN2557000PE.NFO,2024-12-06,09:33:00,2025-01-29,3035.95,3035.95,3035.95,3035.95,0,765,0
BANKNIFTY29JAN2557000PE.NFO,2024-12-06,09:34:00,2025-01-29,3035.95,3035.95,3035.95,3035.95,0,765,0
BANKNIFTY29JAN2557000PE.NFO,2024-12-06,09:35:00,2025-01-29,3035.95,3035.95,3035.95,3035.95,0,765,0
BANKNIFTY29JAN2557000PE.NFO,2024-12-06,09:36:00,2025-01-29,3035.95,3035.95,3035.95,3035.95,0,765,0
BANKNIFTY29JAN2557000PE.NFO,2024-12-06,09:37:00,2025-01-29,3035.95,3035.95,3035.95,3035.95,0,765,0
BANKNIFTY29JAN2557000PE.NFO,2024-12-06,09:38:00,2025-01-29,3035.95,3035.95,3035.95,3035.95,0,765,0
BANKNIFTY29JAN2557000PE.NFO,2024-12-06,09:39:00,2025-01-29,3035.95,3035.95,3035.95,3035.95,0,765,0
BANKNIFTY29JAN2557000PE.NFO,2024-12-06,09:40:00,2025-01-29,3035.95,3035.95,3035.95,3035.95,0,765,0
BANKNIFTY29JAN2557000PE.NFO,2024-12-06,09:41:00,2025-01-29,3035.95,3035.95,3035.95,3035.95,0,765,0
BANKNIFTY29JAN2557000PE.NFO,2024-12-06,09:42:00,2025-01-29,3035.95,3035.95,3035.95,3035.95,0,765,0
BANKNIFTY29JAN2557000PE.NFO,2024-12-06,09:43:00,2025-01-29,3035.95,3035.95,3035.95,3035.95,0,765,0
BANKNIFTY29JAN2557000PE.NFO,2024-12-06,09:44:00,2025-01-29,3035.95,3035.95,3035.95,3035.95,0,765,0
BANKNIFTY29JAN2557000PE.NFO,2024-12-06,09:45:00,2025-01-29,3035.95,3035.95,3035.95,3035.95,0,765,0
BANKNIFTY29JAN2557000PE.NFO,2024-12-06,09:46:00,2025-01-29,3035.95,3035.95,3035.95,3035.95,0,765,0
BANKNIFTY29JAN2557000PE.NFO,2024-12-06,09:47:00,2025-01-29,3035.95,3035.95,3035.95,3035.95,0,765,0
BANKNIFTY29JAN2557000PE.NFO,2024-12-06,09:48:00,2025-01-29,3035.95,3035.95,3035.95,3035.95,0,765,0
BANKNIFTY29JAN2557000PE.NFO,2024-12-06,09:49:00,2025-01-29,3035.95,3035.95,3035.95,3035.95,120,765,0
BANKNIFTY29JAN2557000PE.NFO,2024-12-06,09:50:00,2025-01-29,3035.95,3035.95,3035.95,3035.95,0,765,0
BANKNIFTY29JAN2557000PE.NFO,2024-12-06,09:51:00,2025-01-29,3035.95,3035.95,3035.95,3035.95,0,765,0
BANKNIFTY29JAN2557000PE.NFO,2024-12-06,09:52:00,2025-01-29,3035.95,3035.95,3035.95,3035.95,0,765,0
BANKNIFTY29JAN2557000PE.NFO,2024-12-06,09:53:00,2025-01-29,3035.95,3035.95,3035.95,3035.95,0,765,0
BANKNIFTY29JAN2557000PE.NFO,2024-12-06,09:54:00,2025-01-29,3035.95,3035.95,3035.95,3035.95,0,765,0
BANKNIFTY29JAN2557000PE.NFO,2024-12-06,09:55:00,2025-01-29,3035.95,3035.95,3035.95,3035.95,0,765,0
BANKNIFTY29JAN2557000PE.NFO,2024-12-06,09:56:00,2025-01-29,3035.95,3035.95,3035.95,3035.95,0,765,0
BANKNIFTY29JAN2557000PE.NFO,2024-12-06,09:57:00,2025-01-29,3035.95,3035.95,3035.95,3035.95,0,765,0
BANKNIFTY29JAN2557000PE.NFO,2024-12-06,09:58:00,2025-01-29,3035.95,3035.95,3035.95,3035.95,0,765,0
BANKNIFTY29JAN2557000PE.NFO,2024-12-06,09:59:00,2025-01-29,3035.95,3035.95,3035.95,3035.95,0,765,0
BANKNIFTY29JAN2557000PE.NFO,2024-12-06,10:00:00,2025-01-29,3035.95,3035.95,3035.95,3035.95,0,765,0
BANKNIFTY29JAN2557000PE.NFO,2024-12-06,10:01:00,2025-01-29,3035.95,3035.95,3035.95,3035.95,0,765,0
BANKNIFTY29JAN2557000PE.NFO,2024-12-06,10:02:00,2025-01-29,3035.95,3035.95,3035.95,3035.95,0,765,0
BANKNIFTY29JAN2557000PE.NFO,2024-12-06,10:03:00,2025-01-29,3035.95,3035.95,3035.95,3035.95,0,765,0
BANKNIFTY29JAN2557000PE.NFO,2024-12-06,10:04:00,2025-01-29,3035.95,3035.95,3035.95,3035.95,0,765,0
BANKNIFTY29JAN2557000PE.NFO,2024-12-06,10:05:00,2025-01-29,3035.95,3035.95,3035.95,3035.95,0,765,0
BANKNIFTY29JAN2557000PE.NFO,2024-12-06,10:06:00,2025-01-29,3035.95,3035.95,3035.95,3035.95,0,765,0
BANKNIFTY29JAN2557000PE.NFO,2024-12-06,10:07:00,2025-01-29,3035.95,3035.95,3035.95,3035.95,0,765,0
BANKNIFTY29JAN2557000PE.NFO,2024-12-06,10:08:00,2025-01-29,3035.95,3035.95,3035.95,3035.95,0,765,0
BANKNIFTY29JAN2557000PE.NFO,2024-12-06,10:09:00,2025-01-29,3035.95,3035.95,3035.95,3035.95,0,765,0
BANKNIFTY29JAN2557000PE.NFO,2024-12-06,10:10:00,2025-01-29,3035.95,3035.95,3035.95,3035.95,0,765,0
BANKNIFTY29JAN2557000PE.NFO,2024-12-06,10:11:00,2025-01-29,3035.95,3035.95,3035.95,3035.95,0,765,0
BANKNIFTY29JAN2557000PE.NFO,2024-12-06,10:12:00,2025-01-29,3035.95,3035.95,3035.95,3035.95,0,765,0
BANKNIFTY29JAN2557000PE.NFO,2024-12-06,10:13:00,2025-01-29,3035.95,3035.95,3035.95,3035.95,0,765,0
BANKNIFTY29JAN2557000PE.NFO,2024-12-06,10:14:00,2025-01-29,3035.95,3035.95,3035.95,3035.95,0,765,0
BANKNIFTY29JAN2557000PE.NFO,2024-12-06,10:15:00,2025-01-29,3035.95,3035.95,3035.95,3035.95,0,765,0
BANKNIFTY29JAN2557000PE.NFO,2024-12-06,10:16:00,2025-01-29,3035.95,3035.95,3035.95,3035.95,0,765,0
BANKNIFTY29JAN2557000PE.NFO,2024-12-06,10:17:00,2025-01-29,3035.95,3035.95,3035.95,3035.95,0,765,0
BANKNIFTY29JAN2557000PE.NFO,2024-12-06,10:18:00,2025-01-29,3035.95,3035.95,3035.95,3035.95,0,765,0
BANKNIFTY29JAN2557000PE.NFO,2024-12-06,10:19:00,2025-01-29,3035.95,3035.95,3035.95,3035.95,0,765,0
BANKNIFTY29JAN2557000PE.NFO,2024-12-06,10:20:00,2025-01-29,3035.95,3035.95,3035.95,3035.95,0,765,0
BANKNIFTY29JAN2557000PE.NFO,2024-12-06,10:21:00,2025-01-29,3035.95,3035.95,3035.95,3035.95,0,765,0
BANKNIFTY29JAN2557000PE.NFO,2024-12-06,10:22:00,2025-01-29,3035.95,3056.7,3035.95,3056.7,15,765,0
BANKNIFTY29JAN2557000PE.NFO,2024-12-06,10:23:00,2025-01-29,3056.7,3056.7,3056.7,3056.7,0,765,0
BANKNIFTY29JAN2557000PE.NFO,2024-12-06,10:24:00,2025-01-29,3056.7,3056.7,3056.7,3056.7,0,765,0
BANKNIFTY29JAN2557000PE.NFO,2024-12-06,10:25:00,2025-01-29,3056.7,3056.7,3056.7,3056.7,0,765,0
BANKNIFTY29JAN2557000PE.NFO,2024-12-06,10:26:00,2025-01-29,3056.7,3056.7,3056.7,3056.7,0,765,0
BANKNIFTY29JAN2557000PE.NFO,2024-12-06,10:27:00,2025-01-29,3056.7,3056.7,3056.7,3056.7,0,765,0
BANKNIFTY29JAN2557000PE.NFO,2024-12-06,10:28:00,2025-01-29,3056.7,3056.7,3056.7,3056.7,0,765,0
BANKNIFTY29JAN2557000PE.NFO,2024-12-06,10:29:00,2025-01-29,3056.7,3056.7,3056.7,3056.7,0,765,0
BANKNIFTY29JAN2557000PE.NFO,2024-12-06,10:30:00,2025-01-29,3056.7,3056.7,3056.7,3056.7,0,765,0
BANKNIFTY29JAN2557000PE.NFO,2024-12-06,10:31:00,2025-01-29,3056.7,3056.7,3056.7,3056.7,0,765,0
BANKNIFTY29JAN2557000PE.NFO,2024-12-06,10:32:00,2025-01-29,3056.7,3056.7,3056.7,3056.7,0,765,0
BANKNIFTY29JAN2557000PE.NFO,2024-12-06,10:33:00,2025-01-29,3056.7,3056.7,3005.55,3005.55,15,780,0
BANKNIFTY29JAN2557000PE.NFO,2024-12-06,10:34:00,2025-01-29,3005.55,3005.55,3005.55,3005.55,0,780,0
BANKNIFTY29JAN2557000PE.NFO,2024-12-06,10:35:00,2025-01-29,3005.55,3005.55,3005.55,3005.55,0,780,0
BANKNIFTY29JAN2557000PE.NFO,2024-12-06,10:36:00,2025-01-29,3005.55,3005.55,3005.55,3005.55,0,780,0
BANKNIFTY29JAN2557000PE.NFO,2024-12-06,10:37:00,2025-01-29,3005.55,3005.55,3005.55,3005.55,0,780,0
BANKNIFTY29JAN2557000PE.NFO,2024-12-06,10:38:00,2025-01-29,3005.55,3005.55,3005.55,3005.55,0,780,0
BANKNIFTY29JAN2557000PE.NFO,2024-12-06,10:39:00,2025-01-29,3005.55,3005.55,3005.55,3005.55,0,780,0
BANKNIFTY29JAN2557000PE.NFO,2024-12-06,10:40:00,2025-01-29,3005.55,3005.55,3005.55,3005.55,0,780,0
BANKNIFTY29JAN2557000PE.NFO,2024-12-06,10:41:00,2025-01-29,3005.55,3005.55,3005.55,3005.55,0,780,0
BANKNIFTY29JAN2557000PE.NFO,2024-12-06,10:42:00,2025-01-29,3005.55,3005.55,3005.55,3005.55,0,780,0
BANKNIFTY29JAN2557000PE.NFO,2024-12-06,10:43:00,2025-01-29,3005.55,3005.55,3005.55,3005.55,0,780,0
BANKNIFTY29JAN2557000PE.NFO,2024-12-06,10:44:00,2025-01-29,3005.55,3005.55,3005.55,3005.55,0,780,0
BANKNIFTY29JAN2557000PE.NFO,2024-12-06,10:45:00,2025-01-29,3005.55,3005.55,3005.55,3005.55,0,780,0
BANKNIFTY29JAN2557000PE.NFO,2024-12-06,10:46:00,2025-01-29,3005.55,3005.55,3005.55,3005.55,0,780,0
BANKNIFTY29JAN2557000PE.NFO,2024-12-06,10:47:00,2025-01-29,3005.55,3005.55,3005.55,3005.55,0,780,0
BANKNIFTY29JAN2557000PE.NFO,2024-12-06,10:48:00,2025-01-29,3005.55,3005.55,3005.55,3005.55,0,780,0
BANKNIFTY29JAN2557000PE.NFO,2024-12-06,10:49:00,2025-01-29,3005.55,3005.55,3005.55,3005.55,0,780,0
BANKNIFTY29JAN2557000PE.NFO,2024-12-06,10:50:00,2025-01-29,3005.55,3005.55,3005.55,3005.55,0,780,0
BANKNIFTY29JAN2557000PE.NFO,2024-12-06,10:51:00,2025-01-29,3005.55,3005.55,3005.55,3005.55,0,780,0
BANKNIFTY29JAN2557000PE.NFO,2024-12-06,10:52:00,2025-01-29,3005.55,3005.55,3005.55,3005.55,0,780,0
BANKNIFTY29JAN2557000PE.NFO,2024-12-06,10:53:00,2025-01-29,3005.55,3005.55,3005.55,3005.55,0,780,0
BANKNIFTY29JAN2557000PE.NFO,2024-12-06,10:54:00,2025-01-29,3005.55,3005.55,3005.55,3005.55,0,780,0
BANKNIFTY29JAN2557000PE.NFO,2024-12-06,10:55:00,2025-01-29,3005.55,3005.55,3005.55,3005.55,0,780,0
BANKNIFTY29JAN2557000PE.NFO,2024-12-06,10:56:00,2025-01-29,3005.55,3005.55,3005.55,3005.55,0,780,0
BANKNIFTY29JAN2557000PE.NFO,2024-12-06,10:57:00,2025-01-29,3005.55,3005.55,3005.55,3005.55,0,780,0
BANKNIFTY29JAN2557000PE.NFO,2024-12-06,10:58:00,2025-01-29,3005.55,3005.55,3005.55,3005.55,0,780,0
BANKNIFTY29JAN2557000PE.NFO,2024-12-06,10:59:00,2025-01-29,3005.55,3005.55,3005.55,3005.55,0,780,0
BANKNIFTY29JAN2557000PE.NFO,2024-12-06,11:00:00,2025-01-29,3005.55,3005.55,3005.55,3005.55,0,780,0
BANKNIFTY29JAN2557000PE.NFO,2024-12-06,11:01:00,2025-01-29,3005.55,3005.55,3005.55,3005.55,0,780,0
BANKNIFTY29JAN2557000PE.NFO,2024-12-06,11:02:00,2025-01-29,3005.55,3005.55,3005.55,3005.55,0,780,0
BANKNIFTY29JAN2557000PE.NFO,2024-12-06,11:03:00,2025-01-29,3005.55,3005.55,2871.7,2871.7,15,780,0
BANKNIFTY29JAN2557000PE.NFO,2024-12-06,11:04:00,2025-01-29,2871.7,2871.7,2871.7,2871.7,0,780,0
BANKNIFTY29JAN2557000PE.NFO,2024-12-06,11:05:00,2025-01-29,2871.7,2917.15,2871.7,2917.15,15,780,0
BANKNIFTY29JAN2557000PE.NFO,2024-12-06,11:06:00,2025-01-29,2917.15,2917.15,2917.15,2917.15,0,780,0
BANKNIFTY29JAN2557000PE.NFO,2024-12-06,11:07:00,2025-01-29,2917.15,2917.15,2917.15,2917.15,0,780,0
BANKNIFTY29JAN2557000PE.NFO,2024-12-06,11:08:00,2025-01-29,2917.15,2917.15,2917.15,2917.15,0,780,0
BANKNIFTY29JAN2557000PE.NFO,2024-12-06,11:09:00,2025-01-29,2917.15,2917.15,2917.15,2917.15,0,780,0
BANKNIFTY29JAN2557000PE.NFO,2024-12-06,11:10:00,2025-01-29,2917.15,2917.15,2917.15,2917.15,0,780,0
BANKNIFTY29JAN2557000PE.NFO,2024-12-06,11:11:00,2025-01-29,2917.15,2917.15,2917.15,2917.15,0,780,0
BANKNIFTY29JAN2557000PE.NFO,2024-12-06,11:12:00,2025-01-29,2917.15,2940.85,2917.15,2940.85,30,795,0
BANKNIFTY29JAN2557000PE.NFO,2024-12-06,11:13:00,2025-01-29,2940.85,2978.8,2940.85,2978.8,15,795,0
BANKNIFTY29JAN2557000PE.NFO,2024-12-06,11:14:00,2025-01-29,2978.8,2978.8,2978.8,2978.8,0,795,0
BANKNIFTY29JAN2557000PE.NFO,2024-12-06,11:15:00,2025-01-29,2978.8,2978.8,2978.8,2978.8,0,795,0
BANKNIFTY29JAN2557000PE.NFO,2024-12-06,11:16:00,2025-01-29,2978.8,2978.8,2978.8,2978.8,0,795,0
BANKNIFTY29JAN2557000PE.NFO,2024-12-06,11:17:00,2025-01-29,2978.8,2978.8,2978.8,2978.8,0,795,0
BANKNIFTY29JAN2557000PE.NFO,2024-12-06,11:18:00,2025-01-29,2978.8,2978.8,2978.8,2978.8,0,795,0
BANKNIFTY29JAN2557000PE.NFO,2024-12-06,11:19:00,2025-01-29,2978.8,2978.8,2978.8,2978.8,0,795,0
BANKNIFTY29JAN2557000PE.NFO,2024-12-06,11:20:00,2025-01-29,2978.8,2978.8,2978.8,2978.8,0,795,0
BANKNIFTY29JAN2557000PE.NFO,2024-12-06,11:21:00,2025-01-29,2978.8,2978.8,2978.8,2978.8,0,795,0
BANKNIFTY29JAN2557000PE.NFO,2024-12-06,11:22:00,2025-01-29,2978.8,2978.8,2978.8,2978.8,0,795,0
BANKNIFTY29JAN2557000PE.NFO,2024-12-06,11:23:00,2025-01-29,2978.8,2978.8,2978.8,2978.8,0,795,0
BANKNIFTY29JAN2557000PE.NFO,2024-12-06,11:24:00,2025-01-29,2978.8,2978.8,2978.8,2978.8,0,795,0
BANKNIFTY29JAN2557000PE.NFO,2024-12-06,11:25:00,2025-01-29,2978.8,2978.8,2978.8,2978.8,0,795,0
BANKNIFTY29JAN2557000PE.NFO,2024-12-06,11:26:00,2025-01-29,2978.8,3076.8,2978.8,3076.8,15,810,0
BANKNIFTY29JAN2557000PE.NFO,2024-12-06,11:27:00,2025-01-29,3076.8,3076.8,3076.8,3076.8,0,810,0
BANKNIFTY29JAN2557000PE.NFO,2024-12-06,11:28:00,2025-01-29,3076.8,3076.8,3076.8,3076.8,0,810,0
BANKNIFTY29JAN2557000PE.NFO,2024-12-06,11:29:00,2025-01-29,3076.8,3076.8,3076.8,3076.8,0,810,0
BANKNIFTY29JAN2557000PE.NFO,2024-12-06,11:30:00,2025-01-29,3076.8,3076.8,3076.8,3076.8,0,810,0
BANKNIFTY29JAN2557000PE.NFO,2024-12-06,11:31:00,2025-01-29,3076.8,3076.8,3076.8,3076.8,0,810,0
BANKNIFTY29JAN2557000PE.NFO,2024-12-06,11:32:00,2025-01-29,3076.8,3076.8,3076.8,3076.8,0,810,0
BANKNIFTY29JAN2557000PE.NFO,2024-12-06,11:33:00,2025-01-29,3076.8,3076.8,3076.8,3076.8,0,810,0
BANKNIFTY29JAN2557000PE.NFO,2024-12-06,11:34:00,2025-01-29,3076.8,3076.8,3076.8,3076.8,0,810,0
BANKNIFTY29JAN2557000PE.NFO,2024-12-06,11:35:00,2025-01-29,3076.8,3076.8,3076.8,3076.8,0,810,0
BANKNIFTY29JAN2557000PE.NFO,2024-12-06,11:36:00,2025-01-29,3076.8,3076.8,3076.8,3076.8,0,810,0
BANKNIFTY29JAN2557000PE.NFO,2024-12-06,11:37:00,2025-01-29,3076.8,3076.8,3076.8,3076.8,0,810,0
BANKNIFTY29JAN2557000PE.NFO,2024-12-06,11:38:00,2025-01-29,3076.8,3076.8,3076.8,3076.8,0,810,0
BANKNIFTY29JAN2557000PE.NFO,2024-12-06,11:39:00,2025-01-29,3076.8,3076.8,3076.8,3076.8,0,810,0
BANKNIFTY29JAN2557000PE.NFO,2024-12-06,11:40:00,2025-01-29,3076.8,3076.8,3076.8,3076.8,0,810,0
BANKNIFTY29JAN2557000PE.NFO,2024-12-06,11:41:00,2025-01-29,3076.8,3076.8,3076.8,3076.8,0,810,0
BANKNIFTY29JAN2557000PE.NFO,2024-12-06,11:42:00,2025-01-29,3076.8,3076.8,3076.8,3076.8,0,810,0
BANKNIFTY29JAN2557000PE.NFO,2024-12-06,11:43:00,2025-01-29,3076.8,3076.8,3076.8,3076.8,0,810,0
BANKNIFTY29JAN2557000PE.NFO,2024-12-06,11:44:00,2025-01-29,3076.8,3076.8,3076.8,3076.8,0,810,0
BANKNIFTY29JAN2557000PE.NFO,2024-12-06,11:45:00,2025-01-29,3076.8,3076.8,3076.8,3076.8,0,810,0
BANKNIFTY29JAN2557000PE.NFO,2024-12-06,11:46:00,2025-01-29,3076.8,3076.8,3076.8,3076.8,0,810,0
BANKNIFTY29JAN2557000PE.NFO,2024-12-06,11:47:00,2025-01-29,3076.8,3076.8,3076.8,3076.8,0,810,0
BANKNIFTY29JAN2557000PE.NFO,2024-12-06,11:48:00,2025-01-29,3076.8,3076.8,3076.8,3076.8,0,810,0
BANKNIFTY29JAN2557000PE.NFO,2024-12-06,11:49:00,2025-01-29,3076.8,3076.8,3076.8,3076.8,0,810,0
BANKNIFTY29JAN2557000PE.NFO,2024-12-06,11:50:00,2025-01-29,3076.8,3076.8,3076.8,3076.8,0,810,0
BANKNIFTY29JAN2557000PE.NFO,2024-12-06,11:51:00,2025-01-29,3076.8,3076.8,3076.8,3076.8,0,810,0
BANKNIFTY29JAN2557000PE.NFO,2024-12-06,11:52:00,2025-01-29,3076.8,3076.8,3076.8,3076.8,0,810,0
BANKNIFTY29JAN2557000PE.NFO,2024-12-06,11:53:00,2025-01-29,3076.8,3076.8,3076.8,3076.8,0,810,0
BANKNIFTY29JAN2557000PE.NFO,2024-12-06,11:54:00,2025-01-29,3076.8,3076.8,3076.8,3076.8,0,810,0
BANKNIFTY29JAN2557000PE.NFO,2024-12-06,11:55:00,2025-01-29,3076.8,3076.8,3076.8,3076.8,0,810,0
BANKNIFTY29JAN2557000PE.NFO,2024-12-06,11:56:00,2025-01-29,3076.8,3076.8,3076.8,3076.8,0,810,0
BANKNIFTY29JAN2557000PE.NFO,2024-12-06,11:57:00,2025-01-29,3076.8,3076.8,3076.8,3076.8,0,810,0
BANKNIFTY29JAN2557000PE.NFO,2024-12-06,11:58:00,2025-01-29,3076.8,3076.8,3076.8,3076.8,0,810,0
BANKNIFTY29JAN2557000PE.NFO,2024-12-06,11:59:00,2025-01-29,3076.8,3076.8,3076.8,3076.8,0,810,0
BANKNIFTY29JAN2557000PE.NFO,2024-12-06,12:00:00,2025-01-29,3076.8,3076.8,3076.8,3076.8,0,810,0
BANKNIFTY29JAN2557000PE.NFO,2024-12-06,12:01:00,2025-01-29,3076.8,3076.8,3076.8,3076.8,0,810,0
BANKNIFTY29JAN2557000PE.NFO,2024-12-06,12:02:00,2025-01-29,3076.8,3076.8,3076.8,3076.8,0,810,0
BANKNIFTY29JAN2557000PE.NFO,2024-12-06,12:03:00,2025-01-29,3076.8,3076.8,3076.8,3076.8,0,810,0
BANKNIFTY29JAN2557000PE.NFO,2024-12-06,12:04:00,2025-01-29,3076.8,3076.8,3076.8,3076.8,0,810,0
BANKNIFTY29JAN2557000PE.NFO,2024-12-06,12:05:00,2025-01-29,3076.8,3076.8,3076.8,3076.8,0,810,0
BANKNIFTY29JAN2557000PE.NFO,2024-12-06,12:06:00,2025-01-29,3076.8,3076.8,3076.8,3076.8,0,810,0
BANKNIFTY29JAN2557000PE.NFO,2024-12-06,12:07:00,2025-01-29,3076.8,3076.8,3076.8,3076.8,0,810,0
BANKNIFTY29JAN2557000PE.NFO,2024-12-06,12:08:00,2025-01-29,3076.8,3076.8,3076.8,3076.8,0,810,0
BANKNIFTY29JAN2557000PE.NFO,2024-12-06,12:09:00,2025-01-29,3076.8,3076.8,3076.8,3076.8,0,810,0
BANKNIFTY29JAN2557000PE.NFO,2024-12-06,12:10:00,2025-01-29,3076.8,3076.8,3076.8,3076.8,0,810,0
BANKNIFTY29JAN2557000PE.NFO,2024-12-06,12:11:00,2025-01-29,3076.8,3076.8,3076.8,3076.8,0,810,0
BANKNIFTY29JAN2557000PE.NFO,2024-12-06,12:12:00,2025-01-29,3076.8,3076.8,3076.8,3076.8,0,810,0
BANKNIFTY29JAN2557000PE.NFO,2024-12-06,12:13:00,2025-01-29,3076.8,3076.8,3076.8,3076.8,0,810,0
BANKNIFTY29JAN2557000PE.NFO,2024-12-06,12:14:00,2025-01-29,3076.8,3076.8,3076.8,3076.8,0,810,0
BANKNIFTY29JAN2557000PE.NFO,2024-12-06,12:15:00,2025-01-29,3076.8,3076.8,3076.8,3076.8,0,810,0
BANKNIFTY29JAN2557000PE.NFO,2024-12-06,12:16:00,2025-01-29,3076.8,3076.8,3076.8,3076.8,0,810,0
BANKNIFTY29JAN2557000PE.NFO,2024-12-06,12:17:00,2025-01-29,3076.8,3076.8,3076.8,3076.8,0,810,0
BANKNIFTY29JAN2557000PE.NFO,2024-12-06,12:18:00,2025-01-29,3076.8,3076.8,3076.8,3076.8,0,810,0
BANKNIFTY29JAN2557000PE.NFO,2024-12-06,12:19:00,2025-01-29,3076.8,3076.8,3076.8,3076.8,0,810,0
BANKNIFTY29JAN2557000PE.NFO,2024-12-06,12:20:00,2025-01-29,3076.8,3076.8,3076.8,3076.8,0,810,0
BANKNIFTY29JAN2557000PE.NFO,2024-12-06,12:21:00,2025-01-29,3076.8,3076.8,3076.8,3076.8,0,810,0
BANKNIFTY29JAN2557000PE.NFO,2024-12-06,12:22:00,2025-01-29,3076.8,3076.8,3076.8,3076.8,0,810,0
BANKNIFTY29JAN2557000PE.NFO,2024-12-06,12:23:00,2025-01-29,3076.8,3076.8,3076.8,3076.8,0,810,0
BANKNIFTY29JAN2557000PE.NFO,2024-12-06,12:24:00,2025-01-29,3076.8,3076.8,3076.8,3076.8,0,810,0
BANKNIFTY29JAN2557000PE.NFO,2024-12-06,12:25:00,2025-01-29,3076.8,3076.8,3076.8,3076.8,0,810,0
BANKNIFTY29JAN2557000PE.NFO,2024-12-06,12:26:00,2025-01-29,3076.8,3076.8,3076.8,3076.8,0,810,0
BANKNIFTY29JAN2557000PE.NFO,2024-12-06,12:27:00,2025-01-29,3076.8,3076.8,3076.8,3076.8,0,810,0
BANKNIFTY29JAN2557000PE.NFO,2024-12-06,12:28:00,2025-01-29,3076.8,3076.8,3076.8,3076.8,0,810,0
BANKNIFTY29JAN2557000PE.NFO,2024-12-06,12:29:00,2025-01-29,3076.8,3076.8,3076.8,3076.8,0,810,0
BANKNIFTY29JAN2557000PE.NFO,2024-12-06,12:30:00,2025-01-29,3076.8,3076.8,3076.8,3076.8,0,810,0
BANKNIFTY29JAN2557000PE.NFO,2024-12-06,12:31:00,2025-01-29,3076.8,3076.8,3076.8,3076.8,0,810,0
BANKNIFTY29JAN2557000PE.NFO,2024-12-06,12:32:00,2025-01-29,3076.8,3076.8,3076.8,3076.8,0,810,0
BANKNIFTY29JAN2557000PE.NFO,2024-12-06,12:33:00,2025-01-29,3076.8,3076.8,3076.8,3076.8,0,810,0
BANKNIFTY29JAN2557000PE.NFO,2024-12-06,12:34:00,2025-01-29,3076.8,3076.8,3076.8,3076.8,0,810,0
BANKNIFTY29JAN2557000PE.NFO,2024-12-06,12:35:00,2025-01-29,3076.8,3076.8,3076.8,3076.8,0,810,0
BANKNIFTY29JAN2557000PE.NFO,2024-12-06,12:36:00,2025-01-29,3076.8,3076.8,3076.8,3076.8,0,810,0
BANKNIFTY29JAN2557000PE.NFO,2024-12-06,12:37:00,2025-01-29,3076.8,3076.8,3076.8,3076.8,0,810,0
BANKNIFTY29JAN2557000PE.NFO,2024-12-06,12:38:00,2025-01-29,3076.8,3076.8,3076.8,3076.8,0,810,0
BANKNIFTY29JAN2557000PE.NFO,2024-12-06,12:39:00,2025-01-29,3076.8,3076.8,3076.8,3076.8,0,810,0
BANKNIFTY29JAN2557000PE.NFO,2024-12-06,12:40:00,2025-01-29,3076.8,3076.8,3076.8,3076.8,0,810,0
BANKNIFTY29JAN2557000PE.NFO,2024-12-06,12:41:00,2025-01-29,3076.8,3076.8,3076.8,3076.8,0,810,0
BANKNIFTY29JAN2557000PE.NFO,2024-12-06,12:42:00,2025-01-29,3076.8,3076.8,3076.8,3076.8,0,810,0
BANKNIFTY29JAN2557000PE.NFO,2024-12-06,12:43:00,2025-01-29,3076.8,3076.8,3076.8,3076.8,0,810,0
BANKNIFTY29JAN2557000PE.NFO,2024-12-06,12:44:00,2025-01-29,3076.8,3076.8,3076.8,3076.8,0,810,0
BANKNIFTY29JAN2557000PE.NFO,2024-12-06,12:45:00,2025-01-29,3076.8,3076.8,3076.8,3076.8,0,810,0
BANKNIFTY29JAN2557000PE.NFO,2024-12-06,12:46:00,2025-01-29,3076.8,3076.8,3076.8,3076.8,0,810,0
BANKNIFTY29JAN2557000PE.NFO,2024-12-06,12:47:00,2025-01-29,3076.8,3076.8,3076.8,3076.8,0,810,0
BANKNIFTY29JAN2557000PE.NFO,2024-12-06,12:48:00,2025-01-29,3076.8,3076.8,3076.8,3076.8,0,810,0
BANKNIFTY29JAN2557000PE.NFO,2024-12-06,12:49:00,2025-01-29,3076.8,3076.8,3076.8,3076.8,0,810,0
BANKNIFTY29JAN2557000PE.NFO,2024-12-06,12:50:00,2025-01-29,3076.8,3076.8,3076.8,3076.8,0,810,0
BANKNIFTY29JAN2557000PE.NFO,2024-12-06,12:51:00,2025-01-29,3076.8,3076.8,3076.8,3076.8,0,810,0
BANKNIFTY29JAN2557000PE.NFO,2024-12-06,12:52:00,2025-01-29,3076.8,3076.8,3076.8,3076.8,0,810,0
BANKNIFTY29JAN2557000PE.NFO,2024-12-06,12:53:00,2025-01-29,3076.8,3076.8,3076.8,3076.8,0,810,0
BANKNIFTY29JAN2557000PE.NFO,2024-12-06,12:54:00,2025-01-29,3076.8,3076.8,3076.8,3076.8,0,810,0
BANKNIFTY29JAN2557000PE.NFO,2024-12-06,12:55:00,2025-01-29,3076.8,3076.8,3076.8,3076.8,0,810,0
BANKNIFTY29JAN2557000PE.NFO,2024-12-06,12:56:00,2025-01-29,3076.8,3076.8,3076.8,3076.8,0,810,0
BANKNIFTY29JAN2557000PE.NFO,2024-12-06,12:57:00,2025-01-29,3076.8,3076.8,3076.8,3076.8,0,810,0
BANKNIFTY29JAN2557000PE.NFO,2024-12-06,12:58:00,2025-01-29,3076.8,3076.8,3076.8,3076.8,0,810,0
BANKNIFTY29JAN2557000PE.NFO,2024-12-06,12:59:00,2025-01-29,3076.8,3076.8,3076.8,3076.8,0,810,0
BANKNIFTY29JAN2557000PE.NFO,2024-12-06,13:00:00,2025-01-29,3076.8,3076.8,3076.8,3076.8,0,810,0
BANKNIFTY29JAN2557000PE.NFO,2024-12-06,13:01:00,2025-01-29,3076.8,3076.8,3076.8,3076.8,0,810,0
BANKNIFTY29JAN2557000PE.NFO,2024-12-06,13:02:00,2025-01-29,3076.8,3076.8,3076.8,3076.8,0,810,0
BANKNIFTY29JAN2557000PE.NFO,2024-12-06,13:03:00,2025-01-29,3076.8,3076.8,3076.8,3076.8,0,810,0
BANKNIFTY29JAN2557000PE.NFO,2024-12-06,13:04:00,2025-01-29,3076.8,3076.8,3076.8,3076.8,0,810,0
BANKNIFTY29JAN2557000PE.NFO,2024-12-06,13:05:00,2025-01-29,3076.8,3076.8,3076.8,3076.8,0,810,0
BANKNIFTY29JAN2557000PE.NFO,2024-12-06,13:06:00,2025-01-29,3076.8,3076.8,3076.8,3076.8,0,810,0
BANKNIFTY29JAN2557000PE.NFO,2024-12-06,13:07:00,2025-01-29,3076.8,3076.8,3076.8,3076.8,0,810,0
BANKNIFTY29JAN2557000PE.NFO,2024-12-06,13:08:00,2025-01-29,3076.8,3076.8,3076.8,3076.8,0,810,0
BANKNIFTY29JAN2557000PE.NFO,2024-12-06,13:09:00,2025-01-29,3076.8,3076.8,3076.8,3076.8,0,810,0
BANKNIFTY29JAN2557000PE.NFO,2024-12-06,13:10:00,2025-01-29,3076.8,3076.8,3076.8,3076.8,0,810,0
BANKNIFTY29JAN2557000PE.NFO,2024-12-06,13:11:00,2025-01-29,3076.8,3076.8,3076.8,3076.8,0,810,0
BANKNIFTY29JAN2557000PE.NFO,2024-12-06,13:12:00,2025-01-29,3076.8,3076.8,3076.8,3076.8,0,810,0
BANKNIFTY29JAN2557000PE.NFO,2024-12-06,13:13:00,2025-01-29,3076.8,3076.8,3076.8,3076.8,0,810,0
BANKNIFTY29JAN2557000PE.NFO,2024-12-06,13:14:00,2025-01-29,3076.8,3076.8,3076.8,3076.8,0,810,1
BANKNIFTY29JAN2557000PE.NFO,2024-12-06,13:15:00,2025-01-29,3076.8,3076.8,3076.8,3076.8,0,810,0
BANKNIFTY29JAN2557000PE.NFO,2024-12-06,13:16:00,2025-01-29,3076.8,3076.8,3076.8,3076.8,0,810,0
BANKNIFTY29JAN2557000PE.NFO,2024-12-06,13:17:00,2025-01-29,3076.8,3076.8,3076.8,3076.8,0,810,0
BANKNIFTY29JAN2557000PE.NFO,2024-12-06,13:18:00,2025-01-29,3076.8,3076.8,3076.8,3076.8,0,810,0
BANKNIFTY29JAN2557000PE.NFO,2024-12-06,13:19:00,2025-01-29,3076.8,3076.8,3076.8,3076.8,0,810,0
BANKNIFTY29JAN2557000PE.NFO,2024-12-06,13:20:00,2025-01-29,3076.8,3076.8,3076.8,3076.8,0,810,0
BANKNIFTY29JAN2557000PE.NFO,2024-12-06,13:21:00,2025-01-29,3076.8,3076.8,3076.8,3076.8,0,810,0
BANKNIFTY29JAN2557000PE.NFO,2024-12-06,13:22:00,2025-01-29,3076.8,3076.8,3076.8,3076.8,0,810,0
BANKNIFTY29JAN2557000PE.NFO,2024-12-06,13:23:00,2025-01-29,3076.8,3076.8,3076.8,3076.8,0,810,0
BANKNIFTY29JAN2557000PE.NFO,2024-12-06,13:24:00,2025-01-29,3076.8,3076.8,3076.8,3076.8,0,810,0
BANKNIFTY29JAN2557000PE.NFO,2024-12-06,13:25:00,2025-01-29,3076.8,3076.8,3076.8,3076.8,0,810,0
BANKNIFTY29JAN2557000PE.NFO,2024-12-06,13:26:00,2025-01-29,3076.8,3076.8,3076.8,3076.8,0,810,0
BANKNIFTY29JAN2557000PE.NFO,2024-12-06,13:27:00,2025-01-29,3076.8,3076.8,3076.8,3076.8,0,810,0
BANKNIFTY29JAN2557000PE.NFO,2024-12-06,13:28:00,2025-01-29,3076.8,3076.8,3076.8,3076.8,0,810,0
BANKNIFTY29JAN2557000PE.NFO,2024-12-06,13:29:00,2025-01-29,3076.8,3076.8,3076.8,3076.8,0,810,0
BANKNIFTY29JAN2557000PE.NFO,2024-12-06,13:30:00,2025-01-29,3076.8,3076.8,3076.8,3076.8,0,810,0
BANKNIFTY29JAN2557000PE.NFO,2024-12-06,13:31:00,2025-01-29,3076.8,3076.8,3076.8,3076.8,0,810,0
BANKNIFTY29JAN2557000PE.NFO,2024-12-06,13:32:00,2025-01-29,3076.8,3076.8,3076.8,3076.8,0,810,0
BANKNIFTY29JAN2557000PE.NFO,2024-12-06,13:33:00,2025-01-29,3076.8,3076.8,3076.8,3076.8,0,810,0
BANKNIFTY29JAN2557000PE.NFO,2024-12-06,13:34:00,2025-01-29,3076.8,3076.8,3076.8,3076.8,0,810,1
BANKNIFTY29JAN2557000PE.NFO,2024-12-06,13:35:00,2025-01-29,3076.8,3076.8,3076.8,3076.8,0,810,0
BANKNIFTY29JAN2557000PE.NFO,2024-12-06,13:36:00,2025-01-29,3076.8,3076.8,3076.8,3076.8,0,810,0
BANKNIFTY29JAN2557000PE.NFO,2024-12-06,13:37:00,2025-01-29,3076.8,3076.8,3076.8,3076.8,0,810,0
BANKNIFTY29JAN2557000PE.NFO,2024-12-06,13:38:00,2025-01-29,3076.8,3076.8,3076.8,3076.8,0,810,0
BANKNIFTY29JAN2557000PE.NFO,2024-12-06,13:39:00,2025-01-29,3076.8,3076.8,3076.8,3076.8,0,810,0
BANKNIFTY29JAN2557000PE.NFO,2024-12-06,13:40:00,2025-01-29,3076.8,3076.8,3076.8,3076.8,0,810,0
BANKNIFTY29JAN2557000PE.NFO,2024-12-06,13:41:00,2025-01-29,3076.8,3076.8,3076.8,3076.8,0,810,0
BANKNIFTY29JAN2557000PE.NFO,2024-12-06,13:42:00,2025-01-29,3076.8,3076.8,3076.8,3076.8,0,810,0
BANKNIFTY29JAN2557000PE.NFO,2024-12-06,13:43:00,2025-01-29,3076.8,3076.8,3076.8,3076.8,0,810,0
BANKNIFTY29JAN2557000PE.NFO,2024-12-06,13:44:00,2025-01-29,3076.8,3076.8,3076.8,3076.8,0,810,0
BANKNIFTY29JAN2557000PE.NFO,2024-12-06,13:45:00,2025-01-29,3076.8,3076.8,3076.8,3076.8,0,810,0
BANKNIFTY29JAN2557000PE.NFO,2024-12-06,13:46:00,2025-01-29,3076.8,3076.8,3076.8,3076.8,0,810,0
BANKNIFTY29JAN2557000PE.NFO,2024-12-06,13:47:00,2025-01-29,3076.8,3076.8,3076.8,3076.8,0,810,0
BANKNIFTY29JAN2557000PE.NFO,2024-12-06,13:48:00,2025-01-29,3076.8,3076.8,3076.8,3076.8,0,810,1
BANKNIFTY29JAN2557000PE.NFO,2024-12-06,13:49:00,2025-01-29,3076.8,3076.8,3076.8,3076.8,0,810,0
BANKNIFTY29JAN2557000PE.NFO,2024-12-06,13:50:00,2025-01-29,3076.8,3076.8,3076.8,3076.8,0,810,1
BANKNIFTY29JAN2557000PE.NFO,2024-12-06,13:51:00,2025-01-29,3076.8,3076.8,3076.8,3076.8,0,810,0
BANKNIFTY29JAN2557000PE.NFO,2024-12-06,13:52:00,2025-01-29,3076.8,3076.8,3076.8,3076.8,0,810,0
BANKNIFTY29JAN2557000PE.NFO,2024-12-06,13:53:00,2025-01-29,3076.8,3076.8,3076.8,3076.8,0,810,0
BANKNIFTY29JAN2557000PE.NFO,2024-12-06,13:54:00,2025-01-29,3076.8,3076.8,3076.8,3076.8,0,810,0
BANKNIFTY29JAN2557000PE.NFO,2024-12-06,13:55:00,2025-01-29,3076.8,3076.8,3076.8,3076.8,0,810,0
BANKNIFTY29JAN2557000PE.NFO,2024-12-06,13:56:00,2025-01-29,3076.8,3076.8,3076.8,3076.8,0,810,0
BANKNIFTY29JAN2557000PE.NFO,2024-12-06,13:57:00,2025-01-29,3076.8,3076.8,3076.8,3076.8,0,810,0
BANKNIFTY29JAN2557000PE.NFO,2024-12-06,13:58:00,2025-01-29,3076.8,3076.8,3076.8,3076.8,0,810,0
BANKNIFTY29JAN2557000PE.NFO,2024-12-06,13:59:00,2025-01-29,3076.8,3076.8,3076.8,3076.8,0,810,0
BANKNIFTY29JAN2557000PE.NFO,2024-12-06,14:00:00,2025-01-29,3076.8,3076.8,3076.8,3076.8,0,810,0
BANKNIFTY29JAN2557000PE.NFO,2024-12-06,14:01:00,2025-01-29,3076.8,3076.8,3076.8,3076.8,0,810,0
BANKNIFTY29JAN2557000PE.NFO,2024-12-06,14:02:00,2025-01-29,3076.8,3076.8,3076.8,3076.8,0,810,0
BANKNIFTY29JAN2557000PE.NFO,2024-12-06,14:03:00,2025-01-29,3076.8,3076.8,3076.8,3076.8,0,810,0
BANKNIFTY29JAN2557000PE.NFO,2024-12-06,14:04:00,2025-01-29,3076.8,3076.8,3076.8,3076.8,0,810,0
BANKNIFTY29JAN2557000PE.NFO,2024-12-06,14:05:00,2025-01-29,3076.8,3076.8,3076.8,3076.8,0,810,0
BANKNIFTY29JAN2557000PE.NFO,2024-12-06,14:06:00,2025-01-29,3076.8,3076.8,3076.8,3076.8,0,810,0
BANKNIFTY29JAN2557000PE.NFO,2024-12-06,14:07:00,2025-01-29,3076.8,3076.8,3076.8,3076.8,0,810,0
BANKNIFTY29JAN2557000PE.NFO,2024-12-06,14:08:00,2025-01-29,3076.8,3076.8,3076.8,3076.8,0,810,0
BANKNIFTY29JAN2557000PE.NFO,2024-12-06,14:09:00,2025-01-29,3076.8,3076.8,3076.8,3076.8,0,810,0
BANKNIFTY29JAN2557000PE.NFO,2024-12-06,14:10:00,2025-01-29,3076.8,3076.8,3076.8,3076.8,0,810,0
BANKNIFTY29JAN2557000PE.NFO,2024-12-06,14:11:00,2025-01-29,3076.8,3076.8,3076.8,3076.8,0,810,0
BANKNIFTY29JAN2557000PE.NFO,2024-12-06,14:12:00,2025-01-29,3076.8,3076.8,3076.8,3076.8,0,810,0
BANKNIFTY29JAN2557000PE.NFO,2024-12-06,14:13:00,2025-01-29,3076.8,3076.8,3076.8,3076.8,0,810,0
BANKNIFTY29JAN2557000PE.NFO,2024-12-06,14:14:00,2025-01-29,3076.8,3076.8,3076.8,3076.8,0,810,0
BANKNIFTY29JAN2557000PE.NFO,2024-12-06,14:15:00,2025-01-29,3076.8,3076.8,3076.8,3076.8,0,810,0
BANKNIFTY29JAN2557000PE.NFO,2024-12-06,14:16:00,2025-01-29,3076.8,3076.8,3076.8,3076.8,0,810,0
BANKNIFTY29JAN2557000PE.NFO,2024-12-06,14:17:00,2025-01-29,3076.8,3076.8,3076.8,3076.8,0,810,0
BANKNIFTY29JAN2557000PE.NFO,2024-12-06,14:18:00,2025-01-29,3076.8,3076.8,3076.8,3076.8,0,810,0
BANKNIFTY29JAN2557000PE.NFO,2024-12-06,14:19:00,2025-01-29,3076.8,3076.8,3076.8,3076.8,0,810,0
BANKNIFTY29JAN2557000PE.NFO,2024-12-06,14:20:00,2025-01-29,3076.8,3076.8,3076.8,3076.8,0,810,0
BANKNIFTY29JAN2557000PE.NFO,2024-12-06,14:21:00,2025-01-29,3076.8,3076.8,3076.8,3076.8,0,810,0
BANKNIFTY29JAN2557000PE.NFO,2024-12-06,14:22:00,2025-01-29,3076.8,3076.8,3076.8,3076.8,0,810,0
BANKNIFTY29JAN2557000PE.NFO,2024-12-06,14:23:00,2025-01-29,3076.8,3076.8,3076.8,3076.8,0,810,0
BANKNIFTY29JAN2557000PE.NFO,2024-12-06,14:24:00,2025-01-29,3076.8,3076.8,3076.8,3076.8,0,810,0
BANKNIFTY29JAN2557000PE.NFO,2024-12-06,14:25:00,2025-01-29,3076.8,3076.8,3076.8,3076.8,0,810,0
BANKNIFTY29JAN2557000PE.NFO,2024-12-06,14:26:00,2025-01-29,3076.8,3076.8,3076.8,3076.8,0,810,0
BANKNIFTY29JAN2557000PE.NFO,2024-12-06,14:27:00,2025-01-29,3076.8,3076.8,3076.8,3076.8,0,810,0
BANKNIFTY29JAN2557000PE.NFO,2024-12-06,14:28:00,2025-01-29,3076.8,3076.8,3076.8,3076.8,0,810,0
BANKNIFTY29JAN2557000PE.NFO,2024-12-06,14:29:00,2025-01-29,3076.8,3076.8,3076.8,3076.8,0,810,0
BANKNIFTY29JAN2557000PE.NFO,2024-12-06,14:30:00,2025-01-29,3076.8,3076.8,3076.8,3076.8,0,810,0
BANKNIFTY29JAN2557000PE.NFO,2024-12-06,14:31:00,2025-01-29,3076.8,3076.8,3076.8,3076.8,0,810,0
BANKNIFTY29JAN2557000PE.NFO,2024-12-06,14:32:00,2025-01-29,3076.8,3076.8,3076.8,3076.8,0,810,0
BANKNIFTY29JAN2557000PE.NFO,2024-12-06,14:33:00,2025-01-29,3076.8,3076.8,3076.8,3076.8,0,810,0
BANKNIFTY29JAN2557000PE.NFO,2024-12-06,14:34:00,2025-01-29,3076.8,3076.8,3076.8,3076.8,0,810,0
BANKNIFTY29JAN2557000PE.NFO,2024-12-06,14:35:00,2025-01-29,3076.8,3076.8,3076.8,3076.8,0,810,0
BANKNIFTY29JAN2557000PE.NFO,2024-12-06,14:36:00,2025-01-29,3076.8,3076.8,3076.8,3076.8,0,810,0
BANKNIFTY29JAN2557000PE.NFO,2024-12-06,14:37:00,2025-01-29,3076.8,3076.8,3076.8,3076.8,0,810,0
BANKNIFTY29JAN2557000PE.NFO,2024-12-06,14:38:00,2025-01-29,3076.8,3076.8,3076.8,3076.8,0,810,0
BANKNIFTY29JAN2557000PE.NFO,2024-12-06,14:39:00,2025-01-29,3076.8,3076.8,3076.8,3076.8,0,810,0
BANKNIFTY29JAN2557000PE.NFO,2024-12-06,14:40:00,2025-01-29,3076.8,3076.8,3076.8,3076.8,0,810,0
BANKNIFTY29JAN2557000PE.NFO,2024-12-06,14:41:00,2025-01-29,3076.8,3076.8,3076.8,3076.8,0,810,0
BANKNIFTY29JAN2557000PE.NFO,2024-12-06,14:42:00,2025-01-29,3076.8,3076.8,3076.8,3076.8,0,810,0
BANKNIFTY29JAN2557000PE.NFO,2024-12-06,14:43:00,2025-01-29,3076.8,3076.8,3076.8,3076.8,0,810,0
BANKNIFTY29JAN2557000PE.NFO,2024-12-06,14:44:00,2025-01-29,3076.8,3076.8,3076.8,3076.8,0,810,0
BANKNIFTY29JAN2557000PE.NFO,2024-12-06,14:45:00,2025-01-29,3076.8,3076.8,3076.8,3076.8,0,810,0
BANKNIFTY29JAN2557000PE.NFO,2024-12-06,14:46:00,2025-01-29,3076.8,3076.8,3076.8,3076.8,0,810,0
BANKNIFTY29JAN2557000PE.NFO,2024-12-06,14:47:00,2025-01-29,3076.8,3076.8,3076.8,3076.8,0,810,0
BANKNIFTY29JAN2557000PE.NFO,2024-12-06,14:48:00,2025-01-29,3076.8,3076.8,3076.8,3076.8,0,810,0
BANKNIFTY29JAN2557000PE.NFO,2024-12-06,14:49:00,2025-01-29,3076.8,3076.8,3076.8,3076.8,0,810,0
BANKNIFTY29JAN2557000PE.NFO,2024-12-06,14:50:00,2025-01-29,3076.8,3076.8,3076.8,3076.8,0,810,0
BANKNIFTY29JAN2557000PE.NFO,2024-12-06,14:51:00,2025-01-29,3076.8,3076.8,3076.8,3076.8,0,810,0
BANKNIFTY29JAN2557000PE.NFO,2024-12-06,14:52:00,2025-01-29,3076.8,3076.8,3076.8,3076.8,0,810,0
BANKNIFTY29JAN2557000PE.NFO,2024-12-06,14:53:00,2025-01-29,3076.8,3076.8,3076.8,3076.8,0,810,0
BANKNIFTY29JAN2557000PE.NFO,2024-12-06,14:54:00,2025-01-29,3076.8,3076.8,3076.8,3076.8,0,810,0
BANKNIFTY29JAN2557000PE.NFO,2024-12-06,14:55:00,2025-01-29,3076.8,3076.8,3076.8,3076.8,0,810,0
BANKNIFTY29JAN2557000PE.NFO,2024-12-06,14:56:00,2025-01-29,3076.8,3076.8,3076.8,3076.8,0,810,0
BANKNIFTY29JAN2557000PE.NFO,2024-12-06,14:57:00,2025-01-29,3076.8,3076.8,3076.8,3076.8,0,810,0
BANKNIFTY29JAN2557000PE.NFO,2024-12-06,14:58:00,2025-01-29,3076.8,3076.8,3076.8,3076.8,0,810,0
BANKNIFTY29JAN2557000PE.NFO,2024-12-06,14:59:00,2025-01-29,3076.8,3076.8,3076.8,3076.8,0,810,0
BANKNIFTY29JAN2557000PE.NFO,2024-12-06,15:00:00,2025-01-29,3076.8,3076.8,3076.8,3076.8,0,810,0
BANKNIFTY29JAN2557000PE.NFO,2024-12-06,15:01:00,2025-01-29,3076.8,3076.8,3076.8,3076.8,0,810,0
BANKNIFTY29JAN2557000PE.NFO,2024-12-06,15:02:00,2025-01-29,3076.8,3076.8,3076.8,3076.8,0,810,0
BANKNIFTY29JAN2557000PE.NFO,2024-12-06,15:03:00,2025-01-29,3076.8,3076.8,3076.8,3076.8,0,810,0
BANKNIFTY29JAN2557000PE.NFO,2024-12-06,15:04:00,2025-01-29,3076.8,3076.8,3076.8,3076.8,0,810,0
BANKNIFTY29JAN2557000PE.NFO,2024-12-06,15:05:00,2025-01-29,3076.8,3076.8,3076.8,3076.8,0,810,0
BANKNIFTY29JAN2557000PE.NFO,2024-12-06,15:06:00,2025-01-29,3076.8,3076.8,3076.8,3076.8,0,810,0
BANKNIFTY29JAN2557000PE.NFO,2024-12-06,15:07:00,2025-01-29,3076.8,3076.8,3076.8,3076.8,0,810,0
BANKNIFTY29JAN2557000PE.NFO,2024-12-06,15:08:00,2025-01-29,3076.8,3076.8,3076.8,3076.8,0,810,0
BANKNIFTY29JAN2557000PE.NFO,2024-12-06,15:09:00,2025-01-29,3076.8,3076.8,3076.8,3076.8,0,810,0
BANKNIFTY29JAN2557000PE.NFO,2024-12-06,15:10:00,2025-01-29,3076.8,3076.8,3076.8,3076.8,0,810,0
BANKNIFTY29JAN2557000PE.NFO,2024-12-06,15:11:00,2025-01-29,3076.8,3076.8,3076.8,3076.8,0,810,0
BANKNIFTY29JAN2557000PE.NFO,2024-12-06,15:12:00,2025-01-29,3076.8,3076.8,3076.8,3076.8,0,810,0
BANKNIFTY29JAN2557000PE.NFO,2024-12-06,15:13:00,2025-01-29,3076.8,3076.8,3076.8,3076.8,0,810,0
BANKNIFTY29JAN2557000PE.NFO,2024-12-06,15:14:00,2025-01-29,3076.8,3076.8,3076.8,3076.8,0,810,0
BANKNIFTY29JAN2557000PE.NFO,2024-12-06,15:15:00,2025-01-29,3076.8,3076.8,3076.8,3076.8,0,810,0
BANKNIFTY29JAN2557000PE.NFO,2024-12-06,15:16:00,2025-01-29,3076.8,3076.8,3076.8,3076.8,0,810,0
BANKNIFTY29JAN2557000PE.NFO,2024-12-06,15:17:00,2025-01-29,3076.8,3076.8,3076.8,3076.8,0,810,0
BANKNIFTY29JAN2557000PE.NFO,2024-12-06,15:18:00,2025-01-29,3076.8,3076.8,3076.8,3076.8,0,810,0
BANKNIFTY29JAN2557000PE.NFO,2024-12-06,15:19:00,2025-01-29,3076.8,3076.8,3076.8,3076.8,0,810,0
BANKNIFTY29JAN2557000PE.NFO,2024-12-06,15:20:00,2025-01-29,3076.8,3076.8,3076.8,3076.8,0,810,0
BANKNIFTY29JAN2557000PE.NFO,2024-12-06,15:21:00,2025-01-29,3076.8,3076.8,3076.8,3076.8,0,810,0
BANKNIFTY29JAN2557000PE.NFO,2024-12-06,15:22:00,2025-01-29,3076.8,3076.8,3076.8,3076.8,0,810,0
BANKNIFTY29JAN2557000PE.NFO,2024-12-06,15:23:00,2025-01-29,3076.8,3076.8,3076.8,3076.8,0,810,0
BANKNIFTY29JAN2557000PE.NFO,2024-12-06,15:24:00,2025-01-29,3076.8,3076.8,3076.8,3076.8,0,810,0
BANKNIFTY29JAN2557000PE.NFO,2024-12-06,15:25:00,2025-01-29,3076.8,3076.8,3076.8,3076.8,0,810,0
BANKNIFTY29JAN2557000PE.NFO,2024-12-06,15:26:00,2025-01-29,3076.8,3076.8,3026.9,3026.9,15,825,0
BANKNIFTY29JAN2557000PE.NFO,2024-12-06,15:27:00,2025-01-29,3026.9,3026.9,3026.9,3026.9,0,825,0
BANKNIFTY29JAN2557000PE.NFO,2024-12-06,15:28:00,2025-01-29,3026.9,3026.9,3026.9,3026.9,0,825,0
BANKNIFTY29JAN2557000PE.NFO,2024-12-06,15:29:00,2025-01-29,3026.9,3026.9,3026.9,3026.9,0,825,0
BANKNIFTY29JAN2557000PE.NFO,2024-12-06,15:30:00,2025-01-29,3026.9,3026.9,3026.9,3026.9,0,825,1
BANKNIFTY29JAN2557000PE.NFO,2024-12-09,09:15:00,2025-01-29,3178.3,3214.2,3178.25,3214.2,15,825,0
BANKNIFTY29JAN2557000PE.NFO,2024-12-09,09:16:00,2025-01-29,3214.2,3214.2,3063.4,3063.4,15,825,0
BANKNIFTY29JAN2557000PE.NFO,2024-12-09,09:17:00,2025-01-29,3063.4,3139.35,3063.4,3139.35,60,825,0
BANKNIFTY29JAN2557000PE.NFO,2024-12-09,09:18:00,2025-01-29,3139.35,3139.35,3139.35,3139.35,0,825,0
BANKNIFTY29JAN2557000PE.NFO,2024-12-09,09:19:00,2025-01-29,3139.35,3139.35,3110.55,3110.55,45,855,0
BANKNIFTY29JAN2557000PE.NFO,2024-12-09,09:20:00,2025-01-29,3110.55,3110.55,3110.55,3110.55,0,855,0
BANKNIFTY29JAN2557000PE.NFO,2024-12-09,09:21:00,2025-01-29,3110.55,3110.55,3110.55,3110.55,0,855,0
BANKNIFTY29JAN2557000PE.NFO,2024-12-09,09:22:00,2025-01-29,3110.55,3110.55,3110.55,3110.55,0,855,0
BANKNIFTY29JAN2557000PE.NFO,2024-12-09,09:23:00,2025-01-29,3110.55,3110.55,3110.55,3110.55,0,855,0
BANKNIFTY29JAN2557000PE.NFO,2024-12-09,09:24:00,2025-01-29,3110.55,3110.55,3055.0,3055.0,15,885,0
BANKNIFTY29JAN2557000PE.NFO,2024-12-09,09:25:00,2025-01-29,3055.0,3055.0,3055.0,3055.0,0,885,0
BANKNIFTY29JAN2557000PE.NFO,2024-12-09,09:26:00,2025-01-29,3055.0,3055.0,3055.0,3055.0,0,885,0
BANKNIFTY29JAN2557000PE.NFO,2024-12-09,09:27:00,2025-01-29,3055.0,3055.0,3055.0,3055.0,0,885,0
BANKNIFTY29JAN2557000PE.NFO,2024-12-09,09:28:00,2025-01-29,3055.0,3055.0,3055.0,3055.0,0,885,0
BANKNIFTY29JAN2557000PE.NFO,2024-12-09,09:29:00,2025-01-29,3055.0,3055.0,3055.0,3055.0,0,900,0
BANKNIFTY29JAN2557000PE.NFO,2024-12-09,09:30:00,2025-01-29,3055.0,3055.0,3055.0,3055.0,0,900,0
BANKNIFTY29JAN2557000PE.NFO,2024-12-09,09:31:00,2025-01-29,3055.0,3055.0,3055.0,3055.0,0,900,0
BANKNIFTY29JAN2557000PE.NFO,2024-12-09,09:32:00,2025-01-29,3055.0,3055.0,3055.0,3055.0,0,900,0
BANKNIFTY29JAN2557000PE.NFO,2024-12-09,09:33:00,2025-01-29,3055.0,3055.0,3055.0,3055.0,0,900,0
BANKNIFTY29JAN2557000PE.NFO,2024-12-09,09:34:00,2025-01-29,3055.0,3055.0,3055.0,3055.0,0,900,0
BANKNIFTY29JAN2557000PE.NFO,2024-12-09,09:35:00,2025-01-29,3055.0,3055.0,3055.0,3055.0,0,900,0
BANKNIFTY29JAN2557000PE.NFO,2024-12-09,09:36:00,2025-01-29,3055.0,3055.0,3055.0,3055.0,0,900,0
BANKNIFTY29JAN2557000PE.NFO,2024-12-09,09:37:00,2025-01-29,3055.0,3055.0,3055.0,3055.0,0,900,0
BANKNIFTY29JAN2557000PE.NFO,2024-12-09,09:38:00,2025-01-29,3055.0,3055.0,3055.0,3055.0,0,900,0
BANKNIFTY29JAN2557000PE.NFO,2024-12-09,09:39:00,2025-01-29,3055.0,3055.0,3055.0,3055.0,0,900,0
BANKNIFTY29JAN2557000PE.NFO,2024-12-09,09:40:00,2025-01-29,3055.0,3055.0,3055.0,3055.0,0,900,0
BANKNIFTY29JAN2557000PE.NFO,2024-12-09,09:41:00,2025-01-29,3055.0,3055.0,3055.0,3055.0,0,900,0
BANKNIFTY29JAN2557000PE.NFO,2024-12-09,09:42:00,2025-01-29,3055.0,3055.0,3055.0,3055.0,0,900,0
BANKNIFTY29JAN2557000PE.NFO,2024-12-09,09:43:00,2025-01-29,3055.0,3055.0,3055.0,3055.0,0,900,0
BANKNIFTY29JAN2557000PE.NFO,2024-12-09,09:44:00,2025-01-29,3055.0,3055.0,3055.0,3055.0,0,900,0
BANKNIFTY29JAN2557000PE.NFO,2024-12-09,09:45:00,2025-01-29,3055.0,3055.0,3055.0,3055.0,0,900,0
BANKNIFTY29JAN2557000PE.NFO,2024-12-09,09:46:00,2025-01-29,3055.0,3055.0,3055.0,3055.0,0,900,0
BANKNIFTY29JAN2557000PE.NFO,2024-12-09,09:47:00,2025-01-29,3055.0,3055.0,3055.0,3055.0,0,900,0
BANKNIFTY29JAN2557000PE.NFO,2024-12-09,09:48:00,2025-01-29,3055.0,3055.0,3055.0,3055.0,0,900,0
BANKNIFTY29JAN2557000PE.NFO,2024-12-09,09:49:00,2025-01-29,3055.0,3055.0,3055.0,3055.0,0,900,0
BANKNIFTY29JAN2557000PE.NFO,2024-12-09,09:50:00,2025-01-29,3055.0,3055.0,3055.0,3055.0,0,900,0
BANKNIFTY29JAN2557000PE.NFO,2024-12-09,09:51:00,2025-01-29,3055.0,3055.0,3055.0,3055.0,0,900,0
BANKNIFTY29JAN2557000PE.NFO,2024-12-09,09:52:00,2025-01-29,3055.0,3055.0,3055.0,3055.0,0,900,0
BANKNIFTY29JAN2557000PE.NFO,2024-12-09,09:53:00,2025-01-29,3055.0,3055.0,3055.0,3055.0,0,900,0
BANKNIFTY29JAN2557000PE.NFO,2024-12-09,09:54:00,2025-01-29,3055.0,3055.0,3055.0,3055.0,0,900,0
BANKNIFTY29JAN2557000PE.NFO,2024-12-09,09:55:00,2025-01-29,3055.0,3055.0,3055.0,3055.0,0,900,0
BANKNIFTY29JAN2557000PE.NFO,2024-12-09,09:56:00,2025-01-29,3055.0,3055.0,3055.0,3055.0,0,900,0
BANKNIFTY29JAN2557000PE.NFO,2024-12-09,09:57:00,2025-01-29,3055.0,3055.0,3055.0,3055.0,0,900,0
BANKNIFTY29JAN2557000PE.NFO,2024-12-09,09:58:00,2025-01-29,3055.0,3055.0,3055.0,3055.0,0,900,0
BANKNIFTY29JAN2557000PE.NFO,2024-12-09,09:59:00,2025-01-29,3055.0,3055.0,3055.0,3055.0,0,900,0
BANKNIFTY29JAN2557000PE.NFO,2024-12-09,10:00:00,2025-01-29,3055.0,3055.0,3055.0,3055.0,0,900,0
BANKNIFTY29JAN2557000PE.NFO,2024-12-09,10:01:00,2025-01-29,3055.0,3055.0,3055.0,3055.0,0,900,0
BANKNIFTY29JAN2557000PE.NFO,2024-12-09,10:02:00,2025-01-29,3055.0,3055.0,3055.0,3055.0,0,900,0
BANKNIFTY29JAN2557000PE.NFO,2024-12-09,10:03:00,2025-01-29,3055.0,3055.0,3055.0,3055.0,0,900,0
BANKNIFTY29JAN2557000PE.NFO,2024-12-09,10:04:00,2025-01-29,3055.0,3055.0,3055.0,3055.0,0,900,0
BANKNIFTY29JAN2557000PE.NFO,2024-12-09,10:05:00,2025-01-29,3055.0,3055.0,3055.0,3055.0,0,900,0
BANKNIFTY29JAN2557000PE.NFO,2024-12-09,10:06:00,2025-01-29,3055.0,3055.0,3055.0,3055.0,0,900,0
BANKNIFTY29JAN2557000PE.NFO,2024-12-09,10:07:00,2025-01-29,3055.0,3055.0,3055.0,3055.0,0,900,0
BANKNIFTY29JAN2557000PE.NFO,2024-12-09,10:08:00,2025-01-29,3055.0,3055.0,3055.0,3055.0,0,900,0
BANKNIFTY29JAN2557000PE.NFO,2024-12-09,10:09:00,2025-01-29,3055.0,3055.0,3055.0,3055.0,0,900,0
BANKNIFTY29JAN2557000PE.NFO,2024-12-09,10:10:00,2025-01-29,3055.0,3055.0,3055.0,3055.0,0,900,0
BANKNIFTY29JAN2557000PE.NFO,2024-12-09,10:11:00,2025-01-29,3055.0,3055.0,3055.0,3055.0,0,900,0
BANKNIFTY29JAN2557000PE.NFO,2024-12-09,10:12:00,2025-01-29,3055.0,3055.0,3055.0,3055.0,0,900,0
BANKNIFTY29JAN2557000PE.NFO,2024-12-09,10:13:00,2025-01-29,3055.0,3055.0,3055.0,3055.0,0,900,0
BANKNIFTY29JAN2557000PE.NFO,2024-12-09,10:14:00,2025-01-29,3055.0,3055.0,3055.0,3055.0,0,900,0
BANKNIFTY29JAN2557000PE.NFO,2024-12-09,10:15:00,2025-01-29,3055.0,3055.0,3055.0,3055.0,0,900,0
BANKNIFTY29JAN2557000PE.NFO,2024-12-09,10:16:00,2025-01-29,3055.0,3055.0,3055.0,3055.0,0,900,0
BANKNIFTY29JAN2557000PE.NFO,2024-12-09,10:17:00,2025-01-29,3055.0,3055.0,3055.0,3055.0,0,900,0
BANKNIFTY29JAN2557000PE.NFO,2024-12-09,10:18:00,2025-01-29,3055.0,3055.0,3055.0,3055.0,0,900,0
BANKNIFTY29JAN2557000PE.NFO,2024-12-09,10:19:00,2025-01-29,3055.0,3055.0,3055.0,3055.0,0,900,0
BANKNIFTY29JAN2557000PE.NFO,2024-12-09,10:20:00,2025-01-29,3055.0,3055.0,3055.0,3055.0,0,900,0
BANKNIFTY29JAN2557000PE.NFO,2024-12-09,10:21:00,2025-01-29,3055.0,3055.0,3055.0,3055.0,0,900,0
BANKNIFTY29JAN2557000PE.NFO,2024-12-09,10:22:00,2025-01-29,3055.0,3055.0,3055.0,3055.0,0,900,0
BANKNIFTY29JAN2557000PE.NFO,2024-12-09,10:23:00,2025-01-29,3055.0,3055.0,3055.0,3055.0,0,900,0
BANKNIFTY29JAN2557000PE.NFO,2024-12-09,10:24:00,2025-01-29,3055.0,3055.0,3055.0,3055.0,0,900,0
BANKNIFTY29JAN2557000PE.NFO,2024-12-09,10:25:00,2025-01-29,3055.0,3055.0,3055.0,3055.0,0,900,0
BANKNIFTY29JAN2557000PE.NFO,2024-12-09,10:26:00,2025-01-29,3055.0,3055.0,3055.0,3055.0,0,900,0
BANKNIFTY29JAN2557000PE.NFO,2024-12-09,10:27:00,2025-01-29,3055.0,3055.0,3055.0,3055.0,0,900,0
BANKNIFTY29JAN2557000PE.NFO,2024-12-09,10:28:00,2025-01-29,3055.0,3055.0,3055.0,3055.0,0,900,0
BANKNIFTY29JAN2557000PE.NFO,2024-12-09,10:29:00,2025-01-29,3055.0,3055.0,3055.0,3055.0,0,900,0
BANKNIFTY29JAN2557000PE.NFO,2024-12-09,10:30:00,2025-01-29,3055.0,3055.0,3055.0,3055.0,0,900,0
BANKNIFTY29JAN2557000PE.NFO,2024-12-09,10:31:00,2025-01-29,3055.0,3055.0,3055.0,3055.0,0,900,0
BANKNIFTY29JAN2557000PE.NFO,2024-12-09,10:32:00,2025-01-29,3055.0,3055.0,3055.0,3055.0,0,900,0
BANKNIFTY29JAN2557000PE.NFO,2024-12-09,10:33:00,2025-01-29,3055.0,3055.0,3055.0,3055.0,0,900,0
BANKNIFTY29JAN2557000PE.NFO,2024-12-09,10:34:00,2025-01-29,3055.0,3055.0,3055.0,3055.0,0,900,0
BANKNIFTY29JAN2557000PE.NFO,2024-12-09,10:35:00,2025-01-29,3055.0,3055.0,3055.0,3055.0,0,900,0
BANKNIFTY29JAN2557000PE.NFO,2024-12-09,10:36:00,2025-01-29,3055.0,3055.0,3055.0,3055.0,0,900,0
BANKNIFTY29JAN2557000PE.NFO,2024-12-09,10:37:00,2025-01-29,3055.0,3055.0,3055.0,3055.0,0,900,0
BANKNIFTY29JAN2557000PE.NFO,2024-12-09,10:38:00,2025-01-29,3055.0,3055.0,3055.0,3055.0,0,900,0
BANKNIFTY29JAN2557000PE.NFO,2024-12-09,10:39:00,2025-01-29,3055.0,3055.0,3055.0,3055.0,0,900,0
BANKNIFTY29JAN2557000PE.NFO,2024-12-09,10:40:00,2025-01-29,3055.0,3055.0,3055.0,3055.0,0,900,0
BANKNIFTY29JAN2557000PE.NFO,2024-12-09,10:41:00,2025-01-29,3055.0,3055.0,3055.0,3055.0,0,900,0
BANKNIFTY29JAN2557000PE.NFO,2024-12-09,10:42:00,2025-01-29,3055.0,3055.0,3055.0,3055.0,0,900,0
BANKNIFTY29JAN2557000PE.NFO,2024-12-09,10:43:00,2025-01-29,3055.0,3055.0,3055.0,3055.0,0,900,0
BANKNIFTY29JAN2557000PE.NFO,2024-12-09,10:44:00,2025-01-29,3055.0,3055.0,3055.0,3055.0,0,900,0
BANKNIFTY29JAN2557000PE.NFO,2024-12-09,10:45:00,2025-01-29,3055.0,3055.0,3055.0,3055.0,0,900,0
BANKNIFTY29JAN2557000PE.NFO,2024-12-09,10:46:00,2025-01-29,3055.0,3055.0,3055.0,3055.0,0,900,0
BANKNIFTY29JAN2557000PE.NFO,2024-12-09,10:47:00,2025-01-29,3055.0,3055.0,3055.0,3055.0,0,900,0
BANKNIFTY29JAN2557000PE.NFO,2024-12-09,10:48:00,2025-01-29,3055.0,3055.0,3055.0,3055.0,0,900,0
BANKNIFTY29JAN2557000PE.NFO,2024-12-09,10:49:00,2025-01-29,3055.0,3055.0,3055.0,3055.0,0,900,0
BANKNIFTY29JAN2557000PE.NFO,2024-12-09,10:50:00,2025-01-29,3055.0,3055.0,3055.0,3055.0,0,900,0
BANKNIFTY29JAN2557000PE.NFO,2024-12-09,10:51:00,2025-01-29,3055.0,3055.0,3055.0,3055.0,0,900,0
BANKNIFTY29JAN2557000PE.NFO,2024-12-09,10:52:00,2025-01-29,3055.0,3126.7,3055.0,3126.7,15,945,0
BANKNIFTY29JAN2557000PE.NFO,2024-12-09,10:53:00,2025-01-29,3126.7,3126.7,3126.7,3126.7,0,945,0
BANKNIFTY29JAN2557000PE.NFO,2024-12-09,10:54:00,2025-01-29,3126.7,3133.25,3126.7,3133.25,270,945,0
BANKNIFTY29JAN2557000PE.NFO,2024-12-09,10:55:00,2025-01-29,3133.25,3133.25,3132.8,3132.8,975,945,0
BANKNIFTY29JAN2557000PE.NFO,2024-12-09,10:56:00,2025-01-29,3132.8,3132.8,3132.8,3132.8,0,945,0
BANKNIFTY29JAN2557000PE.NFO,2024-12-09,10:57:00,2025-01-29,3132.8,3132.8,3132.8,3132.8,0,945,0
BANKNIFTY29JAN2557000PE.NFO,2024-12-09,10:58:00,2025-01-29,3132.8,3132.8,3132.8,3132.8,0,945,0
BANKNIFTY29JAN2557000PE.NFO,2024-12-09,10:59:00,2025-01-29,3132.8,3132.8,3132.8,3132.8,0,945,0
BANKNIFTY29JAN2557000PE.NFO,2024-12-09,11:00:00,2025-01-29,3132.8,3132.8,3132.8,3132.8,0,945,0
BANKNIFTY29JAN2557000PE.NFO,2024-12-09,11:01:00,2025-01-29,3132.8,3132.8,3132.8,3132.8,0,945,0
BANKNIFTY29JAN2557000PE.NFO,2024-12-09,11:02:00,2025-01-29,3132.8,3132.8,3132.8,3132.8,0,945,0
BANKNIFTY29JAN2557000PE.NFO,2024-12-09,11:03:00,2025-01-29,3132.8,3132.8,3132.8,3132.8,0,945,0
BANKNIFTY29JAN2557000PE.NFO,2024-12-09,11:04:00,2025-01-29,3132.8,3132.8,3132.8,3132.8,0,945,0
BANKNIFTY29JAN2557000PE.NFO,2024-12-09,11:05:00,2025-01-29,3132.8,3132.8,3132.8,3132.8,0,945,0
BANKNIFTY29JAN2557000PE.NFO,2024-12-09,11:06:00,2025-01-29,3132.8,3132.8,3132.8,3132.8,0,945,0
BANKNIFTY29JAN2557000PE.NFO,2024-12-09,11:07:00,2025-01-29,3132.8,3132.8,3132.8,3132.8,0,945,0
BANKNIFTY29JAN2557000PE.NFO,2024-12-09,11:08:00,2025-01-29,3132.8,3132.8,3132.8,3132.8,0,945,0
BANKNIFTY29JAN2557000PE.NFO,2024-12-09,11:09:00,2025-01-29,3132.8,3132.8,3132.8,3132.8,0,945,0
BANKNIFTY29JAN2557000PE.NFO,2024-12-09,11:10:00,2025-01-29,3132.8,3132.8,3132.8,3132.8,0,945,0
BANKNIFTY29JAN2557000PE.NFO,2024-12-09,11:11:00,2025-01-29,3132.8,3132.8,3132.8,3132.8,0,945,0
BANKNIFTY29JAN2557000PE.NFO,2024-12-09,11:12:00,2025-01-29,3132.8,3132.8,3132.8,3132.8,0,945,0
BANKNIFTY29JAN2557000PE.NFO,2024-12-09,11:13:00,2025-01-29,3132.8,3132.8,3132.8,3132.8,0,945,0
BANKNIFTY29JAN2557000PE.NFO,2024-12-09,11:14:00,2025-01-29,3132.8,3132.8,3132.8,3132.8,0,945,0
BANKNIFTY29JAN2557000PE.NFO,2024-12-09,11:15:00,2025-01-29,3132.8,3132.8,3132.8,3132.8,0,945,0
BANKNIFTY29JAN2557000PE.NFO,2024-12-09,11:16:00,2025-01-29,3132.8,3132.8,3132.8,3132.8,0,945,0
BANKNIFTY29JAN2557000PE.NFO,2024-12-09,11:17:00,2025-01-29,3132.8,3132.8,3132.8,3132.8,0,945,0
BANKNIFTY29JAN2557000PE.NFO,2024-12-09,11:18:00,2025-01-29,3132.8,3132.8,3132.8,3132.8,0,945,0
BANKNIFTY29JAN2557000PE.NFO,2024-12-09,11:19:00,2025-01-29,3132.8,3132.8,3132.8,3132.8,0,945,0
BANKNIFTY29JAN2557000PE.NFO,2024-12-09,11:20:00,2025-01-29,3132.8,3132.8,3132.8,3132.8,0,945,0
BANKNIFTY29JAN2557000PE.NFO,2024-12-09,11:21:00,2025-01-29,3132.8,3132.8,3132.8,3132.8,0,945,0
BANKNIFTY29JAN2557000PE.NFO,2024-12-09,11:22:00,2025-01-29,3132.8,3132.8,3132.8,3132.8,0,945,0
BANKNIFTY29JAN2557000PE.NFO,2024-12-09,11:23:00,2025-01-29,3132.8,3132.8,3132.8,3132.8,0,945,0
BANKNIFTY29JAN2557000PE.NFO,2024-12-09,11:24:00,2025-01-29,3132.8,3132.8,3132.8,3132.8,0,945,0
BANKNIFTY29JAN2557000PE.NFO,2024-12-09,11:25:00,2025-01-29,3132.8,3132.8,3132.8,3132.8,0,945,0
BANKNIFTY29JAN2557000PE.NFO,2024-12-09,11:26:00,2025-01-29,3132.8,3132.8,3132.8,3132.8,0,945,0
BANKNIFTY29JAN2557000PE.NFO,2024-12-09,11:27:00,2025-01-29,3132.8,3132.8,3132.8,3132.8,0,945,0
BANKNIFTY29JAN2557000PE.NFO,2024-12-09,11:28:00,2025-01-29,3132.8,3132.8,3132.8,3132.8,0,945,0
BANKNIFTY29JAN2557000PE.NFO,2024-12-09,11:29:00,2025-01-29,3132.8,3132.8,3132.8,3132.8,0,945,0
BANKNIFTY29JAN2557000PE.NFO,2024-12-09,11:30:00,2025-01-29,3132.8,3132.8,3132.8,3132.8,0,945,0
BANKNIFTY29JAN2557000PE.NFO,2024-12-09,11:31:00,2025-01-29,3132.8,3132.8,3132.8,3132.8,0,945,0
BANKNIFTY29JAN2557000PE.NFO,2024-12-09,11:32:00,2025-01-29,3132.8,3132.8,3132.8,3132.8,0,945,0
BANKNIFTY29JAN2557000PE.NFO,2024-12-09,11:33:00,2025-01-29,3132.8,3132.8,3132.8,3132.8,0,945,0
BANKNIFTY29JAN2557000PE.NFO,2024-12-09,11:34:00,2025-01-29,3132.8,3132.8,3132.8,3132.8,0,945,0
BANKNIFTY29JAN2557000PE.NFO,2024-12-09,11:35:00,2025-01-29,3132.8,3132.8,3132.8,3132.8,0,945,0
BANKNIFTY29JAN2557000PE.NFO,2024-12-09,11:36:00,2025-01-29,3132.8,3132.8,3132.8,3132.8,0,945,0
BANKNIFTY29JAN2557000PE.NFO,2024-12-09,11:37:00,2025-01-29,3132.8,3132.8,3132.8,3132.8,0,945,0
BANKNIFTY29JAN2557000PE.NFO,2024-12-09,11:38:00,2025-01-29,3132.8,3132.8,3132.8,3132.8,0,945,0
BANKNIFTY29JAN2557000PE.NFO,2024-12-09,11:39:00,2025-01-29,3132.8,3132.8,3132.8,3132.8,0,945,0
BANKNIFTY29JAN2557000PE.NFO,2024-12-09,11:40:00,2025-01-29,3132.8,3132.8,3132.8,3132.8,0,945,0
BANKNIFTY29JAN2557000PE.NFO,2024-12-09,11:41:00,2025-01-29,3132.8,3132.8,3132.8,3132.8,0,945,0
BANKNIFTY29JAN2557000PE.NFO,2024-12-09,11:42:00,2025-01-29,3132.8,3132.8,3132.8,3132.8,0,945,0
BANKNIFTY29JAN2557000PE.NFO,2024-12-09,11:43:00,2025-01-29,3132.8,3132.8,3132.8,3132.8,0,945,0
BANKNIFTY29JAN2557000PE.NFO,2024-12-09,11:44:00,2025-01-29,3132.8,3132.8,3132.8,3132.8,0,945,0
BANKNIFTY29JAN2557000PE.NFO,2024-12-09,11:45:00,2025-01-29,3132.8,3132.8,3132.8,3132.8,0,945,0
BANKNIFTY29JAN2557000PE.NFO,2024-12-09,11:46:00,2025-01-29,3132.8,3132.8,3132.8,3132.8,0,945,0
BANKNIFTY29JAN2557000PE.NFO,2024-12-09,11:47:00,2025-01-29,3132.8,3132.8,3132.8,3132.8,0,945,0
BANKNIFTY29JAN2557000PE.NFO,2024-12-09,11:48:00,2025-01-29,3132.8,3132.8,3132.8,3132.8,0,945,0
BANKNIFTY29JAN2557000PE.NFO,2024-12-09,11:49:00,2025-01-29,3132.8,3132.8,3132.8,3132.8,0,945,0
BANKNIFTY29JAN2557000PE.NFO,2024-12-09,11:50:00,2025-01-29,3132.8,3132.8,3132.8,3132.8,0,945,0
BANKNIFTY29JAN2557000PE.NFO,2024-12-09,11:51:00,2025-01-29,3132.8,3132.8,3132.8,3132.8,0,945,0
BANKNIFTY29JAN2557000PE.NFO,2024-12-09,11:52:00,2025-01-29,3132.8,3132.8,3132.8,3132.8,0,945,0
BANKNIFTY29JAN2557000PE.NFO,2024-12-09,11:53:00,2025-01-29,3132.8,3132.8,3132.8,3132.8,0,945,0
BANKNIFTY29JAN2557000PE.NFO,2024-12-09,11:54:00,2025-01-29,3132.8,3132.8,3132.8,3132.8,0,945,0
BANKNIFTY29JAN2557000PE.NFO,2024-12-09,11:55:00,2025-01-29,3132.8,3132.8,3132.8,3132.8,0,945,0
BANKNIFTY29JAN2557000PE.NFO,2024-12-09,11:56:00,2025-01-29,3132.8,3132.8,3132.8,3132.8,0,945,0
BANKNIFTY29JAN2557000PE.NFO,2024-12-09,11:57:00,2025-01-29,3132.8,3132.8,3132.8,3132.8,0,945,0
BANKNIFTY29JAN2557000PE.NFO,2024-12-09,11:58:00,2025-01-29,3132.8,3132.8,3132.8,3132.8,0,945,0
BANKNIFTY29JAN2557000PE.NFO,2024-12-09,11:59:00,2025-01-29,3132.8,3132.8,3132.8,3132.8,0,945,0
BANKNIFTY29JAN2557000PE.NFO,2024-12-09,12:00:00,2025-01-29,3132.8,3132.8,3132.8,3132.8,0,945,0
BANKNIFTY29JAN2557000PE.NFO,2024-12-09,12:01:00,2025-01-29,3132.8,3132.8,3132.8,3132.8,0,945,0
BANKNIFTY29JAN2557000PE.NFO,2024-12-09,12:02:00,2025-01-29,3132.8,3132.8,3132.8,3132.8,0,945,0
BANKNIFTY29JAN2557000PE.NFO,2024-12-09,12:03:00,2025-01-29,3132.8,3132.8,3132.8,3132.8,0,945,0
BANKNIFTY29JAN2557000PE.NFO,2024-12-09,12:04:00,2025-01-29,3132.8,3132.8,3132.8,3132.8,0,945,0
BANKNIFTY29JAN2557000PE.NFO,2024-12-09,12:05:00,2025-01-29,3132.8,3132.8,3132.8,3132.8,0,945,0
BANKNIFTY29JAN2557000PE.NFO,2024-12-09,12:06:00,2025-01-29,3132.8,3132.8,3132.8,3132.8,0,945,0
BANKNIFTY29JAN2557000PE.NFO,2024-12-09,12:07:00,2025-01-29,3132.8,3132.8,3132.8,3132.8,0,945,0
BANKNIFTY29JAN2557000PE.NFO,2024-12-09,12:08:00,2025-01-29,3132.8,3132.8,3011.65,3011.65,45,2205,0
BANKNIFTY29JAN2557000PE.NFO,2024-12-09,12:09:00,2025-01-29,3011.65,3011.65,3011.65,3011.65,0,2205,0
BANKNIFTY29JAN2557000PE.NFO,2024-12-09,12:10:00,2025-01-29,3011.65,3011.65,3011.65,3011.65,0,2205,0
BANKNIFTY29JAN2557000PE.NFO,2024-12-09,12:11:00,2025-01-29,3011.65,3011.65,3011.65,3011.65,0,2205,0
BANKNIFTY29JAN2557000PE.NFO,2024-12-09,12:12:00,2025-01-29,3011.65,3011.65,3011.65,3011.65,0,2205,0
BANKNIFTY29JAN2557000PE.NFO,2024-12-09,12:13:00,2025-01-29,3011.65,3011.65,3011.65,3011.65,0,2205,0
BANKNIFTY29JAN2557000PE.NFO,2024-12-09,12:14:00,2025-01-29,3011.65,3012.05,3011.65,3012.05,15,2220,0
BANKNIFTY29JAN2557000PE.NFO,2024-12-09,12:15:00,2025-01-29,3012.05,3012.05,3012.05,3012.05,60,2220,0
BANKNIFTY29JAN2557000PE.NFO,2024-12-09,12:16:00,2025-01-29,3012.05,3012.05,3012.05,3012.05,0,2220,0
BANKNIFTY29JAN2557000PE.NFO,2024-12-09,12:17:00,2025-01-29,3012.05,3012.05,3012.05,3012.05,0,2220,0
BANKNIFTY29JAN2557000PE.NFO,2024-12-09,12:18:00,2025-01-29,3012.05,3012.05,3012.05,3012.05,0,2220,0
BANKNIFTY29JAN2557000PE.NFO,2024-12-09,12:19:00,2025-01-29,3012.05,3023.7,3012.05,3023.7,150,2205,0
BANKNIFTY29JAN2557000PE.NFO,2024-12-09,12:20:00,2025-01-29,3023.7,3023.7,3016.9,3016.9,90,2205,0
BANKNIFTY29JAN2557000PE.NFO,2024-12-09,12:21:00,2025-01-29,3016.9,3016.9,3016.9,3016.9,0,2205,0
BANKNIFTY29JAN2557000PE.NFO,2024-12-09,12:22:00,2025-01-29,3016.9,3016.9,3016.9,3016.9,0,2205,0
BANKNIFTY29JAN2557000PE.NFO,2024-12-09,12:23:00,2025-01-29,3016.9,3016.9,3016.9,3016.9,0,2205,0
BANKNIFTY29JAN2557000PE.NFO,2024-12-09,12:24:00,2025-01-29,3016.9,3016.9,3016.9,3016.9,0,2205,0
BANKNIFTY29JAN2557000PE.NFO,2024-12-09,12:25:00,2025-01-29,3016.9,3016.9,3016.9,3016.9,0,2205,0
BANKNIFTY29JAN2557000PE.NFO,2024-12-09,12:26:00,2025-01-29,3016.9,3016.9,3016.9,3016.9,0,2205,0
BANKNIFTY29JAN2557000PE.NFO,2024-12-09,12:27:00,2025-01-29,3016.9,3016.9,3016.9,3016.9,0,2205,0
BANKNIFTY29JAN2557000PE.NFO,2024-12-09,12:28:00,2025-01-29,3016.9,3016.9,3016.9,3016.9,0,2205,0
BANKNIFTY29JAN2557000PE.NFO,2024-12-09,12:29:00,2025-01-29,3016.9,3016.9,3016.9,3016.9,0,2205,0
BANKNIFTY29JAN2557000PE.NFO,2024-12-09,12:30:00,2025-01-29,3016.9,3016.9,3016.9,3016.9,0,2205,0
BANKNIFTY29JAN2557000PE.NFO,2024-12-09,12:31:00,2025-01-29,3016.9,3016.9,3016.9,3016.9,0,2205,0
BANKNIFTY29JAN2557000PE.NFO,2024-12-09,12:32:00,2025-01-29,3016.9,3016.9,3016.9,3016.9,0,2205,0
BANKNIFTY29JAN2557000PE.NFO,2024-12-09,12:33:00,2025-01-29,3016.9,3016.9,3016.9,3016.9,0,2205,0
BANKNIFTY29JAN2557000PE.NFO,2024-12-09,12:34:00,2025-01-29,3016.9,3016.9,3016.9,3016.9,0,2205,0
BANKNIFTY29JAN2557000PE.NFO,2024-12-09,12:35:00,2025-01-29,3016.9,3016.9,3016.9,3016.9,0,2205,0
BANKNIFTY29JAN2557000PE.NFO,2024-12-09,12:36:00,2025-01-29,3016.9,3016.9,3016.9,3016.9,0,2205,0
BANKNIFTY29JAN2557000PE.NFO,2024-12-09,12:37:00,2025-01-29,3016.9,3016.9,3016.9,3016.9,0,2205,0
BANKNIFTY29JAN2557000PE.NFO,2024-12-09,12:38:00,2025-01-29,3016.9,3016.9,3016.9,3016.9,0,2205,0
BANKNIFTY29JAN2557000PE.NFO,2024-12-09,12:39:00,2025-01-29,3016.9,3016.9,3016.9,3016.9,0,2205,0
BANKNIFTY29JAN2557000PE.NFO,2024-12-09,12:40:00,2025-01-29,3016.9,3016.9,3016.9,3016.9,0,2205,0
BANKNIFTY29JAN2557000PE.NFO,2024-12-09,12:41:00,2025-01-29,3016.9,3016.9,3016.9,3016.9,0,2205,0
BANKNIFTY29JAN2557000PE.NFO,2024-12-09,12:42:00,2025-01-29,3016.9,3016.9,3016.9,3016.9,0,2205,0
BANKNIFTY29JAN2557000PE.NFO,2024-12-09,12:43:00,2025-01-29,3016.9,3016.9,3016.9,3016.9,0,2205,0
BANKNIFTY29JAN2557000PE.NFO,2024-12-09,12:44:00,2025-01-29,3016.9,3016.9,3016.9,3016.9,0,2205,0
BANKNIFTY29JAN2557000PE.NFO,2024-12-09,12:45:00,2025-01-29,3016.9,3016.9,3016.9,3016.9,0,2205,0
BANKNIFTY29JAN2557000PE.NFO,2024-12-09,12:46:00,2025-01-29,3016.9,3016.9,3016.9,3016.9,0,2205,0
BANKNIFTY29JAN2557000PE.NFO,2024-12-09,12:47:00,2025-01-29,3016.9,3016.9,3016.9,3016.9,0,2205,0
BANKNIFTY29JAN2557000PE.NFO,2024-12-09,12:48:00,2025-01-29,3016.9,3016.9,3016.9,3016.9,0,2205,0
BANKNIFTY29JAN2557000PE.NFO,2024-12-09,12:49:00,2025-01-29,3016.9,3016.9,3016.9,3016.9,0,2205,0
BANKNIFTY29JAN2557000PE.NFO,2024-12-09,12:50:00,2025-01-29,3016.9,3016.9,3016.9,3016.9,0,2205,0
BANKNIFTY29JAN2557000PE.NFO,2024-12-09,12:51:00,2025-01-29,3016.9,3016.9,3016.9,3016.9,0,2205,0
BANKNIFTY29JAN2557000PE.NFO,2024-12-09,12:52:00,2025-01-29,3016.9,3016.9,3016.9,3016.9,0,2205,0
BANKNIFTY29JAN2557000PE.NFO,2024-12-09,12:53:00,2025-01-29,3016.9,3016.9,3016.9,3016.9,0,2205,0
BANKNIFTY29JAN2557000PE.NFO,2024-12-09,12:54:00,2025-01-29,3016.9,3016.9,3016.9,3016.9,0,2205,0
BANKNIFTY29JAN2557000PE.NFO,2024-12-09,12:55:00,2025-01-29,3016.9,3016.9,3016.9,3016.9,0,2205,0
BANKNIFTY29JAN2557000PE.NFO,2024-12-09,12:56:00,2025-01-29,3016.9,3016.9,3016.9,3016.9,0,2205,0
BANKNIFTY29JAN2557000PE.NFO,2024-12-09,12:57:00,2025-01-29,3016.9,3016.9,3016.9,3016.9,0,2205,0
BANKNIFTY29JAN2557000PE.NFO,2024-12-09,12:58:00,2025-01-29,3016.9,3016.9,3016.9,3016.9,0,2205,0
BANKNIFTY29JAN2557000PE.NFO,2024-12-09,12:59:00,2025-01-29,3016.9,3016.9,3016.9,3016.9,0,2205,0
BANKNIFTY29JAN2557000PE.NFO,2024-12-09,13:00:00,2025-01-29,3016.9,3016.9,3016.9,3016.9,0,2205,0
BANKNIFTY29JAN2557000PE.NFO,2024-12-09,13:01:00,2025-01-29,3016.9,3016.9,3016.9,3016.9,0,2205,0
BANKNIFTY29JAN2557000PE.NFO,2024-12-09,13:02:00,2025-01-29,3016.9,3016.9,3016.9,3016.9,0,2205,0
BANKNIFTY29JAN2557000PE.NFO,2024-12-09,13:03:00,2025-01-29,3016.9,3016.9,3016.9,3016.9,0,2205,0
BANKNIFTY29JAN2557000PE.NFO,2024-12-09,13:04:00,2025-01-29,3016.9,3016.9,3016.9,3016.9,0,2205,0
BANKNIFTY29JAN2557000PE.NFO,2024-12-09,13:05:00,2025-01-29,3016.9,3016.9,3016.9,3016.9,0,2205,0
BANKNIFTY29JAN2557000PE.NFO,2024-12-09,13:06:00,2025-01-29,3016.9,3016.9,3016.9,3016.9,0,2205,0
BANKNIFTY29JAN2557000PE.NFO,2024-12-09,13:07:00,2025-01-29,3016.9,3016.9,3016.9,3016.9,0,2205,0
BANKNIFTY29JAN2557000PE.NFO,2024-12-09,13:08:00,2025-01-29,3016.9,3016.9,3016.9,3016.9,0,2205,0
BANKNIFTY29JAN2557000PE.NFO,2024-12-09,13:09:00,2025-01-29,3016.9,3016.9,3016.9,3016.9,0,2205,0
BANKNIFTY29JAN2557000PE.NFO,2024-12-09,13:10:00,2025-01-29,3016.9,3016.9,3016.9,3016.9,0,2205,0
BANKNIFTY29JAN2557000PE.NFO,2024-12-09,13:11:00,2025-01-29,3016.9,3016.9,3016.9,3016.9,0,2205,0
BANKNIFTY29JAN2557000PE.NFO,2024-12-09,13:12:00,2025-01-29,3016.9,3016.9,3016.9,3016.9,0,2205,0
BANKNIFTY29JAN2557000PE.NFO,2024-12-09,13:13:00,2025-01-29,3016.9,3016.9,3016.9,3016.9,0,2205,0
BANKNIFTY29JAN2557000PE.NFO,2024-12-09,13:14:00,2025-01-29,3016.9,3016.9,3016.9,3016.9,0,2205,0
BANKNIFTY29JAN2557000PE.NFO,2024-12-09,13:15:00,2025-01-29,3016.9,3016.9,3016.9,3016.9,0,2205,0
BANKNIFTY29JAN2557000PE.NFO,2024-12-09,13:16:00,2025-01-29,3016.9,3016.9,3016.9,3016.9,0,2205,0
BANKNIFTY29JAN2557000PE.NFO,2024-12-09,13:17:00,2025-01-29,3016.9,3016.9,3016.9,3016.9,0,2205,0
BANKNIFTY29JAN2557000PE.NFO,2024-12-09,13:18:00,2025-01-29,3016.9,3016.9,3016.9,3016.9,0,2205,0
BANKNIFTY29JAN2557000PE.NFO,2024-12-09,13:19:00,2025-01-29,3016.9,3016.9,3016.9,3016.9,0,2205,0
BANKNIFTY29JAN2557000PE.NFO,2024-12-09,13:20:00,2025-01-29,3016.9,3016.9,3016.9,3016.9,0,2205,0
BANKNIFTY29JAN2557000PE.NFO,2024-12-09,13:21:00,2025-01-29,3016.9,3016.9,3016.9,3016.9,0,2205,0
BANKNIFTY29JAN2557000PE.NFO,2024-12-09,13:22:00,2025-01-29,3016.9,3016.9,3016.9,3016.9,0,2205,0
BANKNIFTY29JAN2557000PE.NFO,2024-12-09,13:23:00,2025-01-29,3016.9,3016.9,3016.9,3016.9,0,2205,0
BANKNIFTY29JAN2557000PE.NFO,2024-12-09,13:24:00,2025-01-29,3016.9,3016.9,3016.9,3016.9,0,2205,0
BANKNIFTY29JAN2557000PE.NFO,2024-12-09,13:25:00,2025-01-29,3016.9,3016.9,3016.9,3016.9,0,2205,0
BANKNIFTY29JAN2557000PE.NFO,2024-12-09,13:26:00,2025-01-29,3016.9,3016.9,3016.9,3016.9,0,2205,0
BANKNIFTY29JAN2557000PE.NFO,2024-12-09,13:27:00,2025-01-29,3016.9,3016.9,3016.9,3016.9,0,2205,0
BANKNIFTY29JAN2557000PE.NFO,2024-12-09,13:28:00,2025-01-29,3016.9,3016.9,3016.9,3016.9,0,2205,0
BANKNIFTY29JAN2557000PE.NFO,2024-12-09,13:29:00,2025-01-29,3016.9,3016.9,3016.9,3016.9,0,2205,0
BANKNIFTY29JAN2557000PE.NFO,2024-12-09,13:30:00,2025-01-29,3016.9,3016.9,3016.9,3016.9,0,2205,0
BANKNIFTY29JAN2557000PE.NFO,2024-12-09,13:31:00,2025-01-29,3016.9,3016.9,3016.9,3016.9,0,2205,0
BANKNIFTY29JAN2557000PE.NFO,2024-12-09,13:32:00,2025-01-29,3016.9,3016.9,3016.9,3016.9,0,2205,0
BANKNIFTY29JAN2557000PE.NFO,2024-12-09,13:33:00,2025-01-29,3016.9,3016.9,3016.9,3016.9,0,2205,0
BANKNIFTY29JAN2557000PE.NFO,2024-12-09,13:34:00,2025-01-29,3016.9,3016.9,3016.9,3016.9,0,2205,0
BANKNIFTY29JAN2557000PE.NFO,2024-12-09,13:35:00,2025-01-29,3016.9,3016.9,3016.9,3016.9,0,2205,0
BANKNIFTY29JAN2557000PE.NFO,2024-12-09,13:36:00,2025-01-29,3016.9,3016.9,3016.9,3016.9,0,2205,0
BANKNIFTY29JAN2557000PE.NFO,2024-12-09,13:37:00,2025-01-29,3016.9,3016.9,3016.9,3016.9,0,2205,0
BANKNIFTY29JAN2557000PE.NFO,2024-12-09,13:38:00,2025-01-29,3016.9,3016.9,3016.9,3016.9,0,2205,0
BANKNIFTY29JAN2557000PE.NFO,2024-12-09,13:39:00,2025-01-29,3016.9,3016.9,3016.9,3016.9,0,2205,0
BANKNIFTY29JAN2557000PE.NFO,2024-12-09,13:40:00,2025-01-29,3016.9,3016.9,3016.9,3016.9,0,2205,0
BANKNIFTY29JAN2557000PE.NFO,2024-12-09,13:41:00,2025-01-29,3016.9,3016.9,3016.9,3016.9,0,2205,0
BANKNIFTY29JAN2557000PE.NFO,2024-12-09,13:42:00,2025-01-29,3016.9,3016.9,3016.9,3016.9,0,2205,0
BANKNIFTY29JAN2557000PE.NFO,2024-12-09,13:43:00,2025-01-29,3016.9,3016.9,3016.9,3016.9,0,2205,0
BANKNIFTY29JAN2557000PE.NFO,2024-12-09,13:44:00,2025-01-29,3016.9,3016.9,3016.9,3016.9,0,2205,0
BANKNIFTY29JAN2557000PE.NFO,2024-12-09,13:45:00,2025-01-29,3016.9,3016.9,3016.9,3016.9,0,2205,0
BANKNIFTY29JAN2557000PE.NFO,2024-12-09,13:46:00,2025-01-29,3016.9,3016.9,3016.9,3016.9,0,2205,0
BANKNIFTY29JAN2557000PE.NFO,2024-12-09,13:47:00,2025-01-29,3016.9,3016.9,3016.9,3016.9,0,2205,0
BANKNIFTY29JAN2557000PE.NFO,2024-12-09,13:48:00,2025-01-29,3016.9,3016.9,3016.9,3016.9,0,2205,0
BANKNIFTY29JAN2557000PE.NFO,2024-12-09,13:49:00,2025-01-29,3016.9,3016.9,3016.9,3016.9,0,2205,0
BANKNIFTY29JAN2557000PE.NFO,2024-12-09,13:50:00,2025-01-29,3016.9,3016.9,3016.9,3016.9,0,2205,0
BANKNIFTY29JAN2557000PE.NFO,2024-12-09,13:51:00,2025-01-29,3016.9,3016.9,3016.9,3016.9,0,2205,0
BANKNIFTY29JAN2557000PE.NFO,2024-12-09,13:52:00,2025-01-29,3016.9,3016.9,3016.9,3016.9,0,2205,0
BANKNIFTY29JAN2557000PE.NFO,2024-12-09,13:53:00,2025-01-29,3016.9,3016.9,3016.9,3016.9,0,2205,0
BANKNIFTY29JAN2557000PE.NFO,2024-12-09,13:54:00,2025-01-29,3016.9,3016.9,3016.9,3016.9,0,2205,0
BANKNIFTY29JAN2557000PE.NFO,2024-12-09,13:55:00,2025-01-29,3016.9,3016.9,3016.9,3016.9,0,2205,0
BANKNIFTY29JAN2557000PE.NFO,2024-12-09,13:56:00,2025-01-29,3016.9,3016.9,3016.9,3016.9,0,2205,0
BANKNIFTY29JAN2557000PE.NFO,2024-12-09,13:57:00,2025-01-29,3016.9,3016.9,3016.9,3016.9,0,2205,0
BANKNIFTY29JAN2557000PE.NFO,2024-12-09,13:58:00,2025-01-29,3016.9,3016.9,3016.9,3016.9,0,2205,0
BANKNIFTY29JAN2557000PE.NFO,2024-12-09,13:59:00,2025-01-29,3016.9,3016.9,3016.9,3016.9,0,2205,0
BANKNIFTY29JAN2557000PE.NFO,2024-12-09,14:00:00,2025-01-29,3016.9,3016.9,3016.9,3016.9,0,2205,0
BANKNIFTY29JAN2557000PE.NFO,2024-12-09,14:01:00,2025-01-29,3016.9,3089.0,3016.9,3089.0,60,2250,0
BANKNIFTY29JAN2557000PE.NFO,2024-12-09,14:02:00,2025-01-29,3089.0,3089.0,3089.0,3089.0,0,2250,0
BANKNIFTY29JAN2557000PE.NFO,2024-12-09,14:03:00,2025-01-29,3089.0,3089.0,3089.0,3089.0,0,2250,0
BANKNIFTY29JAN2557000PE.NFO,2024-12-09,14:04:00,2025-01-29,3089.0,3089.0,3089.0,3089.0,0,2250,0
BANKNIFTY29JAN2557000PE.NFO,2024-12-09,14:05:00,2025-01-29,3089.0,3135.4,3089.0,3135.4,360,2265,0
BANKNIFTY29JAN2557000PE.NFO,2024-12-09,14:06:00,2025-01-29,3135.4,3160.65,3135.4,3160.65,270,2265,0
BANKNIFTY29JAN2557000PE.NFO,2024-12-09,14:07:00,2025-01-29,3160.65,3160.65,3160.65,3160.65,0,2265,0
BANKNIFTY29JAN2557000PE.NFO,2024-12-09,14:08:00,2025-01-29,3160.65,3160.65,3160.65,3160.65,0,2265,0
BANKNIFTY29JAN2557000PE.NFO,2024-12-09,14:09:00,2025-01-29,3160.65,3160.65,3160.65,3160.65,0,2265,0
BANKNIFTY29JAN2557000PE.NFO,2024-12-09,14:10:00,2025-01-29,3160.65,3160.65,3160.65,3160.65,0,2265,0
BANKNIFTY29JAN2557000PE.NFO,2024-12-09,14:11:00,2025-01-29,3160.65,3160.65,3160.65,3160.65,0,2265,0
BANKNIFTY29JAN2557000PE.NFO,2024-12-09,14:12:00,2025-01-29,3160.65,3160.65,3160.65,3160.65,0,2265,0
BANKNIFTY29JAN2557000PE.NFO,2024-12-09,14:13:00,2025-01-29,3160.65,3160.65,3160.65,3160.65,0,2265,0
BANKNIFTY29JAN2557000PE.NFO,2024-12-09,14:14:00,2025-01-29,3160.65,3160.65,3160.65,3160.65,0,2265,0
BANKNIFTY29JAN2557000PE.NFO,2024-12-09,14:15:00,2025-01-29,3160.65,3160.65,3160.65,3160.65,0,2265,0
BANKNIFTY29JAN2557000PE.NFO,2024-12-09,14:16:00,2025-01-29,3160.65,3160.65,3160.65,3160.65,0,2265,0
BANKNIFTY29JAN2557000PE.NFO,2024-12-09,14:17:00,2025-01-29,3160.65,3160.65,3160.65,3160.65,0,2265,0
BANKNIFTY29JAN2557000PE.NFO,2024-12-09,14:18:00,2025-01-29,3160.65,3160.65,3160.65,3160.65,0,2265,0
BANKNIFTY29JAN2557000PE.NFO,2024-12-09,14:19:00,2025-01-29,3160.65,3160.65,3160.65,3160.65,0,2265,0
BANKNIFTY29JAN2557000PE.NFO,2024-12-09,14:20:00,2025-01-29,3160.65,3160.65,3119.9,3121.8,15,2775,0
BANKNIFTY29JAN2557000PE.NFO,2024-12-09,14:21:00,2025-01-29,3121.8,3121.8,3121.8,3121.8,0,2775,0
BANKNIFTY29JAN2557000PE.NFO,2024-12-09,14:22:00,2025-01-29,3121.8,3121.8,3121.8,3121.8,0,2775,0
BANKNIFTY29JAN2557000PE.NFO,2024-12-09,14:23:00,2025-01-29,3121.8,3121.8,3121.8,3121.8,0,2775,0
BANKNIFTY29JAN2557000PE.NFO,2024-12-09,14:24:00,2025-01-29,3121.8,3121.8,3121.8,3121.8,0,2775,0
BANKNIFTY29JAN2557000PE.NFO,2024-12-09,14:25:00,2025-01-29,3121.8,3131.8,3121.8,3131.8,45,2775,0
BANKNIFTY29JAN2557000PE.NFO,2024-12-09,14:26:00,2025-01-29,3131.8,3131.8,3131.8,3131.8,0,2775,0
BANKNIFTY29JAN2557000PE.NFO,2024-12-09,14:27:00,2025-01-29,3131.8,3131.8,3131.8,3131.8,0,2775,0
BANKNIFTY29JAN2557000PE.NFO,2024-12-09,14:28:00,2025-01-29,3131.8,3131.8,3131.8,3131.8,0,2775,0
BANKNIFTY29JAN2557000PE.NFO,2024-12-09,14:29:00,2025-01-29,3131.8,3131.8,3131.8,3131.8,0,2775,0
BANKNIFTY29JAN2557000PE.NFO,2024-12-09,14:30:00,2025-01-29,3131.8,3131.8,3131.8,3131.8,0,2775,0
BANKNIFTY29JAN2557000PE.NFO,2024-12-09,14:31:00,2025-01-29,3161.8,3181.95,3161.8,3181.95,60,2820,0
BANKNIFTY29JAN2557000PE.NFO,2024-12-09,14:32:00,2025-01-29,3181.95,3181.95,3181.95,3181.95,0,2820,0
BANKNIFTY29JAN2557000PE.NFO,2024-12-09,14:33:00,2025-01-29,3181.95,3181.95,3181.95,3181.95,0,2820,0
BANKNIFTY29JAN2557000PE.NFO,2024-12-09,14:34:00,2025-01-29,3181.95,3181.95,3181.95,3181.95,0,2820,0
BANKNIFTY29JAN2557000PE.NFO,2024-12-09,14:35:00,2025-01-29,3181.95,3181.95,3181.95,3181.95,0,2820,0
BANKNIFTY29JAN2557000PE.NFO,2024-12-09,14:36:00,2025-01-29,3181.95,3181.95,3181.95,3181.95,0,2820,0
BANKNIFTY29JAN2557000PE.NFO,2024-12-09,14:37:00,2025-01-29,3181.95,3181.95,3181.95,3181.95,0,2820,0
BANKNIFTY29JAN2557000PE.NFO,2024-12-09,14:38:00,2025-01-29,3181.95,3181.95,3181.95,3181.95,0,2820,0
BANKNIFTY29JAN2557000PE.NFO,2024-12-09,14:39:00,2025-01-29,3181.95,3181.95,3181.95,3181.95,0,2820,0
BANKNIFTY29JAN2557000PE.NFO,2024-12-09,14:40:00,2025-01-29,3181.95,3181.95,3181.95,3181.95,0,2820,0
BANKNIFTY29JAN2557000PE.NFO,2024-12-09,14:41:00,2025-01-29,3181.95,3181.95,3181.95,3181.95,0,2820,0
BANKNIFTY29JAN2557000PE.NFO,2024-12-09,14:42:00,2025-01-29,3181.95,3181.95,3181.95,3181.95,0,2820,0
BANKNIFTY29JAN2557000PE.NFO,2024-12-09,14:43:00,2025-01-29,3181.95,3181.95,3181.95,3181.95,0,2820,0
BANKNIFTY29JAN2557000PE.NFO,2024-12-09,14:44:00,2025-01-29,3181.95,3181.95,3181.95,3181.95,0,2820,0
BANKNIFTY29JAN2557000PE.NFO,2024-12-09,14:45:00,2025-01-29,3181.95,3181.95,3181.95,3181.95,0,2820,0
BANKNIFTY29JAN2557000PE.NFO,2024-12-09,14:46:00,2025-01-29,3181.95,3181.95,3181.95,3181.95,0,2820,0
BANKNIFTY29JAN2557000PE.NFO,2024-12-09,14:47:00,2025-01-29,3181.95,3181.95,3181.95,3181.95,0,2820,0
BANKNIFTY29JAN2557000PE.NFO,2024-12-09,14:48:00,2025-01-29,3181.95,3181.95,3181.95,3181.95,0,2820,0
BANKNIFTY29JAN2557000PE.NFO,2024-12-09,14:49:00,2025-01-29,3181.95,3181.95,3181.95,3181.95,0,2820,0
BANKNIFTY29JAN2557000PE.NFO,2024-12-09,14:50:00,2025-01-29,3181.95,3181.95,3149.0,3149.0,45,2760,0
BANKNIFTY29JAN2557000PE.NFO,2024-12-09,14:51:00,2025-01-29,3149.0,3149.0,3129.0,3129.0,75,2760,0
BANKNIFTY29JAN2557000PE.NFO,2024-12-09,14:52:00,2025-01-29,3129.0,3129.0,3129.0,3129.0,0,2760,0
BANKNIFTY29JAN2557000PE.NFO,2024-12-09,14:53:00,2025-01-29,3129.0,3129.0,3129.0,3129.0,0,2760,0
BANKNIFTY29JAN2557000PE.NFO,2024-12-09,14:54:00,2025-01-29,3129.0,3129.0,3129.0,3129.0,0,2760,0
BANKNIFTY29JAN2557000PE.NFO,2024-12-09,14:55:00,2025-01-29,3129.0,3129.0,3129.0,3129.0,0,2760,0
BANKNIFTY29JAN2557000PE.NFO,2024-12-09,14:56:00,2025-01-29,3129.0,3129.0,3129.0,3129.0,0,2760,0
BANKNIFTY29JAN2557000PE.NFO,2024-12-09,14:57:00,2025-01-29,3129.0,3129.0,3129.0,3129.0,0,2760,0
BANKNIFTY29JAN2557000PE.NFO,2024-12-09,14:58:00,2025-01-29,3129.0,3129.0,3129.0,3129.0,0,2760,0
BANKNIFTY29JAN2557000PE.NFO,2024-12-09,14:59:00,2025-01-29,3129.0,3129.0,3129.0,3129.0,0,2760,0
BANKNIFTY29JAN2557000PE.NFO,2024-12-09,15:00:00,2025-01-29,3129.0,3129.0,3129.0,3129.0,0,2760,0
BANKNIFTY29JAN2557000PE.NFO,2024-12-09,15:01:00,2025-01-29,3129.0,3168.6,3129.0,3168.6,45,2835,0
BANKNIFTY29JAN2557000PE.NFO,2024-12-09,15:02:00,2025-01-29,3168.6,3210.0,3168.6,3210.0,30,2835,0
BANKNIFTY29JAN2557000PE.NFO,2024-12-09,15:03:00,2025-01-29,3210.0,3210.0,3210.0,3210.0,0,2835,0
BANKNIFTY29JAN2557000PE.NFO,2024-12-09,15:04:00,2025-01-29,3210.0,3223.55,3210.0,3223.55,15,2805,0
BANKNIFTY29JAN2557000PE.NFO,2024-12-09,15:05:00,2025-01-29,3223.55,3223.55,3201.25,3201.25,75,2805,0
BANKNIFTY29JAN2557000PE.NFO,2024-12-09,15:06:00,2025-01-29,3201.25,3201.25,3201.25,3201.25,0,2805,0
BANKNIFTY29JAN2557000PE.NFO,2024-12-09,15:07:00,2025-01-29,3201.25,3211.65,3201.25,3210.25,90,2805,0
BANKNIFTY29JAN2557000PE.NFO,2024-12-09,15:08:00,2025-01-29,3210.25,3210.25,3210.25,3210.25,0,2805,0
BANKNIFTY29JAN2557000PE.NFO,2024-12-09,15:09:00,2025-01-29,3210.25,3210.25,3187.8,3206.75,30,2790,0
BANKNIFTY29JAN2557000PE.NFO,2024-12-09,15:10:00,2025-01-29,3206.75,3208.8,3198.05,3208.8,30,2790,0
BANKNIFTY29JAN2557000PE.NFO,2024-12-09,15:11:00,2025-01-29,3208.8,3212.85,3208.8,3212.85,15,2790,0
BANKNIFTY29JAN2557000PE.NFO,2024-12-09,15:12:00,2025-01-29,3212.85,3222.3,3212.85,3222.3,90,2790,0
BANKNIFTY29JAN2557000PE.NFO,2024-12-09,15:13:00,2025-01-29,3222.3,3229.15,3222.3,3229.15,30,2790,0
BANKNIFTY29JAN2557000PE.NFO,2024-12-09,15:14:00,2025-01-29,3229.15,3229.15,3226.25,3226.25,15,2790,0
BANKNIFTY29JAN2557000PE.NFO,2024-12-09,15:15:00,2025-01-29,3226.25,3226.25,3226.25,3226.25,0,2790,0
BANKNIFTY29JAN2557000PE.NFO,2024-12-09,15:16:00,2025-01-29,3226.25,3226.25,3226.25,3226.25,0,2790,0
BANKNIFTY29JAN2557000PE.NFO,2024-12-09,15:17:00,2025-01-29,3226.25,3226.25,3226.25,3226.25,0,2790,0
BANKNIFTY29JAN2557000PE.NFO,2024-12-09,15:18:00,2025-01-29,3226.25,3226.25,3205.3,3206.85,90,2790,0
BANKNIFTY29JAN2557000PE.NFO,2024-12-09,15:19:00,2025-01-29,3206.85,3206.85,3206.85,3206.85,0,2790,0
BANKNIFTY29JAN2557000PE.NFO,2024-12-09,15:20:00,2025-01-29,3206.85,3206.85,3206.85,3206.85,0,2790,0
BANKNIFTY29JAN2557000PE.NFO,2024-12-09,15:21:00,2025-01-29,3206.85,3206.85,3206.85,3206.85,0,2790,0
BANKNIFTY29JAN2557000PE.NFO,2024-12-09,15:22:00,2025-01-29,3206.85,3206.85,3206.85,3206.85,0,2790,0
BANKNIFTY29JAN2557000PE.NFO,2024-12-09,15:23:00,2025-01-29,3206.85,3206.85,3183.95,3183.95,30,2790,0
BANKNIFTY29JAN2557000PE.NFO,2024-12-09,15:24:00,2025-01-29,3183.95,3183.95,3183.95,3183.95,0,2790,0
BANKNIFTY29JAN2557000PE.NFO,2024-12-09,15:25:00,2025-01-29,3183.95,3183.95,3183.95,3183.95,0,2790,0
BANKNIFTY29JAN2557000PE.NFO,2024-12-09,15:26:00,2025-01-29,3183.95,3183.95,3183.95,3183.95,0,2790,0
BANKNIFTY29JAN2557000PE.NFO,2024-12-09,15:27:00,2025-01-29,3183.95,3183.95,3183.95,3183.95,0,2790,0
BANKNIFTY29JAN2557000PE.NFO,2024-12-09,15:28:00,2025-01-29,3200.0,3200.0,3200.0,3200.0,45,2790,0
BANKNIFTY29JAN2557000PE.NFO,2024-12-09,15:29:00,2025-01-29,3200.0,3200.0,3200.0,3200.0,0,2790,0
BANKNIFTY29JAN2557000PE.NFO,2024-12-09,15:30:00,2025-01-29,3200.0,3200.0,3200.0,3200.0,0,2790,1
BANKNIFTY29JAN2557000PE.NFO,2024-12-10,09:15:00,2025-01-29,3095.0,3095.0,3095.0,3095.0,0,2790,1
BANKNIFTY29JAN2557000PE.NFO,2024-12-10,09:16:00,2025-01-29,3095.0,3095.0,3095.0,3095.0,0,2790,1
BANKNIFTY29JAN2557000PE.NFO,2024-12-10,09:17:00,2025-01-29,3095.0,3095.0,3095.0,3095.0,0,2790,1
BANKNIFTY29JAN2557000PE.NFO,2024-12-10,09:18:00,2025-01-29,3095.0,3095.0,3095.0,3095.0,0,2790,1
BANKNIFTY29JAN2557000PE.NFO,2024-12-10,09:19:00,2025-01-29,3095.0,3095.0,3095.0,3095.0,0,2790,1
BANKNIFTY29JAN2557000PE.NFO,2024-12-10,09:20:00,2025-01-29,3095.0,3095.0,3095.0,3095.0,0,2790,1
BANKNIFTY29JAN2557000PE.NFO,2024-12-10,09:21:00,2025-01-29,3095.0,3095.0,3095.0,3095.0,0,2790,1
BANKNIFTY29JAN2557000PE.NFO,2024-12-10,09:22:00,2025-01-29,3095.0,3095.0,3095.0,3095.0,0,2790,1
BANKNIFTY29JAN2557000PE.NFO,2024-12-10,09:23:00,2025-01-29,3095.0,3095.0,3095.0,3095.0,0,2790,1
BANKNIFTY29JAN2557000PE.NFO,2024-12-10,09:24:00,2025-01-29,3095.0,3095.0,3095.0,3095.0,0,2790,1
BANKNIFTY29JAN2557000PE.NFO,2024-12-10,09:25:00,2025-01-29,3095.0,3095.0,3095.0,3095.0,0,2790,1
BANKNIFTY29JAN2557000PE.NFO,2024-12-10,09:26:00,2025-01-29,3095.0,3095.0,3095.0,3095.0,0,2790,1
BANKNIFTY29JAN2557000PE.NFO,2024-12-10,09:27:00,2025-01-29,3095.0,3095.0,3095.0,3095.0,0,2790,1
BANKNIFTY29JAN2557000PE.NFO,2024-12-10,09:28:00,2025-01-29,3095.0,3095.0,3095.0,3095.0,0,2790,1
BANKNIFTY29JAN2557000PE.NFO,2024-12-10,09:29:00,2025-01-29,3095.0,3095.0,3095.0,3095.0,0,2790,1
BANKNIFTY29JAN2557000PE.NFO,2024-12-10,09:30:00,2025-01-29,3095.0,3095.0,3095.0,3095.0,0,2790,1
BANKNIFTY29JAN2557000PE.NFO,2024-12-10,09:31:00,2025-01-29,3095.0,3095.0,3095.0,3095.0,0,2790,1
BANKNIFTY29JAN2557000PE.NFO,2024-12-10,09:32:00,2025-01-29,3095.0,3095.0,3095.0,3095.0,0,2790,1
BANKNIFTY29JAN2557000PE.NFO,2024-12-10,09:33:00,2025-01-29,3095.0,3095.0,3095.0,3095.0,0,2790,1
BANKNIFTY29JAN2557000PE.NFO,2024-12-10,09:34:00,2025-01-29,3095.0,3095.0,3095.0,3095.0,0,2790,1
BANKNIFTY29JAN2557000PE.NFO,2024-12-10,09:35:00,2025-01-29,3095.0,3095.0,3095.0,3095.0,0,2790,1
BANKNIFTY29JAN2557000PE.NFO,2024-12-10,09:36:00,2025-01-29,3095.0,3095.0,3095.0,3095.0,0,2790,1
BANKNIFTY29JAN2557000PE.NFO,2024-12-10,09:37:00,2025-01-29,3095.0,3095.0,3095.0,3095.0,0,2790,1
BANKNIFTY29JAN2557000PE.NFO,2024-12-10,09:38:00,2025-01-29,3095.0,3095.0,3095.0,3095.0,0,2790,1
BANKNIFTY29JAN2557000PE.NFO,2024-12-10,09:39:00,2025-01-29,3095.0,3095.0,3095.0,3095.0,0,2790,1
BANKNIFTY29JAN2557000PE.NFO,2024-12-10,09:40:00,2025-01-29,3095.0,3095.0,3095.0,3095.0,0,2790,1
BANKNIFTY29JAN2557000PE.NFO,2024-12-10,09:41:00,2025-01-29,3095.0,3095.0,3095.0,3095.0,0,2790,1
BANKNIFTY29JAN2557000PE.NFO,2024-12-10,09:42:00,2025-01-29,3095.0,3095.0,3095.0,3095.0,0,2790,1
BANKNIFTY29JAN2557000PE.NFO,2024-12-10,09:43:00,2025-01-29,3095.0,3095.0,3095.0,3095.0,0,2790,1
BANKNIFTY29JAN2557000PE.NFO,2024-12-10,09:44:00,2025-01-29,3095.0,3095.0,3095.0,3095.0,0,2790,1
BANKNIFTY29JAN2557000PE.NFO,2024-12-10,09:45:00,2025-01-29,3095.0,3095.0,3095.0,3095.0,0,2790,1
BANKNIFTY29JAN2557000PE.NFO,2024-12-10,09:46:00,2025-01-29,3095.0,3095.0,3095.0,3095.0,0,2790,1
BANKNIFTY29JAN2557000PE.NFO,2024-12-10,09:47:00,2025-01-29,3095.0,3095.0,3095.0,3095.0,0,2790,1
BANKNIFTY29JAN2557000PE.NFO,2024-12-10,09:48:00,2025-01-29,3095.0,3095.0,3095.0,3095.0,0,2790,1
BANKNIFTY29JAN2557000PE.NFO,2024-12-10,09:49:00,2025-01-29,3095.0,3095.0,3095.0,3095.0,0,2790,1
BANKNIFTY29JAN2557000PE.NFO,2024-12-10,09:50:00,2025-01-29,3095.0,3095.0,3095.0,3095.0,0,2790,1
BANKNIFTY29JAN2557000PE.NFO,2024-12-10,09:51:00,2025-01-29,3095.0,3095.0,3095.0,3095.0,0,2790,0
BANKNIFTY29JAN2557000PE.NFO,2024-12-10,09:52:00,2025-01-29,3095.0,3095.0,3095.0,3095.0,0,2790,0
BANKNIFTY29JAN2557000PE.NFO,2024-12-10,09:53:00,2025-01-29,3095.0,3095.0,3095.0,3095.0,0,2790,0
BANKNIFTY29JAN2557000PE.NFO,2024-12-10,09:54:00,2025-01-29,3095.0,3095.0,3095.0,3095.0,0,2790,0
BANKNIFTY29JAN2557000PE.NFO,2024-12-10,09:55:00,2025-01-29,3095.0,3095.0,3095.0,3095.0,0,2790,0
BANKNIFTY29JAN2557000PE.NFO,2024-12-10,09:56:00,2025-01-29,3095.0,3095.0,3095.0,3095.0,0,2790,0
BANKNIFTY29JAN2557000PE.NFO,2024-12-10,09:57:00,2025-01-29,3095.0,3095.0,3095.0,3095.0,0,2790,0
BANKNIFTY29JAN2557000PE.NFO,2024-12-10,09:58:00,2025-01-29,3095.0,3095.0,3095.0,3095.0,0,2790,0
BANKNIFTY29JAN2557000PE.NFO,2024-12-10,09:59:00,2025-01-29,3095.0,3095.0,3095.0,3095.0,0,2790,0
BANKNIFTY29JAN2557000PE.NFO,2024-12-10,10:00:00,2025-01-29,3095.0,3095.0,3095.0,3095.0,0,2790,0
BANKNIFTY29JAN2557000PE.NFO,2024-12-10,10:01:00,2025-01-29,3095.0,3095.0,3095.0,3095.0,0,2790,0
BANKNIFTY29JAN2557000PE.NFO,2024-12-10,10:02:00,2025-01-29,3095.0,3095.0,3095.0,3095.0,0,2790,0
BANKNIFTY29JAN2557000PE.NFO,2024-12-10,10:03:00,2025-01-29,3095.0,3095.0,3095.0,3095.0,0,2790,0
BANKNIFTY29JAN2557000PE.NFO,2024-12-10,10:04:00,2025-01-29,3095.0,3095.0,3095.0,3095.0,0,2790,0
BANKNIFTY29JAN2557000PE.NFO,2024-12-10,10:05:00,2025-01-29,3095.0,3095.0,3095.0,3095.0,0,2790,0
BANKNIFTY29JAN2557000PE.NFO,2024-12-10,10:06:00,2025-01-29,3095.0,3095.0,3095.0,3095.0,0,2790,0
BANKNIFTY29JAN2557000PE.NFO,2024-12-10,10:07:00,2025-01-29,3095.0,3095.0,3095.0,3095.0,0,2790,0
BANKNIFTY29JAN2557000PE.NFO,2024-12-10,10:08:00,2025-01-29,3095.0,3095.0,3095.0,3095.0,0,2790,0
BANKNIFTY29JAN2557000PE.NFO,2024-12-10,10:09:00,2025-01-29,3095.0,3095.0,3095.0,3095.0,0,2790,0
BANKNIFTY29JAN2557000PE.NFO,2024-12-10,10:10:00,2025-01-29,3095.0,3095.0,3095.0,3095.0,0,2790,0
BANKNIFTY29JAN2557000PE.NFO,2024-12-10,10:11:00,2025-01-29,3095.0,3095.0,3095.0,3095.0,0,2790,0
BANKNIFTY29JAN2557000PE.NFO,2024-12-10,10:12:00,2025-01-29,3095.0,3095.0,3095.0,3095.0,0,2790,0
BANKNIFTY29JAN2557000PE.NFO,2024-12-10,10:13:00,2025-01-29,3095.0,3095.0,3095.0,3095.0,0,2790,0
BANKNIFTY29JAN2557000PE.NFO,2024-12-10,10:14:00,2025-01-29,3095.0,3095.0,3095.0,3095.0,0,2790,0
BANKNIFTY29JAN2557000PE.NFO,2024-12-10,10:15:00,2025-01-29,3095.0,3095.0,3095.0,3095.0,0,2790,0
BANKNIFTY29JAN2557000PE.NFO,2024-12-10,10:16:00,2025-01-29,3095.0,3095.0,3095.0,3095.0,0,2790,0
BANKNIFTY29JAN2557000PE.NFO,2024-12-10,10:17:00,2025-01-29,3095.0,3095.0,3095.0,3095.0,0,2790,0
BANKNIFTY29JAN2557000PE.NFO,2024-12-10,10:18:00,2025-01-29,3095.0,3095.0,3095.0,3095.0,0,2790,0
BANKNIFTY29JAN2557000PE.NFO,2024-12-10,10:19:00,2025-01-29,3095.0,3095.0,3095.0,3095.0,0,2790,0
BANKNIFTY29JAN2557000PE.NFO,2024-12-10,10:20:00,2025-01-29,3095.0,3095.0,3095.0,3095.0,0,2790,0
BANKNIFTY29JAN2557000PE.NFO,2024-12-10,10:21:00,2025-01-29,3095.0,3095.0,3095.0,3095.0,0,2790,0
BANKNIFTY29JAN2557000PE.NFO,2024-12-10,10:22:00,2025-01-29,3095.0,3095.0,3095.0,3095.0,0,2790,0
BANKNIFTY29JAN2557000PE.NFO,2024-12-10,10:23:00,2025-01-29,3095.0,3095.0,3095.0,3095.0,0,2790,0
BANKNIFTY29JAN2557000PE.NFO,2024-12-10,10:24:00,2025-01-29,3095.0,3095.0,3095.0,3095.0,0,2790,0
BANKNIFTY29JAN2557000PE.NFO,2024-12-10,10:25:00,2025-01-29,3095.0,3095.0,3095.0,3095.0,0,2790,0
BANKNIFTY29JAN2557000PE.NFO,2024-12-10,10:26:00,2025-01-29,3095.0,3095.0,3095.0,3095.0,0,2790,0
BANKNIFTY29JAN2557000PE.NFO,2024-12-10,10:27:00,2025-01-29,3095.0,3095.0,3095.0,3095.0,0,2790,0
BANKNIFTY29JAN2557000PE.NFO,2024-12-10,10:28:00,2025-01-29,3095.0,3095.0,3095.0,3095.0,0,2790,0
BANKNIFTY29JAN2557000PE.NFO,2024-12-10,10:29:00,2025-01-29,3095.0,3095.0,3095.0,3095.0,0,2790,0
BANKNIFTY29JAN2557000PE.NFO,2024-12-10,10:30:00,2025-01-29,3095.0,3095.0,3095.0,3095.0,0,2790,0
BANKNIFTY29JAN2557000PE.NFO,2024-12-10,10:31:00,2025-01-29,3095.0,3095.0,3095.0,3095.0,0,2790,0
BANKNIFTY29JAN2557000PE.NFO,2024-12-10,10:32:00,2025-01-29,3095.0,3095.0,3095.0,3095.0,0,2790,0
BANKNIFTY29JAN2557000PE.NFO,2024-12-10,10:33:00,2025-01-29,3095.0,3095.0,3095.0,3095.0,0,2790,0
BANKNIFTY29JAN2557000PE.NFO,2024-12-10,10:34:00,2025-01-29,3095.0,3095.0,3095.0,3095.0,0,2790,0
BANKNIFTY29JAN2557000PE.NFO,2024-12-10,10:35:00,2025-01-29,3095.0,3095.0,3095.0,3095.0,0,2790,0
BANKNIFTY29JAN2557000PE.NFO,2024-12-10,10:36:00,2025-01-29,3095.0,3095.0,3095.0,3095.0,0,2790,0
BANKNIFTY29JAN2557000PE.NFO,2024-12-10,10:37:00,2025-01-29,3095.0,3095.0,3095.0,3095.0,0,2790,0
BANKNIFTY29JAN2557000PE.NFO,2024-12-10,10:38:00,2025-01-29,3095.0,3095.0,3095.0,3095.0,0,2790,0
BANKNIFTY29JAN2557000PE.NFO,2024-12-10,10:39:00,2025-01-29,3095.0,3126.0,3095.0,3126.0,30,2805,0
BANKNIFTY29JAN2557000PE.NFO,2024-12-10,10:40:00,2025-01-29,3126.0,3126.0,3126.0,3126.0,0,2805,0
BANKNIFTY29JAN2557000PE.NFO,2024-12-10,10:41:00,2025-01-29,3126.0,3126.0,3126.0,3126.0,0,2805,0
BANKNIFTY29JAN2557000PE.NFO,2024-12-10,10:42:00,2025-01-29,3126.0,3126.0,3126.0,3126.0,0,2805,0
BANKNIFTY29JAN2557000PE.NFO,2024-12-10,10:43:00,2025-01-29,3126.0,3126.0,3126.0,3126.0,0,2805,0
BANKNIFTY29JAN2557000PE.NFO,2024-12-10,10:44:00,2025-01-29,3126.0,3126.0,3126.0,3126.0,0,2805,0
BANKNIFTY29JAN2557000PE.NFO,2024-12-10,10:45:00,2025-01-29,3126.0,3126.0,3126.0,3126.0,0,2805,0
BANKNIFTY29JAN2557000PE.NFO,2024-12-10,10:46:00,2025-01-29,3126.0,3126.0,3126.0,3126.0,0,2805,0
BANKNIFTY29JAN2557000PE.NFO,2024-12-10,10:47:00,2025-01-29,3126.0,3126.0,3126.0,3126.0,0,2805,0
BANKNIFTY29JAN2557000PE.NFO,2024-12-10,10:48:00,2025-01-29,3126.0,3126.0,3126.0,3126.0,0,2805,0
BANKNIFTY29JAN2557000PE.NFO,2024-12-10,10:49:00,2025-01-29,3126.0,3126.0,3126.0,3126.0,0,2805,0
BANKNIFTY29JAN2557000PE.NFO,2024-12-10,10:50:00,2025-01-29,3126.0,3126.0,3126.0,3126.0,0,2805,0
BANKNIFTY29JAN2557000PE.NFO,2024-12-10,10:51:00,2025-01-29,3126.0,3126.0,3126.0,3126.0,0,2805,0
BANKNIFTY29JAN2557000PE.NFO,2024-12-10,10:52:00,2025-01-29,3126.0,3126.0,3126.0,3126.0,0,2805,0
BANKNIFTY29JAN2557000PE.NFO,2024-12-10,10:53:00,2025-01-29,3126.0,3126.0,3126.0,3126.0,0,2805,0
BANKNIFTY29JAN2557000PE.NFO,2024-12-10,10:54:00,2025-01-29,3126.0,3126.0,3126.0,3126.0,0,2805,0
BANKNIFTY29JAN2557000PE.NFO,2024-12-10,10:55:00,2025-01-29,3126.0,3126.0,3126.0,3126.0,0,2805,0
BANKNIFTY29JAN2557000PE.NFO,2024-12-10,10:56:00,2025-01-29,3126.0,3126.0,3126.0,3126.0,0,2805,0
BANKNIFTY29JAN2557000PE.NFO,2024-12-10,10:57:00,2025-01-29,3126.0,3126.0,3126.0,3126.0,0,2805,0
BANKNIFTY29JAN2557000PE.NFO,2024-12-10,10:58:00,2025-01-29,3126.0,3126.0,3126.0,3126.0,0,2805,0
BANKNIFTY29JAN2557000PE.NFO,2024-12-10,10:59:00,2025-01-29,3126.0,3126.0,3126.0,3126.0,0,2805,0
BANKNIFTY29JAN2557000PE.NFO,2024-12-10,11:00:00,2025-01-29,3126.0,3126.0,3126.0,3126.0,0,2805,0
BANKNIFTY29JAN2557000PE.NFO,2024-12-10,11:01:00,2025-01-29,3126.0,3126.0,3126.0,3126.0,0,2805,0
BANKNIFTY29JAN2557000PE.NFO,2024-12-10,11:02:00,2025-01-29,3126.0,3126.0,3126.0,3126.0,0,2805,0
BANKNIFTY29JAN2557000PE.NFO,2024-12-10,11:03:00,2025-01-29,3126.0,3126.0,3126.0,3126.0,0,2805,0
BANKNIFTY29JAN2557000PE.NFO,2024-12-10,11:04:00,2025-01-29,3126.0,3126.0,3126.0,3126.0,0,2805,0
BANKNIFTY29JAN2557000PE.NFO,2024-12-10,11:05:00,2025-01-29,3126.0,3126.0,3126.0,3126.0,0,2805,0
BANKNIFTY29JAN2557000PE.NFO,2024-12-10,11:06:00,2025-01-29,3126.0,3126.0,3126.0,3126.0,0,2805,0
BANKNIFTY29JAN2557000PE.NFO,2024-12-10,11:07:00,2025-01-29,3126.0,3126.0,3126.0,3126.0,0,2805,0
BANKNIFTY29JAN2557000PE.NFO,2024-12-10,11:08:00,2025-01-29,3126.0,3126.0,3126.0,3126.0,0,2805,0
BANKNIFTY29JAN2557000PE.NFO,2024-12-10,11:09:00,2025-01-29,3126.0,3126.0,3126.0,3126.0,0,2805,0
BANKNIFTY29JAN2557000PE.NFO,2024-12-10,11:10:00,2025-01-29,3126.0,3126.0,3126.0,3126.0,0,2805,0
BANKNIFTY29JAN2557000PE.NFO,2024-12-10,11:11:00,2025-01-29,3126.0,3126.0,3126.0,3126.0,0,2805,0
BANKNIFTY29JAN2557000PE.NFO,2024-12-10,11:12:00,2025-01-29,3126.0,3126.0,3126.0,3126.0,0,2805,0
BANKNIFTY29JAN2557000PE.NFO,2024-12-10,11:13:00,2025-01-29,3126.0,3126.0,3126.0,3126.0,0,2805,0
BANKNIFTY29JAN2557000PE.NFO,2024-12-10,11:14:00,2025-01-29,3126.0,3126.0,3126.0,3126.0,0,2805,0
BANKNIFTY29JAN2557000PE.NFO,2024-12-10,11:15:00,2025-01-29,3126.0,3126.0,3126.0,3126.0,0,2805,0
BANKNIFTY29JAN2557000PE.NFO,2024-12-10,11:16:00,2025-01-29,3126.0,3126.0,3126.0,3126.0,0,2805,0
BANKNIFTY29JAN2557000PE.NFO,2024-12-10,11:17:00,2025-01-29,3126.0,3126.0,3126.0,3126.0,0,2805,0
BANKNIFTY29JAN2557000PE.NFO,2024-12-10,11:18:00,2025-01-29,3126.0,3126.0,3126.0,3126.0,0,2805,0
BANKNIFTY29JAN2557000PE.NFO,2024-12-10,11:19:00,2025-01-29,3126.0,3126.0,3126.0,3126.0,0,2805,0
BANKNIFTY29JAN2557000PE.NFO,2024-12-10,11:20:00,2025-01-29,3126.0,3126.0,3126.0,3126.0,0,2805,0
BANKNIFTY29JAN2557000PE.NFO,2024-12-10,11:21:00,2025-01-29,3126.0,3126.0,3126.0,3126.0,0,2805,0
BANKNIFTY29JAN2557000PE.NFO,2024-12-10,11:22:00,2025-01-29,3126.0,3126.0,3126.0,3126.0,0,2805,0
BANKNIFTY29JAN2557000PE.NFO,2024-12-10,11:23:00,2025-01-29,3126.0,3126.0,3126.0,3126.0,0,2805,0
BANKNIFTY29JAN2557000PE.NFO,2024-12-10,11:24:00,2025-01-29,3126.0,3126.0,3126.0,3126.0,0,2805,0
BANKNIFTY29JAN2557000PE.NFO,2024-12-10,11:25:00,2025-01-29,3126.0,3126.0,3126.0,3126.0,0,2805,0
BANKNIFTY29JAN2557000PE.NFO,2024-12-10,11:26:00,2025-01-29,3126.0,3126.0,3126.0,3126.0,0,2805,0
BANKNIFTY29JAN2557000PE.NFO,2024-12-10,11:27:00,2025-01-29,3126.0,3126.0,3126.0,3126.0,0,2805,0
BANKNIFTY29JAN2557000PE.NFO,2024-12-10,11:28:00,2025-01-29,3126.0,3126.0,3126.0,3126.0,0,2805,1
BANKNIFTY29JAN2557000PE.NFO,2024-12-10,11:29:00,2025-01-29,3126.0,3126.0,3126.0,3126.0,0,2805,1
BANKNIFTY29JAN2557000PE.NFO,2024-12-10,11:30:00,2025-01-29,3126.0,3126.0,3126.0,3126.0,0,2805,0
BANKNIFTY29JAN2557000PE.NFO,2024-12-10,11:31:00,2025-01-29,3126.0,3126.0,3126.0,3126.0,0,2805,0
BANKNIFTY29JAN2557000PE.NFO,2024-12-10,11:32:00,2025-01-29,3126.0,3126.0,3126.0,3126.0,0,2805,1
BANKNIFTY29JAN2557000PE.NFO,2024-12-10,11:33:00,2025-01-29,3126.0,3126.0,3126.0,3126.0,0,2805,1
BANKNIFTY29JAN2557000PE.NFO,2024-12-10,11:34:00,2025-01-29,3126.0,3126.0,3126.0,3126.0,0,2805,0
BANKNIFTY29JAN2557000PE.NFO,2024-12-10,11:35:00,2025-01-29,3126.0,3126.0,3126.0,3126.0,0,2805,0
BANKNIFTY29JAN2557000PE.NFO,2024-12-10,11:36:00,2025-01-29,3126.0,3126.0,3126.0,3126.0,0,2805,0
BANKNIFTY29JAN2557000PE.NFO,2024-12-10,11:37:00,2025-01-29,3126.0,3126.0,3126.0,3126.0,0,2805,0
BANKNIFTY29JAN2557000PE.NFO,2024-12-10,11:38:00,2025-01-29,3126.0,3126.0,3126.0,3126.0,0,2805,1
BANKNIFTY29JAN2557000PE.NFO,2024-12-10,11:39:00,2025-01-29,3126.0,3126.0,3126.0,3126.0,0,2805,0
BANKNIFTY29JAN2557000PE.NFO,2024-12-10,11:40:00,2025-01-29,3126.0,3126.0,3126.0,3126.0,0,2805,0
BANKNIFTY29JAN2557000PE.NFO,2024-12-10,11:41:00,2025-01-29,3126.0,3126.0,3126.0,3126.0,0,2805,0
BANKNIFTY29JAN2557000PE.NFO,2024-12-10,11:42:00,2025-01-29,3126.0,3126.0,3126.0,3126.0,0,2805,0
BANKNIFTY29JAN2557000PE.NFO,2024-12-10,11:43:00,2025-01-29,3126.0,3126.0,3126.0,3126.0,0,2805,0
BANKNIFTY29JAN2557000PE.NFO,2024-12-10,11:44:00,2025-01-29,3126.0,3126.0,3126.0,3126.0,0,2805,0
BANKNIFTY29JAN2557000PE.NFO,2024-12-10,11:45:00,2025-01-29,3126.0,3126.0,3126.0,3126.0,0,2805,0
BANKNIFTY29JAN2557000PE.NFO,2024-12-10,11:46:00,2025-01-29,3126.0,3126.0,3126.0,3126.0,0,2805,0
BANKNIFTY29JAN2557000PE.NFO,2024-12-10,11:47:00,2025-01-29,3126.0,3126.0,3126.0,3126.0,0,2805,0
BANKNIFTY29JAN2557000PE.NFO,2024-12-10,11:48:00,2025-01-29,3126.0,3126.0,3100.0,3100.0,15,2835,0
BANKNIFTY29JAN2557000PE.NFO,2024-12-10,11:49:00,2025-01-29,3100.0,3100.0,3100.0,3100.0,0,2835,0
BANKNIFTY29JAN2557000PE.NFO,2024-12-10,11:50:00,2025-01-29,3100.0,3100.0,3100.0,3100.0,0,2835,0
BANKNIFTY29JAN2557000PE.NFO,2024-12-10,11:51:00,2025-01-29,3100.0,3100.0,3100.0,3100.0,0,2835,0
BANKNIFTY29JAN2557000PE.NFO,2024-12-10,11:52:00,2025-01-29,3100.0,3100.0,3100.0,3100.0,0,2835,0
BANKNIFTY29JAN2557000PE.NFO,2024-12-10,11:53:00,2025-01-29,3100.0,3100.0,3100.0,3100.0,0,2835,0
BANKNIFTY29JAN2557000PE.NFO,2024-12-10,11:54:00,2025-01-29,3100.0,3100.0,3100.0,3100.0,0,2835,0
BANKNIFTY29JAN2557000PE.NFO,2024-12-10,11:55:00,2025-01-29,3100.0,3100.0,3100.0,3100.0,0,2835,0
BANKNIFTY29JAN2557000PE.NFO,2024-12-10,11:56:00,2025-01-29,3100.0,3100.0,3100.0,3100.0,0,2835,0
BANKNIFTY29JAN2557000PE.NFO,2024-12-10,11:57:00,2025-01-29,3100.0,3100.0,3100.0,3100.0,0,2835,0
BANKNIFTY29JAN2557000PE.NFO,2024-12-10,11:58:00,2025-01-29,3100.0,3100.0,3100.0,3100.0,0,2835,0
BANKNIFTY29JAN2557000PE.NFO,2024-12-10,11:59:00,2025-01-29,3100.0,3100.0,3100.0,3100.0,0,2835,0
BANKNIFTY29JAN2557000PE.NFO,2024-12-10,12:00:00,2025-01-29,3100.0,3100.0,3100.0,3100.0,0,2835,0
BANKNIFTY29JAN2557000PE.NFO,2024-12-10,12:01:00,2025-01-29,3100.0,3100.0,3100.0,3100.0,0,2835,0
BANKNIFTY29JAN2557000PE.NFO,2024-12-10,12:02:00,2025-01-29,3100.0,3100.0,3100.0,3100.0,0,2835,0
BANKNIFTY29JAN2557000PE.NFO,2024-12-10,12:03:00,2025-01-29,3100.0,3100.0,3100.0,3100.0,0,2835,0
BANKNIFTY29JAN2557000PE.NFO,2024-12-10,12:04:00,2025-01-29,3100.0,3100.0,3100.0,3100.0,0,2835,0
BANKNIFTY29JAN2557000PE.NFO,2024-12-10,12:05:00,2025-01-29,3100.0,3100.0,3100.0,3100.0,0,2835,0
BANKNIFTY29JAN2557000PE.NFO,2024-12-10,12:06:00,2025-01-29,3100.0,3100.0,3100.0,3100.0,0,2835,0
BANKNIFTY29JAN2557000PE.NFO,2024-12-10,12:07:00,2025-01-29,3100.0,3100.0,3100.0,3100.0,0,2835,0
BANKNIFTY29JAN2557000PE.NFO,2024-12-10,12:08:00,2025-01-29,3100.0,3100.0,3100.0,3100.0,0,2835,0
BANKNIFTY29JAN2557000PE.NFO,2024-12-10,12:09:00,2025-01-29,3100.0,3100.0,3100.0,3100.0,0,2835,0
BANKNIFTY29JAN2557000PE.NFO,2024-12-10,12:10:00,2025-01-29,3100.0,3100.0,3100.0,3100.0,0,2835,0
BANKNIFTY29JAN2557000PE.NFO,2024-12-10,12:11:00,2025-01-29,3100.0,3100.0,3100.0,3100.0,0,2835,0
BANKNIFTY29JAN2557000PE.NFO,2024-12-10,12:12:00,2025-01-29,3100.0,3100.0,3100.0,3100.0,0,2835,0
BANKNIFTY29JAN2557000PE.NFO,2024-12-10,12:13:00,2025-01-29,3100.0,3100.0,3100.0,3100.0,0,2835,0
BANKNIFTY29JAN2557000PE.NFO,2024-12-10,12:14:00,2025-01-29,3100.0,3100.0,3100.0,3100.0,0,2835,0
BANKNIFTY29JAN2557000PE.NFO,2024-12-10,12:15:00,2025-01-29,3100.0,3100.0,3100.0,3100.0,0,2835,0
BANKNIFTY29JAN2557000PE.NFO,2024-12-10,12:16:00,2025-01-29,3100.0,3100.0,3100.0,3100.0,0,2835,0
BANKNIFTY29JAN2557000PE.NFO,2024-12-10,12:17:00,2025-01-29,3100.0,3100.0,3100.0,3100.0,0,2835,0
BANKNIFTY29JAN2557000PE.NFO,2024-12-10,12:18:00,2025-01-29,3100.0,3100.0,3100.0,3100.0,0,2835,0
BANKNIFTY29JAN2557000PE.NFO,2024-12-10,12:19:00,2025-01-29,3100.0,3100.0,3100.0,3100.0,0,2835,0
BANKNIFTY29JAN2557000PE.NFO,2024-12-10,12:20:00,2025-01-29,3100.0,3100.0,3100.0,3100.0,0,2835,0
BANKNIFTY29JAN2557000PE.NFO,2024-12-10,12:21:00,2025-01-29,3100.0,3100.0,3100.0,3100.0,0,2835,0
BANKNIFTY29JAN2557000PE.NFO,2024-12-10,12:22:00,2025-01-29,3100.0,3100.0,3100.0,3100.0,0,2835,0
BANKNIFTY29JAN2557000PE.NFO,2024-12-10,12:23:00,2025-01-29,3100.0,3100.0,3100.0,3100.0,0,2835,0
BANKNIFTY29JAN2557000PE.NFO,2024-12-10,12:24:00,2025-01-29,3100.0,3100.0,3100.0,3100.0,0,2835,0
BANKNIFTY29JAN2557000PE.NFO,2024-12-10,12:25:00,2025-01-29,3100.0,3100.0,3100.0,3100.0,0,2835,0
BANKNIFTY29JAN2557000PE.NFO,2024-12-10,12:26:00,2025-01-29,3100.0,3100.0,3100.0,3100.0,0,2835,0
BANKNIFTY29JAN2557000PE.NFO,2024-12-10,12:27:00,2025-01-29,3100.0,3100.0,3100.0,3100.0,0,2835,0
BANKNIFTY29JAN2557000PE.NFO,2024-12-10,12:28:00,2025-01-29,3100.0,3100.0,3100.0,3100.0,0,2835,0
BANKNIFTY29JAN2557000PE.NFO,2024-12-10,12:29:00,2025-01-29,3100.0,3100.0,3100.0,3100.0,0,2835,0
BANKNIFTY29JAN2557000PE.NFO,2024-12-10,12:30:00,2025-01-29,3100.0,3100.0,3100.0,3100.0,0,2835,0
BANKNIFTY29JAN2557000PE.NFO,2024-12-10,12:31:00,2025-01-29,3100.0,3100.0,3100.0,3100.0,0,2835,0
BANKNIFTY29JAN2557000PE.NFO,2024-12-10,12:32:00,2025-01-29,3100.0,3100.0,3100.0,3100.0,0,2835,0
BANKNIFTY29JAN2557000PE.NFO,2024-12-10,12:33:00,2025-01-29,3100.0,3100.0,3100.0,3100.0,0,2835,0
BANKNIFTY29JAN2557000PE.NFO,2024-12-10,12:34:00,2025-01-29,3100.0,3100.0,3100.0,3100.0,0,2835,0
BANKNIFTY29JAN2557000PE.NFO,2024-12-10,12:35:00,2025-01-29,3100.0,3100.0,3100.0,3100.0,0,2835,0
BANKNIFTY29JAN2557000PE.NFO,2024-12-10,12:36:00,2025-01-29,3100.0,3100.0,3100.0,3100.0,0,2835,0
BANKNIFTY29JAN2557000PE.NFO,2024-12-10,12:37:00,2025-01-29,3100.0,3100.0,3100.0,3100.0,0,2835,0
BANKNIFTY29JAN2557000PE.NFO,2024-12-10,12:38:00,2025-01-29,3100.0,3100.0,3100.0,3100.0,0,2835,0
BANKNIFTY29JAN2557000PE.NFO,2024-12-10,12:39:00,2025-01-29,3100.0,3100.0,3100.0,3100.0,0,2835,0
BANKNIFTY29JAN2557000PE.NFO,2024-12-10,12:40:00,2025-01-29,3100.0,3100.0,3100.0,3100.0,0,2835,0
BANKNIFTY29JAN2557000PE.NFO,2024-12-10,12:41:00,2025-01-29,3100.0,3100.0,3100.0,3100.0,0,2835,0
BANKNIFTY29JAN2557000PE.NFO,2024-12-10,12:42:00,2025-01-29,3252.4,3252.4,3252.4,3252.4,15,2850,0
BANKNIFTY29JAN2557000PE.NFO,2024-12-10,12:43:00,2025-01-29,3252.4,3252.4,3252.4,3252.4,0,2850,0
BANKNIFTY29JAN2557000PE.NFO,2024-12-10,12:44:00,2025-01-29,3252.4,3252.4,3252.4,3252.4,0,2850,0
BANKNIFTY29JAN2557000PE.NFO,2024-12-10,12:45:00,2025-01-29,3252.4,3252.4,3252.4,3252.4,0,2850,0
BANKNIFTY29JAN2557000PE.NFO,2024-12-10,12:46:00,2025-01-29,3252.4,3252.4,3252.4,3252.4,0,2850,0
BANKNIFTY29JAN2557000PE.NFO,2024-12-10,12:47:00,2025-01-29,3252.4,3252.4,3252.4,3252.4,0,2850,0
BANKNIFTY29JAN2557000PE.NFO,2024-12-10,12:48:00,2025-01-29,3252.4,3252.4,3252.4,3252.4,0,2850,0
BANKNIFTY29JAN2557000PE.NFO,2024-12-10,12:49:00,2025-01-29,3252.4,3252.4,3252.4,3252.4,0,2850,0
BANKNIFTY29JAN2557000PE.NFO,2024-12-10,12:50:00,2025-01-29,3252.4,3252.4,3252.4,3252.4,0,2850,0
BANKNIFTY29JAN2557000PE.NFO,2024-12-10,12:51:00,2025-01-29,3252.4,3252.4,3252.4,3252.4,0,2850,0
BANKNIFTY29JAN2557000PE.NFO,2024-12-10,12:52:00,2025-01-29,3252.4,3252.4,3252.4,3252.4,0,2850,0
BANKNIFTY29JAN2557000PE.NFO,2024-12-10,12:53:00,2025-01-29,3252.4,3252.4,3252.4,3252.4,0,2850,0
BANKNIFTY29JAN2557000PE.NFO,2024-12-10,12:54:00,2025-01-29,3252.4,3252.4,3252.4,3252.4,0,2850,0
BANKNIFTY29JAN2557000PE.NFO,2024-12-10,12:55:00,2025-01-29,3252.4,3252.4,3252.4,3252.4,0,2850,0
BANKNIFTY29JAN2557000PE.NFO,2024-12-10,12:56:00,2025-01-29,3252.4,3252.4,3252.4,3252.4,0,2850,0
BANKNIFTY29JAN2557000PE.NFO,2024-12-10,12:57:00,2025-01-29,3252.4,3252.4,3252.4,3252.4,0,2850,0
BANKNIFTY29JAN2557000PE.NFO,2024-12-10,12:58:00,2025-01-29,3252.4,3252.4,3252.4,3252.4,0,2850,0
BANKNIFTY29JAN2557000PE.NFO,2024-12-10,12:59:00,2025-01-29,3252.4,3252.4,3252.4,3252.4,0,2850,0
BANKNIFTY29JAN2557000PE.NFO,2024-12-10,13:00:00,2025-01-29,3252.4,3252.4,3252.4,3252.4,0,2850,0
BANKNIFTY29JAN2557000PE.NFO,2024-12-10,13:01:00,2025-01-29,3252.4,3252.4,3252.4,3252.4,0,2850,0
BANKNIFTY29JAN2557000PE.NFO,2024-12-10,13:02:00,2025-01-29,3252.4,3252.4,3252.4,3252.4,0,2850,0
BANKNIFTY29JAN2557000PE.NFO,2024-12-10,13:03:00,2025-01-29,3252.4,3252.4,3252.4,3252.4,0,2850,0
BANKNIFTY29JAN2557000PE.NFO,2024-12-10,13:04:00,2025-01-29,3252.4,3252.4,3252.4,3252.4,0,2850,0
BANKNIFTY29JAN2557000PE.NFO,2024-12-10,13:05:00,2025-01-29,3252.4,3252.4,3252.4,3252.4,0,2850,0
BANKNIFTY29JAN2557000PE.NFO,2024-12-10,13:06:00,2025-01-29,3252.4,3252.4,3252.4,3252.4,0,2850,0
BANKNIFTY29JAN2557000PE.NFO,2024-12-10,13:07:00,2025-01-29,3252.4,3252.4,3252.4,3252.4,0,2850,0
BANKNIFTY29JAN2557000PE.NFO,2024-12-10,13:08:00,2025-01-29,3252.4,3252.4,3252.4,3252.4,0,2850,0
BANKNIFTY29JAN2557000PE.NFO,2024-12-10,13:09:00,2025-01-29,3252.4,3252.4,3252.4,3252.4,0,2850,0
BANKNIFTY29JAN2557000PE.NFO,2024-12-10,13:10:00,2025-01-29,3252.4,3252.4,3252.4,3252.4,0,2850,0
BANKNIFTY29JAN2557000PE.NFO,2024-12-10,13:11:00,2025-01-29,3252.4,3252.4,3252.4,3252.4,0,2850,0
BANKNIFTY29JAN2557000PE.NFO,2024-12-10,13:12:00,2025-01-29,3252.4,3252.4,3252.4,3252.4,0,2850,0
BANKNIFTY29JAN2557000PE.NFO,2024-12-10,13:13:00,2025-01-29,3252.4,3252.4,3252.4,3252.4,0,2850,0
BANKNIFTY29JAN2557000PE.NFO,2024-12-10,13:14:00,2025-01-29,3252.4,3252.4,3252.4,3252.4,0,2850,0
BANKNIFTY29JAN2557000PE.NFO,2024-12-10,13:15:00,2025-01-29,3252.4,3252.4,3252.4,3252.4,0,2850,0
BANKNIFTY29JAN2557000PE.NFO,2024-12-10,13:16:00,2025-01-29,3252.4,3252.4,3252.4,3252.4,0,2850,0
BANKNIFTY29JAN2557000PE.NFO,2024-12-10,13:17:00,2025-01-29,3252.4,3252.4,3252.4,3252.4,0,2850,0
BANKNIFTY29JAN2557000PE.NFO,2024-12-10,13:18:00,2025-01-29,3252.4,3252.4,3252.4,3252.4,0,2850,0
BANKNIFTY29JAN2557000PE.NFO,2024-12-10,13:19:00,2025-01-29,3252.4,3252.4,3252.4,3252.4,0,2850,0
BANKNIFTY29JAN2557000PE.NFO,2024-12-10,13:20:00,2025-01-29,3252.4,3252.4,3252.4,3252.4,0,2850,0
BANKNIFTY29JAN2557000PE.NFO,2024-12-10,13:21:00,2025-01-29,3252.4,3252.4,3252.4,3252.4,0,2850,0
BANKNIFTY29JAN2557000PE.NFO,2024-12-10,13:22:00,2025-01-29,3252.4,3252.4,3252.4,3252.4,0,2850,0
BANKNIFTY29JAN2557000PE.NFO,2024-12-10,13:23:00,2025-01-29,3252.4,3252.4,3252.4,3252.4,0,2850,0
BANKNIFTY29JAN2557000PE.NFO,2024-12-10,13:24:00,2025-01-29,3252.4,3252.4,3252.4,3252.4,0,2850,0
BANKNIFTY29JAN2557000PE.NFO,2024-12-10,13:25:00,2025-01-29,3252.4,3252.4,3252.4,3252.4,0,2850,0
BANKNIFTY29JAN2557000PE.NFO,2024-12-10,13:26:00,2025-01-29,3252.4,3252.4,3252.4,3252.4,0,2850,0
BANKNIFTY29JAN2557000PE.NFO,2024-12-10,13:27:00,2025-01-29,3252.4,3252.4,3252.4,3252.4,0,2850,0
BANKNIFTY29JAN2557000PE.NFO,2024-12-10,13:28:00,2025-01-29,3252.4,3252.4,3252.4,3252.4,0,2850,0
BANKNIFTY29JAN2557000PE.NFO,2024-12-10,13:29:00,2025-01-29,3252.4,3252.4,3252.4,3252.4,0,2850,0
BANKNIFTY29JAN2557000PE.NFO,2024-12-10,13:30:00,2025-01-29,3252.4,3252.4,3252.4,3252.4,0,2850,0
BANKNIFTY29JAN2557000PE.NFO,2024-12-10,13:31:00,2025-01-29,3252.4,3252.4,3252.4,3252.4,0,2850,0
BANKNIFTY29JAN2557000PE.NFO,2024-12-10,13:32:00,2025-01-29,3252.4,3252.4,3252.4,3252.4,0,2850,0
BANKNIFTY29JAN2557000PE.NFO,2024-12-10,13:33:00,2025-01-29,3252.4,3252.4,3252.4,3252.4,0,2850,0
BANKNIFTY29JAN2557000PE.NFO,2024-12-10,13:34:00,2025-01-29,3252.4,3252.4,3252.4,3252.4,0,2850,0
BANKNIFTY29JAN2557000PE.NFO,2024-12-10,13:35:00,2025-01-29,3252.4,3252.4,3252.4,3252.4,0,2850,0
BANKNIFTY29JAN2557000PE.NFO,2024-12-10,13:36:00,2025-01-29,3252.4,3252.4,3252.4,3252.4,0,2850,0
BANKNIFTY29JAN2557000PE.NFO,2024-12-10,13:37:00,2025-01-29,3252.4,3252.4,3252.4,3252.4,0,2850,0
BANKNIFTY29JAN2557000PE.NFO,2024-12-10,13:38:00,2025-01-29,3252.4,3252.4,3252.4,3252.4,0,2850,0
BANKNIFTY29JAN2557000PE.NFO,2024-12-10,13:39:00,2025-01-29,3252.4,3252.4,3252.4,3252.4,0,2850,0
BANKNIFTY29JAN2557000PE.NFO,2024-12-10,13:40:00,2025-01-29,3252.4,3252.4,3252.4,3252.4,0,2850,0
BANKNIFTY29JAN2557000PE.NFO,2024-12-10,13:41:00,2025-01-29,3252.4,3252.4,3252.4,3252.4,0,2850,0
BANKNIFTY29JAN2557000PE.NFO,2024-12-10,13:42:00,2025-01-29,3252.4,3252.4,3252.4,3252.4,0,2850,0
BANKNIFTY29JAN2557000PE.NFO,2024-12-10,13:43:00,2025-01-29,3252.4,3252.4,3252.4,3252.4,0,2850,0
BANKNIFTY29JAN2557000PE.NFO,2024-12-10,13:44:00,2025-01-29,3252.4,3252.4,3252.4,3252.4,0,2850,0
BANKNIFTY29JAN2557000PE.NFO,2024-12-10,13:45:00,2025-01-29,3252.4,3252.4,3252.4,3252.4,0,2850,0
BANKNIFTY29JAN2557000PE.NFO,2024-12-10,13:46:00,2025-01-29,3252.4,3252.4,3252.4,3252.4,0,2850,0
BANKNIFTY29JAN2557000PE.NFO,2024-12-10,13:47:00,2025-01-29,3252.4,3252.4,3252.4,3252.4,0,2850,0
BANKNIFTY29JAN2557000PE.NFO,2024-12-10,13:48:00,2025-01-29,3252.4,3252.4,3252.4,3252.4,0,2850,0
BANKNIFTY29JAN2557000PE.NFO,2024-12-10,13:49:00,2025-01-29,3252.4,3252.4,3252.4,3252.4,0,2850,0
BANKNIFTY29JAN2557000PE.NFO,2024-12-10,13:50:00,2025-01-29,3252.4,3252.4,3252.4,3252.4,0,2850,0
BANKNIFTY29JAN2557000PE.NFO,2024-12-10,13:51:00,2025-01-29,3252.4,3252.4,3252.4,3252.4,0,2850,0
BANKNIFTY29JAN2557000PE.NFO,2024-12-10,13:52:00,2025-01-29,3252.4,3252.4,3252.4,3252.4,0,2850,0
BANKNIFTY29JAN2557000PE.NFO,2024-12-10,13:53:00,2025-01-29,3252.4,3252.4,3252.4,3252.4,0,2850,0
BANKNIFTY29JAN2557000PE.NFO,2024-12-10,13:54:00,2025-01-29,3252.4,3252.4,3252.4,3252.4,0,2850,0
BANKNIFTY29JAN2557000PE.NFO,2024-12-10,13:55:00,2025-01-29,3252.4,3252.4,3252.4,3252.4,0,2850,0
BANKNIFTY29JAN2557000PE.NFO,2024-12-10,13:56:00,2025-01-29,3252.4,3252.4,3252.4,3252.4,0,2850,0
BANKNIFTY29JAN2557000PE.NFO,2024-12-10,13:57:00,2025-01-29,3252.4,3252.4,3252.4,3252.4,0,2850,0
BANKNIFTY29JAN2557000PE.NFO,2024-12-10,13:58:00,2025-01-29,3252.4,3252.4,3252.4,3252.4,0,2850,0
BANKNIFTY29JAN2557000PE.NFO,2024-12-10,13:59:00,2025-01-29,3252.4,3252.4,3252.4,3252.4,0,2850,0
BANKNIFTY29JAN2557000PE.NFO,2024-12-10,14:00:00,2025-01-29,3252.4,3252.4,3252.4,3252.4,0,2850,0
BANKNIFTY29JAN2557000PE.NFO,2024-12-10,14:01:00,2025-01-29,3252.4,3252.4,3252.4,3252.4,0,2850,0
BANKNIFTY29JAN2557000PE.NFO,2024-12-10,14:02:00,2025-01-29,3252.4,3252.4,3252.4,3252.4,0,2850,0
BANKNIFTY29JAN2557000PE.NFO,2024-12-10,14:03:00,2025-01-29,3252.4,3252.4,3252.4,3252.4,0,2850,0
BANKNIFTY29JAN2557000PE.NFO,2024-12-10,14:04:00,2025-01-29,3252.4,3252.4,3252.4,3252.4,0,2850,0
BANKNIFTY29JAN2557000PE.NFO,2024-12-10,14:05:00,2025-01-29,3252.4,3252.4,3252.4,3252.4,0,2850,0
BANKNIFTY29JAN2557000PE.NFO,2024-12-10,14:06:00,2025-01-29,3252.4,3252.4,3252.4,3252.4,0,2850,0
BANKNIFTY29JAN2557000PE.NFO,2024-12-10,14:07:00,2025-01-29,3252.4,3252.4,3252.4,3252.4,0,2850,0
BANKNIFTY29JAN2557000PE.NFO,2024-12-10,14:08:00,2025-01-29,3252.4,3252.4,3168.9,3168.9,15,2850,0
BANKNIFTY29JAN2557000PE.NFO,2024-12-10,14:09:00,2025-01-29,3168.9,3168.9,3168.9,3168.9,0,2850,0
BANKNIFTY29JAN2557000PE.NFO,2024-12-10,14:10:00,2025-01-29,3168.9,3168.9,3168.9,3168.9,0,2850,0
BANKNIFTY29JAN2557000PE.NFO,2024-12-10,14:11:00,2025-01-29,3168.9,3168.9,3168.9,3168.9,0,2850,0
BANKNIFTY29JAN2557000PE.NFO,2024-12-10,14:12:00,2025-01-29,3168.9,3168.9,3168.9,3168.9,0,2850,0
BANKNIFTY29JAN2557000PE.NFO,2024-12-10,14:13:00,2025-01-29,3168.9,3168.9,3168.9,3168.9,0,2850,0
BANKNIFTY29JAN2557000PE.NFO,2024-12-10,14:14:00,2025-01-29,3168.9,3175.0,3168.9,3175.0,30,2865,0
BANKNIFTY29JAN2557000PE.NFO,2024-12-10,14:15:00,2025-01-29,3175.0,3175.0,3175.0,3175.0,0,2865,0
BANKNIFTY29JAN2557000PE.NFO,2024-12-10,14:16:00,2025-01-29,3175.0,3175.0,3175.0,3175.0,0,2865,0
BANKNIFTY29JAN2557000PE.NFO,2024-12-10,14:17:00,2025-01-29,3175.0,3175.0,3175.0,3175.0,0,2865,0
BANKNIFTY29JAN2557000PE.NFO,2024-12-10,14:18:00,2025-01-29,3175.0,3175.0,3175.0,3175.0,0,2865,0
BANKNIFTY29JAN2557000PE.NFO,2024-12-10,14:19:00,2025-01-29,3175.0,3175.0,3175.0,3175.0,0,2865,0
BANKNIFTY29JAN2557000PE.NFO,2024-12-10,14:20:00,2025-01-29,3175.0,3175.0,3175.0,3175.0,0,2865,0
BANKNIFTY29JAN2557000PE.NFO,2024-12-10,14:21:00,2025-01-29,3175.0,3175.0,3175.0,3175.0,0,2865,0
BANKNIFTY29JAN2557000PE.NFO,2024-12-10,14:22:00,2025-01-29,3175.0,3175.0,3175.0,3175.0,0,2865,0
BANKNIFTY29JAN2557000PE.NFO,2024-12-10,14:23:00,2025-01-29,3175.0,3175.0,3175.0,3175.0,0,2865,0
BANKNIFTY29JAN2557000PE.NFO,2024-12-10,14:24:00,2025-01-29,3175.0,3175.0,3175.0,3175.0,0,2865,0
BANKNIFTY29JAN2557000PE.NFO,2024-12-10,14:25:00,2025-01-29,3175.0,3175.0,3175.0,3175.0,0,2865,0
BANKNIFTY29JAN2557000PE.NFO,2024-12-10,14:26:00,2025-01-29,3175.0,3175.0,3175.0,3175.0,0,2865,0
BANKNIFTY29JAN2557000PE.NFO,2024-12-10,14:27:00,2025-01-29,3175.0,3175.0,3175.0,3175.0,0,2865,0
BANKNIFTY29JAN2557000PE.NFO,2024-12-10,14:28:00,2025-01-29,3175.0,3175.0,3175.0,3175.0,0,2865,0
BANKNIFTY29JAN2557000PE.NFO,2024-12-10,14:29:00,2025-01-29,3175.0,3175.0,3175.0,3175.0,0,2865,0
BANKNIFTY29JAN2557000PE.NFO,2024-12-10,14:30:00,2025-01-29,3175.0,3175.0,3175.0,3175.0,0,2865,0
BANKNIFTY29JAN2557000PE.NFO,2024-12-10,14:31:00,2025-01-29,3175.0,3175.0,3175.0,3175.0,0,2865,0
BANKNIFTY29JAN2557000PE.NFO,2024-12-10,14:32:00,2025-01-29,3175.0,3175.0,3175.0,3175.0,0,2865,0
BANKNIFTY29JAN2557000PE.NFO,2024-12-10,14:33:00,2025-01-29,3175.0,3175.0,3175.0,3175.0,0,2865,0
BANKNIFTY29JAN2557000PE.NFO,2024-12-10,14:34:00,2025-01-29,3175.0,3175.0,3175.0,3175.0,0,2865,0
BANKNIFTY29JAN2557000PE.NFO,2024-12-10,14:35:00,2025-01-29,3175.0,3175.0,3175.0,3175.0,0,2865,0
BANKNIFTY29JAN2557000PE.NFO,2024-12-10,14:36:00,2025-01-29,3175.0,3175.0,3175.0,3175.0,0,2865,0
BANKNIFTY29JAN2557000PE.NFO,2024-12-10,14:37:00,2025-01-29,3175.0,3175.0,3175.0,3175.0,0,2865,0
BANKNIFTY29JAN2557000PE.NFO,2024-12-10,14:38:00,2025-01-29,3175.0,3175.0,3175.0,3175.0,0,2865,0
BANKNIFTY29JAN2557000PE.NFO,2024-12-10,14:39:00,2025-01-29,3175.0,3175.0,3175.0,3175.0,0,2865,0
BANKNIFTY29JAN2557000PE.NFO,2024-12-10,14:40:00,2025-01-29,3175.0,3175.0,3175.0,3175.0,0,2865,0
BANKNIFTY29JAN2557000PE.NFO,2024-12-10,14:41:00,2025-01-29,3175.0,3175.0,3175.0,3175.0,0,2865,0
BANKNIFTY29JAN2557000PE.NFO,2024-12-10,14:42:00,2025-01-29,3175.0,3175.0,3175.0,3175.0,0,2865,0
BANKNIFTY29JAN2557000PE.NFO,2024-12-10,14:43:00,2025-01-29,3175.0,3175.0,3175.0,3175.0,0,2865,0
BANKNIFTY29JAN2557000PE.NFO,2024-12-10,14:44:00,2025-01-29,3175.0,3175.0,3175.0,3175.0,0,2865,0
BANKNIFTY29JAN2557000PE.NFO,2024-12-10,14:45:00,2025-01-29,3175.0,3175.0,3175.0,3175.0,0,2865,0
BANKNIFTY29JAN2557000PE.NFO,2024-12-10,14:46:00,2025-01-29,3175.0,3175.0,3175.0,3175.0,0,2865,0
BANKNIFTY29JAN2557000PE.NFO,2024-12-10,14:47:00,2025-01-29,3175.0,3175.0,3175.0,3175.0,0,2865,0
BANKNIFTY29JAN2557000PE.NFO,2024-12-10,14:48:00,2025-01-29,3175.0,3175.0,3175.0,3175.0,0,2865,0
BANKNIFTY29JAN2557000PE.NFO,2024-12-10,14:49:00,2025-01-29,3175.0,3175.0,3175.0,3175.0,0,2865,0
BANKNIFTY29JAN2557000PE.NFO,2024-12-10,14:50:00,2025-01-29,3175.0,3175.0,3175.0,3175.0,0,2865,0
BANKNIFTY29JAN2557000PE.NFO,2024-12-10,14:51:00,2025-01-29,3175.0,3175.0,3175.0,3175.0,0,2865,0
BANKNIFTY29JAN2557000PE.NFO,2024-12-10,14:52:00,2025-01-29,3175.0,3175.0,3175.0,3175.0,0,2865,0
BANKNIFTY29JAN2557000PE.NFO,2024-12-10,14:53:00,2025-01-29,3175.0,3175.0,3175.0,3175.0,0,2865,0
BANKNIFTY29JAN2557000PE.NFO,2024-12-10,14:54:00,2025-01-29,3175.0,3175.0,3175.0,3175.0,0,2865,0
BANKNIFTY29JAN2557000PE.NFO,2024-12-10,14:55:00,2025-01-29,3175.0,3175.0,3175.0,3175.0,0,2865,0
BANKNIFTY29JAN2557000PE.NFO,2024-12-10,14:56:00,2025-01-29,3175.0,3175.0,3175.0,3175.0,0,2865,0
BANKNIFTY29JAN2557000PE.NFO,2024-12-10,14:57:00,2025-01-29,3175.0,3175.0,3175.0,3175.0,0,2865,0
BANKNIFTY29JAN2557000PE.NFO,2024-12-10,14:58:00,2025-01-29,3175.0,3175.0,3175.0,3175.0,0,2865,0
BANKNIFTY29JAN2557000PE.NFO,2024-12-10,14:59:00,2025-01-29,3175.0,3175.0,3175.0,3175.0,0,2865,0
BANKNIFTY29JAN2557000PE.NFO,2024-12-10,15:00:00,2025-01-29,3175.0,3175.0,3175.0,3175.0,0,2865,0
BANKNIFTY29JAN2557000PE.NFO,2024-12-10,15:01:00,2025-01-29,3175.0,3175.0,3175.0,3175.0,0,2865,0
BANKNIFTY29JAN2557000PE.NFO,2024-12-10,15:02:00,2025-01-29,3175.0,3175.0,3175.0,3175.0,0,2865,0
BANKNIFTY29JAN2557000PE.NFO,2024-12-10,15:03:00,2025-01-29,3175.0,3175.0,3175.0,3175.0,0,2865,0
BANKNIFTY29JAN2557000PE.NFO,2024-12-10,15:04:00,2025-01-29,3175.0,3175.0,3175.0,3175.0,0,2865,0
BANKNIFTY29JAN2557000PE.NFO,2024-12-10,15:05:00,2025-01-29,3175.0,3175.0,3175.0,3175.0,0,2865,0
BANKNIFTY29JAN2557000PE.NFO,2024-12-10,15:06:00,2025-01-29,3175.0,3175.0,3175.0,3175.0,0,2865,0
BANKNIFTY29JAN2557000PE.NFO,2024-12-10,15:07:00,2025-01-29,3175.0,3175.0,3175.0,3175.0,0,2865,0
BANKNIFTY29JAN2557000PE.NFO,2024-12-10,15:08:00,2025-01-29,3175.0,3175.0,3175.0,3175.0,0,2865,0
BANKNIFTY29JAN2557000PE.NFO,2024-12-10,15:09:00,2025-01-29,3175.0,3175.0,3175.0,3175.0,0,2865,0
BANKNIFTY29JAN2557000PE.NFO,2024-12-10,15:10:00,2025-01-29,3175.0,3175.0,3175.0,3175.0,0,2865,0
BANKNIFTY29JAN2557000PE.NFO,2024-12-10,15:11:00,2025-01-29,3175.0,3175.0,3175.0,3175.0,0,2865,0
BANKNIFTY29JAN2557000PE.NFO,2024-12-10,15:12:00,2025-01-29,3175.0,3175.0,3175.0,3175.0,0,2865,0
BANKNIFTY29JAN2557000PE.NFO,2024-12-10,15:13:00,2025-01-29,3175.0,3175.0,3175.0,3175.0,0,2865,0
BANKNIFTY29JAN2557000PE.NFO,2024-12-10,15:14:00,2025-01-29,3175.0,3175.0,3175.0,3175.0,0,2865,0
BANKNIFTY29JAN2557000PE.NFO,2024-12-10,15:15:00,2025-01-29,3175.0,3175.0,3175.0,3175.0,0,2865,0
BANKNIFTY29JAN2557000PE.NFO,2024-12-10,15:16:00,2025-01-29,3175.0,3175.0,3175.0,3175.0,0,2865,0
BANKNIFTY29JAN2557000PE.NFO,2024-12-10,15:17:00,2025-01-29,3175.0,3175.0,3175.0,3175.0,0,2865,0
BANKNIFTY29JAN2557000PE.NFO,2024-12-10,15:18:00,2025-01-29,3175.0,3175.0,3175.0,3175.0,0,2865,0
BANKNIFTY29JAN2557000PE.NFO,2024-12-10,15:19:00,2025-01-29,3175.0,3175.0,3090.0,3090.0,15,2865,0
BANKNIFTY29JAN2557000PE.NFO,2024-12-10,15:20:00,2025-01-29,3090.0,3090.0,3090.0,3090.0,0,2865,0
BANKNIFTY29JAN2557000PE.NFO,2024-12-10,15:21:00,2025-01-29,3090.0,3090.0,3090.0,3090.0,0,2865,0
BANKNIFTY29JAN2557000PE.NFO,2024-12-10,15:22:00,2025-01-29,3090.0,3090.0,3090.0,3090.0,0,2865,0
BANKNIFTY29JAN2557000PE.NFO,2024-12-10,15:23:00,2025-01-29,3090.0,3090.0,3090.0,3090.0,0,2865,0
BANKNIFTY29JAN2557000PE.NFO,2024-12-10,15:24:00,2025-01-29,3090.0,3090.0,3090.0,3090.0,0,2865,0
BANKNIFTY29JAN2557000PE.NFO,2024-12-10,15:25:00,2025-01-29,3090.0,3090.0,3090.0,3090.0,0,2865,0
BANKNIFTY29JAN2557000PE.NFO,2024-12-10,15:26:00,2025-01-29,3090.0,3090.0,3090.0,3090.0,0,2865,0
BANKNIFTY29JAN2557000PE.NFO,2024-12-10,15:27:00,2025-01-29,3090.0,3090.0,3090.0,3090.0,0,2865,0
BANKNIFTY29JAN2557000PE.NFO,2024-12-10,15:28:00,2025-01-29,3090.0,3090.0,3041.75,3041.75,15,2880,0
BANKNIFTY29JAN2557000PE.NFO,2024-12-10,15:29:00,2025-01-29,3041.75,3041.75,3041.75,3041.75,0,2880,0
BANKNIFTY29JAN2557000PE.NFO,2024-12-10,15:30:00,2025-01-29,3041.75,3041.75,3041.75,3041.75,0,2880,1
BANKNIFTY29JAN2557000PE.NFO,2024-12-11,09:15:00,2025-01-29,3210.0,3210.0,3210.0,3210.0,0,2895,1
BANKNIFTY29JAN2557000PE.NFO,2024-12-11,09:16:00,2025-01-29,3210.0,3210.0,3210.0,3210.0,0,2895,1
BANKNIFTY29JAN2557000PE.NFO,2024-12-11,09:17:00,2025-01-29,3210.0,3210.0,3210.0,3210.0,0,2895,1
BANKNIFTY29JAN2557000PE.NFO,2024-12-11,09:18:00,2025-01-29,3210.0,3210.0,3210.0,3210.0,0,2895,1
BANKNIFTY29JAN2557000PE.NFO,2024-12-11,09:19:00,2025-01-29,3210.0,3210.0,3210.0,3210.0,0,2895,1
BANKNIFTY29JAN2557000PE.NFO,2024-12-11,09:20:00,2025-01-29,3210.0,3210.0,3210.0,3210.0,0,2895,1
BANKNIFTY29JAN2557000PE.NFO,2024-12-11,09:21:00,2025-01-29,3210.0,3210.0,3210.0,3210.0,0,2895,1
BANKNIFTY29JAN2557000PE.NFO,2024-12-11,09:22:00,2025-01-29,3210.0,3210.0,3210.0,3210.0,0,2895,1
BANKNIFTY29JAN2557000PE.NFO,2024-12-11,09:23:00,2025-01-29,3210.0,3210.0,3210.0,3210.0,0,2895,1
BANKNIFTY29JAN2557000PE.NFO,2024-12-11,09:24:00,2025-01-29,3210.0,3210.0,3210.0,3210.0,0,2895,1
BANKNIFTY29JAN2557000PE.NFO,2024-12-11,09:25:00,2025-01-29,3210.0,3210.0,3210.0,3210.0,0,2895,1
BANKNIFTY29JAN2557000PE.NFO,2024-12-11,09:26:00,2025-01-29,3210.0,3210.0,3210.0,3210.0,0,2895,1
BANKNIFTY29JAN2557000PE.NFO,2024-12-11,09:27:00,2025-01-29,3210.0,3210.0,3210.0,3210.0,0,2895,1
BANKNIFTY29JAN2557000PE.NFO,2024-12-11,09:28:00,2025-01-29,3210.0,3210.0,3210.0,3210.0,0,2895,1
BANKNIFTY29JAN2557000PE.NFO,2024-12-11,09:29:00,2025-01-29,3210.0,3210.0,3210.0,3210.0,0,2895,1
BANKNIFTY29JAN2557000PE.NFO,2024-12-11,09:30:00,2025-01-29,3210.0,3210.0,3210.0,3210.0,0,2895,1
BANKNIFTY29JAN2557000PE.NFO,2024-12-11,09:31:00,2025-01-29,3210.0,3210.0,3210.0,3210.0,0,2895,1
BANKNIFTY29JAN2557000PE.NFO,2024-12-11,09:32:00,2025-01-29,3210.0,3210.0,3210.0,3210.0,0,2895,1
BANKNIFTY29JAN2557000PE.NFO,2024-12-11,09:33:00,2025-01-29,3210.0,3210.0,3210.0,3210.0,0,2895,1
BANKNIFTY29JAN2557000PE.NFO,2024-12-11,09:34:00,2025-01-29,3210.0,3210.0,3210.0,3210.0,0,2895,1
BANKNIFTY29JAN2557000PE.NFO,2024-12-11,09:35:00,2025-01-29,3210.0,3210.0,3210.0,3210.0,0,2895,1
BANKNIFTY29JAN2557000PE.NFO,2024-12-11,09:36:00,2025-01-29,3210.0,3210.0,3210.0,3210.0,0,2895,1
BANKNIFTY29JAN2557000PE.NFO,2024-12-11,09:37:00,2025-01-29,3210.0,3210.0,3210.0,3210.0,0,2895,1
BANKNIFTY29JAN2557000PE.NFO,2024-12-11,09:38:00,2025-01-29,3210.0,3210.0,3210.0,3210.0,0,2895,1
BANKNIFTY29JAN2557000PE.NFO,2024-12-11,09:39:00,2025-01-29,3210.0,3210.0,3210.0,3210.0,0,2895,1
BANKNIFTY29JAN2557000PE.NFO,2024-12-11,09:40:00,2025-01-29,3210.0,3210.0,3210.0,3210.0,0,2895,1
BANKNIFTY29JAN2557000PE.NFO,2024-12-11,09:41:00,2025-01-29,3210.0,3210.0,3210.0,3210.0,0,2895,1
BANKNIFTY29JAN2557000PE.NFO,2024-12-11,09:42:00,2025-01-29,3210.0,3210.0,3210.0,3210.0,0,2895,1
BANKNIFTY29JAN2557000PE.NFO,2024-12-11,09:43:00,2025-01-29,3210.0,3210.0,3210.0,3210.0,0,2895,1
BANKNIFTY29JAN2557000PE.NFO,2024-12-11,09:44:00,2025-01-29,3210.0,3210.0,3210.0,3210.0,0,2895,1
BANKNIFTY29JAN2557000PE.NFO,2024-12-11,09:45:00,2025-01-29,3210.0,3210.0,3210.0,3210.0,0,2895,1
BANKNIFTY29JAN2557000PE.NFO,2024-12-11,09:46:00,2025-01-29,3210.0,3210.0,3210.0,3210.0,0,2895,1
BANKNIFTY29JAN2557000PE.NFO,2024-12-11,09:47:00,2025-01-29,3210.0,3210.0,3210.0,3210.0,0,2895,0
BANKNIFTY29JAN2557000PE.NFO,2024-12-11,09:48:00,2025-01-29,3210.0,3210.0,3210.0,3210.0,0,2895,0
BANKNIFTY29JAN2557000PE.NFO,2024-12-11,09:49:00,2025-01-29,3210.0,3210.0,3210.0,3210.0,0,2895,0
BANKNIFTY29JAN2557000PE.NFO,2024-12-11,09:50:00,2025-01-29,3210.0,3210.0,3210.0,3210.0,0,2895,0
BANKNIFTY29JAN2557000PE.NFO,2024-12-11,09:51:00,2025-01-29,3210.0,3210.0,3210.0,3210.0,0,2895,0
BANKNIFTY29JAN2557000PE.NFO,2024-12-11,09:52:00,2025-01-29,3210.0,3210.0,3210.0,3210.0,15,2865,0
BANKNIFTY29JAN2557000PE.NFO,2024-12-11,09:53:00,2025-01-29,3210.0,3210.0,3210.0,3210.0,0,2865,0
BANKNIFTY29JAN2557000PE.NFO,2024-12-11,09:54:00,2025-01-29,3210.0,3210.0,3210.0,3210.0,0,2865,0
BANKNIFTY29JAN2557000PE.NFO,2024-12-11,09:55:00,2025-01-29,3210.0,3210.0,3210.0,3210.0,0,2865,0
BANKNIFTY29JAN2557000PE.NFO,2024-12-11,09:56:00,2025-01-29,3210.0,3210.0,3210.0,3210.0,0,2865,0
BANKNIFTY29JAN2557000PE.NFO,2024-12-11,09:57:00,2025-01-29,3210.0,3210.0,3210.0,3210.0,0,2865,0
BANKNIFTY29JAN2557000PE.NFO,2024-12-11,09:58:00,2025-01-29,3210.0,3210.0,3210.0,3210.0,0,2865,0
BANKNIFTY29JAN2557000PE.NFO,2024-12-11,09:59:00,2025-01-29,3210.0,3210.0,3210.0,3210.0,0,2865,0
BANKNIFTY29JAN2557000PE.NFO,2024-12-11,10:00:00,2025-01-29,3210.0,3210.0,3210.0,3210.0,0,2865,0
BANKNIFTY29JAN2557000PE.NFO,2024-12-11,10:01:00,2025-01-29,3210.0,3210.0,3210.0,3210.0,0,2865,0
BANKNIFTY29JAN2557000PE.NFO,2024-12-11,10:02:00,2025-01-29,3210.0,3210.0,3210.0,3210.0,0,2865,0
BANKNIFTY29JAN2557000PE.NFO,2024-12-11,10:03:00,2025-01-29,3210.0,3210.0,3210.0,3210.0,0,2865,0
BANKNIFTY29JAN2557000PE.NFO,2024-12-11,10:04:00,2025-01-29,3210.0,3210.0,3210.0,3210.0,0,2865,0
BANKNIFTY29JAN2557000PE.NFO,2024-12-11,10:05:00,2025-01-29,3210.0,3210.0,3210.0,3210.0,0,2865,0
BANKNIFTY29JAN2557000PE.NFO,2024-12-11,10:06:00,2025-01-29,3210.0,3210.0,3210.0,3210.0,0,2865,0
BANKNIFTY29JAN2557000PE.NFO,2024-12-11,10:07:00,2025-01-29,3210.0,3210.0,3210.0,3210.0,0,2865,0
BANKNIFTY29JAN2557000PE.NFO,2024-12-11,10:08:00,2025-01-29,3210.0,3210.0,3210.0,3210.0,0,2865,0
BANKNIFTY29JAN2557000PE.NFO,2024-12-11,10:09:00,2025-01-29,3210.0,3210.0,3210.0,3210.0,0,2865,0
BANKNIFTY29JAN2557000PE.NFO,2024-12-11,10:10:00,2025-01-29,3210.0,3210.0,3210.0,3210.0,0,2865,0
BANKNIFTY29JAN2557000PE.NFO,2024-12-11,10:11:00,2025-01-29,3210.0,3210.0,3210.0,3210.0,0,2865,0
BANKNIFTY29JAN2557000PE.NFO,2024-12-11,10:12:00,2025-01-29,3210.0,3210.0,3210.0,3210.0,0,2865,0
BANKNIFTY29JAN2557000PE.NFO,2024-12-11,10:13:00,2025-01-29,3210.0,3210.0,3210.0,3210.0,0,2865,0
BANKNIFTY29JAN2557000PE.NFO,2024-12-11,10:14:00,2025-01-29,3210.0,3210.0,3210.0,3210.0,0,2865,0
BANKNIFTY29JAN2557000PE.NFO,2024-12-11,10:15:00,2025-01-29,3210.0,3210.0,3210.0,3210.0,0,2865,0
BANKNIFTY29JAN2557000PE.NFO,2024-12-11,10:16:00,2025-01-29,3210.0,3210.0,3210.0,3210.0,0,2865,0
BANKNIFTY29JAN2557000PE.NFO,2024-12-11,10:17:00,2025-01-29,3210.0,3210.0,3210.0,3210.0,0,2865,0
BANKNIFTY29JAN2557000PE.NFO,2024-12-11,10:18:00,2025-01-29,3210.0,3210.0,3210.0,3210.0,0,2865,0
BANKNIFTY29JAN2557000PE.NFO,2024-12-11,10:19:00,2025-01-29,3210.0,3210.0,3210.0,3210.0,0,2865,0
BANKNIFTY29JAN2557000PE.NFO,2024-12-11,10:20:00,2025-01-29,3210.0,3210.0,3210.0,3210.0,0,2865,0
BANKNIFTY29JAN2557000PE.NFO,2024-12-11,10:21:00,2025-01-29,3210.0,3210.0,3210.0,3210.0,0,2865,0
BANKNIFTY29JAN2557000PE.NFO,2024-12-11,10:22:00,2025-01-29,3210.0,3210.0,3210.0,3210.0,0,2865,0
BANKNIFTY29JAN2557000PE.NFO,2024-12-11,10:23:00,2025-01-29,3210.0,3210.0,3210.0,3210.0,0,2865,0
BANKNIFTY29JAN2557000PE.NFO,2024-12-11,10:24:00,2025-01-29,3210.0,3210.0,3210.0,3210.0,0,2865,0
BANKNIFTY29JAN2557000PE.NFO,2024-12-11,10:25:00,2025-01-29,3210.0,3210.0,3210.0,3210.0,0,2865,0
BANKNIFTY29JAN2557000PE.NFO,2024-12-11,10:26:00,2025-01-29,3210.0,3210.0,3210.0,3210.0,0,2865,0
BANKNIFTY29JAN2557000PE.NFO,2024-12-11,10:27:00,2025-01-29,3210.0,3210.0,3210.0,3210.0,0,2865,0
BANKNIFTY29JAN2557000PE.NFO,2024-12-11,10:28:00,2025-01-29,3210.0,3210.0,3210.0,3210.0,0,2865,0
BANKNIFTY29JAN2557000PE.NFO,2024-12-11,10:29:00,2025-01-29,3210.0,3210.0,3210.0,3210.0,0,2865,0
BANKNIFTY29JAN2557000PE.NFO,2024-12-11,10:30:00,2025-01-29,3210.0,3210.0,3210.0,3210.0,0,2865,0
BANKNIFTY29JAN2557000PE.NFO,2024-12-11,10:31:00,2025-01-29,3210.0,3210.0,3210.0,3210.0,0,2865,0
BANKNIFTY29JAN2557000PE.NFO,2024-12-11,10:32:00,2025-01-29,3210.0,3210.0,3210.0,3210.0,0,2865,0
BANKNIFTY29JAN2557000PE.NFO,2024-12-11,10:33:00,2025-01-29,3210.0,3210.0,3210.0,3210.0,0,2865,0
BANKNIFTY29JAN2557000PE.NFO,2024-12-11,10:34:00,2025-01-29,3210.0,3210.0,3210.0,3210.0,0,2865,0
BANKNIFTY29JAN2557000PE.NFO,2024-12-11,10:35:00,2025-01-29,3210.0,3210.0,3210.0,3210.0,0,2865,0
BANKNIFTY29JAN2557000PE.NFO,2024-12-11,10:36:00,2025-01-29,3210.0,3210.0,3210.0,3210.0,0,2865,0
BANKNIFTY29JAN2557000PE.NFO,2024-12-11,10:37:00,2025-01-29,3210.0,3210.0,3210.0,3210.0,0,2865,0
BANKNIFTY29JAN2557000PE.NFO,2024-12-11,10:38:00,2025-01-29,3210.0,3210.0,3210.0,3210.0,0,2865,0
BANKNIFTY29JAN2557000PE.NFO,2024-12-11,10:39:00,2025-01-29,3210.0,3210.0,3210.0,3210.0,0,2865,0
BANKNIFTY29JAN2557000PE.NFO,2024-12-11,10:40:00,2025-01-29,3210.0,3210.0,3210.0,3210.0,0,2865,0
BANKNIFTY29JAN2557000PE.NFO,2024-12-11,10:41:00,2025-01-29,3210.0,3210.0,3210.0,3210.0,0,2865,0
BANKNIFTY29JAN2557000PE.NFO,2024-12-11,10:42:00,2025-01-29,3210.0,3210.0,3210.0,3210.0,0,2865,0
BANKNIFTY29JAN2557000PE.NFO,2024-12-11,10:43:00,2025-01-29,3210.0,3210.0,3210.0,3210.0,0,2865,0
BANKNIFTY29JAN2557000PE.NFO,2024-12-11,10:44:00,2025-01-29,3210.0,3210.0,3210.0,3210.0,0,2865,0
BANKNIFTY29JAN2557000PE.NFO,2024-12-11,10:45:00,2025-01-29,3210.0,3210.0,3210.0,3210.0,0,2865,0
BANKNIFTY29JAN2557000PE.NFO,2024-12-11,10:46:00,2025-01-29,3210.0,3210.0,3210.0,3210.0,0,2865,0
BANKNIFTY29JAN2557000PE.NFO,2024-12-11,10:47:00,2025-01-29,3210.0,3210.0,3210.0,3210.0,0,2865,0
BANKNIFTY29JAN2557000PE.NFO,2024-12-11,10:48:00,2025-01-29,3210.0,3210.0,3210.0,3210.0,0,2865,0
BANKNIFTY29JAN2557000PE.NFO,2024-12-11,10:49:00,2025-01-29,3210.0,3210.0,3210.0,3210.0,0,2865,0
BANKNIFTY29JAN2557000PE.NFO,2024-12-11,10:50:00,2025-01-29,3210.0,3210.0,3210.0,3210.0,0,2865,0
BANKNIFTY29JAN2557000PE.NFO,2024-12-11,10:51:00,2025-01-29,3210.0,3210.0,3210.0,3210.0,0,2865,0
BANKNIFTY29JAN2557000PE.NFO,2024-12-11,10:52:00,2025-01-29,3210.0,3210.0,3210.0,3210.0,0,2865,0
BANKNIFTY29JAN2557000PE.NFO,2024-12-11,10:53:00,2025-01-29,3210.0,3210.0,3210.0,3210.0,0,2865,0
BANKNIFTY29JAN2557000PE.NFO,2024-12-11,10:54:00,2025-01-29,3210.0,3210.0,3210.0,3210.0,0,2865,0
BANKNIFTY29JAN2557000PE.NFO,2024-12-11,10:55:00,2025-01-29,3210.0,3210.0,3210.0,3210.0,0,2865,0
BANKNIFTY29JAN2557000PE.NFO,2024-12-11,10:56:00,2025-01-29,3210.0,3210.0,3210.0,3210.0,0,2865,0
BANKNIFTY29JAN2557000PE.NFO,2024-12-11,10:57:00,2025-01-29,3210.0,3210.0,3210.0,3210.0,0,2865,0
BANKNIFTY29JAN2557000PE.NFO,2024-12-11,10:58:00,2025-01-29,3210.0,3210.0,3210.0,3210.0,0,2865,0
BANKNIFTY29JAN2557000PE.NFO,2024-12-11,10:59:00,2025-01-29,3210.0,3210.0,3210.0,3210.0,0,2865,0
BANKNIFTY29JAN2557000PE.NFO,2024-12-11,11:00:00,2025-01-29,3210.0,3210.0,3210.0,3210.0,0,2865,0
BANKNIFTY29JAN2557000PE.NFO,2024-12-11,11:01:00,2025-01-29,3210.0,3210.0,3210.0,3210.0,0,2865,0
BANKNIFTY29JAN2557000PE.NFO,2024-12-11,11:02:00,2025-01-29,3210.0,3210.0,3210.0,3210.0,0,2865,0
BANKNIFTY29JAN2557000PE.NFO,2024-12-11,11:03:00,2025-01-29,3210.0,3210.0,3210.0,3210.0,0,2865,0
BANKNIFTY29JAN2557000PE.NFO,2024-12-11,11:04:00,2025-01-29,3210.0,3210.0,3210.0,3210.0,0,2865,1
BANKNIFTY29JAN2557000PE.NFO,2024-12-11,11:05:00,2025-01-29,3210.0,3210.0,3210.0,3210.0,0,2865,1
BANKNIFTY29JAN2557000PE.NFO,2024-12-11,11:06:00,2025-01-29,3210.0,3210.0,3210.0,3210.0,0,2865,0
BANKNIFTY29JAN2557000PE.NFO,2024-12-11,11:07:00,2025-01-29,3210.0,3210.0,3210.0,3210.0,0,2865,0
BANKNIFTY29JAN2557000PE.NFO,2024-12-11,11:08:00,2025-01-29,3210.0,3210.0,3210.0,3210.0,0,2865,0
BANKNIFTY29JAN2557000PE.NFO,2024-12-11,11:09:00,2025-01-29,3210.0,3210.0,3210.0,3210.0,0,2865,0
BANKNIFTY29JAN2557000PE.NFO,2024-12-11,11:10:00,2025-01-29,3210.0,3210.0,3210.0,3210.0,0,2865,0
BANKNIFTY29JAN2557000PE.NFO,2024-12-11,11:11:00,2025-01-29,3210.0,3210.0,3210.0,3210.0,0,2865,0
BANKNIFTY29JAN2557000PE.NFO,2024-12-11,11:12:00,2025-01-29,3210.0,3210.0,3210.0,3210.0,0,2865,0
BANKNIFTY29JAN2557000PE.NFO,2024-12-11,11:13:00,2025-01-29,3210.0,3210.0,3210.0,3210.0,0,2865,0
BANKNIFTY29JAN2557000PE.NFO,2024-12-11,11:14:00,2025-01-29,3210.0,3210.0,3210.0,3210.0,0,2865,0
BANKNIFTY29JAN2557000PE.NFO,2024-12-11,11:15:00,2025-01-29,3210.0,3210.0,3210.0,3210.0,0,2865,0
BANKNIFTY29JAN2557000PE.NFO,2024-12-11,11:16:00,2025-01-29,3210.0,3210.0,3210.0,3210.0,0,2865,0
BANKNIFTY29JAN2557000PE.NFO,2024-12-11,11:17:00,2025-01-29,3210.0,3210.0,3210.0,3210.0,0,2865,0
BANKNIFTY29JAN2557000PE.NFO,2024-12-11,11:18:00,2025-01-29,3210.0,3210.0,3210.0,3210.0,0,2865,0
BANKNIFTY29JAN2557000PE.NFO,2024-12-11,11:19:00,2025-01-29,3210.0,3210.0,3210.0,3210.0,0,2865,0
BANKNIFTY29JAN2557000PE.NFO,2024-12-11,11:20:00,2025-01-29,3210.0,3210.0,3210.0,3210.0,0,2865,0
BANKNIFTY29JAN2557000PE.NFO,2024-12-11,11:21:00,2025-01-29,3210.0,3210.0,3210.0,3210.0,0,2865,0
BANKNIFTY29JAN2557000PE.NFO,2024-12-11,11:22:00,2025-01-29,3210.0,3210.0,3210.0,3210.0,0,2865,0
BANKNIFTY29JAN2557000PE.NFO,2024-12-11,11:23:00,2025-01-29,3210.0,3210.0,3210.0,3210.0,0,2865,0
BANKNIFTY29JAN2557000PE.NFO,2024-12-11,11:24:00,2025-01-29,3210.0,3210.0,3210.0,3210.0,0,2865,0
BANKNIFTY29JAN2557000PE.NFO,2024-12-11,11:25:00,2025-01-29,3210.0,3210.0,3210.0,3210.0,0,2865,0
BANKNIFTY29JAN2557000PE.NFO,2024-12-11,11:26:00,2025-01-29,3210.0,3210.0,3210.0,3210.0,0,2865,0
BANKNIFTY29JAN2557000PE.NFO,2024-12-11,11:27:00,2025-01-29,3210.0,3210.0,3210.0,3210.0,0,2865,0
BANKNIFTY29JAN2557000PE.NFO,2024-12-11,11:28:00,2025-01-29,3210.0,3210.0,3210.0,3210.0,0,2865,0
BANKNIFTY29JAN2557000PE.NFO,2024-12-11,11:29:00,2025-01-29,3210.0,3210.0,3210.0,3210.0,0,2865,1
BANKNIFTY29JAN2557000PE.NFO,2024-12-11,11:30:00,2025-01-29,3210.0,3210.0,3210.0,3210.0,0,2865,1
BANKNIFTY29JAN2557000PE.NFO,2024-12-11,11:31:00,2025-01-29,3210.0,3210.0,3210.0,3210.0,0,2865,1
BANKNIFTY29JAN2557000PE.NFO,2024-12-11,11:32:00,2025-01-29,3210.0,3210.0,3210.0,3210.0,0,2865,1
BANKNIFTY29JAN2557000PE.NFO,2024-12-11,11:33:00,2025-01-29,3210.0,3210.0,3210.0,3210.0,0,2865,0
BANKNIFTY29JAN2557000PE.NFO,2024-12-11,11:34:00,2025-01-29,3210.0,3210.0,3210.0,3210.0,0,2865,0
BANKNIFTY29JAN2557000PE.NFO,2024-12-11,11:35:00,2025-01-29,3210.0,3210.0,3210.0,3210.0,0,2865,0
BANKNIFTY29JAN2557000PE.NFO,2024-12-11,11:36:00,2025-01-29,3210.0,3210.0,3210.0,3210.0,0,2865,0
BANKNIFTY29JAN2557000PE.NFO,2024-12-11,11:37:00,2025-01-29,3210.0,3210.0,3210.0,3210.0,0,2865,0
BANKNIFTY29JAN2557000PE.NFO,2024-12-11,11:38:00,2025-01-29,3210.0,3210.0,3210.0,3210.0,0,2865,0
BANKNIFTY29JAN2557000PE.NFO,2024-12-11,11:39:00,2025-01-29,3210.0,3210.0,3210.0,3210.0,0,2865,0
BANKNIFTY29JAN2557000PE.NFO,2024-12-11,11:40:00,2025-01-29,3210.0,3210.0,3210.0,3210.0,0,2865,0
BANKNIFTY29JAN2557000PE.NFO,2024-12-11,11:41:00,2025-01-29,3210.0,3210.0,3210.0,3210.0,0,2865,0
BANKNIFTY29JAN2557000PE.NFO,2024-12-11,11:42:00,2025-01-29,3210.0,3210.0,3210.0,3210.0,0,2865,0
BANKNIFTY29JAN2557000PE.NFO,2024-12-11,11:43:00,2025-01-29,3210.0,3210.0,3210.0,3210.0,0,2865,0
BANKNIFTY29JAN2557000PE.NFO,2024-12-11,11:44:00,2025-01-29,3210.0,3210.0,3210.0,3210.0,0,2865,0
BANKNIFTY29JAN2557000PE.NFO,2024-12-11,11:45:00,2025-01-29,3210.0,3210.0,3210.0,3210.0,0,2865,0
BANKNIFTY29JAN2557000PE.NFO,2024-12-11,11:46:00,2025-01-29,3210.0,3210.0,3210.0,3210.0,0,2865,1
BANKNIFTY29JAN2557000PE.NFO,2024-12-11,11:47:00,2025-01-29,3210.0,3210.0,3210.0,3210.0,0,2865,0
BANKNIFTY29JAN2557000PE.NFO,2024-12-11,11:48:00,2025-01-29,3210.0,3210.0,3210.0,3210.0,0,2865,0
BANKNIFTY29JAN2557000PE.NFO,2024-12-11,11:49:00,2025-01-29,3210.0,3210.0,3210.0,3210.0,0,2865,0
BANKNIFTY29JAN2557000PE.NFO,2024-12-11,11:50:00,2025-01-29,3210.0,3210.0,3210.0,3210.0,0,2865,1
BANKNIFTY29JAN2557000PE.NFO,2024-12-11,11:51:00,2025-01-29,3210.0,3210.0,3210.0,3210.0,0,2865,0
BANKNIFTY29JAN2557000PE.NFO,2024-12-11,11:52:00,2025-01-29,3210.0,3210.0,3210.0,3210.0,0,2865,0
BANKNIFTY29JAN2557000PE.NFO,2024-12-11,11:53:00,2025-01-29,3210.0,3210.0,3210.0,3210.0,0,2865,0
BANKNIFTY29JAN2557000PE.NFO,2024-12-11,11:54:00,2025-01-29,3210.0,3210.0,3210.0,3210.0,0,2865,0
BANKNIFTY29JAN2557000PE.NFO,2024-12-11,11:55:00,2025-01-29,3210.0,3210.0,3210.0,3210.0,0,2865,0
BANKNIFTY29JAN2557000PE.NFO,2024-12-11,11:56:00,2025-01-29,3210.0,3210.0,3210.0,3210.0,0,2865,1
BANKNIFTY29JAN2557000PE.NFO,2024-12-11,11:57:00,2025-01-29,3210.0,3210.0,3210.0,3210.0,0,2865,0
BANKNIFTY29JAN2557000PE.NFO,2024-12-11,11:58:00,2025-01-29,3210.0,3210.0,3210.0,3210.0,0,2865,0
BANKNIFTY29JAN2557000PE.NFO,2024-12-11,11:59:00,2025-01-29,3210.0,3210.0,3210.0,3210.0,0,2865,0
BANKNIFTY29JAN2557000PE.NFO,2024-12-11,12:00:00,2025-01-29,3210.0,3210.0,3210.0,3210.0,0,2865,0
BANKNIFTY29JAN2557000PE.NFO,2024-12-11,12:01:00,2025-01-29,3210.0,3210.0,3210.0,3210.0,0,2865,1
BANKNIFTY29JAN2557000PE.NFO,2024-12-11,12:02:00,2025-01-29,3210.0,3210.0,3210.0,3210.0,0,2865,0
BANKNIFTY29JAN2557000PE.NFO,2024-12-11,12:03:00,2025-01-29,3210.0,3210.0,3210.0,3210.0,0,2865,0
BANKNIFTY29JAN2557000PE.NFO,2024-12-11,12:04:00,2025-01-29,3210.0,3210.0,3210.0,3210.0,0,2865,1
BANKNIFTY29JAN2557000PE.NFO,2024-12-11,12:05:00,2025-01-29,3210.0,3210.0,3210.0,3210.0,0,2865,0
BANKNIFTY29JAN2557000PE.NFO,2024-12-11,12:06:00,2025-01-29,3210.0,3210.0,3210.0,3210.0,0,2865,0
BANKNIFTY29JAN2557000PE.NFO,2024-12-11,12:07:00,2025-01-29,3210.0,3210.0,3210.0,3210.0,0,2865,0
BANKNIFTY29JAN2557000PE.NFO,2024-12-11,12:08:00,2025-01-29,3210.0,3210.0,3210.0,3210.0,0,2865,0
BANKNIFTY29JAN2557000PE.NFO,2024-12-11,12:09:00,2025-01-29,3210.0,3210.0,3210.0,3210.0,0,2865,0
BANKNIFTY29JAN2557000PE.NFO,2024-12-11,12:10:00,2025-01-29,3210.0,3210.0,3210.0,3210.0,0,2865,0
BANKNIFTY29JAN2557000PE.NFO,2024-12-11,12:11:00,2025-01-29,3210.0,3210.0,3210.0,3210.0,0,2865,0
BANKNIFTY29JAN2557000PE.NFO,2024-12-11,12:12:00,2025-01-29,3210.0,3210.0,3210.0,3210.0,0,2865,0
BANKNIFTY29JAN2557000PE.NFO,2024-12-11,12:13:00,2025-01-29,3210.0,3210.0,3210.0,3210.0,0,2865,0
BANKNIFTY29JAN2557000PE.NFO,2024-12-11,12:14:00,2025-01-29,3210.0,3210.0,3210.0,3210.0,0,2865,0
BANKNIFTY29JAN2557000PE.NFO,2024-12-11,12:15:00,2025-01-29,3210.0,3210.0,3210.0,3210.0,0,2865,0
BANKNIFTY29JAN2557000PE.NFO,2024-12-11,12:16:00,2025-01-29,3210.0,3210.0,3210.0,3210.0,0,2865,0
BANKNIFTY29JAN2557000PE.NFO,2024-12-11,12:17:00,2025-01-29,3210.0,3210.0,3210.0,3210.0,0,2865,0
BANKNIFTY29JAN2557000PE.NFO,2024-12-11,12:18:00,2025-01-29,3210.0,3210.0,3210.0,3210.0,0,2865,0
BANKNIFTY29JAN2557000PE.NFO,2024-12-11,12:19:00,2025-01-29,3210.0,3210.0,3210.0,3210.0,0,2865,0
BANKNIFTY29JAN2557000PE.NFO,2024-12-11,12:20:00,2025-01-29,3210.0,3210.0,3210.0,3210.0,0,2865,0
BANKNIFTY29JAN2557000PE.NFO,2024-12-11,12:21:00,2025-01-29,3210.0,3210.0,3210.0,3210.0,0,2865,0
BANKNIFTY29JAN2557000PE.NFO,2024-12-11,12:22:00,2025-01-29,3210.0,3210.0,3210.0,3210.0,0,2865,0
BANKNIFTY29JAN2557000PE.NFO,2024-12-11,12:23:00,2025-01-29,3210.0,3210.0,3210.0,3210.0,0,2865,0
BANKNIFTY29JAN2557000PE.NFO,2024-12-11,12:24:00,2025-01-29,3210.0,3210.0,3210.0,3210.0,0,2865,0
BANKNIFTY29JAN2557000PE.NFO,2024-12-11,12:25:00,2025-01-29,3210.0,3210.0,3210.0,3210.0,0,2865,0
BANKNIFTY29JAN2557000PE.NFO,2024-12-11,12:26:00,2025-01-29,3210.0,3210.0,3210.0,3210.0,0,2865,0
BANKNIFTY29JAN2557000PE.NFO,2024-12-11,12:27:00,2025-01-29,3210.0,3210.0,3210.0,3210.0,0,2865,0
BANKNIFTY29JAN2557000PE.NFO,2024-12-11,12:28:00,2025-01-29,3210.0,3210.0,3210.0,3210.0,0,2865,0
BANKNIFTY29JAN2557000PE.NFO,2024-12-11,12:29:00,2025-01-29,3210.0,3210.0,3210.0,3210.0,0,2865,0
BANKNIFTY29JAN2557000PE.NFO,2024-12-11,12:30:00,2025-01-29,3210.0,3210.0,3210.0,3210.0,0,2865,0
BANKNIFTY29JAN2557000PE.NFO,2024-12-11,12:31:00,2025-01-29,3210.0,3210.0,3210.0,3210.0,0,2865,0
BANKNIFTY29JAN2557000PE.NFO,2024-12-11,12:32:00,2025-01-29,3210.0,3210.0,3210.0,3210.0,0,2865,0
BANKNIFTY29JAN2557000PE.NFO,2024-12-11,12:33:00,2025-01-29,3210.0,3210.0,3210.0,3210.0,0,2865,0
BANKNIFTY29JAN2557000PE.NFO,2024-12-11,12:34:00,2025-01-29,3210.0,3210.0,3210.0,3210.0,0,2865,0
BANKNIFTY29JAN2557000PE.NFO,2024-12-11,12:35:00,2025-01-29,3210.0,3210.0,3210.0,3210.0,0,2865,0
BANKNIFTY29JAN2557000PE.NFO,2024-12-11,12:36:00,2025-01-29,3210.0,3210.0,3210.0,3210.0,0,2865,0
BANKNIFTY29JAN2557000PE.NFO,2024-12-11,12:37:00,2025-01-29,3210.0,3210.0,3210.0,3210.0,0,2865,0
BANKNIFTY29JAN2557000PE.NFO,2024-12-11,12:38:00,2025-01-29,3210.0,3210.0,3210.0,3210.0,0,2865,0
BANKNIFTY29JAN2557000PE.NFO,2024-12-11,12:39:00,2025-01-29,3210.0,3210.0,3152.95,3152.95,15,2865,0
BANKNIFTY29JAN2557000PE.NFO,2024-12-11,12:40:00,2025-01-29,3152.95,3152.95,3152.95,3152.95,0,2865,0
BANKNIFTY29JAN2557000PE.NFO,2024-12-11,12:41:00,2025-01-29,3152.95,3152.95,3152.95,3152.95,0,2865,0
BANKNIFTY29JAN2557000PE.NFO,2024-12-11,12:42:00,2025-01-29,3152.95,3152.95,3152.95,3152.95,0,2865,0
BANKNIFTY29JAN2557000PE.NFO,2024-12-11,12:43:00,2025-01-29,3152.95,3152.95,3152.95,3152.95,0,2865,0
BANKNIFTY29JAN2557000PE.NFO,2024-12-11,12:44:00,2025-01-29,3152.95,3152.95,3152.95,3152.95,0,2865,0
BANKNIFTY29JAN2557000PE.NFO,2024-12-11,12:45:00,2025-01-29,3152.95,3152.95,3152.95,3152.95,0,2865,0
BANKNIFTY29JAN2557000PE.NFO,2024-12-11,12:46:00,2025-01-29,3152.95,3152.95,3152.95,3152.95,0,2865,0
BANKNIFTY29JAN2557000PE.NFO,2024-12-11,12:47:00,2025-01-29,3152.95,3152.95,3152.95,3152.95,0,2865,0
BANKNIFTY29JAN2557000PE.NFO,2024-12-11,12:48:00,2025-01-29,3152.95,3152.95,3152.95,3152.95,0,2865,0
BANKNIFTY29JAN2557000PE.NFO,2024-12-11,12:49:00,2025-01-29,3152.95,3152.95,3152.95,3152.95,0,2865,0
BANKNIFTY29JAN2557000PE.NFO,2024-12-11,12:50:00,2025-01-29,3152.95,3152.95,3152.95,3152.95,0,2865,0
BANKNIFTY29JAN2557000PE.NFO,2024-12-11,12:51:00,2025-01-29,3152.95,3152.95,3152.95,3152.95,0,2865,0
BANKNIFTY29JAN2557000PE.NFO,2024-12-11,12:52:00,2025-01-29,3152.95,3152.95,3152.95,3152.95,0,2865,0
BANKNIFTY29JAN2557000PE.NFO,2024-12-11,12:53:00,2025-01-29,3152.95,3152.95,3152.95,3152.95,0,2865,0
BANKNIFTY29JAN2557000PE.NFO,2024-12-11,12:54:00,2025-01-29,3152.95,3152.95,3152.95,3152.95,0,2865,0
BANKNIFTY29JAN2557000PE.NFO,2024-12-11,12:55:00,2025-01-29,3152.95,3152.95,3152.95,3152.95,0,2865,0
BANKNIFTY29JAN2557000PE.NFO,2024-12-11,12:56:00,2025-01-29,3152.95,3152.95,3152.95,3152.95,0,2865,0
BANKNIFTY29JAN2557000PE.NFO,2024-12-11,12:57:00,2025-01-29,3152.95,3152.95,3152.95,3152.95,0,2865,0
BANKNIFTY29JAN2557000PE.NFO,2024-12-11,12:58:00,2025-01-29,3152.95,3152.95,3152.95,3152.95,0,2865,0
BANKNIFTY29JAN2557000PE.NFO,2024-12-11,12:59:00,2025-01-29,3152.95,3152.95,3152.95,3152.95,0,2865,0
BANKNIFTY29JAN2557000PE.NFO,2024-12-11,13:00:00,2025-01-29,3152.95,3152.95,3152.95,3152.95,0,2865,0
BANKNIFTY29JAN2557000PE.NFO,2024-12-11,13:01:00,2025-01-29,3152.95,3152.95,3152.95,3152.95,0,2865,0
BANKNIFTY29JAN2557000PE.NFO,2024-12-11,13:02:00,2025-01-29,3152.95,3152.95,3152.95,3152.95,0,2865,0
BANKNIFTY29JAN2557000PE.NFO,2024-12-11,13:03:00,2025-01-29,3152.95,3152.95,3152.95,3152.95,0,2865,0
BANKNIFTY29JAN2557000PE.NFO,2024-12-11,13:04:00,2025-01-29,3152.95,3152.95,3152.95,3152.95,0,2865,0
BANKNIFTY29JAN2557000PE.NFO,2024-12-11,13:05:00,2025-01-29,3152.95,3152.95,3152.95,3152.95,0,2865,0
BANKNIFTY29JAN2557000PE.NFO,2024-12-11,13:06:00,2025-01-29,3152.95,3152.95,3152.95,3152.95,0,2865,0
BANKNIFTY29JAN2557000PE.NFO,2024-12-11,13:07:00,2025-01-29,3152.95,3152.95,3152.95,3152.95,0,2865,0
BANKNIFTY29JAN2557000PE.NFO,2024-12-11,13:08:00,2025-01-29,3152.95,3152.95,3152.95,3152.95,0,2865,0
BANKNIFTY29JAN2557000PE.NFO,2024-12-11,13:09:00,2025-01-29,3152.95,3152.95,3152.95,3152.95,0,2865,0
BANKNIFTY29JAN2557000PE.NFO,2024-12-11,13:10:00,2025-01-29,3152.95,3152.95,3152.95,3152.95,0,2865,0
BANKNIFTY29JAN2557000PE.NFO,2024-12-11,13:11:00,2025-01-29,3152.95,3152.95,3152.95,3152.95,0,2865,0
BANKNIFTY29JAN2557000PE.NFO,2024-12-11,13:12:00,2025-01-29,3152.95,3152.95,3152.95,3152.95,0,2865,0
BANKNIFTY29JAN2557000PE.NFO,2024-12-11,13:13:00,2025-01-29,3152.95,3152.95,3152.95,3152.95,0,2865,0
BANKNIFTY29JAN2557000PE.NFO,2024-12-11,13:14:00,2025-01-29,3152.95,3152.95,3152.95,3152.95,0,2865,0
BANKNIFTY29JAN2557000PE.NFO,2024-12-11,13:15:00,2025-01-29,3152.95,3152.95,3152.95,3152.95,0,2865,0
BANKNIFTY29JAN2557000PE.NFO,2024-12-11,13:16:00,2025-01-29,3152.95,3152.95,3152.95,3152.95,0,2865,0
BANKNIFTY29JAN2557000PE.NFO,2024-12-11,13:17:00,2025-01-29,3152.95,3152.95,3152.95,3152.95,0,2865,0
BANKNIFTY29JAN2557000PE.NFO,2024-12-11,13:18:00,2025-01-29,3152.95,3152.95,3152.95,3152.95,0,2865,0
BANKNIFTY29JAN2557000PE.NFO,2024-12-11,13:19:00,2025-01-29,3152.95,3152.95,3152.95,3152.95,0,2865,0
BANKNIFTY29JAN2557000PE.NFO,2024-12-11,13:20:00,2025-01-29,3152.95,3152.95,3152.95,3152.95,0,2865,0
BANKNIFTY29JAN2557000PE.NFO,2024-12-11,13:21:00,2025-01-29,3152.95,3152.95,3152.95,3152.95,0,2865,0
BANKNIFTY29JAN2557000PE.NFO,2024-12-11,13:22:00,2025-01-29,3152.95,3152.95,3152.95,3152.95,0,2865,0
BANKNIFTY29JAN2557000PE.NFO,2024-12-11,13:23:00,2025-01-29,3152.95,3152.95,3152.95,3152.95,0,2865,0
BANKNIFTY29JAN2557000PE.NFO,2024-12-11,13:24:00,2025-01-29,3152.95,3152.95,3152.95,3152.95,0,2865,0
BANKNIFTY29JAN2557000PE.NFO,2024-12-11,13:25:00,2025-01-29,3152.95,3152.95,3152.95,3152.95,0,2865,0
BANKNIFTY29JAN2557000PE.NFO,2024-12-11,13:26:00,2025-01-29,3152.95,3152.95,3152.95,3152.95,0,2865,0
BANKNIFTY29JAN2557000PE.NFO,2024-12-11,13:27:00,2025-01-29,3152.95,3152.95,3152.95,3152.95,0,2865,0
BANKNIFTY29JAN2557000PE.NFO,2024-12-11,13:28:00,2025-01-29,3152.95,3152.95,3152.95,3152.95,0,2865,0
BANKNIFTY29JAN2557000PE.NFO,2024-12-11,13:29:00,2025-01-29,3152.95,3152.95,3152.95,3152.95,0,2865,0
BANKNIFTY29JAN2557000PE.NFO,2024-12-11,13:30:00,2025-01-29,3152.95,3152.95,3152.95,3152.95,0,2865,0
BANKNIFTY29JAN2557000PE.NFO,2024-12-11,13:31:00,2025-01-29,3152.95,3152.95,3152.95,3152.95,0,2865,0
BANKNIFTY29JAN2557000PE.NFO,2024-12-11,13:32:00,2025-01-29,3152.95,3152.95,3152.95,3152.95,0,2865,0
BANKNIFTY29JAN2557000PE.NFO,2024-12-11,13:33:00,2025-01-29,3152.95,3152.95,3152.95,3152.95,0,2865,0
BANKNIFTY29JAN2557000PE.NFO,2024-12-11,13:34:00,2025-01-29,3152.95,3152.95,3152.95,3152.95,0,2865,0
BANKNIFTY29JAN2557000PE.NFO,2024-12-11,13:35:00,2025-01-29,3152.95,3152.95,3152.95,3152.95,0,2865,0
BANKNIFTY29JAN2557000PE.NFO,2024-12-11,13:36:00,2025-01-29,3152.95,3152.95,3152.95,3152.95,0,2865,0
BANKNIFTY29JAN2557000PE.NFO,2024-12-11,13:37:00,2025-01-29,3152.95,3152.95,3152.95,3152.95,0,2865,0
BANKNIFTY29JAN2557000PE.NFO,2024-12-11,13:38:00,2025-01-29,3152.95,3152.95,3152.95,3152.95,0,2865,0
BANKNIFTY29JAN2557000PE.NFO,2024-12-11,13:39:00,2025-01-29,3152.95,3152.95,3152.95,3152.95,0,2865,0
BANKNIFTY29JAN2557000PE.NFO,2024-12-11,13:40:00,2025-01-29,3152.95,3152.95,3152.95,3152.95,0,2865,0
BANKNIFTY29JAN2557000PE.NFO,2024-12-11,13:41:00,2025-01-29,3152.95,3152.95,3152.95,3152.95,0,2865,0
BANKNIFTY29JAN2557000PE.NFO,2024-12-11,13:42:00,2025-01-29,3152.95,3152.95,3152.95,3152.95,0,2865,0
BANKNIFTY29JAN2557000PE.NFO,2024-12-11,13:43:00,2025-01-29,3152.95,3152.95,3152.95,3152.95,0,2865,0
BANKNIFTY29JAN2557000PE.NFO,2024-12-11,13:44:00,2025-01-29,3152.95,3152.95,3152.95,3152.95,0,2865,0
BANKNIFTY29JAN2557000PE.NFO,2024-12-11,13:45:00,2025-01-29,3152.95,3152.95,3152.95,3152.95,0,2865,0
BANKNIFTY29JAN2557000PE.NFO,2024-12-11,13:46:00,2025-01-29,3152.95,3152.95,3152.95,3152.95,0,2865,0
BANKNIFTY29JAN2557000PE.NFO,2024-12-11,13:47:00,2025-01-29,3152.95,3152.95,3152.95,3152.95,0,2865,0
BANKNIFTY29JAN2557000PE.NFO,2024-12-11,13:48:00,2025-01-29,3152.95,3152.95,3152.95,3152.95,0,2865,0
BANKNIFTY29JAN2557000PE.NFO,2024-12-11,13:49:00,2025-01-29,3152.95,3152.95,3152.95,3152.95,0,2865,0
BANKNIFTY29JAN2557000PE.NFO,2024-12-11,13:50:00,2025-01-29,3152.95,3152.95,3152.95,3152.95,0,2865,0
BANKNIFTY29JAN2557000PE.NFO,2024-12-11,13:51:00,2025-01-29,3152.95,3152.95,3152.95,3152.95,0,2865,0
BANKNIFTY29JAN2557000PE.NFO,2024-12-11,13:52:00,2025-01-29,3152.95,3152.95,3152.95,3152.95,0,2865,0
BANKNIFTY29JAN2557000PE.NFO,2024-12-11,13:53:00,2025-01-29,3152.95,3152.95,3152.95,3152.95,0,2865,0
BANKNIFTY29JAN2557000PE.NFO,2024-12-11,13:54:00,2025-01-29,3152.95,3152.95,3152.95,3152.95,0,2865,0
BANKNIFTY29JAN2557000PE.NFO,2024-12-11,13:55:00,2025-01-29,3152.95,3152.95,3152.95,3152.95,0,2865,0
BANKNIFTY29JAN2557000PE.NFO,2024-12-11,13:56:00,2025-01-29,3152.95,3152.95,3152.95,3152.95,0,2865,0
BANKNIFTY29JAN2557000PE.NFO,2024-12-11,13:57:00,2025-01-29,3152.95,3152.95,3152.95,3152.95,0,2865,0
BANKNIFTY29JAN2557000PE.NFO,2024-12-11,13:58:00,2025-01-29,3152.95,3152.95,3152.95,3152.95,0,2865,0
BANKNIFTY29JAN2557000PE.NFO,2024-12-11,13:59:00,2025-01-29,3152.95,3152.95,3152.95,3152.95,0,2865,0
BANKNIFTY29JAN2557000PE.NFO,2024-12-11,14:00:00,2025-01-29,3152.95,3152.95,3152.95,3152.95,0,2865,0
BANKNIFTY29JAN2557000PE.NFO,2024-12-11,14:01:00,2025-01-29,3152.95,3152.95,3152.95,3152.95,0,2865,0
BANKNIFTY29JAN2557000PE.NFO,2024-12-11,14:02:00,2025-01-29,3152.95,3152.95,3152.95,3152.95,0,2865,0
BANKNIFTY29JAN2557000PE.NFO,2024-12-11,14:03:00,2025-01-29,3152.95,3152.95,3152.95,3152.95,0,2865,0
BANKNIFTY29JAN2557000PE.NFO,2024-12-11,14:04:00,2025-01-29,3152.95,3152.95,3152.95,3152.95,0,2865,0
BANKNIFTY29JAN2557000PE.NFO,2024-12-11,14:05:00,2025-01-29,3152.95,3152.95,3152.95,3152.95,0,2865,0
BANKNIFTY29JAN2557000PE.NFO,2024-12-11,14:06:00,2025-01-29,3152.95,3152.95,3152.95,3152.95,0,2865,0
BANKNIFTY29JAN2557000PE.NFO,2024-12-11,14:07:00,2025-01-29,3152.95,3152.95,3152.95,3152.95,0,2865,0
BANKNIFTY29JAN2557000PE.NFO,2024-12-11,14:08:00,2025-01-29,3152.95,3152.95,3152.95,3152.95,0,2865,0
BANKNIFTY29JAN2557000PE.NFO,2024-12-11,14:09:00,2025-01-29,3152.95,3152.95,3152.95,3152.95,0,2865,0
BANKNIFTY29JAN2557000PE.NFO,2024-12-11,14:10:00,2025-01-29,3152.95,3152.95,3050.0,3051.75,30,2865,0
BANKNIFTY29JAN2557000PE.NFO,2024-12-11,14:11:00,2025-01-29,3051.75,3051.75,3051.75,3051.75,0,2865,0
BANKNIFTY29JAN2557000PE.NFO,2024-12-11,14:12:00,2025-01-29,3051.75,3051.75,3051.75,3051.75,0,2865,0
BANKNIFTY29JAN2557000PE.NFO,2024-12-11,14:13:00,2025-01-29,3051.75,3051.75,3051.75,3051.75,0,2865,0
BANKNIFTY29JAN2557000PE.NFO,2024-12-11,14:14:00,2025-01-29,3051.75,3051.75,3051.75,3051.75,0,2865,0
BANKNIFTY29JAN2557000PE.NFO,2024-12-11,14:15:00,2025-01-29,3051.75,3051.75,3051.75,3051.75,0,2865,0
BANKNIFTY29JAN2557000PE.NFO,2024-12-11,14:16:00,2025-01-29,3051.75,3051.75,3051.75,3051.75,0,2865,0
BANKNIFTY29JAN2557000PE.NFO,2024-12-11,14:17:00,2025-01-29,3051.75,3051.75,3051.75,3051.75,0,2865,0
BANKNIFTY29JAN2557000PE.NFO,2024-12-11,14:18:00,2025-01-29,3051.75,3051.75,3051.75,3051.75,0,2865,0
BANKNIFTY29JAN2557000PE.NFO,2024-12-11,14:19:00,2025-01-29,3051.75,3051.75,3051.75,3051.75,0,2865,0
BANKNIFTY29JAN2557000PE.NFO,2024-12-11,14:20:00,2025-01-29,3051.75,3100.0,3051.75,3100.0,15,2865,0
BANKNIFTY29JAN2557000PE.NFO,2024-12-11,14:21:00,2025-01-29,3100.0,3100.0,3100.0,3100.0,0,2865,0
BANKNIFTY29JAN2557000PE.NFO,2024-12-11,14:22:00,2025-01-29,3100.0,3100.0,3100.0,3100.0,0,2865,0
BANKNIFTY29JAN2557000PE.NFO,2024-12-11,14:23:00,2025-01-29,3100.0,3100.0,3100.0,3100.0,0,2865,0
BANKNIFTY29JAN2557000PE.NFO,2024-12-11,14:24:00,2025-01-29,3100.0,3100.0,3100.0,3100.0,0,2865,0
BANKNIFTY29JAN2557000PE.NFO,2024-12-11,14:25:00,2025-01-29,3100.0,3100.0,3100.0,3100.0,0,2865,0
BANKNIFTY29JAN2557000PE.NFO,2024-12-11,14:26:00,2025-01-29,3100.0,3100.0,3100.0,3100.0,0,2865,0
BANKNIFTY29JAN2557000PE.NFO,2024-12-11,14:27:00,2025-01-29,3100.0,3100.0,3100.0,3100.0,0,2865,0
BANKNIFTY29JAN2557000PE.NFO,2024-12-11,14:28:00,2025-01-29,3100.0,3100.0,3100.0,3100.0,0,2865,0
BANKNIFTY29JAN2557000PE.NFO,2024-12-11,14:29:00,2025-01-29,3100.0,3100.0,3100.0,3100.0,0,2865,0
BANKNIFTY29JAN2557000PE.NFO,2024-12-11,14:30:00,2025-01-29,3100.0,3100.0,3100.0,3100.0,0,2865,0
BANKNIFTY29JAN2557000PE.NFO,2024-12-11,14:31:00,2025-01-29,3100.0,3100.0,3100.0,3100.0,0,2865,0
BANKNIFTY29JAN2557000PE.NFO,2024-12-11,14:32:00,2025-01-29,3100.0,3100.0,3100.0,3100.0,0,2865,0
BANKNIFTY29JAN2557000PE.NFO,2024-12-11,14:33:00,2025-01-29,3100.0,3100.0,3100.0,3100.0,0,2865,0
BANKNIFTY29JAN2557000PE.NFO,2024-12-11,14:34:00,2025-01-29,3100.0,3100.0,3100.0,3100.0,0,2865,0
BANKNIFTY29JAN2557000PE.NFO,2024-12-11,14:35:00,2025-01-29,3100.0,3100.0,3100.0,3100.0,0,2865,0
BANKNIFTY29JAN2557000PE.NFO,2024-12-11,14:36:00,2025-01-29,3100.0,3100.0,3100.0,3100.0,0,2865,0
BANKNIFTY29JAN2557000PE.NFO,2024-12-11,14:37:00,2025-01-29,3100.0,3100.0,3100.0,3100.0,0,2865,0
BANKNIFTY29JAN2557000PE.NFO,2024-12-11,14:38:00,2025-01-29,3100.0,3100.0,3100.0,3100.0,0,2865,0
BANKNIFTY29JAN2557000PE.NFO,2024-12-11,14:39:00,2025-01-29,3100.0,3100.0,3100.0,3100.0,0,2865,0
BANKNIFTY29JAN2557000PE.NFO,2024-12-11,14:40:00,2025-01-29,3100.0,3100.0,3100.0,3100.0,0,2865,0
BANKNIFTY29JAN2557000PE.NFO,2024-12-11,14:41:00,2025-01-29,3100.0,3100.0,3100.0,3100.0,0,2865,0
BANKNIFTY29JAN2557000PE.NFO,2024-12-11,14:42:00,2025-01-29,3100.0,3100.0,3100.0,3100.0,0,2865,0
BANKNIFTY29JAN2557000PE.NFO,2024-12-11,14:43:00,2025-01-29,3100.0,3100.0,3100.0,3100.0,0,2865,0
BANKNIFTY29JAN2557000PE.NFO,2024-12-11,14:44:00,2025-01-29,3100.0,3100.0,3100.0,3100.0,0,2865,0
BANKNIFTY29JAN2557000PE.NFO,2024-12-11,14:45:00,2025-01-29,3100.0,3164.6,3100.0,3164.6,165,2865,0
BANKNIFTY29JAN2557000PE.NFO,2024-12-11,14:46:00,2025-01-29,3164.6,3164.6,3164.6,3164.6,0,2865,0
BANKNIFTY29JAN2557000PE.NFO,2024-12-11,14:47:00,2025-01-29,3164.6,3164.6,3164.6,3164.6,0,2865,0
BANKNIFTY29JAN2557000PE.NFO,2024-12-11,14:48:00,2025-01-29,3164.6,3164.6,3164.6,3164.6,0,2865,0
BANKNIFTY29JAN2557000PE.NFO,2024-12-11,14:49:00,2025-01-29,3164.6,3164.6,3164.6,3164.6,0,2865,0
BANKNIFTY29JAN2557000PE.NFO,2024-12-11,14:50:00,2025-01-29,3164.6,3164.6,3164.6,3164.6,0,2865,0
BANKNIFTY29JAN2557000PE.NFO,2024-12-11,14:51:00,2025-01-29,3164.6,3176.85,3164.6,3172.5,90,2880,0
BANKNIFTY29JAN2557000PE.NFO,2024-12-11,14:52:00,2025-01-29,3172.5,3200.35,3172.5,3200.35,195,2880,0
BANKNIFTY29JAN2557000PE.NFO,2024-12-11,14:53:00,2025-01-29,3200.35,3200.35,3200.35,3200.35,0,2880,0
BANKNIFTY29JAN2557000PE.NFO,2024-12-11,14:54:00,2025-01-29,3200.35,3200.35,3200.35,3200.35,0,2880,0
BANKNIFTY29JAN2557000PE.NFO,2024-12-11,14:55:00,2025-01-29,3200.35,3200.35,3200.35,3200.35,0,2880,0
BANKNIFTY29JAN2557000PE.NFO,2024-12-11,14:56:00,2025-01-29,3200.35,3200.35,3200.35,3200.35,0,2880,0
BANKNIFTY29JAN2557000PE.NFO,2024-12-11,14:57:00,2025-01-29,3200.35,3200.35,3200.35,3200.35,0,2880,0
BANKNIFTY29JAN2557000PE.NFO,2024-12-11,14:58:00,2025-01-29,3200.35,3200.35,3200.35,3200.35,0,2880,0
BANKNIFTY29JAN2557000PE.NFO,2024-12-11,14:59:00,2025-01-29,3200.35,3200.35,3200.35,3200.35,0,2880,0
BANKNIFTY29JAN2557000PE.NFO,2024-12-11,15:00:00,2025-01-29,3200.35,3200.35,3200.35,3200.35,0,2880,0
BANKNIFTY29JAN2557000PE.NFO,2024-12-11,15:01:00,2025-01-29,3200.35,3200.35,3200.35,3200.35,0,2880,0
BANKNIFTY29JAN2557000PE.NFO,2024-12-11,15:02:00,2025-01-29,3200.35,3200.35,3200.35,3200.35,0,2880,0
BANKNIFTY29JAN2557000PE.NFO,2024-12-11,15:03:00,2025-01-29,3200.35,3200.35,3200.35,3200.35,0,2880,0
BANKNIFTY29JAN2557000PE.NFO,2024-12-11,15:04:00,2025-01-29,3200.35,3200.35,3200.35,3200.35,0,2880,0
BANKNIFTY29JAN2557000PE.NFO,2024-12-11,15:05:00,2025-01-29,3200.35,3200.35,3200.35,3200.35,0,2880,0
BANKNIFTY29JAN2557000PE.NFO,2024-12-11,15:06:00,2025-01-29,3200.35,3200.35,3200.35,3200.35,0,2880,0
BANKNIFTY29JAN2557000PE.NFO,2024-12-11,15:07:00,2025-01-29,3200.35,3200.35,3200.35,3200.35,0,2880,0
BANKNIFTY29JAN2557000PE.NFO,2024-12-11,15:08:00,2025-01-29,3200.35,3200.35,3200.35,3200.35,0,2880,0
BANKNIFTY29JAN2557000PE.NFO,2024-12-11,15:09:00,2025-01-29,3200.35,3200.35,3200.35,3200.35,0,2880,0
BANKNIFTY29JAN2557000PE.NFO,2024-12-11,15:10:00,2025-01-29,3200.35,3200.35,3200.35,3200.35,0,2880,0
BANKNIFTY29JAN2557000PE.NFO,2024-12-11,15:11:00,2025-01-29,3200.35,3200.35,3200.35,3200.35,0,2880,0
BANKNIFTY29JAN2557000PE.NFO,2024-12-11,15:12:00,2025-01-29,3200.35,3200.35,3200.35,3200.35,0,2880,0
BANKNIFTY29JAN2557000PE.NFO,2024-12-11,15:13:00,2025-01-29,3200.35,3200.35,3200.35,3200.35,0,2880,0
BANKNIFTY29JAN2557000PE.NFO,2024-12-11,15:14:00,2025-01-29,3200.35,3200.35,3200.35,3200.35,0,2880,0
BANKNIFTY29JAN2557000PE.NFO,2024-12-11,15:15:00,2025-01-29,3200.35,3200.35,3200.35,3200.35,0,2880,0
BANKNIFTY29JAN2557000PE.NFO,2024-12-11,15:16:00,2025-01-29,3200.35,3200.35,3200.35,3200.35,0,2880,0
BANKNIFTY29JAN2557000PE.NFO,2024-12-11,15:17:00,2025-01-29,3200.35,3200.35,3200.35,3200.35,0,2880,0
BANKNIFTY29JAN2557000PE.NFO,2024-12-11,15:18:00,2025-01-29,3200.35,3200.35,3200.35,3200.35,0,2880,0
BANKNIFTY29JAN2557000PE.NFO,2024-12-11,15:19:00,2025-01-29,3200.35,3200.35,3200.35,3200.35,0,2880,0
BANKNIFTY29JAN2557000PE.NFO,2024-12-11,15:20:00,2025-01-29,3200.35,3200.35,3200.35,3200.35,0,2880,0
BANKNIFTY29JAN2557000PE.NFO,2024-12-11,15:21:00,2025-01-29,3200.35,3200.35,3200.35,3200.35,0,2880,0
BANKNIFTY29JAN2557000PE.NFO,2024-12-11,15:22:00,2025-01-29,3200.35,3200.35,3200.35,3200.35,0,2880,0
BANKNIFTY29JAN2557000PE.NFO,2024-12-11,15:23:00,2025-01-29,3200.35,3200.35,3200.35,3200.35,0,2880,0
BANKNIFTY29JAN2557000PE.NFO,2024-12-11,15:24:00,2025-01-29,3200.35,3200.35,3200.35,3200.35,0,2880,0
BANKNIFTY29JAN2557000PE.NFO,2024-12-11,15:25:00,2025-01-29,3200.35,3200.35,3200.35,3200.35,0,2880,0
BANKNIFTY29JAN2557000PE.NFO,2024-12-11,15:26:00,2025-01-29,3200.35,3200.35,3200.35,3200.35,0,2880,0
BANKNIFTY29JAN2557000PE.NFO,2024-12-11,15:27:00,2025-01-29,3200.35,3200.35,3200.35,3200.35,0,2880,0
BANKNIFTY29JAN2557000PE.NFO,2024-12-11,15:28:00,2025-01-29,3200.35,3200.35,3200.35,3200.35,0,2880,0
BANKNIFTY29JAN2557000PE.NFO,2024-12-11,15:29:00,2025-01-29,3200.35,3200.35,3200.35,3200.35,0,2880,0
BANKNIFTY29JAN2557000PE.NFO,2024-12-11,15:30:00,2025-01-29,3200.35,3200.35,3200.35,3200.35,0,2880,1
BANKNIFTY29JAN2557000PE.NFO,2024-12-12,09:15:00,2025-01-29,3180.35,3180.35,3180.35,3180.35,0,2895,1
BANKNIFTY29JAN2557000PE.NFO,2024-12-12,09:16:00,2025-01-29,3180.35,3180.35,3180.35,3180.35,0,2895,1
BANKNIFTY29JAN2557000PE.NFO,2024-12-12,09:17:00,2025-01-29,3180.35,3180.35,3180.35,3180.35,0,2895,1
BANKNIFTY29JAN2557000PE.NFO,2024-12-12,09:18:00,2025-01-29,3180.35,3180.35,3180.35,3180.35,0,2895,1
BANKNIFTY29JAN2557000PE.NFO,2024-12-12,09:19:00,2025-01-29,3180.35,3180.35,3180.35,3180.35,0,2895,1
BANKNIFTY29JAN2557000PE.NFO,2024-12-12,09:20:00,2025-01-29,3180.35,3180.35,3180.35,3180.35,0,2895,1
BANKNIFTY29JAN2557000PE.NFO,2024-12-12,09:21:00,2025-01-29,3180.35,3180.35,3180.35,3180.35,0,2895,1
BANKNIFTY29JAN2557000PE.NFO,2024-12-12,09:22:00,2025-01-29,3180.35,3180.35,3180.35,3180.35,0,2895,1
BANKNIFTY29JAN2557000PE.NFO,2024-12-12,09:23:00,2025-01-29,3180.35,3180.35,3180.35,3180.35,0,2895,1
BANKNIFTY29JAN2557000PE.NFO,2024-12-12,09:24:00,2025-01-29,3180.35,3180.35,3180.35,3180.35,0,2895,1
BANKNIFTY29JAN2557000PE.NFO,2024-12-12,09:25:00,2025-01-29,3180.35,3180.35,3180.35,3180.35,0,2895,1
BANKNIFTY29JAN2557000PE.NFO,2024-12-12,09:26:00,2025-01-29,3180.35,3180.35,3180.35,3180.35,0,2895,1
BANKNIFTY29JAN2557000PE.NFO,2024-12-12,09:27:00,2025-01-29,3180.35,3180.35,3180.35,3180.35,0,2895,1
BANKNIFTY29JAN2557000PE.NFO,2024-12-12,09:28:00,2025-01-29,3180.35,3180.35,3180.35,3180.35,0,2895,1
BANKNIFTY29JAN2557000PE.NFO,2024-12-12,09:29:00,2025-01-29,3180.35,3180.35,3180.35,3180.35,0,2895,1
BANKNIFTY29JAN2557000PE.NFO,2024-12-12,09:30:00,2025-01-29,3180.35,3180.35,3180.35,3180.35,0,2895,1
BANKNIFTY29JAN2557000PE.NFO,2024-12-12,09:31:00,2025-01-29,3180.35,3180.35,3180.35,3180.35,0,2895,1
BANKNIFTY29JAN2557000PE.NFO,2024-12-12,09:32:00,2025-01-29,3180.35,3180.35,3180.35,3180.35,0,2895,1
BANKNIFTY29JAN2557000PE.NFO,2024-12-12,09:33:00,2025-01-29,3180.35,3180.35,3180.35,3180.35,0,2895,1
BANKNIFTY29JAN2557000PE.NFO,2024-12-12,09:34:00,2025-01-29,3180.35,3180.35,3180.35,3180.35,0,2895,1
BANKNIFTY29JAN2557000PE.NFO,2024-12-12,09:35:00,2025-01-29,3180.35,3180.35,3180.35,3180.35,0,2895,1
BANKNIFTY29JAN2557000PE.NFO,2024-12-12,09:36:00,2025-01-29,3180.35,3180.35,3180.35,3180.35,0,2895,1
BANKNIFTY29JAN2557000PE.NFO,2024-12-12,09:37:00,2025-01-29,3180.35,3180.35,3180.35,3180.35,0,2895,1
BANKNIFTY29JAN2557000PE.NFO,2024-12-12,09:38:00,2025-01-29,3180.35,3180.35,3180.35,3180.35,0,2895,1
BANKNIFTY29JAN2557000PE.NFO,2024-12-12,09:39:00,2025-01-29,3180.35,3180.35,3180.35,3180.35,0,2895,1
BANKNIFTY29JAN2557000PE.NFO,2024-12-12,09:40:00,2025-01-29,3180.35,3180.35,3180.35,3180.35,0,2895,1
BANKNIFTY29JAN2557000PE.NFO,2024-12-12,09:41:00,2025-01-29,3180.35,3180.35,3180.35,3180.35,0,2895,1
BANKNIFTY29JAN2557000PE.NFO,2024-12-12,09:42:00,2025-01-29,3180.35,3180.35,3180.35,3180.35,0,2895,1
BANKNIFTY29JAN2557000PE.NFO,2024-12-12,09:43:00,2025-01-29,3180.35,3180.35,3180.35,3180.35,0,2895,1
BANKNIFTY29JAN2557000PE.NFO,2024-12-12,09:44:00,2025-01-29,3180.35,3180.35,3180.35,3180.35,0,2895,1
BANKNIFTY29JAN2557000PE.NFO,2024-12-12,09:45:00,2025-01-29,3180.35,3180.35,3180.35,3180.35,0,2895,1
BANKNIFTY29JAN2557000PE.NFO,2024-12-12,09:46:00,2025-01-29,3180.35,3180.35,3180.35,3180.35,0,2895,1
BANKNIFTY29JAN2557000PE.NFO,2024-12-12,09:47:00,2025-01-29,3180.35,3180.35,3180.35,3180.35,0,2895,1
BANKNIFTY29JAN2557000PE.NFO,2024-12-12,09:48:00,2025-01-29,3180.35,3180.35,3180.35,3180.35,0,2895,1
BANKNIFTY29JAN2557000PE.NFO,2024-12-12,09:49:00,2025-01-29,3180.35,3180.35,3180.35,3180.35,0,2895,1
BANKNIFTY29JAN2557000PE.NFO,2024-12-12,09:50:00,2025-01-29,3180.35,3180.35,3180.35,3180.35,0,2895,0
BANKNIFTY29JAN2557000PE.NFO,2024-12-12,09:51:00,2025-01-29,3180.35,3180.35,3180.35,3180.35,0,2895,0
BANKNIFTY29JAN2557000PE.NFO,2024-12-12,09:52:00,2025-01-29,3180.35,3180.35,3180.35,3180.35,0,2895,0
BANKNIFTY29JAN2557000PE.NFO,2024-12-12,09:53:00,2025-01-29,3180.35,3180.35,3180.35,3180.35,0,2895,0
BANKNIFTY29JAN2557000PE.NFO,2024-12-12,09:54:00,2025-01-29,3180.35,3180.35,3180.35,3180.35,0,2895,0
BANKNIFTY29JAN2557000PE.NFO,2024-12-12,09:55:00,2025-01-29,3180.35,3180.35,3180.35,3180.35,0,2895,0
BANKNIFTY29JAN2557000PE.NFO,2024-12-12,09:56:00,2025-01-29,3180.35,3180.35,3180.35,3180.35,0,2895,0
BANKNIFTY29JAN2557000PE.NFO,2024-12-12,09:57:00,2025-01-29,3180.35,3180.35,3180.35,3180.35,0,2895,0
BANKNIFTY29JAN2557000PE.NFO,2024-12-12,09:58:00,2025-01-29,3180.35,3180.35,3180.35,3180.35,0,2895,0
BANKNIFTY29JAN2557000PE.NFO,2024-12-12,09:59:00,2025-01-29,3180.35,3180.35,3180.35,3180.35,0,2895,0
BANKNIFTY29JAN2557000PE.NFO,2024-12-12,10:00:00,2025-01-29,3180.35,3180.35,3180.35,3180.35,0,2895,0
BANKNIFTY29JAN2557000PE.NFO,2024-12-12,10:01:00,2025-01-29,3180.35,3180.35,3180.3,3180.35,0,2910,0
BANKNIFTY29JAN2557000PE.NFO,2024-12-12,10:02:00,2025-01-29,3180.35,3180.35,3180.35,3180.35,0,2910,0
BANKNIFTY29JAN2557000PE.NFO,2024-12-12,10:03:00,2025-01-29,3180.35,3180.35,3180.35,3180.35,0,2910,0
BANKNIFTY29JAN2557000PE.NFO,2024-12-12,10:04:00,2025-01-29,3180.35,3180.35,3180.35,3180.35,0,2910,0
BANKNIFTY29JAN2557000PE.NFO,2024-12-12,10:05:00,2025-01-29,3180.35,3180.35,3180.35,3180.35,0,2910,0
BANKNIFTY29JAN2557000PE.NFO,2024-12-12,10:06:00,2025-01-29,3180.35,3180.35,3180.35,3180.35,0,2910,0
BANKNIFTY29JAN2557000PE.NFO,2024-12-12,10:07:00,2025-01-29,3180.35,3180.35,3180.35,3180.35,0,2910,0
BANKNIFTY29JAN2557000PE.NFO,2024-12-12,10:08:00,2025-01-29,3180.35,3180.5,3180.35,3180.5,30,2895,0
BANKNIFTY29JAN2557000PE.NFO,2024-12-12,10:09:00,2025-01-29,3180.5,3180.5,3180.5,3180.5,0,2895,0
BANKNIFTY29JAN2557000PE.NFO,2024-12-12,10:10:00,2025-01-29,3180.5,3180.5,3171.3,3171.3,15,2895,0
BANKNIFTY29JAN2557000PE.NFO,2024-12-12,10:11:00,2025-01-29,3171.3,3171.3,3171.3,3171.3,0,2895,0
BANKNIFTY29JAN2557000PE.NFO,2024-12-12,10:12:00,2025-01-29,3171.3,3171.3,3171.3,3171.3,0,2895,0
BANKNIFTY29JAN2557000PE.NFO,2024-12-12,10:13:00,2025-01-29,3171.3,3171.3,3171.3,3171.3,0,2895,0
BANKNIFTY29JAN2557000PE.NFO,2024-12-12,10:14:00,2025-01-29,3171.3,3171.3,3171.3,3171.3,0,2895,0
BANKNIFTY29JAN2557000PE.NFO,2024-12-12,10:15:00,2025-01-29,3171.3,3190.3,3171.3,3190.3,30,2910,0
BANKNIFTY29JAN2557000PE.NFO,2024-12-12,10:16:00,2025-01-29,3190.3,3190.3,3190.3,3190.3,0,2910,0
BANKNIFTY29JAN2557000PE.NFO,2024-12-12,10:17:00,2025-01-29,3190.3,3190.3,3190.3,3190.3,0,2910,0
BANKNIFTY29JAN2557000PE.NFO,2024-12-12,10:18:00,2025-01-29,3190.3,3190.3,3190.3,3190.3,0,2910,0
BANKNIFTY29JAN2557000PE.NFO,2024-12-12,10:19:00,2025-01-29,3190.3,3190.3,3190.3,3190.3,0,2910,0
BANKNIFTY29JAN2557000PE.NFO,2024-12-12,10:20:00,2025-01-29,3190.3,3190.3,3190.3,3190.3,0,2910,0
BANKNIFTY29JAN2557000PE.NFO,2024-12-12,10:21:00,2025-01-29,3190.3,3190.3,3190.3,3190.3,0,2910,0
BANKNIFTY29JAN2557000PE.NFO,2024-12-12,10:22:00,2025-01-29,3190.3,3190.3,3190.3,3190.3,0,2910,0
BANKNIFTY29JAN2557000PE.NFO,2024-12-12,10:23:00,2025-01-29,3190.3,3190.3,3190.3,3190.3,0,2910,0
BANKNIFTY29JAN2557000PE.NFO,2024-12-12,10:24:00,2025-01-29,3190.3,3190.3,3190.3,3190.3,0,2910,0
BANKNIFTY29JAN2557000PE.NFO,2024-12-12,10:25:00,2025-01-29,3190.3,3190.3,3190.3,3190.3,0,2910,0
BANKNIFTY29JAN2557000PE.NFO,2024-12-12,10:26:00,2025-01-29,3190.3,3190.3,3190.3,3190.3,0,2910,0
BANKNIFTY29JAN2557000PE.NFO,2024-12-12,10:27:00,2025-01-29,3190.3,3190.3,3190.3,3190.3,0,2910,0
BANKNIFTY29JAN2557000PE.NFO,2024-12-12,10:28:00,2025-01-29,3190.3,3190.3,3190.3,3190.3,0,2910,0
BANKNIFTY29JAN2557000PE.NFO,2024-12-12,10:29:00,2025-01-29,3190.3,3190.3,3190.3,3190.3,0,2910,0
BANKNIFTY29JAN2557000PE.NFO,2024-12-12,10:30:00,2025-01-29,3190.3,3190.3,3190.3,3190.3,0,2910,0
BANKNIFTY29JAN2557000PE.NFO,2024-12-12,10:31:00,2025-01-29,3190.3,3190.3,3190.3,3190.3,0,2910,0
BANKNIFTY29JAN2557000PE.NFO,2024-12-12,10:32:00,2025-01-29,3190.3,3190.3,3190.3,3190.3,0,2910,0
BANKNIFTY29JAN2557000PE.NFO,2024-12-12,10:33:00,2025-01-29,3190.3,3190.3,3190.3,3190.3,0,2910,0
BANKNIFTY29JAN2557000PE.NFO,2024-12-12,10:34:00,2025-01-29,3190.3,3190.3,3190.3,3190.3,0,2910,0
BANKNIFTY29JAN2557000PE.NFO,2024-12-12,10:35:00,2025-01-29,3190.3,3190.3,3190.3,3190.3,0,2910,0
BANKNIFTY29JAN2557000PE.NFO,2024-12-12,10:36:00,2025-01-29,3190.3,3190.3,3190.3,3190.3,0,2910,0
BANKNIFTY29JAN2557000PE.NFO,2024-12-12,10:37:00,2025-01-29,3190.3,3190.3,3190.3,3190.3,0,2910,0
BANKNIFTY29JAN2557000PE.NFO,2024-12-12,10:38:00,2025-01-29,3190.3,3190.3,3190.3,3190.3,0,2910,0
BANKNIFTY29JAN2557000PE.NFO,2024-12-12,10:39:00,2025-01-29,3190.3,3190.3,3190.3,3190.3,0,2910,0
BANKNIFTY29JAN2557000PE.NFO,2024-12-12,10:40:00,2025-01-29,3190.3,3190.3,3190.3,3190.3,0,2910,0
BANKNIFTY29JAN2557000PE.NFO,2024-12-12,10:41:00,2025-01-29,3190.3,3190.3,3190.3,3190.3,0,2910,0
BANKNIFTY29JAN2557000PE.NFO,2024-12-12,10:42:00,2025-01-29,3190.3,3190.3,3190.3,3190.3,0,2910,0
BANKNIFTY29JAN2557000PE.NFO,2024-12-12,10:43:00,2025-01-29,3190.3,3190.3,3190.3,3190.3,0,2910,0
BANKNIFTY29JAN2557000PE.NFO,2024-12-12,10:44:00,2025-01-29,3190.3,3190.3,3190.3,3190.3,0,2910,0
BANKNIFTY29JAN2557000PE.NFO,2024-12-12,10:45:00,2025-01-29,3190.3,3190.3,3190.3,3190.3,0,2910,0
BANKNIFTY29JAN2557000PE.NFO,2024-12-12,10:46:00,2025-01-29,3190.3,3190.3,3190.3,3190.3,0,2910,0
BANKNIFTY29JAN2557000PE.NFO,2024-12-12,10:47:00,2025-01-29,3190.3,3190.3,3190.3,3190.3,0,2910,0
BANKNIFTY29JAN2557000PE.NFO,2024-12-12,10:48:00,2025-01-29,3190.3,3190.3,3190.3,3190.3,0,2910,0
BANKNIFTY29JAN2557000PE.NFO,2024-12-12,10:49:00,2025-01-29,3190.3,3190.3,3190.3,3190.3,0,2910,0
BANKNIFTY29JAN2557000PE.NFO,2024-12-12,10:50:00,2025-01-29,3190.3,3190.3,3190.3,3190.3,0,2910,0
BANKNIFTY29JAN2557000PE.NFO,2024-12-12,10:51:00,2025-01-29,3190.3,3190.3,3190.3,3190.3,0,2910,0
BANKNIFTY29JAN2557000PE.NFO,2024-12-12,10:52:00,2025-01-29,3190.3,3190.3,3190.3,3190.3,0,2910,0
BANKNIFTY29JAN2557000PE.NFO,2024-12-12,10:53:00,2025-01-29,3190.3,3190.3,3190.3,3190.3,0,2910,0
BANKNIFTY29JAN2557000PE.NFO,2024-12-12,10:54:00,2025-01-29,3190.3,3190.3,3190.3,3190.3,0,2910,0
BANKNIFTY29JAN2557000PE.NFO,2024-12-12,10:55:00,2025-01-29,3190.3,3190.3,3190.3,3190.3,0,2910,0
BANKNIFTY29JAN2557000PE.NFO,2024-12-12,10:56:00,2025-01-29,3190.3,3190.3,3190.3,3190.3,0,2910,0
BANKNIFTY29JAN2557000PE.NFO,2024-12-12,10:57:00,2025-01-29,3190.3,3190.3,3190.3,3190.3,0,2910,0
BANKNIFTY29JAN2557000PE.NFO,2024-12-12,10:58:00,2025-01-29,3190.3,3190.3,3190.3,3190.3,0,2910,0
BANKNIFTY29JAN2557000PE.NFO,2024-12-12,10:59:00,2025-01-29,3190.3,3190.3,3190.3,3190.3,0,2910,0
BANKNIFTY29JAN2557000PE.NFO,2024-12-12,11:00:00,2025-01-29,3190.3,3190.3,3190.3,3190.3,0,2910,0
BANKNIFTY29JAN2557000PE.NFO,2024-12-12,11:01:00,2025-01-29,3190.3,3190.3,3190.3,3190.3,0,2910,0
BANKNIFTY29JAN2557000PE.NFO,2024-12-12,11:02:00,2025-01-29,3190.3,3190.3,3190.3,3190.3,0,2910,0
BANKNIFTY29JAN2557000PE.NFO,2024-12-12,11:03:00,2025-01-29,3190.3,3190.3,3190.3,3190.3,0,2910,0
BANKNIFTY29JAN2557000PE.NFO,2024-12-12,11:04:00,2025-01-29,3190.3,3190.3,3190.3,3190.3,0,2910,0
BANKNIFTY29JAN2557000PE.NFO,2024-12-12,11:05:00,2025-01-29,3190.3,3190.3,3190.3,3190.3,0,2910,0
BANKNIFTY29JAN2557000PE.NFO,2024-12-12,11:06:00,2025-01-29,3190.3,3190.3,3190.3,3190.3,0,2910,0
BANKNIFTY29JAN2557000PE.NFO,2024-12-12,11:07:00,2025-01-29,3190.3,3190.3,3190.3,3190.3,0,2910,0
BANKNIFTY29JAN2557000PE.NFO,2024-12-12,11:08:00,2025-01-29,3190.3,3190.3,3190.3,3190.3,0,2910,0
BANKNIFTY29JAN2557000PE.NFO,2024-12-12,11:09:00,2025-01-29,3190.3,3190.3,3190.3,3190.3,0,2910,0
BANKNIFTY29JAN2557000PE.NFO,2024-12-12,11:10:00,2025-01-29,3190.3,3190.3,3144.35,3159.0,135,2910,0
BANKNIFTY29JAN2557000PE.NFO,2024-12-12,11:11:00,2025-01-29,3158.05,3158.05,3158.05,3158.05,15,2910,0
BANKNIFTY29JAN2557000PE.NFO,2024-12-12,11:12:00,2025-01-29,3158.05,3158.05,3158.05,3158.05,0,2910,0
BANKNIFTY29JAN2557000PE.NFO,2024-12-12,11:13:00,2025-01-29,3158.05,3158.05,3158.05,3158.05,0,2910,0
BANKNIFTY29JAN2557000PE.NFO,2024-12-12,11:14:00,2025-01-29,3158.05,3158.05,3158.05,3158.05,0,2910,0
BANKNIFTY29JAN2557000PE.NFO,2024-12-12,11:15:00,2025-01-29,3158.05,3158.05,3158.05,3158.05,0,2910,0
BANKNIFTY29JAN2557000PE.NFO,2024-12-12,11:16:00,2025-01-29,3158.05,3158.05,3158.05,3158.05,0,2910,0
BANKNIFTY29JAN2557000PE.NFO,2024-12-12,11:17:00,2025-01-29,3158.05,3158.05,3158.05,3158.05,0,2910,0
BANKNIFTY29JAN2557000PE.NFO,2024-12-12,11:18:00,2025-01-29,3158.05,3158.05,3158.05,3158.05,0,2910,0
BANKNIFTY29JAN2557000PE.NFO,2024-12-12,11:19:00,2025-01-29,3158.05,3158.05,3158.05,3158.05,0,2910,0
BANKNIFTY29JAN2557000PE.NFO,2024-12-12,11:20:00,2025-01-29,3158.05,3158.05,3158.05,3158.05,0,2910,0
BANKNIFTY29JAN2557000PE.NFO,2024-12-12,11:21:00,2025-01-29,3158.05,3158.05,3158.05,3158.05,0,2910,0
BANKNIFTY29JAN2557000PE.NFO,2024-12-12,11:22:00,2025-01-29,3158.05,3158.05,3158.05,3158.05,0,2910,0
BANKNIFTY29JAN2557000PE.NFO,2024-12-12,11:23:00,2025-01-29,3158.05,3158.05,3158.05,3158.05,0,2910,0
BANKNIFTY29JAN2557000PE.NFO,2024-12-12,11:24:00,2025-01-29,3158.05,3158.05,3158.05,3158.05,0,2910,0
BANKNIFTY29JAN2557000PE.NFO,2024-12-12,11:25:00,2025-01-29,3158.05,3158.05,3158.05,3158.05,0,2910,0
BANKNIFTY29JAN2557000PE.NFO,2024-12-12,11:26:00,2025-01-29,3158.05,3158.05,3158.05,3158.05,0,2910,0
BANKNIFTY29JAN2557000PE.NFO,2024-12-12,11:27:00,2025-01-29,3158.05,3158.05,3158.05,3158.05,0,2910,0
BANKNIFTY29JAN2557000PE.NFO,2024-12-12,11:28:00,2025-01-29,3158.05,3158.05,3158.05,3158.05,0,2910,0
BANKNIFTY29JAN2557000PE.NFO,2024-12-12,11:29:00,2025-01-29,3158.05,3158.05,3158.05,3158.05,0,2910,0
BANKNIFTY29JAN2557000PE.NFO,2024-12-12,11:30:00,2025-01-29,3158.05,3158.05,3158.05,3158.05,0,2910,0
BANKNIFTY29JAN2557000PE.NFO,2024-12-12,11:31:00,2025-01-29,3158.05,3158.05,3158.05,3158.05,0,2910,0
BANKNIFTY29JAN2557000PE.NFO,2024-12-12,11:32:00,2025-01-29,3158.05,3158.05,3158.05,3158.05,0,2910,0
BANKNIFTY29JAN2557000PE.NFO,2024-12-12,11:33:00,2025-01-29,3158.05,3158.05,3158.05,3158.05,0,2910,0
BANKNIFTY29JAN2557000PE.NFO,2024-12-12,11:34:00,2025-01-29,3158.05,3158.05,3158.05,3158.05,0,2910,0
BANKNIFTY29JAN2557000PE.NFO,2024-12-12,11:35:00,2025-01-29,3158.05,3158.05,3158.05,3158.05,0,2910,0
BANKNIFTY29JAN2557000PE.NFO,2024-12-12,11:36:00,2025-01-29,3158.05,3158.05,3158.05,3158.05,0,2910,0
BANKNIFTY29JAN2557000PE.NFO,2024-12-12,11:37:00,2025-01-29,3158.05,3158.05,3158.05,3158.05,0,2910,0
BANKNIFTY29JAN2557000PE.NFO,2024-12-12,11:38:00,2025-01-29,3158.05,3158.05,3158.05,3158.05,0,2910,0
BANKNIFTY29JAN2557000PE.NFO,2024-12-12,11:39:00,2025-01-29,3158.05,3158.05,3158.05,3158.05,0,2910,0
BANKNIFTY29JAN2557000PE.NFO,2024-12-12,11:40:00,2025-01-29,3158.05,3158.05,3158.05,3158.05,0,2910,0
BANKNIFTY29JAN2557000PE.NFO,2024-12-12,11:41:00,2025-01-29,3158.05,3158.05,3158.05,3158.05,0,2910,0
BANKNIFTY29JAN2557000PE.NFO,2024-12-12,11:42:00,2025-01-29,3158.05,3158.05,3158.05,3158.05,0,2910,0
BANKNIFTY29JAN2557000PE.NFO,2024-12-12,11:43:00,2025-01-29,3158.05,3158.05,3158.05,3158.05,0,2910,0
BANKNIFTY29JAN2557000PE.NFO,2024-12-12,11:44:00,2025-01-29,3158.05,3158.05,3158.05,3158.05,0,2910,0
BANKNIFTY29JAN2557000PE.NFO,2024-12-12,11:45:00,2025-01-29,3158.05,3158.05,3158.05,3158.05,0,2910,0
BANKNIFTY29JAN2557000PE.NFO,2024-12-12,11:46:00,2025-01-29,3158.05,3158.05,3158.05,3158.05,0,2910,0
BANKNIFTY29JAN2557000PE.NFO,2024-12-12,11:47:00,2025-01-29,3158.05,3158.05,3158.05,3158.05,0,2910,0
BANKNIFTY29JAN2557000PE.NFO,2024-12-12,11:48:00,2025-01-29,3158.05,3158.05,3158.05,3158.05,0,2910,0
BANKNIFTY29JAN2557000PE.NFO,2024-12-12,11:49:00,2025-01-29,3158.05,3158.05,3158.05,3158.05,0,2910,0
BANKNIFTY29JAN2557000PE.NFO,2024-12-12,11:50:00,2025-01-29,3158.05,3158.05,3158.05,3158.05,0,2910,0
BANKNIFTY29JAN2557000PE.NFO,2024-12-12,11:51:00,2025-01-29,3158.05,3158.05,3158.05,3158.05,0,2910,0
BANKNIFTY29JAN2557000PE.NFO,2024-12-12,11:52:00,2025-01-29,3158.05,3158.05,3158.05,3158.05,0,2910,0
BANKNIFTY29JAN2557000PE.NFO,2024-12-12,11:53:00,2025-01-29,3158.05,3158.05,3158.05,3158.05,0,2910,0
BANKNIFTY29JAN2557000PE.NFO,2024-12-12,11:54:00,2025-01-29,3158.05,3158.05,3158.05,3158.05,0,2910,0
BANKNIFTY29JAN2557000PE.NFO,2024-12-12,11:55:00,2025-01-29,3158.05,3158.05,3158.05,3158.05,0,2910,0
BANKNIFTY29JAN2557000PE.NFO,2024-12-12,11:56:00,2025-01-29,3158.05,3158.05,3158.05,3158.05,0,2910,0
BANKNIFTY29JAN2557000PE.NFO,2024-12-12,11:57:00,2025-01-29,3158.05,3158.05,3158.05,3158.05,0,2910,0
BANKNIFTY29JAN2557000PE.NFO,2024-12-12,11:58:00,2025-01-29,3158.05,3158.05,3158.05,3158.05,0,2910,0
BANKNIFTY29JAN2557000PE.NFO,2024-12-12,11:59:00,2025-01-29,3158.05,3158.05,3158.05,3158.05,0,2910,0
BANKNIFTY29JAN2557000PE.NFO,2024-12-12,12:00:00,2025-01-29,3158.05,3158.05,3158.05,3158.05,0,2910,0
BANKNIFTY29JAN2557000PE.NFO,2024-12-12,12:01:00,2025-01-29,3158.05,3158.05,3158.05,3158.05,0,2910,0
BANKNIFTY29JAN2557000PE.NFO,2024-12-12,12:02:00,2025-01-29,3158.05,3158.05,3158.05,3158.05,0,2910,0
BANKNIFTY29JAN2557000PE.NFO,2024-12-12,12:03:00,2025-01-29,3158.05,3158.05,3158.05,3158.05,0,2910,0
BANKNIFTY29JAN2557000PE.NFO,2024-12-12,12:04:00,2025-01-29,3158.05,3158.05,3158.05,3158.05,0,2910,0
BANKNIFTY29JAN2557000PE.NFO,2024-12-12,12:05:00,2025-01-29,3158.05,3158.05,3158.05,3158.05,0,2910,0
BANKNIFTY29JAN2557000PE.NFO,2024-12-12,12:06:00,2025-01-29,3158.05,3158.05,3158.05,3158.05,0,2910,0
BANKNIFTY29JAN2557000PE.NFO,2024-12-12,12:07:00,2025-01-29,3158.05,3158.05,3158.05,3158.05,0,2910,0
BANKNIFTY29JAN2557000PE.NFO,2024-12-12,12:08:00,2025-01-29,3158.05,3158.05,3158.05,3158.05,0,2910,0
BANKNIFTY29JAN2557000PE.NFO,2024-12-12,12:09:00,2025-01-29,3158.05,3158.05,3158.05,3158.05,0,2910,0
BANKNIFTY29JAN2557000PE.NFO,2024-12-12,12:10:00,2025-01-29,3158.05,3158.05,3158.05,3158.05,0,2910,0
BANKNIFTY29JAN2557000PE.NFO,2024-12-12,12:11:00,2025-01-29,3158.05,3158.05,3158.05,3158.05,0,2910,0
BANKNIFTY29JAN2557000PE.NFO,2024-12-12,12:12:00,2025-01-29,3158.05,3158.05,3158.05,3158.05,0,2910,0
BANKNIFTY29JAN2557000PE.NFO,2024-12-12,12:13:00,2025-01-29,3158.05,3285.9,3158.05,3285.9,30,2925,0
BANKNIFTY29JAN2557000PE.NFO,2024-12-12,12:14:00,2025-01-29,3285.9,3285.9,3285.9,3285.9,0,2925,0
BANKNIFTY29JAN2557000PE.NFO,2024-12-12,12:15:00,2025-01-29,3285.9,3285.9,3285.9,3285.9,0,2925,0
BANKNIFTY29JAN2557000PE.NFO,2024-12-12,12:16:00,2025-01-29,3285.9,3285.9,3285.9,3285.9,0,2925,0
BANKNIFTY29JAN2557000PE.NFO,2024-12-12,12:17:00,2025-01-29,3285.9,3285.9,3285.9,3285.9,0,2925,0
BANKNIFTY29JAN2557000PE.NFO,2024-12-12,12:18:00,2025-01-29,3285.9,3285.9,3285.9,3285.9,0,2925,0
BANKNIFTY29JAN2557000PE.NFO,2024-12-12,12:19:00,2025-01-29,3285.9,3285.9,3285.9,3285.9,0,2925,0
BANKNIFTY29JAN2557000PE.NFO,2024-12-12,12:20:00,2025-01-29,3285.9,3285.9,3285.9,3285.9,0,2925,0
BANKNIFTY29JAN2557000PE.NFO,2024-12-12,12:21:00,2025-01-29,3285.9,3285.9,3285.9,3285.9,0,2925,0
BANKNIFTY29JAN2557000PE.NFO,2024-12-12,12:22:00,2025-01-29,3285.9,3285.9,3285.9,3285.9,0,2925,0
BANKNIFTY29JAN2557000PE.NFO,2024-12-12,12:23:00,2025-01-29,3285.9,3285.9,3285.9,3285.9,0,2925,0
BANKNIFTY29JAN2557000PE.NFO,2024-12-12,12:24:00,2025-01-29,3285.9,3285.9,3285.9,3285.9,0,2925,0
BANKNIFTY29JAN2557000PE.NFO,2024-12-12,12:25:00,2025-01-29,3285.9,3285.9,3285.9,3285.9,0,2925,0
BANKNIFTY29JAN2557000PE.NFO,2024-12-12,12:26:00,2025-01-29,3285.9,3285.9,3285.9,3285.9,0,2925,0
BANKNIFTY29JAN2557000PE.NFO,2024-12-12,12:27:00,2025-01-29,3285.9,3285.9,3285.9,3285.9,0,2925,0
BANKNIFTY29JAN2557000PE.NFO,2024-12-12,12:28:00,2025-01-29,3285.9,3285.9,3285.9,3285.9,0,2925,0
BANKNIFTY29JAN2557000PE.NFO,2024-12-12,12:29:00,2025-01-29,3285.9,3285.9,3285.9,3285.9,0,2925,0
BANKNIFTY29JAN2557000PE.NFO,2024-12-12,12:30:00,2025-01-29,3285.9,3285.9,3285.9,3285.9,0,2925,0
BANKNIFTY29JAN2557000PE.NFO,2024-12-12,12:31:00,2025-01-29,3285.9,3285.9,3285.9,3285.9,0,2925,0
BANKNIFTY29JAN2557000PE.NFO,2024-12-12,12:32:00,2025-01-29,3285.9,3285.9,3285.9,3285.9,0,2925,0
BANKNIFTY29JAN2557000PE.NFO,2024-12-12,12:33:00,2025-01-29,3285.9,3285.9,3285.9,3285.9,0,2925,0
BANKNIFTY29JAN2557000PE.NFO,2024-12-12,12:34:00,2025-01-29,3285.9,3285.9,3285.9,3285.9,0,2925,0
BANKNIFTY29JAN2557000PE.NFO,2024-12-12,12:35:00,2025-01-29,3285.9,3285.9,3285.9,3285.9,0,2925,0
BANKNIFTY29JAN2557000PE.NFO,2024-12-12,12:36:00,2025-01-29,3285.9,3285.9,3285.9,3285.9,0,2925,0
BANKNIFTY29JAN2557000PE.NFO,2024-12-12,12:37:00,2025-01-29,3285.9,3285.9,3285.9,3285.9,0,2925,0
BANKNIFTY29JAN2557000PE.NFO,2024-12-12,12:38:00,2025-01-29,3285.9,3285.9,3285.9,3285.9,0,2925,0
BANKNIFTY29JAN2557000PE.NFO,2024-12-12,12:39:00,2025-01-29,3285.9,3285.9,3285.9,3285.9,0,2925,0
BANKNIFTY29JAN2557000PE.NFO,2024-12-12,12:40:00,2025-01-29,3285.9,3285.9,3285.9,3285.9,0,2925,0
BANKNIFTY29JAN2557000PE.NFO,2024-12-12,12:41:00,2025-01-29,3285.9,3285.9,3285.9,3285.9,0,2925,0
BANKNIFTY29JAN2557000PE.NFO,2024-12-12,12:42:00,2025-01-29,3285.9,3285.9,3285.9,3285.9,0,2925,0
BANKNIFTY29JAN2557000PE.NFO,2024-12-12,12:43:00,2025-01-29,3285.9,3285.9,3285.9,3285.9,0,2925,0
BANKNIFTY29JAN2557000PE.NFO,2024-12-12,12:44:00,2025-01-29,3285.9,3285.9,3285.9,3285.9,0,2925,0
BANKNIFTY29JAN2557000PE.NFO,2024-12-12,12:45:00,2025-01-29,3285.9,3285.9,3285.9,3285.9,0,2925,0
BANKNIFTY29JAN2557000PE.NFO,2024-12-12,12:46:00,2025-01-29,3285.9,3285.9,3285.9,3285.9,0,2925,0
BANKNIFTY29JAN2557000PE.NFO,2024-12-12,12:47:00,2025-01-29,3285.9,3285.9,3285.9,3285.9,0,2925,0
BANKNIFTY29JAN2557000PE.NFO,2024-12-12,12:48:00,2025-01-29,3285.9,3285.9,3285.9,3285.9,0,2925,0
BANKNIFTY29JAN2557000PE.NFO,2024-12-12,12:49:00,2025-01-29,3285.9,3285.9,3285.9,3285.9,0,2925,0
BANKNIFTY29JAN2557000PE.NFO,2024-12-12,12:50:00,2025-01-29,3285.9,3285.9,3285.9,3285.9,0,2925,0
BANKNIFTY29JAN2557000PE.NFO,2024-12-12,12:51:00,2025-01-29,3285.9,3285.9,3285.9,3285.9,0,2925,0
BANKNIFTY29JAN2557000PE.NFO,2024-12-12,12:52:00,2025-01-29,3285.9,3285.9,3285.9,3285.9,0,2925,0
BANKNIFTY29JAN2557000PE.NFO,2024-12-12,12:53:00,2025-01-29,3285.9,3285.9,3285.9,3285.9,0,2925,0
BANKNIFTY29JAN2557000PE.NFO,2024-12-12,12:54:00,2025-01-29,3285.9,3285.9,3285.9,3285.9,0,2925,0
BANKNIFTY29JAN2557000PE.NFO,2024-12-12,12:55:00,2025-01-29,3285.9,3285.9,3285.9,3285.9,0,2925,0
BANKNIFTY29JAN2557000PE.NFO,2024-12-12,12:56:00,2025-01-29,3285.9,3285.9,3285.9,3285.9,0,2925,0
BANKNIFTY29JAN2557000PE.NFO,2024-12-12,12:57:00,2025-01-29,3285.9,3285.9,3285.9,3285.9,0,2925,0
BANKNIFTY29JAN2557000PE.NFO,2024-12-12,12:58:00,2025-01-29,3285.9,3285.9,3285.9,3285.9,0,2925,0
BANKNIFTY29JAN2557000PE.NFO,2024-12-12,12:59:00,2025-01-29,3285.9,3285.9,3285.9,3285.9,0,2925,0
BANKNIFTY29JAN2557000PE.NFO,2024-12-12,13:00:00,2025-01-29,3285.9,3285.9,3285.9,3285.9,0,2925,0
BANKNIFTY29JAN2557000PE.NFO,2024-12-12,13:01:00,2025-01-29,3285.9,3285.9,3285.9,3285.9,0,2925,0
BANKNIFTY29JAN2557000PE.NFO,2024-12-12,13:02:00,2025-01-29,3285.9,3285.9,3285.9,3285.9,0,2925,0
BANKNIFTY29JAN2557000PE.NFO,2024-12-12,13:03:00,2025-01-29,3285.9,3285.9,3285.9,3285.9,0,2925,0
BANKNIFTY29JAN2557000PE.NFO,2024-12-12,13:04:00,2025-01-29,3285.9,3285.9,3285.9,3285.9,0,2925,0
BANKNIFTY29JAN2557000PE.NFO,2024-12-12,13:05:00,2025-01-29,3285.9,3285.9,3285.9,3285.9,0,2925,0
BANKNIFTY29JAN2557000PE.NFO,2024-12-12,13:06:00,2025-01-29,3285.9,3285.9,3285.9,3285.9,0,2925,0
BANKNIFTY29JAN2557000PE.NFO,2024-12-12,13:07:00,2025-01-29,3285.9,3285.9,3285.9,3285.9,0,2925,0
BANKNIFTY29JAN2557000PE.NFO,2024-12-12,13:08:00,2025-01-29,3285.9,3285.9,3285.9,3285.9,0,2925,0
BANKNIFTY29JAN2557000PE.NFO,2024-12-12,13:09:00,2025-01-29,3285.9,3285.9,3285.9,3285.9,0,2925,0
BANKNIFTY29JAN2557000PE.NFO,2024-12-12,13:10:00,2025-01-29,3285.9,3285.9,3285.9,3285.9,0,2925,0
BANKNIFTY29JAN2557000PE.NFO,2024-12-12,13:11:00,2025-01-29,3285.9,3285.9,3285.9,3285.9,0,2925,0
BANKNIFTY29JAN2557000PE.NFO,2024-12-12,13:12:00,2025-01-29,3285.9,3285.9,3285.9,3285.9,0,2925,0
BANKNIFTY29JAN2557000PE.NFO,2024-12-12,13:13:00,2025-01-29,3285.9,3285.9,3285.9,3285.9,0,2925,0
BANKNIFTY29JAN2557000PE.NFO,2024-12-12,13:14:00,2025-01-29,3285.9,3285.9,3279.0,3279.0,30,2925,0
BANKNIFTY29JAN2557000PE.NFO,2024-12-12,13:15:00,2025-01-29,3279.0,3279.0,3279.0,3279.0,0,2925,0
BANKNIFTY29JAN2557000PE.NFO,2024-12-12,13:16:00,2025-01-29,3279.0,3279.0,3279.0,3279.0,0,2925,0
BANKNIFTY29JAN2557000PE.NFO,2024-12-12,13:17:00,2025-01-29,3279.0,3279.0,3279.0,3279.0,0,2925,0
BANKNIFTY29JAN2557000PE.NFO,2024-12-12,13:18:00,2025-01-29,3279.0,3279.0,3279.0,3279.0,0,2925,0
BANKNIFTY29JAN2557000PE.NFO,2024-12-12,13:19:00,2025-01-29,3279.0,3279.0,3279.0,3279.0,0,2925,0
BANKNIFTY29JAN2557000PE.NFO,2024-12-12,13:20:00,2025-01-29,3279.0,3279.0,3279.0,3279.0,0,2925,0
BANKNIFTY29JAN2557000PE.NFO,2024-12-12,13:21:00,2025-01-29,3279.0,3279.0,3279.0,3279.0,0,2925,0
BANKNIFTY29JAN2557000PE.NFO,2024-12-12,13:22:00,2025-01-29,3279.0,3279.0,3279.0,3279.0,0,2925,0
BANKNIFTY29JAN2557000PE.NFO,2024-12-12,13:23:00,2025-01-29,3279.0,3279.0,3279.0,3279.0,0,2925,0
BANKNIFTY29JAN2557000PE.NFO,2024-12-12,13:24:00,2025-01-29,3279.0,3279.0,3279.0,3279.0,0,2925,0
BANKNIFTY29JAN2557000PE.NFO,2024-12-12,13:25:00,2025-01-29,3279.0,3279.0,3279.0,3279.0,0,2925,0
BANKNIFTY29JAN2557000PE.NFO,2024-12-12,13:26:00,2025-01-29,3279.0,3279.0,3279.0,3279.0,0,2925,0
BANKNIFTY29JAN2557000PE.NFO,2024-12-12,13:27:00,2025-01-29,3279.0,3279.0,3279.0,3279.0,0,2925,0
BANKNIFTY29JAN2557000PE.NFO,2024-12-12,13:28:00,2025-01-29,3279.0,3279.0,3279.0,3279.0,0,2925,0
BANKNIFTY29JAN2557000PE.NFO,2024-12-12,13:29:00,2025-01-29,3279.0,3279.0,3279.0,3279.0,0,2925,0
BANKNIFTY29JAN2557000PE.NFO,2024-12-12,13:30:00,2025-01-29,3279.0,3279.0,3279.0,3279.0,0,2925,0
BANKNIFTY29JAN2557000PE.NFO,2024-12-12,13:31:00,2025-01-29,3279.0,3279.0,3279.0,3279.0,0,2925,0
BANKNIFTY29JAN2557000PE.NFO,2024-12-12,13:32:00,2025-01-29,3279.0,3279.0,3279.0,3279.0,0,2925,0
BANKNIFTY29JAN2557000PE.NFO,2024-12-12,13:33:00,2025-01-29,3279.0,3279.0,3279.0,3279.0,0,2925,0
BANKNIFTY29JAN2557000PE.NFO,2024-12-12,13:34:00,2025-01-29,3279.0,3279.0,3279.0,3279.0,0,2925,0
BANKNIFTY29JAN2557000PE.NFO,2024-12-12,13:35:00,2025-01-29,3279.0,3279.0,3279.0,3279.0,0,2925,0
BANKNIFTY29JAN2557000PE.NFO,2024-12-12,13:36:00,2025-01-29,3279.0,3279.0,3279.0,3279.0,0,2925,0
BANKNIFTY29JAN2557000PE.NFO,2024-12-12,13:37:00,2025-01-29,3279.0,3279.0,3279.0,3279.0,0,2925,0
BANKNIFTY29JAN2557000PE.NFO,2024-12-12,13:38:00,2025-01-29,3279.0,3279.0,3279.0,3279.0,0,2925,0
BANKNIFTY29JAN2557000PE.NFO,2024-12-12,13:39:00,2025-01-29,3279.0,3279.0,3279.0,3279.0,0,2925,0
BANKNIFTY29JAN2557000PE.NFO,2024-12-12,13:40:00,2025-01-29,3279.0,3279.0,3279.0,3279.0,0,2925,0
BANKNIFTY29JAN2557000PE.NFO,2024-12-12,13:41:00,2025-01-29,3279.0,3279.0,3279.0,3279.0,0,2925,0
BANKNIFTY29JAN2557000PE.NFO,2024-12-12,13:42:00,2025-01-29,3279.0,3279.0,3279.0,3279.0,0,2925,0
BANKNIFTY29JAN2557000PE.NFO,2024-12-12,13:43:00,2025-01-29,3279.0,3279.0,3279.0,3279.0,0,2925,0
BANKNIFTY29JAN2557000PE.NFO,2024-12-12,13:44:00,2025-01-29,3279.0,3279.0,3279.0,3279.0,0,2925,0
BANKNIFTY29JAN2557000PE.NFO,2024-12-12,13:45:00,2025-01-29,3279.0,3279.0,3279.0,3279.0,0,2925,0
BANKNIFTY29JAN2557000PE.NFO,2024-12-12,13:46:00,2025-01-29,3279.0,3279.0,3279.0,3279.0,0,2925,0
BANKNIFTY29JAN2557000PE.NFO,2024-12-12,13:47:00,2025-01-29,3279.0,3279.0,3279.0,3279.0,0,2925,0
BANKNIFTY29JAN2557000PE.NFO,2024-12-12,13:48:00,2025-01-29,3279.0,3279.0,3279.0,3279.0,0,2925,0
BANKNIFTY29JAN2557000PE.NFO,2024-12-12,13:49:00,2025-01-29,3279.0,3279.0,3279.0,3279.0,0,2925,0
BANKNIFTY29JAN2557000PE.NFO,2024-12-12,13:50:00,2025-01-29,3279.0,3279.0,3279.0,3279.0,0,2925,0
BANKNIFTY29JAN2557000PE.NFO,2024-12-12,13:51:00,2025-01-29,3279.0,3279.0,3279.0,3279.0,0,2925,0
BANKNIFTY29JAN2557000PE.NFO,2024-12-12,13:52:00,2025-01-29,3279.0,3279.0,3279.0,3279.0,0,2925,0
BANKNIFTY29JAN2557000PE.NFO,2024-12-12,13:53:00,2025-01-29,3279.0,3279.0,3279.0,3279.0,0,2925,0
BANKNIFTY29JAN2557000PE.NFO,2024-12-12,13:54:00,2025-01-29,3279.0,3279.0,3279.0,3279.0,0,2925,0
BANKNIFTY29JAN2557000PE.NFO,2024-12-12,13:55:00,2025-01-29,3279.0,3279.0,3279.0,3279.0,0,2925,0
BANKNIFTY29JAN2557000PE.NFO,2024-12-12,13:56:00,2025-01-29,3279.0,3279.0,3279.0,3279.0,0,2925,0
BANKNIFTY29JAN2557000PE.NFO,2024-12-12,13:57:00,2025-01-29,3279.0,3279.0,3279.0,3279.0,0,2925,0
BANKNIFTY29JAN2557000PE.NFO,2024-12-12,13:58:00,2025-01-29,3279.0,3279.0,3279.0,3279.0,0,2925,0
BANKNIFTY29JAN2557000PE.NFO,2024-12-12,13:59:00,2025-01-29,3279.0,3279.0,3279.0,3279.0,0,2925,0
BANKNIFTY29JAN2557000PE.NFO,2024-12-12,14:00:00,2025-01-29,3279.0,3279.0,3279.0,3279.0,0,2925,0
BANKNIFTY29JAN2557000PE.NFO,2024-12-12,14:01:00,2025-01-29,3279.0,3279.0,3279.0,3279.0,0,2925,0
BANKNIFTY29JAN2557000PE.NFO,2024-12-12,14:02:00,2025-01-29,3279.0,3279.0,3279.0,3279.0,0,2925,0
BANKNIFTY29JAN2557000PE.NFO,2024-12-12,14:03:00,2025-01-29,3279.0,3279.0,3279.0,3279.0,0,2925,0
BANKNIFTY29JAN2557000PE.NFO,2024-12-12,14:04:00,2025-01-29,3279.0,3279.0,3279.0,3279.0,0,2925,0
BANKNIFTY29JAN2557000PE.NFO,2024-12-12,14:05:00,2025-01-29,3279.0,3279.0,3279.0,3279.0,0,2925,0
BANKNIFTY29JAN2557000PE.NFO,2024-12-12,14:06:00,2025-01-29,3279.0,3279.0,3279.0,3279.0,0,2925,0
BANKNIFTY29JAN2557000PE.NFO,2024-12-12,14:07:00,2025-01-29,3279.0,3279.0,3279.0,3279.0,0,2925,0
BANKNIFTY29JAN2557000PE.NFO,2024-12-12,14:08:00,2025-01-29,3279.0,3279.0,3279.0,3279.0,0,2925,0
BANKNIFTY29JAN2557000PE.NFO,2024-12-12,14:09:00,2025-01-29,3279.0,3279.0,3279.0,3279.0,0,2925,0
BANKNIFTY29JAN2557000PE.NFO,2024-12-12,14:10:00,2025-01-29,3279.0,3279.0,3279.0,3279.0,0,2925,0
BANKNIFTY29JAN2557000PE.NFO,2024-12-12,14:11:00,2025-01-29,3279.0,3279.0,3279.0,3279.0,0,2925,0
BANKNIFTY29JAN2557000PE.NFO,2024-12-12,14:12:00,2025-01-29,3279.0,3279.0,3279.0,3279.0,0,2925,0
BANKNIFTY29JAN2557000PE.NFO,2024-12-12,14:13:00,2025-01-29,3279.0,3279.0,3279.0,3279.0,0,2925,0
BANKNIFTY29JAN2557000PE.NFO,2024-12-12,14:14:00,2025-01-29,3279.0,3279.0,3279.0,3279.0,0,2925,0
BANKNIFTY29JAN2557000PE.NFO,2024-12-12,14:15:00,2025-01-29,3279.0,3279.0,3279.0,3279.0,0,2925,0
BANKNIFTY29JAN2557000PE.NFO,2024-12-12,14:16:00,2025-01-29,3279.0,3279.0,3279.0,3279.0,0,2925,0
BANKNIFTY29JAN2557000PE.NFO,2024-12-12,14:17:00,2025-01-29,3279.0,3279.0,3279.0,3279.0,0,2925,0
BANKNIFTY29JAN2557000PE.NFO,2024-12-12,14:18:00,2025-01-29,3279.0,3279.0,3279.0,3279.0,0,2925,0
BANKNIFTY29JAN2557000PE.NFO,2024-12-12,14:19:00,2025-01-29,3279.0,3279.0,3279.0,3279.0,0,2925,0
BANKNIFTY29JAN2557000PE.NFO,2024-12-12,14:20:00,2025-01-29,3279.0,3279.0,3279.0,3279.0,0,2925,0
BANKNIFTY29JAN2557000PE.NFO,2024-12-12,14:21:00,2025-01-29,3279.0,3279.0,3279.0,3279.0,0,2925,0
BANKNIFTY29JAN2557000PE.NFO,2024-12-12,14:22:00,2025-01-29,3279.0,3279.0,3279.0,3279.0,0,2925,0
BANKNIFTY29JAN2557000PE.NFO,2024-12-12,14:23:00,2025-01-29,3279.0,3279.0,3279.0,3279.0,0,2925,0
BANKNIFTY29JAN2557000PE.NFO,2024-12-12,14:24:00,2025-01-29,3279.0,3279.0,3279.0,3279.0,0,2925,0
BANKNIFTY29JAN2557000PE.NFO,2024-12-12,14:25:00,2025-01-29,3279.0,3279.0,3279.0,3279.0,0,2925,0
BANKNIFTY29JAN2557000PE.NFO,2024-12-12,14:26:00,2025-01-29,3279.0,3279.0,3279.0,3279.0,0,2925,0
BANKNIFTY29JAN2557000PE.NFO,2024-12-12,14:27:00,2025-01-29,3279.0,3279.0,3279.0,3279.0,0,2925,0
BANKNIFTY29JAN2557000PE.NFO,2024-12-12,14:28:00,2025-01-29,3279.0,3279.0,3279.0,3279.0,0,2925,0
BANKNIFTY29JAN2557000PE.NFO,2024-12-12,14:29:00,2025-01-29,3279.0,3279.0,3279.0,3279.0,0,2925,0
BANKNIFTY29JAN2557000PE.NFO,2024-12-12,14:30:00,2025-01-29,3279.0,3279.0,3279.0,3279.0,0,2925,0
BANKNIFTY29JAN2557000PE.NFO,2024-12-12,14:31:00,2025-01-29,3279.0,3279.0,3279.0,3279.0,0,2925,0
BANKNIFTY29JAN2557000PE.NFO,2024-12-12,14:32:00,2025-01-29,3279.0,3279.0,3279.0,3279.0,0,2925,0
BANKNIFTY29JAN2557000PE.NFO,2024-12-12,14:33:00,2025-01-29,3279.0,3279.0,3279.0,3279.0,0,2925,0
BANKNIFTY29JAN2557000PE.NFO,2024-12-12,14:34:00,2025-01-29,3279.0,3279.0,3279.0,3279.0,0,2925,0
BANKNIFTY29JAN2557000PE.NFO,2024-12-12,14:35:00,2025-01-29,3279.0,3279.0,3279.0,3279.0,0,2925,0
BANKNIFTY29JAN2557000PE.NFO,2024-12-12,14:36:00,2025-01-29,3279.0,3279.0,3279.0,3279.0,0,2925,0
BANKNIFTY29JAN2557000PE.NFO,2024-12-12,14:37:00,2025-01-29,3279.0,3320.15,3279.0,3320.15,15,2925,0
BANKNIFTY29JAN2557000PE.NFO,2024-12-12,14:38:00,2025-01-29,3320.15,3320.15,3320.15,3320.15,0,2925,0
BANKNIFTY29JAN2557000PE.NFO,2024-12-12,14:39:00,2025-01-29,3320.15,3320.15,3320.15,3320.15,0,2925,0
BANKNIFTY29JAN2557000PE.NFO,2024-12-12,14:40:00,2025-01-29,3320.15,3320.15,3320.15,3320.15,0,2925,0
BANKNIFTY29JAN2557000PE.NFO,2024-12-12,14:41:00,2025-01-29,3320.15,3320.15,3320.15,3320.15,0,2925,0
BANKNIFTY29JAN2557000PE.NFO,2024-12-12,14:42:00,2025-01-29,3320.15,3320.15,3320.15,3320.15,0,2925,0
BANKNIFTY29JAN2557000PE.NFO,2024-12-12,14:43:00,2025-01-29,3320.15,3320.15,3320.15,3320.15,0,2925,0
BANKNIFTY29JAN2557000PE.NFO,2024-12-12,14:44:00,2025-01-29,3320.15,3320.15,3320.15,3320.15,0,2925,0
BANKNIFTY29JAN2557000PE.NFO,2024-12-12,14:45:00,2025-01-29,3320.15,3320.15,3320.15,3320.15,0,2925,0
BANKNIFTY29JAN2557000PE.NFO,2024-12-12,14:46:00,2025-01-29,3320.15,3320.15,3320.15,3320.15,0,2925,0
BANKNIFTY29JAN2557000PE.NFO,2024-12-12,14:47:00,2025-01-29,3320.15,3320.15,3320.15,3320.15,0,2925,0
BANKNIFTY29JAN2557000PE.NFO,2024-12-12,14:48:00,2025-01-29,3320.15,3320.15,3320.15,3320.15,0,2925,0
BANKNIFTY29JAN2557000PE.NFO,2024-12-12,14:49:00,2025-01-29,3320.15,3320.15,3320.15,3320.15,0,2925,0
BANKNIFTY29JAN2557000PE.NFO,2024-12-12,14:50:00,2025-01-29,3320.15,3320.15,3320.15,3320.15,0,2925,0
BANKNIFTY29JAN2557000PE.NFO,2024-12-12,14:51:00,2025-01-29,3320.15,3320.15,3320.15,3320.15,0,2925,0
BANKNIFTY29JAN2557000PE.NFO,2024-12-12,14:52:00,2025-01-29,3320.15,3320.15,3320.15,3320.15,0,2925,0
BANKNIFTY29JAN2557000PE.NFO,2024-12-12,14:53:00,2025-01-29,3320.15,3320.15,3320.15,3320.15,0,2925,0
BANKNIFTY29JAN2557000PE.NFO,2024-12-12,14:54:00,2025-01-29,3320.15,3320.15,3320.15,3320.15,0,2925,0
BANKNIFTY29JAN2557000PE.NFO,2024-12-12,14:55:00,2025-01-29,3320.15,3320.15,3320.15,3320.15,0,2925,0
BANKNIFTY29JAN2557000PE.NFO,2024-12-12,14:56:00,2025-01-29,3320.15,3320.15,3320.15,3320.15,0,2925,0
BANKNIFTY29JAN2557000PE.NFO,2024-12-12,14:57:00,2025-01-29,3320.15,3320.15,3320.15,3320.15,0,2925,0
BANKNIFTY29JAN2557000PE.NFO,2024-12-12,14:58:00,2025-01-29,3320.15,3320.15,3320.15,3320.15,0,2925,0
BANKNIFTY29JAN2557000PE.NFO,2024-12-12,14:59:00,2025-01-29,3320.15,3320.15,3320.15,3320.15,0,2925,0
BANKNIFTY29JAN2557000PE.NFO,2024-12-12,15:00:00,2025-01-29,3320.15,3320.15,3320.15,3320.15,0,2925,0
BANKNIFTY29JAN2557000PE.NFO,2024-12-12,15:01:00,2025-01-29,3320.15,3320.15,3320.15,3320.15,0,2925,0
BANKNIFTY29JAN2557000PE.NFO,2024-12-12,15:02:00,2025-01-29,3320.15,3320.15,3320.15,3320.15,0,2925,0
BANKNIFTY29JAN2557000PE.NFO,2024-12-12,15:03:00,2025-01-29,3320.15,3320.15,3320.15,3320.15,0,2925,0
BANKNIFTY29JAN2557000PE.NFO,2024-12-12,15:04:00,2025-01-29,3320.15,3320.15,3320.15,3320.15,0,2925,0
BANKNIFTY29JAN2557000PE.NFO,2024-12-12,15:05:00,2025-01-29,3320.15,3320.15,3320.15,3320.15,0,2925,0
BANKNIFTY29JAN2557000PE.NFO,2024-12-12,15:06:00,2025-01-29,3320.15,3320.15,3320.15,3320.15,0,2925,0
BANKNIFTY29JAN2557000PE.NFO,2024-12-12,15:07:00,2025-01-29,3320.15,3320.15,3320.15,3320.15,0,2925,0
BANKNIFTY29JAN2557000PE.NFO,2024-12-12,15:08:00,2025-01-29,3320.15,3320.15,3320.15,3320.15,0,2925,0
BANKNIFTY29JAN2557000PE.NFO,2024-12-12,15:09:00,2025-01-29,3320.15,3320.15,3320.15,3320.15,0,2925,0
BANKNIFTY29JAN2557000PE.NFO,2024-12-12,15:10:00,2025-01-29,3320.15,3320.15,3320.15,3320.15,0,2925,0
BANKNIFTY29JAN2557000PE.NFO,2024-12-12,15:11:00,2025-01-29,3320.15,3320.15,3320.15,3320.15,0,2925,0
BANKNIFTY29JAN2557000PE.NFO,2024-12-12,15:12:00,2025-01-29,3320.15,3320.15,3320.15,3320.15,0,2925,0
BANKNIFTY29JAN2557000PE.NFO,2024-12-12,15:13:00,2025-01-29,3320.15,3320.15,3320.15,3320.15,0,2925,0
BANKNIFTY29JAN2557000PE.NFO,2024-12-12,15:14:00,2025-01-29,3320.15,3320.15,3320.15,3320.15,0,2925,0
BANKNIFTY29JAN2557000PE.NFO,2024-12-12,15:15:00,2025-01-29,3320.15,3320.15,3320.15,3320.15,0,2925,0
BANKNIFTY29JAN2557000PE.NFO,2024-12-12,15:16:00,2025-01-29,3320.15,3320.15,3320.15,3320.15,0,2925,0
BANKNIFTY29JAN2557000PE.NFO,2024-12-12,15:17:00,2025-01-29,3320.15,3320.15,3320.15,3320.15,0,2925,0
BANKNIFTY29JAN2557000PE.NFO,2024-12-12,15:18:00,2025-01-29,3320.15,3320.15,3320.15,3320.15,0,2925,0
BANKNIFTY29JAN2557000PE.NFO,2024-12-12,15:19:00,2025-01-29,3320.15,3320.15,3320.15,3320.15,0,2925,0
BANKNIFTY29JAN2557000PE.NFO,2024-12-12,15:20:00,2025-01-29,3320.15,3320.15,3320.15,3320.15,0,2925,0
BANKNIFTY29JAN2557000PE.NFO,2024-12-12,15:21:00,2025-01-29,3320.15,3320.15,3320.15,3320.15,0,2925,0
BANKNIFTY29JAN2557000PE.NFO,2024-12-12,15:22:00,2025-01-29,3320.15,3320.15,3320.15,3320.15,0,2925,0
BANKNIFTY29JAN2557000PE.NFO,2024-12-12,15:23:00,2025-01-29,3320.15,3320.15,3320.15,3320.15,0,2925,0
BANKNIFTY29JAN2557000PE.NFO,2024-12-12,15:24:00,2025-01-29,3320.15,3320.15,3320.15,3320.15,0,2925,0
BANKNIFTY29JAN2557000PE.NFO,2024-12-12,15:25:00,2025-01-29,3320.15,3320.15,3320.15,3320.15,0,2925,0
BANKNIFTY29JAN2557000PE.NFO,2024-12-12,15:26:00,2025-01-29,3320.15,3320.15,3320.15,3320.15,0,2925,0
BANKNIFTY29JAN2557000PE.NFO,2024-12-12,15:27:00,2025-01-29,3320.15,3320.15,3320.15,3320.15,0,2925,0
BANKNIFTY29JAN2557000PE.NFO,2024-12-12,15:28:00,2025-01-29,3320.15,3320.15,3320.15,3320.15,0,2925,0
BANKNIFTY29JAN2557000PE.NFO,2024-12-12,15:29:00,2025-01-29,3320.15,3320.15,3320.15,3320.15,0,2925,0
BANKNIFTY29JAN2557000PE.NFO,2024-12-12,15:30:00,2025-01-29,3320.15,3320.15,3320.15,3320.15,0,2925,1
BANKNIFTY29JAN2557000PE.NFO,2024-12-13,09:15:00,2025-01-29,3664.25,3664.25,3664.25,3664.25,0,0,0
BANKNIFTY29JAN2557000PE.NFO,2024-12-13,09:16:00,2025-01-29,3664.25,3664.25,3664.25,3664.25,0,0,1
BANKNIFTY29JAN2557000PE.NFO,2024-12-13,09:17:00,2025-01-29,3664.25,3664.25,3664.25,3664.25,0,0,1
BANKNIFTY29JAN2557000PE.NFO,2024-12-13,09:18:00,2025-01-29,3664.25,3664.25,3664.25,3664.25,0,0,1
BANKNIFTY29JAN2557000PE.NFO,2024-12-13,09:19:00,2025-01-29,3664.25,3664.25,3664.25,3664.25,0,0,1
BANKNIFTY29JAN2557000PE.NFO,2024-12-13,09:20:00,2025-01-29,3664.25,3664.25,3664.25,3664.25,0,0,1
BANKNIFTY29JAN2557000PE.NFO,2024-12-13,09:21:00,2025-01-29,3664.25,3664.25,3664.25,3664.25,0,0,1
BANKNIFTY29JAN2557000PE.NFO,2024-12-13,09:22:00,2025-01-29,3664.25,3664.25,3664.25,3664.25,0,0,1
BANKNIFTY29JAN2557000PE.NFO,2024-12-13,09:23:00,2025-01-29,3664.25,3664.25,3664.25,3664.25,0,0,1
BANKNIFTY29JAN2557000PE.NFO,2024-12-13,09:24:00,2025-01-29,3664.25,3664.25,3664.25,3664.25,0,0,1
BANKNIFTY29JAN2557000PE.NFO,2024-12-13,09:25:00,2025-01-29,3664.25,3664.25,3664.25,3664.25,0,0,1
BANKNIFTY29JAN2557000PE.NFO,2024-12-13,09:26:00,2025-01-29,3664.25,3664.25,3664.25,3664.25,0,0,1
BANKNIFTY29JAN2557000PE.NFO,2024-12-13,09:27:00,2025-01-29,3664.25,3664.25,3664.25,3664.25,0,0,1
BANKNIFTY29JAN2557000PE.NFO,2024-12-13,09:28:00,2025-01-29,3664.25,3664.25,3664.25,3664.25,0,0,1
BANKNIFTY29JAN2557000PE.NFO,2024-12-13,09:29:00,2025-01-29,3664.25,3664.25,3664.25,3664.25,0,0,1
BANKNIFTY29JAN2557000PE.NFO,2024-12-13,09:30:00,2025-01-29,3664.25,3664.25,3664.25,3664.25,0,0,1
BANKNIFTY29JAN2557000PE.NFO,2024-12-13,09:31:00,2025-01-29,3664.25,3733.25,3664.25,3733.25,30,2925,0
BANKNIFTY29JAN2557000PE.NFO,2024-12-13,09:32:00,2025-01-29,3733.25,3733.25,3733.25,3733.25,0,2925,0
BANKNIFTY29JAN2557000PE.NFO,2024-12-13,09:33:00,2025-01-29,3733.25,3733.25,3733.25,3733.25,0,2925,0
BANKNIFTY29JAN2557000PE.NFO,2024-12-13,09:34:00,2025-01-29,3733.25,3733.25,3723.25,3723.25,15,2895,0
BANKNIFTY29JAN2557000PE.NFO,2024-12-13,09:35:00,2025-01-29,3723.25,3723.25,3723.25,3723.25,0,2895,0
BANKNIFTY29JAN2557000PE.NFO,2024-12-13,09:36:00,2025-01-29,3723.25,3723.25,3723.25,3723.25,0,2895,0
BANKNIFTY29JAN2557000PE.NFO,2024-12-13,09:37:00,2025-01-29,3723.25,3723.25,3700.0,3700.0,15,2895,0
BANKNIFTY29JAN2557000PE.NFO,2024-12-13,09:38:00,2025-01-29,3700.0,3700.0,3700.0,3700.0,0,2895,0
BANKNIFTY29JAN2557000PE.NFO,2024-12-13,09:39:00,2025-01-29,3700.0,3700.0,3700.0,3700.0,0,2895,0
BANKNIFTY29JAN2557000PE.NFO,2024-12-13,09:40:00,2025-01-29,3700.0,3700.0,3700.0,3700.0,0,2895,0
BANKNIFTY29JAN2557000PE.NFO,2024-12-13,09:41:00,2025-01-29,3700.0,3700.0,3700.0,3700.0,0,2895,0
BANKNIFTY29JAN2557000PE.NFO,2024-12-13,09:42:00,2025-01-29,3700.0,3700.0,3700.0,3700.0,0,2895,0
BANKNIFTY29JAN2557000PE.NFO,2024-12-13,09:43:00,2025-01-29,3700.0,3700.0,3700.0,3700.0,0,2895,0
BANKNIFTY29JAN2557000PE.NFO,2024-12-13,09:44:00,2025-01-29,3700.0,3700.0,3700.0,3700.0,0,2895,0
BANKNIFTY29JAN2557000PE.NFO,2024-12-13,09:45:00,2025-01-29,3700.0,3700.0,3700.0,3700.0,0,2895,0
BANKNIFTY29JAN2557000PE.NFO,2024-12-13,09:46:00,2025-01-29,3700.0,3780.0,3700.0,3780.0,30,2880,0
BANKNIFTY29JAN2557000PE.NFO,2024-12-13,09:47:00,2025-01-29,3780.0,3780.0,3780.0,3780.0,0,2880,0
BANKNIFTY29JAN2557000PE.NFO,2024-12-13,09:48:00,2025-01-29,3780.0,3780.0,3780.0,3780.0,0,2880,0
BANKNIFTY29JAN2557000PE.NFO,2024-12-13,09:49:00,2025-01-29,3780.0,3780.0,3780.0,3780.0,0,2880,0
BANKNIFTY29JAN2557000PE.NFO,2024-12-13,09:50:00,2025-01-29,3780.0,3780.0,3780.0,3780.0,0,2880,0
BANKNIFTY29JAN2557000PE.NFO,2024-12-13,09:51:00,2025-01-29,3780.0,3800.0,3780.0,3800.0,30,2850,0
BANKNIFTY29JAN2557000PE.NFO,2024-12-13,09:52:00,2025-01-29,3800.0,3800.0,3800.0,3800.0,0,2850,0
BANKNIFTY29JAN2557000PE.NFO,2024-12-13,09:53:00,2025-01-29,3800.0,3800.0,3800.0,3800.0,0,2850,0
BANKNIFTY29JAN2557000PE.NFO,2024-12-13,09:54:00,2025-01-29,3800.0,3818.9,3800.0,3818.9,15,2850,0
BANKNIFTY29JAN2557000PE.NFO,2024-12-13,09:55:00,2025-01-29,3818.9,3818.9,3818.9,3818.9,0,2850,0
BANKNIFTY29JAN2557000PE.NFO,2024-12-13,09:56:00,2025-01-29,3818.9,3818.9,3818.9,3818.9,0,2850,0
BANKNIFTY29JAN2557000PE.NFO,2024-12-13,09:57:00,2025-01-29,3818.9,3818.9,3818.9,3818.9,0,2850,0
BANKNIFTY29JAN2557000PE.NFO,2024-12-13,09:58:00,2025-01-29,3818.9,3818.9,3818.9,3818.9,0,2850,0
BANKNIFTY29JAN2557000PE.NFO,2024-12-13,09:59:00,2025-01-29,3818.9,3818.9,3818.9,3818.9,0,2850,0
BANKNIFTY29JAN2557000PE.NFO,2024-12-13,10:00:00,2025-01-29,3818.9,3818.9,3818.9,3818.9,0,2850,0
BANKNIFTY29JAN2557000PE.NFO,2024-12-13,10:01:00,2025-01-29,3818.9,3818.9,3818.9,3818.9,0,2850,0
BANKNIFTY29JAN2557000PE.NFO,2024-12-13,10:02:00,2025-01-29,3818.9,3818.9,3818.9,3818.9,0,2850,0
BANKNIFTY29JAN2557000PE.NFO,2024-12-13,10:03:00,2025-01-29,3818.9,3818.9,3818.9,3818.9,0,2850,0
BANKNIFTY29JAN2557000PE.NFO,2024-12-13,10:04:00,2025-01-29,3818.9,3818.9,3818.9,3818.9,0,2850,0
BANKNIFTY29JAN2557000PE.NFO,2024-12-13,10:05:00,2025-01-29,3818.9,3818.9,3818.9,3818.9,0,2850,0
BANKNIFTY29JAN2557000PE.NFO,2024-12-13,10:06:00,2025-01-29,3818.9,3818.9,3818.9,3818.9,0,2850,0
BANKNIFTY29JAN2557000PE.NFO,2024-12-13,10:07:00,2025-01-29,3818.9,3818.9,3818.9,3818.9,0,2850,0
BANKNIFTY29JAN2557000PE.NFO,2024-12-13,10:08:00,2025-01-29,3818.9,3818.9,3818.9,3818.9,0,2850,0
BANKNIFTY29JAN2557000PE.NFO,2024-12-13,10:09:00,2025-01-29,3818.9,3818.9,3763.6,3763.6,15,2820,0
BANKNIFTY29JAN2557000PE.NFO,2024-12-13,10:10:00,2025-01-29,3763.6,3818.0,3763.6,3818.0,15,2805,0
BANKNIFTY29JAN2557000PE.NFO,2024-12-13,10:11:00,2025-01-29,3818.0,3818.0,3818.0,3818.0,0,2805,0
BANKNIFTY29JAN2557000PE.NFO,2024-12-13,10:12:00,2025-01-29,3818.0,3818.0,3818.0,3818.0,0,2805,0
BANKNIFTY29JAN2557000PE.NFO,2024-12-13,10:13:00,2025-01-29,3818.0,3818.0,3818.0,3818.0,0,2805,0
BANKNIFTY29JAN2557000PE.NFO,2024-12-13,10:14:00,2025-01-29,3818.0,3818.0,3818.0,3818.0,0,2805,0
BANKNIFTY29JAN2557000PE.NFO,2024-12-13,10:15:00,2025-01-29,3818.0,3880.0,3818.0,3880.0,15,2805,0
BANKNIFTY29JAN2557000PE.NFO,2024-12-13,10:16:00,2025-01-29,3880.0,3880.0,3880.0,3880.0,0,2805,0
BANKNIFTY29JAN2557000PE.NFO,2024-12-13,10:17:00,2025-01-29,3880.0,3880.0,3880.0,3880.0,0,2805,0
BANKNIFTY29JAN2557000PE.NFO,2024-12-13,10:18:00,2025-01-29,3880.0,3880.0,3880.0,3880.0,0,2805,0
BANKNIFTY29JAN2557000PE.NFO,2024-12-13,10:19:00,2025-01-29,3880.0,3880.0,3880.0,3880.0,0,2805,0
BANKNIFTY29JAN2557000PE.NFO,2024-12-13,10:20:00,2025-01-29,3880.0,3880.0,3880.0,3880.0,0,2805,0
BANKNIFTY29JAN2557000PE.NFO,2024-12-13,10:21:00,2025-01-29,3880.0,3950.0,3880.0,3950.0,15,2790,0
BANKNIFTY29JAN2557000PE.NFO,2024-12-13,10:22:00,2025-01-29,3950.0,3950.0,3950.0,3950.0,0,2790,0
BANKNIFTY29JAN2557000PE.NFO,2024-12-13,10:23:00,2025-01-29,3950.0,3950.0,3950.0,3950.0,0,2790,0
BANKNIFTY29JAN2557000PE.NFO,2024-12-13,10:24:00,2025-01-29,3950.0,3950.0,3950.0,3950.0,0,2790,0
BANKNIFTY29JAN2557000PE.NFO,2024-12-13,10:25:00,2025-01-29,3950.0,3950.0,3950.0,3950.0,0,2790,0
BANKNIFTY29JAN2557000PE.NFO,2024-12-13,10:26:00,2025-01-29,3950.0,3950.0,3950.0,3950.0,0,2790,0
BANKNIFTY29JAN2557000PE.NFO,2024-12-13,10:27:00,2025-01-29,3950.0,3950.0,3950.0,3950.0,0,2790,0
BANKNIFTY29JAN2557000PE.NFO,2024-12-13,10:28:00,2025-01-29,3950.0,3950.0,3950.0,3950.0,0,2790,0
BANKNIFTY29JAN2557000PE.NFO,2024-12-13,10:29:00,2025-01-29,3950.0,3950.0,3950.0,3950.0,0,2790,0
BANKNIFTY29JAN2557000PE.NFO,2024-12-13,10:30:00,2025-01-29,3950.0,3950.0,3950.0,3950.0,0,2790,0
BANKNIFTY29JAN2557000PE.NFO,2024-12-13,10:31:00,2025-01-29,3950.0,3950.0,3950.0,3950.0,0,2790,0
BANKNIFTY29JAN2557000PE.NFO,2024-12-13,10:32:00,2025-01-29,3950.0,4090.0,3950.0,4090.0,15,2775,0
BANKNIFTY29JAN2557000PE.NFO,2024-12-13,10:33:00,2025-01-29,4090.0,4090.0,4090.0,4090.0,0,2775,0
BANKNIFTY29JAN2557000PE.NFO,2024-12-13,10:34:00,2025-01-29,4090.0,4090.0,4090.0,4090.0,0,2775,0
BANKNIFTY29JAN2557000PE.NFO,2024-12-13,10:35:00,2025-01-29,4090.0,4090.0,4090.0,4090.0,0,2775,0
BANKNIFTY29JAN2557000PE.NFO,2024-12-13,10:36:00,2025-01-29,4090.0,4090.0,4090.0,4090.0,0,2775,0
BANKNIFTY29JAN2557000PE.NFO,2024-12-13,10:37:00,2025-01-29,4090.0,4090.0,4090.0,4090.0,0,2775,0
BANKNIFTY29JAN2557000PE.NFO,2024-12-13,10:38:00,2025-01-29,4090.0,4090.0,4090.0,4090.0,0,2775,0
BANKNIFTY29JAN2557000PE.NFO,2024-12-13,10:39:00,2025-01-29,4090.0,4090.0,4090.0,4090.0,0,2775,0
BANKNIFTY29JAN2557000PE.NFO,2024-12-13,10:40:00,2025-01-29,4090.0,4090.0,4090.0,4090.0,0,2775,0
BANKNIFTY29JAN2557000PE.NFO,2024-12-13,10:41:00,2025-01-29,4090.0,4090.0,4090.0,4090.0,0,2775,0
BANKNIFTY29JAN2557000PE.NFO,2024-12-13,10:42:00,2025-01-29,4090.0,4090.0,4090.0,4090.0,0,2775,0
BANKNIFTY29JAN2557000PE.NFO,2024-12-13,10:43:00,2025-01-29,4090.0,4090.0,4090.0,4090.0,0,2775,0
BANKNIFTY29JAN2557000PE.NFO,2024-12-13,10:44:00,2025-01-29,4090.0,4090.0,4090.0,4090.0,0,2775,0
BANKNIFTY29JAN2557000PE.NFO,2024-12-13,10:45:00,2025-01-29,4090.0,4090.0,4090.0,4090.0,0,2775,0
BANKNIFTY29JAN2557000PE.NFO,2024-12-13,10:46:00,2025-01-29,4090.0,4200.0,4090.0,4200.0,15,2760,0
BANKNIFTY29JAN2557000PE.NFO,2024-12-13,10:47:00,2025-01-29,4200.0,4200.0,4200.0,4200.0,0,2760,0
BANKNIFTY29JAN2557000PE.NFO,2024-12-13,10:48:00,2025-01-29,4200.0,4200.05,4200.0,4200.05,60,2760,0
BANKNIFTY29JAN2557000PE.NFO,2024-12-13,10:49:00,2025-01-29,4200.05,4200.05,4200.05,4200.05,0,2760,0
BANKNIFTY29JAN2557000PE.NFO,2024-12-13,10:50:00,2025-01-29,4200.05,4200.05,4200.05,4200.05,0,2760,0
BANKNIFTY29JAN2557000PE.NFO,2024-12-13,10:51:00,2025-01-29,4200.05,4200.05,4200.05,4200.05,0,2760,0
BANKNIFTY29JAN2557000PE.NFO,2024-12-13,10:52:00,2025-01-29,4200.05,4200.05,4200.05,4200.05,0,2760,0
BANKNIFTY29JAN2557000PE.NFO,2024-12-13,10:53:00,2025-01-29,4200.05,4200.05,4200.05,4200.05,0,2760,0
BANKNIFTY29JAN2557000PE.NFO,2024-12-13,10:54:00,2025-01-29,4200.05,4200.05,4200.05,4200.05,0,2760,0
BANKNIFTY29JAN2557000PE.NFO,2024-12-13,10:55:00,2025-01-29,4200.05,4200.05,4200.05,4200.05,0,2760,0
BANKNIFTY29JAN2557000PE.NFO,2024-12-13,10:56:00,2025-01-29,4200.05,4200.05,4200.05,4200.05,0,2760,0
BANKNIFTY29JAN2557000PE.NFO,2024-12-13,10:57:00,2025-01-29,4200.05,4200.05,4072.05,4072.05,15,2700,0
BANKNIFTY29JAN2557000PE.NFO,2024-12-13,10:58:00,2025-01-29,4072.05,4072.05,4072.05,4072.05,0,2700,0
BANKNIFTY29JAN2557000PE.NFO,2024-12-13,10:59:00,2025-01-29,4072.05,4072.05,4072.05,4072.05,0,2700,0
BANKNIFTY29JAN2557000PE.NFO,2024-12-13,11:00:00,2025-01-29,4072.05,4072.05,4072.05,4072.05,0,2700,0
BANKNIFTY29JAN2557000PE.NFO,2024-12-13,11:01:00,2025-01-29,4072.05,4072.05,4072.05,4072.05,0,2700,0
BANKNIFTY29JAN2557000PE.NFO,2024-12-13,11:02:00,2025-01-29,4072.05,4072.05,4072.05,4072.05,0,2700,0
BANKNIFTY29JAN2557000PE.NFO,2024-12-13,11:03:00,2025-01-29,4072.05,4072.05,4072.05,4072.05,0,2700,0
BANKNIFTY29JAN2557000PE.NFO,2024-12-13,11:04:00,2025-01-29,4072.05,4072.05,4072.05,4072.05,0,2700,0
BANKNIFTY29JAN2557000PE.NFO,2024-12-13,11:05:00,2025-01-29,4072.05,4072.05,4072.05,4072.05,0,2700,0
BANKNIFTY29JAN2557000PE.NFO,2024-12-13,11:06:00,2025-01-29,4072.05,4072.05,4072.05,4072.05,0,2700,0
BANKNIFTY29JAN2557000PE.NFO,2024-12-13,11:07:00,2025-01-29,4072.05,4072.05,4072.05,4072.05,0,2700,0
BANKNIFTY29JAN2557000PE.NFO,2024-12-13,11:08:00,2025-01-29,4072.05,4072.05,4072.05,4072.05,0,2700,0
BANKNIFTY29JAN2557000PE.NFO,2024-12-13,11:09:00,2025-01-29,4072.05,4072.05,4072.05,4072.05,0,2700,0
BANKNIFTY29JAN2557000PE.NFO,2024-12-13,11:10:00,2025-01-29,4072.05,4072.05,4072.05,4072.05,0,2700,0
BANKNIFTY29JAN2557000PE.NFO,2024-12-13,11:11:00,2025-01-29,4072.05,4072.05,4072.05,4072.05,0,2700,0
BANKNIFTY29JAN2557000PE.NFO,2024-12-13,11:12:00,2025-01-29,4072.05,4072.05,4072.05,4072.05,0,2700,0
BANKNIFTY29JAN2557000PE.NFO,2024-12-13,11:13:00,2025-01-29,4072.05,4072.05,4072.05,4072.05,0,2700,0
BANKNIFTY29JAN2557000PE.NFO,2024-12-13,11:14:00,2025-01-29,4072.05,4072.05,4002.0,4002.0,30,2715,0
BANKNIFTY29JAN2557000PE.NFO,2024-12-13,11:15:00,2025-01-29,4002.0,4002.0,4002.0,4002.0,0,2715,0
BANKNIFTY29JAN2557000PE.NFO,2024-12-13,11:16:00,2025-01-29,4002.0,4002.0,4002.0,4002.0,0,2715,0
BANKNIFTY29JAN2557000PE.NFO,2024-12-13,11:17:00,2025-01-29,4002.0,4002.0,4002.0,4002.0,0,2715,0
BANKNIFTY29JAN2557000PE.NFO,2024-12-13,11:18:00,2025-01-29,4002.0,4002.0,4002.0,4002.0,0,2715,0
BANKNIFTY29JAN2557000PE.NFO,2024-12-13,11:19:00,2025-01-29,4002.0,4002.0,4002.0,4002.0,0,2715,0
BANKNIFTY29JAN2557000PE.NFO,2024-12-13,11:20:00,2025-01-29,4002.0,4002.0,4002.0,4002.0,0,2715,0
BANKNIFTY29JAN2557000PE.NFO,2024-12-13,11:21:00,2025-01-29,4002.0,4002.0,4002.0,4002.0,0,2715,0
BANKNIFTY29JAN2557000PE.NFO,2024-12-13,11:22:00,2025-01-29,4002.0,4002.0,4002.0,4002.0,0,2715,0
BANKNIFTY29JAN2557000PE.NFO,2024-12-13,11:23:00,2025-01-29,4002.0,4002.0,4002.0,4002.0,0,2715,0
BANKNIFTY29JAN2557000PE.NFO,2024-12-13,11:24:00,2025-01-29,4002.0,4002.0,4002.0,4002.0,0,2715,0
BANKNIFTY29JAN2557000PE.NFO,2024-12-13,11:25:00,2025-01-29,4002.0,4002.0,3964.1,3964.1,0,2745,0
BANKNIFTY29JAN2557000PE.NFO,2024-12-13,11:26:00,2025-01-29,3964.1,3964.1,3964.1,3964.1,0,2745,0
BANKNIFTY29JAN2557000PE.NFO,2024-12-13,11:27:00,2025-01-29,3964.1,3964.1,3964.1,3964.1,0,2745,0
BANKNIFTY29JAN2557000PE.NFO,2024-12-13,11:28:00,2025-01-29,3964.1,3964.1,3964.1,3964.1,0,2745,0
BANKNIFTY29JAN2557000PE.NFO,2024-12-13,11:29:00,2025-01-29,3964.1,3964.1,3964.1,3964.1,0,2745,0
BANKNIFTY29JAN2557000PE.NFO,2024-12-13,11:30:00,2025-01-29,3964.1,3982.75,3964.1,3982.75,30,2775,0
BANKNIFTY29JAN2557000PE.NFO,2024-12-13,11:31:00,2025-01-29,3982.75,3982.75,3982.75,3982.75,0,2775,0
BANKNIFTY29JAN2557000PE.NFO,2024-12-13,11:32:00,2025-01-29,3982.75,3982.75,3982.75,3982.75,0,2775,0
BANKNIFTY29JAN2557000PE.NFO,2024-12-13,11:33:00,2025-01-29,3982.75,3982.75,3982.75,3982.75,0,2775,0
BANKNIFTY29JAN2557000PE.NFO,2024-12-13,11:34:00,2025-01-29,3982.75,3982.75,3982.75,3982.75,0,2775,0
BANKNIFTY29JAN2557000PE.NFO,2024-12-13,11:35:00,2025-01-29,3982.75,3982.75,3982.75,3982.75,0,2775,0
BANKNIFTY29JAN2557000PE.NFO,2024-12-13,11:36:00,2025-01-29,3982.75,3982.75,3982.75,3982.75,0,2775,0
BANKNIFTY29JAN2557000PE.NFO,2024-12-13,11:37:00,2025-01-29,3982.75,3982.75,3982.75,3982.75,0,2775,0
BANKNIFTY29JAN2557000PE.NFO,2024-12-13,11:38:00,2025-01-29,3982.75,3982.75,3982.75,3982.75,0,2775,0
BANKNIFTY29JAN2557000PE.NFO,2024-12-13,11:39:00,2025-01-29,3982.75,3982.75,3982.75,3982.75,0,2775,0
BANKNIFTY29JAN2557000PE.NFO,2024-12-13,11:40:00,2025-01-29,3982.75,3982.75,3982.75,3982.75,0,2775,0
BANKNIFTY29JAN2557000PE.NFO,2024-12-13,11:41:00,2025-01-29,3982.75,3982.75,3982.75,3982.75,0,2775,0
BANKNIFTY29JAN2557000PE.NFO,2024-12-13,11:42:00,2025-01-29,3982.75,3982.75,3982.75,3982.75,0,2775,0
BANKNIFTY29JAN2557000PE.NFO,2024-12-13,11:43:00,2025-01-29,3982.75,3982.75,3982.75,3982.75,0,2775,0
BANKNIFTY29JAN2557000PE.NFO,2024-12-13,11:44:00,2025-01-29,3982.75,3982.75,3982.75,3982.75,0,2775,0
BANKNIFTY29JAN2557000PE.NFO,2024-12-13,11:45:00,2025-01-29,3982.75,3982.75,3982.75,3982.75,0,2775,0
BANKNIFTY29JAN2557000PE.NFO,2024-12-13,11:46:00,2025-01-29,3982.75,3982.75,3982.75,3982.75,0,2775,0
BANKNIFTY29JAN2557000PE.NFO,2024-12-13,11:47:00,2025-01-29,3982.75,3982.75,3982.75,3982.75,0,2775,0
BANKNIFTY29JAN2557000PE.NFO,2024-12-13,11:48:00,2025-01-29,3982.75,3982.75,3982.75,3982.75,0,2775,0
BANKNIFTY29JAN2557000PE.NFO,2024-12-13,11:49:00,2025-01-29,3982.75,3982.75,3982.75,3982.75,0,2775,0
BANKNIFTY29JAN2557000PE.NFO,2024-12-13,11:50:00,2025-01-29,3982.75,3982.75,3982.75,3982.75,0,2775,0
BANKNIFTY29JAN2557000PE.NFO,2024-12-13,11:51:00,2025-01-29,3982.75,3982.75,3982.75,3982.75,0,2775,0
BANKNIFTY29JAN2557000PE.NFO,2024-12-13,11:52:00,2025-01-29,3982.75,3982.75,3982.75,3982.75,0,2775,0
BANKNIFTY29JAN2557000PE.NFO,2024-12-13,11:53:00,2025-01-29,3982.75,3982.75,3982.75,3982.75,0,2775,0
BANKNIFTY29JAN2557000PE.NFO,2024-12-13,11:54:00,2025-01-29,3982.75,3982.75,3982.75,3982.75,0,2775,0
BANKNIFTY29JAN2557000PE.NFO,2024-12-13,11:55:00,2025-01-29,3982.75,3982.75,3982.75,3982.75,0,2775,0
BANKNIFTY29JAN2557000PE.NFO,2024-12-13,11:56:00,2025-01-29,3982.75,3982.75,3982.75,3982.75,0,2775,0
BANKNIFTY29JAN2557000PE.NFO,2024-12-13,11:57:00,2025-01-29,3982.75,3982.75,3982.75,3982.75,0,2775,0
BANKNIFTY29JAN2557000PE.NFO,2024-12-13,11:58:00,2025-01-29,3982.75,3982.75,3982.75,3982.75,0,2775,0
BANKNIFTY29JAN2557000PE.NFO,2024-12-13,11:59:00,2025-01-29,3982.75,3982.75,3982.75,3982.75,0,2775,0
BANKNIFTY29JAN2557000PE.NFO,2024-12-13,12:00:00,2025-01-29,3982.75,3982.75,3982.75,3982.75,0,2775,0
BANKNIFTY29JAN2557000PE.NFO,2024-12-13,12:01:00,2025-01-29,3982.75,3982.75,3982.75,3982.75,0,2775,0
BANKNIFTY29JAN2557000PE.NFO,2024-12-13,12:02:00,2025-01-29,3982.75,3982.75,3982.75,3982.75,0,2775,0
BANKNIFTY29JAN2557000PE.NFO,2024-12-13,12:03:00,2025-01-29,3982.75,3982.75,3982.75,3982.75,0,2775,0
BANKNIFTY29JAN2557000PE.NFO,2024-12-13,12:04:00,2025-01-29,3982.75,3982.75,3982.75,3982.75,0,2775,0
BANKNIFTY29JAN2557000PE.NFO,2024-12-13,12:05:00,2025-01-29,3982.75,3982.75,3982.75,3982.75,0,2775,0
BANKNIFTY29JAN2557000PE.NFO,2024-12-13,12:06:00,2025-01-29,3982.75,3982.75,3982.75,3982.75,0,2775,0
BANKNIFTY29JAN2557000PE.NFO,2024-12-13,12:07:00,2025-01-29,3982.75,3982.75,3982.75,3982.75,0,2775,0
BANKNIFTY29JAN2557000PE.NFO,2024-12-13,12:08:00,2025-01-29,3982.75,3982.75,3982.75,3982.75,0,2775,0
BANKNIFTY29JAN2557000PE.NFO,2024-12-13,12:09:00,2025-01-29,3982.75,3982.75,3982.75,3982.75,0,2775,0
BANKNIFTY29JAN2557000PE.NFO,2024-12-13,12:10:00,2025-01-29,3982.75,3982.75,3982.75,3982.75,0,2775,0
BANKNIFTY29JAN2557000PE.NFO,2024-12-13,12:11:00,2025-01-29,3982.75,3982.75,3982.75,3982.75,0,2775,0
BANKNIFTY29JAN2557000PE.NFO,2024-12-13,12:12:00,2025-01-29,3982.75,3982.75,3982.75,3982.75,0,2775,0
BANKNIFTY29JAN2557000PE.NFO,2024-12-13,12:13:00,2025-01-29,3982.75,3982.75,3982.75,3982.75,0,2775,0
BANKNIFTY29JAN2557000PE.NFO,2024-12-13,12:14:00,2025-01-29,3982.75,3982.75,3982.75,3982.75,0,2775,0
BANKNIFTY29JAN2557000PE.NFO,2024-12-13,12:15:00,2025-01-29,3982.75,3982.75,3982.75,3982.75,0,2775,0
BANKNIFTY29JAN2557000PE.NFO,2024-12-13,12:16:00,2025-01-29,3982.75,3982.75,3982.75,3982.75,0,2775,0
BANKNIFTY29JAN2557000PE.NFO,2024-12-13,12:17:00,2025-01-29,3982.75,3982.75,3982.75,3982.75,0,2775,0
BANKNIFTY29JAN2557000PE.NFO,2024-12-13,12:18:00,2025-01-29,3982.75,3982.75,3982.75,3982.75,0,2775,0
BANKNIFTY29JAN2557000PE.NFO,2024-12-13,12:19:00,2025-01-29,3982.75,3982.75,3982.75,3982.75,0,2775,0
BANKNIFTY29JAN2557000PE.NFO,2024-12-13,12:20:00,2025-01-29,3982.75,3982.75,3501.0,3501.0,15,2775,0
BANKNIFTY29JAN2557000PE.NFO,2024-12-13,12:21:00,2025-01-29,3501.0,3501.0,3501.0,3501.0,0,2775,0
BANKNIFTY29JAN2557000PE.NFO,2024-12-13,12:22:00,2025-01-29,3501.0,3501.0,3501.0,3501.0,0,2775,0
BANKNIFTY29JAN2557000PE.NFO,2024-12-13,12:23:00,2025-01-29,3501.0,3501.0,3501.0,3501.0,0,2775,0
BANKNIFTY29JAN2557000PE.NFO,2024-12-13,12:24:00,2025-01-29,3501.0,3501.0,3501.0,3501.0,0,2775,0
BANKNIFTY29JAN2557000PE.NFO,2024-12-13,12:25:00,2025-01-29,3501.0,3501.0,3501.0,3501.0,0,2775,0
BANKNIFTY29JAN2557000PE.NFO,2024-12-13,12:26:00,2025-01-29,3501.0,3501.0,3500.0,3500.0,15,2790,0
BANKNIFTY29JAN2557000PE.NFO,2024-12-13,12:27:00,2025-01-29,3500.0,3500.0,3500.0,3500.0,0,2790,0
BANKNIFTY29JAN2557000PE.NFO,2024-12-13,12:28:00,2025-01-29,3500.0,3500.0,3500.0,3500.0,0,2790,0
BANKNIFTY29JAN2557000PE.NFO,2024-12-13,12:29:00,2025-01-29,3500.0,3500.0,3500.0,3500.0,0,2790,0
BANKNIFTY29JAN2557000PE.NFO,2024-12-13,12:30:00,2025-01-29,3500.0,3500.0,3500.0,3500.0,0,2790,0
BANKNIFTY29JAN2557000PE.NFO,2024-12-13,12:31:00,2025-01-29,3500.0,3500.0,3500.0,3500.0,0,2790,0
BANKNIFTY29JAN2557000PE.NFO,2024-12-13,12:32:00,2025-01-29,3500.0,3500.0,3500.0,3500.0,0,2790,0
BANKNIFTY29JAN2557000PE.NFO,2024-12-13,12:33:00,2025-01-29,3500.0,3500.0,3500.0,3500.0,0,2790,0
BANKNIFTY29JAN2557000PE.NFO,2024-12-13,12:34:00,2025-01-29,3500.0,3500.0,3500.0,3500.0,0,2790,0
BANKNIFTY29JAN2557000PE.NFO,2024-12-13,12:35:00,2025-01-29,3500.0,3500.0,3500.0,3500.0,0,2790,0
BANKNIFTY29JAN2557000PE.NFO,2024-12-13,12:36:00,2025-01-29,3500.0,3500.0,3500.0,3500.0,0,2790,0
BANKNIFTY29JAN2557000PE.NFO,2024-12-13,12:37:00,2025-01-29,3500.0,3500.0,3500.0,3500.0,0,2790,0
BANKNIFTY29JAN2557000PE.NFO,2024-12-13,12:38:00,2025-01-29,3500.0,3500.0,3500.0,3500.0,0,2790,0
BANKNIFTY29JAN2557000PE.NFO,2024-12-13,12:39:00,2025-01-29,3500.0,3500.0,3500.0,3500.0,0,2790,0
BANKNIFTY29JAN2557000PE.NFO,2024-12-13,12:40:00,2025-01-29,3500.0,3500.0,3500.0,3500.0,0,2790,0
BANKNIFTY29JAN2557000PE.NFO,2024-12-13,12:41:00,2025-01-29,3500.0,3500.0,3500.0,3500.0,0,2790,0
BANKNIFTY29JAN2557000PE.NFO,2024-12-13,12:42:00,2025-01-29,3500.0,3500.0,3500.0,3500.0,0,2790,0
BANKNIFTY29JAN2557000PE.NFO,2024-12-13,12:43:00,2025-01-29,3500.0,3500.0,3500.0,3500.0,0,2790,0
BANKNIFTY29JAN2557000PE.NFO,2024-12-13,12:44:00,2025-01-29,3500.0,3500.0,3500.0,3500.0,0,2790,0
BANKNIFTY29JAN2557000PE.NFO,2024-12-13,12:45:00,2025-01-29,3500.0,3500.0,3500.0,3500.0,0,2790,0
BANKNIFTY29JAN2557000PE.NFO,2024-12-13,12:46:00,2025-01-29,3500.0,3500.0,3500.0,3500.0,0,2790,0
BANKNIFTY29JAN2557000PE.NFO,2024-12-13,12:47:00,2025-01-29,3500.0,3500.0,3500.0,3500.0,0,2790,0
BANKNIFTY29JAN2557000PE.NFO,2024-12-13,12:48:00,2025-01-29,3500.0,3500.0,3500.0,3500.0,0,2790,0
BANKNIFTY29JAN2557000PE.NFO,2024-12-13,12:49:00,2025-01-29,3500.0,3500.0,3500.0,3500.0,0,2790,0
BANKNIFTY29JAN2557000PE.NFO,2024-12-13,12:50:00,2025-01-29,3500.0,3500.0,3500.0,3500.0,0,2790,0
BANKNIFTY29JAN2557000PE.NFO,2024-12-13,12:51:00,2025-01-29,3500.0,3500.0,3500.0,3500.0,0,2790,0
BANKNIFTY29JAN2557000PE.NFO,2024-12-13,12:52:00,2025-01-29,3500.0,3500.0,3500.0,3500.0,0,2790,0
BANKNIFTY29JAN2557000PE.NFO,2024-12-13,12:53:00,2025-01-29,3500.0,3500.0,3500.0,3500.0,0,2790,0
BANKNIFTY29JAN2557000PE.NFO,2024-12-13,12:54:00,2025-01-29,3500.0,3500.0,3500.0,3500.0,0,2790,0
BANKNIFTY29JAN2557000PE.NFO,2024-12-13,12:55:00,2025-01-29,3500.0,3500.0,3500.0,3500.0,0,2790,0
BANKNIFTY29JAN2557000PE.NFO,2024-12-13,12:56:00,2025-01-29,3500.0,3500.0,3500.0,3500.0,0,2790,0
BANKNIFTY29JAN2557000PE.NFO,2024-12-13,12:57:00,2025-01-29,3500.0,3500.0,3500.0,3500.0,0,2790,0
BANKNIFTY29JAN2557000PE.NFO,2024-12-13,12:58:00,2025-01-29,3500.0,3500.0,3500.0,3500.0,0,2790,0
BANKNIFTY29JAN2557000PE.NFO,2024-12-13,12:59:00,2025-01-29,3500.0,3500.0,3500.0,3500.0,0,2790,0
BANKNIFTY29JAN2557000PE.NFO,2024-12-13,13:00:00,2025-01-29,3500.0,3500.0,3500.0,3500.0,0,2790,0
BANKNIFTY29JAN2557000PE.NFO,2024-12-13,13:01:00,2025-01-29,3500.0,3500.0,3500.0,3500.0,0,2790,0
BANKNIFTY29JAN2557000PE.NFO,2024-12-13,13:02:00,2025-01-29,3500.0,3500.0,3500.0,3500.0,0,2790,0
BANKNIFTY29JAN2557000PE.NFO,2024-12-13,13:03:00,2025-01-29,3500.0,3500.0,3500.0,3500.0,0,2790,0
BANKNIFTY29JAN2557000PE.NFO,2024-12-13,13:04:00,2025-01-29,3500.0,3500.0,3500.0,3500.0,0,2790,0
BANKNIFTY29JAN2557000PE.NFO,2024-12-13,13:05:00,2025-01-29,3500.0,3500.0,3500.0,3500.0,0,2790,0
BANKNIFTY29JAN2557000PE.NFO,2024-12-13,13:06:00,2025-01-29,3500.0,3500.0,3500.0,3500.0,0,2790,0
BANKNIFTY29JAN2557000PE.NFO,2024-12-13,13:07:00,2025-01-29,3500.0,3500.0,3500.0,3500.0,0,2790,0
BANKNIFTY29JAN2557000PE.NFO,2024-12-13,13:08:00,2025-01-29,3500.0,3500.0,3500.0,3500.0,0,2790,0
BANKNIFTY29JAN2557000PE.NFO,2024-12-13,13:09:00,2025-01-29,3500.0,3500.0,3500.0,3500.0,0,2790,0
BANKNIFTY29JAN2557000PE.NFO,2024-12-13,13:10:00,2025-01-29,3500.0,3500.0,3500.0,3500.0,0,2790,0
BANKNIFTY29JAN2557000PE.NFO,2024-12-13,13:11:00,2025-01-29,3500.0,3500.0,3500.0,3500.0,0,2790,0
BANKNIFTY29JAN2557000PE.NFO,2024-12-13,13:12:00,2025-01-29,3500.0,3500.0,3500.0,3500.0,0,2790,0
BANKNIFTY29JAN2557000PE.NFO,2024-12-13,13:13:00,2025-01-29,3500.0,3500.0,3500.0,3500.0,0,2790,0
BANKNIFTY29JAN2557000PE.NFO,2024-12-13,13:14:00,2025-01-29,3500.0,3500.0,3367.4,3367.4,15,2805,0
BANKNIFTY29JAN2557000PE.NFO,2024-12-13,13:15:00,2025-01-29,3367.4,3367.4,3367.4,3367.4,0,2805,0
BANKNIFTY29JAN2557000PE.NFO,2024-12-13,13:16:00,2025-01-29,3367.4,3367.4,3367.4,3367.4,0,2805,0
BANKNIFTY29JAN2557000PE.NFO,2024-12-13,13:17:00,2025-01-29,3367.4,3367.4,3367.4,3367.4,0,2805,0
BANKNIFTY29JAN2557000PE.NFO,2024-12-13,13:18:00,2025-01-29,3367.4,3367.4,3367.4,3367.4,0,2805,0
BANKNIFTY29JAN2557000PE.NFO,2024-12-13,13:19:00,2025-01-29,3367.4,3367.4,3367.4,3367.4,0,2805,0
BANKNIFTY29JAN2557000PE.NFO,2024-12-13,13:20:00,2025-01-29,3367.4,3367.4,3367.4,3367.4,0,2805,0
BANKNIFTY29JAN2557000PE.NFO,2024-12-13,13:21:00,2025-01-29,3367.4,3367.4,3367.4,3367.4,0,2805,0
BANKNIFTY29JAN2557000PE.NFO,2024-12-13,13:22:00,2025-01-29,3367.4,3367.4,3367.4,3367.4,0,2805,0
BANKNIFTY29JAN2557000PE.NFO,2024-12-13,13:23:00,2025-01-29,3367.4,3367.4,3367.4,3367.4,0,2805,0
BANKNIFTY29JAN2557000PE.NFO,2024-12-13,13:24:00,2025-01-29,3367.4,3367.4,3367.4,3367.4,0,2805,0
BANKNIFTY29JAN2557000PE.NFO,2024-12-13,13:25:00,2025-01-29,3367.4,3367.4,3367.4,3367.4,0,2805,0
BANKNIFTY29JAN2557000PE.NFO,2024-12-13,13:26:00,2025-01-29,3367.4,3367.4,3367.4,3367.4,0,2805,0
BANKNIFTY29JAN2557000PE.NFO,2024-12-13,13:27:00,2025-01-29,3367.4,3367.4,3367.4,3367.4,0,2805,0
BANKNIFTY29JAN2557000PE.NFO,2024-12-13,13:28:00,2025-01-29,3367.4,3367.4,3367.4,3367.4,0,2805,0
BANKNIFTY29JAN2557000PE.NFO,2024-12-13,13:29:00,2025-01-29,3367.4,3367.4,3367.4,3367.4,0,2805,0
BANKNIFTY29JAN2557000PE.NFO,2024-12-13,13:30:00,2025-01-29,3367.4,3367.4,3367.4,3367.4,0,2805,0
BANKNIFTY29JAN2557000PE.NFO,2024-12-13,13:31:00,2025-01-29,3367.4,3367.4,3367.4,3367.4,0,2805,0
BANKNIFTY29JAN2557000PE.NFO,2024-12-13,13:32:00,2025-01-29,3367.4,3367.4,3367.4,3367.4,0,2805,0
BANKNIFTY29JAN2557000PE.NFO,2024-12-13,13:33:00,2025-01-29,3367.4,3367.4,3367.4,3367.4,0,2805,0
BANKNIFTY29JAN2557000PE.NFO,2024-12-13,13:34:00,2025-01-29,3367.4,3367.4,3367.4,3367.4,0,2805,0
BANKNIFTY29JAN2557000PE.NFO,2024-12-13,13:35:00,2025-01-29,3367.4,3367.4,3367.4,3367.4,0,2805,0
BANKNIFTY29JAN2557000PE.NFO,2024-12-13,13:36:00,2025-01-29,3367.4,3367.4,3367.4,3367.4,0,2805,0
BANKNIFTY29JAN2557000PE.NFO,2024-12-13,13:37:00,2025-01-29,3367.4,3367.4,3367.4,3367.4,0,2805,0
BANKNIFTY29JAN2557000PE.NFO,2024-12-13,13:38:00,2025-01-29,3367.4,3367.4,3367.4,3367.4,0,2805,0
BANKNIFTY29JAN2557000PE.NFO,2024-12-13,13:39:00,2025-01-29,3367.4,3367.4,3367.4,3367.4,0,2805,0
BANKNIFTY29JAN2557000PE.NFO,2024-12-13,13:40:00,2025-01-29,3367.4,3367.4,3367.4,3367.4,0,2805,0
BANKNIFTY29JAN2557000PE.NFO,2024-12-13,13:41:00,2025-01-29,3367.4,3367.4,3367.4,3367.4,0,2805,0
BANKNIFTY29JAN2557000PE.NFO,2024-12-13,13:42:00,2025-01-29,3367.4,3367.4,3367.4,3367.4,0,2805,0
BANKNIFTY29JAN2557000PE.NFO,2024-12-13,13:43:00,2025-01-29,3367.4,3367.4,3367.4,3367.4,0,2805,0
BANKNIFTY29JAN2557000PE.NFO,2024-12-13,13:44:00,2025-01-29,3367.4,3367.4,3367.4,3367.4,0,2805,0
BANKNIFTY29JAN2557000PE.NFO,2024-12-13,13:45:00,2025-01-29,3367.4,3367.4,3367.4,3367.4,0,2805,0
BANKNIFTY29JAN2557000PE.NFO,2024-12-13,13:46:00,2025-01-29,3367.4,3367.4,3367.4,3367.4,0,2805,0
BANKNIFTY29JAN2557000PE.NFO,2024-12-13,13:47:00,2025-01-29,3367.4,3367.4,3230.0,3230.0,15,2820,0
BANKNIFTY29JAN2557000PE.NFO,2024-12-13,13:48:00,2025-01-29,3230.0,3230.0,3230.0,3230.0,0,2820,0
BANKNIFTY29JAN2557000PE.NFO,2024-12-13,13:49:00,2025-01-29,3237.0,3237.0,3237.0,3237.0,15,2820,0
BANKNIFTY29JAN2557000PE.NFO,2024-12-13,13:50:00,2025-01-29,3237.0,3237.0,3237.0,3237.0,0,2820,0
BANKNIFTY29JAN2557000PE.NFO,2024-12-13,13:51:00,2025-01-29,3237.0,3237.0,3237.0,3237.0,0,2820,0
BANKNIFTY29JAN2557000PE.NFO,2024-12-13,13:52:00,2025-01-29,3237.0,3237.0,3237.0,3237.0,0,2820,0
BANKNIFTY29JAN2557000PE.NFO,2024-12-13,13:53:00,2025-01-29,3237.0,3237.0,3237.0,3237.0,0,2820,0
BANKNIFTY29JAN2557000PE.NFO,2024-12-13,13:54:00,2025-01-29,3237.0,3237.0,3237.0,3237.0,0,2820,0
BANKNIFTY29JAN2557000PE.NFO,2024-12-13,13:55:00,2025-01-29,3237.0,3237.0,3237.0,3237.0,0,2820,0
BANKNIFTY29JAN2557000PE.NFO,2024-12-13,13:56:00,2025-01-29,3237.0,3237.0,3237.0,3237.0,0,2820,0
BANKNIFTY29JAN2557000PE.NFO,2024-12-13,13:57:00,2025-01-29,3237.0,3237.0,3237.0,3237.0,0,2820,0
BANKNIFTY29JAN2557000PE.NFO,2024-12-13,13:58:00,2025-01-29,3237.0,3237.0,3237.0,3237.0,0,2820,0
BANKNIFTY29JAN2557000PE.NFO,2024-12-13,13:59:00,2025-01-29,3237.0,3237.0,3237.0,3237.0,0,2820,0
BANKNIFTY29JAN2557000PE.NFO,2024-12-13,14:00:00,2025-01-29,3237.0,3237.0,3237.0,3237.0,0,2820,0
BANKNIFTY29JAN2557000PE.NFO,2024-12-13,14:01:00,2025-01-29,3237.0,3237.0,3237.0,3237.0,0,2820,0
BANKNIFTY29JAN2557000PE.NFO,2024-12-13,14:02:00,2025-01-29,3237.0,3237.0,3237.0,3237.0,0,2820,0
BANKNIFTY29JAN2557000PE.NFO,2024-12-13,14:03:00,2025-01-29,3237.0,3237.0,3237.0,3237.0,0,2820,0
BANKNIFTY29JAN2557000PE.NFO,2024-12-13,14:04:00,2025-01-29,3237.0,3237.0,3237.0,3237.0,0,2820,0
BANKNIFTY29JAN2557000PE.NFO,2024-12-13,14:05:00,2025-01-29,3237.0,3237.0,3237.0,3237.0,0,2820,0
BANKNIFTY29JAN2557000PE.NFO,2024-12-13,14:06:00,2025-01-29,3237.0,3237.0,3237.0,3237.0,0,2820,0
BANKNIFTY29JAN2557000PE.NFO,2024-12-13,14:07:00,2025-01-29,3237.0,3237.0,3237.0,3237.0,0,2820,0
BANKNIFTY29JAN2557000PE.NFO,2024-12-13,14:08:00,2025-01-29,3237.0,3237.0,3237.0,3237.0,0,2820,0
BANKNIFTY29JAN2557000PE.NFO,2024-12-13,14:09:00,2025-01-29,3237.0,3237.0,3237.0,3237.0,0,2820,0
BANKNIFTY29JAN2557000PE.NFO,2024-12-13,14:10:00,2025-01-29,3237.0,3237.0,3237.0,3237.0,0,2820,0
BANKNIFTY29JAN2557000PE.NFO,2024-12-13,14:11:00,2025-01-29,3237.0,3237.0,3237.0,3237.0,0,2820,0
BANKNIFTY29JAN2557000PE.NFO,2024-12-13,14:12:00,2025-01-29,3237.0,3237.0,3237.0,3237.0,0,2820,0
BANKNIFTY29JAN2557000PE.NFO,2024-12-13,14:13:00,2025-01-29,3237.0,3237.0,3237.0,3237.0,0,2820,0
BANKNIFTY29JAN2557000PE.NFO,2024-12-13,14:14:00,2025-01-29,3237.0,3237.0,3237.0,3237.0,0,2820,0
BANKNIFTY29JAN2557000PE.NFO,2024-12-13,14:15:00,2025-01-29,3237.0,3237.0,3237.0,3237.0,0,2820,0
BANKNIFTY29JAN2557000PE.NFO,2024-12-13,14:16:00,2025-01-29,3237.0,3237.0,3237.0,3237.0,0,2820,0
BANKNIFTY29JAN2557000PE.NFO,2024-12-13,14:17:00,2025-01-29,3237.0,3237.0,3237.0,3237.0,0,2820,0
BANKNIFTY29JAN2557000PE.NFO,2024-12-13,14:18:00,2025-01-29,3237.0,3237.0,3237.0,3237.0,0,2820,0
BANKNIFTY29JAN2557000PE.NFO,2024-12-13,14:19:00,2025-01-29,3237.0,3237.0,3237.0,3237.0,0,2820,0
BANKNIFTY29JAN2557000PE.NFO,2024-12-13,14:20:00,2025-01-29,3237.0,3237.0,3237.0,3237.0,0,2820,0
BANKNIFTY29JAN2557000PE.NFO,2024-12-13,14:21:00,2025-01-29,3237.0,3237.0,3237.0,3237.0,0,2820,0
BANKNIFTY29JAN2557000PE.NFO,2024-12-13,14:22:00,2025-01-29,3237.0,3237.0,3237.0,3237.0,0,2820,0
BANKNIFTY29JAN2557000PE.NFO,2024-12-13,14:23:00,2025-01-29,3237.0,3237.0,3237.0,3237.0,0,2820,0
BANKNIFTY29JAN2557000PE.NFO,2024-12-13,14:24:00,2025-01-29,3237.0,3237.0,3237.0,3237.0,0,2820,0
BANKNIFTY29JAN2557000PE.NFO,2024-12-13,14:25:00,2025-01-29,3237.0,3237.0,3237.0,3237.0,0,2820,0
BANKNIFTY29JAN2557000PE.NFO,2024-12-13,14:26:00,2025-01-29,3237.0,3237.0,3237.0,3237.0,0,2820,0
BANKNIFTY29JAN2557000PE.NFO,2024-12-13,14:27:00,2025-01-29,3237.0,3237.0,3237.0,3237.0,0,2820,0
BANKNIFTY29JAN2557000PE.NFO,2024-12-13,14:28:00,2025-01-29,3237.0,3237.0,3237.0,3237.0,0,2820,0
BANKNIFTY29JAN2557000PE.NFO,2024-12-13,14:29:00,2025-01-29,3237.0,3237.0,3237.0,3237.0,0,2820,0
BANKNIFTY29JAN2557000PE.NFO,2024-12-13,14:30:00,2025-01-29,3237.0,3237.0,3237.0,3237.0,0,2820,0
BANKNIFTY29JAN2557000PE.NFO,2024-12-13,14:31:00,2025-01-29,3237.0,3237.0,3237.0,3237.0,0,2820,0
BANKNIFTY29JAN2557000PE.NFO,2024-12-13,14:32:00,2025-01-29,3237.0,3237.0,3237.0,3237.0,0,2820,0
BANKNIFTY29JAN2557000PE.NFO,2024-12-13,14:33:00,2025-01-29,3237.0,3237.0,3237.0,3237.0,0,2820,0
BANKNIFTY29JAN2557000PE.NFO,2024-12-13,14:34:00,2025-01-29,3237.0,3237.0,3237.0,3237.0,0,2820,0
BANKNIFTY29JAN2557000PE.NFO,2024-12-13,14:35:00,2025-01-29,3237.0,3237.0,3237.0,3237.0,0,2820,0
BANKNIFTY29JAN2557000PE.NFO,2024-12-13,14:36:00,2025-01-29,3237.0,3237.0,3237.0,3237.0,0,2820,0
BANKNIFTY29JAN2557000PE.NFO,2024-12-13,14:37:00,2025-01-29,3237.0,3237.0,3237.0,3237.0,0,2820,0
BANKNIFTY29JAN2557000PE.NFO,2024-12-13,14:38:00,2025-01-29,3237.0,3237.0,3237.0,3237.0,0,2820,0
BANKNIFTY29JAN2557000PE.NFO,2024-12-13,14:39:00,2025-01-29,3237.0,3237.0,3237.0,3237.0,0,2820,0
BANKNIFTY29JAN2557000PE.NFO,2024-12-13,14:40:00,2025-01-29,3237.0,3237.0,3237.0,3237.0,0,2820,0
BANKNIFTY29JAN2557000PE.NFO,2024-12-13,14:41:00,2025-01-29,3237.0,3237.0,3237.0,3237.0,0,2820,0
BANKNIFTY29JAN2557000PE.NFO,2024-12-13,14:42:00,2025-01-29,3237.0,3237.0,3237.0,3237.0,0,2820,0
BANKNIFTY29JAN2557000PE.NFO,2024-12-13,14:43:00,2025-01-29,3237.0,3237.0,3237.0,3237.0,0,2820,0
BANKNIFTY29JAN2557000PE.NFO,2024-12-13,14:44:00,2025-01-29,3237.0,3237.0,3237.0,3237.0,0,2820,0
BANKNIFTY29JAN2557000PE.NFO,2024-12-13,14:45:00,2025-01-29,3237.0,3237.0,3237.0,3237.0,0,2820,0
BANKNIFTY29JAN2557000PE.NFO,2024-12-13,14:46:00,2025-01-29,3237.0,3237.0,3237.0,3237.0,0,2820,0
BANKNIFTY29JAN2557000PE.NFO,2024-12-13,14:47:00,2025-01-29,3237.0,3237.0,3237.0,3237.0,0,2820,0
BANKNIFTY29JAN2557000PE.NFO,2024-12-13,14:48:00,2025-01-29,3237.0,3237.0,3237.0,3237.0,0,2820,0
BANKNIFTY29JAN2557000PE.NFO,2024-12-13,14:49:00,2025-01-29,3237.0,3237.0,3237.0,3237.0,0,2820,0
BANKNIFTY29JAN2557000PE.NFO,2024-12-13,14:50:00,2025-01-29,3237.0,3237.0,3237.0,3237.0,0,2820,0
BANKNIFTY29JAN2557000PE.NFO,2024-12-13,14:51:00,2025-01-29,3237.0,3237.0,3237.0,3237.0,0,2820,0
BANKNIFTY29JAN2557000PE.NFO,2024-12-13,14:52:00,2025-01-29,3237.0,3237.0,3237.0,3237.0,0,2820,0
BANKNIFTY29JAN2557000PE.NFO,2024-12-13,14:53:00,2025-01-29,3237.0,3237.0,3237.0,3237.0,0,2820,0
BANKNIFTY29JAN2557000PE.NFO,2024-12-13,14:54:00,2025-01-29,3237.0,3237.0,3237.0,3237.0,0,2820,0
BANKNIFTY29JAN2557000PE.NFO,2024-12-13,14:55:00,2025-01-29,3237.0,3237.0,3237.0,3237.0,0,2820,0
BANKNIFTY29JAN2557000PE.NFO,2024-12-13,14:56:00,2025-01-29,3237.0,3237.0,3237.0,3237.0,0,2820,0
BANKNIFTY29JAN2557000PE.NFO,2024-12-13,14:57:00,2025-01-29,3237.0,3237.0,3237.0,3237.0,0,2820,0
BANKNIFTY29JAN2557000PE.NFO,2024-12-13,14:58:00,2025-01-29,3237.0,3237.0,3237.0,3237.0,0,2820,0
BANKNIFTY29JAN2557000PE.NFO,2024-12-13,14:59:00,2025-01-29,3237.0,3237.0,3237.0,3237.0,0,2820,0
BANKNIFTY29JAN2557000PE.NFO,2024-12-13,15:00:00,2025-01-29,3237.0,3237.0,3237.0,3237.0,0,2820,0
BANKNIFTY29JAN2557000PE.NFO,2024-12-13,15:01:00,2025-01-29,3237.0,3237.0,3150.0,3150.0,15,2835,0
BANKNIFTY29JAN2557000PE.NFO,2024-12-13,15:02:00,2025-01-29,3150.0,3150.0,3150.0,3150.0,30,2835,0
BANKNIFTY29JAN2557000PE.NFO,2024-12-13,15:03:00,2025-01-29,3150.0,3150.0,3150.0,3150.0,0,2835,0
BANKNIFTY29JAN2557000PE.NFO,2024-12-13,15:04:00,2025-01-29,3150.0,3150.0,3149.95,3150.0,30,2835,0
BANKNIFTY29JAN2557000PE.NFO,2024-12-13,15:05:00,2025-01-29,3150.0,3150.0,3150.0,3150.0,0,2835,0
BANKNIFTY29JAN2557000PE.NFO,2024-12-13,15:06:00,2025-01-29,3150.0,3150.0,3150.0,3150.0,0,2835,0
BANKNIFTY29JAN2557000PE.NFO,2024-12-13,15:07:00,2025-01-29,3150.0,3150.0,3150.0,3150.0,0,2835,0
BANKNIFTY29JAN2557000PE.NFO,2024-12-13,15:08:00,2025-01-29,3150.0,3150.0,3101.0,3101.0,60,2895,0
BANKNIFTY29JAN2557000PE.NFO,2024-12-13,15:09:00,2025-01-29,3101.0,3101.0,3101.0,3101.0,0,2895,0
BANKNIFTY29JAN2557000PE.NFO,2024-12-13,15:10:00,2025-01-29,3101.0,3101.0,3101.0,3101.0,0,2895,0
BANKNIFTY29JAN2557000PE.NFO,2024-12-13,15:11:00,2025-01-29,3101.0,3101.0,3100.0,3101.0,165,2835,0
BANKNIFTY29JAN2557000PE.NFO,2024-12-13,15:12:00,2025-01-29,3101.0,3101.0,3101.0,3101.0,0,2835,0
BANKNIFTY29JAN2557000PE.NFO,2024-12-13,15:13:00,2025-01-29,3101.0,3101.0,3101.0,3101.0,0,2835,0
BANKNIFTY29JAN2557000PE.NFO,2024-12-13,15:14:00,2025-01-29,3101.0,3101.0,3101.0,3101.0,0,2835,0
BANKNIFTY29JAN2557000PE.NFO,2024-12-13,15:15:00,2025-01-29,3101.0,3101.0,3101.0,3101.0,0,2835,0
BANKNIFTY29JAN2557000PE.NFO,2024-12-13,15:16:00,2025-01-29,3101.0,3101.0,3101.0,3101.0,0,2835,0
BANKNIFTY29JAN2557000PE.NFO,2024-12-13,15:17:00,2025-01-29,3101.0,3101.0,3101.0,3101.0,0,2835,0
BANKNIFTY29JAN2557000PE.NFO,2024-12-13,15:18:00,2025-01-29,3101.0,3101.0,3101.0,3101.0,0,2835,0
BANKNIFTY29JAN2557000PE.NFO,2024-12-13,15:19:00,2025-01-29,3101.0,3101.0,3101.0,3101.0,0,2835,0
BANKNIFTY29JAN2557000PE.NFO,2024-12-13,15:20:00,2025-01-29,3101.0,3101.0,3101.0,3101.0,0,2835,0
BANKNIFTY29JAN2557000PE.NFO,2024-12-13,15:21:00,2025-01-29,3101.0,3101.0,3101.0,3101.0,0,2835,0
BANKNIFTY29JAN2557000PE.NFO,2024-12-13,15:22:00,2025-01-29,3101.0,3101.0,3101.0,3101.0,30,3000,0
BANKNIFTY29JAN2557000PE.NFO,2024-12-13,15:23:00,2025-01-29,3101.0,3101.0,3095.0,3095.0,120,3000,0
BANKNIFTY29JAN2557000PE.NFO,2024-12-13,15:24:00,2025-01-29,3095.0,3095.0,3095.0,3095.0,0,3000,0
BANKNIFTY29JAN2557000PE.NFO,2024-12-13,15:25:00,2025-01-29,3095.0,3095.0,3095.0,3095.0,0,3000,0
BANKNIFTY29JAN2557000PE.NFO,2024-12-13,15:26:00,2025-01-29,3095.0,3095.0,3090.2,3090.35,540,3120,0
BANKNIFTY29JAN2557000PE.NFO,2024-12-13,15:27:00,2025-01-29,3090.35,3090.35,3090.35,3090.35,0,3120,0
BANKNIFTY29JAN2557000PE.NFO,2024-12-13,15:28:00,2025-01-29,3090.35,3090.35,3090.35,3090.35,0,3120,0
BANKNIFTY29JAN2557000PE.NFO,2024-12-13,15:29:00,2025-01-29,3090.35,3090.35,3090.35,3090.35,0,3120,0
BANKNIFTY29JAN2557000PE.NFO,2024-12-13,15:30:00,2025-01-29,3090.35,3090.35,3090.35,3090.35,0,3120,1
BANKNIFTY29JAN2557000PE.NFO,2024-12-16,09:15:00,2025-01-29,3171.9,3171.9,3171.9,3171.9,0,0,0
BANKNIFTY29JAN2557000PE.NFO,2024-12-16,09:16:00,2025-01-29,3171.9,3171.9,3171.9,3171.9,0,0,1
BANKNIFTY29JAN2557000PE.NFO,2024-12-16,09:17:00,2025-01-29,3171.9,3171.9,3171.9,3171.9,0,0,1
BANKNIFTY29JAN2557000PE.NFO,2024-12-16,09:18:00,2025-01-29,3171.9,3171.9,3171.9,3171.9,0,3660,0
BANKNIFTY29JAN2557000PE.NFO,2024-12-16,09:19:00,2025-01-29,3171.9,3171.9,3171.9,3171.9,0,3660,0
BANKNIFTY29JAN2557000PE.NFO,2024-12-16,09:20:00,2025-01-29,3171.9,3171.9,3171.9,3171.9,0,3660,0
BANKNIFTY29JAN2557000PE.NFO,2024-12-16,09:21:00,2025-01-29,3171.9,3171.9,3161.0,3161.0,30,3705,0
BANKNIFTY29JAN2557000PE.NFO,2024-12-16,09:22:00,2025-01-29,3161.0,3161.0,3161.0,3161.0,0,3705,0
BANKNIFTY29JAN2557000PE.NFO,2024-12-16,09:23:00,2025-01-29,3161.0,3161.0,3161.0,3161.0,0,3705,0
BANKNIFTY29JAN2557000PE.NFO,2024-12-16,09:24:00,2025-01-29,3161.0,3161.0,3161.0,3161.0,0,3705,0
BANKNIFTY29JAN2557000PE.NFO,2024-12-16,09:25:00,2025-01-29,3161.0,3161.0,3161.0,3161.0,0,3705,0
BANKNIFTY29JAN2557000PE.NFO,2024-12-16,09:26:00,2025-01-29,3161.0,3161.0,3161.0,3161.0,0,3705,0
BANKNIFTY29JAN2557000PE.NFO,2024-12-16,09:27:00,2025-01-29,3161.0,3161.0,3161.0,3161.0,0,3705,0
BANKNIFTY29JAN2557000PE.NFO,2024-12-16,09:28:00,2025-01-29,3161.0,3161.0,3161.0,3161.0,0,3705,0
BANKNIFTY29JAN2557000PE.NFO,2024-12-16,09:29:00,2025-01-29,3161.0,3161.0,3161.0,3161.0,0,3705,0
BANKNIFTY29JAN2557000PE.NFO,2024-12-16,09:30:00,2025-01-29,3161.0,3161.0,3161.0,3161.0,0,3705,0
BANKNIFTY29JAN2557000PE.NFO,2024-12-16,09:31:00,2025-01-29,3161.0,3161.0,3161.0,3161.0,0,3705,0
BANKNIFTY29JAN2557000PE.NFO,2024-12-16,09:32:00,2025-01-29,3161.0,3161.0,3161.0,3161.0,0,3705,0
BANKNIFTY29JAN2557000PE.NFO,2024-12-16,09:33:00,2025-01-29,3161.0,3161.0,3161.0,3161.0,0,3705,0
BANKNIFTY29JAN2557000PE.NFO,2024-12-16,09:34:00,2025-01-29,3161.0,3161.0,3161.0,3161.0,0,3705,0
BANKNIFTY29JAN2557000PE.NFO,2024-12-16,09:35:00,2025-01-29,3161.0,3161.0,3161.0,3161.0,0,3705,0
BANKNIFTY29JAN2557000PE.NFO,2024-12-16,09:36:00,2025-01-29,3161.0,3161.0,3161.0,3161.0,0,3705,0
BANKNIFTY29JAN2557000PE.NFO,2024-12-16,09:37:00,2025-01-29,3161.0,3161.0,3161.0,3161.0,0,3705,0
BANKNIFTY29JAN2557000PE.NFO,2024-12-16,09:38:00,2025-01-29,3161.0,3161.0,3161.0,3161.0,0,3705,0
BANKNIFTY29JAN2557000PE.NFO,2024-12-16,09:39:00,2025-01-29,3161.0,3161.0,3161.0,3161.0,0,3705,0
BANKNIFTY29JAN2557000PE.NFO,2024-12-16,09:40:00,2025-01-29,3161.0,3161.0,3161.0,3161.0,0,3705,0
BANKNIFTY29JAN2557000PE.NFO,2024-12-16,09:41:00,2025-01-29,3161.0,3161.0,3161.0,3161.0,0,3705,0
BANKNIFTY29JAN2557000PE.NFO,2024-12-16,09:42:00,2025-01-29,3161.0,3161.0,3161.0,3161.0,0,3705,0
BANKNIFTY29JAN2557000PE.NFO,2024-12-16,09:43:00,2025-01-29,3161.0,3161.0,3053.5,3053.5,45,3735,0
BANKNIFTY29JAN2557000PE.NFO,2024-12-16,09:44:00,2025-01-29,3053.5,3053.5,3053.5,3053.5,0,3735,0
BANKNIFTY29JAN2557000PE.NFO,2024-12-16,09:45:00,2025-01-29,3053.5,3053.5,3053.5,3053.5,0,3735,0
BANKNIFTY29JAN2557000PE.NFO,2024-12-16,09:46:00,2025-01-29,3053.5,3053.5,3053.5,3053.5,0,3735,0
BANKNIFTY29JAN2557000PE.NFO,2024-12-16,09:47:00,2025-01-29,3053.5,3053.5,3053.5,3053.5,0,3735,0
BANKNIFTY29JAN2557000PE.NFO,2024-12-16,09:48:00,2025-01-29,3053.5,3053.5,3053.5,3053.5,0,3735,0
BANKNIFTY29JAN2557000PE.NFO,2024-12-16,09:49:00,2025-01-29,3053.5,3053.5,2980.15,2980.15,15,3780,0
BANKNIFTY29JAN2557000PE.NFO,2024-12-16,09:50:00,2025-01-29,2980.15,2980.15,2980.15,2980.15,0,3780,0
BANKNIFTY29JAN2557000PE.NFO,2024-12-16,09:51:00,2025-01-29,2980.15,2980.15,2980.15,2980.15,0,3780,0
BANKNIFTY29JAN2557000PE.NFO,2024-12-16,09:52:00,2025-01-29,2980.15,2980.15,2980.15,2980.15,0,3780,0
BANKNIFTY29JAN2557000PE.NFO,2024-12-16,09:53:00,2025-01-29,2980.15,2980.15,2980.15,2980.15,0,3780,0
BANKNIFTY29JAN2557000PE.NFO,2024-12-16,09:54:00,2025-01-29,2980.15,2980.15,2980.15,2980.15,0,3780,0
BANKNIFTY29JAN2557000PE.NFO,2024-12-16,09:55:00,2025-01-29,2980.15,2980.15,2980.15,2980.15,0,3780,0
BANKNIFTY29JAN2557000PE.NFO,2024-12-16,09:56:00,2025-01-29,2980.15,2980.15,2980.15,2980.15,0,3780,0
BANKNIFTY29JAN2557000PE.NFO,2024-12-16,09:57:00,2025-01-29,2980.15,2980.15,2980.15,2980.15,0,3780,0
BANKNIFTY29JAN2557000PE.NFO,2024-12-16,09:58:00,2025-01-29,2980.15,2980.15,2980.15,2980.15,0,3780,0
BANKNIFTY29JAN2557000PE.NFO,2024-12-16,09:59:00,2025-01-29,2980.15,2980.15,2980.15,2980.15,0,3780,0
BANKNIFTY29JAN2557000PE.NFO,2024-12-16,10:00:00,2025-01-29,2980.15,2991.0,2980.15,2991.0,15,3780,0
BANKNIFTY29JAN2557000PE.NFO,2024-12-16,10:01:00,2025-01-29,2991.0,2991.0,2991.0,2991.0,0,3780,0
BANKNIFTY29JAN2557000PE.NFO,2024-12-16,10:02:00,2025-01-29,2991.0,3050.0,2991.0,3050.0,30,3780,0
BANKNIFTY29JAN2557000PE.NFO,2024-12-16,10:03:00,2025-01-29,3050.0,3050.0,3050.0,3050.0,0,3780,0
BANKNIFTY29JAN2557000PE.NFO,2024-12-16,10:04:00,2025-01-29,3050.0,3050.0,3050.0,3050.0,0,3780,0
BANKNIFTY29JAN2557000PE.NFO,2024-12-16,10:05:00,2025-01-29,3050.0,3050.0,3050.0,3050.0,0,3780,0
BANKNIFTY29JAN2557000PE.NFO,2024-12-16,10:06:00,2025-01-29,3050.0,3050.0,3027.85,3027.85,45,3810,0
BANKNIFTY29JAN2557000PE.NFO,2024-12-16,10:07:00,2025-01-29,3027.85,3027.85,3027.85,3027.85,0,3810,0
BANKNIFTY29JAN2557000PE.NFO,2024-12-16,10:08:00,2025-01-29,3027.85,3027.85,3027.85,3027.85,0,3810,0
BANKNIFTY29JAN2557000PE.NFO,2024-12-16,10:09:00,2025-01-29,3027.85,3027.85,3027.85,3027.85,0,3810,0
BANKNIFTY29JAN2557000PE.NFO,2024-12-16,10:10:00,2025-01-29,3027.85,3027.85,3027.85,3027.85,0,3810,0
BANKNIFTY29JAN2557000PE.NFO,2024-12-16,10:11:00,2025-01-29,3027.85,3027.85,3027.85,3027.85,0,3810,0
BANKNIFTY29JAN2557000PE.NFO,2024-12-16,10:12:00,2025-01-29,3027.85,3027.85,3027.85,3027.85,0,3810,0
BANKNIFTY29JAN2557000PE.NFO,2024-12-16,10:13:00,2025-01-29,3027.85,3027.85,3027.85,3027.85,0,3810,0
BANKNIFTY29JAN2557000PE.NFO,2024-12-16,10:14:00,2025-01-29,3027.85,3027.85,3027.85,3027.85,0,3810,0
BANKNIFTY29JAN2557000PE.NFO,2024-12-16,10:15:00,2025-01-29,3027.85,3027.85,3027.85,3027.85,0,3810,0
BANKNIFTY29JAN2557000PE.NFO,2024-12-16,10:16:00,2025-01-29,3027.85,3027.85,3027.85,3027.85,0,3810,0
BANKNIFTY29JAN2557000PE.NFO,2024-12-16,10:17:00,2025-01-29,3027.85,3027.85,3027.85,3027.85,0,3810,0
BANKNIFTY29JAN2557000PE.NFO,2024-12-16,10:18:00,2025-01-29,3027.85,3027.85,3027.85,3027.85,0,3810,0
BANKNIFTY29JAN2557000PE.NFO,2024-12-16,10:19:00,2025-01-29,3027.85,3027.85,3027.85,3027.85,0,3810,0
BANKNIFTY29JAN2557000PE.NFO,2024-12-16,10:20:00,2025-01-29,3027.85,3027.85,3027.85,3027.85,0,3810,0
BANKNIFTY29JAN2557000PE.NFO,2024-12-16,10:21:00,2025-01-29,3027.85,3027.85,3027.85,3027.85,0,3810,0
BANKNIFTY29JAN2557000PE.NFO,2024-12-16,10:22:00,2025-01-29,3027.85,3027.85,3027.85,3027.85,0,3810,0
BANKNIFTY29JAN2557000PE.NFO,2024-12-16,10:23:00,2025-01-29,3027.85,3027.85,3027.85,3027.85,0,3810,0
BANKNIFTY29JAN2557000PE.NFO,2024-12-16,10:24:00,2025-01-29,3027.85,3027.85,3027.85,3027.85,0,3810,0
BANKNIFTY29JAN2557000PE.NFO,2024-12-16,10:25:00,2025-01-29,3027.85,3115.0,3027.85,3115.0,30,3810,0
BANKNIFTY29JAN2557000PE.NFO,2024-12-16,10:26:00,2025-01-29,3115.0,3115.0,3115.0,3115.0,0,3810,0
BANKNIFTY29JAN2557000PE.NFO,2024-12-16,10:27:00,2025-01-29,3115.0,3150.0,3115.0,3150.0,30,3810,0
BANKNIFTY29JAN2557000PE.NFO,2024-12-16,10:28:00,2025-01-29,3150.0,3150.0,3150.0,3150.0,0,3810,0
BANKNIFTY29JAN2557000PE.NFO,2024-12-16,10:29:00,2025-01-29,3150.0,3150.0,3150.0,3150.0,0,3810,0
BANKNIFTY29JAN2557000PE.NFO,2024-12-16,10:30:00,2025-01-29,3150.0,3150.0,3150.0,3150.0,0,3810,0
BANKNIFTY29JAN2557000PE.NFO,2024-12-16,10:31:00,2025-01-29,3150.0,3150.0,3150.0,3150.0,0,3810,0
BANKNIFTY29JAN2557000PE.NFO,2024-12-16,10:32:00,2025-01-29,3150.0,3150.0,3150.0,3150.0,0,3810,0
BANKNIFTY29JAN2557000PE.NFO,2024-12-16,10:33:00,2025-01-29,3150.0,3150.0,3150.0,3150.0,0,3810,0
BANKNIFTY29JAN2557000PE.NFO,2024-12-16,10:34:00,2025-01-29,3150.0,3150.0,3150.0,3150.0,0,3810,0
BANKNIFTY29JAN2557000PE.NFO,2024-12-16,10:35:00,2025-01-29,3150.0,3150.0,3150.0,3150.0,0,3810,0
BANKNIFTY29JAN2557000PE.NFO,2024-12-16,10:36:00,2025-01-29,3150.0,3150.0,3150.0,3150.0,0,3810,0
BANKNIFTY29JAN2557000PE.NFO,2024-12-16,10:37:00,2025-01-29,3150.0,3150.0,3100.05,3100.05,30,3810,0
BANKNIFTY29JAN2557000PE.NFO,2024-12-16,10:38:00,2025-01-29,3100.05,3100.05,3100.05,3100.05,0,3810,0
BANKNIFTY29JAN2557000PE.NFO,2024-12-16,10:39:00,2025-01-29,3100.05,3100.05,3100.05,3100.05,0,3810,0
BANKNIFTY29JAN2557000PE.NFO,2024-12-16,10:40:00,2025-01-29,3100.05,3100.05,3100.05,3100.05,0,3810,0
BANKNIFTY29JAN2557000PE.NFO,2024-12-16,10:41:00,2025-01-29,3100.05,3100.05,3100.05,3100.05,0,3810,0
BANKNIFTY29JAN2557000PE.NFO,2024-12-16,10:42:00,2025-01-29,3100.05,3100.05,3100.05,3100.05,0,3810,0
BANKNIFTY29JAN2557000PE.NFO,2024-12-16,10:43:00,2025-01-29,3100.05,3100.05,3100.05,3100.05,0,3810,0
BANKNIFTY29JAN2557000PE.NFO,2024-12-16,10:44:00,2025-01-29,3100.05,3100.05,3100.05,3100.05,15,3840,0
BANKNIFTY29JAN2557000PE.NFO,2024-12-16,10:45:00,2025-01-29,3100.05,3100.05,3100.05,3100.05,0,3840,0
BANKNIFTY29JAN2557000PE.NFO,2024-12-16,10:46:00,2025-01-29,3100.05,3100.05,3089.0,3089.0,15,3855,0
BANKNIFTY29JAN2557000PE.NFO,2024-12-16,10:47:00,2025-01-29,3089.0,3089.0,3089.0,3089.0,0,3855,0
BANKNIFTY29JAN2557000PE.NFO,2024-12-16,10:48:00,2025-01-29,3089.0,3089.0,3089.0,3089.0,0,3855,0
BANKNIFTY29JAN2557000PE.NFO,2024-12-16,10:49:00,2025-01-29,3089.0,3089.0,3089.0,3089.0,0,3855,0
BANKNIFTY29JAN2557000PE.NFO,2024-12-16,10:50:00,2025-01-29,3089.0,3089.0,3089.0,3089.0,0,3855,0
BANKNIFTY29JAN2557000PE.NFO,2024-12-16,10:51:00,2025-01-29,3089.0,3089.0,3089.0,3089.0,0,3855,0
BANKNIFTY29JAN2557000PE.NFO,2024-12-16,10:52:00,2025-01-29,3089.0,3089.0,3089.0,3089.0,0,3855,0
BANKNIFTY29JAN2557000PE.NFO,2024-12-16,10:53:00,2025-01-29,3089.0,3089.0,3089.0,3089.0,0,3855,0
BANKNIFTY29JAN2557000PE.NFO,2024-12-16,10:54:00,2025-01-29,3089.0,3089.0,3089.0,3089.0,0,3855,0
BANKNIFTY29JAN2557000PE.NFO,2024-12-16,10:55:00,2025-01-29,3089.0,3154.55,3089.0,3154.55,45,3855,0
BANKNIFTY29JAN2557000PE.NFO,2024-12-16,10:56:00,2025-01-29,3154.55,3154.55,3154.55,3154.55,0,3855,0
BANKNIFTY29JAN2557000PE.NFO,2024-12-16,10:57:00,2025-01-29,3154.55,3154.55,3154.55,3154.55,0,3855,0
BANKNIFTY29JAN2557000PE.NFO,2024-12-16,10:58:00,2025-01-29,3154.55,3154.55,3154.55,3154.55,0,3855,0
BANKNIFTY29JAN2557000PE.NFO,2024-12-16,10:59:00,2025-01-29,3154.55,3154.55,3154.55,3154.55,0,3855,0
BANKNIFTY29JAN2557000PE.NFO,2024-12-16,11:00:00,2025-01-29,3154.55,3154.55,3154.55,3154.55,0,3855,0
BANKNIFTY29JAN2557000PE.NFO,2024-12-16,11:01:00,2025-01-29,3154.55,3154.55,3154.55,3154.55,0,3855,0
BANKNIFTY29JAN2557000PE.NFO,2024-12-16,11:02:00,2025-01-29,3154.55,3154.55,3154.55,3154.55,0,3855,0
BANKNIFTY29JAN2557000PE.NFO,2024-12-16,11:03:00,2025-01-29,3154.55,3154.55,3154.55,3154.55,0,3855,0
BANKNIFTY29JAN2557000PE.NFO,2024-12-16,11:04:00,2025-01-29,3154.55,3154.55,3154.55,3154.55,0,3855,0
BANKNIFTY29JAN2557000PE.NFO,2024-12-16,11:05:00,2025-01-29,3154.55,3154.55,3154.55,3154.55,0,3855,0
BANKNIFTY29JAN2557000PE.NFO,2024-12-16,11:06:00,2025-01-29,3154.55,3154.55,3154.55,3154.55,0,3855,0
BANKNIFTY29JAN2557000PE.NFO,2024-12-16,11:07:00,2025-01-29,3154.55,3154.55,3154.55,3154.55,0,3855,0
BANKNIFTY29JAN2557000PE.NFO,2024-12-16,11:08:00,2025-01-29,3154.55,3154.55,3154.55,3154.55,0,3855,0
BANKNIFTY29JAN2557000PE.NFO,2024-12-16,11:09:00,2025-01-29,3154.55,3154.55,3154.55,3154.55,0,3855,0
BANKNIFTY29JAN2557000PE.NFO,2024-12-16,11:10:00,2025-01-29,3154.55,3154.55,3154.55,3154.55,0,3855,0
BANKNIFTY29JAN2557000PE.NFO,2024-12-16,11:11:00,2025-01-29,3154.55,3154.55,3154.55,3154.55,0,3855,0
BANKNIFTY29JAN2557000PE.NFO,2024-12-16,11:12:00,2025-01-29,3154.55,3154.55,3154.55,3154.55,0,3855,0
BANKNIFTY29JAN2557000PE.NFO,2024-12-16,11:13:00,2025-01-29,3154.55,3154.55,3154.55,3154.55,0,3855,0
BANKNIFTY29JAN2557000PE.NFO,2024-12-16,11:14:00,2025-01-29,3154.55,3180.0,3154.55,3180.0,30,3885,0
BANKNIFTY29JAN2557000PE.NFO,2024-12-16,11:15:00,2025-01-29,3180.0,3180.0,3180.0,3180.0,0,3885,0
BANKNIFTY29JAN2557000PE.NFO,2024-12-16,11:16:00,2025-01-29,3180.0,3180.0,3180.0,3180.0,0,3885,0
BANKNIFTY29JAN2557000PE.NFO,2024-12-16,11:17:00,2025-01-29,3180.0,3180.0,3180.0,3180.0,0,3885,0
BANKNIFTY29JAN2557000PE.NFO,2024-12-16,11:18:00,2025-01-29,3180.0,3180.0,3180.0,3180.0,0,3885,0
BANKNIFTY29JAN2557000PE.NFO,2024-12-16,11:19:00,2025-01-29,3180.0,3180.0,3180.0,3180.0,0,3885,0
BANKNIFTY29JAN2557000PE.NFO,2024-12-16,11:20:00,2025-01-29,3180.0,3180.0,3180.0,3180.0,0,3885,0
BANKNIFTY29JAN2557000PE.NFO,2024-12-16,11:21:00,2025-01-29,3180.0,3180.0,3152.0,3152.0,30,3885,0
BANKNIFTY29JAN2557000PE.NFO,2024-12-16,11:22:00,2025-01-29,3152.0,3152.0,3152.0,3152.0,0,3885,0
BANKNIFTY29JAN2557000PE.NFO,2024-12-16,11:23:00,2025-01-29,3152.0,3152.0,3152.0,3152.0,0,3885,0
BANKNIFTY29JAN2557000PE.NFO,2024-12-16,11:24:00,2025-01-29,3152.0,3152.0,3152.0,3152.0,0,3885,0
BANKNIFTY29JAN2557000PE.NFO,2024-12-16,11:25:00,2025-01-29,3152.0,3152.0,3152.0,3152.0,0,3885,0
BANKNIFTY29JAN2557000PE.NFO,2024-12-16,11:26:00,2025-01-29,3152.0,3152.0,3152.0,3152.0,0,3885,0
BANKNIFTY29JAN2557000PE.NFO,2024-12-16,11:27:00,2025-01-29,3152.0,3152.0,3152.0,3152.0,0,3885,0
BANKNIFTY29JAN2557000PE.NFO,2024-12-16,11:28:00,2025-01-29,3152.0,3152.0,3152.0,3152.0,0,3885,0
BANKNIFTY29JAN2557000PE.NFO,2024-12-16,11:29:00,2025-01-29,3152.0,3152.0,3152.0,3152.0,0,3885,0
BANKNIFTY29JAN2557000PE.NFO,2024-12-16,11:30:00,2025-01-29,3152.0,3152.0,3152.0,3152.0,0,3885,0
BANKNIFTY29JAN2557000PE.NFO,2024-12-16,11:31:00,2025-01-29,3152.0,3152.0,3152.0,3152.0,0,3885,0
BANKNIFTY29JAN2557000PE.NFO,2024-12-16,11:32:00,2025-01-29,3152.0,3152.0,3152.0,3152.0,0,3885,0
BANKNIFTY29JAN2557000PE.NFO,2024-12-16,11:33:00,2025-01-29,3152.0,3152.0,3152.0,3152.0,0,3885,0
BANKNIFTY29JAN2557000PE.NFO,2024-12-16,11:34:00,2025-01-29,3152.0,3152.0,3152.0,3152.0,0,3885,0
BANKNIFTY29JAN2557000PE.NFO,2024-12-16,11:35:00,2025-01-29,3152.0,3152.0,3152.0,3152.0,0,3885,0
BANKNIFTY29JAN2557000PE.NFO,2024-12-16,11:36:00,2025-01-29,3152.0,3152.0,3152.0,3152.0,0,3885,0
BANKNIFTY29JAN2557000PE.NFO,2024-12-16,11:37:00,2025-01-29,3152.0,3152.0,3152.0,3152.0,0,3885,0
BANKNIFTY29JAN2557000PE.NFO,2024-12-16,11:38:00,2025-01-29,3152.0,3152.0,3152.0,3152.0,0,3885,0
BANKNIFTY29JAN2557000PE.NFO,2024-12-16,11:39:00,2025-01-29,3152.0,3152.0,3152.0,3152.0,0,3885,0
BANKNIFTY29JAN2557000PE.NFO,2024-12-16,11:40:00,2025-01-29,3152.0,3152.0,3152.0,3152.0,0,3885,0
BANKNIFTY29JAN2557000PE.NFO,2024-12-16,11:41:00,2025-01-29,3152.0,3152.0,3152.0,3152.0,0,3885,0
BANKNIFTY29JAN2557000PE.NFO,2024-12-16,11:42:00,2025-01-29,3152.0,3152.0,3152.0,3152.0,0,3885,0
BANKNIFTY29JAN2557000PE.NFO,2024-12-16,11:43:00,2025-01-29,3152.0,3152.0,3152.0,3152.0,0,3885,0
BANKNIFTY29JAN2557000PE.NFO,2024-12-16,11:44:00,2025-01-29,3153.0,3153.0,3153.0,3153.0,45,3885,0
BANKNIFTY29JAN2557000PE.NFO,2024-12-16,11:45:00,2025-01-29,3153.0,3153.0,3153.0,3153.0,0,3885,0
BANKNIFTY29JAN2557000PE.NFO,2024-12-16,11:46:00,2025-01-29,3153.0,3153.0,3153.0,3153.0,0,3885,0
BANKNIFTY29JAN2557000PE.NFO,2024-12-16,11:47:00,2025-01-29,3153.0,3153.0,3153.0,3153.0,0,3885,0
BANKNIFTY29JAN2557000PE.NFO,2024-12-16,11:48:00,2025-01-29,3153.0,3153.0,3153.0,3153.0,0,3885,0
BANKNIFTY29JAN2557000PE.NFO,2024-12-16,11:49:00,2025-01-29,3153.0,3153.0,3153.0,3153.0,0,3885,0
BANKNIFTY29JAN2557000PE.NFO,2024-12-16,11:50:00,2025-01-29,3153.0,3153.0,3153.0,3153.0,0,3885,0
BANKNIFTY29JAN2557000PE.NFO,2024-12-16,11:51:00,2025-01-29,3153.0,3153.0,3153.0,3153.0,0,3885,0
BANKNIFTY29JAN2557000PE.NFO,2024-12-16,11:52:00,2025-01-29,3153.0,3153.0,3153.0,3153.0,0,3885,0
BANKNIFTY29JAN2557000PE.NFO,2024-12-16,11:53:00,2025-01-29,3153.0,3153.0,3153.0,3153.0,0,3885,0
BANKNIFTY29JAN2557000PE.NFO,2024-12-16,11:54:00,2025-01-29,3153.0,3153.0,3153.0,3153.0,0,3885,0
BANKNIFTY29JAN2557000PE.NFO,2024-12-16,11:55:00,2025-01-29,3153.0,3153.0,3153.0,3153.0,0,3885,0
BANKNIFTY29JAN2557000PE.NFO,2024-12-16,11:56:00,2025-01-29,3153.0,3153.0,3153.0,3153.0,0,3885,0
BANKNIFTY29JAN2557000PE.NFO,2024-12-16,11:57:00,2025-01-29,3153.0,3153.0,3153.0,3153.0,0,3885,0
BANKNIFTY29JAN2557000PE.NFO,2024-12-16,11:58:00,2025-01-29,3153.0,3153.0,3153.0,3153.0,0,3885,0
BANKNIFTY29JAN2557000PE.NFO,2024-12-16,11:59:00,2025-01-29,3153.0,3153.0,3153.0,3153.0,0,3885,0
BANKNIFTY29JAN2557000PE.NFO,2024-12-16,12:00:00,2025-01-29,3153.0,3153.0,3153.0,3153.0,0,3885,0
BANKNIFTY29JAN2557000PE.NFO,2024-12-16,12:01:00,2025-01-29,3153.0,3153.0,3153.0,3153.0,0,3885,0
BANKNIFTY29JAN2557000PE.NFO,2024-12-16,12:02:00,2025-01-29,3153.0,3153.0,3153.0,3153.0,0,3885,0
BANKNIFTY29JAN2557000PE.NFO,2024-12-16,12:03:00,2025-01-29,3153.0,3153.0,3153.0,3153.0,0,3885,0
BANKNIFTY29JAN2557000PE.NFO,2024-12-16,12:04:00,2025-01-29,3153.0,3153.0,3153.0,3153.0,0,3885,0
BANKNIFTY29JAN2557000PE.NFO,2024-12-16,12:05:00,2025-01-29,3153.0,3153.0,3153.0,3153.0,0,3885,0
BANKNIFTY29JAN2557000PE.NFO,2024-12-16,12:06:00,2025-01-29,3153.0,3153.0,3153.0,3153.0,0,3885,0
BANKNIFTY29JAN2557000PE.NFO,2024-12-16,12:07:00,2025-01-29,3153.0,3153.0,3153.0,3153.0,0,3885,0
BANKNIFTY29JAN2557000PE.NFO,2024-12-16,12:08:00,2025-01-29,3153.0,3153.0,3153.0,3153.0,0,3885,0
BANKNIFTY29JAN2557000PE.NFO,2024-12-16,12:09:00,2025-01-29,3153.0,3153.0,3153.0,3153.0,0,3885,0
BANKNIFTY29JAN2557000PE.NFO,2024-12-16,12:10:00,2025-01-29,3153.0,3153.0,3153.0,3153.0,0,3885,0
BANKNIFTY29JAN2557000PE.NFO,2024-12-16,12:11:00,2025-01-29,3153.0,3153.0,3153.0,3153.0,0,3885,0
BANKNIFTY29JAN2557000PE.NFO,2024-12-16,12:12:00,2025-01-29,3153.0,3153.0,3153.0,3153.0,0,3885,0
BANKNIFTY29JAN2557000PE.NFO,2024-12-16,12:13:00,2025-01-29,3153.0,3153.0,3153.0,3153.0,0,3885,0
BANKNIFTY29JAN2557000PE.NFO,2024-12-16,12:14:00,2025-01-29,3153.0,3153.0,3153.0,3153.0,0,3885,0
BANKNIFTY29JAN2557000PE.NFO,2024-12-16,12:15:00,2025-01-29,3153.0,3153.0,3153.0,3153.0,0,3885,0
BANKNIFTY29JAN2557000PE.NFO,2024-12-16,12:16:00,2025-01-29,3153.0,3153.0,3153.0,3153.0,0,3885,0
BANKNIFTY29JAN2557000PE.NFO,2024-12-16,12:17:00,2025-01-29,3153.0,3153.0,3153.0,3153.0,0,3885,0
BANKNIFTY29JAN2557000PE.NFO,2024-12-16,12:18:00,2025-01-29,3153.0,3153.0,3153.0,3153.0,0,3885,0
BANKNIFTY29JAN2557000PE.NFO,2024-12-16,12:19:00,2025-01-29,3153.0,3153.0,3153.0,3153.0,0,3885,0
BANKNIFTY29JAN2557000PE.NFO,2024-12-16,12:20:00,2025-01-29,3153.0,3153.0,3153.0,3153.0,0,3885,0
BANKNIFTY29JAN2557000PE.NFO,2024-12-16,12:21:00,2025-01-29,3153.0,3153.0,3153.0,3153.0,0,3885,0
BANKNIFTY29JAN2557000PE.NFO,2024-12-16,12:22:00,2025-01-29,3153.0,3153.0,3153.0,3153.0,0,3885,0
BANKNIFTY29JAN2557000PE.NFO,2024-12-16,12:23:00,2025-01-29,3153.0,3153.0,3153.0,3153.0,0,3885,0
BANKNIFTY29JAN2557000PE.NFO,2024-12-16,12:24:00,2025-01-29,3153.0,3153.0,3153.0,3153.0,0,3885,0
BANKNIFTY29JAN2557000PE.NFO,2024-12-16,12:25:00,2025-01-29,3153.0,3153.0,3153.0,3153.0,0,3885,0
BANKNIFTY29JAN2557000PE.NFO,2024-12-16,12:26:00,2025-01-29,3153.0,3153.0,3153.0,3153.0,0,3885,0
BANKNIFTY29JAN2557000PE.NFO,2024-12-16,12:27:00,2025-01-29,3153.0,3153.0,3153.0,3153.0,0,3885,0
BANKNIFTY29JAN2557000PE.NFO,2024-12-16,12:28:00,2025-01-29,3153.0,3153.0,3153.0,3153.0,0,3885,0
BANKNIFTY29JAN2557000PE.NFO,2024-12-16,12:29:00,2025-01-29,3153.0,3153.0,3153.0,3153.0,0,3885,0
BANKNIFTY29JAN2557000PE.NFO,2024-12-16,12:30:00,2025-01-29,3153.0,3153.0,3153.0,3153.0,0,3885,0
BANKNIFTY29JAN2557000PE.NFO,2024-12-16,12:31:00,2025-01-29,3153.0,3153.0,3153.0,3153.0,0,3885,0
BANKNIFTY29JAN2557000PE.NFO,2024-12-16,12:32:00,2025-01-29,3153.0,3153.0,3153.0,3153.0,0,3885,0
BANKNIFTY29JAN2557000PE.NFO,2024-12-16,12:33:00,2025-01-29,3153.0,3153.0,3153.0,3153.0,0,3885,0
BANKNIFTY29JAN2557000PE.NFO,2024-12-16,12:34:00,2025-01-29,3153.0,3153.0,3153.0,3153.0,0,3885,0
BANKNIFTY29JAN2557000PE.NFO,2024-12-16,12:35:00,2025-01-29,3153.0,3153.0,3153.0,3153.0,0,3885,0
BANKNIFTY29JAN2557000PE.NFO,2024-12-16,12:36:00,2025-01-29,3153.0,3153.0,3153.0,3153.0,0,3885,0
BANKNIFTY29JAN2557000PE.NFO,2024-12-16,12:37:00,2025-01-29,3153.0,3153.0,3153.0,3153.0,0,3885,0
BANKNIFTY29JAN2557000PE.NFO,2024-12-16,12:38:00,2025-01-29,3153.0,3153.0,3153.0,3153.0,0,3885,0
BANKNIFTY29JAN2557000PE.NFO,2024-12-16,12:39:00,2025-01-29,3153.0,3153.0,3153.0,3153.0,0,3885,0
BANKNIFTY29JAN2557000PE.NFO,2024-12-16,12:40:00,2025-01-29,3153.0,3153.0,3153.0,3153.0,0,3885,0
BANKNIFTY29JAN2557000PE.NFO,2024-12-16,12:41:00,2025-01-29,3153.0,3153.0,3153.0,3153.0,0,3885,0
BANKNIFTY29JAN2557000PE.NFO,2024-12-16,12:42:00,2025-01-29,3153.0,3153.0,3153.0,3153.0,0,3885,0
BANKNIFTY29JAN2557000PE.NFO,2024-12-16,12:43:00,2025-01-29,3153.0,3153.0,3153.0,3153.0,0,3885,0
BANKNIFTY29JAN2557000PE.NFO,2024-12-16,12:44:00,2025-01-29,3153.0,3153.0,3153.0,3153.0,0,3885,0
BANKNIFTY29JAN2557000PE.NFO,2024-12-16,12:45:00,2025-01-29,3153.0,3153.0,3153.0,3153.0,0,3885,0
BANKNIFTY29JAN2557000PE.NFO,2024-12-16,12:46:00,2025-01-29,3153.0,3153.0,3153.0,3153.0,0,3885,0
BANKNIFTY29JAN2557000PE.NFO,2024-12-16,12:47:00,2025-01-29,3153.0,3153.0,3153.0,3153.0,0,3885,0
BANKNIFTY29JAN2557000PE.NFO,2024-12-16,12:48:00,2025-01-29,3153.0,3153.0,3153.0,3153.0,0,3885,0
BANKNIFTY29JAN2557000PE.NFO,2024-12-16,12:49:00,2025-01-29,3153.0,3153.0,3153.0,3153.0,0,3885,0
BANKNIFTY29JAN2557000PE.NFO,2024-12-16,12:50:00,2025-01-29,3153.0,3153.0,3153.0,3153.0,0,3885,0
BANKNIFTY29JAN2557000PE.NFO,2024-12-16,12:51:00,2025-01-29,3153.0,3153.0,3153.0,3153.0,0,3885,0
BANKNIFTY29JAN2557000PE.NFO,2024-12-16,12:52:00,2025-01-29,3153.0,3153.0,3153.0,3153.0,0,3885,0
BANKNIFTY29JAN2557000PE.NFO,2024-12-16,12:53:00,2025-01-29,3153.0,3153.0,3153.0,3153.0,0,3885,0
BANKNIFTY29JAN2557000PE.NFO,2024-12-16,12:54:00,2025-01-29,3153.0,3153.0,3153.0,3153.0,0,3885,0
BANKNIFTY29JAN2557000PE.NFO,2024-12-16,12:55:00,2025-01-29,3153.0,3153.0,3153.0,3153.0,0,3885,0
BANKNIFTY29JAN2557000PE.NFO,2024-12-16,12:56:00,2025-01-29,3153.0,3153.0,3153.0,3153.0,0,3885,0
BANKNIFTY29JAN2557000PE.NFO,2024-12-16,12:57:00,2025-01-29,3153.0,3153.0,3153.0,3153.0,0,3885,0
BANKNIFTY29JAN2557000PE.NFO,2024-12-16,12:58:00,2025-01-29,3153.0,3153.0,3153.0,3153.0,0,3885,0
BANKNIFTY29JAN2557000PE.NFO,2024-12-16,12:59:00,2025-01-29,3153.0,3153.0,3153.0,3153.0,0,3885,0
BANKNIFTY29JAN2557000PE.NFO,2024-12-16,13:00:00,2025-01-29,3153.0,3153.0,3153.0,3153.0,0,3885,0
BANKNIFTY29JAN2557000PE.NFO,2024-12-16,13:01:00,2025-01-29,3153.0,3153.0,3153.0,3153.0,0,3885,0
BANKNIFTY29JAN2557000PE.NFO,2024-12-16,13:02:00,2025-01-29,3153.0,3153.0,3153.0,3153.0,0,3885,0
BANKNIFTY29JAN2557000PE.NFO,2024-12-16,13:03:00,2025-01-29,3153.0,3153.0,3153.0,3153.0,0,3885,0
BANKNIFTY29JAN2557000PE.NFO,2024-12-16,13:04:00,2025-01-29,3153.0,3153.0,3153.0,3153.0,0,3885,0
BANKNIFTY29JAN2557000PE.NFO,2024-12-16,13:05:00,2025-01-29,3153.0,3153.0,3153.0,3153.0,0,3885,0
BANKNIFTY29JAN2557000PE.NFO,2024-12-16,13:06:00,2025-01-29,3153.0,3153.0,3153.0,3153.0,0,3885,0
BANKNIFTY29JAN2557000PE.NFO,2024-12-16,13:07:00,2025-01-29,3153.0,3153.0,3153.0,3153.0,0,3885,0
BANKNIFTY29JAN2557000PE.NFO,2024-12-16,13:08:00,2025-01-29,3153.0,3153.0,3153.0,3153.0,0,3885,0
BANKNIFTY29JAN2557000PE.NFO,2024-12-16,13:09:00,2025-01-29,3153.0,3153.0,3153.0,3153.0,0,3885,0
BANKNIFTY29JAN2557000PE.NFO,2024-12-16,13:10:00,2025-01-29,3153.0,3153.0,3153.0,3153.0,0,3885,0
BANKNIFTY29JAN2557000PE.NFO,2024-12-16,13:11:00,2025-01-29,3153.0,3153.0,3153.0,3153.0,0,3885,0
BANKNIFTY29JAN2557000PE.NFO,2024-12-16,13:12:00,2025-01-29,3153.0,3153.0,3153.0,3153.0,0,3885,0
BANKNIFTY29JAN2557000PE.NFO,2024-12-16,13:13:00,2025-01-29,3153.0,3153.0,3153.0,3153.0,0,3885,0
BANKNIFTY29JAN2557000PE.NFO,2024-12-16,13:14:00,2025-01-29,3153.0,3153.0,3153.0,3153.0,0,3885,0
BANKNIFTY29JAN2557000PE.NFO,2024-12-16,13:15:00,2025-01-29,3153.0,3153.0,3153.0,3153.0,0,3885,0
BANKNIFTY29JAN2557000PE.NFO,2024-12-16,13:16:00,2025-01-29,3153.0,3153.0,3153.0,3153.0,0,3885,0
BANKNIFTY29JAN2557000PE.NFO,2024-12-16,13:17:00,2025-01-29,3153.0,3153.0,3153.0,3153.0,0,3885,0
BANKNIFTY29JAN2557000PE.NFO,2024-12-16,13:18:00,2025-01-29,3153.0,3153.0,3153.0,3153.0,0,3885,0
BANKNIFTY29JAN2557000PE.NFO,2024-12-16,13:19:00,2025-01-29,3153.0,3153.0,3153.0,3153.0,0,3885,0
BANKNIFTY29JAN2557000PE.NFO,2024-12-16,13:20:00,2025-01-29,3153.0,3153.0,3153.0,3153.0,0,3885,0
BANKNIFTY29JAN2557000PE.NFO,2024-12-16,13:21:00,2025-01-29,3153.0,3153.0,3153.0,3153.0,0,3885,0
BANKNIFTY29JAN2557000PE.NFO,2024-12-16,13:22:00,2025-01-29,3153.0,3153.0,3153.0,3153.0,0,3885,0
BANKNIFTY29JAN2557000PE.NFO,2024-12-16,13:23:00,2025-01-29,3153.0,3153.0,3153.0,3153.0,0,3885,0
BANKNIFTY29JAN2557000PE.NFO,2024-12-16,13:24:00,2025-01-29,3153.0,3153.0,3153.0,3153.0,0,3885,0
BANKNIFTY29JAN2557000PE.NFO,2024-12-16,13:25:00,2025-01-29,3153.0,3153.0,3153.0,3153.0,0,3885,0
BANKNIFTY29JAN2557000PE.NFO,2024-12-16,13:26:00,2025-01-29,3153.0,3153.0,3153.0,3153.0,0,3885,0
BANKNIFTY29JAN2557000PE.NFO,2024-12-16,13:27:00,2025-01-29,3153.0,3153.0,3153.0,3153.0,0,3885,0
BANKNIFTY29JAN2557000PE.NFO,2024-12-16,13:28:00,2025-01-29,3153.0,3153.0,3153.0,3153.0,0,3885,0
BANKNIFTY29JAN2557000PE.NFO,2024-12-16,13:29:00,2025-01-29,3153.0,3153.0,3042.15,3042.15,15,3870,0
BANKNIFTY29JAN2557000PE.NFO,2024-12-16,13:30:00,2025-01-29,3042.15,3042.15,3042.15,3042.15,0,3870,0
BANKNIFTY29JAN2557000PE.NFO,2024-12-16,13:31:00,2025-01-29,3042.15,3042.15,3028.05,3028.05,15,3870,0
BANKNIFTY29JAN2557000PE.NFO,2024-12-16,13:32:00,2025-01-29,3028.05,3028.05,3013.6,3013.6,15,3885,0
BANKNIFTY29JAN2557000PE.NFO,2024-12-16,13:33:00,2025-01-29,3013.6,3013.6,3013.6,3013.6,0,3885,0
BANKNIFTY29JAN2557000PE.NFO,2024-12-16,13:34:00,2025-01-29,3013.6,3013.6,3013.6,3013.6,0,3885,0
BANKNIFTY29JAN2557000PE.NFO,2024-12-16,13:35:00,2025-01-29,3013.6,3013.6,3013.6,3013.6,0,3885,0
BANKNIFTY29JAN2557000PE.NFO,2024-12-16,13:36:00,2025-01-29,3013.6,3013.6,3013.6,3013.6,0,3885,0
BANKNIFTY29JAN2557000PE.NFO,2024-12-16,13:37:00,2025-01-29,3013.6,3013.6,3013.6,3013.6,0,3885,0
BANKNIFTY29JAN2557000PE.NFO,2024-12-16,13:38:00,2025-01-29,3013.6,3013.6,3013.6,3013.6,0,3885,0
BANKNIFTY29JAN2557000PE.NFO,2024-12-16,13:39:00,2025-01-29,3013.6,3013.6,3013.6,3013.6,0,3885,0
BANKNIFTY29JAN2557000PE.NFO,2024-12-16,13:40:00,2025-01-29,3013.6,3013.6,3013.6,3013.6,0,3885,0
BANKNIFTY29JAN2557000PE.NFO,2024-12-16,13:41:00,2025-01-29,3013.6,3013.6,3013.6,3013.6,0,3885,0
BANKNIFTY29JAN2557000PE.NFO,2024-12-16,13:42:00,2025-01-29,3013.6,3013.6,3013.6,3013.6,0,3885,0
BANKNIFTY29JAN2557000PE.NFO,2024-12-16,13:43:00,2025-01-29,3013.6,3013.6,3013.6,3013.6,0,3885,0
BANKNIFTY29JAN2557000PE.NFO,2024-12-16,13:44:00,2025-01-29,3013.6,3013.6,3013.6,3013.6,0,3885,0
BANKNIFTY29JAN2557000PE.NFO,2024-12-16,13:45:00,2025-01-29,3013.6,3013.6,3013.6,3013.6,0,3885,0
BANKNIFTY29JAN2557000PE.NFO,2024-12-16,13:46:00,2025-01-29,3013.6,3013.6,3013.6,3013.6,0,3885,0
BANKNIFTY29JAN2557000PE.NFO,2024-12-16,13:47:00,2025-01-29,3013.6,3013.6,3013.6,3013.6,0,3885,0
BANKNIFTY29JAN2557000PE.NFO,2024-12-16,13:48:00,2025-01-29,3013.6,3013.6,3013.6,3013.6,0,3885,0
BANKNIFTY29JAN2557000PE.NFO,2024-12-16,13:49:00,2025-01-29,3013.6,3013.6,3013.6,3013.6,0,3885,0
BANKNIFTY29JAN2557000PE.NFO,2024-12-16,13:50:00,2025-01-29,3013.6,3013.6,3013.6,3013.6,0,3885,0
BANKNIFTY29JAN2557000PE.NFO,2024-12-16,13:51:00,2025-01-29,3013.6,3013.6,3013.6,3013.6,0,3885,0
BANKNIFTY29JAN2557000PE.NFO,2024-12-16,13:52:00,2025-01-29,3013.6,3013.6,3013.6,3013.6,0,3885,0
BANKNIFTY29JAN2557000PE.NFO,2024-12-16,13:53:00,2025-01-29,3013.6,3013.6,3013.6,3013.6,0,3885,0
BANKNIFTY29JAN2557000PE.NFO,2024-12-16,13:54:00,2025-01-29,3013.6,3013.6,3013.6,3013.6,0,3885,0
BANKNIFTY29JAN2557000PE.NFO,2024-12-16,13:55:00,2025-01-29,3013.6,3013.6,3013.6,3013.6,0,3885,0
BANKNIFTY29JAN2557000PE.NFO,2024-12-16,13:56:00,2025-01-29,3013.6,3013.6,3013.6,3013.6,0,3885,0
BANKNIFTY29JAN2557000PE.NFO,2024-12-16,13:57:00,2025-01-29,3013.6,3013.6,3013.6,3013.6,0,3885,0
BANKNIFTY29JAN2557000PE.NFO,2024-12-16,13:58:00,2025-01-29,3013.6,3013.6,3013.6,3013.6,0,3885,0
BANKNIFTY29JAN2557000PE.NFO,2024-12-16,13:59:00,2025-01-29,3013.6,3013.6,3013.6,3013.6,0,3885,0
BANKNIFTY29JAN2557000PE.NFO,2024-12-16,14:00:00,2025-01-29,3013.6,3013.6,3013.6,3013.6,0,3885,0
BANKNIFTY29JAN2557000PE.NFO,2024-12-16,14:01:00,2025-01-29,3013.6,3013.6,3013.6,3013.6,0,3885,0
BANKNIFTY29JAN2557000PE.NFO,2024-12-16,14:02:00,2025-01-29,3013.6,3013.6,3013.6,3013.6,0,3885,0
BANKNIFTY29JAN2557000PE.NFO,2024-12-16,14:03:00,2025-01-29,3013.6,3013.6,3013.6,3013.6,0,3885,0
BANKNIFTY29JAN2557000PE.NFO,2024-12-16,14:04:00,2025-01-29,3013.6,3013.6,3013.6,3013.6,0,3885,0
BANKNIFTY29JAN2557000PE.NFO,2024-12-16,14:05:00,2025-01-29,3013.6,3013.6,3013.6,3013.6,0,3885,0
BANKNIFTY29JAN2557000PE.NFO,2024-12-16,14:06:00,2025-01-29,3013.6,3013.6,3013.6,3013.6,0,3885,0
BANKNIFTY29JAN2557000PE.NFO,2024-12-16,14:07:00,2025-01-29,3013.6,3013.6,3013.6,3013.6,0,3885,0
BANKNIFTY29JAN2557000PE.NFO,2024-12-16,14:08:00,2025-01-29,3013.6,3013.6,3013.6,3013.6,0,3885,0
BANKNIFTY29JAN2557000PE.NFO,2024-12-16,14:09:00,2025-01-29,3013.6,3013.6,3013.6,3013.6,0,3885,0
BANKNIFTY29JAN2557000PE.NFO,2024-12-16,14:10:00,2025-01-29,3013.6,3013.6,2980.15,2980.15,15,3885,0
BANKNIFTY29JAN2557000PE.NFO,2024-12-16,14:11:00,2025-01-29,2980.15,2980.15,2980.15,2980.15,0,3885,0
BANKNIFTY29JAN2557000PE.NFO,2024-12-16,14:12:00,2025-01-29,2980.15,2980.15,2980.15,2980.15,0,3885,0
BANKNIFTY29JAN2557000PE.NFO,2024-12-16,14:13:00,2025-01-29,2980.15,2980.15,2980.15,2980.15,0,3885,0
BANKNIFTY29JAN2557000PE.NFO,2024-12-16,14:14:00,2025-01-29,2980.15,2980.15,2980.15,2980.15,0,3885,0
BANKNIFTY29JAN2557000PE.NFO,2024-12-16,14:15:00,2025-01-29,2980.15,2980.15,2980.15,2980.15,0,3885,0
BANKNIFTY29JAN2557000PE.NFO,2024-12-16,14:16:00,2025-01-29,2980.15,2980.15,2980.15,2980.15,0,3885,0
BANKNIFTY29JAN2557000PE.NFO,2024-12-16,14:17:00,2025-01-29,2980.15,2980.15,2980.15,2980.15,0,3885,0
BANKNIFTY29JAN2557000PE.NFO,2024-12-16,14:18:00,2025-01-29,2980.15,2980.15,2980.15,2980.15,0,3885,0
BANKNIFTY29JAN2557000PE.NFO,2024-12-16,14:19:00,2025-01-29,2980.15,2980.15,2980.15,2980.15,0,3885,0
BANKNIFTY29JAN2557000PE.NFO,2024-12-16,14:20:00,2025-01-29,2980.15,2980.15,2980.15,2980.15,0,3885,0
BANKNIFTY29JAN2557000PE.NFO,2024-12-16,14:21:00,2025-01-29,2980.15,2980.15,2980.15,2980.15,0,3885,0
BANKNIFTY29JAN2557000PE.NFO,2024-12-16,14:22:00,2025-01-29,2980.15,2980.15,2980.15,2980.15,0,3885,0
BANKNIFTY29JAN2557000PE.NFO,2024-12-16,14:23:00,2025-01-29,2980.15,2980.15,2980.15,2980.15,0,3885,0
BANKNIFTY29JAN2557000PE.NFO,2024-12-16,14:24:00,2025-01-29,2980.15,2980.15,2980.15,2980.15,0,3885,0
BANKNIFTY29JAN2557000PE.NFO,2024-12-16,14:25:00,2025-01-29,2980.15,2980.15,2980.15,2980.15,0,3885,0
BANKNIFTY29JAN2557000PE.NFO,2024-12-16,14:26:00,2025-01-29,2980.15,2980.15,2980.15,2980.15,0,3885,0
BANKNIFTY29JAN2557000PE.NFO,2024-12-16,14:27:00,2025-01-29,2980.15,2980.15,2980.15,2980.15,0,3885,0
BANKNIFTY29JAN2557000PE.NFO,2024-12-16,14:28:00,2025-01-29,2980.15,2980.15,2980.15,2980.15,0,3885,0
BANKNIFTY29JAN2557000PE.NFO,2024-12-16,14:29:00,2025-01-29,2980.15,2980.15,2980.15,2980.15,0,3885,0
BANKNIFTY29JAN2557000PE.NFO,2024-12-16,14:30:00,2025-01-29,2980.15,2980.15,2980.15,2980.15,0,3885,0
BANKNIFTY29JAN2557000PE.NFO,2024-12-16,14:31:00,2025-01-29,2980.15,2980.15,2980.15,2980.15,0,3885,0
BANKNIFTY29JAN2557000PE.NFO,2024-12-16,14:32:00,2025-01-29,2980.15,2980.15,2980.15,2980.15,0,3885,0
BANKNIFTY29JAN2557000PE.NFO,2024-12-16,14:33:00,2025-01-29,2980.15,2980.15,2980.15,2980.15,0,3885,0
BANKNIFTY29JAN2557000PE.NFO,2024-12-16,14:34:00,2025-01-29,2980.15,2980.15,2980.15,2980.15,0,3885,0
BANKNIFTY29JAN2557000PE.NFO,2024-12-16,14:35:00,2025-01-29,2980.15,2980.15,2980.15,2980.15,0,3885,0
BANKNIFTY29JAN2557000PE.NFO,2024-12-16,14:36:00,2025-01-29,2980.15,2980.15,2980.15,2980.15,0,3885,0
BANKNIFTY29JAN2557000PE.NFO,2024-12-16,14:37:00,2025-01-29,2980.15,2980.15,2980.15,2980.15,0,3885,0
BANKNIFTY29JAN2557000PE.NFO,2024-12-16,14:38:00,2025-01-29,2980.15,2980.15,2980.15,2980.15,0,3885,0
BANKNIFTY29JAN2557000PE.NFO,2024-12-16,14:39:00,2025-01-29,2980.15,2980.15,2980.15,2980.15,0,3885,0
BANKNIFTY29JAN2557000PE.NFO,2024-12-16,14:40:00,2025-01-29,2980.15,2980.15,2980.15,2980.15,0,3885,0
BANKNIFTY29JAN2557000PE.NFO,2024-12-16,14:41:00,2025-01-29,2980.15,2980.15,2980.15,2980.15,0,3885,0
BANKNIFTY29JAN2557000PE.NFO,2024-12-16,14:42:00,2025-01-29,2980.15,2980.15,2980.15,2980.15,0,3885,0
BANKNIFTY29JAN2557000PE.NFO,2024-12-16,14:43:00,2025-01-29,2980.15,2980.15,2980.15,2980.15,0,3885,0
BANKNIFTY29JAN2557000PE.NFO,2024-12-16,14:44:00,2025-01-29,2980.15,2980.15,2980.15,2980.15,0,3885,0
BANKNIFTY29JAN2557000PE.NFO,2024-12-16,14:45:00,2025-01-29,2980.15,2980.15,2980.15,2980.15,0,3885,0
BANKNIFTY29JAN2557000PE.NFO,2024-12-16,14:46:00,2025-01-29,2980.15,2980.15,2980.15,2980.15,0,3885,0
BANKNIFTY29JAN2557000PE.NFO,2024-12-16,14:47:00,2025-01-29,2980.15,2980.15,2980.15,2980.15,0,3885,0
BANKNIFTY29JAN2557000PE.NFO,2024-12-16,14:48:00,2025-01-29,2980.15,2980.15,2962.65,2962.65,30,3885,0
BANKNIFTY29JAN2557000PE.NFO,2024-12-16,14:49:00,2025-01-29,2962.65,2962.65,2962.65,2962.65,0,3885,0
BANKNIFTY29JAN2557000PE.NFO,2024-12-16,14:50:00,2025-01-29,2962.65,2962.65,2962.65,2962.65,0,3885,0
BANKNIFTY29JAN2557000PE.NFO,2024-12-16,14:51:00,2025-01-29,2962.65,2962.65,2962.65,2962.65,0,3885,0
BANKNIFTY29JAN2557000PE.NFO,2024-12-16,14:52:00,2025-01-29,2962.65,2962.65,2962.65,2962.65,0,3885,0
BANKNIFTY29JAN2557000PE.NFO,2024-12-16,14:53:00,2025-01-29,2962.65,2962.65,2962.65,2962.65,0,3885,0
BANKNIFTY29JAN2557000PE.NFO,2024-12-16,14:54:00,2025-01-29,2962.65,2962.65,2962.65,2962.65,0,3885,0
BANKNIFTY29JAN2557000PE.NFO,2024-12-16,14:55:00,2025-01-29,2962.65,2962.65,2962.65,2962.65,0,3885,0
BANKNIFTY29JAN2557000PE.NFO,2024-12-16,14:56:00,2025-01-29,2962.65,2962.65,2962.65,2962.65,0,3885,0
BANKNIFTY29JAN2557000PE.NFO,2024-12-16,14:57:00,2025-01-29,2962.65,2962.65,2962.65,2962.65,0,3885,0
BANKNIFTY29JAN2557000PE.NFO,2024-12-16,14:58:00,2025-01-29,2962.65,2962.65,2962.65,2962.65,0,3885,0
BANKNIFTY29JAN2557000PE.NFO,2024-12-16,14:59:00,2025-01-29,2962.65,2962.65,2962.65,2962.65,0,3885,0
BANKNIFTY29JAN2557000PE.NFO,2024-12-16,15:00:00,2025-01-29,2962.65,2962.65,2962.65,2962.65,0,3885,0
BANKNIFTY29JAN2557000PE.NFO,2024-12-16,15:01:00,2025-01-29,2962.65,2962.65,2962.65,2962.65,0,3885,0
BANKNIFTY29JAN2557000PE.NFO,2024-12-16,15:02:00,2025-01-29,2962.65,2962.65,2962.65,2962.65,0,3885,0
BANKNIFTY29JAN2557000PE.NFO,2024-12-16,15:03:00,2025-01-29,2962.65,2962.65,2962.65,2962.65,0,3885,0
BANKNIFTY29JAN2557000PE.NFO,2024-12-16,15:04:00,2025-01-29,2962.65,2962.65,2962.65,2962.65,0,3885,0
BANKNIFTY29JAN2557000PE.NFO,2024-12-16,15:05:00,2025-01-29,2962.65,2962.65,2962.65,2962.65,0,3885,0
BANKNIFTY29JAN2557000PE.NFO,2024-12-16,15:06:00,2025-01-29,2962.65,2962.65,2962.65,2962.65,0,3885,0
BANKNIFTY29JAN2557000PE.NFO,2024-12-16,15:07:00,2025-01-29,2962.65,3045.2,2962.65,3045.2,15,3885,0
BANKNIFTY29JAN2557000PE.NFO,2024-12-16,15:08:00,2025-01-29,3045.2,3045.2,3045.2,3045.2,0,3885,0
BANKNIFTY29JAN2557000PE.NFO,2024-12-16,15:09:00,2025-01-29,3045.2,3045.2,3045.2,3045.2,0,3885,0
BANKNIFTY29JAN2557000PE.NFO,2024-12-16,15:10:00,2025-01-29,3045.2,3045.2,3045.2,3045.2,0,3885,0
BANKNIFTY29JAN2557000PE.NFO,2024-12-16,15:11:00,2025-01-29,3045.2,3045.2,3045.2,3045.2,0,3885,0
BANKNIFTY29JAN2557000PE.NFO,2024-12-16,15:12:00,2025-01-29,3045.2,3045.2,3045.2,3045.2,0,3885,0
BANKNIFTY29JAN2557000PE.NFO,2024-12-16,15:13:00,2025-01-29,3045.2,3045.2,3045.2,3045.2,0,3885,0
BANKNIFTY29JAN2557000PE.NFO,2024-12-16,15:14:00,2025-01-29,3045.2,3045.2,3045.2,3045.2,0,3885,0
BANKNIFTY29JAN2557000PE.NFO,2024-12-16,15:15:00,2025-01-29,3045.2,3045.2,3045.2,3045.2,0,3885,0
BANKNIFTY29JAN2557000PE.NFO,2024-12-16,15:16:00,2025-01-29,3045.2,3045.2,3045.2,3045.2,0,3885,0
BANKNIFTY29JAN2557000PE.NFO,2024-12-16,15:17:00,2025-01-29,3045.2,3045.2,3045.2,3045.2,0,3885,0
BANKNIFTY29JAN2557000PE.NFO,2024-12-16,15:18:00,2025-01-29,3045.2,3045.2,3045.2,3045.2,0,3885,0
BANKNIFTY29JAN2557000PE.NFO,2024-12-16,15:19:00,2025-01-29,3045.2,3045.2,3045.2,3045.2,0,3885,0
BANKNIFTY29JAN2557000PE.NFO,2024-12-16,15:20:00,2025-01-29,3045.2,3045.2,3045.2,3045.2,0,3885,0
BANKNIFTY29JAN2557000PE.NFO,2024-12-16,15:21:00,2025-01-29,3045.2,3045.2,3045.2,3045.2,0,3885,0
BANKNIFTY29JAN2557000PE.NFO,2024-12-16,15:22:00,2025-01-29,3045.2,3045.2,3045.2,3045.2,0,3885,0
BANKNIFTY29JAN2557000PE.NFO,2024-12-16,15:23:00,2025-01-29,3045.2,3045.2,3045.2,3045.2,0,3885,0
BANKNIFTY29JAN2557000PE.NFO,2024-12-16,15:24:00,2025-01-29,3045.2,3045.2,3045.2,3045.2,0,3885,0
BANKNIFTY29JAN2557000PE.NFO,2024-12-16,15:25:00,2025-01-29,3045.2,3045.2,3045.2,3045.2,0,3885,0
BANKNIFTY29JAN2557000PE.NFO,2024-12-16,15:26:00,2025-01-29,3045.2,3045.2,3045.2,3045.2,0,3885,0
BANKNIFTY29JAN2557000PE.NFO,2024-12-16,15:27:00,2025-01-29,3045.2,3045.2,3045.2,3045.2,0,3885,0
BANKNIFTY29JAN2557000PE.NFO,2024-12-16,15:28:00,2025-01-29,3045.2,3045.2,3045.2,3045.2,0,3885,0
BANKNIFTY29JAN2557000PE.NFO,2024-12-16,15:29:00,2025-01-29,3045.2,3045.2,3045.2,3045.2,0,3885,0
BANKNIFTY29JAN2557000PE.NFO,2024-12-16,15:30:00,2025-01-29,3045.2,3045.2,3045.2,3045.2,0,3885,1
BANKNIFTY29JAN2557000PE.NFO,2024-12-17,09:15:00,2025-01-29,3094.0,3094.0,3094.0,3094.0,0,0,0
BANKNIFTY29JAN2557000PE.NFO,2024-12-17,09:16:00,2025-01-29,3094.0,3094.0,3094.0,3094.0,0,0,1
BANKNIFTY29JAN2557000PE.NFO,2024-12-17,09:17:00,2025-01-29,3094.0,3094.0,3094.0,3094.0,0,0,1
BANKNIFTY29JAN2557000PE.NFO,2024-12-17,09:18:00,2025-01-29,3094.0,3094.0,3094.0,3094.0,0,0,1
BANKNIFTY29JAN2557000PE.NFO,2024-12-17,09:19:00,2025-01-29,3094.0,3094.0,3094.0,3094.0,0,3885,0
BANKNIFTY29JAN2557000PE.NFO,2024-12-17,09:20:00,2025-01-29,3094.0,3094.0,3094.0,3094.0,0,3885,0
BANKNIFTY29JAN2557000PE.NFO,2024-12-17,09:21:00,2025-01-29,3094.0,3094.0,3094.0,3094.0,0,3885,0
BANKNIFTY29JAN2557000PE.NFO,2024-12-17,09:22:00,2025-01-29,3094.0,3154.0,3094.0,3154.0,15,3885,0
BANKNIFTY29JAN2557000PE.NFO,2024-12-17,09:23:00,2025-01-29,3154.0,3154.0,3154.0,3154.0,0,3885,0
BANKNIFTY29JAN2557000PE.NFO,2024-12-17,09:24:00,2025-01-29,3154.0,3154.0,3154.0,3154.0,0,3885,0
BANKNIFTY29JAN2557000PE.NFO,2024-12-17,09:25:00,2025-01-29,3154.0,3154.0,3154.0,3154.0,0,3885,0
BANKNIFTY29JAN2557000PE.NFO,2024-12-17,09:26:00,2025-01-29,3154.0,3154.0,3110.0,3110.0,15,3885,0
BANKNIFTY29JAN2557000PE.NFO,2024-12-17,09:27:00,2025-01-29,3110.0,3150.0,3110.0,3150.0,15,3885,0
BANKNIFTY29JAN2557000PE.NFO,2024-12-17,09:28:00,2025-01-29,3150.0,3150.0,3125.95,3125.95,30,3885,0
BANKNIFTY29JAN2557000PE.NFO,2024-12-17,09:29:00,2025-01-29,3125.95,3125.95,3125.95,3125.95,0,3885,0
BANKNIFTY29JAN2557000PE.NFO,2024-12-17,09:30:00,2025-01-29,3125.95,3125.95,3125.95,3125.95,0,3885,0
BANKNIFTY29JAN2557000PE.NFO,2024-12-17,09:31:00,2025-01-29,3125.95,3150.0,3125.95,3150.0,30,3915,0
BANKNIFTY29JAN2557000PE.NFO,2024-12-17,09:32:00,2025-01-29,3150.0,3150.0,3150.0,3150.0,0,3915,0
BANKNIFTY29JAN2557000PE.NFO,2024-12-17,09:33:00,2025-01-29,3150.0,3150.0,3150.0,3150.0,0,3915,0
BANKNIFTY29JAN2557000PE.NFO,2024-12-17,09:34:00,2025-01-29,3150.0,3150.0,3150.0,3150.0,0,3915,0
BANKNIFTY29JAN2557000PE.NFO,2024-12-17,09:35:00,2025-01-29,3150.0,3150.0,3150.0,3150.0,0,3915,0
BANKNIFTY29JAN2557000PE.NFO,2024-12-17,09:36:00,2025-01-29,3150.0,3150.0,3150.0,3150.0,0,3915,0
BANKNIFTY29JAN2557000PE.NFO,2024-12-17,09:37:00,2025-01-29,3150.0,3150.0,3150.0,3150.0,0,3915,0
BANKNIFTY29JAN2557000PE.NFO,2024-12-17,09:38:00,2025-01-29,3150.0,3210.0,3150.0,3210.0,15,3915,0
BANKNIFTY29JAN2557000PE.NFO,2024-12-17,09:39:00,2025-01-29,3210.0,3210.0,3210.0,3210.0,0,3915,0
BANKNIFTY29JAN2557000PE.NFO,2024-12-17,09:40:00,2025-01-29,3210.0,3210.0,3210.0,3210.0,0,3915,0
BANKNIFTY29JAN2557000PE.NFO,2024-12-17,09:41:00,2025-01-29,3210.0,3210.0,3210.0,3210.0,0,3915,0
BANKNIFTY29JAN2557000PE.NFO,2024-12-17,09:42:00,2025-01-29,3210.0,3210.0,3210.0,3210.0,0,3915,0
BANKNIFTY29JAN2557000PE.NFO,2024-12-17,09:43:00,2025-01-29,3210.0,3210.0,3210.0,3210.0,0,3915,0
BANKNIFTY29JAN2557000PE.NFO,2024-12-17,09:44:00,2025-01-29,3210.0,3210.0,3210.0,3210.0,0,3915,0
BANKNIFTY29JAN2557000PE.NFO,2024-12-17,09:45:00,2025-01-29,3210.0,3233.3,3210.0,3233.3,15,3915,0
BANKNIFTY29JAN2557000PE.NFO,2024-12-17,09:46:00,2025-01-29,3233.3,3258.0,3233.3,3258.0,15,3915,0
BANKNIFTY29JAN2557000PE.NFO,2024-12-17,09:47:00,2025-01-29,3258.0,3258.0,3258.0,3258.0,0,3915,0
BANKNIFTY29JAN2557000PE.NFO,2024-12-17,09:48:00,2025-01-29,3258.0,3299.95,3258.0,3277.0,15,3915,0
BANKNIFTY29JAN2557000PE.NFO,2024-12-17,09:49:00,2025-01-29,3277.0,3350.0,3277.0,3350.0,15,3900,0
BANKNIFTY29JAN2557000PE.NFO,2024-12-17,09:50:00,2025-01-29,3350.0,3350.0,3350.0,3350.0,0,3900,0
BANKNIFTY29JAN2557000PE.NFO,2024-12-17,09:51:00,2025-01-29,3350.0,3350.0,3350.0,3350.0,15,3885,0
BANKNIFTY29JAN2557000PE.NFO,2024-12-17,09:52:00,2025-01-29,3350.0,3350.0,3350.0,3350.0,15,3885,0
BANKNIFTY29JAN2557000PE.NFO,2024-12-17,09:53:00,2025-01-29,3350.0,3350.0,3350.0,3350.0,0,3885,0
BANKNIFTY29JAN2557000PE.NFO,2024-12-17,09:54:00,2025-01-29,3350.0,3350.0,3350.0,3350.0,0,3885,0
BANKNIFTY29JAN2557000PE.NFO,2024-12-17,09:55:00,2025-01-29,3350.0,3350.0,3350.0,3350.0,0,3885,0
BANKNIFTY29JAN2557000PE.NFO,2024-12-17,09:56:00,2025-01-29,3350.0,3350.0,3350.0,3350.0,0,3885,0
BANKNIFTY29JAN2557000PE.NFO,2024-12-17,09:57:00,2025-01-29,3350.0,3350.0,3350.0,3350.0,0,3885,0
BANKNIFTY29JAN2557000PE.NFO,2024-12-17,09:58:00,2025-01-29,3350.0,3350.0,3350.0,3350.0,0,3885,0
BANKNIFTY29JAN2557000PE.NFO,2024-12-17,09:59:00,2025-01-29,3350.0,3350.0,3350.0,3350.0,0,3885,0
BANKNIFTY29JAN2557000PE.NFO,2024-12-17,10:00:00,2025-01-29,3350.0,3350.0,3350.0,3350.0,0,3885,0
BANKNIFTY29JAN2557000PE.NFO,2024-12-17,10:01:00,2025-01-29,3350.0,3350.0,3350.0,3350.0,0,3885,0
BANKNIFTY29JAN2557000PE.NFO,2024-12-17,10:02:00,2025-01-29,3350.0,3350.0,3350.0,3350.0,0,3885,0
BANKNIFTY29JAN2557000PE.NFO,2024-12-17,10:03:00,2025-01-29,3350.0,3350.0,3350.0,3350.0,0,3885,0
BANKNIFTY29JAN2557000PE.NFO,2024-12-17,10:04:00,2025-01-29,3350.0,3350.0,3350.0,3350.0,0,3885,0
BANKNIFTY29JAN2557000PE.NFO,2024-12-17,10:05:00,2025-01-29,3350.0,3350.0,3350.0,3350.0,0,3885,0
BANKNIFTY29JAN2557000PE.NFO,2024-12-17,10:06:00,2025-01-29,3350.0,3350.0,3350.0,3350.0,0,3885,0
BANKNIFTY29JAN2557000PE.NFO,2024-12-17,10:07:00,2025-01-29,3350.0,3350.0,3350.0,3350.0,0,3885,0
BANKNIFTY29JAN2557000PE.NFO,2024-12-17,10:08:00,2025-01-29,3350.0,3350.0,3350.0,3350.0,0,3885,0
BANKNIFTY29JAN2557000PE.NFO,2024-12-17,10:09:00,2025-01-29,3350.0,3350.0,3350.0,3350.0,0,3885,0
BANKNIFTY29JAN2557000PE.NFO,2024-12-17,10:10:00,2025-01-29,3350.0,3350.0,3350.0,3350.0,0,3885,0
BANKNIFTY29JAN2557000PE.NFO,2024-12-17,10:11:00,2025-01-29,3350.0,3350.0,3350.0,3350.0,0,3885,0
BANKNIFTY29JAN2557000PE.NFO,2024-12-17,10:12:00,2025-01-29,3350.0,3350.0,3350.0,3350.0,0,3885,0
BANKNIFTY29JAN2557000PE.NFO,2024-12-17,10:13:00,2025-01-29,3350.0,3350.0,3350.0,3350.0,0,3885,0
BANKNIFTY29JAN2557000PE.NFO,2024-12-17,10:14:00,2025-01-29,3350.0,3350.0,3350.0,3350.0,0,3885,0
BANKNIFTY29JAN2557000PE.NFO,2024-12-17,10:15:00,2025-01-29,3350.0,3350.0,3350.0,3350.0,0,3885,0
BANKNIFTY29JAN2557000PE.NFO,2024-12-17,10:16:00,2025-01-29,3350.0,3350.0,3350.0,3350.0,0,3885,0
BANKNIFTY29JAN2557000PE.NFO,2024-12-17,10:17:00,2025-01-29,3350.0,3350.0,3350.0,3350.0,0,3885,0
BANKNIFTY29JAN2557000PE.NFO,2024-12-17,10:18:00,2025-01-29,3350.0,3350.0,3350.0,3350.0,0,3885,0
BANKNIFTY29JAN2557000PE.NFO,2024-12-17,10:19:00,2025-01-29,3350.0,3350.0,3350.0,3350.0,0,3885,0
BANKNIFTY29JAN2557000PE.NFO,2024-12-17,10:20:00,2025-01-29,3350.0,3350.0,3350.0,3350.0,0,3885,0
BANKNIFTY29JAN2557000PE.NFO,2024-12-17,10:21:00,2025-01-29,3350.0,3350.0,3350.0,3350.0,0,3885,0
BANKNIFTY29JAN2557000PE.NFO,2024-12-17,10:22:00,2025-01-29,3350.0,3350.0,3350.0,3350.0,0,3885,0
BANKNIFTY29JAN2557000PE.NFO,2024-12-17,10:23:00,2025-01-29,3350.0,3350.0,3350.0,3350.0,0,3885,0
BANKNIFTY29JAN2557000PE.NFO,2024-12-17,10:24:00,2025-01-29,3350.0,3500.0,3350.0,3500.0,45,3870,0
BANKNIFTY29JAN2557000PE.NFO,2024-12-17,10:25:00,2025-01-29,3500.0,3500.0,3500.0,3500.0,0,3870,0
BANKNIFTY29JAN2557000PE.NFO,2024-12-17,10:26:00,2025-01-29,3500.0,3500.0,3500.0,3500.0,0,3870,0
BANKNIFTY29JAN2557000PE.NFO,2024-12-17,10:27:00,2025-01-29,3500.0,3500.0,3500.0,3500.0,0,3870,0
BANKNIFTY29JAN2557000PE.NFO,2024-12-17,10:28:00,2025-01-29,3500.0,3500.0,3500.0,3500.0,0,3870,0
BANKNIFTY29JAN2557000PE.NFO,2024-12-17,10:29:00,2025-01-29,3500.0,3500.0,3500.0,3500.0,0,3870,0
BANKNIFTY29JAN2557000PE.NFO,2024-12-17,10:30:00,2025-01-29,3500.0,3500.0,3500.0,3500.0,0,3870,0
BANKNIFTY29JAN2557000PE.NFO,2024-12-17,10:31:00,2025-01-29,3500.0,3500.0,3500.0,3500.0,0,3870,0
BANKNIFTY29JAN2557000PE.NFO,2024-12-17,10:32:00,2025-01-29,3500.0,3500.0,3500.0,3500.0,0,3870,0
BANKNIFTY29JAN2557000PE.NFO,2024-12-17,10:33:00,2025-01-29,3500.0,3500.0,3500.0,3500.0,0,3870,0
BANKNIFTY29JAN2557000PE.NFO,2024-12-17,10:34:00,2025-01-29,3500.0,3500.0,3500.0,3500.0,0,3870,0
BANKNIFTY29JAN2557000PE.NFO,2024-12-17,10:35:00,2025-01-29,3500.0,3500.0,3500.0,3500.0,0,3870,0
BANKNIFTY29JAN2557000PE.NFO,2024-12-17,10:36:00,2025-01-29,3500.0,3500.0,3500.0,3500.0,0,3870,0
BANKNIFTY29JAN2557000PE.NFO,2024-12-17,10:37:00,2025-01-29,3500.0,3500.0,3500.0,3500.0,0,3870,0
BANKNIFTY29JAN2557000PE.NFO,2024-12-17,10:38:00,2025-01-29,3500.0,3500.0,3500.0,3500.0,0,3870,0
BANKNIFTY29JAN2557000PE.NFO,2024-12-17,10:39:00,2025-01-29,3500.0,3500.0,3500.0,3500.0,0,3870,0
BANKNIFTY29JAN2557000PE.NFO,2024-12-17,10:40:00,2025-01-29,3500.0,3530.95,3500.0,3530.95,15,3855,0
BANKNIFTY29JAN2557000PE.NFO,2024-12-17,10:41:00,2025-01-29,3530.95,3530.95,3530.95,3530.95,0,3855,0
BANKNIFTY29JAN2557000PE.NFO,2024-12-17,10:42:00,2025-01-29,3530.95,3530.95,3530.95,3530.95,0,3855,0
BANKNIFTY29JAN2557000PE.NFO,2024-12-17,10:43:00,2025-01-29,3530.95,3530.95,3530.95,3530.95,0,3855,0
BANKNIFTY29JAN2557000PE.NFO,2024-12-17,10:44:00,2025-01-29,3530.95,3530.95,3530.95,3530.95,0,3855,0
BANKNIFTY29JAN2557000PE.NFO,2024-12-17,10:45:00,2025-01-29,3530.95,3530.95,3530.95,3530.95,0,3855,0
BANKNIFTY29JAN2557000PE.NFO,2024-12-17,10:46:00,2025-01-29,3530.95,3530.95,3530.95,3530.95,0,3855,0
BANKNIFTY29JAN2557000PE.NFO,2024-12-17,10:47:00,2025-01-29,3530.95,3530.95,3530.95,3530.95,0,3855,0
BANKNIFTY29JAN2557000PE.NFO,2024-12-17,10:48:00,2025-01-29,3530.95,3530.95,3530.95,3530.95,0,3855,0
BANKNIFTY29JAN2557000PE.NFO,2024-12-17,10:49:00,2025-01-29,3530.95,3530.95,3530.95,3530.95,0,3855,0
BANKNIFTY29JAN2557000PE.NFO,2024-12-17,10:50:00,2025-01-29,3530.95,3530.95,3530.95,3530.95,0,3855,0
BANKNIFTY29JAN2557000PE.NFO,2024-12-17,10:51:00,2025-01-29,3530.95,3530.95,3530.95,3530.95,0,3855,0
BANKNIFTY29JAN2557000PE.NFO,2024-12-17,10:52:00,2025-01-29,3530.95,3530.95,3530.95,3530.95,0,3855,0
BANKNIFTY29JAN2557000PE.NFO,2024-12-17,10:53:00,2025-01-29,3530.95,3530.95,3530.95,3530.95,0,3855,0
BANKNIFTY29JAN2557000PE.NFO,2024-12-17,10:54:00,2025-01-29,3530.95,3530.95,3530.95,3530.95,0,3855,0
BANKNIFTY29JAN2557000PE.NFO,2024-12-17,10:55:00,2025-01-29,3530.95,3530.95,3530.95,3530.95,0,3855,0
BANKNIFTY29JAN2557000PE.NFO,2024-12-17,10:56:00,2025-01-29,3530.95,3530.95,3530.95,3530.95,0,3855,0
BANKNIFTY29JAN2557000PE.NFO,2024-12-17,10:57:00,2025-01-29,3530.95,3530.95,3530.95,3530.95,0,3855,0
BANKNIFTY29JAN2557000PE.NFO,2024-12-17,10:58:00,2025-01-29,3530.95,3530.95,3530.95,3530.95,0,3855,0
BANKNIFTY29JAN2557000PE.NFO,2024-12-17,10:59:00,2025-01-29,3530.95,3530.95,3530.95,3530.95,0,3855,0
BANKNIFTY29JAN2557000PE.NFO,2024-12-17,11:00:00,2025-01-29,3530.95,3530.95,3530.95,3530.95,0,3855,0
BANKNIFTY29JAN2557000PE.NFO,2024-12-17,11:01:00,2025-01-29,3530.95,3530.95,3530.95,3530.95,0,3855,0
BANKNIFTY29JAN2557000PE.NFO,2024-12-17,11:02:00,2025-01-29,3530.95,3530.95,3530.95,3530.95,0,3855,0
BANKNIFTY29JAN2557000PE.NFO,2024-12-17,11:03:00,2025-01-29,3530.95,3530.95,3530.95,3530.95,0,3855,0
BANKNIFTY29JAN2557000PE.NFO,2024-12-17,11:04:00,2025-01-29,3530.95,3530.95,3530.95,3530.95,0,3855,0
BANKNIFTY29JAN2557000PE.NFO,2024-12-17,11:05:00,2025-01-29,3530.95,3530.95,3530.95,3530.95,0,3855,0
BANKNIFTY29JAN2557000PE.NFO,2024-12-17,11:06:00,2025-01-29,3530.95,3530.95,3530.95,3530.95,0,3855,0
BANKNIFTY29JAN2557000PE.NFO,2024-12-17,11:07:00,2025-01-29,3530.95,3530.95,3530.95,3530.95,0,3855,0
BANKNIFTY29JAN2557000PE.NFO,2024-12-17,11:08:00,2025-01-29,3530.95,3530.95,3530.95,3530.95,0,3855,0
BANKNIFTY29JAN2557000PE.NFO,2024-12-17,11:09:00,2025-01-29,3530.95,3530.95,3530.95,3530.95,0,3855,0
BANKNIFTY29JAN2557000PE.NFO,2024-12-17,11:10:00,2025-01-29,3530.95,3530.95,3530.95,3530.95,0,3855,0
BANKNIFTY29JAN2557000PE.NFO,2024-12-17,11:11:00,2025-01-29,3530.95,3530.95,3530.95,3530.95,0,3855,0
BANKNIFTY29JAN2557000PE.NFO,2024-12-17,11:12:00,2025-01-29,3530.95,3530.95,3530.95,3530.95,0,3855,0
BANKNIFTY29JAN2557000PE.NFO,2024-12-17,11:13:00,2025-01-29,3530.95,3530.95,3530.95,3530.95,0,3855,0
BANKNIFTY29JAN2557000PE.NFO,2024-12-17,11:14:00,2025-01-29,3530.95,3530.95,3530.95,3530.95,0,3855,0
BANKNIFTY29JAN2557000PE.NFO,2024-12-17,11:15:00,2025-01-29,3530.95,3530.95,3530.95,3530.95,0,3855,0
BANKNIFTY29JAN2557000PE.NFO,2024-12-17,11:16:00,2025-01-29,3530.95,3530.95,3530.95,3530.95,0,3855,0
BANKNIFTY29JAN2557000PE.NFO,2024-12-17,11:17:00,2025-01-29,3530.95,3530.95,3530.95,3530.95,0,3855,0
BANKNIFTY29JAN2557000PE.NFO,2024-12-17,11:18:00,2025-01-29,3530.95,3530.95,3530.95,3530.95,0,3855,0
BANKNIFTY29JAN2557000PE.NFO,2024-12-17,11:19:00,2025-01-29,3530.95,3530.95,3530.95,3530.95,0,3855,0
BANKNIFTY29JAN2557000PE.NFO,2024-12-17,11:20:00,2025-01-29,3530.95,3530.95,3530.95,3530.95,0,3855,0
BANKNIFTY29JAN2557000PE.NFO,2024-12-17,11:21:00,2025-01-29,3530.95,3530.95,3530.95,3530.95,0,3855,0
BANKNIFTY29JAN2557000PE.NFO,2024-12-17,11:22:00,2025-01-29,3530.95,3530.95,3530.95,3530.95,0,3855,0
BANKNIFTY29JAN2557000PE.NFO,2024-12-17,11:23:00,2025-01-29,3530.95,3530.95,3530.95,3530.95,0,3855,0
BANKNIFTY29JAN2557000PE.NFO,2024-12-17,11:24:00,2025-01-29,3530.95,3530.95,3530.95,3530.95,0,3855,0
BANKNIFTY29JAN2557000PE.NFO,2024-12-17,11:25:00,2025-01-29,3530.95,3530.95,3530.95,3530.95,0,3855,0
BANKNIFTY29JAN2557000PE.NFO,2024-12-17,11:26:00,2025-01-29,3530.95,3530.95,3530.95,3530.95,0,3855,0
BANKNIFTY29JAN2557000PE.NFO,2024-12-17,11:27:00,2025-01-29,3530.95,3530.95,3530.95,3530.95,0,3855,0
BANKNIFTY29JAN2557000PE.NFO,2024-12-17,11:28:00,2025-01-29,3530.95,3530.95,3530.95,3530.95,15,3870,0
BANKNIFTY29JAN2557000PE.NFO,2024-12-17,11:29:00,2025-01-29,3530.95,3530.95,3530.95,3530.95,0,3870,0
BANKNIFTY29JAN2557000PE.NFO,2024-12-17,11:30:00,2025-01-29,3530.95,3530.95,3530.95,3530.95,0,3870,0
BANKNIFTY29JAN2557000PE.NFO,2024-12-17,11:31:00,2025-01-29,3530.95,3530.95,3530.95,3530.95,0,3870,0
BANKNIFTY29JAN2557000PE.NFO,2024-12-17,11:32:00,2025-01-29,3530.95,3530.95,3530.95,3530.95,0,3870,0
BANKNIFTY29JAN2557000PE.NFO,2024-12-17,11:33:00,2025-01-29,3530.95,3530.95,3530.95,3530.95,0,3870,0
BANKNIFTY29JAN2557000PE.NFO,2024-12-17,11:34:00,2025-01-29,3530.95,3530.95,3530.95,3530.95,0,3870,0
BANKNIFTY29JAN2557000PE.NFO,2024-12-17,11:35:00,2025-01-29,3530.95,3530.95,3530.95,3530.95,0,3870,0
BANKNIFTY29JAN2557000PE.NFO,2024-12-17,11:36:00,2025-01-29,3530.95,3530.95,3530.95,3530.95,0,3870,0
BANKNIFTY29JAN2557000PE.NFO,2024-12-17,11:37:00,2025-01-29,3530.95,3530.95,3530.95,3530.95,0,3870,0
BANKNIFTY29JAN2557000PE.NFO,2024-12-17,11:38:00,2025-01-29,3530.95,3530.95,3530.95,3530.95,0,3870,0
BANKNIFTY29JAN2557000PE.NFO,2024-12-17,11:39:00,2025-01-29,3530.95,3530.95,3530.95,3530.95,0,3870,0
BANKNIFTY29JAN2557000PE.NFO,2024-12-17,11:40:00,2025-01-29,3530.95,3530.95,3530.95,3530.95,0,3870,0
BANKNIFTY29JAN2557000PE.NFO,2024-12-17,11:41:00,2025-01-29,3530.95,3530.95,3530.95,3530.95,0,3870,0
BANKNIFTY29JAN2557000PE.NFO,2024-12-17,11:42:00,2025-01-29,3530.95,3530.95,3530.95,3530.95,0,3870,0
BANKNIFTY29JAN2557000PE.NFO,2024-12-17,11:43:00,2025-01-29,3530.95,3530.95,3530.95,3530.95,0,3870,0
BANKNIFTY29JAN2557000PE.NFO,2024-12-17,11:44:00,2025-01-29,3530.95,3530.95,3530.95,3530.95,0,3870,0
BANKNIFTY29JAN2557000PE.NFO,2024-12-17,11:45:00,2025-01-29,3530.95,3530.95,3530.95,3530.95,0,3870,0
BANKNIFTY29JAN2557000PE.NFO,2024-12-17,11:46:00,2025-01-29,3530.95,3530.95,3530.95,3530.95,0,3870,0
BANKNIFTY29JAN2557000PE.NFO,2024-12-17,11:47:00,2025-01-29,3530.95,3530.95,3530.95,3530.95,0,3870,0
BANKNIFTY29JAN2557000PE.NFO,2024-12-17,11:48:00,2025-01-29,3530.95,3530.95,3530.95,3530.95,0,3870,0
BANKNIFTY29JAN2557000PE.NFO,2024-12-17,11:49:00,2025-01-29,3530.95,3530.95,3530.95,3530.95,0,3870,0
BANKNIFTY29JAN2557000PE.NFO,2024-12-17,11:50:00,2025-01-29,3530.95,3530.95,3530.95,3530.95,0,3870,0
BANKNIFTY29JAN2557000PE.NFO,2024-12-17,11:51:00,2025-01-29,3530.95,3530.95,3530.95,3530.95,0,3870,0
BANKNIFTY29JAN2557000PE.NFO,2024-12-17,11:52:00,2025-01-29,3530.95,3530.95,3530.95,3530.95,0,3870,0
BANKNIFTY29JAN2557000PE.NFO,2024-12-17,11:53:00,2025-01-29,3530.95,3530.95,3530.95,3530.95,0,3870,0
BANKNIFTY29JAN2557000PE.NFO,2024-12-17,11:54:00,2025-01-29,3530.95,3530.95,3530.95,3530.95,0,3870,0
BANKNIFTY29JAN2557000PE.NFO,2024-12-17,11:55:00,2025-01-29,3530.95,3530.95,3530.95,3530.95,0,3870,0
BANKNIFTY29JAN2557000PE.NFO,2024-12-17,11:56:00,2025-01-29,3530.95,3530.95,3530.95,3530.95,0,3870,0
BANKNIFTY29JAN2557000PE.NFO,2024-12-17,11:57:00,2025-01-29,3530.95,3530.95,3530.95,3530.95,0,3870,0
BANKNIFTY29JAN2557000PE.NFO,2024-12-17,11:58:00,2025-01-29,3530.95,3530.95,3530.95,3530.95,0,3870,0
BANKNIFTY29JAN2557000PE.NFO,2024-12-17,11:59:00,2025-01-29,3530.95,3650.0,3530.95,3650.0,15,3870,0
BANKNIFTY29JAN2557000PE.NFO,2024-12-17,12:00:00,2025-01-29,3650.0,3650.0,3650.0,3650.0,0,3870,0
BANKNIFTY29JAN2557000PE.NFO,2024-12-17,12:01:00,2025-01-29,3650.0,3650.0,3650.0,3650.0,0,3870,0
BANKNIFTY29JAN2557000PE.NFO,2024-12-17,12:02:00,2025-01-29,3650.0,3650.0,3650.0,3650.0,0,3870,0
BANKNIFTY29JAN2557000PE.NFO,2024-12-17,12:03:00,2025-01-29,3650.0,3650.0,3650.0,3650.0,0,3870,0
BANKNIFTY29JAN2557000PE.NFO,2024-12-17,12:04:00,2025-01-29,3650.0,3650.0,3650.0,3650.0,0,3870,0
BANKNIFTY29JAN2557000PE.NFO,2024-12-17,12:05:00,2025-01-29,3650.0,3650.0,3650.0,3650.0,0,3870,0
BANKNIFTY29JAN2557000PE.NFO,2024-12-17,12:06:00,2025-01-29,3650.0,3650.0,3650.0,3650.0,0,3870,0
BANKNIFTY29JAN2557000PE.NFO,2024-12-17,12:07:00,2025-01-29,3650.0,3650.0,3650.0,3650.0,0,3870,0
BANKNIFTY29JAN2557000PE.NFO,2024-12-17,12:08:00,2025-01-29,3650.0,3650.0,3650.0,3650.0,0,3870,0
BANKNIFTY29JAN2557000PE.NFO,2024-12-17,12:09:00,2025-01-29,3650.0,3650.0,3650.0,3650.0,0,3870,0
BANKNIFTY29JAN2557000PE.NFO,2024-12-17,12:10:00,2025-01-29,3650.0,3650.0,3650.0,3650.0,0,3870,0
BANKNIFTY29JAN2557000PE.NFO,2024-12-17,12:11:00,2025-01-29,3650.0,3650.0,3650.0,3650.0,0,3870,0
BANKNIFTY29JAN2557000PE.NFO,2024-12-17,12:12:00,2025-01-29,3650.0,3650.0,3616.9,3616.9,15,3870,0
BANKNIFTY29JAN2557000PE.NFO,2024-12-17,12:13:00,2025-01-29,3616.9,3623.45,3616.9,3623.45,15,3885,0
BANKNIFTY29JAN2557000PE.NFO,2024-12-17,12:14:00,2025-01-29,3623.45,3623.45,3623.45,3623.45,0,3885,0
BANKNIFTY29JAN2557000PE.NFO,2024-12-17,12:15:00,2025-01-29,3623.45,3623.45,3623.45,3623.45,0,3885,0
BANKNIFTY29JAN2557000PE.NFO,2024-12-17,12:16:00,2025-01-29,3623.45,3636.05,3623.45,3636.05,30,3900,0
BANKNIFTY29JAN2557000PE.NFO,2024-12-17,12:17:00,2025-01-29,3636.05,3636.05,3636.05,3636.05,0,3900,0
BANKNIFTY29JAN2557000PE.NFO,2024-12-17,12:18:00,2025-01-29,3636.05,3636.05,3636.05,3636.05,0,3900,0
BANKNIFTY29JAN2557000PE.NFO,2024-12-17,12:19:00,2025-01-29,3636.05,3636.05,3636.05,3636.05,0,3900,0
BANKNIFTY29JAN2557000PE.NFO,2024-12-17,12:20:00,2025-01-29,3636.05,3636.05,3636.05,3636.05,0,3900,0
BANKNIFTY29JAN2557000PE.NFO,2024-12-17,12:21:00,2025-01-29,3636.05,3636.05,3636.05,3636.05,0,3900,0
BANKNIFTY29JAN2557000PE.NFO,2024-12-17,12:22:00,2025-01-29,3636.05,3636.05,3636.05,3636.05,0,3900,0
BANKNIFTY29JAN2557000PE.NFO,2024-12-17,12:23:00,2025-01-29,3636.05,3636.05,3636.05,3636.05,0,3900,0
BANKNIFTY29JAN2557000PE.NFO,2024-12-17,12:24:00,2025-01-29,3636.05,3636.05,3636.05,3636.05,0,3900,0
BANKNIFTY29JAN2557000PE.NFO,2024-12-17,12:25:00,2025-01-29,3636.05,3636.05,3636.05,3636.05,0,3900,0
BANKNIFTY29JAN2557000PE.NFO,2024-12-17,12:26:00,2025-01-29,3636.05,3636.05,3636.05,3636.05,0,3900,0
BANKNIFTY29JAN2557000PE.NFO,2024-12-17,12:27:00,2025-01-29,3636.05,3636.05,3636.05,3636.05,0,3900,0
BANKNIFTY29JAN2557000PE.NFO,2024-12-17,12:28:00,2025-01-29,3636.05,3636.05,3636.05,3636.05,0,3900,0
BANKNIFTY29JAN2557000PE.NFO,2024-12-17,12:29:00,2025-01-29,3636.05,3636.05,3580.0,3580.0,15,3900,0
BANKNIFTY29JAN2557000PE.NFO,2024-12-17,12:30:00,2025-01-29,3580.0,3580.0,3580.0,3580.0,0,3900,0
BANKNIFTY29JAN2557000PE.NFO,2024-12-17,12:31:00,2025-01-29,3580.0,3580.0,3580.0,3580.0,0,3900,0
BANKNIFTY29JAN2557000PE.NFO,2024-12-17,12:32:00,2025-01-29,3580.0,3580.0,3580.0,3580.0,0,3900,0
BANKNIFTY29JAN2557000PE.NFO,2024-12-17,12:33:00,2025-01-29,3580.0,3580.0,3580.0,3580.0,0,3900,0
BANKNIFTY29JAN2557000PE.NFO,2024-12-17,12:34:00,2025-01-29,3580.0,3580.0,3580.0,3580.0,0,3900,0
BANKNIFTY29JAN2557000PE.NFO,2024-12-17,12:35:00,2025-01-29,3580.0,3580.0,3580.0,3580.0,0,3900,0
BANKNIFTY29JAN2557000PE.NFO,2024-12-17,12:36:00,2025-01-29,3580.0,3580.0,3580.0,3580.0,0,3900,0
BANKNIFTY29JAN2557000PE.NFO,2024-12-17,12:37:00,2025-01-29,3580.0,3580.0,3580.0,3580.0,0,3900,0
BANKNIFTY29JAN2557000PE.NFO,2024-12-17,12:38:00,2025-01-29,3580.0,3580.0,3580.0,3580.0,0,3900,0
BANKNIFTY29JAN2557000PE.NFO,2024-12-17,12:39:00,2025-01-29,3580.0,3580.0,3580.0,3580.0,0,3900,0
BANKNIFTY29JAN2557000PE.NFO,2024-12-17,12:40:00,2025-01-29,3580.0,3580.0,3580.0,3580.0,0,3900,0
BANKNIFTY29JAN2557000PE.NFO,2024-12-17,12:41:00,2025-01-29,3580.0,3580.0,3580.0,3580.0,0,3900,0
BANKNIFTY29JAN2557000PE.NFO,2024-12-17,12:42:00,2025-01-29,3580.0,3580.0,3580.0,3580.0,0,3900,0
BANKNIFTY29JAN2557000PE.NFO,2024-12-17,12:43:00,2025-01-29,3580.0,3580.0,3580.0,3580.0,0,3900,0
BANKNIFTY29JAN2557000PE.NFO,2024-12-17,12:44:00,2025-01-29,3580.0,3580.0,3580.0,3580.0,0,3900,0
BANKNIFTY29JAN2557000PE.NFO,2024-12-17,12:45:00,2025-01-29,3580.0,3580.0,3580.0,3580.0,0,3900,0
BANKNIFTY29JAN2557000PE.NFO,2024-12-17,12:46:00,2025-01-29,3580.0,3580.0,3580.0,3580.0,0,3900,0
BANKNIFTY29JAN2557000PE.NFO,2024-12-17,12:47:00,2025-01-29,3580.0,3580.0,3580.0,3580.0,0,3900,0
BANKNIFTY29JAN2557000PE.NFO,2024-12-17,12:48:00,2025-01-29,3580.0,3580.0,3580.0,3580.0,0,3900,0
BANKNIFTY29JAN2557000PE.NFO,2024-12-17,12:49:00,2025-01-29,3580.0,3580.0,3580.0,3580.0,0,3900,0
BANKNIFTY29JAN2557000PE.NFO,2024-12-17,12:50:00,2025-01-29,3580.0,3580.0,3580.0,3580.0,0,3900,0
BANKNIFTY29JAN2557000PE.NFO,2024-12-17,12:51:00,2025-01-29,3580.0,3580.0,3580.0,3580.0,0,3900,0
BANKNIFTY29JAN2557000PE.NFO,2024-12-17,12:52:00,2025-01-29,3580.0,3580.0,3580.0,3580.0,0,3900,0
BANKNIFTY29JAN2557000PE.NFO,2024-12-17,12:53:00,2025-01-29,3580.0,3580.0,3580.0,3580.0,0,3900,0
BANKNIFTY29JAN2557000PE.NFO,2024-12-17,12:54:00,2025-01-29,3580.0,3580.0,3580.0,3580.0,0,3900,0
BANKNIFTY29JAN2557000PE.NFO,2024-12-17,12:55:00,2025-01-29,3580.0,3580.0,3580.0,3580.0,0,3900,0
BANKNIFTY29JAN2557000PE.NFO,2024-12-17,12:56:00,2025-01-29,3580.0,3580.0,3580.0,3580.0,0,3900,0
BANKNIFTY29JAN2557000PE.NFO,2024-12-17,12:57:00,2025-01-29,3580.0,3580.0,3580.0,3580.0,0,3900,0
BANKNIFTY29JAN2557000PE.NFO,2024-12-17,12:58:00,2025-01-29,3580.0,3580.0,3580.0,3580.0,0,3900,0
BANKNIFTY29JAN2557000PE.NFO,2024-12-17,12:59:00,2025-01-29,3580.0,3580.0,3525.0,3525.0,75,3885,0
BANKNIFTY29JAN2557000PE.NFO,2024-12-17,13:00:00,2025-01-29,3525.0,3525.0,3525.0,3525.0,0,3885,0
BANKNIFTY29JAN2557000PE.NFO,2024-12-17,13:01:00,2025-01-29,3525.0,3525.0,3525.0,3525.0,0,3885,0
BANKNIFTY29JAN2557000PE.NFO,2024-12-17,13:02:00,2025-01-29,3525.0,3525.0,3525.0,3525.0,0,3885,0
BANKNIFTY29JAN2557000PE.NFO,2024-12-17,13:03:00,2025-01-29,3525.0,3550.3,3525.0,3550.3,75,3885,0
BANKNIFTY29JAN2557000PE.NFO,2024-12-17,13:04:00,2025-01-29,3550.3,3560.4,3550.3,3560.4,30,3885,0
BANKNIFTY29JAN2557000PE.NFO,2024-12-17,13:05:00,2025-01-29,3560.4,3560.4,3560.4,3560.4,0,3885,0
BANKNIFTY29JAN2557000PE.NFO,2024-12-17,13:06:00,2025-01-29,3560.4,3575.9,3560.4,3575.9,120,3915,0
BANKNIFTY29JAN2557000PE.NFO,2024-12-17,13:07:00,2025-01-29,3575.9,3575.9,3575.9,3575.9,0,3915,0
BANKNIFTY29JAN2557000PE.NFO,2024-12-17,13:08:00,2025-01-29,3575.9,3580.0,3575.9,3580.0,240,3990,0
BANKNIFTY29JAN2557000PE.NFO,2024-12-17,13:09:00,2025-01-29,3580.0,3580.0,3580.0,3580.0,15,3990,0
BANKNIFTY29JAN2557000PE.NFO,2024-12-17,13:10:00,2025-01-29,3580.0,3580.0,3580.0,3580.0,0,3990,0
BANKNIFTY29JAN2557000PE.NFO,2024-12-17,13:11:00,2025-01-29,3580.0,3580.0,3580.0,3580.0,0,3990,0
BANKNIFTY29JAN2557000PE.NFO,2024-12-17,13:12:00,2025-01-29,3580.0,3580.0,3580.0,3580.0,0,3990,0
BANKNIFTY29JAN2557000PE.NFO,2024-12-17,13:13:00,2025-01-29,3580.0,3580.0,3580.0,3580.0,0,3990,0
BANKNIFTY29JAN2557000PE.NFO,2024-12-17,13:14:00,2025-01-29,3580.0,3580.0,3580.0,3580.0,0,3990,0
BANKNIFTY29JAN2557000PE.NFO,2024-12-17,13:15:00,2025-01-29,3580.0,3580.0,3580.0,3580.0,0,3990,0
BANKNIFTY29JAN2557000PE.NFO,2024-12-17,13:16:00,2025-01-29,3580.0,3700.0,3580.0,3700.0,15,3990,0
BANKNIFTY29JAN2557000PE.NFO,2024-12-17,13:17:00,2025-01-29,3700.0,3700.0,3700.0,3700.0,0,3990,0
BANKNIFTY29JAN2557000PE.NFO,2024-12-17,13:18:00,2025-01-29,3700.0,3700.0,3700.0,3700.0,0,3990,0
BANKNIFTY29JAN2557000PE.NFO,2024-12-17,13:19:00,2025-01-29,3700.0,3700.0,3700.0,3700.0,0,3990,0
BANKNIFTY29JAN2557000PE.NFO,2024-12-17,13:20:00,2025-01-29,3700.0,3700.0,3700.0,3700.0,0,3990,0
BANKNIFTY29JAN2557000PE.NFO,2024-12-17,13:21:00,2025-01-29,3700.0,3700.0,3700.0,3700.0,0,3990,0
BANKNIFTY29JAN2557000PE.NFO,2024-12-17,13:22:00,2025-01-29,3700.0,3700.0,3700.0,3700.0,0,3990,0
BANKNIFTY29JAN2557000PE.NFO,2024-12-17,13:23:00,2025-01-29,3700.0,3700.0,3700.0,3700.0,0,3990,0
BANKNIFTY29JAN2557000PE.NFO,2024-12-17,13:24:00,2025-01-29,3700.0,3700.0,3700.0,3700.0,0,3990,0
BANKNIFTY29JAN2557000PE.NFO,2024-12-17,13:25:00,2025-01-29,3700.0,3700.0,3700.0,3700.0,0,3990,0
BANKNIFTY29JAN2557000PE.NFO,2024-12-17,13:26:00,2025-01-29,3700.0,3700.0,3700.0,3700.0,0,3990,0
BANKNIFTY29JAN2557000PE.NFO,2024-12-17,13:27:00,2025-01-29,3700.0,3700.0,3700.0,3700.0,0,3990,0
BANKNIFTY29JAN2557000PE.NFO,2024-12-17,13:28:00,2025-01-29,3700.0,3700.0,3700.0,3700.0,0,3990,0
BANKNIFTY29JAN2557000PE.NFO,2024-12-17,13:29:00,2025-01-29,3700.0,3700.0,3700.0,3700.0,0,3990,0
BANKNIFTY29JAN2557000PE.NFO,2024-12-17,13:30:00,2025-01-29,3700.0,3700.0,3700.0,3700.0,0,3990,0
BANKNIFTY29JAN2557000PE.NFO,2024-12-17,13:31:00,2025-01-29,3700.0,3700.0,3700.0,3700.0,0,3990,0
BANKNIFTY29JAN2557000PE.NFO,2024-12-17,13:32:00,2025-01-29,3700.0,3700.0,3700.0,3700.0,0,3990,0
BANKNIFTY29JAN2557000PE.NFO,2024-12-17,13:33:00,2025-01-29,3700.0,3700.0,3700.0,3700.0,0,3990,0
BANKNIFTY29JAN2557000PE.NFO,2024-12-17,13:34:00,2025-01-29,3700.0,3700.0,3700.0,3700.0,0,3990,0
BANKNIFTY29JAN2557000PE.NFO,2024-12-17,13:35:00,2025-01-29,3700.0,3700.0,3700.0,3700.0,0,3990,0
BANKNIFTY29JAN2557000PE.NFO,2024-12-17,13:36:00,2025-01-29,3700.0,3700.0,3700.0,3700.0,0,3990,0
BANKNIFTY29JAN2557000PE.NFO,2024-12-17,13:37:00,2025-01-29,3700.0,3700.0,3700.0,3700.0,0,3990,0
BANKNIFTY29JAN2557000PE.NFO,2024-12-17,13:38:00,2025-01-29,3700.0,3700.0,3700.0,3700.0,0,3990,0
BANKNIFTY29JAN2557000PE.NFO,2024-12-17,13:39:00,2025-01-29,3700.0,3700.0,3700.0,3700.0,0,3990,0
BANKNIFTY29JAN2557000PE.NFO,2024-12-17,13:40:00,2025-01-29,3700.0,3700.0,3700.0,3700.0,0,3990,0
BANKNIFTY29JAN2557000PE.NFO,2024-12-17,13:41:00,2025-01-29,3700.0,3700.0,3700.0,3700.0,0,3990,0
BANKNIFTY29JAN2557000PE.NFO,2024-12-17,13:42:00,2025-01-29,3700.0,3700.0,3700.0,3700.0,0,3990,0
BANKNIFTY29JAN2557000PE.NFO,2024-12-17,13:43:00,2025-01-29,3700.0,3700.0,3700.0,3700.0,0,3990,0
BANKNIFTY29JAN2557000PE.NFO,2024-12-17,13:44:00,2025-01-29,3700.0,3700.0,3700.0,3700.0,0,3990,0
BANKNIFTY29JAN2557000PE.NFO,2024-12-17,13:45:00,2025-01-29,3700.0,3700.0,3700.0,3700.0,0,3990,0
BANKNIFTY29JAN2557000PE.NFO,2024-12-17,13:46:00,2025-01-29,3700.0,3700.0,3700.0,3700.0,0,3990,0
BANKNIFTY29JAN2557000PE.NFO,2024-12-17,13:47:00,2025-01-29,3700.0,3700.0,3700.0,3700.0,0,3990,0
BANKNIFTY29JAN2557000PE.NFO,2024-12-17,13:48:00,2025-01-29,3700.0,3700.0,3700.0,3700.0,0,3990,0
BANKNIFTY29JAN2557000PE.NFO,2024-12-17,13:49:00,2025-01-29,3700.0,3700.0,3700.0,3700.0,0,3990,0
BANKNIFTY29JAN2557000PE.NFO,2024-12-17,13:50:00,2025-01-29,3700.0,3700.0,3700.0,3700.0,0,3990,0
BANKNIFTY29JAN2557000PE.NFO,2024-12-17,13:51:00,2025-01-29,3700.0,3700.0,3700.0,3700.0,0,3990,0
BANKNIFTY29JAN2557000PE.NFO,2024-12-17,13:52:00,2025-01-29,3700.0,3700.0,3620.0,3620.0,15,3990,0
BANKNIFTY29JAN2557000PE.NFO,2024-12-17,13:53:00,2025-01-29,3620.0,3620.0,3620.0,3620.0,0,3990,0
BANKNIFTY29JAN2557000PE.NFO,2024-12-17,13:54:00,2025-01-29,3620.0,3620.0,3620.0,3620.0,0,3990,0
BANKNIFTY29JAN2557000PE.NFO,2024-12-17,13:55:00,2025-01-29,3620.0,3620.0,3620.0,3620.0,0,3990,0
BANKNIFTY29JAN2557000PE.NFO,2024-12-17,13:56:00,2025-01-29,3620.0,3620.0,3620.0,3620.0,0,3990,0
BANKNIFTY29JAN2557000PE.NFO,2024-12-17,13:57:00,2025-01-29,3620.0,3620.0,3620.0,3620.0,0,3990,0
BANKNIFTY29JAN2557000PE.NFO,2024-12-17,13:58:00,2025-01-29,3620.0,3620.0,3620.0,3620.0,0,3990,0
BANKNIFTY29JAN2557000PE.NFO,2024-12-17,13:59:00,2025-01-29,3620.0,3620.0,3620.0,3620.0,0,3990,0
BANKNIFTY29JAN2557000PE.NFO,2024-12-17,14:00:00,2025-01-29,3620.0,3620.0,3620.0,3620.0,0,3990,0
BANKNIFTY29JAN2557000PE.NFO,2024-12-17,14:01:00,2025-01-29,3620.0,3620.0,3620.0,3620.0,0,3990,0
BANKNIFTY29JAN2557000PE.NFO,2024-12-17,14:02:00,2025-01-29,3620.0,3620.0,3620.0,3620.0,0,3990,0
BANKNIFTY29JAN2557000PE.NFO,2024-12-17,14:03:00,2025-01-29,3620.0,3620.0,3620.0,3620.0,0,3990,0
BANKNIFTY29JAN2557000PE.NFO,2024-12-17,14:04:00,2025-01-29,3620.0,3620.0,3620.0,3620.0,0,3990,0
BANKNIFTY29JAN2557000PE.NFO,2024-12-17,14:05:00,2025-01-29,3620.0,3620.0,3620.0,3620.0,0,3990,0
BANKNIFTY29JAN2557000PE.NFO,2024-12-17,14:06:00,2025-01-29,3620.0,3620.0,3620.0,3620.0,0,3990,0
BANKNIFTY29JAN2557000PE.NFO,2024-12-17,14:07:00,2025-01-29,3620.0,3620.0,3620.0,3620.0,0,3990,0
BANKNIFTY29JAN2557000PE.NFO,2024-12-17,14:08:00,2025-01-29,3620.0,3620.0,3620.0,3620.0,0,3990,0
BANKNIFTY29JAN2557000PE.NFO,2024-12-17,14:09:00,2025-01-29,3620.0,3620.0,3620.0,3620.0,0,3990,0
BANKNIFTY29JAN2557000PE.NFO,2024-12-17,14:10:00,2025-01-29,3620.0,3620.0,3620.0,3620.0,0,3990,0
BANKNIFTY29JAN2557000PE.NFO,2024-12-17,14:11:00,2025-01-29,3620.0,3620.0,3620.0,3620.0,0,3990,0
BANKNIFTY29JAN2557000PE.NFO,2024-12-17,14:12:00,2025-01-29,3620.0,3700.0,3620.0,3700.0,15,3975,0
BANKNIFTY29JAN2557000PE.NFO,2024-12-17,14:13:00,2025-01-29,3700.0,3700.0,3700.0,3700.0,0,3975,0
BANKNIFTY29JAN2557000PE.NFO,2024-12-17,14:14:00,2025-01-29,3700.0,3700.0,3700.0,3700.0,0,3975,0
BANKNIFTY29JAN2557000PE.NFO,2024-12-17,14:15:00,2025-01-29,3700.0,3700.0,3700.0,3700.0,0,3975,0
BANKNIFTY29JAN2557000PE.NFO,2024-12-17,14:16:00,2025-01-29,3700.0,3700.0,3700.0,3700.0,0,3975,0
BANKNIFTY29JAN2557000PE.NFO,2024-12-17,14:17:00,2025-01-29,3700.0,3700.0,3700.0,3700.0,0,3975,0
BANKNIFTY29JAN2557000PE.NFO,2024-12-17,14:18:00,2025-01-29,3700.0,3700.0,3700.0,3700.0,0,3975,0
BANKNIFTY29JAN2557000PE.NFO,2024-12-17,14:19:00,2025-01-29,3700.0,3700.0,3700.0,3700.0,0,3975,0
BANKNIFTY29JAN2557000PE.NFO,2024-12-17,14:20:00,2025-01-29,3700.0,3700.0,3700.0,3700.0,0,3975,0
BANKNIFTY29JAN2557000PE.NFO,2024-12-17,14:21:00,2025-01-29,3700.0,3700.0,3700.0,3700.0,0,3975,0
BANKNIFTY29JAN2557000PE.NFO,2024-12-17,14:22:00,2025-01-29,3700.0,3700.0,3700.0,3700.0,0,3975,0
BANKNIFTY29JAN2557000PE.NFO,2024-12-17,14:23:00,2025-01-29,3700.0,3700.0,3700.0,3700.0,0,3975,0
BANKNIFTY29JAN2557000PE.NFO,2024-12-17,14:24:00,2025-01-29,3700.0,3700.0,3700.0,3700.0,0,3975,0
BANKNIFTY29JAN2557000PE.NFO,2024-12-17,14:25:00,2025-01-29,3700.0,3700.0,3700.0,3700.0,0,3975,0
BANKNIFTY29JAN2557000PE.NFO,2024-12-17,14:26:00,2025-01-29,3700.0,3700.0,3700.0,3700.0,0,3975,0
BANKNIFTY29JAN2557000PE.NFO,2024-12-17,14:27:00,2025-01-29,3700.0,3725.0,3700.0,3725.0,15,3975,0
BANKNIFTY29JAN2557000PE.NFO,2024-12-17,14:28:00,2025-01-29,3725.0,3725.0,3725.0,3725.0,0,3975,0
BANKNIFTY29JAN2557000PE.NFO,2024-12-17,14:29:00,2025-01-29,3725.0,3725.0,3725.0,3725.0,0,3975,0
BANKNIFTY29JAN2557000PE.NFO,2024-12-17,14:30:00,2025-01-29,3725.0,3725.0,3725.0,3725.0,0,3975,0
BANKNIFTY29JAN2557000PE.NFO,2024-12-17,14:31:00,2025-01-29,3725.0,3725.0,3725.0,3725.0,0,3975,0
BANKNIFTY29JAN2557000PE.NFO,2024-12-17,14:32:00,2025-01-29,3725.0,3725.0,3725.0,3725.0,0,3975,0
BANKNIFTY29JAN2557000PE.NFO,2024-12-17,14:33:00,2025-01-29,3725.0,3725.0,3725.0,3725.0,0,3975,0
BANKNIFTY29JAN2557000PE.NFO,2024-12-17,14:34:00,2025-01-29,3725.0,3725.0,3725.0,3725.0,0,3975,0
BANKNIFTY29JAN2557000PE.NFO,2024-12-17,14:35:00,2025-01-29,3725.0,3725.0,3725.0,3725.0,0,3975,0
BANKNIFTY29JAN2557000PE.NFO,2024-12-17,14:36:00,2025-01-29,3725.0,3725.0,3725.0,3725.0,0,3975,0
BANKNIFTY29JAN2557000PE.NFO,2024-12-17,14:37:00,2025-01-29,3725.0,3725.0,3725.0,3725.0,0,3975,0
BANKNIFTY29JAN2557000PE.NFO,2024-12-17,14:38:00,2025-01-29,3725.0,3725.0,3725.0,3725.0,0,3975,0
BANKNIFTY29JAN2557000PE.NFO,2024-12-17,14:39:00,2025-01-29,3725.0,3725.0,3725.0,3725.0,0,3975,0
BANKNIFTY29JAN2557000PE.NFO,2024-12-17,14:40:00,2025-01-29,3725.0,3725.0,3725.0,3725.0,0,3975,0
BANKNIFTY29JAN2557000PE.NFO,2024-12-17,14:41:00,2025-01-29,3725.0,3725.0,3725.0,3725.0,0,3975,0
BANKNIFTY29JAN2557000PE.NFO,2024-12-17,14:42:00,2025-01-29,3725.0,3725.0,3725.0,3725.0,0,3975,0
BANKNIFTY29JAN2557000PE.NFO,2024-12-17,14:43:00,2025-01-29,3725.0,3725.0,3725.0,3725.0,0,3975,0
BANKNIFTY29JAN2557000PE.NFO,2024-12-17,14:44:00,2025-01-29,3725.0,3725.0,3725.0,3725.0,0,3975,0
BANKNIFTY29JAN2557000PE.NFO,2024-12-17,14:45:00,2025-01-29,3725.0,3725.0,3725.0,3725.0,0,3975,0
BANKNIFTY29JAN2557000PE.NFO,2024-12-17,14:46:00,2025-01-29,3725.0,3725.0,3725.0,3725.0,0,3975,0
BANKNIFTY29JAN2557000PE.NFO,2024-12-17,14:47:00,2025-01-29,3725.0,3725.0,3725.0,3725.0,0,3975,0
BANKNIFTY29JAN2557000PE.NFO,2024-12-17,14:48:00,2025-01-29,3725.0,3725.0,3725.0,3725.0,0,3975,0
BANKNIFTY29JAN2557000PE.NFO,2024-12-17,14:49:00,2025-01-29,3725.0,3725.0,3725.0,3725.0,0,3975,0
BANKNIFTY29JAN2557000PE.NFO,2024-12-17,14:50:00,2025-01-29,3725.0,3725.0,3620.0,3620.0,15,3975,0
BANKNIFTY29JAN2557000PE.NFO,2024-12-17,14:51:00,2025-01-29,3620.0,3620.0,3620.0,3620.0,0,3975,0
BANKNIFTY29JAN2557000PE.NFO,2024-12-17,14:52:00,2025-01-29,3620.0,3620.0,3620.0,3620.0,0,3975,0
BANKNIFTY29JAN2557000PE.NFO,2024-12-17,14:53:00,2025-01-29,3620.0,3620.0,3620.0,3620.0,0,3975,0
BANKNIFTY29JAN2557000PE.NFO,2024-12-17,14:54:00,2025-01-29,3620.0,3620.0,3620.0,3620.0,0,3975,0
BANKNIFTY29JAN2557000PE.NFO,2024-12-17,14:55:00,2025-01-29,3620.0,3620.0,3620.0,3620.0,0,3975,0
BANKNIFTY29JAN2557000PE.NFO,2024-12-17,14:56:00,2025-01-29,3620.0,3644.65,3620.0,3644.65,15,3960,0
BANKNIFTY29JAN2557000PE.NFO,2024-12-17,14:57:00,2025-01-29,3644.65,3644.65,3644.65,3644.65,0,3960,0
BANKNIFTY29JAN2557000PE.NFO,2024-12-17,14:58:00,2025-01-29,3644.65,3644.65,3627.95,3627.95,15,3960,0
BANKNIFTY29JAN2557000PE.NFO,2024-12-17,14:59:00,2025-01-29,3627.95,3627.95,3627.95,3627.95,0,3960,0
BANKNIFTY29JAN2557000PE.NFO,2024-12-17,15:00:00,2025-01-29,3627.95,3627.95,3627.95,3627.95,0,3960,0
BANKNIFTY29JAN2557000PE.NFO,2024-12-17,15:01:00,2025-01-29,3627.95,3627.95,3627.95,3627.95,0,3960,0
BANKNIFTY29JAN2557000PE.NFO,2024-12-17,15:02:00,2025-01-29,3627.95,3627.95,3627.95,3627.95,0,3960,0
BANKNIFTY29JAN2557000PE.NFO,2024-12-17,15:03:00,2025-01-29,3627.95,3627.95,3627.95,3627.95,0,3960,0
BANKNIFTY29JAN2557000PE.NFO,2024-12-17,15:04:00,2025-01-29,3627.95,3627.95,3627.95,3627.95,0,3960,0
BANKNIFTY29JAN2557000PE.NFO,2024-12-17,15:05:00,2025-01-29,3627.95,3627.95,3627.95,3627.95,0,3960,0
BANKNIFTY29JAN2557000PE.NFO,2024-12-17,15:06:00,2025-01-29,3627.95,3627.95,3627.95,3627.95,0,3960,0
BANKNIFTY29JAN2557000PE.NFO,2024-12-17,15:07:00,2025-01-29,3627.95,3627.95,3627.95,3627.95,0,3960,0
BANKNIFTY29JAN2557000PE.NFO,2024-12-17,15:08:00,2025-01-29,3627.95,3627.95,3627.95,3627.95,0,3960,0
BANKNIFTY29JAN2557000PE.NFO,2024-12-17,15:09:00,2025-01-29,3627.95,3627.95,3627.95,3627.95,0,3960,0
BANKNIFTY29JAN2557000PE.NFO,2024-12-17,15:10:00,2025-01-29,3627.95,3627.95,3627.95,3627.95,0,3960,0
BANKNIFTY29JAN2557000PE.NFO,2024-12-17,15:11:00,2025-01-29,3627.95,3627.95,3627.95,3627.95,0,3960,0
BANKNIFTY29JAN2557000PE.NFO,2024-12-17,15:12:00,2025-01-29,3627.95,3627.95,3627.95,3627.95,0,3960,0
BANKNIFTY29JAN2557000PE.NFO,2024-12-17,15:13:00,2025-01-29,3627.95,3627.95,3627.95,3627.95,0,3960,0
BANKNIFTY29JAN2557000PE.NFO,2024-12-17,15:14:00,2025-01-29,3627.95,3627.95,3627.95,3627.95,0,3960,0
BANKNIFTY29JAN2557000PE.NFO,2024-12-17,15:15:00,2025-01-29,3627.95,3627.95,3625.0,3625.0,15,3960,0
BANKNIFTY29JAN2557000PE.NFO,2024-12-17,15:16:00,2025-01-29,3625.0,3625.0,3625.0,3625.0,0,3960,0
BANKNIFTY29JAN2557000PE.NFO,2024-12-17,15:17:00,2025-01-29,3625.0,3625.0,3625.0,3625.0,0,3960,0
BANKNIFTY29JAN2557000PE.NFO,2024-12-17,15:18:00,2025-01-29,3625.0,3625.0,3625.0,3625.0,0,3960,0
BANKNIFTY29JAN2557000PE.NFO,2024-12-17,15:19:00,2025-01-29,3625.0,3625.0,3625.0,3625.0,0,3960,0
BANKNIFTY29JAN2557000PE.NFO,2024-12-17,15:20:00,2025-01-29,3625.0,3625.0,3625.0,3625.0,0,3960,0
BANKNIFTY29JAN2557000PE.NFO,2024-12-17,15:21:00,2025-01-29,3625.0,3625.0,3625.0,3625.0,0,3960,0
BANKNIFTY29JAN2557000PE.NFO,2024-12-17,15:22:00,2025-01-29,3625.0,3625.0,3625.0,3625.0,0,3960,0
BANKNIFTY29JAN2557000PE.NFO,2024-12-17,15:23:00,2025-01-29,3625.0,3625.0,3625.0,3625.0,0,3960,0
BANKNIFTY29JAN2557000PE.NFO,2024-12-17,15:24:00,2025-01-29,3625.0,3625.0,3625.0,3625.0,0,3960,0
BANKNIFTY29JAN2557000PE.NFO,2024-12-17,15:25:00,2025-01-29,3625.0,3625.0,3625.0,3625.0,0,3960,0
BANKNIFTY29JAN2557000PE.NFO,2024-12-17,15:26:00,2025-01-29,3625.0,3625.0,3625.0,3625.0,0,3960,0
BANKNIFTY29JAN2557000PE.NFO,2024-12-17,15:27:00,2025-01-29,3625.0,3625.0,3625.0,3625.0,0,3960,0
BANKNIFTY29JAN2557000PE.NFO,2024-12-17,15:28:00,2025-01-29,3625.0,3625.0,3625.0,3625.0,0,3960,0
BANKNIFTY29JAN2557000PE.NFO,2024-12-17,15:29:00,2025-01-29,3625.0,3625.0,3625.0,3625.0,0,3960,0
BANKNIFTY29JAN2557000PE.NFO,2024-12-17,15:30:00,2025-01-29,3625.0,3625.0,3625.0,3625.0,0,3960,1
BANKNIFTY29JAN2557000PE.NFO,2024-12-18,09:15:00,2025-01-29,3950.0,3950.0,3950.0,3950.0,0,3960,1
BANKNIFTY29JAN2557000PE.NFO,2024-12-18,09:16:00,2025-01-29,3950.0,3950.0,3950.0,3950.0,0,3960,1
BANKNIFTY29JAN2557000PE.NFO,2024-12-18,09:17:00,2025-01-29,3950.0,3950.0,3950.0,3950.0,0,3960,1
BANKNIFTY29JAN2557000PE.NFO,2024-12-18,09:18:00,2025-01-29,3950.0,3950.0,3950.0,3950.0,0,3960,1
BANKNIFTY29JAN2557000PE.NFO,2024-12-18,09:19:00,2025-01-29,3950.0,3950.0,3950.0,3950.0,0,3960,1
BANKNIFTY29JAN2557000PE.NFO,2024-12-18,09:20:00,2025-01-29,3950.0,3950.0,3950.0,3950.0,0,3960,1
BANKNIFTY29JAN2557000PE.NFO,2024-12-18,09:21:00,2025-01-29,3950.0,3950.0,3950.0,3950.0,0,3960,1
BANKNIFTY29JAN2557000PE.NFO,2024-12-18,09:22:00,2025-01-29,3950.0,3950.0,3950.0,3950.0,0,3960,1
BANKNIFTY29JAN2557000PE.NFO,2024-12-18,09:23:00,2025-01-29,3950.0,3950.0,3950.0,3950.0,0,3960,1
BANKNIFTY29JAN2557000PE.NFO,2024-12-18,09:24:00,2025-01-29,3950.0,3950.0,3950.0,3950.0,0,3960,1
BANKNIFTY29JAN2557000PE.NFO,2024-12-18,09:25:00,2025-01-29,3950.0,3950.0,3950.0,3950.0,0,3960,1
BANKNIFTY29JAN2557000PE.NFO,2024-12-18,09:26:00,2025-01-29,3950.0,3950.0,3950.0,3950.0,0,3960,0
BANKNIFTY29JAN2557000PE.NFO,2024-12-18,09:27:00,2025-01-29,3950.0,3950.0,3950.0,3950.0,0,3960,0
BANKNIFTY29JAN2557000PE.NFO,2024-12-18,09:28:00,2025-01-29,3950.0,3950.0,3950.0,3950.0,0,3960,0
BANKNIFTY29JAN2557000PE.NFO,2024-12-18,09:29:00,2025-01-29,3950.0,3950.0,3950.0,3950.0,0,3960,0
BANKNIFTY29JAN2557000PE.NFO,2024-12-18,09:30:00,2025-01-29,3950.0,3950.0,3880.0,3880.0,15,3960,0
BANKNIFTY29JAN2557000PE.NFO,2024-12-18,09:31:00,2025-01-29,3880.0,3880.0,3880.0,3880.0,0,3960,0
BANKNIFTY29JAN2557000PE.NFO,2024-12-18,09:32:00,2025-01-29,3880.0,3880.0,3880.0,3880.0,0,3960,0
BANKNIFTY29JAN2557000PE.NFO,2024-12-18,09:33:00,2025-01-29,3880.0,3880.0,3880.0,3880.0,0,3960,0
BANKNIFTY29JAN2557000PE.NFO,2024-12-18,09:34:00,2025-01-29,3880.0,3880.0,3880.0,3880.0,0,3960,0
BANKNIFTY29JAN2557000PE.NFO,2024-12-18,09:35:00,2025-01-29,3880.0,3880.0,3880.0,3880.0,0,3960,0
BANKNIFTY29JAN2557000PE.NFO,2024-12-18,09:36:00,2025-01-29,3880.0,3880.0,3880.0,3880.0,0,3960,0
BANKNIFTY29JAN2557000PE.NFO,2024-12-18,09:37:00,2025-01-29,3880.0,3880.0,3880.0,3880.0,0,3960,0
BANKNIFTY29JAN2557000PE.NFO,2024-12-18,09:38:00,2025-01-29,3880.0,3880.0,3880.0,3880.0,0,3960,0
BANKNIFTY29JAN2557000PE.NFO,2024-12-18,09:39:00,2025-01-29,3880.0,3880.0,3880.0,3880.0,0,3960,0
BANKNIFTY29JAN2557000PE.NFO,2024-12-18,09:40:00,2025-01-29,3880.0,3880.0,3880.0,3880.0,0,3960,0
BANKNIFTY29JAN2557000PE.NFO,2024-12-18,09:41:00,2025-01-29,3880.0,3880.0,3880.0,3880.0,0,3960,0
BANKNIFTY29JAN2557000PE.NFO,2024-12-18,09:42:00,2025-01-29,3880.0,3880.0,3880.0,3880.0,0,3960,0
BANKNIFTY29JAN2557000PE.NFO,2024-12-18,09:43:00,2025-01-29,3880.0,3880.0,3880.0,3880.0,0,3960,0
BANKNIFTY29JAN2557000PE.NFO,2024-12-18,09:44:00,2025-01-29,3880.0,3880.0,3880.0,3880.0,0,3960,0
BANKNIFTY29JAN2557000PE.NFO,2024-12-18,09:45:00,2025-01-29,3880.0,3880.0,3700.0,3700.0,15,3945,0
BANKNIFTY29JAN2557000PE.NFO,2024-12-18,09:46:00,2025-01-29,3700.0,3700.0,3700.0,3700.0,0,3945,0
BANKNIFTY29JAN2557000PE.NFO,2024-12-18,09:47:00,2025-01-29,3700.0,3750.0,3700.0,3750.0,60,3945,0
BANKNIFTY29JAN2557000PE.NFO,2024-12-18,09:48:00,2025-01-29,3750.0,3750.0,3750.0,3750.0,0,3945,0
BANKNIFTY29JAN2557000PE.NFO,2024-12-18,09:49:00,2025-01-29,3750.0,3750.0,3750.0,3750.0,0,3945,0
BANKNIFTY29JAN2557000PE.NFO,2024-12-18,09:50:00,2025-01-29,3750.0,3750.0,3750.0,3750.0,0,3945,0
BANKNIFTY29JAN2557000PE.NFO,2024-12-18,09:51:00,2025-01-29,3750.0,3750.0,3750.0,3750.0,0,3945,0
BANKNIFTY29JAN2557000PE.NFO,2024-12-18,09:52:00,2025-01-29,3750.0,3750.0,3750.0,3750.0,0,3945,0
BANKNIFTY29JAN2557000PE.NFO,2024-12-18,09:53:00,2025-01-29,3750.0,3750.0,3750.0,3750.0,0,3945,0
BANKNIFTY29JAN2557000PE.NFO,2024-12-18,09:54:00,2025-01-29,3750.0,3750.0,3750.0,3750.0,0,3945,0
BANKNIFTY29JAN2557000PE.NFO,2024-12-18,09:55:00,2025-01-29,3750.0,3750.0,3750.0,3750.0,0,3945,0
BANKNIFTY29JAN2557000PE.NFO,2024-12-18,09:56:00,2025-01-29,3750.0,3841.9,3750.0,3841.9,15,3960,0
BANKNIFTY29JAN2557000PE.NFO,2024-12-18,09:57:00,2025-01-29,3841.9,3950.0,3841.9,3950.0,75,3960,0
BANKNIFTY29JAN2557000PE.NFO,2024-12-18,09:58:00,2025-01-29,3950.0,4000.0,3950.0,4000.0,30,3975,0
BANKNIFTY29JAN2557000PE.NFO,2024-12-18,09:59:00,2025-01-29,4000.0,4000.0,4000.0,4000.0,0,3975,0
BANKNIFTY29JAN2557000PE.NFO,2024-12-18,10:00:00,2025-01-29,4000.0,4000.0,3972.5,3972.5,15,3975,0
BANKNIFTY29JAN2557000PE.NFO,2024-12-18,10:01:00,2025-01-29,3972.5,3972.5,3972.5,3972.5,0,3975,0
BANKNIFTY29JAN2557000PE.NFO,2024-12-18,10:02:00,2025-01-29,3972.5,3972.5,3972.5,3972.5,0,3975,0
BANKNIFTY29JAN2557000PE.NFO,2024-12-18,10:03:00,2025-01-29,3972.5,3972.5,3972.5,3972.5,0,3975,0
BANKNIFTY29JAN2557000PE.NFO,2024-12-18,10:04:00,2025-01-29,3972.5,4029.3,3972.5,4029.3,15,3960,0
BANKNIFTY29JAN2557000PE.NFO,2024-12-18,10:05:00,2025-01-29,4029.3,4029.3,4029.3,4029.3,0,3960,0
BANKNIFTY29JAN2557000PE.NFO,2024-12-18,10:06:00,2025-01-29,4029.3,4029.3,4029.3,4029.3,0,3960,0
BANKNIFTY29JAN2557000PE.NFO,2024-12-18,10:07:00,2025-01-29,4029.3,4029.3,4029.3,4029.3,0,3960,0
BANKNIFTY29JAN2557000PE.NFO,2024-12-18,10:08:00,2025-01-29,4029.3,4029.3,4013.95,4013.95,15,3960,0
BANKNIFTY29JAN2557000PE.NFO,2024-12-18,10:09:00,2025-01-29,4013.95,4013.95,4013.95,4013.95,0,3960,0
BANKNIFTY29JAN2557000PE.NFO,2024-12-18,10:10:00,2025-01-29,4013.95,4013.95,4013.95,4013.95,0,3960,0
BANKNIFTY29JAN2557000PE.NFO,2024-12-18,10:11:00,2025-01-29,4013.95,4025.0,4013.95,4025.0,30,3975,0
BANKNIFTY29JAN2557000PE.NFO,2024-12-18,10:12:00,2025-01-29,4025.0,4025.0,4025.0,4025.0,0,3975,0
BANKNIFTY29JAN2557000PE.NFO,2024-12-18,10:13:00,2025-01-29,4039.15,4039.15,4039.15,4039.15,15,4005,0
BANKNIFTY29JAN2557000PE.NFO,2024-12-18,10:14:00,2025-01-29,4039.15,4039.15,4039.15,4039.15,0,4005,0
BANKNIFTY29JAN2557000PE.NFO,2024-12-18,10:15:00,2025-01-29,4039.15,4039.15,4039.15,4039.15,0,4005,0
BANKNIFTY29JAN2557000PE.NFO,2024-12-18,10:16:00,2025-01-29,4039.15,4039.15,4025.0,4025.0,15,4020,0
BANKNIFTY29JAN2557000PE.NFO,2024-12-18,10:17:00,2025-01-29,4025.0,4025.0,4025.0,4025.0,0,4020,0
BANKNIFTY29JAN2557000PE.NFO,2024-12-18,10:18:00,2025-01-29,4025.0,4025.0,4025.0,4025.0,0,4020,0
BANKNIFTY29JAN2557000PE.NFO,2024-12-18,10:19:00,2025-01-29,4025.0,4025.0,4025.0,4025.0,0,4020,0
BANKNIFTY29JAN2557000PE.NFO,2024-12-18,10:20:00,2025-01-29,4025.0,4040.0,4025.0,4040.0,45,4020,0
BANKNIFTY29JAN2557000PE.NFO,2024-12-18,10:21:00,2025-01-29,4040.0,4050.0,4040.0,4050.0,30,4020,0
BANKNIFTY29JAN2557000PE.NFO,2024-12-18,10:22:00,2025-01-29,4050.0,4050.0,4050.0,4050.0,60,4050,0
BANKNIFTY29JAN2557000PE.NFO,2024-12-18,10:23:00,2025-01-29,4050.0,4050.0,4050.0,4050.0,0,4050,0
BANKNIFTY29JAN2557000PE.NFO,2024-12-18,10:24:00,2025-01-29,4050.0,4050.0,4050.0,4050.0,0,4050,0
BANKNIFTY29JAN2557000PE.NFO,2024-12-18,10:25:00,2025-01-29,4050.0,4050.0,4050.0,4050.0,0,4050,0
BANKNIFTY29JAN2557000PE.NFO,2024-12-18,10:26:00,2025-01-29,4050.0,4050.0,4050.0,4050.0,0,4050,0
BANKNIFTY29JAN2557000PE.NFO,2024-12-18,10:27:00,2025-01-29,4050.0,4050.0,4050.0,4050.0,0,4050,0
BANKNIFTY29JAN2557000PE.NFO,2024-12-18,10:28:00,2025-01-29,4050.0,4050.0,4050.0,4050.0,0,4050,0
BANKNIFTY29JAN2557000PE.NFO,2024-12-18,10:29:00,2025-01-29,4050.0,4050.0,4050.0,4050.0,0,4050,0
BANKNIFTY29JAN2557000PE.NFO,2024-12-18,10:30:00,2025-01-29,4050.0,4050.0,4050.0,4050.0,0,4050,0
BANKNIFTY29JAN2557000PE.NFO,2024-12-18,10:31:00,2025-01-29,4050.0,4050.0,4050.0,4050.0,0,4050,0
BANKNIFTY29JAN2557000PE.NFO,2024-12-18,10:32:00,2025-01-29,4050.0,4050.0,4050.0,4050.0,0,4050,0
BANKNIFTY29JAN2557000PE.NFO,2024-12-18,10:33:00,2025-01-29,4050.0,4050.0,4050.0,4050.0,0,4050,0
BANKNIFTY29JAN2557000PE.NFO,2024-12-18,10:34:00,2025-01-29,4050.0,4050.0,4050.0,4050.0,0,4050,0
BANKNIFTY29JAN2557000PE.NFO,2024-12-18,10:35:00,2025-01-29,4050.0,4050.0,4050.0,4050.0,0,4050,0
BANKNIFTY29JAN2557000PE.NFO,2024-12-18,10:36:00,2025-01-29,4050.0,4050.0,4050.0,4050.0,0,4050,0
BANKNIFTY29JAN2557000PE.NFO,2024-12-18,10:37:00,2025-01-29,4050.0,4050.0,3981.7,3981.7,15,4050,0
BANKNIFTY29JAN2557000PE.NFO,2024-12-18,10:38:00,2025-01-29,3981.7,3981.7,3981.7,3981.7,0,4050,0
BANKNIFTY29JAN2557000PE.NFO,2024-12-18,10:39:00,2025-01-29,3981.7,3981.7,3981.7,3981.7,0,4050,0
BANKNIFTY29JAN2557000PE.NFO,2024-12-18,10:40:00,2025-01-29,3981.7,3981.7,3981.7,3981.7,0,4050,0
BANKNIFTY29JAN2557000PE.NFO,2024-12-18,10:41:00,2025-01-29,3981.7,3981.7,3981.7,3981.7,0,4050,0
BANKNIFTY29JAN2557000PE.NFO,2024-12-18,10:42:00,2025-01-29,3981.7,3981.7,3981.7,3981.7,0,4050,0
BANKNIFTY29JAN2557000PE.NFO,2024-12-18,10:43:00,2025-01-29,3981.7,3981.7,3981.7,3981.7,0,4050,0
BANKNIFTY29JAN2557000PE.NFO,2024-12-18,10:44:00,2025-01-29,3981.7,3981.7,3981.7,3981.7,0,4050,0
BANKNIFTY29JAN2557000PE.NFO,2024-12-18,10:45:00,2025-01-29,3981.7,3981.7,3945.8,3945.8,45,4050,0
BANKNIFTY29JAN2557000PE.NFO,2024-12-18,10:46:00,2025-01-29,3945.8,3945.8,3945.8,3945.8,0,4050,0
BANKNIFTY29JAN2557000PE.NFO,2024-12-18,10:47:00,2025-01-29,3945.8,3945.8,3945.8,3945.8,0,4050,0
BANKNIFTY29JAN2557000PE.NFO,2024-12-18,10:48:00,2025-01-29,3945.8,3945.8,3945.8,3945.8,0,4050,0
BANKNIFTY29JAN2557000PE.NFO,2024-12-18,10:49:00,2025-01-29,3945.8,3945.8,3945.8,3945.8,0,4050,0
BANKNIFTY29JAN2557000PE.NFO,2024-12-18,10:50:00,2025-01-29,3945.8,3945.8,3945.8,3945.8,0,4050,0
BANKNIFTY29JAN2557000PE.NFO,2024-12-18,10:51:00,2025-01-29,3945.8,3945.8,3945.8,3945.8,0,4050,0
BANKNIFTY29JAN2557000PE.NFO,2024-12-18,10:52:00,2025-01-29,3945.8,3945.8,3945.8,3945.8,0,4050,0
BANKNIFTY29JAN2557000PE.NFO,2024-12-18,10:53:00,2025-01-29,3945.8,3945.8,3945.8,3945.8,0,4050,0
BANKNIFTY29JAN2557000PE.NFO,2024-12-18,10:54:00,2025-01-29,3945.8,3945.8,3945.8,3945.8,0,4050,0
BANKNIFTY29JAN2557000PE.NFO,2024-12-18,10:55:00,2025-01-29,3945.8,3945.8,3945.8,3945.8,0,4050,0
BANKNIFTY29JAN2557000PE.NFO,2024-12-18,10:56:00,2025-01-29,3945.8,3945.8,3945.8,3945.8,0,4050,0
BANKNIFTY29JAN2557000PE.NFO,2024-12-18,10:57:00,2025-01-29,3945.8,3945.8,3945.8,3945.8,0,4050,0
BANKNIFTY29JAN2557000PE.NFO,2024-12-18,10:58:00,2025-01-29,3945.8,3945.8,3945.8,3945.8,0,4050,0
BANKNIFTY29JAN2557000PE.NFO,2024-12-18,10:59:00,2025-01-29,3945.8,3945.8,3945.8,3945.8,0,4050,0
BANKNIFTY29JAN2557000PE.NFO,2024-12-18,11:00:00,2025-01-29,3945.8,3945.8,3945.8,3945.8,0,4050,0
BANKNIFTY29JAN2557000PE.NFO,2024-12-18,11:01:00,2025-01-29,3945.8,3945.8,3945.8,3945.8,0,4050,0
BANKNIFTY29JAN2557000PE.NFO,2024-12-18,11:02:00,2025-01-29,3945.8,3945.8,3945.8,3945.8,0,4050,0
BANKNIFTY29JAN2557000PE.NFO,2024-12-18,11:03:00,2025-01-29,3945.8,3945.8,3945.8,3945.8,0,4050,0
BANKNIFTY29JAN2557000PE.NFO,2024-12-18,11:04:00,2025-01-29,3945.8,3945.8,3945.8,3945.8,0,4050,0
BANKNIFTY29JAN2557000PE.NFO,2024-12-18,11:05:00,2025-01-29,3945.8,3945.8,3945.8,3945.8,0,4050,0
BANKNIFTY29JAN2557000PE.NFO,2024-12-18,11:06:00,2025-01-29,3945.8,3945.8,3945.8,3945.8,0,4050,0
BANKNIFTY29JAN2557000PE.NFO,2024-12-18,11:07:00,2025-01-29,3945.8,3945.8,3945.8,3945.8,0,4050,0
BANKNIFTY29JAN2557000PE.NFO,2024-12-18,11:08:00,2025-01-29,3945.8,3945.8,3945.8,3945.8,0,4050,0
BANKNIFTY29JAN2557000PE.NFO,2024-12-18,11:09:00,2025-01-29,3945.8,3945.8,3945.8,3945.8,0,4050,0
BANKNIFTY29JAN2557000PE.NFO,2024-12-18,11:10:00,2025-01-29,3945.8,3945.8,3945.8,3945.8,0,4050,0
BANKNIFTY29JAN2557000PE.NFO,2024-12-18,11:11:00,2025-01-29,3945.8,3945.8,3945.8,3945.8,0,4050,0
BANKNIFTY29JAN2557000PE.NFO,2024-12-18,11:12:00,2025-01-29,3945.8,3945.8,3945.8,3945.8,0,4050,0
BANKNIFTY29JAN2557000PE.NFO,2024-12-18,11:13:00,2025-01-29,3945.8,4122.75,3945.8,4122.75,15,4065,0
BANKNIFTY29JAN2557000PE.NFO,2024-12-18,11:14:00,2025-01-29,4122.75,4122.75,4108.55,4108.55,15,4080,0
BANKNIFTY29JAN2557000PE.NFO,2024-12-18,11:15:00,2025-01-29,4108.55,4108.55,4108.55,4108.55,0,4080,0
BANKNIFTY29JAN2557000PE.NFO,2024-12-18,11:16:00,2025-01-29,4108.55,4108.55,4108.55,4108.55,0,4080,0
BANKNIFTY29JAN2557000PE.NFO,2024-12-18,11:17:00,2025-01-29,4108.55,4108.55,4108.55,4108.55,0,4080,0
BANKNIFTY29JAN2557000PE.NFO,2024-12-18,11:18:00,2025-01-29,4108.55,4108.55,4108.55,4108.55,0,4080,0
BANKNIFTY29JAN2557000PE.NFO,2024-12-18,11:19:00,2025-01-29,4108.55,4108.55,4108.55,4108.55,0,4080,0
BANKNIFTY29JAN2557000PE.NFO,2024-12-18,11:20:00,2025-01-29,4108.55,4108.55,4108.55,4108.55,0,4080,0
BANKNIFTY29JAN2557000PE.NFO,2024-12-18,11:21:00,2025-01-29,4108.55,4108.55,4108.55,4108.55,0,4080,0
BANKNIFTY29JAN2557000PE.NFO,2024-12-18,11:22:00,2025-01-29,4108.55,4108.55,4108.55,4108.55,0,4080,0
BANKNIFTY29JAN2557000PE.NFO,2024-12-18,11:23:00,2025-01-29,4108.55,4108.55,4108.55,4108.55,0,4080,0
BANKNIFTY29JAN2557000PE.NFO,2024-12-18,11:24:00,2025-01-29,4108.55,4108.55,4108.55,4108.55,0,4080,0
BANKNIFTY29JAN2557000PE.NFO,2024-12-18,11:25:00,2025-01-29,4108.55,4108.55,4108.55,4108.55,0,4080,0
BANKNIFTY29JAN2557000PE.NFO,2024-12-18,11:26:00,2025-01-29,4108.55,4108.55,4108.55,4108.55,0,4080,0
BANKNIFTY29JAN2557000PE.NFO,2024-12-18,11:27:00,2025-01-29,4108.55,4108.55,4108.55,4108.55,0,4080,0
BANKNIFTY29JAN2557000PE.NFO,2024-12-18,11:28:00,2025-01-29,4108.55,4108.55,4108.55,4108.55,0,4080,0
BANKNIFTY29JAN2557000PE.NFO,2024-12-18,11:29:00,2025-01-29,4108.55,4108.55,4108.55,4108.55,0,4080,0
BANKNIFTY29JAN2557000PE.NFO,2024-12-18,11:30:00,2025-01-29,4108.55,4138.85,4108.55,4138.85,15,4080,0
BANKNIFTY29JAN2557000PE.NFO,2024-12-18,11:31:00,2025-01-29,4138.85,4138.85,4138.85,4138.85,0,4080,0
BANKNIFTY29JAN2557000PE.NFO,2024-12-18,11:32:00,2025-01-29,4138.85,4138.85,4138.85,4138.85,0,4080,0
BANKNIFTY29JAN2557000PE.NFO,2024-12-18,11:33:00,2025-01-29,4138.85,4138.85,4138.85,4138.85,0,4080,0
BANKNIFTY29JAN2557000PE.NFO,2024-12-18,11:34:00,2025-01-29,4138.85,4138.85,4138.85,4138.85,0,4080,0
BANKNIFTY29JAN2557000PE.NFO,2024-12-18,11:35:00,2025-01-29,4138.85,4138.85,4138.85,4138.85,0,4080,0
BANKNIFTY29JAN2557000PE.NFO,2024-12-18,11:36:00,2025-01-29,4138.85,4138.85,4138.85,4138.85,0,4080,0
BANKNIFTY29JAN2557000PE.NFO,2024-12-18,11:37:00,2025-01-29,4138.85,4138.85,4138.85,4138.85,0,4080,0
BANKNIFTY29JAN2557000PE.NFO,2024-12-18,11:38:00,2025-01-29,4138.85,4138.85,4138.85,4138.85,0,4080,0
BANKNIFTY29JAN2557000PE.NFO,2024-12-18,11:39:00,2025-01-29,4138.85,4138.85,4138.85,4138.85,0,4080,0
BANKNIFTY29JAN2557000PE.NFO,2024-12-18,11:40:00,2025-01-29,4138.85,4138.85,4138.85,4138.85,0,4080,0
BANKNIFTY29JAN2557000PE.NFO,2024-12-18,11:41:00,2025-01-29,4138.85,4138.85,4138.85,4138.85,0,4080,0
BANKNIFTY29JAN2557000PE.NFO,2024-12-18,11:42:00,2025-01-29,4138.85,4138.85,4138.85,4138.85,0,4080,0
BANKNIFTY29JAN2557000PE.NFO,2024-12-18,11:43:00,2025-01-29,4138.85,4200.0,4138.85,4200.0,15,4080,0
BANKNIFTY29JAN2557000PE.NFO,2024-12-18,11:44:00,2025-01-29,4200.0,4200.0,4200.0,4200.0,30,4080,0
BANKNIFTY29JAN2557000PE.NFO,2024-12-18,11:45:00,2025-01-29,4200.0,4200.0,4200.0,4200.0,0,4080,0
BANKNIFTY29JAN2557000PE.NFO,2024-12-18,11:46:00,2025-01-29,4200.0,4200.0,4200.0,4200.0,0,4080,0
BANKNIFTY29JAN2557000PE.NFO,2024-12-18,11:47:00,2025-01-29,4200.0,4200.0,4200.0,4200.0,0,4080,0
BANKNIFTY29JAN2557000PE.NFO,2024-12-18,11:48:00,2025-01-29,4200.0,4200.0,4151.4,4151.4,15,4035,0
BANKNIFTY29JAN2557000PE.NFO,2024-12-18,11:49:00,2025-01-29,4151.4,4151.4,4151.4,4151.4,0,4035,0
BANKNIFTY29JAN2557000PE.NFO,2024-12-18,11:50:00,2025-01-29,4151.4,4151.4,4151.4,4151.4,0,4035,0
BANKNIFTY29JAN2557000PE.NFO,2024-12-18,11:51:00,2025-01-29,4151.4,4151.4,4151.4,4151.4,0,4035,0
BANKNIFTY29JAN2557000PE.NFO,2024-12-18,11:52:00,2025-01-29,4151.4,4151.4,4151.4,4151.4,0,4035,0
BANKNIFTY29JAN2557000PE.NFO,2024-12-18,11:53:00,2025-01-29,4151.4,4151.4,4151.4,4151.4,0,4035,0
BANKNIFTY29JAN2557000PE.NFO,2024-12-18,11:54:00,2025-01-29,4151.4,4151.4,4151.4,4151.4,0,4035,0
BANKNIFTY29JAN2557000PE.NFO,2024-12-18,11:55:00,2025-01-29,4151.4,4151.4,4151.4,4151.4,0,4035,0
BANKNIFTY29JAN2557000PE.NFO,2024-12-18,11:56:00,2025-01-29,4151.4,4151.4,4151.4,4151.4,0,4035,0
BANKNIFTY29JAN2557000PE.NFO,2024-12-18,11:57:00,2025-01-29,4151.4,4151.4,4151.4,4151.4,0,4035,0
BANKNIFTY29JAN2557000PE.NFO,2024-12-18,11:58:00,2025-01-29,4151.4,4151.4,4151.4,4151.4,0,4035,0
BANKNIFTY29JAN2557000PE.NFO,2024-12-18,11:59:00,2025-01-29,4151.4,4151.4,4151.4,4151.4,0,4035,0
BANKNIFTY29JAN2557000PE.NFO,2024-12-18,12:00:00,2025-01-29,4151.4,4151.4,4151.4,4151.4,0,4035,0
BANKNIFTY29JAN2557000PE.NFO,2024-12-18,12:01:00,2025-01-29,4151.4,4151.4,4151.4,4151.4,0,4035,0
BANKNIFTY29JAN2557000PE.NFO,2024-12-18,12:02:00,2025-01-29,4151.4,4151.4,4151.4,4151.4,0,4035,0
BANKNIFTY29JAN2557000PE.NFO,2024-12-18,12:03:00,2025-01-29,4151.4,4151.4,4151.4,4151.4,0,4035,0
BANKNIFTY29JAN2557000PE.NFO,2024-12-18,12:04:00,2025-01-29,4151.4,4151.4,4151.4,4151.4,0,4035,0
BANKNIFTY29JAN2557000PE.NFO,2024-12-18,12:05:00,2025-01-29,4151.4,4151.4,4151.4,4151.4,0,4035,0
BANKNIFTY29JAN2557000PE.NFO,2024-12-18,12:06:00,2025-01-29,4151.4,4151.4,4151.4,4151.4,0,4035,0
BANKNIFTY29JAN2557000PE.NFO,2024-12-18,12:07:00,2025-01-29,4151.4,4151.4,4151.4,4151.4,0,4035,0
BANKNIFTY29JAN2557000PE.NFO,2024-12-18,12:08:00,2025-01-29,4151.4,4151.4,4151.4,4151.4,0,4035,0
BANKNIFTY29JAN2557000PE.NFO,2024-12-18,12:09:00,2025-01-29,4151.4,4151.4,4151.4,4151.4,0,4035,0
BANKNIFTY29JAN2557000PE.NFO,2024-12-18,12:10:00,2025-01-29,4151.4,4151.4,4151.4,4151.4,0,4035,0
BANKNIFTY29JAN2557000PE.NFO,2024-12-18,12:11:00,2025-01-29,4151.4,4151.4,4151.4,4151.4,0,4035,0
BANKNIFTY29JAN2557000PE.NFO,2024-12-18,12:12:00,2025-01-29,4151.4,4151.4,4151.4,4151.4,0,4035,0
BANKNIFTY29JAN2557000PE.NFO,2024-12-18,12:13:00,2025-01-29,4151.4,4151.4,4151.4,4151.4,0,4035,0
BANKNIFTY29JAN2557000PE.NFO,2024-12-18,12:14:00,2025-01-29,4151.4,4151.4,4151.4,4151.4,0,4035,0
BANKNIFTY29JAN2557000PE.NFO,2024-12-18,12:15:00,2025-01-29,4151.4,4151.4,4151.4,4151.4,0,4035,0
BANKNIFTY29JAN2557000PE.NFO,2024-12-18,12:16:00,2025-01-29,4151.4,4151.4,4151.4,4151.4,0,4035,0
BANKNIFTY29JAN2557000PE.NFO,2024-12-18,12:17:00,2025-01-29,4151.4,4151.4,4151.4,4151.4,0,4035,0
BANKNIFTY29JAN2557000PE.NFO,2024-12-18,12:18:00,2025-01-29,4151.4,4151.4,4151.4,4151.4,0,4035,0
BANKNIFTY29JAN2557000PE.NFO,2024-12-18,12:19:00,2025-01-29,4151.4,4151.4,4151.4,4151.4,0,4035,0
BANKNIFTY29JAN2557000PE.NFO,2024-12-18,12:20:00,2025-01-29,4151.4,4151.4,4151.4,4151.4,0,4035,0
BANKNIFTY29JAN2557000PE.NFO,2024-12-18,12:21:00,2025-01-29,4151.4,4151.4,4151.4,4151.4,0,4035,0
BANKNIFTY29JAN2557000PE.NFO,2024-12-18,12:22:00,2025-01-29,4151.4,4151.4,4151.4,4151.4,0,4035,0
BANKNIFTY29JAN2557000PE.NFO,2024-12-18,12:23:00,2025-01-29,4151.4,4151.4,4151.4,4151.4,0,4035,0
BANKNIFTY29JAN2557000PE.NFO,2024-12-18,12:24:00,2025-01-29,4151.4,4151.4,4151.4,4151.4,0,4035,0
BANKNIFTY29JAN2557000PE.NFO,2024-12-18,12:25:00,2025-01-29,4151.4,4151.4,4151.4,4151.4,0,4035,0
BANKNIFTY29JAN2557000PE.NFO,2024-12-18,12:26:00,2025-01-29,4151.4,4151.4,4151.4,4151.4,0,4035,0
BANKNIFTY29JAN2557000PE.NFO,2024-12-18,12:27:00,2025-01-29,4151.4,4151.4,4151.4,4151.4,0,4035,0
BANKNIFTY29JAN2557000PE.NFO,2024-12-18,12:28:00,2025-01-29,4151.4,4151.4,4151.4,4151.4,0,4035,0
BANKNIFTY29JAN2557000PE.NFO,2024-12-18,12:29:00,2025-01-29,4151.4,4151.4,4151.4,4151.4,0,4035,0
BANKNIFTY29JAN2557000PE.NFO,2024-12-18,12:30:00,2025-01-29,4151.4,4151.4,4151.4,4151.4,0,4035,0
BANKNIFTY29JAN2557000PE.NFO,2024-12-18,12:31:00,2025-01-29,4151.4,4151.4,4151.4,4151.4,0,4035,0
BANKNIFTY29JAN2557000PE.NFO,2024-12-18,12:32:00,2025-01-29,4151.4,4151.4,4151.4,4151.4,0,4035,0
BANKNIFTY29JAN2557000PE.NFO,2024-12-18,12:33:00,2025-01-29,4151.4,4151.4,4151.4,4151.4,0,4035,0
BANKNIFTY29JAN2557000PE.NFO,2024-12-18,12:34:00,2025-01-29,4151.4,4151.4,4151.4,4151.4,0,4035,0
BANKNIFTY29JAN2557000PE.NFO,2024-12-18,12:35:00,2025-01-29,4151.4,4151.4,4151.4,4151.4,0,4035,0
BANKNIFTY29JAN2557000PE.NFO,2024-12-18,12:36:00,2025-01-29,4151.4,4151.4,4151.4,4151.4,0,4035,0
BANKNIFTY29JAN2557000PE.NFO,2024-12-18,12:37:00,2025-01-29,4151.4,4151.4,4151.4,4151.4,0,4035,0
BANKNIFTY29JAN2557000PE.NFO,2024-12-18,12:38:00,2025-01-29,4151.4,4151.4,4151.4,4151.4,0,4035,0
BANKNIFTY29JAN2557000PE.NFO,2024-12-18,12:39:00,2025-01-29,4151.4,4151.4,4151.4,4151.4,0,4035,0
BANKNIFTY29JAN2557000PE.NFO,2024-12-18,12:40:00,2025-01-29,4151.4,4151.4,4151.4,4151.4,0,4035,0
BANKNIFTY29JAN2557000PE.NFO,2024-12-18,12:41:00,2025-01-29,4151.4,4151.4,4151.4,4151.4,0,4035,0
BANKNIFTY29JAN2557000PE.NFO,2024-12-18,12:42:00,2025-01-29,4151.4,4151.4,4151.4,4151.4,0,4035,0
BANKNIFTY29JAN2557000PE.NFO,2024-12-18,12:43:00,2025-01-29,4151.4,4151.4,4151.4,4151.4,0,4035,0
BANKNIFTY29JAN2557000PE.NFO,2024-12-18,12:44:00,2025-01-29,4151.4,4151.4,4151.4,4151.4,0,4035,0
BANKNIFTY29JAN2557000PE.NFO,2024-12-18,12:45:00,2025-01-29,4151.4,4151.4,4151.4,4151.4,0,4035,0
BANKNIFTY29JAN2557000PE.NFO,2024-12-18,12:46:00,2025-01-29,4151.4,4151.4,4151.4,4151.4,0,4035,0
BANKNIFTY29JAN2557000PE.NFO,2024-12-18,12:47:00,2025-01-29,4151.4,4151.4,4151.4,4151.4,0,4035,0
BANKNIFTY29JAN2557000PE.NFO,2024-12-18,12:48:00,2025-01-29,4151.4,4151.4,4151.4,4151.4,0,4035,0
BANKNIFTY29JAN2557000PE.NFO,2024-12-18,12:49:00,2025-01-29,4151.4,4151.4,4151.4,4151.4,0,4035,0
BANKNIFTY29JAN2557000PE.NFO,2024-12-18,12:50:00,2025-01-29,4151.4,4151.4,4151.4,4151.4,0,4035,0
BANKNIFTY29JAN2557000PE.NFO,2024-12-18,12:51:00,2025-01-29,4151.4,4151.4,4151.4,4151.4,0,4035,0
BANKNIFTY29JAN2557000PE.NFO,2024-12-18,12:52:00,2025-01-29,4151.4,4151.4,4151.4,4151.4,0,4035,0
BANKNIFTY29JAN2557000PE.NFO,2024-12-18,12:53:00,2025-01-29,4151.4,4151.4,4151.4,4151.4,0,4035,0
BANKNIFTY29JAN2557000PE.NFO,2024-12-18,12:54:00,2025-01-29,4151.4,4151.4,4151.4,4151.4,0,4035,0
BANKNIFTY29JAN2557000PE.NFO,2024-12-18,12:55:00,2025-01-29,4151.4,4151.4,4151.4,4151.4,0,4035,0
BANKNIFTY29JAN2557000PE.NFO,2024-12-18,12:56:00,2025-01-29,4151.4,4151.4,4151.4,4151.4,0,4035,0
BANKNIFTY29JAN2557000PE.NFO,2024-12-18,12:57:00,2025-01-29,4151.4,4151.4,4151.4,4151.4,0,4035,0
BANKNIFTY29JAN2557000PE.NFO,2024-12-18,12:58:00,2025-01-29,4151.4,4151.4,4151.4,4151.4,0,4035,0
BANKNIFTY29JAN2557000PE.NFO,2024-12-18,12:59:00,2025-01-29,4151.4,4151.4,4151.4,4151.4,0,4035,0
BANKNIFTY29JAN2557000PE.NFO,2024-12-18,13:00:00,2025-01-29,4151.4,4151.4,4151.4,4151.4,0,4035,0
BANKNIFTY29JAN2557000PE.NFO,2024-12-18,13:01:00,2025-01-29,4151.4,4151.4,4151.4,4151.4,0,4035,0
BANKNIFTY29JAN2557000PE.NFO,2024-12-18,13:02:00,2025-01-29,4151.4,4151.4,4151.4,4151.4,0,4035,0
BANKNIFTY29JAN2557000PE.NFO,2024-12-18,13:03:00,2025-01-29,4151.4,4151.4,4151.4,4151.4,0,4035,0
BANKNIFTY29JAN2557000PE.NFO,2024-12-18,13:04:00,2025-01-29,4151.4,4151.4,4151.4,4151.4,0,4035,0
BANKNIFTY29JAN2557000PE.NFO,2024-12-18,13:05:00,2025-01-29,4151.4,4151.4,4151.4,4151.4,0,4035,0
BANKNIFTY29JAN2557000PE.NFO,2024-12-18,13:06:00,2025-01-29,4151.4,4151.4,4151.4,4151.4,0,4035,0
BANKNIFTY29JAN2557000PE.NFO,2024-12-18,13:07:00,2025-01-29,4151.4,4151.4,4151.4,4151.4,0,4035,0
BANKNIFTY29JAN2557000PE.NFO,2024-12-18,13:08:00,2025-01-29,4151.4,4151.4,4151.4,4151.4,0,4035,0
BANKNIFTY29JAN2557000PE.NFO,2024-12-18,13:09:00,2025-01-29,4151.4,4151.4,4151.4,4151.4,0,4035,0
BANKNIFTY29JAN2557000PE.NFO,2024-12-18,13:10:00,2025-01-29,4151.4,4151.4,4151.4,4151.4,0,4035,0
BANKNIFTY29JAN2557000PE.NFO,2024-12-18,13:11:00,2025-01-29,4151.4,4151.4,4151.4,4151.4,0,4035,0
BANKNIFTY29JAN2557000PE.NFO,2024-12-18,13:12:00,2025-01-29,4151.4,4151.4,4151.4,4151.4,0,4035,0
BANKNIFTY29JAN2557000PE.NFO,2024-12-18,13:13:00,2025-01-29,4151.4,4151.4,4151.4,4151.4,0,4035,0
BANKNIFTY29JAN2557000PE.NFO,2024-12-18,13:14:00,2025-01-29,4151.4,4151.4,4151.4,4151.4,0,4035,0
BANKNIFTY29JAN2557000PE.NFO,2024-12-18,13:15:00,2025-01-29,4151.4,4151.4,4151.4,4151.4,0,4035,0
BANKNIFTY29JAN2557000PE.NFO,2024-12-18,13:16:00,2025-01-29,4151.4,4151.4,4151.4,4151.4,0,4035,0
BANKNIFTY29JAN2557000PE.NFO,2024-12-18,13:17:00,2025-01-29,4151.4,4151.4,4151.4,4151.4,0,4035,0
BANKNIFTY29JAN2557000PE.NFO,2024-12-18,13:18:00,2025-01-29,4151.4,4151.4,4150.0,4150.0,30,4050,0
BANKNIFTY29JAN2557000PE.NFO,2024-12-18,13:19:00,2025-01-29,4150.0,4150.0,4150.0,4150.0,45,4050,0
BANKNIFTY29JAN2557000PE.NFO,2024-12-18,13:20:00,2025-01-29,4150.0,4150.0,4150.0,4150.0,0,4050,0
BANKNIFTY29JAN2557000PE.NFO,2024-12-18,13:21:00,2025-01-29,4150.0,4150.0,4150.0,4150.0,0,4050,0
BANKNIFTY29JAN2557000PE.NFO,2024-12-18,13:22:00,2025-01-29,4150.0,4150.0,4150.0,4150.0,0,4050,0
BANKNIFTY29JAN2557000PE.NFO,2024-12-18,13:23:00,2025-01-29,4150.0,4150.0,4150.0,4150.0,0,4050,0
BANKNIFTY29JAN2557000PE.NFO,2024-12-18,13:24:00,2025-01-29,4150.0,4150.0,4150.0,4150.0,0,4050,0
BANKNIFTY29JAN2557000PE.NFO,2024-12-18,13:25:00,2025-01-29,4150.0,4150.0,4150.0,4150.0,0,4050,0
BANKNIFTY29JAN2557000PE.NFO,2024-12-18,13:26:00,2025-01-29,4150.0,4150.0,4150.0,4150.0,0,4050,0
BANKNIFTY29JAN2557000PE.NFO,2024-12-18,13:27:00,2025-01-29,4150.0,4150.0,4150.0,4150.0,0,4050,0
BANKNIFTY29JAN2557000PE.NFO,2024-12-18,13:28:00,2025-01-29,4150.0,4150.0,4150.0,4150.0,0,4050,0
BANKNIFTY29JAN2557000PE.NFO,2024-12-18,13:29:00,2025-01-29,4150.0,4150.0,4150.0,4150.0,0,4050,0
BANKNIFTY29JAN2557000PE.NFO,2024-12-18,13:30:00,2025-01-29,4150.0,4150.0,4150.0,4150.0,0,4050,0
BANKNIFTY29JAN2557000PE.NFO,2024-12-18,13:31:00,2025-01-29,4150.0,4150.0,4150.0,4150.0,0,4050,0
BANKNIFTY29JAN2557000PE.NFO,2024-12-18,13:32:00,2025-01-29,4150.0,4150.0,4150.0,4150.0,0,4050,0
BANKNIFTY29JAN2557000PE.NFO,2024-12-18,13:33:00,2025-01-29,4150.0,4150.0,4150.0,4150.0,0,4050,0
BANKNIFTY29JAN2557000PE.NFO,2024-12-18,13:34:00,2025-01-29,4150.0,4150.0,4150.0,4150.0,0,4050,0
BANKNIFTY29JAN2557000PE.NFO,2024-12-18,13:35:00,2025-01-29,4150.0,4150.0,4150.0,4150.0,0,4050,0
BANKNIFTY29JAN2557000PE.NFO,2024-12-18,13:36:00,2025-01-29,4150.0,4150.0,4150.0,4150.0,0,4050,0
BANKNIFTY29JAN2557000PE.NFO,2024-12-18,13:37:00,2025-01-29,4150.0,4150.0,4150.0,4150.0,0,4050,0
BANKNIFTY29JAN2557000PE.NFO,2024-12-18,13:38:00,2025-01-29,4150.0,4150.0,4150.0,4150.0,0,4050,0
BANKNIFTY29JAN2557000PE.NFO,2024-12-18,13:39:00,2025-01-29,4150.0,4150.0,4150.0,4150.0,0,4050,0
BANKNIFTY29JAN2557000PE.NFO,2024-12-18,13:40:00,2025-01-29,4150.0,4150.0,4150.0,4150.0,0,4050,0
BANKNIFTY29JAN2557000PE.NFO,2024-12-18,13:41:00,2025-01-29,4150.0,4150.0,4150.0,4150.0,0,4050,0
BANKNIFTY29JAN2557000PE.NFO,2024-12-18,13:42:00,2025-01-29,4150.0,4150.0,4150.0,4150.0,0,4050,0
BANKNIFTY29JAN2557000PE.NFO,2024-12-18,13:43:00,2025-01-29,4150.0,4150.0,4150.0,4150.0,0,4050,0
BANKNIFTY29JAN2557000PE.NFO,2024-12-18,13:44:00,2025-01-29,4150.0,4150.0,4150.0,4150.0,0,4050,0
BANKNIFTY29JAN2557000PE.NFO,2024-12-18,13:45:00,2025-01-29,4150.0,4150.0,4150.0,4150.0,0,4050,0
BANKNIFTY29JAN2557000PE.NFO,2024-12-18,13:46:00,2025-01-29,4150.0,4150.0,4150.0,4150.0,0,4050,0
BANKNIFTY29JAN2557000PE.NFO,2024-12-18,13:47:00,2025-01-29,4150.0,4150.0,4150.0,4150.0,0,4050,0
BANKNIFTY29JAN2557000PE.NFO,2024-12-18,13:48:00,2025-01-29,4150.0,4150.0,4150.0,4150.0,0,4050,0
BANKNIFTY29JAN2557000PE.NFO,2024-12-18,13:49:00,2025-01-29,4150.0,4150.0,4150.0,4150.0,0,4050,0
BANKNIFTY29JAN2557000PE.NFO,2024-12-18,13:50:00,2025-01-29,4150.0,4150.0,4150.0,4150.0,0,4050,0
BANKNIFTY29JAN2557000PE.NFO,2024-12-18,13:51:00,2025-01-29,4150.0,4300.0,4150.0,4300.0,15,4095,0
BANKNIFTY29JAN2557000PE.NFO,2024-12-18,13:52:00,2025-01-29,4300.0,4300.0,4300.0,4300.0,0,4095,0
BANKNIFTY29JAN2557000PE.NFO,2024-12-18,13:53:00,2025-01-29,4300.0,4300.0,4300.0,4300.0,0,4095,0
BANKNIFTY29JAN2557000PE.NFO,2024-12-18,13:54:00,2025-01-29,4300.0,4300.0,4300.0,4300.0,0,4095,0
BANKNIFTY29JAN2557000PE.NFO,2024-12-18,13:55:00,2025-01-29,4300.0,4300.0,4300.0,4300.0,0,4095,0
BANKNIFTY29JAN2557000PE.NFO,2024-12-18,13:56:00,2025-01-29,4300.0,4300.0,4300.0,4300.0,0,4095,0
BANKNIFTY29JAN2557000PE.NFO,2024-12-18,13:57:00,2025-01-29,4300.0,4300.0,4300.0,4300.0,0,4095,0
BANKNIFTY29JAN2557000PE.NFO,2024-12-18,13:58:00,2025-01-29,4300.0,4300.0,4300.0,4300.0,0,4095,0
BANKNIFTY29JAN2557000PE.NFO,2024-12-18,13:59:00,2025-01-29,4300.0,4300.0,4300.0,4300.0,0,4095,0
BANKNIFTY29JAN2557000PE.NFO,2024-12-18,14:00:00,2025-01-29,4300.0,4300.0,4300.0,4300.0,0,4095,0
BANKNIFTY29JAN2557000PE.NFO,2024-12-18,14:01:00,2025-01-29,4300.0,4300.0,4300.0,4300.0,0,4095,0
BANKNIFTY29JAN2557000PE.NFO,2024-12-18,14:02:00,2025-01-29,4300.0,4300.0,4300.0,4300.0,0,4095,0
BANKNIFTY29JAN2557000PE.NFO,2024-12-18,14:03:00,2025-01-29,4300.0,4300.0,4300.0,4300.0,0,4095,0
BANKNIFTY29JAN2557000PE.NFO,2024-12-18,14:04:00,2025-01-29,4300.0,4300.0,4300.0,4300.0,0,4095,0
BANKNIFTY29JAN2557000PE.NFO,2024-12-18,14:05:00,2025-01-29,4300.0,4300.0,4300.0,4300.0,0,4095,0
BANKNIFTY29JAN2557000PE.NFO,2024-12-18,14:06:00,2025-01-29,4300.0,4300.0,4300.0,4300.0,0,4095,0
BANKNIFTY29JAN2557000PE.NFO,2024-12-18,14:07:00,2025-01-29,4300.0,4300.0,4300.0,4300.0,0,4095,0
BANKNIFTY29JAN2557000PE.NFO,2024-12-18,14:08:00,2025-01-29,4300.0,4300.0,4300.0,4300.0,0,4095,0
BANKNIFTY29JAN2557000PE.NFO,2024-12-18,14:09:00,2025-01-29,4300.0,4300.0,4300.0,4300.0,0,4095,0
BANKNIFTY29JAN2557000PE.NFO,2024-12-18,14:10:00,2025-01-29,4300.0,4300.0,4300.0,4300.0,0,4095,0
BANKNIFTY29JAN2557000PE.NFO,2024-12-18,14:11:00,2025-01-29,4300.0,4300.0,4300.0,4300.0,0,4095,0
BANKNIFTY29JAN2557000PE.NFO,2024-12-18,14:12:00,2025-01-29,4300.0,4300.0,4300.0,4300.0,0,4095,0
BANKNIFTY29JAN2557000PE.NFO,2024-12-18,14:13:00,2025-01-29,4300.0,4300.0,4300.0,4300.0,0,4095,0
BANKNIFTY29JAN2557000PE.NFO,2024-12-18,14:14:00,2025-01-29,4300.0,4300.0,4300.0,4300.0,0,4095,0
BANKNIFTY29JAN2557000PE.NFO,2024-12-18,14:15:00,2025-01-29,4300.0,4300.0,4300.0,4300.0,0,4095,0
BANKNIFTY29JAN2557000PE.NFO,2024-12-18,14:16:00,2025-01-29,4300.0,4300.0,4300.0,4300.0,0,4095,0
BANKNIFTY29JAN2557000PE.NFO,2024-12-18,14:17:00,2025-01-29,4300.0,4351.4,4300.0,4351.4,15,4095,0
BANKNIFTY29JAN2557000PE.NFO,2024-12-18,14:18:00,2025-01-29,4351.4,4351.4,4351.4,4351.4,0,4095,0
BANKNIFTY29JAN2557000PE.NFO,2024-12-18,14:19:00,2025-01-29,4351.4,4351.4,4351.4,4351.4,0,4095,0
BANKNIFTY29JAN2557000PE.NFO,2024-12-18,14:20:00,2025-01-29,4351.4,4351.4,4351.4,4351.4,0,4095,0
BANKNIFTY29JAN2557000PE.NFO,2024-12-18,14:21:00,2025-01-29,4351.4,4351.4,4351.4,4351.4,0,4095,0
BANKNIFTY29JAN2557000PE.NFO,2024-12-18,14:22:00,2025-01-29,4351.4,4351.4,4351.4,4351.4,0,4095,0
BANKNIFTY29JAN2557000PE.NFO,2024-12-18,14:23:00,2025-01-29,4351.4,4351.4,4351.4,4351.4,0,4095,0
BANKNIFTY29JAN2557000PE.NFO,2024-12-18,14:24:00,2025-01-29,4351.4,4351.4,4351.4,4351.4,0,4095,0
BANKNIFTY29JAN2557000PE.NFO,2024-12-18,14:25:00,2025-01-29,4351.4,4351.4,4351.4,4351.4,0,4095,0
BANKNIFTY29JAN2557000PE.NFO,2024-12-18,14:26:00,2025-01-29,4351.4,4351.4,4351.4,4351.4,0,4095,0
BANKNIFTY29JAN2557000PE.NFO,2024-12-18,14:27:00,2025-01-29,4351.4,4351.4,4351.4,4351.4,0,4095,0
BANKNIFTY29JAN2557000PE.NFO,2024-12-18,14:28:00,2025-01-29,4351.4,4351.4,4351.4,4351.4,0,4095,0
BANKNIFTY29JAN2557000PE.NFO,2024-12-18,14:29:00,2025-01-29,4351.4,4351.4,4351.4,4351.4,0,4095,0
BANKNIFTY29JAN2557000PE.NFO,2024-12-18,14:30:00,2025-01-29,4351.4,4351.4,4351.4,4351.4,0,4095,0
BANKNIFTY29JAN2557000PE.NFO,2024-12-18,14:31:00,2025-01-29,4351.4,4351.4,4351.4,4351.4,0,4095,0
BANKNIFTY29JAN2557000PE.NFO,2024-12-18,14:32:00,2025-01-29,4351.4,4351.4,4351.4,4351.4,0,4095,0
BANKNIFTY29JAN2557000PE.NFO,2024-12-18,14:33:00,2025-01-29,4351.4,4351.4,4351.4,4351.4,0,4095,0
BANKNIFTY29JAN2557000PE.NFO,2024-12-18,14:34:00,2025-01-29,4351.4,4399.9,4351.4,4399.9,15,4095,0
BANKNIFTY29JAN2557000PE.NFO,2024-12-18,14:35:00,2025-01-29,4399.9,4399.9,4399.9,4399.9,0,4095,0
BANKNIFTY29JAN2557000PE.NFO,2024-12-18,14:36:00,2025-01-29,4399.9,4399.9,4399.9,4399.9,0,4095,0
BANKNIFTY29JAN2557000PE.NFO,2024-12-18,14:37:00,2025-01-29,4399.9,4399.9,4399.9,4399.9,0,4095,0
BANKNIFTY29JAN2557000PE.NFO,2024-12-18,14:38:00,2025-01-29,4399.9,4399.9,4399.9,4399.9,0,4095,0
BANKNIFTY29JAN2557000PE.NFO,2024-12-18,14:39:00,2025-01-29,4399.9,4399.9,4399.9,4399.9,0,4095,0
BANKNIFTY29JAN2557000PE.NFO,2024-12-18,14:40:00,2025-01-29,4399.9,4399.9,4399.9,4399.9,0,4095,0
BANKNIFTY29JAN2557000PE.NFO,2024-12-18,14:41:00,2025-01-29,4399.9,4399.9,4399.9,4399.9,0,4095,0
BANKNIFTY29JAN2557000PE.NFO,2024-12-18,14:42:00,2025-01-29,4399.9,4399.9,4399.9,4399.9,0,4095,0
BANKNIFTY29JAN2557000PE.NFO,2024-12-18,14:43:00,2025-01-29,4399.9,4399.9,4399.9,4399.9,0,4095,0
BANKNIFTY29JAN2557000PE.NFO,2024-12-18,14:44:00,2025-01-29,4399.9,4399.9,4399.9,4399.9,0,4095,0
BANKNIFTY29JAN2557000PE.NFO,2024-12-18,14:45:00,2025-01-29,4399.9,4399.9,4399.9,4399.9,0,4095,0
BANKNIFTY29JAN2557000PE.NFO,2024-12-18,14:46:00,2025-01-29,4399.9,4399.9,4399.9,4399.9,0,4095,0
BANKNIFTY29JAN2557000PE.NFO,2024-12-18,14:47:00,2025-01-29,4399.9,4399.9,4399.9,4399.9,0,4095,0
BANKNIFTY29JAN2557000PE.NFO,2024-12-18,14:48:00,2025-01-29,4399.9,4399.9,4399.9,4399.9,0,4095,0
BANKNIFTY29JAN2557000PE.NFO,2024-12-18,14:49:00,2025-01-29,4399.9,4399.9,4399.9,4399.9,0,4095,0
BANKNIFTY29JAN2557000PE.NFO,2024-12-18,14:50:00,2025-01-29,4399.9,4399.9,4399.9,4399.9,0,4095,0
BANKNIFTY29JAN2557000PE.NFO,2024-12-18,14:51:00,2025-01-29,4399.9,4399.9,4399.9,4399.9,0,4095,0
BANKNIFTY29JAN2557000PE.NFO,2024-12-18,14:52:00,2025-01-29,4399.9,4399.9,4399.9,4399.9,0,4095,0
BANKNIFTY29JAN2557000PE.NFO,2024-12-18,14:53:00,2025-01-29,4399.9,4399.9,4399.9,4399.9,0,4095,0
BANKNIFTY29JAN2557000PE.NFO,2024-12-18,14:54:00,2025-01-29,4399.9,4399.9,4399.9,4399.9,0,4095,0
BANKNIFTY29JAN2557000PE.NFO,2024-12-18,14:55:00,2025-01-29,4399.9,4399.9,4399.9,4399.9,0,4095,0
BANKNIFTY29JAN2557000PE.NFO,2024-12-18,14:56:00,2025-01-29,4399.9,4399.9,4399.9,4399.9,0,4095,0
BANKNIFTY29JAN2557000PE.NFO,2024-12-18,14:57:00,2025-01-29,4399.9,4399.9,4399.9,4399.9,0,4095,0
BANKNIFTY29JAN2557000PE.NFO,2024-12-18,14:58:00,2025-01-29,4399.9,4399.9,4369.9,4369.9,30,4110,0
BANKNIFTY29JAN2557000PE.NFO,2024-12-18,14:59:00,2025-01-29,4369.9,4369.9,4369.9,4369.9,0,4110,0
BANKNIFTY29JAN2557000PE.NFO,2024-12-18,15:00:00,2025-01-29,4369.9,4369.9,4369.9,4369.9,0,4110,0
BANKNIFTY29JAN2557000PE.NFO,2024-12-18,15:01:00,2025-01-29,4369.9,4369.9,4369.9,4369.9,0,4110,0
BANKNIFTY29JAN2557000PE.NFO,2024-12-18,15:02:00,2025-01-29,4369.9,4369.9,4369.9,4369.9,0,4110,0
BANKNIFTY29JAN2557000PE.NFO,2024-12-18,15:03:00,2025-01-29,4369.9,4369.9,4369.9,4369.9,0,4110,0
BANKNIFTY29JAN2557000PE.NFO,2024-12-18,15:04:00,2025-01-29,4369.9,4369.9,4369.9,4369.9,0,4110,0
BANKNIFTY29JAN2557000PE.NFO,2024-12-18,15:05:00,2025-01-29,4369.9,4369.9,4369.9,4369.9,0,4110,0
BANKNIFTY29JAN2557000PE.NFO,2024-12-18,15:06:00,2025-01-29,4369.9,4369.9,4369.9,4369.9,0,4110,0
BANKNIFTY29JAN2557000PE.NFO,2024-12-18,15:07:00,2025-01-29,4369.9,4369.9,4369.9,4369.9,0,4110,0
BANKNIFTY29JAN2557000PE.NFO,2024-12-18,15:08:00,2025-01-29,4369.9,4369.9,4369.85,4369.9,45,4110,0
BANKNIFTY29JAN2557000PE.NFO,2024-12-18,15:09:00,2025-01-29,4369.9,4371.0,4352.3,4352.3,75,4110,0
BANKNIFTY29JAN2557000PE.NFO,2024-12-18,15:10:00,2025-01-29,4352.3,4352.3,4352.3,4352.3,0,4110,0
BANKNIFTY29JAN2557000PE.NFO,2024-12-18,15:11:00,2025-01-29,4352.3,4352.3,4352.3,4352.3,0,4110,0
BANKNIFTY29JAN2557000PE.NFO,2024-12-18,15:12:00,2025-01-29,4352.3,4372.3,4352.3,4372.3,30,4095,0
BANKNIFTY29JAN2557000PE.NFO,2024-12-18,15:13:00,2025-01-29,4372.3,4372.3,4372.3,4372.3,0,4095,0
BANKNIFTY29JAN2557000PE.NFO,2024-12-18,15:14:00,2025-01-29,4372.3,4372.3,4372.3,4372.3,0,4095,0
BANKNIFTY29JAN2557000PE.NFO,2024-12-18,15:15:00,2025-01-29,4372.3,4372.3,4372.3,4372.3,0,4095,0
BANKNIFTY29JAN2557000PE.NFO,2024-12-18,15:16:00,2025-01-29,4372.3,4372.3,4372.3,4372.3,0,4095,0
BANKNIFTY29JAN2557000PE.NFO,2024-12-18,15:17:00,2025-01-29,4372.3,4372.3,4372.3,4372.3,0,4095,0
BANKNIFTY29JAN2557000PE.NFO,2024-12-18,15:18:00,2025-01-29,4372.3,4372.3,4372.3,4372.3,0,4095,0
BANKNIFTY29JAN2557000PE.NFO,2024-12-18,15:19:00,2025-01-29,4372.3,4372.3,4250.0,4250.0,30,4095,0
BANKNIFTY29JAN2557000PE.NFO,2024-12-18,15:20:00,2025-01-29,4250.0,4250.0,4250.0,4250.0,0,4095,0
BANKNIFTY29JAN2557000PE.NFO,2024-12-18,15:21:00,2025-01-29,4250.0,4250.0,4250.0,4250.0,0,4095,0
BANKNIFTY29JAN2557000PE.NFO,2024-12-18,15:22:00,2025-01-29,4250.0,4250.0,4250.0,4250.0,0,4095,0
BANKNIFTY29JAN2557000PE.NFO,2024-12-18,15:23:00,2025-01-29,4250.0,4250.0,4250.0,4250.0,0,4095,0
BANKNIFTY29JAN2557000PE.NFO,2024-12-18,15:24:00,2025-01-29,4250.0,4250.0,4250.0,4250.0,0,4095,0
BANKNIFTY29JAN2557000PE.NFO,2024-12-18,15:25:00,2025-01-29,4250.0,4250.0,4250.0,4250.0,0,4095,0
BANKNIFTY29JAN2557000PE.NFO,2024-12-18,15:26:00,2025-01-29,4250.0,4250.0,4250.0,4250.0,0,4095,0
BANKNIFTY29JAN2557000PE.NFO,2024-12-18,15:27:00,2025-01-29,4250.0,4250.0,4250.0,4250.0,0,4095,0
BANKNIFTY29JAN2557000PE.NFO,2024-12-18,15:28:00,2025-01-29,4250.0,4250.0,4250.0,4250.0,0,4095,0
BANKNIFTY29JAN2557000PE.NFO,2024-12-18,15:29:00,2025-01-29,4250.0,4250.0,4250.0,4250.0,0,4095,0
BANKNIFTY29JAN2557000PE.NFO,2024-12-18,15:30:00,2025-01-29,4250.0,4250.0,4250.0,4250.0,0,4095,1
BANKNIFTY29JAN2557000PE.NFO,2024-12-19,09:15:00,2025-01-29,5049.95,5049.95,5049.95,5049.95,0,0,0
BANKNIFTY29JAN2557000PE.NFO,2024-12-19,09:16:00,2025-01-29,5049.95,5049.95,5049.95,5049.95,0,0,1
BANKNIFTY29JAN2557000PE.NFO,2024-12-19,09:17:00,2025-01-29,5049.95,5049.95,5049.95,5049.95,0,0,1
BANKNIFTY29JAN2557000PE.NFO,2024-12-19,09:18:00,2025-01-29,5049.95,5049.95,5049.95,5049.95,0,4095,0
BANKNIFTY29JAN2557000PE.NFO,2024-12-19,09:19:00,2025-01-29,5049.95,5049.95,4950.0,4960.85,105,4140,0
BANKNIFTY29JAN2557000PE.NFO,2024-12-19,09:20:00,2025-01-29,4960.85,5035.85,4960.85,5035.85,15,4140,0
BANKNIFTY29JAN2557000PE.NFO,2024-12-19,09:21:00,2025-01-29,5035.85,5056.1,5035.85,5056.1,15,4140,0
BANKNIFTY29JAN2557000PE.NFO,2024-12-19,09:22:00,2025-01-29,5056.1,5056.1,5030.0,5030.4,75,4095,0
BANKNIFTY29JAN2557000PE.NFO,2024-12-19,09:23:00,2025-01-29,5030.4,5050.0,5030.4,5050.0,120,4095,0
BANKNIFTY29JAN2557000PE.NFO,2024-12-19,09:24:00,2025-01-29,5050.0,5050.0,5025.0,5025.0,15,4095,0
BANKNIFTY29JAN2557000PE.NFO,2024-12-19,09:25:00,2025-01-29,5025.0,5050.0,5025.0,5050.0,15,3915,0
BANKNIFTY29JAN2557000PE.NFO,2024-12-19,09:26:00,2025-01-29,5050.0,5050.0,5050.0,5050.0,0,3915,0
BANKNIFTY29JAN2557000PE.NFO,2024-12-19,09:27:00,2025-01-29,5050.0,5050.0,5050.0,5050.0,0,3915,0
BANKNIFTY29JAN2557000PE.NFO,2024-12-19,09:28:00,2025-01-29,5050.0,5050.0,5000.0,5003.3,45,3900,0
BANKNIFTY29JAN2557000PE.NFO,2024-12-19,09:29:00,2025-01-29,5003.3,5003.3,5003.3,5003.3,0,3900,0
BANKNIFTY29JAN2557000PE.NFO,2024-12-19,09:30:00,2025-01-29,5003.3,5023.7,5003.3,5023.7,15,3945,0
BANKNIFTY29JAN2557000PE.NFO,2024-12-19,09:31:00,2025-01-29,5023.7,5023.7,5023.7,5023.7,0,3945,0
BANKNIFTY29JAN2557000PE.NFO,2024-12-19,09:32:00,2025-01-29,5023.7,5023.7,5023.7,5023.7,0,3945,0
BANKNIFTY29JAN2557000PE.NFO,2024-12-19,09:33:00,2025-01-29,5023.7,5023.7,5023.7,5023.7,0,3945,0
BANKNIFTY29JAN2557000PE.NFO,2024-12-19,09:34:00,2025-01-29,5023.7,5023.7,5023.7,5023.7,0,3945,0
BANKNIFTY29JAN2557000PE.NFO,2024-12-19,09:35:00,2025-01-29,5023.7,5023.7,5023.7,5023.7,0,3945,0
BANKNIFTY29JAN2557000PE.NFO,2024-12-19,09:36:00,2025-01-29,5023.7,5023.7,5023.7,5023.7,0,3945,0
BANKNIFTY29JAN2557000PE.NFO,2024-12-19,09:37:00,2025-01-29,5023.7,5023.7,5023.7,5023.7,0,3945,0
BANKNIFTY29JAN2557000PE.NFO,2024-12-19,09:38:00,2025-01-29,5023.7,5023.7,5023.7,5023.7,0,3945,0
BANKNIFTY29JAN2557000PE.NFO,2024-12-19,09:39:00,2025-01-29,5023.7,5023.7,5023.7,5023.7,0,3945,0
BANKNIFTY29JAN2557000PE.NFO,2024-12-19,09:40:00,2025-01-29,5023.7,5023.7,5023.7,5023.7,0,3945,0
BANKNIFTY29JAN2557000PE.NFO,2024-12-19,09:41:00,2025-01-29,5023.7,5023.7,5023.7,5023.7,0,3945,0
BANKNIFTY29JAN2557000PE.NFO,2024-12-19,09:42:00,2025-01-29,5023.7,5023.7,5023.7,5023.7,0,3945,0
BANKNIFTY29JAN2557000PE.NFO,2024-12-19,09:43:00,2025-01-29,5023.7,5023.7,5023.7,5023.7,0,3945,0
BANKNIFTY29JAN2557000PE.NFO,2024-12-19,09:44:00,2025-01-29,5023.7,5023.7,5023.7,5023.7,0,3945,0
BANKNIFTY29JAN2557000PE.NFO,2024-12-19,09:45:00,2025-01-29,5023.7,5023.7,5023.7,5023.7,0,3945,0
BANKNIFTY29JAN2557000PE.NFO,2024-12-19,09:46:00,2025-01-29,5023.7,5023.7,5023.7,5023.7,0,3945,0
BANKNIFTY29JAN2557000PE.NFO,2024-12-19,09:47:00,2025-01-29,5023.7,5023.7,5023.7,5023.7,0,3945,0
BANKNIFTY29JAN2557000PE.NFO,2024-12-19,09:48:00,2025-01-29,5023.7,5023.7,4946.35,4946.4,30,3960,0
BANKNIFTY29JAN2557000PE.NFO,2024-12-19,09:49:00,2025-01-29,4946.4,4946.4,4946.4,4946.4,0,3960,0
BANKNIFTY29JAN2557000PE.NFO,2024-12-19,09:50:00,2025-01-29,4946.4,4946.4,4946.4,4946.4,0,3960,0
BANKNIFTY29JAN2557000PE.NFO,2024-12-19,09:51:00,2025-01-29,4946.4,4946.4,4946.4,4946.4,0,3960,0
BANKNIFTY29JAN2557000PE.NFO,2024-12-19,09:52:00,2025-01-29,4946.4,4946.4,4900.0,4925.0,45,3945,0
BANKNIFTY29JAN2557000PE.NFO,2024-12-19,09:53:00,2025-01-29,4925.0,4925.0,4925.0,4925.0,0,3945,0
BANKNIFTY29JAN2557000PE.NFO,2024-12-19,09:54:00,2025-01-29,4925.0,4925.0,4925.0,4925.0,0,3945,0
BANKNIFTY29JAN2557000PE.NFO,2024-12-19,09:55:00,2025-01-29,4925.0,4925.0,4925.0,4925.0,0,3945,0
BANKNIFTY29JAN2557000PE.NFO,2024-12-19,09:56:00,2025-01-29,4925.0,4925.0,4925.0,4925.0,0,3945,0
BANKNIFTY29JAN2557000PE.NFO,2024-12-19,09:57:00,2025-01-29,4925.0,4925.0,4925.0,4925.0,0,3945,0
BANKNIFTY29JAN2557000PE.NFO,2024-12-19,09:58:00,2025-01-29,4925.0,4925.0,4925.0,4925.0,0,3945,0
BANKNIFTY29JAN2557000PE.NFO,2024-12-19,09:59:00,2025-01-29,4925.0,4925.0,4925.0,4925.0,0,3945,0
BANKNIFTY29JAN2557000PE.NFO,2024-12-19,10:00:00,2025-01-29,4925.0,4925.0,4893.85,4893.85,30,3945,0
BANKNIFTY29JAN2557000PE.NFO,2024-12-19,10:01:00,2025-01-29,4893.85,4893.85,4893.85,4893.85,0,3945,0
BANKNIFTY29JAN2557000PE.NFO,2024-12-19,10:02:00,2025-01-29,4893.85,4893.85,4893.85,4893.85,0,3945,0
BANKNIFTY29JAN2557000PE.NFO,2024-12-19,10:03:00,2025-01-29,4893.85,4893.85,4893.85,4893.85,0,3945,0
BANKNIFTY29JAN2557000PE.NFO,2024-12-19,10:04:00,2025-01-29,4893.85,4893.85,4893.85,4893.85,0,3945,0
BANKNIFTY29JAN2557000PE.NFO,2024-12-19,10:05:00,2025-01-29,4893.85,4893.85,4893.85,4893.85,0,3945,0
BANKNIFTY29JAN2557000PE.NFO,2024-12-19,10:06:00,2025-01-29,4893.85,4893.85,4893.85,4893.85,0,3945,0
BANKNIFTY29JAN2557000PE.NFO,2024-12-19,10:07:00,2025-01-29,4893.85,4893.85,4893.85,4893.85,0,3945,0
BANKNIFTY29JAN2557000PE.NFO,2024-12-19,10:08:00,2025-01-29,4893.85,4893.85,4893.85,4893.85,0,3945,0
BANKNIFTY29JAN2557000PE.NFO,2024-12-19,10:09:00,2025-01-29,4893.85,4893.85,4893.85,4893.85,0,3945,0
BANKNIFTY29JAN2557000PE.NFO,2024-12-19,10:10:00,2025-01-29,4893.85,4893.85,4893.85,4893.85,0,3945,0
BANKNIFTY29JAN2557000PE.NFO,2024-12-19,10:11:00,2025-01-29,4893.85,4893.85,4893.85,4893.85,0,3945,0
BANKNIFTY29JAN2557000PE.NFO,2024-12-19,10:12:00,2025-01-29,4893.85,4893.85,4893.85,4893.85,0,3945,0
BANKNIFTY29JAN2557000PE.NFO,2024-12-19,10:13:00,2025-01-29,4893.85,4893.85,4893.85,4893.85,0,3945,0
BANKNIFTY29JAN2557000PE.NFO,2024-12-19,10:14:00,2025-01-29,4893.85,4893.85,4893.85,4893.85,0,3945,0
BANKNIFTY29JAN2557000PE.NFO,2024-12-19,10:15:00,2025-01-29,4893.85,4893.85,4893.85,4893.85,0,3945,0
BANKNIFTY29JAN2557000PE.NFO,2024-12-19,10:16:00,2025-01-29,4893.85,4893.85,4893.85,4893.85,0,3945,0
BANKNIFTY29JAN2557000PE.NFO,2024-12-19,10:17:00,2025-01-29,4893.85,4893.85,4893.85,4893.85,0,3945,0
BANKNIFTY29JAN2557000PE.NFO,2024-12-19,10:18:00,2025-01-29,4893.85,4893.85,4893.85,4893.85,0,3945,0
BANKNIFTY29JAN2557000PE.NFO,2024-12-19,10:19:00,2025-01-29,4893.85,4893.85,4893.85,4893.85,0,3945,0
BANKNIFTY29JAN2557000PE.NFO,2024-12-19,10:20:00,2025-01-29,4893.85,4893.85,4893.85,4893.85,0,3945,0
BANKNIFTY29JAN2557000PE.NFO,2024-12-19,10:21:00,2025-01-29,4893.85,4893.85,4893.85,4893.85,0,3945,0
BANKNIFTY29JAN2557000PE.NFO,2024-12-19,10:22:00,2025-01-29,4893.85,4893.85,4893.85,4893.85,0,3945,0
BANKNIFTY29JAN2557000PE.NFO,2024-12-19,10:23:00,2025-01-29,4893.85,4893.85,4893.85,4893.85,0,3945,0
BANKNIFTY29JAN2557000PE.NFO,2024-12-19,10:24:00,2025-01-29,4893.85,4893.85,4893.85,4893.85,0,3945,0
BANKNIFTY29JAN2557000PE.NFO,2024-12-19,10:25:00,2025-01-29,4893.85,4893.85,4893.85,4893.85,0,3945,0
BANKNIFTY29JAN2557000PE.NFO,2024-12-19,10:26:00,2025-01-29,4893.85,4893.85,4893.85,4893.85,0,3945,0
BANKNIFTY29JAN2557000PE.NFO,2024-12-19,10:27:00,2025-01-29,4893.85,4893.85,4893.85,4893.85,0,3945,0
BANKNIFTY29JAN2557000PE.NFO,2024-12-19,10:28:00,2025-01-29,4893.85,4893.85,4893.85,4893.85,0,3945,0
BANKNIFTY29JAN2557000PE.NFO,2024-12-19,10:29:00,2025-01-29,4893.85,4893.85,4893.85,4893.85,0,3945,0
BANKNIFTY29JAN2557000PE.NFO,2024-12-19,10:30:00,2025-01-29,4893.85,4893.85,4893.85,4893.85,0,3945,0
BANKNIFTY29JAN2557000PE.NFO,2024-12-19,10:31:00,2025-01-29,4893.85,4893.85,4893.85,4893.85,0,3945,0
BANKNIFTY29JAN2557000PE.NFO,2024-12-19,10:32:00,2025-01-29,4893.85,4893.85,4893.85,4893.85,0,3945,0
BANKNIFTY29JAN2557000PE.NFO,2024-12-19,10:33:00,2025-01-29,4893.85,4893.85,4893.85,4893.85,0,3945,0
BANKNIFTY29JAN2557000PE.NFO,2024-12-19,10:34:00,2025-01-29,4893.85,4893.85,4893.85,4893.85,0,3945,0
BANKNIFTY29JAN2557000PE.NFO,2024-12-19,10:35:00,2025-01-29,4893.85,4893.85,4893.85,4893.85,0,3945,0
BANKNIFTY29JAN2557000PE.NFO,2024-12-19,10:36:00,2025-01-29,4893.85,4893.85,4893.85,4893.85,0,3945,0
BANKNIFTY29JAN2557000PE.NFO,2024-12-19,10:37:00,2025-01-29,4893.85,4893.85,4893.85,4893.85,0,3945,0
BANKNIFTY29JAN2557000PE.NFO,2024-12-19,10:38:00,2025-01-29,4893.85,4893.85,4893.85,4893.85,0,3945,0
BANKNIFTY29JAN2557000PE.NFO,2024-12-19,10:39:00,2025-01-29,4893.85,4893.85,4893.85,4893.85,0,3945,0
BANKNIFTY29JAN2557000PE.NFO,2024-12-19,10:40:00,2025-01-29,4893.85,4893.85,4893.75,4893.75,60,3945,0
BANKNIFTY29JAN2557000PE.NFO,2024-12-19,10:41:00,2025-01-29,4893.75,4893.75,4893.75,4893.75,0,3945,0
BANKNIFTY29JAN2557000PE.NFO,2024-12-19,10:42:00,2025-01-29,4893.75,4893.75,4893.75,4893.75,0,3945,0
BANKNIFTY29JAN2557000PE.NFO,2024-12-19,10:43:00,2025-01-29,4893.75,4893.75,4893.75,4893.75,0,3945,0
BANKNIFTY29JAN2557000PE.NFO,2024-12-19,10:44:00,2025-01-29,4893.75,4893.75,4893.75,4893.75,0,3945,0
BANKNIFTY29JAN2557000PE.NFO,2024-12-19,10:45:00,2025-01-29,4893.75,4893.75,4893.75,4893.75,0,3945,0
BANKNIFTY29JAN2557000PE.NFO,2024-12-19,10:46:00,2025-01-29,4893.75,4893.75,4893.75,4893.75,0,3945,0
BANKNIFTY29JAN2557000PE.NFO,2024-12-19,10:47:00,2025-01-29,4893.75,4893.75,4893.75,4893.75,0,3945,0
BANKNIFTY29JAN2557000PE.NFO,2024-12-19,10:48:00,2025-01-29,4893.75,4980.0,4893.75,4980.0,15,4005,0
BANKNIFTY29JAN2557000PE.NFO,2024-12-19,10:49:00,2025-01-29,4980.0,4990.6,4980.0,4990.6,15,4005,0
BANKNIFTY29JAN2557000PE.NFO,2024-12-19,10:50:00,2025-01-29,4990.6,5020.0,4990.6,5020.0,15,4005,0
BANKNIFTY29JAN2557000PE.NFO,2024-12-19,10:51:00,2025-01-29,5020.0,5021.9,5020.0,5021.9,15,4005,0
BANKNIFTY29JAN2557000PE.NFO,2024-12-19,10:52:00,2025-01-29,5021.9,5021.9,5021.9,5021.9,15,4020,0
BANKNIFTY29JAN2557000PE.NFO,2024-12-19,10:53:00,2025-01-29,5021.9,5021.9,5000.0,5000.0,15,4020,0
BANKNIFTY29JAN2557000PE.NFO,2024-12-19,10:54:00,2025-01-29,5000.0,5000.0,5000.0,5000.0,0,4020,0
BANKNIFTY29JAN2557000PE.NFO,2024-12-19,10:55:00,2025-01-29,5000.0,5000.0,5000.0,5000.0,0,4020,0
BANKNIFTY29JAN2557000PE.NFO,2024-12-19,10:56:00,2025-01-29,5000.0,5000.0,5000.0,5000.0,0,4020,0
BANKNIFTY29JAN2557000PE.NFO,2024-12-19,10:57:00,2025-01-29,5000.0,5000.0,5000.0,5000.0,0,4020,0
BANKNIFTY29JAN2557000PE.NFO,2024-12-19,10:58:00,2025-01-29,5000.0,5000.0,5000.0,5000.0,0,4020,0
BANKNIFTY29JAN2557000PE.NFO,2024-12-19,10:59:00,2025-01-29,5000.0,5000.0,5000.0,5000.0,0,4020,0
BANKNIFTY29JAN2557000PE.NFO,2024-12-19,11:00:00,2025-01-29,5000.0,5000.0,5000.0,5000.0,0,4020,0
BANKNIFTY29JAN2557000PE.NFO,2024-12-19,11:01:00,2025-01-29,5000.0,5000.0,5000.0,5000.0,0,4020,0
BANKNIFTY29JAN2557000PE.NFO,2024-12-19,11:02:00,2025-01-29,5000.0,5000.0,5000.0,5000.0,0,4020,0
BANKNIFTY29JAN2557000PE.NFO,2024-12-19,11:03:00,2025-01-29,5000.0,5000.0,5000.0,5000.0,0,4020,0
BANKNIFTY29JAN2557000PE.NFO,2024-12-19,11:04:00,2025-01-29,5000.0,5000.0,5000.0,5000.0,0,4020,0
BANKNIFTY29JAN2557000PE.NFO,2024-12-19,11:05:00,2025-01-29,5000.0,5000.0,5000.0,5000.0,0,4020,0
BANKNIFTY29JAN2557000PE.NFO,2024-12-19,11:06:00,2025-01-29,5000.0,5000.0,5000.0,5000.0,0,4020,0
BANKNIFTY29JAN2557000PE.NFO,2024-12-19,11:07:00,2025-01-29,4921.05,4921.05,4921.05,4921.05,255,4020,0
BANKNIFTY29JAN2557000PE.NFO,2024-12-19,11:08:00,2025-01-29,4921.05,4921.05,4921.05,4921.05,0,4020,0
BANKNIFTY29JAN2557000PE.NFO,2024-12-19,11:09:00,2025-01-29,4921.05,4921.05,4921.05,4921.05,0,4020,0
BANKNIFTY29JAN2557000PE.NFO,2024-12-19,11:10:00,2025-01-29,4921.05,4921.05,4921.05,4921.05,0,4020,0
BANKNIFTY29JAN2557000PE.NFO,2024-12-19,11:11:00,2025-01-29,4921.05,4921.05,4921.05,4921.05,0,4020,0
BANKNIFTY29JAN2557000PE.NFO,2024-12-19,11:12:00,2025-01-29,4921.05,4953.0,4921.05,4953.0,30,4140,0
BANKNIFTY29JAN2557000PE.NFO,2024-12-19,11:13:00,2025-01-29,4953.0,4953.0,4953.0,4953.0,0,4140,0
BANKNIFTY29JAN2557000PE.NFO,2024-12-19,11:14:00,2025-01-29,4953.0,4953.0,4953.0,4953.0,0,4140,0
BANKNIFTY29JAN2557000PE.NFO,2024-12-19,11:15:00,2025-01-29,4953.0,4953.0,4953.0,4953.0,0,4140,0
BANKNIFTY29JAN2557000PE.NFO,2024-12-19,11:16:00,2025-01-29,4953.0,4953.0,4953.0,4953.0,0,4140,0
BANKNIFTY29JAN2557000PE.NFO,2024-12-19,11:17:00,2025-01-29,4953.0,4953.0,4953.0,4953.0,0,4140,0
BANKNIFTY29JAN2557000PE.NFO,2024-12-19,11:18:00,2025-01-29,4953.0,4953.0,4953.0,4953.0,0,4140,0
BANKNIFTY29JAN2557000PE.NFO,2024-12-19,11:19:00,2025-01-29,4953.0,4953.0,4855.65,4855.65,15,4110,0
BANKNIFTY29JAN2557000PE.NFO,2024-12-19,11:20:00,2025-01-29,4855.65,4855.65,4855.65,4855.65,0,4110,0
BANKNIFTY29JAN2557000PE.NFO,2024-12-19,11:21:00,2025-01-29,4855.65,4855.65,4855.65,4855.65,0,4110,0
BANKNIFTY29JAN2557000PE.NFO,2024-12-19,11:22:00,2025-01-29,4855.65,4855.65,4855.65,4855.65,0,4110,0
BANKNIFTY29JAN2557000PE.NFO,2024-12-19,11:23:00,2025-01-29,4855.65,4855.65,4855.65,4855.65,0,4110,0
BANKNIFTY29JAN2557000PE.NFO,2024-12-19,11:24:00,2025-01-29,4855.65,4855.65,4855.65,4855.65,0,4110,0
BANKNIFTY29JAN2557000PE.NFO,2024-12-19,11:25:00,2025-01-29,4855.65,4859.35,4855.65,4859.35,90,4110,0
BANKNIFTY29JAN2557000PE.NFO,2024-12-19,11:26:00,2025-01-29,4859.35,4859.35,4859.35,4859.35,0,4110,0
BANKNIFTY29JAN2557000PE.NFO,2024-12-19,11:27:00,2025-01-29,4859.35,4859.35,4859.35,4859.35,0,4110,0
BANKNIFTY29JAN2557000PE.NFO,2024-12-19,11:28:00,2025-01-29,4859.35,4859.35,4859.35,4859.35,0,4110,0
BANKNIFTY29JAN2557000PE.NFO,2024-12-19,11:29:00,2025-01-29,4859.35,4859.35,4859.35,4859.35,0,4110,0
BANKNIFTY29JAN2557000PE.NFO,2024-12-19,11:30:00,2025-01-29,4859.35,4859.35,4859.35,4859.35,0,4110,0
BANKNIFTY29JAN2557000PE.NFO,2024-12-19,11:31:00,2025-01-29,4859.35,4859.35,4859.35,4859.35,0,4110,0
BANKNIFTY29JAN2557000PE.NFO,2024-12-19,11:32:00,2025-01-29,4859.35,4859.35,4859.35,4859.35,0,4110,0
BANKNIFTY29JAN2557000PE.NFO,2024-12-19,11:33:00,2025-01-29,4859.35,4859.35,4859.35,4859.35,0,4110,0
BANKNIFTY29JAN2557000PE.NFO,2024-12-19,11:34:00,2025-01-29,4859.35,4859.35,4859.35,4859.35,0,4110,0
BANKNIFTY29JAN2557000PE.NFO,2024-12-19,11:35:00,2025-01-29,4859.35,4859.35,4859.35,4859.35,0,4110,0
BANKNIFTY29JAN2557000PE.NFO,2024-12-19,11:36:00,2025-01-29,4859.35,4859.35,4859.35,4859.35,0,4110,0
BANKNIFTY29JAN2557000PE.NFO,2024-12-19,11:37:00,2025-01-29,4859.35,4859.35,4859.35,4859.35,0,4110,0
BANKNIFTY29JAN2557000PE.NFO,2024-12-19,11:38:00,2025-01-29,4859.35,4859.35,4730.0,4730.0,45,4050,0
BANKNIFTY29JAN2557000PE.NFO,2024-12-19,11:39:00,2025-01-29,4730.0,4730.0,4730.0,4730.0,0,4050,0
BANKNIFTY29JAN2557000PE.NFO,2024-12-19,11:40:00,2025-01-29,4730.0,4730.0,4730.0,4730.0,0,4050,0
BANKNIFTY29JAN2557000PE.NFO,2024-12-19,11:41:00,2025-01-29,4730.0,4730.0,4730.0,4730.0,0,4050,0
BANKNIFTY29JAN2557000PE.NFO,2024-12-19,11:42:00,2025-01-29,4730.0,4730.0,4730.0,4730.0,0,4050,0
BANKNIFTY29JAN2557000PE.NFO,2024-12-19,11:43:00,2025-01-29,4730.0,4730.0,4730.0,4730.0,0,4050,0
BANKNIFTY29JAN2557000PE.NFO,2024-12-19,11:44:00,2025-01-29,4730.0,4730.0,4730.0,4730.0,0,4050,0
BANKNIFTY29JAN2557000PE.NFO,2024-12-19,11:45:00,2025-01-29,4730.0,4750.0,4730.0,4750.0,45,4020,0
BANKNIFTY29JAN2557000PE.NFO,2024-12-19,11:46:00,2025-01-29,4750.0,4750.0,4750.0,4750.0,0,4020,0
BANKNIFTY29JAN2557000PE.NFO,2024-12-19,11:47:00,2025-01-29,4750.0,4750.0,4750.0,4750.0,0,4020,0
BANKNIFTY29JAN2557000PE.NFO,2024-12-19,11:48:00,2025-01-29,4750.0,4750.0,4750.0,4750.0,0,4020,0
BANKNIFTY29JAN2557000PE.NFO,2024-12-19,11:49:00,2025-01-29,4750.0,4750.0,4750.0,4750.0,0,4020,0
BANKNIFTY29JAN2557000PE.NFO,2024-12-19,11:50:00,2025-01-29,4750.0,4750.0,4750.0,4750.0,0,4020,0
BANKNIFTY29JAN2557000PE.NFO,2024-12-19,11:51:00,2025-01-29,4750.0,4750.0,4750.0,4750.0,0,4020,0
BANKNIFTY29JAN2557000PE.NFO,2024-12-19,11:52:00,2025-01-29,4750.0,4750.0,4750.0,4750.0,0,4020,0
BANKNIFTY29JAN2557000PE.NFO,2024-12-19,11:53:00,2025-01-29,4750.0,4750.0,4750.0,4750.0,0,4020,0
BANKNIFTY29JAN2557000PE.NFO,2024-12-19,11:54:00,2025-01-29,4750.0,4750.0,4750.0,4750.0,0,4020,0
BANKNIFTY29JAN2557000PE.NFO,2024-12-19,11:55:00,2025-01-29,4750.0,4750.0,4750.0,4750.0,0,4020,0
BANKNIFTY29JAN2557000PE.NFO,2024-12-19,11:56:00,2025-01-29,4750.0,4750.0,4750.0,4750.0,0,4020,0
BANKNIFTY29JAN2557000PE.NFO,2024-12-19,11:57:00,2025-01-29,4750.0,4750.0,4750.0,4750.0,0,4020,0
BANKNIFTY29JAN2557000PE.NFO,2024-12-19,11:58:00,2025-01-29,4750.0,4750.0,4750.0,4750.0,0,4020,0
BANKNIFTY29JAN2557000PE.NFO,2024-12-19,11:59:00,2025-01-29,4750.0,4750.0,4750.0,4750.0,0,4020,0
BANKNIFTY29JAN2557000PE.NFO,2024-12-19,12:00:00,2025-01-29,4750.0,4750.0,4750.0,4750.0,0,4020,0
BANKNIFTY29JAN2557000PE.NFO,2024-12-19,12:01:00,2025-01-29,4750.0,4750.0,4750.0,4750.0,0,4020,0
BANKNIFTY29JAN2557000PE.NFO,2024-12-19,12:02:00,2025-01-29,4750.0,4750.0,4750.0,4750.0,0,4020,0
BANKNIFTY29JAN2557000PE.NFO,2024-12-19,12:03:00,2025-01-29,4750.0,4750.0,4750.0,4750.0,0,4020,0
BANKNIFTY29JAN2557000PE.NFO,2024-12-19,12:04:00,2025-01-29,4750.0,4750.0,4750.0,4750.0,0,4020,0
BANKNIFTY29JAN2557000PE.NFO,2024-12-19,12:05:00,2025-01-29,4750.0,4750.0,4750.0,4750.0,0,4020,0
BANKNIFTY29JAN2557000PE.NFO,2024-12-19,12:06:00,2025-01-29,4750.0,4750.0,4750.0,4750.0,0,4020,0
BANKNIFTY29JAN2557000PE.NFO,2024-12-19,12:07:00,2025-01-29,4750.0,4750.0,4750.0,4750.0,0,4020,0
BANKNIFTY29JAN2557000PE.NFO,2024-12-19,12:08:00,2025-01-29,4750.0,4750.0,4750.0,4750.0,0,4020,0
BANKNIFTY29JAN2557000PE.NFO,2024-12-19,12:09:00,2025-01-29,4750.0,4750.0,4750.0,4750.0,0,4020,0
BANKNIFTY29JAN2557000PE.NFO,2024-12-19,12:10:00,2025-01-29,4750.0,4750.0,4750.0,4750.0,0,4020,0
BANKNIFTY29JAN2557000PE.NFO,2024-12-19,12:11:00,2025-01-29,4750.0,4750.0,4750.0,4750.0,0,4020,0
BANKNIFTY29JAN2557000PE.NFO,2024-12-19,12:12:00,2025-01-29,4750.0,4750.0,4750.0,4750.0,0,4020,0
BANKNIFTY29JAN2557000PE.NFO,2024-12-19,12:13:00,2025-01-29,4750.0,4750.0,4750.0,4750.0,0,4020,0
BANKNIFTY29JAN2557000PE.NFO,2024-12-19,12:14:00,2025-01-29,4750.0,4750.0,4750.0,4750.0,0,4020,0
BANKNIFTY29JAN2557000PE.NFO,2024-12-19,12:15:00,2025-01-29,4750.0,4750.0,4750.0,4750.0,0,4020,0
BANKNIFTY29JAN2557000PE.NFO,2024-12-19,12:16:00,2025-01-29,4750.0,4750.0,4750.0,4750.0,0,4020,0
BANKNIFTY29JAN2557000PE.NFO,2024-12-19,12:17:00,2025-01-29,4750.0,4750.0,4750.0,4750.0,0,4020,0
BANKNIFTY29JAN2557000PE.NFO,2024-12-19,12:18:00,2025-01-29,4750.0,4750.0,4750.0,4750.0,0,4020,0
BANKNIFTY29JAN2557000PE.NFO,2024-12-19,12:19:00,2025-01-29,4750.0,4750.0,4750.0,4750.0,0,4020,0
BANKNIFTY29JAN2557000PE.NFO,2024-12-19,12:20:00,2025-01-29,4750.0,4750.0,4750.0,4750.0,0,4020,0
BANKNIFTY29JAN2557000PE.NFO,2024-12-19,12:21:00,2025-01-29,4750.0,4750.0,4750.0,4750.0,0,4020,0
BANKNIFTY29JAN2557000PE.NFO,2024-12-19,12:22:00,2025-01-29,4750.0,4750.0,4750.0,4750.0,0,4020,0
BANKNIFTY29JAN2557000PE.NFO,2024-12-19,12:23:00,2025-01-29,4750.0,4750.0,4750.0,4750.0,0,4020,0
BANKNIFTY29JAN2557000PE.NFO,2024-12-19,12:24:00,2025-01-29,4750.0,4750.0,4750.0,4750.0,0,4020,0
BANKNIFTY29JAN2557000PE.NFO,2024-12-19,12:25:00,2025-01-29,4750.0,4750.0,4750.0,4750.0,0,4020,0
BANKNIFTY29JAN2557000PE.NFO,2024-12-19,12:26:00,2025-01-29,4750.0,4750.0,4750.0,4750.0,0,4020,0
BANKNIFTY29JAN2557000PE.NFO,2024-12-19,12:27:00,2025-01-29,4750.0,4750.0,4750.0,4750.0,0,4020,0
BANKNIFTY29JAN2557000PE.NFO,2024-12-19,12:28:00,2025-01-29,4750.0,4750.0,4750.0,4750.0,0,4020,0
BANKNIFTY29JAN2557000PE.NFO,2024-12-19,12:29:00,2025-01-29,4750.0,4750.0,4750.0,4750.0,0,4020,1
BANKNIFTY29JAN2557000PE.NFO,2024-12-19,12:30:00,2025-01-29,4750.0,4750.0,4750.0,4750.0,0,4020,0
BANKNIFTY29JAN2557000PE.NFO,2024-12-19,12:31:00,2025-01-29,4750.0,4750.0,4750.0,4750.0,0,4020,1
BANKNIFTY29JAN2557000PE.NFO,2024-12-19,12:32:00,2025-01-29,4750.0,4750.0,4750.0,4750.0,0,4020,0
BANKNIFTY29JAN2557000PE.NFO,2024-12-19,12:33:00,2025-01-29,4750.0,4750.0,4750.0,4750.0,0,4020,0
BANKNIFTY29JAN2557000PE.NFO,2024-12-19,12:34:00,2025-01-29,4750.0,4750.0,4750.0,4750.0,0,4020,0
BANKNIFTY29JAN2557000PE.NFO,2024-12-19,12:35:00,2025-01-29,4750.0,4750.0,4750.0,4750.0,0,4020,0
BANKNIFTY29JAN2557000PE.NFO,2024-12-19,12:36:00,2025-01-29,4750.0,4750.0,4750.0,4750.0,0,4020,0
BANKNIFTY29JAN2557000PE.NFO,2024-12-19,12:37:00,2025-01-29,4750.0,4800.0,4750.0,4800.0,15,4065,0
BANKNIFTY29JAN2557000PE.NFO,2024-12-19,12:38:00,2025-01-29,4800.0,4800.0,4800.0,4800.0,0,4065,0
BANKNIFTY29JAN2557000PE.NFO,2024-12-19,12:39:00,2025-01-29,4800.0,4800.0,4800.0,4800.0,0,4065,0
BANKNIFTY29JAN2557000PE.NFO,2024-12-19,12:40:00,2025-01-29,4800.0,4800.0,4800.0,4800.0,0,4065,0
BANKNIFTY29JAN2557000PE.NFO,2024-12-19,12:41:00,2025-01-29,4800.0,4800.0,4795.6,4795.6,15,4050,0
BANKNIFTY29JAN2557000PE.NFO,2024-12-19,12:42:00,2025-01-29,4795.6,4795.6,4795.6,4795.6,0,4050,0
BANKNIFTY29JAN2557000PE.NFO,2024-12-19,12:43:00,2025-01-29,4795.6,4799.95,4795.6,4799.95,15,4050,0
BANKNIFTY29JAN2557000PE.NFO,2024-12-19,12:44:00,2025-01-29,4799.95,4799.95,4799.95,4799.95,0,4050,0
BANKNIFTY29JAN2557000PE.NFO,2024-12-19,12:45:00,2025-01-29,4799.95,4799.95,4799.95,4799.95,0,4050,0
BANKNIFTY29JAN2557000PE.NFO,2024-12-19,12:46:00,2025-01-29,4799.95,4799.95,4799.95,4799.95,0,4050,0
BANKNIFTY29JAN2557000PE.NFO,2024-12-19,12:47:00,2025-01-29,4799.95,4799.95,4799.95,4799.95,0,4050,0
BANKNIFTY29JAN2557000PE.NFO,2024-12-19,12:48:00,2025-01-29,4799.95,4799.95,4799.95,4799.95,0,4050,0
BANKNIFTY29JAN2557000PE.NFO,2024-12-19,12:49:00,2025-01-29,4799.95,4799.95,4799.95,4799.95,0,4050,0
BANKNIFTY29JAN2557000PE.NFO,2024-12-19,12:50:00,2025-01-29,4799.95,4799.95,4799.95,4799.95,0,4050,0
BANKNIFTY29JAN2557000PE.NFO,2024-12-19,12:51:00,2025-01-29,4799.95,4799.95,4799.95,4799.95,0,4050,0
BANKNIFTY29JAN2557000PE.NFO,2024-12-19,12:52:00,2025-01-29,4799.95,4799.95,4799.95,4799.95,0,4050,0
BANKNIFTY29JAN2557000PE.NFO,2024-12-19,12:53:00,2025-01-29,4799.95,4805.0,4799.95,4805.0,15,4035,0
BANKNIFTY29JAN2557000PE.NFO,2024-12-19,12:54:00,2025-01-29,4805.0,4820.45,4805.0,4820.45,15,4035,0
BANKNIFTY29JAN2557000PE.NFO,2024-12-19,12:55:00,2025-01-29,4820.45,4820.45,4820.45,4820.45,0,4035,0
BANKNIFTY29JAN2557000PE.NFO,2024-12-19,12:56:00,2025-01-29,4820.45,4820.45,4820.45,4820.45,0,4035,0
BANKNIFTY29JAN2557000PE.NFO,2024-12-19,12:57:00,2025-01-29,4820.45,4820.45,4820.45,4820.45,0,4035,0
BANKNIFTY29JAN2557000PE.NFO,2024-12-19,12:58:00,2025-01-29,4820.45,4820.45,4820.45,4820.45,0,4035,0
BANKNIFTY29JAN2557000PE.NFO,2024-12-19,12:59:00,2025-01-29,4820.45,4820.45,4820.45,4820.45,0,4035,0
BANKNIFTY29JAN2557000PE.NFO,2024-12-19,13:00:00,2025-01-29,4820.45,4820.45,4820.45,4820.45,0,4035,0
BANKNIFTY29JAN2557000PE.NFO,2024-12-19,13:01:00,2025-01-29,4820.45,4820.45,4820.45,4820.45,0,4035,0
BANKNIFTY29JAN2557000PE.NFO,2024-12-19,13:02:00,2025-01-29,4820.45,4820.45,4820.45,4820.45,0,4035,0
BANKNIFTY29JAN2557000PE.NFO,2024-12-19,13:03:00,2025-01-29,4820.45,4820.45,4820.45,4820.45,0,4035,0
BANKNIFTY29JAN2557000PE.NFO,2024-12-19,13:04:00,2025-01-29,4820.45,4820.45,4820.45,4820.45,0,4035,0
BANKNIFTY29JAN2557000PE.NFO,2024-12-19,13:05:00,2025-01-29,4820.45,4820.45,4820.45,4820.45,0,4035,0
BANKNIFTY29JAN2557000PE.NFO,2024-12-19,13:06:00,2025-01-29,4820.45,4820.45,4820.45,4820.45,0,4035,0
BANKNIFTY29JAN2557000PE.NFO,2024-12-19,13:07:00,2025-01-29,4820.45,4820.45,4820.45,4820.45,0,4035,0
BANKNIFTY29JAN2557000PE.NFO,2024-12-19,13:08:00,2025-01-29,4820.45,4820.45,4820.45,4820.45,0,4035,0
BANKNIFTY29JAN2557000PE.NFO,2024-12-19,13:09:00,2025-01-29,4820.45,4820.45,4820.45,4820.45,0,4035,0
BANKNIFTY29JAN2557000PE.NFO,2024-12-19,13:10:00,2025-01-29,4820.45,4820.45,4820.45,4820.45,0,4035,0
BANKNIFTY29JAN2557000PE.NFO,2024-12-19,13:11:00,2025-01-29,4820.45,4820.45,4820.45,4820.45,0,4035,0
BANKNIFTY29JAN2557000PE.NFO,2024-12-19,13:12:00,2025-01-29,4820.45,4820.45,4820.45,4820.45,0,4035,0
BANKNIFTY29JAN2557000PE.NFO,2024-12-19,13:13:00,2025-01-29,4820.45,4820.45,4820.45,4820.45,0,4035,0
BANKNIFTY29JAN2557000PE.NFO,2024-12-19,13:14:00,2025-01-29,4820.45,4820.45,4820.45,4820.45,0,4035,0
BANKNIFTY29JAN2557000PE.NFO,2024-12-19,13:15:00,2025-01-29,4820.45,4820.45,4800.0,4800.0,30,4005,0
BANKNIFTY29JAN2557000PE.NFO,2024-12-19,13:16:00,2025-01-29,4800.0,4800.0,4800.0,4800.0,0,4005,0
BANKNIFTY29JAN2557000PE.NFO,2024-12-19,13:17:00,2025-01-29,4800.0,4800.0,4800.0,4800.0,0,4005,0
BANKNIFTY29JAN2557000PE.NFO,2024-12-19,13:18:00,2025-01-29,4800.0,4800.0,4800.0,4800.0,0,4005,0
BANKNIFTY29JAN2557000PE.NFO,2024-12-19,13:19:00,2025-01-29,4800.0,4900.0,4800.0,4900.0,15,4005,0
BANKNIFTY29JAN2557000PE.NFO,2024-12-19,13:20:00,2025-01-29,4900.0,4900.0,4900.0,4900.0,0,4005,0
BANKNIFTY29JAN2557000PE.NFO,2024-12-19,13:21:00,2025-01-29,4900.0,4900.0,4900.0,4900.0,0,4005,0
BANKNIFTY29JAN2557000PE.NFO,2024-12-19,13:22:00,2025-01-29,4900.0,4900.0,4900.0,4900.0,0,4005,0
BANKNIFTY29JAN2557000PE.NFO,2024-12-19,13:23:00,2025-01-29,4900.0,4900.0,4831.5,4831.5,15,3990,0
BANKNIFTY29JAN2557000PE.NFO,2024-12-19,13:24:00,2025-01-29,4831.5,4831.5,4831.5,4831.5,0,3990,0
BANKNIFTY29JAN2557000PE.NFO,2024-12-19,13:25:00,2025-01-29,4831.5,4831.5,4831.5,4831.5,0,3990,0
BANKNIFTY29JAN2557000PE.NFO,2024-12-19,13:26:00,2025-01-29,4831.5,4831.5,4831.5,4831.5,0,3990,0
BANKNIFTY29JAN2557000PE.NFO,2024-12-19,13:27:00,2025-01-29,4831.5,4831.5,4831.5,4831.5,0,3990,0
BANKNIFTY29JAN2557000PE.NFO,2024-12-19,13:28:00,2025-01-29,4831.5,4831.5,4831.5,4831.5,0,3990,0
BANKNIFTY29JAN2557000PE.NFO,2024-12-19,13:29:00,2025-01-29,4831.5,4831.5,4831.5,4831.5,0,3990,0
BANKNIFTY29JAN2557000PE.NFO,2024-12-19,13:30:00,2025-01-29,4831.5,4850.0,4831.5,4850.0,45,3990,0
BANKNIFTY29JAN2557000PE.NFO,2024-12-19,13:31:00,2025-01-29,4850.0,4899.0,4850.0,4899.0,15,3990,0
BANKNIFTY29JAN2557000PE.NFO,2024-12-19,13:32:00,2025-01-29,4899.0,4899.0,4899.0,4899.0,0,3990,0
BANKNIFTY29JAN2557000PE.NFO,2024-12-19,13:33:00,2025-01-29,4899.0,4899.0,4899.0,4899.0,0,3990,0
BANKNIFTY29JAN2557000PE.NFO,2024-12-19,13:34:00,2025-01-29,4899.0,4899.0,4899.0,4899.0,0,3990,0
BANKNIFTY29JAN2557000PE.NFO,2024-12-19,13:35:00,2025-01-29,4899.0,4899.0,4899.0,4899.0,0,3990,0
BANKNIFTY29JAN2557000PE.NFO,2024-12-19,13:36:00,2025-01-29,4899.0,4899.0,4899.0,4899.0,0,3990,0
BANKNIFTY29JAN2557000PE.NFO,2024-12-19,13:37:00,2025-01-29,4899.0,4899.0,4899.0,4899.0,0,3990,0
BANKNIFTY29JAN2557000PE.NFO,2024-12-19,13:38:00,2025-01-29,4899.0,4899.0,4899.0,4899.0,0,3990,0
BANKNIFTY29JAN2557000PE.NFO,2024-12-19,13:39:00,2025-01-29,4899.0,4899.0,4898.45,4898.45,15,3990,0
BANKNIFTY29JAN2557000PE.NFO,2024-12-19,13:40:00,2025-01-29,4898.45,4898.45,4875.0,4875.0,60,3990,0
BANKNIFTY29JAN2557000PE.NFO,2024-12-19,13:41:00,2025-01-29,4875.0,4875.0,4875.0,4875.0,0,3990,0
BANKNIFTY29JAN2557000PE.NFO,2024-12-19,13:42:00,2025-01-29,4875.0,4918.6,4875.0,4918.6,15,3990,0
BANKNIFTY29JAN2557000PE.NFO,2024-12-19,13:43:00,2025-01-29,4918.6,4918.6,4918.6,4918.6,0,3990,0
BANKNIFTY29JAN2557000PE.NFO,2024-12-19,13:44:00,2025-01-29,4918.6,4918.6,4918.6,4918.6,0,3990,0
BANKNIFTY29JAN2557000PE.NFO,2024-12-19,13:45:00,2025-01-29,4918.6,4918.6,4918.6,4918.6,0,3990,0
BANKNIFTY29JAN2557000PE.NFO,2024-12-19,13:46:00,2025-01-29,4918.6,4918.6,4918.6,4918.6,0,3990,0
BANKNIFTY29JAN2557000PE.NFO,2024-12-19,13:47:00,2025-01-29,4918.6,4918.6,4918.6,4918.6,0,3990,0
BANKNIFTY29JAN2557000PE.NFO,2024-12-19,13:48:00,2025-01-29,4918.6,4918.6,4918.6,4918.6,0,3990,0
BANKNIFTY29JAN2557000PE.NFO,2024-12-19,13:49:00,2025-01-29,4918.6,4918.6,4918.6,4918.6,0,3990,0
BANKNIFTY29JAN2557000PE.NFO,2024-12-19,13:50:00,2025-01-29,4918.6,4918.6,4918.6,4918.6,0,3990,0
BANKNIFTY29JAN2557000PE.NFO,2024-12-19,13:51:00,2025-01-29,4918.6,4918.6,4918.6,4918.6,0,3990,0
BANKNIFTY29JAN2557000PE.NFO,2024-12-19,13:52:00,2025-01-29,4918.6,4918.6,4918.6,4918.6,0,3990,0
BANKNIFTY29JAN2557000PE.NFO,2024-12-19,13:53:00,2025-01-29,4918.6,4918.6,4918.6,4918.6,0,3990,0
BANKNIFTY29JAN2557000PE.NFO,2024-12-19,13:54:00,2025-01-29,4918.6,4918.6,4918.6,4918.6,0,3990,0
BANKNIFTY29JAN2557000PE.NFO,2024-12-19,13:55:00,2025-01-29,4918.6,4918.6,4918.6,4918.6,0,3990,0
BANKNIFTY29JAN2557000PE.NFO,2024-12-19,13:56:00,2025-01-29,4918.6,4918.6,4918.6,4918.6,0,3990,0
BANKNIFTY29JAN2557000PE.NFO,2024-12-19,13:57:00,2025-01-29,4918.6,4918.6,4918.6,4918.6,0,3990,0
BANKNIFTY29JAN2557000PE.NFO,2024-12-19,13:58:00,2025-01-29,4918.6,4918.6,4918.6,4918.6,0,3990,0
BANKNIFTY29JAN2557000PE.NFO,2024-12-19,13:59:00,2025-01-29,4918.6,4918.6,4918.6,4918.6,0,3990,0
BANKNIFTY29JAN2557000PE.NFO,2024-12-19,14:00:00,2025-01-29,4918.6,4918.6,4918.6,4918.6,0,3990,0
BANKNIFTY29JAN2557000PE.NFO,2024-12-19,14:01:00,2025-01-29,4918.6,4918.6,4918.6,4918.6,0,3990,0
BANKNIFTY29JAN2557000PE.NFO,2024-12-19,14:02:00,2025-01-29,4918.6,4918.6,4918.6,4918.6,0,3990,0
BANKNIFTY29JAN2557000PE.NFO,2024-12-19,14:03:00,2025-01-29,4918.6,4918.6,4918.6,4918.6,0,3990,0
BANKNIFTY29JAN2557000PE.NFO,2024-12-19,14:04:00,2025-01-29,4918.6,4918.6,4880.0,4880.0,15,3975,0
BANKNIFTY29JAN2557000PE.NFO,2024-12-19,14:05:00,2025-01-29,4880.0,4884.25,4880.0,4884.25,45,3975,0
BANKNIFTY29JAN2557000PE.NFO,2024-12-19,14:06:00,2025-01-29,4884.25,4884.25,4884.25,4884.25,0,3975,0
BANKNIFTY29JAN2557000PE.NFO,2024-12-19,14:07:00,2025-01-29,4884.25,4884.25,4880.0,4880.0,45,3975,0
BANKNIFTY29JAN2557000PE.NFO,2024-12-19,14:08:00,2025-01-29,4880.0,4880.0,4880.0,4880.0,0,3975,0
BANKNIFTY29JAN2557000PE.NFO,2024-12-19,14:09:00,2025-01-29,4880.0,4880.0,4880.0,4880.0,0,3975,0
BANKNIFTY29JAN2557000PE.NFO,2024-12-19,14:10:00,2025-01-29,4880.0,4883.35,4880.0,4883.35,105,4020,0
BANKNIFTY29JAN2557000PE.NFO,2024-12-19,14:11:00,2025-01-29,4883.35,4883.35,4880.0,4880.0,60,4065,0
BANKNIFTY29JAN2557000PE.NFO,2024-12-19,14:12:00,2025-01-29,4880.0,4880.1,4880.0,4880.1,15,4065,0
BANKNIFTY29JAN2557000PE.NFO,2024-12-19,14:13:00,2025-01-29,4880.1,4883.8,4880.1,4883.8,15,4065,0
BANKNIFTY29JAN2557000PE.NFO,2024-12-19,14:14:00,2025-01-29,4883.8,4883.8,4880.0,4880.0,30,4095,0
BANKNIFTY29JAN2557000PE.NFO,2024-12-19,14:15:00,2025-01-29,4880.0,4880.0,4880.0,4880.0,0,4095,0
BANKNIFTY29JAN2557000PE.NFO,2024-12-19,14:16:00,2025-01-29,4880.0,4880.0,4830.0,4830.0,45,4095,0
BANKNIFTY29JAN2557000PE.NFO,2024-12-19,14:17:00,2025-01-29,4830.0,4860.0,4830.0,4860.0,15,4095,0
BANKNIFTY29JAN2557000PE.NFO,2024-12-19,14:18:00,2025-01-29,4860.0,4860.0,4860.0,4860.0,60,4095,0
BANKNIFTY29JAN2557000PE.NFO,2024-12-19,14:19:00,2025-01-29,4860.0,4860.0,4850.0,4850.0,30,4095,0
BANKNIFTY29JAN2557000PE.NFO,2024-12-19,14:20:00,2025-01-29,4850.0,4850.0,4850.0,4850.0,0,4095,0
BANKNIFTY29JAN2557000PE.NFO,2024-12-19,14:21:00,2025-01-29,4850.0,4850.0,4840.0,4840.0,30,4125,0
BANKNIFTY29JAN2557000PE.NFO,2024-12-19,14:22:00,2025-01-29,4840.0,4840.0,4830.0,4830.0,15,4125,0
BANKNIFTY29JAN2557000PE.NFO,2024-12-19,14:23:00,2025-01-29,4830.0,4830.0,4820.0,4822.05,30,4140,0
BANKNIFTY29JAN2557000PE.NFO,2024-12-19,14:24:00,2025-01-29,4822.05,4849.1,4822.05,4849.1,15,4140,0
BANKNIFTY29JAN2557000PE.NFO,2024-12-19,14:25:00,2025-01-29,4849.1,4855.0,4849.1,4855.0,105,4140,0
BANKNIFTY29JAN2557000PE.NFO,2024-12-19,14:26:00,2025-01-29,4855.0,4855.0,4855.0,4855.0,0,4140,0
BANKNIFTY29JAN2557000PE.NFO,2024-12-19,14:27:00,2025-01-29,4855.0,4855.0,4855.0,4855.0,0,4140,0
BANKNIFTY29JAN2557000PE.NFO,2024-12-19,14:28:00,2025-01-29,4855.0,4875.0,4855.0,4875.0,0,4290,0
BANKNIFTY29JAN2557000PE.NFO,2024-12-19,14:29:00,2025-01-29,4875.0,4875.0,4875.0,4875.0,0,4290,0
BANKNIFTY29JAN2557000PE.NFO,2024-12-19,14:30:00,2025-01-29,4875.0,4875.0,4840.0,4840.0,75,4395,0
BANKNIFTY29JAN2557000PE.NFO,2024-12-19,14:31:00,2025-01-29,4840.0,4840.0,4840.0,4840.0,0,4395,0
BANKNIFTY29JAN2557000PE.NFO,2024-12-19,14:32:00,2025-01-29,4840.0,4840.0,4840.0,4840.0,0,4395,0
BANKNIFTY29JAN2557000PE.NFO,2024-12-19,14:33:00,2025-01-29,4840.0,4840.0,4840.0,4840.0,0,4395,0
BANKNIFTY29JAN2557000PE.NFO,2024-12-19,14:34:00,2025-01-29,4840.0,4840.0,4840.0,4840.0,0,4395,0
BANKNIFTY29JAN2557000PE.NFO,2024-12-19,14:35:00,2025-01-29,4840.0,4840.0,4840.0,4840.0,0,4395,0
BANKNIFTY29JAN2557000PE.NFO,2024-12-19,14:36:00,2025-01-29,4840.0,4840.0,4840.0,4840.0,0,4395,0
BANKNIFTY29JAN2557000PE.NFO,2024-12-19,14:37:00,2025-01-29,4840.0,4840.0,4840.0,4840.0,0,4395,0
BANKNIFTY29JAN2557000PE.NFO,2024-12-19,14:38:00,2025-01-29,4840.0,4840.0,4840.0,4840.0,0,4395,0
BANKNIFTY29JAN2557000PE.NFO,2024-12-19,14:39:00,2025-01-29,4840.0,4840.0,4840.0,4840.0,0,4395,0
BANKNIFTY29JAN2557000PE.NFO,2024-12-19,14:40:00,2025-01-29,4840.0,4840.0,4840.0,4840.0,0,4395,0
BANKNIFTY29JAN2557000PE.NFO,2024-12-19,14:41:00,2025-01-29,4840.0,4847.95,4840.0,4847.95,15,4395,0
BANKNIFTY29JAN2557000PE.NFO,2024-12-19,14:42:00,2025-01-29,4847.95,4847.95,4847.95,4847.95,0,4395,0
BANKNIFTY29JAN2557000PE.NFO,2024-12-19,14:43:00,2025-01-29,4847.95,4871.0,4847.95,4871.0,15,4410,0
BANKNIFTY29JAN2557000PE.NFO,2024-12-19,14:44:00,2025-01-29,4871.0,4875.0,4871.0,4875.0,15,4410,0
BANKNIFTY29JAN2557000PE.NFO,2024-12-19,14:45:00,2025-01-29,4875.0,4875.0,4867.05,4867.05,15,4410,0
BANKNIFTY29JAN2557000PE.NFO,2024-12-19,14:46:00,2025-01-29,4867.05,4867.45,4846.3,4846.3,30,4410,0
BANKNIFTY29JAN2557000PE.NFO,2024-12-19,14:47:00,2025-01-29,4846.3,4846.3,4846.3,4846.3,0,4410,0
BANKNIFTY29JAN2557000PE.NFO,2024-12-19,14:48:00,2025-01-29,4846.3,4871.25,4846.3,4871.25,15,4485,0
BANKNIFTY29JAN2557000PE.NFO,2024-12-19,14:49:00,2025-01-29,4871.25,4873.1,4871.25,4873.1,15,4500,0
BANKNIFTY29JAN2557000PE.NFO,2024-12-19,14:50:00,2025-01-29,4873.1,4873.1,4873.1,4873.1,0,4500,0
BANKNIFTY29JAN2557000PE.NFO,2024-12-19,14:51:00,2025-01-29,4873.1,4873.1,4873.1,4873.1,0,4500,0
BANKNIFTY29JAN2557000PE.NFO,2024-12-19,14:52:00,2025-01-29,4873.1,4873.1,4863.75,4863.75,15,4500,0
BANKNIFTY29JAN2557000PE.NFO,2024-12-19,14:53:00,2025-01-29,4863.75,4863.75,4863.75,4863.75,0,4500,0
BANKNIFTY29JAN2557000PE.NFO,2024-12-19,14:54:00,2025-01-29,4863.75,4863.75,4863.75,4863.75,0,4500,0
BANKNIFTY29JAN2557000PE.NFO,2024-12-19,14:55:00,2025-01-29,4863.75,4863.75,4863.75,4863.75,0,4500,0
BANKNIFTY29JAN2557000PE.NFO,2024-12-19,14:56:00,2025-01-29,4863.75,4863.75,4863.75,4863.75,0,4500,0
BANKNIFTY29JAN2557000PE.NFO,2024-12-19,14:57:00,2025-01-29,4863.75,4863.75,4850.0,4850.0,15,4530,0
BANKNIFTY29JAN2557000PE.NFO,2024-12-19,14:58:00,2025-01-29,4850.0,4850.0,4850.0,4850.0,0,4530,0
BANKNIFTY29JAN2557000PE.NFO,2024-12-19,14:59:00,2025-01-29,4850.0,4850.0,4850.0,4850.0,0,4530,0
BANKNIFTY29JAN2557000PE.NFO,2024-12-19,15:00:00,2025-01-29,4850.0,4850.0,4850.0,4850.0,0,4530,0
BANKNIFTY29JAN2557000PE.NFO,2024-12-19,15:01:00,2025-01-29,4850.0,4850.0,4850.0,4850.0,0,4530,0
BANKNIFTY29JAN2557000PE.NFO,2024-12-19,15:02:00,2025-01-29,4850.0,4850.0,4820.0,4820.0,15,4545,0
BANKNIFTY29JAN2557000PE.NFO,2024-12-19,15:03:00,2025-01-29,4820.0,4820.0,4820.0,4820.0,0,4545,0
BANKNIFTY29JAN2557000PE.NFO,2024-12-19,15:04:00,2025-01-29,4820.0,4820.0,4820.0,4820.0,0,4545,0
BANKNIFTY29JAN2557000PE.NFO,2024-12-19,15:05:00,2025-01-29,4820.0,4820.0,4820.0,4820.0,0,4545,0
BANKNIFTY29JAN2557000PE.NFO,2024-12-19,15:06:00,2025-01-29,4820.0,4820.0,4820.0,4820.0,0,4545,0
BANKNIFTY29JAN2557000PE.NFO,2024-12-19,15:07:00,2025-01-29,4820.0,4820.0,4820.0,4820.0,0,4545,0
BANKNIFTY29JAN2557000PE.NFO,2024-12-19,15:08:00,2025-01-29,4820.0,4820.0,4820.0,4820.0,0,4545,0
BANKNIFTY29JAN2557000PE.NFO,2024-12-19,15:09:00,2025-01-29,4820.0,4820.0,4820.0,4820.0,0,4545,0
BANKNIFTY29JAN2557000PE.NFO,2024-12-19,15:10:00,2025-01-29,4820.0,4820.0,4780.0,4780.0,15,4545,0
BANKNIFTY29JAN2557000PE.NFO,2024-12-19,15:11:00,2025-01-29,4780.0,4780.0,4780.0,4780.0,0,4545,0
BANKNIFTY29JAN2557000PE.NFO,2024-12-19,15:12:00,2025-01-29,4780.0,4780.0,4780.0,4780.0,0,4545,0
BANKNIFTY29JAN2557000PE.NFO,2024-12-19,15:13:00,2025-01-29,4780.0,4780.0,4780.0,4780.0,0,4545,0
BANKNIFTY29JAN2557000PE.NFO,2024-12-19,15:14:00,2025-01-29,4780.0,4780.0,4780.0,4780.0,0,4545,0
BANKNIFTY29JAN2557000PE.NFO,2024-12-19,15:15:00,2025-01-29,4780.0,4780.0,4780.0,4780.0,0,4545,0
BANKNIFTY29JAN2557000PE.NFO,2024-12-19,15:16:00,2025-01-29,4780.0,4780.0,4780.0,4780.0,30,4560,0
BANKNIFTY29JAN2557000PE.NFO,2024-12-19,15:17:00,2025-01-29,4780.0,4780.0,4780.0,4780.0,0,4560,0
BANKNIFTY29JAN2557000PE.NFO,2024-12-19,15:18:00,2025-01-29,4780.0,4780.0,4780.0,4780.0,0,4560,0
BANKNIFTY29JAN2557000PE.NFO,2024-12-19,15:19:00,2025-01-29,4780.0,4780.0,4780.0,4780.0,0,4560,0
BANKNIFTY29JAN2557000PE.NFO,2024-12-19,15:20:00,2025-01-29,4780.0,4780.0,4780.0,4780.0,0,4560,0
BANKNIFTY29JAN2557000PE.NFO,2024-12-19,15:21:00,2025-01-29,4780.0,4780.0,4780.0,4780.0,0,4560,0
BANKNIFTY29JAN2557000PE.NFO,2024-12-19,15:22:00,2025-01-29,4780.0,4780.0,4780.0,4780.0,0,4560,0
BANKNIFTY29JAN2557000PE.NFO,2024-12-19,15:23:00,2025-01-29,4780.0,4780.0,4780.0,4780.0,0,4560,0
BANKNIFTY29JAN2557000PE.NFO,2024-12-19,15:24:00,2025-01-29,4780.0,4780.0,4780.0,4780.0,0,4560,0
BANKNIFTY29JAN2557000PE.NFO,2024-12-19,15:25:00,2025-01-29,4761.1,4761.1,4761.1,4761.1,45,4560,0
BANKNIFTY29JAN2557000PE.NFO,2024-12-19,15:26:00,2025-01-29,4761.1,4761.1,4761.1,4761.1,0,4560,0
BANKNIFTY29JAN2557000PE.NFO,2024-12-19,15:27:00,2025-01-29,4761.1,4761.1,4761.1,4761.1,0,4560,0
BANKNIFTY29JAN2557000PE.NFO,2024-12-19,15:28:00,2025-01-29,4761.1,4761.1,4761.1,4761.1,0,4560,0
BANKNIFTY29JAN2557000PE.NFO,2024-12-19,15:29:00,2025-01-29,4761.1,4761.1,4761.1,4761.1,0,4560,0
BANKNIFTY29JAN2557000PE.NFO,2024-12-19,15:30:00,2025-01-29,4761.1,4761.1,4761.1,4761.1,0,4560,1
BANKNIFTY29JAN2557000PE.NFO,2024-12-20,09:15:00,2025-01-29,5000.0,5000.0,5000.0,5000.0,0,4560,1
BANKNIFTY29JAN2557000PE.NFO,2024-12-20,09:16:00,2025-01-29,5000.0,5000.0,5000.0,5000.0,0,4560,1
BANKNIFTY29JAN2557000PE.NFO,2024-12-20,09:17:00,2025-01-29,5000.0,5000.0,5000.0,5000.0,0,4560,1
BANKNIFTY29JAN2557000PE.NFO,2024-12-20,09:18:00,2025-01-29,5000.0,5000.0,5000.0,5000.0,0,4560,1
BANKNIFTY29JAN2557000PE.NFO,2024-12-20,09:19:00,2025-01-29,5000.0,5000.0,5000.0,5000.0,0,4560,1
BANKNIFTY29JAN2557000PE.NFO,2024-12-20,09:20:00,2025-01-29,5000.0,5000.0,5000.0,5000.0,0,4560,1
BANKNIFTY29JAN2557000PE.NFO,2024-12-20,09:21:00,2025-01-29,5000.0,5000.0,5000.0,5000.0,0,4560,1
BANKNIFTY29JAN2557000PE.NFO,2024-12-20,09:22:00,2025-01-29,5000.0,5000.0,5000.0,5000.0,0,4560,1
BANKNIFTY29JAN2557000PE.NFO,2024-12-20,09:23:00,2025-01-29,5000.0,5000.0,5000.0,5000.0,0,4560,1
BANKNIFTY29JAN2557000PE.NFO,2024-12-20,09:24:00,2025-01-29,5000.0,5000.0,5000.0,5000.0,0,4560,1
BANKNIFTY29JAN2557000PE.NFO,2024-12-20,09:25:00,2025-01-29,5000.0,5000.0,5000.0,5000.0,0,4560,1
BANKNIFTY29JAN2557000PE.NFO,2024-12-20,09:26:00,2025-01-29,5000.0,5000.0,5000.0,5000.0,0,4560,1
BANKNIFTY29JAN2557000PE.NFO,2024-12-20,09:27:00,2025-01-29,5000.0,5000.0,5000.0,5000.0,0,4560,1
BANKNIFTY29JAN2557000PE.NFO,2024-12-20,09:28:00,2025-01-29,5000.0,5000.0,5000.0,5000.0,0,4560,1
BANKNIFTY29JAN2557000PE.NFO,2024-12-20,09:29:00,2025-01-29,5000.0,5000.0,5000.0,5000.0,0,4560,1
BANKNIFTY29JAN2557000PE.NFO,2024-12-20,09:30:00,2025-01-29,5000.0,5000.0,5000.0,5000.0,0,4560,1
BANKNIFTY29JAN2557000PE.NFO,2024-12-20,09:31:00,2025-01-29,5000.0,5000.0,5000.0,5000.0,0,4560,1
BANKNIFTY29JAN2557000PE.NFO,2024-12-20,09:32:00,2025-01-29,5000.0,5000.0,5000.0,5000.0,0,4560,1
BANKNIFTY29JAN2557000PE.NFO,2024-12-20,09:33:00,2025-01-29,5000.0,5000.0,5000.0,5000.0,0,4560,1
BANKNIFTY29JAN2557000PE.NFO,2024-12-20,09:34:00,2025-01-29,5000.0,5000.0,5000.0,5000.0,0,4560,1
BANKNIFTY29JAN2557000PE.NFO,2024-12-20,09:35:00,2025-01-29,5000.0,5000.0,5000.0,5000.0,0,4560,1
BANKNIFTY29JAN2557000PE.NFO,2024-12-20,09:36:00,2025-01-29,5000.0,5000.0,5000.0,5000.0,0,4560,1
BANKNIFTY29JAN2557000PE.NFO,2024-12-20,09:37:00,2025-01-29,5000.0,5000.0,5000.0,5000.0,0,4560,1
BANKNIFTY29JAN2557000PE.NFO,2024-12-20,09:38:00,2025-01-29,5000.0,5000.0,5000.0,5000.0,0,4560,1
BANKNIFTY29JAN2557000PE.NFO,2024-12-20,09:39:00,2025-01-29,5000.0,5000.0,5000.0,5000.0,0,4560,1
BANKNIFTY29JAN2557000PE.NFO,2024-12-20,09:40:00,2025-01-29,5000.0,5000.0,5000.0,5000.0,0,4560,1
BANKNIFTY29JAN2557000PE.NFO,2024-12-20,09:41:00,2025-01-29,5000.0,5000.0,5000.0,5000.0,0,4560,1
BANKNIFTY29JAN2557000PE.NFO,2024-12-20,09:42:00,2025-01-29,5000.0,5000.0,5000.0,5000.0,0,4560,1
BANKNIFTY29JAN2557000PE.NFO,2024-12-20,09:43:00,2025-01-29,5000.0,5000.0,5000.0,5000.0,0,4560,1
BANKNIFTY29JAN2557000PE.NFO,2024-12-20,09:44:00,2025-01-29,5000.0,5000.0,5000.0,5000.0,0,4560,1
BANKNIFTY29JAN2557000PE.NFO,2024-12-20,09:45:00,2025-01-29,5000.0,5000.0,5000.0,5000.0,0,4560,1
BANKNIFTY29JAN2557000PE.NFO,2024-12-20,09:46:00,2025-01-29,5000.0,5000.0,5000.0,5000.0,0,4560,1
BANKNIFTY29JAN2557000PE.NFO,2024-12-20,09:47:00,2025-01-29,5000.0,5000.0,5000.0,5000.0,0,4560,0
BANKNIFTY29JAN2557000PE.NFO,2024-12-20,09:48:00,2025-01-29,5000.0,5000.0,5000.0,5000.0,0,4560,0
BANKNIFTY29JAN2557000PE.NFO,2024-12-20,09:49:00,2025-01-29,5000.0,5000.0,5000.0,5000.0,0,4560,0
BANKNIFTY29JAN2557000PE.NFO,2024-12-20,09:50:00,2025-01-29,5000.0,5000.0,5000.0,5000.0,0,4560,0
BANKNIFTY29JAN2557000PE.NFO,2024-12-20,09:51:00,2025-01-29,5000.0,5000.0,5000.0,5000.0,0,4560,0
BANKNIFTY29JAN2557000PE.NFO,2024-12-20,09:52:00,2025-01-29,5000.0,5000.0,5000.0,5000.0,0,4560,0
BANKNIFTY29JAN2557000PE.NFO,2024-12-20,09:53:00,2025-01-29,5000.0,5000.0,5000.0,5000.0,0,4560,0
BANKNIFTY29JAN2557000PE.NFO,2024-12-20,09:54:00,2025-01-29,5000.0,5000.0,5000.0,5000.0,0,4560,0
BANKNIFTY29JAN2557000PE.NFO,2024-12-20,09:55:00,2025-01-29,5000.0,5000.0,5000.0,5000.0,0,4560,0
BANKNIFTY29JAN2557000PE.NFO,2024-12-20,09:56:00,2025-01-29,5000.0,5000.0,5000.0,5000.0,0,4560,0
BANKNIFTY29JAN2557000PE.NFO,2024-12-20,09:57:00,2025-01-29,5000.0,5000.0,5000.0,5000.0,0,4560,0
BANKNIFTY29JAN2557000PE.NFO,2024-12-20,09:58:00,2025-01-29,5000.0,5000.0,5000.0,5000.0,0,4560,0
BANKNIFTY29JAN2557000PE.NFO,2024-12-20,09:59:00,2025-01-29,5000.0,5000.0,5000.0,5000.0,0,4560,0
BANKNIFTY29JAN2557000PE.NFO,2024-12-20,10:00:00,2025-01-29,5000.0,5000.0,5000.0,5000.0,0,4560,0
BANKNIFTY29JAN2557000PE.NFO,2024-12-20,10:01:00,2025-01-29,5000.0,5000.0,5000.0,5000.0,0,4560,0
BANKNIFTY29JAN2557000PE.NFO,2024-12-20,10:02:00,2025-01-29,5000.0,5000.0,5000.0,5000.0,0,4560,0
BANKNIFTY29JAN2557000PE.NFO,2024-12-20,10:03:00,2025-01-29,5000.0,5000.0,5000.0,5000.0,0,4560,0
BANKNIFTY29JAN2557000PE.NFO,2024-12-20,10:04:00,2025-01-29,5000.0,5000.0,5000.0,5000.0,0,4560,0
BANKNIFTY29JAN2557000PE.NFO,2024-12-20,10:05:00,2025-01-29,5000.0,5000.0,5000.0,5000.0,0,4560,0
BANKNIFTY29JAN2557000PE.NFO,2024-12-20,10:06:00,2025-01-29,5000.0,5000.0,5000.0,5000.0,0,4560,0
BANKNIFTY29JAN2557000PE.NFO,2024-12-20,10:07:00,2025-01-29,5000.0,5000.0,5000.0,5000.0,0,4560,0
BANKNIFTY29JAN2557000PE.NFO,2024-12-20,10:08:00,2025-01-29,5000.0,5000.0,5000.0,5000.0,0,4560,0
BANKNIFTY29JAN2557000PE.NFO,2024-12-20,10:09:00,2025-01-29,5000.0,5000.0,5000.0,5000.0,0,4560,0
BANKNIFTY29JAN2557000PE.NFO,2024-12-20,10:10:00,2025-01-29,5000.0,5000.0,5000.0,5000.0,0,4560,0
BANKNIFTY29JAN2557000PE.NFO,2024-12-20,10:11:00,2025-01-29,5000.0,5000.0,5000.0,5000.0,0,4560,0
BANKNIFTY29JAN2557000PE.NFO,2024-12-20,10:12:00,2025-01-29,5000.0,5000.0,5000.0,5000.0,0,4560,0
BANKNIFTY29JAN2557000PE.NFO,2024-12-20,10:13:00,2025-01-29,5000.0,5000.0,5000.0,5000.0,0,4560,0
BANKNIFTY29JAN2557000PE.NFO,2024-12-20,10:14:00,2025-01-29,5000.0,5000.0,5000.0,5000.0,0,4560,0
BANKNIFTY29JAN2557000PE.NFO,2024-12-20,10:15:00,2025-01-29,5000.0,5000.0,5000.0,5000.0,0,4560,0
BANKNIFTY29JAN2557000PE.NFO,2024-12-20,10:16:00,2025-01-29,5000.0,5000.0,5000.0,5000.0,0,4560,0
BANKNIFTY29JAN2557000PE.NFO,2024-12-20,10:17:00,2025-01-29,5000.0,5000.0,5000.0,5000.0,0,4560,0
BANKNIFTY29JAN2557000PE.NFO,2024-12-20,10:18:00,2025-01-29,5000.0,5155.45,5000.0,5155.45,60,4560,0
BANKNIFTY29JAN2557000PE.NFO,2024-12-20,10:19:00,2025-01-29,5155.45,5155.45,5155.45,5155.45,0,4560,0
BANKNIFTY29JAN2557000PE.NFO,2024-12-20,10:20:00,2025-01-29,5155.45,5155.45,5155.45,5155.45,0,4560,0
BANKNIFTY29JAN2557000PE.NFO,2024-12-20,10:21:00,2025-01-29,5155.45,5155.45,5155.45,5155.45,0,4560,0
BANKNIFTY29JAN2557000PE.NFO,2024-12-20,10:22:00,2025-01-29,5155.45,5155.45,5155.45,5155.45,0,4560,0
BANKNIFTY29JAN2557000PE.NFO,2024-12-20,10:23:00,2025-01-29,5155.45,5155.45,5155.45,5155.45,0,4560,0
BANKNIFTY29JAN2557000PE.NFO,2024-12-20,10:24:00,2025-01-29,5155.45,5200.0,5155.45,5200.0,15,4560,0
BANKNIFTY29JAN2557000PE.NFO,2024-12-20,10:25:00,2025-01-29,5200.0,5200.0,5200.0,5200.0,0,4560,0
BANKNIFTY29JAN2557000PE.NFO,2024-12-20,10:26:00,2025-01-29,5200.0,5236.75,5200.0,5236.75,15,4575,0
BANKNIFTY29JAN2557000PE.NFO,2024-12-20,10:27:00,2025-01-29,5236.75,5236.75,5236.75,5236.75,0,4575,0
BANKNIFTY29JAN2557000PE.NFO,2024-12-20,10:28:00,2025-01-29,5236.75,5236.75,5236.75,5236.75,0,4575,0
BANKNIFTY29JAN2557000PE.NFO,2024-12-20,10:29:00,2025-01-29,5236.75,5236.75,5236.75,5236.75,0,4575,0
BANKNIFTY29JAN2557000PE.NFO,2024-12-20,10:30:00,2025-01-29,5236.75,5236.75,5236.75,5236.75,0,4575,0
BANKNIFTY29JAN2557000PE.NFO,2024-12-20,10:31:00,2025-01-29,5236.75,5236.75,5236.75,5236.75,0,4575,0
BANKNIFTY29JAN2557000PE.NFO,2024-12-20,10:32:00,2025-01-29,5236.75,5236.75,5236.75,5236.75,0,4575,0
BANKNIFTY29JAN2557000PE.NFO,2024-12-20,10:33:00,2025-01-29,5236.75,5236.75,5236.75,5236.75,0,4575,0
BANKNIFTY29JAN2557000PE.NFO,2024-12-20,10:34:00,2025-01-29,5236.75,5236.75,5236.75,5236.75,0,4575,0
BANKNIFTY29JAN2557000PE.NFO,2024-12-20,10:35:00,2025-01-29,5236.75,5236.75,5236.75,5236.75,0,4575,0
BANKNIFTY29JAN2557000PE.NFO,2024-12-20,10:36:00,2025-01-29,5236.75,5236.75,5236.75,5236.75,0,4575,0
BANKNIFTY29JAN2557000PE.NFO,2024-12-20,10:37:00,2025-01-29,5236.75,5236.75,5236.75,5236.75,0,4575,0
BANKNIFTY29JAN2557000PE.NFO,2024-12-20,10:38:00,2025-01-29,5236.75,5236.75,5236.75,5236.75,0,4575,0
BANKNIFTY29JAN2557000PE.NFO,2024-12-20,10:39:00,2025-01-29,5236.75,5236.75,5236.75,5236.75,0,4575,0
BANKNIFTY29JAN2557000PE.NFO,2024-12-20,10:40:00,2025-01-29,5236.75,5236.75,5236.75,5236.75,0,4575,0
BANKNIFTY29JAN2557000PE.NFO,2024-12-20,10:41:00,2025-01-29,5236.75,5236.75,5236.75,5236.75,0,4575,0
BANKNIFTY29JAN2557000PE.NFO,2024-12-20,10:42:00,2025-01-29,5236.75,5236.75,5236.75,5236.75,0,4575,0
BANKNIFTY29JAN2557000PE.NFO,2024-12-20,10:43:00,2025-01-29,5236.75,5236.75,5053.1,5074.25,30,4590,0
BANKNIFTY29JAN2557000PE.NFO,2024-12-20,10:44:00,2025-01-29,5074.25,5109.15,5074.25,5109.15,30,4590,0
BANKNIFTY29JAN2557000PE.NFO,2024-12-20,10:45:00,2025-01-29,5109.15,5109.15,5109.15,5109.15,0,4590,0
BANKNIFTY29JAN2557000PE.NFO,2024-12-20,10:46:00,2025-01-29,5109.15,5109.15,5109.15,5109.15,0,4590,0
BANKNIFTY29JAN2557000PE.NFO,2024-12-20,10:47:00,2025-01-29,5109.15,5150.0,5109.15,5150.0,30,4650,0
BANKNIFTY29JAN2557000PE.NFO,2024-12-20,10:48:00,2025-01-29,5150.0,5150.0,5150.0,5150.0,0,4650,0
BANKNIFTY29JAN2557000PE.NFO,2024-12-20,10:49:00,2025-01-29,5150.0,5150.0,5150.0,5150.0,0,4650,0
BANKNIFTY29JAN2557000PE.NFO,2024-12-20,10:50:00,2025-01-29,5150.0,5150.0,5150.0,5150.0,0,4650,0
BANKNIFTY29JAN2557000PE.NFO,2024-12-20,10:51:00,2025-01-29,5150.0,5150.0,5150.0,5150.0,0,4650,0
BANKNIFTY29JAN2557000PE.NFO,2024-12-20,10:52:00,2025-01-29,5150.0,5150.0,5150.0,5150.0,0,4650,0
BANKNIFTY29JAN2557000PE.NFO,2024-12-20,10:53:00,2025-01-29,5150.0,5150.0,5150.0,5150.0,0,4650,0
BANKNIFTY29JAN2557000PE.NFO,2024-12-20,10:54:00,2025-01-29,5150.0,5150.0,5150.0,5150.0,0,4650,0
BANKNIFTY29JAN2557000PE.NFO,2024-12-20,10:55:00,2025-01-29,5150.0,5150.0,5150.0,5150.0,0,4650,0
BANKNIFTY29JAN2557000PE.NFO,2024-12-20,10:56:00,2025-01-29,5150.0,5150.0,5150.0,5150.0,0,4650,0
BANKNIFTY29JAN2557000PE.NFO,2024-12-20,10:57:00,2025-01-29,5150.0,5150.0,5150.0,5150.0,0,4650,0
BANKNIFTY29JAN2557000PE.NFO,2024-12-20,10:58:00,2025-01-29,5150.0,5150.0,5150.0,5150.0,0,4650,0
BANKNIFTY29JAN2557000PE.NFO,2024-12-20,10:59:00,2025-01-29,5150.0,5150.0,5150.0,5150.0,0,4650,0
BANKNIFTY29JAN2557000PE.NFO,2024-12-20,11:00:00,2025-01-29,5150.0,5150.0,5150.0,5150.0,0,4650,0
BANKNIFTY29JAN2557000PE.NFO,2024-12-20,11:01:00,2025-01-29,5150.0,5150.0,5150.0,5150.0,0,4650,0
BANKNIFTY29JAN2557000PE.NFO,2024-12-20,11:02:00,2025-01-29,5150.0,5150.0,5150.0,5150.0,0,4650,0
BANKNIFTY29JAN2557000PE.NFO,2024-12-20,11:03:00,2025-01-29,5150.0,5150.0,5150.0,5150.0,0,4650,0
BANKNIFTY29JAN2557000PE.NFO,2024-12-20,11:04:00,2025-01-29,5150.0,5150.0,5150.0,5150.0,0,4650,0
BANKNIFTY29JAN2557000PE.NFO,2024-12-20,11:05:00,2025-01-29,5150.0,5150.0,5150.0,5150.0,0,4650,0
BANKNIFTY29JAN2557000PE.NFO,2024-12-20,11:06:00,2025-01-29,5150.0,5150.0,5150.0,5150.0,0,4650,0
BANKNIFTY29JAN2557000PE.NFO,2024-12-20,11:07:00,2025-01-29,5150.0,5150.0,5150.0,5150.0,0,4650,0
BANKNIFTY29JAN2557000PE.NFO,2024-12-20,11:08:00,2025-01-29,5150.0,5150.0,5150.0,5150.0,0,4650,0
BANKNIFTY29JAN2557000PE.NFO,2024-12-20,11:09:00,2025-01-29,5150.0,5150.0,5150.0,5150.0,0,4650,0
BANKNIFTY29JAN2557000PE.NFO,2024-12-20,11:10:00,2025-01-29,5150.0,5150.0,5150.0,5150.0,0,4650,0
BANKNIFTY29JAN2557000PE.NFO,2024-12-20,11:11:00,2025-01-29,5150.0,5150.0,5150.0,5150.0,0,4650,0
BANKNIFTY29JAN2557000PE.NFO,2024-12-20,11:12:00,2025-01-29,5150.0,5150.0,5150.0,5150.0,0,4650,0
BANKNIFTY29JAN2557000PE.NFO,2024-12-20,11:13:00,2025-01-29,5150.0,5150.0,5150.0,5150.0,0,4650,0
BANKNIFTY29JAN2557000PE.NFO,2024-12-20,11:14:00,2025-01-29,5150.0,5150.0,5150.0,5150.0,0,4650,0
BANKNIFTY29JAN2557000PE.NFO,2024-12-20,11:15:00,2025-01-29,5150.0,5150.0,5150.0,5150.0,0,4650,0
BANKNIFTY29JAN2557000PE.NFO,2024-12-20,11:16:00,2025-01-29,5150.0,5150.0,5150.0,5150.0,0,4650,0
BANKNIFTY29JAN2557000PE.NFO,2024-12-20,11:17:00,2025-01-29,5150.0,5150.0,5150.0,5150.0,0,4650,0
BANKNIFTY29JAN2557000PE.NFO,2024-12-20,11:18:00,2025-01-29,5150.0,5150.0,5150.0,5150.0,0,4650,0
BANKNIFTY29JAN2557000PE.NFO,2024-12-20,11:19:00,2025-01-29,5150.0,5150.0,5150.0,5150.0,0,4650,0
BANKNIFTY29JAN2557000PE.NFO,2024-12-20,11:20:00,2025-01-29,5150.0,5150.0,5150.0,5150.0,0,4650,0
BANKNIFTY29JAN2557000PE.NFO,2024-12-20,11:21:00,2025-01-29,5150.0,5150.0,5150.0,5150.0,0,4650,0
BANKNIFTY29JAN2557000PE.NFO,2024-12-20,11:22:00,2025-01-29,5150.0,5150.0,5150.0,5150.0,0,4650,0
BANKNIFTY29JAN2557000PE.NFO,2024-12-20,11:23:00,2025-01-29,5150.0,5150.0,5150.0,5150.0,0,4650,0
BANKNIFTY29JAN2557000PE.NFO,2024-12-20,11:24:00,2025-01-29,5150.0,5150.0,5150.0,5150.0,0,4650,0
BANKNIFTY29JAN2557000PE.NFO,2024-12-20,11:25:00,2025-01-29,5150.0,5150.0,5150.0,5150.0,0,4650,0
BANKNIFTY29JAN2557000PE.NFO,2024-12-20,11:26:00,2025-01-29,5150.0,5150.0,5150.0,5150.0,0,4650,0
BANKNIFTY29JAN2557000PE.NFO,2024-12-20,11:27:00,2025-01-29,5150.0,5150.0,5150.0,5150.0,0,4650,0
BANKNIFTY29JAN2557000PE.NFO,2024-12-20,11:28:00,2025-01-29,5150.0,5150.0,5150.0,5150.0,0,4650,0
BANKNIFTY29JAN2557000PE.NFO,2024-12-20,11:29:00,2025-01-29,5150.0,5150.0,5150.0,5150.0,0,4650,0
BANKNIFTY29JAN2557000PE.NFO,2024-12-20,11:30:00,2025-01-29,5150.0,5150.0,5150.0,5150.0,0,4650,0
BANKNIFTY29JAN2557000PE.NFO,2024-12-20,11:31:00,2025-01-29,5150.0,5150.0,5150.0,5150.0,0,4650,0
BANKNIFTY29JAN2557000PE.NFO,2024-12-20,11:32:00,2025-01-29,5150.0,5150.0,5150.0,5150.0,0,4650,0
BANKNIFTY29JAN2557000PE.NFO,2024-12-20,11:33:00,2025-01-29,5150.0,5150.0,5100.0,5100.0,15,4680,0
BANKNIFTY29JAN2557000PE.NFO,2024-12-20,11:34:00,2025-01-29,5100.0,5100.0,5100.0,5100.0,0,4680,0
BANKNIFTY29JAN2557000PE.NFO,2024-12-20,11:35:00,2025-01-29,5100.0,5100.0,5100.0,5100.0,0,4680,0
BANKNIFTY29JAN2557000PE.NFO,2024-12-20,11:36:00,2025-01-29,5100.0,5100.0,5100.0,5100.0,0,4680,0
BANKNIFTY29JAN2557000PE.NFO,2024-12-20,11:37:00,2025-01-29,5100.0,5100.0,5100.0,5100.0,0,4680,0
BANKNIFTY29JAN2557000PE.NFO,2024-12-20,11:38:00,2025-01-29,5100.0,5100.0,5100.0,5100.0,0,4680,0
BANKNIFTY29JAN2557000PE.NFO,2024-12-20,11:39:00,2025-01-29,5100.0,5100.0,5100.0,5100.0,0,4680,0
BANKNIFTY29JAN2557000PE.NFO,2024-12-20,11:40:00,2025-01-29,5100.0,5100.0,5100.0,5100.0,0,4680,0
BANKNIFTY29JAN2557000PE.NFO,2024-12-20,11:41:00,2025-01-29,5100.0,5100.0,5100.0,5100.0,0,4680,0
BANKNIFTY29JAN2557000PE.NFO,2024-12-20,11:42:00,2025-01-29,5100.0,5100.0,5100.0,5100.0,0,4680,0
BANKNIFTY29JAN2557000PE.NFO,2024-12-20,11:43:00,2025-01-29,5100.0,5100.0,5100.0,5100.0,0,4680,0
BANKNIFTY29JAN2557000PE.NFO,2024-12-20,11:44:00,2025-01-29,5100.0,5100.0,5100.0,5100.0,0,4680,0
BANKNIFTY29JAN2557000PE.NFO,2024-12-20,11:45:00,2025-01-29,5100.0,5100.0,5100.0,5100.0,0,4680,0
BANKNIFTY29JAN2557000PE.NFO,2024-12-20,11:46:00,2025-01-29,5100.0,5100.0,5100.0,5100.0,0,4680,0
BANKNIFTY29JAN2557000PE.NFO,2024-12-20,11:47:00,2025-01-29,5100.0,5100.0,5100.0,5100.0,0,4680,0
BANKNIFTY29JAN2557000PE.NFO,2024-12-20,11:48:00,2025-01-29,5100.0,5100.0,5100.0,5100.0,0,4680,0
BANKNIFTY29JAN2557000PE.NFO,2024-12-20,11:49:00,2025-01-29,5100.0,5100.0,5100.0,5100.0,0,4680,0
BANKNIFTY29JAN2557000PE.NFO,2024-12-20,11:50:00,2025-01-29,5100.0,5100.0,5100.0,5100.0,0,4680,0
BANKNIFTY29JAN2557000PE.NFO,2024-12-20,11:51:00,2025-01-29,5100.0,5100.0,5100.0,5100.0,0,4680,0
BANKNIFTY29JAN2557000PE.NFO,2024-12-20,11:52:00,2025-01-29,5100.0,5100.0,5100.0,5100.0,0,4680,0
BANKNIFTY29JAN2557000PE.NFO,2024-12-20,11:53:00,2025-01-29,5100.0,5100.0,5100.0,5100.0,0,4680,0
BANKNIFTY29JAN2557000PE.NFO,2024-12-20,11:54:00,2025-01-29,5100.0,5100.0,5100.0,5100.0,0,4680,0
BANKNIFTY29JAN2557000PE.NFO,2024-12-20,11:55:00,2025-01-29,5100.0,5100.0,5100.0,5100.0,0,4680,0
BANKNIFTY29JAN2557000PE.NFO,2024-12-20,11:56:00,2025-01-29,5100.0,5100.0,5100.0,5100.0,0,4680,0
BANKNIFTY29JAN2557000PE.NFO,2024-12-20,11:57:00,2025-01-29,5100.0,5100.0,5100.0,5100.0,0,4680,0
BANKNIFTY29JAN2557000PE.NFO,2024-12-20,11:58:00,2025-01-29,5100.0,5100.0,5100.0,5100.0,0,4680,0
BANKNIFTY29JAN2557000PE.NFO,2024-12-20,11:59:00,2025-01-29,5100.0,5100.0,5100.0,5100.0,0,4680,0
BANKNIFTY29JAN2557000PE.NFO,2024-12-20,12:00:00,2025-01-29,5100.0,5100.0,5100.0,5100.0,0,4680,0
BANKNIFTY29JAN2557000PE.NFO,2024-12-20,12:01:00,2025-01-29,5100.0,5100.0,5100.0,5100.0,0,4680,0
BANKNIFTY29JAN2557000PE.NFO,2024-12-20,12:02:00,2025-01-29,5100.0,5100.0,5100.0,5100.0,0,4680,0
BANKNIFTY29JAN2557000PE.NFO,2024-12-20,12:03:00,2025-01-29,5100.0,5100.0,5100.0,5100.0,0,4680,0
BANKNIFTY29JAN2557000PE.NFO,2024-12-20,12:04:00,2025-01-29,5100.0,5100.0,5100.0,5100.0,0,4680,0
BANKNIFTY29JAN2557000PE.NFO,2024-12-20,12:05:00,2025-01-29,5100.0,5100.0,5100.0,5100.0,0,4680,0
BANKNIFTY29JAN2557000PE.NFO,2024-12-20,12:06:00,2025-01-29,5100.0,5100.0,5100.0,5100.0,0,4680,0
BANKNIFTY29JAN2557000PE.NFO,2024-12-20,12:07:00,2025-01-29,5100.0,5100.0,5100.0,5100.0,0,4680,0
BANKNIFTY29JAN2557000PE.NFO,2024-12-20,12:08:00,2025-01-29,5100.0,5100.0,5100.0,5100.0,0,4680,0
BANKNIFTY29JAN2557000PE.NFO,2024-12-20,12:09:00,2025-01-29,5100.0,5100.0,5100.0,5100.0,0,4680,0
BANKNIFTY29JAN2557000PE.NFO,2024-12-20,12:10:00,2025-01-29,5100.0,5100.0,5100.0,5100.0,0,4680,0
BANKNIFTY29JAN2557000PE.NFO,2024-12-20,12:11:00,2025-01-29,5100.0,5100.0,5100.0,5100.0,0,4680,0
BANKNIFTY29JAN2557000PE.NFO,2024-12-20,12:12:00,2025-01-29,5100.0,5100.0,5100.0,5100.0,0,4680,0
BANKNIFTY29JAN2557000PE.NFO,2024-12-20,12:13:00,2025-01-29,5100.0,5100.0,5100.0,5100.0,0,4680,0
BANKNIFTY29JAN2557000PE.NFO,2024-12-20,12:14:00,2025-01-29,5100.0,5100.0,5100.0,5100.0,0,4680,0
BANKNIFTY29JAN2557000PE.NFO,2024-12-20,12:15:00,2025-01-29,5100.0,5100.0,5100.0,5100.0,0,4680,0
BANKNIFTY29JAN2557000PE.NFO,2024-12-20,12:16:00,2025-01-29,5100.0,5100.0,5100.0,5100.0,0,4680,0
BANKNIFTY29JAN2557000PE.NFO,2024-12-20,12:17:00,2025-01-29,5100.0,5100.0,5100.0,5100.0,0,4680,0
BANKNIFTY29JAN2557000PE.NFO,2024-12-20,12:18:00,2025-01-29,5100.0,5100.0,5100.0,5100.0,0,4680,0
BANKNIFTY29JAN2557000PE.NFO,2024-12-20,12:19:00,2025-01-29,5100.0,5100.0,5100.0,5100.0,0,4680,0
BANKNIFTY29JAN2557000PE.NFO,2024-12-20,12:20:00,2025-01-29,5100.0,5100.0,5100.0,5100.0,0,4680,0
BANKNIFTY29JAN2557000PE.NFO,2024-12-20,12:21:00,2025-01-29,5100.0,5100.0,5100.0,5100.0,0,4680,0
BANKNIFTY29JAN2557000PE.NFO,2024-12-20,12:22:00,2025-01-29,5100.0,5100.0,5100.0,5100.0,0,4680,0
BANKNIFTY29JAN2557000PE.NFO,2024-12-20,12:23:00,2025-01-29,5100.0,5100.0,5100.0,5100.0,0,4680,0
BANKNIFTY29JAN2557000PE.NFO,2024-12-20,12:24:00,2025-01-29,5100.0,5100.0,5100.0,5100.0,0,4680,0
BANKNIFTY29JAN2557000PE.NFO,2024-12-20,12:25:00,2025-01-29,5100.0,5100.0,5100.0,5100.0,0,4680,0
BANKNIFTY29JAN2557000PE.NFO,2024-12-20,12:26:00,2025-01-29,5100.0,5100.0,5100.0,5100.0,0,4680,0
BANKNIFTY29JAN2557000PE.NFO,2024-12-20,12:27:00,2025-01-29,5100.0,5100.0,5100.0,5100.0,0,4680,0
BANKNIFTY29JAN2557000PE.NFO,2024-12-20,12:28:00,2025-01-29,5100.0,5100.0,5100.0,5100.0,0,4680,0
BANKNIFTY29JAN2557000PE.NFO,2024-12-20,12:29:00,2025-01-29,5100.0,5100.0,5100.0,5100.0,0,4680,0
BANKNIFTY29JAN2557000PE.NFO,2024-12-20,12:30:00,2025-01-29,5100.0,5100.0,5100.0,5100.0,0,4680,0
BANKNIFTY29JAN2557000PE.NFO,2024-12-20,12:31:00,2025-01-29,5100.0,5100.0,5100.0,5100.0,0,4680,0
BANKNIFTY29JAN2557000PE.NFO,2024-12-20,12:32:00,2025-01-29,5100.0,5100.0,5100.0,5100.0,0,4680,0
BANKNIFTY29JAN2557000PE.NFO,2024-12-20,12:33:00,2025-01-29,5100.0,5100.0,5100.0,5100.0,0,4680,0
BANKNIFTY29JAN2557000PE.NFO,2024-12-20,12:34:00,2025-01-29,5100.0,5100.0,5100.0,5100.0,0,4680,0
BANKNIFTY29JAN2557000PE.NFO,2024-12-20,12:35:00,2025-01-29,5100.0,5100.0,5100.0,5100.0,0,4680,0
BANKNIFTY29JAN2557000PE.NFO,2024-12-20,12:36:00,2025-01-29,5100.0,5100.0,5100.0,5100.0,0,4680,0
BANKNIFTY29JAN2557000PE.NFO,2024-12-20,12:37:00,2025-01-29,5100.0,5100.0,5100.0,5100.0,0,4680,0
BANKNIFTY29JAN2557000PE.NFO,2024-12-20,12:38:00,2025-01-29,5100.0,5100.0,5100.0,5100.0,0,4680,0
BANKNIFTY29JAN2557000PE.NFO,2024-12-20,12:39:00,2025-01-29,5100.0,5100.0,5100.0,5100.0,0,4680,0
BANKNIFTY29JAN2557000PE.NFO,2024-12-20,12:40:00,2025-01-29,5100.0,5100.0,5100.0,5100.0,0,4680,0
BANKNIFTY29JAN2557000PE.NFO,2024-12-20,12:41:00,2025-01-29,5100.0,5100.0,5100.0,5100.0,300,4680,0
BANKNIFTY29JAN2557000PE.NFO,2024-12-20,12:42:00,2025-01-29,5100.0,5100.0,5100.0,5100.0,0,4680,0
BANKNIFTY29JAN2557000PE.NFO,2024-12-20,12:43:00,2025-01-29,5100.0,5100.0,5100.0,5100.0,0,4680,0
BANKNIFTY29JAN2557000PE.NFO,2024-12-20,12:44:00,2025-01-29,5100.0,5100.0,5100.0,5100.0,0,4680,0
BANKNIFTY29JAN2557000PE.NFO,2024-12-20,12:45:00,2025-01-29,5100.0,5100.0,5100.0,5100.0,0,4680,0
BANKNIFTY29JAN2557000PE.NFO,2024-12-20,12:46:00,2025-01-29,5100.0,5100.0,5100.0,5100.0,0,4680,0
BANKNIFTY29JAN2557000PE.NFO,2024-12-20,12:47:00,2025-01-29,5100.0,5100.0,5100.0,5100.0,0,4680,0
BANKNIFTY29JAN2557000PE.NFO,2024-12-20,12:48:00,2025-01-29,5100.0,5100.0,5100.0,5100.0,0,4680,0
BANKNIFTY29JAN2557000PE.NFO,2024-12-20,12:49:00,2025-01-29,5100.0,5100.0,5100.0,5100.0,0,4680,0
BANKNIFTY29JAN2557000PE.NFO,2024-12-20,12:50:00,2025-01-29,5100.0,5100.0,5100.0,5100.0,0,4680,0
BANKNIFTY29JAN2557000PE.NFO,2024-12-20,12:51:00,2025-01-29,5100.0,5100.0,5100.0,5100.0,0,4680,0
BANKNIFTY29JAN2557000PE.NFO,2024-12-20,12:52:00,2025-01-29,5100.0,5100.0,5100.0,5100.0,0,4680,0
BANKNIFTY29JAN2557000PE.NFO,2024-12-20,12:53:00,2025-01-29,5100.0,5100.0,5100.0,5100.0,0,4680,0
BANKNIFTY29JAN2557000PE.NFO,2024-12-20,12:54:00,2025-01-29,5100.0,5100.0,5100.0,5100.0,0,4680,0
BANKNIFTY29JAN2557000PE.NFO,2024-12-20,12:55:00,2025-01-29,5100.0,5100.0,5100.0,5100.0,0,4680,0
BANKNIFTY29JAN2557000PE.NFO,2024-12-20,12:56:00,2025-01-29,5100.0,5100.0,5100.0,5100.0,0,4680,0
BANKNIFTY29JAN2557000PE.NFO,2024-12-20,12:57:00,2025-01-29,5100.0,5100.0,5100.0,5100.0,0,4680,0
BANKNIFTY29JAN2557000PE.NFO,2024-12-20,12:58:00,2025-01-29,5100.0,5100.0,5100.0,5100.0,0,4680,0
BANKNIFTY29JAN2557000PE.NFO,2024-12-20,12:59:00,2025-01-29,5100.0,5100.0,5100.0,5100.0,0,4680,0
BANKNIFTY29JAN2557000PE.NFO,2024-12-20,13:00:00,2025-01-29,5100.0,5300.0,5100.0,5300.0,15,4980,0
BANKNIFTY29JAN2557000PE.NFO,2024-12-20,13:01:00,2025-01-29,5300.0,5300.0,5300.0,5300.0,0,4980,0
BANKNIFTY29JAN2557000PE.NFO,2024-12-20,13:02:00,2025-01-29,5300.0,5300.0,5300.0,5300.0,0,4980,0
BANKNIFTY29JAN2557000PE.NFO,2024-12-20,13:03:00,2025-01-29,5300.0,5300.0,5300.0,5300.0,0,4980,0
BANKNIFTY29JAN2557000PE.NFO,2024-12-20,13:04:00,2025-01-29,5300.0,5300.0,5300.0,5300.0,0,4980,0
BANKNIFTY29JAN2557000PE.NFO,2024-12-20,13:05:00,2025-01-29,5300.0,5300.0,5300.0,5300.0,0,4980,0
BANKNIFTY29JAN2557000PE.NFO,2024-12-20,13:06:00,2025-01-29,5300.0,5300.0,5300.0,5300.0,0,4980,0
BANKNIFTY29JAN2557000PE.NFO,2024-12-20,13:07:00,2025-01-29,5300.0,5300.0,5300.0,5300.0,0,4980,0
BANKNIFTY29JAN2557000PE.NFO,2024-12-20,13:08:00,2025-01-29,5300.0,5300.0,5300.0,5300.0,0,4980,0
BANKNIFTY29JAN2557000PE.NFO,2024-12-20,13:09:00,2025-01-29,5300.0,5300.0,5300.0,5300.0,15,4995,0
BANKNIFTY29JAN2557000PE.NFO,2024-12-20,13:10:00,2025-01-29,5300.0,5300.0,5300.0,5300.0,0,4995,0
BANKNIFTY29JAN2557000PE.NFO,2024-12-20,13:11:00,2025-01-29,5300.0,5350.0,5300.0,5350.0,15,4995,0
BANKNIFTY29JAN2557000PE.NFO,2024-12-20,13:12:00,2025-01-29,5350.0,5350.0,5350.0,5350.0,0,4995,0
BANKNIFTY29JAN2557000PE.NFO,2024-12-20,13:13:00,2025-01-29,5350.0,5350.0,5350.0,5350.0,0,4995,0
BANKNIFTY29JAN2557000PE.NFO,2024-12-20,13:14:00,2025-01-29,5350.0,5350.0,5350.0,5350.0,0,4995,0
BANKNIFTY29JAN2557000PE.NFO,2024-12-20,13:15:00,2025-01-29,5350.0,5350.0,5350.0,5350.0,0,4995,0
BANKNIFTY29JAN2557000PE.NFO,2024-12-20,13:16:00,2025-01-29,5350.0,5350.0,5350.0,5350.0,0,4995,0
BANKNIFTY29JAN2557000PE.NFO,2024-12-20,13:17:00,2025-01-29,5350.0,5350.0,5350.0,5350.0,0,4995,0
BANKNIFTY29JAN2557000PE.NFO,2024-12-20,13:18:00,2025-01-29,5350.0,5350.0,5350.0,5350.0,0,4995,0
BANKNIFTY29JAN2557000PE.NFO,2024-12-20,13:19:00,2025-01-29,5350.0,5350.0,5350.0,5350.0,0,4995,0
BANKNIFTY29JAN2557000PE.NFO,2024-12-20,13:20:00,2025-01-29,5350.0,5350.0,5300.0,5300.0,15,5010,0
BANKNIFTY29JAN2557000PE.NFO,2024-12-20,13:21:00,2025-01-29,5300.0,5300.0,5300.0,5300.0,0,5010,0
BANKNIFTY29JAN2557000PE.NFO,2024-12-20,13:22:00,2025-01-29,5300.0,5300.0,5300.0,5300.0,0,5010,0
BANKNIFTY29JAN2557000PE.NFO,2024-12-20,13:23:00,2025-01-29,5300.0,5310.0,5300.0,5310.0,30,5010,0
BANKNIFTY29JAN2557000PE.NFO,2024-12-20,13:24:00,2025-01-29,5310.0,5310.0,5310.0,5310.0,0,5010,0
BANKNIFTY29JAN2557000PE.NFO,2024-12-20,13:25:00,2025-01-29,5310.0,5310.0,5310.0,5310.0,0,5010,0
BANKNIFTY29JAN2557000PE.NFO,2024-12-20,13:26:00,2025-01-29,5310.0,5310.0,5293.85,5293.85,15,4980,0
BANKNIFTY29JAN2557000PE.NFO,2024-12-20,13:27:00,2025-01-29,5293.85,5294.0,5293.85,5294.0,15,4980,0
BANKNIFTY29JAN2557000PE.NFO,2024-12-20,13:28:00,2025-01-29,5294.0,5294.0,5294.0,5294.0,0,4980,0
BANKNIFTY29JAN2557000PE.NFO,2024-12-20,13:29:00,2025-01-29,5294.0,5294.0,5294.0,5294.0,0,4980,0
BANKNIFTY29JAN2557000PE.NFO,2024-12-20,13:30:00,2025-01-29,5294.0,5294.0,5294.0,5294.0,0,4980,0
BANKNIFTY29JAN2557000PE.NFO,2024-12-20,13:31:00,2025-01-29,5294.0,5294.0,5294.0,5294.0,0,4980,0
BANKNIFTY29JAN2557000PE.NFO,2024-12-20,13:32:00,2025-01-29,5294.0,5300.0,5294.0,5300.0,15,4950,0
BANKNIFTY29JAN2557000PE.NFO,2024-12-20,13:33:00,2025-01-29,5300.0,5300.0,5300.0,5300.0,0,4950,0
BANKNIFTY29JAN2557000PE.NFO,2024-12-20,13:34:00,2025-01-29,5300.0,5300.0,5300.0,5300.0,0,4950,0
BANKNIFTY29JAN2557000PE.NFO,2024-12-20,13:35:00,2025-01-29,5300.0,5300.0,5300.0,5300.0,0,4950,0
BANKNIFTY29JAN2557000PE.NFO,2024-12-20,13:36:00,2025-01-29,5300.0,5300.0,5300.0,5300.0,0,4950,0
BANKNIFTY29JAN2557000PE.NFO,2024-12-20,13:37:00,2025-01-29,5300.0,5300.0,5300.0,5300.0,0,4950,0
BANKNIFTY29JAN2557000PE.NFO,2024-12-20,13:38:00,2025-01-29,5300.0,5300.0,5300.0,5300.0,0,4950,0
BANKNIFTY29JAN2557000PE.NFO,2024-12-20,13:39:00,2025-01-29,5300.0,5300.0,5300.0,5300.0,0,4950,0
BANKNIFTY29JAN2557000PE.NFO,2024-12-20,13:40:00,2025-01-29,5300.0,5300.0,5300.0,5300.0,0,4950,0
BANKNIFTY29JAN2557000PE.NFO,2024-12-20,13:41:00,2025-01-29,5300.0,5450.0,5300.0,5450.0,30,4950,0
BANKNIFTY29JAN2557000PE.NFO,2024-12-20,13:42:00,2025-01-29,5450.0,5500.0,5450.0,5500.0,15,4950,0
BANKNIFTY29JAN2557000PE.NFO,2024-12-20,13:43:00,2025-01-29,5500.0,5500.0,5500.0,5500.0,0,4950,0
BANKNIFTY29JAN2557000PE.NFO,2024-12-20,13:44:00,2025-01-29,5500.0,5500.0,5500.0,5500.0,0,4950,0
BANKNIFTY29JAN2557000PE.NFO,2024-12-20,13:45:00,2025-01-29,5500.0,5500.0,5500.0,5500.0,0,4950,0
BANKNIFTY29JAN2557000PE.NFO,2024-12-20,13:46:00,2025-01-29,5500.0,5500.0,5500.0,5500.0,0,4950,0
BANKNIFTY29JAN2557000PE.NFO,2024-12-20,13:47:00,2025-01-29,5500.0,5500.0,5500.0,5500.0,0,4950,0
BANKNIFTY29JAN2557000PE.NFO,2024-12-20,13:48:00,2025-01-29,5500.0,5500.0,5500.0,5500.0,0,4950,0
BANKNIFTY29JAN2557000PE.NFO,2024-12-20,13:49:00,2025-01-29,5500.0,5500.0,5500.0,5500.0,0,4950,0
BANKNIFTY29JAN2557000PE.NFO,2024-12-20,13:50:00,2025-01-29,5500.0,5500.0,5500.0,5500.0,0,4950,0
BANKNIFTY29JAN2557000PE.NFO,2024-12-20,13:51:00,2025-01-29,5500.0,5500.0,5500.0,5500.0,0,4950,0
BANKNIFTY29JAN2557000PE.NFO,2024-12-20,13:52:00,2025-01-29,5500.0,5500.0,5500.0,5500.0,0,4950,0
BANKNIFTY29JAN2557000PE.NFO,2024-12-20,13:53:00,2025-01-29,5500.0,5500.0,5500.0,5500.0,0,4950,0
BANKNIFTY29JAN2557000PE.NFO,2024-12-20,13:54:00,2025-01-29,5500.0,5500.0,5500.0,5500.0,0,4950,0
BANKNIFTY29JAN2557000PE.NFO,2024-12-20,13:55:00,2025-01-29,5500.0,5500.0,5500.0,5500.0,0,4950,0
BANKNIFTY29JAN2557000PE.NFO,2024-12-20,13:56:00,2025-01-29,5500.0,5500.0,5500.0,5500.0,0,4950,0
BANKNIFTY29JAN2557000PE.NFO,2024-12-20,13:57:00,2025-01-29,5500.0,5500.0,5500.0,5500.0,0,4950,0
BANKNIFTY29JAN2557000PE.NFO,2024-12-20,13:58:00,2025-01-29,5500.0,5500.0,5500.0,5500.0,0,4950,0
BANKNIFTY29JAN2557000PE.NFO,2024-12-20,13:59:00,2025-01-29,5500.0,5500.0,5500.0,5500.0,0,4950,0
BANKNIFTY29JAN2557000PE.NFO,2024-12-20,14:00:00,2025-01-29,5500.0,5500.0,5500.0,5500.0,0,4950,0
BANKNIFTY29JAN2557000PE.NFO,2024-12-20,14:01:00,2025-01-29,5500.0,5500.0,5500.0,5500.0,0,4950,0
BANKNIFTY29JAN2557000PE.NFO,2024-12-20,14:02:00,2025-01-29,5500.0,5500.0,5500.0,5500.0,0,4950,0
BANKNIFTY29JAN2557000PE.NFO,2024-12-20,14:03:00,2025-01-29,5500.0,5500.0,5500.0,5500.0,0,4950,0
BANKNIFTY29JAN2557000PE.NFO,2024-12-20,14:04:00,2025-01-29,5500.0,5500.0,5500.0,5500.0,0,4950,0
BANKNIFTY29JAN2557000PE.NFO,2024-12-20,14:05:00,2025-01-29,5500.0,5500.0,5500.0,5500.0,0,4950,0
BANKNIFTY29JAN2557000PE.NFO,2024-12-20,14:06:00,2025-01-29,5500.0,5500.0,5500.0,5500.0,0,4950,0
BANKNIFTY29JAN2557000PE.NFO,2024-12-20,14:07:00,2025-01-29,5500.0,5500.0,5500.0,5500.0,0,4950,0
BANKNIFTY29JAN2557000PE.NFO,2024-12-20,14:08:00,2025-01-29,5500.0,5500.0,5500.0,5500.0,0,4950,0
BANKNIFTY29JAN2557000PE.NFO,2024-12-20,14:09:00,2025-01-29,5500.0,5500.0,5500.0,5500.0,0,4950,0
BANKNIFTY29JAN2557000PE.NFO,2024-12-20,14:10:00,2025-01-29,5500.0,5500.0,5500.0,5500.0,0,4950,0
BANKNIFTY29JAN2557000PE.NFO,2024-12-20,14:11:00,2025-01-29,5500.0,5500.0,5500.0,5500.0,0,4950,0
BANKNIFTY29JAN2557000PE.NFO,2024-12-20,14:12:00,2025-01-29,5500.0,5500.0,5500.0,5500.0,0,4950,0
BANKNIFTY29JAN2557000PE.NFO,2024-12-20,14:13:00,2025-01-29,5500.0,5500.0,5500.0,5500.0,0,4950,0
BANKNIFTY29JAN2557000PE.NFO,2024-12-20,14:14:00,2025-01-29,5500.0,5500.0,5500.0,5500.0,0,4950,0
BANKNIFTY29JAN2557000PE.NFO,2024-12-20,14:15:00,2025-01-29,5500.0,5570.0,5500.0,5570.0,15,4995,0
BANKNIFTY29JAN2557000PE.NFO,2024-12-20,14:16:00,2025-01-29,5570.0,5570.0,5570.0,5570.0,0,4995,0
BANKNIFTY29JAN2557000PE.NFO,2024-12-20,14:17:00,2025-01-29,5570.0,5570.0,5570.0,5570.0,0,4995,0
BANKNIFTY29JAN2557000PE.NFO,2024-12-20,14:18:00,2025-01-29,5570.0,5570.0,5570.0,5570.0,0,4995,0
BANKNIFTY29JAN2557000PE.NFO,2024-12-20,14:19:00,2025-01-29,5570.0,5570.0,5570.0,5570.0,0,4995,0
BANKNIFTY29JAN2557000PE.NFO,2024-12-20,14:20:00,2025-01-29,5570.0,5570.0,5570.0,5570.0,0,4995,0
BANKNIFTY29JAN2557000PE.NFO,2024-12-20,14:21:00,2025-01-29,5570.0,5570.0,5570.0,5570.0,0,4995,0
BANKNIFTY29JAN2557000PE.NFO,2024-12-20,14:22:00,2025-01-29,5570.0,5570.0,5570.0,5570.0,0,4995,0
BANKNIFTY29JAN2557000PE.NFO,2024-12-20,14:23:00,2025-01-29,5570.0,5570.0,5463.65,5463.65,15,5010,0
BANKNIFTY29JAN2557000PE.NFO,2024-12-20,14:24:00,2025-01-29,5463.65,5463.65,5463.65,5463.65,0,5010,0
BANKNIFTY29JAN2557000PE.NFO,2024-12-20,14:25:00,2025-01-29,5463.65,5463.65,5463.65,5463.65,0,5010,0
BANKNIFTY29JAN2557000PE.NFO,2024-12-20,14:26:00,2025-01-29,5463.65,5463.65,5463.65,5463.65,0,5010,0
BANKNIFTY29JAN2557000PE.NFO,2024-12-20,14:27:00,2025-01-29,5463.65,5463.65,5463.65,5463.65,0,5010,0
BANKNIFTY29JAN2557000PE.NFO,2024-12-20,14:28:00,2025-01-29,5463.65,5463.65,5463.65,5463.65,0,5010,0
BANKNIFTY29JAN2557000PE.NFO,2024-12-20,14:29:00,2025-01-29,5463.65,5463.65,5463.65,5463.65,0,5010,0
BANKNIFTY29JAN2557000PE.NFO,2024-12-20,14:30:00,2025-01-29,5463.65,5463.65,5463.65,5463.65,0,5010,0
BANKNIFTY29JAN2557000PE.NFO,2024-12-20,14:31:00,2025-01-29,5463.65,5463.65,5463.65,5463.65,0,5010,0
BANKNIFTY29JAN2557000PE.NFO,2024-12-20,14:32:00,2025-01-29,5463.65,5463.65,5463.65,5463.65,0,5010,0
BANKNIFTY29JAN2557000PE.NFO,2024-12-20,14:33:00,2025-01-29,5463.65,5463.65,5463.65,5463.65,0,5010,0
BANKNIFTY29JAN2557000PE.NFO,2024-12-20,14:34:00,2025-01-29,5463.65,5463.65,5463.65,5463.65,0,5010,0
BANKNIFTY29JAN2557000PE.NFO,2024-12-20,14:35:00,2025-01-29,5463.65,5463.65,5463.65,5463.65,0,5010,0
BANKNIFTY29JAN2557000PE.NFO,2024-12-20,14:36:00,2025-01-29,5463.65,5463.65,5463.65,5463.65,0,5010,0
BANKNIFTY29JAN2557000PE.NFO,2024-12-20,14:37:00,2025-01-29,5463.65,5463.65,5463.65,5463.65,0,5010,0
BANKNIFTY29JAN2557000PE.NFO,2024-12-20,14:38:00,2025-01-29,5463.65,5463.65,5463.65,5463.65,0,5010,0
BANKNIFTY29JAN2557000PE.NFO,2024-12-20,14:39:00,2025-01-29,5463.65,5463.65,5463.65,5463.65,0,5010,0
BANKNIFTY29JAN2557000PE.NFO,2024-12-20,14:40:00,2025-01-29,5463.65,5463.65,5463.65,5463.65,0,5010,0
BANKNIFTY29JAN2557000PE.NFO,2024-12-20,14:41:00,2025-01-29,5463.65,5463.65,5463.65,5463.65,0,5010,0
BANKNIFTY29JAN2557000PE.NFO,2024-12-20,14:42:00,2025-01-29,5463.65,5463.65,5463.65,5463.65,0,5010,0
BANKNIFTY29JAN2557000PE.NFO,2024-12-20,14:43:00,2025-01-29,5463.65,5463.65,5463.65,5463.65,0,5010,0
BANKNIFTY29JAN2557000PE.NFO,2024-12-20,14:44:00,2025-01-29,5463.65,5463.65,5463.65,5463.65,0,5010,0
BANKNIFTY29JAN2557000PE.NFO,2024-12-20,14:45:00,2025-01-29,5463.65,5463.65,5463.65,5463.65,0,5010,0
BANKNIFTY29JAN2557000PE.NFO,2024-12-20,14:46:00,2025-01-29,5463.65,5463.65,5463.65,5463.65,0,5010,0
BANKNIFTY29JAN2557000PE.NFO,2024-12-20,14:47:00,2025-01-29,5463.65,5463.65,5463.65,5463.65,0,5010,0
BANKNIFTY29JAN2557000PE.NFO,2024-12-20,14:48:00,2025-01-29,5463.65,5463.65,5463.65,5463.65,0,5010,0
BANKNIFTY29JAN2557000PE.NFO,2024-12-20,14:49:00,2025-01-29,5463.65,5463.65,5463.65,5463.65,0,5010,0
BANKNIFTY29JAN2557000PE.NFO,2024-12-20,14:50:00,2025-01-29,5463.65,5463.65,5463.65,5463.65,0,5010,0
BANKNIFTY29JAN2557000PE.NFO,2024-12-20,14:51:00,2025-01-29,5463.65,5463.65,5463.65,5463.65,0,5010,0
BANKNIFTY29JAN2557000PE.NFO,2024-12-20,14:52:00,2025-01-29,5463.65,5463.65,5463.65,5463.65,0,5010,0
BANKNIFTY29JAN2557000PE.NFO,2024-12-20,14:53:00,2025-01-29,5463.65,5463.65,5463.65,5463.65,0,5010,0
BANKNIFTY29JAN2557000PE.NFO,2024-12-20,14:54:00,2025-01-29,5463.65,5463.65,5463.65,5463.65,0,5010,0
BANKNIFTY29JAN2557000PE.NFO,2024-12-20,14:55:00,2025-01-29,5463.65,5463.65,5463.65,5463.65,0,5010,0
BANKNIFTY29JAN2557000PE.NFO,2024-12-20,14:56:00,2025-01-29,5463.65,5463.65,5463.65,5463.65,0,5010,0
BANKNIFTY29JAN2557000PE.NFO,2024-12-20,14:57:00,2025-01-29,5463.65,5463.65,5463.65,5463.65,0,5010,0
BANKNIFTY29JAN2557000PE.NFO,2024-12-20,14:58:00,2025-01-29,5463.65,5463.65,5463.65,5463.65,0,5010,0
BANKNIFTY29JAN2557000PE.NFO,2024-12-20,14:59:00,2025-01-29,5463.65,5463.65,5463.65,5463.65,0,5010,0
BANKNIFTY29JAN2557000PE.NFO,2024-12-20,15:00:00,2025-01-29,5463.65,5463.65,5463.65,5463.65,0,5010,0
BANKNIFTY29JAN2557000PE.NFO,2024-12-20,15:01:00,2025-01-29,5463.65,5800.0,5463.65,5800.0,15,5025,0
BANKNIFTY29JAN2557000PE.NFO,2024-12-20,15:02:00,2025-01-29,5800.0,5800.0,5800.0,5800.0,0,5025,0
BANKNIFTY29JAN2557000PE.NFO,2024-12-20,15:03:00,2025-01-29,5800.0,5800.0,5750.0,5750.0,15,5010,0
BANKNIFTY29JAN2557000PE.NFO,2024-12-20,15:04:00,2025-01-29,5750.0,5750.0,5750.0,5750.0,0,5010,0
BANKNIFTY29JAN2557000PE.NFO,2024-12-20,15:05:00,2025-01-29,5750.0,5750.0,5750.0,5750.0,0,5010,0
BANKNIFTY29JAN2557000PE.NFO,2024-12-20,15:06:00,2025-01-29,5750.0,5750.0,5750.0,5750.0,0,5010,0
BANKNIFTY29JAN2557000PE.NFO,2024-12-20,15:07:00,2025-01-29,5750.0,5750.0,5750.0,5750.0,0,5010,0
BANKNIFTY29JAN2557000PE.NFO,2024-12-20,15:08:00,2025-01-29,5750.0,5750.0,5750.0,5750.0,0,5010,0
BANKNIFTY29JAN2557000PE.NFO,2024-12-20,15:09:00,2025-01-29,5750.0,5750.0,5750.0,5750.0,0,5010,0
BANKNIFTY29JAN2557000PE.NFO,2024-12-20,15:10:00,2025-01-29,5750.0,5750.0,5750.0,5750.0,0,5010,0
BANKNIFTY29JAN2557000PE.NFO,2024-12-20,15:11:00,2025-01-29,5750.0,5750.0,5750.0,5750.0,0,5010,0
BANKNIFTY29JAN2557000PE.NFO,2024-12-20,15:12:00,2025-01-29,5750.0,5750.0,5736.1,5745.0,360,4995,0
BANKNIFTY29JAN2557000PE.NFO,2024-12-20,15:13:00,2025-01-29,5745.0,5765.05,5745.0,5765.05,45,5265,0
BANKNIFTY29JAN2557000PE.NFO,2024-12-20,15:14:00,2025-01-29,5765.05,5765.05,5765.05,5765.05,0,5265,0
BANKNIFTY29JAN2557000PE.NFO,2024-12-20,15:15:00,2025-01-29,5765.05,5765.05,5765.05,5765.05,0,5265,0
BANKNIFTY29JAN2557000PE.NFO,2024-12-20,15:16:00,2025-01-29,5765.05,5765.05,5723.3,5723.3,75,5310,0
BANKNIFTY29JAN2557000PE.NFO,2024-12-20,15:17:00,2025-01-29,5723.3,5723.3,5723.3,5723.3,0,5310,0
BANKNIFTY29JAN2557000PE.NFO,2024-12-20,15:18:00,2025-01-29,5723.3,5730.05,5723.3,5730.05,60,5310,0
BANKNIFTY29JAN2557000PE.NFO,2024-12-20,15:19:00,2025-01-29,5730.05,5730.05,5730.05,5730.05,0,5310,0
BANKNIFTY29JAN2557000PE.NFO,2024-12-20,15:20:00,2025-01-29,5730.05,5730.05,5730.05,5730.05,0,5310,0
BANKNIFTY29JAN2557000PE.NFO,2024-12-20,15:21:00,2025-01-29,5730.05,5730.05,5682.6,5682.6,15,5415,0
BANKNIFTY29JAN2557000PE.NFO,2024-12-20,15:22:00,2025-01-29,5682.6,5682.6,5682.6,5682.6,0,5415,0
BANKNIFTY29JAN2557000PE.NFO,2024-12-20,15:23:00,2025-01-29,5682.6,5682.6,5682.6,5682.6,0,5415,0
BANKNIFTY29JAN2557000PE.NFO,2024-12-20,15:24:00,2025-01-29,5682.6,5682.6,5682.6,5682.6,15,5430,0
BANKNIFTY29JAN2557000PE.NFO,2024-12-20,15:25:00,2025-01-29,5682.6,5682.6,5671.75,5671.75,15,5430,0
BANKNIFTY29JAN2557000PE.NFO,2024-12-20,15:26:00,2025-01-29,5671.75,5671.75,5671.75,5671.75,0,5430,0
BANKNIFTY29JAN2557000PE.NFO,2024-12-20,15:27:00,2025-01-29,5671.75,5671.75,5671.75,5671.75,0,5430,0
BANKNIFTY29JAN2557000PE.NFO,2024-12-20,15:28:00,2025-01-29,5671.75,5671.75,5671.75,5671.75,0,5430,0
BANKNIFTY29JAN2557000PE.NFO,2024-12-20,15:29:00,2025-01-29,5671.75,5671.75,5671.75,5671.75,0,5430,0
BANKNIFTY29JAN2557000PE.NFO,2024-12-20,15:30:00,2025-01-29,5671.75,5671.75,5671.75,5671.75,0,5430,1
BANKNIFTY29JAN2557000PE.NFO,2024-12-23,09:15:00,2025-01-29,5250.0,5250.0,5250.0,5250.0,0,5460,1
BANKNIFTY29JAN2557000PE.NFO,2024-12-23,09:16:00,2025-01-29,5250.0,5250.0,5250.0,5250.0,0,5460,1
BANKNIFTY29JAN2557000PE.NFO,2024-12-23,09:17:00,2025-01-29,5250.0,5250.0,5250.0,5250.0,0,5460,1
BANKNIFTY29JAN2557000PE.NFO,2024-12-23,09:18:00,2025-01-29,5250.0,5250.0,5250.0,5250.0,0,5460,1
BANKNIFTY29JAN2557000PE.NFO,2024-12-23,09:19:00,2025-01-29,5250.0,5250.0,5250.0,5250.0,0,5460,1
BANKNIFTY29JAN2557000PE.NFO,2024-12-23,09:20:00,2025-01-29,5250.0,5250.0,5250.0,5250.0,0,5460,1
BANKNIFTY29JAN2557000PE.NFO,2024-12-23,09:21:00,2025-01-29,5250.0,5250.0,5250.0,5250.0,0,5460,1
BANKNIFTY29JAN2557000PE.NFO,2024-12-23,09:22:00,2025-01-29,5250.0,5250.0,5250.0,5250.0,0,5460,1
BANKNIFTY29JAN2557000PE.NFO,2024-12-23,09:23:00,2025-01-29,5250.0,5250.0,5250.0,5250.0,0,5460,1
BANKNIFTY29JAN2557000PE.NFO,2024-12-23,09:24:00,2025-01-29,5250.0,5250.0,5250.0,5250.0,0,5460,1
BANKNIFTY29JAN2557000PE.NFO,2024-12-23,09:25:00,2025-01-29,5250.0,5250.0,5250.0,5250.0,0,5460,1
BANKNIFTY29JAN2557000PE.NFO,2024-12-23,09:26:00,2025-01-29,5250.0,5250.0,5250.0,5250.0,0,5460,1
BANKNIFTY29JAN2557000PE.NFO,2024-12-23,09:27:00,2025-01-29,5250.0,5250.0,5250.0,5250.0,0,5460,1
BANKNIFTY29JAN2557000PE.NFO,2024-12-23,09:28:00,2025-01-29,5250.0,5250.0,5250.0,5250.0,0,5460,1
BANKNIFTY29JAN2557000PE.NFO,2024-12-23,09:29:00,2025-01-29,5250.0,5250.0,5250.0,5250.0,0,5460,1
BANKNIFTY29JAN2557000PE.NFO,2024-12-23,09:30:00,2025-01-29,5250.0,5250.0,5250.0,5250.0,0,5460,1
BANKNIFTY29JAN2557000PE.NFO,2024-12-23,09:31:00,2025-01-29,5250.0,5250.0,5250.0,5250.0,0,5460,1
BANKNIFTY29JAN2557000PE.NFO,2024-12-23,09:32:00,2025-01-29,5250.0,5250.0,5250.0,5250.0,0,5460,1
BANKNIFTY29JAN2557000PE.NFO,2024-12-23,09:33:00,2025-01-29,5250.0,5250.0,5250.0,5250.0,0,5460,1
BANKNIFTY29JAN2557000PE.NFO,2024-12-23,09:34:00,2025-01-29,5250.0,5250.0,5250.0,5250.0,0,5460,1
BANKNIFTY29JAN2557000PE.NFO,2024-12-23,09:35:00,2025-01-29,5250.0,5250.0,5250.0,5250.0,0,5460,1
BANKNIFTY29JAN2557000PE.NFO,2024-12-23,09:36:00,2025-01-29,5250.0,5250.0,5250.0,5250.0,0,5460,1
BANKNIFTY29JAN2557000PE.NFO,2024-12-23,09:37:00,2025-01-29,5250.0,5250.0,5250.0,5250.0,0,5460,1
BANKNIFTY29JAN2557000PE.NFO,2024-12-23,09:38:00,2025-01-29,5250.0,5250.0,5250.0,5250.0,0,5460,0
BANKNIFTY29JAN2557000PE.NFO,2024-12-23,09:39:00,2025-01-29,5250.0,5250.0,5250.0,5250.0,0,5460,0
BANKNIFTY29JAN2557000PE.NFO,2024-12-23,09:40:00,2025-01-29,5250.0,5250.0,5180.0,5200.0,150,5475,0
BANKNIFTY29JAN2557000PE.NFO,2024-12-23,09:41:00,2025-01-29,5200.0,5200.0,5200.0,5200.0,0,5475,0
BANKNIFTY29JAN2557000PE.NFO,2024-12-23,09:42:00,2025-01-29,5200.0,5200.0,5200.0,5200.0,0,5475,0
BANKNIFTY29JAN2557000PE.NFO,2024-12-23,09:43:00,2025-01-29,5200.0,5200.0,5200.0,5200.0,0,5475,0
BANKNIFTY29JAN2557000PE.NFO,2024-12-23,09:44:00,2025-01-29,5200.0,5225.0,5200.0,5225.0,75,5625,0
BANKNIFTY29JAN2557000PE.NFO,2024-12-23,09:45:00,2025-01-29,5225.0,5250.0,5225.0,5250.0,30,5625,0
BANKNIFTY29JAN2557000PE.NFO,2024-12-23,09:46:00,2025-01-29,5250.0,5250.0,5250.0,5250.0,0,5625,0
BANKNIFTY29JAN2557000PE.NFO,2024-12-23,09:47:00,2025-01-29,5250.0,5250.0,5200.0,5200.0,45,5730,0
BANKNIFTY29JAN2557000PE.NFO,2024-12-23,09:48:00,2025-01-29,5200.0,5200.0,5200.0,5200.0,0,5730,0
BANKNIFTY29JAN2557000PE.NFO,2024-12-23,09:49:00,2025-01-29,5200.0,5200.0,5200.0,5200.0,0,5730,0
BANKNIFTY29JAN2557000PE.NFO,2024-12-23,09:50:00,2025-01-29,5200.0,5200.0,5200.0,5200.0,0,5730,0
BANKNIFTY29JAN2557000PE.NFO,2024-12-23,09:51:00,2025-01-29,5200.0,5200.0,5200.0,5200.0,0,5730,0
BANKNIFTY29JAN2557000PE.NFO,2024-12-23,09:52:00,2025-01-29,5200.0,5200.0,5200.0,5200.0,0,5730,0
BANKNIFTY29JAN2557000PE.NFO,2024-12-23,09:53:00,2025-01-29,5200.0,5200.0,5200.0,5200.0,0,5730,0
BANKNIFTY29JAN2557000PE.NFO,2024-12-23,09:54:00,2025-01-29,5200.0,5200.0,5200.0,5200.0,0,5730,0
BANKNIFTY29JAN2557000PE.NFO,2024-12-23,09:55:00,2025-01-29,5200.0,5233.75,5200.0,5233.75,15,5745,0
BANKNIFTY29JAN2557000PE.NFO,2024-12-23,09:56:00,2025-01-29,5233.75,5233.75,5233.75,5233.75,0,5745,0
BANKNIFTY29JAN2557000PE.NFO,2024-12-23,09:57:00,2025-01-29,5233.75,5233.75,5233.75,5233.75,0,5745,0
BANKNIFTY29JAN2557000PE.NFO,2024-12-23,09:58:00,2025-01-29,5233.75,5233.75,5233.75,5233.75,0,5745,0
BANKNIFTY29JAN2557000PE.NFO,2024-12-23,09:59:00,2025-01-29,5233.75,5310.0,5233.75,5310.0,45,5760,0
BANKNIFTY29JAN2557000PE.NFO,2024-12-23,10:00:00,2025-01-29,5310.0,5310.0,5310.0,5310.0,0,5760,0
BANKNIFTY29JAN2557000PE.NFO,2024-12-23,10:01:00,2025-01-29,5310.0,5310.0,5310.0,5310.0,0,5760,0
BANKNIFTY29JAN2557000PE.NFO,2024-12-23,10:02:00,2025-01-29,5310.0,5310.0,5233.75,5233.75,15,5805,0
BANKNIFTY29JAN2557000PE.NFO,2024-12-23,10:03:00,2025-01-29,5233.75,5233.75,5233.75,5233.75,0,5805,0
BANKNIFTY29JAN2557000PE.NFO,2024-12-23,10:04:00,2025-01-29,5233.75,5233.75,5233.75,5233.75,0,5805,0
BANKNIFTY29JAN2557000PE.NFO,2024-12-23,10:05:00,2025-01-29,5233.75,5233.75,5233.75,5233.75,0,5805,0
BANKNIFTY29JAN2557000PE.NFO,2024-12-23,10:06:00,2025-01-29,5233.75,5233.75,5233.75,5233.75,0,5805,0
BANKNIFTY29JAN2557000PE.NFO,2024-12-23,10:07:00,2025-01-29,5233.75,5233.75,5233.75,5233.75,0,5805,0
BANKNIFTY29JAN2557000PE.NFO,2024-12-23,10:08:00,2025-01-29,5233.75,5233.75,5233.75,5233.75,0,5805,0
BANKNIFTY29JAN2557000PE.NFO,2024-12-23,10:09:00,2025-01-29,5233.75,5233.75,5233.75,5233.75,0,5805,0
BANKNIFTY29JAN2557000PE.NFO,2024-12-23,10:10:00,2025-01-29,5233.75,5233.75,5233.75,5233.75,0,5805,0
BANKNIFTY29JAN2557000PE.NFO,2024-12-23,10:11:00,2025-01-29,5233.75,5233.75,5233.75,5233.75,0,5805,0
BANKNIFTY29JAN2557000PE.NFO,2024-12-23,10:12:00,2025-01-29,5233.75,5233.75,5233.75,5233.75,0,5805,0
BANKNIFTY29JAN2557000PE.NFO,2024-12-23,10:13:00,2025-01-29,5233.75,5233.75,5233.75,5233.75,0,5805,0
BANKNIFTY29JAN2557000PE.NFO,2024-12-23,10:14:00,2025-01-29,5233.75,5233.75,5233.75,5233.75,0,5805,0
BANKNIFTY29JAN2557000PE.NFO,2024-12-23,10:15:00,2025-01-29,5233.75,5233.75,5233.75,5233.75,0,5805,0
BANKNIFTY29JAN2557000PE.NFO,2024-12-23,10:16:00,2025-01-29,5233.75,5233.75,5233.75,5233.75,0,5805,0
BANKNIFTY29JAN2557000PE.NFO,2024-12-23,10:17:00,2025-01-29,5233.75,5233.75,5233.75,5233.75,0,5805,0
BANKNIFTY29JAN2557000PE.NFO,2024-12-23,10:18:00,2025-01-29,5233.75,5233.75,5096.65,5122.3,30,5790,0
BANKNIFTY29JAN2557000PE.NFO,2024-12-23,10:19:00,2025-01-29,5122.3,5122.3,5122.3,5122.3,0,5790,0
BANKNIFTY29JAN2557000PE.NFO,2024-12-23,10:20:00,2025-01-29,5122.3,5122.3,5122.3,5122.3,0,5790,0
BANKNIFTY29JAN2557000PE.NFO,2024-12-23,10:21:00,2025-01-29,5122.3,5122.3,5122.3,5122.3,0,5790,0
BANKNIFTY29JAN2557000PE.NFO,2024-12-23,10:22:00,2025-01-29,5122.3,5122.3,5122.3,5122.3,0,5790,0
BANKNIFTY29JAN2557000PE.NFO,2024-12-23,10:23:00,2025-01-29,5122.3,5122.3,5122.3,5122.3,0,5790,0
BANKNIFTY29JAN2557000PE.NFO,2024-12-23,10:24:00,2025-01-29,5122.3,5122.3,5122.3,5122.3,0,5790,0
BANKNIFTY29JAN2557000PE.NFO,2024-12-23,10:25:00,2025-01-29,5122.3,5122.3,5122.3,5122.3,0,5790,0
BANKNIFTY29JAN2557000PE.NFO,2024-12-23,10:26:00,2025-01-29,5122.3,5122.3,5122.3,5122.3,0,5790,0
BANKNIFTY29JAN2557000PE.NFO,2024-12-23,10:27:00,2025-01-29,5122.3,5122.3,5122.3,5122.3,0,5790,0
BANKNIFTY29JAN2557000PE.NFO,2024-12-23,10:28:00,2025-01-29,5122.3,5122.3,5122.3,5122.3,0,5790,0
BANKNIFTY29JAN2557000PE.NFO,2024-12-23,10:29:00,2025-01-29,5122.3,5122.3,5122.3,5122.3,0,5790,0
BANKNIFTY29JAN2557000PE.NFO,2024-12-23,10:30:00,2025-01-29,5122.3,5122.3,5122.3,5122.3,0,5790,0
BANKNIFTY29JAN2557000PE.NFO,2024-12-23,10:31:00,2025-01-29,5122.3,5122.3,5122.3,5122.3,0,5790,0
BANKNIFTY29JAN2557000PE.NFO,2024-12-23,10:32:00,2025-01-29,5122.3,5122.3,5122.3,5122.3,0,5790,0
BANKNIFTY29JAN2557000PE.NFO,2024-12-23,10:33:00,2025-01-29,5122.3,5122.3,5122.3,5122.3,0,5790,0
BANKNIFTY29JAN2557000PE.NFO,2024-12-23,10:34:00,2025-01-29,5122.3,5122.3,5122.3,5122.3,0,5790,0
BANKNIFTY29JAN2557000PE.NFO,2024-12-23,10:35:00,2025-01-29,5122.3,5122.3,5122.3,5122.3,0,5790,0
BANKNIFTY29JAN2557000PE.NFO,2024-12-23,10:36:00,2025-01-29,5122.3,5122.3,5122.3,5122.3,0,5790,0
BANKNIFTY29JAN2557000PE.NFO,2024-12-23,10:37:00,2025-01-29,5122.3,5122.3,5122.3,5122.3,0,5790,0
BANKNIFTY29JAN2557000PE.NFO,2024-12-23,10:38:00,2025-01-29,5122.3,5122.3,5122.3,5122.3,0,5790,0
BANKNIFTY29JAN2557000PE.NFO,2024-12-23,10:39:00,2025-01-29,5122.3,5122.3,5100.0,5100.0,15,5820,0
BANKNIFTY29JAN2557000PE.NFO,2024-12-23,10:40:00,2025-01-29,5106.6,5106.6,5106.6,5106.6,0,5835,0
BANKNIFTY29JAN2557000PE.NFO,2024-12-23,10:41:00,2025-01-29,5106.6,5106.6,5106.6,5106.6,0,5835,0
BANKNIFTY29JAN2557000PE.NFO,2024-12-23,10:42:00,2025-01-29,5106.6,5106.6,5106.6,5106.6,0,5835,0
BANKNIFTY29JAN2557000PE.NFO,2024-12-23,10:43:00,2025-01-29,5106.6,5106.6,5106.6,5106.6,0,5835,0
BANKNIFTY29JAN2557000PE.NFO,2024-12-23,10:44:00,2025-01-29,5106.6,5106.6,5106.6,5106.6,0,5835,0
BANKNIFTY29JAN2557000PE.NFO,2024-12-23,10:45:00,2025-01-29,5106.6,5106.6,5106.6,5106.6,0,5835,0
BANKNIFTY29JAN2557000PE.NFO,2024-12-23,10:46:00,2025-01-29,5106.6,5106.6,5106.6,5106.6,0,5835,0
BANKNIFTY29JAN2557000PE.NFO,2024-12-23,10:47:00,2025-01-29,5106.6,5106.6,5106.6,5106.6,0,5835,0
BANKNIFTY29JAN2557000PE.NFO,2024-12-23,10:48:00,2025-01-29,5106.6,5106.6,5106.6,5106.6,0,5835,0
BANKNIFTY29JAN2557000PE.NFO,2024-12-23,10:49:00,2025-01-29,5106.6,5106.6,5106.6,5106.6,0,5835,0
BANKNIFTY29JAN2557000PE.NFO,2024-12-23,10:50:00,2025-01-29,5106.6,5106.6,5106.6,5106.6,0,5835,0
BANKNIFTY29JAN2557000PE.NFO,2024-12-23,10:51:00,2025-01-29,5106.6,5106.6,5106.6,5106.6,0,5835,0
BANKNIFTY29JAN2557000PE.NFO,2024-12-23,10:52:00,2025-01-29,5106.6,5106.6,5106.6,5106.6,0,5835,0
BANKNIFTY29JAN2557000PE.NFO,2024-12-23,10:53:00,2025-01-29,5106.6,5106.6,5106.6,5106.6,0,5835,0
BANKNIFTY29JAN2557000PE.NFO,2024-12-23,10:54:00,2025-01-29,5106.6,5106.6,5106.6,5106.6,0,5835,0
BANKNIFTY29JAN2557000PE.NFO,2024-12-23,10:55:00,2025-01-29,5106.6,5106.6,5106.6,5106.6,0,5835,0
BANKNIFTY29JAN2557000PE.NFO,2024-12-23,10:56:00,2025-01-29,5106.6,5106.6,5106.6,5106.6,0,5835,0
BANKNIFTY29JAN2557000PE.NFO,2024-12-23,10:57:00,2025-01-29,5106.6,5106.6,5106.6,5106.6,0,5835,0
BANKNIFTY29JAN2557000PE.NFO,2024-12-23,10:58:00,2025-01-29,5106.6,5106.6,5106.6,5106.6,0,5835,0
BANKNIFTY29JAN2557000PE.NFO,2024-12-23,10:59:00,2025-01-29,5106.6,5106.6,5106.6,5106.6,0,5835,0
BANKNIFTY29JAN2557000PE.NFO,2024-12-23,11:00:00,2025-01-29,5106.6,5106.6,5106.6,5106.6,0,5835,0
BANKNIFTY29JAN2557000PE.NFO,2024-12-23,11:01:00,2025-01-29,5106.6,5106.6,5106.6,5106.6,0,5835,0
BANKNIFTY29JAN2557000PE.NFO,2024-12-23,11:02:00,2025-01-29,5106.6,5106.6,5106.6,5106.6,0,5835,0
BANKNIFTY29JAN2557000PE.NFO,2024-12-23,11:03:00,2025-01-29,5106.6,5106.6,5106.6,5106.6,0,5835,0
BANKNIFTY29JAN2557000PE.NFO,2024-12-23,11:04:00,2025-01-29,5106.6,5106.6,5106.6,5106.6,0,5835,0
BANKNIFTY29JAN2557000PE.NFO,2024-12-23,11:05:00,2025-01-29,5106.6,5106.6,5106.6,5106.6,0,5835,0
BANKNIFTY29JAN2557000PE.NFO,2024-12-23,11:06:00,2025-01-29,5106.6,5106.6,5106.6,5106.6,0,5835,0
BANKNIFTY29JAN2557000PE.NFO,2024-12-23,11:07:00,2025-01-29,5106.6,5106.6,5106.6,5106.6,0,5835,0
BANKNIFTY29JAN2557000PE.NFO,2024-12-23,11:08:00,2025-01-29,5106.6,5106.6,5106.6,5106.6,0,5835,0
BANKNIFTY29JAN2557000PE.NFO,2024-12-23,11:09:00,2025-01-29,5106.6,5106.6,5106.6,5106.6,0,5835,0
BANKNIFTY29JAN2557000PE.NFO,2024-12-23,11:10:00,2025-01-29,5106.6,5106.6,5106.6,5106.6,0,5835,0
BANKNIFTY29JAN2557000PE.NFO,2024-12-23,11:11:00,2025-01-29,5106.6,5106.6,5106.6,5106.6,0,5835,0
BANKNIFTY29JAN2557000PE.NFO,2024-12-23,11:12:00,2025-01-29,5106.6,5106.6,5106.6,5106.6,0,5835,0
BANKNIFTY29JAN2557000PE.NFO,2024-12-23,11:13:00,2025-01-29,5106.6,5106.6,5106.6,5106.6,0,5835,0
BANKNIFTY29JAN2557000PE.NFO,2024-12-23,11:14:00,2025-01-29,5106.6,5106.6,5106.6,5106.6,0,5835,0
BANKNIFTY29JAN2557000PE.NFO,2024-12-23,11:15:00,2025-01-29,5106.6,5106.6,5106.6,5106.6,0,5835,0
BANKNIFTY29JAN2557000PE.NFO,2024-12-23,11:16:00,2025-01-29,5106.6,5106.6,5106.6,5106.6,0,5835,0
BANKNIFTY29JAN2557000PE.NFO,2024-12-23,11:17:00,2025-01-29,5106.6,5106.6,5106.6,5106.6,0,5835,0
BANKNIFTY29JAN2557000PE.NFO,2024-12-23,11:18:00,2025-01-29,5106.6,5106.6,5106.6,5106.6,0,5835,0
BANKNIFTY29JAN2557000PE.NFO,2024-12-23,11:19:00,2025-01-29,5106.6,5106.6,5106.6,5106.6,0,5835,0
BANKNIFTY29JAN2557000PE.NFO,2024-12-23,11:20:00,2025-01-29,5106.6,5106.6,5106.6,5106.6,0,5835,0
BANKNIFTY29JAN2557000PE.NFO,2024-12-23,11:21:00,2025-01-29,5106.6,5106.6,5106.6,5106.6,0,5835,0
BANKNIFTY29JAN2557000PE.NFO,2024-12-23,11:22:00,2025-01-29,5106.6,5106.6,5106.6,5106.6,0,5835,0
BANKNIFTY29JAN2557000PE.NFO,2024-12-23,11:23:00,2025-01-29,5106.6,5106.6,5106.6,5106.6,0,5835,0
BANKNIFTY29JAN2557000PE.NFO,2024-12-23,11:24:00,2025-01-29,5106.6,5106.6,5106.6,5106.6,0,5835,0
BANKNIFTY29JAN2557000PE.NFO,2024-12-23,11:25:00,2025-01-29,5106.6,5106.6,5106.6,5106.6,0,5835,0
BANKNIFTY29JAN2557000PE.NFO,2024-12-23,11:26:00,2025-01-29,5106.6,5106.6,5106.6,5106.6,0,5835,0
BANKNIFTY29JAN2557000PE.NFO,2024-12-23,11:27:00,2025-01-29,5106.6,5106.6,5106.6,5106.6,0,5835,0
BANKNIFTY29JAN2557000PE.NFO,2024-12-23,11:28:00,2025-01-29,5106.6,5106.6,5106.6,5106.6,0,5835,0
BANKNIFTY29JAN2557000PE.NFO,2024-12-23,11:29:00,2025-01-29,5106.6,5106.6,5106.6,5106.6,0,5835,0
BANKNIFTY29JAN2557000PE.NFO,2024-12-23,11:30:00,2025-01-29,5106.6,5106.6,5106.6,5106.6,0,5835,0
BANKNIFTY29JAN2557000PE.NFO,2024-12-23,11:31:00,2025-01-29,5106.6,5106.6,5106.6,5106.6,0,5835,0
BANKNIFTY29JAN2557000PE.NFO,2024-12-23,11:32:00,2025-01-29,5106.6,5106.6,5106.6,5106.6,0,5835,0
BANKNIFTY29JAN2557000PE.NFO,2024-12-23,11:33:00,2025-01-29,5106.6,5106.6,5106.6,5106.6,0,5835,0
BANKNIFTY29JAN2557000PE.NFO,2024-12-23,11:34:00,2025-01-29,5106.6,5106.6,5106.6,5106.6,0,5835,0
BANKNIFTY29JAN2557000PE.NFO,2024-12-23,11:35:00,2025-01-29,5106.6,5106.6,5106.6,5106.6,0,5835,0
BANKNIFTY29JAN2557000PE.NFO,2024-12-23,11:36:00,2025-01-29,5106.6,5106.6,5106.6,5106.6,0,5835,0
BANKNIFTY29JAN2557000PE.NFO,2024-12-23,11:37:00,2025-01-29,5106.6,5106.6,5106.6,5106.6,0,5835,0
BANKNIFTY29JAN2557000PE.NFO,2024-12-23,11:38:00,2025-01-29,5106.6,5106.6,5106.6,5106.6,0,5835,0
BANKNIFTY29JAN2557000PE.NFO,2024-12-23,11:39:00,2025-01-29,5106.6,5106.6,5106.6,5106.6,0,5835,0
BANKNIFTY29JAN2557000PE.NFO,2024-12-23,11:40:00,2025-01-29,5106.6,5106.6,5106.6,5106.6,0,5835,0
BANKNIFTY29JAN2557000PE.NFO,2024-12-23,11:41:00,2025-01-29,5106.6,5106.6,5106.6,5106.6,0,5835,0
BANKNIFTY29JAN2557000PE.NFO,2024-12-23,11:42:00,2025-01-29,5106.6,5106.6,5106.6,5106.6,0,5835,0
BANKNIFTY29JAN2557000PE.NFO,2024-12-23,11:43:00,2025-01-29,5106.6,5106.6,5106.6,5106.6,0,5835,0
BANKNIFTY29JAN2557000PE.NFO,2024-12-23,11:44:00,2025-01-29,5106.6,5106.6,5106.6,5106.6,0,5835,0
BANKNIFTY29JAN2557000PE.NFO,2024-12-23,11:45:00,2025-01-29,5106.6,5106.6,5106.6,5106.6,0,5835,0
BANKNIFTY29JAN2557000PE.NFO,2024-12-23,11:46:00,2025-01-29,5106.6,5106.6,5106.6,5106.6,0,5835,0
BANKNIFTY29JAN2557000PE.NFO,2024-12-23,11:47:00,2025-01-29,5106.6,5106.6,5106.6,5106.6,0,5835,0
BANKNIFTY29JAN2557000PE.NFO,2024-12-23,11:48:00,2025-01-29,5106.6,5106.6,5106.6,5106.6,0,5835,0
BANKNIFTY29JAN2557000PE.NFO,2024-12-23,11:49:00,2025-01-29,5106.6,5106.6,5106.6,5106.6,0,5835,0
BANKNIFTY29JAN2557000PE.NFO,2024-12-23,11:50:00,2025-01-29,5106.6,5106.6,5106.6,5106.6,0,5835,0
BANKNIFTY29JAN2557000PE.NFO,2024-12-23,11:51:00,2025-01-29,5106.6,5106.6,5106.6,5106.6,0,5835,0
BANKNIFTY29JAN2557000PE.NFO,2024-12-23,11:52:00,2025-01-29,5106.6,5106.6,5106.6,5106.6,0,5835,0
BANKNIFTY29JAN2557000PE.NFO,2024-12-23,11:53:00,2025-01-29,5106.6,5106.6,5106.6,5106.6,0,5835,0
BANKNIFTY29JAN2557000PE.NFO,2024-12-23,11:54:00,2025-01-29,5106.6,5106.6,5106.6,5106.6,0,5835,0
BANKNIFTY29JAN2557000PE.NFO,2024-12-23,11:55:00,2025-01-29,5106.6,5106.6,5106.6,5106.6,0,5835,0
BANKNIFTY29JAN2557000PE.NFO,2024-12-23,11:56:00,2025-01-29,5106.6,5106.6,5106.6,5106.6,0,5835,0
BANKNIFTY29JAN2557000PE.NFO,2024-12-23,11:57:00,2025-01-29,5106.6,5106.6,5106.6,5106.6,0,5835,0
BANKNIFTY29JAN2557000PE.NFO,2024-12-23,11:58:00,2025-01-29,5106.6,5106.6,5106.6,5106.6,0,5835,0
BANKNIFTY29JAN2557000PE.NFO,2024-12-23,11:59:00,2025-01-29,5106.6,5106.6,5106.6,5106.6,0,5835,0
BANKNIFTY29JAN2557000PE.NFO,2024-12-23,12:00:00,2025-01-29,5106.6,5106.6,5106.6,5106.6,0,5835,0
BANKNIFTY29JAN2557000PE.NFO,2024-12-23,12:01:00,2025-01-29,5106.6,5106.6,5106.6,5106.6,0,5835,0
BANKNIFTY29JAN2557000PE.NFO,2024-12-23,12:02:00,2025-01-29,5106.6,5106.6,5106.6,5106.6,0,5835,0
BANKNIFTY29JAN2557000PE.NFO,2024-12-23,12:03:00,2025-01-29,5106.6,5106.6,5106.6,5106.6,0,5835,0
BANKNIFTY29JAN2557000PE.NFO,2024-12-23,12:04:00,2025-01-29,5106.6,5106.6,5106.6,5106.6,0,5835,0
BANKNIFTY29JAN2557000PE.NFO,2024-12-23,12:05:00,2025-01-29,5106.6,5106.6,5106.6,5106.6,0,5835,0
BANKNIFTY29JAN2557000PE.NFO,2024-12-23,12:06:00,2025-01-29,5106.6,5106.6,5106.6,5106.6,0,5835,0
BANKNIFTY29JAN2557000PE.NFO,2024-12-23,12:07:00,2025-01-29,5106.6,5106.6,5106.6,5106.6,0,5835,0
BANKNIFTY29JAN2557000PE.NFO,2024-12-23,12:08:00,2025-01-29,5106.6,5106.6,5106.6,5106.6,0,5835,0
BANKNIFTY29JAN2557000PE.NFO,2024-12-23,12:09:00,2025-01-29,5106.6,5106.6,5106.6,5106.6,0,5835,0
BANKNIFTY29JAN2557000PE.NFO,2024-12-23,12:10:00,2025-01-29,5106.6,5240.4,5106.6,5240.4,330,6135,0
BANKNIFTY29JAN2557000PE.NFO,2024-12-23,12:11:00,2025-01-29,5240.4,5252.5,5240.4,5252.5,15,6135,0
BANKNIFTY29JAN2557000PE.NFO,2024-12-23,12:12:00,2025-01-29,5252.5,5252.5,5252.5,5252.5,0,6135,0
BANKNIFTY29JAN2557000PE.NFO,2024-12-23,12:13:00,2025-01-29,5252.5,5252.5,5252.5,5252.5,0,6135,0
BANKNIFTY29JAN2557000PE.NFO,2024-12-23,12:14:00,2025-01-29,5252.5,5252.5,5252.5,5252.5,0,6135,0
BANKNIFTY29JAN2557000PE.NFO,2024-12-23,12:15:00,2025-01-29,5252.5,5252.5,5252.5,5252.5,0,6135,0
BANKNIFTY29JAN2557000PE.NFO,2024-12-23,12:16:00,2025-01-29,5252.5,5252.5,5252.5,5252.5,0,6135,0
BANKNIFTY29JAN2557000PE.NFO,2024-12-23,12:17:00,2025-01-29,5252.5,5252.5,5252.5,5252.5,0,6135,0
BANKNIFTY29JAN2557000PE.NFO,2024-12-23,12:18:00,2025-01-29,5252.5,5252.5,5252.5,5252.5,0,6135,0
BANKNIFTY29JAN2557000PE.NFO,2024-12-23,12:19:00,2025-01-29,5252.5,5252.5,5252.5,5252.5,0,6135,0
BANKNIFTY29JAN2557000PE.NFO,2024-12-23,12:20:00,2025-01-29,5252.5,5252.5,5252.5,5252.5,0,6135,0
BANKNIFTY29JAN2557000PE.NFO,2024-12-23,12:21:00,2025-01-29,5252.5,5252.5,5252.5,5252.5,0,6135,0
BANKNIFTY29JAN2557000PE.NFO,2024-12-23,12:22:00,2025-01-29,5252.5,5252.5,5225.0,5225.0,45,6390,0
BANKNIFTY29JAN2557000PE.NFO,2024-12-23,12:23:00,2025-01-29,5225.0,5225.2,5225.0,5225.2,105,6390,0
BANKNIFTY29JAN2557000PE.NFO,2024-12-23,12:24:00,2025-01-29,5225.2,5225.2,5225.2,5225.2,0,6390,0
BANKNIFTY29JAN2557000PE.NFO,2024-12-23,12:25:00,2025-01-29,5225.2,5237.65,5225.2,5230.4,315,6540,0
BANKNIFTY29JAN2557000PE.NFO,2024-12-23,12:26:00,2025-01-29,5230.4,5230.4,5212.25,5212.25,210,6540,0
BANKNIFTY29JAN2557000PE.NFO,2024-12-23,12:27:00,2025-01-29,5212.25,5212.25,5209.1,5209.1,210,6540,0
BANKNIFTY29JAN2557000PE.NFO,2024-12-23,12:28:00,2025-01-29,5209.1,5209.1,5209.1,5209.1,0,6540,0
BANKNIFTY29JAN2557000PE.NFO,2024-12-23,12:29:00,2025-01-29,5209.1,5245.2,5209.1,5245.2,15,7275,0
BANKNIFTY29JAN2557000PE.NFO,2024-12-23,12:30:00,2025-01-29,5245.2,5300.0,5245.2,5299.45,60,7275,0
BANKNIFTY29JAN2557000PE.NFO,2024-12-23,12:31:00,2025-01-29,5299.45,5299.45,5299.45,5299.45,0,7275,0
BANKNIFTY29JAN2557000PE.NFO,2024-12-23,12:32:00,2025-01-29,5299.45,5299.45,5299.45,5299.45,0,7275,0
BANKNIFTY29JAN2557000PE.NFO,2024-12-23,12:33:00,2025-01-29,5299.45,5299.45,5299.45,5299.45,0,7275,0
BANKNIFTY29JAN2557000PE.NFO,2024-12-23,12:34:00,2025-01-29,5299.45,5299.45,5245.75,5245.75,105,7230,0
BANKNIFTY29JAN2557000PE.NFO,2024-12-23,12:35:00,2025-01-29,5245.75,5245.75,5245.75,5245.75,0,7230,0
BANKNIFTY29JAN2557000PE.NFO,2024-12-23,12:36:00,2025-01-29,5245.75,5245.75,5245.75,5245.75,0,7230,0
BANKNIFTY29JAN2557000PE.NFO,2024-12-23,12:37:00,2025-01-29,5245.75,5245.75,5245.75,5245.75,0,7230,0
BANKNIFTY29JAN2557000PE.NFO,2024-12-23,12:38:00,2025-01-29,5245.75,5245.75,5245.75,5245.75,0,7230,0
BANKNIFTY29JAN2557000PE.NFO,2024-12-23,12:39:00,2025-01-29,5245.75,5245.75,5245.75,5245.75,0,7230,0
BANKNIFTY29JAN2557000PE.NFO,2024-12-23,12:40:00,2025-01-29,5245.75,5245.75,5245.75,5245.75,0,7230,0
BANKNIFTY29JAN2557000PE.NFO,2024-12-23,12:41:00,2025-01-29,5245.75,5245.75,5245.75,5245.75,0,7230,0
BANKNIFTY29JAN2557000PE.NFO,2024-12-23,12:42:00,2025-01-29,5245.75,5245.75,5245.75,5245.75,0,7230,0
BANKNIFTY29JAN2557000PE.NFO,2024-12-23,12:43:00,2025-01-29,5245.75,5245.75,5245.75,5245.75,30,7335,0
BANKNIFTY29JAN2557000PE.NFO,2024-12-23,12:44:00,2025-01-29,5245.75,5245.75,5245.75,5245.75,0,7335,0
BANKNIFTY29JAN2557000PE.NFO,2024-12-23,12:45:00,2025-01-29,5245.75,5245.75,5245.75,5245.75,0,7335,0
BANKNIFTY29JAN2557000PE.NFO,2024-12-23,12:46:00,2025-01-29,5245.75,5245.75,5245.75,5245.75,0,7335,0
BANKNIFTY29JAN2557000PE.NFO,2024-12-23,12:47:00,2025-01-29,5245.75,5245.75,5245.75,5245.75,0,7335,0
BANKNIFTY29JAN2557000PE.NFO,2024-12-23,12:48:00,2025-01-29,5245.75,5245.75,5245.75,5245.75,45,7365,0
BANKNIFTY29JAN2557000PE.NFO,2024-12-23,12:49:00,2025-01-29,5245.75,5245.75,5245.75,5245.75,0,7365,0
BANKNIFTY29JAN2557000PE.NFO,2024-12-23,12:50:00,2025-01-29,5245.75,5245.75,5245.75,5245.75,0,7365,0
BANKNIFTY29JAN2557000PE.NFO,2024-12-23,12:51:00,2025-01-29,5245.75,5245.75,5245.75,5245.75,0,7365,0
BANKNIFTY29JAN2557000PE.NFO,2024-12-23,12:52:00,2025-01-29,5245.75,5245.75,5245.75,5245.75,0,7365,0
BANKNIFTY29JAN2557000PE.NFO,2024-12-23,12:53:00,2025-01-29,5245.75,5245.75,5245.75,5245.75,0,7365,0
BANKNIFTY29JAN2557000PE.NFO,2024-12-23,12:54:00,2025-01-29,5245.75,5245.75,5245.75,5245.75,0,7365,0
BANKNIFTY29JAN2557000PE.NFO,2024-12-23,12:55:00,2025-01-29,5245.75,5245.75,5245.75,5245.75,0,7365,0
BANKNIFTY29JAN2557000PE.NFO,2024-12-23,12:56:00,2025-01-29,5245.75,5245.75,5245.75,5245.75,0,7365,0
BANKNIFTY29JAN2557000PE.NFO,2024-12-23,12:57:00,2025-01-29,5245.75,5245.75,5245.75,5245.75,0,7365,0
BANKNIFTY29JAN2557000PE.NFO,2024-12-23,12:58:00,2025-01-29,5245.75,5245.75,5245.75,5245.75,0,7365,0
BANKNIFTY29JAN2557000PE.NFO,2024-12-23,12:59:00,2025-01-29,5245.75,5245.75,5245.75,5245.75,0,7365,0
BANKNIFTY29JAN2557000PE.NFO,2024-12-23,13:00:00,2025-01-29,5245.75,5245.75,5245.75,5245.75,0,7365,0
BANKNIFTY29JAN2557000PE.NFO,2024-12-23,13:01:00,2025-01-29,5245.75,5245.75,5245.75,5245.75,0,7365,0
BANKNIFTY29JAN2557000PE.NFO,2024-12-23,13:02:00,2025-01-29,5245.75,5245.75,5245.75,5245.75,0,7365,0
BANKNIFTY29JAN2557000PE.NFO,2024-12-23,13:03:00,2025-01-29,5245.75,5245.75,5245.75,5245.75,0,7365,0
BANKNIFTY29JAN2557000PE.NFO,2024-12-23,13:04:00,2025-01-29,5245.75,5245.75,5245.75,5245.75,0,7365,0
BANKNIFTY29JAN2557000PE.NFO,2024-12-23,13:05:00,2025-01-29,5245.75,5245.75,5245.75,5245.75,0,7365,0
BANKNIFTY29JAN2557000PE.NFO,2024-12-23,13:06:00,2025-01-29,5245.75,5270.0,5245.75,5270.0,30,7410,0
BANKNIFTY29JAN2557000PE.NFO,2024-12-23,13:07:00,2025-01-29,5270.0,5270.0,5270.0,5270.0,0,7410,0
BANKNIFTY29JAN2557000PE.NFO,2024-12-23,13:08:00,2025-01-29,5270.0,5300.0,5270.0,5300.0,0,7440,0
BANKNIFTY29JAN2557000PE.NFO,2024-12-23,13:09:00,2025-01-29,5300.0,5300.0,5300.0,5300.0,45,7440,0
BANKNIFTY29JAN2557000PE.NFO,2024-12-23,13:10:00,2025-01-29,5300.0,5300.0,5300.0,5300.0,0,7440,0
BANKNIFTY29JAN2557000PE.NFO,2024-12-23,13:11:00,2025-01-29,5300.0,5300.0,5300.0,5300.0,0,7440,0
BANKNIFTY29JAN2557000PE.NFO,2024-12-23,13:12:00,2025-01-29,5300.0,5325.0,5300.0,5325.0,45,7485,0
BANKNIFTY29JAN2557000PE.NFO,2024-12-23,13:13:00,2025-01-29,5325.0,5325.0,5325.0,5325.0,0,7485,0
BANKNIFTY29JAN2557000PE.NFO,2024-12-23,13:14:00,2025-01-29,5325.0,5325.0,5325.0,5325.0,0,7485,0
BANKNIFTY29JAN2557000PE.NFO,2024-12-23,13:15:00,2025-01-29,5325.0,5325.0,5325.0,5325.0,0,7485,0
BANKNIFTY29JAN2557000PE.NFO,2024-12-23,13:16:00,2025-01-29,5325.0,5325.0,5325.0,5325.0,0,7485,0
BANKNIFTY29JAN2557000PE.NFO,2024-12-23,13:17:00,2025-01-29,5325.0,5325.0,5325.0,5325.0,0,7485,0
BANKNIFTY29JAN2557000PE.NFO,2024-12-23,13:18:00,2025-01-29,5325.0,5325.0,5325.0,5325.0,0,7485,0
BANKNIFTY29JAN2557000PE.NFO,2024-12-23,13:19:00,2025-01-29,5325.0,5325.0,5325.0,5325.0,0,7485,0
BANKNIFTY29JAN2557000PE.NFO,2024-12-23,13:20:00,2025-01-29,5325.0,5325.0,5325.0,5325.0,0,7485,0
BANKNIFTY29JAN2557000PE.NFO,2024-12-23,13:21:00,2025-01-29,5325.0,5325.0,5325.0,5325.0,0,7485,0
BANKNIFTY29JAN2557000PE.NFO,2024-12-23,13:22:00,2025-01-29,5325.0,5325.0,5325.0,5325.0,0,7485,0
BANKNIFTY29JAN2557000PE.NFO,2024-12-23,13:23:00,2025-01-29,5325.0,5325.0,5325.0,5325.0,0,7485,0
BANKNIFTY29JAN2557000PE.NFO,2024-12-23,13:24:00,2025-01-29,5325.0,5325.0,5249.05,5249.05,15,7530,0
BANKNIFTY29JAN2557000PE.NFO,2024-12-23,13:25:00,2025-01-29,5249.05,5249.05,5249.05,5249.05,0,7530,0
BANKNIFTY29JAN2557000PE.NFO,2024-12-23,13:26:00,2025-01-29,5249.05,5249.05,5249.05,5249.05,0,7530,0
BANKNIFTY29JAN2557000PE.NFO,2024-12-23,13:27:00,2025-01-29,5249.05,5249.05,5249.05,5249.05,0,7530,0
BANKNIFTY29JAN2557000PE.NFO,2024-12-23,13:28:00,2025-01-29,5249.05,5287.8,5249.05,5287.8,60,7545,0
BANKNIFTY29JAN2557000PE.NFO,2024-12-23,13:29:00,2025-01-29,5287.8,5287.8,5287.8,5287.8,0,7545,0
BANKNIFTY29JAN2557000PE.NFO,2024-12-23,13:30:00,2025-01-29,5287.8,5287.8,5287.8,5287.8,0,7545,0
BANKNIFTY29JAN2557000PE.NFO,2024-12-23,13:31:00,2025-01-29,5287.8,5287.8,5287.8,5287.8,0,7545,0
BANKNIFTY29JAN2557000PE.NFO,2024-12-23,13:32:00,2025-01-29,5287.8,5287.8,5287.8,5287.8,0,7545,0
BANKNIFTY29JAN2557000PE.NFO,2024-12-23,13:33:00,2025-01-29,5287.8,5287.8,5287.8,5287.8,0,7545,0
BANKNIFTY29JAN2557000PE.NFO,2024-12-23,13:34:00,2025-01-29,5287.8,5287.8,5287.8,5287.8,0,7545,0
BANKNIFTY29JAN2557000PE.NFO,2024-12-23,13:35:00,2025-01-29,5287.8,5287.8,5287.8,5287.8,0,7545,0
BANKNIFTY29JAN2557000PE.NFO,2024-12-23,13:36:00,2025-01-29,5287.8,5287.8,5287.8,5287.8,0,7545,0
BANKNIFTY29JAN2557000PE.NFO,2024-12-23,13:37:00,2025-01-29,5287.8,5287.8,5287.8,5287.8,0,7545,0
BANKNIFTY29JAN2557000PE.NFO,2024-12-23,13:38:00,2025-01-29,5287.8,5287.8,5287.8,5287.8,0,7545,0
BANKNIFTY29JAN2557000PE.NFO,2024-12-23,13:39:00,2025-01-29,5287.8,5287.8,5287.8,5287.8,0,7545,0
BANKNIFTY29JAN2557000PE.NFO,2024-12-23,13:40:00,2025-01-29,5287.8,5287.8,5287.8,5287.8,0,7545,0
BANKNIFTY29JAN2557000PE.NFO,2024-12-23,13:41:00,2025-01-29,5287.8,5300.0,5287.8,5300.0,15,7605,0
BANKNIFTY29JAN2557000PE.NFO,2024-12-23,13:42:00,2025-01-29,5300.0,5300.0,5300.0,5300.0,0,7605,0
BANKNIFTY29JAN2557000PE.NFO,2024-12-23,13:43:00,2025-01-29,5300.0,5300.0,5300.0,5300.0,0,7605,0
BANKNIFTY29JAN2557000PE.NFO,2024-12-23,13:44:00,2025-01-29,5300.0,5300.0,5300.0,5300.0,0,7605,0
BANKNIFTY29JAN2557000PE.NFO,2024-12-23,13:45:00,2025-01-29,5300.0,5300.0,5300.0,5300.0,0,7605,0
BANKNIFTY29JAN2557000PE.NFO,2024-12-23,13:46:00,2025-01-29,5300.0,5300.0,5300.0,5300.0,0,7605,0
BANKNIFTY29JAN2557000PE.NFO,2024-12-23,13:47:00,2025-01-29,5300.0,5300.0,5300.0,5300.0,0,7605,0
BANKNIFTY29JAN2557000PE.NFO,2024-12-23,13:48:00,2025-01-29,5300.0,5300.0,5300.0,5300.0,0,7605,0
BANKNIFTY29JAN2557000PE.NFO,2024-12-23,13:49:00,2025-01-29,5300.0,5300.0,5300.0,5300.0,0,7605,0
BANKNIFTY29JAN2557000PE.NFO,2024-12-23,13:50:00,2025-01-29,5300.0,5300.0,5300.0,5300.0,0,7605,0
BANKNIFTY29JAN2557000PE.NFO,2024-12-23,13:51:00,2025-01-29,5300.0,5300.0,5300.0,5300.0,0,7605,0
BANKNIFTY29JAN2557000PE.NFO,2024-12-23,13:52:00,2025-01-29,5300.0,5300.0,5300.0,5300.0,0,7605,0
BANKNIFTY29JAN2557000PE.NFO,2024-12-23,13:53:00,2025-01-29,5300.0,5300.0,5300.0,5300.0,0,7605,0
BANKNIFTY29JAN2557000PE.NFO,2024-12-23,13:54:00,2025-01-29,5300.0,5300.0,5300.0,5300.0,0,7605,0
BANKNIFTY29JAN2557000PE.NFO,2024-12-23,13:55:00,2025-01-29,5300.0,5300.0,5300.0,5300.0,0,7605,0
BANKNIFTY29JAN2557000PE.NFO,2024-12-23,13:56:00,2025-01-29,5300.0,5300.0,5260.0,5260.0,30,7590,0
BANKNIFTY29JAN2557000PE.NFO,2024-12-23,13:57:00,2025-01-29,5260.0,5260.0,5260.0,5260.0,0,7590,0
BANKNIFTY29JAN2557000PE.NFO,2024-12-23,13:58:00,2025-01-29,5260.0,5270.0,5260.0,5270.0,45,7590,0
BANKNIFTY29JAN2557000PE.NFO,2024-12-23,13:59:00,2025-01-29,5270.0,5280.0,5270.0,5280.0,45,7665,0
BANKNIFTY29JAN2557000PE.NFO,2024-12-23,14:00:00,2025-01-29,5280.0,5280.0,5280.0,5280.0,0,7665,0
BANKNIFTY29JAN2557000PE.NFO,2024-12-23,14:01:00,2025-01-29,5280.0,5280.0,5280.0,5280.0,0,7665,0
BANKNIFTY29JAN2557000PE.NFO,2024-12-23,14:02:00,2025-01-29,5280.0,5280.0,5280.0,5280.0,0,7665,0
BANKNIFTY29JAN2557000PE.NFO,2024-12-23,14:03:00,2025-01-29,5280.0,5280.0,5280.0,5280.0,0,7665,0
BANKNIFTY29JAN2557000PE.NFO,2024-12-23,14:04:00,2025-01-29,5280.0,5280.0,5280.0,5280.0,0,7665,0
BANKNIFTY29JAN2557000PE.NFO,2024-12-23,14:05:00,2025-01-29,5280.0,5280.0,5280.0,5280.0,0,7665,0
BANKNIFTY29JAN2557000PE.NFO,2024-12-23,14:06:00,2025-01-29,5280.0,5280.0,5280.0,5280.0,0,7665,0
BANKNIFTY29JAN2557000PE.NFO,2024-12-23,14:07:00,2025-01-29,5280.0,5280.0,5280.0,5280.0,0,7665,0
BANKNIFTY29JAN2557000PE.NFO,2024-12-23,14:08:00,2025-01-29,5280.0,5280.0,5280.0,5280.0,0,7665,0
BANKNIFTY29JAN2557000PE.NFO,2024-12-23,14:09:00,2025-01-29,5280.0,5280.0,5280.0,5280.0,0,7665,0
BANKNIFTY29JAN2557000PE.NFO,2024-12-23,14:10:00,2025-01-29,5280.0,5280.0,5280.0,5280.0,0,7665,0
BANKNIFTY29JAN2557000PE.NFO,2024-12-23,14:11:00,2025-01-29,5280.0,5280.0,5280.0,5280.0,0,7665,0
BANKNIFTY29JAN2557000PE.NFO,2024-12-23,14:12:00,2025-01-29,5280.0,5280.0,5280.0,5280.0,0,7665,0
BANKNIFTY29JAN2557000PE.NFO,2024-12-23,14:13:00,2025-01-29,5280.0,5280.0,5280.0,5280.0,0,7665,0
BANKNIFTY29JAN2557000PE.NFO,2024-12-23,14:14:00,2025-01-29,5280.0,5280.0,5280.0,5280.0,0,7665,0
BANKNIFTY29JAN2557000PE.NFO,2024-12-23,14:15:00,2025-01-29,5280.0,5280.0,5280.0,5280.0,0,7665,0
BANKNIFTY29JAN2557000PE.NFO,2024-12-23,14:16:00,2025-01-29,5280.0,5280.0,5280.0,5280.0,0,7665,0
BANKNIFTY29JAN2557000PE.NFO,2024-12-23,14:17:00,2025-01-29,5280.0,5280.0,5280.0,5280.0,0,7665,0
BANKNIFTY29JAN2557000PE.NFO,2024-12-23,14:18:00,2025-01-29,5280.0,5280.0,5280.0,5280.0,0,7665,0
BANKNIFTY29JAN2557000PE.NFO,2024-12-23,14:19:00,2025-01-29,5280.0,5280.0,5280.0,5280.0,0,7665,0
BANKNIFTY29JAN2557000PE.NFO,2024-12-23,14:20:00,2025-01-29,5280.0,5280.0,5151.4,5151.4,15,7710,0
BANKNIFTY29JAN2557000PE.NFO,2024-12-23,14:21:00,2025-01-29,5151.4,5151.4,5151.4,5151.4,0,7710,0
BANKNIFTY29JAN2557000PE.NFO,2024-12-23,14:22:00,2025-01-29,5151.4,5151.4,5151.4,5151.4,0,7710,0
BANKNIFTY29JAN2557000PE.NFO,2024-12-23,14:23:00,2025-01-29,5151.4,5151.4,5151.4,5151.4,0,7710,0
BANKNIFTY29JAN2557000PE.NFO,2024-12-23,14:24:00,2025-01-29,5151.4,5151.4,5151.4,5151.4,0,7710,0
BANKNIFTY29JAN2557000PE.NFO,2024-12-23,14:25:00,2025-01-29,5151.4,5151.4,5151.4,5151.4,0,7710,0
BANKNIFTY29JAN2557000PE.NFO,2024-12-23,14:26:00,2025-01-29,5151.4,5151.4,5151.4,5151.4,0,7710,0
BANKNIFTY29JAN2557000PE.NFO,2024-12-23,14:27:00,2025-01-29,5151.4,5151.4,5151.4,5151.4,0,7710,0
BANKNIFTY29JAN2557000PE.NFO,2024-12-23,14:28:00,2025-01-29,5151.4,5151.4,5151.4,5151.4,0,7710,0
BANKNIFTY29JAN2557000PE.NFO,2024-12-23,14:29:00,2025-01-29,5151.4,5151.4,5151.4,5151.4,0,7710,0
BANKNIFTY29JAN2557000PE.NFO,2024-12-23,14:30:00,2025-01-29,5151.4,5151.4,5151.4,5151.4,0,7710,0
BANKNIFTY29JAN2557000PE.NFO,2024-12-23,14:31:00,2025-01-29,5151.4,5188.8,5151.4,5188.8,120,7815,0
BANKNIFTY29JAN2557000PE.NFO,2024-12-23,14:32:00,2025-01-29,5189.1,5189.1,5189.1,5189.1,0,7815,0
BANKNIFTY29JAN2557000PE.NFO,2024-12-23,14:33:00,2025-01-29,5189.1,5189.1,5189.1,5189.1,0,7815,0
BANKNIFTY29JAN2557000PE.NFO,2024-12-23,14:34:00,2025-01-29,5189.1,5189.1,5189.1,5189.1,0,7815,0
BANKNIFTY29JAN2557000PE.NFO,2024-12-23,14:35:00,2025-01-29,5189.1,5220.35,5189.1,5220.35,30,7875,0
BANKNIFTY29JAN2557000PE.NFO,2024-12-23,14:36:00,2025-01-29,5220.35,5220.35,5220.35,5220.35,0,7875,0
BANKNIFTY29JAN2557000PE.NFO,2024-12-23,14:37:00,2025-01-29,5220.35,5220.35,5220.35,5220.35,0,7875,0
BANKNIFTY29JAN2557000PE.NFO,2024-12-23,14:38:00,2025-01-29,5220.35,5220.35,5220.35,5220.35,0,7875,0
BANKNIFTY29JAN2557000PE.NFO,2024-12-23,14:39:00,2025-01-29,5220.35,5220.35,5220.35,5220.35,0,7875,0
BANKNIFTY29JAN2557000PE.NFO,2024-12-23,14:40:00,2025-01-29,5220.35,5220.35,5220.35,5220.35,0,7875,0
BANKNIFTY29JAN2557000PE.NFO,2024-12-23,14:41:00,2025-01-29,5220.35,5220.35,5220.35,5220.35,0,7875,0
BANKNIFTY29JAN2557000PE.NFO,2024-12-23,14:42:00,2025-01-29,5220.35,5220.35,5220.35,5220.35,0,7875,0
BANKNIFTY29JAN2557000PE.NFO,2024-12-23,14:43:00,2025-01-29,5220.35,5220.35,5220.35,5220.35,0,7875,0
BANKNIFTY29JAN2557000PE.NFO,2024-12-23,14:44:00,2025-01-29,5220.35,5220.35,5220.35,5220.35,0,7875,0
BANKNIFTY29JAN2557000PE.NFO,2024-12-23,14:45:00,2025-01-29,5220.35,5220.35,5220.35,5220.35,0,7875,0
BANKNIFTY29JAN2557000PE.NFO,2024-12-23,14:46:00,2025-01-29,5220.35,5220.35,5220.35,5220.35,0,7875,0
BANKNIFTY29JAN2557000PE.NFO,2024-12-23,14:47:00,2025-01-29,5220.35,5220.35,5220.35,5220.35,0,7875,0
BANKNIFTY29JAN2557000PE.NFO,2024-12-23,14:48:00,2025-01-29,5220.35,5220.35,5220.35,5220.35,0,7875,0
BANKNIFTY29JAN2557000PE.NFO,2024-12-23,14:49:00,2025-01-29,5220.35,5220.35,5220.35,5220.35,0,7875,0
BANKNIFTY29JAN2557000PE.NFO,2024-12-23,14:50:00,2025-01-29,5220.35,5220.35,5220.35,5220.35,0,7875,0
BANKNIFTY29JAN2557000PE.NFO,2024-12-23,14:51:00,2025-01-29,5220.35,5220.35,5220.35,5220.35,0,7875,0
BANKNIFTY29JAN2557000PE.NFO,2024-12-23,14:52:00,2025-01-29,5220.35,5220.35,5220.35,5220.35,0,7875,0
BANKNIFTY29JAN2557000PE.NFO,2024-12-23,14:53:00,2025-01-29,5220.35,5220.35,5220.35,5220.35,0,7875,0
BANKNIFTY29JAN2557000PE.NFO,2024-12-23,14:54:00,2025-01-29,5220.35,5220.35,5220.35,5220.35,0,7875,0
BANKNIFTY29JAN2557000PE.NFO,2024-12-23,14:55:00,2025-01-29,5220.35,5220.35,5220.0,5220.0,30,7905,0
BANKNIFTY29JAN2557000PE.NFO,2024-12-23,14:56:00,2025-01-29,5220.0,5220.0,5220.0,5220.0,0,7905,0
BANKNIFTY29JAN2557000PE.NFO,2024-12-23,14:57:00,2025-01-29,5220.0,5220.0,5220.0,5220.0,0,7905,0
BANKNIFTY29JAN2557000PE.NFO,2024-12-23,14:58:00,2025-01-29,5220.0,5220.0,5220.0,5220.0,0,7905,0
BANKNIFTY29JAN2557000PE.NFO,2024-12-23,14:59:00,2025-01-29,5220.0,5220.0,5220.0,5220.0,0,7905,0
BANKNIFTY29JAN2557000PE.NFO,2024-12-23,15:00:00,2025-01-29,5220.0,5220.0,5220.0,5220.0,0,7905,0
BANKNIFTY29JAN2557000PE.NFO,2024-12-23,15:01:00,2025-01-29,5220.0,5220.0,5220.0,5220.0,0,7905,0
BANKNIFTY29JAN2557000PE.NFO,2024-12-23,15:02:00,2025-01-29,5220.0,5220.0,5220.0,5220.0,0,7905,0
BANKNIFTY29JAN2557000PE.NFO,2024-12-23,15:03:00,2025-01-29,5220.0,5220.0,5220.0,5220.0,0,7905,0
BANKNIFTY29JAN2557000PE.NFO,2024-12-23,15:04:00,2025-01-29,5220.0,5220.0,5220.0,5220.0,0,7905,0
BANKNIFTY29JAN2557000PE.NFO,2024-12-23,15:05:00,2025-01-29,5220.0,5220.0,5220.0,5220.0,0,7905,0
BANKNIFTY29JAN2557000PE.NFO,2024-12-23,15:06:00,2025-01-29,5220.0,5220.0,5194.9,5194.9,15,7935,0
BANKNIFTY29JAN2557000PE.NFO,2024-12-23,15:07:00,2025-01-29,5194.9,5194.9,5189.35,5189.35,15,7935,0
BANKNIFTY29JAN2557000PE.NFO,2024-12-23,15:08:00,2025-01-29,5189.35,5189.35,5189.35,5189.35,0,7935,0
BANKNIFTY29JAN2557000PE.NFO,2024-12-23,15:09:00,2025-01-29,5189.35,5189.35,5189.35,5189.35,0,7935,0
BANKNIFTY29JAN2557000PE.NFO,2024-12-23,15:10:00,2025-01-29,5189.35,5189.35,5189.35,5189.35,0,7935,0
BANKNIFTY29JAN2557000PE.NFO,2024-12-23,15:11:00,2025-01-29,5189.35,5189.35,5189.35,5189.35,0,7935,0
BANKNIFTY29JAN2557000PE.NFO,2024-12-23,15:12:00,2025-01-29,5189.35,5189.35,5172.35,5172.35,15,7935,0
BANKNIFTY29JAN2557000PE.NFO,2024-12-23,15:13:00,2025-01-29,5172.35,5185.5,5172.35,5185.5,15,7950,0
BANKNIFTY29JAN2557000PE.NFO,2024-12-23,15:14:00,2025-01-29,5185.5,5185.5,5185.5,5185.5,0,7950,0
BANKNIFTY29JAN2557000PE.NFO,2024-12-23,15:15:00,2025-01-29,5185.5,5200.0,5185.5,5200.0,15,7950,0
BANKNIFTY29JAN2557000PE.NFO,2024-12-23,15:16:00,2025-01-29,5200.0,5200.0,5200.0,5200.0,0,7950,0
BANKNIFTY29JAN2557000PE.NFO,2024-12-23,15:17:00,2025-01-29,5200.0,5200.0,5188.9,5188.9,15,7980,0
BANKNIFTY29JAN2557000PE.NFO,2024-12-23,15:18:00,2025-01-29,5188.9,5188.9,5188.9,5188.9,0,7980,0
BANKNIFTY29JAN2557000PE.NFO,2024-12-23,15:19:00,2025-01-29,5188.9,5188.9,5188.9,5188.9,0,7980,0
BANKNIFTY29JAN2557000PE.NFO,2024-12-23,15:20:00,2025-01-29,5188.9,5188.9,5188.9,5188.9,0,7980,0
BANKNIFTY29JAN2557000PE.NFO,2024-12-23,15:21:00,2025-01-29,5188.9,5188.9,5188.9,5188.9,0,7980,0
BANKNIFTY29JAN2557000PE.NFO,2024-12-23,15:22:00,2025-01-29,5188.9,5188.9,5188.9,5188.9,0,7980,0
BANKNIFTY29JAN2557000PE.NFO,2024-12-23,15:23:00,2025-01-29,5188.9,5188.9,5188.9,5188.9,0,7980,0
BANKNIFTY29JAN2557000PE.NFO,2024-12-23,15:24:00,2025-01-29,5188.9,5188.9,5175.0,5185.0,75,7995,0
BANKNIFTY29JAN2557000PE.NFO,2024-12-23,15:25:00,2025-01-29,5185.0,5185.0,5185.0,5185.0,0,7995,0
BANKNIFTY29JAN2557000PE.NFO,2024-12-23,15:26:00,2025-01-29,5185.0,5185.0,5185.0,5185.0,0,7995,0
BANKNIFTY29JAN2557000PE.NFO,2024-12-23,15:27:00,2025-01-29,5185.0,5185.0,5185.0,5185.0,0,7995,0
BANKNIFTY29JAN2557000PE.NFO,2024-12-23,15:28:00,2025-01-29,5185.0,5185.0,5185.0,5185.0,0,7995,0
BANKNIFTY29JAN2557000PE.NFO,2024-12-23,15:29:00,2025-01-29,5185.0,5185.0,5185.0,5185.0,0,7995,0
BANKNIFTY29JAN2557000PE.NFO,2024-12-23,15:30:00,2025-01-29,5185.0,5185.0,5185.0,5185.0,0,7995,1
BANKNIFTY29JAN2557000PE.NFO,2024-12-24,09:15:00,2025-01-29,5200.0,5200.0,5200.0,5200.0,0,0,0
BANKNIFTY29JAN2557000PE.NFO,2024-12-24,09:16:00,2025-01-29,5200.0,5200.0,5200.0,5200.0,0,0,1
BANKNIFTY29JAN2557000PE.NFO,2024-12-24,09:17:00,2025-01-29,5200.0,5200.0,5200.0,5200.0,0,8040,0
BANKNIFTY29JAN2557000PE.NFO,2024-12-24,09:18:00,2025-01-29,5200.0,5200.0,5200.0,5200.0,0,8040,0
BANKNIFTY29JAN2557000PE.NFO,2024-12-24,09:19:00,2025-01-29,5200.0,5200.0,5200.0,5200.0,0,8040,0
BANKNIFTY29JAN2557000PE.NFO,2024-12-24,09:20:00,2025-01-29,5200.0,5250.0,5200.0,5250.0,45,8115,0
BANKNIFTY29JAN2557000PE.NFO,2024-12-24,09:21:00,2025-01-29,5250.0,5250.4,5250.0,5250.35,30,8115,0
BANKNIFTY29JAN2557000PE.NFO,2024-12-24,09:22:00,2025-01-29,5250.35,5250.35,5250.35,5250.35,0,8115,0
BANKNIFTY29JAN2557000PE.NFO,2024-12-24,09:23:00,2025-01-29,5250.35,5250.35,5250.35,5250.35,0,8115,0
BANKNIFTY29JAN2557000PE.NFO,2024-12-24,09:24:00,2025-01-29,5250.35,5250.35,5250.35,5250.35,0,8115,0
BANKNIFTY29JAN2557000PE.NFO,2024-12-24,09:25:00,2025-01-29,5250.35,5250.35,5250.35,5250.35,0,8115,0
BANKNIFTY29JAN2557000PE.NFO,2024-12-24,09:26:00,2025-01-29,5250.35,5250.35,5250.35,5250.35,0,8115,0
BANKNIFTY29JAN2557000PE.NFO,2024-12-24,09:27:00,2025-01-29,5250.35,5267.1,5250.35,5267.1,15,8190,0
BANKNIFTY29JAN2557000PE.NFO,2024-12-24,09:28:00,2025-01-29,5267.1,5267.1,5267.1,5267.1,0,8190,0
BANKNIFTY29JAN2557000PE.NFO,2024-12-24,09:29:00,2025-01-29,5267.1,5267.1,5267.1,5267.1,0,8190,0
BANKNIFTY29JAN2557000PE.NFO,2024-12-24,09:30:00,2025-01-29,5267.1,5267.1,5267.1,5267.1,0,8190,0
BANKNIFTY29JAN2557000PE.NFO,2024-12-24,09:31:00,2025-01-29,5267.1,5267.1,5267.1,5267.1,0,8190,0
BANKNIFTY29JAN2557000PE.NFO,2024-12-24,09:32:00,2025-01-29,5267.1,5300.0,5267.1,5300.0,45,8205,0
BANKNIFTY29JAN2557000PE.NFO,2024-12-24,09:33:00,2025-01-29,5300.0,5300.0,5300.0,5300.0,0,8205,0
BANKNIFTY29JAN2557000PE.NFO,2024-12-24,09:34:00,2025-01-29,5300.0,5310.5,5300.0,5310.5,15,8250,0
BANKNIFTY29JAN2557000PE.NFO,2024-12-24,09:35:00,2025-01-29,5310.5,5310.5,5310.5,5310.5,0,8250,0
BANKNIFTY29JAN2557000PE.NFO,2024-12-24,09:36:00,2025-01-29,5310.5,5322.8,5310.5,5322.8,15,8250,0
BANKNIFTY29JAN2557000PE.NFO,2024-12-24,09:37:00,2025-01-29,5322.8,5322.8,5322.8,5322.8,0,8250,0
BANKNIFTY29JAN2557000PE.NFO,2024-12-24,09:38:00,2025-01-29,5322.8,5322.8,5322.8,5322.8,0,8250,0
BANKNIFTY29JAN2557000PE.NFO,2024-12-24,09:39:00,2025-01-29,5322.8,5342.5,5322.8,5342.45,60,8265,0
BANKNIFTY29JAN2557000PE.NFO,2024-12-24,09:40:00,2025-01-29,5342.45,5342.45,5342.45,5342.45,0,8265,0
BANKNIFTY29JAN2557000PE.NFO,2024-12-24,09:41:00,2025-01-29,5342.45,5350.0,5342.45,5350.0,30,8265,0
BANKNIFTY29JAN2557000PE.NFO,2024-12-24,09:42:00,2025-01-29,5350.0,5350.0,5340.0,5340.0,45,8265,0
BANKNIFTY29JAN2557000PE.NFO,2024-12-24,09:43:00,2025-01-29,5340.0,5340.0,5340.0,5340.0,15,8280,0
BANKNIFTY29JAN2557000PE.NFO,2024-12-24,09:44:00,2025-01-29,5340.0,5340.0,5340.0,5340.0,0,8280,0
BANKNIFTY29JAN2557000PE.NFO,2024-12-24,09:45:00,2025-01-29,5340.0,5340.0,5340.0,5340.0,0,8280,0
BANKNIFTY29JAN2557000PE.NFO,2024-12-24,09:46:00,2025-01-29,5340.0,5340.0,5305.0,5305.0,30,8295,0
BANKNIFTY29JAN2557000PE.NFO,2024-12-24,09:47:00,2025-01-29,5305.0,5305.0,5305.0,5305.0,0,8295,0
BANKNIFTY29JAN2557000PE.NFO,2024-12-24,09:48:00,2025-01-29,5305.0,5305.0,5305.0,5305.0,0,8295,0
BANKNIFTY29JAN2557000PE.NFO,2024-12-24,09:49:00,2025-01-29,5305.0,5305.0,5305.0,5305.0,0,8295,0
BANKNIFTY29JAN2557000PE.NFO,2024-12-24,09:50:00,2025-01-29,5305.0,5305.0,5270.0,5270.0,60,8325,0
BANKNIFTY29JAN2557000PE.NFO,2024-12-24,09:51:00,2025-01-29,5270.0,5270.0,5270.0,5270.0,0,8325,0
BANKNIFTY29JAN2557000PE.NFO,2024-12-24,09:52:00,2025-01-29,5270.0,5270.0,5269.95,5270.0,105,8385,0
BANKNIFTY29JAN2557000PE.NFO,2024-12-24,09:53:00,2025-01-29,5270.0,5270.0,5259.75,5260.0,150,8385,0
BANKNIFTY29JAN2557000PE.NFO,2024-12-24,09:54:00,2025-01-29,5260.0,5260.0,5260.0,5260.0,0,8385,0
BANKNIFTY29JAN2557000PE.NFO,2024-12-24,09:55:00,2025-01-29,5260.0,5260.0,5260.0,5260.0,0,8385,0
BANKNIFTY29JAN2557000PE.NFO,2024-12-24,09:56:00,2025-01-29,5260.0,5260.0,5260.0,5260.0,0,8385,0
BANKNIFTY29JAN2557000PE.NFO,2024-12-24,09:57:00,2025-01-29,5260.0,5260.0,5260.0,5260.0,0,8385,0
BANKNIFTY29JAN2557000PE.NFO,2024-12-24,09:58:00,2025-01-29,5260.0,5260.0,5260.0,5260.0,0,8385,0
BANKNIFTY29JAN2557000PE.NFO,2024-12-24,09:59:00,2025-01-29,5260.0,5260.0,5260.0,5260.0,0,8385,0
BANKNIFTY29JAN2557000PE.NFO,2024-12-24,10:00:00,2025-01-29,5260.0,5260.0,5260.0,5260.0,0,8385,0
BANKNIFTY29JAN2557000PE.NFO,2024-12-24,10:01:00,2025-01-29,5260.0,5260.0,5260.0,5260.0,0,8385,0
BANKNIFTY29JAN2557000PE.NFO,2024-12-24,10:02:00,2025-01-29,5260.0,5260.0,5260.0,5260.0,0,8385,0
BANKNIFTY29JAN2557000PE.NFO,2024-12-24,10:03:00,2025-01-29,5260.0,5260.0,5260.0,5260.0,0,8385,0
BANKNIFTY29JAN2557000PE.NFO,2024-12-24,10:04:00,2025-01-29,5260.0,5260.0,5260.0,5260.0,0,8385,0
BANKNIFTY29JAN2557000PE.NFO,2024-12-24,10:05:00,2025-01-29,5260.0,5260.0,5260.0,5260.0,0,8385,0
BANKNIFTY29JAN2557000PE.NFO,2024-12-24,10:06:00,2025-01-29,5260.0,5260.0,5260.0,5260.0,0,8385,0
BANKNIFTY29JAN2557000PE.NFO,2024-12-24,10:07:00,2025-01-29,5260.0,5260.0,5260.0,5260.0,0,8385,0
BANKNIFTY29JAN2557000PE.NFO,2024-12-24,10:08:00,2025-01-29,5260.0,5260.0,5260.0,5260.0,0,8385,0
BANKNIFTY29JAN2557000PE.NFO,2024-12-24,10:09:00,2025-01-29,5260.0,5260.0,5260.0,5260.0,0,8385,0
BANKNIFTY29JAN2557000PE.NFO,2024-12-24,10:10:00,2025-01-29,5260.0,5260.0,5260.0,5260.0,0,8385,0
BANKNIFTY29JAN2557000PE.NFO,2024-12-24,10:11:00,2025-01-29,5260.0,5260.0,5260.0,5260.0,0,8385,0
BANKNIFTY29JAN2557000PE.NFO,2024-12-24,10:12:00,2025-01-29,5260.0,5260.0,5260.0,5260.0,0,8385,0
BANKNIFTY29JAN2557000PE.NFO,2024-12-24,10:13:00,2025-01-29,5260.0,5260.0,5260.0,5260.0,0,8385,0
BANKNIFTY29JAN2557000PE.NFO,2024-12-24,10:14:00,2025-01-29,5260.0,5260.0,5260.0,5260.0,0,8385,0
BANKNIFTY29JAN2557000PE.NFO,2024-12-24,10:15:00,2025-01-29,5260.0,5260.0,5260.0,5260.0,0,8385,0
BANKNIFTY29JAN2557000PE.NFO,2024-12-24,10:16:00,2025-01-29,5260.0,5260.0,5260.0,5260.0,0,8385,0
BANKNIFTY29JAN2557000PE.NFO,2024-12-24,10:17:00,2025-01-29,5260.0,5260.0,5260.0,5260.0,0,8385,0
BANKNIFTY29JAN2557000PE.NFO,2024-12-24,10:18:00,2025-01-29,5260.0,5260.0,5260.0,5260.0,0,8385,0
BANKNIFTY29JAN2557000PE.NFO,2024-12-24,10:19:00,2025-01-29,5260.0,5260.0,5218.85,5225.0,120,8490,0
BANKNIFTY29JAN2557000PE.NFO,2024-12-24,10:20:00,2025-01-29,5225.0,5225.0,5225.0,5225.0,0,8490,0
BANKNIFTY29JAN2557000PE.NFO,2024-12-24,10:21:00,2025-01-29,5225.0,5225.0,5225.0,5225.0,0,8490,0
BANKNIFTY29JAN2557000PE.NFO,2024-12-24,10:22:00,2025-01-29,5225.0,5225.0,5220.0,5220.0,15,8670,0
BANKNIFTY29JAN2557000PE.NFO,2024-12-24,10:23:00,2025-01-29,5220.0,5220.0,5220.0,5220.0,0,8670,0
BANKNIFTY29JAN2557000PE.NFO,2024-12-24,10:24:00,2025-01-29,5220.0,5220.0,5220.0,5220.0,0,8670,0
BANKNIFTY29JAN2557000PE.NFO,2024-12-24,10:25:00,2025-01-29,5220.0,5220.0,5220.0,5220.0,0,8670,0
BANKNIFTY29JAN2557000PE.NFO,2024-12-24,10:26:00,2025-01-29,5220.0,5220.0,5220.0,5220.0,0,8670,0
BANKNIFTY29JAN2557000PE.NFO,2024-12-24,10:27:00,2025-01-29,5220.0,5220.0,5220.0,5220.0,30,8685,0
BANKNIFTY29JAN2557000PE.NFO,2024-12-24,10:28:00,2025-01-29,5220.0,5220.0,5220.0,5220.0,0,8685,0
BANKNIFTY29JAN2557000PE.NFO,2024-12-24,10:29:00,2025-01-29,5220.0,5220.0,5220.0,5220.0,0,8685,0
BANKNIFTY29JAN2557000PE.NFO,2024-12-24,10:30:00,2025-01-29,5220.0,5220.0,5220.0,5220.0,0,8685,0
BANKNIFTY29JAN2557000PE.NFO,2024-12-24,10:31:00,2025-01-29,5220.0,5220.0,5220.0,5220.0,0,8685,0
BANKNIFTY29JAN2557000PE.NFO,2024-12-24,10:32:00,2025-01-29,5220.0,5220.0,5220.0,5220.0,0,8685,0
BANKNIFTY29JAN2557000PE.NFO,2024-12-24,10:33:00,2025-01-29,5220.0,5220.0,5220.0,5220.0,0,8685,0
BANKNIFTY29JAN2557000PE.NFO,2024-12-24,10:34:00,2025-01-29,5220.0,5220.0,5220.0,5220.0,0,8685,0
BANKNIFTY29JAN2557000PE.NFO,2024-12-24,10:35:00,2025-01-29,5220.0,5220.0,5220.0,5220.0,0,8685,0
BANKNIFTY29JAN2557000PE.NFO,2024-12-24,10:36:00,2025-01-29,5220.0,5220.0,5220.0,5220.0,0,8685,0
BANKNIFTY29JAN2557000PE.NFO,2024-12-24,10:37:00,2025-01-29,5220.0,5220.0,5220.0,5220.0,0,8685,0
BANKNIFTY29JAN2557000PE.NFO,2024-12-24,10:38:00,2025-01-29,5220.0,5220.0,5220.0,5220.0,0,8685,0
BANKNIFTY29JAN2557000PE.NFO,2024-12-24,10:39:00,2025-01-29,5220.0,5220.0,5220.0,5220.0,0,8685,0
BANKNIFTY29JAN2557000PE.NFO,2024-12-24,10:40:00,2025-01-29,5220.0,5220.0,5220.0,5220.0,0,8685,0
BANKNIFTY29JAN2557000PE.NFO,2024-12-24,10:41:00,2025-01-29,5220.0,5220.0,5220.0,5220.0,0,8685,0
BANKNIFTY29JAN2557000PE.NFO,2024-12-24,10:42:00,2025-01-29,5220.0,5220.0,5220.0,5220.0,0,8685,0
BANKNIFTY29JAN2557000PE.NFO,2024-12-24,10:43:00,2025-01-29,5220.0,5220.0,5220.0,5220.0,0,8685,0
BANKNIFTY29JAN2557000PE.NFO,2024-12-24,10:44:00,2025-01-29,5220.0,5220.0,5220.0,5220.0,0,8685,0
BANKNIFTY29JAN2557000PE.NFO,2024-12-24,10:45:00,2025-01-29,5220.0,5220.0,5220.0,5220.0,0,8685,0
BANKNIFTY29JAN2557000PE.NFO,2024-12-24,10:46:00,2025-01-29,5220.0,5220.0,5220.0,5220.0,0,8685,0
BANKNIFTY29JAN2557000PE.NFO,2024-12-24,10:47:00,2025-01-29,5220.0,5220.0,5220.0,5220.0,0,8685,0
BANKNIFTY29JAN2557000PE.NFO,2024-12-24,10:48:00,2025-01-29,5220.0,5220.0,5220.0,5220.0,0,8685,0
BANKNIFTY29JAN2557000PE.NFO,2024-12-24,10:49:00,2025-01-29,5220.0,5220.0,5220.0,5220.0,0,8685,0
BANKNIFTY29JAN2557000PE.NFO,2024-12-24,10:50:00,2025-01-29,5220.0,5220.0,5220.0,5220.0,0,8685,0
BANKNIFTY29JAN2557000PE.NFO,2024-12-24,10:51:00,2025-01-29,5220.0,5220.0,5220.0,5220.0,0,8685,0
BANKNIFTY29JAN2557000PE.NFO,2024-12-24,10:52:00,2025-01-29,5220.0,5220.0,5220.0,5220.0,0,8685,0
BANKNIFTY29JAN2557000PE.NFO,2024-12-24,10:53:00,2025-01-29,5220.0,5220.0,5220.0,5220.0,0,8685,0
BANKNIFTY29JAN2557000PE.NFO,2024-12-24,10:54:00,2025-01-29,5220.0,5220.0,5220.0,5220.0,0,8685,0
BANKNIFTY29JAN2557000PE.NFO,2024-12-24,10:55:00,2025-01-29,5220.0,5220.0,5220.0,5220.0,0,8685,0
BANKNIFTY29JAN2557000PE.NFO,2024-12-24,10:56:00,2025-01-29,5220.0,5236.9,5220.0,5236.9,15,8715,0
BANKNIFTY29JAN2557000PE.NFO,2024-12-24,10:57:00,2025-01-29,5236.9,5253.25,5236.9,5253.25,15,8715,0
BANKNIFTY29JAN2557000PE.NFO,2024-12-24,10:58:00,2025-01-29,5253.25,5253.25,5253.0,5253.0,15,8730,0
BANKNIFTY29JAN2557000PE.NFO,2024-12-24,10:59:00,2025-01-29,5253.0,5253.0,5253.0,5253.0,0,8730,0
BANKNIFTY29JAN2557000PE.NFO,2024-12-24,11:00:00,2025-01-29,5253.0,5253.0,5253.0,5253.0,0,8730,0
BANKNIFTY29JAN2557000PE.NFO,2024-12-24,11:01:00,2025-01-29,5253.0,5253.0,5253.0,5253.0,0,8730,0
BANKNIFTY29JAN2557000PE.NFO,2024-12-24,11:02:00,2025-01-29,5253.0,5253.0,5253.0,5253.0,0,8730,0
BANKNIFTY29JAN2557000PE.NFO,2024-12-24,11:03:00,2025-01-29,5253.0,5253.0,5253.0,5253.0,0,8730,0
BANKNIFTY29JAN2557000PE.NFO,2024-12-24,11:04:00,2025-01-29,5253.0,5253.0,5253.0,5253.0,0,8730,0
BANKNIFTY29JAN2557000PE.NFO,2024-12-24,11:05:00,2025-01-29,5253.0,5253.0,5253.0,5253.0,0,8730,0
BANKNIFTY29JAN2557000PE.NFO,2024-12-24,11:06:00,2025-01-29,5253.0,5253.0,5253.0,5253.0,0,8730,0
BANKNIFTY29JAN2557000PE.NFO,2024-12-24,11:07:00,2025-01-29,5253.0,5253.0,5253.0,5253.0,0,8730,0
BANKNIFTY29JAN2557000PE.NFO,2024-12-24,11:08:00,2025-01-29,5253.0,5253.0,5253.0,5253.0,0,8730,0
BANKNIFTY29JAN2557000PE.NFO,2024-12-24,11:09:00,2025-01-29,5253.0,5253.0,5253.0,5253.0,0,8730,0
BANKNIFTY29JAN2557000PE.NFO,2024-12-24,11:10:00,2025-01-29,5253.0,5253.0,5253.0,5253.0,0,8730,0
BANKNIFTY29JAN2557000PE.NFO,2024-12-24,11:11:00,2025-01-29,5253.0,5253.0,5253.0,5253.0,0,8730,0
BANKNIFTY29JAN2557000PE.NFO,2024-12-24,11:12:00,2025-01-29,5253.0,5253.0,5253.0,5253.0,0,8730,0
BANKNIFTY29JAN2557000PE.NFO,2024-12-24,11:13:00,2025-01-29,5253.0,5253.0,5253.0,5253.0,0,8730,0
BANKNIFTY29JAN2557000PE.NFO,2024-12-24,11:14:00,2025-01-29,5253.0,5253.0,5253.0,5253.0,0,8730,0
BANKNIFTY29JAN2557000PE.NFO,2024-12-24,11:15:00,2025-01-29,5253.0,5253.0,5253.0,5253.0,0,8730,0
BANKNIFTY29JAN2557000PE.NFO,2024-12-24,11:16:00,2025-01-29,5253.0,5253.0,5253.0,5253.0,0,8730,0
BANKNIFTY29JAN2557000PE.NFO,2024-12-24,11:17:00,2025-01-29,5253.0,5253.0,5253.0,5253.0,0,8730,0
BANKNIFTY29JAN2557000PE.NFO,2024-12-24,11:18:00,2025-01-29,5253.0,5253.0,5253.0,5253.0,0,8730,0
BANKNIFTY29JAN2557000PE.NFO,2024-12-24,11:19:00,2025-01-29,5253.0,5253.0,5253.0,5253.0,0,8730,0
BANKNIFTY29JAN2557000PE.NFO,2024-12-24,11:20:00,2025-01-29,5253.0,5253.0,5253.0,5253.0,0,8730,0
BANKNIFTY29JAN2557000PE.NFO,2024-12-24,11:21:00,2025-01-29,5253.0,5253.0,5253.0,5253.0,0,8730,0
BANKNIFTY29JAN2557000PE.NFO,2024-12-24,11:22:00,2025-01-29,5253.0,5253.0,5253.0,5253.0,0,8730,0
BANKNIFTY29JAN2557000PE.NFO,2024-12-24,11:23:00,2025-01-29,5253.0,5253.0,5253.0,5253.0,0,8730,0
BANKNIFTY29JAN2557000PE.NFO,2024-12-24,11:24:00,2025-01-29,5253.0,5253.0,5253.0,5253.0,0,8730,0
BANKNIFTY29JAN2557000PE.NFO,2024-12-24,11:25:00,2025-01-29,5253.0,5253.0,5253.0,5253.0,0,8730,0
BANKNIFTY29JAN2557000PE.NFO,2024-12-24,11:26:00,2025-01-29,5253.0,5253.0,5253.0,5253.0,0,8730,0
BANKNIFTY29JAN2557000PE.NFO,2024-12-24,11:27:00,2025-01-29,5253.0,5253.0,5253.0,5253.0,0,8730,0
BANKNIFTY29JAN2557000PE.NFO,2024-12-24,11:28:00,2025-01-29,5253.0,5253.0,5253.0,5253.0,0,8730,0
BANKNIFTY29JAN2557000PE.NFO,2024-12-24,11:29:00,2025-01-29,5253.0,5253.0,5253.0,5253.0,0,8730,0
BANKNIFTY29JAN2557000PE.NFO,2024-12-24,11:30:00,2025-01-29,5253.0,5253.0,5253.0,5253.0,0,8730,0
BANKNIFTY29JAN2557000PE.NFO,2024-12-24,11:31:00,2025-01-29,5253.0,5253.0,5253.0,5253.0,0,8730,0
BANKNIFTY29JAN2557000PE.NFO,2024-12-24,11:32:00,2025-01-29,5253.0,5253.0,5253.0,5253.0,0,8730,0
BANKNIFTY29JAN2557000PE.NFO,2024-12-24,11:33:00,2025-01-29,5253.0,5260.0,5253.0,5260.0,60,8745,0
BANKNIFTY29JAN2557000PE.NFO,2024-12-24,11:34:00,2025-01-29,5260.0,5260.0,5260.0,5260.0,0,8745,0
BANKNIFTY29JAN2557000PE.NFO,2024-12-24,11:35:00,2025-01-29,5260.0,5260.0,5260.0,5260.0,0,8745,0
BANKNIFTY29JAN2557000PE.NFO,2024-12-24,11:36:00,2025-01-29,5260.0,5260.0,5260.0,5260.0,0,8745,0
BANKNIFTY29JAN2557000PE.NFO,2024-12-24,11:37:00,2025-01-29,5260.0,5260.0,5260.0,5260.0,0,8745,0
BANKNIFTY29JAN2557000PE.NFO,2024-12-24,11:38:00,2025-01-29,5260.0,5260.0,5260.0,5260.0,0,8745,0
BANKNIFTY29JAN2557000PE.NFO,2024-12-24,11:39:00,2025-01-29,5260.0,5260.0,5260.0,5260.0,0,8745,0
BANKNIFTY29JAN2557000PE.NFO,2024-12-24,11:40:00,2025-01-29,5260.0,5260.0,5260.0,5260.0,0,8745,0
BANKNIFTY29JAN2557000PE.NFO,2024-12-24,11:41:00,2025-01-29,5260.0,5260.0,5248.15,5248.15,150,8850,0
BANKNIFTY29JAN2557000PE.NFO,2024-12-24,11:42:00,2025-01-29,5248.15,5268.45,5248.15,5268.45,195,8850,0
BANKNIFTY29JAN2557000PE.NFO,2024-12-24,11:43:00,2025-01-29,5268.45,5268.45,5268.45,5268.45,0,8850,0
BANKNIFTY29JAN2557000PE.NFO,2024-12-24,11:44:00,2025-01-29,5268.45,5268.45,5268.45,5268.45,0,8850,0
BANKNIFTY29JAN2557000PE.NFO,2024-12-24,11:45:00,2025-01-29,5268.45,5268.45,5268.45,5268.45,0,8850,0
BANKNIFTY29JAN2557000PE.NFO,2024-12-24,11:46:00,2025-01-29,5268.45,5268.45,5268.45,5268.45,0,8850,0
BANKNIFTY29JAN2557000PE.NFO,2024-12-24,11:47:00,2025-01-29,5268.45,5268.45,5258.45,5258.45,15,9195,0
BANKNIFTY29JAN2557000PE.NFO,2024-12-24,11:48:00,2025-01-29,5258.45,5270.0,5258.45,5270.0,150,9195,0
BANKNIFTY29JAN2557000PE.NFO,2024-12-24,11:49:00,2025-01-29,5270.0,5270.0,5270.0,5270.0,150,9360,0
BANKNIFTY29JAN2557000PE.NFO,2024-12-24,11:50:00,2025-01-29,5270.0,5270.0,5270.0,5270.0,0,9360,0
BANKNIFTY29JAN2557000PE.NFO,2024-12-24,11:51:00,2025-01-29,5270.0,5270.0,5270.0,5270.0,0,9360,0
BANKNIFTY29JAN2557000PE.NFO,2024-12-24,11:52:00,2025-01-29,5270.0,5270.0,5270.0,5270.0,0,9360,0
BANKNIFTY29JAN2557000PE.NFO,2024-12-24,11:53:00,2025-01-29,5270.0,5270.0,5260.0,5260.0,45,9510,0
BANKNIFTY29JAN2557000PE.NFO,2024-12-24,11:54:00,2025-01-29,5260.0,5276.05,5260.0,5276.05,15,9510,0
BANKNIFTY29JAN2557000PE.NFO,2024-12-24,11:55:00,2025-01-29,5276.05,5276.05,5276.05,5276.05,0,9510,0
BANKNIFTY29JAN2557000PE.NFO,2024-12-24,11:56:00,2025-01-29,5276.05,5276.05,5276.05,5276.05,0,9510,0
BANKNIFTY29JAN2557000PE.NFO,2024-12-24,11:57:00,2025-01-29,5276.05,5276.05,5276.05,5276.05,0,9510,0
BANKNIFTY29JAN2557000PE.NFO,2024-12-24,11:58:00,2025-01-29,5276.05,5276.05,5276.05,5276.05,0,9510,0
BANKNIFTY29JAN2557000PE.NFO,2024-12-24,11:59:00,2025-01-29,5276.05,5276.05,5276.05,5276.05,0,9510,0
BANKNIFTY29JAN2557000PE.NFO,2024-12-24,12:00:00,2025-01-29,5276.05,5276.05,5276.05,5276.05,0,9510,0
BANKNIFTY29JAN2557000PE.NFO,2024-12-24,12:01:00,2025-01-29,5276.05,5276.05,5262.2,5262.2,15,9540,0
BANKNIFTY29JAN2557000PE.NFO,2024-12-24,12:02:00,2025-01-29,5262.2,5262.2,5262.2,5262.2,0,9540,0
BANKNIFTY29JAN2557000PE.NFO,2024-12-24,12:03:00,2025-01-29,5262.2,5266.0,5250.0,5250.0,60,9540,0
BANKNIFTY29JAN2557000PE.NFO,2024-12-24,12:04:00,2025-01-29,5250.0,5261.05,5250.0,5261.05,15,9570,0
BANKNIFTY29JAN2557000PE.NFO,2024-12-24,12:05:00,2025-01-29,5261.05,5279.3,5257.7,5257.7,60,9570,0
BANKNIFTY29JAN2557000PE.NFO,2024-12-24,12:06:00,2025-01-29,5257.7,5260.0,5257.7,5260.0,30,9570,0
BANKNIFTY29JAN2557000PE.NFO,2024-12-24,12:07:00,2025-01-29,5260.0,5277.05,5260.0,5277.05,15,9660,0
BANKNIFTY29JAN2557000PE.NFO,2024-12-24,12:08:00,2025-01-29,5277.05,5277.05,5277.05,5277.05,0,9660,0
BANKNIFTY29JAN2557000PE.NFO,2024-12-24,12:09:00,2025-01-29,5277.05,5277.05,5277.05,5277.05,0,9660,0
BANKNIFTY29JAN2557000PE.NFO,2024-12-24,12:10:00,2025-01-29,5277.05,5277.05,5277.05,5277.05,0,9660,0
BANKNIFTY29JAN2557000PE.NFO,2024-12-24,12:11:00,2025-01-29,5277.05,5281.0,5277.05,5281.0,15,9645,0
BANKNIFTY29JAN2557000PE.NFO,2024-12-24,12:12:00,2025-01-29,5281.0,5281.0,5264.5,5264.5,30,9645,0
BANKNIFTY29JAN2557000PE.NFO,2024-12-24,12:13:00,2025-01-29,5264.5,5285.0,5264.5,5285.0,30,9660,0
BANKNIFTY29JAN2557000PE.NFO,2024-12-24,12:14:00,2025-01-29,5285.0,5285.0,5283.05,5283.05,45,9660,0
BANKNIFTY29JAN2557000PE.NFO,2024-12-24,12:15:00,2025-01-29,5283.05,5283.05,5283.05,5283.05,0,9660,0
BANKNIFTY29JAN2557000PE.NFO,2024-12-24,12:16:00,2025-01-29,5283.05,5283.05,5283.05,5283.05,0,9660,0
BANKNIFTY29JAN2557000PE.NFO,2024-12-24,12:17:00,2025-01-29,5283.05,5283.05,5283.05,5283.05,0,9660,0
BANKNIFTY29JAN2557000PE.NFO,2024-12-24,12:18:00,2025-01-29,5283.05,5292.05,5283.05,5292.05,30,9660,0
BANKNIFTY29JAN2557000PE.NFO,2024-12-24,12:19:00,2025-01-29,5292.05,5292.05,5292.05,5292.05,0,9660,0
BANKNIFTY29JAN2557000PE.NFO,2024-12-24,12:20:00,2025-01-29,5292.05,5292.05,5292.05,5292.05,0,9660,0
BANKNIFTY29JAN2557000PE.NFO,2024-12-24,12:21:00,2025-01-29,5292.05,5292.05,5292.05,5292.05,0,9660,0
BANKNIFTY29JAN2557000PE.NFO,2024-12-24,12:22:00,2025-01-29,5292.05,5292.05,5292.05,5292.05,0,9660,0
BANKNIFTY29JAN2557000PE.NFO,2024-12-24,12:23:00,2025-01-29,5292.05,5292.05,5292.05,5292.05,0,9660,0
BANKNIFTY29JAN2557000PE.NFO,2024-12-24,12:24:00,2025-01-29,5292.05,5299.85,5292.05,5299.85,45,9660,0
BANKNIFTY29JAN2557000PE.NFO,2024-12-24,12:25:00,2025-01-29,5299.85,5299.85,5299.85,5299.85,0,9660,0
BANKNIFTY29JAN2557000PE.NFO,2024-12-24,12:26:00,2025-01-29,5299.85,5299.85,5299.85,5299.85,0,9660,0
BANKNIFTY29JAN2557000PE.NFO,2024-12-24,12:27:00,2025-01-29,5299.85,5299.85,5299.85,5299.85,0,9660,0
BANKNIFTY29JAN2557000PE.NFO,2024-12-24,12:28:00,2025-01-29,5299.85,5299.85,5299.85,5299.85,0,9660,0
BANKNIFTY29JAN2557000PE.NFO,2024-12-24,12:29:00,2025-01-29,5299.85,5299.85,5299.85,5299.85,0,9660,0
BANKNIFTY29JAN2557000PE.NFO,2024-12-24,12:30:00,2025-01-29,5299.85,5299.85,5294.25,5294.25,30,9690,0
BANKNIFTY29JAN2557000PE.NFO,2024-12-24,12:31:00,2025-01-29,5294.25,5294.25,5294.25,5294.25,0,9690,0
BANKNIFTY29JAN2557000PE.NFO,2024-12-24,12:32:00,2025-01-29,5294.25,5294.25,5294.25,5294.25,0,9690,0
BANKNIFTY29JAN2557000PE.NFO,2024-12-24,12:33:00,2025-01-29,5294.25,5294.25,5294.25,5294.25,0,9690,0
BANKNIFTY29JAN2557000PE.NFO,2024-12-24,12:34:00,2025-01-29,5294.25,5294.25,5294.25,5294.25,0,9690,0
BANKNIFTY29JAN2557000PE.NFO,2024-12-24,12:35:00,2025-01-29,5294.25,5294.25,5250.0,5250.0,900,9705,0
BANKNIFTY29JAN2557000PE.NFO,2024-12-24,12:36:00,2025-01-29,5250.0,5250.0,5250.0,5250.0,0,9705,0
BANKNIFTY29JAN2557000PE.NFO,2024-12-24,12:37:00,2025-01-29,5250.0,5250.0,5250.0,5250.0,0,9705,0
BANKNIFTY29JAN2557000PE.NFO,2024-12-24,12:38:00,2025-01-29,5250.0,5255.05,5250.0,5255.05,30,10605,0
BANKNIFTY29JAN2557000PE.NFO,2024-12-24,12:39:00,2025-01-29,5255.05,5255.05,5255.05,5255.05,0,10605,0
BANKNIFTY29JAN2557000PE.NFO,2024-12-24,12:40:00,2025-01-29,5255.05,5255.05,5255.05,5255.05,0,10605,0
BANKNIFTY29JAN2557000PE.NFO,2024-12-24,12:41:00,2025-01-29,5255.05,5255.05,5224.95,5224.95,0,10575,0
BANKNIFTY29JAN2557000PE.NFO,2024-12-24,12:42:00,2025-01-29,5224.95,5224.95,5224.95,5224.95,0,10575,0
BANKNIFTY29JAN2557000PE.NFO,2024-12-24,12:43:00,2025-01-29,5224.95,5224.95,5224.95,5224.95,0,10575,0
BANKNIFTY29JAN2557000PE.NFO,2024-12-24,12:44:00,2025-01-29,5224.95,5224.95,5199.95,5200.0,345,10725,0
BANKNIFTY29JAN2557000PE.NFO,2024-12-24,12:45:00,2025-01-29,5200.0,5200.0,5200.0,5200.0,0,10725,0
BANKNIFTY29JAN2557000PE.NFO,2024-12-24,12:46:00,2025-01-29,5200.0,5200.0,5200.0,5200.0,0,10725,0
BANKNIFTY29JAN2557000PE.NFO,2024-12-24,12:47:00,2025-01-29,5200.0,5200.0,5200.0,5200.0,0,10725,0
BANKNIFTY29JAN2557000PE.NFO,2024-12-24,12:48:00,2025-01-29,5200.0,5200.0,5200.0,5200.0,0,10725,0
BANKNIFTY29JAN2557000PE.NFO,2024-12-24,12:49:00,2025-01-29,5200.0,5200.0,5200.0,5200.0,0,10725,0
BANKNIFTY29JAN2557000PE.NFO,2024-12-24,12:50:00,2025-01-29,5200.0,5200.0,5200.0,5200.0,0,10725,0
BANKNIFTY29JAN2557000PE.NFO,2024-12-24,12:51:00,2025-01-29,5200.0,5200.0,5200.0,5200.0,0,10725,0
BANKNIFTY29JAN2557000PE.NFO,2024-12-24,12:52:00,2025-01-29,5200.0,5230.0,5200.0,5230.0,60,11070,0
BANKNIFTY29JAN2557000PE.NFO,2024-12-24,12:53:00,2025-01-29,5230.0,5230.0,5230.0,5230.0,45,11070,0
BANKNIFTY29JAN2557000PE.NFO,2024-12-24,12:54:00,2025-01-29,5230.0,5235.0,5230.0,5235.0,60,11070,0
BANKNIFTY29JAN2557000PE.NFO,2024-12-24,12:55:00,2025-01-29,5235.0,5235.0,5235.0,5235.0,0,11070,0
BANKNIFTY29JAN2557000PE.NFO,2024-12-24,12:56:00,2025-01-29,5235.0,5235.0,5235.0,5235.0,0,11070,0
BANKNIFTY29JAN2557000PE.NFO,2024-12-24,12:57:00,2025-01-29,5235.0,5235.0,5235.0,5235.0,0,11070,0
BANKNIFTY29JAN2557000PE.NFO,2024-12-24,12:58:00,2025-01-29,5235.0,5235.0,5235.0,5235.0,0,11070,0
BANKNIFTY29JAN2557000PE.NFO,2024-12-24,12:59:00,2025-01-29,5235.0,5235.0,5235.0,5235.0,0,11070,0
BANKNIFTY29JAN2557000PE.NFO,2024-12-24,13:00:00,2025-01-29,5235.0,5235.0,5235.0,5235.0,0,11070,0
BANKNIFTY29JAN2557000PE.NFO,2024-12-24,13:01:00,2025-01-29,5235.0,5235.0,5235.0,5235.0,0,11070,0
BANKNIFTY29JAN2557000PE.NFO,2024-12-24,13:02:00,2025-01-29,5235.0,5235.0,5235.0,5235.0,0,11070,0
BANKNIFTY29JAN2557000PE.NFO,2024-12-24,13:03:00,2025-01-29,5235.0,5235.0,5235.0,5235.0,0,11070,0
BANKNIFTY29JAN2557000PE.NFO,2024-12-24,13:04:00,2025-01-29,5235.0,5235.0,5235.0,5235.0,0,11070,0
BANKNIFTY29JAN2557000PE.NFO,2024-12-24,13:05:00,2025-01-29,5235.0,5235.0,5235.0,5235.0,0,11070,0
BANKNIFTY29JAN2557000PE.NFO,2024-12-24,13:06:00,2025-01-29,5235.0,5235.0,5235.0,5235.0,0,11070,0
BANKNIFTY29JAN2557000PE.NFO,2024-12-24,13:07:00,2025-01-29,5235.0,5235.0,5235.0,5235.0,0,11070,0
BANKNIFTY29JAN2557000PE.NFO,2024-12-24,13:08:00,2025-01-29,5235.0,5235.0,5235.0,5235.0,0,11070,0
BANKNIFTY29JAN2557000PE.NFO,2024-12-24,13:09:00,2025-01-29,5235.0,5235.0,5235.0,5235.0,0,11070,0
BANKNIFTY29JAN2557000PE.NFO,2024-12-24,13:10:00,2025-01-29,5235.0,5235.0,5235.0,5235.0,0,11070,0
BANKNIFTY29JAN2557000PE.NFO,2024-12-24,13:11:00,2025-01-29,5235.0,5235.0,5235.0,5235.0,0,11070,0
BANKNIFTY29JAN2557000PE.NFO,2024-12-24,13:12:00,2025-01-29,5235.0,5235.0,5235.0,5235.0,0,11070,0
BANKNIFTY29JAN2557000PE.NFO,2024-12-24,13:13:00,2025-01-29,5235.0,5235.0,5235.0,5235.0,0,11070,0
BANKNIFTY29JAN2557000PE.NFO,2024-12-24,13:14:00,2025-01-29,5235.0,5235.0,5235.0,5235.0,0,11070,0
BANKNIFTY29JAN2557000PE.NFO,2024-12-24,13:15:00,2025-01-29,5235.0,5235.0,5235.0,5235.0,0,11070,0
BANKNIFTY29JAN2557000PE.NFO,2024-12-24,13:16:00,2025-01-29,5235.0,5235.0,5235.0,5235.0,0,11070,0
BANKNIFTY29JAN2557000PE.NFO,2024-12-24,13:17:00,2025-01-29,5235.0,5235.0,5235.0,5235.0,0,11070,0
BANKNIFTY29JAN2557000PE.NFO,2024-12-24,13:18:00,2025-01-29,5235.0,5235.0,5235.0,5235.0,0,11070,0
BANKNIFTY29JAN2557000PE.NFO,2024-12-24,13:19:00,2025-01-29,5235.0,5235.0,5235.0,5235.0,0,11070,0
BANKNIFTY29JAN2557000PE.NFO,2024-12-24,13:20:00,2025-01-29,5235.0,5235.0,5235.0,5235.0,0,11070,0
BANKNIFTY29JAN2557000PE.NFO,2024-12-24,13:21:00,2025-01-29,5235.0,5235.0,5235.0,5235.0,0,11070,0
BANKNIFTY29JAN2557000PE.NFO,2024-12-24,13:22:00,2025-01-29,5235.0,5235.0,5235.0,5235.0,0,11070,0
BANKNIFTY29JAN2557000PE.NFO,2024-12-24,13:23:00,2025-01-29,5235.0,5235.0,5235.0,5235.0,0,11070,0
BANKNIFTY29JAN2557000PE.NFO,2024-12-24,13:24:00,2025-01-29,5235.0,5235.0,5235.0,5235.0,0,11070,0
BANKNIFTY29JAN2557000PE.NFO,2024-12-24,13:25:00,2025-01-29,5235.0,5235.0,5235.0,5235.0,0,11070,0
BANKNIFTY29JAN2557000PE.NFO,2024-12-24,13:26:00,2025-01-29,5235.0,5235.0,5235.0,5235.0,0,11070,0
BANKNIFTY29JAN2557000PE.NFO,2024-12-24,13:27:00,2025-01-29,5235.0,5235.0,5235.0,5235.0,0,11070,0
BANKNIFTY29JAN2557000PE.NFO,2024-12-24,13:28:00,2025-01-29,5235.0,5235.0,5235.0,5235.0,0,11070,0
BANKNIFTY29JAN2557000PE.NFO,2024-12-24,13:29:00,2025-01-29,5235.0,5235.0,5235.0,5235.0,0,11070,0
BANKNIFTY29JAN2557000PE.NFO,2024-12-24,13:30:00,2025-01-29,5235.0,5235.0,5235.0,5235.0,0,11070,0
BANKNIFTY29JAN2557000PE.NFO,2024-12-24,13:31:00,2025-01-29,5235.0,5235.0,5235.0,5235.0,0,11070,0
BANKNIFTY29JAN2557000PE.NFO,2024-12-24,13:32:00,2025-01-29,5235.0,5235.0,5235.0,5235.0,0,11070,0
BANKNIFTY29JAN2557000PE.NFO,2024-12-24,13:33:00,2025-01-29,5235.0,5235.0,5235.0,5235.0,0,11070,0
BANKNIFTY29JAN2557000PE.NFO,2024-12-24,13:34:00,2025-01-29,5235.0,5235.0,5235.0,5235.0,0,11070,0
BANKNIFTY29JAN2557000PE.NFO,2024-12-24,13:35:00,2025-01-29,5235.0,5235.0,5235.0,5235.0,0,11070,0
BANKNIFTY29JAN2557000PE.NFO,2024-12-24,13:36:00,2025-01-29,5235.0,5235.0,5235.0,5235.0,0,11070,0
BANKNIFTY29JAN2557000PE.NFO,2024-12-24,13:37:00,2025-01-29,5235.0,5235.0,5235.0,5235.0,0,11070,0
BANKNIFTY29JAN2557000PE.NFO,2024-12-24,13:38:00,2025-01-29,5235.0,5235.0,5235.0,5235.0,0,11070,0
BANKNIFTY29JAN2557000PE.NFO,2024-12-24,13:39:00,2025-01-29,5235.0,5235.0,5235.0,5235.0,0,11070,0
BANKNIFTY29JAN2557000PE.NFO,2024-12-24,13:40:00,2025-01-29,5235.0,5235.0,5235.0,5235.0,0,11070,0
BANKNIFTY29JAN2557000PE.NFO,2024-12-24,13:41:00,2025-01-29,5235.0,5235.0,5235.0,5235.0,0,11070,0
BANKNIFTY29JAN2557000PE.NFO,2024-12-24,13:42:00,2025-01-29,5235.0,5283.0,5235.0,5283.0,195,11220,0
BANKNIFTY29JAN2557000PE.NFO,2024-12-24,13:43:00,2025-01-29,5283.0,5283.0,5283.0,5283.0,0,11220,0
BANKNIFTY29JAN2557000PE.NFO,2024-12-24,13:44:00,2025-01-29,5283.0,5283.0,5283.0,5283.0,0,11220,0
BANKNIFTY29JAN2557000PE.NFO,2024-12-24,13:45:00,2025-01-29,5283.0,5325.0,5283.0,5325.0,30,11415,0
BANKNIFTY29JAN2557000PE.NFO,2024-12-24,13:46:00,2025-01-29,5325.0,5325.65,5325.0,5325.65,105,11415,0
BANKNIFTY29JAN2557000PE.NFO,2024-12-24,13:47:00,2025-01-29,5325.65,5325.65,5325.65,5325.65,0,11415,0
BANKNIFTY29JAN2557000PE.NFO,2024-12-24,13:48:00,2025-01-29,5325.65,5325.65,5325.65,5325.65,0,11415,0
BANKNIFTY29JAN2557000PE.NFO,2024-12-24,13:49:00,2025-01-29,5325.65,5325.65,5320.0,5320.0,945,11550,0
BANKNIFTY29JAN2557000PE.NFO,2024-12-24,13:50:00,2025-01-29,5320.0,5320.0,5320.0,5320.0,0,11550,0
BANKNIFTY29JAN2557000PE.NFO,2024-12-24,13:51:00,2025-01-29,5320.0,5320.0,5320.0,5320.0,0,11550,0
BANKNIFTY29JAN2557000PE.NFO,2024-12-24,13:52:00,2025-01-29,5320.0,5320.0,5320.0,5320.0,0,11550,0
BANKNIFTY29JAN2557000PE.NFO,2024-12-24,13:53:00,2025-01-29,5320.0,5320.0,5320.0,5320.0,0,11550,0
BANKNIFTY29JAN2557000PE.NFO,2024-12-24,13:54:00,2025-01-29,5320.0,5320.0,5320.0,5320.0,0,11550,0
BANKNIFTY29JAN2557000PE.NFO,2024-12-24,13:55:00,2025-01-29,5320.0,5320.0,5320.0,5320.0,0,11550,0
BANKNIFTY29JAN2557000PE.NFO,2024-12-24,13:56:00,2025-01-29,5320.0,5320.0,5320.0,5320.0,0,11550,0
BANKNIFTY29JAN2557000PE.NFO,2024-12-24,13:57:00,2025-01-29,5320.0,5320.0,5320.0,5320.0,0,11550,0
BANKNIFTY29JAN2557000PE.NFO,2024-12-24,13:58:00,2025-01-29,5320.0,5320.0,5320.0,5320.0,0,11550,0
BANKNIFTY29JAN2557000PE.NFO,2024-12-24,13:59:00,2025-01-29,5320.0,5320.0,5320.0,5320.0,0,11550,0
BANKNIFTY29JAN2557000PE.NFO,2024-12-24,14:00:00,2025-01-29,5320.0,5320.0,5320.0,5320.0,0,11550,0
BANKNIFTY29JAN2557000PE.NFO,2024-12-24,14:01:00,2025-01-29,5320.0,5320.0,5320.0,5320.0,0,11550,0
BANKNIFTY29JAN2557000PE.NFO,2024-12-24,14:02:00,2025-01-29,5320.0,5320.0,5320.0,5320.0,0,11550,0
BANKNIFTY29JAN2557000PE.NFO,2024-12-24,14:03:00,2025-01-29,5320.0,5320.0,5320.0,5320.0,0,11550,0
BANKNIFTY29JAN2557000PE.NFO,2024-12-24,14:04:00,2025-01-29,5320.0,5320.0,5320.0,5320.0,0,11550,0
BANKNIFTY29JAN2557000PE.NFO,2024-12-24,14:05:00,2025-01-29,5320.0,5320.0,5320.0,5320.0,0,11550,0
BANKNIFTY29JAN2557000PE.NFO,2024-12-24,14:06:00,2025-01-29,5320.0,5320.0,5320.0,5320.0,0,11550,0
BANKNIFTY29JAN2557000PE.NFO,2024-12-24,14:07:00,2025-01-29,5320.0,5320.0,5320.0,5320.0,0,11550,0
BANKNIFTY29JAN2557000PE.NFO,2024-12-24,14:08:00,2025-01-29,5320.0,5320.0,5320.0,5320.0,0,11550,0
BANKNIFTY29JAN2557000PE.NFO,2024-12-24,14:09:00,2025-01-29,5320.0,5320.0,5320.0,5320.0,0,11550,0
BANKNIFTY29JAN2557000PE.NFO,2024-12-24,14:10:00,2025-01-29,5320.0,5320.0,5320.0,5320.0,0,11550,0
BANKNIFTY29JAN2557000PE.NFO,2024-12-24,14:11:00,2025-01-29,5320.0,5320.0,5320.0,5320.0,0,11550,0
BANKNIFTY29JAN2557000PE.NFO,2024-12-24,14:12:00,2025-01-29,5320.0,5320.0,5320.0,5320.0,0,11550,0
BANKNIFTY29JAN2557000PE.NFO,2024-12-24,14:13:00,2025-01-29,5320.0,5320.0,5320.0,5320.0,0,11550,0
BANKNIFTY29JAN2557000PE.NFO,2024-12-24,14:14:00,2025-01-29,5320.0,5320.0,5320.0,5320.0,0,11550,0
BANKNIFTY29JAN2557000PE.NFO,2024-12-24,14:15:00,2025-01-29,5320.0,5320.0,5320.0,5320.0,0,11550,0
BANKNIFTY29JAN2557000PE.NFO,2024-12-24,14:16:00,2025-01-29,5320.0,5320.0,5320.0,5320.0,0,11550,0
BANKNIFTY29JAN2557000PE.NFO,2024-12-24,14:17:00,2025-01-29,5320.0,5320.0,5320.0,5320.0,0,11550,0
BANKNIFTY29JAN2557000PE.NFO,2024-12-24,14:18:00,2025-01-29,5320.0,5330.0,5320.0,5330.0,255,12450,0
BANKNIFTY29JAN2557000PE.NFO,2024-12-24,14:19:00,2025-01-29,5330.0,5330.0,5330.0,5330.0,0,12450,0
BANKNIFTY29JAN2557000PE.NFO,2024-12-24,14:20:00,2025-01-29,5330.0,5330.0,5330.0,5330.0,0,12450,0
BANKNIFTY29JAN2557000PE.NFO,2024-12-24,14:21:00,2025-01-29,5330.0,5330.0,5330.0,5330.0,0,12450,0
BANKNIFTY29JAN2557000PE.NFO,2024-12-24,14:22:00,2025-01-29,5330.0,5330.0,5330.0,5330.0,0,12450,0
BANKNIFTY29JAN2557000PE.NFO,2024-12-24,14:23:00,2025-01-29,5330.0,5330.0,5330.0,5330.0,0,12450,0
BANKNIFTY29JAN2557000PE.NFO,2024-12-24,14:24:00,2025-01-29,5330.0,5330.0,5330.0,5330.0,0,12450,0
BANKNIFTY29JAN2557000PE.NFO,2024-12-24,14:25:00,2025-01-29,5330.0,5330.0,5330.0,5330.0,0,12450,0
BANKNIFTY29JAN2557000PE.NFO,2024-12-24,14:26:00,2025-01-29,5330.0,5330.0,5330.0,5330.0,0,12450,0
BANKNIFTY29JAN2557000PE.NFO,2024-12-24,14:27:00,2025-01-29,5330.0,5330.0,5330.0,5330.0,0,12450,0
BANKNIFTY29JAN2557000PE.NFO,2024-12-24,14:28:00,2025-01-29,5330.0,5330.0,5330.0,5330.0,0,12450,0
BANKNIFTY29JAN2557000PE.NFO,2024-12-24,14:29:00,2025-01-29,5330.0,5330.0,5300.0,5300.0,0,12705,0
BANKNIFTY29JAN2557000PE.NFO,2024-12-24,14:30:00,2025-01-29,5300.0,5300.0,5300.0,5300.0,0,12705,0
BANKNIFTY29JAN2557000PE.NFO,2024-12-24,14:31:00,2025-01-29,5300.0,5300.0,5300.0,5300.0,0,12705,0
BANKNIFTY29JAN2557000PE.NFO,2024-12-24,14:32:00,2025-01-29,5300.0,5300.0,5300.0,5300.0,0,12705,0
BANKNIFTY29JAN2557000PE.NFO,2024-12-24,14:33:00,2025-01-29,5300.0,5300.0,5300.0,5300.0,0,12705,0
BANKNIFTY29JAN2557000PE.NFO,2024-12-24,14:34:00,2025-01-29,5300.0,5300.0,5300.0,5300.0,0,12705,0
BANKNIFTY29JAN2557000PE.NFO,2024-12-24,14:35:00,2025-01-29,5300.0,5300.0,5300.0,5300.0,0,12705,0
BANKNIFTY29JAN2557000PE.NFO,2024-12-24,14:36:00,2025-01-29,5300.0,5300.0,5300.0,5300.0,0,12705,0
BANKNIFTY29JAN2557000PE.NFO,2024-12-24,14:37:00,2025-01-29,5300.0,5300.0,5300.0,5300.0,0,12705,0
BANKNIFTY29JAN2557000PE.NFO,2024-12-24,14:38:00,2025-01-29,5300.0,5300.0,5300.0,5300.0,0,12705,0
BANKNIFTY29JAN2557000PE.NFO,2024-12-24,14:39:00,2025-01-29,5300.0,5300.0,5300.0,5300.0,0,12705,0
BANKNIFTY29JAN2557000PE.NFO,2024-12-24,14:40:00,2025-01-29,5300.0,5300.0,5300.0,5300.0,0,12705,0
BANKNIFTY29JAN2557000PE.NFO,2024-12-24,14:41:00,2025-01-29,5300.0,5300.0,5300.0,5300.0,0,12705,0
BANKNIFTY29JAN2557000PE.NFO,2024-12-24,14:42:00,2025-01-29,5300.0,5300.0,5300.0,5300.0,0,12705,0
BANKNIFTY29JAN2557000PE.NFO,2024-12-24,14:43:00,2025-01-29,5300.0,5300.0,5300.0,5300.0,0,12705,0
BANKNIFTY29JAN2557000PE.NFO,2024-12-24,14:44:00,2025-01-29,5300.0,5300.0,5300.0,5300.0,0,12705,0
BANKNIFTY29JAN2557000PE.NFO,2024-12-24,14:45:00,2025-01-29,5300.0,5300.0,5300.0,5300.0,0,12705,0
BANKNIFTY29JAN2557000PE.NFO,2024-12-24,14:46:00,2025-01-29,5300.0,5335.0,5300.0,5335.0,15,12795,0
BANKNIFTY29JAN2557000PE.NFO,2024-12-24,14:47:00,2025-01-29,5335.0,5335.0,5335.0,5335.0,0,12795,0
BANKNIFTY29JAN2557000PE.NFO,2024-12-24,14:48:00,2025-01-29,5335.0,5335.0,5335.0,5335.0,0,12795,0
BANKNIFTY29JAN2557000PE.NFO,2024-12-24,14:49:00,2025-01-29,5335.0,5335.0,5335.0,5335.0,0,12795,0
BANKNIFTY29JAN2557000PE.NFO,2024-12-24,14:50:00,2025-01-29,5335.0,5335.0,5335.0,5335.0,0,12795,0
BANKNIFTY29JAN2557000PE.NFO,2024-12-24,14:51:00,2025-01-29,5335.0,5335.0,5335.0,5335.0,0,12795,0
BANKNIFTY29JAN2557000PE.NFO,2024-12-24,14:52:00,2025-01-29,5335.0,5335.0,5335.0,5335.0,0,12795,0
BANKNIFTY29JAN2557000PE.NFO,2024-12-24,14:53:00,2025-01-29,5335.0,5335.0,5335.0,5335.0,0,12795,0
BANKNIFTY29JAN2557000PE.NFO,2024-12-24,14:54:00,2025-01-29,5335.0,5335.0,5335.0,5335.0,0,12795,0
BANKNIFTY29JAN2557000PE.NFO,2024-12-24,14:55:00,2025-01-29,5335.0,5335.0,5335.0,5335.0,0,12795,0
BANKNIFTY29JAN2557000PE.NFO,2024-12-24,14:56:00,2025-01-29,5335.0,5335.0,5335.0,5335.0,0,12795,0
BANKNIFTY29JAN2557000PE.NFO,2024-12-24,14:57:00,2025-01-29,5335.0,5335.0,5335.0,5335.0,0,12795,0
BANKNIFTY29JAN2557000PE.NFO,2024-12-24,14:58:00,2025-01-29,5335.0,5335.0,5335.0,5335.0,0,12795,0
BANKNIFTY29JAN2557000PE.NFO,2024-12-24,14:59:00,2025-01-29,5335.0,5335.0,5335.0,5335.0,0,12795,0
BANKNIFTY29JAN2557000PE.NFO,2024-12-24,15:00:00,2025-01-29,5335.0,5335.0,5335.0,5335.0,0,12795,0
BANKNIFTY29JAN2557000PE.NFO,2024-12-24,15:01:00,2025-01-29,5335.0,5335.0,5335.0,5335.0,0,12795,0
BANKNIFTY29JAN2557000PE.NFO,2024-12-24,15:02:00,2025-01-29,5335.0,5335.0,5335.0,5335.0,0,12795,0
BANKNIFTY29JAN2557000PE.NFO,2024-12-24,15:03:00,2025-01-29,5335.0,5335.0,5335.0,5335.0,0,12795,0
BANKNIFTY29JAN2557000PE.NFO,2024-12-24,15:04:00,2025-01-29,5335.0,5335.0,5335.0,5335.0,0,12795,0
BANKNIFTY29JAN2557000PE.NFO,2024-12-24,15:05:00,2025-01-29,5335.0,5335.0,5335.0,5335.0,0,12795,0
BANKNIFTY29JAN2557000PE.NFO,2024-12-24,15:06:00,2025-01-29,5335.0,5335.0,5241.65,5241.65,45,12795,0
BANKNIFTY29JAN2557000PE.NFO,2024-12-24,15:07:00,2025-01-29,5241.65,5241.65,5241.65,5241.65,0,12795,0
BANKNIFTY29JAN2557000PE.NFO,2024-12-24,15:08:00,2025-01-29,5241.65,5241.65,5221.65,5221.65,150,12795,0
BANKNIFTY29JAN2557000PE.NFO,2024-12-24,15:09:00,2025-01-29,5221.65,5221.65,5221.65,5221.65,0,12795,0
BANKNIFTY29JAN2557000PE.NFO,2024-12-24,15:10:00,2025-01-29,5221.65,5221.65,5221.65,5221.65,0,12795,0
BANKNIFTY29JAN2557000PE.NFO,2024-12-24,15:11:00,2025-01-29,5221.65,5221.65,5221.65,5221.65,45,12945,0
BANKNIFTY29JAN2557000PE.NFO,2024-12-24,15:12:00,2025-01-29,5221.65,5221.65,5221.65,5221.65,0,12945,0
BANKNIFTY29JAN2557000PE.NFO,2024-12-24,15:13:00,2025-01-29,5221.65,5222.4,5221.65,5222.4,150,12945,0
BANKNIFTY29JAN2557000PE.NFO,2024-12-24,15:14:00,2025-01-29,5222.4,5242.5,5222.4,5242.5,300,13140,0
BANKNIFTY29JAN2557000PE.NFO,2024-12-24,15:15:00,2025-01-29,5242.5,5242.5,5238.45,5238.45,90,13140,0
BANKNIFTY29JAN2557000PE.NFO,2024-12-24,15:16:00,2025-01-29,5238.45,5238.45,5238.45,5238.45,0,13140,0
BANKNIFTY29JAN2557000PE.NFO,2024-12-24,15:17:00,2025-01-29,5238.45,5255.7,5238.45,5255.7,30,13530,0
BANKNIFTY29JAN2557000PE.NFO,2024-12-24,15:18:00,2025-01-29,5255.7,5255.7,5255.7,5255.7,0,13530,0
BANKNIFTY29JAN2557000PE.NFO,2024-12-24,15:19:00,2025-01-29,5255.7,5255.7,5255.7,5255.7,0,13530,0
BANKNIFTY29JAN2557000PE.NFO,2024-12-24,15:20:00,2025-01-29,5255.7,5255.7,5255.7,5255.7,0,13530,0
BANKNIFTY29JAN2557000PE.NFO,2024-12-24,15:21:00,2025-01-29,5255.7,5255.7,5255.7,5255.7,0,13530,0
BANKNIFTY29JAN2557000PE.NFO,2024-12-24,15:22:00,2025-01-29,5255.7,5255.7,5255.7,5255.7,0,13530,0
BANKNIFTY29JAN2557000PE.NFO,2024-12-24,15:23:00,2025-01-29,5255.7,5255.7,5255.7,5255.7,0,13530,0
BANKNIFTY29JAN2557000PE.NFO,2024-12-24,15:24:00,2025-01-29,5255.7,5255.7,5255.7,5255.7,0,13530,0
BANKNIFTY29JAN2557000PE.NFO,2024-12-24,15:25:00,2025-01-29,5255.7,5255.7,5255.7,5255.7,0,13530,0
BANKNIFTY29JAN2557000PE.NFO,2024-12-24,15:26:00,2025-01-29,5255.7,5255.7,5255.7,5255.7,0,13530,0
BANKNIFTY29JAN2557000PE.NFO,2024-12-24,15:27:00,2025-01-29,5255.7,5255.7,5184.75,5184.9,135,13530,0
BANKNIFTY29JAN2557000PE.NFO,2024-12-24,15:28:00,2025-01-29,5184.9,5184.9,5184.9,5184.9,0,13530,0
BANKNIFTY29JAN2557000PE.NFO,2024-12-24,15:29:00,2025-01-29,5184.9,5184.9,5169.85,5169.85,15,13635,0
BANKNIFTY29JAN2557000PE.NFO,2024-12-24,15:30:00,2025-01-29,5169.85,5169.85,5169.85,5169.85,15,13635,1
