Ticker,Date,Time,Expiry Date,Open,High,Low,Close,Volume,Open Interest,Padding Flag
MIDCPNIFTY29JUL2411800PE.NFO,2024-04-30,09:15:00,2024-07-29,3.4,3.4,3.4,3.4,0,0,0
MIDCPNIFTY29JUL2411800PE.NFO,2024-04-30,09:16:00,2024-07-29,3.4,3.4,3.4,3.4,0,0,1
MIDCPNIFTY29JUL2411800PE.NFO,2024-04-30,09:17:00,2024-07-29,3.4,3.4,3.4,3.4,0,0,1
MIDCPNIFTY29JUL2411800PE.NFO,2024-04-30,09:18:00,2024-07-29,3.4,3.4,3.4,3.4,0,0,1
MIDCPNIFTY29JUL2411800PE.NFO,2024-04-30,09:19:00,2024-07-29,3.4,3.4,3.4,3.4,0,0,1
MIDCPNIFTY29JUL2411800PE.NFO,2024-04-30,09:20:00,2024-07-29,3.4,3.4,3.4,3.4,0,0,1
MIDCPNIFTY29JUL2411800PE.NFO,2024-04-30,09:21:00,2024-07-29,3.4,3.4,3.4,3.4,0,0,1
MIDCPNIFTY29JUL2411800PE.NFO,2024-04-30,09:22:00,2024-07-29,3.4,3.4,3.4,3.4,0,0,1
MIDCPNIFTY29JUL2411800PE.NFO,2024-04-30,09:23:00,2024-07-29,3.4,3.4,3.4,3.4,0,0,1
MIDCPNIFTY29JUL2411800PE.NFO,2024-04-30,09:24:00,2024-07-29,3.4,3.4,3.4,3.4,0,0,1
MIDCPNIFTY29JUL2411800PE.NFO,2024-04-30,09:25:00,2024-07-29,3.4,3.4,3.4,3.4,0,0,1
MIDCPNIFTY29JUL2411800PE.NFO,2024-04-30,09:26:00,2024-07-29,3.4,3.4,3.4,3.4,0,0,1
MIDCPNIFTY29JUL2411800PE.NFO,2024-04-30,09:27:00,2024-07-29,3.4,3.4,3.4,3.4,0,0,1
MIDCPNIFTY29JUL2411800PE.NFO,2024-04-30,09:28:00,2024-07-29,3.4,3.4,3.4,3.4,0,0,1
MIDCPNIFTY29JUL2411800PE.NFO,2024-04-30,09:29:00,2024-07-29,3.4,3.4,3.4,3.4,0,0,1
MIDCPNIFTY29JUL2411800PE.NFO,2024-04-30,09:30:00,2024-07-29,3.4,3.4,3.4,3.4,0,0,1
MIDCPNIFTY29JUL2411800PE.NFO,2024-04-30,09:31:00,2024-07-29,3.4,3.4,3.4,3.4,0,0,1
MIDCPNIFTY29JUL2411800PE.NFO,2024-04-30,09:32:00,2024-07-29,3.4,3.4,3.4,3.4,0,0,1
MIDCPNIFTY29JUL2411800PE.NFO,2024-04-30,09:33:00,2024-07-29,3.4,3.4,3.4,3.4,0,0,1
MIDCPNIFTY29JUL2411800PE.NFO,2024-04-30,09:34:00,2024-07-29,3.4,3.4,3.4,3.4,0,0,1
MIDCPNIFTY29JUL2411800PE.NFO,2024-04-30,09:35:00,2024-07-29,3.4,3.4,3.4,3.4,0,0,1
MIDCPNIFTY29JUL2411800PE.NFO,2024-04-30,09:36:00,2024-07-29,3.4,3.4,3.4,3.4,0,0,1
MIDCPNIFTY29JUL2411800PE.NFO,2024-04-30,09:37:00,2024-07-29,3.4,3.4,3.4,3.4,0,0,1
MIDCPNIFTY29JUL2411800PE.NFO,2024-04-30,09:38:00,2024-07-29,3.4,3.4,3.4,3.4,0,0,1
MIDCPNIFTY29JUL2411800PE.NFO,2024-04-30,09:39:00,2024-07-29,3.4,3.4,3.4,3.4,0,0,1
MIDCPNIFTY29JUL2411800PE.NFO,2024-04-30,09:40:00,2024-07-29,3.4,3.4,3.4,3.4,0,0,1
MIDCPNIFTY29JUL2411800PE.NFO,2024-04-30,09:41:00,2024-07-29,3.4,3.4,3.4,3.4,0,0,1
MIDCPNIFTY29JUL2411800PE.NFO,2024-04-30,09:42:00,2024-07-29,3.4,3.4,3.4,3.4,0,0,1
MIDCPNIFTY29JUL2411800PE.NFO,2024-04-30,09:43:00,2024-07-29,3.4,3.4,3.4,3.4,0,0,1
MIDCPNIFTY29JUL2411800PE.NFO,2024-04-30,09:44:00,2024-07-29,3.4,3.4,3.4,3.4,0,0,1
MIDCPNIFTY29JUL2411800PE.NFO,2024-04-30,09:45:00,2024-07-29,3.4,3.4,3.4,3.4,0,0,1
MIDCPNIFTY29JUL2411800PE.NFO,2024-04-30,09:46:00,2024-07-29,3.4,3.4,3.4,3.4,0,0,1
MIDCPNIFTY29JUL2411800PE.NFO,2024-04-30,09:47:00,2024-07-29,3.4,3.4,3.4,3.4,0,0,1
MIDCPNIFTY29JUL2411800PE.NFO,2024-04-30,09:48:00,2024-07-29,3.4,3.4,3.4,3.4,0,0,1
MIDCPNIFTY29JUL2411800PE.NFO,2024-04-30,09:49:00,2024-07-29,3.4,3.4,3.4,3.4,0,0,1
MIDCPNIFTY29JUL2411800PE.NFO,2024-04-30,09:50:00,2024-07-29,3.4,3.4,3.4,3.4,0,0,1
MIDCPNIFTY29JUL2411800PE.NFO,2024-04-30,09:51:00,2024-07-29,3.4,3.4,3.4,3.4,0,0,1
MIDCPNIFTY29JUL2411800PE.NFO,2024-04-30,09:52:00,2024-07-29,3.4,3.4,3.4,3.4,0,0,1
MIDCPNIFTY29JUL2411800PE.NFO,2024-04-30,09:53:00,2024-07-29,3.4,3.4,3.4,3.4,0,0,1
MIDCPNIFTY29JUL2411800PE.NFO,2024-04-30,09:54:00,2024-07-29,3.4,3.4,3.4,3.4,0,0,1
MIDCPNIFTY29JUL2411800PE.NFO,2024-04-30,09:55:00,2024-07-29,3.4,3.4,3.4,3.4,0,0,1
MIDCPNIFTY29JUL2411800PE.NFO,2024-04-30,09:56:00,2024-07-29,3.4,3.4,3.4,3.4,0,0,1
MIDCPNIFTY29JUL2411800PE.NFO,2024-04-30,09:57:00,2024-07-29,3.4,3.4,3.4,3.4,0,0,1
MIDCPNIFTY29JUL2411800PE.NFO,2024-04-30,09:58:00,2024-07-29,3.4,3.4,3.4,3.4,0,0,1
MIDCPNIFTY29JUL2411800PE.NFO,2024-04-30,09:59:00,2024-07-29,3.4,3.4,3.4,3.4,0,0,1
MIDCPNIFTY29JUL2411800PE.NFO,2024-04-30,10:00:00,2024-07-29,3.4,3.4,3.4,3.4,0,0,1
MIDCPNIFTY29JUL2411800PE.NFO,2024-04-30,10:01:00,2024-07-29,3.4,3.4,3.4,3.4,0,0,1
MIDCPNIFTY29JUL2411800PE.NFO,2024-04-30,10:02:00,2024-07-29,3.4,3.4,3.4,3.4,0,0,1
MIDCPNIFTY29JUL2411800PE.NFO,2024-04-30,10:03:00,2024-07-29,3.4,3.4,3.4,3.4,0,0,1
MIDCPNIFTY29JUL2411800PE.NFO,2024-04-30,10:04:00,2024-07-29,3.4,3.4,3.4,3.4,0,0,1
MIDCPNIFTY29JUL2411800PE.NFO,2024-04-30,10:05:00,2024-07-29,3.4,3.4,3.4,3.4,0,0,1
MIDCPNIFTY29JUL2411800PE.NFO,2024-04-30,10:06:00,2024-07-29,3.4,3.4,3.4,3.4,0,0,1
MIDCPNIFTY29JUL2411800PE.NFO,2024-04-30,10:07:00,2024-07-29,3.4,3.4,3.4,3.4,0,0,1
MIDCPNIFTY29JUL2411800PE.NFO,2024-04-30,10:08:00,2024-07-29,3.4,3.4,3.4,3.4,0,0,1
MIDCPNIFTY29JUL2411800PE.NFO,2024-04-30,10:09:00,2024-07-29,3.4,3.4,3.4,3.4,0,0,1
MIDCPNIFTY29JUL2411800PE.NFO,2024-04-30,10:10:00,2024-07-29,3.4,3.4,3.4,3.4,0,0,1
MIDCPNIFTY29JUL2411800PE.NFO,2024-04-30,10:11:00,2024-07-29,3.4,3.4,3.4,3.4,0,0,1
MIDCPNIFTY29JUL2411800PE.NFO,2024-04-30,10:12:00,2024-07-29,3.4,3.4,3.4,3.4,0,0,1
MIDCPNIFTY29JUL2411800PE.NFO,2024-04-30,10:13:00,2024-07-29,3.4,3.4,3.4,3.4,0,0,1
MIDCPNIFTY29JUL2411800PE.NFO,2024-04-30,10:14:00,2024-07-29,3.4,3.4,3.4,3.4,0,0,1
MIDCPNIFTY29JUL2411800PE.NFO,2024-04-30,10:15:00,2024-07-29,3.4,3.4,3.4,3.4,0,0,1
MIDCPNIFTY29JUL2411800PE.NFO,2024-04-30,10:16:00,2024-07-29,3.4,3.4,3.4,3.4,0,0,1
MIDCPNIFTY29JUL2411800PE.NFO,2024-04-30,10:17:00,2024-07-29,3.4,3.4,3.4,3.4,0,0,1
MIDCPNIFTY29JUL2411800PE.NFO,2024-04-30,10:18:00,2024-07-29,3.4,3.4,3.4,3.4,0,0,1
MIDCPNIFTY29JUL2411800PE.NFO,2024-04-30,10:19:00,2024-07-29,3.4,3.4,3.4,3.4,0,0,1
MIDCPNIFTY29JUL2411800PE.NFO,2024-04-30,10:20:00,2024-07-29,3.4,3.4,3.4,3.4,0,0,1
MIDCPNIFTY29JUL2411800PE.NFO,2024-04-30,10:21:00,2024-07-29,3.4,3.4,3.4,3.4,0,0,1
MIDCPNIFTY29JUL2411800PE.NFO,2024-04-30,10:22:00,2024-07-29,3.4,3.4,3.4,3.4,0,0,1
MIDCPNIFTY29JUL2411800PE.NFO,2024-04-30,10:23:00,2024-07-29,3.4,3.4,3.4,3.4,0,0,1
MIDCPNIFTY29JUL2411800PE.NFO,2024-04-30,10:24:00,2024-07-29,3.4,3.4,3.4,3.4,0,0,1
MIDCPNIFTY29JUL2411800PE.NFO,2024-04-30,10:25:00,2024-07-29,3.4,3.4,3.4,3.4,0,0,1
MIDCPNIFTY29JUL2411800PE.NFO,2024-04-30,10:26:00,2024-07-29,3.4,3.4,3.4,3.4,0,0,1
MIDCPNIFTY29JUL2411800PE.NFO,2024-04-30,10:27:00,2024-07-29,3.4,3.4,3.4,3.4,0,0,1
MIDCPNIFTY29JUL2411800PE.NFO,2024-04-30,10:28:00,2024-07-29,3.4,3.4,3.4,3.4,0,0,1
MIDCPNIFTY29JUL2411800PE.NFO,2024-04-30,10:29:00,2024-07-29,3.4,3.4,3.4,3.4,0,0,1
MIDCPNIFTY29JUL2411800PE.NFO,2024-04-30,10:30:00,2024-07-29,3.4,3.4,3.4,3.4,0,0,1
MIDCPNIFTY29JUL2411800PE.NFO,2024-04-30,10:31:00,2024-07-29,3.4,3.4,3.4,3.4,0,0,1
MIDCPNIFTY29JUL2411800PE.NFO,2024-04-30,10:32:00,2024-07-29,3.4,3.4,3.4,3.4,0,0,1
MIDCPNIFTY29JUL2411800PE.NFO,2024-04-30,10:33:00,2024-07-29,3.4,3.4,3.4,3.4,0,0,1
MIDCPNIFTY29JUL2411800PE.NFO,2024-04-30,10:34:00,2024-07-29,3.4,3.4,3.4,3.4,0,0,1
MIDCPNIFTY29JUL2411800PE.NFO,2024-04-30,10:35:00,2024-07-29,3.4,3.4,3.4,3.4,0,0,1
MIDCPNIFTY29JUL2411800PE.NFO,2024-04-30,10:36:00,2024-07-29,3.4,3.4,3.4,3.4,0,0,1
MIDCPNIFTY29JUL2411800PE.NFO,2024-04-30,10:37:00,2024-07-29,3.4,3.4,3.4,3.4,0,0,1
MIDCPNIFTY29JUL2411800PE.NFO,2024-04-30,10:38:00,2024-07-29,3.4,3.4,3.4,3.4,0,0,1
MIDCPNIFTY29JUL2411800PE.NFO,2024-04-30,10:39:00,2024-07-29,3.4,3.4,3.4,3.4,0,0,1
MIDCPNIFTY29JUL2411800PE.NFO,2024-04-30,10:40:00,2024-07-29,3.4,3.4,3.4,3.4,0,0,1
MIDCPNIFTY29JUL2411800PE.NFO,2024-04-30,10:41:00,2024-07-29,3.4,3.4,3.4,3.4,0,0,1
MIDCPNIFTY29JUL2411800PE.NFO,2024-04-30,10:42:00,2024-07-29,3.4,3.4,3.4,3.4,0,0,1
MIDCPNIFTY29JUL2411800PE.NFO,2024-04-30,10:43:00,2024-07-29,3.4,3.4,3.4,3.4,0,0,1
MIDCPNIFTY29JUL2411800PE.NFO,2024-04-30,10:44:00,2024-07-29,3.4,3.4,3.4,3.4,0,0,1
MIDCPNIFTY29JUL2411800PE.NFO,2024-04-30,10:45:00,2024-07-29,3.4,3.4,3.4,3.4,0,0,1
MIDCPNIFTY29JUL2411800PE.NFO,2024-04-30,10:46:00,2024-07-29,3.4,3.4,3.4,3.4,0,0,1
MIDCPNIFTY29JUL2411800PE.NFO,2024-04-30,10:47:00,2024-07-29,3.4,3.4,3.4,3.4,0,0,1
MIDCPNIFTY29JUL2411800PE.NFO,2024-04-30,10:48:00,2024-07-29,3.4,3.4,3.4,3.4,0,0,1
MIDCPNIFTY29JUL2411800PE.NFO,2024-04-30,10:49:00,2024-07-29,3.4,3.4,3.4,3.4,0,0,1
MIDCPNIFTY29JUL2411800PE.NFO,2024-04-30,10:50:00,2024-07-29,3.4,3.4,3.4,3.4,0,0,1
MIDCPNIFTY29JUL2411800PE.NFO,2024-04-30,10:51:00,2024-07-29,3.4,3.4,3.4,3.4,0,0,1
MIDCPNIFTY29JUL2411800PE.NFO,2024-04-30,10:52:00,2024-07-29,3.4,3.4,3.4,3.4,0,0,1
MIDCPNIFTY29JUL2411800PE.NFO,2024-04-30,10:53:00,2024-07-29,3.4,3.4,3.4,3.4,0,0,1
MIDCPNIFTY29JUL2411800PE.NFO,2024-04-30,10:54:00,2024-07-29,3.4,3.4,3.4,3.4,0,0,1
MIDCPNIFTY29JUL2411800PE.NFO,2024-04-30,10:55:00,2024-07-29,3.4,3.4,3.4,3.4,0,0,1
MIDCPNIFTY29JUL2411800PE.NFO,2024-04-30,10:56:00,2024-07-29,3.4,3.4,3.4,3.4,0,0,1
MIDCPNIFTY29JUL2411800PE.NFO,2024-04-30,10:57:00,2024-07-29,3.4,3.4,3.4,3.4,0,0,1
MIDCPNIFTY29JUL2411800PE.NFO,2024-04-30,10:58:00,2024-07-29,3.4,3.4,3.4,3.4,0,0,1
MIDCPNIFTY29JUL2411800PE.NFO,2024-04-30,10:59:00,2024-07-29,3.4,3.4,3.4,3.4,0,0,1
MIDCPNIFTY29JUL2411800PE.NFO,2024-04-30,11:00:00,2024-07-29,3.4,3.4,3.4,3.4,0,0,1
MIDCPNIFTY29JUL2411800PE.NFO,2024-04-30,11:01:00,2024-07-29,3.4,3.4,3.4,3.4,0,0,1
MIDCPNIFTY29JUL2411800PE.NFO,2024-04-30,11:02:00,2024-07-29,3.4,3.4,3.4,3.4,0,0,1
MIDCPNIFTY29JUL2411800PE.NFO,2024-04-30,11:03:00,2024-07-29,3.4,3.4,3.4,3.4,0,0,1
MIDCPNIFTY29JUL2411800PE.NFO,2024-04-30,11:04:00,2024-07-29,3.4,3.4,3.4,3.4,0,0,1
MIDCPNIFTY29JUL2411800PE.NFO,2024-04-30,11:05:00,2024-07-29,3.4,3.4,3.4,3.4,0,0,1
MIDCPNIFTY29JUL2411800PE.NFO,2024-04-30,11:06:00,2024-07-29,3.4,3.4,3.4,3.4,0,0,1
MIDCPNIFTY29JUL2411800PE.NFO,2024-04-30,11:07:00,2024-07-29,3.4,3.4,3.4,3.4,0,0,1
MIDCPNIFTY29JUL2411800PE.NFO,2024-04-30,11:08:00,2024-07-29,3.4,3.4,3.4,3.4,0,0,1
MIDCPNIFTY29JUL2411800PE.NFO,2024-04-30,11:09:00,2024-07-29,3.4,3.4,3.4,3.4,0,0,1
MIDCPNIFTY29JUL2411800PE.NFO,2024-04-30,11:10:00,2024-07-29,3.4,3.4,3.4,3.4,0,0,1
MIDCPNIFTY29JUL2411800PE.NFO,2024-04-30,11:11:00,2024-07-29,3.4,3.4,3.4,3.4,0,0,1
MIDCPNIFTY29JUL2411800PE.NFO,2024-04-30,11:12:00,2024-07-29,3.4,3.4,3.4,3.4,0,0,1
MIDCPNIFTY29JUL2411800PE.NFO,2024-04-30,11:13:00,2024-07-29,3.4,3.4,3.4,3.4,0,0,1
MIDCPNIFTY29JUL2411800PE.NFO,2024-04-30,11:14:00,2024-07-29,3.4,3.4,3.4,3.4,0,0,1
MIDCPNIFTY29JUL2411800PE.NFO,2024-04-30,11:15:00,2024-07-29,3.4,3.4,3.4,3.4,0,0,1
MIDCPNIFTY29JUL2411800PE.NFO,2024-04-30,11:16:00,2024-07-29,3.4,3.4,3.4,3.4,0,0,1
MIDCPNIFTY29JUL2411800PE.NFO,2024-04-30,11:17:00,2024-07-29,3.4,3.4,3.4,3.4,0,0,1
MIDCPNIFTY29JUL2411800PE.NFO,2024-04-30,11:18:00,2024-07-29,3.4,3.4,3.4,3.4,0,0,1
MIDCPNIFTY29JUL2411800PE.NFO,2024-04-30,11:19:00,2024-07-29,3.4,3.4,3.4,3.4,0,0,1
MIDCPNIFTY29JUL2411800PE.NFO,2024-04-30,11:20:00,2024-07-29,3.4,3.4,3.4,3.4,0,0,1
MIDCPNIFTY29JUL2411800PE.NFO,2024-04-30,11:21:00,2024-07-29,3.4,3.4,3.4,3.4,0,0,1
MIDCPNIFTY29JUL2411800PE.NFO,2024-04-30,11:22:00,2024-07-29,3.4,3.4,3.4,3.4,0,0,1
MIDCPNIFTY29JUL2411800PE.NFO,2024-04-30,11:23:00,2024-07-29,3.4,3.4,3.4,3.4,0,0,1
MIDCPNIFTY29JUL2411800PE.NFO,2024-04-30,11:24:00,2024-07-29,3.4,3.4,3.4,3.4,0,0,1
MIDCPNIFTY29JUL2411800PE.NFO,2024-04-30,11:25:00,2024-07-29,3.4,3.4,3.4,3.4,0,0,1
MIDCPNIFTY29JUL2411800PE.NFO,2024-04-30,11:26:00,2024-07-29,3.4,3.4,3.4,3.4,0,0,1
MIDCPNIFTY29JUL2411800PE.NFO,2024-04-30,11:27:00,2024-07-29,3.4,3.4,3.4,3.4,0,0,1
MIDCPNIFTY29JUL2411800PE.NFO,2024-04-30,11:28:00,2024-07-29,3.4,3.4,3.4,3.4,0,0,1
MIDCPNIFTY29JUL2411800PE.NFO,2024-04-30,11:29:00,2024-07-29,3.4,3.4,3.4,3.4,0,0,1
MIDCPNIFTY29JUL2411800PE.NFO,2024-04-30,11:30:00,2024-07-29,3.4,3.4,3.4,3.4,0,0,1
MIDCPNIFTY29JUL2411800PE.NFO,2024-04-30,11:31:00,2024-07-29,3.4,3.4,3.4,3.4,0,0,1
MIDCPNIFTY29JUL2411800PE.NFO,2024-04-30,11:32:00,2024-07-29,3.4,3.4,3.4,3.4,0,0,1
MIDCPNIFTY29JUL2411800PE.NFO,2024-04-30,11:33:00,2024-07-29,3.4,3.4,3.4,3.4,0,0,1
MIDCPNIFTY29JUL2411800PE.NFO,2024-04-30,11:34:00,2024-07-29,3.4,3.4,3.4,3.4,0,0,1
MIDCPNIFTY29JUL2411800PE.NFO,2024-04-30,11:35:00,2024-07-29,3.4,3.4,3.4,3.4,0,0,1
MIDCPNIFTY29JUL2411800PE.NFO,2024-04-30,11:36:00,2024-07-29,3.4,3.4,3.4,3.4,0,0,1
MIDCPNIFTY29JUL2411800PE.NFO,2024-04-30,11:37:00,2024-07-29,3.4,3.4,3.4,3.4,0,0,1
MIDCPNIFTY29JUL2411800PE.NFO,2024-04-30,11:38:00,2024-07-29,3.4,3.4,3.4,3.4,0,0,1
MIDCPNIFTY29JUL2411800PE.NFO,2024-04-30,11:39:00,2024-07-29,3.4,3.4,3.4,3.4,0,0,1
MIDCPNIFTY29JUL2411800PE.NFO,2024-04-30,11:40:00,2024-07-29,3.4,3.4,3.4,3.4,0,0,1
MIDCPNIFTY29JUL2411800PE.NFO,2024-04-30,11:41:00,2024-07-29,3.4,3.4,3.4,3.4,0,0,1
MIDCPNIFTY29JUL2411800PE.NFO,2024-04-30,11:42:00,2024-07-29,3.4,3.4,3.4,3.4,0,0,1
MIDCPNIFTY29JUL2411800PE.NFO,2024-04-30,11:43:00,2024-07-29,3.4,3.4,3.4,3.4,0,0,1
MIDCPNIFTY29JUL2411800PE.NFO,2024-04-30,11:44:00,2024-07-29,3.4,3.4,3.4,3.4,0,0,1
MIDCPNIFTY29JUL2411800PE.NFO,2024-04-30,11:45:00,2024-07-29,3.4,3.4,3.4,3.4,0,0,1
MIDCPNIFTY29JUL2411800PE.NFO,2024-04-30,11:46:00,2024-07-29,3.4,3.4,3.4,3.4,0,0,1
MIDCPNIFTY29JUL2411800PE.NFO,2024-04-30,11:47:00,2024-07-29,3.4,3.4,3.4,3.4,0,0,1
MIDCPNIFTY29JUL2411800PE.NFO,2024-04-30,11:48:00,2024-07-29,3.4,3.4,3.4,3.4,0,0,1
MIDCPNIFTY29JUL2411800PE.NFO,2024-04-30,11:49:00,2024-07-29,3.4,3.4,3.4,3.4,0,0,1
MIDCPNIFTY29JUL2411800PE.NFO,2024-04-30,11:50:00,2024-07-29,3.4,3.4,3.4,3.4,0,0,1
MIDCPNIFTY29JUL2411800PE.NFO,2024-04-30,11:51:00,2024-07-29,3.4,3.4,3.4,3.4,0,0,1
MIDCPNIFTY29JUL2411800PE.NFO,2024-04-30,11:52:00,2024-07-29,3.4,3.4,3.4,3.4,0,0,1
MIDCPNIFTY29JUL2411800PE.NFO,2024-04-30,11:53:00,2024-07-29,3.4,3.4,3.4,3.4,0,0,1
MIDCPNIFTY29JUL2411800PE.NFO,2024-04-30,11:54:00,2024-07-29,3.4,3.4,3.4,3.4,0,0,1
MIDCPNIFTY29JUL2411800PE.NFO,2024-04-30,11:55:00,2024-07-29,3.4,3.4,3.4,3.4,0,0,1
MIDCPNIFTY29JUL2411800PE.NFO,2024-04-30,11:56:00,2024-07-29,3.4,3.4,3.4,3.4,0,0,1
MIDCPNIFTY29JUL2411800PE.NFO,2024-04-30,11:57:00,2024-07-29,3.4,3.4,3.4,3.4,0,0,1
MIDCPNIFTY29JUL2411800PE.NFO,2024-04-30,11:58:00,2024-07-29,3.4,3.4,3.4,3.4,0,0,1
MIDCPNIFTY29JUL2411800PE.NFO,2024-04-30,11:59:00,2024-07-29,3.4,3.4,3.4,3.4,0,0,1
MIDCPNIFTY29JUL2411800PE.NFO,2024-04-30,12:00:00,2024-07-29,3.4,3.4,3.4,3.4,0,0,1
MIDCPNIFTY29JUL2411800PE.NFO,2024-04-30,12:01:00,2024-07-29,3.4,3.4,3.4,3.4,0,0,1
MIDCPNIFTY29JUL2411800PE.NFO,2024-04-30,12:02:00,2024-07-29,3.4,3.4,3.4,3.4,0,0,1
MIDCPNIFTY29JUL2411800PE.NFO,2024-04-30,12:03:00,2024-07-29,3.4,3.4,3.4,3.4,0,0,1
MIDCPNIFTY29JUL2411800PE.NFO,2024-04-30,12:04:00,2024-07-29,3.4,3.4,3.4,3.4,0,0,1
MIDCPNIFTY29JUL2411800PE.NFO,2024-04-30,12:05:00,2024-07-29,3.4,3.4,3.4,3.4,0,0,1
MIDCPNIFTY29JUL2411800PE.NFO,2024-04-30,12:06:00,2024-07-29,3.4,3.4,3.4,3.4,0,0,1
MIDCPNIFTY29JUL2411800PE.NFO,2024-04-30,12:07:00,2024-07-29,3.4,3.4,3.4,3.4,0,0,1
MIDCPNIFTY29JUL2411800PE.NFO,2024-04-30,12:08:00,2024-07-29,3.4,3.4,3.4,3.4,0,0,1
MIDCPNIFTY29JUL2411800PE.NFO,2024-04-30,12:09:00,2024-07-29,3.4,3.4,3.4,3.4,0,0,1
MIDCPNIFTY29JUL2411800PE.NFO,2024-04-30,12:10:00,2024-07-29,3.4,3.4,3.4,3.4,0,0,1
MIDCPNIFTY29JUL2411800PE.NFO,2024-04-30,12:11:00,2024-07-29,3.4,3.4,3.4,3.4,0,0,1
MIDCPNIFTY29JUL2411800PE.NFO,2024-04-30,12:12:00,2024-07-29,3.4,3.4,3.4,3.4,0,0,1
MIDCPNIFTY29JUL2411800PE.NFO,2024-04-30,12:13:00,2024-07-29,3.4,3.4,3.4,3.4,0,0,1
MIDCPNIFTY29JUL2411800PE.NFO,2024-04-30,12:14:00,2024-07-29,3.4,3.4,3.4,3.4,0,0,1
MIDCPNIFTY29JUL2411800PE.NFO,2024-04-30,12:15:00,2024-07-29,3.4,3.4,3.4,3.4,0,0,1
MIDCPNIFTY29JUL2411800PE.NFO,2024-04-30,12:16:00,2024-07-29,3.4,3.4,3.4,3.4,0,0,1
MIDCPNIFTY29JUL2411800PE.NFO,2024-04-30,12:17:00,2024-07-29,3.4,3.4,3.4,3.4,0,0,1
MIDCPNIFTY29JUL2411800PE.NFO,2024-04-30,12:18:00,2024-07-29,3.4,3.4,3.4,3.4,0,0,1
MIDCPNIFTY29JUL2411800PE.NFO,2024-04-30,12:19:00,2024-07-29,3.4,3.4,3.4,3.4,0,0,1
MIDCPNIFTY29JUL2411800PE.NFO,2024-04-30,12:20:00,2024-07-29,3.4,3.4,3.4,3.4,0,0,1
MIDCPNIFTY29JUL2411800PE.NFO,2024-04-30,12:21:00,2024-07-29,3.4,3.4,3.4,3.4,0,0,1
MIDCPNIFTY29JUL2411800PE.NFO,2024-04-30,12:22:00,2024-07-29,3.4,3.4,3.4,3.4,0,0,1
MIDCPNIFTY29JUL2411800PE.NFO,2024-04-30,12:23:00,2024-07-29,3.4,3.4,3.4,3.4,0,0,1
MIDCPNIFTY29JUL2411800PE.NFO,2024-04-30,12:24:00,2024-07-29,3.4,3.4,3.4,3.4,0,0,1
MIDCPNIFTY29JUL2411800PE.NFO,2024-04-30,12:25:00,2024-07-29,3.4,3.4,3.4,3.4,0,0,1
MIDCPNIFTY29JUL2411800PE.NFO,2024-04-30,12:26:00,2024-07-29,3.4,3.4,3.4,3.4,0,0,1
MIDCPNIFTY29JUL2411800PE.NFO,2024-04-30,12:27:00,2024-07-29,3.4,3.4,3.4,3.4,0,0,1
MIDCPNIFTY29JUL2411800PE.NFO,2024-04-30,12:28:00,2024-07-29,3.4,3.4,3.4,3.4,0,0,1
MIDCPNIFTY29JUL2411800PE.NFO,2024-04-30,12:29:00,2024-07-29,3.4,3.4,3.4,3.4,0,0,1
MIDCPNIFTY29JUL2411800PE.NFO,2024-04-30,12:30:00,2024-07-29,3.4,3.4,3.4,3.4,0,0,1
MIDCPNIFTY29JUL2411800PE.NFO,2024-04-30,12:31:00,2024-07-29,3.4,3.4,3.4,3.4,0,0,1
MIDCPNIFTY29JUL2411800PE.NFO,2024-04-30,12:32:00,2024-07-29,3.4,3.4,3.4,3.4,0,0,1
MIDCPNIFTY29JUL2411800PE.NFO,2024-04-30,12:33:00,2024-07-29,3.4,3.4,3.4,3.4,0,0,1
MIDCPNIFTY29JUL2411800PE.NFO,2024-04-30,12:34:00,2024-07-29,3.4,3.4,3.4,3.4,0,0,1
MIDCPNIFTY29JUL2411800PE.NFO,2024-04-30,12:35:00,2024-07-29,3.4,3.4,3.4,3.4,0,0,1
MIDCPNIFTY29JUL2411800PE.NFO,2024-04-30,12:36:00,2024-07-29,3.4,3.4,3.4,3.4,0,0,1
MIDCPNIFTY29JUL2411800PE.NFO,2024-04-30,12:37:00,2024-07-29,3.4,3.4,3.4,3.4,0,0,1
MIDCPNIFTY29JUL2411800PE.NFO,2024-04-30,12:38:00,2024-07-29,3.4,3.4,3.4,3.4,0,0,1
MIDCPNIFTY29JUL2411800PE.NFO,2024-04-30,12:39:00,2024-07-29,3.4,3.4,3.4,3.4,0,0,1
MIDCPNIFTY29JUL2411800PE.NFO,2024-04-30,12:40:00,2024-07-29,3.4,3.4,3.4,3.4,0,0,1
MIDCPNIFTY29JUL2411800PE.NFO,2024-04-30,12:41:00,2024-07-29,3.4,3.4,3.4,3.4,0,0,1
MIDCPNIFTY29JUL2411800PE.NFO,2024-04-30,12:42:00,2024-07-29,3.4,3.4,3.4,3.4,0,0,1
MIDCPNIFTY29JUL2411800PE.NFO,2024-04-30,12:43:00,2024-07-29,3.4,3.4,3.4,3.4,0,0,1
MIDCPNIFTY29JUL2411800PE.NFO,2024-04-30,12:44:00,2024-07-29,3.4,3.4,3.4,3.4,0,0,1
MIDCPNIFTY29JUL2411800PE.NFO,2024-04-30,12:45:00,2024-07-29,3.4,3.4,3.4,3.4,0,0,1
MIDCPNIFTY29JUL2411800PE.NFO,2024-04-30,12:46:00,2024-07-29,3.4,3.4,3.4,3.4,0,0,1
MIDCPNIFTY29JUL2411800PE.NFO,2024-04-30,12:47:00,2024-07-29,3.4,3.4,3.4,3.4,0,0,1
MIDCPNIFTY29JUL2411800PE.NFO,2024-04-30,12:48:00,2024-07-29,3.4,3.4,3.4,3.4,0,0,1
MIDCPNIFTY29JUL2411800PE.NFO,2024-04-30,12:49:00,2024-07-29,3.4,3.4,3.4,3.4,0,0,1
MIDCPNIFTY29JUL2411800PE.NFO,2024-04-30,12:50:00,2024-07-29,3.4,3.4,3.4,3.4,0,0,1
MIDCPNIFTY29JUL2411800PE.NFO,2024-04-30,12:51:00,2024-07-29,3.4,3.4,3.4,3.4,0,0,1
MIDCPNIFTY29JUL2411800PE.NFO,2024-04-30,12:52:00,2024-07-29,3.4,3.4,3.4,3.4,0,0,1
MIDCPNIFTY29JUL2411800PE.NFO,2024-04-30,12:53:00,2024-07-29,3.4,3.4,3.4,3.4,0,0,1
MIDCPNIFTY29JUL2411800PE.NFO,2024-04-30,12:54:00,2024-07-29,3.4,3.4,3.4,3.4,0,0,1
MIDCPNIFTY29JUL2411800PE.NFO,2024-04-30,12:55:00,2024-07-29,3.4,3.4,3.4,3.4,0,0,1
MIDCPNIFTY29JUL2411800PE.NFO,2024-04-30,12:56:00,2024-07-29,3.4,3.4,3.4,3.4,0,0,1
MIDCPNIFTY29JUL2411800PE.NFO,2024-04-30,12:57:00,2024-07-29,3.4,3.4,3.4,3.4,0,0,1
MIDCPNIFTY29JUL2411800PE.NFO,2024-04-30,12:58:00,2024-07-29,3.4,3.4,3.4,3.4,0,0,1
MIDCPNIFTY29JUL2411800PE.NFO,2024-04-30,12:59:00,2024-07-29,3.4,3.4,3.4,3.4,0,0,1
MIDCPNIFTY29JUL2411800PE.NFO,2024-04-30,13:00:00,2024-07-29,3.4,3.4,3.4,3.4,0,0,1
MIDCPNIFTY29JUL2411800PE.NFO,2024-04-30,13:01:00,2024-07-29,3.4,3.4,3.4,3.4,0,0,1
MIDCPNIFTY29JUL2411800PE.NFO,2024-04-30,13:02:00,2024-07-29,3.4,3.4,3.4,3.4,0,0,1
MIDCPNIFTY29JUL2411800PE.NFO,2024-04-30,13:03:00,2024-07-29,3.4,3.4,3.4,3.4,0,0,1
MIDCPNIFTY29JUL2411800PE.NFO,2024-04-30,13:04:00,2024-07-29,3.4,3.4,3.4,3.4,0,0,1
MIDCPNIFTY29JUL2411800PE.NFO,2024-04-30,13:05:00,2024-07-29,3.4,3.4,3.4,3.4,0,0,1
MIDCPNIFTY29JUL2411800PE.NFO,2024-04-30,13:06:00,2024-07-29,3.4,3.4,3.4,3.4,0,0,1
MIDCPNIFTY29JUL2411800PE.NFO,2024-04-30,13:07:00,2024-07-29,3.4,3.4,3.4,3.4,0,0,1
MIDCPNIFTY29JUL2411800PE.NFO,2024-04-30,13:08:00,2024-07-29,3.4,3.4,3.4,3.4,0,0,1
MIDCPNIFTY29JUL2411800PE.NFO,2024-04-30,13:09:00,2024-07-29,3.4,3.4,3.4,3.4,0,0,1
MIDCPNIFTY29JUL2411800PE.NFO,2024-04-30,13:10:00,2024-07-29,3.4,3.4,3.4,3.4,0,0,1
MIDCPNIFTY29JUL2411800PE.NFO,2024-04-30,13:11:00,2024-07-29,3.4,3.4,3.4,3.4,0,0,1
MIDCPNIFTY29JUL2411800PE.NFO,2024-04-30,13:12:00,2024-07-29,3.4,3.4,3.4,3.4,0,0,1
MIDCPNIFTY29JUL2411800PE.NFO,2024-04-30,13:13:00,2024-07-29,3.4,3.4,3.4,3.4,0,0,1
MIDCPNIFTY29JUL2411800PE.NFO,2024-04-30,13:14:00,2024-07-29,3.4,3.4,3.4,3.4,0,0,1
MIDCPNIFTY29JUL2411800PE.NFO,2024-04-30,13:15:00,2024-07-29,3.4,3.4,3.4,3.4,0,0,1
MIDCPNIFTY29JUL2411800PE.NFO,2024-04-30,13:16:00,2024-07-29,3.4,3.4,3.4,3.4,0,0,1
MIDCPNIFTY29JUL2411800PE.NFO,2024-04-30,13:17:00,2024-07-29,3.4,3.4,3.4,3.4,0,0,1
MIDCPNIFTY29JUL2411800PE.NFO,2024-04-30,13:18:00,2024-07-29,3.4,3.4,3.4,3.4,0,0,1
MIDCPNIFTY29JUL2411800PE.NFO,2024-04-30,13:19:00,2024-07-29,3.4,3.4,3.4,3.4,0,0,1
MIDCPNIFTY29JUL2411800PE.NFO,2024-04-30,13:20:00,2024-07-29,3.4,3.4,3.4,3.4,0,0,1
MIDCPNIFTY29JUL2411800PE.NFO,2024-04-30,13:21:00,2024-07-29,3.4,3.4,3.4,3.4,0,0,1
MIDCPNIFTY29JUL2411800PE.NFO,2024-04-30,13:22:00,2024-07-29,3.4,3.4,3.4,3.4,0,0,1
MIDCPNIFTY29JUL2411800PE.NFO,2024-04-30,13:23:00,2024-07-29,3.4,3.4,3.4,3.4,0,0,1
MIDCPNIFTY29JUL2411800PE.NFO,2024-04-30,13:24:00,2024-07-29,3.4,3.4,3.4,3.4,0,0,1
MIDCPNIFTY29JUL2411800PE.NFO,2024-04-30,13:25:00,2024-07-29,3.4,3.4,3.4,3.4,0,0,1
MIDCPNIFTY29JUL2411800PE.NFO,2024-04-30,13:26:00,2024-07-29,3.4,3.4,3.4,3.4,0,0,1
MIDCPNIFTY29JUL2411800PE.NFO,2024-04-30,13:27:00,2024-07-29,3.4,3.4,3.4,3.4,0,0,1
MIDCPNIFTY29JUL2411800PE.NFO,2024-04-30,13:28:00,2024-07-29,3.4,3.4,3.4,3.4,0,0,1
MIDCPNIFTY29JUL2411800PE.NFO,2024-04-30,13:29:00,2024-07-29,3.4,3.4,3.4,3.4,0,0,1
MIDCPNIFTY29JUL2411800PE.NFO,2024-04-30,13:30:00,2024-07-29,3.4,3.4,3.4,3.4,0,0,1
MIDCPNIFTY29JUL2411800PE.NFO,2024-04-30,13:31:00,2024-07-29,3.4,3.4,3.4,3.4,0,0,1
MIDCPNIFTY29JUL2411800PE.NFO,2024-04-30,13:32:00,2024-07-29,3.4,3.4,3.4,3.4,0,0,1
MIDCPNIFTY29JUL2411800PE.NFO,2024-04-30,13:33:00,2024-07-29,3.4,3.4,3.4,3.4,0,0,1
MIDCPNIFTY29JUL2411800PE.NFO,2024-04-30,13:34:00,2024-07-29,3.4,3.4,3.4,3.4,0,0,1
MIDCPNIFTY29JUL2411800PE.NFO,2024-04-30,13:35:00,2024-07-29,3.4,3.4,3.4,3.4,0,0,1
MIDCPNIFTY29JUL2411800PE.NFO,2024-04-30,13:36:00,2024-07-29,3.4,3.4,3.4,3.4,0,0,1
MIDCPNIFTY29JUL2411800PE.NFO,2024-04-30,13:37:00,2024-07-29,3.4,3.4,3.4,3.4,0,0,1
MIDCPNIFTY29JUL2411800PE.NFO,2024-04-30,13:38:00,2024-07-29,3.4,3.4,3.4,3.4,0,0,1
MIDCPNIFTY29JUL2411800PE.NFO,2024-04-30,13:39:00,2024-07-29,3.4,3.4,3.4,3.4,0,0,1
MIDCPNIFTY29JUL2411800PE.NFO,2024-04-30,13:40:00,2024-07-29,3.4,3.4,3.4,3.4,0,0,1
MIDCPNIFTY29JUL2411800PE.NFO,2024-04-30,13:41:00,2024-07-29,3.4,3.4,3.4,3.4,0,0,1
MIDCPNIFTY29JUL2411800PE.NFO,2024-04-30,13:42:00,2024-07-29,3.4,3.4,3.4,3.4,0,0,1
MIDCPNIFTY29JUL2411800PE.NFO,2024-04-30,13:43:00,2024-07-29,3.4,3.4,3.4,3.4,0,0,1
MIDCPNIFTY29JUL2411800PE.NFO,2024-04-30,13:44:00,2024-07-29,3.4,3.4,3.4,3.4,0,0,1
MIDCPNIFTY29JUL2411800PE.NFO,2024-04-30,13:45:00,2024-07-29,3.4,3.4,3.4,3.4,0,0,1
MIDCPNIFTY29JUL2411800PE.NFO,2024-04-30,13:46:00,2024-07-29,3.4,3.4,3.4,3.4,0,0,1
MIDCPNIFTY29JUL2411800PE.NFO,2024-04-30,13:47:00,2024-07-29,3.4,3.4,3.4,3.4,0,0,1
MIDCPNIFTY29JUL2411800PE.NFO,2024-04-30,13:48:00,2024-07-29,3.4,3.4,3.4,3.4,0,0,1
MIDCPNIFTY29JUL2411800PE.NFO,2024-04-30,13:49:00,2024-07-29,3.4,3.4,3.4,3.4,0,0,1
MIDCPNIFTY29JUL2411800PE.NFO,2024-04-30,13:50:00,2024-07-29,3.4,3.4,3.4,3.4,0,0,1
MIDCPNIFTY29JUL2411800PE.NFO,2024-04-30,13:51:00,2024-07-29,3.4,3.4,3.4,3.4,0,0,1
MIDCPNIFTY29JUL2411800PE.NFO,2024-04-30,13:52:00,2024-07-29,3.4,3.4,3.4,3.4,0,0,1
MIDCPNIFTY29JUL2411800PE.NFO,2024-04-30,13:53:00,2024-07-29,3.4,3.4,3.4,3.4,0,0,1
MIDCPNIFTY29JUL2411800PE.NFO,2024-04-30,13:54:00,2024-07-29,3.4,3.4,3.4,3.4,0,0,1
MIDCPNIFTY29JUL2411800PE.NFO,2024-04-30,13:55:00,2024-07-29,3.4,3.4,3.4,3.4,0,0,1
MIDCPNIFTY29JUL2411800PE.NFO,2024-04-30,13:56:00,2024-07-29,3.4,3.4,3.4,3.4,0,0,1
MIDCPNIFTY29JUL2411800PE.NFO,2024-04-30,13:57:00,2024-07-29,3.4,3.4,3.4,3.4,0,0,1
MIDCPNIFTY29JUL2411800PE.NFO,2024-04-30,13:58:00,2024-07-29,3.4,3.4,3.4,3.4,0,0,1
MIDCPNIFTY29JUL2411800PE.NFO,2024-04-30,13:59:00,2024-07-29,3.4,3.4,3.4,3.4,0,0,1
MIDCPNIFTY29JUL2411800PE.NFO,2024-04-30,14:00:00,2024-07-29,3.4,3.4,3.4,3.4,0,0,1
MIDCPNIFTY29JUL2411800PE.NFO,2024-04-30,14:01:00,2024-07-29,3.4,3.4,3.4,3.4,0,0,1
MIDCPNIFTY29JUL2411800PE.NFO,2024-04-30,14:02:00,2024-07-29,3.4,3.4,3.4,3.4,0,0,1
MIDCPNIFTY29JUL2411800PE.NFO,2024-04-30,14:03:00,2024-07-29,3.4,3.4,3.4,3.4,0,0,1
MIDCPNIFTY29JUL2411800PE.NFO,2024-04-30,14:04:00,2024-07-29,3.4,3.4,3.4,3.4,0,0,1
MIDCPNIFTY29JUL2411800PE.NFO,2024-04-30,14:05:00,2024-07-29,3.4,3.4,3.4,3.4,0,0,1
MIDCPNIFTY29JUL2411800PE.NFO,2024-04-30,14:06:00,2024-07-29,3.4,3.4,3.4,3.4,0,0,1
MIDCPNIFTY29JUL2411800PE.NFO,2024-04-30,14:07:00,2024-07-29,3.4,3.4,3.4,3.4,0,0,1
MIDCPNIFTY29JUL2411800PE.NFO,2024-04-30,14:08:00,2024-07-29,3.4,3.4,3.4,3.4,0,0,1
MIDCPNIFTY29JUL2411800PE.NFO,2024-04-30,14:09:00,2024-07-29,3.4,3.4,3.4,3.4,0,0,1
MIDCPNIFTY29JUL2411800PE.NFO,2024-04-30,14:10:00,2024-07-29,3.4,3.4,3.4,3.4,0,0,1
MIDCPNIFTY29JUL2411800PE.NFO,2024-04-30,14:11:00,2024-07-29,3.4,3.4,3.4,3.4,0,0,1
MIDCPNIFTY29JUL2411800PE.NFO,2024-04-30,14:12:00,2024-07-29,3.4,3.4,3.4,3.4,0,0,1
MIDCPNIFTY29JUL2411800PE.NFO,2024-04-30,14:13:00,2024-07-29,3.4,3.4,3.4,3.4,0,0,1
MIDCPNIFTY29JUL2411800PE.NFO,2024-04-30,14:14:00,2024-07-29,3.4,3.4,3.4,3.4,0,0,1
MIDCPNIFTY29JUL2411800PE.NFO,2024-04-30,14:15:00,2024-07-29,3.4,3.4,3.4,3.4,0,0,1
MIDCPNIFTY29JUL2411800PE.NFO,2024-04-30,14:16:00,2024-07-29,3.4,3.4,3.4,3.4,0,0,1
MIDCPNIFTY29JUL2411800PE.NFO,2024-04-30,14:17:00,2024-07-29,3.4,3.4,3.4,3.4,0,0,1
MIDCPNIFTY29JUL2411800PE.NFO,2024-04-30,14:18:00,2024-07-29,3.4,3.4,3.4,3.4,0,0,1
MIDCPNIFTY29JUL2411800PE.NFO,2024-04-30,14:19:00,2024-07-29,3.4,3.4,3.4,3.4,0,0,1
MIDCPNIFTY29JUL2411800PE.NFO,2024-04-30,14:20:00,2024-07-29,3.4,3.4,3.4,3.4,0,0,1
MIDCPNIFTY29JUL2411800PE.NFO,2024-04-30,14:21:00,2024-07-29,3.4,3.4,3.4,3.4,0,0,1
MIDCPNIFTY29JUL2411800PE.NFO,2024-04-30,14:22:00,2024-07-29,3.4,3.4,3.4,3.4,0,0,1
MIDCPNIFTY29JUL2411800PE.NFO,2024-04-30,14:23:00,2024-07-29,3.4,3.4,3.4,3.4,0,0,1
MIDCPNIFTY29JUL2411800PE.NFO,2024-04-30,14:24:00,2024-07-29,3.4,3.4,3.4,3.4,0,0,1
MIDCPNIFTY29JUL2411800PE.NFO,2024-04-30,14:25:00,2024-07-29,3.4,3.4,3.4,3.4,0,0,1
MIDCPNIFTY29JUL2411800PE.NFO,2024-04-30,14:26:00,2024-07-29,3.4,3.4,3.4,3.4,0,0,1
MIDCPNIFTY29JUL2411800PE.NFO,2024-04-30,14:27:00,2024-07-29,3.4,3.4,3.4,3.4,0,0,1
MIDCPNIFTY29JUL2411800PE.NFO,2024-04-30,14:28:00,2024-07-29,3.4,3.4,3.4,3.4,0,0,1
MIDCPNIFTY29JUL2411800PE.NFO,2024-04-30,14:29:00,2024-07-29,3.4,3.4,3.4,3.4,0,0,1
MIDCPNIFTY29JUL2411800PE.NFO,2024-04-30,14:30:00,2024-07-29,3.4,3.4,3.4,3.4,0,0,1
MIDCPNIFTY29JUL2411800PE.NFO,2024-04-30,14:31:00,2024-07-29,3.4,3.4,3.4,3.4,0,0,1
MIDCPNIFTY29JUL2411800PE.NFO,2024-04-30,14:32:00,2024-07-29,3.4,3.4,3.4,3.4,0,0,1
MIDCPNIFTY29JUL2411800PE.NFO,2024-04-30,14:33:00,2024-07-29,3.4,3.4,3.4,3.4,0,0,1
MIDCPNIFTY29JUL2411800PE.NFO,2024-04-30,14:34:00,2024-07-29,3.4,3.4,3.4,3.4,0,0,1
MIDCPNIFTY29JUL2411800PE.NFO,2024-04-30,14:35:00,2024-07-29,3.4,3.4,3.4,3.4,0,0,1
MIDCPNIFTY29JUL2411800PE.NFO,2024-04-30,14:36:00,2024-07-29,3.4,3.4,3.4,3.4,0,0,1
MIDCPNIFTY29JUL2411800PE.NFO,2024-04-30,14:37:00,2024-07-29,3.4,3.4,3.4,3.4,0,0,1
MIDCPNIFTY29JUL2411800PE.NFO,2024-04-30,14:38:00,2024-07-29,3.4,3.4,3.4,3.4,0,0,1
MIDCPNIFTY29JUL2411800PE.NFO,2024-04-30,14:39:00,2024-07-29,3.4,3.4,3.4,3.4,0,0,1
MIDCPNIFTY29JUL2411800PE.NFO,2024-04-30,14:40:00,2024-07-29,3.4,3.4,3.4,3.4,0,0,1
MIDCPNIFTY29JUL2411800PE.NFO,2024-04-30,14:41:00,2024-07-29,3.4,3.4,3.4,3.4,0,0,1
MIDCPNIFTY29JUL2411800PE.NFO,2024-04-30,14:42:00,2024-07-29,3.4,3.4,3.4,3.4,0,0,1
MIDCPNIFTY29JUL2411800PE.NFO,2024-04-30,14:43:00,2024-07-29,3.4,3.4,3.4,3.4,0,0,1
MIDCPNIFTY29JUL2411800PE.NFO,2024-04-30,14:44:00,2024-07-29,3.4,3.4,3.4,3.4,0,0,1
MIDCPNIFTY29JUL2411800PE.NFO,2024-04-30,14:45:00,2024-07-29,3.4,3.4,3.4,3.4,0,0,1
MIDCPNIFTY29JUL2411800PE.NFO,2024-04-30,14:46:00,2024-07-29,3.4,3.4,3.4,3.4,0,0,1
MIDCPNIFTY29JUL2411800PE.NFO,2024-04-30,14:47:00,2024-07-29,3.4,3.4,3.4,3.4,0,0,1
MIDCPNIFTY29JUL2411800PE.NFO,2024-04-30,14:48:00,2024-07-29,3.4,3.4,3.4,3.4,0,0,1
MIDCPNIFTY29JUL2411800PE.NFO,2024-04-30,14:49:00,2024-07-29,3.4,3.4,3.4,3.4,0,0,1
MIDCPNIFTY29JUL2411800PE.NFO,2024-04-30,14:50:00,2024-07-29,3.4,3.4,3.4,3.4,0,0,1
MIDCPNIFTY29JUL2411800PE.NFO,2024-04-30,14:51:00,2024-07-29,3.4,3.4,3.4,3.4,0,0,1
MIDCPNIFTY29JUL2411800PE.NFO,2024-04-30,14:52:00,2024-07-29,3.4,3.4,3.4,3.4,0,0,1
MIDCPNIFTY29JUL2411800PE.NFO,2024-04-30,14:53:00,2024-07-29,3.4,3.4,3.4,3.4,0,0,1
MIDCPNIFTY29JUL2411800PE.NFO,2024-04-30,14:54:00,2024-07-29,3.4,3.4,3.4,3.4,0,0,1
MIDCPNIFTY29JUL2411800PE.NFO,2024-04-30,14:55:00,2024-07-29,3.4,3.4,3.4,3.4,0,0,1
MIDCPNIFTY29JUL2411800PE.NFO,2024-04-30,14:56:00,2024-07-29,3.4,3.4,3.4,3.4,0,0,1
MIDCPNIFTY29JUL2411800PE.NFO,2024-04-30,14:57:00,2024-07-29,3.4,3.4,3.4,3.4,0,0,1
MIDCPNIFTY29JUL2411800PE.NFO,2024-04-30,14:58:00,2024-07-29,3.4,3.4,3.4,3.4,0,0,1
MIDCPNIFTY29JUL2411800PE.NFO,2024-04-30,14:59:00,2024-07-29,3.4,3.4,3.4,3.4,0,0,1
MIDCPNIFTY29JUL2411800PE.NFO,2024-04-30,15:00:00,2024-07-29,3.4,3.4,3.4,3.4,0,0,1
MIDCPNIFTY29JUL2411800PE.NFO,2024-04-30,15:01:00,2024-07-29,3.4,3.4,3.4,3.4,0,0,1
MIDCPNIFTY29JUL2411800PE.NFO,2024-04-30,15:02:00,2024-07-29,3.4,3.4,3.4,3.4,0,0,1
MIDCPNIFTY29JUL2411800PE.NFO,2024-04-30,15:03:00,2024-07-29,3.4,3.4,3.4,3.4,0,0,1
MIDCPNIFTY29JUL2411800PE.NFO,2024-04-30,15:04:00,2024-07-29,3.4,3.4,3.4,3.4,0,0,1
MIDCPNIFTY29JUL2411800PE.NFO,2024-04-30,15:05:00,2024-07-29,3.4,3.4,3.4,3.4,0,0,1
MIDCPNIFTY29JUL2411800PE.NFO,2024-04-30,15:06:00,2024-07-29,3.4,3.4,3.4,3.4,0,0,1
MIDCPNIFTY29JUL2411800PE.NFO,2024-04-30,15:07:00,2024-07-29,3.4,3.4,3.4,3.4,0,0,1
MIDCPNIFTY29JUL2411800PE.NFO,2024-04-30,15:08:00,2024-07-29,3.4,3.4,3.4,3.4,0,0,1
MIDCPNIFTY29JUL2411800PE.NFO,2024-04-30,15:09:00,2024-07-29,3.4,3.4,3.4,3.4,0,0,1
MIDCPNIFTY29JUL2411800PE.NFO,2024-04-30,15:10:00,2024-07-29,3.4,3.4,3.4,3.4,0,0,1
MIDCPNIFTY29JUL2411800PE.NFO,2024-04-30,15:11:00,2024-07-29,3.4,3.4,3.4,3.4,0,0,1
MIDCPNIFTY29JUL2411800PE.NFO,2024-04-30,15:12:00,2024-07-29,3.4,3.4,3.4,3.4,0,0,1
MIDCPNIFTY29JUL2411800PE.NFO,2024-04-30,15:13:00,2024-07-29,3.4,3.4,3.4,3.4,0,0,1
MIDCPNIFTY29JUL2411800PE.NFO,2024-04-30,15:14:00,2024-07-29,3.4,3.4,3.4,3.4,0,0,1
MIDCPNIFTY29JUL2411800PE.NFO,2024-04-30,15:15:00,2024-07-29,3.4,3.4,3.4,3.4,0,0,1
MIDCPNIFTY29JUL2411800PE.NFO,2024-04-30,15:16:00,2024-07-29,3.4,3.4,3.4,3.4,0,0,1
MIDCPNIFTY29JUL2411800PE.NFO,2024-04-30,15:17:00,2024-07-29,3.4,3.4,3.4,3.4,0,0,1
MIDCPNIFTY29JUL2411800PE.NFO,2024-04-30,15:18:00,2024-07-29,3.4,3.4,3.4,3.4,0,0,1
MIDCPNIFTY29JUL2411800PE.NFO,2024-04-30,15:19:00,2024-07-29,3.4,3.4,3.4,3.4,0,0,1
MIDCPNIFTY29JUL2411800PE.NFO,2024-04-30,15:20:00,2024-07-29,3.4,3.4,3.4,3.4,0,0,1
MIDCPNIFTY29JUL2411800PE.NFO,2024-04-30,15:21:00,2024-07-29,3.4,3.4,3.4,3.4,0,0,1
MIDCPNIFTY29JUL2411800PE.NFO,2024-04-30,15:22:00,2024-07-29,3.4,3.4,3.4,3.4,0,0,1
MIDCPNIFTY29JUL2411800PE.NFO,2024-04-30,15:23:00,2024-07-29,3.4,3.4,3.4,3.4,0,0,1
MIDCPNIFTY29JUL2411800PE.NFO,2024-04-30,15:24:00,2024-07-29,3.4,3.4,3.4,3.4,0,0,1
MIDCPNIFTY29JUL2411800PE.NFO,2024-04-30,15:25:00,2024-07-29,3.4,3.4,3.4,3.4,0,0,1
MIDCPNIFTY29JUL2411800PE.NFO,2024-04-30,15:26:00,2024-07-29,3.4,3.4,3.4,3.4,0,0,1
MIDCPNIFTY29JUL2411800PE.NFO,2024-04-30,15:27:00,2024-07-29,3.4,3.4,3.4,3.4,0,0,1
MIDCPNIFTY29JUL2411800PE.NFO,2024-04-30,15:28:00,2024-07-29,3.4,3.4,3.4,3.4,0,0,1
MIDCPNIFTY29JUL2411800PE.NFO,2024-04-30,15:29:00,2024-07-29,3.4,3.4,3.4,3.4,0,0,1
MIDCPNIFTY29JUL2411800PE.NFO,2024-04-30,15:30:00,2024-07-29,3.4,3.4,3.4,3.4,0,0,1
MIDCPNIFTY29JUL2411800PE.NFO,2024-05-02,09:15:00,2024-07-29,3.4,3.4,3.4,3.4,0,0,0
MIDCPNIFTY29JUL2411800PE.NFO,2024-05-02,09:16:00,2024-07-29,3.4,3.4,3.4,3.4,0,0,1
MIDCPNIFTY29JUL2411800PE.NFO,2024-05-02,09:17:00,2024-07-29,3.4,3.4,3.4,3.4,0,0,1
MIDCPNIFTY29JUL2411800PE.NFO,2024-05-02,09:18:00,2024-07-29,3.4,3.4,3.4,3.4,0,0,1
MIDCPNIFTY29JUL2411800PE.NFO,2024-05-02,09:19:00,2024-07-29,3.4,3.4,3.4,3.4,0,0,1
MIDCPNIFTY29JUL2411800PE.NFO,2024-05-02,09:20:00,2024-07-29,3.4,3.4,3.4,3.4,0,0,1
MIDCPNIFTY29JUL2411800PE.NFO,2024-05-02,09:21:00,2024-07-29,3.4,3.4,3.4,3.4,0,0,1
MIDCPNIFTY29JUL2411800PE.NFO,2024-05-02,09:22:00,2024-07-29,3.4,3.4,3.4,3.4,0,0,1
MIDCPNIFTY29JUL2411800PE.NFO,2024-05-02,09:23:00,2024-07-29,3.4,3.4,3.4,3.4,0,0,1
MIDCPNIFTY29JUL2411800PE.NFO,2024-05-02,09:24:00,2024-07-29,3.4,3.4,3.4,3.4,0,0,1
MIDCPNIFTY29JUL2411800PE.NFO,2024-05-02,09:25:00,2024-07-29,3.4,3.4,3.4,3.4,0,0,1
MIDCPNIFTY29JUL2411800PE.NFO,2024-05-02,09:26:00,2024-07-29,3.4,3.4,3.4,3.4,0,0,1
MIDCPNIFTY29JUL2411800PE.NFO,2024-05-02,09:27:00,2024-07-29,3.4,3.4,3.4,3.4,0,0,1
MIDCPNIFTY29JUL2411800PE.NFO,2024-05-02,09:28:00,2024-07-29,3.4,3.4,3.4,3.4,0,0,1
MIDCPNIFTY29JUL2411800PE.NFO,2024-05-02,09:29:00,2024-07-29,3.4,3.4,3.4,3.4,0,0,1
MIDCPNIFTY29JUL2411800PE.NFO,2024-05-02,09:30:00,2024-07-29,3.4,3.4,3.4,3.4,0,0,1
MIDCPNIFTY29JUL2411800PE.NFO,2024-05-02,09:31:00,2024-07-29,3.4,3.4,3.4,3.4,0,0,1
MIDCPNIFTY29JUL2411800PE.NFO,2024-05-02,09:32:00,2024-07-29,3.4,3.4,3.4,3.4,0,0,1
MIDCPNIFTY29JUL2411800PE.NFO,2024-05-02,09:33:00,2024-07-29,3.4,3.4,3.4,3.4,0,0,1
MIDCPNIFTY29JUL2411800PE.NFO,2024-05-02,09:34:00,2024-07-29,3.4,3.4,3.4,3.4,0,0,1
MIDCPNIFTY29JUL2411800PE.NFO,2024-05-02,09:35:00,2024-07-29,3.4,3.4,3.4,3.4,0,0,1
MIDCPNIFTY29JUL2411800PE.NFO,2024-05-02,09:36:00,2024-07-29,3.4,3.4,3.4,3.4,0,0,1
MIDCPNIFTY29JUL2411800PE.NFO,2024-05-02,09:37:00,2024-07-29,3.4,3.4,3.4,3.4,0,0,1
MIDCPNIFTY29JUL2411800PE.NFO,2024-05-02,09:38:00,2024-07-29,3.4,3.4,3.4,3.4,0,0,1
MIDCPNIFTY29JUL2411800PE.NFO,2024-05-02,09:39:00,2024-07-29,3.4,3.4,3.4,3.4,0,0,1
MIDCPNIFTY29JUL2411800PE.NFO,2024-05-02,09:40:00,2024-07-29,3.4,3.4,3.4,3.4,0,0,1
MIDCPNIFTY29JUL2411800PE.NFO,2024-05-02,09:41:00,2024-07-29,3.4,3.4,3.4,3.4,0,0,1
MIDCPNIFTY29JUL2411800PE.NFO,2024-05-02,09:42:00,2024-07-29,3.4,3.4,3.4,3.4,0,0,1
MIDCPNIFTY29JUL2411800PE.NFO,2024-05-02,09:43:00,2024-07-29,3.4,3.4,3.4,3.4,0,0,1
MIDCPNIFTY29JUL2411800PE.NFO,2024-05-02,09:44:00,2024-07-29,3.4,3.4,3.4,3.4,0,0,1
MIDCPNIFTY29JUL2411800PE.NFO,2024-05-02,09:45:00,2024-07-29,3.4,3.4,3.4,3.4,0,0,1
MIDCPNIFTY29JUL2411800PE.NFO,2024-05-02,09:46:00,2024-07-29,3.4,3.4,3.4,3.4,0,0,1
MIDCPNIFTY29JUL2411800PE.NFO,2024-05-02,09:47:00,2024-07-29,3.4,3.4,3.4,3.4,0,0,1
MIDCPNIFTY29JUL2411800PE.NFO,2024-05-02,09:48:00,2024-07-29,3.4,3.4,3.4,3.4,0,0,1
MIDCPNIFTY29JUL2411800PE.NFO,2024-05-02,09:49:00,2024-07-29,3.4,3.4,3.4,3.4,0,0,1
MIDCPNIFTY29JUL2411800PE.NFO,2024-05-02,09:50:00,2024-07-29,3.4,3.4,3.4,3.4,0,0,1
MIDCPNIFTY29JUL2411800PE.NFO,2024-05-02,09:51:00,2024-07-29,3.4,3.4,3.4,3.4,0,0,1
MIDCPNIFTY29JUL2411800PE.NFO,2024-05-02,09:52:00,2024-07-29,3.4,3.4,3.4,3.4,0,0,1
MIDCPNIFTY29JUL2411800PE.NFO,2024-05-02,09:53:00,2024-07-29,3.4,3.4,3.4,3.4,0,0,1
MIDCPNIFTY29JUL2411800PE.NFO,2024-05-02,09:54:00,2024-07-29,3.4,3.4,3.4,3.4,0,0,1
MIDCPNIFTY29JUL2411800PE.NFO,2024-05-02,09:55:00,2024-07-29,3.4,3.4,3.4,3.4,0,0,1
MIDCPNIFTY29JUL2411800PE.NFO,2024-05-02,09:56:00,2024-07-29,3.4,3.4,3.4,3.4,0,0,1
MIDCPNIFTY29JUL2411800PE.NFO,2024-05-02,09:57:00,2024-07-29,3.4,3.4,3.4,3.4,0,0,1
MIDCPNIFTY29JUL2411800PE.NFO,2024-05-02,09:58:00,2024-07-29,3.4,3.4,3.4,3.4,0,0,1
MIDCPNIFTY29JUL2411800PE.NFO,2024-05-02,09:59:00,2024-07-29,3.4,3.4,3.4,3.4,0,0,1
MIDCPNIFTY29JUL2411800PE.NFO,2024-05-02,10:00:00,2024-07-29,3.4,3.4,3.4,3.4,0,0,1
MIDCPNIFTY29JUL2411800PE.NFO,2024-05-02,10:01:00,2024-07-29,3.4,3.4,3.4,3.4,0,0,1
MIDCPNIFTY29JUL2411800PE.NFO,2024-05-02,10:02:00,2024-07-29,3.4,3.4,3.4,3.4,0,0,1
MIDCPNIFTY29JUL2411800PE.NFO,2024-05-02,10:03:00,2024-07-29,3.4,3.4,3.4,3.4,0,0,1
MIDCPNIFTY29JUL2411800PE.NFO,2024-05-02,10:04:00,2024-07-29,3.4,3.4,3.4,3.4,0,0,1
MIDCPNIFTY29JUL2411800PE.NFO,2024-05-02,10:05:00,2024-07-29,3.4,3.4,3.4,3.4,0,0,1
MIDCPNIFTY29JUL2411800PE.NFO,2024-05-02,10:06:00,2024-07-29,3.4,3.4,3.4,3.4,0,0,1
MIDCPNIFTY29JUL2411800PE.NFO,2024-05-02,10:07:00,2024-07-29,3.4,3.4,3.4,3.4,0,0,1
MIDCPNIFTY29JUL2411800PE.NFO,2024-05-02,10:08:00,2024-07-29,3.4,3.4,3.4,3.4,0,0,1
MIDCPNIFTY29JUL2411800PE.NFO,2024-05-02,10:09:00,2024-07-29,3.4,3.4,3.4,3.4,0,0,1
MIDCPNIFTY29JUL2411800PE.NFO,2024-05-02,10:10:00,2024-07-29,3.4,3.4,3.4,3.4,0,0,1
MIDCPNIFTY29JUL2411800PE.NFO,2024-05-02,10:11:00,2024-07-29,3.4,3.4,3.4,3.4,0,0,1
MIDCPNIFTY29JUL2411800PE.NFO,2024-05-02,10:12:00,2024-07-29,3.4,3.4,3.4,3.4,0,0,1
MIDCPNIFTY29JUL2411800PE.NFO,2024-05-02,10:13:00,2024-07-29,3.4,3.4,3.4,3.4,0,0,1
MIDCPNIFTY29JUL2411800PE.NFO,2024-05-02,10:14:00,2024-07-29,3.4,3.4,3.4,3.4,0,0,1
MIDCPNIFTY29JUL2411800PE.NFO,2024-05-02,10:15:00,2024-07-29,3.4,3.4,3.4,3.4,0,0,1
MIDCPNIFTY29JUL2411800PE.NFO,2024-05-02,10:16:00,2024-07-29,3.4,3.4,3.4,3.4,0,0,1
MIDCPNIFTY29JUL2411800PE.NFO,2024-05-02,10:17:00,2024-07-29,3.4,3.4,3.4,3.4,0,0,1
MIDCPNIFTY29JUL2411800PE.NFO,2024-05-02,10:18:00,2024-07-29,3.4,3.4,3.4,3.4,0,0,1
MIDCPNIFTY29JUL2411800PE.NFO,2024-05-02,10:19:00,2024-07-29,3.4,3.4,3.4,3.4,0,0,1
MIDCPNIFTY29JUL2411800PE.NFO,2024-05-02,10:20:00,2024-07-29,3.4,3.4,3.4,3.4,0,0,1
MIDCPNIFTY29JUL2411800PE.NFO,2024-05-02,10:21:00,2024-07-29,3.4,3.4,3.4,3.4,0,0,1
MIDCPNIFTY29JUL2411800PE.NFO,2024-05-02,10:22:00,2024-07-29,3.4,3.4,3.4,3.4,0,0,1
MIDCPNIFTY29JUL2411800PE.NFO,2024-05-02,10:23:00,2024-07-29,3.4,3.4,3.4,3.4,0,0,1
MIDCPNIFTY29JUL2411800PE.NFO,2024-05-02,10:24:00,2024-07-29,3.4,3.4,3.4,3.4,0,0,1
MIDCPNIFTY29JUL2411800PE.NFO,2024-05-02,10:25:00,2024-07-29,3.4,3.4,3.4,3.4,0,0,1
MIDCPNIFTY29JUL2411800PE.NFO,2024-05-02,10:26:00,2024-07-29,3.4,3.4,3.4,3.4,0,0,1
MIDCPNIFTY29JUL2411800PE.NFO,2024-05-02,10:27:00,2024-07-29,3.4,3.4,3.4,3.4,0,0,1
MIDCPNIFTY29JUL2411800PE.NFO,2024-05-02,10:28:00,2024-07-29,3.4,3.4,3.4,3.4,0,0,1
MIDCPNIFTY29JUL2411800PE.NFO,2024-05-02,10:29:00,2024-07-29,3.4,3.4,3.4,3.4,0,0,1
MIDCPNIFTY29JUL2411800PE.NFO,2024-05-02,10:30:00,2024-07-29,3.4,3.4,3.4,3.4,0,0,1
MIDCPNIFTY29JUL2411800PE.NFO,2024-05-02,10:31:00,2024-07-29,3.4,3.4,3.4,3.4,0,0,1
MIDCPNIFTY29JUL2411800PE.NFO,2024-05-02,10:32:00,2024-07-29,3.4,3.4,3.4,3.4,0,0,1
MIDCPNIFTY29JUL2411800PE.NFO,2024-05-02,10:33:00,2024-07-29,3.4,3.4,3.4,3.4,0,0,1
MIDCPNIFTY29JUL2411800PE.NFO,2024-05-02,10:34:00,2024-07-29,3.4,3.4,3.4,3.4,0,0,1
MIDCPNIFTY29JUL2411800PE.NFO,2024-05-02,10:35:00,2024-07-29,3.4,3.4,3.4,3.4,0,0,1
MIDCPNIFTY29JUL2411800PE.NFO,2024-05-02,10:36:00,2024-07-29,3.4,3.4,3.4,3.4,0,0,1
MIDCPNIFTY29JUL2411800PE.NFO,2024-05-02,10:37:00,2024-07-29,3.4,3.4,3.4,3.4,0,0,1
MIDCPNIFTY29JUL2411800PE.NFO,2024-05-02,10:38:00,2024-07-29,3.4,3.4,3.4,3.4,0,0,1
MIDCPNIFTY29JUL2411800PE.NFO,2024-05-02,10:39:00,2024-07-29,3.4,3.4,3.4,3.4,0,0,1
MIDCPNIFTY29JUL2411800PE.NFO,2024-05-02,10:40:00,2024-07-29,3.4,3.4,3.4,3.4,0,0,1
MIDCPNIFTY29JUL2411800PE.NFO,2024-05-02,10:41:00,2024-07-29,3.4,3.4,3.4,3.4,0,0,1
MIDCPNIFTY29JUL2411800PE.NFO,2024-05-02,10:42:00,2024-07-29,3.4,3.4,3.4,3.4,0,0,1
MIDCPNIFTY29JUL2411800PE.NFO,2024-05-02,10:43:00,2024-07-29,3.4,3.4,3.4,3.4,0,0,1
MIDCPNIFTY29JUL2411800PE.NFO,2024-05-02,10:44:00,2024-07-29,3.4,3.4,3.4,3.4,0,0,1
MIDCPNIFTY29JUL2411800PE.NFO,2024-05-02,10:45:00,2024-07-29,3.4,3.4,3.4,3.4,0,0,1
MIDCPNIFTY29JUL2411800PE.NFO,2024-05-02,10:46:00,2024-07-29,3.4,3.4,3.4,3.4,0,0,1
MIDCPNIFTY29JUL2411800PE.NFO,2024-05-02,10:47:00,2024-07-29,3.4,3.4,3.4,3.4,0,0,1
MIDCPNIFTY29JUL2411800PE.NFO,2024-05-02,10:48:00,2024-07-29,3.4,3.4,3.4,3.4,0,0,1
MIDCPNIFTY29JUL2411800PE.NFO,2024-05-02,10:49:00,2024-07-29,3.4,3.4,3.4,3.4,0,0,1
MIDCPNIFTY29JUL2411800PE.NFO,2024-05-02,10:50:00,2024-07-29,3.4,3.4,3.4,3.4,0,0,1
MIDCPNIFTY29JUL2411800PE.NFO,2024-05-02,10:51:00,2024-07-29,3.4,3.4,3.4,3.4,0,0,1
MIDCPNIFTY29JUL2411800PE.NFO,2024-05-02,10:52:00,2024-07-29,3.4,3.4,3.4,3.4,0,0,1
MIDCPNIFTY29JUL2411800PE.NFO,2024-05-02,10:53:00,2024-07-29,3.4,3.4,3.4,3.4,0,0,1
MIDCPNIFTY29JUL2411800PE.NFO,2024-05-02,10:54:00,2024-07-29,3.4,3.4,3.4,3.4,0,0,1
MIDCPNIFTY29JUL2411800PE.NFO,2024-05-02,10:55:00,2024-07-29,3.4,3.4,3.4,3.4,0,0,1
MIDCPNIFTY29JUL2411800PE.NFO,2024-05-02,10:56:00,2024-07-29,3.4,3.4,3.4,3.4,0,0,1
MIDCPNIFTY29JUL2411800PE.NFO,2024-05-02,10:57:00,2024-07-29,3.4,3.4,3.4,3.4,0,0,1
MIDCPNIFTY29JUL2411800PE.NFO,2024-05-02,10:58:00,2024-07-29,3.4,3.4,3.4,3.4,0,0,1
MIDCPNIFTY29JUL2411800PE.NFO,2024-05-02,10:59:00,2024-07-29,3.4,3.4,3.4,3.4,0,0,1
MIDCPNIFTY29JUL2411800PE.NFO,2024-05-02,11:00:00,2024-07-29,3.4,3.4,3.4,3.4,0,0,1
MIDCPNIFTY29JUL2411800PE.NFO,2024-05-02,11:01:00,2024-07-29,3.4,3.4,3.4,3.4,0,0,1
MIDCPNIFTY29JUL2411800PE.NFO,2024-05-02,11:02:00,2024-07-29,3.4,3.4,3.4,3.4,0,0,1
MIDCPNIFTY29JUL2411800PE.NFO,2024-05-02,11:03:00,2024-07-29,3.4,3.4,3.4,3.4,0,0,1
MIDCPNIFTY29JUL2411800PE.NFO,2024-05-02,11:04:00,2024-07-29,3.4,3.4,3.4,3.4,0,0,1
MIDCPNIFTY29JUL2411800PE.NFO,2024-05-02,11:05:00,2024-07-29,3.4,3.4,3.4,3.4,0,0,1
MIDCPNIFTY29JUL2411800PE.NFO,2024-05-02,11:06:00,2024-07-29,3.4,3.4,3.4,3.4,0,0,1
MIDCPNIFTY29JUL2411800PE.NFO,2024-05-02,11:07:00,2024-07-29,3.4,3.4,3.4,3.4,0,0,1
MIDCPNIFTY29JUL2411800PE.NFO,2024-05-02,11:08:00,2024-07-29,3.4,3.4,3.4,3.4,0,0,1
MIDCPNIFTY29JUL2411800PE.NFO,2024-05-02,11:09:00,2024-07-29,3.4,3.4,3.4,3.4,0,0,1
MIDCPNIFTY29JUL2411800PE.NFO,2024-05-02,11:10:00,2024-07-29,3.4,3.4,3.4,3.4,0,0,1
MIDCPNIFTY29JUL2411800PE.NFO,2024-05-02,11:11:00,2024-07-29,3.4,3.4,3.4,3.4,0,0,1
MIDCPNIFTY29JUL2411800PE.NFO,2024-05-02,11:12:00,2024-07-29,3.4,3.4,3.4,3.4,0,0,1
MIDCPNIFTY29JUL2411800PE.NFO,2024-05-02,11:13:00,2024-07-29,3.4,3.4,3.4,3.4,0,0,1
MIDCPNIFTY29JUL2411800PE.NFO,2024-05-02,11:14:00,2024-07-29,3.4,3.4,3.4,3.4,0,0,1
MIDCPNIFTY29JUL2411800PE.NFO,2024-05-02,11:15:00,2024-07-29,3.4,3.4,3.4,3.4,0,0,1
MIDCPNIFTY29JUL2411800PE.NFO,2024-05-02,11:16:00,2024-07-29,3.4,3.4,3.4,3.4,0,0,1
MIDCPNIFTY29JUL2411800PE.NFO,2024-05-02,11:17:00,2024-07-29,3.4,3.4,3.4,3.4,0,0,1
MIDCPNIFTY29JUL2411800PE.NFO,2024-05-02,11:18:00,2024-07-29,3.4,3.4,3.4,3.4,0,0,1
MIDCPNIFTY29JUL2411800PE.NFO,2024-05-02,11:19:00,2024-07-29,3.4,3.4,3.4,3.4,0,0,1
MIDCPNIFTY29JUL2411800PE.NFO,2024-05-02,11:20:00,2024-07-29,3.4,3.4,3.4,3.4,0,0,1
MIDCPNIFTY29JUL2411800PE.NFO,2024-05-02,11:21:00,2024-07-29,3.4,3.4,3.4,3.4,0,0,1
MIDCPNIFTY29JUL2411800PE.NFO,2024-05-02,11:22:00,2024-07-29,3.4,3.4,3.4,3.4,0,0,1
MIDCPNIFTY29JUL2411800PE.NFO,2024-05-02,11:23:00,2024-07-29,3.4,3.4,3.4,3.4,0,0,1
MIDCPNIFTY29JUL2411800PE.NFO,2024-05-02,11:24:00,2024-07-29,3.4,3.4,3.4,3.4,0,0,1
MIDCPNIFTY29JUL2411800PE.NFO,2024-05-02,11:25:00,2024-07-29,3.4,3.4,3.4,3.4,0,0,1
MIDCPNIFTY29JUL2411800PE.NFO,2024-05-02,11:26:00,2024-07-29,3.4,3.4,3.4,3.4,0,0,1
MIDCPNIFTY29JUL2411800PE.NFO,2024-05-02,11:27:00,2024-07-29,3.4,3.4,3.4,3.4,0,0,1
MIDCPNIFTY29JUL2411800PE.NFO,2024-05-02,11:28:00,2024-07-29,3.4,3.4,3.4,3.4,0,0,1
MIDCPNIFTY29JUL2411800PE.NFO,2024-05-02,11:29:00,2024-07-29,3.4,3.4,3.4,3.4,0,0,1
MIDCPNIFTY29JUL2411800PE.NFO,2024-05-02,11:30:00,2024-07-29,3.4,3.4,3.4,3.4,0,0,1
MIDCPNIFTY29JUL2411800PE.NFO,2024-05-02,11:31:00,2024-07-29,3.4,3.4,3.4,3.4,0,0,1
MIDCPNIFTY29JUL2411800PE.NFO,2024-05-02,11:32:00,2024-07-29,3.4,3.4,3.4,3.4,0,0,1
MIDCPNIFTY29JUL2411800PE.NFO,2024-05-02,11:33:00,2024-07-29,3.4,3.4,3.4,3.4,0,0,1
MIDCPNIFTY29JUL2411800PE.NFO,2024-05-02,11:34:00,2024-07-29,3.4,3.4,3.4,3.4,0,0,1
MIDCPNIFTY29JUL2411800PE.NFO,2024-05-02,11:35:00,2024-07-29,3.4,3.4,3.4,3.4,0,0,1
MIDCPNIFTY29JUL2411800PE.NFO,2024-05-02,11:36:00,2024-07-29,3.4,3.4,3.4,3.4,0,0,1
MIDCPNIFTY29JUL2411800PE.NFO,2024-05-02,11:37:00,2024-07-29,3.4,3.4,3.4,3.4,0,0,1
MIDCPNIFTY29JUL2411800PE.NFO,2024-05-02,11:38:00,2024-07-29,3.4,3.4,3.4,3.4,0,0,1
MIDCPNIFTY29JUL2411800PE.NFO,2024-05-02,11:39:00,2024-07-29,3.4,3.4,3.4,3.4,0,0,1
MIDCPNIFTY29JUL2411800PE.NFO,2024-05-02,11:40:00,2024-07-29,3.4,3.4,3.4,3.4,0,0,1
MIDCPNIFTY29JUL2411800PE.NFO,2024-05-02,11:41:00,2024-07-29,3.4,3.4,3.4,3.4,0,0,1
MIDCPNIFTY29JUL2411800PE.NFO,2024-05-02,11:42:00,2024-07-29,3.4,3.4,3.4,3.4,0,0,1
MIDCPNIFTY29JUL2411800PE.NFO,2024-05-02,11:43:00,2024-07-29,3.4,3.4,3.4,3.4,0,0,1
MIDCPNIFTY29JUL2411800PE.NFO,2024-05-02,11:44:00,2024-07-29,3.4,3.4,3.4,3.4,0,0,1
MIDCPNIFTY29JUL2411800PE.NFO,2024-05-02,11:45:00,2024-07-29,3.4,3.4,3.4,3.4,0,0,1
MIDCPNIFTY29JUL2411800PE.NFO,2024-05-02,11:46:00,2024-07-29,3.4,3.4,3.4,3.4,0,0,1
MIDCPNIFTY29JUL2411800PE.NFO,2024-05-02,11:47:00,2024-07-29,3.4,3.4,3.4,3.4,0,0,1
MIDCPNIFTY29JUL2411800PE.NFO,2024-05-02,11:48:00,2024-07-29,3.4,3.4,3.4,3.4,0,0,1
MIDCPNIFTY29JUL2411800PE.NFO,2024-05-02,11:49:00,2024-07-29,3.4,3.4,3.4,3.4,0,0,1
MIDCPNIFTY29JUL2411800PE.NFO,2024-05-02,11:50:00,2024-07-29,3.4,3.4,3.4,3.4,0,0,1
MIDCPNIFTY29JUL2411800PE.NFO,2024-05-02,11:51:00,2024-07-29,3.4,3.4,3.4,3.4,0,0,1
MIDCPNIFTY29JUL2411800PE.NFO,2024-05-02,11:52:00,2024-07-29,3.4,3.4,3.4,3.4,0,0,1
MIDCPNIFTY29JUL2411800PE.NFO,2024-05-02,11:53:00,2024-07-29,3.4,3.4,3.4,3.4,0,0,1
MIDCPNIFTY29JUL2411800PE.NFO,2024-05-02,11:54:00,2024-07-29,3.4,3.4,3.4,3.4,0,0,1
MIDCPNIFTY29JUL2411800PE.NFO,2024-05-02,11:55:00,2024-07-29,3.4,3.4,3.4,3.4,0,0,1
MIDCPNIFTY29JUL2411800PE.NFO,2024-05-02,11:56:00,2024-07-29,3.4,3.4,3.4,3.4,0,0,1
MIDCPNIFTY29JUL2411800PE.NFO,2024-05-02,11:57:00,2024-07-29,3.4,3.4,3.4,3.4,0,0,1
MIDCPNIFTY29JUL2411800PE.NFO,2024-05-02,11:58:00,2024-07-29,3.4,3.4,3.4,3.4,0,0,1
MIDCPNIFTY29JUL2411800PE.NFO,2024-05-02,11:59:00,2024-07-29,3.4,3.4,3.4,3.4,0,0,1
MIDCPNIFTY29JUL2411800PE.NFO,2024-05-02,12:00:00,2024-07-29,3.4,3.4,3.4,3.4,0,0,1
MIDCPNIFTY29JUL2411800PE.NFO,2024-05-02,12:01:00,2024-07-29,3.4,3.4,3.4,3.4,0,0,1
MIDCPNIFTY29JUL2411800PE.NFO,2024-05-02,12:02:00,2024-07-29,3.4,3.4,3.4,3.4,0,0,1
MIDCPNIFTY29JUL2411800PE.NFO,2024-05-02,12:03:00,2024-07-29,3.4,3.4,3.4,3.4,0,0,1
MIDCPNIFTY29JUL2411800PE.NFO,2024-05-02,12:04:00,2024-07-29,3.4,3.4,3.4,3.4,0,0,1
MIDCPNIFTY29JUL2411800PE.NFO,2024-05-02,12:05:00,2024-07-29,3.4,3.4,3.4,3.4,0,0,1
MIDCPNIFTY29JUL2411800PE.NFO,2024-05-02,12:06:00,2024-07-29,3.4,3.4,3.4,3.4,0,0,1
MIDCPNIFTY29JUL2411800PE.NFO,2024-05-02,12:07:00,2024-07-29,3.4,3.4,3.4,3.4,0,0,1
MIDCPNIFTY29JUL2411800PE.NFO,2024-05-02,12:08:00,2024-07-29,3.4,3.4,3.4,3.4,0,0,1
MIDCPNIFTY29JUL2411800PE.NFO,2024-05-02,12:09:00,2024-07-29,3.4,3.4,3.4,3.4,0,0,1
MIDCPNIFTY29JUL2411800PE.NFO,2024-05-02,12:10:00,2024-07-29,3.4,3.4,3.4,3.4,0,0,1
MIDCPNIFTY29JUL2411800PE.NFO,2024-05-02,12:11:00,2024-07-29,3.4,3.4,3.4,3.4,0,0,1
MIDCPNIFTY29JUL2411800PE.NFO,2024-05-02,12:12:00,2024-07-29,3.4,3.4,3.4,3.4,0,0,1
MIDCPNIFTY29JUL2411800PE.NFO,2024-05-02,12:13:00,2024-07-29,3.4,3.4,3.4,3.4,0,0,1
MIDCPNIFTY29JUL2411800PE.NFO,2024-05-02,12:14:00,2024-07-29,3.4,3.4,3.4,3.4,0,0,1
MIDCPNIFTY29JUL2411800PE.NFO,2024-05-02,12:15:00,2024-07-29,3.4,3.4,3.4,3.4,0,0,1
MIDCPNIFTY29JUL2411800PE.NFO,2024-05-02,12:16:00,2024-07-29,3.4,3.4,3.4,3.4,0,0,1
MIDCPNIFTY29JUL2411800PE.NFO,2024-05-02,12:17:00,2024-07-29,3.4,3.4,3.4,3.4,0,0,1
MIDCPNIFTY29JUL2411800PE.NFO,2024-05-02,12:18:00,2024-07-29,3.4,3.4,3.4,3.4,0,0,1
MIDCPNIFTY29JUL2411800PE.NFO,2024-05-02,12:19:00,2024-07-29,3.4,3.4,3.4,3.4,0,0,1
MIDCPNIFTY29JUL2411800PE.NFO,2024-05-02,12:20:00,2024-07-29,3.4,3.4,3.4,3.4,0,0,1
MIDCPNIFTY29JUL2411800PE.NFO,2024-05-02,12:21:00,2024-07-29,3.4,3.4,3.4,3.4,0,0,1
MIDCPNIFTY29JUL2411800PE.NFO,2024-05-02,12:22:00,2024-07-29,3.4,3.4,3.4,3.4,0,0,1
MIDCPNIFTY29JUL2411800PE.NFO,2024-05-02,12:23:00,2024-07-29,3.4,3.4,3.4,3.4,0,0,1
MIDCPNIFTY29JUL2411800PE.NFO,2024-05-02,12:24:00,2024-07-29,3.4,3.4,3.4,3.4,0,0,1
MIDCPNIFTY29JUL2411800PE.NFO,2024-05-02,12:25:00,2024-07-29,3.4,3.4,3.4,3.4,0,0,1
MIDCPNIFTY29JUL2411800PE.NFO,2024-05-02,12:26:00,2024-07-29,3.4,3.4,3.4,3.4,0,0,1
MIDCPNIFTY29JUL2411800PE.NFO,2024-05-02,12:27:00,2024-07-29,3.4,3.4,3.4,3.4,0,0,1
MIDCPNIFTY29JUL2411800PE.NFO,2024-05-02,12:28:00,2024-07-29,3.4,3.4,3.4,3.4,0,0,1
MIDCPNIFTY29JUL2411800PE.NFO,2024-05-02,12:29:00,2024-07-29,3.4,3.4,3.4,3.4,0,0,1
MIDCPNIFTY29JUL2411800PE.NFO,2024-05-02,12:30:00,2024-07-29,3.4,3.4,3.4,3.4,0,0,1
MIDCPNIFTY29JUL2411800PE.NFO,2024-05-02,12:31:00,2024-07-29,3.4,3.4,3.4,3.4,0,0,1
MIDCPNIFTY29JUL2411800PE.NFO,2024-05-02,12:32:00,2024-07-29,3.4,3.4,3.4,3.4,0,0,1
MIDCPNIFTY29JUL2411800PE.NFO,2024-05-02,12:33:00,2024-07-29,3.4,3.4,3.4,3.4,0,0,1
MIDCPNIFTY29JUL2411800PE.NFO,2024-05-02,12:34:00,2024-07-29,3.4,3.4,3.4,3.4,0,0,1
MIDCPNIFTY29JUL2411800PE.NFO,2024-05-02,12:35:00,2024-07-29,3.4,3.4,3.4,3.4,0,0,1
MIDCPNIFTY29JUL2411800PE.NFO,2024-05-02,12:36:00,2024-07-29,3.4,3.4,3.4,3.4,0,0,1
MIDCPNIFTY29JUL2411800PE.NFO,2024-05-02,12:37:00,2024-07-29,3.4,3.4,3.4,3.4,0,0,1
MIDCPNIFTY29JUL2411800PE.NFO,2024-05-02,12:38:00,2024-07-29,3.4,3.4,3.4,3.4,0,0,1
MIDCPNIFTY29JUL2411800PE.NFO,2024-05-02,12:39:00,2024-07-29,3.4,3.4,3.4,3.4,0,0,1
MIDCPNIFTY29JUL2411800PE.NFO,2024-05-02,12:40:00,2024-07-29,3.4,3.4,3.4,3.4,0,0,1
MIDCPNIFTY29JUL2411800PE.NFO,2024-05-02,12:41:00,2024-07-29,3.4,3.4,3.4,3.4,0,0,1
MIDCPNIFTY29JUL2411800PE.NFO,2024-05-02,12:42:00,2024-07-29,3.4,3.4,3.4,3.4,0,0,1
MIDCPNIFTY29JUL2411800PE.NFO,2024-05-02,12:43:00,2024-07-29,3.4,3.4,3.4,3.4,0,0,1
MIDCPNIFTY29JUL2411800PE.NFO,2024-05-02,12:44:00,2024-07-29,3.4,3.4,3.4,3.4,0,0,1
MIDCPNIFTY29JUL2411800PE.NFO,2024-05-02,12:45:00,2024-07-29,3.4,3.4,3.4,3.4,0,0,1
MIDCPNIFTY29JUL2411800PE.NFO,2024-05-02,12:46:00,2024-07-29,3.4,3.4,3.4,3.4,0,0,1
MIDCPNIFTY29JUL2411800PE.NFO,2024-05-02,12:47:00,2024-07-29,3.4,3.4,3.4,3.4,0,0,1
MIDCPNIFTY29JUL2411800PE.NFO,2024-05-02,12:48:00,2024-07-29,3.4,3.4,3.4,3.4,0,0,1
MIDCPNIFTY29JUL2411800PE.NFO,2024-05-02,12:49:00,2024-07-29,3.4,3.4,3.4,3.4,0,0,1
MIDCPNIFTY29JUL2411800PE.NFO,2024-05-02,12:50:00,2024-07-29,3.4,3.4,3.4,3.4,0,0,1
MIDCPNIFTY29JUL2411800PE.NFO,2024-05-02,12:51:00,2024-07-29,3.4,3.4,3.4,3.4,0,0,1
MIDCPNIFTY29JUL2411800PE.NFO,2024-05-02,12:52:00,2024-07-29,3.4,3.4,3.4,3.4,0,0,1
MIDCPNIFTY29JUL2411800PE.NFO,2024-05-02,12:53:00,2024-07-29,3.4,3.4,3.4,3.4,0,0,1
MIDCPNIFTY29JUL2411800PE.NFO,2024-05-02,12:54:00,2024-07-29,3.4,3.4,3.4,3.4,0,0,1
MIDCPNIFTY29JUL2411800PE.NFO,2024-05-02,12:55:00,2024-07-29,3.4,3.4,3.4,3.4,0,0,1
MIDCPNIFTY29JUL2411800PE.NFO,2024-05-02,12:56:00,2024-07-29,3.4,3.4,3.4,3.4,0,0,1
MIDCPNIFTY29JUL2411800PE.NFO,2024-05-02,12:57:00,2024-07-29,3.4,3.4,3.4,3.4,0,0,1
MIDCPNIFTY29JUL2411800PE.NFO,2024-05-02,12:58:00,2024-07-29,3.4,3.4,3.4,3.4,0,0,1
MIDCPNIFTY29JUL2411800PE.NFO,2024-05-02,12:59:00,2024-07-29,3.4,3.4,3.4,3.4,0,0,1
MIDCPNIFTY29JUL2411800PE.NFO,2024-05-02,13:00:00,2024-07-29,3.4,3.4,3.4,3.4,0,0,1
MIDCPNIFTY29JUL2411800PE.NFO,2024-05-02,13:01:00,2024-07-29,3.4,3.4,3.4,3.4,0,0,1
MIDCPNIFTY29JUL2411800PE.NFO,2024-05-02,13:02:00,2024-07-29,3.4,3.4,3.4,3.4,0,0,1
MIDCPNIFTY29JUL2411800PE.NFO,2024-05-02,13:03:00,2024-07-29,3.4,3.4,3.4,3.4,0,0,1
MIDCPNIFTY29JUL2411800PE.NFO,2024-05-02,13:04:00,2024-07-29,3.4,3.4,3.4,3.4,0,0,1
MIDCPNIFTY29JUL2411800PE.NFO,2024-05-02,13:05:00,2024-07-29,3.4,3.4,3.4,3.4,0,0,1
MIDCPNIFTY29JUL2411800PE.NFO,2024-05-02,13:06:00,2024-07-29,3.4,3.4,3.4,3.4,0,0,1
MIDCPNIFTY29JUL2411800PE.NFO,2024-05-02,13:07:00,2024-07-29,3.4,3.4,3.4,3.4,0,0,1
MIDCPNIFTY29JUL2411800PE.NFO,2024-05-02,13:08:00,2024-07-29,3.4,3.4,3.4,3.4,0,0,1
MIDCPNIFTY29JUL2411800PE.NFO,2024-05-02,13:09:00,2024-07-29,3.4,3.4,3.4,3.4,0,0,1
MIDCPNIFTY29JUL2411800PE.NFO,2024-05-02,13:10:00,2024-07-29,3.4,3.4,3.4,3.4,0,0,1
MIDCPNIFTY29JUL2411800PE.NFO,2024-05-02,13:11:00,2024-07-29,3.4,3.4,3.4,3.4,0,0,1
MIDCPNIFTY29JUL2411800PE.NFO,2024-05-02,13:12:00,2024-07-29,3.4,3.4,3.4,3.4,0,0,1
MIDCPNIFTY29JUL2411800PE.NFO,2024-05-02,13:13:00,2024-07-29,3.4,3.4,3.4,3.4,0,0,1
MIDCPNIFTY29JUL2411800PE.NFO,2024-05-02,13:14:00,2024-07-29,3.4,3.4,3.4,3.4,0,0,1
MIDCPNIFTY29JUL2411800PE.NFO,2024-05-02,13:15:00,2024-07-29,3.4,3.4,3.4,3.4,0,0,1
MIDCPNIFTY29JUL2411800PE.NFO,2024-05-02,13:16:00,2024-07-29,3.4,3.4,3.4,3.4,0,0,1
MIDCPNIFTY29JUL2411800PE.NFO,2024-05-02,13:17:00,2024-07-29,3.4,3.4,3.4,3.4,0,0,1
MIDCPNIFTY29JUL2411800PE.NFO,2024-05-02,13:18:00,2024-07-29,3.4,3.4,3.4,3.4,0,0,1
MIDCPNIFTY29JUL2411800PE.NFO,2024-05-02,13:19:00,2024-07-29,3.4,3.4,3.4,3.4,0,0,1
MIDCPNIFTY29JUL2411800PE.NFO,2024-05-02,13:20:00,2024-07-29,3.4,3.4,3.4,3.4,0,0,1
MIDCPNIFTY29JUL2411800PE.NFO,2024-05-02,13:21:00,2024-07-29,3.4,3.4,3.4,3.4,0,0,1
MIDCPNIFTY29JUL2411800PE.NFO,2024-05-02,13:22:00,2024-07-29,3.4,3.4,3.4,3.4,0,0,1
MIDCPNIFTY29JUL2411800PE.NFO,2024-05-02,13:23:00,2024-07-29,3.4,3.4,3.4,3.4,0,0,1
MIDCPNIFTY29JUL2411800PE.NFO,2024-05-02,13:24:00,2024-07-29,3.4,3.4,3.4,3.4,0,0,1
MIDCPNIFTY29JUL2411800PE.NFO,2024-05-02,13:25:00,2024-07-29,3.4,3.4,3.4,3.4,0,0,1
MIDCPNIFTY29JUL2411800PE.NFO,2024-05-02,13:26:00,2024-07-29,3.4,3.4,3.4,3.4,0,0,1
MIDCPNIFTY29JUL2411800PE.NFO,2024-05-02,13:27:00,2024-07-29,3.4,3.4,3.4,3.4,0,0,1
MIDCPNIFTY29JUL2411800PE.NFO,2024-05-02,13:28:00,2024-07-29,3.4,3.4,3.4,3.4,0,0,1
MIDCPNIFTY29JUL2411800PE.NFO,2024-05-02,13:29:00,2024-07-29,3.4,3.4,3.4,3.4,0,0,1
MIDCPNIFTY29JUL2411800PE.NFO,2024-05-02,13:30:00,2024-07-29,3.4,3.4,3.4,3.4,0,0,1
MIDCPNIFTY29JUL2411800PE.NFO,2024-05-02,13:31:00,2024-07-29,3.4,3.4,3.4,3.4,0,0,1
MIDCPNIFTY29JUL2411800PE.NFO,2024-05-02,13:32:00,2024-07-29,3.4,3.4,3.4,3.4,0,0,1
MIDCPNIFTY29JUL2411800PE.NFO,2024-05-02,13:33:00,2024-07-29,3.4,3.4,3.4,3.4,0,0,1
MIDCPNIFTY29JUL2411800PE.NFO,2024-05-02,13:34:00,2024-07-29,3.4,3.4,3.4,3.4,0,0,1
MIDCPNIFTY29JUL2411800PE.NFO,2024-05-02,13:35:00,2024-07-29,3.4,3.4,3.4,3.4,0,0,1
MIDCPNIFTY29JUL2411800PE.NFO,2024-05-02,13:36:00,2024-07-29,3.4,3.4,3.4,3.4,0,0,1
MIDCPNIFTY29JUL2411800PE.NFO,2024-05-02,13:37:00,2024-07-29,3.4,3.4,3.4,3.4,0,0,1
MIDCPNIFTY29JUL2411800PE.NFO,2024-05-02,13:38:00,2024-07-29,3.4,3.4,3.4,3.4,0,0,1
MIDCPNIFTY29JUL2411800PE.NFO,2024-05-02,13:39:00,2024-07-29,3.4,3.4,3.4,3.4,0,0,1
MIDCPNIFTY29JUL2411800PE.NFO,2024-05-02,13:40:00,2024-07-29,3.4,3.4,3.4,3.4,0,0,1
MIDCPNIFTY29JUL2411800PE.NFO,2024-05-02,13:41:00,2024-07-29,3.4,3.4,3.4,3.4,0,0,1
MIDCPNIFTY29JUL2411800PE.NFO,2024-05-02,13:42:00,2024-07-29,3.4,3.4,3.4,3.4,0,0,1
MIDCPNIFTY29JUL2411800PE.NFO,2024-05-02,13:43:00,2024-07-29,3.4,3.4,3.4,3.4,0,0,1
MIDCPNIFTY29JUL2411800PE.NFO,2024-05-02,13:44:00,2024-07-29,3.4,3.4,3.4,3.4,0,0,1
MIDCPNIFTY29JUL2411800PE.NFO,2024-05-02,13:45:00,2024-07-29,3.4,3.4,3.4,3.4,0,0,1
MIDCPNIFTY29JUL2411800PE.NFO,2024-05-02,13:46:00,2024-07-29,3.4,3.4,3.4,3.4,0,0,1
MIDCPNIFTY29JUL2411800PE.NFO,2024-05-02,13:47:00,2024-07-29,3.4,3.4,3.4,3.4,0,0,1
MIDCPNIFTY29JUL2411800PE.NFO,2024-05-02,13:48:00,2024-07-29,3.4,3.4,3.4,3.4,0,0,1
MIDCPNIFTY29JUL2411800PE.NFO,2024-05-02,13:49:00,2024-07-29,3.4,3.4,3.4,3.4,0,0,1
MIDCPNIFTY29JUL2411800PE.NFO,2024-05-02,13:50:00,2024-07-29,3.4,3.4,3.4,3.4,0,0,1
MIDCPNIFTY29JUL2411800PE.NFO,2024-05-02,13:51:00,2024-07-29,3.4,3.4,3.4,3.4,0,0,1
MIDCPNIFTY29JUL2411800PE.NFO,2024-05-02,13:52:00,2024-07-29,3.4,3.4,3.4,3.4,0,0,1
MIDCPNIFTY29JUL2411800PE.NFO,2024-05-02,13:53:00,2024-07-29,3.4,3.4,3.4,3.4,0,0,1
MIDCPNIFTY29JUL2411800PE.NFO,2024-05-02,13:54:00,2024-07-29,3.4,3.4,3.4,3.4,0,0,1
MIDCPNIFTY29JUL2411800PE.NFO,2024-05-02,13:55:00,2024-07-29,3.4,3.4,3.4,3.4,0,0,1
MIDCPNIFTY29JUL2411800PE.NFO,2024-05-02,13:56:00,2024-07-29,3.4,3.4,3.4,3.4,0,0,1
MIDCPNIFTY29JUL2411800PE.NFO,2024-05-02,13:57:00,2024-07-29,3.4,3.4,3.4,3.4,0,0,1
MIDCPNIFTY29JUL2411800PE.NFO,2024-05-02,13:58:00,2024-07-29,3.4,3.4,3.4,3.4,0,0,1
MIDCPNIFTY29JUL2411800PE.NFO,2024-05-02,13:59:00,2024-07-29,3.4,3.4,3.4,3.4,0,0,1
MIDCPNIFTY29JUL2411800PE.NFO,2024-05-02,14:00:00,2024-07-29,3.4,3.4,3.4,3.4,0,0,1
MIDCPNIFTY29JUL2411800PE.NFO,2024-05-02,14:01:00,2024-07-29,3.4,3.4,3.4,3.4,0,0,1
MIDCPNIFTY29JUL2411800PE.NFO,2024-05-02,14:02:00,2024-07-29,3.4,3.4,3.4,3.4,0,0,1
MIDCPNIFTY29JUL2411800PE.NFO,2024-05-02,14:03:00,2024-07-29,3.4,3.4,3.4,3.4,0,0,1
MIDCPNIFTY29JUL2411800PE.NFO,2024-05-02,14:04:00,2024-07-29,3.4,3.4,3.4,3.4,0,0,1
MIDCPNIFTY29JUL2411800PE.NFO,2024-05-02,14:05:00,2024-07-29,3.4,3.4,3.4,3.4,0,0,1
MIDCPNIFTY29JUL2411800PE.NFO,2024-05-02,14:06:00,2024-07-29,3.4,3.4,3.4,3.4,0,0,1
MIDCPNIFTY29JUL2411800PE.NFO,2024-05-02,14:07:00,2024-07-29,3.4,3.4,3.4,3.4,0,0,1
MIDCPNIFTY29JUL2411800PE.NFO,2024-05-02,14:08:00,2024-07-29,3.4,3.4,3.4,3.4,0,0,1
MIDCPNIFTY29JUL2411800PE.NFO,2024-05-02,14:09:00,2024-07-29,3.4,3.4,3.4,3.4,0,0,1
MIDCPNIFTY29JUL2411800PE.NFO,2024-05-02,14:10:00,2024-07-29,3.4,3.4,3.4,3.4,0,0,1
MIDCPNIFTY29JUL2411800PE.NFO,2024-05-02,14:11:00,2024-07-29,3.4,3.4,3.4,3.4,0,0,1
MIDCPNIFTY29JUL2411800PE.NFO,2024-05-02,14:12:00,2024-07-29,3.4,3.4,3.4,3.4,0,0,1
MIDCPNIFTY29JUL2411800PE.NFO,2024-05-02,14:13:00,2024-07-29,3.4,3.4,3.4,3.4,0,0,1
MIDCPNIFTY29JUL2411800PE.NFO,2024-05-02,14:14:00,2024-07-29,3.4,3.4,3.4,3.4,0,0,1
MIDCPNIFTY29JUL2411800PE.NFO,2024-05-02,14:15:00,2024-07-29,3.4,3.4,3.4,3.4,0,0,1
MIDCPNIFTY29JUL2411800PE.NFO,2024-05-02,14:16:00,2024-07-29,3.4,3.4,3.4,3.4,0,0,1
MIDCPNIFTY29JUL2411800PE.NFO,2024-05-02,14:17:00,2024-07-29,3.4,3.4,3.4,3.4,0,0,1
MIDCPNIFTY29JUL2411800PE.NFO,2024-05-02,14:18:00,2024-07-29,3.4,3.4,3.4,3.4,0,0,1
MIDCPNIFTY29JUL2411800PE.NFO,2024-05-02,14:19:00,2024-07-29,3.4,3.4,3.4,3.4,0,0,1
MIDCPNIFTY29JUL2411800PE.NFO,2024-05-02,14:20:00,2024-07-29,3.4,3.4,3.4,3.4,0,0,1
MIDCPNIFTY29JUL2411800PE.NFO,2024-05-02,14:21:00,2024-07-29,3.4,3.4,3.4,3.4,0,0,1
MIDCPNIFTY29JUL2411800PE.NFO,2024-05-02,14:22:00,2024-07-29,3.4,3.4,3.4,3.4,0,0,1
MIDCPNIFTY29JUL2411800PE.NFO,2024-05-02,14:23:00,2024-07-29,3.4,3.4,3.4,3.4,0,0,1
MIDCPNIFTY29JUL2411800PE.NFO,2024-05-02,14:24:00,2024-07-29,3.4,3.4,3.4,3.4,0,0,1
MIDCPNIFTY29JUL2411800PE.NFO,2024-05-02,14:25:00,2024-07-29,3.4,3.4,3.4,3.4,0,0,1
MIDCPNIFTY29JUL2411800PE.NFO,2024-05-02,14:26:00,2024-07-29,3.4,3.4,3.4,3.4,0,0,1
MIDCPNIFTY29JUL2411800PE.NFO,2024-05-02,14:27:00,2024-07-29,3.4,3.4,3.4,3.4,0,0,1
MIDCPNIFTY29JUL2411800PE.NFO,2024-05-02,14:28:00,2024-07-29,3.4,3.4,3.4,3.4,0,0,1
MIDCPNIFTY29JUL2411800PE.NFO,2024-05-02,14:29:00,2024-07-29,3.4,3.4,3.4,3.4,0,0,1
MIDCPNIFTY29JUL2411800PE.NFO,2024-05-02,14:30:00,2024-07-29,3.4,3.4,3.4,3.4,0,0,1
MIDCPNIFTY29JUL2411800PE.NFO,2024-05-02,14:31:00,2024-07-29,3.4,3.4,3.4,3.4,0,0,1
MIDCPNIFTY29JUL2411800PE.NFO,2024-05-02,14:32:00,2024-07-29,3.4,3.4,3.4,3.4,0,0,1
MIDCPNIFTY29JUL2411800PE.NFO,2024-05-02,14:33:00,2024-07-29,3.4,3.4,3.4,3.4,0,0,1
MIDCPNIFTY29JUL2411800PE.NFO,2024-05-02,14:34:00,2024-07-29,3.4,3.4,3.4,3.4,0,0,1
MIDCPNIFTY29JUL2411800PE.NFO,2024-05-02,14:35:00,2024-07-29,3.4,3.4,3.4,3.4,0,0,1
MIDCPNIFTY29JUL2411800PE.NFO,2024-05-02,14:36:00,2024-07-29,3.4,3.4,3.4,3.4,0,0,1
MIDCPNIFTY29JUL2411800PE.NFO,2024-05-02,14:37:00,2024-07-29,3.4,3.4,3.4,3.4,0,0,1
MIDCPNIFTY29JUL2411800PE.NFO,2024-05-02,14:38:00,2024-07-29,3.4,3.4,3.4,3.4,0,0,1
MIDCPNIFTY29JUL2411800PE.NFO,2024-05-02,14:39:00,2024-07-29,3.4,3.4,3.4,3.4,0,0,1
MIDCPNIFTY29JUL2411800PE.NFO,2024-05-02,14:40:00,2024-07-29,3.4,3.4,3.4,3.4,0,0,1
MIDCPNIFTY29JUL2411800PE.NFO,2024-05-02,14:41:00,2024-07-29,3.4,3.4,3.4,3.4,0,0,1
MIDCPNIFTY29JUL2411800PE.NFO,2024-05-02,14:42:00,2024-07-29,3.4,3.4,3.4,3.4,0,0,1
MIDCPNIFTY29JUL2411800PE.NFO,2024-05-02,14:43:00,2024-07-29,3.4,3.4,3.4,3.4,0,0,1
MIDCPNIFTY29JUL2411800PE.NFO,2024-05-02,14:44:00,2024-07-29,3.4,3.4,3.4,3.4,0,0,1
MIDCPNIFTY29JUL2411800PE.NFO,2024-05-02,14:45:00,2024-07-29,3.4,3.4,3.4,3.4,0,0,1
MIDCPNIFTY29JUL2411800PE.NFO,2024-05-02,14:46:00,2024-07-29,3.4,3.4,3.4,3.4,0,0,1
MIDCPNIFTY29JUL2411800PE.NFO,2024-05-02,14:47:00,2024-07-29,3.4,3.4,3.4,3.4,0,0,1
MIDCPNIFTY29JUL2411800PE.NFO,2024-05-02,14:48:00,2024-07-29,3.4,3.4,3.4,3.4,0,0,1
MIDCPNIFTY29JUL2411800PE.NFO,2024-05-02,14:49:00,2024-07-29,3.4,3.4,3.4,3.4,0,0,1
MIDCPNIFTY29JUL2411800PE.NFO,2024-05-02,14:50:00,2024-07-29,3.4,3.4,3.4,3.4,0,0,1
MIDCPNIFTY29JUL2411800PE.NFO,2024-05-02,14:51:00,2024-07-29,3.4,3.4,3.4,3.4,0,0,1
MIDCPNIFTY29JUL2411800PE.NFO,2024-05-02,14:52:00,2024-07-29,3.4,3.4,3.4,3.4,0,0,1
MIDCPNIFTY29JUL2411800PE.NFO,2024-05-02,14:53:00,2024-07-29,3.4,3.4,3.4,3.4,0,0,1
MIDCPNIFTY29JUL2411800PE.NFO,2024-05-02,14:54:00,2024-07-29,3.4,3.4,3.4,3.4,0,0,1
MIDCPNIFTY29JUL2411800PE.NFO,2024-05-02,14:55:00,2024-07-29,3.4,3.4,3.4,3.4,0,0,1
MIDCPNIFTY29JUL2411800PE.NFO,2024-05-02,14:56:00,2024-07-29,3.4,3.4,3.4,3.4,0,0,1
MIDCPNIFTY29JUL2411800PE.NFO,2024-05-02,14:57:00,2024-07-29,3.4,3.4,3.4,3.4,0,0,1
MIDCPNIFTY29JUL2411800PE.NFO,2024-05-02,14:58:00,2024-07-29,3.4,3.4,3.4,3.4,0,0,1
MIDCPNIFTY29JUL2411800PE.NFO,2024-05-02,14:59:00,2024-07-29,3.4,3.4,3.4,3.4,0,0,1
MIDCPNIFTY29JUL2411800PE.NFO,2024-05-02,15:00:00,2024-07-29,3.4,3.4,3.4,3.4,0,0,1
MIDCPNIFTY29JUL2411800PE.NFO,2024-05-02,15:01:00,2024-07-29,3.4,3.4,3.4,3.4,0,0,1
MIDCPNIFTY29JUL2411800PE.NFO,2024-05-02,15:02:00,2024-07-29,3.4,3.4,3.4,3.4,0,0,1
MIDCPNIFTY29JUL2411800PE.NFO,2024-05-02,15:03:00,2024-07-29,3.4,3.4,3.4,3.4,0,0,1
MIDCPNIFTY29JUL2411800PE.NFO,2024-05-02,15:04:00,2024-07-29,3.4,3.4,3.4,3.4,0,0,1
MIDCPNIFTY29JUL2411800PE.NFO,2024-05-02,15:05:00,2024-07-29,3.4,3.4,3.4,3.4,0,0,1
MIDCPNIFTY29JUL2411800PE.NFO,2024-05-02,15:06:00,2024-07-29,3.4,3.4,3.4,3.4,0,0,1
MIDCPNIFTY29JUL2411800PE.NFO,2024-05-02,15:07:00,2024-07-29,3.4,3.4,3.4,3.4,0,0,1
MIDCPNIFTY29JUL2411800PE.NFO,2024-05-02,15:08:00,2024-07-29,3.4,3.4,3.4,3.4,0,0,1
MIDCPNIFTY29JUL2411800PE.NFO,2024-05-02,15:09:00,2024-07-29,3.4,3.4,3.4,3.4,0,0,1
MIDCPNIFTY29JUL2411800PE.NFO,2024-05-02,15:10:00,2024-07-29,3.4,3.4,3.4,3.4,0,0,1
MIDCPNIFTY29JUL2411800PE.NFO,2024-05-02,15:11:00,2024-07-29,3.4,3.4,3.4,3.4,0,0,1
MIDCPNIFTY29JUL2411800PE.NFO,2024-05-02,15:12:00,2024-07-29,3.4,3.4,3.4,3.4,0,0,1
MIDCPNIFTY29JUL2411800PE.NFO,2024-05-02,15:13:00,2024-07-29,3.4,3.4,3.4,3.4,0,0,1
MIDCPNIFTY29JUL2411800PE.NFO,2024-05-02,15:14:00,2024-07-29,3.4,3.4,3.4,3.4,0,0,1
MIDCPNIFTY29JUL2411800PE.NFO,2024-05-02,15:15:00,2024-07-29,3.4,3.4,3.4,3.4,0,0,1
MIDCPNIFTY29JUL2411800PE.NFO,2024-05-02,15:16:00,2024-07-29,3.4,3.4,3.4,3.4,0,0,1
MIDCPNIFTY29JUL2411800PE.NFO,2024-05-02,15:17:00,2024-07-29,3.4,3.4,3.4,3.4,0,0,1
MIDCPNIFTY29JUL2411800PE.NFO,2024-05-02,15:18:00,2024-07-29,3.4,3.4,3.4,3.4,0,0,1
MIDCPNIFTY29JUL2411800PE.NFO,2024-05-02,15:19:00,2024-07-29,3.4,3.4,3.4,3.4,0,0,1
MIDCPNIFTY29JUL2411800PE.NFO,2024-05-02,15:20:00,2024-07-29,3.4,3.4,3.4,3.4,0,0,1
MIDCPNIFTY29JUL2411800PE.NFO,2024-05-02,15:21:00,2024-07-29,3.4,3.4,3.4,3.4,0,0,1
MIDCPNIFTY29JUL2411800PE.NFO,2024-05-02,15:22:00,2024-07-29,3.4,3.4,3.4,3.4,0,0,1
MIDCPNIFTY29JUL2411800PE.NFO,2024-05-02,15:23:00,2024-07-29,3.4,3.4,3.4,3.4,0,0,1
MIDCPNIFTY29JUL2411800PE.NFO,2024-05-02,15:24:00,2024-07-29,3.4,3.4,3.4,3.4,0,0,1
MIDCPNIFTY29JUL2411800PE.NFO,2024-05-02,15:25:00,2024-07-29,3.4,3.4,3.4,3.4,0,0,1
MIDCPNIFTY29JUL2411800PE.NFO,2024-05-02,15:26:00,2024-07-29,3.4,3.4,3.4,3.4,0,0,1
MIDCPNIFTY29JUL2411800PE.NFO,2024-05-02,15:27:00,2024-07-29,3.4,3.4,3.4,3.4,0,0,1
MIDCPNIFTY29JUL2411800PE.NFO,2024-05-02,15:28:00,2024-07-29,3.4,3.4,3.4,3.4,0,0,1
MIDCPNIFTY29JUL2411800PE.NFO,2024-05-02,15:29:00,2024-07-29,3.4,3.4,3.4,3.4,0,0,1
MIDCPNIFTY29JUL2411800PE.NFO,2024-05-02,15:30:00,2024-07-29,3.4,3.4,3.4,3.4,0,0,1
MIDCPNIFTY29JUL2411800PE.NFO,2024-05-03,09:15:00,2024-07-29,3.4,3.4,3.4,3.4,0,0,0
MIDCPNIFTY29JUL2411800PE.NFO,2024-05-03,09:16:00,2024-07-29,3.4,3.4,3.4,3.4,0,0,1
MIDCPNIFTY29JUL2411800PE.NFO,2024-05-03,09:17:00,2024-07-29,3.4,3.4,3.4,3.4,0,0,1
MIDCPNIFTY29JUL2411800PE.NFO,2024-05-03,09:18:00,2024-07-29,3.4,3.4,3.4,3.4,0,0,1
MIDCPNIFTY29JUL2411800PE.NFO,2024-05-03,09:19:00,2024-07-29,3.4,3.4,3.4,3.4,0,0,1
MIDCPNIFTY29JUL2411800PE.NFO,2024-05-03,09:20:00,2024-07-29,3.4,3.4,3.4,3.4,0,0,1
MIDCPNIFTY29JUL2411800PE.NFO,2024-05-03,09:21:00,2024-07-29,3.4,3.4,3.4,3.4,0,0,1
MIDCPNIFTY29JUL2411800PE.NFO,2024-05-03,09:22:00,2024-07-29,3.4,3.4,3.4,3.4,0,0,1
MIDCPNIFTY29JUL2411800PE.NFO,2024-05-03,09:23:00,2024-07-29,3.4,3.4,3.4,3.4,0,0,1
MIDCPNIFTY29JUL2411800PE.NFO,2024-05-03,09:24:00,2024-07-29,3.4,3.4,3.4,3.4,0,0,1
MIDCPNIFTY29JUL2411800PE.NFO,2024-05-03,09:25:00,2024-07-29,3.4,3.4,3.4,3.4,0,0,1
MIDCPNIFTY29JUL2411800PE.NFO,2024-05-03,09:26:00,2024-07-29,3.4,3.4,3.4,3.4,0,0,1
MIDCPNIFTY29JUL2411800PE.NFO,2024-05-03,09:27:00,2024-07-29,3.4,3.4,3.4,3.4,0,0,1
MIDCPNIFTY29JUL2411800PE.NFO,2024-05-03,09:28:00,2024-07-29,3.4,3.4,3.4,3.4,0,0,1
MIDCPNIFTY29JUL2411800PE.NFO,2024-05-03,09:29:00,2024-07-29,3.4,3.4,3.4,3.4,0,0,1
MIDCPNIFTY29JUL2411800PE.NFO,2024-05-03,09:30:00,2024-07-29,3.4,3.4,3.4,3.4,0,0,1
MIDCPNIFTY29JUL2411800PE.NFO,2024-05-03,09:31:00,2024-07-29,3.4,3.4,3.4,3.4,0,0,1
MIDCPNIFTY29JUL2411800PE.NFO,2024-05-03,09:32:00,2024-07-29,3.4,3.4,3.4,3.4,0,0,1
MIDCPNIFTY29JUL2411800PE.NFO,2024-05-03,09:33:00,2024-07-29,3.4,3.4,3.4,3.4,0,0,1
MIDCPNIFTY29JUL2411800PE.NFO,2024-05-03,09:34:00,2024-07-29,3.4,3.4,3.4,3.4,0,0,1
MIDCPNIFTY29JUL2411800PE.NFO,2024-05-03,09:35:00,2024-07-29,3.4,3.4,3.4,3.4,0,0,1
MIDCPNIFTY29JUL2411800PE.NFO,2024-05-03,09:36:00,2024-07-29,3.4,3.4,3.4,3.4,0,0,1
MIDCPNIFTY29JUL2411800PE.NFO,2024-05-03,09:37:00,2024-07-29,3.4,3.4,3.4,3.4,0,0,1
MIDCPNIFTY29JUL2411800PE.NFO,2024-05-03,09:38:00,2024-07-29,3.4,3.4,3.4,3.4,0,0,1
MIDCPNIFTY29JUL2411800PE.NFO,2024-05-03,09:39:00,2024-07-29,3.4,3.4,3.4,3.4,0,0,1
MIDCPNIFTY29JUL2411800PE.NFO,2024-05-03,09:40:00,2024-07-29,3.4,3.4,3.4,3.4,0,0,1
MIDCPNIFTY29JUL2411800PE.NFO,2024-05-03,09:41:00,2024-07-29,3.4,3.4,3.4,3.4,0,0,1
MIDCPNIFTY29JUL2411800PE.NFO,2024-05-03,09:42:00,2024-07-29,3.4,3.4,3.4,3.4,0,0,1
MIDCPNIFTY29JUL2411800PE.NFO,2024-05-03,09:43:00,2024-07-29,3.4,3.4,3.4,3.4,0,0,1
MIDCPNIFTY29JUL2411800PE.NFO,2024-05-03,09:44:00,2024-07-29,3.4,3.4,3.4,3.4,0,0,1
MIDCPNIFTY29JUL2411800PE.NFO,2024-05-03,09:45:00,2024-07-29,3.4,3.4,3.4,3.4,0,0,1
MIDCPNIFTY29JUL2411800PE.NFO,2024-05-03,09:46:00,2024-07-29,3.4,3.4,3.4,3.4,0,0,1
MIDCPNIFTY29JUL2411800PE.NFO,2024-05-03,09:47:00,2024-07-29,3.4,3.4,3.4,3.4,0,0,1
MIDCPNIFTY29JUL2411800PE.NFO,2024-05-03,09:48:00,2024-07-29,3.4,3.4,3.4,3.4,0,0,1
MIDCPNIFTY29JUL2411800PE.NFO,2024-05-03,09:49:00,2024-07-29,3.4,3.4,3.4,3.4,0,0,1
MIDCPNIFTY29JUL2411800PE.NFO,2024-05-03,09:50:00,2024-07-29,3.4,3.4,3.4,3.4,0,0,1
MIDCPNIFTY29JUL2411800PE.NFO,2024-05-03,09:51:00,2024-07-29,3.4,3.4,3.4,3.4,0,0,1
MIDCPNIFTY29JUL2411800PE.NFO,2024-05-03,09:52:00,2024-07-29,3.4,3.4,3.4,3.4,0,0,1
MIDCPNIFTY29JUL2411800PE.NFO,2024-05-03,09:53:00,2024-07-29,3.4,3.4,3.4,3.4,0,0,1
MIDCPNIFTY29JUL2411800PE.NFO,2024-05-03,09:54:00,2024-07-29,3.4,3.4,3.4,3.4,0,0,1
MIDCPNIFTY29JUL2411800PE.NFO,2024-05-03,09:55:00,2024-07-29,3.4,3.4,3.4,3.4,0,0,1
MIDCPNIFTY29JUL2411800PE.NFO,2024-05-03,09:56:00,2024-07-29,3.4,3.4,3.4,3.4,0,0,1
MIDCPNIFTY29JUL2411800PE.NFO,2024-05-03,09:57:00,2024-07-29,3.4,3.4,3.4,3.4,0,0,1
MIDCPNIFTY29JUL2411800PE.NFO,2024-05-03,09:58:00,2024-07-29,3.4,3.4,3.4,3.4,0,0,1
MIDCPNIFTY29JUL2411800PE.NFO,2024-05-03,09:59:00,2024-07-29,3.4,3.4,3.4,3.4,0,0,1
MIDCPNIFTY29JUL2411800PE.NFO,2024-05-03,10:00:00,2024-07-29,3.4,3.4,3.4,3.4,0,0,1
MIDCPNIFTY29JUL2411800PE.NFO,2024-05-03,10:01:00,2024-07-29,3.4,3.4,3.4,3.4,0,0,1
MIDCPNIFTY29JUL2411800PE.NFO,2024-05-03,10:02:00,2024-07-29,3.4,3.4,3.4,3.4,0,0,1
MIDCPNIFTY29JUL2411800PE.NFO,2024-05-03,10:03:00,2024-07-29,3.4,3.4,3.4,3.4,0,0,1
MIDCPNIFTY29JUL2411800PE.NFO,2024-05-03,10:04:00,2024-07-29,3.4,3.4,3.4,3.4,0,0,1
MIDCPNIFTY29JUL2411800PE.NFO,2024-05-03,10:05:00,2024-07-29,3.4,3.4,3.4,3.4,0,0,1
MIDCPNIFTY29JUL2411800PE.NFO,2024-05-03,10:06:00,2024-07-29,3.4,3.4,3.4,3.4,0,0,1
MIDCPNIFTY29JUL2411800PE.NFO,2024-05-03,10:07:00,2024-07-29,3.4,3.4,3.4,3.4,0,0,1
MIDCPNIFTY29JUL2411800PE.NFO,2024-05-03,10:08:00,2024-07-29,3.4,3.4,3.4,3.4,0,0,1
MIDCPNIFTY29JUL2411800PE.NFO,2024-05-03,10:09:00,2024-07-29,3.4,3.4,3.4,3.4,0,0,1
MIDCPNIFTY29JUL2411800PE.NFO,2024-05-03,10:10:00,2024-07-29,3.4,3.4,3.4,3.4,0,0,1
MIDCPNIFTY29JUL2411800PE.NFO,2024-05-03,10:11:00,2024-07-29,3.4,3.4,3.4,3.4,0,0,1
MIDCPNIFTY29JUL2411800PE.NFO,2024-05-03,10:12:00,2024-07-29,3.4,3.4,3.4,3.4,0,0,1
MIDCPNIFTY29JUL2411800PE.NFO,2024-05-03,10:13:00,2024-07-29,3.4,3.4,3.4,3.4,0,0,1
MIDCPNIFTY29JUL2411800PE.NFO,2024-05-03,10:14:00,2024-07-29,3.4,3.4,3.4,3.4,0,0,1
MIDCPNIFTY29JUL2411800PE.NFO,2024-05-03,10:15:00,2024-07-29,3.4,3.4,3.4,3.4,0,0,1
MIDCPNIFTY29JUL2411800PE.NFO,2024-05-03,10:16:00,2024-07-29,3.4,3.4,3.4,3.4,0,0,1
MIDCPNIFTY29JUL2411800PE.NFO,2024-05-03,10:17:00,2024-07-29,3.4,3.4,3.4,3.4,0,0,1
MIDCPNIFTY29JUL2411800PE.NFO,2024-05-03,10:18:00,2024-07-29,3.4,3.4,3.4,3.4,0,0,1
MIDCPNIFTY29JUL2411800PE.NFO,2024-05-03,10:19:00,2024-07-29,3.4,3.4,3.4,3.4,0,0,1
MIDCPNIFTY29JUL2411800PE.NFO,2024-05-03,10:20:00,2024-07-29,3.4,3.4,3.4,3.4,0,0,1
MIDCPNIFTY29JUL2411800PE.NFO,2024-05-03,10:21:00,2024-07-29,3.4,3.4,3.4,3.4,0,0,1
MIDCPNIFTY29JUL2411800PE.NFO,2024-05-03,10:22:00,2024-07-29,3.4,3.4,3.4,3.4,0,0,1
MIDCPNIFTY29JUL2411800PE.NFO,2024-05-03,10:23:00,2024-07-29,3.4,3.4,3.4,3.4,0,0,1
MIDCPNIFTY29JUL2411800PE.NFO,2024-05-03,10:24:00,2024-07-29,3.4,3.4,3.4,3.4,0,0,1
MIDCPNIFTY29JUL2411800PE.NFO,2024-05-03,10:25:00,2024-07-29,3.4,3.4,3.4,3.4,0,0,1
MIDCPNIFTY29JUL2411800PE.NFO,2024-05-03,10:26:00,2024-07-29,3.4,3.4,3.4,3.4,0,0,1
MIDCPNIFTY29JUL2411800PE.NFO,2024-05-03,10:27:00,2024-07-29,3.4,3.4,3.4,3.4,0,0,1
MIDCPNIFTY29JUL2411800PE.NFO,2024-05-03,10:28:00,2024-07-29,3.4,3.4,3.4,3.4,0,0,1
MIDCPNIFTY29JUL2411800PE.NFO,2024-05-03,10:29:00,2024-07-29,3.4,3.4,3.4,3.4,0,0,1
MIDCPNIFTY29JUL2411800PE.NFO,2024-05-03,10:30:00,2024-07-29,3.4,3.4,3.4,3.4,0,0,1
MIDCPNIFTY29JUL2411800PE.NFO,2024-05-03,10:31:00,2024-07-29,3.4,3.4,3.4,3.4,0,0,1
MIDCPNIFTY29JUL2411800PE.NFO,2024-05-03,10:32:00,2024-07-29,3.4,3.4,3.4,3.4,0,0,1
MIDCPNIFTY29JUL2411800PE.NFO,2024-05-03,10:33:00,2024-07-29,3.4,3.4,3.4,3.4,0,0,1
MIDCPNIFTY29JUL2411800PE.NFO,2024-05-03,10:34:00,2024-07-29,3.4,3.4,3.4,3.4,0,0,1
MIDCPNIFTY29JUL2411800PE.NFO,2024-05-03,10:35:00,2024-07-29,3.4,3.4,3.4,3.4,0,0,1
MIDCPNIFTY29JUL2411800PE.NFO,2024-05-03,10:36:00,2024-07-29,3.4,3.4,3.4,3.4,0,0,1
MIDCPNIFTY29JUL2411800PE.NFO,2024-05-03,10:37:00,2024-07-29,3.4,3.4,3.4,3.4,0,0,1
MIDCPNIFTY29JUL2411800PE.NFO,2024-05-03,10:38:00,2024-07-29,3.4,3.4,3.4,3.4,0,0,1
MIDCPNIFTY29JUL2411800PE.NFO,2024-05-03,10:39:00,2024-07-29,3.4,3.4,3.4,3.4,0,0,1
MIDCPNIFTY29JUL2411800PE.NFO,2024-05-03,10:40:00,2024-07-29,3.4,3.4,3.4,3.4,0,0,1
MIDCPNIFTY29JUL2411800PE.NFO,2024-05-03,10:41:00,2024-07-29,3.4,3.4,3.4,3.4,0,0,1
MIDCPNIFTY29JUL2411800PE.NFO,2024-05-03,10:42:00,2024-07-29,3.4,3.4,3.4,3.4,0,0,1
MIDCPNIFTY29JUL2411800PE.NFO,2024-05-03,10:43:00,2024-07-29,3.4,3.4,3.4,3.4,0,0,1
MIDCPNIFTY29JUL2411800PE.NFO,2024-05-03,10:44:00,2024-07-29,3.4,3.4,3.4,3.4,0,0,1
MIDCPNIFTY29JUL2411800PE.NFO,2024-05-03,10:45:00,2024-07-29,3.4,3.4,3.4,3.4,0,0,1
MIDCPNIFTY29JUL2411800PE.NFO,2024-05-03,10:46:00,2024-07-29,3.4,3.4,3.4,3.4,0,0,1
MIDCPNIFTY29JUL2411800PE.NFO,2024-05-03,10:47:00,2024-07-29,3.4,3.4,3.4,3.4,0,0,1
MIDCPNIFTY29JUL2411800PE.NFO,2024-05-03,10:48:00,2024-07-29,3.4,3.4,3.4,3.4,0,0,1
MIDCPNIFTY29JUL2411800PE.NFO,2024-05-03,10:49:00,2024-07-29,3.4,3.4,3.4,3.4,0,0,1
MIDCPNIFTY29JUL2411800PE.NFO,2024-05-03,10:50:00,2024-07-29,3.4,3.4,3.4,3.4,0,0,1
MIDCPNIFTY29JUL2411800PE.NFO,2024-05-03,10:51:00,2024-07-29,3.4,3.4,3.4,3.4,0,0,1
MIDCPNIFTY29JUL2411800PE.NFO,2024-05-03,10:52:00,2024-07-29,3.4,3.4,3.4,3.4,0,0,1
MIDCPNIFTY29JUL2411800PE.NFO,2024-05-03,10:53:00,2024-07-29,3.4,3.4,3.4,3.4,0,0,1
MIDCPNIFTY29JUL2411800PE.NFO,2024-05-03,10:54:00,2024-07-29,3.4,3.4,3.4,3.4,0,0,1
MIDCPNIFTY29JUL2411800PE.NFO,2024-05-03,10:55:00,2024-07-29,3.4,3.4,3.4,3.4,0,0,1
MIDCPNIFTY29JUL2411800PE.NFO,2024-05-03,10:56:00,2024-07-29,3.4,3.4,3.4,3.4,0,0,1
MIDCPNIFTY29JUL2411800PE.NFO,2024-05-03,10:57:00,2024-07-29,3.4,3.4,3.4,3.4,0,0,1
MIDCPNIFTY29JUL2411800PE.NFO,2024-05-03,10:58:00,2024-07-29,3.4,3.4,3.4,3.4,0,0,1
MIDCPNIFTY29JUL2411800PE.NFO,2024-05-03,10:59:00,2024-07-29,3.4,3.4,3.4,3.4,0,0,1
MIDCPNIFTY29JUL2411800PE.NFO,2024-05-03,11:00:00,2024-07-29,3.4,3.4,3.4,3.4,0,0,1
MIDCPNIFTY29JUL2411800PE.NFO,2024-05-03,11:01:00,2024-07-29,3.4,3.4,3.4,3.4,0,0,1
MIDCPNIFTY29JUL2411800PE.NFO,2024-05-03,11:02:00,2024-07-29,3.4,3.4,3.4,3.4,0,0,1
MIDCPNIFTY29JUL2411800PE.NFO,2024-05-03,11:03:00,2024-07-29,3.4,3.4,3.4,3.4,0,0,1
MIDCPNIFTY29JUL2411800PE.NFO,2024-05-03,11:04:00,2024-07-29,3.4,3.4,3.4,3.4,0,0,1
MIDCPNIFTY29JUL2411800PE.NFO,2024-05-03,11:05:00,2024-07-29,3.4,3.4,3.4,3.4,0,0,1
MIDCPNIFTY29JUL2411800PE.NFO,2024-05-03,11:06:00,2024-07-29,3.4,3.4,3.4,3.4,0,0,1
MIDCPNIFTY29JUL2411800PE.NFO,2024-05-03,11:07:00,2024-07-29,3.4,3.4,3.4,3.4,0,0,1
MIDCPNIFTY29JUL2411800PE.NFO,2024-05-03,11:08:00,2024-07-29,3.4,3.4,3.4,3.4,0,0,1
MIDCPNIFTY29JUL2411800PE.NFO,2024-05-03,11:09:00,2024-07-29,3.4,3.4,3.4,3.4,0,0,1
MIDCPNIFTY29JUL2411800PE.NFO,2024-05-03,11:10:00,2024-07-29,3.4,3.4,3.4,3.4,0,0,1
MIDCPNIFTY29JUL2411800PE.NFO,2024-05-03,11:11:00,2024-07-29,3.4,3.4,3.4,3.4,0,0,1
MIDCPNIFTY29JUL2411800PE.NFO,2024-05-03,11:12:00,2024-07-29,3.4,3.4,3.4,3.4,0,0,1
MIDCPNIFTY29JUL2411800PE.NFO,2024-05-03,11:13:00,2024-07-29,3.4,3.4,3.4,3.4,0,0,1
MIDCPNIFTY29JUL2411800PE.NFO,2024-05-03,11:14:00,2024-07-29,3.4,3.4,3.4,3.4,0,0,1
MIDCPNIFTY29JUL2411800PE.NFO,2024-05-03,11:15:00,2024-07-29,3.4,3.4,3.4,3.4,0,0,1
MIDCPNIFTY29JUL2411800PE.NFO,2024-05-03,11:16:00,2024-07-29,3.4,3.4,3.4,3.4,0,0,1
MIDCPNIFTY29JUL2411800PE.NFO,2024-05-03,11:17:00,2024-07-29,3.4,3.4,3.4,3.4,0,0,1
MIDCPNIFTY29JUL2411800PE.NFO,2024-05-03,11:18:00,2024-07-29,3.4,3.4,3.4,3.4,0,0,1
MIDCPNIFTY29JUL2411800PE.NFO,2024-05-03,11:19:00,2024-07-29,3.4,3.4,3.4,3.4,0,0,1
MIDCPNIFTY29JUL2411800PE.NFO,2024-05-03,11:20:00,2024-07-29,3.4,3.4,3.4,3.4,0,0,1
MIDCPNIFTY29JUL2411800PE.NFO,2024-05-03,11:21:00,2024-07-29,3.4,3.4,3.4,3.4,0,0,1
MIDCPNIFTY29JUL2411800PE.NFO,2024-05-03,11:22:00,2024-07-29,3.4,3.4,3.4,3.4,0,0,1
MIDCPNIFTY29JUL2411800PE.NFO,2024-05-03,11:23:00,2024-07-29,3.4,3.4,3.4,3.4,0,0,1
MIDCPNIFTY29JUL2411800PE.NFO,2024-05-03,11:24:00,2024-07-29,3.4,3.4,3.4,3.4,0,0,1
MIDCPNIFTY29JUL2411800PE.NFO,2024-05-03,11:25:00,2024-07-29,3.4,3.4,3.4,3.4,0,0,1
MIDCPNIFTY29JUL2411800PE.NFO,2024-05-03,11:26:00,2024-07-29,3.4,3.4,3.4,3.4,0,0,1
MIDCPNIFTY29JUL2411800PE.NFO,2024-05-03,11:27:00,2024-07-29,3.4,3.4,3.4,3.4,0,0,1
MIDCPNIFTY29JUL2411800PE.NFO,2024-05-03,11:28:00,2024-07-29,3.4,3.4,3.4,3.4,0,0,1
MIDCPNIFTY29JUL2411800PE.NFO,2024-05-03,11:29:00,2024-07-29,3.4,3.4,3.4,3.4,0,0,1
MIDCPNIFTY29JUL2411800PE.NFO,2024-05-03,11:30:00,2024-07-29,3.4,3.4,3.4,3.4,0,0,1
MIDCPNIFTY29JUL2411800PE.NFO,2024-05-03,11:31:00,2024-07-29,3.4,3.4,3.4,3.4,0,0,1
MIDCPNIFTY29JUL2411800PE.NFO,2024-05-03,11:32:00,2024-07-29,3.4,3.4,3.4,3.4,0,0,1
MIDCPNIFTY29JUL2411800PE.NFO,2024-05-03,11:33:00,2024-07-29,3.4,3.4,3.4,3.4,0,0,1
MIDCPNIFTY29JUL2411800PE.NFO,2024-05-03,11:34:00,2024-07-29,3.4,3.4,3.4,3.4,0,0,1
MIDCPNIFTY29JUL2411800PE.NFO,2024-05-03,11:35:00,2024-07-29,3.4,3.4,3.4,3.4,0,0,1
MIDCPNIFTY29JUL2411800PE.NFO,2024-05-03,11:36:00,2024-07-29,3.4,3.4,3.4,3.4,0,0,1
MIDCPNIFTY29JUL2411800PE.NFO,2024-05-03,11:37:00,2024-07-29,3.4,3.4,3.4,3.4,0,0,1
MIDCPNIFTY29JUL2411800PE.NFO,2024-05-03,11:38:00,2024-07-29,3.4,3.4,3.4,3.4,0,0,1
MIDCPNIFTY29JUL2411800PE.NFO,2024-05-03,11:39:00,2024-07-29,3.4,3.4,3.4,3.4,0,0,1
MIDCPNIFTY29JUL2411800PE.NFO,2024-05-03,11:40:00,2024-07-29,3.4,3.4,3.4,3.4,0,0,1
MIDCPNIFTY29JUL2411800PE.NFO,2024-05-03,11:41:00,2024-07-29,3.4,3.4,3.4,3.4,0,0,1
MIDCPNIFTY29JUL2411800PE.NFO,2024-05-03,11:42:00,2024-07-29,3.4,3.4,3.4,3.4,0,0,1
MIDCPNIFTY29JUL2411800PE.NFO,2024-05-03,11:43:00,2024-07-29,3.4,3.4,3.4,3.4,0,0,1
MIDCPNIFTY29JUL2411800PE.NFO,2024-05-03,11:44:00,2024-07-29,3.4,3.4,3.4,3.4,0,0,1
MIDCPNIFTY29JUL2411800PE.NFO,2024-05-03,11:45:00,2024-07-29,3.4,3.4,3.4,3.4,0,0,1
MIDCPNIFTY29JUL2411800PE.NFO,2024-05-03,11:46:00,2024-07-29,3.4,3.4,3.4,3.4,0,0,1
MIDCPNIFTY29JUL2411800PE.NFO,2024-05-03,11:47:00,2024-07-29,3.4,3.4,3.4,3.4,0,0,1
MIDCPNIFTY29JUL2411800PE.NFO,2024-05-03,11:48:00,2024-07-29,3.4,3.4,3.4,3.4,0,0,1
MIDCPNIFTY29JUL2411800PE.NFO,2024-05-03,11:49:00,2024-07-29,3.4,3.4,3.4,3.4,0,0,1
MIDCPNIFTY29JUL2411800PE.NFO,2024-05-03,11:50:00,2024-07-29,3.4,3.4,3.4,3.4,0,0,1
MIDCPNIFTY29JUL2411800PE.NFO,2024-05-03,11:51:00,2024-07-29,3.4,3.4,3.4,3.4,0,0,1
MIDCPNIFTY29JUL2411800PE.NFO,2024-05-03,11:52:00,2024-07-29,3.4,3.4,3.4,3.4,0,0,1
MIDCPNIFTY29JUL2411800PE.NFO,2024-05-03,11:53:00,2024-07-29,3.4,3.4,3.4,3.4,0,0,1
MIDCPNIFTY29JUL2411800PE.NFO,2024-05-03,11:54:00,2024-07-29,3.4,3.4,3.4,3.4,0,0,1
MIDCPNIFTY29JUL2411800PE.NFO,2024-05-03,11:55:00,2024-07-29,3.4,3.4,3.4,3.4,0,0,1
MIDCPNIFTY29JUL2411800PE.NFO,2024-05-03,11:56:00,2024-07-29,3.4,3.4,3.4,3.4,0,0,1
MIDCPNIFTY29JUL2411800PE.NFO,2024-05-03,11:57:00,2024-07-29,3.4,3.4,3.4,3.4,0,0,1
MIDCPNIFTY29JUL2411800PE.NFO,2024-05-03,11:58:00,2024-07-29,3.4,3.4,3.4,3.4,0,0,1
MIDCPNIFTY29JUL2411800PE.NFO,2024-05-03,11:59:00,2024-07-29,3.4,3.4,3.4,3.4,0,0,1
MIDCPNIFTY29JUL2411800PE.NFO,2024-05-03,12:00:00,2024-07-29,3.4,3.4,3.4,3.4,0,0,1
MIDCPNIFTY29JUL2411800PE.NFO,2024-05-03,12:01:00,2024-07-29,3.4,3.4,3.4,3.4,0,0,1
MIDCPNIFTY29JUL2411800PE.NFO,2024-05-03,12:02:00,2024-07-29,3.4,3.4,3.4,3.4,0,0,1
MIDCPNIFTY29JUL2411800PE.NFO,2024-05-03,12:03:00,2024-07-29,3.4,3.4,3.4,3.4,0,0,1
MIDCPNIFTY29JUL2411800PE.NFO,2024-05-03,12:04:00,2024-07-29,3.4,3.4,3.4,3.4,0,0,1
MIDCPNIFTY29JUL2411800PE.NFO,2024-05-03,12:05:00,2024-07-29,3.4,3.4,3.4,3.4,0,0,1
MIDCPNIFTY29JUL2411800PE.NFO,2024-05-03,12:06:00,2024-07-29,3.4,3.4,3.4,3.4,0,0,1
MIDCPNIFTY29JUL2411800PE.NFO,2024-05-03,12:07:00,2024-07-29,3.4,3.4,3.4,3.4,0,0,1
MIDCPNIFTY29JUL2411800PE.NFO,2024-05-03,12:08:00,2024-07-29,3.4,3.4,3.4,3.4,0,0,1
MIDCPNIFTY29JUL2411800PE.NFO,2024-05-03,12:09:00,2024-07-29,3.4,3.4,3.4,3.4,0,0,1
MIDCPNIFTY29JUL2411800PE.NFO,2024-05-03,12:10:00,2024-07-29,3.4,3.4,3.4,3.4,0,0,1
MIDCPNIFTY29JUL2411800PE.NFO,2024-05-03,12:11:00,2024-07-29,3.4,3.4,3.4,3.4,0,0,1
MIDCPNIFTY29JUL2411800PE.NFO,2024-05-03,12:12:00,2024-07-29,3.4,3.4,3.4,3.4,0,0,1
MIDCPNIFTY29JUL2411800PE.NFO,2024-05-03,12:13:00,2024-07-29,3.4,3.4,3.4,3.4,0,0,1
MIDCPNIFTY29JUL2411800PE.NFO,2024-05-03,12:14:00,2024-07-29,3.4,3.4,3.4,3.4,0,0,1
MIDCPNIFTY29JUL2411800PE.NFO,2024-05-03,12:15:00,2024-07-29,3.4,3.4,3.4,3.4,0,0,1
MIDCPNIFTY29JUL2411800PE.NFO,2024-05-03,12:16:00,2024-07-29,3.4,3.4,3.4,3.4,0,0,1
MIDCPNIFTY29JUL2411800PE.NFO,2024-05-03,12:17:00,2024-07-29,3.4,3.4,3.4,3.4,0,0,1
MIDCPNIFTY29JUL2411800PE.NFO,2024-05-03,12:18:00,2024-07-29,3.4,3.4,3.4,3.4,0,0,1
MIDCPNIFTY29JUL2411800PE.NFO,2024-05-03,12:19:00,2024-07-29,3.4,3.4,3.4,3.4,0,0,1
MIDCPNIFTY29JUL2411800PE.NFO,2024-05-03,12:20:00,2024-07-29,3.4,3.4,3.4,3.4,0,0,1
MIDCPNIFTY29JUL2411800PE.NFO,2024-05-03,12:21:00,2024-07-29,3.4,3.4,3.4,3.4,0,0,1
MIDCPNIFTY29JUL2411800PE.NFO,2024-05-03,12:22:00,2024-07-29,3.4,3.4,3.4,3.4,0,0,1
MIDCPNIFTY29JUL2411800PE.NFO,2024-05-03,12:23:00,2024-07-29,3.4,3.4,3.4,3.4,0,0,1
MIDCPNIFTY29JUL2411800PE.NFO,2024-05-03,12:24:00,2024-07-29,3.4,3.4,3.4,3.4,0,0,1
MIDCPNIFTY29JUL2411800PE.NFO,2024-05-03,12:25:00,2024-07-29,3.4,3.4,3.4,3.4,0,0,1
MIDCPNIFTY29JUL2411800PE.NFO,2024-05-03,12:26:00,2024-07-29,3.4,3.4,3.4,3.4,0,0,1
MIDCPNIFTY29JUL2411800PE.NFO,2024-05-03,12:27:00,2024-07-29,3.4,3.4,3.4,3.4,0,0,1
MIDCPNIFTY29JUL2411800PE.NFO,2024-05-03,12:28:00,2024-07-29,3.4,3.4,3.4,3.4,0,0,1
MIDCPNIFTY29JUL2411800PE.NFO,2024-05-03,12:29:00,2024-07-29,3.4,3.4,3.4,3.4,0,0,1
MIDCPNIFTY29JUL2411800PE.NFO,2024-05-03,12:30:00,2024-07-29,3.4,3.4,3.4,3.4,0,0,1
MIDCPNIFTY29JUL2411800PE.NFO,2024-05-03,12:31:00,2024-07-29,3.4,3.4,3.4,3.4,0,0,1
MIDCPNIFTY29JUL2411800PE.NFO,2024-05-03,12:32:00,2024-07-29,3.4,3.4,3.4,3.4,0,0,1
MIDCPNIFTY29JUL2411800PE.NFO,2024-05-03,12:33:00,2024-07-29,3.4,3.4,3.4,3.4,0,0,1
MIDCPNIFTY29JUL2411800PE.NFO,2024-05-03,12:34:00,2024-07-29,3.4,3.4,3.4,3.4,0,0,1
MIDCPNIFTY29JUL2411800PE.NFO,2024-05-03,12:35:00,2024-07-29,3.4,3.4,3.4,3.4,0,0,1
MIDCPNIFTY29JUL2411800PE.NFO,2024-05-03,12:36:00,2024-07-29,3.4,3.4,3.4,3.4,0,0,1
MIDCPNIFTY29JUL2411800PE.NFO,2024-05-03,12:37:00,2024-07-29,3.4,3.4,3.4,3.4,0,0,1
MIDCPNIFTY29JUL2411800PE.NFO,2024-05-03,12:38:00,2024-07-29,3.4,3.4,3.4,3.4,0,0,1
MIDCPNIFTY29JUL2411800PE.NFO,2024-05-03,12:39:00,2024-07-29,3.4,3.4,3.4,3.4,0,0,1
MIDCPNIFTY29JUL2411800PE.NFO,2024-05-03,12:40:00,2024-07-29,3.4,3.4,3.4,3.4,0,0,1
MIDCPNIFTY29JUL2411800PE.NFO,2024-05-03,12:41:00,2024-07-29,3.4,3.4,3.4,3.4,0,0,1
MIDCPNIFTY29JUL2411800PE.NFO,2024-05-03,12:42:00,2024-07-29,3.4,3.4,3.4,3.4,0,0,1
MIDCPNIFTY29JUL2411800PE.NFO,2024-05-03,12:43:00,2024-07-29,3.4,3.4,3.4,3.4,0,0,1
MIDCPNIFTY29JUL2411800PE.NFO,2024-05-03,12:44:00,2024-07-29,3.4,3.4,3.4,3.4,0,0,1
MIDCPNIFTY29JUL2411800PE.NFO,2024-05-03,12:45:00,2024-07-29,3.4,3.4,3.4,3.4,0,0,1
MIDCPNIFTY29JUL2411800PE.NFO,2024-05-03,12:46:00,2024-07-29,3.4,3.4,3.4,3.4,0,0,1
MIDCPNIFTY29JUL2411800PE.NFO,2024-05-03,12:47:00,2024-07-29,3.4,3.4,3.4,3.4,0,0,1
MIDCPNIFTY29JUL2411800PE.NFO,2024-05-03,12:48:00,2024-07-29,3.4,3.4,3.4,3.4,0,0,1
MIDCPNIFTY29JUL2411800PE.NFO,2024-05-03,12:49:00,2024-07-29,3.4,3.4,3.4,3.4,0,0,1
MIDCPNIFTY29JUL2411800PE.NFO,2024-05-03,12:50:00,2024-07-29,3.4,3.4,3.4,3.4,0,0,1
MIDCPNIFTY29JUL2411800PE.NFO,2024-05-03,12:51:00,2024-07-29,3.4,3.4,3.4,3.4,0,0,1
MIDCPNIFTY29JUL2411800PE.NFO,2024-05-03,12:52:00,2024-07-29,3.4,3.4,3.4,3.4,0,0,1
MIDCPNIFTY29JUL2411800PE.NFO,2024-05-03,12:53:00,2024-07-29,3.4,3.4,3.4,3.4,0,0,1
MIDCPNIFTY29JUL2411800PE.NFO,2024-05-03,12:54:00,2024-07-29,3.4,3.4,3.4,3.4,0,0,1
MIDCPNIFTY29JUL2411800PE.NFO,2024-05-03,12:55:00,2024-07-29,3.4,3.4,3.4,3.4,0,0,1
MIDCPNIFTY29JUL2411800PE.NFO,2024-05-03,12:56:00,2024-07-29,3.4,3.4,3.4,3.4,0,0,1
MIDCPNIFTY29JUL2411800PE.NFO,2024-05-03,12:57:00,2024-07-29,3.4,3.4,3.4,3.4,0,0,1
MIDCPNIFTY29JUL2411800PE.NFO,2024-05-03,12:58:00,2024-07-29,3.4,3.4,3.4,3.4,0,0,1
MIDCPNIFTY29JUL2411800PE.NFO,2024-05-03,12:59:00,2024-07-29,3.4,3.4,3.4,3.4,0,0,1
MIDCPNIFTY29JUL2411800PE.NFO,2024-05-03,13:00:00,2024-07-29,3.4,3.4,3.4,3.4,0,0,1
MIDCPNIFTY29JUL2411800PE.NFO,2024-05-03,13:01:00,2024-07-29,3.4,3.4,3.4,3.4,0,0,1
MIDCPNIFTY29JUL2411800PE.NFO,2024-05-03,13:02:00,2024-07-29,3.4,3.4,3.4,3.4,0,0,1
MIDCPNIFTY29JUL2411800PE.NFO,2024-05-03,13:03:00,2024-07-29,3.4,3.4,3.4,3.4,0,0,1
MIDCPNIFTY29JUL2411800PE.NFO,2024-05-03,13:04:00,2024-07-29,3.4,3.4,3.4,3.4,0,0,1
MIDCPNIFTY29JUL2411800PE.NFO,2024-05-03,13:05:00,2024-07-29,3.4,3.4,3.4,3.4,0,0,1
MIDCPNIFTY29JUL2411800PE.NFO,2024-05-03,13:06:00,2024-07-29,3.4,3.4,3.4,3.4,0,0,1
MIDCPNIFTY29JUL2411800PE.NFO,2024-05-03,13:07:00,2024-07-29,3.4,3.4,3.4,3.4,0,0,1
MIDCPNIFTY29JUL2411800PE.NFO,2024-05-03,13:08:00,2024-07-29,3.4,3.4,3.4,3.4,0,0,1
MIDCPNIFTY29JUL2411800PE.NFO,2024-05-03,13:09:00,2024-07-29,3.4,3.4,3.4,3.4,0,0,1
MIDCPNIFTY29JUL2411800PE.NFO,2024-05-03,13:10:00,2024-07-29,3.4,3.4,3.4,3.4,0,0,1
MIDCPNIFTY29JUL2411800PE.NFO,2024-05-03,13:11:00,2024-07-29,3.4,3.4,3.4,3.4,0,0,1
MIDCPNIFTY29JUL2411800PE.NFO,2024-05-03,13:12:00,2024-07-29,3.4,3.4,3.4,3.4,0,0,1
MIDCPNIFTY29JUL2411800PE.NFO,2024-05-03,13:13:00,2024-07-29,3.4,3.4,3.4,3.4,0,0,1
MIDCPNIFTY29JUL2411800PE.NFO,2024-05-03,13:14:00,2024-07-29,3.4,3.4,3.4,3.4,0,0,1
MIDCPNIFTY29JUL2411800PE.NFO,2024-05-03,13:15:00,2024-07-29,3.4,3.4,3.4,3.4,0,0,1
MIDCPNIFTY29JUL2411800PE.NFO,2024-05-03,13:16:00,2024-07-29,3.4,3.4,3.4,3.4,0,0,1
MIDCPNIFTY29JUL2411800PE.NFO,2024-05-03,13:17:00,2024-07-29,3.4,3.4,3.4,3.4,0,0,1
MIDCPNIFTY29JUL2411800PE.NFO,2024-05-03,13:18:00,2024-07-29,3.4,3.4,3.4,3.4,0,0,1
MIDCPNIFTY29JUL2411800PE.NFO,2024-05-03,13:19:00,2024-07-29,3.4,3.4,3.4,3.4,0,0,1
MIDCPNIFTY29JUL2411800PE.NFO,2024-05-03,13:20:00,2024-07-29,3.4,3.4,3.4,3.4,0,0,1
MIDCPNIFTY29JUL2411800PE.NFO,2024-05-03,13:21:00,2024-07-29,3.4,3.4,3.4,3.4,0,0,1
MIDCPNIFTY29JUL2411800PE.NFO,2024-05-03,13:22:00,2024-07-29,3.4,3.4,3.4,3.4,0,0,1
MIDCPNIFTY29JUL2411800PE.NFO,2024-05-03,13:23:00,2024-07-29,3.4,3.4,3.4,3.4,0,0,1
MIDCPNIFTY29JUL2411800PE.NFO,2024-05-03,13:24:00,2024-07-29,3.4,3.4,3.4,3.4,0,0,1
MIDCPNIFTY29JUL2411800PE.NFO,2024-05-03,13:25:00,2024-07-29,3.4,3.4,3.4,3.4,0,0,1
MIDCPNIFTY29JUL2411800PE.NFO,2024-05-03,13:26:00,2024-07-29,3.4,3.4,3.4,3.4,0,0,1
MIDCPNIFTY29JUL2411800PE.NFO,2024-05-03,13:27:00,2024-07-29,3.4,3.4,3.4,3.4,0,0,1
MIDCPNIFTY29JUL2411800PE.NFO,2024-05-03,13:28:00,2024-07-29,3.4,3.4,3.4,3.4,0,0,1
MIDCPNIFTY29JUL2411800PE.NFO,2024-05-03,13:29:00,2024-07-29,3.4,3.4,3.4,3.4,0,0,1
MIDCPNIFTY29JUL2411800PE.NFO,2024-05-03,13:30:00,2024-07-29,3.4,3.4,3.4,3.4,0,0,1
MIDCPNIFTY29JUL2411800PE.NFO,2024-05-03,13:31:00,2024-07-29,3.4,3.4,3.4,3.4,0,0,1
MIDCPNIFTY29JUL2411800PE.NFO,2024-05-03,13:32:00,2024-07-29,3.4,3.4,3.4,3.4,0,0,1
MIDCPNIFTY29JUL2411800PE.NFO,2024-05-03,13:33:00,2024-07-29,3.4,3.4,3.4,3.4,0,0,1
MIDCPNIFTY29JUL2411800PE.NFO,2024-05-03,13:34:00,2024-07-29,3.4,3.4,3.4,3.4,0,0,1
MIDCPNIFTY29JUL2411800PE.NFO,2024-05-03,13:35:00,2024-07-29,3.4,3.4,3.4,3.4,0,0,1
MIDCPNIFTY29JUL2411800PE.NFO,2024-05-03,13:36:00,2024-07-29,3.4,3.4,3.4,3.4,0,0,1
MIDCPNIFTY29JUL2411800PE.NFO,2024-05-03,13:37:00,2024-07-29,3.4,3.4,3.4,3.4,0,0,1
MIDCPNIFTY29JUL2411800PE.NFO,2024-05-03,13:38:00,2024-07-29,3.4,3.4,3.4,3.4,0,0,1
MIDCPNIFTY29JUL2411800PE.NFO,2024-05-03,13:39:00,2024-07-29,3.4,3.4,3.4,3.4,0,0,1
MIDCPNIFTY29JUL2411800PE.NFO,2024-05-03,13:40:00,2024-07-29,3.4,3.4,3.4,3.4,0,0,1
MIDCPNIFTY29JUL2411800PE.NFO,2024-05-03,13:41:00,2024-07-29,3.4,3.4,3.4,3.4,0,0,1
MIDCPNIFTY29JUL2411800PE.NFO,2024-05-03,13:42:00,2024-07-29,3.4,3.4,3.4,3.4,0,0,1
MIDCPNIFTY29JUL2411800PE.NFO,2024-05-03,13:43:00,2024-07-29,3.4,3.4,3.4,3.4,0,0,1
MIDCPNIFTY29JUL2411800PE.NFO,2024-05-03,13:44:00,2024-07-29,3.4,3.4,3.4,3.4,0,0,1
MIDCPNIFTY29JUL2411800PE.NFO,2024-05-03,13:45:00,2024-07-29,3.4,3.4,3.4,3.4,0,0,1
MIDCPNIFTY29JUL2411800PE.NFO,2024-05-03,13:46:00,2024-07-29,3.4,3.4,3.4,3.4,0,0,1
MIDCPNIFTY29JUL2411800PE.NFO,2024-05-03,13:47:00,2024-07-29,3.4,3.4,3.4,3.4,0,0,1
MIDCPNIFTY29JUL2411800PE.NFO,2024-05-03,13:48:00,2024-07-29,3.4,3.4,3.4,3.4,0,0,1
MIDCPNIFTY29JUL2411800PE.NFO,2024-05-03,13:49:00,2024-07-29,3.4,3.4,3.4,3.4,0,0,1
MIDCPNIFTY29JUL2411800PE.NFO,2024-05-03,13:50:00,2024-07-29,3.4,3.4,3.4,3.4,0,0,1
MIDCPNIFTY29JUL2411800PE.NFO,2024-05-03,13:51:00,2024-07-29,3.4,3.4,3.4,3.4,0,0,1
MIDCPNIFTY29JUL2411800PE.NFO,2024-05-03,13:52:00,2024-07-29,3.4,3.4,3.4,3.4,0,0,1
MIDCPNIFTY29JUL2411800PE.NFO,2024-05-03,13:53:00,2024-07-29,3.4,3.4,3.4,3.4,0,0,1
MIDCPNIFTY29JUL2411800PE.NFO,2024-05-03,13:54:00,2024-07-29,3.4,3.4,3.4,3.4,0,0,1
MIDCPNIFTY29JUL2411800PE.NFO,2024-05-03,13:55:00,2024-07-29,3.4,3.4,3.4,3.4,0,0,1
MIDCPNIFTY29JUL2411800PE.NFO,2024-05-03,13:56:00,2024-07-29,3.4,3.4,3.4,3.4,0,0,1
MIDCPNIFTY29JUL2411800PE.NFO,2024-05-03,13:57:00,2024-07-29,3.4,3.4,3.4,3.4,0,0,1
MIDCPNIFTY29JUL2411800PE.NFO,2024-05-03,13:58:00,2024-07-29,3.4,3.4,3.4,3.4,0,0,1
MIDCPNIFTY29JUL2411800PE.NFO,2024-05-03,13:59:00,2024-07-29,3.4,3.4,3.4,3.4,0,0,1
MIDCPNIFTY29JUL2411800PE.NFO,2024-05-03,14:00:00,2024-07-29,3.4,3.4,3.4,3.4,0,0,1
MIDCPNIFTY29JUL2411800PE.NFO,2024-05-03,14:01:00,2024-07-29,3.4,3.4,3.4,3.4,0,0,1
MIDCPNIFTY29JUL2411800PE.NFO,2024-05-03,14:02:00,2024-07-29,3.4,3.4,3.4,3.4,0,0,1
MIDCPNIFTY29JUL2411800PE.NFO,2024-05-03,14:03:00,2024-07-29,3.4,3.4,3.4,3.4,0,0,1
MIDCPNIFTY29JUL2411800PE.NFO,2024-05-03,14:04:00,2024-07-29,3.4,3.4,3.4,3.4,0,0,1
MIDCPNIFTY29JUL2411800PE.NFO,2024-05-03,14:05:00,2024-07-29,3.4,3.4,3.4,3.4,0,0,1
MIDCPNIFTY29JUL2411800PE.NFO,2024-05-03,14:06:00,2024-07-29,3.4,3.4,3.4,3.4,0,0,1
MIDCPNIFTY29JUL2411800PE.NFO,2024-05-03,14:07:00,2024-07-29,3.4,3.4,3.4,3.4,0,0,1
MIDCPNIFTY29JUL2411800PE.NFO,2024-05-03,14:08:00,2024-07-29,3.4,3.4,3.4,3.4,0,0,1
MIDCPNIFTY29JUL2411800PE.NFO,2024-05-03,14:09:00,2024-07-29,3.4,3.4,3.4,3.4,0,0,1
MIDCPNIFTY29JUL2411800PE.NFO,2024-05-03,14:10:00,2024-07-29,3.4,3.4,3.4,3.4,0,0,1
MIDCPNIFTY29JUL2411800PE.NFO,2024-05-03,14:11:00,2024-07-29,3.4,3.4,3.4,3.4,0,0,1
MIDCPNIFTY29JUL2411800PE.NFO,2024-05-03,14:12:00,2024-07-29,3.4,3.4,3.4,3.4,0,0,1
MIDCPNIFTY29JUL2411800PE.NFO,2024-05-03,14:13:00,2024-07-29,3.4,3.4,3.4,3.4,0,0,1
MIDCPNIFTY29JUL2411800PE.NFO,2024-05-03,14:14:00,2024-07-29,3.4,3.4,3.4,3.4,0,0,1
MIDCPNIFTY29JUL2411800PE.NFO,2024-05-03,14:15:00,2024-07-29,3.4,3.4,3.4,3.4,0,0,1
MIDCPNIFTY29JUL2411800PE.NFO,2024-05-03,14:16:00,2024-07-29,3.4,3.4,3.4,3.4,0,0,1
MIDCPNIFTY29JUL2411800PE.NFO,2024-05-03,14:17:00,2024-07-29,3.4,3.4,3.4,3.4,0,0,1
MIDCPNIFTY29JUL2411800PE.NFO,2024-05-03,14:18:00,2024-07-29,3.4,3.4,3.4,3.4,0,0,1
MIDCPNIFTY29JUL2411800PE.NFO,2024-05-03,14:19:00,2024-07-29,3.4,3.4,3.4,3.4,0,0,1
MIDCPNIFTY29JUL2411800PE.NFO,2024-05-03,14:20:00,2024-07-29,3.4,3.4,3.4,3.4,0,0,1
MIDCPNIFTY29JUL2411800PE.NFO,2024-05-03,14:21:00,2024-07-29,3.4,3.4,3.4,3.4,0,0,1
MIDCPNIFTY29JUL2411800PE.NFO,2024-05-03,14:22:00,2024-07-29,3.4,3.4,3.4,3.4,0,0,1
MIDCPNIFTY29JUL2411800PE.NFO,2024-05-03,14:23:00,2024-07-29,3.4,3.4,3.4,3.4,0,0,1
MIDCPNIFTY29JUL2411800PE.NFO,2024-05-03,14:24:00,2024-07-29,3.4,3.4,3.4,3.4,0,0,1
MIDCPNIFTY29JUL2411800PE.NFO,2024-05-03,14:25:00,2024-07-29,3.4,3.4,3.4,3.4,0,0,1
MIDCPNIFTY29JUL2411800PE.NFO,2024-05-03,14:26:00,2024-07-29,3.4,3.4,3.4,3.4,0,0,1
MIDCPNIFTY29JUL2411800PE.NFO,2024-05-03,14:27:00,2024-07-29,3.4,3.4,3.4,3.4,0,0,1
MIDCPNIFTY29JUL2411800PE.NFO,2024-05-03,14:28:00,2024-07-29,3.4,3.4,3.4,3.4,0,0,1
MIDCPNIFTY29JUL2411800PE.NFO,2024-05-03,14:29:00,2024-07-29,3.4,3.4,3.4,3.4,0,0,1
MIDCPNIFTY29JUL2411800PE.NFO,2024-05-03,14:30:00,2024-07-29,3.4,3.4,3.4,3.4,0,0,1
MIDCPNIFTY29JUL2411800PE.NFO,2024-05-03,14:31:00,2024-07-29,3.4,3.4,3.4,3.4,0,0,1
MIDCPNIFTY29JUL2411800PE.NFO,2024-05-03,14:32:00,2024-07-29,3.4,3.4,3.4,3.4,0,0,1
MIDCPNIFTY29JUL2411800PE.NFO,2024-05-03,14:33:00,2024-07-29,3.4,3.4,3.4,3.4,0,0,1
MIDCPNIFTY29JUL2411800PE.NFO,2024-05-03,14:34:00,2024-07-29,3.4,3.4,3.4,3.4,0,0,1
MIDCPNIFTY29JUL2411800PE.NFO,2024-05-03,14:35:00,2024-07-29,3.4,3.4,3.4,3.4,0,0,1
MIDCPNIFTY29JUL2411800PE.NFO,2024-05-03,14:36:00,2024-07-29,3.4,3.4,3.4,3.4,0,0,1
MIDCPNIFTY29JUL2411800PE.NFO,2024-05-03,14:37:00,2024-07-29,3.4,3.4,3.4,3.4,0,0,1
MIDCPNIFTY29JUL2411800PE.NFO,2024-05-03,14:38:00,2024-07-29,3.4,3.4,3.4,3.4,0,0,1
MIDCPNIFTY29JUL2411800PE.NFO,2024-05-03,14:39:00,2024-07-29,3.4,3.4,3.4,3.4,0,0,1
MIDCPNIFTY29JUL2411800PE.NFO,2024-05-03,14:40:00,2024-07-29,3.4,3.4,3.4,3.4,0,0,1
MIDCPNIFTY29JUL2411800PE.NFO,2024-05-03,14:41:00,2024-07-29,3.4,3.4,3.4,3.4,0,0,1
MIDCPNIFTY29JUL2411800PE.NFO,2024-05-03,14:42:00,2024-07-29,3.4,3.4,3.4,3.4,0,0,1
MIDCPNIFTY29JUL2411800PE.NFO,2024-05-03,14:43:00,2024-07-29,3.4,3.4,3.4,3.4,0,0,1
MIDCPNIFTY29JUL2411800PE.NFO,2024-05-03,14:44:00,2024-07-29,3.4,3.4,3.4,3.4,0,0,1
MIDCPNIFTY29JUL2411800PE.NFO,2024-05-03,14:45:00,2024-07-29,3.4,3.4,3.4,3.4,0,0,1
MIDCPNIFTY29JUL2411800PE.NFO,2024-05-03,14:46:00,2024-07-29,3.4,3.4,3.4,3.4,0,0,1
MIDCPNIFTY29JUL2411800PE.NFO,2024-05-03,14:47:00,2024-07-29,3.4,3.4,3.4,3.4,0,0,1
MIDCPNIFTY29JUL2411800PE.NFO,2024-05-03,14:48:00,2024-07-29,3.4,3.4,3.4,3.4,0,0,1
MIDCPNIFTY29JUL2411800PE.NFO,2024-05-03,14:49:00,2024-07-29,3.4,3.4,3.4,3.4,0,0,1
MIDCPNIFTY29JUL2411800PE.NFO,2024-05-03,14:50:00,2024-07-29,3.4,3.4,3.4,3.4,0,0,1
MIDCPNIFTY29JUL2411800PE.NFO,2024-05-03,14:51:00,2024-07-29,3.4,3.4,3.4,3.4,0,0,1
MIDCPNIFTY29JUL2411800PE.NFO,2024-05-03,14:52:00,2024-07-29,3.4,3.4,3.4,3.4,0,0,1
MIDCPNIFTY29JUL2411800PE.NFO,2024-05-03,14:53:00,2024-07-29,3.4,3.4,3.4,3.4,0,0,1
MIDCPNIFTY29JUL2411800PE.NFO,2024-05-03,14:54:00,2024-07-29,3.4,3.4,3.4,3.4,0,0,1
MIDCPNIFTY29JUL2411800PE.NFO,2024-05-03,14:55:00,2024-07-29,3.4,3.4,3.4,3.4,0,0,1
MIDCPNIFTY29JUL2411800PE.NFO,2024-05-03,14:56:00,2024-07-29,3.4,3.4,3.4,3.4,0,0,1
MIDCPNIFTY29JUL2411800PE.NFO,2024-05-03,14:57:00,2024-07-29,3.4,3.4,3.4,3.4,0,0,1
MIDCPNIFTY29JUL2411800PE.NFO,2024-05-03,14:58:00,2024-07-29,3.4,3.4,3.4,3.4,0,0,1
MIDCPNIFTY29JUL2411800PE.NFO,2024-05-03,14:59:00,2024-07-29,3.4,3.4,3.4,3.4,0,0,1
MIDCPNIFTY29JUL2411800PE.NFO,2024-05-03,15:00:00,2024-07-29,3.4,3.4,3.4,3.4,0,0,1
MIDCPNIFTY29JUL2411800PE.NFO,2024-05-03,15:01:00,2024-07-29,3.4,3.4,3.4,3.4,0,0,1
MIDCPNIFTY29JUL2411800PE.NFO,2024-05-03,15:02:00,2024-07-29,3.4,3.4,3.4,3.4,0,0,1
MIDCPNIFTY29JUL2411800PE.NFO,2024-05-03,15:03:00,2024-07-29,3.4,3.4,3.4,3.4,0,0,1
MIDCPNIFTY29JUL2411800PE.NFO,2024-05-03,15:04:00,2024-07-29,3.4,3.4,3.4,3.4,0,0,1
MIDCPNIFTY29JUL2411800PE.NFO,2024-05-03,15:05:00,2024-07-29,3.4,3.4,3.4,3.4,0,0,1
MIDCPNIFTY29JUL2411800PE.NFO,2024-05-03,15:06:00,2024-07-29,3.4,3.4,3.4,3.4,0,0,1
MIDCPNIFTY29JUL2411800PE.NFO,2024-05-03,15:07:00,2024-07-29,3.4,3.4,3.4,3.4,0,0,1
MIDCPNIFTY29JUL2411800PE.NFO,2024-05-03,15:08:00,2024-07-29,3.4,3.4,3.4,3.4,0,0,1
MIDCPNIFTY29JUL2411800PE.NFO,2024-05-03,15:09:00,2024-07-29,3.4,3.4,3.4,3.4,0,0,1
MIDCPNIFTY29JUL2411800PE.NFO,2024-05-03,15:10:00,2024-07-29,3.4,3.4,3.4,3.4,0,0,1
MIDCPNIFTY29JUL2411800PE.NFO,2024-05-03,15:11:00,2024-07-29,3.4,3.4,3.4,3.4,0,0,1
MIDCPNIFTY29JUL2411800PE.NFO,2024-05-03,15:12:00,2024-07-29,3.4,3.4,3.4,3.4,0,0,1
MIDCPNIFTY29JUL2411800PE.NFO,2024-05-03,15:13:00,2024-07-29,3.4,3.4,3.4,3.4,0,0,1
MIDCPNIFTY29JUL2411800PE.NFO,2024-05-03,15:14:00,2024-07-29,3.4,3.4,3.4,3.4,0,0,1
MIDCPNIFTY29JUL2411800PE.NFO,2024-05-03,15:15:00,2024-07-29,3.4,3.4,3.4,3.4,0,0,1
MIDCPNIFTY29JUL2411800PE.NFO,2024-05-03,15:16:00,2024-07-29,3.4,3.4,3.4,3.4,0,0,1
MIDCPNIFTY29JUL2411800PE.NFO,2024-05-03,15:17:00,2024-07-29,3.4,3.4,3.4,3.4,0,0,1
MIDCPNIFTY29JUL2411800PE.NFO,2024-05-03,15:18:00,2024-07-29,3.4,3.4,3.4,3.4,0,0,1
MIDCPNIFTY29JUL2411800PE.NFO,2024-05-03,15:19:00,2024-07-29,3.4,3.4,3.4,3.4,0,0,1
MIDCPNIFTY29JUL2411800PE.NFO,2024-05-03,15:20:00,2024-07-29,3.4,3.4,3.4,3.4,0,0,1
MIDCPNIFTY29JUL2411800PE.NFO,2024-05-03,15:21:00,2024-07-29,3.4,3.4,3.4,3.4,0,0,1
MIDCPNIFTY29JUL2411800PE.NFO,2024-05-03,15:22:00,2024-07-29,3.4,3.4,3.4,3.4,0,0,1
MIDCPNIFTY29JUL2411800PE.NFO,2024-05-03,15:23:00,2024-07-29,3.4,3.4,3.4,3.4,0,0,1
MIDCPNIFTY29JUL2411800PE.NFO,2024-05-03,15:24:00,2024-07-29,3.4,3.4,3.4,3.4,0,0,1
MIDCPNIFTY29JUL2411800PE.NFO,2024-05-03,15:25:00,2024-07-29,3.4,3.4,3.4,3.4,0,0,1
MIDCPNIFTY29JUL2411800PE.NFO,2024-05-03,15:26:00,2024-07-29,3.4,3.4,3.4,3.4,0,0,1
MIDCPNIFTY29JUL2411800PE.NFO,2024-05-03,15:27:00,2024-07-29,3.4,3.4,3.4,3.4,0,0,1
MIDCPNIFTY29JUL2411800PE.NFO,2024-05-03,15:28:00,2024-07-29,3.4,3.4,3.4,3.4,0,0,1
MIDCPNIFTY29JUL2411800PE.NFO,2024-05-03,15:29:00,2024-07-29,3.4,3.4,3.4,3.4,0,0,1
MIDCPNIFTY29JUL2411800PE.NFO,2024-05-03,15:30:00,2024-07-29,3.4,3.4,3.4,3.4,0,0,1
MIDCPNIFTY29JUL2411800PE.NFO,2024-05-06,09:15:00,2024-07-29,3.4,3.4,3.4,3.4,0,0,0
MIDCPNIFTY29JUL2411800PE.NFO,2024-05-06,09:16:00,2024-07-29,3.4,3.4,3.4,3.4,0,0,1
MIDCPNIFTY29JUL2411800PE.NFO,2024-05-06,09:17:00,2024-07-29,3.4,3.4,3.4,3.4,0,0,1
MIDCPNIFTY29JUL2411800PE.NFO,2024-05-06,09:18:00,2024-07-29,3.4,3.4,3.4,3.4,0,0,1
MIDCPNIFTY29JUL2411800PE.NFO,2024-05-06,09:19:00,2024-07-29,3.4,3.4,3.4,3.4,0,0,1
MIDCPNIFTY29JUL2411800PE.NFO,2024-05-06,09:20:00,2024-07-29,3.4,3.4,3.4,3.4,0,0,1
MIDCPNIFTY29JUL2411800PE.NFO,2024-05-06,09:21:00,2024-07-29,3.4,3.4,3.4,3.4,0,0,1
MIDCPNIFTY29JUL2411800PE.NFO,2024-05-06,09:22:00,2024-07-29,3.4,3.4,3.4,3.4,0,0,1
MIDCPNIFTY29JUL2411800PE.NFO,2024-05-06,09:23:00,2024-07-29,3.4,3.4,3.4,3.4,0,0,1
MIDCPNIFTY29JUL2411800PE.NFO,2024-05-06,09:24:00,2024-07-29,3.4,3.4,3.4,3.4,0,0,1
MIDCPNIFTY29JUL2411800PE.NFO,2024-05-06,09:25:00,2024-07-29,3.4,3.4,3.4,3.4,0,0,1
MIDCPNIFTY29JUL2411800PE.NFO,2024-05-06,09:26:00,2024-07-29,3.4,3.4,3.4,3.4,0,0,1
MIDCPNIFTY29JUL2411800PE.NFO,2024-05-06,09:27:00,2024-07-29,3.4,3.4,3.4,3.4,0,0,1
MIDCPNIFTY29JUL2411800PE.NFO,2024-05-06,09:28:00,2024-07-29,3.4,3.4,3.4,3.4,0,0,1
MIDCPNIFTY29JUL2411800PE.NFO,2024-05-06,09:29:00,2024-07-29,3.4,3.4,3.4,3.4,0,0,1
MIDCPNIFTY29JUL2411800PE.NFO,2024-05-06,09:30:00,2024-07-29,3.4,3.4,3.4,3.4,0,0,1
MIDCPNIFTY29JUL2411800PE.NFO,2024-05-06,09:31:00,2024-07-29,3.4,3.4,3.4,3.4,0,0,1
MIDCPNIFTY29JUL2411800PE.NFO,2024-05-06,09:32:00,2024-07-29,3.4,3.4,3.4,3.4,0,0,1
MIDCPNIFTY29JUL2411800PE.NFO,2024-05-06,09:33:00,2024-07-29,3.4,3.4,3.4,3.4,0,0,1
MIDCPNIFTY29JUL2411800PE.NFO,2024-05-06,09:34:00,2024-07-29,3.4,3.4,3.4,3.4,0,0,1
MIDCPNIFTY29JUL2411800PE.NFO,2024-05-06,09:35:00,2024-07-29,3.4,3.4,3.4,3.4,0,0,1
MIDCPNIFTY29JUL2411800PE.NFO,2024-05-06,09:36:00,2024-07-29,3.4,3.4,3.4,3.4,0,0,1
MIDCPNIFTY29JUL2411800PE.NFO,2024-05-06,09:37:00,2024-07-29,3.4,3.4,3.4,3.4,0,0,1
MIDCPNIFTY29JUL2411800PE.NFO,2024-05-06,09:38:00,2024-07-29,3.4,3.4,3.4,3.4,0,0,1
MIDCPNIFTY29JUL2411800PE.NFO,2024-05-06,09:39:00,2024-07-29,3.4,3.4,3.4,3.4,0,0,1
MIDCPNIFTY29JUL2411800PE.NFO,2024-05-06,09:40:00,2024-07-29,3.4,3.4,3.4,3.4,0,0,1
MIDCPNIFTY29JUL2411800PE.NFO,2024-05-06,09:41:00,2024-07-29,3.4,3.4,3.4,3.4,0,0,1
MIDCPNIFTY29JUL2411800PE.NFO,2024-05-06,09:42:00,2024-07-29,3.4,3.4,3.4,3.4,0,0,1
MIDCPNIFTY29JUL2411800PE.NFO,2024-05-06,09:43:00,2024-07-29,3.4,3.4,3.4,3.4,0,0,1
MIDCPNIFTY29JUL2411800PE.NFO,2024-05-06,09:44:00,2024-07-29,3.4,3.4,3.4,3.4,0,0,1
MIDCPNIFTY29JUL2411800PE.NFO,2024-05-06,09:45:00,2024-07-29,3.4,3.4,3.4,3.4,0,0,1
MIDCPNIFTY29JUL2411800PE.NFO,2024-05-06,09:46:00,2024-07-29,3.4,3.4,3.4,3.4,0,0,1
MIDCPNIFTY29JUL2411800PE.NFO,2024-05-06,09:47:00,2024-07-29,3.4,3.4,3.4,3.4,0,0,1
MIDCPNIFTY29JUL2411800PE.NFO,2024-05-06,09:48:00,2024-07-29,3.4,3.4,3.4,3.4,0,0,1
MIDCPNIFTY29JUL2411800PE.NFO,2024-05-06,09:49:00,2024-07-29,3.4,3.4,3.4,3.4,0,0,1
MIDCPNIFTY29JUL2411800PE.NFO,2024-05-06,09:50:00,2024-07-29,3.4,3.4,3.4,3.4,0,0,1
MIDCPNIFTY29JUL2411800PE.NFO,2024-05-06,09:51:00,2024-07-29,3.4,3.4,3.4,3.4,0,0,1
MIDCPNIFTY29JUL2411800PE.NFO,2024-05-06,09:52:00,2024-07-29,3.4,3.4,3.4,3.4,0,0,1
MIDCPNIFTY29JUL2411800PE.NFO,2024-05-06,09:53:00,2024-07-29,3.4,3.4,3.4,3.4,0,0,1
MIDCPNIFTY29JUL2411800PE.NFO,2024-05-06,09:54:00,2024-07-29,3.4,3.4,3.4,3.4,0,0,1
MIDCPNIFTY29JUL2411800PE.NFO,2024-05-06,09:55:00,2024-07-29,3.4,3.4,3.4,3.4,0,0,1
MIDCPNIFTY29JUL2411800PE.NFO,2024-05-06,09:56:00,2024-07-29,3.4,3.4,3.4,3.4,0,0,1
MIDCPNIFTY29JUL2411800PE.NFO,2024-05-06,09:57:00,2024-07-29,3.4,3.4,3.4,3.4,0,0,1
MIDCPNIFTY29JUL2411800PE.NFO,2024-05-06,09:58:00,2024-07-29,3.4,3.4,3.4,3.4,0,0,1
MIDCPNIFTY29JUL2411800PE.NFO,2024-05-06,09:59:00,2024-07-29,3.4,3.4,3.4,3.4,0,0,1
MIDCPNIFTY29JUL2411800PE.NFO,2024-05-06,10:00:00,2024-07-29,3.4,3.4,3.4,3.4,0,0,1
MIDCPNIFTY29JUL2411800PE.NFO,2024-05-06,10:01:00,2024-07-29,3.4,3.4,3.4,3.4,0,0,1
MIDCPNIFTY29JUL2411800PE.NFO,2024-05-06,10:02:00,2024-07-29,3.4,3.4,3.4,3.4,0,0,1
MIDCPNIFTY29JUL2411800PE.NFO,2024-05-06,10:03:00,2024-07-29,3.4,3.4,3.4,3.4,0,0,1
MIDCPNIFTY29JUL2411800PE.NFO,2024-05-06,10:04:00,2024-07-29,3.4,3.4,3.4,3.4,0,0,1
MIDCPNIFTY29JUL2411800PE.NFO,2024-05-06,10:05:00,2024-07-29,3.4,3.4,3.4,3.4,0,0,1
MIDCPNIFTY29JUL2411800PE.NFO,2024-05-06,10:06:00,2024-07-29,3.4,3.4,3.4,3.4,0,0,1
MIDCPNIFTY29JUL2411800PE.NFO,2024-05-06,10:07:00,2024-07-29,3.4,3.4,3.4,3.4,0,0,1
MIDCPNIFTY29JUL2411800PE.NFO,2024-05-06,10:08:00,2024-07-29,3.4,3.4,3.4,3.4,0,0,1
MIDCPNIFTY29JUL2411800PE.NFO,2024-05-06,10:09:00,2024-07-29,3.4,3.4,3.4,3.4,0,0,1
MIDCPNIFTY29JUL2411800PE.NFO,2024-05-06,10:10:00,2024-07-29,3.4,3.4,3.4,3.4,0,0,1
MIDCPNIFTY29JUL2411800PE.NFO,2024-05-06,10:11:00,2024-07-29,3.4,3.4,3.4,3.4,0,0,1
MIDCPNIFTY29JUL2411800PE.NFO,2024-05-06,10:12:00,2024-07-29,3.4,3.4,3.4,3.4,0,0,1
MIDCPNIFTY29JUL2411800PE.NFO,2024-05-06,10:13:00,2024-07-29,3.4,3.4,3.4,3.4,0,0,1
MIDCPNIFTY29JUL2411800PE.NFO,2024-05-06,10:14:00,2024-07-29,3.4,3.4,3.4,3.4,0,0,1
MIDCPNIFTY29JUL2411800PE.NFO,2024-05-06,10:15:00,2024-07-29,3.4,3.4,3.4,3.4,0,0,1
MIDCPNIFTY29JUL2411800PE.NFO,2024-05-06,10:16:00,2024-07-29,3.4,3.4,3.4,3.4,0,0,1
MIDCPNIFTY29JUL2411800PE.NFO,2024-05-06,10:17:00,2024-07-29,3.4,3.4,3.4,3.4,0,0,1
MIDCPNIFTY29JUL2411800PE.NFO,2024-05-06,10:18:00,2024-07-29,3.4,3.4,3.4,3.4,0,0,1
MIDCPNIFTY29JUL2411800PE.NFO,2024-05-06,10:19:00,2024-07-29,3.4,3.4,3.4,3.4,0,0,1
MIDCPNIFTY29JUL2411800PE.NFO,2024-05-06,10:20:00,2024-07-29,3.4,3.4,3.4,3.4,0,0,1
MIDCPNIFTY29JUL2411800PE.NFO,2024-05-06,10:21:00,2024-07-29,3.4,3.4,3.4,3.4,0,0,1
MIDCPNIFTY29JUL2411800PE.NFO,2024-05-06,10:22:00,2024-07-29,3.4,3.4,3.4,3.4,0,0,1
MIDCPNIFTY29JUL2411800PE.NFO,2024-05-06,10:23:00,2024-07-29,3.4,3.4,3.4,3.4,0,0,1
MIDCPNIFTY29JUL2411800PE.NFO,2024-05-06,10:24:00,2024-07-29,3.4,3.4,3.4,3.4,0,0,1
MIDCPNIFTY29JUL2411800PE.NFO,2024-05-06,10:25:00,2024-07-29,3.4,3.4,3.4,3.4,0,0,1
MIDCPNIFTY29JUL2411800PE.NFO,2024-05-06,10:26:00,2024-07-29,3.4,3.4,3.4,3.4,0,0,1
MIDCPNIFTY29JUL2411800PE.NFO,2024-05-06,10:27:00,2024-07-29,3.4,3.4,3.4,3.4,0,0,1
MIDCPNIFTY29JUL2411800PE.NFO,2024-05-06,10:28:00,2024-07-29,3.4,3.4,3.4,3.4,0,0,1
MIDCPNIFTY29JUL2411800PE.NFO,2024-05-06,10:29:00,2024-07-29,3.4,3.4,3.4,3.4,0,0,1
MIDCPNIFTY29JUL2411800PE.NFO,2024-05-06,10:30:00,2024-07-29,3.4,3.4,3.4,3.4,0,0,1
MIDCPNIFTY29JUL2411800PE.NFO,2024-05-06,10:31:00,2024-07-29,3.4,3.4,3.4,3.4,0,0,1
MIDCPNIFTY29JUL2411800PE.NFO,2024-05-06,10:32:00,2024-07-29,3.4,3.4,3.4,3.4,0,0,1
MIDCPNIFTY29JUL2411800PE.NFO,2024-05-06,10:33:00,2024-07-29,3.4,3.4,3.4,3.4,0,0,1
MIDCPNIFTY29JUL2411800PE.NFO,2024-05-06,10:34:00,2024-07-29,3.4,3.4,3.4,3.4,0,0,1
MIDCPNIFTY29JUL2411800PE.NFO,2024-05-06,10:35:00,2024-07-29,3.4,3.4,3.4,3.4,0,0,1
MIDCPNIFTY29JUL2411800PE.NFO,2024-05-06,10:36:00,2024-07-29,3.4,3.4,3.4,3.4,0,0,1
MIDCPNIFTY29JUL2411800PE.NFO,2024-05-06,10:37:00,2024-07-29,3.4,3.4,3.4,3.4,0,0,1
MIDCPNIFTY29JUL2411800PE.NFO,2024-05-06,10:38:00,2024-07-29,3.4,3.4,3.4,3.4,0,0,1
MIDCPNIFTY29JUL2411800PE.NFO,2024-05-06,10:39:00,2024-07-29,3.4,3.4,3.4,3.4,0,0,1
MIDCPNIFTY29JUL2411800PE.NFO,2024-05-06,10:40:00,2024-07-29,3.4,3.4,3.4,3.4,0,0,1
MIDCPNIFTY29JUL2411800PE.NFO,2024-05-06,10:41:00,2024-07-29,3.4,3.4,3.4,3.4,0,0,1
MIDCPNIFTY29JUL2411800PE.NFO,2024-05-06,10:42:00,2024-07-29,3.4,3.4,3.4,3.4,0,0,1
MIDCPNIFTY29JUL2411800PE.NFO,2024-05-06,10:43:00,2024-07-29,3.4,3.4,3.4,3.4,0,0,1
MIDCPNIFTY29JUL2411800PE.NFO,2024-05-06,10:44:00,2024-07-29,3.4,3.4,3.4,3.4,0,0,1
MIDCPNIFTY29JUL2411800PE.NFO,2024-05-06,10:45:00,2024-07-29,3.4,3.4,3.4,3.4,0,0,1
MIDCPNIFTY29JUL2411800PE.NFO,2024-05-06,10:46:00,2024-07-29,3.4,3.4,3.4,3.4,0,0,1
MIDCPNIFTY29JUL2411800PE.NFO,2024-05-06,10:47:00,2024-07-29,3.4,3.4,3.4,3.4,0,0,1
MIDCPNIFTY29JUL2411800PE.NFO,2024-05-06,10:48:00,2024-07-29,3.4,3.4,3.4,3.4,0,0,1
MIDCPNIFTY29JUL2411800PE.NFO,2024-05-06,10:49:00,2024-07-29,3.4,3.4,3.4,3.4,0,0,1
MIDCPNIFTY29JUL2411800PE.NFO,2024-05-06,10:50:00,2024-07-29,3.4,3.4,3.4,3.4,0,0,1
MIDCPNIFTY29JUL2411800PE.NFO,2024-05-06,10:51:00,2024-07-29,3.4,3.4,3.4,3.4,0,0,1
MIDCPNIFTY29JUL2411800PE.NFO,2024-05-06,10:52:00,2024-07-29,3.4,3.4,3.4,3.4,0,0,1
MIDCPNIFTY29JUL2411800PE.NFO,2024-05-06,10:53:00,2024-07-29,3.4,3.4,3.4,3.4,0,0,1
MIDCPNIFTY29JUL2411800PE.NFO,2024-05-06,10:54:00,2024-07-29,3.4,3.4,3.4,3.4,0,0,1
MIDCPNIFTY29JUL2411800PE.NFO,2024-05-06,10:55:00,2024-07-29,3.4,3.4,3.4,3.4,0,0,1
MIDCPNIFTY29JUL2411800PE.NFO,2024-05-06,10:56:00,2024-07-29,3.4,3.4,3.4,3.4,0,0,1
MIDCPNIFTY29JUL2411800PE.NFO,2024-05-06,10:57:00,2024-07-29,3.4,3.4,3.4,3.4,0,0,1
MIDCPNIFTY29JUL2411800PE.NFO,2024-05-06,10:58:00,2024-07-29,3.4,3.4,3.4,3.4,0,0,1
MIDCPNIFTY29JUL2411800PE.NFO,2024-05-06,10:59:00,2024-07-29,3.4,3.4,3.4,3.4,0,0,1
MIDCPNIFTY29JUL2411800PE.NFO,2024-05-06,11:00:00,2024-07-29,3.4,3.4,3.4,3.4,0,0,1
MIDCPNIFTY29JUL2411800PE.NFO,2024-05-06,11:01:00,2024-07-29,3.4,3.4,3.4,3.4,0,0,1
MIDCPNIFTY29JUL2411800PE.NFO,2024-05-06,11:02:00,2024-07-29,3.4,3.4,3.4,3.4,0,0,1
MIDCPNIFTY29JUL2411800PE.NFO,2024-05-06,11:03:00,2024-07-29,3.4,3.4,3.4,3.4,0,0,1
MIDCPNIFTY29JUL2411800PE.NFO,2024-05-06,11:04:00,2024-07-29,3.4,3.4,3.4,3.4,0,0,1
MIDCPNIFTY29JUL2411800PE.NFO,2024-05-06,11:05:00,2024-07-29,3.4,3.4,3.4,3.4,0,0,1
MIDCPNIFTY29JUL2411800PE.NFO,2024-05-06,11:06:00,2024-07-29,3.4,3.4,3.4,3.4,0,0,1
MIDCPNIFTY29JUL2411800PE.NFO,2024-05-06,11:07:00,2024-07-29,3.4,3.4,3.4,3.4,0,0,1
MIDCPNIFTY29JUL2411800PE.NFO,2024-05-06,11:08:00,2024-07-29,3.4,3.4,3.4,3.4,0,0,1
MIDCPNIFTY29JUL2411800PE.NFO,2024-05-06,11:09:00,2024-07-29,3.4,3.4,3.4,3.4,0,0,1
MIDCPNIFTY29JUL2411800PE.NFO,2024-05-06,11:10:00,2024-07-29,3.4,3.4,3.4,3.4,0,0,1
MIDCPNIFTY29JUL2411800PE.NFO,2024-05-06,11:11:00,2024-07-29,3.4,3.4,3.4,3.4,0,0,1
MIDCPNIFTY29JUL2411800PE.NFO,2024-05-06,11:12:00,2024-07-29,3.4,3.4,3.4,3.4,0,0,1
MIDCPNIFTY29JUL2411800PE.NFO,2024-05-06,11:13:00,2024-07-29,3.4,3.4,3.4,3.4,0,0,1
MIDCPNIFTY29JUL2411800PE.NFO,2024-05-06,11:14:00,2024-07-29,3.4,3.4,3.4,3.4,0,0,1
MIDCPNIFTY29JUL2411800PE.NFO,2024-05-06,11:15:00,2024-07-29,3.4,3.4,3.4,3.4,0,0,1
MIDCPNIFTY29JUL2411800PE.NFO,2024-05-06,11:16:00,2024-07-29,3.4,3.4,3.4,3.4,0,0,1
MIDCPNIFTY29JUL2411800PE.NFO,2024-05-06,11:17:00,2024-07-29,3.4,3.4,3.4,3.4,0,0,1
MIDCPNIFTY29JUL2411800PE.NFO,2024-05-06,11:18:00,2024-07-29,3.4,3.4,3.4,3.4,0,0,1
MIDCPNIFTY29JUL2411800PE.NFO,2024-05-06,11:19:00,2024-07-29,3.4,3.4,3.4,3.4,0,0,1
MIDCPNIFTY29JUL2411800PE.NFO,2024-05-06,11:20:00,2024-07-29,3.4,3.4,3.4,3.4,0,0,1
MIDCPNIFTY29JUL2411800PE.NFO,2024-05-06,11:21:00,2024-07-29,3.4,3.4,3.4,3.4,0,0,1
MIDCPNIFTY29JUL2411800PE.NFO,2024-05-06,11:22:00,2024-07-29,3.4,3.4,3.4,3.4,0,0,1
MIDCPNIFTY29JUL2411800PE.NFO,2024-05-06,11:23:00,2024-07-29,3.4,3.4,3.4,3.4,0,0,1
MIDCPNIFTY29JUL2411800PE.NFO,2024-05-06,11:24:00,2024-07-29,3.4,3.4,3.4,3.4,0,0,1
MIDCPNIFTY29JUL2411800PE.NFO,2024-05-06,11:25:00,2024-07-29,3.4,3.4,3.4,3.4,0,0,1
MIDCPNIFTY29JUL2411800PE.NFO,2024-05-06,11:26:00,2024-07-29,3.4,3.4,3.4,3.4,0,0,1
MIDCPNIFTY29JUL2411800PE.NFO,2024-05-06,11:27:00,2024-07-29,3.4,3.4,3.4,3.4,0,0,1
MIDCPNIFTY29JUL2411800PE.NFO,2024-05-06,11:28:00,2024-07-29,3.4,3.4,3.4,3.4,0,0,1
MIDCPNIFTY29JUL2411800PE.NFO,2024-05-06,11:29:00,2024-07-29,3.4,3.4,3.4,3.4,0,0,1
MIDCPNIFTY29JUL2411800PE.NFO,2024-05-06,11:30:00,2024-07-29,3.4,3.4,3.4,3.4,0,0,1
MIDCPNIFTY29JUL2411800PE.NFO,2024-05-06,11:31:00,2024-07-29,3.4,3.4,3.4,3.4,0,0,1
MIDCPNIFTY29JUL2411800PE.NFO,2024-05-06,11:32:00,2024-07-29,3.4,3.4,3.4,3.4,0,0,1
MIDCPNIFTY29JUL2411800PE.NFO,2024-05-06,11:33:00,2024-07-29,3.4,3.4,3.4,3.4,0,0,1
MIDCPNIFTY29JUL2411800PE.NFO,2024-05-06,11:34:00,2024-07-29,3.4,3.4,3.4,3.4,0,0,1
MIDCPNIFTY29JUL2411800PE.NFO,2024-05-06,11:35:00,2024-07-29,3.4,3.4,3.4,3.4,0,0,1
MIDCPNIFTY29JUL2411800PE.NFO,2024-05-06,11:36:00,2024-07-29,3.4,3.4,3.4,3.4,0,0,1
MIDCPNIFTY29JUL2411800PE.NFO,2024-05-06,11:37:00,2024-07-29,3.4,3.4,3.4,3.4,0,0,1
MIDCPNIFTY29JUL2411800PE.NFO,2024-05-06,11:38:00,2024-07-29,3.4,3.4,3.4,3.4,0,0,1
MIDCPNIFTY29JUL2411800PE.NFO,2024-05-06,11:39:00,2024-07-29,3.4,3.4,3.4,3.4,0,0,1
MIDCPNIFTY29JUL2411800PE.NFO,2024-05-06,11:40:00,2024-07-29,3.4,3.4,3.4,3.4,0,0,1
MIDCPNIFTY29JUL2411800PE.NFO,2024-05-06,11:41:00,2024-07-29,3.4,3.4,3.4,3.4,0,0,1
MIDCPNIFTY29JUL2411800PE.NFO,2024-05-06,11:42:00,2024-07-29,3.4,3.4,3.4,3.4,0,0,1
MIDCPNIFTY29JUL2411800PE.NFO,2024-05-06,11:43:00,2024-07-29,3.4,3.4,3.4,3.4,0,0,1
MIDCPNIFTY29JUL2411800PE.NFO,2024-05-06,11:44:00,2024-07-29,3.4,3.4,3.4,3.4,0,0,1
MIDCPNIFTY29JUL2411800PE.NFO,2024-05-06,11:45:00,2024-07-29,3.4,3.4,3.4,3.4,0,0,1
MIDCPNIFTY29JUL2411800PE.NFO,2024-05-06,11:46:00,2024-07-29,3.4,3.4,3.4,3.4,0,0,1
MIDCPNIFTY29JUL2411800PE.NFO,2024-05-06,11:47:00,2024-07-29,3.4,3.4,3.4,3.4,0,0,1
MIDCPNIFTY29JUL2411800PE.NFO,2024-05-06,11:48:00,2024-07-29,3.4,3.4,3.4,3.4,0,0,1
MIDCPNIFTY29JUL2411800PE.NFO,2024-05-06,11:49:00,2024-07-29,3.4,3.4,3.4,3.4,0,0,1
MIDCPNIFTY29JUL2411800PE.NFO,2024-05-06,11:50:00,2024-07-29,3.4,3.4,3.4,3.4,0,0,1
MIDCPNIFTY29JUL2411800PE.NFO,2024-05-06,11:51:00,2024-07-29,3.4,3.4,3.4,3.4,0,0,1
MIDCPNIFTY29JUL2411800PE.NFO,2024-05-06,11:52:00,2024-07-29,3.4,3.4,3.4,3.4,0,0,1
MIDCPNIFTY29JUL2411800PE.NFO,2024-05-06,11:53:00,2024-07-29,3.4,3.4,3.4,3.4,0,0,1
MIDCPNIFTY29JUL2411800PE.NFO,2024-05-06,11:54:00,2024-07-29,3.4,3.4,3.4,3.4,0,0,1
MIDCPNIFTY29JUL2411800PE.NFO,2024-05-06,11:55:00,2024-07-29,3.4,3.4,3.4,3.4,0,0,1
MIDCPNIFTY29JUL2411800PE.NFO,2024-05-06,11:56:00,2024-07-29,3.4,3.4,3.4,3.4,0,0,1
MIDCPNIFTY29JUL2411800PE.NFO,2024-05-06,11:57:00,2024-07-29,3.4,3.4,3.4,3.4,0,0,1
MIDCPNIFTY29JUL2411800PE.NFO,2024-05-06,11:58:00,2024-07-29,3.4,3.4,3.4,3.4,0,0,1
MIDCPNIFTY29JUL2411800PE.NFO,2024-05-06,11:59:00,2024-07-29,3.4,3.4,3.4,3.4,0,0,1
MIDCPNIFTY29JUL2411800PE.NFO,2024-05-06,12:00:00,2024-07-29,3.4,3.4,3.4,3.4,0,0,1
MIDCPNIFTY29JUL2411800PE.NFO,2024-05-06,12:01:00,2024-07-29,3.4,3.4,3.4,3.4,0,0,1
MIDCPNIFTY29JUL2411800PE.NFO,2024-05-06,12:02:00,2024-07-29,3.4,3.4,3.4,3.4,0,0,1
MIDCPNIFTY29JUL2411800PE.NFO,2024-05-06,12:03:00,2024-07-29,3.4,3.4,3.4,3.4,0,0,1
MIDCPNIFTY29JUL2411800PE.NFO,2024-05-06,12:04:00,2024-07-29,3.4,3.4,3.4,3.4,0,0,1
MIDCPNIFTY29JUL2411800PE.NFO,2024-05-06,12:05:00,2024-07-29,3.4,3.4,3.4,3.4,0,0,1
MIDCPNIFTY29JUL2411800PE.NFO,2024-05-06,12:06:00,2024-07-29,3.4,3.4,3.4,3.4,0,0,1
MIDCPNIFTY29JUL2411800PE.NFO,2024-05-06,12:07:00,2024-07-29,3.4,3.4,3.4,3.4,0,0,1
MIDCPNIFTY29JUL2411800PE.NFO,2024-05-06,12:08:00,2024-07-29,3.4,3.4,3.4,3.4,0,0,1
MIDCPNIFTY29JUL2411800PE.NFO,2024-05-06,12:09:00,2024-07-29,3.4,3.4,3.4,3.4,0,0,1
MIDCPNIFTY29JUL2411800PE.NFO,2024-05-06,12:10:00,2024-07-29,3.4,3.4,3.4,3.4,0,0,1
MIDCPNIFTY29JUL2411800PE.NFO,2024-05-06,12:11:00,2024-07-29,3.4,3.4,3.4,3.4,0,0,1
MIDCPNIFTY29JUL2411800PE.NFO,2024-05-06,12:12:00,2024-07-29,3.4,3.4,3.4,3.4,0,0,1
MIDCPNIFTY29JUL2411800PE.NFO,2024-05-06,12:13:00,2024-07-29,3.4,3.4,3.4,3.4,0,0,1
MIDCPNIFTY29JUL2411800PE.NFO,2024-05-06,12:14:00,2024-07-29,3.4,3.4,3.4,3.4,0,0,1
MIDCPNIFTY29JUL2411800PE.NFO,2024-05-06,12:15:00,2024-07-29,3.4,3.4,3.4,3.4,0,0,1
MIDCPNIFTY29JUL2411800PE.NFO,2024-05-06,12:16:00,2024-07-29,3.4,3.4,3.4,3.4,0,0,1
MIDCPNIFTY29JUL2411800PE.NFO,2024-05-06,12:17:00,2024-07-29,3.4,3.4,3.4,3.4,0,0,1
MIDCPNIFTY29JUL2411800PE.NFO,2024-05-06,12:18:00,2024-07-29,3.4,3.4,3.4,3.4,0,0,1
MIDCPNIFTY29JUL2411800PE.NFO,2024-05-06,12:19:00,2024-07-29,3.4,3.4,3.4,3.4,0,0,1
MIDCPNIFTY29JUL2411800PE.NFO,2024-05-06,12:20:00,2024-07-29,3.4,3.4,3.4,3.4,0,0,1
MIDCPNIFTY29JUL2411800PE.NFO,2024-05-06,12:21:00,2024-07-29,3.4,3.4,3.4,3.4,0,0,1
MIDCPNIFTY29JUL2411800PE.NFO,2024-05-06,12:22:00,2024-07-29,3.4,3.4,3.4,3.4,0,0,1
MIDCPNIFTY29JUL2411800PE.NFO,2024-05-06,12:23:00,2024-07-29,3.4,3.4,3.4,3.4,0,0,1
MIDCPNIFTY29JUL2411800PE.NFO,2024-05-06,12:24:00,2024-07-29,3.4,3.4,3.4,3.4,0,0,1
MIDCPNIFTY29JUL2411800PE.NFO,2024-05-06,12:25:00,2024-07-29,3.4,3.4,3.4,3.4,0,0,1
MIDCPNIFTY29JUL2411800PE.NFO,2024-05-06,12:26:00,2024-07-29,3.4,3.4,3.4,3.4,0,0,1
MIDCPNIFTY29JUL2411800PE.NFO,2024-05-06,12:27:00,2024-07-29,3.4,3.4,3.4,3.4,0,0,1
MIDCPNIFTY29JUL2411800PE.NFO,2024-05-06,12:28:00,2024-07-29,3.4,3.4,3.4,3.4,0,0,1
MIDCPNIFTY29JUL2411800PE.NFO,2024-05-06,12:29:00,2024-07-29,3.4,3.4,3.4,3.4,0,0,1
MIDCPNIFTY29JUL2411800PE.NFO,2024-05-06,12:30:00,2024-07-29,3.4,3.4,3.4,3.4,0,0,1
MIDCPNIFTY29JUL2411800PE.NFO,2024-05-06,12:31:00,2024-07-29,3.4,3.4,3.4,3.4,0,0,1
MIDCPNIFTY29JUL2411800PE.NFO,2024-05-06,12:32:00,2024-07-29,3.4,3.4,3.4,3.4,0,0,1
MIDCPNIFTY29JUL2411800PE.NFO,2024-05-06,12:33:00,2024-07-29,3.4,3.4,3.4,3.4,0,0,1
MIDCPNIFTY29JUL2411800PE.NFO,2024-05-06,12:34:00,2024-07-29,3.4,3.4,3.4,3.4,0,0,1
MIDCPNIFTY29JUL2411800PE.NFO,2024-05-06,12:35:00,2024-07-29,3.4,3.4,3.4,3.4,0,0,1
MIDCPNIFTY29JUL2411800PE.NFO,2024-05-06,12:36:00,2024-07-29,3.4,3.4,3.4,3.4,0,0,1
MIDCPNIFTY29JUL2411800PE.NFO,2024-05-06,12:37:00,2024-07-29,3.4,3.4,3.4,3.4,0,0,1
MIDCPNIFTY29JUL2411800PE.NFO,2024-05-06,12:38:00,2024-07-29,3.4,3.4,3.4,3.4,0,0,1
MIDCPNIFTY29JUL2411800PE.NFO,2024-05-06,12:39:00,2024-07-29,3.4,3.4,3.4,3.4,0,0,1
MIDCPNIFTY29JUL2411800PE.NFO,2024-05-06,12:40:00,2024-07-29,3.4,3.4,3.4,3.4,0,0,1
MIDCPNIFTY29JUL2411800PE.NFO,2024-05-06,12:41:00,2024-07-29,3.4,3.4,3.4,3.4,0,0,1
MIDCPNIFTY29JUL2411800PE.NFO,2024-05-06,12:42:00,2024-07-29,3.4,3.4,3.4,3.4,0,0,1
MIDCPNIFTY29JUL2411800PE.NFO,2024-05-06,12:43:00,2024-07-29,3.4,3.4,3.4,3.4,0,0,1
MIDCPNIFTY29JUL2411800PE.NFO,2024-05-06,12:44:00,2024-07-29,3.4,3.4,3.4,3.4,0,0,1
MIDCPNIFTY29JUL2411800PE.NFO,2024-05-06,12:45:00,2024-07-29,3.4,3.4,3.4,3.4,0,0,1
MIDCPNIFTY29JUL2411800PE.NFO,2024-05-06,12:46:00,2024-07-29,3.4,3.4,3.4,3.4,0,0,1
MIDCPNIFTY29JUL2411800PE.NFO,2024-05-06,12:47:00,2024-07-29,3.4,3.4,3.4,3.4,0,0,1
MIDCPNIFTY29JUL2411800PE.NFO,2024-05-06,12:48:00,2024-07-29,3.4,3.4,3.4,3.4,0,0,1
MIDCPNIFTY29JUL2411800PE.NFO,2024-05-06,12:49:00,2024-07-29,3.4,3.4,3.4,3.4,0,0,1
MIDCPNIFTY29JUL2411800PE.NFO,2024-05-06,12:50:00,2024-07-29,3.4,3.4,3.4,3.4,0,0,1
MIDCPNIFTY29JUL2411800PE.NFO,2024-05-06,12:51:00,2024-07-29,3.4,3.4,3.4,3.4,0,0,1
MIDCPNIFTY29JUL2411800PE.NFO,2024-05-06,12:52:00,2024-07-29,3.4,3.4,3.4,3.4,0,0,1
MIDCPNIFTY29JUL2411800PE.NFO,2024-05-06,12:53:00,2024-07-29,3.4,3.4,3.4,3.4,0,0,1
MIDCPNIFTY29JUL2411800PE.NFO,2024-05-06,12:54:00,2024-07-29,3.4,3.4,3.4,3.4,0,0,1
MIDCPNIFTY29JUL2411800PE.NFO,2024-05-06,12:55:00,2024-07-29,3.4,3.4,3.4,3.4,0,0,1
MIDCPNIFTY29JUL2411800PE.NFO,2024-05-06,12:56:00,2024-07-29,3.4,3.4,3.4,3.4,0,0,1
MIDCPNIFTY29JUL2411800PE.NFO,2024-05-06,12:57:00,2024-07-29,3.4,3.4,3.4,3.4,0,0,1
MIDCPNIFTY29JUL2411800PE.NFO,2024-05-06,12:58:00,2024-07-29,3.4,3.4,3.4,3.4,0,0,1
MIDCPNIFTY29JUL2411800PE.NFO,2024-05-06,12:59:00,2024-07-29,3.4,3.4,3.4,3.4,0,0,1
MIDCPNIFTY29JUL2411800PE.NFO,2024-05-06,13:00:00,2024-07-29,3.4,3.4,3.4,3.4,0,0,1
MIDCPNIFTY29JUL2411800PE.NFO,2024-05-06,13:01:00,2024-07-29,3.4,3.4,3.4,3.4,0,0,1
MIDCPNIFTY29JUL2411800PE.NFO,2024-05-06,13:02:00,2024-07-29,3.4,3.4,3.4,3.4,0,0,1
MIDCPNIFTY29JUL2411800PE.NFO,2024-05-06,13:03:00,2024-07-29,3.4,3.4,3.4,3.4,0,0,1
MIDCPNIFTY29JUL2411800PE.NFO,2024-05-06,13:04:00,2024-07-29,3.4,3.4,3.4,3.4,0,0,1
MIDCPNIFTY29JUL2411800PE.NFO,2024-05-06,13:05:00,2024-07-29,3.4,3.4,3.4,3.4,0,0,1
MIDCPNIFTY29JUL2411800PE.NFO,2024-05-06,13:06:00,2024-07-29,3.4,3.4,3.4,3.4,0,0,1
MIDCPNIFTY29JUL2411800PE.NFO,2024-05-06,13:07:00,2024-07-29,3.4,3.4,3.4,3.4,0,0,1
MIDCPNIFTY29JUL2411800PE.NFO,2024-05-06,13:08:00,2024-07-29,3.4,3.4,3.4,3.4,0,0,1
MIDCPNIFTY29JUL2411800PE.NFO,2024-05-06,13:09:00,2024-07-29,3.4,3.4,3.4,3.4,0,0,1
MIDCPNIFTY29JUL2411800PE.NFO,2024-05-06,13:10:00,2024-07-29,3.4,3.4,3.4,3.4,0,0,1
MIDCPNIFTY29JUL2411800PE.NFO,2024-05-06,13:11:00,2024-07-29,3.4,3.4,3.4,3.4,0,0,1
MIDCPNIFTY29JUL2411800PE.NFO,2024-05-06,13:12:00,2024-07-29,3.4,3.4,3.4,3.4,0,0,1
MIDCPNIFTY29JUL2411800PE.NFO,2024-05-06,13:13:00,2024-07-29,3.4,3.4,3.4,3.4,0,0,1
MIDCPNIFTY29JUL2411800PE.NFO,2024-05-06,13:14:00,2024-07-29,3.4,3.4,3.4,3.4,0,0,1
MIDCPNIFTY29JUL2411800PE.NFO,2024-05-06,13:15:00,2024-07-29,3.4,3.4,3.4,3.4,0,0,1
MIDCPNIFTY29JUL2411800PE.NFO,2024-05-06,13:16:00,2024-07-29,3.4,3.4,3.4,3.4,0,0,1
MIDCPNIFTY29JUL2411800PE.NFO,2024-05-06,13:17:00,2024-07-29,3.4,3.4,3.4,3.4,0,0,1
MIDCPNIFTY29JUL2411800PE.NFO,2024-05-06,13:18:00,2024-07-29,3.4,3.4,3.4,3.4,0,0,1
MIDCPNIFTY29JUL2411800PE.NFO,2024-05-06,13:19:00,2024-07-29,3.4,3.4,3.4,3.4,0,0,1
MIDCPNIFTY29JUL2411800PE.NFO,2024-05-06,13:20:00,2024-07-29,3.4,3.4,3.4,3.4,0,0,1
MIDCPNIFTY29JUL2411800PE.NFO,2024-05-06,13:21:00,2024-07-29,3.4,3.4,3.4,3.4,0,0,1
MIDCPNIFTY29JUL2411800PE.NFO,2024-05-06,13:22:00,2024-07-29,3.4,3.4,3.4,3.4,0,0,1
MIDCPNIFTY29JUL2411800PE.NFO,2024-05-06,13:23:00,2024-07-29,3.4,3.4,3.4,3.4,0,0,1
MIDCPNIFTY29JUL2411800PE.NFO,2024-05-06,13:24:00,2024-07-29,3.4,3.4,3.4,3.4,0,0,1
MIDCPNIFTY29JUL2411800PE.NFO,2024-05-06,13:25:00,2024-07-29,3.4,3.4,3.4,3.4,0,0,1
MIDCPNIFTY29JUL2411800PE.NFO,2024-05-06,13:26:00,2024-07-29,3.4,3.4,3.4,3.4,0,0,1
MIDCPNIFTY29JUL2411800PE.NFO,2024-05-06,13:27:00,2024-07-29,3.4,3.4,3.4,3.4,0,0,1
MIDCPNIFTY29JUL2411800PE.NFO,2024-05-06,13:28:00,2024-07-29,3.4,3.4,3.4,3.4,0,0,1
MIDCPNIFTY29JUL2411800PE.NFO,2024-05-06,13:29:00,2024-07-29,3.4,3.4,3.4,3.4,0,0,1
MIDCPNIFTY29JUL2411800PE.NFO,2024-05-06,13:30:00,2024-07-29,3.4,3.4,3.4,3.4,0,0,1
MIDCPNIFTY29JUL2411800PE.NFO,2024-05-06,13:31:00,2024-07-29,3.4,3.4,3.4,3.4,0,0,1
MIDCPNIFTY29JUL2411800PE.NFO,2024-05-06,13:32:00,2024-07-29,3.4,3.4,3.4,3.4,0,0,1
MIDCPNIFTY29JUL2411800PE.NFO,2024-05-06,13:33:00,2024-07-29,3.4,3.4,3.4,3.4,0,0,1
MIDCPNIFTY29JUL2411800PE.NFO,2024-05-06,13:34:00,2024-07-29,3.4,3.4,3.4,3.4,0,0,1
MIDCPNIFTY29JUL2411800PE.NFO,2024-05-06,13:35:00,2024-07-29,3.4,3.4,3.4,3.4,0,0,1
MIDCPNIFTY29JUL2411800PE.NFO,2024-05-06,13:36:00,2024-07-29,3.4,3.4,3.4,3.4,0,0,1
MIDCPNIFTY29JUL2411800PE.NFO,2024-05-06,13:37:00,2024-07-29,3.4,3.4,3.4,3.4,0,0,1
MIDCPNIFTY29JUL2411800PE.NFO,2024-05-06,13:38:00,2024-07-29,3.4,3.4,3.4,3.4,0,0,1
MIDCPNIFTY29JUL2411800PE.NFO,2024-05-06,13:39:00,2024-07-29,3.4,3.4,3.4,3.4,0,0,1
MIDCPNIFTY29JUL2411800PE.NFO,2024-05-06,13:40:00,2024-07-29,3.4,3.4,3.4,3.4,0,0,1
MIDCPNIFTY29JUL2411800PE.NFO,2024-05-06,13:41:00,2024-07-29,3.4,3.4,3.4,3.4,0,0,1
MIDCPNIFTY29JUL2411800PE.NFO,2024-05-06,13:42:00,2024-07-29,3.4,3.4,3.4,3.4,0,0,1
MIDCPNIFTY29JUL2411800PE.NFO,2024-05-06,13:43:00,2024-07-29,3.4,3.4,3.4,3.4,0,0,1
MIDCPNIFTY29JUL2411800PE.NFO,2024-05-06,13:44:00,2024-07-29,3.4,3.4,3.4,3.4,0,0,1
MIDCPNIFTY29JUL2411800PE.NFO,2024-05-06,13:45:00,2024-07-29,3.4,3.4,3.4,3.4,0,0,1
MIDCPNIFTY29JUL2411800PE.NFO,2024-05-06,13:46:00,2024-07-29,3.4,3.4,3.4,3.4,0,0,1
MIDCPNIFTY29JUL2411800PE.NFO,2024-05-06,13:47:00,2024-07-29,3.4,3.4,3.4,3.4,0,0,1
MIDCPNIFTY29JUL2411800PE.NFO,2024-05-06,13:48:00,2024-07-29,3.4,3.4,3.4,3.4,0,0,1
MIDCPNIFTY29JUL2411800PE.NFO,2024-05-06,13:49:00,2024-07-29,3.4,3.4,3.4,3.4,0,0,1
MIDCPNIFTY29JUL2411800PE.NFO,2024-05-06,13:50:00,2024-07-29,3.4,3.4,3.4,3.4,0,0,1
MIDCPNIFTY29JUL2411800PE.NFO,2024-05-06,13:51:00,2024-07-29,3.4,3.4,3.4,3.4,0,0,1
MIDCPNIFTY29JUL2411800PE.NFO,2024-05-06,13:52:00,2024-07-29,3.4,3.4,3.4,3.4,0,0,1
MIDCPNIFTY29JUL2411800PE.NFO,2024-05-06,13:53:00,2024-07-29,3.4,3.4,3.4,3.4,0,0,1
MIDCPNIFTY29JUL2411800PE.NFO,2024-05-06,13:54:00,2024-07-29,3.4,3.4,3.4,3.4,0,0,1
MIDCPNIFTY29JUL2411800PE.NFO,2024-05-06,13:55:00,2024-07-29,3.4,3.4,3.4,3.4,0,0,1
MIDCPNIFTY29JUL2411800PE.NFO,2024-05-06,13:56:00,2024-07-29,3.4,3.4,3.4,3.4,0,0,1
MIDCPNIFTY29JUL2411800PE.NFO,2024-05-06,13:57:00,2024-07-29,3.4,3.4,3.4,3.4,0,0,1
MIDCPNIFTY29JUL2411800PE.NFO,2024-05-06,13:58:00,2024-07-29,3.4,3.4,3.4,3.4,0,0,1
MIDCPNIFTY29JUL2411800PE.NFO,2024-05-06,13:59:00,2024-07-29,3.4,3.4,3.4,3.4,0,0,1
MIDCPNIFTY29JUL2411800PE.NFO,2024-05-06,14:00:00,2024-07-29,3.4,3.4,3.4,3.4,0,0,1
MIDCPNIFTY29JUL2411800PE.NFO,2024-05-06,14:01:00,2024-07-29,3.4,3.4,3.4,3.4,0,0,1
MIDCPNIFTY29JUL2411800PE.NFO,2024-05-06,14:02:00,2024-07-29,3.4,3.4,3.4,3.4,0,0,1
MIDCPNIFTY29JUL2411800PE.NFO,2024-05-06,14:03:00,2024-07-29,3.4,3.4,3.4,3.4,0,0,1
MIDCPNIFTY29JUL2411800PE.NFO,2024-05-06,14:04:00,2024-07-29,3.4,3.4,3.4,3.4,0,0,1
MIDCPNIFTY29JUL2411800PE.NFO,2024-05-06,14:05:00,2024-07-29,3.4,3.4,3.4,3.4,0,0,1
MIDCPNIFTY29JUL2411800PE.NFO,2024-05-06,14:06:00,2024-07-29,3.4,3.4,3.4,3.4,0,0,1
MIDCPNIFTY29JUL2411800PE.NFO,2024-05-06,14:07:00,2024-07-29,3.4,3.4,3.4,3.4,0,0,1
MIDCPNIFTY29JUL2411800PE.NFO,2024-05-06,14:08:00,2024-07-29,3.4,3.4,3.4,3.4,0,0,1
MIDCPNIFTY29JUL2411800PE.NFO,2024-05-06,14:09:00,2024-07-29,3.4,3.4,3.4,3.4,0,0,1
MIDCPNIFTY29JUL2411800PE.NFO,2024-05-06,14:10:00,2024-07-29,3.4,3.4,3.4,3.4,0,0,1
MIDCPNIFTY29JUL2411800PE.NFO,2024-05-06,14:11:00,2024-07-29,3.4,3.4,3.4,3.4,0,0,1
MIDCPNIFTY29JUL2411800PE.NFO,2024-05-06,14:12:00,2024-07-29,3.4,3.4,3.4,3.4,0,0,1
MIDCPNIFTY29JUL2411800PE.NFO,2024-05-06,14:13:00,2024-07-29,3.4,3.4,3.4,3.4,0,0,1
MIDCPNIFTY29JUL2411800PE.NFO,2024-05-06,14:14:00,2024-07-29,3.4,3.4,3.4,3.4,0,0,1
MIDCPNIFTY29JUL2411800PE.NFO,2024-05-06,14:15:00,2024-07-29,3.4,3.4,3.4,3.4,0,0,1
MIDCPNIFTY29JUL2411800PE.NFO,2024-05-06,14:16:00,2024-07-29,3.4,3.4,3.4,3.4,0,0,1
MIDCPNIFTY29JUL2411800PE.NFO,2024-05-06,14:17:00,2024-07-29,3.4,3.4,3.4,3.4,0,0,1
MIDCPNIFTY29JUL2411800PE.NFO,2024-05-06,14:18:00,2024-07-29,3.4,3.4,3.4,3.4,0,0,1
MIDCPNIFTY29JUL2411800PE.NFO,2024-05-06,14:19:00,2024-07-29,3.4,3.4,3.4,3.4,0,0,1
MIDCPNIFTY29JUL2411800PE.NFO,2024-05-06,14:20:00,2024-07-29,3.4,3.4,3.4,3.4,0,0,1
MIDCPNIFTY29JUL2411800PE.NFO,2024-05-06,14:21:00,2024-07-29,3.4,3.4,3.4,3.4,0,0,1
MIDCPNIFTY29JUL2411800PE.NFO,2024-05-06,14:22:00,2024-07-29,3.4,3.4,3.4,3.4,0,0,1
MIDCPNIFTY29JUL2411800PE.NFO,2024-05-06,14:23:00,2024-07-29,3.4,3.4,3.4,3.4,0,0,1
MIDCPNIFTY29JUL2411800PE.NFO,2024-05-06,14:24:00,2024-07-29,3.4,3.4,3.4,3.4,0,0,1
MIDCPNIFTY29JUL2411800PE.NFO,2024-05-06,14:25:00,2024-07-29,3.4,3.4,3.4,3.4,0,0,1
MIDCPNIFTY29JUL2411800PE.NFO,2024-05-06,14:26:00,2024-07-29,3.4,3.4,3.4,3.4,0,0,1
MIDCPNIFTY29JUL2411800PE.NFO,2024-05-06,14:27:00,2024-07-29,3.4,3.4,3.4,3.4,0,0,1
MIDCPNIFTY29JUL2411800PE.NFO,2024-05-06,14:28:00,2024-07-29,3.4,3.4,3.4,3.4,0,0,1
MIDCPNIFTY29JUL2411800PE.NFO,2024-05-06,14:29:00,2024-07-29,3.4,3.4,3.4,3.4,0,0,1
MIDCPNIFTY29JUL2411800PE.NFO,2024-05-06,14:30:00,2024-07-29,3.4,3.4,3.4,3.4,0,0,1
MIDCPNIFTY29JUL2411800PE.NFO,2024-05-06,14:31:00,2024-07-29,3.4,3.4,3.4,3.4,0,0,1
MIDCPNIFTY29JUL2411800PE.NFO,2024-05-06,14:32:00,2024-07-29,3.4,3.4,3.4,3.4,0,0,1
MIDCPNIFTY29JUL2411800PE.NFO,2024-05-06,14:33:00,2024-07-29,3.4,3.4,3.4,3.4,0,0,1
MIDCPNIFTY29JUL2411800PE.NFO,2024-05-06,14:34:00,2024-07-29,3.4,3.4,3.4,3.4,0,0,1
MIDCPNIFTY29JUL2411800PE.NFO,2024-05-06,14:35:00,2024-07-29,3.4,3.4,3.4,3.4,0,0,1
MIDCPNIFTY29JUL2411800PE.NFO,2024-05-06,14:36:00,2024-07-29,3.4,3.4,3.4,3.4,0,0,1
MIDCPNIFTY29JUL2411800PE.NFO,2024-05-06,14:37:00,2024-07-29,3.4,3.4,3.4,3.4,0,0,1
MIDCPNIFTY29JUL2411800PE.NFO,2024-05-06,14:38:00,2024-07-29,3.4,3.4,3.4,3.4,0,0,1
MIDCPNIFTY29JUL2411800PE.NFO,2024-05-06,14:39:00,2024-07-29,3.4,3.4,3.4,3.4,0,0,1
MIDCPNIFTY29JUL2411800PE.NFO,2024-05-06,14:40:00,2024-07-29,3.4,3.4,3.4,3.4,0,0,1
MIDCPNIFTY29JUL2411800PE.NFO,2024-05-06,14:41:00,2024-07-29,3.4,3.4,3.4,3.4,0,0,1
MIDCPNIFTY29JUL2411800PE.NFO,2024-05-06,14:42:00,2024-07-29,3.4,3.4,3.4,3.4,0,0,1
MIDCPNIFTY29JUL2411800PE.NFO,2024-05-06,14:43:00,2024-07-29,3.4,3.4,3.4,3.4,0,0,1
MIDCPNIFTY29JUL2411800PE.NFO,2024-05-06,14:44:00,2024-07-29,3.4,3.4,3.4,3.4,0,0,1
MIDCPNIFTY29JUL2411800PE.NFO,2024-05-06,14:45:00,2024-07-29,3.4,3.4,3.4,3.4,0,0,1
MIDCPNIFTY29JUL2411800PE.NFO,2024-05-06,14:46:00,2024-07-29,3.4,3.4,3.4,3.4,0,0,1
MIDCPNIFTY29JUL2411800PE.NFO,2024-05-06,14:47:00,2024-07-29,3.4,3.4,3.4,3.4,0,0,1
MIDCPNIFTY29JUL2411800PE.NFO,2024-05-06,14:48:00,2024-07-29,3.4,3.4,3.4,3.4,0,0,1
MIDCPNIFTY29JUL2411800PE.NFO,2024-05-06,14:49:00,2024-07-29,3.4,3.4,3.4,3.4,0,0,1
MIDCPNIFTY29JUL2411800PE.NFO,2024-05-06,14:50:00,2024-07-29,3.4,3.4,3.4,3.4,0,0,1
MIDCPNIFTY29JUL2411800PE.NFO,2024-05-06,14:51:00,2024-07-29,3.4,3.4,3.4,3.4,0,0,1
MIDCPNIFTY29JUL2411800PE.NFO,2024-05-06,14:52:00,2024-07-29,3.4,3.4,3.4,3.4,0,0,1
MIDCPNIFTY29JUL2411800PE.NFO,2024-05-06,14:53:00,2024-07-29,3.4,3.4,3.4,3.4,0,0,1
MIDCPNIFTY29JUL2411800PE.NFO,2024-05-06,14:54:00,2024-07-29,3.4,3.4,3.4,3.4,0,0,1
MIDCPNIFTY29JUL2411800PE.NFO,2024-05-06,14:55:00,2024-07-29,3.4,3.4,3.4,3.4,0,0,1
MIDCPNIFTY29JUL2411800PE.NFO,2024-05-06,14:56:00,2024-07-29,3.4,3.4,3.4,3.4,0,0,1
MIDCPNIFTY29JUL2411800PE.NFO,2024-05-06,14:57:00,2024-07-29,3.4,3.4,3.4,3.4,0,0,1
MIDCPNIFTY29JUL2411800PE.NFO,2024-05-06,14:58:00,2024-07-29,3.4,3.4,3.4,3.4,0,0,1
MIDCPNIFTY29JUL2411800PE.NFO,2024-05-06,14:59:00,2024-07-29,3.4,3.4,3.4,3.4,0,0,1
MIDCPNIFTY29JUL2411800PE.NFO,2024-05-06,15:00:00,2024-07-29,3.4,3.4,3.4,3.4,0,0,1
MIDCPNIFTY29JUL2411800PE.NFO,2024-05-06,15:01:00,2024-07-29,3.4,3.4,3.4,3.4,0,0,1
MIDCPNIFTY29JUL2411800PE.NFO,2024-05-06,15:02:00,2024-07-29,3.4,3.4,3.4,3.4,0,0,1
MIDCPNIFTY29JUL2411800PE.NFO,2024-05-06,15:03:00,2024-07-29,3.4,3.4,3.4,3.4,0,0,1
MIDCPNIFTY29JUL2411800PE.NFO,2024-05-06,15:04:00,2024-07-29,3.4,3.4,3.4,3.4,0,0,1
MIDCPNIFTY29JUL2411800PE.NFO,2024-05-06,15:05:00,2024-07-29,3.4,3.4,3.4,3.4,0,0,1
MIDCPNIFTY29JUL2411800PE.NFO,2024-05-06,15:06:00,2024-07-29,3.4,3.4,3.4,3.4,0,0,1
MIDCPNIFTY29JUL2411800PE.NFO,2024-05-06,15:07:00,2024-07-29,3.4,3.4,3.4,3.4,0,0,1
MIDCPNIFTY29JUL2411800PE.NFO,2024-05-06,15:08:00,2024-07-29,3.4,3.4,3.4,3.4,0,0,1
MIDCPNIFTY29JUL2411800PE.NFO,2024-05-06,15:09:00,2024-07-29,3.4,3.4,3.4,3.4,0,0,1
MIDCPNIFTY29JUL2411800PE.NFO,2024-05-06,15:10:00,2024-07-29,3.4,3.4,3.4,3.4,0,0,1
MIDCPNIFTY29JUL2411800PE.NFO,2024-05-06,15:11:00,2024-07-29,3.4,3.4,3.4,3.4,0,0,1
MIDCPNIFTY29JUL2411800PE.NFO,2024-05-06,15:12:00,2024-07-29,3.4,3.4,3.4,3.4,0,0,1
MIDCPNIFTY29JUL2411800PE.NFO,2024-05-06,15:13:00,2024-07-29,3.4,3.4,3.4,3.4,0,0,1
MIDCPNIFTY29JUL2411800PE.NFO,2024-05-06,15:14:00,2024-07-29,3.4,3.4,3.4,3.4,0,0,1
MIDCPNIFTY29JUL2411800PE.NFO,2024-05-06,15:15:00,2024-07-29,3.4,3.4,3.4,3.4,0,0,1
MIDCPNIFTY29JUL2411800PE.NFO,2024-05-06,15:16:00,2024-07-29,3.4,3.4,3.4,3.4,0,0,1
MIDCPNIFTY29JUL2411800PE.NFO,2024-05-06,15:17:00,2024-07-29,3.4,3.4,3.4,3.4,0,0,1
MIDCPNIFTY29JUL2411800PE.NFO,2024-05-06,15:18:00,2024-07-29,3.4,3.4,3.4,3.4,0,0,1
MIDCPNIFTY29JUL2411800PE.NFO,2024-05-06,15:19:00,2024-07-29,3.4,3.4,3.4,3.4,0,0,1
MIDCPNIFTY29JUL2411800PE.NFO,2024-05-06,15:20:00,2024-07-29,3.4,3.4,3.4,3.4,0,0,1
MIDCPNIFTY29JUL2411800PE.NFO,2024-05-06,15:21:00,2024-07-29,3.4,3.4,3.4,3.4,0,0,1
MIDCPNIFTY29JUL2411800PE.NFO,2024-05-06,15:22:00,2024-07-29,3.4,3.4,3.4,3.4,0,0,1
MIDCPNIFTY29JUL2411800PE.NFO,2024-05-06,15:23:00,2024-07-29,3.4,3.4,3.4,3.4,0,0,1
MIDCPNIFTY29JUL2411800PE.NFO,2024-05-06,15:24:00,2024-07-29,3.4,3.4,3.4,3.4,0,0,1
MIDCPNIFTY29JUL2411800PE.NFO,2024-05-06,15:25:00,2024-07-29,3.4,3.4,3.4,3.4,0,0,1
MIDCPNIFTY29JUL2411800PE.NFO,2024-05-06,15:26:00,2024-07-29,3.4,3.4,3.4,3.4,0,0,1
MIDCPNIFTY29JUL2411800PE.NFO,2024-05-06,15:27:00,2024-07-29,3.4,3.4,3.4,3.4,0,0,1
MIDCPNIFTY29JUL2411800PE.NFO,2024-05-06,15:28:00,2024-07-29,3.4,3.4,3.4,3.4,0,0,1
MIDCPNIFTY29JUL2411800PE.NFO,2024-05-06,15:29:00,2024-07-29,3.4,3.4,3.4,3.4,0,0,1
MIDCPNIFTY29JUL2411800PE.NFO,2024-05-06,15:30:00,2024-07-29,3.4,3.4,3.4,3.4,0,0,1
MIDCPNIFTY29JUL2411800PE.NFO,2024-05-07,09:15:00,2024-07-29,3.4,3.4,3.4,3.4,0,0,0
MIDCPNIFTY29JUL2411800PE.NFO,2024-05-07,09:16:00,2024-07-29,3.4,3.4,3.4,3.4,0,0,1
MIDCPNIFTY29JUL2411800PE.NFO,2024-05-07,09:17:00,2024-07-29,3.4,3.4,3.4,3.4,0,0,1
MIDCPNIFTY29JUL2411800PE.NFO,2024-05-07,09:18:00,2024-07-29,3.4,3.4,3.4,3.4,0,0,1
MIDCPNIFTY29JUL2411800PE.NFO,2024-05-07,09:19:00,2024-07-29,3.4,3.4,3.4,3.4,0,0,1
MIDCPNIFTY29JUL2411800PE.NFO,2024-05-07,09:20:00,2024-07-29,3.4,3.4,3.4,3.4,0,0,1
MIDCPNIFTY29JUL2411800PE.NFO,2024-05-07,09:21:00,2024-07-29,3.4,3.4,3.4,3.4,0,0,1
MIDCPNIFTY29JUL2411800PE.NFO,2024-05-07,09:22:00,2024-07-29,3.4,3.4,3.4,3.4,0,0,1
MIDCPNIFTY29JUL2411800PE.NFO,2024-05-07,09:23:00,2024-07-29,3.4,3.4,3.4,3.4,0,0,1
MIDCPNIFTY29JUL2411800PE.NFO,2024-05-07,09:24:00,2024-07-29,3.4,3.4,3.4,3.4,0,0,1
MIDCPNIFTY29JUL2411800PE.NFO,2024-05-07,09:25:00,2024-07-29,3.4,3.4,3.4,3.4,0,0,1
MIDCPNIFTY29JUL2411800PE.NFO,2024-05-07,09:26:00,2024-07-29,3.4,3.4,3.4,3.4,0,0,1
MIDCPNIFTY29JUL2411800PE.NFO,2024-05-07,09:27:00,2024-07-29,3.4,3.4,3.4,3.4,0,0,1
MIDCPNIFTY29JUL2411800PE.NFO,2024-05-07,09:28:00,2024-07-29,3.4,3.4,3.4,3.4,0,0,1
MIDCPNIFTY29JUL2411800PE.NFO,2024-05-07,09:29:00,2024-07-29,3.4,3.4,3.4,3.4,0,0,1
MIDCPNIFTY29JUL2411800PE.NFO,2024-05-07,09:30:00,2024-07-29,3.4,3.4,3.4,3.4,0,0,1
MIDCPNIFTY29JUL2411800PE.NFO,2024-05-07,09:31:00,2024-07-29,3.4,3.4,3.4,3.4,0,0,1
MIDCPNIFTY29JUL2411800PE.NFO,2024-05-07,09:32:00,2024-07-29,3.4,3.4,3.4,3.4,0,0,1
MIDCPNIFTY29JUL2411800PE.NFO,2024-05-07,09:33:00,2024-07-29,3.4,3.4,3.4,3.4,0,0,1
MIDCPNIFTY29JUL2411800PE.NFO,2024-05-07,09:34:00,2024-07-29,3.4,3.4,3.4,3.4,0,0,1
MIDCPNIFTY29JUL2411800PE.NFO,2024-05-07,09:35:00,2024-07-29,3.4,3.4,3.4,3.4,0,0,1
MIDCPNIFTY29JUL2411800PE.NFO,2024-05-07,09:36:00,2024-07-29,3.4,3.4,3.4,3.4,0,0,1
MIDCPNIFTY29JUL2411800PE.NFO,2024-05-07,09:37:00,2024-07-29,3.4,3.4,3.4,3.4,0,0,1
MIDCPNIFTY29JUL2411800PE.NFO,2024-05-07,09:38:00,2024-07-29,3.4,3.4,3.4,3.4,0,0,1
MIDCPNIFTY29JUL2411800PE.NFO,2024-05-07,09:39:00,2024-07-29,3.4,3.4,3.4,3.4,0,0,1
MIDCPNIFTY29JUL2411800PE.NFO,2024-05-07,09:40:00,2024-07-29,3.4,3.4,3.4,3.4,0,0,1
MIDCPNIFTY29JUL2411800PE.NFO,2024-05-07,09:41:00,2024-07-29,3.4,3.4,3.4,3.4,0,0,1
MIDCPNIFTY29JUL2411800PE.NFO,2024-05-07,09:42:00,2024-07-29,3.4,3.4,3.4,3.4,0,0,1
MIDCPNIFTY29JUL2411800PE.NFO,2024-05-07,09:43:00,2024-07-29,3.4,3.4,3.4,3.4,0,0,1
MIDCPNIFTY29JUL2411800PE.NFO,2024-05-07,09:44:00,2024-07-29,3.4,3.4,3.4,3.4,0,0,1
MIDCPNIFTY29JUL2411800PE.NFO,2024-05-07,09:45:00,2024-07-29,3.4,3.4,3.4,3.4,0,0,1
MIDCPNIFTY29JUL2411800PE.NFO,2024-05-07,09:46:00,2024-07-29,3.4,3.4,3.4,3.4,0,0,1
MIDCPNIFTY29JUL2411800PE.NFO,2024-05-07,09:47:00,2024-07-29,3.4,3.4,3.4,3.4,0,0,1
MIDCPNIFTY29JUL2411800PE.NFO,2024-05-07,09:48:00,2024-07-29,3.4,3.4,3.4,3.4,0,0,1
MIDCPNIFTY29JUL2411800PE.NFO,2024-05-07,09:49:00,2024-07-29,3.4,3.4,3.4,3.4,0,0,1
MIDCPNIFTY29JUL2411800PE.NFO,2024-05-07,09:50:00,2024-07-29,3.4,3.4,3.4,3.4,0,0,1
MIDCPNIFTY29JUL2411800PE.NFO,2024-05-07,09:51:00,2024-07-29,3.4,3.4,3.4,3.4,0,0,1
MIDCPNIFTY29JUL2411800PE.NFO,2024-05-07,09:52:00,2024-07-29,3.4,3.4,3.4,3.4,0,0,1
MIDCPNIFTY29JUL2411800PE.NFO,2024-05-07,09:53:00,2024-07-29,3.4,3.4,3.4,3.4,0,0,1
MIDCPNIFTY29JUL2411800PE.NFO,2024-05-07,09:54:00,2024-07-29,3.4,3.4,3.4,3.4,0,0,1
MIDCPNIFTY29JUL2411800PE.NFO,2024-05-07,09:55:00,2024-07-29,3.4,3.4,3.4,3.4,0,0,1
MIDCPNIFTY29JUL2411800PE.NFO,2024-05-07,09:56:00,2024-07-29,3.4,3.4,3.4,3.4,0,0,1
MIDCPNIFTY29JUL2411800PE.NFO,2024-05-07,09:57:00,2024-07-29,3.4,3.4,3.4,3.4,0,0,1
MIDCPNIFTY29JUL2411800PE.NFO,2024-05-07,09:58:00,2024-07-29,3.4,3.4,3.4,3.4,0,0,1
MIDCPNIFTY29JUL2411800PE.NFO,2024-05-07,09:59:00,2024-07-29,3.4,3.4,3.4,3.4,0,0,1
MIDCPNIFTY29JUL2411800PE.NFO,2024-05-07,10:00:00,2024-07-29,3.4,3.4,3.4,3.4,0,0,1
MIDCPNIFTY29JUL2411800PE.NFO,2024-05-07,10:01:00,2024-07-29,3.4,3.4,3.4,3.4,0,0,1
MIDCPNIFTY29JUL2411800PE.NFO,2024-05-07,10:02:00,2024-07-29,3.4,3.4,3.4,3.4,0,0,1
MIDCPNIFTY29JUL2411800PE.NFO,2024-05-07,10:03:00,2024-07-29,3.4,3.4,3.4,3.4,0,0,1
MIDCPNIFTY29JUL2411800PE.NFO,2024-05-07,10:04:00,2024-07-29,3.4,3.4,3.4,3.4,0,0,1
MIDCPNIFTY29JUL2411800PE.NFO,2024-05-07,10:05:00,2024-07-29,3.4,3.4,3.4,3.4,0,0,1
MIDCPNIFTY29JUL2411800PE.NFO,2024-05-07,10:06:00,2024-07-29,3.4,3.4,3.4,3.4,0,0,1
MIDCPNIFTY29JUL2411800PE.NFO,2024-05-07,10:07:00,2024-07-29,3.4,3.4,3.4,3.4,0,0,1
MIDCPNIFTY29JUL2411800PE.NFO,2024-05-07,10:08:00,2024-07-29,3.4,3.4,3.4,3.4,0,0,1
MIDCPNIFTY29JUL2411800PE.NFO,2024-05-07,10:09:00,2024-07-29,3.4,3.4,3.4,3.4,0,0,1
MIDCPNIFTY29JUL2411800PE.NFO,2024-05-07,10:10:00,2024-07-29,3.4,3.4,3.4,3.4,0,0,1
MIDCPNIFTY29JUL2411800PE.NFO,2024-05-07,10:11:00,2024-07-29,3.4,3.4,3.4,3.4,0,0,1
MIDCPNIFTY29JUL2411800PE.NFO,2024-05-07,10:12:00,2024-07-29,3.4,3.4,3.4,3.4,0,0,1
MIDCPNIFTY29JUL2411800PE.NFO,2024-05-07,10:13:00,2024-07-29,3.4,3.4,3.4,3.4,0,0,1
MIDCPNIFTY29JUL2411800PE.NFO,2024-05-07,10:14:00,2024-07-29,3.4,3.4,3.4,3.4,0,0,1
MIDCPNIFTY29JUL2411800PE.NFO,2024-05-07,10:15:00,2024-07-29,3.4,3.4,3.4,3.4,0,0,1
MIDCPNIFTY29JUL2411800PE.NFO,2024-05-07,10:16:00,2024-07-29,3.4,3.4,3.4,3.4,0,0,1
MIDCPNIFTY29JUL2411800PE.NFO,2024-05-07,10:17:00,2024-07-29,3.4,3.4,3.4,3.4,0,0,1
MIDCPNIFTY29JUL2411800PE.NFO,2024-05-07,10:18:00,2024-07-29,3.4,3.4,3.4,3.4,0,0,1
MIDCPNIFTY29JUL2411800PE.NFO,2024-05-07,10:19:00,2024-07-29,3.4,3.4,3.4,3.4,0,0,1
MIDCPNIFTY29JUL2411800PE.NFO,2024-05-07,10:20:00,2024-07-29,3.4,3.4,3.4,3.4,0,0,1
MIDCPNIFTY29JUL2411800PE.NFO,2024-05-07,10:21:00,2024-07-29,3.4,3.4,3.4,3.4,0,0,1
MIDCPNIFTY29JUL2411800PE.NFO,2024-05-07,10:22:00,2024-07-29,3.4,3.4,3.4,3.4,0,0,1
MIDCPNIFTY29JUL2411800PE.NFO,2024-05-07,10:23:00,2024-07-29,3.4,3.4,3.4,3.4,0,0,1
MIDCPNIFTY29JUL2411800PE.NFO,2024-05-07,10:24:00,2024-07-29,3.4,3.4,3.4,3.4,0,0,1
MIDCPNIFTY29JUL2411800PE.NFO,2024-05-07,10:25:00,2024-07-29,3.4,3.4,3.4,3.4,0,0,1
MIDCPNIFTY29JUL2411800PE.NFO,2024-05-07,10:26:00,2024-07-29,3.4,3.4,3.4,3.4,0,0,1
MIDCPNIFTY29JUL2411800PE.NFO,2024-05-07,10:27:00,2024-07-29,3.4,3.4,3.4,3.4,0,0,1
MIDCPNIFTY29JUL2411800PE.NFO,2024-05-07,10:28:00,2024-07-29,3.4,3.4,3.4,3.4,0,0,1
MIDCPNIFTY29JUL2411800PE.NFO,2024-05-07,10:29:00,2024-07-29,3.4,3.4,3.4,3.4,0,0,1
MIDCPNIFTY29JUL2411800PE.NFO,2024-05-07,10:30:00,2024-07-29,3.4,3.4,3.4,3.4,0,0,1
MIDCPNIFTY29JUL2411800PE.NFO,2024-05-07,10:31:00,2024-07-29,3.4,3.4,3.4,3.4,0,0,1
MIDCPNIFTY29JUL2411800PE.NFO,2024-05-07,10:32:00,2024-07-29,3.4,3.4,3.4,3.4,0,0,1
MIDCPNIFTY29JUL2411800PE.NFO,2024-05-07,10:33:00,2024-07-29,3.4,3.4,3.4,3.4,0,0,1
MIDCPNIFTY29JUL2411800PE.NFO,2024-05-07,10:34:00,2024-07-29,3.4,3.4,3.4,3.4,0,0,1
MIDCPNIFTY29JUL2411800PE.NFO,2024-05-07,10:35:00,2024-07-29,3.4,3.4,3.4,3.4,0,0,1
MIDCPNIFTY29JUL2411800PE.NFO,2024-05-07,10:36:00,2024-07-29,3.4,3.4,3.4,3.4,0,0,1
MIDCPNIFTY29JUL2411800PE.NFO,2024-05-07,10:37:00,2024-07-29,3.4,3.4,3.4,3.4,0,0,1
MIDCPNIFTY29JUL2411800PE.NFO,2024-05-07,10:38:00,2024-07-29,3.4,3.4,3.4,3.4,0,0,1
MIDCPNIFTY29JUL2411800PE.NFO,2024-05-07,10:39:00,2024-07-29,3.4,3.4,3.4,3.4,0,0,1
MIDCPNIFTY29JUL2411800PE.NFO,2024-05-07,10:40:00,2024-07-29,3.4,3.4,3.4,3.4,0,0,1
MIDCPNIFTY29JUL2411800PE.NFO,2024-05-07,10:41:00,2024-07-29,3.4,3.4,3.4,3.4,0,0,1
MIDCPNIFTY29JUL2411800PE.NFO,2024-05-07,10:42:00,2024-07-29,3.4,3.4,3.4,3.4,0,0,1
MIDCPNIFTY29JUL2411800PE.NFO,2024-05-07,10:43:00,2024-07-29,3.4,3.4,3.4,3.4,0,0,1
MIDCPNIFTY29JUL2411800PE.NFO,2024-05-07,10:44:00,2024-07-29,3.4,3.4,3.4,3.4,0,0,1
MIDCPNIFTY29JUL2411800PE.NFO,2024-05-07,10:45:00,2024-07-29,3.4,3.4,3.4,3.4,0,0,1
MIDCPNIFTY29JUL2411800PE.NFO,2024-05-07,10:46:00,2024-07-29,3.4,3.4,3.4,3.4,0,0,1
MIDCPNIFTY29JUL2411800PE.NFO,2024-05-07,10:47:00,2024-07-29,3.4,3.4,3.4,3.4,0,0,1
MIDCPNIFTY29JUL2411800PE.NFO,2024-05-07,10:48:00,2024-07-29,3.4,3.4,3.4,3.4,0,0,1
MIDCPNIFTY29JUL2411800PE.NFO,2024-05-07,10:49:00,2024-07-29,3.4,3.4,3.4,3.4,0,0,1
MIDCPNIFTY29JUL2411800PE.NFO,2024-05-07,10:50:00,2024-07-29,3.4,3.4,3.4,3.4,0,0,1
MIDCPNIFTY29JUL2411800PE.NFO,2024-05-07,10:51:00,2024-07-29,3.4,3.4,3.4,3.4,0,0,1
MIDCPNIFTY29JUL2411800PE.NFO,2024-05-07,10:52:00,2024-07-29,3.4,3.4,3.4,3.4,0,0,1
MIDCPNIFTY29JUL2411800PE.NFO,2024-05-07,10:53:00,2024-07-29,3.4,3.4,3.4,3.4,0,0,1
MIDCPNIFTY29JUL2411800PE.NFO,2024-05-07,10:54:00,2024-07-29,3.4,3.4,3.4,3.4,0,0,1
MIDCPNIFTY29JUL2411800PE.NFO,2024-05-07,10:55:00,2024-07-29,3.4,3.4,3.4,3.4,0,0,1
MIDCPNIFTY29JUL2411800PE.NFO,2024-05-07,10:56:00,2024-07-29,3.4,3.4,3.4,3.4,0,0,1
MIDCPNIFTY29JUL2411800PE.NFO,2024-05-07,10:57:00,2024-07-29,3.4,3.4,3.4,3.4,0,0,1
MIDCPNIFTY29JUL2411800PE.NFO,2024-05-07,10:58:00,2024-07-29,3.4,3.4,3.4,3.4,0,0,1
MIDCPNIFTY29JUL2411800PE.NFO,2024-05-07,10:59:00,2024-07-29,3.4,3.4,3.4,3.4,0,0,1
MIDCPNIFTY29JUL2411800PE.NFO,2024-05-07,11:00:00,2024-07-29,3.4,3.4,3.4,3.4,0,0,1
MIDCPNIFTY29JUL2411800PE.NFO,2024-05-07,11:01:00,2024-07-29,3.4,3.4,3.4,3.4,0,0,1
MIDCPNIFTY29JUL2411800PE.NFO,2024-05-07,11:02:00,2024-07-29,3.4,3.4,3.4,3.4,0,0,1
MIDCPNIFTY29JUL2411800PE.NFO,2024-05-07,11:03:00,2024-07-29,3.4,3.4,3.4,3.4,0,0,1
MIDCPNIFTY29JUL2411800PE.NFO,2024-05-07,11:04:00,2024-07-29,3.4,3.4,3.4,3.4,0,0,1
MIDCPNIFTY29JUL2411800PE.NFO,2024-05-07,11:05:00,2024-07-29,3.4,3.4,3.4,3.4,0,0,1
MIDCPNIFTY29JUL2411800PE.NFO,2024-05-07,11:06:00,2024-07-29,3.4,3.4,3.4,3.4,0,0,1
MIDCPNIFTY29JUL2411800PE.NFO,2024-05-07,11:07:00,2024-07-29,3.4,3.4,3.4,3.4,0,0,1
MIDCPNIFTY29JUL2411800PE.NFO,2024-05-07,11:08:00,2024-07-29,3.4,3.4,3.4,3.4,0,0,1
MIDCPNIFTY29JUL2411800PE.NFO,2024-05-07,11:09:00,2024-07-29,3.4,3.4,3.4,3.4,0,0,1
MIDCPNIFTY29JUL2411800PE.NFO,2024-05-07,11:10:00,2024-07-29,3.4,3.4,3.4,3.4,0,0,1
MIDCPNIFTY29JUL2411800PE.NFO,2024-05-07,11:11:00,2024-07-29,3.4,3.4,3.4,3.4,0,0,1
MIDCPNIFTY29JUL2411800PE.NFO,2024-05-07,11:12:00,2024-07-29,3.4,3.4,3.4,3.4,0,0,1
MIDCPNIFTY29JUL2411800PE.NFO,2024-05-07,11:13:00,2024-07-29,3.4,3.4,3.4,3.4,0,0,1
MIDCPNIFTY29JUL2411800PE.NFO,2024-05-07,11:14:00,2024-07-29,3.4,3.4,3.4,3.4,0,0,1
MIDCPNIFTY29JUL2411800PE.NFO,2024-05-07,11:15:00,2024-07-29,3.4,3.4,3.4,3.4,0,0,1
MIDCPNIFTY29JUL2411800PE.NFO,2024-05-07,11:16:00,2024-07-29,3.4,3.4,3.4,3.4,0,0,1
MIDCPNIFTY29JUL2411800PE.NFO,2024-05-07,11:17:00,2024-07-29,3.4,3.4,3.4,3.4,0,0,1
MIDCPNIFTY29JUL2411800PE.NFO,2024-05-07,11:18:00,2024-07-29,3.4,3.4,3.4,3.4,0,0,1
MIDCPNIFTY29JUL2411800PE.NFO,2024-05-07,11:19:00,2024-07-29,3.4,3.4,3.4,3.4,0,0,1
MIDCPNIFTY29JUL2411800PE.NFO,2024-05-07,11:20:00,2024-07-29,3.4,3.4,3.4,3.4,0,0,1
MIDCPNIFTY29JUL2411800PE.NFO,2024-05-07,11:21:00,2024-07-29,3.4,3.4,3.4,3.4,0,0,1
MIDCPNIFTY29JUL2411800PE.NFO,2024-05-07,11:22:00,2024-07-29,3.4,3.4,3.4,3.4,0,0,1
MIDCPNIFTY29JUL2411800PE.NFO,2024-05-07,11:23:00,2024-07-29,3.4,3.4,3.4,3.4,0,0,1
MIDCPNIFTY29JUL2411800PE.NFO,2024-05-07,11:24:00,2024-07-29,3.4,3.4,3.4,3.4,0,0,1
MIDCPNIFTY29JUL2411800PE.NFO,2024-05-07,11:25:00,2024-07-29,3.4,3.4,3.4,3.4,0,0,1
MIDCPNIFTY29JUL2411800PE.NFO,2024-05-07,11:26:00,2024-07-29,3.4,3.4,3.4,3.4,0,0,1
MIDCPNIFTY29JUL2411800PE.NFO,2024-05-07,11:27:00,2024-07-29,3.4,3.4,3.4,3.4,0,0,1
MIDCPNIFTY29JUL2411800PE.NFO,2024-05-07,11:28:00,2024-07-29,3.4,3.4,3.4,3.4,0,0,1
MIDCPNIFTY29JUL2411800PE.NFO,2024-05-07,11:29:00,2024-07-29,3.4,3.4,3.4,3.4,0,0,1
MIDCPNIFTY29JUL2411800PE.NFO,2024-05-07,11:30:00,2024-07-29,3.4,3.4,3.4,3.4,0,0,1
MIDCPNIFTY29JUL2411800PE.NFO,2024-05-07,11:31:00,2024-07-29,3.4,3.4,3.4,3.4,0,0,1
MIDCPNIFTY29JUL2411800PE.NFO,2024-05-07,11:32:00,2024-07-29,3.4,3.4,3.4,3.4,0,0,1
MIDCPNIFTY29JUL2411800PE.NFO,2024-05-07,11:33:00,2024-07-29,3.4,3.4,3.4,3.4,0,0,1
MIDCPNIFTY29JUL2411800PE.NFO,2024-05-07,11:34:00,2024-07-29,3.4,3.4,3.4,3.4,0,0,1
MIDCPNIFTY29JUL2411800PE.NFO,2024-05-07,11:35:00,2024-07-29,3.4,3.4,3.4,3.4,0,0,1
MIDCPNIFTY29JUL2411800PE.NFO,2024-05-07,11:36:00,2024-07-29,3.4,3.4,3.4,3.4,0,0,1
MIDCPNIFTY29JUL2411800PE.NFO,2024-05-07,11:37:00,2024-07-29,3.4,3.4,3.4,3.4,0,0,1
MIDCPNIFTY29JUL2411800PE.NFO,2024-05-07,11:38:00,2024-07-29,3.4,3.4,3.4,3.4,0,0,1
MIDCPNIFTY29JUL2411800PE.NFO,2024-05-07,11:39:00,2024-07-29,3.4,3.4,3.4,3.4,0,0,1
MIDCPNIFTY29JUL2411800PE.NFO,2024-05-07,11:40:00,2024-07-29,3.4,3.4,3.4,3.4,0,0,1
MIDCPNIFTY29JUL2411800PE.NFO,2024-05-07,11:41:00,2024-07-29,3.4,3.4,3.4,3.4,0,0,1
MIDCPNIFTY29JUL2411800PE.NFO,2024-05-07,11:42:00,2024-07-29,3.4,3.4,3.4,3.4,0,0,1
MIDCPNIFTY29JUL2411800PE.NFO,2024-05-07,11:43:00,2024-07-29,3.4,3.4,3.4,3.4,0,0,1
MIDCPNIFTY29JUL2411800PE.NFO,2024-05-07,11:44:00,2024-07-29,3.4,3.4,3.4,3.4,0,0,1
MIDCPNIFTY29JUL2411800PE.NFO,2024-05-07,11:45:00,2024-07-29,3.4,3.4,3.4,3.4,0,0,1
MIDCPNIFTY29JUL2411800PE.NFO,2024-05-07,11:46:00,2024-07-29,3.4,3.4,3.4,3.4,0,0,1
MIDCPNIFTY29JUL2411800PE.NFO,2024-05-07,11:47:00,2024-07-29,3.4,3.4,3.4,3.4,0,0,1
MIDCPNIFTY29JUL2411800PE.NFO,2024-05-07,11:48:00,2024-07-29,3.4,3.4,3.4,3.4,0,0,1
MIDCPNIFTY29JUL2411800PE.NFO,2024-05-07,11:49:00,2024-07-29,3.4,3.4,3.4,3.4,0,0,1
MIDCPNIFTY29JUL2411800PE.NFO,2024-05-07,11:50:00,2024-07-29,3.4,3.4,3.4,3.4,0,0,1
MIDCPNIFTY29JUL2411800PE.NFO,2024-05-07,11:51:00,2024-07-29,3.4,3.4,3.4,3.4,0,0,1
MIDCPNIFTY29JUL2411800PE.NFO,2024-05-07,11:52:00,2024-07-29,3.4,3.4,3.4,3.4,0,0,1
MIDCPNIFTY29JUL2411800PE.NFO,2024-05-07,11:53:00,2024-07-29,3.4,3.4,3.4,3.4,0,0,1
MIDCPNIFTY29JUL2411800PE.NFO,2024-05-07,11:54:00,2024-07-29,3.4,3.4,3.4,3.4,0,0,1
MIDCPNIFTY29JUL2411800PE.NFO,2024-05-07,11:55:00,2024-07-29,3.4,3.4,3.4,3.4,0,0,1
MIDCPNIFTY29JUL2411800PE.NFO,2024-05-07,11:56:00,2024-07-29,3.4,3.4,3.4,3.4,0,0,1
MIDCPNIFTY29JUL2411800PE.NFO,2024-05-07,11:57:00,2024-07-29,3.4,3.4,3.4,3.4,0,0,1
MIDCPNIFTY29JUL2411800PE.NFO,2024-05-07,11:58:00,2024-07-29,3.4,3.4,3.4,3.4,0,0,1
MIDCPNIFTY29JUL2411800PE.NFO,2024-05-07,11:59:00,2024-07-29,3.4,3.4,3.4,3.4,0,0,1
MIDCPNIFTY29JUL2411800PE.NFO,2024-05-07,12:00:00,2024-07-29,3.4,3.4,3.4,3.4,0,0,1
MIDCPNIFTY29JUL2411800PE.NFO,2024-05-07,12:01:00,2024-07-29,3.4,3.4,3.4,3.4,0,0,1
MIDCPNIFTY29JUL2411800PE.NFO,2024-05-07,12:02:00,2024-07-29,3.4,3.4,3.4,3.4,0,0,1
MIDCPNIFTY29JUL2411800PE.NFO,2024-05-07,12:03:00,2024-07-29,3.4,3.4,3.4,3.4,0,0,1
MIDCPNIFTY29JUL2411800PE.NFO,2024-05-07,12:04:00,2024-07-29,3.4,3.4,3.4,3.4,0,0,1
MIDCPNIFTY29JUL2411800PE.NFO,2024-05-07,12:05:00,2024-07-29,3.4,3.4,3.4,3.4,0,0,1
MIDCPNIFTY29JUL2411800PE.NFO,2024-05-07,12:06:00,2024-07-29,3.4,3.4,3.4,3.4,0,0,1
MIDCPNIFTY29JUL2411800PE.NFO,2024-05-07,12:07:00,2024-07-29,3.4,3.4,3.4,3.4,0,0,1
MIDCPNIFTY29JUL2411800PE.NFO,2024-05-07,12:08:00,2024-07-29,3.4,3.4,3.4,3.4,0,0,1
MIDCPNIFTY29JUL2411800PE.NFO,2024-05-07,12:09:00,2024-07-29,3.4,3.4,3.4,3.4,0,0,1
MIDCPNIFTY29JUL2411800PE.NFO,2024-05-07,12:10:00,2024-07-29,3.4,3.4,3.4,3.4,0,0,1
MIDCPNIFTY29JUL2411800PE.NFO,2024-05-07,12:11:00,2024-07-29,3.4,3.4,3.4,3.4,0,0,1
MIDCPNIFTY29JUL2411800PE.NFO,2024-05-07,12:12:00,2024-07-29,3.4,3.4,3.4,3.4,0,0,1
MIDCPNIFTY29JUL2411800PE.NFO,2024-05-07,12:13:00,2024-07-29,3.4,3.4,3.4,3.4,0,0,1
MIDCPNIFTY29JUL2411800PE.NFO,2024-05-07,12:14:00,2024-07-29,3.4,3.4,3.4,3.4,0,0,1
MIDCPNIFTY29JUL2411800PE.NFO,2024-05-07,12:15:00,2024-07-29,3.4,3.4,3.4,3.4,0,0,1
MIDCPNIFTY29JUL2411800PE.NFO,2024-05-07,12:16:00,2024-07-29,3.4,3.4,3.4,3.4,0,0,1
MIDCPNIFTY29JUL2411800PE.NFO,2024-05-07,12:17:00,2024-07-29,3.4,3.4,3.4,3.4,0,0,1
MIDCPNIFTY29JUL2411800PE.NFO,2024-05-07,12:18:00,2024-07-29,3.4,3.4,3.4,3.4,0,0,1
MIDCPNIFTY29JUL2411800PE.NFO,2024-05-07,12:19:00,2024-07-29,3.4,3.4,3.4,3.4,0,0,1
MIDCPNIFTY29JUL2411800PE.NFO,2024-05-07,12:20:00,2024-07-29,3.4,3.4,3.4,3.4,0,0,1
MIDCPNIFTY29JUL2411800PE.NFO,2024-05-07,12:21:00,2024-07-29,3.4,3.4,3.4,3.4,0,0,1
MIDCPNIFTY29JUL2411800PE.NFO,2024-05-07,12:22:00,2024-07-29,3.4,3.4,3.4,3.4,0,0,1
MIDCPNIFTY29JUL2411800PE.NFO,2024-05-07,12:23:00,2024-07-29,3.4,3.4,3.4,3.4,0,0,1
MIDCPNIFTY29JUL2411800PE.NFO,2024-05-07,12:24:00,2024-07-29,3.4,3.4,3.4,3.4,0,0,1
MIDCPNIFTY29JUL2411800PE.NFO,2024-05-07,12:25:00,2024-07-29,3.4,3.4,3.4,3.4,0,0,1
MIDCPNIFTY29JUL2411800PE.NFO,2024-05-07,12:26:00,2024-07-29,3.4,3.4,3.4,3.4,0,0,1
MIDCPNIFTY29JUL2411800PE.NFO,2024-05-07,12:27:00,2024-07-29,3.4,3.4,3.4,3.4,0,0,1
MIDCPNIFTY29JUL2411800PE.NFO,2024-05-07,12:28:00,2024-07-29,3.4,3.4,3.4,3.4,0,0,1
MIDCPNIFTY29JUL2411800PE.NFO,2024-05-07,12:29:00,2024-07-29,3.4,3.4,3.4,3.4,0,0,1
MIDCPNIFTY29JUL2411800PE.NFO,2024-05-07,12:30:00,2024-07-29,3.4,3.4,3.4,3.4,0,0,1
MIDCPNIFTY29JUL2411800PE.NFO,2024-05-07,12:31:00,2024-07-29,3.4,3.4,3.4,3.4,0,0,1
MIDCPNIFTY29JUL2411800PE.NFO,2024-05-07,12:32:00,2024-07-29,3.4,3.4,3.4,3.4,0,0,1
MIDCPNIFTY29JUL2411800PE.NFO,2024-05-07,12:33:00,2024-07-29,3.4,3.4,3.4,3.4,0,0,1
MIDCPNIFTY29JUL2411800PE.NFO,2024-05-07,12:34:00,2024-07-29,3.4,3.4,3.4,3.4,0,0,1
MIDCPNIFTY29JUL2411800PE.NFO,2024-05-07,12:35:00,2024-07-29,3.4,3.4,3.4,3.4,0,0,1
MIDCPNIFTY29JUL2411800PE.NFO,2024-05-07,12:36:00,2024-07-29,3.4,3.4,3.4,3.4,0,0,1
MIDCPNIFTY29JUL2411800PE.NFO,2024-05-07,12:37:00,2024-07-29,3.4,3.4,3.4,3.4,0,0,1
MIDCPNIFTY29JUL2411800PE.NFO,2024-05-07,12:38:00,2024-07-29,3.4,3.4,3.4,3.4,0,0,1
MIDCPNIFTY29JUL2411800PE.NFO,2024-05-07,12:39:00,2024-07-29,3.4,3.4,3.4,3.4,0,0,1
MIDCPNIFTY29JUL2411800PE.NFO,2024-05-07,12:40:00,2024-07-29,3.4,3.4,3.4,3.4,0,0,1
MIDCPNIFTY29JUL2411800PE.NFO,2024-05-07,12:41:00,2024-07-29,3.4,3.4,3.4,3.4,0,0,1
MIDCPNIFTY29JUL2411800PE.NFO,2024-05-07,12:42:00,2024-07-29,3.4,3.4,3.4,3.4,0,0,1
MIDCPNIFTY29JUL2411800PE.NFO,2024-05-07,12:43:00,2024-07-29,3.4,3.4,3.4,3.4,0,0,1
MIDCPNIFTY29JUL2411800PE.NFO,2024-05-07,12:44:00,2024-07-29,3.4,3.4,3.4,3.4,0,0,1
MIDCPNIFTY29JUL2411800PE.NFO,2024-05-07,12:45:00,2024-07-29,3.4,3.4,3.4,3.4,0,0,1
MIDCPNIFTY29JUL2411800PE.NFO,2024-05-07,12:46:00,2024-07-29,3.4,3.4,3.4,3.4,0,0,1
MIDCPNIFTY29JUL2411800PE.NFO,2024-05-07,12:47:00,2024-07-29,3.4,3.4,3.4,3.4,0,0,1
MIDCPNIFTY29JUL2411800PE.NFO,2024-05-07,12:48:00,2024-07-29,3.4,3.4,3.4,3.4,0,0,1
MIDCPNIFTY29JUL2411800PE.NFO,2024-05-07,12:49:00,2024-07-29,3.4,3.4,3.4,3.4,0,0,1
MIDCPNIFTY29JUL2411800PE.NFO,2024-05-07,12:50:00,2024-07-29,3.4,3.4,3.4,3.4,0,0,1
MIDCPNIFTY29JUL2411800PE.NFO,2024-05-07,12:51:00,2024-07-29,3.4,3.4,3.4,3.4,0,0,1
MIDCPNIFTY29JUL2411800PE.NFO,2024-05-07,12:52:00,2024-07-29,3.4,3.4,3.4,3.4,0,0,1
MIDCPNIFTY29JUL2411800PE.NFO,2024-05-07,12:53:00,2024-07-29,3.4,3.4,3.4,3.4,0,0,1
MIDCPNIFTY29JUL2411800PE.NFO,2024-05-07,12:54:00,2024-07-29,3.4,3.4,3.4,3.4,0,0,1
MIDCPNIFTY29JUL2411800PE.NFO,2024-05-07,12:55:00,2024-07-29,3.4,3.4,3.4,3.4,0,0,1
MIDCPNIFTY29JUL2411800PE.NFO,2024-05-07,12:56:00,2024-07-29,3.4,3.4,3.4,3.4,0,0,1
MIDCPNIFTY29JUL2411800PE.NFO,2024-05-07,12:57:00,2024-07-29,3.4,3.4,3.4,3.4,0,0,1
MIDCPNIFTY29JUL2411800PE.NFO,2024-05-07,12:58:00,2024-07-29,3.4,3.4,3.4,3.4,0,0,1
MIDCPNIFTY29JUL2411800PE.NFO,2024-05-07,12:59:00,2024-07-29,3.4,3.4,3.4,3.4,0,0,1
MIDCPNIFTY29JUL2411800PE.NFO,2024-05-07,13:00:00,2024-07-29,3.4,3.4,3.4,3.4,0,0,1
MIDCPNIFTY29JUL2411800PE.NFO,2024-05-07,13:01:00,2024-07-29,3.4,3.4,3.4,3.4,0,0,1
MIDCPNIFTY29JUL2411800PE.NFO,2024-05-07,13:02:00,2024-07-29,3.4,3.4,3.4,3.4,0,0,1
MIDCPNIFTY29JUL2411800PE.NFO,2024-05-07,13:03:00,2024-07-29,3.4,3.4,3.4,3.4,0,0,1
MIDCPNIFTY29JUL2411800PE.NFO,2024-05-07,13:04:00,2024-07-29,3.4,3.4,3.4,3.4,0,0,1
MIDCPNIFTY29JUL2411800PE.NFO,2024-05-07,13:05:00,2024-07-29,3.4,3.4,3.4,3.4,0,0,1
MIDCPNIFTY29JUL2411800PE.NFO,2024-05-07,13:06:00,2024-07-29,3.4,3.4,3.4,3.4,0,0,1
MIDCPNIFTY29JUL2411800PE.NFO,2024-05-07,13:07:00,2024-07-29,3.4,3.4,3.4,3.4,0,0,1
MIDCPNIFTY29JUL2411800PE.NFO,2024-05-07,13:08:00,2024-07-29,3.4,3.4,3.4,3.4,0,0,1
MIDCPNIFTY29JUL2411800PE.NFO,2024-05-07,13:09:00,2024-07-29,3.4,3.4,3.4,3.4,0,0,1
MIDCPNIFTY29JUL2411800PE.NFO,2024-05-07,13:10:00,2024-07-29,3.4,3.4,3.4,3.4,0,0,1
MIDCPNIFTY29JUL2411800PE.NFO,2024-05-07,13:11:00,2024-07-29,3.4,3.4,3.4,3.4,0,0,1
MIDCPNIFTY29JUL2411800PE.NFO,2024-05-07,13:12:00,2024-07-29,3.4,3.4,3.4,3.4,0,0,1
MIDCPNIFTY29JUL2411800PE.NFO,2024-05-07,13:13:00,2024-07-29,3.4,3.4,3.4,3.4,0,0,1
MIDCPNIFTY29JUL2411800PE.NFO,2024-05-07,13:14:00,2024-07-29,3.4,3.4,3.4,3.4,0,0,1
MIDCPNIFTY29JUL2411800PE.NFO,2024-05-07,13:15:00,2024-07-29,3.4,3.4,3.4,3.4,0,0,1
MIDCPNIFTY29JUL2411800PE.NFO,2024-05-07,13:16:00,2024-07-29,3.4,3.4,3.4,3.4,0,0,1
MIDCPNIFTY29JUL2411800PE.NFO,2024-05-07,13:17:00,2024-07-29,3.4,3.4,3.4,3.4,0,0,1
MIDCPNIFTY29JUL2411800PE.NFO,2024-05-07,13:18:00,2024-07-29,3.4,3.4,3.4,3.4,0,0,1
MIDCPNIFTY29JUL2411800PE.NFO,2024-05-07,13:19:00,2024-07-29,3.4,3.4,3.4,3.4,0,0,1
MIDCPNIFTY29JUL2411800PE.NFO,2024-05-07,13:20:00,2024-07-29,3.4,3.4,3.4,3.4,0,0,1
MIDCPNIFTY29JUL2411800PE.NFO,2024-05-07,13:21:00,2024-07-29,3.4,3.4,3.4,3.4,0,0,1
MIDCPNIFTY29JUL2411800PE.NFO,2024-05-07,13:22:00,2024-07-29,3.4,3.4,3.4,3.4,0,0,1
MIDCPNIFTY29JUL2411800PE.NFO,2024-05-07,13:23:00,2024-07-29,3.4,3.4,3.4,3.4,0,0,1
MIDCPNIFTY29JUL2411800PE.NFO,2024-05-07,13:24:00,2024-07-29,3.4,3.4,3.4,3.4,0,0,1
MIDCPNIFTY29JUL2411800PE.NFO,2024-05-07,13:25:00,2024-07-29,3.4,3.4,3.4,3.4,0,0,1
MIDCPNIFTY29JUL2411800PE.NFO,2024-05-07,13:26:00,2024-07-29,3.4,3.4,3.4,3.4,0,0,1
MIDCPNIFTY29JUL2411800PE.NFO,2024-05-07,13:27:00,2024-07-29,3.4,3.4,3.4,3.4,0,0,1
MIDCPNIFTY29JUL2411800PE.NFO,2024-05-07,13:28:00,2024-07-29,3.4,3.4,3.4,3.4,0,0,1
MIDCPNIFTY29JUL2411800PE.NFO,2024-05-07,13:29:00,2024-07-29,3.4,3.4,3.4,3.4,0,0,1
MIDCPNIFTY29JUL2411800PE.NFO,2024-05-07,13:30:00,2024-07-29,3.4,3.4,3.4,3.4,0,0,1
MIDCPNIFTY29JUL2411800PE.NFO,2024-05-07,13:31:00,2024-07-29,3.4,3.4,3.4,3.4,0,0,1
MIDCPNIFTY29JUL2411800PE.NFO,2024-05-07,13:32:00,2024-07-29,3.4,3.4,3.4,3.4,0,0,1
MIDCPNIFTY29JUL2411800PE.NFO,2024-05-07,13:33:00,2024-07-29,3.4,3.4,3.4,3.4,0,0,1
MIDCPNIFTY29JUL2411800PE.NFO,2024-05-07,13:34:00,2024-07-29,3.4,3.4,3.4,3.4,0,0,1
MIDCPNIFTY29JUL2411800PE.NFO,2024-05-07,13:35:00,2024-07-29,3.4,3.4,3.4,3.4,0,0,1
MIDCPNIFTY29JUL2411800PE.NFO,2024-05-07,13:36:00,2024-07-29,3.4,3.4,3.4,3.4,0,0,1
MIDCPNIFTY29JUL2411800PE.NFO,2024-05-07,13:37:00,2024-07-29,3.4,3.4,3.4,3.4,0,0,1
MIDCPNIFTY29JUL2411800PE.NFO,2024-05-07,13:38:00,2024-07-29,3.4,3.4,3.4,3.4,0,0,1
MIDCPNIFTY29JUL2411800PE.NFO,2024-05-07,13:39:00,2024-07-29,3.4,3.4,3.4,3.4,0,0,1
MIDCPNIFTY29JUL2411800PE.NFO,2024-05-07,13:40:00,2024-07-29,3.4,3.4,3.4,3.4,0,0,1
MIDCPNIFTY29JUL2411800PE.NFO,2024-05-07,13:41:00,2024-07-29,3.4,3.4,3.4,3.4,0,0,1
MIDCPNIFTY29JUL2411800PE.NFO,2024-05-07,13:42:00,2024-07-29,3.4,3.4,3.4,3.4,0,0,1
MIDCPNIFTY29JUL2411800PE.NFO,2024-05-07,13:43:00,2024-07-29,3.4,3.4,3.4,3.4,0,0,1
MIDCPNIFTY29JUL2411800PE.NFO,2024-05-07,13:44:00,2024-07-29,3.4,3.4,3.4,3.4,0,0,1
MIDCPNIFTY29JUL2411800PE.NFO,2024-05-07,13:45:00,2024-07-29,3.4,3.4,3.4,3.4,0,0,1
MIDCPNIFTY29JUL2411800PE.NFO,2024-05-07,13:46:00,2024-07-29,3.4,3.4,3.4,3.4,0,0,1
MIDCPNIFTY29JUL2411800PE.NFO,2024-05-07,13:47:00,2024-07-29,3.4,3.4,3.4,3.4,0,0,1
MIDCPNIFTY29JUL2411800PE.NFO,2024-05-07,13:48:00,2024-07-29,3.4,3.4,3.4,3.4,0,0,1
MIDCPNIFTY29JUL2411800PE.NFO,2024-05-07,13:49:00,2024-07-29,3.4,3.4,3.4,3.4,0,0,1
MIDCPNIFTY29JUL2411800PE.NFO,2024-05-07,13:50:00,2024-07-29,3.4,3.4,3.4,3.4,0,0,1
MIDCPNIFTY29JUL2411800PE.NFO,2024-05-07,13:51:00,2024-07-29,3.4,3.4,3.4,3.4,0,0,1
MIDCPNIFTY29JUL2411800PE.NFO,2024-05-07,13:52:00,2024-07-29,3.4,3.4,3.4,3.4,0,0,1
MIDCPNIFTY29JUL2411800PE.NFO,2024-05-07,13:53:00,2024-07-29,3.4,3.4,3.4,3.4,0,0,1
MIDCPNIFTY29JUL2411800PE.NFO,2024-05-07,13:54:00,2024-07-29,3.4,3.4,3.4,3.4,0,0,1
MIDCPNIFTY29JUL2411800PE.NFO,2024-05-07,13:55:00,2024-07-29,3.4,3.4,3.4,3.4,0,0,1
MIDCPNIFTY29JUL2411800PE.NFO,2024-05-07,13:56:00,2024-07-29,3.4,3.4,3.4,3.4,0,0,1
MIDCPNIFTY29JUL2411800PE.NFO,2024-05-07,13:57:00,2024-07-29,3.4,3.4,3.4,3.4,0,0,1
MIDCPNIFTY29JUL2411800PE.NFO,2024-05-07,13:58:00,2024-07-29,3.4,3.4,3.4,3.4,0,0,1
MIDCPNIFTY29JUL2411800PE.NFO,2024-05-07,13:59:00,2024-07-29,3.4,3.4,3.4,3.4,0,0,1
MIDCPNIFTY29JUL2411800PE.NFO,2024-05-07,14:00:00,2024-07-29,3.4,3.4,3.4,3.4,0,0,1
MIDCPNIFTY29JUL2411800PE.NFO,2024-05-07,14:01:00,2024-07-29,3.4,3.4,3.4,3.4,0,0,1
MIDCPNIFTY29JUL2411800PE.NFO,2024-05-07,14:02:00,2024-07-29,3.4,3.4,3.4,3.4,0,0,1
MIDCPNIFTY29JUL2411800PE.NFO,2024-05-07,14:03:00,2024-07-29,3.4,3.4,3.4,3.4,0,0,1
MIDCPNIFTY29JUL2411800PE.NFO,2024-05-07,14:04:00,2024-07-29,3.4,3.4,3.4,3.4,0,0,1
MIDCPNIFTY29JUL2411800PE.NFO,2024-05-07,14:05:00,2024-07-29,3.4,3.4,3.4,3.4,0,0,1
MIDCPNIFTY29JUL2411800PE.NFO,2024-05-07,14:06:00,2024-07-29,3.4,3.4,3.4,3.4,0,0,1
MIDCPNIFTY29JUL2411800PE.NFO,2024-05-07,14:07:00,2024-07-29,3.4,3.4,3.4,3.4,0,0,1
MIDCPNIFTY29JUL2411800PE.NFO,2024-05-07,14:08:00,2024-07-29,3.4,3.4,3.4,3.4,0,0,1
MIDCPNIFTY29JUL2411800PE.NFO,2024-05-07,14:09:00,2024-07-29,3.4,3.4,3.4,3.4,0,0,1
MIDCPNIFTY29JUL2411800PE.NFO,2024-05-07,14:10:00,2024-07-29,3.4,3.4,3.4,3.4,0,0,1
MIDCPNIFTY29JUL2411800PE.NFO,2024-05-07,14:11:00,2024-07-29,3.4,3.4,3.4,3.4,0,0,1
MIDCPNIFTY29JUL2411800PE.NFO,2024-05-07,14:12:00,2024-07-29,3.4,3.4,3.4,3.4,0,0,1
MIDCPNIFTY29JUL2411800PE.NFO,2024-05-07,14:13:00,2024-07-29,3.4,3.4,3.4,3.4,0,0,1
MIDCPNIFTY29JUL2411800PE.NFO,2024-05-07,14:14:00,2024-07-29,3.4,3.4,3.4,3.4,0,0,1
MIDCPNIFTY29JUL2411800PE.NFO,2024-05-07,14:15:00,2024-07-29,3.4,3.4,3.4,3.4,0,0,1
MIDCPNIFTY29JUL2411800PE.NFO,2024-05-07,14:16:00,2024-07-29,3.4,3.4,3.4,3.4,0,0,1
MIDCPNIFTY29JUL2411800PE.NFO,2024-05-07,14:17:00,2024-07-29,3.4,3.4,3.4,3.4,0,0,1
MIDCPNIFTY29JUL2411800PE.NFO,2024-05-07,14:18:00,2024-07-29,3.4,3.4,3.4,3.4,0,0,1
MIDCPNIFTY29JUL2411800PE.NFO,2024-05-07,14:19:00,2024-07-29,3.4,3.4,3.4,3.4,0,0,1
MIDCPNIFTY29JUL2411800PE.NFO,2024-05-07,14:20:00,2024-07-29,3.4,3.4,3.4,3.4,0,0,1
MIDCPNIFTY29JUL2411800PE.NFO,2024-05-07,14:21:00,2024-07-29,3.4,3.4,3.4,3.4,0,0,1
MIDCPNIFTY29JUL2411800PE.NFO,2024-05-07,14:22:00,2024-07-29,3.4,3.4,3.4,3.4,0,0,1
MIDCPNIFTY29JUL2411800PE.NFO,2024-05-07,14:23:00,2024-07-29,3.4,3.4,3.4,3.4,0,0,1
MIDCPNIFTY29JUL2411800PE.NFO,2024-05-07,14:24:00,2024-07-29,3.4,3.4,3.4,3.4,0,0,1
MIDCPNIFTY29JUL2411800PE.NFO,2024-05-07,14:25:00,2024-07-29,3.4,3.4,3.4,3.4,0,0,1
MIDCPNIFTY29JUL2411800PE.NFO,2024-05-07,14:26:00,2024-07-29,3.4,3.4,3.4,3.4,0,0,1
MIDCPNIFTY29JUL2411800PE.NFO,2024-05-07,14:27:00,2024-07-29,3.4,3.4,3.4,3.4,0,0,1
MIDCPNIFTY29JUL2411800PE.NFO,2024-05-07,14:28:00,2024-07-29,3.4,3.4,3.4,3.4,0,0,1
MIDCPNIFTY29JUL2411800PE.NFO,2024-05-07,14:29:00,2024-07-29,3.4,3.4,3.4,3.4,0,0,1
MIDCPNIFTY29JUL2411800PE.NFO,2024-05-07,14:30:00,2024-07-29,3.4,3.4,3.4,3.4,0,0,1
MIDCPNIFTY29JUL2411800PE.NFO,2024-05-07,14:31:00,2024-07-29,3.4,3.4,3.4,3.4,0,0,1
MIDCPNIFTY29JUL2411800PE.NFO,2024-05-07,14:32:00,2024-07-29,3.4,3.4,3.4,3.4,0,0,1
MIDCPNIFTY29JUL2411800PE.NFO,2024-05-07,14:33:00,2024-07-29,3.4,3.4,3.4,3.4,0,0,1
MIDCPNIFTY29JUL2411800PE.NFO,2024-05-07,14:34:00,2024-07-29,3.4,3.4,3.4,3.4,0,0,1
MIDCPNIFTY29JUL2411800PE.NFO,2024-05-07,14:35:00,2024-07-29,3.4,3.4,3.4,3.4,0,0,1
MIDCPNIFTY29JUL2411800PE.NFO,2024-05-07,14:36:00,2024-07-29,3.4,3.4,3.4,3.4,0,0,1
MIDCPNIFTY29JUL2411800PE.NFO,2024-05-07,14:37:00,2024-07-29,3.4,3.4,3.4,3.4,0,0,1
MIDCPNIFTY29JUL2411800PE.NFO,2024-05-07,14:38:00,2024-07-29,3.4,3.4,3.4,3.4,0,0,1
MIDCPNIFTY29JUL2411800PE.NFO,2024-05-07,14:39:00,2024-07-29,3.4,3.4,3.4,3.4,0,0,1
MIDCPNIFTY29JUL2411800PE.NFO,2024-05-07,14:40:00,2024-07-29,3.4,3.4,3.4,3.4,0,0,1
MIDCPNIFTY29JUL2411800PE.NFO,2024-05-07,14:41:00,2024-07-29,3.4,3.4,3.4,3.4,0,0,1
MIDCPNIFTY29JUL2411800PE.NFO,2024-05-07,14:42:00,2024-07-29,3.4,3.4,3.4,3.4,0,0,1
MIDCPNIFTY29JUL2411800PE.NFO,2024-05-07,14:43:00,2024-07-29,3.4,3.4,3.4,3.4,0,0,1
MIDCPNIFTY29JUL2411800PE.NFO,2024-05-07,14:44:00,2024-07-29,3.4,3.4,3.4,3.4,0,0,1
MIDCPNIFTY29JUL2411800PE.NFO,2024-05-07,14:45:00,2024-07-29,3.4,3.4,3.4,3.4,0,0,1
MIDCPNIFTY29JUL2411800PE.NFO,2024-05-07,14:46:00,2024-07-29,3.4,3.4,3.4,3.4,0,0,1
MIDCPNIFTY29JUL2411800PE.NFO,2024-05-07,14:47:00,2024-07-29,3.4,3.4,3.4,3.4,0,0,1
MIDCPNIFTY29JUL2411800PE.NFO,2024-05-07,14:48:00,2024-07-29,3.4,3.4,3.4,3.4,0,0,1
MIDCPNIFTY29JUL2411800PE.NFO,2024-05-07,14:49:00,2024-07-29,3.4,3.4,3.4,3.4,0,0,1
MIDCPNIFTY29JUL2411800PE.NFO,2024-05-07,14:50:00,2024-07-29,3.4,3.4,3.4,3.4,0,0,1
MIDCPNIFTY29JUL2411800PE.NFO,2024-05-07,14:51:00,2024-07-29,3.4,3.4,3.4,3.4,0,0,1
MIDCPNIFTY29JUL2411800PE.NFO,2024-05-07,14:52:00,2024-07-29,3.4,3.4,3.4,3.4,0,0,1
MIDCPNIFTY29JUL2411800PE.NFO,2024-05-07,14:53:00,2024-07-29,3.4,3.4,3.4,3.4,0,0,1
MIDCPNIFTY29JUL2411800PE.NFO,2024-05-07,14:54:00,2024-07-29,3.4,3.4,3.4,3.4,0,0,1
MIDCPNIFTY29JUL2411800PE.NFO,2024-05-07,14:55:00,2024-07-29,3.4,3.4,3.4,3.4,0,0,1
MIDCPNIFTY29JUL2411800PE.NFO,2024-05-07,14:56:00,2024-07-29,3.4,3.4,3.4,3.4,0,0,1
MIDCPNIFTY29JUL2411800PE.NFO,2024-05-07,14:57:00,2024-07-29,3.4,3.4,3.4,3.4,0,0,1
MIDCPNIFTY29JUL2411800PE.NFO,2024-05-07,14:58:00,2024-07-29,3.4,3.4,3.4,3.4,0,0,1
MIDCPNIFTY29JUL2411800PE.NFO,2024-05-07,14:59:00,2024-07-29,3.4,3.4,3.4,3.4,0,0,1
MIDCPNIFTY29JUL2411800PE.NFO,2024-05-07,15:00:00,2024-07-29,3.4,3.4,3.4,3.4,0,0,1
MIDCPNIFTY29JUL2411800PE.NFO,2024-05-07,15:01:00,2024-07-29,3.4,3.4,3.4,3.4,0,0,1
MIDCPNIFTY29JUL2411800PE.NFO,2024-05-07,15:02:00,2024-07-29,3.4,3.4,3.4,3.4,0,0,1
MIDCPNIFTY29JUL2411800PE.NFO,2024-05-07,15:03:00,2024-07-29,3.4,3.4,3.4,3.4,0,0,1
MIDCPNIFTY29JUL2411800PE.NFO,2024-05-07,15:04:00,2024-07-29,3.4,3.4,3.4,3.4,0,0,1
MIDCPNIFTY29JUL2411800PE.NFO,2024-05-07,15:05:00,2024-07-29,3.4,3.4,3.4,3.4,0,0,1
MIDCPNIFTY29JUL2411800PE.NFO,2024-05-07,15:06:00,2024-07-29,3.4,3.4,3.4,3.4,0,0,1
MIDCPNIFTY29JUL2411800PE.NFO,2024-05-07,15:07:00,2024-07-29,3.4,3.4,3.4,3.4,0,0,1
MIDCPNIFTY29JUL2411800PE.NFO,2024-05-07,15:08:00,2024-07-29,3.4,3.4,3.4,3.4,0,0,1
MIDCPNIFTY29JUL2411800PE.NFO,2024-05-07,15:09:00,2024-07-29,3.4,3.4,3.4,3.4,0,0,1
MIDCPNIFTY29JUL2411800PE.NFO,2024-05-07,15:10:00,2024-07-29,3.4,3.4,3.4,3.4,0,0,1
MIDCPNIFTY29JUL2411800PE.NFO,2024-05-07,15:11:00,2024-07-29,3.4,3.4,3.4,3.4,0,0,1
MIDCPNIFTY29JUL2411800PE.NFO,2024-05-07,15:12:00,2024-07-29,3.4,3.4,3.4,3.4,0,0,1
MIDCPNIFTY29JUL2411800PE.NFO,2024-05-07,15:13:00,2024-07-29,3.4,3.4,3.4,3.4,0,0,1
MIDCPNIFTY29JUL2411800PE.NFO,2024-05-07,15:14:00,2024-07-29,3.4,3.4,3.4,3.4,0,0,1
MIDCPNIFTY29JUL2411800PE.NFO,2024-05-07,15:15:00,2024-07-29,3.4,3.4,3.4,3.4,0,0,1
MIDCPNIFTY29JUL2411800PE.NFO,2024-05-07,15:16:00,2024-07-29,3.4,3.4,3.4,3.4,0,0,1
MIDCPNIFTY29JUL2411800PE.NFO,2024-05-07,15:17:00,2024-07-29,3.4,3.4,3.4,3.4,0,0,1
MIDCPNIFTY29JUL2411800PE.NFO,2024-05-07,15:18:00,2024-07-29,3.4,3.4,3.4,3.4,0,0,1
MIDCPNIFTY29JUL2411800PE.NFO,2024-05-07,15:19:00,2024-07-29,3.4,3.4,3.4,3.4,0,0,1
MIDCPNIFTY29JUL2411800PE.NFO,2024-05-07,15:20:00,2024-07-29,3.4,3.4,3.4,3.4,0,0,1
MIDCPNIFTY29JUL2411800PE.NFO,2024-05-07,15:21:00,2024-07-29,3.4,3.4,3.4,3.4,0,0,1
MIDCPNIFTY29JUL2411800PE.NFO,2024-05-07,15:22:00,2024-07-29,3.4,3.4,3.4,3.4,0,0,1
MIDCPNIFTY29JUL2411800PE.NFO,2024-05-07,15:23:00,2024-07-29,3.4,3.4,3.4,3.4,0,0,1
MIDCPNIFTY29JUL2411800PE.NFO,2024-05-07,15:24:00,2024-07-29,3.4,3.4,3.4,3.4,0,0,1
MIDCPNIFTY29JUL2411800PE.NFO,2024-05-07,15:25:00,2024-07-29,3.4,3.4,3.4,3.4,0,0,1
MIDCPNIFTY29JUL2411800PE.NFO,2024-05-07,15:26:00,2024-07-29,3.4,3.4,3.4,3.4,0,0,1
MIDCPNIFTY29JUL2411800PE.NFO,2024-05-07,15:27:00,2024-07-29,3.4,3.4,3.4,3.4,0,0,1
MIDCPNIFTY29JUL2411800PE.NFO,2024-05-07,15:28:00,2024-07-29,3.4,3.4,3.4,3.4,0,0,1
MIDCPNIFTY29JUL2411800PE.NFO,2024-05-07,15:29:00,2024-07-29,3.4,3.4,3.4,3.4,0,0,1
MIDCPNIFTY29JUL2411800PE.NFO,2024-05-07,15:30:00,2024-07-29,3.4,3.4,3.4,3.4,0,0,1
MIDCPNIFTY29JUL2411800PE.NFO,2024-05-08,09:15:00,2024-07-29,3.4,3.4,3.4,3.4,0,0,0
MIDCPNIFTY29JUL2411800PE.NFO,2024-05-08,09:16:00,2024-07-29,3.4,3.4,3.4,3.4,0,0,1
MIDCPNIFTY29JUL2411800PE.NFO,2024-05-08,09:17:00,2024-07-29,3.4,3.4,3.4,3.4,0,0,1
MIDCPNIFTY29JUL2411800PE.NFO,2024-05-08,09:18:00,2024-07-29,3.4,3.4,3.4,3.4,0,0,1
MIDCPNIFTY29JUL2411800PE.NFO,2024-05-08,09:19:00,2024-07-29,3.4,3.4,3.4,3.4,0,0,1
MIDCPNIFTY29JUL2411800PE.NFO,2024-05-08,09:20:00,2024-07-29,3.4,3.4,3.4,3.4,0,0,1
MIDCPNIFTY29JUL2411800PE.NFO,2024-05-08,09:21:00,2024-07-29,3.4,3.4,3.4,3.4,0,0,1
MIDCPNIFTY29JUL2411800PE.NFO,2024-05-08,09:22:00,2024-07-29,3.4,3.4,3.4,3.4,0,0,1
MIDCPNIFTY29JUL2411800PE.NFO,2024-05-08,09:23:00,2024-07-29,3.4,3.4,3.4,3.4,0,0,1
MIDCPNIFTY29JUL2411800PE.NFO,2024-05-08,09:24:00,2024-07-29,3.4,3.4,3.4,3.4,0,0,1
MIDCPNIFTY29JUL2411800PE.NFO,2024-05-08,09:25:00,2024-07-29,3.4,3.4,3.4,3.4,0,0,1
MIDCPNIFTY29JUL2411800PE.NFO,2024-05-08,09:26:00,2024-07-29,3.4,3.4,3.4,3.4,0,0,1
MIDCPNIFTY29JUL2411800PE.NFO,2024-05-08,09:27:00,2024-07-29,3.4,3.4,3.4,3.4,0,0,1
MIDCPNIFTY29JUL2411800PE.NFO,2024-05-08,09:28:00,2024-07-29,3.4,3.4,3.4,3.4,0,0,1
MIDCPNIFTY29JUL2411800PE.NFO,2024-05-08,09:29:00,2024-07-29,3.4,3.4,3.4,3.4,0,0,1
MIDCPNIFTY29JUL2411800PE.NFO,2024-05-08,09:30:00,2024-07-29,3.4,3.4,3.4,3.4,0,0,1
MIDCPNIFTY29JUL2411800PE.NFO,2024-05-08,09:31:00,2024-07-29,3.4,3.4,3.4,3.4,0,0,1
MIDCPNIFTY29JUL2411800PE.NFO,2024-05-08,09:32:00,2024-07-29,3.4,3.4,3.4,3.4,0,0,1
MIDCPNIFTY29JUL2411800PE.NFO,2024-05-08,09:33:00,2024-07-29,3.4,3.4,3.4,3.4,0,0,1
MIDCPNIFTY29JUL2411800PE.NFO,2024-05-08,09:34:00,2024-07-29,3.4,3.4,3.4,3.4,0,0,1
MIDCPNIFTY29JUL2411800PE.NFO,2024-05-08,09:35:00,2024-07-29,3.4,3.4,3.4,3.4,0,0,1
MIDCPNIFTY29JUL2411800PE.NFO,2024-05-08,09:36:00,2024-07-29,3.4,3.4,3.4,3.4,0,0,1
MIDCPNIFTY29JUL2411800PE.NFO,2024-05-08,09:37:00,2024-07-29,3.4,3.4,3.4,3.4,0,0,1
MIDCPNIFTY29JUL2411800PE.NFO,2024-05-08,09:38:00,2024-07-29,3.4,3.4,3.4,3.4,0,0,1
MIDCPNIFTY29JUL2411800PE.NFO,2024-05-08,09:39:00,2024-07-29,3.4,3.4,3.4,3.4,0,0,1
MIDCPNIFTY29JUL2411800PE.NFO,2024-05-08,09:40:00,2024-07-29,3.4,3.4,3.4,3.4,0,0,1
MIDCPNIFTY29JUL2411800PE.NFO,2024-05-08,09:41:00,2024-07-29,3.4,3.4,3.4,3.4,0,0,1
MIDCPNIFTY29JUL2411800PE.NFO,2024-05-08,09:42:00,2024-07-29,3.4,3.4,3.4,3.4,0,0,1
MIDCPNIFTY29JUL2411800PE.NFO,2024-05-08,09:43:00,2024-07-29,3.4,3.4,3.4,3.4,0,0,1
MIDCPNIFTY29JUL2411800PE.NFO,2024-05-08,09:44:00,2024-07-29,3.4,3.4,3.4,3.4,0,0,1
MIDCPNIFTY29JUL2411800PE.NFO,2024-05-08,09:45:00,2024-07-29,3.4,3.4,3.4,3.4,0,0,1
MIDCPNIFTY29JUL2411800PE.NFO,2024-05-08,09:46:00,2024-07-29,3.4,3.4,3.4,3.4,0,0,1
MIDCPNIFTY29JUL2411800PE.NFO,2024-05-08,09:47:00,2024-07-29,3.4,3.4,3.4,3.4,0,0,1
MIDCPNIFTY29JUL2411800PE.NFO,2024-05-08,09:48:00,2024-07-29,3.4,3.4,3.4,3.4,0,0,1
MIDCPNIFTY29JUL2411800PE.NFO,2024-05-08,09:49:00,2024-07-29,3.4,3.4,3.4,3.4,0,0,1
MIDCPNIFTY29JUL2411800PE.NFO,2024-05-08,09:50:00,2024-07-29,3.4,3.4,3.4,3.4,0,0,1
MIDCPNIFTY29JUL2411800PE.NFO,2024-05-08,09:51:00,2024-07-29,3.4,3.4,3.4,3.4,0,0,1
MIDCPNIFTY29JUL2411800PE.NFO,2024-05-08,09:52:00,2024-07-29,3.4,3.4,3.4,3.4,0,0,1
MIDCPNIFTY29JUL2411800PE.NFO,2024-05-08,09:53:00,2024-07-29,3.4,3.4,3.4,3.4,0,0,1
MIDCPNIFTY29JUL2411800PE.NFO,2024-05-08,09:54:00,2024-07-29,3.4,3.4,3.4,3.4,0,0,1
MIDCPNIFTY29JUL2411800PE.NFO,2024-05-08,09:55:00,2024-07-29,3.4,3.4,3.4,3.4,0,0,1
MIDCPNIFTY29JUL2411800PE.NFO,2024-05-08,09:56:00,2024-07-29,3.4,3.4,3.4,3.4,0,0,1
MIDCPNIFTY29JUL2411800PE.NFO,2024-05-08,09:57:00,2024-07-29,3.4,3.4,3.4,3.4,0,0,1
MIDCPNIFTY29JUL2411800PE.NFO,2024-05-08,09:58:00,2024-07-29,3.4,3.4,3.4,3.4,0,0,1
MIDCPNIFTY29JUL2411800PE.NFO,2024-05-08,09:59:00,2024-07-29,3.4,3.4,3.4,3.4,0,0,1
MIDCPNIFTY29JUL2411800PE.NFO,2024-05-08,10:00:00,2024-07-29,3.4,3.4,3.4,3.4,0,0,1
MIDCPNIFTY29JUL2411800PE.NFO,2024-05-08,10:01:00,2024-07-29,3.4,3.4,3.4,3.4,0,0,1
MIDCPNIFTY29JUL2411800PE.NFO,2024-05-08,10:02:00,2024-07-29,3.4,3.4,3.4,3.4,0,0,1
MIDCPNIFTY29JUL2411800PE.NFO,2024-05-08,10:03:00,2024-07-29,3.4,3.4,3.4,3.4,0,0,1
MIDCPNIFTY29JUL2411800PE.NFO,2024-05-08,10:04:00,2024-07-29,3.4,3.4,3.4,3.4,0,0,1
MIDCPNIFTY29JUL2411800PE.NFO,2024-05-08,10:05:00,2024-07-29,3.4,3.4,3.4,3.4,0,0,1
MIDCPNIFTY29JUL2411800PE.NFO,2024-05-08,10:06:00,2024-07-29,3.4,3.4,3.4,3.4,0,0,1
MIDCPNIFTY29JUL2411800PE.NFO,2024-05-08,10:07:00,2024-07-29,3.4,3.4,3.4,3.4,0,0,1
MIDCPNIFTY29JUL2411800PE.NFO,2024-05-08,10:08:00,2024-07-29,3.4,3.4,3.4,3.4,0,0,1
MIDCPNIFTY29JUL2411800PE.NFO,2024-05-08,10:09:00,2024-07-29,3.4,3.4,3.4,3.4,0,0,1
MIDCPNIFTY29JUL2411800PE.NFO,2024-05-08,10:10:00,2024-07-29,3.4,3.4,3.4,3.4,0,0,1
MIDCPNIFTY29JUL2411800PE.NFO,2024-05-08,10:11:00,2024-07-29,3.4,3.4,3.4,3.4,0,0,1
MIDCPNIFTY29JUL2411800PE.NFO,2024-05-08,10:12:00,2024-07-29,3.4,3.4,3.4,3.4,0,0,1
MIDCPNIFTY29JUL2411800PE.NFO,2024-05-08,10:13:00,2024-07-29,3.4,3.4,3.4,3.4,0,0,1
MIDCPNIFTY29JUL2411800PE.NFO,2024-05-08,10:14:00,2024-07-29,3.4,3.4,3.4,3.4,0,0,1
MIDCPNIFTY29JUL2411800PE.NFO,2024-05-08,10:15:00,2024-07-29,3.4,3.4,3.4,3.4,0,0,1
MIDCPNIFTY29JUL2411800PE.NFO,2024-05-08,10:16:00,2024-07-29,3.4,3.4,3.4,3.4,0,0,1
MIDCPNIFTY29JUL2411800PE.NFO,2024-05-08,10:17:00,2024-07-29,3.4,3.4,3.4,3.4,0,0,1
MIDCPNIFTY29JUL2411800PE.NFO,2024-05-08,10:18:00,2024-07-29,3.4,3.4,3.4,3.4,0,0,1
MIDCPNIFTY29JUL2411800PE.NFO,2024-05-08,10:19:00,2024-07-29,3.4,3.4,3.4,3.4,0,0,1
MIDCPNIFTY29JUL2411800PE.NFO,2024-05-08,10:20:00,2024-07-29,3.4,3.4,3.4,3.4,0,0,1
MIDCPNIFTY29JUL2411800PE.NFO,2024-05-08,10:21:00,2024-07-29,3.4,3.4,3.4,3.4,0,0,1
MIDCPNIFTY29JUL2411800PE.NFO,2024-05-08,10:22:00,2024-07-29,3.4,3.4,3.4,3.4,0,0,1
MIDCPNIFTY29JUL2411800PE.NFO,2024-05-08,10:23:00,2024-07-29,3.4,3.4,3.4,3.4,0,0,1
MIDCPNIFTY29JUL2411800PE.NFO,2024-05-08,10:24:00,2024-07-29,3.4,3.4,3.4,3.4,0,0,1
MIDCPNIFTY29JUL2411800PE.NFO,2024-05-08,10:25:00,2024-07-29,3.4,3.4,3.4,3.4,0,0,1
MIDCPNIFTY29JUL2411800PE.NFO,2024-05-08,10:26:00,2024-07-29,3.4,3.4,3.4,3.4,0,0,1
MIDCPNIFTY29JUL2411800PE.NFO,2024-05-08,10:27:00,2024-07-29,3.4,3.4,3.4,3.4,0,0,1
MIDCPNIFTY29JUL2411800PE.NFO,2024-05-08,10:28:00,2024-07-29,3.4,3.4,3.4,3.4,0,0,1
MIDCPNIFTY29JUL2411800PE.NFO,2024-05-08,10:29:00,2024-07-29,3.4,3.4,3.4,3.4,0,0,1
MIDCPNIFTY29JUL2411800PE.NFO,2024-05-08,10:30:00,2024-07-29,3.4,3.4,3.4,3.4,0,0,1
MIDCPNIFTY29JUL2411800PE.NFO,2024-05-08,10:31:00,2024-07-29,3.4,3.4,3.4,3.4,0,0,1
MIDCPNIFTY29JUL2411800PE.NFO,2024-05-08,10:32:00,2024-07-29,3.4,3.4,3.4,3.4,0,0,1
MIDCPNIFTY29JUL2411800PE.NFO,2024-05-08,10:33:00,2024-07-29,3.4,3.4,3.4,3.4,0,0,1
MIDCPNIFTY29JUL2411800PE.NFO,2024-05-08,10:34:00,2024-07-29,3.4,3.4,3.4,3.4,0,0,1
MIDCPNIFTY29JUL2411800PE.NFO,2024-05-08,10:35:00,2024-07-29,3.4,3.4,3.4,3.4,0,0,1
MIDCPNIFTY29JUL2411800PE.NFO,2024-05-08,10:36:00,2024-07-29,3.4,3.4,3.4,3.4,0,0,1
MIDCPNIFTY29JUL2411800PE.NFO,2024-05-08,10:37:00,2024-07-29,3.4,3.4,3.4,3.4,0,0,1
MIDCPNIFTY29JUL2411800PE.NFO,2024-05-08,10:38:00,2024-07-29,3.4,3.4,3.4,3.4,0,0,1
MIDCPNIFTY29JUL2411800PE.NFO,2024-05-08,10:39:00,2024-07-29,3.4,3.4,3.4,3.4,0,0,1
MIDCPNIFTY29JUL2411800PE.NFO,2024-05-08,10:40:00,2024-07-29,3.4,3.4,3.4,3.4,0,0,1
MIDCPNIFTY29JUL2411800PE.NFO,2024-05-08,10:41:00,2024-07-29,3.4,3.4,3.4,3.4,0,0,1
MIDCPNIFTY29JUL2411800PE.NFO,2024-05-08,10:42:00,2024-07-29,3.4,3.4,3.4,3.4,0,0,1
MIDCPNIFTY29JUL2411800PE.NFO,2024-05-08,10:43:00,2024-07-29,3.4,3.4,3.4,3.4,0,0,1
MIDCPNIFTY29JUL2411800PE.NFO,2024-05-08,10:44:00,2024-07-29,3.4,3.4,3.4,3.4,0,0,1
MIDCPNIFTY29JUL2411800PE.NFO,2024-05-08,10:45:00,2024-07-29,3.4,3.4,3.4,3.4,0,0,1
MIDCPNIFTY29JUL2411800PE.NFO,2024-05-08,10:46:00,2024-07-29,3.4,3.4,3.4,3.4,0,0,1
MIDCPNIFTY29JUL2411800PE.NFO,2024-05-08,10:47:00,2024-07-29,3.4,3.4,3.4,3.4,0,0,1
MIDCPNIFTY29JUL2411800PE.NFO,2024-05-08,10:48:00,2024-07-29,3.4,3.4,3.4,3.4,0,0,1
MIDCPNIFTY29JUL2411800PE.NFO,2024-05-08,10:49:00,2024-07-29,3.4,3.4,3.4,3.4,0,0,1
MIDCPNIFTY29JUL2411800PE.NFO,2024-05-08,10:50:00,2024-07-29,3.4,3.4,3.4,3.4,0,0,1
MIDCPNIFTY29JUL2411800PE.NFO,2024-05-08,10:51:00,2024-07-29,3.4,3.4,3.4,3.4,0,0,1
MIDCPNIFTY29JUL2411800PE.NFO,2024-05-08,10:52:00,2024-07-29,3.4,3.4,3.4,3.4,0,0,1
MIDCPNIFTY29JUL2411800PE.NFO,2024-05-08,10:53:00,2024-07-29,3.4,3.4,3.4,3.4,0,0,1
MIDCPNIFTY29JUL2411800PE.NFO,2024-05-08,10:54:00,2024-07-29,3.4,3.4,3.4,3.4,0,0,1
MIDCPNIFTY29JUL2411800PE.NFO,2024-05-08,10:55:00,2024-07-29,3.4,3.4,3.4,3.4,0,0,1
MIDCPNIFTY29JUL2411800PE.NFO,2024-05-08,10:56:00,2024-07-29,3.4,3.4,3.4,3.4,0,0,1
MIDCPNIFTY29JUL2411800PE.NFO,2024-05-08,10:57:00,2024-07-29,3.4,3.4,3.4,3.4,0,0,1
MIDCPNIFTY29JUL2411800PE.NFO,2024-05-08,10:58:00,2024-07-29,3.4,3.4,3.4,3.4,0,0,1
MIDCPNIFTY29JUL2411800PE.NFO,2024-05-08,10:59:00,2024-07-29,3.4,3.4,3.4,3.4,0,0,1
MIDCPNIFTY29JUL2411800PE.NFO,2024-05-08,11:00:00,2024-07-29,3.4,3.4,3.4,3.4,0,0,1
MIDCPNIFTY29JUL2411800PE.NFO,2024-05-08,11:01:00,2024-07-29,3.4,3.4,3.4,3.4,0,0,1
MIDCPNIFTY29JUL2411800PE.NFO,2024-05-08,11:02:00,2024-07-29,3.4,3.4,3.4,3.4,0,0,1
MIDCPNIFTY29JUL2411800PE.NFO,2024-05-08,11:03:00,2024-07-29,3.4,3.4,3.4,3.4,0,0,1
MIDCPNIFTY29JUL2411800PE.NFO,2024-05-08,11:04:00,2024-07-29,3.4,3.4,3.4,3.4,0,0,1
MIDCPNIFTY29JUL2411800PE.NFO,2024-05-08,11:05:00,2024-07-29,3.4,3.4,3.4,3.4,0,0,1
MIDCPNIFTY29JUL2411800PE.NFO,2024-05-08,11:06:00,2024-07-29,3.4,3.4,3.4,3.4,0,0,1
MIDCPNIFTY29JUL2411800PE.NFO,2024-05-08,11:07:00,2024-07-29,3.4,3.4,3.4,3.4,0,0,1
MIDCPNIFTY29JUL2411800PE.NFO,2024-05-08,11:08:00,2024-07-29,3.4,3.4,3.4,3.4,0,0,1
MIDCPNIFTY29JUL2411800PE.NFO,2024-05-08,11:09:00,2024-07-29,3.4,3.4,3.4,3.4,0,0,1
MIDCPNIFTY29JUL2411800PE.NFO,2024-05-08,11:10:00,2024-07-29,3.4,3.4,3.4,3.4,0,0,1
MIDCPNIFTY29JUL2411800PE.NFO,2024-05-08,11:11:00,2024-07-29,3.4,3.4,3.4,3.4,0,0,1
MIDCPNIFTY29JUL2411800PE.NFO,2024-05-08,11:12:00,2024-07-29,3.4,3.4,3.4,3.4,0,0,1
MIDCPNIFTY29JUL2411800PE.NFO,2024-05-08,11:13:00,2024-07-29,3.4,3.4,3.4,3.4,0,0,1
MIDCPNIFTY29JUL2411800PE.NFO,2024-05-08,11:14:00,2024-07-29,3.4,3.4,3.4,3.4,0,0,1
MIDCPNIFTY29JUL2411800PE.NFO,2024-05-08,11:15:00,2024-07-29,3.4,3.4,3.4,3.4,0,0,1
MIDCPNIFTY29JUL2411800PE.NFO,2024-05-08,11:16:00,2024-07-29,3.4,3.4,3.4,3.4,0,0,1
MIDCPNIFTY29JUL2411800PE.NFO,2024-05-08,11:17:00,2024-07-29,3.4,3.4,3.4,3.4,0,0,1
MIDCPNIFTY29JUL2411800PE.NFO,2024-05-08,11:18:00,2024-07-29,3.4,3.4,3.4,3.4,0,0,1
MIDCPNIFTY29JUL2411800PE.NFO,2024-05-08,11:19:00,2024-07-29,3.4,3.4,3.4,3.4,0,0,1
MIDCPNIFTY29JUL2411800PE.NFO,2024-05-08,11:20:00,2024-07-29,3.4,3.4,3.4,3.4,0,0,1
MIDCPNIFTY29JUL2411800PE.NFO,2024-05-08,11:21:00,2024-07-29,3.4,3.4,3.4,3.4,0,0,1
MIDCPNIFTY29JUL2411800PE.NFO,2024-05-08,11:22:00,2024-07-29,3.4,3.4,3.4,3.4,0,0,1
MIDCPNIFTY29JUL2411800PE.NFO,2024-05-08,11:23:00,2024-07-29,3.4,3.4,3.4,3.4,0,0,1
MIDCPNIFTY29JUL2411800PE.NFO,2024-05-08,11:24:00,2024-07-29,3.4,3.4,3.4,3.4,0,0,1
MIDCPNIFTY29JUL2411800PE.NFO,2024-05-08,11:25:00,2024-07-29,3.4,3.4,3.4,3.4,0,0,1
MIDCPNIFTY29JUL2411800PE.NFO,2024-05-08,11:26:00,2024-07-29,3.4,3.4,3.4,3.4,0,0,1
MIDCPNIFTY29JUL2411800PE.NFO,2024-05-08,11:27:00,2024-07-29,3.4,3.4,3.4,3.4,0,0,1
MIDCPNIFTY29JUL2411800PE.NFO,2024-05-08,11:28:00,2024-07-29,3.4,3.4,3.4,3.4,0,0,1
MIDCPNIFTY29JUL2411800PE.NFO,2024-05-08,11:29:00,2024-07-29,3.4,3.4,3.4,3.4,0,0,1
MIDCPNIFTY29JUL2411800PE.NFO,2024-05-08,11:30:00,2024-07-29,3.4,3.4,3.4,3.4,0,0,1
MIDCPNIFTY29JUL2411800PE.NFO,2024-05-08,11:31:00,2024-07-29,3.4,3.4,3.4,3.4,0,0,1
MIDCPNIFTY29JUL2411800PE.NFO,2024-05-08,11:32:00,2024-07-29,3.4,3.4,3.4,3.4,0,0,1
MIDCPNIFTY29JUL2411800PE.NFO,2024-05-08,11:33:00,2024-07-29,3.4,3.4,3.4,3.4,0,0,1
MIDCPNIFTY29JUL2411800PE.NFO,2024-05-08,11:34:00,2024-07-29,3.4,3.4,3.4,3.4,0,0,1
MIDCPNIFTY29JUL2411800PE.NFO,2024-05-08,11:35:00,2024-07-29,3.4,3.4,3.4,3.4,0,0,1
MIDCPNIFTY29JUL2411800PE.NFO,2024-05-08,11:36:00,2024-07-29,3.4,3.4,3.4,3.4,0,0,1
MIDCPNIFTY29JUL2411800PE.NFO,2024-05-08,11:37:00,2024-07-29,3.4,3.4,3.4,3.4,0,0,1
MIDCPNIFTY29JUL2411800PE.NFO,2024-05-08,11:38:00,2024-07-29,3.4,3.4,3.4,3.4,0,0,1
MIDCPNIFTY29JUL2411800PE.NFO,2024-05-08,11:39:00,2024-07-29,3.4,3.4,3.4,3.4,0,0,1
MIDCPNIFTY29JUL2411800PE.NFO,2024-05-08,11:40:00,2024-07-29,3.4,3.4,3.4,3.4,0,0,1
MIDCPNIFTY29JUL2411800PE.NFO,2024-05-08,11:41:00,2024-07-29,3.4,3.4,3.4,3.4,0,0,1
MIDCPNIFTY29JUL2411800PE.NFO,2024-05-08,11:42:00,2024-07-29,3.4,3.4,3.4,3.4,0,0,1
MIDCPNIFTY29JUL2411800PE.NFO,2024-05-08,11:43:00,2024-07-29,3.4,3.4,3.4,3.4,0,0,1
MIDCPNIFTY29JUL2411800PE.NFO,2024-05-08,11:44:00,2024-07-29,3.4,3.4,3.4,3.4,0,0,1
MIDCPNIFTY29JUL2411800PE.NFO,2024-05-08,11:45:00,2024-07-29,3.4,3.4,3.4,3.4,0,0,1
MIDCPNIFTY29JUL2411800PE.NFO,2024-05-08,11:46:00,2024-07-29,3.4,3.4,3.4,3.4,0,0,1
MIDCPNIFTY29JUL2411800PE.NFO,2024-05-08,11:47:00,2024-07-29,3.4,3.4,3.4,3.4,0,0,1
MIDCPNIFTY29JUL2411800PE.NFO,2024-05-08,11:48:00,2024-07-29,3.4,3.4,3.4,3.4,0,0,1
MIDCPNIFTY29JUL2411800PE.NFO,2024-05-08,11:49:00,2024-07-29,3.4,3.4,3.4,3.4,0,0,1
MIDCPNIFTY29JUL2411800PE.NFO,2024-05-08,11:50:00,2024-07-29,3.4,3.4,3.4,3.4,0,0,1
MIDCPNIFTY29JUL2411800PE.NFO,2024-05-08,11:51:00,2024-07-29,3.4,3.4,3.4,3.4,0,0,1
MIDCPNIFTY29JUL2411800PE.NFO,2024-05-08,11:52:00,2024-07-29,3.4,3.4,3.4,3.4,0,0,1
MIDCPNIFTY29JUL2411800PE.NFO,2024-05-08,11:53:00,2024-07-29,3.4,3.4,3.4,3.4,0,0,1
MIDCPNIFTY29JUL2411800PE.NFO,2024-05-08,11:54:00,2024-07-29,3.4,3.4,3.4,3.4,0,0,1
MIDCPNIFTY29JUL2411800PE.NFO,2024-05-08,11:55:00,2024-07-29,3.4,3.4,3.4,3.4,0,0,1
MIDCPNIFTY29JUL2411800PE.NFO,2024-05-08,11:56:00,2024-07-29,3.4,3.4,3.4,3.4,0,0,1
MIDCPNIFTY29JUL2411800PE.NFO,2024-05-08,11:57:00,2024-07-29,3.4,3.4,3.4,3.4,0,0,1
MIDCPNIFTY29JUL2411800PE.NFO,2024-05-08,11:58:00,2024-07-29,3.4,3.4,3.4,3.4,0,0,1
MIDCPNIFTY29JUL2411800PE.NFO,2024-05-08,11:59:00,2024-07-29,3.4,3.4,3.4,3.4,0,0,1
MIDCPNIFTY29JUL2411800PE.NFO,2024-05-08,12:00:00,2024-07-29,3.4,3.4,3.4,3.4,0,0,1
MIDCPNIFTY29JUL2411800PE.NFO,2024-05-08,12:01:00,2024-07-29,3.4,3.4,3.4,3.4,0,0,1
MIDCPNIFTY29JUL2411800PE.NFO,2024-05-08,12:02:00,2024-07-29,3.4,3.4,3.4,3.4,0,0,1
MIDCPNIFTY29JUL2411800PE.NFO,2024-05-08,12:03:00,2024-07-29,3.4,3.4,3.4,3.4,0,0,1
MIDCPNIFTY29JUL2411800PE.NFO,2024-05-08,12:04:00,2024-07-29,3.4,3.4,3.4,3.4,0,0,1
MIDCPNIFTY29JUL2411800PE.NFO,2024-05-08,12:05:00,2024-07-29,3.4,3.4,3.4,3.4,0,0,1
MIDCPNIFTY29JUL2411800PE.NFO,2024-05-08,12:06:00,2024-07-29,3.4,3.4,3.4,3.4,0,0,1
MIDCPNIFTY29JUL2411800PE.NFO,2024-05-08,12:07:00,2024-07-29,3.4,3.4,3.4,3.4,0,0,1
MIDCPNIFTY29JUL2411800PE.NFO,2024-05-08,12:08:00,2024-07-29,3.4,3.4,3.4,3.4,0,0,1
MIDCPNIFTY29JUL2411800PE.NFO,2024-05-08,12:09:00,2024-07-29,3.4,3.4,3.4,3.4,0,0,1
MIDCPNIFTY29JUL2411800PE.NFO,2024-05-08,12:10:00,2024-07-29,3.4,3.4,3.4,3.4,0,0,1
MIDCPNIFTY29JUL2411800PE.NFO,2024-05-08,12:11:00,2024-07-29,3.4,3.4,3.4,3.4,0,0,1
MIDCPNIFTY29JUL2411800PE.NFO,2024-05-08,12:12:00,2024-07-29,3.4,3.4,3.4,3.4,0,0,1
MIDCPNIFTY29JUL2411800PE.NFO,2024-05-08,12:13:00,2024-07-29,3.4,3.4,3.4,3.4,0,0,1
MIDCPNIFTY29JUL2411800PE.NFO,2024-05-08,12:14:00,2024-07-29,3.4,3.4,3.4,3.4,0,0,1
MIDCPNIFTY29JUL2411800PE.NFO,2024-05-08,12:15:00,2024-07-29,3.4,3.4,3.4,3.4,0,0,1
MIDCPNIFTY29JUL2411800PE.NFO,2024-05-08,12:16:00,2024-07-29,3.4,3.4,3.4,3.4,0,0,1
MIDCPNIFTY29JUL2411800PE.NFO,2024-05-08,12:17:00,2024-07-29,3.4,3.4,3.4,3.4,0,0,1
MIDCPNIFTY29JUL2411800PE.NFO,2024-05-08,12:18:00,2024-07-29,3.4,3.4,3.4,3.4,0,0,1
MIDCPNIFTY29JUL2411800PE.NFO,2024-05-08,12:19:00,2024-07-29,3.4,3.4,3.4,3.4,0,0,1
MIDCPNIFTY29JUL2411800PE.NFO,2024-05-08,12:20:00,2024-07-29,3.4,3.4,3.4,3.4,0,0,1
MIDCPNIFTY29JUL2411800PE.NFO,2024-05-08,12:21:00,2024-07-29,3.4,3.4,3.4,3.4,0,0,1
MIDCPNIFTY29JUL2411800PE.NFO,2024-05-08,12:22:00,2024-07-29,3.4,3.4,3.4,3.4,0,0,1
MIDCPNIFTY29JUL2411800PE.NFO,2024-05-08,12:23:00,2024-07-29,3.4,3.4,3.4,3.4,0,0,1
MIDCPNIFTY29JUL2411800PE.NFO,2024-05-08,12:24:00,2024-07-29,3.4,3.4,3.4,3.4,0,0,1
MIDCPNIFTY29JUL2411800PE.NFO,2024-05-08,12:25:00,2024-07-29,3.4,3.4,3.4,3.4,0,0,1
MIDCPNIFTY29JUL2411800PE.NFO,2024-05-08,12:26:00,2024-07-29,3.4,3.4,3.4,3.4,0,0,1
MIDCPNIFTY29JUL2411800PE.NFO,2024-05-08,12:27:00,2024-07-29,3.4,3.4,3.4,3.4,0,0,1
MIDCPNIFTY29JUL2411800PE.NFO,2024-05-08,12:28:00,2024-07-29,3.4,3.4,3.4,3.4,0,0,1
MIDCPNIFTY29JUL2411800PE.NFO,2024-05-08,12:29:00,2024-07-29,3.4,3.4,3.4,3.4,0,0,1
MIDCPNIFTY29JUL2411800PE.NFO,2024-05-08,12:30:00,2024-07-29,3.4,3.4,3.4,3.4,0,0,1
MIDCPNIFTY29JUL2411800PE.NFO,2024-05-08,12:31:00,2024-07-29,3.4,3.4,3.4,3.4,0,0,1
MIDCPNIFTY29JUL2411800PE.NFO,2024-05-08,12:32:00,2024-07-29,3.4,3.4,3.4,3.4,0,0,1
MIDCPNIFTY29JUL2411800PE.NFO,2024-05-08,12:33:00,2024-07-29,3.4,3.4,3.4,3.4,0,0,1
MIDCPNIFTY29JUL2411800PE.NFO,2024-05-08,12:34:00,2024-07-29,3.4,3.4,3.4,3.4,0,0,1
MIDCPNIFTY29JUL2411800PE.NFO,2024-05-08,12:35:00,2024-07-29,3.4,3.4,3.4,3.4,0,0,1
MIDCPNIFTY29JUL2411800PE.NFO,2024-05-08,12:36:00,2024-07-29,3.4,3.4,3.4,3.4,0,0,1
MIDCPNIFTY29JUL2411800PE.NFO,2024-05-08,12:37:00,2024-07-29,3.4,3.4,3.4,3.4,0,0,1
MIDCPNIFTY29JUL2411800PE.NFO,2024-05-08,12:38:00,2024-07-29,3.4,3.4,3.4,3.4,0,0,1
MIDCPNIFTY29JUL2411800PE.NFO,2024-05-08,12:39:00,2024-07-29,3.4,3.4,3.4,3.4,0,0,1
MIDCPNIFTY29JUL2411800PE.NFO,2024-05-08,12:40:00,2024-07-29,3.4,3.4,3.4,3.4,0,0,1
MIDCPNIFTY29JUL2411800PE.NFO,2024-05-08,12:41:00,2024-07-29,3.4,3.4,3.4,3.4,0,0,1
MIDCPNIFTY29JUL2411800PE.NFO,2024-05-08,12:42:00,2024-07-29,3.4,3.4,3.4,3.4,0,0,1
MIDCPNIFTY29JUL2411800PE.NFO,2024-05-08,12:43:00,2024-07-29,3.4,3.4,3.4,3.4,0,0,1
MIDCPNIFTY29JUL2411800PE.NFO,2024-05-08,12:44:00,2024-07-29,3.4,3.4,3.4,3.4,0,0,1
MIDCPNIFTY29JUL2411800PE.NFO,2024-05-08,12:45:00,2024-07-29,3.4,3.4,3.4,3.4,0,0,1
MIDCPNIFTY29JUL2411800PE.NFO,2024-05-08,12:46:00,2024-07-29,3.4,3.4,3.4,3.4,0,0,1
MIDCPNIFTY29JUL2411800PE.NFO,2024-05-08,12:47:00,2024-07-29,3.4,3.4,3.4,3.4,0,0,1
MIDCPNIFTY29JUL2411800PE.NFO,2024-05-08,12:48:00,2024-07-29,3.4,3.4,3.4,3.4,0,0,1
MIDCPNIFTY29JUL2411800PE.NFO,2024-05-08,12:49:00,2024-07-29,3.4,3.4,3.4,3.4,0,0,1
MIDCPNIFTY29JUL2411800PE.NFO,2024-05-08,12:50:00,2024-07-29,3.4,3.4,3.4,3.4,0,0,1
MIDCPNIFTY29JUL2411800PE.NFO,2024-05-08,12:51:00,2024-07-29,3.4,3.4,3.4,3.4,0,0,1
MIDCPNIFTY29JUL2411800PE.NFO,2024-05-08,12:52:00,2024-07-29,3.4,3.4,3.4,3.4,0,0,1
MIDCPNIFTY29JUL2411800PE.NFO,2024-05-08,12:53:00,2024-07-29,3.4,3.4,3.4,3.4,0,0,1
MIDCPNIFTY29JUL2411800PE.NFO,2024-05-08,12:54:00,2024-07-29,3.4,3.4,3.4,3.4,0,0,1
MIDCPNIFTY29JUL2411800PE.NFO,2024-05-08,12:55:00,2024-07-29,3.4,3.4,3.4,3.4,0,0,1
MIDCPNIFTY29JUL2411800PE.NFO,2024-05-08,12:56:00,2024-07-29,3.4,3.4,3.4,3.4,0,0,1
MIDCPNIFTY29JUL2411800PE.NFO,2024-05-08,12:57:00,2024-07-29,3.4,3.4,3.4,3.4,0,0,1
MIDCPNIFTY29JUL2411800PE.NFO,2024-05-08,12:58:00,2024-07-29,3.4,3.4,3.4,3.4,0,0,1
MIDCPNIFTY29JUL2411800PE.NFO,2024-05-08,12:59:00,2024-07-29,3.4,3.4,3.4,3.4,0,0,1
MIDCPNIFTY29JUL2411800PE.NFO,2024-05-08,13:00:00,2024-07-29,3.4,3.4,3.4,3.4,0,0,1
MIDCPNIFTY29JUL2411800PE.NFO,2024-05-08,13:01:00,2024-07-29,3.4,3.4,3.4,3.4,0,0,1
MIDCPNIFTY29JUL2411800PE.NFO,2024-05-08,13:02:00,2024-07-29,3.4,3.4,3.4,3.4,0,0,1
MIDCPNIFTY29JUL2411800PE.NFO,2024-05-08,13:03:00,2024-07-29,3.4,3.4,3.4,3.4,0,0,1
MIDCPNIFTY29JUL2411800PE.NFO,2024-05-08,13:04:00,2024-07-29,3.4,3.4,3.4,3.4,0,0,1
MIDCPNIFTY29JUL2411800PE.NFO,2024-05-08,13:05:00,2024-07-29,3.4,3.4,3.4,3.4,0,0,1
MIDCPNIFTY29JUL2411800PE.NFO,2024-05-08,13:06:00,2024-07-29,3.4,3.4,3.4,3.4,0,0,1
MIDCPNIFTY29JUL2411800PE.NFO,2024-05-08,13:07:00,2024-07-29,3.4,3.4,3.4,3.4,0,0,1
MIDCPNIFTY29JUL2411800PE.NFO,2024-05-08,13:08:00,2024-07-29,3.4,3.4,3.4,3.4,0,0,1
MIDCPNIFTY29JUL2411800PE.NFO,2024-05-08,13:09:00,2024-07-29,3.4,3.4,3.4,3.4,0,0,1
MIDCPNIFTY29JUL2411800PE.NFO,2024-05-08,13:10:00,2024-07-29,3.4,3.4,3.4,3.4,0,0,1
MIDCPNIFTY29JUL2411800PE.NFO,2024-05-08,13:11:00,2024-07-29,3.4,3.4,3.4,3.4,0,0,1
MIDCPNIFTY29JUL2411800PE.NFO,2024-05-08,13:12:00,2024-07-29,3.4,3.4,3.4,3.4,0,0,1
MIDCPNIFTY29JUL2411800PE.NFO,2024-05-08,13:13:00,2024-07-29,3.4,3.4,3.4,3.4,0,0,1
MIDCPNIFTY29JUL2411800PE.NFO,2024-05-08,13:14:00,2024-07-29,3.4,3.4,3.4,3.4,0,0,1
MIDCPNIFTY29JUL2411800PE.NFO,2024-05-08,13:15:00,2024-07-29,3.4,3.4,3.4,3.4,0,0,1
MIDCPNIFTY29JUL2411800PE.NFO,2024-05-08,13:16:00,2024-07-29,3.4,3.4,3.4,3.4,0,0,1
MIDCPNIFTY29JUL2411800PE.NFO,2024-05-08,13:17:00,2024-07-29,3.4,3.4,3.4,3.4,0,0,1
MIDCPNIFTY29JUL2411800PE.NFO,2024-05-08,13:18:00,2024-07-29,3.4,3.4,3.4,3.4,0,0,1
MIDCPNIFTY29JUL2411800PE.NFO,2024-05-08,13:19:00,2024-07-29,3.4,3.4,3.4,3.4,0,0,1
MIDCPNIFTY29JUL2411800PE.NFO,2024-05-08,13:20:00,2024-07-29,3.4,3.4,3.4,3.4,0,0,1
MIDCPNIFTY29JUL2411800PE.NFO,2024-05-08,13:21:00,2024-07-29,3.4,3.4,3.4,3.4,0,0,1
MIDCPNIFTY29JUL2411800PE.NFO,2024-05-08,13:22:00,2024-07-29,3.4,3.4,3.4,3.4,0,0,1
MIDCPNIFTY29JUL2411800PE.NFO,2024-05-08,13:23:00,2024-07-29,3.4,3.4,3.4,3.4,0,0,1
MIDCPNIFTY29JUL2411800PE.NFO,2024-05-08,13:24:00,2024-07-29,3.4,3.4,3.4,3.4,0,0,1
MIDCPNIFTY29JUL2411800PE.NFO,2024-05-08,13:25:00,2024-07-29,3.4,3.4,3.4,3.4,0,0,1
MIDCPNIFTY29JUL2411800PE.NFO,2024-05-08,13:26:00,2024-07-29,3.4,3.4,3.4,3.4,0,0,1
MIDCPNIFTY29JUL2411800PE.NFO,2024-05-08,13:27:00,2024-07-29,3.4,3.4,3.4,3.4,0,0,1
MIDCPNIFTY29JUL2411800PE.NFO,2024-05-08,13:28:00,2024-07-29,3.4,3.4,3.4,3.4,0,0,1
MIDCPNIFTY29JUL2411800PE.NFO,2024-05-08,13:29:00,2024-07-29,3.4,3.4,3.4,3.4,0,0,1
MIDCPNIFTY29JUL2411800PE.NFO,2024-05-08,13:30:00,2024-07-29,3.4,3.4,3.4,3.4,0,0,1
MIDCPNIFTY29JUL2411800PE.NFO,2024-05-08,13:31:00,2024-07-29,3.4,3.4,3.4,3.4,0,0,1
MIDCPNIFTY29JUL2411800PE.NFO,2024-05-08,13:32:00,2024-07-29,3.4,3.4,3.4,3.4,0,0,1
MIDCPNIFTY29JUL2411800PE.NFO,2024-05-08,13:33:00,2024-07-29,3.4,3.4,3.4,3.4,0,0,1
MIDCPNIFTY29JUL2411800PE.NFO,2024-05-08,13:34:00,2024-07-29,3.4,3.4,3.4,3.4,0,0,1
MIDCPNIFTY29JUL2411800PE.NFO,2024-05-08,13:35:00,2024-07-29,3.4,3.4,3.4,3.4,0,0,1
MIDCPNIFTY29JUL2411800PE.NFO,2024-05-08,13:36:00,2024-07-29,3.4,3.4,3.4,3.4,0,0,1
MIDCPNIFTY29JUL2411800PE.NFO,2024-05-08,13:37:00,2024-07-29,3.4,3.4,3.4,3.4,0,0,1
MIDCPNIFTY29JUL2411800PE.NFO,2024-05-08,13:38:00,2024-07-29,3.4,3.4,3.4,3.4,0,0,1
MIDCPNIFTY29JUL2411800PE.NFO,2024-05-08,13:39:00,2024-07-29,3.4,3.4,3.4,3.4,0,0,1
MIDCPNIFTY29JUL2411800PE.NFO,2024-05-08,13:40:00,2024-07-29,3.4,3.4,3.4,3.4,0,0,1
MIDCPNIFTY29JUL2411800PE.NFO,2024-05-08,13:41:00,2024-07-29,3.4,3.4,3.4,3.4,0,0,1
MIDCPNIFTY29JUL2411800PE.NFO,2024-05-08,13:42:00,2024-07-29,3.4,3.4,3.4,3.4,0,0,1
MIDCPNIFTY29JUL2411800PE.NFO,2024-05-08,13:43:00,2024-07-29,3.4,3.4,3.4,3.4,0,0,1
MIDCPNIFTY29JUL2411800PE.NFO,2024-05-08,13:44:00,2024-07-29,3.4,3.4,3.4,3.4,0,0,1
MIDCPNIFTY29JUL2411800PE.NFO,2024-05-08,13:45:00,2024-07-29,3.4,3.4,3.4,3.4,0,0,1
MIDCPNIFTY29JUL2411800PE.NFO,2024-05-08,13:46:00,2024-07-29,3.4,3.4,3.4,3.4,0,0,1
MIDCPNIFTY29JUL2411800PE.NFO,2024-05-08,13:47:00,2024-07-29,3.4,3.4,3.4,3.4,0,0,1
MIDCPNIFTY29JUL2411800PE.NFO,2024-05-08,13:48:00,2024-07-29,3.4,3.4,3.4,3.4,0,0,1
MIDCPNIFTY29JUL2411800PE.NFO,2024-05-08,13:49:00,2024-07-29,3.4,3.4,3.4,3.4,0,0,1
MIDCPNIFTY29JUL2411800PE.NFO,2024-05-08,13:50:00,2024-07-29,3.4,3.4,3.4,3.4,0,0,1
MIDCPNIFTY29JUL2411800PE.NFO,2024-05-08,13:51:00,2024-07-29,3.4,3.4,3.4,3.4,0,0,1
MIDCPNIFTY29JUL2411800PE.NFO,2024-05-08,13:52:00,2024-07-29,3.4,3.4,3.4,3.4,0,0,1
MIDCPNIFTY29JUL2411800PE.NFO,2024-05-08,13:53:00,2024-07-29,3.4,3.4,3.4,3.4,0,0,1
MIDCPNIFTY29JUL2411800PE.NFO,2024-05-08,13:54:00,2024-07-29,3.4,3.4,3.4,3.4,0,0,1
MIDCPNIFTY29JUL2411800PE.NFO,2024-05-08,13:55:00,2024-07-29,3.4,3.4,3.4,3.4,0,0,1
MIDCPNIFTY29JUL2411800PE.NFO,2024-05-08,13:56:00,2024-07-29,3.4,3.4,3.4,3.4,0,0,1
MIDCPNIFTY29JUL2411800PE.NFO,2024-05-08,13:57:00,2024-07-29,3.4,3.4,3.4,3.4,0,0,1
MIDCPNIFTY29JUL2411800PE.NFO,2024-05-08,13:58:00,2024-07-29,3.4,3.4,3.4,3.4,0,0,1
MIDCPNIFTY29JUL2411800PE.NFO,2024-05-08,13:59:00,2024-07-29,3.4,3.4,3.4,3.4,0,0,1
MIDCPNIFTY29JUL2411800PE.NFO,2024-05-08,14:00:00,2024-07-29,3.4,3.4,3.4,3.4,0,0,1
MIDCPNIFTY29JUL2411800PE.NFO,2024-05-08,14:01:00,2024-07-29,3.4,3.4,3.4,3.4,0,0,1
MIDCPNIFTY29JUL2411800PE.NFO,2024-05-08,14:02:00,2024-07-29,3.4,3.4,3.4,3.4,0,0,1
MIDCPNIFTY29JUL2411800PE.NFO,2024-05-08,14:03:00,2024-07-29,3.4,3.4,3.4,3.4,0,0,1
MIDCPNIFTY29JUL2411800PE.NFO,2024-05-08,14:04:00,2024-07-29,3.4,3.4,3.4,3.4,0,0,1
MIDCPNIFTY29JUL2411800PE.NFO,2024-05-08,14:05:00,2024-07-29,3.4,3.4,3.4,3.4,0,0,1
MIDCPNIFTY29JUL2411800PE.NFO,2024-05-08,14:06:00,2024-07-29,3.4,3.4,3.4,3.4,0,0,1
MIDCPNIFTY29JUL2411800PE.NFO,2024-05-08,14:07:00,2024-07-29,3.4,3.4,3.4,3.4,0,0,1
MIDCPNIFTY29JUL2411800PE.NFO,2024-05-08,14:08:00,2024-07-29,3.4,3.4,3.4,3.4,0,0,1
MIDCPNIFTY29JUL2411800PE.NFO,2024-05-08,14:09:00,2024-07-29,3.4,3.4,3.4,3.4,0,0,1
MIDCPNIFTY29JUL2411800PE.NFO,2024-05-08,14:10:00,2024-07-29,3.4,3.4,3.4,3.4,0,0,1
MIDCPNIFTY29JUL2411800PE.NFO,2024-05-08,14:11:00,2024-07-29,3.4,3.4,3.4,3.4,0,0,1
MIDCPNIFTY29JUL2411800PE.NFO,2024-05-08,14:12:00,2024-07-29,3.4,3.4,3.4,3.4,0,0,1
MIDCPNIFTY29JUL2411800PE.NFO,2024-05-08,14:13:00,2024-07-29,3.4,3.4,3.4,3.4,0,0,1
MIDCPNIFTY29JUL2411800PE.NFO,2024-05-08,14:14:00,2024-07-29,3.4,3.4,3.4,3.4,0,0,1
MIDCPNIFTY29JUL2411800PE.NFO,2024-05-08,14:15:00,2024-07-29,3.4,3.4,3.4,3.4,0,0,1
MIDCPNIFTY29JUL2411800PE.NFO,2024-05-08,14:16:00,2024-07-29,3.4,3.4,3.4,3.4,0,0,1
MIDCPNIFTY29JUL2411800PE.NFO,2024-05-08,14:17:00,2024-07-29,3.4,3.4,3.4,3.4,0,0,1
MIDCPNIFTY29JUL2411800PE.NFO,2024-05-08,14:18:00,2024-07-29,3.4,3.4,3.4,3.4,0,0,1
MIDCPNIFTY29JUL2411800PE.NFO,2024-05-08,14:19:00,2024-07-29,3.4,3.4,3.4,3.4,0,0,1
MIDCPNIFTY29JUL2411800PE.NFO,2024-05-08,14:20:00,2024-07-29,3.4,3.4,3.4,3.4,0,0,1
MIDCPNIFTY29JUL2411800PE.NFO,2024-05-08,14:21:00,2024-07-29,3.4,3.4,3.4,3.4,0,0,1
MIDCPNIFTY29JUL2411800PE.NFO,2024-05-08,14:22:00,2024-07-29,3.4,3.4,3.4,3.4,0,0,1
MIDCPNIFTY29JUL2411800PE.NFO,2024-05-08,14:23:00,2024-07-29,3.4,3.4,3.4,3.4,0,0,1
MIDCPNIFTY29JUL2411800PE.NFO,2024-05-08,14:24:00,2024-07-29,3.4,3.4,3.4,3.4,0,0,1
MIDCPNIFTY29JUL2411800PE.NFO,2024-05-08,14:25:00,2024-07-29,3.4,3.4,3.4,3.4,0,0,1
MIDCPNIFTY29JUL2411800PE.NFO,2024-05-08,14:26:00,2024-07-29,3.4,3.4,3.4,3.4,0,0,1
MIDCPNIFTY29JUL2411800PE.NFO,2024-05-08,14:27:00,2024-07-29,3.4,3.4,3.4,3.4,0,0,1
MIDCPNIFTY29JUL2411800PE.NFO,2024-05-08,14:28:00,2024-07-29,3.4,3.4,3.4,3.4,0,0,1
MIDCPNIFTY29JUL2411800PE.NFO,2024-05-08,14:29:00,2024-07-29,3.4,3.4,3.4,3.4,0,0,1
MIDCPNIFTY29JUL2411800PE.NFO,2024-05-08,14:30:00,2024-07-29,3.4,3.4,3.4,3.4,0,0,1
MIDCPNIFTY29JUL2411800PE.NFO,2024-05-08,14:31:00,2024-07-29,3.4,3.4,3.4,3.4,0,0,1
MIDCPNIFTY29JUL2411800PE.NFO,2024-05-08,14:32:00,2024-07-29,3.4,3.4,3.4,3.4,0,0,1
MIDCPNIFTY29JUL2411800PE.NFO,2024-05-08,14:33:00,2024-07-29,3.4,3.4,3.4,3.4,0,0,1
MIDCPNIFTY29JUL2411800PE.NFO,2024-05-08,14:34:00,2024-07-29,3.4,3.4,3.4,3.4,0,0,1
MIDCPNIFTY29JUL2411800PE.NFO,2024-05-08,14:35:00,2024-07-29,3.4,3.4,3.4,3.4,0,0,1
MIDCPNIFTY29JUL2411800PE.NFO,2024-05-08,14:36:00,2024-07-29,3.4,3.4,3.4,3.4,0,0,1
MIDCPNIFTY29JUL2411800PE.NFO,2024-05-08,14:37:00,2024-07-29,3.4,3.4,3.4,3.4,0,0,1
MIDCPNIFTY29JUL2411800PE.NFO,2024-05-08,14:38:00,2024-07-29,3.4,3.4,3.4,3.4,0,0,1
MIDCPNIFTY29JUL2411800PE.NFO,2024-05-08,14:39:00,2024-07-29,3.4,3.4,3.4,3.4,0,0,1
MIDCPNIFTY29JUL2411800PE.NFO,2024-05-08,14:40:00,2024-07-29,3.4,3.4,3.4,3.4,0,0,1
MIDCPNIFTY29JUL2411800PE.NFO,2024-05-08,14:41:00,2024-07-29,3.4,3.4,3.4,3.4,0,0,1
MIDCPNIFTY29JUL2411800PE.NFO,2024-05-08,14:42:00,2024-07-29,3.4,3.4,3.4,3.4,0,0,1
MIDCPNIFTY29JUL2411800PE.NFO,2024-05-08,14:43:00,2024-07-29,3.4,3.4,3.4,3.4,0,0,1
MIDCPNIFTY29JUL2411800PE.NFO,2024-05-08,14:44:00,2024-07-29,3.4,3.4,3.4,3.4,0,0,1
MIDCPNIFTY29JUL2411800PE.NFO,2024-05-08,14:45:00,2024-07-29,3.4,3.4,3.4,3.4,0,0,1
MIDCPNIFTY29JUL2411800PE.NFO,2024-05-08,14:46:00,2024-07-29,3.4,3.4,3.4,3.4,0,0,1
MIDCPNIFTY29JUL2411800PE.NFO,2024-05-08,14:47:00,2024-07-29,3.4,3.4,3.4,3.4,0,0,1
MIDCPNIFTY29JUL2411800PE.NFO,2024-05-08,14:48:00,2024-07-29,3.4,3.4,3.4,3.4,0,0,1
MIDCPNIFTY29JUL2411800PE.NFO,2024-05-08,14:49:00,2024-07-29,3.4,3.4,3.4,3.4,0,0,1
MIDCPNIFTY29JUL2411800PE.NFO,2024-05-08,14:50:00,2024-07-29,3.4,3.4,3.4,3.4,0,0,1
MIDCPNIFTY29JUL2411800PE.NFO,2024-05-08,14:51:00,2024-07-29,3.4,3.4,3.4,3.4,0,0,1
MIDCPNIFTY29JUL2411800PE.NFO,2024-05-08,14:52:00,2024-07-29,3.4,3.4,3.4,3.4,0,0,1
MIDCPNIFTY29JUL2411800PE.NFO,2024-05-08,14:53:00,2024-07-29,3.4,3.4,3.4,3.4,0,0,1
MIDCPNIFTY29JUL2411800PE.NFO,2024-05-08,14:54:00,2024-07-29,3.4,3.4,3.4,3.4,0,0,1
MIDCPNIFTY29JUL2411800PE.NFO,2024-05-08,14:55:00,2024-07-29,3.4,3.4,3.4,3.4,0,0,1
MIDCPNIFTY29JUL2411800PE.NFO,2024-05-08,14:56:00,2024-07-29,3.4,3.4,3.4,3.4,0,0,1
MIDCPNIFTY29JUL2411800PE.NFO,2024-05-08,14:57:00,2024-07-29,3.4,3.4,3.4,3.4,0,0,1
MIDCPNIFTY29JUL2411800PE.NFO,2024-05-08,14:58:00,2024-07-29,3.4,3.4,3.4,3.4,0,0,1
MIDCPNIFTY29JUL2411800PE.NFO,2024-05-08,14:59:00,2024-07-29,3.4,3.4,3.4,3.4,0,0,1
MIDCPNIFTY29JUL2411800PE.NFO,2024-05-08,15:00:00,2024-07-29,3.4,3.4,3.4,3.4,0,0,1
MIDCPNIFTY29JUL2411800PE.NFO,2024-05-08,15:01:00,2024-07-29,3.4,3.4,3.4,3.4,0,0,1
MIDCPNIFTY29JUL2411800PE.NFO,2024-05-08,15:02:00,2024-07-29,3.4,3.4,3.4,3.4,0,0,1
MIDCPNIFTY29JUL2411800PE.NFO,2024-05-08,15:03:00,2024-07-29,3.4,3.4,3.4,3.4,0,0,1
MIDCPNIFTY29JUL2411800PE.NFO,2024-05-08,15:04:00,2024-07-29,3.4,3.4,3.4,3.4,0,0,1
MIDCPNIFTY29JUL2411800PE.NFO,2024-05-08,15:05:00,2024-07-29,3.4,3.4,3.4,3.4,0,0,1
MIDCPNIFTY29JUL2411800PE.NFO,2024-05-08,15:06:00,2024-07-29,3.4,3.4,3.4,3.4,0,0,1
MIDCPNIFTY29JUL2411800PE.NFO,2024-05-08,15:07:00,2024-07-29,3.4,3.4,3.4,3.4,0,0,1
MIDCPNIFTY29JUL2411800PE.NFO,2024-05-08,15:08:00,2024-07-29,3.4,3.4,3.4,3.4,0,0,1
MIDCPNIFTY29JUL2411800PE.NFO,2024-05-08,15:09:00,2024-07-29,3.4,3.4,3.4,3.4,0,0,1
MIDCPNIFTY29JUL2411800PE.NFO,2024-05-08,15:10:00,2024-07-29,3.4,3.4,3.4,3.4,0,0,1
MIDCPNIFTY29JUL2411800PE.NFO,2024-05-08,15:11:00,2024-07-29,3.4,3.4,3.4,3.4,0,0,1
MIDCPNIFTY29JUL2411800PE.NFO,2024-05-08,15:12:00,2024-07-29,3.4,3.4,3.4,3.4,0,0,1
MIDCPNIFTY29JUL2411800PE.NFO,2024-05-08,15:13:00,2024-07-29,3.4,3.4,3.4,3.4,0,0,1
MIDCPNIFTY29JUL2411800PE.NFO,2024-05-08,15:14:00,2024-07-29,3.4,3.4,3.4,3.4,0,0,1
MIDCPNIFTY29JUL2411800PE.NFO,2024-05-08,15:15:00,2024-07-29,3.4,3.4,3.4,3.4,0,0,1
MIDCPNIFTY29JUL2411800PE.NFO,2024-05-08,15:16:00,2024-07-29,3.4,3.4,3.4,3.4,0,0,1
MIDCPNIFTY29JUL2411800PE.NFO,2024-05-08,15:17:00,2024-07-29,3.4,3.4,3.4,3.4,0,0,1
MIDCPNIFTY29JUL2411800PE.NFO,2024-05-08,15:18:00,2024-07-29,3.4,3.4,3.4,3.4,0,0,1
MIDCPNIFTY29JUL2411800PE.NFO,2024-05-08,15:19:00,2024-07-29,3.4,3.4,3.4,3.4,0,0,1
MIDCPNIFTY29JUL2411800PE.NFO,2024-05-08,15:20:00,2024-07-29,3.4,3.4,3.4,3.4,0,0,1
MIDCPNIFTY29JUL2411800PE.NFO,2024-05-08,15:21:00,2024-07-29,3.4,3.4,3.4,3.4,0,0,1
MIDCPNIFTY29JUL2411800PE.NFO,2024-05-08,15:22:00,2024-07-29,3.4,3.4,3.4,3.4,0,0,1
MIDCPNIFTY29JUL2411800PE.NFO,2024-05-08,15:23:00,2024-07-29,3.4,3.4,3.4,3.4,0,0,1
MIDCPNIFTY29JUL2411800PE.NFO,2024-05-08,15:24:00,2024-07-29,3.4,3.4,3.4,3.4,0,0,1
MIDCPNIFTY29JUL2411800PE.NFO,2024-05-08,15:25:00,2024-07-29,3.4,3.4,3.4,3.4,0,0,1
MIDCPNIFTY29JUL2411800PE.NFO,2024-05-08,15:26:00,2024-07-29,3.4,3.4,3.4,3.4,0,0,1
MIDCPNIFTY29JUL2411800PE.NFO,2024-05-08,15:27:00,2024-07-29,3.4,3.4,3.4,3.4,0,0,1
MIDCPNIFTY29JUL2411800PE.NFO,2024-05-08,15:28:00,2024-07-29,3.4,3.4,3.4,3.4,0,0,1
MIDCPNIFTY29JUL2411800PE.NFO,2024-05-08,15:29:00,2024-07-29,3.4,3.4,3.4,3.4,0,0,1
MIDCPNIFTY29JUL2411800PE.NFO,2024-05-08,15:30:00,2024-07-29,3.4,3.4,3.4,3.4,0,0,1
MIDCPNIFTY29JUL2411800PE.NFO,2024-05-09,09:15:00,2024-07-29,3.4,3.4,3.4,3.4,0,0,0
MIDCPNIFTY29JUL2411800PE.NFO,2024-05-09,09:16:00,2024-07-29,3.4,3.4,3.4,3.4,0,0,1
MIDCPNIFTY29JUL2411800PE.NFO,2024-05-09,09:17:00,2024-07-29,3.4,3.4,3.4,3.4,0,0,1
MIDCPNIFTY29JUL2411800PE.NFO,2024-05-09,09:18:00,2024-07-29,3.4,3.4,3.4,3.4,0,0,1
MIDCPNIFTY29JUL2411800PE.NFO,2024-05-09,09:19:00,2024-07-29,3.4,3.4,3.4,3.4,0,0,1
MIDCPNIFTY29JUL2411800PE.NFO,2024-05-09,09:20:00,2024-07-29,3.4,3.4,3.4,3.4,0,0,1
MIDCPNIFTY29JUL2411800PE.NFO,2024-05-09,09:21:00,2024-07-29,3.4,3.4,3.4,3.4,0,0,1
MIDCPNIFTY29JUL2411800PE.NFO,2024-05-09,09:22:00,2024-07-29,3.4,3.4,3.4,3.4,0,0,1
MIDCPNIFTY29JUL2411800PE.NFO,2024-05-09,09:23:00,2024-07-29,3.4,3.4,3.4,3.4,0,0,1
MIDCPNIFTY29JUL2411800PE.NFO,2024-05-09,09:24:00,2024-07-29,3.4,3.4,3.4,3.4,0,0,1
MIDCPNIFTY29JUL2411800PE.NFO,2024-05-09,09:25:00,2024-07-29,3.4,3.4,3.4,3.4,0,0,1
MIDCPNIFTY29JUL2411800PE.NFO,2024-05-09,09:26:00,2024-07-29,3.4,3.4,3.4,3.4,0,0,1
MIDCPNIFTY29JUL2411800PE.NFO,2024-05-09,09:27:00,2024-07-29,3.4,3.4,3.4,3.4,0,0,1
MIDCPNIFTY29JUL2411800PE.NFO,2024-05-09,09:28:00,2024-07-29,3.4,3.4,3.4,3.4,0,0,1
MIDCPNIFTY29JUL2411800PE.NFO,2024-05-09,09:29:00,2024-07-29,3.4,3.4,3.4,3.4,0,0,1
MIDCPNIFTY29JUL2411800PE.NFO,2024-05-09,09:30:00,2024-07-29,3.4,3.4,3.4,3.4,0,0,1
MIDCPNIFTY29JUL2411800PE.NFO,2024-05-09,09:31:00,2024-07-29,3.4,3.4,3.4,3.4,0,0,1
MIDCPNIFTY29JUL2411800PE.NFO,2024-05-09,09:32:00,2024-07-29,3.4,3.4,3.4,3.4,0,0,1
MIDCPNIFTY29JUL2411800PE.NFO,2024-05-09,09:33:00,2024-07-29,3.4,3.4,3.4,3.4,0,0,1
MIDCPNIFTY29JUL2411800PE.NFO,2024-05-09,09:34:00,2024-07-29,3.4,3.4,3.4,3.4,0,0,1
MIDCPNIFTY29JUL2411800PE.NFO,2024-05-09,09:35:00,2024-07-29,3.4,3.4,3.4,3.4,0,0,1
MIDCPNIFTY29JUL2411800PE.NFO,2024-05-09,09:36:00,2024-07-29,3.4,3.4,3.4,3.4,0,0,1
MIDCPNIFTY29JUL2411800PE.NFO,2024-05-09,09:37:00,2024-07-29,3.4,3.4,3.4,3.4,0,0,1
MIDCPNIFTY29JUL2411800PE.NFO,2024-05-09,09:38:00,2024-07-29,3.4,3.4,3.4,3.4,0,0,1
MIDCPNIFTY29JUL2411800PE.NFO,2024-05-09,09:39:00,2024-07-29,3.4,3.4,3.4,3.4,0,0,1
MIDCPNIFTY29JUL2411800PE.NFO,2024-05-09,09:40:00,2024-07-29,3.4,3.4,3.4,3.4,0,0,1
MIDCPNIFTY29JUL2411800PE.NFO,2024-05-09,09:41:00,2024-07-29,3.4,3.4,3.4,3.4,0,0,1
MIDCPNIFTY29JUL2411800PE.NFO,2024-05-09,09:42:00,2024-07-29,3.4,3.4,3.4,3.4,0,0,1
MIDCPNIFTY29JUL2411800PE.NFO,2024-05-09,09:43:00,2024-07-29,3.4,3.4,3.4,3.4,0,0,1
MIDCPNIFTY29JUL2411800PE.NFO,2024-05-09,09:44:00,2024-07-29,3.4,3.4,3.4,3.4,0,0,1
MIDCPNIFTY29JUL2411800PE.NFO,2024-05-09,09:45:00,2024-07-29,3.4,3.4,3.4,3.4,0,0,1
MIDCPNIFTY29JUL2411800PE.NFO,2024-05-09,09:46:00,2024-07-29,3.4,3.4,3.4,3.4,0,0,1
MIDCPNIFTY29JUL2411800PE.NFO,2024-05-09,09:47:00,2024-07-29,3.4,3.4,3.4,3.4,0,0,1
MIDCPNIFTY29JUL2411800PE.NFO,2024-05-09,09:48:00,2024-07-29,3.4,3.4,3.4,3.4,0,0,1
MIDCPNIFTY29JUL2411800PE.NFO,2024-05-09,09:49:00,2024-07-29,3.4,3.4,3.4,3.4,0,0,1
MIDCPNIFTY29JUL2411800PE.NFO,2024-05-09,09:50:00,2024-07-29,3.4,3.4,3.4,3.4,0,0,1
MIDCPNIFTY29JUL2411800PE.NFO,2024-05-09,09:51:00,2024-07-29,3.4,3.4,3.4,3.4,0,0,1
MIDCPNIFTY29JUL2411800PE.NFO,2024-05-09,09:52:00,2024-07-29,3.4,3.4,3.4,3.4,0,0,1
MIDCPNIFTY29JUL2411800PE.NFO,2024-05-09,09:53:00,2024-07-29,3.4,3.4,3.4,3.4,0,0,1
MIDCPNIFTY29JUL2411800PE.NFO,2024-05-09,09:54:00,2024-07-29,3.4,3.4,3.4,3.4,0,0,1
MIDCPNIFTY29JUL2411800PE.NFO,2024-05-09,09:55:00,2024-07-29,3.4,3.4,3.4,3.4,0,0,1
MIDCPNIFTY29JUL2411800PE.NFO,2024-05-09,09:56:00,2024-07-29,3.4,3.4,3.4,3.4,0,0,1
MIDCPNIFTY29JUL2411800PE.NFO,2024-05-09,09:57:00,2024-07-29,3.4,3.4,3.4,3.4,0,0,1
MIDCPNIFTY29JUL2411800PE.NFO,2024-05-09,09:58:00,2024-07-29,3.4,3.4,3.4,3.4,0,0,1
MIDCPNIFTY29JUL2411800PE.NFO,2024-05-09,09:59:00,2024-07-29,3.4,3.4,3.4,3.4,0,0,1
MIDCPNIFTY29JUL2411800PE.NFO,2024-05-09,10:00:00,2024-07-29,3.4,3.4,3.4,3.4,0,0,1
MIDCPNIFTY29JUL2411800PE.NFO,2024-05-09,10:01:00,2024-07-29,3.4,3.4,3.4,3.4,0,0,1
MIDCPNIFTY29JUL2411800PE.NFO,2024-05-09,10:02:00,2024-07-29,3.4,3.4,3.4,3.4,0,0,1
MIDCPNIFTY29JUL2411800PE.NFO,2024-05-09,10:03:00,2024-07-29,3.4,3.4,3.4,3.4,0,0,1
MIDCPNIFTY29JUL2411800PE.NFO,2024-05-09,10:04:00,2024-07-29,3.4,3.4,3.4,3.4,0,0,1
MIDCPNIFTY29JUL2411800PE.NFO,2024-05-09,10:05:00,2024-07-29,3.4,3.4,3.4,3.4,0,0,1
MIDCPNIFTY29JUL2411800PE.NFO,2024-05-09,10:06:00,2024-07-29,3.4,3.4,3.4,3.4,0,0,1
MIDCPNIFTY29JUL2411800PE.NFO,2024-05-09,10:07:00,2024-07-29,3.4,3.4,3.4,3.4,0,0,1
MIDCPNIFTY29JUL2411800PE.NFO,2024-05-09,10:08:00,2024-07-29,3.4,3.4,3.4,3.4,0,0,1
MIDCPNIFTY29JUL2411800PE.NFO,2024-05-09,10:09:00,2024-07-29,3.4,3.4,3.4,3.4,0,0,1
MIDCPNIFTY29JUL2411800PE.NFO,2024-05-09,10:10:00,2024-07-29,3.4,3.4,3.4,3.4,0,0,1
MIDCPNIFTY29JUL2411800PE.NFO,2024-05-09,10:11:00,2024-07-29,3.4,3.4,3.4,3.4,0,0,1
MIDCPNIFTY29JUL2411800PE.NFO,2024-05-09,10:12:00,2024-07-29,3.4,3.4,3.4,3.4,0,0,1
MIDCPNIFTY29JUL2411800PE.NFO,2024-05-09,10:13:00,2024-07-29,3.4,3.4,3.4,3.4,0,0,1
MIDCPNIFTY29JUL2411800PE.NFO,2024-05-09,10:14:00,2024-07-29,3.4,3.4,3.4,3.4,0,0,1
MIDCPNIFTY29JUL2411800PE.NFO,2024-05-09,10:15:00,2024-07-29,3.4,3.4,3.4,3.4,0,0,1
MIDCPNIFTY29JUL2411800PE.NFO,2024-05-09,10:16:00,2024-07-29,3.4,3.4,3.4,3.4,0,0,1
MIDCPNIFTY29JUL2411800PE.NFO,2024-05-09,10:17:00,2024-07-29,3.4,3.4,3.4,3.4,0,0,1
MIDCPNIFTY29JUL2411800PE.NFO,2024-05-09,10:18:00,2024-07-29,3.4,3.4,3.4,3.4,0,0,1
MIDCPNIFTY29JUL2411800PE.NFO,2024-05-09,10:19:00,2024-07-29,3.4,3.4,3.4,3.4,0,0,1
MIDCPNIFTY29JUL2411800PE.NFO,2024-05-09,10:20:00,2024-07-29,3.4,3.4,3.4,3.4,0,0,1
MIDCPNIFTY29JUL2411800PE.NFO,2024-05-09,10:21:00,2024-07-29,3.4,3.4,3.4,3.4,0,0,1
MIDCPNIFTY29JUL2411800PE.NFO,2024-05-09,10:22:00,2024-07-29,3.4,3.4,3.4,3.4,0,0,1
MIDCPNIFTY29JUL2411800PE.NFO,2024-05-09,10:23:00,2024-07-29,3.4,3.4,3.4,3.4,0,0,1
MIDCPNIFTY29JUL2411800PE.NFO,2024-05-09,10:24:00,2024-07-29,3.4,3.4,3.4,3.4,0,0,1
MIDCPNIFTY29JUL2411800PE.NFO,2024-05-09,10:25:00,2024-07-29,3.4,3.4,3.4,3.4,0,0,1
MIDCPNIFTY29JUL2411800PE.NFO,2024-05-09,10:26:00,2024-07-29,3.4,3.4,3.4,3.4,0,0,1
MIDCPNIFTY29JUL2411800PE.NFO,2024-05-09,10:27:00,2024-07-29,3.4,3.4,3.4,3.4,0,0,1
MIDCPNIFTY29JUL2411800PE.NFO,2024-05-09,10:28:00,2024-07-29,3.4,3.4,3.4,3.4,0,0,1
MIDCPNIFTY29JUL2411800PE.NFO,2024-05-09,10:29:00,2024-07-29,3.4,3.4,3.4,3.4,0,0,1
MIDCPNIFTY29JUL2411800PE.NFO,2024-05-09,10:30:00,2024-07-29,3.4,3.4,3.4,3.4,0,0,1
MIDCPNIFTY29JUL2411800PE.NFO,2024-05-09,10:31:00,2024-07-29,3.4,3.4,3.4,3.4,0,0,1
MIDCPNIFTY29JUL2411800PE.NFO,2024-05-09,10:32:00,2024-07-29,3.4,3.4,3.4,3.4,0,0,1
MIDCPNIFTY29JUL2411800PE.NFO,2024-05-09,10:33:00,2024-07-29,3.4,3.4,3.4,3.4,0,0,1
MIDCPNIFTY29JUL2411800PE.NFO,2024-05-09,10:34:00,2024-07-29,3.4,3.4,3.4,3.4,0,0,1
MIDCPNIFTY29JUL2411800PE.NFO,2024-05-09,10:35:00,2024-07-29,3.4,3.4,3.4,3.4,0,0,1
MIDCPNIFTY29JUL2411800PE.NFO,2024-05-09,10:36:00,2024-07-29,3.4,3.4,3.4,3.4,0,0,1
MIDCPNIFTY29JUL2411800PE.NFO,2024-05-09,10:37:00,2024-07-29,3.4,3.4,3.4,3.4,0,0,1
MIDCPNIFTY29JUL2411800PE.NFO,2024-05-09,10:38:00,2024-07-29,3.4,3.4,3.4,3.4,0,0,1
MIDCPNIFTY29JUL2411800PE.NFO,2024-05-09,10:39:00,2024-07-29,3.4,3.4,3.4,3.4,0,0,1
MIDCPNIFTY29JUL2411800PE.NFO,2024-05-09,10:40:00,2024-07-29,3.4,3.4,3.4,3.4,0,0,1
MIDCPNIFTY29JUL2411800PE.NFO,2024-05-09,10:41:00,2024-07-29,3.4,3.4,3.4,3.4,0,0,1
MIDCPNIFTY29JUL2411800PE.NFO,2024-05-09,10:42:00,2024-07-29,3.4,3.4,3.4,3.4,0,0,1
MIDCPNIFTY29JUL2411800PE.NFO,2024-05-09,10:43:00,2024-07-29,3.4,3.4,3.4,3.4,0,0,1
MIDCPNIFTY29JUL2411800PE.NFO,2024-05-09,10:44:00,2024-07-29,3.4,3.4,3.4,3.4,0,0,1
MIDCPNIFTY29JUL2411800PE.NFO,2024-05-09,10:45:00,2024-07-29,3.4,3.4,3.4,3.4,0,0,1
MIDCPNIFTY29JUL2411800PE.NFO,2024-05-09,10:46:00,2024-07-29,3.4,3.4,3.4,3.4,0,0,1
MIDCPNIFTY29JUL2411800PE.NFO,2024-05-09,10:47:00,2024-07-29,3.4,3.4,3.4,3.4,0,0,1
MIDCPNIFTY29JUL2411800PE.NFO,2024-05-09,10:48:00,2024-07-29,3.4,3.4,3.4,3.4,0,0,1
MIDCPNIFTY29JUL2411800PE.NFO,2024-05-09,10:49:00,2024-07-29,3.4,3.4,3.4,3.4,0,0,1
MIDCPNIFTY29JUL2411800PE.NFO,2024-05-09,10:50:00,2024-07-29,3.4,3.4,3.4,3.4,0,0,1
MIDCPNIFTY29JUL2411800PE.NFO,2024-05-09,10:51:00,2024-07-29,3.4,3.4,3.4,3.4,0,0,1
MIDCPNIFTY29JUL2411800PE.NFO,2024-05-09,10:52:00,2024-07-29,3.4,3.4,3.4,3.4,0,0,1
MIDCPNIFTY29JUL2411800PE.NFO,2024-05-09,10:53:00,2024-07-29,3.4,3.4,3.4,3.4,0,0,1
MIDCPNIFTY29JUL2411800PE.NFO,2024-05-09,10:54:00,2024-07-29,3.4,3.4,3.4,3.4,0,0,1
MIDCPNIFTY29JUL2411800PE.NFO,2024-05-09,10:55:00,2024-07-29,3.4,3.4,3.4,3.4,0,0,1
MIDCPNIFTY29JUL2411800PE.NFO,2024-05-09,10:56:00,2024-07-29,3.4,3.4,3.4,3.4,0,0,1
MIDCPNIFTY29JUL2411800PE.NFO,2024-05-09,10:57:00,2024-07-29,3.4,3.4,3.4,3.4,0,0,1
MIDCPNIFTY29JUL2411800PE.NFO,2024-05-09,10:58:00,2024-07-29,3.4,3.4,3.4,3.4,0,0,1
MIDCPNIFTY29JUL2411800PE.NFO,2024-05-09,10:59:00,2024-07-29,3.4,3.4,3.4,3.4,0,0,1
MIDCPNIFTY29JUL2411800PE.NFO,2024-05-09,11:00:00,2024-07-29,3.4,3.4,3.4,3.4,0,0,1
MIDCPNIFTY29JUL2411800PE.NFO,2024-05-09,11:01:00,2024-07-29,3.4,3.4,3.4,3.4,0,0,1
MIDCPNIFTY29JUL2411800PE.NFO,2024-05-09,11:02:00,2024-07-29,3.4,3.4,3.4,3.4,0,0,1
MIDCPNIFTY29JUL2411800PE.NFO,2024-05-09,11:03:00,2024-07-29,3.4,3.4,3.4,3.4,0,0,1
MIDCPNIFTY29JUL2411800PE.NFO,2024-05-09,11:04:00,2024-07-29,3.4,3.4,3.4,3.4,0,0,1
MIDCPNIFTY29JUL2411800PE.NFO,2024-05-09,11:05:00,2024-07-29,3.4,3.4,3.4,3.4,0,0,1
MIDCPNIFTY29JUL2411800PE.NFO,2024-05-09,11:06:00,2024-07-29,3.4,3.4,3.4,3.4,0,0,1
MIDCPNIFTY29JUL2411800PE.NFO,2024-05-09,11:07:00,2024-07-29,3.4,3.4,3.4,3.4,0,0,1
MIDCPNIFTY29JUL2411800PE.NFO,2024-05-09,11:08:00,2024-07-29,3.4,3.4,3.4,3.4,0,0,1
MIDCPNIFTY29JUL2411800PE.NFO,2024-05-09,11:09:00,2024-07-29,3.4,3.4,3.4,3.4,0,0,1
MIDCPNIFTY29JUL2411800PE.NFO,2024-05-09,11:10:00,2024-07-29,3.4,3.4,3.4,3.4,0,0,1
MIDCPNIFTY29JUL2411800PE.NFO,2024-05-09,11:11:00,2024-07-29,3.4,3.4,3.4,3.4,0,0,1
MIDCPNIFTY29JUL2411800PE.NFO,2024-05-09,11:12:00,2024-07-29,3.4,3.4,3.4,3.4,0,0,1
MIDCPNIFTY29JUL2411800PE.NFO,2024-05-09,11:13:00,2024-07-29,3.4,3.4,3.4,3.4,0,0,1
MIDCPNIFTY29JUL2411800PE.NFO,2024-05-09,11:14:00,2024-07-29,3.4,3.4,3.4,3.4,0,0,1
MIDCPNIFTY29JUL2411800PE.NFO,2024-05-09,11:15:00,2024-07-29,3.4,3.4,3.4,3.4,0,0,1
MIDCPNIFTY29JUL2411800PE.NFO,2024-05-09,11:16:00,2024-07-29,3.4,3.4,3.4,3.4,0,0,1
MIDCPNIFTY29JUL2411800PE.NFO,2024-05-09,11:17:00,2024-07-29,3.4,3.4,3.4,3.4,0,0,1
MIDCPNIFTY29JUL2411800PE.NFO,2024-05-09,11:18:00,2024-07-29,3.4,3.4,3.4,3.4,0,0,1
MIDCPNIFTY29JUL2411800PE.NFO,2024-05-09,11:19:00,2024-07-29,3.4,3.4,3.4,3.4,0,0,1
MIDCPNIFTY29JUL2411800PE.NFO,2024-05-09,11:20:00,2024-07-29,3.4,3.4,3.4,3.4,0,0,1
MIDCPNIFTY29JUL2411800PE.NFO,2024-05-09,11:21:00,2024-07-29,3.4,3.4,3.4,3.4,0,0,1
MIDCPNIFTY29JUL2411800PE.NFO,2024-05-09,11:22:00,2024-07-29,3.4,3.4,3.4,3.4,0,0,1
MIDCPNIFTY29JUL2411800PE.NFO,2024-05-09,11:23:00,2024-07-29,3.4,3.4,3.4,3.4,0,0,1
MIDCPNIFTY29JUL2411800PE.NFO,2024-05-09,11:24:00,2024-07-29,3.4,3.4,3.4,3.4,0,0,1
MIDCPNIFTY29JUL2411800PE.NFO,2024-05-09,11:25:00,2024-07-29,3.4,3.4,3.4,3.4,0,0,1
MIDCPNIFTY29JUL2411800PE.NFO,2024-05-09,11:26:00,2024-07-29,3.4,3.4,3.4,3.4,0,0,1
MIDCPNIFTY29JUL2411800PE.NFO,2024-05-09,11:27:00,2024-07-29,3.4,3.4,3.4,3.4,0,0,1
MIDCPNIFTY29JUL2411800PE.NFO,2024-05-09,11:28:00,2024-07-29,3.4,3.4,3.4,3.4,0,0,1
MIDCPNIFTY29JUL2411800PE.NFO,2024-05-09,11:29:00,2024-07-29,3.4,3.4,3.4,3.4,0,0,1
MIDCPNIFTY29JUL2411800PE.NFO,2024-05-09,11:30:00,2024-07-29,3.4,3.4,3.4,3.4,0,0,1
MIDCPNIFTY29JUL2411800PE.NFO,2024-05-09,11:31:00,2024-07-29,3.4,3.4,3.4,3.4,0,0,1
MIDCPNIFTY29JUL2411800PE.NFO,2024-05-09,11:32:00,2024-07-29,3.4,3.4,3.4,3.4,0,0,1
MIDCPNIFTY29JUL2411800PE.NFO,2024-05-09,11:33:00,2024-07-29,3.4,3.4,3.4,3.4,0,0,1
MIDCPNIFTY29JUL2411800PE.NFO,2024-05-09,11:34:00,2024-07-29,3.4,3.4,3.4,3.4,0,0,1
MIDCPNIFTY29JUL2411800PE.NFO,2024-05-09,11:35:00,2024-07-29,3.4,3.4,3.4,3.4,0,0,1
MIDCPNIFTY29JUL2411800PE.NFO,2024-05-09,11:36:00,2024-07-29,3.4,3.4,3.4,3.4,0,0,1
MIDCPNIFTY29JUL2411800PE.NFO,2024-05-09,11:37:00,2024-07-29,3.4,3.4,3.4,3.4,0,0,1
MIDCPNIFTY29JUL2411800PE.NFO,2024-05-09,11:38:00,2024-07-29,3.4,3.4,3.4,3.4,0,0,1
MIDCPNIFTY29JUL2411800PE.NFO,2024-05-09,11:39:00,2024-07-29,3.4,3.4,3.4,3.4,0,0,1
MIDCPNIFTY29JUL2411800PE.NFO,2024-05-09,11:40:00,2024-07-29,3.4,3.4,3.4,3.4,0,0,1
MIDCPNIFTY29JUL2411800PE.NFO,2024-05-09,11:41:00,2024-07-29,3.4,3.4,3.4,3.4,0,0,1
MIDCPNIFTY29JUL2411800PE.NFO,2024-05-09,11:42:00,2024-07-29,3.4,3.4,3.4,3.4,0,0,1
MIDCPNIFTY29JUL2411800PE.NFO,2024-05-09,11:43:00,2024-07-29,3.4,3.4,3.4,3.4,0,0,1
MIDCPNIFTY29JUL2411800PE.NFO,2024-05-09,11:44:00,2024-07-29,3.4,3.4,3.4,3.4,0,0,1
MIDCPNIFTY29JUL2411800PE.NFO,2024-05-09,11:45:00,2024-07-29,3.4,3.4,3.4,3.4,0,0,1
MIDCPNIFTY29JUL2411800PE.NFO,2024-05-09,11:46:00,2024-07-29,3.4,3.4,3.4,3.4,0,0,1
MIDCPNIFTY29JUL2411800PE.NFO,2024-05-09,11:47:00,2024-07-29,3.4,3.4,3.4,3.4,0,0,1
MIDCPNIFTY29JUL2411800PE.NFO,2024-05-09,11:48:00,2024-07-29,3.4,3.4,3.4,3.4,0,0,1
MIDCPNIFTY29JUL2411800PE.NFO,2024-05-09,11:49:00,2024-07-29,3.4,3.4,3.4,3.4,0,0,1
MIDCPNIFTY29JUL2411800PE.NFO,2024-05-09,11:50:00,2024-07-29,3.4,3.4,3.4,3.4,0,0,1
MIDCPNIFTY29JUL2411800PE.NFO,2024-05-09,11:51:00,2024-07-29,3.4,3.4,3.4,3.4,0,0,1
MIDCPNIFTY29JUL2411800PE.NFO,2024-05-09,11:52:00,2024-07-29,3.4,3.4,3.4,3.4,0,0,1
MIDCPNIFTY29JUL2411800PE.NFO,2024-05-09,11:53:00,2024-07-29,3.4,3.4,3.4,3.4,0,0,1
MIDCPNIFTY29JUL2411800PE.NFO,2024-05-09,11:54:00,2024-07-29,3.4,3.4,3.4,3.4,0,0,1
MIDCPNIFTY29JUL2411800PE.NFO,2024-05-09,11:55:00,2024-07-29,3.4,3.4,3.4,3.4,0,0,1
MIDCPNIFTY29JUL2411800PE.NFO,2024-05-09,11:56:00,2024-07-29,3.4,3.4,3.4,3.4,0,0,1
MIDCPNIFTY29JUL2411800PE.NFO,2024-05-09,11:57:00,2024-07-29,3.4,3.4,3.4,3.4,0,0,1
MIDCPNIFTY29JUL2411800PE.NFO,2024-05-09,11:58:00,2024-07-29,3.4,3.4,3.4,3.4,0,0,1
MIDCPNIFTY29JUL2411800PE.NFO,2024-05-09,11:59:00,2024-07-29,3.4,3.4,3.4,3.4,0,0,1
MIDCPNIFTY29JUL2411800PE.NFO,2024-05-09,12:00:00,2024-07-29,3.4,3.4,3.4,3.4,0,0,1
MIDCPNIFTY29JUL2411800PE.NFO,2024-05-09,12:01:00,2024-07-29,3.4,3.4,3.4,3.4,0,0,1
MIDCPNIFTY29JUL2411800PE.NFO,2024-05-09,12:02:00,2024-07-29,3.4,3.4,3.4,3.4,0,0,1
MIDCPNIFTY29JUL2411800PE.NFO,2024-05-09,12:03:00,2024-07-29,3.4,3.4,3.4,3.4,0,0,1
MIDCPNIFTY29JUL2411800PE.NFO,2024-05-09,12:04:00,2024-07-29,3.4,3.4,3.4,3.4,0,0,1
MIDCPNIFTY29JUL2411800PE.NFO,2024-05-09,12:05:00,2024-07-29,3.4,3.4,3.4,3.4,0,0,1
MIDCPNIFTY29JUL2411800PE.NFO,2024-05-09,12:06:00,2024-07-29,3.4,3.4,3.4,3.4,0,0,1
MIDCPNIFTY29JUL2411800PE.NFO,2024-05-09,12:07:00,2024-07-29,3.4,3.4,3.4,3.4,0,0,1
MIDCPNIFTY29JUL2411800PE.NFO,2024-05-09,12:08:00,2024-07-29,3.4,3.4,3.4,3.4,0,0,1
MIDCPNIFTY29JUL2411800PE.NFO,2024-05-09,12:09:00,2024-07-29,3.4,3.4,3.4,3.4,0,0,1
MIDCPNIFTY29JUL2411800PE.NFO,2024-05-09,12:10:00,2024-07-29,3.4,3.4,3.4,3.4,0,0,1
MIDCPNIFTY29JUL2411800PE.NFO,2024-05-09,12:11:00,2024-07-29,3.4,3.4,3.4,3.4,0,0,1
MIDCPNIFTY29JUL2411800PE.NFO,2024-05-09,12:12:00,2024-07-29,3.4,3.4,3.4,3.4,0,0,1
MIDCPNIFTY29JUL2411800PE.NFO,2024-05-09,12:13:00,2024-07-29,3.4,3.4,3.4,3.4,0,0,1
MIDCPNIFTY29JUL2411800PE.NFO,2024-05-09,12:14:00,2024-07-29,3.4,3.4,3.4,3.4,0,0,1
MIDCPNIFTY29JUL2411800PE.NFO,2024-05-09,12:15:00,2024-07-29,3.4,3.4,3.4,3.4,0,0,1
MIDCPNIFTY29JUL2411800PE.NFO,2024-05-09,12:16:00,2024-07-29,3.4,3.4,3.4,3.4,0,0,1
MIDCPNIFTY29JUL2411800PE.NFO,2024-05-09,12:17:00,2024-07-29,3.4,3.4,3.4,3.4,0,0,1
MIDCPNIFTY29JUL2411800PE.NFO,2024-05-09,12:18:00,2024-07-29,3.4,3.4,3.4,3.4,0,0,1
MIDCPNIFTY29JUL2411800PE.NFO,2024-05-09,12:19:00,2024-07-29,3.4,3.4,3.4,3.4,0,0,1
MIDCPNIFTY29JUL2411800PE.NFO,2024-05-09,12:20:00,2024-07-29,3.4,3.4,3.4,3.4,0,0,1
MIDCPNIFTY29JUL2411800PE.NFO,2024-05-09,12:21:00,2024-07-29,3.4,3.4,3.4,3.4,0,0,1
MIDCPNIFTY29JUL2411800PE.NFO,2024-05-09,12:22:00,2024-07-29,3.4,3.4,3.4,3.4,0,0,1
MIDCPNIFTY29JUL2411800PE.NFO,2024-05-09,12:23:00,2024-07-29,3.4,3.4,3.4,3.4,0,0,1
MIDCPNIFTY29JUL2411800PE.NFO,2024-05-09,12:24:00,2024-07-29,3.4,3.4,3.4,3.4,0,0,1
MIDCPNIFTY29JUL2411800PE.NFO,2024-05-09,12:25:00,2024-07-29,3.4,3.4,3.4,3.4,0,0,1
MIDCPNIFTY29JUL2411800PE.NFO,2024-05-09,12:26:00,2024-07-29,3.4,3.4,3.4,3.4,0,0,1
MIDCPNIFTY29JUL2411800PE.NFO,2024-05-09,12:27:00,2024-07-29,3.4,3.4,3.4,3.4,0,0,1
MIDCPNIFTY29JUL2411800PE.NFO,2024-05-09,12:28:00,2024-07-29,3.4,3.4,3.4,3.4,0,0,1
MIDCPNIFTY29JUL2411800PE.NFO,2024-05-09,12:29:00,2024-07-29,3.4,3.4,3.4,3.4,0,0,1
MIDCPNIFTY29JUL2411800PE.NFO,2024-05-09,12:30:00,2024-07-29,3.4,3.4,3.4,3.4,0,0,1
MIDCPNIFTY29JUL2411800PE.NFO,2024-05-09,12:31:00,2024-07-29,3.4,3.4,3.4,3.4,0,0,1
MIDCPNIFTY29JUL2411800PE.NFO,2024-05-09,12:32:00,2024-07-29,3.4,3.4,3.4,3.4,0,0,1
MIDCPNIFTY29JUL2411800PE.NFO,2024-05-09,12:33:00,2024-07-29,3.4,3.4,3.4,3.4,0,0,1
MIDCPNIFTY29JUL2411800PE.NFO,2024-05-09,12:34:00,2024-07-29,3.4,3.4,3.4,3.4,0,0,1
MIDCPNIFTY29JUL2411800PE.NFO,2024-05-09,12:35:00,2024-07-29,3.4,3.4,3.4,3.4,0,0,1
MIDCPNIFTY29JUL2411800PE.NFO,2024-05-09,12:36:00,2024-07-29,3.4,3.4,3.4,3.4,0,0,1
MIDCPNIFTY29JUL2411800PE.NFO,2024-05-09,12:37:00,2024-07-29,3.4,3.4,3.4,3.4,0,0,1
MIDCPNIFTY29JUL2411800PE.NFO,2024-05-09,12:38:00,2024-07-29,3.4,3.4,3.4,3.4,0,0,1
MIDCPNIFTY29JUL2411800PE.NFO,2024-05-09,12:39:00,2024-07-29,3.4,3.4,3.4,3.4,0,0,1
MIDCPNIFTY29JUL2411800PE.NFO,2024-05-09,12:40:00,2024-07-29,3.4,3.4,3.4,3.4,0,0,1
MIDCPNIFTY29JUL2411800PE.NFO,2024-05-09,12:41:00,2024-07-29,3.4,3.4,3.4,3.4,0,0,1
MIDCPNIFTY29JUL2411800PE.NFO,2024-05-09,12:42:00,2024-07-29,3.4,3.4,3.4,3.4,0,0,1
MIDCPNIFTY29JUL2411800PE.NFO,2024-05-09,12:43:00,2024-07-29,3.4,3.4,3.4,3.4,0,0,1
MIDCPNIFTY29JUL2411800PE.NFO,2024-05-09,12:44:00,2024-07-29,3.4,3.4,3.4,3.4,0,0,1
MIDCPNIFTY29JUL2411800PE.NFO,2024-05-09,12:45:00,2024-07-29,3.4,3.4,3.4,3.4,0,0,1
MIDCPNIFTY29JUL2411800PE.NFO,2024-05-09,12:46:00,2024-07-29,3.4,3.4,3.4,3.4,0,0,1
MIDCPNIFTY29JUL2411800PE.NFO,2024-05-09,12:47:00,2024-07-29,3.4,3.4,3.4,3.4,0,0,1
MIDCPNIFTY29JUL2411800PE.NFO,2024-05-09,12:48:00,2024-07-29,3.4,3.4,3.4,3.4,0,0,1
MIDCPNIFTY29JUL2411800PE.NFO,2024-05-09,12:49:00,2024-07-29,3.4,3.4,3.4,3.4,0,0,1
MIDCPNIFTY29JUL2411800PE.NFO,2024-05-09,12:50:00,2024-07-29,3.4,3.4,3.4,3.4,0,0,1
MIDCPNIFTY29JUL2411800PE.NFO,2024-05-09,12:51:00,2024-07-29,3.4,3.4,3.4,3.4,0,0,1
MIDCPNIFTY29JUL2411800PE.NFO,2024-05-09,12:52:00,2024-07-29,3.4,3.4,3.4,3.4,0,0,1
MIDCPNIFTY29JUL2411800PE.NFO,2024-05-09,12:53:00,2024-07-29,3.4,3.4,3.4,3.4,0,0,1
MIDCPNIFTY29JUL2411800PE.NFO,2024-05-09,12:54:00,2024-07-29,3.4,3.4,3.4,3.4,0,0,1
MIDCPNIFTY29JUL2411800PE.NFO,2024-05-09,12:55:00,2024-07-29,3.4,3.4,3.4,3.4,0,0,1
MIDCPNIFTY29JUL2411800PE.NFO,2024-05-09,12:56:00,2024-07-29,3.4,3.4,3.4,3.4,0,0,1
MIDCPNIFTY29JUL2411800PE.NFO,2024-05-09,12:57:00,2024-07-29,3.4,3.4,3.4,3.4,0,0,1
MIDCPNIFTY29JUL2411800PE.NFO,2024-05-09,12:58:00,2024-07-29,3.4,3.4,3.4,3.4,0,0,1
MIDCPNIFTY29JUL2411800PE.NFO,2024-05-09,12:59:00,2024-07-29,3.4,3.4,3.4,3.4,0,0,1
MIDCPNIFTY29JUL2411800PE.NFO,2024-05-09,13:00:00,2024-07-29,3.4,3.4,3.4,3.4,0,0,1
MIDCPNIFTY29JUL2411800PE.NFO,2024-05-09,13:01:00,2024-07-29,3.4,3.4,3.4,3.4,0,0,1
MIDCPNIFTY29JUL2411800PE.NFO,2024-05-09,13:02:00,2024-07-29,3.4,3.4,3.4,3.4,0,0,1
MIDCPNIFTY29JUL2411800PE.NFO,2024-05-09,13:03:00,2024-07-29,3.4,3.4,3.4,3.4,0,0,1
MIDCPNIFTY29JUL2411800PE.NFO,2024-05-09,13:04:00,2024-07-29,3.4,3.4,3.4,3.4,0,0,1
MIDCPNIFTY29JUL2411800PE.NFO,2024-05-09,13:05:00,2024-07-29,3.4,3.4,3.4,3.4,0,0,1
MIDCPNIFTY29JUL2411800PE.NFO,2024-05-09,13:06:00,2024-07-29,3.4,3.4,3.4,3.4,0,0,1
MIDCPNIFTY29JUL2411800PE.NFO,2024-05-09,13:07:00,2024-07-29,3.4,3.4,3.4,3.4,0,0,1
MIDCPNIFTY29JUL2411800PE.NFO,2024-05-09,13:08:00,2024-07-29,3.4,3.4,3.4,3.4,0,0,1
MIDCPNIFTY29JUL2411800PE.NFO,2024-05-09,13:09:00,2024-07-29,3.4,3.4,3.4,3.4,0,0,1
MIDCPNIFTY29JUL2411800PE.NFO,2024-05-09,13:10:00,2024-07-29,3.4,3.4,3.4,3.4,0,0,1
MIDCPNIFTY29JUL2411800PE.NFO,2024-05-09,13:11:00,2024-07-29,3.4,3.4,3.4,3.4,0,0,1
MIDCPNIFTY29JUL2411800PE.NFO,2024-05-09,13:12:00,2024-07-29,3.4,3.4,3.4,3.4,0,0,1
MIDCPNIFTY29JUL2411800PE.NFO,2024-05-09,13:13:00,2024-07-29,3.4,3.4,3.4,3.4,0,0,1
MIDCPNIFTY29JUL2411800PE.NFO,2024-05-09,13:14:00,2024-07-29,3.4,3.4,3.4,3.4,0,0,1
MIDCPNIFTY29JUL2411800PE.NFO,2024-05-09,13:15:00,2024-07-29,3.4,3.4,3.4,3.4,0,0,1
MIDCPNIFTY29JUL2411800PE.NFO,2024-05-09,13:16:00,2024-07-29,3.4,3.4,3.4,3.4,0,0,1
MIDCPNIFTY29JUL2411800PE.NFO,2024-05-09,13:17:00,2024-07-29,3.4,3.4,3.4,3.4,0,0,1
MIDCPNIFTY29JUL2411800PE.NFO,2024-05-09,13:18:00,2024-07-29,3.4,3.4,3.4,3.4,0,0,1
MIDCPNIFTY29JUL2411800PE.NFO,2024-05-09,13:19:00,2024-07-29,3.4,3.4,3.4,3.4,0,0,1
MIDCPNIFTY29JUL2411800PE.NFO,2024-05-09,13:20:00,2024-07-29,3.4,3.4,3.4,3.4,0,0,1
MIDCPNIFTY29JUL2411800PE.NFO,2024-05-09,13:21:00,2024-07-29,3.4,3.4,3.4,3.4,0,0,1
MIDCPNIFTY29JUL2411800PE.NFO,2024-05-09,13:22:00,2024-07-29,3.4,3.4,3.4,3.4,0,0,1
MIDCPNIFTY29JUL2411800PE.NFO,2024-05-09,13:23:00,2024-07-29,3.4,3.4,3.4,3.4,0,0,1
MIDCPNIFTY29JUL2411800PE.NFO,2024-05-09,13:24:00,2024-07-29,3.4,3.4,3.4,3.4,0,0,1
MIDCPNIFTY29JUL2411800PE.NFO,2024-05-09,13:25:00,2024-07-29,3.4,3.4,3.4,3.4,0,0,1
MIDCPNIFTY29JUL2411800PE.NFO,2024-05-09,13:26:00,2024-07-29,3.4,3.4,3.4,3.4,0,0,1
MIDCPNIFTY29JUL2411800PE.NFO,2024-05-09,13:27:00,2024-07-29,3.4,3.4,3.4,3.4,0,0,1
MIDCPNIFTY29JUL2411800PE.NFO,2024-05-09,13:28:00,2024-07-29,3.4,3.4,3.4,3.4,0,0,1
MIDCPNIFTY29JUL2411800PE.NFO,2024-05-09,13:29:00,2024-07-29,3.4,3.4,3.4,3.4,0,0,1
MIDCPNIFTY29JUL2411800PE.NFO,2024-05-09,13:30:00,2024-07-29,3.4,3.4,3.4,3.4,0,0,1
MIDCPNIFTY29JUL2411800PE.NFO,2024-05-09,13:31:00,2024-07-29,3.4,3.4,3.4,3.4,0,0,1
MIDCPNIFTY29JUL2411800PE.NFO,2024-05-09,13:32:00,2024-07-29,3.4,3.4,3.4,3.4,0,0,1
MIDCPNIFTY29JUL2411800PE.NFO,2024-05-09,13:33:00,2024-07-29,3.4,3.4,3.4,3.4,0,0,1
MIDCPNIFTY29JUL2411800PE.NFO,2024-05-09,13:34:00,2024-07-29,3.4,3.4,3.4,3.4,0,0,1
MIDCPNIFTY29JUL2411800PE.NFO,2024-05-09,13:35:00,2024-07-29,3.4,3.4,3.4,3.4,0,0,1
MIDCPNIFTY29JUL2411800PE.NFO,2024-05-09,13:36:00,2024-07-29,3.4,3.4,3.4,3.4,0,0,1
MIDCPNIFTY29JUL2411800PE.NFO,2024-05-09,13:37:00,2024-07-29,3.4,3.4,3.4,3.4,0,0,1
MIDCPNIFTY29JUL2411800PE.NFO,2024-05-09,13:38:00,2024-07-29,3.4,3.4,3.4,3.4,0,0,1
MIDCPNIFTY29JUL2411800PE.NFO,2024-05-09,13:39:00,2024-07-29,3.4,3.4,3.4,3.4,0,0,1
MIDCPNIFTY29JUL2411800PE.NFO,2024-05-09,13:40:00,2024-07-29,3.4,3.4,3.4,3.4,0,0,1
MIDCPNIFTY29JUL2411800PE.NFO,2024-05-09,13:41:00,2024-07-29,3.4,3.4,3.4,3.4,0,0,1
MIDCPNIFTY29JUL2411800PE.NFO,2024-05-09,13:42:00,2024-07-29,3.4,3.4,3.4,3.4,0,0,1
MIDCPNIFTY29JUL2411800PE.NFO,2024-05-09,13:43:00,2024-07-29,3.4,3.4,3.4,3.4,0,0,1
MIDCPNIFTY29JUL2411800PE.NFO,2024-05-09,13:44:00,2024-07-29,3.4,3.4,3.4,3.4,0,0,1
MIDCPNIFTY29JUL2411800PE.NFO,2024-05-09,13:45:00,2024-07-29,3.4,3.4,3.4,3.4,0,0,1
MIDCPNIFTY29JUL2411800PE.NFO,2024-05-09,13:46:00,2024-07-29,3.4,3.4,3.4,3.4,0,0,1
MIDCPNIFTY29JUL2411800PE.NFO,2024-05-09,13:47:00,2024-07-29,3.4,3.4,3.4,3.4,0,0,1
MIDCPNIFTY29JUL2411800PE.NFO,2024-05-09,13:48:00,2024-07-29,3.4,3.4,3.4,3.4,0,0,1
MIDCPNIFTY29JUL2411800PE.NFO,2024-05-09,13:49:00,2024-07-29,3.4,3.4,3.4,3.4,0,0,1
MIDCPNIFTY29JUL2411800PE.NFO,2024-05-09,13:50:00,2024-07-29,3.4,3.4,3.4,3.4,0,0,1
MIDCPNIFTY29JUL2411800PE.NFO,2024-05-09,13:51:00,2024-07-29,3.4,3.4,3.4,3.4,0,0,1
MIDCPNIFTY29JUL2411800PE.NFO,2024-05-09,13:52:00,2024-07-29,3.4,3.4,3.4,3.4,0,0,1
MIDCPNIFTY29JUL2411800PE.NFO,2024-05-09,13:53:00,2024-07-29,3.4,3.4,3.4,3.4,0,0,1
MIDCPNIFTY29JUL2411800PE.NFO,2024-05-09,13:54:00,2024-07-29,3.4,3.4,3.4,3.4,0,0,1
MIDCPNIFTY29JUL2411800PE.NFO,2024-05-09,13:55:00,2024-07-29,3.4,3.4,3.4,3.4,0,0,1
MIDCPNIFTY29JUL2411800PE.NFO,2024-05-09,13:56:00,2024-07-29,3.4,3.4,3.4,3.4,0,0,1
MIDCPNIFTY29JUL2411800PE.NFO,2024-05-09,13:57:00,2024-07-29,3.4,3.4,3.4,3.4,0,0,1
MIDCPNIFTY29JUL2411800PE.NFO,2024-05-09,13:58:00,2024-07-29,3.4,3.4,3.4,3.4,0,0,1
MIDCPNIFTY29JUL2411800PE.NFO,2024-05-09,13:59:00,2024-07-29,3.4,3.4,3.4,3.4,0,0,1
MIDCPNIFTY29JUL2411800PE.NFO,2024-05-09,14:00:00,2024-07-29,3.4,3.4,3.4,3.4,0,0,1
MIDCPNIFTY29JUL2411800PE.NFO,2024-05-09,14:01:00,2024-07-29,3.4,3.4,3.4,3.4,0,0,1
MIDCPNIFTY29JUL2411800PE.NFO,2024-05-09,14:02:00,2024-07-29,3.4,3.4,3.4,3.4,0,0,1
MIDCPNIFTY29JUL2411800PE.NFO,2024-05-09,14:03:00,2024-07-29,3.4,3.4,3.4,3.4,0,0,1
MIDCPNIFTY29JUL2411800PE.NFO,2024-05-09,14:04:00,2024-07-29,3.4,3.4,3.4,3.4,0,0,1
MIDCPNIFTY29JUL2411800PE.NFO,2024-05-09,14:05:00,2024-07-29,3.4,3.4,3.4,3.4,0,0,1
MIDCPNIFTY29JUL2411800PE.NFO,2024-05-09,14:06:00,2024-07-29,3.4,3.4,3.4,3.4,0,0,1
MIDCPNIFTY29JUL2411800PE.NFO,2024-05-09,14:07:00,2024-07-29,3.4,3.4,3.4,3.4,0,0,1
MIDCPNIFTY29JUL2411800PE.NFO,2024-05-09,14:08:00,2024-07-29,3.4,3.4,3.4,3.4,0,0,1
MIDCPNIFTY29JUL2411800PE.NFO,2024-05-09,14:09:00,2024-07-29,3.4,3.4,3.4,3.4,0,0,1
MIDCPNIFTY29JUL2411800PE.NFO,2024-05-09,14:10:00,2024-07-29,3.4,3.4,3.4,3.4,0,0,1
MIDCPNIFTY29JUL2411800PE.NFO,2024-05-09,14:11:00,2024-07-29,3.4,3.4,3.4,3.4,0,0,1
MIDCPNIFTY29JUL2411800PE.NFO,2024-05-09,14:12:00,2024-07-29,3.4,3.4,3.4,3.4,0,0,1
MIDCPNIFTY29JUL2411800PE.NFO,2024-05-09,14:13:00,2024-07-29,3.4,3.4,3.4,3.4,0,0,1
MIDCPNIFTY29JUL2411800PE.NFO,2024-05-09,14:14:00,2024-07-29,3.4,3.4,3.4,3.4,0,0,1
MIDCPNIFTY29JUL2411800PE.NFO,2024-05-09,14:15:00,2024-07-29,3.4,3.4,3.4,3.4,0,0,1
MIDCPNIFTY29JUL2411800PE.NFO,2024-05-09,14:16:00,2024-07-29,3.4,3.4,3.4,3.4,0,0,1
MIDCPNIFTY29JUL2411800PE.NFO,2024-05-09,14:17:00,2024-07-29,3.4,3.4,3.4,3.4,0,0,1
MIDCPNIFTY29JUL2411800PE.NFO,2024-05-09,14:18:00,2024-07-29,3.4,3.4,3.4,3.4,0,0,1
MIDCPNIFTY29JUL2411800PE.NFO,2024-05-09,14:19:00,2024-07-29,3.4,3.4,3.4,3.4,0,0,1
MIDCPNIFTY29JUL2411800PE.NFO,2024-05-09,14:20:00,2024-07-29,3.4,3.4,3.4,3.4,0,0,1
MIDCPNIFTY29JUL2411800PE.NFO,2024-05-09,14:21:00,2024-07-29,3.4,3.4,3.4,3.4,0,0,1
MIDCPNIFTY29JUL2411800PE.NFO,2024-05-09,14:22:00,2024-07-29,3.4,3.4,3.4,3.4,0,0,1
MIDCPNIFTY29JUL2411800PE.NFO,2024-05-09,14:23:00,2024-07-29,3.4,3.4,3.4,3.4,0,0,1
MIDCPNIFTY29JUL2411800PE.NFO,2024-05-09,14:24:00,2024-07-29,3.4,3.4,3.4,3.4,0,0,1
MIDCPNIFTY29JUL2411800PE.NFO,2024-05-09,14:25:00,2024-07-29,3.4,3.4,3.4,3.4,0,0,1
MIDCPNIFTY29JUL2411800PE.NFO,2024-05-09,14:26:00,2024-07-29,3.4,3.4,3.4,3.4,0,0,1
MIDCPNIFTY29JUL2411800PE.NFO,2024-05-09,14:27:00,2024-07-29,3.4,3.4,3.4,3.4,0,0,1
MIDCPNIFTY29JUL2411800PE.NFO,2024-05-09,14:28:00,2024-07-29,3.4,3.4,3.4,3.4,0,0,1
MIDCPNIFTY29JUL2411800PE.NFO,2024-05-09,14:29:00,2024-07-29,3.4,3.4,3.4,3.4,0,0,1
MIDCPNIFTY29JUL2411800PE.NFO,2024-05-09,14:30:00,2024-07-29,3.4,3.4,3.4,3.4,0,0,1
MIDCPNIFTY29JUL2411800PE.NFO,2024-05-09,14:31:00,2024-07-29,3.4,3.4,3.4,3.4,0,0,1
MIDCPNIFTY29JUL2411800PE.NFO,2024-05-09,14:32:00,2024-07-29,3.4,3.4,3.4,3.4,0,0,1
MIDCPNIFTY29JUL2411800PE.NFO,2024-05-09,14:33:00,2024-07-29,3.4,3.4,3.4,3.4,0,0,1
MIDCPNIFTY29JUL2411800PE.NFO,2024-05-09,14:34:00,2024-07-29,3.4,3.4,3.4,3.4,0,0,1
MIDCPNIFTY29JUL2411800PE.NFO,2024-05-09,14:35:00,2024-07-29,3.4,3.4,3.4,3.4,0,0,1
MIDCPNIFTY29JUL2411800PE.NFO,2024-05-09,14:36:00,2024-07-29,3.4,3.4,3.4,3.4,0,0,1
MIDCPNIFTY29JUL2411800PE.NFO,2024-05-09,14:37:00,2024-07-29,3.4,3.4,3.4,3.4,0,0,1
MIDCPNIFTY29JUL2411800PE.NFO,2024-05-09,14:38:00,2024-07-29,3.4,3.4,3.4,3.4,0,0,1
MIDCPNIFTY29JUL2411800PE.NFO,2024-05-09,14:39:00,2024-07-29,3.4,3.4,3.4,3.4,0,0,1
MIDCPNIFTY29JUL2411800PE.NFO,2024-05-09,14:40:00,2024-07-29,3.4,3.4,3.4,3.4,0,0,1
MIDCPNIFTY29JUL2411800PE.NFO,2024-05-09,14:41:00,2024-07-29,3.4,3.4,3.4,3.4,0,0,1
MIDCPNIFTY29JUL2411800PE.NFO,2024-05-09,14:42:00,2024-07-29,3.4,3.4,3.4,3.4,0,0,1
MIDCPNIFTY29JUL2411800PE.NFO,2024-05-09,14:43:00,2024-07-29,3.4,3.4,3.4,3.4,0,0,1
MIDCPNIFTY29JUL2411800PE.NFO,2024-05-09,14:44:00,2024-07-29,3.4,3.4,3.4,3.4,0,0,1
MIDCPNIFTY29JUL2411800PE.NFO,2024-05-09,14:45:00,2024-07-29,3.4,3.4,3.4,3.4,0,0,1
MIDCPNIFTY29JUL2411800PE.NFO,2024-05-09,14:46:00,2024-07-29,3.4,3.4,3.4,3.4,0,0,1
MIDCPNIFTY29JUL2411800PE.NFO,2024-05-09,14:47:00,2024-07-29,3.4,3.4,3.4,3.4,0,0,1
MIDCPNIFTY29JUL2411800PE.NFO,2024-05-09,14:48:00,2024-07-29,3.4,3.4,3.4,3.4,0,0,1
MIDCPNIFTY29JUL2411800PE.NFO,2024-05-09,14:49:00,2024-07-29,3.4,3.4,3.4,3.4,0,0,1
MIDCPNIFTY29JUL2411800PE.NFO,2024-05-09,14:50:00,2024-07-29,3.4,3.4,3.4,3.4,0,0,1
MIDCPNIFTY29JUL2411800PE.NFO,2024-05-09,14:51:00,2024-07-29,3.4,3.4,3.4,3.4,0,0,1
MIDCPNIFTY29JUL2411800PE.NFO,2024-05-09,14:52:00,2024-07-29,3.4,3.4,3.4,3.4,0,0,1
MIDCPNIFTY29JUL2411800PE.NFO,2024-05-09,14:53:00,2024-07-29,3.4,3.4,3.4,3.4,0,0,1
MIDCPNIFTY29JUL2411800PE.NFO,2024-05-09,14:54:00,2024-07-29,3.4,3.4,3.4,3.4,0,0,1
MIDCPNIFTY29JUL2411800PE.NFO,2024-05-09,14:55:00,2024-07-29,3.4,3.4,3.4,3.4,0,0,1
MIDCPNIFTY29JUL2411800PE.NFO,2024-05-09,14:56:00,2024-07-29,3.4,3.4,3.4,3.4,0,0,1
MIDCPNIFTY29JUL2411800PE.NFO,2024-05-09,14:57:00,2024-07-29,3.4,3.4,3.4,3.4,0,0,1
MIDCPNIFTY29JUL2411800PE.NFO,2024-05-09,14:58:00,2024-07-29,3.4,3.4,3.4,3.4,0,0,1
MIDCPNIFTY29JUL2411800PE.NFO,2024-05-09,14:59:00,2024-07-29,3.4,3.4,3.4,3.4,0,0,1
MIDCPNIFTY29JUL2411800PE.NFO,2024-05-09,15:00:00,2024-07-29,3.4,3.4,3.4,3.4,0,0,1
MIDCPNIFTY29JUL2411800PE.NFO,2024-05-09,15:01:00,2024-07-29,3.4,3.4,3.4,3.4,0,0,1
MIDCPNIFTY29JUL2411800PE.NFO,2024-05-09,15:02:00,2024-07-29,3.4,3.4,3.4,3.4,0,0,1
MIDCPNIFTY29JUL2411800PE.NFO,2024-05-09,15:03:00,2024-07-29,3.4,3.4,3.4,3.4,0,0,1
MIDCPNIFTY29JUL2411800PE.NFO,2024-05-09,15:04:00,2024-07-29,3.4,3.4,3.4,3.4,0,0,1
MIDCPNIFTY29JUL2411800PE.NFO,2024-05-09,15:05:00,2024-07-29,3.4,3.4,3.4,3.4,0,0,1
MIDCPNIFTY29JUL2411800PE.NFO,2024-05-09,15:06:00,2024-07-29,3.4,3.4,3.4,3.4,0,0,1
MIDCPNIFTY29JUL2411800PE.NFO,2024-05-09,15:07:00,2024-07-29,3.4,3.4,3.4,3.4,0,0,1
MIDCPNIFTY29JUL2411800PE.NFO,2024-05-09,15:08:00,2024-07-29,3.4,3.4,3.4,3.4,0,0,1
MIDCPNIFTY29JUL2411800PE.NFO,2024-05-09,15:09:00,2024-07-29,3.4,3.4,3.4,3.4,0,0,1
MIDCPNIFTY29JUL2411800PE.NFO,2024-05-09,15:10:00,2024-07-29,3.4,3.4,3.4,3.4,0,0,1
MIDCPNIFTY29JUL2411800PE.NFO,2024-05-09,15:11:00,2024-07-29,3.4,3.4,3.4,3.4,0,0,1
MIDCPNIFTY29JUL2411800PE.NFO,2024-05-09,15:12:00,2024-07-29,3.4,3.4,3.4,3.4,0,0,1
MIDCPNIFTY29JUL2411800PE.NFO,2024-05-09,15:13:00,2024-07-29,3.4,3.4,3.4,3.4,0,0,1
MIDCPNIFTY29JUL2411800PE.NFO,2024-05-09,15:14:00,2024-07-29,3.4,3.4,3.4,3.4,0,0,1
MIDCPNIFTY29JUL2411800PE.NFO,2024-05-09,15:15:00,2024-07-29,3.4,3.4,3.4,3.4,0,0,1
MIDCPNIFTY29JUL2411800PE.NFO,2024-05-09,15:16:00,2024-07-29,3.4,3.4,3.4,3.4,0,0,1
MIDCPNIFTY29JUL2411800PE.NFO,2024-05-09,15:17:00,2024-07-29,3.4,3.4,3.4,3.4,0,0,1
MIDCPNIFTY29JUL2411800PE.NFO,2024-05-09,15:18:00,2024-07-29,3.4,3.4,3.4,3.4,0,0,1
MIDCPNIFTY29JUL2411800PE.NFO,2024-05-09,15:19:00,2024-07-29,3.4,3.4,3.4,3.4,0,0,1
MIDCPNIFTY29JUL2411800PE.NFO,2024-05-09,15:20:00,2024-07-29,3.4,3.4,3.4,3.4,0,0,1
MIDCPNIFTY29JUL2411800PE.NFO,2024-05-09,15:21:00,2024-07-29,3.4,3.4,3.4,3.4,0,0,1
MIDCPNIFTY29JUL2411800PE.NFO,2024-05-09,15:22:00,2024-07-29,3.4,3.4,3.4,3.4,0,0,1
MIDCPNIFTY29JUL2411800PE.NFO,2024-05-09,15:23:00,2024-07-29,3.4,3.4,3.4,3.4,0,0,1
MIDCPNIFTY29JUL2411800PE.NFO,2024-05-09,15:24:00,2024-07-29,3.4,3.4,3.4,3.4,0,0,1
MIDCPNIFTY29JUL2411800PE.NFO,2024-05-09,15:25:00,2024-07-29,3.4,3.4,3.4,3.4,0,0,1
MIDCPNIFTY29JUL2411800PE.NFO,2024-05-09,15:26:00,2024-07-29,3.4,3.4,3.4,3.4,0,0,1
MIDCPNIFTY29JUL2411800PE.NFO,2024-05-09,15:27:00,2024-07-29,3.4,3.4,3.4,3.4,0,0,1
MIDCPNIFTY29JUL2411800PE.NFO,2024-05-09,15:28:00,2024-07-29,3.4,3.4,3.4,3.4,0,0,1
MIDCPNIFTY29JUL2411800PE.NFO,2024-05-09,15:29:00,2024-07-29,3.4,3.4,3.4,3.4,0,0,1
MIDCPNIFTY29JUL2411800PE.NFO,2024-05-09,15:30:00,2024-07-29,3.4,3.4,3.4,3.4,0,0,1
MIDCPNIFTY29JUL2411800PE.NFO,2024-05-10,09:15:00,2024-07-29,3.4,3.4,3.4,3.4,0,0,0
MIDCPNIFTY29JUL2411800PE.NFO,2024-05-10,09:16:00,2024-07-29,3.4,3.4,3.4,3.4,0,0,1
MIDCPNIFTY29JUL2411800PE.NFO,2024-05-10,09:17:00,2024-07-29,3.4,3.4,3.4,3.4,0,0,1
MIDCPNIFTY29JUL2411800PE.NFO,2024-05-10,09:18:00,2024-07-29,3.4,3.4,3.4,3.4,0,0,1
MIDCPNIFTY29JUL2411800PE.NFO,2024-05-10,09:19:00,2024-07-29,3.4,3.4,3.4,3.4,0,0,1
MIDCPNIFTY29JUL2411800PE.NFO,2024-05-10,09:20:00,2024-07-29,3.4,3.4,3.4,3.4,0,0,1
MIDCPNIFTY29JUL2411800PE.NFO,2024-05-10,09:21:00,2024-07-29,3.4,3.4,3.4,3.4,0,0,1
MIDCPNIFTY29JUL2411800PE.NFO,2024-05-10,09:22:00,2024-07-29,3.4,3.4,3.4,3.4,0,0,1
MIDCPNIFTY29JUL2411800PE.NFO,2024-05-10,09:23:00,2024-07-29,3.4,3.4,3.4,3.4,0,0,1
MIDCPNIFTY29JUL2411800PE.NFO,2024-05-10,09:24:00,2024-07-29,3.4,3.4,3.4,3.4,0,0,1
MIDCPNIFTY29JUL2411800PE.NFO,2024-05-10,09:25:00,2024-07-29,3.4,3.4,3.4,3.4,0,0,1
MIDCPNIFTY29JUL2411800PE.NFO,2024-05-10,09:26:00,2024-07-29,3.4,3.4,3.4,3.4,0,0,1
MIDCPNIFTY29JUL2411800PE.NFO,2024-05-10,09:27:00,2024-07-29,3.4,3.4,3.4,3.4,0,0,1
MIDCPNIFTY29JUL2411800PE.NFO,2024-05-10,09:28:00,2024-07-29,3.4,3.4,3.4,3.4,0,0,1
MIDCPNIFTY29JUL2411800PE.NFO,2024-05-10,09:29:00,2024-07-29,3.4,3.4,3.4,3.4,0,0,1
MIDCPNIFTY29JUL2411800PE.NFO,2024-05-10,09:30:00,2024-07-29,3.4,3.4,3.4,3.4,0,0,1
MIDCPNIFTY29JUL2411800PE.NFO,2024-05-10,09:31:00,2024-07-29,3.4,3.4,3.4,3.4,0,0,1
MIDCPNIFTY29JUL2411800PE.NFO,2024-05-10,09:32:00,2024-07-29,3.4,3.4,3.4,3.4,0,0,1
MIDCPNIFTY29JUL2411800PE.NFO,2024-05-10,09:33:00,2024-07-29,3.4,3.4,3.4,3.4,0,0,1
MIDCPNIFTY29JUL2411800PE.NFO,2024-05-10,09:34:00,2024-07-29,3.4,3.4,3.4,3.4,0,0,1
MIDCPNIFTY29JUL2411800PE.NFO,2024-05-10,09:35:00,2024-07-29,3.4,3.4,3.4,3.4,0,0,1
MIDCPNIFTY29JUL2411800PE.NFO,2024-05-10,09:36:00,2024-07-29,3.4,3.4,3.4,3.4,0,0,1
MIDCPNIFTY29JUL2411800PE.NFO,2024-05-10,09:37:00,2024-07-29,3.4,3.4,3.4,3.4,0,0,1
MIDCPNIFTY29JUL2411800PE.NFO,2024-05-10,09:38:00,2024-07-29,3.4,3.4,3.4,3.4,0,0,1
MIDCPNIFTY29JUL2411800PE.NFO,2024-05-10,09:39:00,2024-07-29,3.4,3.4,3.4,3.4,0,0,1
MIDCPNIFTY29JUL2411800PE.NFO,2024-05-10,09:40:00,2024-07-29,3.4,3.4,3.4,3.4,0,0,1
MIDCPNIFTY29JUL2411800PE.NFO,2024-05-10,09:41:00,2024-07-29,3.4,3.4,3.4,3.4,0,0,1
MIDCPNIFTY29JUL2411800PE.NFO,2024-05-10,09:42:00,2024-07-29,3.4,3.4,3.4,3.4,0,0,1
MIDCPNIFTY29JUL2411800PE.NFO,2024-05-10,09:43:00,2024-07-29,3.4,3.4,3.4,3.4,0,0,1
MIDCPNIFTY29JUL2411800PE.NFO,2024-05-10,09:44:00,2024-07-29,3.4,3.4,3.4,3.4,0,0,1
MIDCPNIFTY29JUL2411800PE.NFO,2024-05-10,09:45:00,2024-07-29,3.4,3.4,3.4,3.4,0,0,1
MIDCPNIFTY29JUL2411800PE.NFO,2024-05-10,09:46:00,2024-07-29,3.4,3.4,3.4,3.4,0,0,1
MIDCPNIFTY29JUL2411800PE.NFO,2024-05-10,09:47:00,2024-07-29,3.4,3.4,3.4,3.4,0,0,1
MIDCPNIFTY29JUL2411800PE.NFO,2024-05-10,09:48:00,2024-07-29,3.4,3.4,3.4,3.4,0,0,1
MIDCPNIFTY29JUL2411800PE.NFO,2024-05-10,09:49:00,2024-07-29,3.4,3.4,3.4,3.4,0,0,1
MIDCPNIFTY29JUL2411800PE.NFO,2024-05-10,09:50:00,2024-07-29,3.4,3.4,3.4,3.4,0,0,1
MIDCPNIFTY29JUL2411800PE.NFO,2024-05-10,09:51:00,2024-07-29,3.4,3.4,3.4,3.4,0,0,1
MIDCPNIFTY29JUL2411800PE.NFO,2024-05-10,09:52:00,2024-07-29,3.4,3.4,3.4,3.4,0,0,1
MIDCPNIFTY29JUL2411800PE.NFO,2024-05-10,09:53:00,2024-07-29,3.4,3.4,3.4,3.4,0,0,1
MIDCPNIFTY29JUL2411800PE.NFO,2024-05-10,09:54:00,2024-07-29,3.4,3.4,3.4,3.4,0,0,1
MIDCPNIFTY29JUL2411800PE.NFO,2024-05-10,09:55:00,2024-07-29,3.4,3.4,3.4,3.4,0,0,1
MIDCPNIFTY29JUL2411800PE.NFO,2024-05-10,09:56:00,2024-07-29,3.4,3.4,3.4,3.4,0,0,1
MIDCPNIFTY29JUL2411800PE.NFO,2024-05-10,09:57:00,2024-07-29,3.4,3.4,3.4,3.4,0,0,1
MIDCPNIFTY29JUL2411800PE.NFO,2024-05-10,09:58:00,2024-07-29,3.4,3.4,3.4,3.4,0,0,1
MIDCPNIFTY29JUL2411800PE.NFO,2024-05-10,09:59:00,2024-07-29,3.4,3.4,3.4,3.4,0,0,1
MIDCPNIFTY29JUL2411800PE.NFO,2024-05-10,10:00:00,2024-07-29,3.4,3.4,3.4,3.4,0,0,1
MIDCPNIFTY29JUL2411800PE.NFO,2024-05-10,10:01:00,2024-07-29,3.4,3.4,3.4,3.4,0,0,1
MIDCPNIFTY29JUL2411800PE.NFO,2024-05-10,10:02:00,2024-07-29,3.4,3.4,3.4,3.4,0,0,1
MIDCPNIFTY29JUL2411800PE.NFO,2024-05-10,10:03:00,2024-07-29,3.4,3.4,3.4,3.4,0,0,1
MIDCPNIFTY29JUL2411800PE.NFO,2024-05-10,10:04:00,2024-07-29,3.4,3.4,3.4,3.4,0,0,1
MIDCPNIFTY29JUL2411800PE.NFO,2024-05-10,10:05:00,2024-07-29,3.4,3.4,3.4,3.4,0,0,1
MIDCPNIFTY29JUL2411800PE.NFO,2024-05-10,10:06:00,2024-07-29,3.4,3.4,3.4,3.4,0,0,1
MIDCPNIFTY29JUL2411800PE.NFO,2024-05-10,10:07:00,2024-07-29,3.4,3.4,3.4,3.4,0,0,1
MIDCPNIFTY29JUL2411800PE.NFO,2024-05-10,10:08:00,2024-07-29,3.4,3.4,3.4,3.4,0,0,1
MIDCPNIFTY29JUL2411800PE.NFO,2024-05-10,10:09:00,2024-07-29,3.4,3.4,3.4,3.4,0,0,1
MIDCPNIFTY29JUL2411800PE.NFO,2024-05-10,10:10:00,2024-07-29,3.4,3.4,3.4,3.4,0,0,1
MIDCPNIFTY29JUL2411800PE.NFO,2024-05-10,10:11:00,2024-07-29,3.4,3.4,3.4,3.4,0,0,1
MIDCPNIFTY29JUL2411800PE.NFO,2024-05-10,10:12:00,2024-07-29,3.4,3.4,3.4,3.4,0,0,1
MIDCPNIFTY29JUL2411800PE.NFO,2024-05-10,10:13:00,2024-07-29,3.4,3.4,3.4,3.4,0,0,1
MIDCPNIFTY29JUL2411800PE.NFO,2024-05-10,10:14:00,2024-07-29,3.4,3.4,3.4,3.4,0,0,1
MIDCPNIFTY29JUL2411800PE.NFO,2024-05-10,10:15:00,2024-07-29,3.4,3.4,3.4,3.4,0,0,1
MIDCPNIFTY29JUL2411800PE.NFO,2024-05-10,10:16:00,2024-07-29,3.4,3.4,3.4,3.4,0,0,1
MIDCPNIFTY29JUL2411800PE.NFO,2024-05-10,10:17:00,2024-07-29,3.4,3.4,3.4,3.4,0,0,1
MIDCPNIFTY29JUL2411800PE.NFO,2024-05-10,10:18:00,2024-07-29,3.4,3.4,3.4,3.4,0,0,1
MIDCPNIFTY29JUL2411800PE.NFO,2024-05-10,10:19:00,2024-07-29,3.4,3.4,3.4,3.4,0,0,1
MIDCPNIFTY29JUL2411800PE.NFO,2024-05-10,10:20:00,2024-07-29,3.4,3.4,3.4,3.4,0,0,1
MIDCPNIFTY29JUL2411800PE.NFO,2024-05-10,10:21:00,2024-07-29,3.4,3.4,3.4,3.4,0,0,1
MIDCPNIFTY29JUL2411800PE.NFO,2024-05-10,10:22:00,2024-07-29,3.4,3.4,3.4,3.4,0,0,1
MIDCPNIFTY29JUL2411800PE.NFO,2024-05-10,10:23:00,2024-07-29,3.4,3.4,3.4,3.4,0,0,1
MIDCPNIFTY29JUL2411800PE.NFO,2024-05-10,10:24:00,2024-07-29,3.4,3.4,3.4,3.4,0,0,1
MIDCPNIFTY29JUL2411800PE.NFO,2024-05-10,10:25:00,2024-07-29,3.4,3.4,3.4,3.4,0,0,1
MIDCPNIFTY29JUL2411800PE.NFO,2024-05-10,10:26:00,2024-07-29,3.4,3.4,3.4,3.4,0,0,1
MIDCPNIFTY29JUL2411800PE.NFO,2024-05-10,10:27:00,2024-07-29,3.4,3.4,3.4,3.4,0,0,1
MIDCPNIFTY29JUL2411800PE.NFO,2024-05-10,10:28:00,2024-07-29,3.4,3.4,3.4,3.4,0,0,1
MIDCPNIFTY29JUL2411800PE.NFO,2024-05-10,10:29:00,2024-07-29,3.4,3.4,3.4,3.4,0,0,1
MIDCPNIFTY29JUL2411800PE.NFO,2024-05-10,10:30:00,2024-07-29,3.4,3.4,3.4,3.4,0,0,1
MIDCPNIFTY29JUL2411800PE.NFO,2024-05-10,10:31:00,2024-07-29,3.4,3.4,3.4,3.4,0,0,1
MIDCPNIFTY29JUL2411800PE.NFO,2024-05-10,10:32:00,2024-07-29,3.4,3.4,3.4,3.4,0,0,1
MIDCPNIFTY29JUL2411800PE.NFO,2024-05-10,10:33:00,2024-07-29,3.4,3.4,3.4,3.4,0,0,1
MIDCPNIFTY29JUL2411800PE.NFO,2024-05-10,10:34:00,2024-07-29,3.4,3.4,3.4,3.4,0,0,1
MIDCPNIFTY29JUL2411800PE.NFO,2024-05-10,10:35:00,2024-07-29,3.4,3.4,3.4,3.4,0,0,1
MIDCPNIFTY29JUL2411800PE.NFO,2024-05-10,10:36:00,2024-07-29,3.4,3.4,3.4,3.4,0,0,1
MIDCPNIFTY29JUL2411800PE.NFO,2024-05-10,10:37:00,2024-07-29,3.4,3.4,3.4,3.4,0,0,1
MIDCPNIFTY29JUL2411800PE.NFO,2024-05-10,10:38:00,2024-07-29,3.4,3.4,3.4,3.4,0,0,1
MIDCPNIFTY29JUL2411800PE.NFO,2024-05-10,10:39:00,2024-07-29,3.4,3.4,3.4,3.4,0,0,1
MIDCPNIFTY29JUL2411800PE.NFO,2024-05-10,10:40:00,2024-07-29,3.4,3.4,3.4,3.4,0,0,1
MIDCPNIFTY29JUL2411800PE.NFO,2024-05-10,10:41:00,2024-07-29,3.4,3.4,3.4,3.4,0,0,1
MIDCPNIFTY29JUL2411800PE.NFO,2024-05-10,10:42:00,2024-07-29,3.4,3.4,3.4,3.4,0,0,1
MIDCPNIFTY29JUL2411800PE.NFO,2024-05-10,10:43:00,2024-07-29,3.4,3.4,3.4,3.4,0,0,1
MIDCPNIFTY29JUL2411800PE.NFO,2024-05-10,10:44:00,2024-07-29,3.4,3.4,3.4,3.4,0,0,1
MIDCPNIFTY29JUL2411800PE.NFO,2024-05-10,10:45:00,2024-07-29,3.4,3.4,3.4,3.4,0,0,1
MIDCPNIFTY29JUL2411800PE.NFO,2024-05-10,10:46:00,2024-07-29,3.4,3.4,3.4,3.4,0,0,1
MIDCPNIFTY29JUL2411800PE.NFO,2024-05-10,10:47:00,2024-07-29,3.4,3.4,3.4,3.4,0,0,1
MIDCPNIFTY29JUL2411800PE.NFO,2024-05-10,10:48:00,2024-07-29,3.4,3.4,3.4,3.4,0,0,1
MIDCPNIFTY29JUL2411800PE.NFO,2024-05-10,10:49:00,2024-07-29,3.4,3.4,3.4,3.4,0,0,1
MIDCPNIFTY29JUL2411800PE.NFO,2024-05-10,10:50:00,2024-07-29,3.4,3.4,3.4,3.4,0,0,1
MIDCPNIFTY29JUL2411800PE.NFO,2024-05-10,10:51:00,2024-07-29,3.4,3.4,3.4,3.4,0,0,1
MIDCPNIFTY29JUL2411800PE.NFO,2024-05-10,10:52:00,2024-07-29,3.4,3.4,3.4,3.4,0,0,1
MIDCPNIFTY29JUL2411800PE.NFO,2024-05-10,10:53:00,2024-07-29,3.4,3.4,3.4,3.4,0,0,1
MIDCPNIFTY29JUL2411800PE.NFO,2024-05-10,10:54:00,2024-07-29,3.4,3.4,3.4,3.4,0,0,1
MIDCPNIFTY29JUL2411800PE.NFO,2024-05-10,10:55:00,2024-07-29,3.4,3.4,3.4,3.4,0,0,1
MIDCPNIFTY29JUL2411800PE.NFO,2024-05-10,10:56:00,2024-07-29,3.4,3.4,3.4,3.4,0,0,1
MIDCPNIFTY29JUL2411800PE.NFO,2024-05-10,10:57:00,2024-07-29,3.4,3.4,3.4,3.4,0,0,1
MIDCPNIFTY29JUL2411800PE.NFO,2024-05-10,10:58:00,2024-07-29,3.4,3.4,3.4,3.4,0,0,1
MIDCPNIFTY29JUL2411800PE.NFO,2024-05-10,10:59:00,2024-07-29,3.4,3.4,3.4,3.4,0,0,1
MIDCPNIFTY29JUL2411800PE.NFO,2024-05-10,11:00:00,2024-07-29,3.4,3.4,3.4,3.4,0,0,1
MIDCPNIFTY29JUL2411800PE.NFO,2024-05-10,11:01:00,2024-07-29,3.4,3.4,3.4,3.4,0,0,1
MIDCPNIFTY29JUL2411800PE.NFO,2024-05-10,11:02:00,2024-07-29,3.4,3.4,3.4,3.4,0,0,1
MIDCPNIFTY29JUL2411800PE.NFO,2024-05-10,11:03:00,2024-07-29,3.4,3.4,3.4,3.4,0,0,1
MIDCPNIFTY29JUL2411800PE.NFO,2024-05-10,11:04:00,2024-07-29,3.4,3.4,3.4,3.4,0,0,1
MIDCPNIFTY29JUL2411800PE.NFO,2024-05-10,11:05:00,2024-07-29,3.4,3.4,3.4,3.4,0,0,1
MIDCPNIFTY29JUL2411800PE.NFO,2024-05-10,11:06:00,2024-07-29,3.4,3.4,3.4,3.4,0,0,1
MIDCPNIFTY29JUL2411800PE.NFO,2024-05-10,11:07:00,2024-07-29,3.4,3.4,3.4,3.4,0,0,1
MIDCPNIFTY29JUL2411800PE.NFO,2024-05-10,11:08:00,2024-07-29,3.4,3.4,3.4,3.4,0,0,1
MIDCPNIFTY29JUL2411800PE.NFO,2024-05-10,11:09:00,2024-07-29,3.4,3.4,3.4,3.4,0,0,1
MIDCPNIFTY29JUL2411800PE.NFO,2024-05-10,11:10:00,2024-07-29,3.4,3.4,3.4,3.4,0,0,1
MIDCPNIFTY29JUL2411800PE.NFO,2024-05-10,11:11:00,2024-07-29,3.4,3.4,3.4,3.4,0,0,1
MIDCPNIFTY29JUL2411800PE.NFO,2024-05-10,11:12:00,2024-07-29,3.4,3.4,3.4,3.4,0,0,1
MIDCPNIFTY29JUL2411800PE.NFO,2024-05-10,11:13:00,2024-07-29,3.4,3.4,3.4,3.4,0,0,1
MIDCPNIFTY29JUL2411800PE.NFO,2024-05-10,11:14:00,2024-07-29,3.4,3.4,3.4,3.4,0,0,1
MIDCPNIFTY29JUL2411800PE.NFO,2024-05-10,11:15:00,2024-07-29,3.4,3.4,3.4,3.4,0,0,1
MIDCPNIFTY29JUL2411800PE.NFO,2024-05-10,11:16:00,2024-07-29,3.4,3.4,3.4,3.4,0,0,1
MIDCPNIFTY29JUL2411800PE.NFO,2024-05-10,11:17:00,2024-07-29,3.4,3.4,3.4,3.4,0,0,1
MIDCPNIFTY29JUL2411800PE.NFO,2024-05-10,11:18:00,2024-07-29,3.4,3.4,3.4,3.4,0,0,1
MIDCPNIFTY29JUL2411800PE.NFO,2024-05-10,11:19:00,2024-07-29,3.4,3.4,3.4,3.4,0,0,1
MIDCPNIFTY29JUL2411800PE.NFO,2024-05-10,11:20:00,2024-07-29,3.4,3.4,3.4,3.4,0,0,1
MIDCPNIFTY29JUL2411800PE.NFO,2024-05-10,11:21:00,2024-07-29,3.4,3.4,3.4,3.4,0,0,1
MIDCPNIFTY29JUL2411800PE.NFO,2024-05-10,11:22:00,2024-07-29,3.4,3.4,3.4,3.4,0,0,1
MIDCPNIFTY29JUL2411800PE.NFO,2024-05-10,11:23:00,2024-07-29,3.4,3.4,3.4,3.4,0,0,1
MIDCPNIFTY29JUL2411800PE.NFO,2024-05-10,11:24:00,2024-07-29,3.4,3.4,3.4,3.4,0,0,1
MIDCPNIFTY29JUL2411800PE.NFO,2024-05-10,11:25:00,2024-07-29,3.4,3.4,3.4,3.4,0,0,1
MIDCPNIFTY29JUL2411800PE.NFO,2024-05-10,11:26:00,2024-07-29,3.4,3.4,3.4,3.4,0,0,1
MIDCPNIFTY29JUL2411800PE.NFO,2024-05-10,11:27:00,2024-07-29,3.4,3.4,3.4,3.4,0,0,1
MIDCPNIFTY29JUL2411800PE.NFO,2024-05-10,11:28:00,2024-07-29,3.4,3.4,3.4,3.4,0,0,1
MIDCPNIFTY29JUL2411800PE.NFO,2024-05-10,11:29:00,2024-07-29,3.4,3.4,3.4,3.4,0,0,1
MIDCPNIFTY29JUL2411800PE.NFO,2024-05-10,11:30:00,2024-07-29,3.4,3.4,3.4,3.4,0,0,1
MIDCPNIFTY29JUL2411800PE.NFO,2024-05-10,11:31:00,2024-07-29,3.4,3.4,3.4,3.4,0,0,1
MIDCPNIFTY29JUL2411800PE.NFO,2024-05-10,11:32:00,2024-07-29,3.4,3.4,3.4,3.4,0,0,1
MIDCPNIFTY29JUL2411800PE.NFO,2024-05-10,11:33:00,2024-07-29,3.4,3.4,3.4,3.4,0,0,1
MIDCPNIFTY29JUL2411800PE.NFO,2024-05-10,11:34:00,2024-07-29,3.4,3.4,3.4,3.4,0,0,1
MIDCPNIFTY29JUL2411800PE.NFO,2024-05-10,11:35:00,2024-07-29,3.4,3.4,3.4,3.4,0,0,1
MIDCPNIFTY29JUL2411800PE.NFO,2024-05-10,11:36:00,2024-07-29,3.4,3.4,3.4,3.4,0,0,1
MIDCPNIFTY29JUL2411800PE.NFO,2024-05-10,11:37:00,2024-07-29,3.4,3.4,3.4,3.4,0,0,1
MIDCPNIFTY29JUL2411800PE.NFO,2024-05-10,11:38:00,2024-07-29,3.4,3.4,3.4,3.4,0,0,1
MIDCPNIFTY29JUL2411800PE.NFO,2024-05-10,11:39:00,2024-07-29,3.4,3.4,3.4,3.4,0,0,1
MIDCPNIFTY29JUL2411800PE.NFO,2024-05-10,11:40:00,2024-07-29,3.4,3.4,3.4,3.4,0,0,1
MIDCPNIFTY29JUL2411800PE.NFO,2024-05-10,11:41:00,2024-07-29,3.4,3.4,3.4,3.4,0,0,1
MIDCPNIFTY29JUL2411800PE.NFO,2024-05-10,11:42:00,2024-07-29,3.4,3.4,3.4,3.4,0,0,1
MIDCPNIFTY29JUL2411800PE.NFO,2024-05-10,11:43:00,2024-07-29,3.4,3.4,3.4,3.4,0,0,1
MIDCPNIFTY29JUL2411800PE.NFO,2024-05-10,11:44:00,2024-07-29,3.4,3.4,3.4,3.4,0,0,1
MIDCPNIFTY29JUL2411800PE.NFO,2024-05-10,11:45:00,2024-07-29,3.4,3.4,3.4,3.4,0,0,1
MIDCPNIFTY29JUL2411800PE.NFO,2024-05-10,11:46:00,2024-07-29,3.4,3.4,3.4,3.4,0,0,1
MIDCPNIFTY29JUL2411800PE.NFO,2024-05-10,11:47:00,2024-07-29,3.4,3.4,3.4,3.4,0,0,1
MIDCPNIFTY29JUL2411800PE.NFO,2024-05-10,11:48:00,2024-07-29,3.4,3.4,3.4,3.4,0,0,1
MIDCPNIFTY29JUL2411800PE.NFO,2024-05-10,11:49:00,2024-07-29,3.4,3.4,3.4,3.4,0,0,1
MIDCPNIFTY29JUL2411800PE.NFO,2024-05-10,11:50:00,2024-07-29,3.4,3.4,3.4,3.4,0,0,1
MIDCPNIFTY29JUL2411800PE.NFO,2024-05-10,11:51:00,2024-07-29,3.4,3.4,3.4,3.4,0,0,1
MIDCPNIFTY29JUL2411800PE.NFO,2024-05-10,11:52:00,2024-07-29,3.4,3.4,3.4,3.4,0,0,1
MIDCPNIFTY29JUL2411800PE.NFO,2024-05-10,11:53:00,2024-07-29,3.4,3.4,3.4,3.4,0,0,1
MIDCPNIFTY29JUL2411800PE.NFO,2024-05-10,11:54:00,2024-07-29,3.4,3.4,3.4,3.4,0,0,1
MIDCPNIFTY29JUL2411800PE.NFO,2024-05-10,11:55:00,2024-07-29,3.4,3.4,3.4,3.4,0,0,1
MIDCPNIFTY29JUL2411800PE.NFO,2024-05-10,11:56:00,2024-07-29,3.4,3.4,3.4,3.4,0,0,1
MIDCPNIFTY29JUL2411800PE.NFO,2024-05-10,11:57:00,2024-07-29,3.4,3.4,3.4,3.4,0,0,1
MIDCPNIFTY29JUL2411800PE.NFO,2024-05-10,11:58:00,2024-07-29,3.4,3.4,3.4,3.4,0,0,1
MIDCPNIFTY29JUL2411800PE.NFO,2024-05-10,11:59:00,2024-07-29,3.4,3.4,3.4,3.4,0,0,1
MIDCPNIFTY29JUL2411800PE.NFO,2024-05-10,12:00:00,2024-07-29,3.4,3.4,3.4,3.4,0,0,1
MIDCPNIFTY29JUL2411800PE.NFO,2024-05-10,12:01:00,2024-07-29,3.4,3.4,3.4,3.4,0,0,1
MIDCPNIFTY29JUL2411800PE.NFO,2024-05-10,12:02:00,2024-07-29,3.4,3.4,3.4,3.4,0,0,1
MIDCPNIFTY29JUL2411800PE.NFO,2024-05-10,12:03:00,2024-07-29,3.4,3.4,3.4,3.4,0,0,1
MIDCPNIFTY29JUL2411800PE.NFO,2024-05-10,12:04:00,2024-07-29,3.4,3.4,3.4,3.4,0,0,1
MIDCPNIFTY29JUL2411800PE.NFO,2024-05-10,12:05:00,2024-07-29,3.4,3.4,3.4,3.4,0,0,1
MIDCPNIFTY29JUL2411800PE.NFO,2024-05-10,12:06:00,2024-07-29,3.4,3.4,3.4,3.4,0,0,1
MIDCPNIFTY29JUL2411800PE.NFO,2024-05-10,12:07:00,2024-07-29,3.4,3.4,3.4,3.4,0,0,1
MIDCPNIFTY29JUL2411800PE.NFO,2024-05-10,12:08:00,2024-07-29,3.4,3.4,3.4,3.4,0,0,1
MIDCPNIFTY29JUL2411800PE.NFO,2024-05-10,12:09:00,2024-07-29,3.4,3.4,3.4,3.4,0,0,1
MIDCPNIFTY29JUL2411800PE.NFO,2024-05-10,12:10:00,2024-07-29,3.4,3.4,3.4,3.4,0,0,1
MIDCPNIFTY29JUL2411800PE.NFO,2024-05-10,12:11:00,2024-07-29,3.4,3.4,3.4,3.4,0,0,1
MIDCPNIFTY29JUL2411800PE.NFO,2024-05-10,12:12:00,2024-07-29,3.4,3.4,3.4,3.4,0,0,1
MIDCPNIFTY29JUL2411800PE.NFO,2024-05-10,12:13:00,2024-07-29,3.4,3.4,3.4,3.4,0,0,1
MIDCPNIFTY29JUL2411800PE.NFO,2024-05-10,12:14:00,2024-07-29,3.4,3.4,3.4,3.4,0,0,1
MIDCPNIFTY29JUL2411800PE.NFO,2024-05-10,12:15:00,2024-07-29,3.4,3.4,3.4,3.4,0,0,1
MIDCPNIFTY29JUL2411800PE.NFO,2024-05-10,12:16:00,2024-07-29,3.4,3.4,3.4,3.4,0,0,1
MIDCPNIFTY29JUL2411800PE.NFO,2024-05-10,12:17:00,2024-07-29,3.4,3.4,3.4,3.4,0,0,1
MIDCPNIFTY29JUL2411800PE.NFO,2024-05-10,12:18:00,2024-07-29,3.4,3.4,3.4,3.4,0,0,1
MIDCPNIFTY29JUL2411800PE.NFO,2024-05-10,12:19:00,2024-07-29,3.4,3.4,3.4,3.4,0,0,1
MIDCPNIFTY29JUL2411800PE.NFO,2024-05-10,12:20:00,2024-07-29,3.4,3.4,3.4,3.4,0,0,1
MIDCPNIFTY29JUL2411800PE.NFO,2024-05-10,12:21:00,2024-07-29,3.4,3.4,3.4,3.4,0,0,1
MIDCPNIFTY29JUL2411800PE.NFO,2024-05-10,12:22:00,2024-07-29,3.4,3.4,3.4,3.4,0,0,1
MIDCPNIFTY29JUL2411800PE.NFO,2024-05-10,12:23:00,2024-07-29,3.4,3.4,3.4,3.4,0,0,1
MIDCPNIFTY29JUL2411800PE.NFO,2024-05-10,12:24:00,2024-07-29,3.4,3.4,3.4,3.4,0,0,1
MIDCPNIFTY29JUL2411800PE.NFO,2024-05-10,12:25:00,2024-07-29,3.4,3.4,3.4,3.4,0,0,1
MIDCPNIFTY29JUL2411800PE.NFO,2024-05-10,12:26:00,2024-07-29,3.4,3.4,3.4,3.4,0,0,1
MIDCPNIFTY29JUL2411800PE.NFO,2024-05-10,12:27:00,2024-07-29,3.4,3.4,3.4,3.4,0,0,1
MIDCPNIFTY29JUL2411800PE.NFO,2024-05-10,12:28:00,2024-07-29,3.4,3.4,3.4,3.4,0,0,1
MIDCPNIFTY29JUL2411800PE.NFO,2024-05-10,12:29:00,2024-07-29,3.4,3.4,3.4,3.4,0,0,1
MIDCPNIFTY29JUL2411800PE.NFO,2024-05-10,12:30:00,2024-07-29,3.4,3.4,3.4,3.4,0,0,1
MIDCPNIFTY29JUL2411800PE.NFO,2024-05-10,12:31:00,2024-07-29,3.4,3.4,3.4,3.4,0,0,1
MIDCPNIFTY29JUL2411800PE.NFO,2024-05-10,12:32:00,2024-07-29,3.4,3.4,3.4,3.4,0,0,1
MIDCPNIFTY29JUL2411800PE.NFO,2024-05-10,12:33:00,2024-07-29,3.4,3.4,3.4,3.4,0,0,1
MIDCPNIFTY29JUL2411800PE.NFO,2024-05-10,12:34:00,2024-07-29,3.4,3.4,3.4,3.4,0,0,1
MIDCPNIFTY29JUL2411800PE.NFO,2024-05-10,12:35:00,2024-07-29,3.4,3.4,3.4,3.4,0,0,1
MIDCPNIFTY29JUL2411800PE.NFO,2024-05-10,12:36:00,2024-07-29,3.4,3.4,3.4,3.4,0,0,1
MIDCPNIFTY29JUL2411800PE.NFO,2024-05-10,12:37:00,2024-07-29,3.4,3.4,3.4,3.4,0,0,1
MIDCPNIFTY29JUL2411800PE.NFO,2024-05-10,12:38:00,2024-07-29,3.4,3.4,3.4,3.4,0,0,1
MIDCPNIFTY29JUL2411800PE.NFO,2024-05-10,12:39:00,2024-07-29,3.4,3.4,3.4,3.4,0,0,1
MIDCPNIFTY29JUL2411800PE.NFO,2024-05-10,12:40:00,2024-07-29,3.4,3.4,3.4,3.4,0,0,1
MIDCPNIFTY29JUL2411800PE.NFO,2024-05-10,12:41:00,2024-07-29,3.4,3.4,3.4,3.4,0,0,1
MIDCPNIFTY29JUL2411800PE.NFO,2024-05-10,12:42:00,2024-07-29,3.4,3.4,3.4,3.4,0,0,1
MIDCPNIFTY29JUL2411800PE.NFO,2024-05-10,12:43:00,2024-07-29,3.4,3.4,3.4,3.4,0,0,1
MIDCPNIFTY29JUL2411800PE.NFO,2024-05-10,12:44:00,2024-07-29,3.4,3.4,3.4,3.4,0,0,1
MIDCPNIFTY29JUL2411800PE.NFO,2024-05-10,12:45:00,2024-07-29,3.4,3.4,3.4,3.4,0,0,1
MIDCPNIFTY29JUL2411800PE.NFO,2024-05-10,12:46:00,2024-07-29,3.4,3.4,3.4,3.4,0,0,1
MIDCPNIFTY29JUL2411800PE.NFO,2024-05-10,12:47:00,2024-07-29,3.4,3.4,3.4,3.4,0,0,1
MIDCPNIFTY29JUL2411800PE.NFO,2024-05-10,12:48:00,2024-07-29,3.4,3.4,3.4,3.4,0,0,1
MIDCPNIFTY29JUL2411800PE.NFO,2024-05-10,12:49:00,2024-07-29,3.4,3.4,3.4,3.4,0,0,1
MIDCPNIFTY29JUL2411800PE.NFO,2024-05-10,12:50:00,2024-07-29,3.4,3.4,3.4,3.4,0,0,1
MIDCPNIFTY29JUL2411800PE.NFO,2024-05-10,12:51:00,2024-07-29,3.4,3.4,3.4,3.4,0,0,1
MIDCPNIFTY29JUL2411800PE.NFO,2024-05-10,12:52:00,2024-07-29,3.4,3.4,3.4,3.4,0,0,1
MIDCPNIFTY29JUL2411800PE.NFO,2024-05-10,12:53:00,2024-07-29,3.4,3.4,3.4,3.4,0,0,1
MIDCPNIFTY29JUL2411800PE.NFO,2024-05-10,12:54:00,2024-07-29,3.4,3.4,3.4,3.4,0,0,1
MIDCPNIFTY29JUL2411800PE.NFO,2024-05-10,12:55:00,2024-07-29,3.4,3.4,3.4,3.4,0,0,1
MIDCPNIFTY29JUL2411800PE.NFO,2024-05-10,12:56:00,2024-07-29,3.4,3.4,3.4,3.4,0,0,1
MIDCPNIFTY29JUL2411800PE.NFO,2024-05-10,12:57:00,2024-07-29,3.4,3.4,3.4,3.4,0,0,1
MIDCPNIFTY29JUL2411800PE.NFO,2024-05-10,12:58:00,2024-07-29,3.4,3.4,3.4,3.4,0,0,1
MIDCPNIFTY29JUL2411800PE.NFO,2024-05-10,12:59:00,2024-07-29,3.4,3.4,3.4,3.4,0,0,1
MIDCPNIFTY29JUL2411800PE.NFO,2024-05-10,13:00:00,2024-07-29,3.4,3.4,3.4,3.4,0,0,1
MIDCPNIFTY29JUL2411800PE.NFO,2024-05-10,13:01:00,2024-07-29,3.4,3.4,3.4,3.4,0,0,1
MIDCPNIFTY29JUL2411800PE.NFO,2024-05-10,13:02:00,2024-07-29,3.4,3.4,3.4,3.4,0,0,1
MIDCPNIFTY29JUL2411800PE.NFO,2024-05-10,13:03:00,2024-07-29,3.4,3.4,3.4,3.4,0,0,1
MIDCPNIFTY29JUL2411800PE.NFO,2024-05-10,13:04:00,2024-07-29,3.4,3.4,3.4,3.4,0,0,1
MIDCPNIFTY29JUL2411800PE.NFO,2024-05-10,13:05:00,2024-07-29,3.4,3.4,3.4,3.4,0,0,1
MIDCPNIFTY29JUL2411800PE.NFO,2024-05-10,13:06:00,2024-07-29,3.4,3.4,3.4,3.4,0,0,1
MIDCPNIFTY29JUL2411800PE.NFO,2024-05-10,13:07:00,2024-07-29,3.4,3.4,3.4,3.4,0,0,1
MIDCPNIFTY29JUL2411800PE.NFO,2024-05-10,13:08:00,2024-07-29,3.4,3.4,3.4,3.4,0,0,1
MIDCPNIFTY29JUL2411800PE.NFO,2024-05-10,13:09:00,2024-07-29,3.4,3.4,3.4,3.4,0,0,1
MIDCPNIFTY29JUL2411800PE.NFO,2024-05-10,13:10:00,2024-07-29,3.4,3.4,3.4,3.4,0,0,1
MIDCPNIFTY29JUL2411800PE.NFO,2024-05-10,13:11:00,2024-07-29,3.4,3.4,3.4,3.4,0,0,1
MIDCPNIFTY29JUL2411800PE.NFO,2024-05-10,13:12:00,2024-07-29,3.4,3.4,3.4,3.4,0,0,1
MIDCPNIFTY29JUL2411800PE.NFO,2024-05-10,13:13:00,2024-07-29,3.4,3.4,3.4,3.4,0,0,1
MIDCPNIFTY29JUL2411800PE.NFO,2024-05-10,13:14:00,2024-07-29,3.4,3.4,3.4,3.4,0,0,1
MIDCPNIFTY29JUL2411800PE.NFO,2024-05-10,13:15:00,2024-07-29,3.4,3.4,3.4,3.4,0,0,1
MIDCPNIFTY29JUL2411800PE.NFO,2024-05-10,13:16:00,2024-07-29,3.4,3.4,3.4,3.4,0,0,1
MIDCPNIFTY29JUL2411800PE.NFO,2024-05-10,13:17:00,2024-07-29,3.4,3.4,3.4,3.4,0,0,1
MIDCPNIFTY29JUL2411800PE.NFO,2024-05-10,13:18:00,2024-07-29,3.4,3.4,3.4,3.4,0,0,1
MIDCPNIFTY29JUL2411800PE.NFO,2024-05-10,13:19:00,2024-07-29,3.4,3.4,3.4,3.4,0,0,1
MIDCPNIFTY29JUL2411800PE.NFO,2024-05-10,13:20:00,2024-07-29,3.4,3.4,3.4,3.4,0,0,1
MIDCPNIFTY29JUL2411800PE.NFO,2024-05-10,13:21:00,2024-07-29,3.4,3.4,3.4,3.4,0,0,1
MIDCPNIFTY29JUL2411800PE.NFO,2024-05-10,13:22:00,2024-07-29,3.4,3.4,3.4,3.4,0,0,1
MIDCPNIFTY29JUL2411800PE.NFO,2024-05-10,13:23:00,2024-07-29,3.4,3.4,3.4,3.4,0,0,1
MIDCPNIFTY29JUL2411800PE.NFO,2024-05-10,13:24:00,2024-07-29,3.4,3.4,3.4,3.4,0,0,1
MIDCPNIFTY29JUL2411800PE.NFO,2024-05-10,13:25:00,2024-07-29,3.4,3.4,3.4,3.4,0,0,1
MIDCPNIFTY29JUL2411800PE.NFO,2024-05-10,13:26:00,2024-07-29,3.4,3.4,3.4,3.4,0,0,1
MIDCPNIFTY29JUL2411800PE.NFO,2024-05-10,13:27:00,2024-07-29,3.4,3.4,3.4,3.4,0,0,1
MIDCPNIFTY29JUL2411800PE.NFO,2024-05-10,13:28:00,2024-07-29,3.4,3.4,3.4,3.4,0,0,1
MIDCPNIFTY29JUL2411800PE.NFO,2024-05-10,13:29:00,2024-07-29,3.4,3.4,3.4,3.4,0,0,1
MIDCPNIFTY29JUL2411800PE.NFO,2024-05-10,13:30:00,2024-07-29,3.4,3.4,3.4,3.4,0,0,1
MIDCPNIFTY29JUL2411800PE.NFO,2024-05-10,13:31:00,2024-07-29,3.4,3.4,3.4,3.4,0,0,1
MIDCPNIFTY29JUL2411800PE.NFO,2024-05-10,13:32:00,2024-07-29,3.4,3.4,3.4,3.4,0,0,1
MIDCPNIFTY29JUL2411800PE.NFO,2024-05-10,13:33:00,2024-07-29,3.4,3.4,3.4,3.4,0,0,1
MIDCPNIFTY29JUL2411800PE.NFO,2024-05-10,13:34:00,2024-07-29,3.4,3.4,3.4,3.4,0,0,1
MIDCPNIFTY29JUL2411800PE.NFO,2024-05-10,13:35:00,2024-07-29,3.4,3.4,3.4,3.4,0,0,1
MIDCPNIFTY29JUL2411800PE.NFO,2024-05-10,13:36:00,2024-07-29,3.4,3.4,3.4,3.4,0,0,1
MIDCPNIFTY29JUL2411800PE.NFO,2024-05-10,13:37:00,2024-07-29,3.4,3.4,3.4,3.4,0,0,1
MIDCPNIFTY29JUL2411800PE.NFO,2024-05-10,13:38:00,2024-07-29,3.4,3.4,3.4,3.4,0,0,1
MIDCPNIFTY29JUL2411800PE.NFO,2024-05-10,13:39:00,2024-07-29,3.4,3.4,3.4,3.4,0,0,1
MIDCPNIFTY29JUL2411800PE.NFO,2024-05-10,13:40:00,2024-07-29,3.4,3.4,3.4,3.4,0,0,1
MIDCPNIFTY29JUL2411800PE.NFO,2024-05-10,13:41:00,2024-07-29,3.4,3.4,3.4,3.4,0,0,1
MIDCPNIFTY29JUL2411800PE.NFO,2024-05-10,13:42:00,2024-07-29,3.4,3.4,3.4,3.4,0,0,1
MIDCPNIFTY29JUL2411800PE.NFO,2024-05-10,13:43:00,2024-07-29,3.4,3.4,3.4,3.4,0,0,1
MIDCPNIFTY29JUL2411800PE.NFO,2024-05-10,13:44:00,2024-07-29,3.4,3.4,3.4,3.4,0,0,1
MIDCPNIFTY29JUL2411800PE.NFO,2024-05-10,13:45:00,2024-07-29,3.4,3.4,3.4,3.4,0,0,1
MIDCPNIFTY29JUL2411800PE.NFO,2024-05-10,13:46:00,2024-07-29,3.4,3.4,3.4,3.4,0,0,1
MIDCPNIFTY29JUL2411800PE.NFO,2024-05-10,13:47:00,2024-07-29,3.4,3.4,3.4,3.4,0,0,1
MIDCPNIFTY29JUL2411800PE.NFO,2024-05-10,13:48:00,2024-07-29,3.4,3.4,3.4,3.4,0,0,1
MIDCPNIFTY29JUL2411800PE.NFO,2024-05-10,13:49:00,2024-07-29,3.4,3.4,3.4,3.4,0,0,1
MIDCPNIFTY29JUL2411800PE.NFO,2024-05-10,13:50:00,2024-07-29,3.4,3.4,3.4,3.4,0,0,1
MIDCPNIFTY29JUL2411800PE.NFO,2024-05-10,13:51:00,2024-07-29,3.4,3.4,3.4,3.4,0,0,1
MIDCPNIFTY29JUL2411800PE.NFO,2024-05-10,13:52:00,2024-07-29,3.4,3.4,3.4,3.4,0,0,1
MIDCPNIFTY29JUL2411800PE.NFO,2024-05-10,13:53:00,2024-07-29,3.4,3.4,3.4,3.4,0,0,1
MIDCPNIFTY29JUL2411800PE.NFO,2024-05-10,13:54:00,2024-07-29,3.4,3.4,3.4,3.4,0,0,1
MIDCPNIFTY29JUL2411800PE.NFO,2024-05-10,13:55:00,2024-07-29,3.4,3.4,3.4,3.4,0,0,1
MIDCPNIFTY29JUL2411800PE.NFO,2024-05-10,13:56:00,2024-07-29,3.4,3.4,3.4,3.4,0,0,1
MIDCPNIFTY29JUL2411800PE.NFO,2024-05-10,13:57:00,2024-07-29,3.4,3.4,3.4,3.4,0,0,1
MIDCPNIFTY29JUL2411800PE.NFO,2024-05-10,13:58:00,2024-07-29,3.4,3.4,3.4,3.4,0,0,1
MIDCPNIFTY29JUL2411800PE.NFO,2024-05-10,13:59:00,2024-07-29,3.4,3.4,3.4,3.4,0,0,1
MIDCPNIFTY29JUL2411800PE.NFO,2024-05-10,14:00:00,2024-07-29,3.4,3.4,3.4,3.4,0,0,1
MIDCPNIFTY29JUL2411800PE.NFO,2024-05-10,14:01:00,2024-07-29,3.4,3.4,3.4,3.4,0,0,1
MIDCPNIFTY29JUL2411800PE.NFO,2024-05-10,14:02:00,2024-07-29,3.4,3.4,3.4,3.4,0,0,1
MIDCPNIFTY29JUL2411800PE.NFO,2024-05-10,14:03:00,2024-07-29,3.4,3.4,3.4,3.4,0,0,1
MIDCPNIFTY29JUL2411800PE.NFO,2024-05-10,14:04:00,2024-07-29,3.4,3.4,3.4,3.4,0,0,1
MIDCPNIFTY29JUL2411800PE.NFO,2024-05-10,14:05:00,2024-07-29,3.4,3.4,3.4,3.4,0,0,1
MIDCPNIFTY29JUL2411800PE.NFO,2024-05-10,14:06:00,2024-07-29,3.4,3.4,3.4,3.4,0,0,1
MIDCPNIFTY29JUL2411800PE.NFO,2024-05-10,14:07:00,2024-07-29,3.4,3.4,3.4,3.4,0,0,1
MIDCPNIFTY29JUL2411800PE.NFO,2024-05-10,14:08:00,2024-07-29,3.4,3.4,3.4,3.4,0,0,1
MIDCPNIFTY29JUL2411800PE.NFO,2024-05-10,14:09:00,2024-07-29,3.4,3.4,3.4,3.4,0,0,1
MIDCPNIFTY29JUL2411800PE.NFO,2024-05-10,14:10:00,2024-07-29,3.4,3.4,3.4,3.4,0,0,1
MIDCPNIFTY29JUL2411800PE.NFO,2024-05-10,14:11:00,2024-07-29,3.4,3.4,3.4,3.4,0,0,1
MIDCPNIFTY29JUL2411800PE.NFO,2024-05-10,14:12:00,2024-07-29,3.4,3.4,3.4,3.4,0,0,1
MIDCPNIFTY29JUL2411800PE.NFO,2024-05-10,14:13:00,2024-07-29,3.4,3.4,3.4,3.4,0,0,1
MIDCPNIFTY29JUL2411800PE.NFO,2024-05-10,14:14:00,2024-07-29,3.4,3.4,3.4,3.4,0,0,1
MIDCPNIFTY29JUL2411800PE.NFO,2024-05-10,14:15:00,2024-07-29,3.4,3.4,3.4,3.4,0,0,1
MIDCPNIFTY29JUL2411800PE.NFO,2024-05-10,14:16:00,2024-07-29,3.4,3.4,3.4,3.4,0,0,1
MIDCPNIFTY29JUL2411800PE.NFO,2024-05-10,14:17:00,2024-07-29,3.4,3.4,3.4,3.4,0,0,1
MIDCPNIFTY29JUL2411800PE.NFO,2024-05-10,14:18:00,2024-07-29,3.4,3.4,3.4,3.4,0,0,1
MIDCPNIFTY29JUL2411800PE.NFO,2024-05-10,14:19:00,2024-07-29,3.4,3.4,3.4,3.4,0,0,1
MIDCPNIFTY29JUL2411800PE.NFO,2024-05-10,14:20:00,2024-07-29,3.4,3.4,3.4,3.4,0,0,1
MIDCPNIFTY29JUL2411800PE.NFO,2024-05-10,14:21:00,2024-07-29,3.4,3.4,3.4,3.4,0,0,1
MIDCPNIFTY29JUL2411800PE.NFO,2024-05-10,14:22:00,2024-07-29,3.4,3.4,3.4,3.4,0,0,1
MIDCPNIFTY29JUL2411800PE.NFO,2024-05-10,14:23:00,2024-07-29,3.4,3.4,3.4,3.4,0,0,1
MIDCPNIFTY29JUL2411800PE.NFO,2024-05-10,14:24:00,2024-07-29,3.4,3.4,3.4,3.4,0,0,1
MIDCPNIFTY29JUL2411800PE.NFO,2024-05-10,14:25:00,2024-07-29,3.4,3.4,3.4,3.4,0,0,1
MIDCPNIFTY29JUL2411800PE.NFO,2024-05-10,14:26:00,2024-07-29,3.4,3.4,3.4,3.4,0,0,1
MIDCPNIFTY29JUL2411800PE.NFO,2024-05-10,14:27:00,2024-07-29,3.4,3.4,3.4,3.4,0,0,1
MIDCPNIFTY29JUL2411800PE.NFO,2024-05-10,14:28:00,2024-07-29,3.4,3.4,3.4,3.4,0,0,1
MIDCPNIFTY29JUL2411800PE.NFO,2024-05-10,14:29:00,2024-07-29,3.4,3.4,3.4,3.4,0,0,1
MIDCPNIFTY29JUL2411800PE.NFO,2024-05-10,14:30:00,2024-07-29,3.4,3.4,3.4,3.4,0,0,1
MIDCPNIFTY29JUL2411800PE.NFO,2024-05-10,14:31:00,2024-07-29,3.4,3.4,3.4,3.4,0,0,1
MIDCPNIFTY29JUL2411800PE.NFO,2024-05-10,14:32:00,2024-07-29,3.4,3.4,3.4,3.4,0,0,1
MIDCPNIFTY29JUL2411800PE.NFO,2024-05-10,14:33:00,2024-07-29,3.4,3.4,3.4,3.4,0,0,1
MIDCPNIFTY29JUL2411800PE.NFO,2024-05-10,14:34:00,2024-07-29,3.4,3.4,3.4,3.4,0,0,1
MIDCPNIFTY29JUL2411800PE.NFO,2024-05-10,14:35:00,2024-07-29,3.4,3.4,3.4,3.4,0,0,1
MIDCPNIFTY29JUL2411800PE.NFO,2024-05-10,14:36:00,2024-07-29,3.4,3.4,3.4,3.4,0,0,1
MIDCPNIFTY29JUL2411800PE.NFO,2024-05-10,14:37:00,2024-07-29,3.4,3.4,3.4,3.4,0,0,1
MIDCPNIFTY29JUL2411800PE.NFO,2024-05-10,14:38:00,2024-07-29,3.4,3.4,3.4,3.4,0,0,1
MIDCPNIFTY29JUL2411800PE.NFO,2024-05-10,14:39:00,2024-07-29,3.4,3.4,3.4,3.4,0,0,1
MIDCPNIFTY29JUL2411800PE.NFO,2024-05-10,14:40:00,2024-07-29,3.4,3.4,3.4,3.4,0,0,1
MIDCPNIFTY29JUL2411800PE.NFO,2024-05-10,14:41:00,2024-07-29,3.4,3.4,3.4,3.4,0,0,1
MIDCPNIFTY29JUL2411800PE.NFO,2024-05-10,14:42:00,2024-07-29,3.4,3.4,3.4,3.4,0,0,1
MIDCPNIFTY29JUL2411800PE.NFO,2024-05-10,14:43:00,2024-07-29,3.4,3.4,3.4,3.4,0,0,1
MIDCPNIFTY29JUL2411800PE.NFO,2024-05-10,14:44:00,2024-07-29,3.4,3.4,3.4,3.4,0,0,1
MIDCPNIFTY29JUL2411800PE.NFO,2024-05-10,14:45:00,2024-07-29,3.4,3.4,3.4,3.4,0,0,1
MIDCPNIFTY29JUL2411800PE.NFO,2024-05-10,14:46:00,2024-07-29,3.4,3.4,3.4,3.4,0,0,1
MIDCPNIFTY29JUL2411800PE.NFO,2024-05-10,14:47:00,2024-07-29,3.4,3.4,3.4,3.4,0,0,1
MIDCPNIFTY29JUL2411800PE.NFO,2024-05-10,14:48:00,2024-07-29,3.4,3.4,3.4,3.4,0,0,1
MIDCPNIFTY29JUL2411800PE.NFO,2024-05-10,14:49:00,2024-07-29,3.4,3.4,3.4,3.4,0,0,1
MIDCPNIFTY29JUL2411800PE.NFO,2024-05-10,14:50:00,2024-07-29,3.4,3.4,3.4,3.4,0,0,1
MIDCPNIFTY29JUL2411800PE.NFO,2024-05-10,14:51:00,2024-07-29,3.4,3.4,3.4,3.4,0,0,1
MIDCPNIFTY29JUL2411800PE.NFO,2024-05-10,14:52:00,2024-07-29,3.4,3.4,3.4,3.4,0,0,1
MIDCPNIFTY29JUL2411800PE.NFO,2024-05-10,14:53:00,2024-07-29,3.4,3.4,3.4,3.4,0,0,1
MIDCPNIFTY29JUL2411800PE.NFO,2024-05-10,14:54:00,2024-07-29,3.4,3.4,3.4,3.4,0,0,1
MIDCPNIFTY29JUL2411800PE.NFO,2024-05-10,14:55:00,2024-07-29,3.4,3.4,3.4,3.4,0,0,1
MIDCPNIFTY29JUL2411800PE.NFO,2024-05-10,14:56:00,2024-07-29,3.4,3.4,3.4,3.4,0,0,1
MIDCPNIFTY29JUL2411800PE.NFO,2024-05-10,14:57:00,2024-07-29,3.4,3.4,3.4,3.4,0,0,1
MIDCPNIFTY29JUL2411800PE.NFO,2024-05-10,14:58:00,2024-07-29,3.4,3.4,3.4,3.4,0,0,1
MIDCPNIFTY29JUL2411800PE.NFO,2024-05-10,14:59:00,2024-07-29,3.4,3.4,3.4,3.4,0,0,1
MIDCPNIFTY29JUL2411800PE.NFO,2024-05-10,15:00:00,2024-07-29,3.4,3.4,3.4,3.4,0,0,1
MIDCPNIFTY29JUL2411800PE.NFO,2024-05-10,15:01:00,2024-07-29,3.4,3.4,3.4,3.4,0,0,1
MIDCPNIFTY29JUL2411800PE.NFO,2024-05-10,15:02:00,2024-07-29,3.4,3.4,3.4,3.4,0,0,1
MIDCPNIFTY29JUL2411800PE.NFO,2024-05-10,15:03:00,2024-07-29,3.4,3.4,3.4,3.4,0,0,1
MIDCPNIFTY29JUL2411800PE.NFO,2024-05-10,15:04:00,2024-07-29,3.4,3.4,3.4,3.4,0,0,1
MIDCPNIFTY29JUL2411800PE.NFO,2024-05-10,15:05:00,2024-07-29,3.4,3.4,3.4,3.4,0,0,1
MIDCPNIFTY29JUL2411800PE.NFO,2024-05-10,15:06:00,2024-07-29,3.4,3.4,3.4,3.4,0,0,1
MIDCPNIFTY29JUL2411800PE.NFO,2024-05-10,15:07:00,2024-07-29,3.4,3.4,3.4,3.4,0,0,1
MIDCPNIFTY29JUL2411800PE.NFO,2024-05-10,15:08:00,2024-07-29,3.4,3.4,3.4,3.4,0,0,1
MIDCPNIFTY29JUL2411800PE.NFO,2024-05-10,15:09:00,2024-07-29,3.4,3.4,3.4,3.4,0,0,1
MIDCPNIFTY29JUL2411800PE.NFO,2024-05-10,15:10:00,2024-07-29,3.4,3.4,3.4,3.4,0,0,1
MIDCPNIFTY29JUL2411800PE.NFO,2024-05-10,15:11:00,2024-07-29,3.4,3.4,3.4,3.4,0,0,1
MIDCPNIFTY29JUL2411800PE.NFO,2024-05-10,15:12:00,2024-07-29,3.4,3.4,3.4,3.4,0,0,1
MIDCPNIFTY29JUL2411800PE.NFO,2024-05-10,15:13:00,2024-07-29,3.4,3.4,3.4,3.4,0,0,1
MIDCPNIFTY29JUL2411800PE.NFO,2024-05-10,15:14:00,2024-07-29,3.4,3.4,3.4,3.4,0,0,1
MIDCPNIFTY29JUL2411800PE.NFO,2024-05-10,15:15:00,2024-07-29,3.4,3.4,3.4,3.4,0,0,1
MIDCPNIFTY29JUL2411800PE.NFO,2024-05-10,15:16:00,2024-07-29,3.4,3.4,3.4,3.4,0,0,1
MIDCPNIFTY29JUL2411800PE.NFO,2024-05-10,15:17:00,2024-07-29,3.4,3.4,3.4,3.4,0,0,1
MIDCPNIFTY29JUL2411800PE.NFO,2024-05-10,15:18:00,2024-07-29,3.4,3.4,3.4,3.4,0,0,1
MIDCPNIFTY29JUL2411800PE.NFO,2024-05-10,15:19:00,2024-07-29,3.4,3.4,3.4,3.4,0,0,1
MIDCPNIFTY29JUL2411800PE.NFO,2024-05-10,15:20:00,2024-07-29,3.4,3.4,3.4,3.4,0,0,1
MIDCPNIFTY29JUL2411800PE.NFO,2024-05-10,15:21:00,2024-07-29,3.4,3.4,3.4,3.4,0,0,1
MIDCPNIFTY29JUL2411800PE.NFO,2024-05-10,15:22:00,2024-07-29,3.4,3.4,3.4,3.4,0,0,1
MIDCPNIFTY29JUL2411800PE.NFO,2024-05-10,15:23:00,2024-07-29,3.4,3.4,3.4,3.4,0,0,1
MIDCPNIFTY29JUL2411800PE.NFO,2024-05-10,15:24:00,2024-07-29,3.4,3.4,3.4,3.4,0,0,1
MIDCPNIFTY29JUL2411800PE.NFO,2024-05-10,15:25:00,2024-07-29,3.4,3.4,3.4,3.4,0,0,1
MIDCPNIFTY29JUL2411800PE.NFO,2024-05-10,15:26:00,2024-07-29,3.4,3.4,3.4,3.4,0,0,1
MIDCPNIFTY29JUL2411800PE.NFO,2024-05-10,15:27:00,2024-07-29,3.4,3.4,3.4,3.4,0,0,1
MIDCPNIFTY29JUL2411800PE.NFO,2024-05-10,15:28:00,2024-07-29,3.4,3.4,3.4,3.4,0,0,1
MIDCPNIFTY29JUL2411800PE.NFO,2024-05-10,15:29:00,2024-07-29,3.4,3.4,3.4,3.4,0,0,1
MIDCPNIFTY29JUL2411800PE.NFO,2024-05-10,15:30:00,2024-07-29,3.4,3.4,3.4,3.4,0,0,1
MIDCPNIFTY29JUL2411800PE.NFO,2024-05-13,09:15:00,2024-07-29,3.4,3.4,3.4,3.4,0,0,0
MIDCPNIFTY29JUL2411800PE.NFO,2024-05-13,09:16:00,2024-07-29,3.4,3.4,3.4,3.4,0,0,1
MIDCPNIFTY29JUL2411800PE.NFO,2024-05-13,09:17:00,2024-07-29,3.4,3.4,3.4,3.4,0,0,1
MIDCPNIFTY29JUL2411800PE.NFO,2024-05-13,09:18:00,2024-07-29,3.4,3.4,3.4,3.4,0,0,1
MIDCPNIFTY29JUL2411800PE.NFO,2024-05-13,09:19:00,2024-07-29,3.4,3.4,3.4,3.4,0,0,1
MIDCPNIFTY29JUL2411800PE.NFO,2024-05-13,09:20:00,2024-07-29,3.4,3.4,3.4,3.4,0,0,1
MIDCPNIFTY29JUL2411800PE.NFO,2024-05-13,09:21:00,2024-07-29,3.4,3.4,3.4,3.4,0,0,1
MIDCPNIFTY29JUL2411800PE.NFO,2024-05-13,09:22:00,2024-07-29,3.4,3.4,3.4,3.4,0,0,1
MIDCPNIFTY29JUL2411800PE.NFO,2024-05-13,09:23:00,2024-07-29,3.4,3.4,3.4,3.4,0,0,1
MIDCPNIFTY29JUL2411800PE.NFO,2024-05-13,09:24:00,2024-07-29,3.4,3.4,3.4,3.4,0,0,1
MIDCPNIFTY29JUL2411800PE.NFO,2024-05-13,09:25:00,2024-07-29,3.4,3.4,3.4,3.4,0,0,1
MIDCPNIFTY29JUL2411800PE.NFO,2024-05-13,09:26:00,2024-07-29,3.4,3.4,3.4,3.4,0,0,1
MIDCPNIFTY29JUL2411800PE.NFO,2024-05-13,09:27:00,2024-07-29,3.4,3.4,3.4,3.4,0,0,1
MIDCPNIFTY29JUL2411800PE.NFO,2024-05-13,09:28:00,2024-07-29,3.4,3.4,3.4,3.4,0,0,1
MIDCPNIFTY29JUL2411800PE.NFO,2024-05-13,09:29:00,2024-07-29,3.4,3.4,3.4,3.4,0,0,1
MIDCPNIFTY29JUL2411800PE.NFO,2024-05-13,09:30:00,2024-07-29,3.4,3.4,3.4,3.4,0,0,1
MIDCPNIFTY29JUL2411800PE.NFO,2024-05-13,09:31:00,2024-07-29,3.4,3.4,3.4,3.4,0,0,1
MIDCPNIFTY29JUL2411800PE.NFO,2024-05-13,09:32:00,2024-07-29,3.4,3.4,3.4,3.4,0,0,1
MIDCPNIFTY29JUL2411800PE.NFO,2024-05-13,09:33:00,2024-07-29,3.4,3.4,3.4,3.4,0,0,1
MIDCPNIFTY29JUL2411800PE.NFO,2024-05-13,09:34:00,2024-07-29,3.4,3.4,3.4,3.4,0,0,1
MIDCPNIFTY29JUL2411800PE.NFO,2024-05-13,09:35:00,2024-07-29,3.4,3.4,3.4,3.4,0,0,1
MIDCPNIFTY29JUL2411800PE.NFO,2024-05-13,09:36:00,2024-07-29,3.4,3.4,3.4,3.4,0,0,1
MIDCPNIFTY29JUL2411800PE.NFO,2024-05-13,09:37:00,2024-07-29,3.4,3.4,3.4,3.4,0,0,1
MIDCPNIFTY29JUL2411800PE.NFO,2024-05-13,09:38:00,2024-07-29,3.4,3.4,3.4,3.4,0,0,1
MIDCPNIFTY29JUL2411800PE.NFO,2024-05-13,09:39:00,2024-07-29,3.4,3.4,3.4,3.4,0,0,1
MIDCPNIFTY29JUL2411800PE.NFO,2024-05-13,09:40:00,2024-07-29,3.4,3.4,3.4,3.4,0,0,1
MIDCPNIFTY29JUL2411800PE.NFO,2024-05-13,09:41:00,2024-07-29,3.4,3.4,3.4,3.4,0,0,1
MIDCPNIFTY29JUL2411800PE.NFO,2024-05-13,09:42:00,2024-07-29,3.4,3.4,3.4,3.4,0,0,1
MIDCPNIFTY29JUL2411800PE.NFO,2024-05-13,09:43:00,2024-07-29,3.4,3.4,3.4,3.4,0,0,1
MIDCPNIFTY29JUL2411800PE.NFO,2024-05-13,09:44:00,2024-07-29,3.4,3.4,3.4,3.4,0,0,1
MIDCPNIFTY29JUL2411800PE.NFO,2024-05-13,09:45:00,2024-07-29,3.4,3.4,3.4,3.4,0,0,1
MIDCPNIFTY29JUL2411800PE.NFO,2024-05-13,09:46:00,2024-07-29,3.4,3.4,3.4,3.4,0,0,1
MIDCPNIFTY29JUL2411800PE.NFO,2024-05-13,09:47:00,2024-07-29,3.4,3.4,3.4,3.4,0,0,1
MIDCPNIFTY29JUL2411800PE.NFO,2024-05-13,09:48:00,2024-07-29,3.4,3.4,3.4,3.4,0,0,1
MIDCPNIFTY29JUL2411800PE.NFO,2024-05-13,09:49:00,2024-07-29,3.4,3.4,3.4,3.4,0,0,1
MIDCPNIFTY29JUL2411800PE.NFO,2024-05-13,09:50:00,2024-07-29,3.4,3.4,3.4,3.4,0,0,1
MIDCPNIFTY29JUL2411800PE.NFO,2024-05-13,09:51:00,2024-07-29,3.4,3.4,3.4,3.4,0,0,1
MIDCPNIFTY29JUL2411800PE.NFO,2024-05-13,09:52:00,2024-07-29,3.4,3.4,3.4,3.4,0,0,1
MIDCPNIFTY29JUL2411800PE.NFO,2024-05-13,09:53:00,2024-07-29,3.4,3.4,3.4,3.4,0,0,1
MIDCPNIFTY29JUL2411800PE.NFO,2024-05-13,09:54:00,2024-07-29,3.4,3.4,3.4,3.4,0,0,1
MIDCPNIFTY29JUL2411800PE.NFO,2024-05-13,09:55:00,2024-07-29,3.4,3.4,3.4,3.4,0,0,1
MIDCPNIFTY29JUL2411800PE.NFO,2024-05-13,09:56:00,2024-07-29,3.4,3.4,3.4,3.4,0,0,1
MIDCPNIFTY29JUL2411800PE.NFO,2024-05-13,09:57:00,2024-07-29,3.4,3.4,3.4,3.4,0,0,1
MIDCPNIFTY29JUL2411800PE.NFO,2024-05-13,09:58:00,2024-07-29,3.4,3.4,3.4,3.4,0,0,1
MIDCPNIFTY29JUL2411800PE.NFO,2024-05-13,09:59:00,2024-07-29,3.4,3.4,3.4,3.4,0,0,1
MIDCPNIFTY29JUL2411800PE.NFO,2024-05-13,10:00:00,2024-07-29,3.4,3.4,3.4,3.4,0,0,1
MIDCPNIFTY29JUL2411800PE.NFO,2024-05-13,10:01:00,2024-07-29,3.4,3.4,3.4,3.4,0,0,1
MIDCPNIFTY29JUL2411800PE.NFO,2024-05-13,10:02:00,2024-07-29,3.4,3.4,3.4,3.4,0,0,1
MIDCPNIFTY29JUL2411800PE.NFO,2024-05-13,10:03:00,2024-07-29,3.4,3.4,3.4,3.4,0,0,1
MIDCPNIFTY29JUL2411800PE.NFO,2024-05-13,10:04:00,2024-07-29,3.4,3.4,3.4,3.4,0,0,1
MIDCPNIFTY29JUL2411800PE.NFO,2024-05-13,10:05:00,2024-07-29,3.4,3.4,3.4,3.4,0,0,1
MIDCPNIFTY29JUL2411800PE.NFO,2024-05-13,10:06:00,2024-07-29,3.4,3.4,3.4,3.4,0,0,1
MIDCPNIFTY29JUL2411800PE.NFO,2024-05-13,10:07:00,2024-07-29,3.4,3.4,3.4,3.4,0,0,1
MIDCPNIFTY29JUL2411800PE.NFO,2024-05-13,10:08:00,2024-07-29,3.4,3.4,3.4,3.4,0,0,1
MIDCPNIFTY29JUL2411800PE.NFO,2024-05-13,10:09:00,2024-07-29,3.4,3.4,3.4,3.4,0,0,1
MIDCPNIFTY29JUL2411800PE.NFO,2024-05-13,10:10:00,2024-07-29,3.4,3.4,3.4,3.4,0,0,1
MIDCPNIFTY29JUL2411800PE.NFO,2024-05-13,10:11:00,2024-07-29,3.4,3.4,3.4,3.4,0,0,1
MIDCPNIFTY29JUL2411800PE.NFO,2024-05-13,10:12:00,2024-07-29,3.4,3.4,3.4,3.4,0,0,1
MIDCPNIFTY29JUL2411800PE.NFO,2024-05-13,10:13:00,2024-07-29,3.4,3.4,3.4,3.4,0,0,1
MIDCPNIFTY29JUL2411800PE.NFO,2024-05-13,10:14:00,2024-07-29,3.4,3.4,3.4,3.4,0,0,1
MIDCPNIFTY29JUL2411800PE.NFO,2024-05-13,10:15:00,2024-07-29,3.4,3.4,3.4,3.4,0,0,1
MIDCPNIFTY29JUL2411800PE.NFO,2024-05-13,10:16:00,2024-07-29,3.4,3.4,3.4,3.4,0,0,1
MIDCPNIFTY29JUL2411800PE.NFO,2024-05-13,10:17:00,2024-07-29,3.4,3.4,3.4,3.4,0,0,1
MIDCPNIFTY29JUL2411800PE.NFO,2024-05-13,10:18:00,2024-07-29,3.4,3.4,3.4,3.4,0,0,1
MIDCPNIFTY29JUL2411800PE.NFO,2024-05-13,10:19:00,2024-07-29,3.4,3.4,3.4,3.4,0,0,1
MIDCPNIFTY29JUL2411800PE.NFO,2024-05-13,10:20:00,2024-07-29,3.4,3.4,3.4,3.4,0,0,1
MIDCPNIFTY29JUL2411800PE.NFO,2024-05-13,10:21:00,2024-07-29,3.4,3.4,3.4,3.4,0,0,1
MIDCPNIFTY29JUL2411800PE.NFO,2024-05-13,10:22:00,2024-07-29,3.4,3.4,3.4,3.4,0,0,1
MIDCPNIFTY29JUL2411800PE.NFO,2024-05-13,10:23:00,2024-07-29,3.4,3.4,3.4,3.4,0,0,1
MIDCPNIFTY29JUL2411800PE.NFO,2024-05-13,10:24:00,2024-07-29,3.4,3.4,3.4,3.4,0,0,1
MIDCPNIFTY29JUL2411800PE.NFO,2024-05-13,10:25:00,2024-07-29,3.4,3.4,3.4,3.4,0,0,1
MIDCPNIFTY29JUL2411800PE.NFO,2024-05-13,10:26:00,2024-07-29,3.4,3.4,3.4,3.4,0,0,1
MIDCPNIFTY29JUL2411800PE.NFO,2024-05-13,10:27:00,2024-07-29,3.4,3.4,3.4,3.4,0,0,1
MIDCPNIFTY29JUL2411800PE.NFO,2024-05-13,10:28:00,2024-07-29,3.4,3.4,3.4,3.4,0,0,1
MIDCPNIFTY29JUL2411800PE.NFO,2024-05-13,10:29:00,2024-07-29,3.4,3.4,3.4,3.4,0,0,1
MIDCPNIFTY29JUL2411800PE.NFO,2024-05-13,10:30:00,2024-07-29,3.4,3.4,3.4,3.4,0,0,1
MIDCPNIFTY29JUL2411800PE.NFO,2024-05-13,10:31:00,2024-07-29,3.4,3.4,3.4,3.4,0,0,1
MIDCPNIFTY29JUL2411800PE.NFO,2024-05-13,10:32:00,2024-07-29,3.4,3.4,3.4,3.4,0,0,1
MIDCPNIFTY29JUL2411800PE.NFO,2024-05-13,10:33:00,2024-07-29,3.4,3.4,3.4,3.4,0,0,1
MIDCPNIFTY29JUL2411800PE.NFO,2024-05-13,10:34:00,2024-07-29,3.4,3.4,3.4,3.4,0,0,1
MIDCPNIFTY29JUL2411800PE.NFO,2024-05-13,10:35:00,2024-07-29,3.4,3.4,3.4,3.4,0,0,1
MIDCPNIFTY29JUL2411800PE.NFO,2024-05-13,10:36:00,2024-07-29,3.4,3.4,3.4,3.4,0,0,1
MIDCPNIFTY29JUL2411800PE.NFO,2024-05-13,10:37:00,2024-07-29,3.4,3.4,3.4,3.4,0,0,1
MIDCPNIFTY29JUL2411800PE.NFO,2024-05-13,10:38:00,2024-07-29,3.4,3.4,3.4,3.4,0,0,1
MIDCPNIFTY29JUL2411800PE.NFO,2024-05-13,10:39:00,2024-07-29,3.4,3.4,3.4,3.4,0,0,1
MIDCPNIFTY29JUL2411800PE.NFO,2024-05-13,10:40:00,2024-07-29,3.4,3.4,3.4,3.4,0,0,1
MIDCPNIFTY29JUL2411800PE.NFO,2024-05-13,10:41:00,2024-07-29,3.4,3.4,3.4,3.4,0,0,1
MIDCPNIFTY29JUL2411800PE.NFO,2024-05-13,10:42:00,2024-07-29,3.4,3.4,3.4,3.4,0,0,1
MIDCPNIFTY29JUL2411800PE.NFO,2024-05-13,10:43:00,2024-07-29,3.4,3.4,3.4,3.4,0,0,1
MIDCPNIFTY29JUL2411800PE.NFO,2024-05-13,10:44:00,2024-07-29,3.4,3.4,3.4,3.4,0,0,1
MIDCPNIFTY29JUL2411800PE.NFO,2024-05-13,10:45:00,2024-07-29,3.4,3.4,3.4,3.4,0,0,1
MIDCPNIFTY29JUL2411800PE.NFO,2024-05-13,10:46:00,2024-07-29,3.4,3.4,3.4,3.4,0,0,1
MIDCPNIFTY29JUL2411800PE.NFO,2024-05-13,10:47:00,2024-07-29,3.4,3.4,3.4,3.4,0,0,1
MIDCPNIFTY29JUL2411800PE.NFO,2024-05-13,10:48:00,2024-07-29,3.4,3.4,3.4,3.4,0,0,1
MIDCPNIFTY29JUL2411800PE.NFO,2024-05-13,10:49:00,2024-07-29,3.4,3.4,3.4,3.4,0,0,1
MIDCPNIFTY29JUL2411800PE.NFO,2024-05-13,10:50:00,2024-07-29,3.4,3.4,3.4,3.4,0,0,1
MIDCPNIFTY29JUL2411800PE.NFO,2024-05-13,10:51:00,2024-07-29,3.4,3.4,3.4,3.4,0,0,1
MIDCPNIFTY29JUL2411800PE.NFO,2024-05-13,10:52:00,2024-07-29,3.4,3.4,3.4,3.4,0,0,1
MIDCPNIFTY29JUL2411800PE.NFO,2024-05-13,10:53:00,2024-07-29,3.4,3.4,3.4,3.4,0,0,1
MIDCPNIFTY29JUL2411800PE.NFO,2024-05-13,10:54:00,2024-07-29,3.4,3.4,3.4,3.4,0,0,1
MIDCPNIFTY29JUL2411800PE.NFO,2024-05-13,10:55:00,2024-07-29,3.4,3.4,3.4,3.4,0,0,1
MIDCPNIFTY29JUL2411800PE.NFO,2024-05-13,10:56:00,2024-07-29,3.4,3.4,3.4,3.4,0,0,1
MIDCPNIFTY29JUL2411800PE.NFO,2024-05-13,10:57:00,2024-07-29,3.4,3.4,3.4,3.4,0,0,1
MIDCPNIFTY29JUL2411800PE.NFO,2024-05-13,10:58:00,2024-07-29,3.4,3.4,3.4,3.4,0,0,1
MIDCPNIFTY29JUL2411800PE.NFO,2024-05-13,10:59:00,2024-07-29,3.4,3.4,3.4,3.4,0,0,1
MIDCPNIFTY29JUL2411800PE.NFO,2024-05-13,11:00:00,2024-07-29,3.4,3.4,3.4,3.4,0,0,1
MIDCPNIFTY29JUL2411800PE.NFO,2024-05-13,11:01:00,2024-07-29,3.4,3.4,3.4,3.4,0,0,1
MIDCPNIFTY29JUL2411800PE.NFO,2024-05-13,11:02:00,2024-07-29,3.4,3.4,3.4,3.4,0,0,1
MIDCPNIFTY29JUL2411800PE.NFO,2024-05-13,11:03:00,2024-07-29,3.4,3.4,3.4,3.4,0,0,1
MIDCPNIFTY29JUL2411800PE.NFO,2024-05-13,11:04:00,2024-07-29,3.4,3.4,3.4,3.4,0,0,1
MIDCPNIFTY29JUL2411800PE.NFO,2024-05-13,11:05:00,2024-07-29,3.4,3.4,3.4,3.4,0,0,1
MIDCPNIFTY29JUL2411800PE.NFO,2024-05-13,11:06:00,2024-07-29,3.4,3.4,3.4,3.4,0,0,1
MIDCPNIFTY29JUL2411800PE.NFO,2024-05-13,11:07:00,2024-07-29,3.4,3.4,3.4,3.4,0,0,1
MIDCPNIFTY29JUL2411800PE.NFO,2024-05-13,11:08:00,2024-07-29,3.4,3.4,3.4,3.4,0,0,1
MIDCPNIFTY29JUL2411800PE.NFO,2024-05-13,11:09:00,2024-07-29,3.4,3.4,3.4,3.4,0,0,1
MIDCPNIFTY29JUL2411800PE.NFO,2024-05-13,11:10:00,2024-07-29,3.4,3.4,3.4,3.4,0,0,1
MIDCPNIFTY29JUL2411800PE.NFO,2024-05-13,11:11:00,2024-07-29,3.4,3.4,3.4,3.4,0,0,1
MIDCPNIFTY29JUL2411800PE.NFO,2024-05-13,11:12:00,2024-07-29,3.4,3.4,3.4,3.4,0,0,1
MIDCPNIFTY29JUL2411800PE.NFO,2024-05-13,11:13:00,2024-07-29,3.4,3.4,3.4,3.4,0,0,1
MIDCPNIFTY29JUL2411800PE.NFO,2024-05-13,11:14:00,2024-07-29,3.4,3.4,3.4,3.4,0,0,1
MIDCPNIFTY29JUL2411800PE.NFO,2024-05-13,11:15:00,2024-07-29,3.4,3.4,3.4,3.4,0,0,1
MIDCPNIFTY29JUL2411800PE.NFO,2024-05-13,11:16:00,2024-07-29,3.4,3.4,3.4,3.4,0,0,1
MIDCPNIFTY29JUL2411800PE.NFO,2024-05-13,11:17:00,2024-07-29,3.4,3.4,3.4,3.4,0,0,1
MIDCPNIFTY29JUL2411800PE.NFO,2024-05-13,11:18:00,2024-07-29,3.4,3.4,3.4,3.4,0,0,1
MIDCPNIFTY29JUL2411800PE.NFO,2024-05-13,11:19:00,2024-07-29,3.4,3.4,3.4,3.4,0,0,1
MIDCPNIFTY29JUL2411800PE.NFO,2024-05-13,11:20:00,2024-07-29,3.4,3.4,3.4,3.4,0,0,1
MIDCPNIFTY29JUL2411800PE.NFO,2024-05-13,11:21:00,2024-07-29,3.4,3.4,3.4,3.4,0,0,1
MIDCPNIFTY29JUL2411800PE.NFO,2024-05-13,11:22:00,2024-07-29,3.4,3.4,3.4,3.4,0,0,1
MIDCPNIFTY29JUL2411800PE.NFO,2024-05-13,11:23:00,2024-07-29,3.4,3.4,3.4,3.4,0,0,1
MIDCPNIFTY29JUL2411800PE.NFO,2024-05-13,11:24:00,2024-07-29,3.4,3.4,3.4,3.4,0,0,1
MIDCPNIFTY29JUL2411800PE.NFO,2024-05-13,11:25:00,2024-07-29,3.4,3.4,3.4,3.4,0,0,1
MIDCPNIFTY29JUL2411800PE.NFO,2024-05-13,11:26:00,2024-07-29,3.4,3.4,3.4,3.4,0,0,1
MIDCPNIFTY29JUL2411800PE.NFO,2024-05-13,11:27:00,2024-07-29,3.4,3.4,3.4,3.4,0,0,1
MIDCPNIFTY29JUL2411800PE.NFO,2024-05-13,11:28:00,2024-07-29,3.4,3.4,3.4,3.4,0,0,1
MIDCPNIFTY29JUL2411800PE.NFO,2024-05-13,11:29:00,2024-07-29,3.4,3.4,3.4,3.4,0,0,1
MIDCPNIFTY29JUL2411800PE.NFO,2024-05-13,11:30:00,2024-07-29,3.4,3.4,3.4,3.4,0,0,1
MIDCPNIFTY29JUL2411800PE.NFO,2024-05-13,11:31:00,2024-07-29,3.4,3.4,3.4,3.4,0,0,1
MIDCPNIFTY29JUL2411800PE.NFO,2024-05-13,11:32:00,2024-07-29,3.4,3.4,3.4,3.4,0,0,1
MIDCPNIFTY29JUL2411800PE.NFO,2024-05-13,11:33:00,2024-07-29,3.4,3.4,3.4,3.4,0,0,1
MIDCPNIFTY29JUL2411800PE.NFO,2024-05-13,11:34:00,2024-07-29,3.4,3.4,3.4,3.4,0,0,1
MIDCPNIFTY29JUL2411800PE.NFO,2024-05-13,11:35:00,2024-07-29,3.4,3.4,3.4,3.4,0,0,1
MIDCPNIFTY29JUL2411800PE.NFO,2024-05-13,11:36:00,2024-07-29,3.4,3.4,3.4,3.4,0,0,1
MIDCPNIFTY29JUL2411800PE.NFO,2024-05-13,11:37:00,2024-07-29,3.4,3.4,3.4,3.4,0,0,1
MIDCPNIFTY29JUL2411800PE.NFO,2024-05-13,11:38:00,2024-07-29,3.4,3.4,3.4,3.4,0,0,1
MIDCPNIFTY29JUL2411800PE.NFO,2024-05-13,11:39:00,2024-07-29,3.4,3.4,3.4,3.4,0,0,1
MIDCPNIFTY29JUL2411800PE.NFO,2024-05-13,11:40:00,2024-07-29,3.4,3.4,3.4,3.4,0,0,1
MIDCPNIFTY29JUL2411800PE.NFO,2024-05-13,11:41:00,2024-07-29,3.4,3.4,3.4,3.4,0,0,1
MIDCPNIFTY29JUL2411800PE.NFO,2024-05-13,11:42:00,2024-07-29,3.4,3.4,3.4,3.4,0,0,1
MIDCPNIFTY29JUL2411800PE.NFO,2024-05-13,11:43:00,2024-07-29,3.4,3.4,3.4,3.4,0,0,1
MIDCPNIFTY29JUL2411800PE.NFO,2024-05-13,11:44:00,2024-07-29,3.4,3.4,3.4,3.4,0,0,1
MIDCPNIFTY29JUL2411800PE.NFO,2024-05-13,11:45:00,2024-07-29,3.4,3.4,3.4,3.4,0,0,1
MIDCPNIFTY29JUL2411800PE.NFO,2024-05-13,11:46:00,2024-07-29,3.4,3.4,3.4,3.4,0,0,1
MIDCPNIFTY29JUL2411800PE.NFO,2024-05-13,11:47:00,2024-07-29,3.4,3.4,3.4,3.4,0,0,1
MIDCPNIFTY29JUL2411800PE.NFO,2024-05-13,11:48:00,2024-07-29,3.4,3.4,3.4,3.4,0,0,1
MIDCPNIFTY29JUL2411800PE.NFO,2024-05-13,11:49:00,2024-07-29,3.4,3.4,3.4,3.4,0,0,1
MIDCPNIFTY29JUL2411800PE.NFO,2024-05-13,11:50:00,2024-07-29,3.4,3.4,3.4,3.4,0,0,1
MIDCPNIFTY29JUL2411800PE.NFO,2024-05-13,11:51:00,2024-07-29,3.4,3.4,3.4,3.4,0,0,1
MIDCPNIFTY29JUL2411800PE.NFO,2024-05-13,11:52:00,2024-07-29,3.4,3.4,3.4,3.4,0,0,1
MIDCPNIFTY29JUL2411800PE.NFO,2024-05-13,11:53:00,2024-07-29,3.4,3.4,3.4,3.4,0,0,1
MIDCPNIFTY29JUL2411800PE.NFO,2024-05-13,11:54:00,2024-07-29,3.4,3.4,3.4,3.4,0,0,1
MIDCPNIFTY29JUL2411800PE.NFO,2024-05-13,11:55:00,2024-07-29,3.4,3.4,3.4,3.4,0,0,1
MIDCPNIFTY29JUL2411800PE.NFO,2024-05-13,11:56:00,2024-07-29,3.4,3.4,3.4,3.4,0,0,1
MIDCPNIFTY29JUL2411800PE.NFO,2024-05-13,11:57:00,2024-07-29,3.4,3.4,3.4,3.4,0,0,1
MIDCPNIFTY29JUL2411800PE.NFO,2024-05-13,11:58:00,2024-07-29,3.4,3.4,3.4,3.4,0,0,1
MIDCPNIFTY29JUL2411800PE.NFO,2024-05-13,11:59:00,2024-07-29,3.4,3.4,3.4,3.4,0,0,1
MIDCPNIFTY29JUL2411800PE.NFO,2024-05-13,12:00:00,2024-07-29,3.4,3.4,3.4,3.4,0,0,1
MIDCPNIFTY29JUL2411800PE.NFO,2024-05-13,12:01:00,2024-07-29,3.4,3.4,3.4,3.4,0,0,1
MIDCPNIFTY29JUL2411800PE.NFO,2024-05-13,12:02:00,2024-07-29,3.4,3.4,3.4,3.4,0,0,1
MIDCPNIFTY29JUL2411800PE.NFO,2024-05-13,12:03:00,2024-07-29,3.4,3.4,3.4,3.4,0,0,1
MIDCPNIFTY29JUL2411800PE.NFO,2024-05-13,12:04:00,2024-07-29,3.4,3.4,3.4,3.4,0,0,1
MIDCPNIFTY29JUL2411800PE.NFO,2024-05-13,12:05:00,2024-07-29,3.4,3.4,3.4,3.4,0,0,1
MIDCPNIFTY29JUL2411800PE.NFO,2024-05-13,12:06:00,2024-07-29,3.4,3.4,3.4,3.4,0,0,1
MIDCPNIFTY29JUL2411800PE.NFO,2024-05-13,12:07:00,2024-07-29,3.4,3.4,3.4,3.4,0,0,1
MIDCPNIFTY29JUL2411800PE.NFO,2024-05-13,12:08:00,2024-07-29,3.4,3.4,3.4,3.4,0,0,1
MIDCPNIFTY29JUL2411800PE.NFO,2024-05-13,12:09:00,2024-07-29,3.4,3.4,3.4,3.4,0,0,1
MIDCPNIFTY29JUL2411800PE.NFO,2024-05-13,12:10:00,2024-07-29,3.4,3.4,3.4,3.4,0,0,1
MIDCPNIFTY29JUL2411800PE.NFO,2024-05-13,12:11:00,2024-07-29,3.4,3.4,3.4,3.4,0,0,1
MIDCPNIFTY29JUL2411800PE.NFO,2024-05-13,12:12:00,2024-07-29,3.4,3.4,3.4,3.4,0,0,1
MIDCPNIFTY29JUL2411800PE.NFO,2024-05-13,12:13:00,2024-07-29,3.4,3.4,3.4,3.4,0,0,1
MIDCPNIFTY29JUL2411800PE.NFO,2024-05-13,12:14:00,2024-07-29,3.4,3.4,3.4,3.4,0,0,1
MIDCPNIFTY29JUL2411800PE.NFO,2024-05-13,12:15:00,2024-07-29,3.4,3.4,3.4,3.4,0,0,1
MIDCPNIFTY29JUL2411800PE.NFO,2024-05-13,12:16:00,2024-07-29,3.4,3.4,3.4,3.4,0,0,1
MIDCPNIFTY29JUL2411800PE.NFO,2024-05-13,12:17:00,2024-07-29,3.4,3.4,3.4,3.4,0,0,1
MIDCPNIFTY29JUL2411800PE.NFO,2024-05-13,12:18:00,2024-07-29,3.4,3.4,3.4,3.4,0,0,1
MIDCPNIFTY29JUL2411800PE.NFO,2024-05-13,12:19:00,2024-07-29,3.4,3.4,3.4,3.4,0,0,1
MIDCPNIFTY29JUL2411800PE.NFO,2024-05-13,12:20:00,2024-07-29,3.4,3.4,3.4,3.4,0,0,1
MIDCPNIFTY29JUL2411800PE.NFO,2024-05-13,12:21:00,2024-07-29,3.4,3.4,3.4,3.4,0,0,1
MIDCPNIFTY29JUL2411800PE.NFO,2024-05-13,12:22:00,2024-07-29,3.4,3.4,3.4,3.4,0,0,1
MIDCPNIFTY29JUL2411800PE.NFO,2024-05-13,12:23:00,2024-07-29,3.4,3.4,3.4,3.4,0,0,1
MIDCPNIFTY29JUL2411800PE.NFO,2024-05-13,12:24:00,2024-07-29,3.4,3.4,3.4,3.4,0,0,1
MIDCPNIFTY29JUL2411800PE.NFO,2024-05-13,12:25:00,2024-07-29,3.4,3.4,3.4,3.4,0,0,1
MIDCPNIFTY29JUL2411800PE.NFO,2024-05-13,12:26:00,2024-07-29,3.4,3.4,3.4,3.4,0,0,1
MIDCPNIFTY29JUL2411800PE.NFO,2024-05-13,12:27:00,2024-07-29,3.4,3.4,3.4,3.4,0,0,1
MIDCPNIFTY29JUL2411800PE.NFO,2024-05-13,12:28:00,2024-07-29,3.4,3.4,3.4,3.4,0,0,1
MIDCPNIFTY29JUL2411800PE.NFO,2024-05-13,12:29:00,2024-07-29,3.4,3.4,3.4,3.4,0,0,1
MIDCPNIFTY29JUL2411800PE.NFO,2024-05-13,12:30:00,2024-07-29,3.4,3.4,3.4,3.4,0,0,1
MIDCPNIFTY29JUL2411800PE.NFO,2024-05-13,12:31:00,2024-07-29,3.4,3.4,3.4,3.4,0,0,1
MIDCPNIFTY29JUL2411800PE.NFO,2024-05-13,12:32:00,2024-07-29,3.4,3.4,3.4,3.4,0,0,1
MIDCPNIFTY29JUL2411800PE.NFO,2024-05-13,12:33:00,2024-07-29,3.4,3.4,3.4,3.4,0,0,1
MIDCPNIFTY29JUL2411800PE.NFO,2024-05-13,12:34:00,2024-07-29,3.4,3.4,3.4,3.4,0,0,1
MIDCPNIFTY29JUL2411800PE.NFO,2024-05-13,12:35:00,2024-07-29,3.4,3.4,3.4,3.4,0,0,1
MIDCPNIFTY29JUL2411800PE.NFO,2024-05-13,12:36:00,2024-07-29,3.4,3.4,3.4,3.4,0,0,1
MIDCPNIFTY29JUL2411800PE.NFO,2024-05-13,12:37:00,2024-07-29,3.4,3.4,3.4,3.4,0,0,1
MIDCPNIFTY29JUL2411800PE.NFO,2024-05-13,12:38:00,2024-07-29,3.4,3.4,3.4,3.4,0,0,1
MIDCPNIFTY29JUL2411800PE.NFO,2024-05-13,12:39:00,2024-07-29,3.4,3.4,3.4,3.4,0,0,1
MIDCPNIFTY29JUL2411800PE.NFO,2024-05-13,12:40:00,2024-07-29,3.4,3.4,3.4,3.4,0,0,1
MIDCPNIFTY29JUL2411800PE.NFO,2024-05-13,12:41:00,2024-07-29,3.4,3.4,3.4,3.4,0,0,1
MIDCPNIFTY29JUL2411800PE.NFO,2024-05-13,12:42:00,2024-07-29,3.4,3.4,3.4,3.4,0,0,1
MIDCPNIFTY29JUL2411800PE.NFO,2024-05-13,12:43:00,2024-07-29,3.4,3.4,3.4,3.4,0,0,1
MIDCPNIFTY29JUL2411800PE.NFO,2024-05-13,12:44:00,2024-07-29,3.4,3.4,3.4,3.4,0,0,1
MIDCPNIFTY29JUL2411800PE.NFO,2024-05-13,12:45:00,2024-07-29,3.4,3.4,3.4,3.4,0,0,1
MIDCPNIFTY29JUL2411800PE.NFO,2024-05-13,12:46:00,2024-07-29,3.4,3.4,3.4,3.4,0,0,1
MIDCPNIFTY29JUL2411800PE.NFO,2024-05-13,12:47:00,2024-07-29,3.4,3.4,3.4,3.4,0,0,1
MIDCPNIFTY29JUL2411800PE.NFO,2024-05-13,12:48:00,2024-07-29,3.4,3.4,3.4,3.4,0,0,1
MIDCPNIFTY29JUL2411800PE.NFO,2024-05-13,12:49:00,2024-07-29,3.4,3.4,3.4,3.4,0,0,1
MIDCPNIFTY29JUL2411800PE.NFO,2024-05-13,12:50:00,2024-07-29,3.4,3.4,3.4,3.4,0,0,1
MIDCPNIFTY29JUL2411800PE.NFO,2024-05-13,12:51:00,2024-07-29,3.4,3.4,3.4,3.4,0,0,1
MIDCPNIFTY29JUL2411800PE.NFO,2024-05-13,12:52:00,2024-07-29,3.4,3.4,3.4,3.4,0,0,1
MIDCPNIFTY29JUL2411800PE.NFO,2024-05-13,12:53:00,2024-07-29,3.4,3.4,3.4,3.4,0,0,1
MIDCPNIFTY29JUL2411800PE.NFO,2024-05-13,12:54:00,2024-07-29,3.4,3.4,3.4,3.4,0,0,1
MIDCPNIFTY29JUL2411800PE.NFO,2024-05-13,12:55:00,2024-07-29,3.4,3.4,3.4,3.4,0,0,1
MIDCPNIFTY29JUL2411800PE.NFO,2024-05-13,12:56:00,2024-07-29,3.4,3.4,3.4,3.4,0,0,1
MIDCPNIFTY29JUL2411800PE.NFO,2024-05-13,12:57:00,2024-07-29,3.4,3.4,3.4,3.4,0,0,1
MIDCPNIFTY29JUL2411800PE.NFO,2024-05-13,12:58:00,2024-07-29,3.4,3.4,3.4,3.4,0,0,1
MIDCPNIFTY29JUL2411800PE.NFO,2024-05-13,12:59:00,2024-07-29,3.4,3.4,3.4,3.4,0,0,1
MIDCPNIFTY29JUL2411800PE.NFO,2024-05-13,13:00:00,2024-07-29,3.4,3.4,3.4,3.4,0,0,1
MIDCPNIFTY29JUL2411800PE.NFO,2024-05-13,13:01:00,2024-07-29,3.4,3.4,3.4,3.4,0,0,1
MIDCPNIFTY29JUL2411800PE.NFO,2024-05-13,13:02:00,2024-07-29,3.4,3.4,3.4,3.4,0,0,1
MIDCPNIFTY29JUL2411800PE.NFO,2024-05-13,13:03:00,2024-07-29,3.4,3.4,3.4,3.4,0,0,1
MIDCPNIFTY29JUL2411800PE.NFO,2024-05-13,13:04:00,2024-07-29,3.4,3.4,3.4,3.4,0,0,1
MIDCPNIFTY29JUL2411800PE.NFO,2024-05-13,13:05:00,2024-07-29,3.4,3.4,3.4,3.4,0,0,1
MIDCPNIFTY29JUL2411800PE.NFO,2024-05-13,13:06:00,2024-07-29,3.4,3.4,3.4,3.4,0,0,1
MIDCPNIFTY29JUL2411800PE.NFO,2024-05-13,13:07:00,2024-07-29,3.4,3.4,3.4,3.4,0,0,1
MIDCPNIFTY29JUL2411800PE.NFO,2024-05-13,13:08:00,2024-07-29,3.4,3.4,3.4,3.4,0,0,1
MIDCPNIFTY29JUL2411800PE.NFO,2024-05-13,13:09:00,2024-07-29,3.4,3.4,3.4,3.4,0,0,1
MIDCPNIFTY29JUL2411800PE.NFO,2024-05-13,13:10:00,2024-07-29,3.4,3.4,3.4,3.4,0,0,1
MIDCPNIFTY29JUL2411800PE.NFO,2024-05-13,13:11:00,2024-07-29,3.4,3.4,3.4,3.4,0,0,1
MIDCPNIFTY29JUL2411800PE.NFO,2024-05-13,13:12:00,2024-07-29,3.4,3.4,3.4,3.4,0,0,1
MIDCPNIFTY29JUL2411800PE.NFO,2024-05-13,13:13:00,2024-07-29,3.4,3.4,3.4,3.4,0,0,1
MIDCPNIFTY29JUL2411800PE.NFO,2024-05-13,13:14:00,2024-07-29,3.4,3.4,3.4,3.4,0,0,1
MIDCPNIFTY29JUL2411800PE.NFO,2024-05-13,13:15:00,2024-07-29,3.4,3.4,3.4,3.4,0,0,1
MIDCPNIFTY29JUL2411800PE.NFO,2024-05-13,13:16:00,2024-07-29,3.4,3.4,3.4,3.4,0,0,1
MIDCPNIFTY29JUL2411800PE.NFO,2024-05-13,13:17:00,2024-07-29,3.4,3.4,3.4,3.4,0,0,1
MIDCPNIFTY29JUL2411800PE.NFO,2024-05-13,13:18:00,2024-07-29,3.4,3.4,3.4,3.4,0,0,1
MIDCPNIFTY29JUL2411800PE.NFO,2024-05-13,13:19:00,2024-07-29,3.4,3.4,3.4,3.4,0,0,1
MIDCPNIFTY29JUL2411800PE.NFO,2024-05-13,13:20:00,2024-07-29,3.4,3.4,3.4,3.4,0,0,1
MIDCPNIFTY29JUL2411800PE.NFO,2024-05-13,13:21:00,2024-07-29,3.4,3.4,3.4,3.4,0,0,1
MIDCPNIFTY29JUL2411800PE.NFO,2024-05-13,13:22:00,2024-07-29,3.4,3.4,3.4,3.4,0,0,1
MIDCPNIFTY29JUL2411800PE.NFO,2024-05-13,13:23:00,2024-07-29,3.4,3.4,3.4,3.4,0,0,1
MIDCPNIFTY29JUL2411800PE.NFO,2024-05-13,13:24:00,2024-07-29,3.4,3.4,3.4,3.4,0,0,1
MIDCPNIFTY29JUL2411800PE.NFO,2024-05-13,13:25:00,2024-07-29,3.4,3.4,3.4,3.4,0,0,1
MIDCPNIFTY29JUL2411800PE.NFO,2024-05-13,13:26:00,2024-07-29,3.4,3.4,3.4,3.4,0,0,1
MIDCPNIFTY29JUL2411800PE.NFO,2024-05-13,13:27:00,2024-07-29,3.4,3.4,3.4,3.4,0,0,1
MIDCPNIFTY29JUL2411800PE.NFO,2024-05-13,13:28:00,2024-07-29,3.4,3.4,3.4,3.4,0,0,1
MIDCPNIFTY29JUL2411800PE.NFO,2024-05-13,13:29:00,2024-07-29,3.4,3.4,3.4,3.4,0,0,1
MIDCPNIFTY29JUL2411800PE.NFO,2024-05-13,13:30:00,2024-07-29,3.4,3.4,3.4,3.4,0,0,1
MIDCPNIFTY29JUL2411800PE.NFO,2024-05-13,13:31:00,2024-07-29,3.4,3.4,3.4,3.4,0,0,1
MIDCPNIFTY29JUL2411800PE.NFO,2024-05-13,13:32:00,2024-07-29,3.4,3.4,3.4,3.4,0,0,1
MIDCPNIFTY29JUL2411800PE.NFO,2024-05-13,13:33:00,2024-07-29,3.4,3.4,3.4,3.4,0,0,1
MIDCPNIFTY29JUL2411800PE.NFO,2024-05-13,13:34:00,2024-07-29,3.4,3.4,3.4,3.4,0,0,1
MIDCPNIFTY29JUL2411800PE.NFO,2024-05-13,13:35:00,2024-07-29,3.4,3.4,3.4,3.4,0,0,1
MIDCPNIFTY29JUL2411800PE.NFO,2024-05-13,13:36:00,2024-07-29,3.4,3.4,3.4,3.4,0,0,1
MIDCPNIFTY29JUL2411800PE.NFO,2024-05-13,13:37:00,2024-07-29,3.4,3.4,3.4,3.4,0,0,1
MIDCPNIFTY29JUL2411800PE.NFO,2024-05-13,13:38:00,2024-07-29,3.4,3.4,3.4,3.4,0,0,1
MIDCPNIFTY29JUL2411800PE.NFO,2024-05-13,13:39:00,2024-07-29,3.4,3.4,3.4,3.4,0,0,1
MIDCPNIFTY29JUL2411800PE.NFO,2024-05-13,13:40:00,2024-07-29,3.4,3.4,3.4,3.4,0,0,1
MIDCPNIFTY29JUL2411800PE.NFO,2024-05-13,13:41:00,2024-07-29,3.4,3.4,3.4,3.4,0,0,1
MIDCPNIFTY29JUL2411800PE.NFO,2024-05-13,13:42:00,2024-07-29,3.4,3.4,3.4,3.4,0,0,1
MIDCPNIFTY29JUL2411800PE.NFO,2024-05-13,13:43:00,2024-07-29,3.4,3.4,3.4,3.4,0,0,1
MIDCPNIFTY29JUL2411800PE.NFO,2024-05-13,13:44:00,2024-07-29,3.4,3.4,3.4,3.4,0,0,1
MIDCPNIFTY29JUL2411800PE.NFO,2024-05-13,13:45:00,2024-07-29,3.4,3.4,3.4,3.4,0,0,1
MIDCPNIFTY29JUL2411800PE.NFO,2024-05-13,13:46:00,2024-07-29,3.4,3.4,3.4,3.4,0,0,1
MIDCPNIFTY29JUL2411800PE.NFO,2024-05-13,13:47:00,2024-07-29,3.4,3.4,3.4,3.4,0,0,1
MIDCPNIFTY29JUL2411800PE.NFO,2024-05-13,13:48:00,2024-07-29,3.4,3.4,3.4,3.4,0,0,1
MIDCPNIFTY29JUL2411800PE.NFO,2024-05-13,13:49:00,2024-07-29,3.4,3.4,3.4,3.4,0,0,1
MIDCPNIFTY29JUL2411800PE.NFO,2024-05-13,13:50:00,2024-07-29,3.4,3.4,3.4,3.4,0,0,1
MIDCPNIFTY29JUL2411800PE.NFO,2024-05-13,13:51:00,2024-07-29,3.4,3.4,3.4,3.4,0,0,1
MIDCPNIFTY29JUL2411800PE.NFO,2024-05-13,13:52:00,2024-07-29,3.4,3.4,3.4,3.4,0,0,1
MIDCPNIFTY29JUL2411800PE.NFO,2024-05-13,13:53:00,2024-07-29,3.4,3.4,3.4,3.4,0,0,1
MIDCPNIFTY29JUL2411800PE.NFO,2024-05-13,13:54:00,2024-07-29,3.4,3.4,3.4,3.4,0,0,1
MIDCPNIFTY29JUL2411800PE.NFO,2024-05-13,13:55:00,2024-07-29,3.4,3.4,3.4,3.4,0,0,1
MIDCPNIFTY29JUL2411800PE.NFO,2024-05-13,13:56:00,2024-07-29,3.4,3.4,3.4,3.4,0,0,1
MIDCPNIFTY29JUL2411800PE.NFO,2024-05-13,13:57:00,2024-07-29,3.4,3.4,3.4,3.4,0,0,1
MIDCPNIFTY29JUL2411800PE.NFO,2024-05-13,13:58:00,2024-07-29,3.4,3.4,3.4,3.4,0,0,1
MIDCPNIFTY29JUL2411800PE.NFO,2024-05-13,13:59:00,2024-07-29,3.4,3.4,3.4,3.4,0,0,1
MIDCPNIFTY29JUL2411800PE.NFO,2024-05-13,14:00:00,2024-07-29,3.4,3.4,3.4,3.4,0,0,1
MIDCPNIFTY29JUL2411800PE.NFO,2024-05-13,14:01:00,2024-07-29,3.4,3.4,3.4,3.4,0,0,1
MIDCPNIFTY29JUL2411800PE.NFO,2024-05-13,14:02:00,2024-07-29,3.4,3.4,3.4,3.4,0,0,1
MIDCPNIFTY29JUL2411800PE.NFO,2024-05-13,14:03:00,2024-07-29,3.4,3.4,3.4,3.4,0,0,1
MIDCPNIFTY29JUL2411800PE.NFO,2024-05-13,14:04:00,2024-07-29,3.4,3.4,3.4,3.4,0,0,1
MIDCPNIFTY29JUL2411800PE.NFO,2024-05-13,14:05:00,2024-07-29,3.4,3.4,3.4,3.4,0,0,1
MIDCPNIFTY29JUL2411800PE.NFO,2024-05-13,14:06:00,2024-07-29,3.4,3.4,3.4,3.4,0,0,1
MIDCPNIFTY29JUL2411800PE.NFO,2024-05-13,14:07:00,2024-07-29,3.4,3.4,3.4,3.4,0,0,1
MIDCPNIFTY29JUL2411800PE.NFO,2024-05-13,14:08:00,2024-07-29,3.4,3.4,3.4,3.4,0,0,1
MIDCPNIFTY29JUL2411800PE.NFO,2024-05-13,14:09:00,2024-07-29,3.4,3.4,3.4,3.4,0,0,1
MIDCPNIFTY29JUL2411800PE.NFO,2024-05-13,14:10:00,2024-07-29,3.4,3.4,3.4,3.4,0,0,1
MIDCPNIFTY29JUL2411800PE.NFO,2024-05-13,14:11:00,2024-07-29,3.4,3.4,3.4,3.4,0,0,1
MIDCPNIFTY29JUL2411800PE.NFO,2024-05-13,14:12:00,2024-07-29,3.4,3.4,3.4,3.4,0,0,1
MIDCPNIFTY29JUL2411800PE.NFO,2024-05-13,14:13:00,2024-07-29,3.4,3.4,3.4,3.4,0,0,1
MIDCPNIFTY29JUL2411800PE.NFO,2024-05-13,14:14:00,2024-07-29,3.4,3.4,3.4,3.4,0,0,1
MIDCPNIFTY29JUL2411800PE.NFO,2024-05-13,14:15:00,2024-07-29,3.4,3.4,3.4,3.4,0,0,1
MIDCPNIFTY29JUL2411800PE.NFO,2024-05-13,14:16:00,2024-07-29,3.4,3.4,3.4,3.4,0,0,1
MIDCPNIFTY29JUL2411800PE.NFO,2024-05-13,14:17:00,2024-07-29,3.4,3.4,3.4,3.4,0,0,1
MIDCPNIFTY29JUL2411800PE.NFO,2024-05-13,14:18:00,2024-07-29,3.4,3.4,3.4,3.4,0,0,1
MIDCPNIFTY29JUL2411800PE.NFO,2024-05-13,14:19:00,2024-07-29,3.4,3.4,3.4,3.4,0,0,1
MIDCPNIFTY29JUL2411800PE.NFO,2024-05-13,14:20:00,2024-07-29,3.4,3.4,3.4,3.4,0,0,1
MIDCPNIFTY29JUL2411800PE.NFO,2024-05-13,14:21:00,2024-07-29,3.4,3.4,3.4,3.4,0,0,1
MIDCPNIFTY29JUL2411800PE.NFO,2024-05-13,14:22:00,2024-07-29,3.4,3.4,3.4,3.4,0,0,1
MIDCPNIFTY29JUL2411800PE.NFO,2024-05-13,14:23:00,2024-07-29,3.4,3.4,3.4,3.4,0,0,1
MIDCPNIFTY29JUL2411800PE.NFO,2024-05-13,14:24:00,2024-07-29,3.4,3.4,3.4,3.4,0,0,1
MIDCPNIFTY29JUL2411800PE.NFO,2024-05-13,14:25:00,2024-07-29,3.4,3.4,3.4,3.4,0,0,1
MIDCPNIFTY29JUL2411800PE.NFO,2024-05-13,14:26:00,2024-07-29,3.4,3.4,3.4,3.4,0,0,1
MIDCPNIFTY29JUL2411800PE.NFO,2024-05-13,14:27:00,2024-07-29,3.4,3.4,3.4,3.4,0,0,1
MIDCPNIFTY29JUL2411800PE.NFO,2024-05-13,14:28:00,2024-07-29,3.4,3.4,3.4,3.4,0,0,1
MIDCPNIFTY29JUL2411800PE.NFO,2024-05-13,14:29:00,2024-07-29,3.4,3.4,3.4,3.4,0,0,1
MIDCPNIFTY29JUL2411800PE.NFO,2024-05-13,14:30:00,2024-07-29,3.4,3.4,3.4,3.4,0,0,1
MIDCPNIFTY29JUL2411800PE.NFO,2024-05-13,14:31:00,2024-07-29,3.4,3.4,3.4,3.4,0,0,1
MIDCPNIFTY29JUL2411800PE.NFO,2024-05-13,14:32:00,2024-07-29,3.4,3.4,3.4,3.4,0,0,1
MIDCPNIFTY29JUL2411800PE.NFO,2024-05-13,14:33:00,2024-07-29,3.4,3.4,3.4,3.4,0,0,1
MIDCPNIFTY29JUL2411800PE.NFO,2024-05-13,14:34:00,2024-07-29,3.4,3.4,3.4,3.4,0,0,1
MIDCPNIFTY29JUL2411800PE.NFO,2024-05-13,14:35:00,2024-07-29,3.4,3.4,3.4,3.4,0,0,1
MIDCPNIFTY29JUL2411800PE.NFO,2024-05-13,14:36:00,2024-07-29,3.4,3.4,3.4,3.4,0,0,1
MIDCPNIFTY29JUL2411800PE.NFO,2024-05-13,14:37:00,2024-07-29,3.4,3.4,3.4,3.4,0,0,1
MIDCPNIFTY29JUL2411800PE.NFO,2024-05-13,14:38:00,2024-07-29,3.4,3.4,3.4,3.4,0,0,1
MIDCPNIFTY29JUL2411800PE.NFO,2024-05-13,14:39:00,2024-07-29,3.4,3.4,3.4,3.4,0,0,1
MIDCPNIFTY29JUL2411800PE.NFO,2024-05-13,14:40:00,2024-07-29,3.4,3.4,3.4,3.4,0,0,1
MIDCPNIFTY29JUL2411800PE.NFO,2024-05-13,14:41:00,2024-07-29,3.4,3.4,3.4,3.4,0,0,1
MIDCPNIFTY29JUL2411800PE.NFO,2024-05-13,14:42:00,2024-07-29,3.4,3.4,3.4,3.4,0,0,1
MIDCPNIFTY29JUL2411800PE.NFO,2024-05-13,14:43:00,2024-07-29,3.4,3.4,3.4,3.4,0,0,1
MIDCPNIFTY29JUL2411800PE.NFO,2024-05-13,14:44:00,2024-07-29,3.4,3.4,3.4,3.4,0,0,1
MIDCPNIFTY29JUL2411800PE.NFO,2024-05-13,14:45:00,2024-07-29,3.4,3.4,3.4,3.4,0,0,1
MIDCPNIFTY29JUL2411800PE.NFO,2024-05-13,14:46:00,2024-07-29,3.4,3.4,3.4,3.4,0,0,1
MIDCPNIFTY29JUL2411800PE.NFO,2024-05-13,14:47:00,2024-07-29,3.4,3.4,3.4,3.4,0,0,1
MIDCPNIFTY29JUL2411800PE.NFO,2024-05-13,14:48:00,2024-07-29,3.4,3.4,3.4,3.4,0,0,1
MIDCPNIFTY29JUL2411800PE.NFO,2024-05-13,14:49:00,2024-07-29,3.4,3.4,3.4,3.4,0,0,1
MIDCPNIFTY29JUL2411800PE.NFO,2024-05-13,14:50:00,2024-07-29,3.4,3.4,3.4,3.4,0,0,1
MIDCPNIFTY29JUL2411800PE.NFO,2024-05-13,14:51:00,2024-07-29,3.4,3.4,3.4,3.4,0,0,1
MIDCPNIFTY29JUL2411800PE.NFO,2024-05-13,14:52:00,2024-07-29,3.4,3.4,3.4,3.4,0,0,1
MIDCPNIFTY29JUL2411800PE.NFO,2024-05-13,14:53:00,2024-07-29,3.4,3.4,3.4,3.4,0,0,1
MIDCPNIFTY29JUL2411800PE.NFO,2024-05-13,14:54:00,2024-07-29,3.4,3.4,3.4,3.4,0,0,1
MIDCPNIFTY29JUL2411800PE.NFO,2024-05-13,14:55:00,2024-07-29,3.4,3.4,3.4,3.4,0,0,1
MIDCPNIFTY29JUL2411800PE.NFO,2024-05-13,14:56:00,2024-07-29,3.4,3.4,3.4,3.4,0,0,1
MIDCPNIFTY29JUL2411800PE.NFO,2024-05-13,14:57:00,2024-07-29,3.4,3.4,3.4,3.4,0,0,1
MIDCPNIFTY29JUL2411800PE.NFO,2024-05-13,14:58:00,2024-07-29,3.4,3.4,3.4,3.4,0,0,1
MIDCPNIFTY29JUL2411800PE.NFO,2024-05-13,14:59:00,2024-07-29,3.4,3.4,3.4,3.4,0,0,1
MIDCPNIFTY29JUL2411800PE.NFO,2024-05-13,15:00:00,2024-07-29,3.4,3.4,3.4,3.4,0,0,1
MIDCPNIFTY29JUL2411800PE.NFO,2024-05-13,15:01:00,2024-07-29,3.4,3.4,3.4,3.4,0,0,1
MIDCPNIFTY29JUL2411800PE.NFO,2024-05-13,15:02:00,2024-07-29,3.4,3.4,3.4,3.4,0,0,1
MIDCPNIFTY29JUL2411800PE.NFO,2024-05-13,15:03:00,2024-07-29,3.4,3.4,3.4,3.4,0,0,1
MIDCPNIFTY29JUL2411800PE.NFO,2024-05-13,15:04:00,2024-07-29,3.4,3.4,3.4,3.4,0,0,1
MIDCPNIFTY29JUL2411800PE.NFO,2024-05-13,15:05:00,2024-07-29,3.4,3.4,3.4,3.4,0,0,1
MIDCPNIFTY29JUL2411800PE.NFO,2024-05-13,15:06:00,2024-07-29,3.4,3.4,3.4,3.4,0,0,1
MIDCPNIFTY29JUL2411800PE.NFO,2024-05-13,15:07:00,2024-07-29,3.4,3.4,3.4,3.4,0,0,1
MIDCPNIFTY29JUL2411800PE.NFO,2024-05-13,15:08:00,2024-07-29,3.4,3.4,3.4,3.4,0,0,1
MIDCPNIFTY29JUL2411800PE.NFO,2024-05-13,15:09:00,2024-07-29,3.4,3.4,3.4,3.4,0,0,1
MIDCPNIFTY29JUL2411800PE.NFO,2024-05-13,15:10:00,2024-07-29,3.4,3.4,3.4,3.4,0,0,1
MIDCPNIFTY29JUL2411800PE.NFO,2024-05-13,15:11:00,2024-07-29,3.4,3.4,3.4,3.4,0,0,1
MIDCPNIFTY29JUL2411800PE.NFO,2024-05-13,15:12:00,2024-07-29,3.4,3.4,3.4,3.4,0,0,1
MIDCPNIFTY29JUL2411800PE.NFO,2024-05-13,15:13:00,2024-07-29,3.4,3.4,3.4,3.4,0,0,1
MIDCPNIFTY29JUL2411800PE.NFO,2024-05-13,15:14:00,2024-07-29,3.4,3.4,3.4,3.4,0,0,1
MIDCPNIFTY29JUL2411800PE.NFO,2024-05-13,15:15:00,2024-07-29,3.4,3.4,3.4,3.4,0,0,1
MIDCPNIFTY29JUL2411800PE.NFO,2024-05-13,15:16:00,2024-07-29,3.4,3.4,3.4,3.4,0,0,1
MIDCPNIFTY29JUL2411800PE.NFO,2024-05-13,15:17:00,2024-07-29,3.4,3.4,3.4,3.4,0,0,1
MIDCPNIFTY29JUL2411800PE.NFO,2024-05-13,15:18:00,2024-07-29,3.4,3.4,3.4,3.4,0,0,1
MIDCPNIFTY29JUL2411800PE.NFO,2024-05-13,15:19:00,2024-07-29,3.4,3.4,3.4,3.4,0,0,1
MIDCPNIFTY29JUL2411800PE.NFO,2024-05-13,15:20:00,2024-07-29,3.4,3.4,3.4,3.4,0,0,1
MIDCPNIFTY29JUL2411800PE.NFO,2024-05-13,15:21:00,2024-07-29,3.4,3.4,3.4,3.4,0,0,1
MIDCPNIFTY29JUL2411800PE.NFO,2024-05-13,15:22:00,2024-07-29,3.4,3.4,3.4,3.4,0,0,1
MIDCPNIFTY29JUL2411800PE.NFO,2024-05-13,15:23:00,2024-07-29,3.4,3.4,3.4,3.4,0,0,1
MIDCPNIFTY29JUL2411800PE.NFO,2024-05-13,15:24:00,2024-07-29,3.4,3.4,3.4,3.4,0,0,1
MIDCPNIFTY29JUL2411800PE.NFO,2024-05-13,15:25:00,2024-07-29,3.4,3.4,3.4,3.4,0,0,1
MIDCPNIFTY29JUL2411800PE.NFO,2024-05-13,15:26:00,2024-07-29,3.4,3.4,3.4,3.4,0,0,1
MIDCPNIFTY29JUL2411800PE.NFO,2024-05-13,15:27:00,2024-07-29,3.4,3.4,3.4,3.4,0,0,1
MIDCPNIFTY29JUL2411800PE.NFO,2024-05-13,15:28:00,2024-07-29,3.4,3.4,3.4,3.4,0,0,1
MIDCPNIFTY29JUL2411800PE.NFO,2024-05-13,15:29:00,2024-07-29,3.4,3.4,3.4,3.4,0,0,1
MIDCPNIFTY29JUL2411800PE.NFO,2024-05-13,15:30:00,2024-07-29,3.4,3.4,3.4,3.4,0,0,1
MIDCPNIFTY29JUL2411800PE.NFO,2024-05-15,09:15:00,2024-07-29,3.4,3.4,3.4,3.4,0,0,0
MIDCPNIFTY29JUL2411800PE.NFO,2024-05-15,09:16:00,2024-07-29,3.4,3.4,3.4,3.4,0,0,1
MIDCPNIFTY29JUL2411800PE.NFO,2024-05-15,09:17:00,2024-07-29,3.4,3.4,3.4,3.4,0,0,1
MIDCPNIFTY29JUL2411800PE.NFO,2024-05-15,09:18:00,2024-07-29,3.4,3.4,3.4,3.4,0,0,1
MIDCPNIFTY29JUL2411800PE.NFO,2024-05-15,09:19:00,2024-07-29,3.4,3.4,3.4,3.4,0,0,1
MIDCPNIFTY29JUL2411800PE.NFO,2024-05-15,09:20:00,2024-07-29,3.4,3.4,3.4,3.4,0,0,1
MIDCPNIFTY29JUL2411800PE.NFO,2024-05-15,09:21:00,2024-07-29,3.4,3.4,3.4,3.4,0,0,1
MIDCPNIFTY29JUL2411800PE.NFO,2024-05-15,09:22:00,2024-07-29,3.4,3.4,3.4,3.4,0,0,1
MIDCPNIFTY29JUL2411800PE.NFO,2024-05-15,09:23:00,2024-07-29,3.4,3.4,3.4,3.4,0,0,1
MIDCPNIFTY29JUL2411800PE.NFO,2024-05-15,09:24:00,2024-07-29,3.4,3.4,3.4,3.4,0,0,1
MIDCPNIFTY29JUL2411800PE.NFO,2024-05-15,09:25:00,2024-07-29,3.4,3.4,3.4,3.4,0,0,1
MIDCPNIFTY29JUL2411800PE.NFO,2024-05-15,09:26:00,2024-07-29,3.4,3.4,3.4,3.4,0,0,1
MIDCPNIFTY29JUL2411800PE.NFO,2024-05-15,09:27:00,2024-07-29,3.4,3.4,3.4,3.4,0,0,1
MIDCPNIFTY29JUL2411800PE.NFO,2024-05-15,09:28:00,2024-07-29,3.4,3.4,3.4,3.4,0,0,1
MIDCPNIFTY29JUL2411800PE.NFO,2024-05-15,09:29:00,2024-07-29,3.4,3.4,3.4,3.4,0,0,1
MIDCPNIFTY29JUL2411800PE.NFO,2024-05-15,09:30:00,2024-07-29,3.4,3.4,3.4,3.4,0,0,1
MIDCPNIFTY29JUL2411800PE.NFO,2024-05-15,09:31:00,2024-07-29,3.4,3.4,3.4,3.4,0,0,1
MIDCPNIFTY29JUL2411800PE.NFO,2024-05-15,09:32:00,2024-07-29,3.4,3.4,3.4,3.4,0,0,1
MIDCPNIFTY29JUL2411800PE.NFO,2024-05-15,09:33:00,2024-07-29,3.4,3.4,3.4,3.4,0,0,1
MIDCPNIFTY29JUL2411800PE.NFO,2024-05-15,09:34:00,2024-07-29,3.4,3.4,3.4,3.4,0,0,1
MIDCPNIFTY29JUL2411800PE.NFO,2024-05-15,09:35:00,2024-07-29,3.4,3.4,3.4,3.4,0,0,1
MIDCPNIFTY29JUL2411800PE.NFO,2024-05-15,09:36:00,2024-07-29,3.4,3.4,3.4,3.4,0,0,1
MIDCPNIFTY29JUL2411800PE.NFO,2024-05-15,09:37:00,2024-07-29,3.4,3.4,3.4,3.4,0,0,1
MIDCPNIFTY29JUL2411800PE.NFO,2024-05-15,09:38:00,2024-07-29,3.4,3.4,3.4,3.4,0,0,1
MIDCPNIFTY29JUL2411800PE.NFO,2024-05-15,09:39:00,2024-07-29,3.4,3.4,3.4,3.4,0,0,1
MIDCPNIFTY29JUL2411800PE.NFO,2024-05-15,09:40:00,2024-07-29,3.4,3.4,3.4,3.4,0,0,1
MIDCPNIFTY29JUL2411800PE.NFO,2024-05-15,09:41:00,2024-07-29,3.4,3.4,3.4,3.4,0,0,1
MIDCPNIFTY29JUL2411800PE.NFO,2024-05-15,09:42:00,2024-07-29,3.4,3.4,3.4,3.4,0,0,1
MIDCPNIFTY29JUL2411800PE.NFO,2024-05-15,09:43:00,2024-07-29,3.4,3.4,3.4,3.4,0,0,1
MIDCPNIFTY29JUL2411800PE.NFO,2024-05-15,09:44:00,2024-07-29,3.4,3.4,3.4,3.4,0,0,1
MIDCPNIFTY29JUL2411800PE.NFO,2024-05-15,09:45:00,2024-07-29,3.4,3.4,3.4,3.4,0,0,1
MIDCPNIFTY29JUL2411800PE.NFO,2024-05-15,09:46:00,2024-07-29,3.4,3.4,3.4,3.4,0,0,1
MIDCPNIFTY29JUL2411800PE.NFO,2024-05-15,09:47:00,2024-07-29,3.4,3.4,3.4,3.4,0,0,1
MIDCPNIFTY29JUL2411800PE.NFO,2024-05-15,09:48:00,2024-07-29,3.4,3.4,3.4,3.4,0,0,1
MIDCPNIFTY29JUL2411800PE.NFO,2024-05-15,09:49:00,2024-07-29,3.4,3.4,3.4,3.4,0,0,1
MIDCPNIFTY29JUL2411800PE.NFO,2024-05-15,09:50:00,2024-07-29,3.4,3.4,3.4,3.4,0,0,1
MIDCPNIFTY29JUL2411800PE.NFO,2024-05-15,09:51:00,2024-07-29,3.4,3.4,3.4,3.4,0,0,1
MIDCPNIFTY29JUL2411800PE.NFO,2024-05-15,09:52:00,2024-07-29,3.4,3.4,3.4,3.4,0,0,1
MIDCPNIFTY29JUL2411800PE.NFO,2024-05-15,09:53:00,2024-07-29,3.4,3.4,3.4,3.4,0,0,1
MIDCPNIFTY29JUL2411800PE.NFO,2024-05-15,09:54:00,2024-07-29,3.4,3.4,3.4,3.4,0,0,1
MIDCPNIFTY29JUL2411800PE.NFO,2024-05-15,09:55:00,2024-07-29,3.4,3.4,3.4,3.4,0,0,1
MIDCPNIFTY29JUL2411800PE.NFO,2024-05-15,09:56:00,2024-07-29,3.4,3.4,3.4,3.4,0,0,1
MIDCPNIFTY29JUL2411800PE.NFO,2024-05-15,09:57:00,2024-07-29,3.4,3.4,3.4,3.4,0,0,1
MIDCPNIFTY29JUL2411800PE.NFO,2024-05-15,09:58:00,2024-07-29,3.4,3.4,3.4,3.4,0,0,1
MIDCPNIFTY29JUL2411800PE.NFO,2024-05-15,09:59:00,2024-07-29,3.4,3.4,3.4,3.4,0,0,1
MIDCPNIFTY29JUL2411800PE.NFO,2024-05-15,10:00:00,2024-07-29,3.4,3.4,3.4,3.4,0,0,1
MIDCPNIFTY29JUL2411800PE.NFO,2024-05-15,10:01:00,2024-07-29,3.4,3.4,3.4,3.4,0,0,1
MIDCPNIFTY29JUL2411800PE.NFO,2024-05-15,10:02:00,2024-07-29,3.4,3.4,3.4,3.4,0,0,1
MIDCPNIFTY29JUL2411800PE.NFO,2024-05-15,10:03:00,2024-07-29,3.4,3.4,3.4,3.4,0,0,1
MIDCPNIFTY29JUL2411800PE.NFO,2024-05-15,10:04:00,2024-07-29,3.4,3.4,3.4,3.4,0,0,1
MIDCPNIFTY29JUL2411800PE.NFO,2024-05-15,10:05:00,2024-07-29,3.4,3.4,3.4,3.4,0,0,1
MIDCPNIFTY29JUL2411800PE.NFO,2024-05-15,10:06:00,2024-07-29,3.4,3.4,3.4,3.4,0,0,1
MIDCPNIFTY29JUL2411800PE.NFO,2024-05-15,10:07:00,2024-07-29,3.4,3.4,3.4,3.4,0,0,1
MIDCPNIFTY29JUL2411800PE.NFO,2024-05-15,10:08:00,2024-07-29,3.4,3.4,3.4,3.4,0,0,1
MIDCPNIFTY29JUL2411800PE.NFO,2024-05-15,10:09:00,2024-07-29,3.4,3.4,3.4,3.4,0,0,1
MIDCPNIFTY29JUL2411800PE.NFO,2024-05-15,10:10:00,2024-07-29,3.4,3.4,3.4,3.4,0,0,1
MIDCPNIFTY29JUL2411800PE.NFO,2024-05-15,10:11:00,2024-07-29,3.4,3.4,3.4,3.4,0,0,1
MIDCPNIFTY29JUL2411800PE.NFO,2024-05-15,10:12:00,2024-07-29,3.4,3.4,3.4,3.4,0,0,1
MIDCPNIFTY29JUL2411800PE.NFO,2024-05-15,10:13:00,2024-07-29,3.4,3.4,3.4,3.4,0,0,1
MIDCPNIFTY29JUL2411800PE.NFO,2024-05-15,10:14:00,2024-07-29,3.4,3.4,3.4,3.4,0,0,1
MIDCPNIFTY29JUL2411800PE.NFO,2024-05-15,10:15:00,2024-07-29,3.4,3.4,3.4,3.4,0,0,1
MIDCPNIFTY29JUL2411800PE.NFO,2024-05-15,10:16:00,2024-07-29,3.4,3.4,3.4,3.4,0,0,1
MIDCPNIFTY29JUL2411800PE.NFO,2024-05-15,10:17:00,2024-07-29,3.4,3.4,3.4,3.4,0,0,1
MIDCPNIFTY29JUL2411800PE.NFO,2024-05-15,10:18:00,2024-07-29,3.4,3.4,3.4,3.4,0,0,1
MIDCPNIFTY29JUL2411800PE.NFO,2024-05-15,10:19:00,2024-07-29,3.4,3.4,3.4,3.4,0,0,1
MIDCPNIFTY29JUL2411800PE.NFO,2024-05-15,10:20:00,2024-07-29,3.4,3.4,3.4,3.4,0,0,1
MIDCPNIFTY29JUL2411800PE.NFO,2024-05-15,10:21:00,2024-07-29,3.4,3.4,3.4,3.4,0,0,1
MIDCPNIFTY29JUL2411800PE.NFO,2024-05-15,10:22:00,2024-07-29,3.4,3.4,3.4,3.4,0,0,1
MIDCPNIFTY29JUL2411800PE.NFO,2024-05-15,10:23:00,2024-07-29,3.4,3.4,3.4,3.4,0,0,1
MIDCPNIFTY29JUL2411800PE.NFO,2024-05-15,10:24:00,2024-07-29,3.4,3.4,3.4,3.4,0,0,1
MIDCPNIFTY29JUL2411800PE.NFO,2024-05-15,10:25:00,2024-07-29,3.4,3.4,3.4,3.4,0,0,1
MIDCPNIFTY29JUL2411800PE.NFO,2024-05-15,10:26:00,2024-07-29,3.4,3.4,3.4,3.4,0,0,1
MIDCPNIFTY29JUL2411800PE.NFO,2024-05-15,10:27:00,2024-07-29,3.4,3.4,3.4,3.4,0,0,1
MIDCPNIFTY29JUL2411800PE.NFO,2024-05-15,10:28:00,2024-07-29,3.4,3.4,3.4,3.4,0,0,1
MIDCPNIFTY29JUL2411800PE.NFO,2024-05-15,10:29:00,2024-07-29,3.4,3.4,3.4,3.4,0,0,1
MIDCPNIFTY29JUL2411800PE.NFO,2024-05-15,10:30:00,2024-07-29,3.4,3.4,3.4,3.4,0,0,1
MIDCPNIFTY29JUL2411800PE.NFO,2024-05-15,10:31:00,2024-07-29,3.4,3.4,3.4,3.4,0,0,1
MIDCPNIFTY29JUL2411800PE.NFO,2024-05-15,10:32:00,2024-07-29,3.4,3.4,3.4,3.4,0,0,1
MIDCPNIFTY29JUL2411800PE.NFO,2024-05-15,10:33:00,2024-07-29,3.4,3.4,3.4,3.4,0,0,1
MIDCPNIFTY29JUL2411800PE.NFO,2024-05-15,10:34:00,2024-07-29,3.4,3.4,3.4,3.4,0,0,1
MIDCPNIFTY29JUL2411800PE.NFO,2024-05-15,10:35:00,2024-07-29,3.4,3.4,3.4,3.4,0,0,1
MIDCPNIFTY29JUL2411800PE.NFO,2024-05-15,10:36:00,2024-07-29,3.4,3.4,3.4,3.4,0,0,1
MIDCPNIFTY29JUL2411800PE.NFO,2024-05-15,10:37:00,2024-07-29,3.4,3.4,3.4,3.4,0,0,1
MIDCPNIFTY29JUL2411800PE.NFO,2024-05-15,10:38:00,2024-07-29,3.4,3.4,3.4,3.4,0,0,1
MIDCPNIFTY29JUL2411800PE.NFO,2024-05-15,10:39:00,2024-07-29,3.4,3.4,3.4,3.4,0,0,1
MIDCPNIFTY29JUL2411800PE.NFO,2024-05-15,10:40:00,2024-07-29,3.4,3.4,3.4,3.4,0,0,1
MIDCPNIFTY29JUL2411800PE.NFO,2024-05-15,10:41:00,2024-07-29,3.4,3.4,3.4,3.4,0,0,1
MIDCPNIFTY29JUL2411800PE.NFO,2024-05-15,10:42:00,2024-07-29,3.4,3.4,3.4,3.4,0,0,1
MIDCPNIFTY29JUL2411800PE.NFO,2024-05-15,10:43:00,2024-07-29,3.4,3.4,3.4,3.4,0,0,1
MIDCPNIFTY29JUL2411800PE.NFO,2024-05-15,10:44:00,2024-07-29,3.4,3.4,3.4,3.4,0,0,1
MIDCPNIFTY29JUL2411800PE.NFO,2024-05-15,10:45:00,2024-07-29,3.4,3.4,3.4,3.4,0,0,1
MIDCPNIFTY29JUL2411800PE.NFO,2024-05-15,10:46:00,2024-07-29,3.4,3.4,3.4,3.4,0,0,1
MIDCPNIFTY29JUL2411800PE.NFO,2024-05-15,10:47:00,2024-07-29,3.4,3.4,3.4,3.4,0,0,1
MIDCPNIFTY29JUL2411800PE.NFO,2024-05-15,10:48:00,2024-07-29,3.4,3.4,3.4,3.4,0,0,1
MIDCPNIFTY29JUL2411800PE.NFO,2024-05-15,10:49:00,2024-07-29,3.4,3.4,3.4,3.4,0,0,1
MIDCPNIFTY29JUL2411800PE.NFO,2024-05-15,10:50:00,2024-07-29,3.4,3.4,3.4,3.4,0,0,1
MIDCPNIFTY29JUL2411800PE.NFO,2024-05-15,10:51:00,2024-07-29,3.4,3.4,3.4,3.4,0,0,1
MIDCPNIFTY29JUL2411800PE.NFO,2024-05-15,10:52:00,2024-07-29,3.4,3.4,3.4,3.4,0,0,1
MIDCPNIFTY29JUL2411800PE.NFO,2024-05-15,10:53:00,2024-07-29,3.4,3.4,3.4,3.4,0,0,1
MIDCPNIFTY29JUL2411800PE.NFO,2024-05-15,10:54:00,2024-07-29,3.4,3.4,3.4,3.4,0,0,1
MIDCPNIFTY29JUL2411800PE.NFO,2024-05-15,10:55:00,2024-07-29,3.4,3.4,3.4,3.4,0,0,1
MIDCPNIFTY29JUL2411800PE.NFO,2024-05-15,10:56:00,2024-07-29,3.4,3.4,3.4,3.4,0,0,1
MIDCPNIFTY29JUL2411800PE.NFO,2024-05-15,10:57:00,2024-07-29,3.4,3.4,3.4,3.4,0,0,1
MIDCPNIFTY29JUL2411800PE.NFO,2024-05-15,10:58:00,2024-07-29,3.4,3.4,3.4,3.4,0,0,1
MIDCPNIFTY29JUL2411800PE.NFO,2024-05-15,10:59:00,2024-07-29,3.4,3.4,3.4,3.4,0,0,1
MIDCPNIFTY29JUL2411800PE.NFO,2024-05-15,11:00:00,2024-07-29,3.4,3.4,3.4,3.4,0,0,1
MIDCPNIFTY29JUL2411800PE.NFO,2024-05-15,11:01:00,2024-07-29,3.4,3.4,3.4,3.4,0,0,1
MIDCPNIFTY29JUL2411800PE.NFO,2024-05-15,11:02:00,2024-07-29,3.4,3.4,3.4,3.4,0,0,1
MIDCPNIFTY29JUL2411800PE.NFO,2024-05-15,11:03:00,2024-07-29,3.4,3.4,3.4,3.4,0,0,1
MIDCPNIFTY29JUL2411800PE.NFO,2024-05-15,11:04:00,2024-07-29,3.4,3.4,3.4,3.4,0,0,1
MIDCPNIFTY29JUL2411800PE.NFO,2024-05-15,11:05:00,2024-07-29,3.4,3.4,3.4,3.4,0,0,1
MIDCPNIFTY29JUL2411800PE.NFO,2024-05-15,11:06:00,2024-07-29,3.4,3.4,3.4,3.4,0,0,1
MIDCPNIFTY29JUL2411800PE.NFO,2024-05-15,11:07:00,2024-07-29,3.4,3.4,3.4,3.4,0,0,1
MIDCPNIFTY29JUL2411800PE.NFO,2024-05-15,11:08:00,2024-07-29,3.4,3.4,3.4,3.4,0,0,1
MIDCPNIFTY29JUL2411800PE.NFO,2024-05-15,11:09:00,2024-07-29,3.4,3.4,3.4,3.4,0,0,1
MIDCPNIFTY29JUL2411800PE.NFO,2024-05-15,11:10:00,2024-07-29,3.4,3.4,3.4,3.4,0,0,1
MIDCPNIFTY29JUL2411800PE.NFO,2024-05-15,11:11:00,2024-07-29,3.4,3.4,3.4,3.4,0,0,1
MIDCPNIFTY29JUL2411800PE.NFO,2024-05-15,11:12:00,2024-07-29,3.4,3.4,3.4,3.4,0,0,1
MIDCPNIFTY29JUL2411800PE.NFO,2024-05-15,11:13:00,2024-07-29,3.4,3.4,3.4,3.4,0,0,1
MIDCPNIFTY29JUL2411800PE.NFO,2024-05-15,11:14:00,2024-07-29,3.4,3.4,3.4,3.4,0,0,1
MIDCPNIFTY29JUL2411800PE.NFO,2024-05-15,11:15:00,2024-07-29,3.4,3.4,3.4,3.4,0,0,1
MIDCPNIFTY29JUL2411800PE.NFO,2024-05-15,11:16:00,2024-07-29,3.4,3.4,3.4,3.4,0,0,1
MIDCPNIFTY29JUL2411800PE.NFO,2024-05-15,11:17:00,2024-07-29,3.4,3.4,3.4,3.4,0,0,1
MIDCPNIFTY29JUL2411800PE.NFO,2024-05-15,11:18:00,2024-07-29,3.4,3.4,3.4,3.4,0,0,1
MIDCPNIFTY29JUL2411800PE.NFO,2024-05-15,11:19:00,2024-07-29,3.4,3.4,3.4,3.4,0,0,1
MIDCPNIFTY29JUL2411800PE.NFO,2024-05-15,11:20:00,2024-07-29,3.4,3.4,3.4,3.4,0,0,1
MIDCPNIFTY29JUL2411800PE.NFO,2024-05-15,11:21:00,2024-07-29,3.4,3.4,3.4,3.4,0,0,1
MIDCPNIFTY29JUL2411800PE.NFO,2024-05-15,11:22:00,2024-07-29,3.4,3.4,3.4,3.4,0,0,1
MIDCPNIFTY29JUL2411800PE.NFO,2024-05-15,11:23:00,2024-07-29,3.4,3.4,3.4,3.4,0,0,1
MIDCPNIFTY29JUL2411800PE.NFO,2024-05-15,11:24:00,2024-07-29,3.4,3.4,3.4,3.4,0,0,1
MIDCPNIFTY29JUL2411800PE.NFO,2024-05-15,11:25:00,2024-07-29,3.4,3.4,3.4,3.4,0,0,1
MIDCPNIFTY29JUL2411800PE.NFO,2024-05-15,11:26:00,2024-07-29,3.4,3.4,3.4,3.4,0,0,1
MIDCPNIFTY29JUL2411800PE.NFO,2024-05-15,11:27:00,2024-07-29,3.4,3.4,3.4,3.4,0,0,1
MIDCPNIFTY29JUL2411800PE.NFO,2024-05-15,11:28:00,2024-07-29,3.4,3.4,3.4,3.4,0,0,1
MIDCPNIFTY29JUL2411800PE.NFO,2024-05-15,11:29:00,2024-07-29,3.4,3.4,3.4,3.4,0,0,1
MIDCPNIFTY29JUL2411800PE.NFO,2024-05-15,11:30:00,2024-07-29,3.4,3.4,3.4,3.4,0,0,1
MIDCPNIFTY29JUL2411800PE.NFO,2024-05-15,11:31:00,2024-07-29,3.4,3.4,3.4,3.4,0,0,1
MIDCPNIFTY29JUL2411800PE.NFO,2024-05-15,11:32:00,2024-07-29,3.4,3.4,3.4,3.4,0,0,1
MIDCPNIFTY29JUL2411800PE.NFO,2024-05-15,11:33:00,2024-07-29,3.4,3.4,3.4,3.4,0,0,1
MIDCPNIFTY29JUL2411800PE.NFO,2024-05-15,11:34:00,2024-07-29,3.4,3.4,3.4,3.4,0,0,1
MIDCPNIFTY29JUL2411800PE.NFO,2024-05-15,11:35:00,2024-07-29,3.4,3.4,3.4,3.4,0,0,1
MIDCPNIFTY29JUL2411800PE.NFO,2024-05-15,11:36:00,2024-07-29,3.4,3.4,3.4,3.4,0,0,1
MIDCPNIFTY29JUL2411800PE.NFO,2024-05-15,11:37:00,2024-07-29,3.4,3.4,3.4,3.4,0,0,1
MIDCPNIFTY29JUL2411800PE.NFO,2024-05-15,11:38:00,2024-07-29,3.4,3.4,3.4,3.4,0,0,1
MIDCPNIFTY29JUL2411800PE.NFO,2024-05-15,11:39:00,2024-07-29,3.4,3.4,3.4,3.4,0,0,1
MIDCPNIFTY29JUL2411800PE.NFO,2024-05-15,11:40:00,2024-07-29,3.4,3.4,3.4,3.4,0,0,1
MIDCPNIFTY29JUL2411800PE.NFO,2024-05-15,11:41:00,2024-07-29,3.4,3.4,3.4,3.4,0,0,1
MIDCPNIFTY29JUL2411800PE.NFO,2024-05-15,11:42:00,2024-07-29,3.4,3.4,3.4,3.4,0,0,1
MIDCPNIFTY29JUL2411800PE.NFO,2024-05-15,11:43:00,2024-07-29,3.4,3.4,3.4,3.4,0,0,1
MIDCPNIFTY29JUL2411800PE.NFO,2024-05-15,11:44:00,2024-07-29,3.4,3.4,3.4,3.4,0,0,1
MIDCPNIFTY29JUL2411800PE.NFO,2024-05-15,11:45:00,2024-07-29,3.4,3.4,3.4,3.4,0,0,1
MIDCPNIFTY29JUL2411800PE.NFO,2024-05-15,11:46:00,2024-07-29,3.4,3.4,3.4,3.4,0,0,1
MIDCPNIFTY29JUL2411800PE.NFO,2024-05-15,11:47:00,2024-07-29,3.4,3.4,3.4,3.4,0,0,1
MIDCPNIFTY29JUL2411800PE.NFO,2024-05-15,11:48:00,2024-07-29,3.4,3.4,3.4,3.4,0,0,1
MIDCPNIFTY29JUL2411800PE.NFO,2024-05-15,11:49:00,2024-07-29,3.4,3.4,3.4,3.4,0,0,1
MIDCPNIFTY29JUL2411800PE.NFO,2024-05-15,11:50:00,2024-07-29,3.4,3.4,3.4,3.4,0,0,1
MIDCPNIFTY29JUL2411800PE.NFO,2024-05-15,11:51:00,2024-07-29,3.4,3.4,3.4,3.4,0,0,1
MIDCPNIFTY29JUL2411800PE.NFO,2024-05-15,11:52:00,2024-07-29,3.4,3.4,3.4,3.4,0,0,1
MIDCPNIFTY29JUL2411800PE.NFO,2024-05-15,11:53:00,2024-07-29,3.4,3.4,3.4,3.4,0,0,1
MIDCPNIFTY29JUL2411800PE.NFO,2024-05-15,11:54:00,2024-07-29,3.4,3.4,3.4,3.4,0,0,1
MIDCPNIFTY29JUL2411800PE.NFO,2024-05-15,11:55:00,2024-07-29,3.4,3.4,3.4,3.4,0,0,1
MIDCPNIFTY29JUL2411800PE.NFO,2024-05-15,11:56:00,2024-07-29,3.4,3.4,3.4,3.4,0,0,1
MIDCPNIFTY29JUL2411800PE.NFO,2024-05-15,11:57:00,2024-07-29,3.4,3.4,3.4,3.4,0,0,1
MIDCPNIFTY29JUL2411800PE.NFO,2024-05-15,11:58:00,2024-07-29,3.4,3.4,3.4,3.4,0,0,1
MIDCPNIFTY29JUL2411800PE.NFO,2024-05-15,11:59:00,2024-07-29,3.4,3.4,3.4,3.4,0,0,1
MIDCPNIFTY29JUL2411800PE.NFO,2024-05-15,12:00:00,2024-07-29,3.4,3.4,3.4,3.4,0,0,1
MIDCPNIFTY29JUL2411800PE.NFO,2024-05-15,12:01:00,2024-07-29,3.4,3.4,3.4,3.4,0,0,1
MIDCPNIFTY29JUL2411800PE.NFO,2024-05-15,12:02:00,2024-07-29,3.4,3.4,3.4,3.4,0,0,1
MIDCPNIFTY29JUL2411800PE.NFO,2024-05-15,12:03:00,2024-07-29,3.4,3.4,3.4,3.4,0,0,1
MIDCPNIFTY29JUL2411800PE.NFO,2024-05-15,12:04:00,2024-07-29,3.4,3.4,3.4,3.4,0,0,1
MIDCPNIFTY29JUL2411800PE.NFO,2024-05-15,12:05:00,2024-07-29,3.4,3.4,3.4,3.4,0,0,1
MIDCPNIFTY29JUL2411800PE.NFO,2024-05-15,12:06:00,2024-07-29,3.4,3.4,3.4,3.4,0,0,1
MIDCPNIFTY29JUL2411800PE.NFO,2024-05-15,12:07:00,2024-07-29,3.4,3.4,3.4,3.4,0,0,1
MIDCPNIFTY29JUL2411800PE.NFO,2024-05-15,12:08:00,2024-07-29,3.4,3.4,3.4,3.4,0,0,1
MIDCPNIFTY29JUL2411800PE.NFO,2024-05-15,12:09:00,2024-07-29,3.4,3.4,3.4,3.4,0,0,1
MIDCPNIFTY29JUL2411800PE.NFO,2024-05-15,12:10:00,2024-07-29,3.4,3.4,3.4,3.4,0,0,1
MIDCPNIFTY29JUL2411800PE.NFO,2024-05-15,12:11:00,2024-07-29,3.4,3.4,3.4,3.4,0,0,1
MIDCPNIFTY29JUL2411800PE.NFO,2024-05-15,12:12:00,2024-07-29,3.4,3.4,3.4,3.4,0,0,1
MIDCPNIFTY29JUL2411800PE.NFO,2024-05-15,12:13:00,2024-07-29,3.4,3.4,3.4,3.4,0,0,1
MIDCPNIFTY29JUL2411800PE.NFO,2024-05-15,12:14:00,2024-07-29,3.4,3.4,3.4,3.4,0,0,1
MIDCPNIFTY29JUL2411800PE.NFO,2024-05-15,12:15:00,2024-07-29,3.4,3.4,3.4,3.4,0,0,1
MIDCPNIFTY29JUL2411800PE.NFO,2024-05-15,12:16:00,2024-07-29,3.4,3.4,3.4,3.4,0,0,1
MIDCPNIFTY29JUL2411800PE.NFO,2024-05-15,12:17:00,2024-07-29,3.4,3.4,3.4,3.4,0,0,1
MIDCPNIFTY29JUL2411800PE.NFO,2024-05-15,12:18:00,2024-07-29,3.4,3.4,3.4,3.4,0,0,1
MIDCPNIFTY29JUL2411800PE.NFO,2024-05-15,12:19:00,2024-07-29,3.4,3.4,3.4,3.4,0,0,1
MIDCPNIFTY29JUL2411800PE.NFO,2024-05-15,12:20:00,2024-07-29,3.4,3.4,3.4,3.4,0,0,1
MIDCPNIFTY29JUL2411800PE.NFO,2024-05-15,12:21:00,2024-07-29,3.4,3.4,3.4,3.4,0,0,1
MIDCPNIFTY29JUL2411800PE.NFO,2024-05-15,12:22:00,2024-07-29,3.4,3.4,3.4,3.4,0,0,1
MIDCPNIFTY29JUL2411800PE.NFO,2024-05-15,12:23:00,2024-07-29,3.4,3.4,3.4,3.4,0,0,1
MIDCPNIFTY29JUL2411800PE.NFO,2024-05-15,12:24:00,2024-07-29,3.4,3.4,3.4,3.4,0,0,1
MIDCPNIFTY29JUL2411800PE.NFO,2024-05-15,12:25:00,2024-07-29,3.4,3.4,3.4,3.4,0,0,1
MIDCPNIFTY29JUL2411800PE.NFO,2024-05-15,12:26:00,2024-07-29,3.4,3.4,3.4,3.4,0,0,1
MIDCPNIFTY29JUL2411800PE.NFO,2024-05-15,12:27:00,2024-07-29,3.4,3.4,3.4,3.4,0,0,1
MIDCPNIFTY29JUL2411800PE.NFO,2024-05-15,12:28:00,2024-07-29,3.4,3.4,3.4,3.4,0,0,1
MIDCPNIFTY29JUL2411800PE.NFO,2024-05-15,12:29:00,2024-07-29,3.4,3.4,3.4,3.4,0,0,1
MIDCPNIFTY29JUL2411800PE.NFO,2024-05-15,12:30:00,2024-07-29,3.4,3.4,3.4,3.4,0,0,1
MIDCPNIFTY29JUL2411800PE.NFO,2024-05-15,12:31:00,2024-07-29,3.4,3.4,3.4,3.4,0,0,1
MIDCPNIFTY29JUL2411800PE.NFO,2024-05-15,12:32:00,2024-07-29,3.4,3.4,3.4,3.4,0,0,1
MIDCPNIFTY29JUL2411800PE.NFO,2024-05-15,12:33:00,2024-07-29,3.4,3.4,3.4,3.4,0,0,1
MIDCPNIFTY29JUL2411800PE.NFO,2024-05-15,12:34:00,2024-07-29,3.4,3.4,3.4,3.4,0,0,1
MIDCPNIFTY29JUL2411800PE.NFO,2024-05-15,12:35:00,2024-07-29,3.4,3.4,3.4,3.4,0,0,1
MIDCPNIFTY29JUL2411800PE.NFO,2024-05-15,12:36:00,2024-07-29,3.4,3.4,3.4,3.4,0,0,1
MIDCPNIFTY29JUL2411800PE.NFO,2024-05-15,12:37:00,2024-07-29,3.4,3.4,3.4,3.4,0,0,1
MIDCPNIFTY29JUL2411800PE.NFO,2024-05-15,12:38:00,2024-07-29,3.4,3.4,3.4,3.4,0,0,1
MIDCPNIFTY29JUL2411800PE.NFO,2024-05-15,12:39:00,2024-07-29,3.4,3.4,3.4,3.4,0,0,1
MIDCPNIFTY29JUL2411800PE.NFO,2024-05-15,12:40:00,2024-07-29,3.4,3.4,3.4,3.4,0,0,1
MIDCPNIFTY29JUL2411800PE.NFO,2024-05-15,12:41:00,2024-07-29,3.4,3.4,3.4,3.4,0,0,1
MIDCPNIFTY29JUL2411800PE.NFO,2024-05-15,12:42:00,2024-07-29,3.4,3.4,3.4,3.4,0,0,1
MIDCPNIFTY29JUL2411800PE.NFO,2024-05-15,12:43:00,2024-07-29,3.4,3.4,3.4,3.4,0,0,1
MIDCPNIFTY29JUL2411800PE.NFO,2024-05-15,12:44:00,2024-07-29,3.4,3.4,3.4,3.4,0,0,1
MIDCPNIFTY29JUL2411800PE.NFO,2024-05-15,12:45:00,2024-07-29,3.4,3.4,3.4,3.4,0,0,1
MIDCPNIFTY29JUL2411800PE.NFO,2024-05-15,12:46:00,2024-07-29,3.4,3.4,3.4,3.4,0,0,1
MIDCPNIFTY29JUL2411800PE.NFO,2024-05-15,12:47:00,2024-07-29,3.4,3.4,3.4,3.4,0,0,1
MIDCPNIFTY29JUL2411800PE.NFO,2024-05-15,12:48:00,2024-07-29,3.4,3.4,3.4,3.4,0,0,1
MIDCPNIFTY29JUL2411800PE.NFO,2024-05-15,12:49:00,2024-07-29,3.4,3.4,3.4,3.4,0,0,1
MIDCPNIFTY29JUL2411800PE.NFO,2024-05-15,12:50:00,2024-07-29,3.4,3.4,3.4,3.4,0,0,1
MIDCPNIFTY29JUL2411800PE.NFO,2024-05-15,12:51:00,2024-07-29,3.4,3.4,3.4,3.4,0,0,1
MIDCPNIFTY29JUL2411800PE.NFO,2024-05-15,12:52:00,2024-07-29,3.4,3.4,3.4,3.4,0,0,1
MIDCPNIFTY29JUL2411800PE.NFO,2024-05-15,12:53:00,2024-07-29,3.4,3.4,3.4,3.4,0,0,1
MIDCPNIFTY29JUL2411800PE.NFO,2024-05-15,12:54:00,2024-07-29,3.4,3.4,3.4,3.4,0,0,1
MIDCPNIFTY29JUL2411800PE.NFO,2024-05-15,12:55:00,2024-07-29,3.4,3.4,3.4,3.4,0,0,1
MIDCPNIFTY29JUL2411800PE.NFO,2024-05-15,12:56:00,2024-07-29,3.4,3.4,3.4,3.4,0,0,1
MIDCPNIFTY29JUL2411800PE.NFO,2024-05-15,12:57:00,2024-07-29,3.4,3.4,3.4,3.4,0,0,1
MIDCPNIFTY29JUL2411800PE.NFO,2024-05-15,12:58:00,2024-07-29,3.4,3.4,3.4,3.4,0,0,1
MIDCPNIFTY29JUL2411800PE.NFO,2024-05-15,12:59:00,2024-07-29,3.4,3.4,3.4,3.4,0,0,1
MIDCPNIFTY29JUL2411800PE.NFO,2024-05-15,13:00:00,2024-07-29,3.4,3.4,3.4,3.4,0,0,1
MIDCPNIFTY29JUL2411800PE.NFO,2024-05-15,13:01:00,2024-07-29,3.4,3.4,3.4,3.4,0,0,1
MIDCPNIFTY29JUL2411800PE.NFO,2024-05-15,13:02:00,2024-07-29,3.4,3.4,3.4,3.4,0,0,1
MIDCPNIFTY29JUL2411800PE.NFO,2024-05-15,13:03:00,2024-07-29,3.4,3.4,3.4,3.4,0,0,1
MIDCPNIFTY29JUL2411800PE.NFO,2024-05-15,13:04:00,2024-07-29,3.4,3.4,3.4,3.4,0,0,1
MIDCPNIFTY29JUL2411800PE.NFO,2024-05-15,13:05:00,2024-07-29,3.4,3.4,3.4,3.4,0,0,1
MIDCPNIFTY29JUL2411800PE.NFO,2024-05-15,13:06:00,2024-07-29,3.4,3.4,3.4,3.4,0,0,1
MIDCPNIFTY29JUL2411800PE.NFO,2024-05-15,13:07:00,2024-07-29,3.4,3.4,3.4,3.4,0,0,1
MIDCPNIFTY29JUL2411800PE.NFO,2024-05-15,13:08:00,2024-07-29,3.4,3.4,3.4,3.4,0,0,1
MIDCPNIFTY29JUL2411800PE.NFO,2024-05-15,13:09:00,2024-07-29,3.4,3.4,3.4,3.4,0,0,1
MIDCPNIFTY29JUL2411800PE.NFO,2024-05-15,13:10:00,2024-07-29,3.4,3.4,3.4,3.4,0,0,1
MIDCPNIFTY29JUL2411800PE.NFO,2024-05-15,13:11:00,2024-07-29,3.4,3.4,3.4,3.4,0,0,1
MIDCPNIFTY29JUL2411800PE.NFO,2024-05-15,13:12:00,2024-07-29,3.4,3.4,3.4,3.4,0,0,1
MIDCPNIFTY29JUL2411800PE.NFO,2024-05-15,13:13:00,2024-07-29,3.4,3.4,3.4,3.4,0,0,1
MIDCPNIFTY29JUL2411800PE.NFO,2024-05-15,13:14:00,2024-07-29,3.4,3.4,3.4,3.4,0,0,1
MIDCPNIFTY29JUL2411800PE.NFO,2024-05-15,13:15:00,2024-07-29,3.4,3.4,3.4,3.4,0,0,1
MIDCPNIFTY29JUL2411800PE.NFO,2024-05-15,13:16:00,2024-07-29,3.4,3.4,3.4,3.4,0,0,1
MIDCPNIFTY29JUL2411800PE.NFO,2024-05-15,13:17:00,2024-07-29,3.4,3.4,3.4,3.4,0,0,1
MIDCPNIFTY29JUL2411800PE.NFO,2024-05-15,13:18:00,2024-07-29,3.4,3.4,3.4,3.4,0,0,1
MIDCPNIFTY29JUL2411800PE.NFO,2024-05-15,13:19:00,2024-07-29,3.4,3.4,3.4,3.4,0,0,1
MIDCPNIFTY29JUL2411800PE.NFO,2024-05-15,13:20:00,2024-07-29,3.4,3.4,3.4,3.4,0,0,1
MIDCPNIFTY29JUL2411800PE.NFO,2024-05-15,13:21:00,2024-07-29,3.4,3.4,3.4,3.4,0,0,1
MIDCPNIFTY29JUL2411800PE.NFO,2024-05-15,13:22:00,2024-07-29,3.4,3.4,3.4,3.4,0,0,1
MIDCPNIFTY29JUL2411800PE.NFO,2024-05-15,13:23:00,2024-07-29,3.4,3.4,3.4,3.4,0,0,1
MIDCPNIFTY29JUL2411800PE.NFO,2024-05-15,13:24:00,2024-07-29,3.4,3.4,3.4,3.4,0,0,1
MIDCPNIFTY29JUL2411800PE.NFO,2024-05-15,13:25:00,2024-07-29,3.4,3.4,3.4,3.4,0,0,1
MIDCPNIFTY29JUL2411800PE.NFO,2024-05-15,13:26:00,2024-07-29,3.4,3.4,3.4,3.4,0,0,1
MIDCPNIFTY29JUL2411800PE.NFO,2024-05-15,13:27:00,2024-07-29,3.4,3.4,3.4,3.4,0,0,1
MIDCPNIFTY29JUL2411800PE.NFO,2024-05-15,13:28:00,2024-07-29,3.4,3.4,3.4,3.4,0,0,1
MIDCPNIFTY29JUL2411800PE.NFO,2024-05-15,13:29:00,2024-07-29,3.4,3.4,3.4,3.4,0,0,1
MIDCPNIFTY29JUL2411800PE.NFO,2024-05-15,13:30:00,2024-07-29,3.4,3.4,3.4,3.4,0,0,1
MIDCPNIFTY29JUL2411800PE.NFO,2024-05-15,13:31:00,2024-07-29,3.4,3.4,3.4,3.4,0,0,1
MIDCPNIFTY29JUL2411800PE.NFO,2024-05-15,13:32:00,2024-07-29,3.4,3.4,3.4,3.4,0,0,1
MIDCPNIFTY29JUL2411800PE.NFO,2024-05-15,13:33:00,2024-07-29,3.4,3.4,3.4,3.4,0,0,1
MIDCPNIFTY29JUL2411800PE.NFO,2024-05-15,13:34:00,2024-07-29,3.4,3.4,3.4,3.4,0,0,1
MIDCPNIFTY29JUL2411800PE.NFO,2024-05-15,13:35:00,2024-07-29,3.4,3.4,3.4,3.4,0,0,1
MIDCPNIFTY29JUL2411800PE.NFO,2024-05-15,13:36:00,2024-07-29,3.4,3.4,3.4,3.4,0,0,1
MIDCPNIFTY29JUL2411800PE.NFO,2024-05-15,13:37:00,2024-07-29,3.4,3.4,3.4,3.4,0,0,1
MIDCPNIFTY29JUL2411800PE.NFO,2024-05-15,13:38:00,2024-07-29,3.4,3.4,3.4,3.4,0,0,1
MIDCPNIFTY29JUL2411800PE.NFO,2024-05-15,13:39:00,2024-07-29,3.4,3.4,3.4,3.4,0,0,1
MIDCPNIFTY29JUL2411800PE.NFO,2024-05-15,13:40:00,2024-07-29,3.4,3.4,3.4,3.4,0,0,1
MIDCPNIFTY29JUL2411800PE.NFO,2024-05-15,13:41:00,2024-07-29,3.4,3.4,3.4,3.4,0,0,1
MIDCPNIFTY29JUL2411800PE.NFO,2024-05-15,13:42:00,2024-07-29,3.4,3.4,3.4,3.4,0,0,1
MIDCPNIFTY29JUL2411800PE.NFO,2024-05-15,13:43:00,2024-07-29,3.4,3.4,3.4,3.4,0,0,1
MIDCPNIFTY29JUL2411800PE.NFO,2024-05-15,13:44:00,2024-07-29,3.4,3.4,3.4,3.4,0,0,1
MIDCPNIFTY29JUL2411800PE.NFO,2024-05-15,13:45:00,2024-07-29,3.4,3.4,3.4,3.4,0,0,1
MIDCPNIFTY29JUL2411800PE.NFO,2024-05-15,13:46:00,2024-07-29,3.4,3.4,3.4,3.4,0,0,1
MIDCPNIFTY29JUL2411800PE.NFO,2024-05-15,13:47:00,2024-07-29,3.4,3.4,3.4,3.4,0,0,1
MIDCPNIFTY29JUL2411800PE.NFO,2024-05-15,13:48:00,2024-07-29,3.4,3.4,3.4,3.4,0,0,1
MIDCPNIFTY29JUL2411800PE.NFO,2024-05-15,13:49:00,2024-07-29,3.4,3.4,3.4,3.4,0,0,1
MIDCPNIFTY29JUL2411800PE.NFO,2024-05-15,13:50:00,2024-07-29,3.4,3.4,3.4,3.4,0,0,1
MIDCPNIFTY29JUL2411800PE.NFO,2024-05-15,13:51:00,2024-07-29,3.4,3.4,3.4,3.4,0,0,1
MIDCPNIFTY29JUL2411800PE.NFO,2024-05-15,13:52:00,2024-07-29,3.4,3.4,3.4,3.4,0,0,1
MIDCPNIFTY29JUL2411800PE.NFO,2024-05-15,13:53:00,2024-07-29,3.4,3.4,3.4,3.4,0,0,1
MIDCPNIFTY29JUL2411800PE.NFO,2024-05-15,13:54:00,2024-07-29,3.4,3.4,3.4,3.4,0,0,1
MIDCPNIFTY29JUL2411800PE.NFO,2024-05-15,13:55:00,2024-07-29,3.4,3.4,3.4,3.4,0,0,1
MIDCPNIFTY29JUL2411800PE.NFO,2024-05-15,13:56:00,2024-07-29,3.4,3.4,3.4,3.4,0,0,1
MIDCPNIFTY29JUL2411800PE.NFO,2024-05-15,13:57:00,2024-07-29,3.4,3.4,3.4,3.4,0,0,1
MIDCPNIFTY29JUL2411800PE.NFO,2024-05-15,13:58:00,2024-07-29,3.4,3.4,3.4,3.4,0,0,1
MIDCPNIFTY29JUL2411800PE.NFO,2024-05-15,13:59:00,2024-07-29,3.4,3.4,3.4,3.4,0,0,1
MIDCPNIFTY29JUL2411800PE.NFO,2024-05-15,14:00:00,2024-07-29,3.4,3.4,3.4,3.4,0,0,1
MIDCPNIFTY29JUL2411800PE.NFO,2024-05-15,14:01:00,2024-07-29,3.4,3.4,3.4,3.4,0,0,1
MIDCPNIFTY29JUL2411800PE.NFO,2024-05-15,14:02:00,2024-07-29,3.4,3.4,3.4,3.4,0,0,1
MIDCPNIFTY29JUL2411800PE.NFO,2024-05-15,14:03:00,2024-07-29,3.4,3.4,3.4,3.4,0,0,1
MIDCPNIFTY29JUL2411800PE.NFO,2024-05-15,14:04:00,2024-07-29,3.4,3.4,3.4,3.4,0,0,1
MIDCPNIFTY29JUL2411800PE.NFO,2024-05-15,14:05:00,2024-07-29,3.4,3.4,3.4,3.4,0,0,1
MIDCPNIFTY29JUL2411800PE.NFO,2024-05-15,14:06:00,2024-07-29,3.4,3.4,3.4,3.4,0,0,1
MIDCPNIFTY29JUL2411800PE.NFO,2024-05-15,14:07:00,2024-07-29,3.4,3.4,3.4,3.4,0,0,1
MIDCPNIFTY29JUL2411800PE.NFO,2024-05-15,14:08:00,2024-07-29,3.4,3.4,3.4,3.4,0,0,1
MIDCPNIFTY29JUL2411800PE.NFO,2024-05-15,14:09:00,2024-07-29,3.4,3.4,3.4,3.4,0,0,1
MIDCPNIFTY29JUL2411800PE.NFO,2024-05-15,14:10:00,2024-07-29,3.4,3.4,3.4,3.4,0,0,1
MIDCPNIFTY29JUL2411800PE.NFO,2024-05-15,14:11:00,2024-07-29,3.4,3.4,3.4,3.4,0,0,1
MIDCPNIFTY29JUL2411800PE.NFO,2024-05-15,14:12:00,2024-07-29,3.4,3.4,3.4,3.4,0,0,1
MIDCPNIFTY29JUL2411800PE.NFO,2024-05-15,14:13:00,2024-07-29,3.4,3.4,3.4,3.4,0,0,1
MIDCPNIFTY29JUL2411800PE.NFO,2024-05-15,14:14:00,2024-07-29,3.4,3.4,3.4,3.4,0,0,1
MIDCPNIFTY29JUL2411800PE.NFO,2024-05-15,14:15:00,2024-07-29,3.4,3.4,3.4,3.4,0,0,1
MIDCPNIFTY29JUL2411800PE.NFO,2024-05-15,14:16:00,2024-07-29,3.4,3.4,3.4,3.4,0,0,1
MIDCPNIFTY29JUL2411800PE.NFO,2024-05-15,14:17:00,2024-07-29,3.4,3.4,3.4,3.4,0,0,1
MIDCPNIFTY29JUL2411800PE.NFO,2024-05-15,14:18:00,2024-07-29,3.4,3.4,3.4,3.4,0,0,1
MIDCPNIFTY29JUL2411800PE.NFO,2024-05-15,14:19:00,2024-07-29,3.4,3.4,3.4,3.4,0,0,1
MIDCPNIFTY29JUL2411800PE.NFO,2024-05-15,14:20:00,2024-07-29,3.4,3.4,3.4,3.4,0,0,1
MIDCPNIFTY29JUL2411800PE.NFO,2024-05-15,14:21:00,2024-07-29,3.4,3.4,3.4,3.4,0,0,1
MIDCPNIFTY29JUL2411800PE.NFO,2024-05-15,14:22:00,2024-07-29,3.4,3.4,3.4,3.4,0,0,1
MIDCPNIFTY29JUL2411800PE.NFO,2024-05-15,14:23:00,2024-07-29,3.4,3.4,3.4,3.4,0,0,1
MIDCPNIFTY29JUL2411800PE.NFO,2024-05-15,14:24:00,2024-07-29,3.4,3.4,3.4,3.4,0,0,1
MIDCPNIFTY29JUL2411800PE.NFO,2024-05-15,14:25:00,2024-07-29,3.4,3.4,3.4,3.4,0,0,1
MIDCPNIFTY29JUL2411800PE.NFO,2024-05-15,14:26:00,2024-07-29,3.4,3.4,3.4,3.4,0,0,1
MIDCPNIFTY29JUL2411800PE.NFO,2024-05-15,14:27:00,2024-07-29,3.4,3.4,3.4,3.4,0,0,1
MIDCPNIFTY29JUL2411800PE.NFO,2024-05-15,14:28:00,2024-07-29,3.4,3.4,3.4,3.4,0,0,1
MIDCPNIFTY29JUL2411800PE.NFO,2024-05-15,14:29:00,2024-07-29,3.4,3.4,3.4,3.4,0,0,1
MIDCPNIFTY29JUL2411800PE.NFO,2024-05-15,14:30:00,2024-07-29,3.4,3.4,3.4,3.4,0,0,1
MIDCPNIFTY29JUL2411800PE.NFO,2024-05-15,14:31:00,2024-07-29,3.4,3.4,3.4,3.4,0,0,1
MIDCPNIFTY29JUL2411800PE.NFO,2024-05-15,14:32:00,2024-07-29,3.4,3.4,3.4,3.4,0,0,1
MIDCPNIFTY29JUL2411800PE.NFO,2024-05-15,14:33:00,2024-07-29,3.4,3.4,3.4,3.4,0,0,1
MIDCPNIFTY29JUL2411800PE.NFO,2024-05-15,14:34:00,2024-07-29,3.4,3.4,3.4,3.4,0,0,1
MIDCPNIFTY29JUL2411800PE.NFO,2024-05-15,14:35:00,2024-07-29,3.4,3.4,3.4,3.4,0,0,1
MIDCPNIFTY29JUL2411800PE.NFO,2024-05-15,14:36:00,2024-07-29,3.4,3.4,3.4,3.4,0,0,1
MIDCPNIFTY29JUL2411800PE.NFO,2024-05-15,14:37:00,2024-07-29,3.4,3.4,3.4,3.4,0,0,1
MIDCPNIFTY29JUL2411800PE.NFO,2024-05-15,14:38:00,2024-07-29,3.4,3.4,3.4,3.4,0,0,1
MIDCPNIFTY29JUL2411800PE.NFO,2024-05-15,14:39:00,2024-07-29,3.4,3.4,3.4,3.4,0,0,1
MIDCPNIFTY29JUL2411800PE.NFO,2024-05-15,14:40:00,2024-07-29,3.4,3.4,3.4,3.4,0,0,1
MIDCPNIFTY29JUL2411800PE.NFO,2024-05-15,14:41:00,2024-07-29,3.4,3.4,3.4,3.4,0,0,1
MIDCPNIFTY29JUL2411800PE.NFO,2024-05-15,14:42:00,2024-07-29,3.4,3.4,3.4,3.4,0,0,1
MIDCPNIFTY29JUL2411800PE.NFO,2024-05-15,14:43:00,2024-07-29,3.4,3.4,3.4,3.4,0,0,1
MIDCPNIFTY29JUL2411800PE.NFO,2024-05-15,14:44:00,2024-07-29,3.4,3.4,3.4,3.4,0,0,1
MIDCPNIFTY29JUL2411800PE.NFO,2024-05-15,14:45:00,2024-07-29,3.4,3.4,3.4,3.4,0,0,1
MIDCPNIFTY29JUL2411800PE.NFO,2024-05-15,14:46:00,2024-07-29,3.4,3.4,3.4,3.4,0,0,1
MIDCPNIFTY29JUL2411800PE.NFO,2024-05-15,14:47:00,2024-07-29,3.4,3.4,3.4,3.4,0,0,1
MIDCPNIFTY29JUL2411800PE.NFO,2024-05-15,14:48:00,2024-07-29,3.4,3.4,3.4,3.4,0,0,1
MIDCPNIFTY29JUL2411800PE.NFO,2024-05-15,14:49:00,2024-07-29,3.4,3.4,3.4,3.4,0,0,1
MIDCPNIFTY29JUL2411800PE.NFO,2024-05-15,14:50:00,2024-07-29,3.4,3.4,3.4,3.4,0,0,1
MIDCPNIFTY29JUL2411800PE.NFO,2024-05-15,14:51:00,2024-07-29,3.4,3.4,3.4,3.4,0,0,1
MIDCPNIFTY29JUL2411800PE.NFO,2024-05-15,14:52:00,2024-07-29,3.4,3.4,3.4,3.4,0,0,1
MIDCPNIFTY29JUL2411800PE.NFO,2024-05-15,14:53:00,2024-07-29,3.4,3.4,3.4,3.4,0,0,1
MIDCPNIFTY29JUL2411800PE.NFO,2024-05-15,14:54:00,2024-07-29,3.4,3.4,3.4,3.4,0,0,1
MIDCPNIFTY29JUL2411800PE.NFO,2024-05-15,14:55:00,2024-07-29,3.4,3.4,3.4,3.4,0,0,1
MIDCPNIFTY29JUL2411800PE.NFO,2024-05-15,14:56:00,2024-07-29,3.4,3.4,3.4,3.4,0,0,1
MIDCPNIFTY29JUL2411800PE.NFO,2024-05-15,14:57:00,2024-07-29,3.4,3.4,3.4,3.4,0,0,1
MIDCPNIFTY29JUL2411800PE.NFO,2024-05-15,14:58:00,2024-07-29,3.4,3.4,3.4,3.4,0,0,1
MIDCPNIFTY29JUL2411800PE.NFO,2024-05-15,14:59:00,2024-07-29,3.4,3.4,3.4,3.4,0,0,1
MIDCPNIFTY29JUL2411800PE.NFO,2024-05-15,15:00:00,2024-07-29,3.4,3.4,3.4,3.4,0,0,1
MIDCPNIFTY29JUL2411800PE.NFO,2024-05-15,15:01:00,2024-07-29,3.4,3.4,3.4,3.4,0,0,1
MIDCPNIFTY29JUL2411800PE.NFO,2024-05-15,15:02:00,2024-07-29,3.4,3.4,3.4,3.4,0,0,1
MIDCPNIFTY29JUL2411800PE.NFO,2024-05-15,15:03:00,2024-07-29,3.4,3.4,3.4,3.4,0,0,1
MIDCPNIFTY29JUL2411800PE.NFO,2024-05-15,15:04:00,2024-07-29,3.4,3.4,3.4,3.4,0,0,1
MIDCPNIFTY29JUL2411800PE.NFO,2024-05-15,15:05:00,2024-07-29,3.4,3.4,3.4,3.4,0,0,1
MIDCPNIFTY29JUL2411800PE.NFO,2024-05-15,15:06:00,2024-07-29,3.4,3.4,3.4,3.4,0,0,1
MIDCPNIFTY29JUL2411800PE.NFO,2024-05-15,15:07:00,2024-07-29,3.4,3.4,3.4,3.4,0,0,1
MIDCPNIFTY29JUL2411800PE.NFO,2024-05-15,15:08:00,2024-07-29,3.4,3.4,3.4,3.4,0,0,1
MIDCPNIFTY29JUL2411800PE.NFO,2024-05-15,15:09:00,2024-07-29,3.4,3.4,3.4,3.4,0,0,1
MIDCPNIFTY29JUL2411800PE.NFO,2024-05-15,15:10:00,2024-07-29,3.4,3.4,3.4,3.4,0,0,1
MIDCPNIFTY29JUL2411800PE.NFO,2024-05-15,15:11:00,2024-07-29,3.4,3.4,3.4,3.4,0,0,1
MIDCPNIFTY29JUL2411800PE.NFO,2024-05-15,15:12:00,2024-07-29,3.4,3.4,3.4,3.4,0,0,1
MIDCPNIFTY29JUL2411800PE.NFO,2024-05-15,15:13:00,2024-07-29,3.4,3.4,3.4,3.4,0,0,1
MIDCPNIFTY29JUL2411800PE.NFO,2024-05-15,15:14:00,2024-07-29,3.4,3.4,3.4,3.4,0,0,1
MIDCPNIFTY29JUL2411800PE.NFO,2024-05-15,15:15:00,2024-07-29,3.4,3.4,3.4,3.4,0,0,1
MIDCPNIFTY29JUL2411800PE.NFO,2024-05-15,15:16:00,2024-07-29,3.4,3.4,3.4,3.4,0,0,1
MIDCPNIFTY29JUL2411800PE.NFO,2024-05-15,15:17:00,2024-07-29,3.4,3.4,3.4,3.4,0,0,1
MIDCPNIFTY29JUL2411800PE.NFO,2024-05-15,15:18:00,2024-07-29,3.4,3.4,3.4,3.4,0,0,1
MIDCPNIFTY29JUL2411800PE.NFO,2024-05-15,15:19:00,2024-07-29,3.4,3.4,3.4,3.4,0,0,1
MIDCPNIFTY29JUL2411800PE.NFO,2024-05-15,15:20:00,2024-07-29,3.4,3.4,3.4,3.4,0,0,1
MIDCPNIFTY29JUL2411800PE.NFO,2024-05-15,15:21:00,2024-07-29,3.4,3.4,3.4,3.4,0,0,1
MIDCPNIFTY29JUL2411800PE.NFO,2024-05-15,15:22:00,2024-07-29,3.4,3.4,3.4,3.4,0,0,1
MIDCPNIFTY29JUL2411800PE.NFO,2024-05-15,15:23:00,2024-07-29,3.4,3.4,3.4,3.4,0,0,1
MIDCPNIFTY29JUL2411800PE.NFO,2024-05-15,15:24:00,2024-07-29,3.4,3.4,3.4,3.4,0,0,1
MIDCPNIFTY29JUL2411800PE.NFO,2024-05-15,15:25:00,2024-07-29,3.4,3.4,3.4,3.4,0,0,1
MIDCPNIFTY29JUL2411800PE.NFO,2024-05-15,15:26:00,2024-07-29,3.4,3.4,3.4,3.4,0,0,1
MIDCPNIFTY29JUL2411800PE.NFO,2024-05-15,15:27:00,2024-07-29,3.4,3.4,3.4,3.4,0,0,1
MIDCPNIFTY29JUL2411800PE.NFO,2024-05-15,15:28:00,2024-07-29,3.4,3.4,3.4,3.4,0,0,1
MIDCPNIFTY29JUL2411800PE.NFO,2024-05-15,15:29:00,2024-07-29,3.4,3.4,3.4,3.4,0,0,1
MIDCPNIFTY29JUL2411800PE.NFO,2024-05-15,15:30:00,2024-07-29,3.4,3.4,3.4,3.4,0,0,1
MIDCPNIFTY29JUL2411800PE.NFO,2024-05-16,09:15:00,2024-07-29,3.4,3.4,3.4,3.4,0,0,0
MIDCPNIFTY29JUL2411800PE.NFO,2024-05-16,09:16:00,2024-07-29,3.4,3.4,3.4,3.4,0,0,1
MIDCPNIFTY29JUL2411800PE.NFO,2024-05-16,09:17:00,2024-07-29,3.4,3.4,3.4,3.4,0,0,1
MIDCPNIFTY29JUL2411800PE.NFO,2024-05-16,09:18:00,2024-07-29,3.4,3.4,3.4,3.4,0,0,1
MIDCPNIFTY29JUL2411800PE.NFO,2024-05-16,09:19:00,2024-07-29,3.4,3.4,3.4,3.4,0,0,1
MIDCPNIFTY29JUL2411800PE.NFO,2024-05-16,09:20:00,2024-07-29,3.4,3.4,3.4,3.4,0,0,1
MIDCPNIFTY29JUL2411800PE.NFO,2024-05-16,09:21:00,2024-07-29,3.4,3.4,3.4,3.4,0,0,1
MIDCPNIFTY29JUL2411800PE.NFO,2024-05-16,09:22:00,2024-07-29,3.4,3.4,3.4,3.4,0,0,1
MIDCPNIFTY29JUL2411800PE.NFO,2024-05-16,09:23:00,2024-07-29,3.4,3.4,3.4,3.4,0,0,1
MIDCPNIFTY29JUL2411800PE.NFO,2024-05-16,09:24:00,2024-07-29,3.4,3.4,3.4,3.4,0,0,1
MIDCPNIFTY29JUL2411800PE.NFO,2024-05-16,09:25:00,2024-07-29,3.4,3.4,3.4,3.4,0,0,1
MIDCPNIFTY29JUL2411800PE.NFO,2024-05-16,09:26:00,2024-07-29,3.4,3.4,3.4,3.4,0,0,1
MIDCPNIFTY29JUL2411800PE.NFO,2024-05-16,09:27:00,2024-07-29,3.4,3.4,3.4,3.4,0,0,1
MIDCPNIFTY29JUL2411800PE.NFO,2024-05-16,09:28:00,2024-07-29,3.4,3.4,3.4,3.4,0,0,1
MIDCPNIFTY29JUL2411800PE.NFO,2024-05-16,09:29:00,2024-07-29,3.4,3.4,3.4,3.4,0,0,1
MIDCPNIFTY29JUL2411800PE.NFO,2024-05-16,09:30:00,2024-07-29,3.4,3.4,3.4,3.4,0,0,1
MIDCPNIFTY29JUL2411800PE.NFO,2024-05-16,09:31:00,2024-07-29,3.4,3.4,3.4,3.4,0,0,1
MIDCPNIFTY29JUL2411800PE.NFO,2024-05-16,09:32:00,2024-07-29,3.4,3.4,3.4,3.4,0,0,1
MIDCPNIFTY29JUL2411800PE.NFO,2024-05-16,09:33:00,2024-07-29,3.4,3.4,3.4,3.4,0,0,1
MIDCPNIFTY29JUL2411800PE.NFO,2024-05-16,09:34:00,2024-07-29,3.4,3.4,3.4,3.4,0,0,1
MIDCPNIFTY29JUL2411800PE.NFO,2024-05-16,09:35:00,2024-07-29,3.4,3.4,3.4,3.4,0,0,1
MIDCPNIFTY29JUL2411800PE.NFO,2024-05-16,09:36:00,2024-07-29,3.4,3.4,3.4,3.4,0,0,1
MIDCPNIFTY29JUL2411800PE.NFO,2024-05-16,09:37:00,2024-07-29,3.4,3.4,3.4,3.4,0,0,1
MIDCPNIFTY29JUL2411800PE.NFO,2024-05-16,09:38:00,2024-07-29,3.4,3.4,3.4,3.4,0,0,1
MIDCPNIFTY29JUL2411800PE.NFO,2024-05-16,09:39:00,2024-07-29,3.4,3.4,3.4,3.4,0,0,1
MIDCPNIFTY29JUL2411800PE.NFO,2024-05-16,09:40:00,2024-07-29,3.4,3.4,3.4,3.4,0,0,1
MIDCPNIFTY29JUL2411800PE.NFO,2024-05-16,09:41:00,2024-07-29,3.4,3.4,3.4,3.4,0,0,1
MIDCPNIFTY29JUL2411800PE.NFO,2024-05-16,09:42:00,2024-07-29,3.4,3.4,3.4,3.4,0,0,1
MIDCPNIFTY29JUL2411800PE.NFO,2024-05-16,09:43:00,2024-07-29,3.4,3.4,3.4,3.4,0,0,1
MIDCPNIFTY29JUL2411800PE.NFO,2024-05-16,09:44:00,2024-07-29,3.4,3.4,3.4,3.4,0,0,1
MIDCPNIFTY29JUL2411800PE.NFO,2024-05-16,09:45:00,2024-07-29,3.4,3.4,3.4,3.4,0,0,1
MIDCPNIFTY29JUL2411800PE.NFO,2024-05-16,09:46:00,2024-07-29,3.4,3.4,3.4,3.4,0,0,1
MIDCPNIFTY29JUL2411800PE.NFO,2024-05-16,09:47:00,2024-07-29,3.4,3.4,3.4,3.4,0,0,1
MIDCPNIFTY29JUL2411800PE.NFO,2024-05-16,09:48:00,2024-07-29,3.4,3.4,3.4,3.4,0,0,1
MIDCPNIFTY29JUL2411800PE.NFO,2024-05-16,09:49:00,2024-07-29,3.4,3.4,3.4,3.4,0,0,1
MIDCPNIFTY29JUL2411800PE.NFO,2024-05-16,09:50:00,2024-07-29,3.4,3.4,3.4,3.4,0,0,1
MIDCPNIFTY29JUL2411800PE.NFO,2024-05-16,09:51:00,2024-07-29,3.4,3.4,3.4,3.4,0,0,1
MIDCPNIFTY29JUL2411800PE.NFO,2024-05-16,09:52:00,2024-07-29,3.4,3.4,3.4,3.4,0,0,1
MIDCPNIFTY29JUL2411800PE.NFO,2024-05-16,09:53:00,2024-07-29,3.4,3.4,3.4,3.4,0,0,1
MIDCPNIFTY29JUL2411800PE.NFO,2024-05-16,09:54:00,2024-07-29,3.4,3.4,3.4,3.4,0,0,1
MIDCPNIFTY29JUL2411800PE.NFO,2024-05-16,09:55:00,2024-07-29,3.4,3.4,3.4,3.4,0,0,1
MIDCPNIFTY29JUL2411800PE.NFO,2024-05-16,09:56:00,2024-07-29,3.4,3.4,3.4,3.4,0,0,1
MIDCPNIFTY29JUL2411800PE.NFO,2024-05-16,09:57:00,2024-07-29,3.4,3.4,3.4,3.4,0,0,1
MIDCPNIFTY29JUL2411800PE.NFO,2024-05-16,09:58:00,2024-07-29,3.4,3.4,3.4,3.4,0,0,1
MIDCPNIFTY29JUL2411800PE.NFO,2024-05-16,09:59:00,2024-07-29,3.4,3.4,3.4,3.4,0,0,1
MIDCPNIFTY29JUL2411800PE.NFO,2024-05-16,10:00:00,2024-07-29,3.4,3.4,3.4,3.4,0,0,1
MIDCPNIFTY29JUL2411800PE.NFO,2024-05-16,10:01:00,2024-07-29,3.4,3.4,3.4,3.4,0,0,1
MIDCPNIFTY29JUL2411800PE.NFO,2024-05-16,10:02:00,2024-07-29,3.4,3.4,3.4,3.4,0,0,1
MIDCPNIFTY29JUL2411800PE.NFO,2024-05-16,10:03:00,2024-07-29,3.4,3.4,3.4,3.4,0,0,1
MIDCPNIFTY29JUL2411800PE.NFO,2024-05-16,10:04:00,2024-07-29,3.4,3.4,3.4,3.4,0,0,1
MIDCPNIFTY29JUL2411800PE.NFO,2024-05-16,10:05:00,2024-07-29,3.4,3.4,3.4,3.4,0,0,1
MIDCPNIFTY29JUL2411800PE.NFO,2024-05-16,10:06:00,2024-07-29,3.4,3.4,3.4,3.4,0,0,1
MIDCPNIFTY29JUL2411800PE.NFO,2024-05-16,10:07:00,2024-07-29,3.4,3.4,3.4,3.4,0,0,1
MIDCPNIFTY29JUL2411800PE.NFO,2024-05-16,10:08:00,2024-07-29,3.4,3.4,3.4,3.4,0,0,1
MIDCPNIFTY29JUL2411800PE.NFO,2024-05-16,10:09:00,2024-07-29,3.4,3.4,3.4,3.4,0,0,1
MIDCPNIFTY29JUL2411800PE.NFO,2024-05-16,10:10:00,2024-07-29,3.4,3.4,3.4,3.4,0,0,1
MIDCPNIFTY29JUL2411800PE.NFO,2024-05-16,10:11:00,2024-07-29,3.4,3.4,3.4,3.4,0,0,1
MIDCPNIFTY29JUL2411800PE.NFO,2024-05-16,10:12:00,2024-07-29,3.4,3.4,3.4,3.4,0,0,1
MIDCPNIFTY29JUL2411800PE.NFO,2024-05-16,10:13:00,2024-07-29,3.4,3.4,3.4,3.4,0,0,1
MIDCPNIFTY29JUL2411800PE.NFO,2024-05-16,10:14:00,2024-07-29,3.4,3.4,3.4,3.4,0,0,1
MIDCPNIFTY29JUL2411800PE.NFO,2024-05-16,10:15:00,2024-07-29,3.4,3.4,3.4,3.4,0,0,1
MIDCPNIFTY29JUL2411800PE.NFO,2024-05-16,10:16:00,2024-07-29,3.4,3.4,3.4,3.4,0,0,1
MIDCPNIFTY29JUL2411800PE.NFO,2024-05-16,10:17:00,2024-07-29,3.4,3.4,3.4,3.4,0,0,1
MIDCPNIFTY29JUL2411800PE.NFO,2024-05-16,10:18:00,2024-07-29,3.4,3.4,3.4,3.4,0,0,1
MIDCPNIFTY29JUL2411800PE.NFO,2024-05-16,10:19:00,2024-07-29,3.4,3.4,3.4,3.4,0,0,1
MIDCPNIFTY29JUL2411800PE.NFO,2024-05-16,10:20:00,2024-07-29,3.4,3.4,3.4,3.4,0,0,1
MIDCPNIFTY29JUL2411800PE.NFO,2024-05-16,10:21:00,2024-07-29,3.4,3.4,3.4,3.4,0,0,1
MIDCPNIFTY29JUL2411800PE.NFO,2024-05-16,10:22:00,2024-07-29,3.4,3.4,3.4,3.4,0,0,1
MIDCPNIFTY29JUL2411800PE.NFO,2024-05-16,10:23:00,2024-07-29,3.4,3.4,3.4,3.4,0,0,1
MIDCPNIFTY29JUL2411800PE.NFO,2024-05-16,10:24:00,2024-07-29,3.4,3.4,3.4,3.4,0,0,1
MIDCPNIFTY29JUL2411800PE.NFO,2024-05-16,10:25:00,2024-07-29,3.4,3.4,3.4,3.4,0,0,1
MIDCPNIFTY29JUL2411800PE.NFO,2024-05-16,10:26:00,2024-07-29,3.4,3.4,3.4,3.4,0,0,1
MIDCPNIFTY29JUL2411800PE.NFO,2024-05-16,10:27:00,2024-07-29,3.4,3.4,3.4,3.4,0,0,1
MIDCPNIFTY29JUL2411800PE.NFO,2024-05-16,10:28:00,2024-07-29,3.4,3.4,3.4,3.4,0,0,1
MIDCPNIFTY29JUL2411800PE.NFO,2024-05-16,10:29:00,2024-07-29,3.4,3.4,3.4,3.4,0,0,1
MIDCPNIFTY29JUL2411800PE.NFO,2024-05-16,10:30:00,2024-07-29,3.4,3.4,3.4,3.4,0,0,1
MIDCPNIFTY29JUL2411800PE.NFO,2024-05-16,10:31:00,2024-07-29,3.4,3.4,3.4,3.4,0,0,1
MIDCPNIFTY29JUL2411800PE.NFO,2024-05-16,10:32:00,2024-07-29,3.4,3.4,3.4,3.4,0,0,1
MIDCPNIFTY29JUL2411800PE.NFO,2024-05-16,10:33:00,2024-07-29,3.4,3.4,3.4,3.4,0,0,1
MIDCPNIFTY29JUL2411800PE.NFO,2024-05-16,10:34:00,2024-07-29,3.4,3.4,3.4,3.4,0,0,1
MIDCPNIFTY29JUL2411800PE.NFO,2024-05-16,10:35:00,2024-07-29,3.4,3.4,3.4,3.4,0,0,1
MIDCPNIFTY29JUL2411800PE.NFO,2024-05-16,10:36:00,2024-07-29,3.4,3.4,3.4,3.4,0,0,1
MIDCPNIFTY29JUL2411800PE.NFO,2024-05-16,10:37:00,2024-07-29,3.4,3.4,3.4,3.4,0,0,1
MIDCPNIFTY29JUL2411800PE.NFO,2024-05-16,10:38:00,2024-07-29,3.4,3.4,3.4,3.4,0,0,1
MIDCPNIFTY29JUL2411800PE.NFO,2024-05-16,10:39:00,2024-07-29,3.4,3.4,3.4,3.4,0,0,1
MIDCPNIFTY29JUL2411800PE.NFO,2024-05-16,10:40:00,2024-07-29,3.4,3.4,3.4,3.4,0,0,1
MIDCPNIFTY29JUL2411800PE.NFO,2024-05-16,10:41:00,2024-07-29,3.4,3.4,3.4,3.4,0,0,1
MIDCPNIFTY29JUL2411800PE.NFO,2024-05-16,10:42:00,2024-07-29,3.4,3.4,3.4,3.4,0,0,1
MIDCPNIFTY29JUL2411800PE.NFO,2024-05-16,10:43:00,2024-07-29,3.4,3.4,3.4,3.4,0,0,1
MIDCPNIFTY29JUL2411800PE.NFO,2024-05-16,10:44:00,2024-07-29,3.4,3.4,3.4,3.4,0,0,1
MIDCPNIFTY29JUL2411800PE.NFO,2024-05-16,10:45:00,2024-07-29,3.4,3.4,3.4,3.4,0,0,1
MIDCPNIFTY29JUL2411800PE.NFO,2024-05-16,10:46:00,2024-07-29,3.4,3.4,3.4,3.4,0,0,1
MIDCPNIFTY29JUL2411800PE.NFO,2024-05-16,10:47:00,2024-07-29,3.4,3.4,3.4,3.4,0,0,1
MIDCPNIFTY29JUL2411800PE.NFO,2024-05-16,10:48:00,2024-07-29,3.4,3.4,3.4,3.4,0,0,1
MIDCPNIFTY29JUL2411800PE.NFO,2024-05-16,10:49:00,2024-07-29,3.4,3.4,3.4,3.4,0,0,1
MIDCPNIFTY29JUL2411800PE.NFO,2024-05-16,10:50:00,2024-07-29,3.4,3.4,3.4,3.4,0,0,1
MIDCPNIFTY29JUL2411800PE.NFO,2024-05-16,10:51:00,2024-07-29,3.4,3.4,3.4,3.4,0,0,1
MIDCPNIFTY29JUL2411800PE.NFO,2024-05-16,10:52:00,2024-07-29,3.4,3.4,3.4,3.4,0,0,1
MIDCPNIFTY29JUL2411800PE.NFO,2024-05-16,10:53:00,2024-07-29,3.4,3.4,3.4,3.4,0,0,1
MIDCPNIFTY29JUL2411800PE.NFO,2024-05-16,10:54:00,2024-07-29,3.4,3.4,3.4,3.4,0,0,1
MIDCPNIFTY29JUL2411800PE.NFO,2024-05-16,10:55:00,2024-07-29,3.4,3.4,3.4,3.4,0,0,1
MIDCPNIFTY29JUL2411800PE.NFO,2024-05-16,10:56:00,2024-07-29,3.4,3.4,3.4,3.4,0,0,1
MIDCPNIFTY29JUL2411800PE.NFO,2024-05-16,10:57:00,2024-07-29,3.4,3.4,3.4,3.4,0,0,1
MIDCPNIFTY29JUL2411800PE.NFO,2024-05-16,10:58:00,2024-07-29,3.4,3.4,3.4,3.4,0,0,1
MIDCPNIFTY29JUL2411800PE.NFO,2024-05-16,10:59:00,2024-07-29,3.4,3.4,3.4,3.4,0,0,1
MIDCPNIFTY29JUL2411800PE.NFO,2024-05-16,11:00:00,2024-07-29,3.4,3.4,3.4,3.4,0,0,1
MIDCPNIFTY29JUL2411800PE.NFO,2024-05-16,11:01:00,2024-07-29,3.4,3.4,3.4,3.4,0,0,1
MIDCPNIFTY29JUL2411800PE.NFO,2024-05-16,11:02:00,2024-07-29,3.4,3.4,3.4,3.4,0,0,1
MIDCPNIFTY29JUL2411800PE.NFO,2024-05-16,11:03:00,2024-07-29,3.4,3.4,3.4,3.4,0,0,1
MIDCPNIFTY29JUL2411800PE.NFO,2024-05-16,11:04:00,2024-07-29,3.4,3.4,3.4,3.4,0,0,1
MIDCPNIFTY29JUL2411800PE.NFO,2024-05-16,11:05:00,2024-07-29,3.4,3.4,3.4,3.4,0,0,1
MIDCPNIFTY29JUL2411800PE.NFO,2024-05-16,11:06:00,2024-07-29,3.4,3.4,3.4,3.4,0,0,1
MIDCPNIFTY29JUL2411800PE.NFO,2024-05-16,11:07:00,2024-07-29,3.4,3.4,3.4,3.4,0,0,1
MIDCPNIFTY29JUL2411800PE.NFO,2024-05-16,11:08:00,2024-07-29,3.4,3.4,3.4,3.4,0,0,1
MIDCPNIFTY29JUL2411800PE.NFO,2024-05-16,11:09:00,2024-07-29,3.4,3.4,3.4,3.4,0,0,1
MIDCPNIFTY29JUL2411800PE.NFO,2024-05-16,11:10:00,2024-07-29,3.4,3.4,3.4,3.4,0,0,1
MIDCPNIFTY29JUL2411800PE.NFO,2024-05-16,11:11:00,2024-07-29,3.4,3.4,3.4,3.4,0,0,1
MIDCPNIFTY29JUL2411800PE.NFO,2024-05-16,11:12:00,2024-07-29,3.4,3.4,3.4,3.4,0,0,1
MIDCPNIFTY29JUL2411800PE.NFO,2024-05-16,11:13:00,2024-07-29,3.4,3.4,3.4,3.4,0,0,1
MIDCPNIFTY29JUL2411800PE.NFO,2024-05-16,11:14:00,2024-07-29,3.4,3.4,3.4,3.4,0,0,1
MIDCPNIFTY29JUL2411800PE.NFO,2024-05-16,11:15:00,2024-07-29,3.4,3.4,3.4,3.4,0,0,1
MIDCPNIFTY29JUL2411800PE.NFO,2024-05-16,11:16:00,2024-07-29,3.4,3.4,3.4,3.4,0,0,1
MIDCPNIFTY29JUL2411800PE.NFO,2024-05-16,11:17:00,2024-07-29,3.4,3.4,3.4,3.4,0,0,1
MIDCPNIFTY29JUL2411800PE.NFO,2024-05-16,11:18:00,2024-07-29,3.4,3.4,3.4,3.4,0,0,1
MIDCPNIFTY29JUL2411800PE.NFO,2024-05-16,11:19:00,2024-07-29,3.4,3.4,3.4,3.4,0,0,1
MIDCPNIFTY29JUL2411800PE.NFO,2024-05-16,11:20:00,2024-07-29,3.4,3.4,3.4,3.4,0,0,1
MIDCPNIFTY29JUL2411800PE.NFO,2024-05-16,11:21:00,2024-07-29,3.4,3.4,3.4,3.4,0,0,1
MIDCPNIFTY29JUL2411800PE.NFO,2024-05-16,11:22:00,2024-07-29,3.4,3.4,3.4,3.4,0,0,1
MIDCPNIFTY29JUL2411800PE.NFO,2024-05-16,11:23:00,2024-07-29,3.4,3.4,3.4,3.4,0,0,1
MIDCPNIFTY29JUL2411800PE.NFO,2024-05-16,11:24:00,2024-07-29,3.4,3.4,3.4,3.4,0,0,1
MIDCPNIFTY29JUL2411800PE.NFO,2024-05-16,11:25:00,2024-07-29,3.4,3.4,3.4,3.4,0,0,1
MIDCPNIFTY29JUL2411800PE.NFO,2024-05-16,11:26:00,2024-07-29,3.4,3.4,3.4,3.4,0,0,1
MIDCPNIFTY29JUL2411800PE.NFO,2024-05-16,11:27:00,2024-07-29,3.4,3.4,3.4,3.4,0,0,1
MIDCPNIFTY29JUL2411800PE.NFO,2024-05-16,11:28:00,2024-07-29,3.4,3.4,3.4,3.4,0,0,1
MIDCPNIFTY29JUL2411800PE.NFO,2024-05-16,11:29:00,2024-07-29,3.4,3.4,3.4,3.4,0,0,1
MIDCPNIFTY29JUL2411800PE.NFO,2024-05-16,11:30:00,2024-07-29,3.4,3.4,3.4,3.4,0,0,1
MIDCPNIFTY29JUL2411800PE.NFO,2024-05-16,11:31:00,2024-07-29,3.4,3.4,3.4,3.4,0,0,1
MIDCPNIFTY29JUL2411800PE.NFO,2024-05-16,11:32:00,2024-07-29,3.4,3.4,3.4,3.4,0,0,1
MIDCPNIFTY29JUL2411800PE.NFO,2024-05-16,11:33:00,2024-07-29,3.4,3.4,3.4,3.4,0,0,1
MIDCPNIFTY29JUL2411800PE.NFO,2024-05-16,11:34:00,2024-07-29,3.4,3.4,3.4,3.4,0,0,1
MIDCPNIFTY29JUL2411800PE.NFO,2024-05-16,11:35:00,2024-07-29,3.4,3.4,3.4,3.4,0,0,1
MIDCPNIFTY29JUL2411800PE.NFO,2024-05-16,11:36:00,2024-07-29,3.4,3.4,3.4,3.4,0,0,1
MIDCPNIFTY29JUL2411800PE.NFO,2024-05-16,11:37:00,2024-07-29,3.4,3.4,3.4,3.4,0,0,1
MIDCPNIFTY29JUL2411800PE.NFO,2024-05-16,11:38:00,2024-07-29,3.4,3.4,3.4,3.4,0,0,1
MIDCPNIFTY29JUL2411800PE.NFO,2024-05-16,11:39:00,2024-07-29,3.4,3.4,3.4,3.4,0,0,1
MIDCPNIFTY29JUL2411800PE.NFO,2024-05-16,11:40:00,2024-07-29,3.4,3.4,3.4,3.4,0,0,1
MIDCPNIFTY29JUL2411800PE.NFO,2024-05-16,11:41:00,2024-07-29,3.4,3.4,3.4,3.4,0,0,1
MIDCPNIFTY29JUL2411800PE.NFO,2024-05-16,11:42:00,2024-07-29,3.4,3.4,3.4,3.4,0,0,1
MIDCPNIFTY29JUL2411800PE.NFO,2024-05-16,11:43:00,2024-07-29,3.4,3.4,3.4,3.4,0,0,1
MIDCPNIFTY29JUL2411800PE.NFO,2024-05-16,11:44:00,2024-07-29,3.4,3.4,3.4,3.4,0,0,1
MIDCPNIFTY29JUL2411800PE.NFO,2024-05-16,11:45:00,2024-07-29,3.4,3.4,3.4,3.4,0,0,1
MIDCPNIFTY29JUL2411800PE.NFO,2024-05-16,11:46:00,2024-07-29,3.4,3.4,3.4,3.4,0,0,1
MIDCPNIFTY29JUL2411800PE.NFO,2024-05-16,11:47:00,2024-07-29,3.4,3.4,3.4,3.4,0,0,1
MIDCPNIFTY29JUL2411800PE.NFO,2024-05-16,11:48:00,2024-07-29,3.4,3.4,3.4,3.4,0,0,1
MIDCPNIFTY29JUL2411800PE.NFO,2024-05-16,11:49:00,2024-07-29,3.4,3.4,3.4,3.4,0,0,1
MIDCPNIFTY29JUL2411800PE.NFO,2024-05-16,11:50:00,2024-07-29,3.4,3.4,3.4,3.4,0,0,1
MIDCPNIFTY29JUL2411800PE.NFO,2024-05-16,11:51:00,2024-07-29,3.4,3.4,3.4,3.4,0,0,1
MIDCPNIFTY29JUL2411800PE.NFO,2024-05-16,11:52:00,2024-07-29,3.4,3.4,3.4,3.4,0,0,1
MIDCPNIFTY29JUL2411800PE.NFO,2024-05-16,11:53:00,2024-07-29,3.4,3.4,3.4,3.4,0,0,1
MIDCPNIFTY29JUL2411800PE.NFO,2024-05-16,11:54:00,2024-07-29,3.4,3.4,3.4,3.4,0,0,1
MIDCPNIFTY29JUL2411800PE.NFO,2024-05-16,11:55:00,2024-07-29,3.4,3.4,3.4,3.4,0,0,1
MIDCPNIFTY29JUL2411800PE.NFO,2024-05-16,11:56:00,2024-07-29,3.4,3.4,3.4,3.4,0,0,1
MIDCPNIFTY29JUL2411800PE.NFO,2024-05-16,11:57:00,2024-07-29,3.4,3.4,3.4,3.4,0,0,1
MIDCPNIFTY29JUL2411800PE.NFO,2024-05-16,11:58:00,2024-07-29,3.4,3.4,3.4,3.4,0,0,1
MIDCPNIFTY29JUL2411800PE.NFO,2024-05-16,11:59:00,2024-07-29,3.4,3.4,3.4,3.4,0,0,1
MIDCPNIFTY29JUL2411800PE.NFO,2024-05-16,12:00:00,2024-07-29,3.4,3.4,3.4,3.4,0,0,1
MIDCPNIFTY29JUL2411800PE.NFO,2024-05-16,12:01:00,2024-07-29,3.4,3.4,3.4,3.4,0,0,1
MIDCPNIFTY29JUL2411800PE.NFO,2024-05-16,12:02:00,2024-07-29,3.4,3.4,3.4,3.4,0,0,1
MIDCPNIFTY29JUL2411800PE.NFO,2024-05-16,12:03:00,2024-07-29,3.4,3.4,3.4,3.4,0,0,1
MIDCPNIFTY29JUL2411800PE.NFO,2024-05-16,12:04:00,2024-07-29,3.4,3.4,3.4,3.4,0,0,1
MIDCPNIFTY29JUL2411800PE.NFO,2024-05-16,12:05:00,2024-07-29,3.4,3.4,3.4,3.4,0,0,1
MIDCPNIFTY29JUL2411800PE.NFO,2024-05-16,12:06:00,2024-07-29,3.4,3.4,3.4,3.4,0,0,1
MIDCPNIFTY29JUL2411800PE.NFO,2024-05-16,12:07:00,2024-07-29,3.4,3.4,3.4,3.4,0,0,1
MIDCPNIFTY29JUL2411800PE.NFO,2024-05-16,12:08:00,2024-07-29,3.4,3.4,3.4,3.4,0,0,1
MIDCPNIFTY29JUL2411800PE.NFO,2024-05-16,12:09:00,2024-07-29,3.4,3.4,3.4,3.4,0,0,1
MIDCPNIFTY29JUL2411800PE.NFO,2024-05-16,12:10:00,2024-07-29,3.4,3.4,3.4,3.4,0,0,1
MIDCPNIFTY29JUL2411800PE.NFO,2024-05-16,12:11:00,2024-07-29,3.4,3.4,3.4,3.4,0,0,1
MIDCPNIFTY29JUL2411800PE.NFO,2024-05-16,12:12:00,2024-07-29,3.4,3.4,3.4,3.4,0,0,1
MIDCPNIFTY29JUL2411800PE.NFO,2024-05-16,12:13:00,2024-07-29,3.4,3.4,3.4,3.4,0,0,1
MIDCPNIFTY29JUL2411800PE.NFO,2024-05-16,12:14:00,2024-07-29,3.4,3.4,3.4,3.4,0,0,1
MIDCPNIFTY29JUL2411800PE.NFO,2024-05-16,12:15:00,2024-07-29,3.4,3.4,3.4,3.4,0,0,1
MIDCPNIFTY29JUL2411800PE.NFO,2024-05-16,12:16:00,2024-07-29,3.4,3.4,3.4,3.4,0,0,1
MIDCPNIFTY29JUL2411800PE.NFO,2024-05-16,12:17:00,2024-07-29,3.4,3.4,3.4,3.4,0,0,1
MIDCPNIFTY29JUL2411800PE.NFO,2024-05-16,12:18:00,2024-07-29,3.4,3.4,3.4,3.4,0,0,1
MIDCPNIFTY29JUL2411800PE.NFO,2024-05-16,12:19:00,2024-07-29,3.4,3.4,3.4,3.4,0,0,1
MIDCPNIFTY29JUL2411800PE.NFO,2024-05-16,12:20:00,2024-07-29,3.4,3.4,3.4,3.4,0,0,1
MIDCPNIFTY29JUL2411800PE.NFO,2024-05-16,12:21:00,2024-07-29,3.4,3.4,3.4,3.4,0,0,1
MIDCPNIFTY29JUL2411800PE.NFO,2024-05-16,12:22:00,2024-07-29,3.4,3.4,3.4,3.4,0,0,1
MIDCPNIFTY29JUL2411800PE.NFO,2024-05-16,12:23:00,2024-07-29,3.4,3.4,3.4,3.4,0,0,1
MIDCPNIFTY29JUL2411800PE.NFO,2024-05-16,12:24:00,2024-07-29,3.4,3.4,3.4,3.4,0,0,1
MIDCPNIFTY29JUL2411800PE.NFO,2024-05-16,12:25:00,2024-07-29,3.4,3.4,3.4,3.4,0,0,1
MIDCPNIFTY29JUL2411800PE.NFO,2024-05-16,12:26:00,2024-07-29,3.4,3.4,3.4,3.4,0,0,1
MIDCPNIFTY29JUL2411800PE.NFO,2024-05-16,12:27:00,2024-07-29,3.4,3.4,3.4,3.4,0,0,1
MIDCPNIFTY29JUL2411800PE.NFO,2024-05-16,12:28:00,2024-07-29,3.4,3.4,3.4,3.4,0,0,1
MIDCPNIFTY29JUL2411800PE.NFO,2024-05-16,12:29:00,2024-07-29,3.4,3.4,3.4,3.4,0,0,1
MIDCPNIFTY29JUL2411800PE.NFO,2024-05-16,12:30:00,2024-07-29,3.4,3.4,3.4,3.4,0,0,1
MIDCPNIFTY29JUL2411800PE.NFO,2024-05-16,12:31:00,2024-07-29,3.4,3.4,3.4,3.4,0,0,1
MIDCPNIFTY29JUL2411800PE.NFO,2024-05-16,12:32:00,2024-07-29,3.4,3.4,3.4,3.4,0,0,1
MIDCPNIFTY29JUL2411800PE.NFO,2024-05-16,12:33:00,2024-07-29,3.4,3.4,3.4,3.4,0,0,1
MIDCPNIFTY29JUL2411800PE.NFO,2024-05-16,12:34:00,2024-07-29,3.4,3.4,3.4,3.4,0,0,1
MIDCPNIFTY29JUL2411800PE.NFO,2024-05-16,12:35:00,2024-07-29,3.4,3.4,3.4,3.4,0,0,1
MIDCPNIFTY29JUL2411800PE.NFO,2024-05-16,12:36:00,2024-07-29,3.4,3.4,3.4,3.4,0,0,1
MIDCPNIFTY29JUL2411800PE.NFO,2024-05-16,12:37:00,2024-07-29,3.4,3.4,3.4,3.4,0,0,1
MIDCPNIFTY29JUL2411800PE.NFO,2024-05-16,12:38:00,2024-07-29,3.4,3.4,3.4,3.4,0,0,1
MIDCPNIFTY29JUL2411800PE.NFO,2024-05-16,12:39:00,2024-07-29,3.4,3.4,3.4,3.4,0,0,1
MIDCPNIFTY29JUL2411800PE.NFO,2024-05-16,12:40:00,2024-07-29,3.4,3.4,3.4,3.4,0,0,1
MIDCPNIFTY29JUL2411800PE.NFO,2024-05-16,12:41:00,2024-07-29,3.4,3.4,3.4,3.4,0,0,1
MIDCPNIFTY29JUL2411800PE.NFO,2024-05-16,12:42:00,2024-07-29,3.4,3.4,3.4,3.4,0,0,1
MIDCPNIFTY29JUL2411800PE.NFO,2024-05-16,12:43:00,2024-07-29,3.4,3.4,3.4,3.4,0,0,1
MIDCPNIFTY29JUL2411800PE.NFO,2024-05-16,12:44:00,2024-07-29,3.4,3.4,3.4,3.4,0,0,1
MIDCPNIFTY29JUL2411800PE.NFO,2024-05-16,12:45:00,2024-07-29,3.4,3.4,3.4,3.4,0,0,1
MIDCPNIFTY29JUL2411800PE.NFO,2024-05-16,12:46:00,2024-07-29,3.4,3.4,3.4,3.4,0,0,1
MIDCPNIFTY29JUL2411800PE.NFO,2024-05-16,12:47:00,2024-07-29,3.4,3.4,3.4,3.4,0,0,1
MIDCPNIFTY29JUL2411800PE.NFO,2024-05-16,12:48:00,2024-07-29,3.4,3.4,3.4,3.4,0,0,1
MIDCPNIFTY29JUL2411800PE.NFO,2024-05-16,12:49:00,2024-07-29,3.4,3.4,3.4,3.4,0,0,1
MIDCPNIFTY29JUL2411800PE.NFO,2024-05-16,12:50:00,2024-07-29,3.4,3.4,3.4,3.4,0,0,1
MIDCPNIFTY29JUL2411800PE.NFO,2024-05-16,12:51:00,2024-07-29,3.4,3.4,3.4,3.4,0,0,1
MIDCPNIFTY29JUL2411800PE.NFO,2024-05-16,12:52:00,2024-07-29,3.4,3.4,3.4,3.4,0,0,1
MIDCPNIFTY29JUL2411800PE.NFO,2024-05-16,12:53:00,2024-07-29,3.4,3.4,3.4,3.4,0,0,1
MIDCPNIFTY29JUL2411800PE.NFO,2024-05-16,12:54:00,2024-07-29,3.4,3.4,3.4,3.4,0,0,1
MIDCPNIFTY29JUL2411800PE.NFO,2024-05-16,12:55:00,2024-07-29,3.4,3.4,3.4,3.4,0,0,1
MIDCPNIFTY29JUL2411800PE.NFO,2024-05-16,12:56:00,2024-07-29,3.4,3.4,3.4,3.4,0,0,1
MIDCPNIFTY29JUL2411800PE.NFO,2024-05-16,12:57:00,2024-07-29,3.4,3.4,3.4,3.4,0,0,1
MIDCPNIFTY29JUL2411800PE.NFO,2024-05-16,12:58:00,2024-07-29,3.4,3.4,3.4,3.4,0,0,1
MIDCPNIFTY29JUL2411800PE.NFO,2024-05-16,12:59:00,2024-07-29,3.4,3.4,3.4,3.4,0,0,1
MIDCPNIFTY29JUL2411800PE.NFO,2024-05-16,13:00:00,2024-07-29,3.4,3.4,3.4,3.4,0,0,1
MIDCPNIFTY29JUL2411800PE.NFO,2024-05-16,13:01:00,2024-07-29,3.4,3.4,3.4,3.4,0,0,1
MIDCPNIFTY29JUL2411800PE.NFO,2024-05-16,13:02:00,2024-07-29,3.4,3.4,3.4,3.4,0,0,1
MIDCPNIFTY29JUL2411800PE.NFO,2024-05-16,13:03:00,2024-07-29,3.4,3.4,3.4,3.4,0,0,1
MIDCPNIFTY29JUL2411800PE.NFO,2024-05-16,13:04:00,2024-07-29,3.4,3.4,3.4,3.4,0,0,1
MIDCPNIFTY29JUL2411800PE.NFO,2024-05-16,13:05:00,2024-07-29,3.4,3.4,3.4,3.4,0,0,1
MIDCPNIFTY29JUL2411800PE.NFO,2024-05-16,13:06:00,2024-07-29,3.4,3.4,3.4,3.4,0,0,1
MIDCPNIFTY29JUL2411800PE.NFO,2024-05-16,13:07:00,2024-07-29,3.4,3.4,3.4,3.4,0,0,1
MIDCPNIFTY29JUL2411800PE.NFO,2024-05-16,13:08:00,2024-07-29,3.4,3.4,3.4,3.4,0,0,1
MIDCPNIFTY29JUL2411800PE.NFO,2024-05-16,13:09:00,2024-07-29,3.4,3.4,3.4,3.4,0,0,1
MIDCPNIFTY29JUL2411800PE.NFO,2024-05-16,13:10:00,2024-07-29,3.4,3.4,3.4,3.4,0,0,1
MIDCPNIFTY29JUL2411800PE.NFO,2024-05-16,13:11:00,2024-07-29,3.4,3.4,3.4,3.4,0,0,1
MIDCPNIFTY29JUL2411800PE.NFO,2024-05-16,13:12:00,2024-07-29,3.4,3.4,3.4,3.4,0,0,1
MIDCPNIFTY29JUL2411800PE.NFO,2024-05-16,13:13:00,2024-07-29,3.4,3.4,3.4,3.4,0,0,1
MIDCPNIFTY29JUL2411800PE.NFO,2024-05-16,13:14:00,2024-07-29,3.4,3.4,3.4,3.4,0,0,1
MIDCPNIFTY29JUL2411800PE.NFO,2024-05-16,13:15:00,2024-07-29,3.4,3.4,3.4,3.4,0,0,1
MIDCPNIFTY29JUL2411800PE.NFO,2024-05-16,13:16:00,2024-07-29,3.4,3.4,3.4,3.4,0,0,1
MIDCPNIFTY29JUL2411800PE.NFO,2024-05-16,13:17:00,2024-07-29,3.4,3.4,3.4,3.4,0,0,1
MIDCPNIFTY29JUL2411800PE.NFO,2024-05-16,13:18:00,2024-07-29,3.4,3.4,3.4,3.4,0,0,1
MIDCPNIFTY29JUL2411800PE.NFO,2024-05-16,13:19:00,2024-07-29,3.4,3.4,3.4,3.4,0,0,1
MIDCPNIFTY29JUL2411800PE.NFO,2024-05-16,13:20:00,2024-07-29,3.4,3.4,3.4,3.4,0,0,1
MIDCPNIFTY29JUL2411800PE.NFO,2024-05-16,13:21:00,2024-07-29,3.4,3.4,3.4,3.4,0,0,1
MIDCPNIFTY29JUL2411800PE.NFO,2024-05-16,13:22:00,2024-07-29,3.4,3.4,3.4,3.4,0,0,1
MIDCPNIFTY29JUL2411800PE.NFO,2024-05-16,13:23:00,2024-07-29,3.4,3.4,3.4,3.4,0,0,1
MIDCPNIFTY29JUL2411800PE.NFO,2024-05-16,13:24:00,2024-07-29,3.4,3.4,3.4,3.4,0,0,1
MIDCPNIFTY29JUL2411800PE.NFO,2024-05-16,13:25:00,2024-07-29,3.4,3.4,3.4,3.4,0,0,1
MIDCPNIFTY29JUL2411800PE.NFO,2024-05-16,13:26:00,2024-07-29,3.4,3.4,3.4,3.4,0,0,1
MIDCPNIFTY29JUL2411800PE.NFO,2024-05-16,13:27:00,2024-07-29,3.4,3.4,3.4,3.4,0,0,1
MIDCPNIFTY29JUL2411800PE.NFO,2024-05-16,13:28:00,2024-07-29,3.4,3.4,3.4,3.4,0,0,1
MIDCPNIFTY29JUL2411800PE.NFO,2024-05-16,13:29:00,2024-07-29,3.4,3.4,3.4,3.4,0,0,1
MIDCPNIFTY29JUL2411800PE.NFO,2024-05-16,13:30:00,2024-07-29,3.4,3.4,3.4,3.4,0,0,1
MIDCPNIFTY29JUL2411800PE.NFO,2024-05-16,13:31:00,2024-07-29,3.4,3.4,3.4,3.4,0,0,1
MIDCPNIFTY29JUL2411800PE.NFO,2024-05-16,13:32:00,2024-07-29,3.4,3.4,3.4,3.4,0,0,1
MIDCPNIFTY29JUL2411800PE.NFO,2024-05-16,13:33:00,2024-07-29,3.4,3.4,3.4,3.4,0,0,1
MIDCPNIFTY29JUL2411800PE.NFO,2024-05-16,13:34:00,2024-07-29,3.4,3.4,3.4,3.4,0,0,1
MIDCPNIFTY29JUL2411800PE.NFO,2024-05-16,13:35:00,2024-07-29,3.4,3.4,3.4,3.4,0,0,1
MIDCPNIFTY29JUL2411800PE.NFO,2024-05-16,13:36:00,2024-07-29,3.4,3.4,3.4,3.4,0,0,1
MIDCPNIFTY29JUL2411800PE.NFO,2024-05-16,13:37:00,2024-07-29,3.4,3.4,3.4,3.4,0,0,1
MIDCPNIFTY29JUL2411800PE.NFO,2024-05-16,13:38:00,2024-07-29,3.4,3.4,3.4,3.4,0,0,1
MIDCPNIFTY29JUL2411800PE.NFO,2024-05-16,13:39:00,2024-07-29,3.4,3.4,3.4,3.4,0,0,1
MIDCPNIFTY29JUL2411800PE.NFO,2024-05-16,13:40:00,2024-07-29,3.4,3.4,3.4,3.4,0,0,1
MIDCPNIFTY29JUL2411800PE.NFO,2024-05-16,13:41:00,2024-07-29,3.4,3.4,3.4,3.4,0,0,1
MIDCPNIFTY29JUL2411800PE.NFO,2024-05-16,13:42:00,2024-07-29,3.4,3.4,3.4,3.4,0,0,1
MIDCPNIFTY29JUL2411800PE.NFO,2024-05-16,13:43:00,2024-07-29,3.4,3.4,3.4,3.4,0,0,1
MIDCPNIFTY29JUL2411800PE.NFO,2024-05-16,13:44:00,2024-07-29,3.4,3.4,3.4,3.4,0,0,1
MIDCPNIFTY29JUL2411800PE.NFO,2024-05-16,13:45:00,2024-07-29,3.4,3.4,3.4,3.4,0,0,1
MIDCPNIFTY29JUL2411800PE.NFO,2024-05-16,13:46:00,2024-07-29,3.4,3.4,3.4,3.4,0,0,1
MIDCPNIFTY29JUL2411800PE.NFO,2024-05-16,13:47:00,2024-07-29,3.4,3.4,3.4,3.4,0,0,1
MIDCPNIFTY29JUL2411800PE.NFO,2024-05-16,13:48:00,2024-07-29,3.4,3.4,3.4,3.4,0,0,1
MIDCPNIFTY29JUL2411800PE.NFO,2024-05-16,13:49:00,2024-07-29,3.4,3.4,3.4,3.4,0,0,1
MIDCPNIFTY29JUL2411800PE.NFO,2024-05-16,13:50:00,2024-07-29,3.4,3.4,3.4,3.4,0,0,1
MIDCPNIFTY29JUL2411800PE.NFO,2024-05-16,13:51:00,2024-07-29,3.4,3.4,3.4,3.4,0,0,1
MIDCPNIFTY29JUL2411800PE.NFO,2024-05-16,13:52:00,2024-07-29,3.4,3.4,3.4,3.4,0,0,1
MIDCPNIFTY29JUL2411800PE.NFO,2024-05-16,13:53:00,2024-07-29,3.4,3.4,3.4,3.4,0,0,1
MIDCPNIFTY29JUL2411800PE.NFO,2024-05-16,13:54:00,2024-07-29,3.4,3.4,3.4,3.4,0,0,1
MIDCPNIFTY29JUL2411800PE.NFO,2024-05-16,13:55:00,2024-07-29,3.4,3.4,3.4,3.4,0,0,1
MIDCPNIFTY29JUL2411800PE.NFO,2024-05-16,13:56:00,2024-07-29,3.4,3.4,3.4,3.4,0,0,1
MIDCPNIFTY29JUL2411800PE.NFO,2024-05-16,13:57:00,2024-07-29,3.4,3.4,3.4,3.4,0,0,1
MIDCPNIFTY29JUL2411800PE.NFO,2024-05-16,13:58:00,2024-07-29,3.4,3.4,3.4,3.4,0,0,1
MIDCPNIFTY29JUL2411800PE.NFO,2024-05-16,13:59:00,2024-07-29,3.4,3.4,3.4,3.4,0,0,1
MIDCPNIFTY29JUL2411800PE.NFO,2024-05-16,14:00:00,2024-07-29,3.4,3.4,3.4,3.4,0,0,1
MIDCPNIFTY29JUL2411800PE.NFO,2024-05-16,14:01:00,2024-07-29,3.4,3.4,3.4,3.4,0,0,1
MIDCPNIFTY29JUL2411800PE.NFO,2024-05-16,14:02:00,2024-07-29,3.4,3.4,3.4,3.4,0,0,1
MIDCPNIFTY29JUL2411800PE.NFO,2024-05-16,14:03:00,2024-07-29,3.4,3.4,3.4,3.4,0,0,1
MIDCPNIFTY29JUL2411800PE.NFO,2024-05-16,14:04:00,2024-07-29,3.4,3.4,3.4,3.4,0,0,1
MIDCPNIFTY29JUL2411800PE.NFO,2024-05-16,14:05:00,2024-07-29,3.4,3.4,3.4,3.4,0,0,1
MIDCPNIFTY29JUL2411800PE.NFO,2024-05-16,14:06:00,2024-07-29,3.4,3.4,3.4,3.4,0,0,1
MIDCPNIFTY29JUL2411800PE.NFO,2024-05-16,14:07:00,2024-07-29,3.4,3.4,3.4,3.4,0,0,1
MIDCPNIFTY29JUL2411800PE.NFO,2024-05-16,14:08:00,2024-07-29,3.4,3.4,3.4,3.4,0,0,1
MIDCPNIFTY29JUL2411800PE.NFO,2024-05-16,14:09:00,2024-07-29,3.4,3.4,3.4,3.4,0,0,1
MIDCPNIFTY29JUL2411800PE.NFO,2024-05-16,14:10:00,2024-07-29,3.4,3.4,3.4,3.4,0,0,1
MIDCPNIFTY29JUL2411800PE.NFO,2024-05-16,14:11:00,2024-07-29,3.4,3.4,3.4,3.4,0,0,1
MIDCPNIFTY29JUL2411800PE.NFO,2024-05-16,14:12:00,2024-07-29,3.4,3.4,3.4,3.4,0,0,1
MIDCPNIFTY29JUL2411800PE.NFO,2024-05-16,14:13:00,2024-07-29,3.4,3.4,3.4,3.4,0,0,1
MIDCPNIFTY29JUL2411800PE.NFO,2024-05-16,14:14:00,2024-07-29,3.4,3.4,3.4,3.4,0,0,1
MIDCPNIFTY29JUL2411800PE.NFO,2024-05-16,14:15:00,2024-07-29,3.4,3.4,3.4,3.4,0,0,1
MIDCPNIFTY29JUL2411800PE.NFO,2024-05-16,14:16:00,2024-07-29,3.4,3.4,3.4,3.4,0,0,1
MIDCPNIFTY29JUL2411800PE.NFO,2024-05-16,14:17:00,2024-07-29,3.4,3.4,3.4,3.4,0,0,1
MIDCPNIFTY29JUL2411800PE.NFO,2024-05-16,14:18:00,2024-07-29,3.4,3.4,3.4,3.4,0,0,1
MIDCPNIFTY29JUL2411800PE.NFO,2024-05-16,14:19:00,2024-07-29,3.4,3.4,3.4,3.4,0,0,1
MIDCPNIFTY29JUL2411800PE.NFO,2024-05-16,14:20:00,2024-07-29,3.4,3.4,3.4,3.4,0,0,1
MIDCPNIFTY29JUL2411800PE.NFO,2024-05-16,14:21:00,2024-07-29,3.4,3.4,3.4,3.4,0,0,1
MIDCPNIFTY29JUL2411800PE.NFO,2024-05-16,14:22:00,2024-07-29,3.4,3.4,3.4,3.4,0,0,1
MIDCPNIFTY29JUL2411800PE.NFO,2024-05-16,14:23:00,2024-07-29,3.4,3.4,3.4,3.4,0,0,1
MIDCPNIFTY29JUL2411800PE.NFO,2024-05-16,14:24:00,2024-07-29,3.4,3.4,3.4,3.4,0,0,1
MIDCPNIFTY29JUL2411800PE.NFO,2024-05-16,14:25:00,2024-07-29,3.4,3.4,3.4,3.4,0,0,1
MIDCPNIFTY29JUL2411800PE.NFO,2024-05-16,14:26:00,2024-07-29,3.4,3.4,3.4,3.4,0,0,1
MIDCPNIFTY29JUL2411800PE.NFO,2024-05-16,14:27:00,2024-07-29,3.4,3.4,3.4,3.4,0,0,1
MIDCPNIFTY29JUL2411800PE.NFO,2024-05-16,14:28:00,2024-07-29,3.4,3.4,3.4,3.4,0,0,1
MIDCPNIFTY29JUL2411800PE.NFO,2024-05-16,14:29:00,2024-07-29,3.4,3.4,3.4,3.4,0,0,1
MIDCPNIFTY29JUL2411800PE.NFO,2024-05-16,14:30:00,2024-07-29,3.4,3.4,3.4,3.4,0,0,1
MIDCPNIFTY29JUL2411800PE.NFO,2024-05-16,14:31:00,2024-07-29,3.4,3.4,3.4,3.4,0,0,1
MIDCPNIFTY29JUL2411800PE.NFO,2024-05-16,14:32:00,2024-07-29,3.4,3.4,3.4,3.4,0,0,1
MIDCPNIFTY29JUL2411800PE.NFO,2024-05-16,14:33:00,2024-07-29,3.4,3.4,3.4,3.4,0,0,1
MIDCPNIFTY29JUL2411800PE.NFO,2024-05-16,14:34:00,2024-07-29,3.4,3.4,3.4,3.4,0,0,1
MIDCPNIFTY29JUL2411800PE.NFO,2024-05-16,14:35:00,2024-07-29,3.4,3.4,3.4,3.4,0,0,1
MIDCPNIFTY29JUL2411800PE.NFO,2024-05-16,14:36:00,2024-07-29,3.4,3.4,3.4,3.4,0,0,1
MIDCPNIFTY29JUL2411800PE.NFO,2024-05-16,14:37:00,2024-07-29,3.4,3.4,3.4,3.4,0,0,1
MIDCPNIFTY29JUL2411800PE.NFO,2024-05-16,14:38:00,2024-07-29,3.4,3.4,3.4,3.4,0,0,1
MIDCPNIFTY29JUL2411800PE.NFO,2024-05-16,14:39:00,2024-07-29,3.4,3.4,3.4,3.4,0,0,1
MIDCPNIFTY29JUL2411800PE.NFO,2024-05-16,14:40:00,2024-07-29,3.4,3.4,3.4,3.4,0,0,1
MIDCPNIFTY29JUL2411800PE.NFO,2024-05-16,14:41:00,2024-07-29,3.4,3.4,3.4,3.4,0,0,1
MIDCPNIFTY29JUL2411800PE.NFO,2024-05-16,14:42:00,2024-07-29,3.4,3.4,3.4,3.4,0,0,1
MIDCPNIFTY29JUL2411800PE.NFO,2024-05-16,14:43:00,2024-07-29,3.4,3.4,3.4,3.4,0,0,1
MIDCPNIFTY29JUL2411800PE.NFO,2024-05-16,14:44:00,2024-07-29,3.4,3.4,3.4,3.4,0,0,1
MIDCPNIFTY29JUL2411800PE.NFO,2024-05-16,14:45:00,2024-07-29,3.4,3.4,3.4,3.4,0,0,1
MIDCPNIFTY29JUL2411800PE.NFO,2024-05-16,14:46:00,2024-07-29,3.4,3.4,3.4,3.4,0,0,1
MIDCPNIFTY29JUL2411800PE.NFO,2024-05-16,14:47:00,2024-07-29,3.4,3.4,3.4,3.4,0,0,1
MIDCPNIFTY29JUL2411800PE.NFO,2024-05-16,14:48:00,2024-07-29,3.4,3.4,3.4,3.4,0,0,1
MIDCPNIFTY29JUL2411800PE.NFO,2024-05-16,14:49:00,2024-07-29,3.4,3.4,3.4,3.4,0,0,1
MIDCPNIFTY29JUL2411800PE.NFO,2024-05-16,14:50:00,2024-07-29,3.4,3.4,3.4,3.4,0,0,1
MIDCPNIFTY29JUL2411800PE.NFO,2024-05-16,14:51:00,2024-07-29,3.4,3.4,3.4,3.4,0,0,1
MIDCPNIFTY29JUL2411800PE.NFO,2024-05-16,14:52:00,2024-07-29,3.4,3.4,3.4,3.4,0,0,1
MIDCPNIFTY29JUL2411800PE.NFO,2024-05-16,14:53:00,2024-07-29,3.4,3.4,3.4,3.4,0,0,1
MIDCPNIFTY29JUL2411800PE.NFO,2024-05-16,14:54:00,2024-07-29,3.4,3.4,3.4,3.4,0,0,1
MIDCPNIFTY29JUL2411800PE.NFO,2024-05-16,14:55:00,2024-07-29,3.4,3.4,3.4,3.4,0,0,1
MIDCPNIFTY29JUL2411800PE.NFO,2024-05-16,14:56:00,2024-07-29,3.4,3.4,3.4,3.4,0,0,1
MIDCPNIFTY29JUL2411800PE.NFO,2024-05-16,14:57:00,2024-07-29,3.4,3.4,3.4,3.4,0,0,1
MIDCPNIFTY29JUL2411800PE.NFO,2024-05-16,14:58:00,2024-07-29,3.4,3.4,3.4,3.4,0,0,1
MIDCPNIFTY29JUL2411800PE.NFO,2024-05-16,14:59:00,2024-07-29,3.4,3.4,3.4,3.4,0,0,1
MIDCPNIFTY29JUL2411800PE.NFO,2024-05-16,15:00:00,2024-07-29,3.4,3.4,3.4,3.4,0,0,1
MIDCPNIFTY29JUL2411800PE.NFO,2024-05-16,15:01:00,2024-07-29,3.4,3.4,3.4,3.4,0,0,1
MIDCPNIFTY29JUL2411800PE.NFO,2024-05-16,15:02:00,2024-07-29,3.4,3.4,3.4,3.4,0,0,1
MIDCPNIFTY29JUL2411800PE.NFO,2024-05-16,15:03:00,2024-07-29,3.4,3.4,3.4,3.4,0,0,1
MIDCPNIFTY29JUL2411800PE.NFO,2024-05-16,15:04:00,2024-07-29,3.4,3.4,3.4,3.4,0,0,1
MIDCPNIFTY29JUL2411800PE.NFO,2024-05-16,15:05:00,2024-07-29,3.4,3.4,3.4,3.4,0,0,1
MIDCPNIFTY29JUL2411800PE.NFO,2024-05-16,15:06:00,2024-07-29,3.4,3.4,3.4,3.4,0,0,1
MIDCPNIFTY29JUL2411800PE.NFO,2024-05-16,15:07:00,2024-07-29,3.4,3.4,3.4,3.4,0,0,1
MIDCPNIFTY29JUL2411800PE.NFO,2024-05-16,15:08:00,2024-07-29,3.4,3.4,3.4,3.4,0,0,1
MIDCPNIFTY29JUL2411800PE.NFO,2024-05-16,15:09:00,2024-07-29,3.4,3.4,3.4,3.4,0,0,1
MIDCPNIFTY29JUL2411800PE.NFO,2024-05-16,15:10:00,2024-07-29,3.4,3.4,3.4,3.4,0,0,1
MIDCPNIFTY29JUL2411800PE.NFO,2024-05-16,15:11:00,2024-07-29,3.4,3.4,3.4,3.4,0,0,1
MIDCPNIFTY29JUL2411800PE.NFO,2024-05-16,15:12:00,2024-07-29,3.4,3.4,3.4,3.4,0,0,1
MIDCPNIFTY29JUL2411800PE.NFO,2024-05-16,15:13:00,2024-07-29,3.4,3.4,3.4,3.4,0,0,1
MIDCPNIFTY29JUL2411800PE.NFO,2024-05-16,15:14:00,2024-07-29,3.4,3.4,3.4,3.4,0,0,1
MIDCPNIFTY29JUL2411800PE.NFO,2024-05-16,15:15:00,2024-07-29,3.4,3.4,3.4,3.4,0,0,1
MIDCPNIFTY29JUL2411800PE.NFO,2024-05-16,15:16:00,2024-07-29,3.4,3.4,3.4,3.4,0,0,1
MIDCPNIFTY29JUL2411800PE.NFO,2024-05-16,15:17:00,2024-07-29,3.4,3.4,3.4,3.4,0,0,1
MIDCPNIFTY29JUL2411800PE.NFO,2024-05-16,15:18:00,2024-07-29,3.4,3.4,3.4,3.4,0,0,1
MIDCPNIFTY29JUL2411800PE.NFO,2024-05-16,15:19:00,2024-07-29,3.4,3.4,3.4,3.4,0,0,1
MIDCPNIFTY29JUL2411800PE.NFO,2024-05-16,15:20:00,2024-07-29,3.4,3.4,3.4,3.4,0,0,1
MIDCPNIFTY29JUL2411800PE.NFO,2024-05-16,15:21:00,2024-07-29,3.4,3.4,3.4,3.4,0,0,1
MIDCPNIFTY29JUL2411800PE.NFO,2024-05-16,15:22:00,2024-07-29,3.4,3.4,3.4,3.4,0,0,1
MIDCPNIFTY29JUL2411800PE.NFO,2024-05-16,15:23:00,2024-07-29,3.4,3.4,3.4,3.4,0,0,1
MIDCPNIFTY29JUL2411800PE.NFO,2024-05-16,15:24:00,2024-07-29,3.4,3.4,3.4,3.4,0,0,1
MIDCPNIFTY29JUL2411800PE.NFO,2024-05-16,15:25:00,2024-07-29,3.4,3.4,3.4,3.4,0,0,1
MIDCPNIFTY29JUL2411800PE.NFO,2024-05-16,15:26:00,2024-07-29,3.4,3.4,3.4,3.4,0,0,1
MIDCPNIFTY29JUL2411800PE.NFO,2024-05-16,15:27:00,2024-07-29,3.4,3.4,3.4,3.4,0,0,1
MIDCPNIFTY29JUL2411800PE.NFO,2024-05-16,15:28:00,2024-07-29,3.4,3.4,3.4,3.4,0,0,1
MIDCPNIFTY29JUL2411800PE.NFO,2024-05-16,15:29:00,2024-07-29,3.4,3.4,3.4,3.4,0,0,1
MIDCPNIFTY29JUL2411800PE.NFO,2024-05-16,15:30:00,2024-07-29,3.4,3.4,3.4,3.4,0,0,1
MIDCPNIFTY29JUL2411800PE.NFO,2024-05-17,09:15:00,2024-07-29,3.4,3.4,3.4,3.4,0,0,0
MIDCPNIFTY29JUL2411800PE.NFO,2024-05-17,09:16:00,2024-07-29,3.4,3.4,3.4,3.4,0,0,1
MIDCPNIFTY29JUL2411800PE.NFO,2024-05-17,09:17:00,2024-07-29,3.4,3.4,3.4,3.4,0,0,1
MIDCPNIFTY29JUL2411800PE.NFO,2024-05-17,09:18:00,2024-07-29,3.4,3.4,3.4,3.4,0,0,1
MIDCPNIFTY29JUL2411800PE.NFO,2024-05-17,09:19:00,2024-07-29,3.4,3.4,3.4,3.4,0,0,1
MIDCPNIFTY29JUL2411800PE.NFO,2024-05-17,09:20:00,2024-07-29,3.4,3.4,3.4,3.4,0,0,1
MIDCPNIFTY29JUL2411800PE.NFO,2024-05-17,09:21:00,2024-07-29,3.4,3.4,3.4,3.4,0,0,1
MIDCPNIFTY29JUL2411800PE.NFO,2024-05-17,09:22:00,2024-07-29,3.4,3.4,3.4,3.4,0,0,1
MIDCPNIFTY29JUL2411800PE.NFO,2024-05-17,09:23:00,2024-07-29,3.4,3.4,3.4,3.4,0,0,1
MIDCPNIFTY29JUL2411800PE.NFO,2024-05-17,09:24:00,2024-07-29,3.4,3.4,3.4,3.4,0,0,1
MIDCPNIFTY29JUL2411800PE.NFO,2024-05-17,09:25:00,2024-07-29,3.4,3.4,3.4,3.4,0,0,1
MIDCPNIFTY29JUL2411800PE.NFO,2024-05-17,09:26:00,2024-07-29,3.4,3.4,3.4,3.4,0,0,1
MIDCPNIFTY29JUL2411800PE.NFO,2024-05-17,09:27:00,2024-07-29,3.4,3.4,3.4,3.4,0,0,1
MIDCPNIFTY29JUL2411800PE.NFO,2024-05-17,09:28:00,2024-07-29,3.4,3.4,3.4,3.4,0,0,1
MIDCPNIFTY29JUL2411800PE.NFO,2024-05-17,09:29:00,2024-07-29,3.4,3.4,3.4,3.4,0,0,1
MIDCPNIFTY29JUL2411800PE.NFO,2024-05-17,09:30:00,2024-07-29,3.4,3.4,3.4,3.4,0,0,1
MIDCPNIFTY29JUL2411800PE.NFO,2024-05-17,09:31:00,2024-07-29,3.4,3.4,3.4,3.4,0,0,1
MIDCPNIFTY29JUL2411800PE.NFO,2024-05-17,09:32:00,2024-07-29,3.4,3.4,3.4,3.4,0,0,1
MIDCPNIFTY29JUL2411800PE.NFO,2024-05-17,09:33:00,2024-07-29,3.4,3.4,3.4,3.4,0,0,1
MIDCPNIFTY29JUL2411800PE.NFO,2024-05-17,09:34:00,2024-07-29,3.4,3.4,3.4,3.4,0,0,1
MIDCPNIFTY29JUL2411800PE.NFO,2024-05-17,09:35:00,2024-07-29,3.4,3.4,3.4,3.4,0,0,1
MIDCPNIFTY29JUL2411800PE.NFO,2024-05-17,09:36:00,2024-07-29,3.4,3.4,3.4,3.4,0,0,1
MIDCPNIFTY29JUL2411800PE.NFO,2024-05-17,09:37:00,2024-07-29,3.4,3.4,3.4,3.4,0,0,1
MIDCPNIFTY29JUL2411800PE.NFO,2024-05-17,09:38:00,2024-07-29,3.4,3.4,3.4,3.4,0,0,1
MIDCPNIFTY29JUL2411800PE.NFO,2024-05-17,09:39:00,2024-07-29,3.4,3.4,3.4,3.4,0,0,1
MIDCPNIFTY29JUL2411800PE.NFO,2024-05-17,09:40:00,2024-07-29,3.4,3.4,3.4,3.4,0,0,1
MIDCPNIFTY29JUL2411800PE.NFO,2024-05-17,09:41:00,2024-07-29,3.4,3.4,3.4,3.4,0,0,1
MIDCPNIFTY29JUL2411800PE.NFO,2024-05-17,09:42:00,2024-07-29,3.4,3.4,3.4,3.4,0,0,1
MIDCPNIFTY29JUL2411800PE.NFO,2024-05-17,09:43:00,2024-07-29,3.4,3.4,3.4,3.4,0,0,1
MIDCPNIFTY29JUL2411800PE.NFO,2024-05-17,09:44:00,2024-07-29,3.4,3.4,3.4,3.4,0,0,1
MIDCPNIFTY29JUL2411800PE.NFO,2024-05-17,09:45:00,2024-07-29,3.4,3.4,3.4,3.4,0,0,1
MIDCPNIFTY29JUL2411800PE.NFO,2024-05-17,09:46:00,2024-07-29,3.4,3.4,3.4,3.4,0,0,1
MIDCPNIFTY29JUL2411800PE.NFO,2024-05-17,09:47:00,2024-07-29,3.4,3.4,3.4,3.4,0,0,1
MIDCPNIFTY29JUL2411800PE.NFO,2024-05-17,09:48:00,2024-07-29,3.4,3.4,3.4,3.4,0,0,1
MIDCPNIFTY29JUL2411800PE.NFO,2024-05-17,09:49:00,2024-07-29,3.4,3.4,3.4,3.4,0,0,1
MIDCPNIFTY29JUL2411800PE.NFO,2024-05-17,09:50:00,2024-07-29,3.4,3.4,3.4,3.4,0,0,1
MIDCPNIFTY29JUL2411800PE.NFO,2024-05-17,09:51:00,2024-07-29,3.4,3.4,3.4,3.4,0,0,1
MIDCPNIFTY29JUL2411800PE.NFO,2024-05-17,09:52:00,2024-07-29,3.4,3.4,3.4,3.4,0,0,1
MIDCPNIFTY29JUL2411800PE.NFO,2024-05-17,09:53:00,2024-07-29,3.4,3.4,3.4,3.4,0,0,1
MIDCPNIFTY29JUL2411800PE.NFO,2024-05-17,09:54:00,2024-07-29,3.4,3.4,3.4,3.4,0,0,1
MIDCPNIFTY29JUL2411800PE.NFO,2024-05-17,09:55:00,2024-07-29,3.4,3.4,3.4,3.4,0,0,1
MIDCPNIFTY29JUL2411800PE.NFO,2024-05-17,09:56:00,2024-07-29,3.4,3.4,3.4,3.4,0,0,1
MIDCPNIFTY29JUL2411800PE.NFO,2024-05-17,09:57:00,2024-07-29,3.4,3.4,3.4,3.4,0,0,1
MIDCPNIFTY29JUL2411800PE.NFO,2024-05-17,09:58:00,2024-07-29,3.4,3.4,3.4,3.4,0,0,1
MIDCPNIFTY29JUL2411800PE.NFO,2024-05-17,09:59:00,2024-07-29,3.4,3.4,3.4,3.4,0,0,1
MIDCPNIFTY29JUL2411800PE.NFO,2024-05-17,10:00:00,2024-07-29,3.4,3.4,3.4,3.4,0,0,1
MIDCPNIFTY29JUL2411800PE.NFO,2024-05-17,10:01:00,2024-07-29,3.4,3.4,3.4,3.4,0,0,1
MIDCPNIFTY29JUL2411800PE.NFO,2024-05-17,10:02:00,2024-07-29,3.4,3.4,3.4,3.4,0,0,1
MIDCPNIFTY29JUL2411800PE.NFO,2024-05-17,10:03:00,2024-07-29,3.4,3.4,3.4,3.4,0,0,1
MIDCPNIFTY29JUL2411800PE.NFO,2024-05-17,10:04:00,2024-07-29,3.4,3.4,3.4,3.4,0,0,1
MIDCPNIFTY29JUL2411800PE.NFO,2024-05-17,10:05:00,2024-07-29,3.4,3.4,3.4,3.4,0,0,1
MIDCPNIFTY29JUL2411800PE.NFO,2024-05-17,10:06:00,2024-07-29,3.4,3.4,3.4,3.4,0,0,1
MIDCPNIFTY29JUL2411800PE.NFO,2024-05-17,10:07:00,2024-07-29,3.4,3.4,3.4,3.4,0,0,1
MIDCPNIFTY29JUL2411800PE.NFO,2024-05-17,10:08:00,2024-07-29,3.4,3.4,3.4,3.4,0,0,1
MIDCPNIFTY29JUL2411800PE.NFO,2024-05-17,10:09:00,2024-07-29,3.4,3.4,3.4,3.4,0,0,1
MIDCPNIFTY29JUL2411800PE.NFO,2024-05-17,10:10:00,2024-07-29,3.4,3.4,3.4,3.4,0,0,1
MIDCPNIFTY29JUL2411800PE.NFO,2024-05-17,10:11:00,2024-07-29,3.4,3.4,3.4,3.4,0,0,1
MIDCPNIFTY29JUL2411800PE.NFO,2024-05-17,10:12:00,2024-07-29,3.4,3.4,3.4,3.4,0,0,1
MIDCPNIFTY29JUL2411800PE.NFO,2024-05-17,10:13:00,2024-07-29,3.4,3.4,3.4,3.4,0,0,1
MIDCPNIFTY29JUL2411800PE.NFO,2024-05-17,10:14:00,2024-07-29,3.4,3.4,3.4,3.4,0,0,1
MIDCPNIFTY29JUL2411800PE.NFO,2024-05-17,10:15:00,2024-07-29,3.4,3.4,3.4,3.4,0,0,1
MIDCPNIFTY29JUL2411800PE.NFO,2024-05-17,10:16:00,2024-07-29,3.4,3.4,3.4,3.4,0,0,1
MIDCPNIFTY29JUL2411800PE.NFO,2024-05-17,10:17:00,2024-07-29,3.4,3.4,3.4,3.4,0,0,1
MIDCPNIFTY29JUL2411800PE.NFO,2024-05-17,10:18:00,2024-07-29,3.4,3.4,3.4,3.4,0,0,1
MIDCPNIFTY29JUL2411800PE.NFO,2024-05-17,10:19:00,2024-07-29,3.4,3.4,3.4,3.4,0,0,1
MIDCPNIFTY29JUL2411800PE.NFO,2024-05-17,10:20:00,2024-07-29,3.4,3.4,3.4,3.4,0,0,1
MIDCPNIFTY29JUL2411800PE.NFO,2024-05-17,10:21:00,2024-07-29,3.4,3.4,3.4,3.4,0,0,1
MIDCPNIFTY29JUL2411800PE.NFO,2024-05-17,10:22:00,2024-07-29,3.4,3.4,3.4,3.4,0,0,1
MIDCPNIFTY29JUL2411800PE.NFO,2024-05-17,10:23:00,2024-07-29,3.4,3.4,3.4,3.4,0,0,1
MIDCPNIFTY29JUL2411800PE.NFO,2024-05-17,10:24:00,2024-07-29,3.4,3.4,3.4,3.4,0,0,1
MIDCPNIFTY29JUL2411800PE.NFO,2024-05-17,10:25:00,2024-07-29,3.4,3.4,3.4,3.4,0,0,1
MIDCPNIFTY29JUL2411800PE.NFO,2024-05-17,10:26:00,2024-07-29,3.4,3.4,3.4,3.4,0,0,1
MIDCPNIFTY29JUL2411800PE.NFO,2024-05-17,10:27:00,2024-07-29,3.4,3.4,3.4,3.4,0,0,1
MIDCPNIFTY29JUL2411800PE.NFO,2024-05-17,10:28:00,2024-07-29,3.4,3.4,3.4,3.4,0,0,1
MIDCPNIFTY29JUL2411800PE.NFO,2024-05-17,10:29:00,2024-07-29,3.4,3.4,3.4,3.4,0,0,1
MIDCPNIFTY29JUL2411800PE.NFO,2024-05-17,10:30:00,2024-07-29,3.4,3.4,3.4,3.4,0,0,1
MIDCPNIFTY29JUL2411800PE.NFO,2024-05-17,10:31:00,2024-07-29,3.4,3.4,3.4,3.4,0,0,1
MIDCPNIFTY29JUL2411800PE.NFO,2024-05-17,10:32:00,2024-07-29,3.4,3.4,3.4,3.4,0,0,1
MIDCPNIFTY29JUL2411800PE.NFO,2024-05-17,10:33:00,2024-07-29,3.4,3.4,3.4,3.4,0,0,1
MIDCPNIFTY29JUL2411800PE.NFO,2024-05-17,10:34:00,2024-07-29,3.4,3.4,3.4,3.4,0,0,1
MIDCPNIFTY29JUL2411800PE.NFO,2024-05-17,10:35:00,2024-07-29,3.4,3.4,3.4,3.4,0,0,1
MIDCPNIFTY29JUL2411800PE.NFO,2024-05-17,10:36:00,2024-07-29,3.4,3.4,3.4,3.4,0,0,1
MIDCPNIFTY29JUL2411800PE.NFO,2024-05-17,10:37:00,2024-07-29,3.4,3.4,3.4,3.4,0,0,1
MIDCPNIFTY29JUL2411800PE.NFO,2024-05-17,10:38:00,2024-07-29,3.4,3.4,3.4,3.4,0,0,1
MIDCPNIFTY29JUL2411800PE.NFO,2024-05-17,10:39:00,2024-07-29,3.4,3.4,3.4,3.4,0,0,1
MIDCPNIFTY29JUL2411800PE.NFO,2024-05-17,10:40:00,2024-07-29,3.4,3.4,3.4,3.4,0,0,1
MIDCPNIFTY29JUL2411800PE.NFO,2024-05-17,10:41:00,2024-07-29,3.4,3.4,3.4,3.4,0,0,1
MIDCPNIFTY29JUL2411800PE.NFO,2024-05-17,10:42:00,2024-07-29,3.4,3.4,3.4,3.4,0,0,1
MIDCPNIFTY29JUL2411800PE.NFO,2024-05-17,10:43:00,2024-07-29,3.4,3.4,3.4,3.4,0,0,1
MIDCPNIFTY29JUL2411800PE.NFO,2024-05-17,10:44:00,2024-07-29,3.4,3.4,3.4,3.4,0,0,1
MIDCPNIFTY29JUL2411800PE.NFO,2024-05-17,10:45:00,2024-07-29,3.4,3.4,3.4,3.4,0,0,1
MIDCPNIFTY29JUL2411800PE.NFO,2024-05-17,10:46:00,2024-07-29,3.4,3.4,3.4,3.4,0,0,1
MIDCPNIFTY29JUL2411800PE.NFO,2024-05-17,10:47:00,2024-07-29,3.4,3.4,3.4,3.4,0,0,1
MIDCPNIFTY29JUL2411800PE.NFO,2024-05-17,10:48:00,2024-07-29,3.4,3.4,3.4,3.4,0,0,1
MIDCPNIFTY29JUL2411800PE.NFO,2024-05-17,10:49:00,2024-07-29,3.4,3.4,3.4,3.4,0,0,1
MIDCPNIFTY29JUL2411800PE.NFO,2024-05-17,10:50:00,2024-07-29,3.4,3.4,3.4,3.4,0,0,1
MIDCPNIFTY29JUL2411800PE.NFO,2024-05-17,10:51:00,2024-07-29,3.4,3.4,3.4,3.4,0,0,1
MIDCPNIFTY29JUL2411800PE.NFO,2024-05-17,10:52:00,2024-07-29,3.4,3.4,3.4,3.4,0,0,1
MIDCPNIFTY29JUL2411800PE.NFO,2024-05-17,10:53:00,2024-07-29,3.4,3.4,3.4,3.4,0,0,1
MIDCPNIFTY29JUL2411800PE.NFO,2024-05-17,10:54:00,2024-07-29,3.4,3.4,3.4,3.4,0,0,1
MIDCPNIFTY29JUL2411800PE.NFO,2024-05-17,10:55:00,2024-07-29,3.4,3.4,3.4,3.4,0,0,1
MIDCPNIFTY29JUL2411800PE.NFO,2024-05-17,10:56:00,2024-07-29,3.4,3.4,3.4,3.4,0,0,1
MIDCPNIFTY29JUL2411800PE.NFO,2024-05-17,10:57:00,2024-07-29,3.4,3.4,3.4,3.4,0,0,1
MIDCPNIFTY29JUL2411800PE.NFO,2024-05-17,10:58:00,2024-07-29,3.4,3.4,3.4,3.4,0,0,1
MIDCPNIFTY29JUL2411800PE.NFO,2024-05-17,10:59:00,2024-07-29,3.4,3.4,3.4,3.4,0,0,1
MIDCPNIFTY29JUL2411800PE.NFO,2024-05-17,11:00:00,2024-07-29,3.4,3.4,3.4,3.4,0,0,1
MIDCPNIFTY29JUL2411800PE.NFO,2024-05-17,11:01:00,2024-07-29,3.4,3.4,3.4,3.4,0,0,1
MIDCPNIFTY29JUL2411800PE.NFO,2024-05-17,11:02:00,2024-07-29,3.4,3.4,3.4,3.4,0,0,1
MIDCPNIFTY29JUL2411800PE.NFO,2024-05-17,11:03:00,2024-07-29,3.4,3.4,3.4,3.4,0,0,1
MIDCPNIFTY29JUL2411800PE.NFO,2024-05-17,11:04:00,2024-07-29,3.4,3.4,3.4,3.4,0,0,1
MIDCPNIFTY29JUL2411800PE.NFO,2024-05-17,11:05:00,2024-07-29,3.4,3.4,3.4,3.4,0,0,1
MIDCPNIFTY29JUL2411800PE.NFO,2024-05-17,11:06:00,2024-07-29,3.4,3.4,3.4,3.4,0,0,1
MIDCPNIFTY29JUL2411800PE.NFO,2024-05-17,11:07:00,2024-07-29,3.4,3.4,3.4,3.4,0,0,1
MIDCPNIFTY29JUL2411800PE.NFO,2024-05-17,11:08:00,2024-07-29,3.4,3.4,3.4,3.4,0,0,1
MIDCPNIFTY29JUL2411800PE.NFO,2024-05-17,11:09:00,2024-07-29,3.4,3.4,3.4,3.4,0,0,1
MIDCPNIFTY29JUL2411800PE.NFO,2024-05-17,11:10:00,2024-07-29,3.4,3.4,3.4,3.4,0,0,1
MIDCPNIFTY29JUL2411800PE.NFO,2024-05-17,11:11:00,2024-07-29,3.4,3.4,3.4,3.4,0,0,1
MIDCPNIFTY29JUL2411800PE.NFO,2024-05-17,11:12:00,2024-07-29,3.4,3.4,3.4,3.4,0,0,1
MIDCPNIFTY29JUL2411800PE.NFO,2024-05-17,11:13:00,2024-07-29,3.4,3.4,3.4,3.4,0,0,1
MIDCPNIFTY29JUL2411800PE.NFO,2024-05-17,11:14:00,2024-07-29,3.4,3.4,3.4,3.4,0,0,1
MIDCPNIFTY29JUL2411800PE.NFO,2024-05-17,11:15:00,2024-07-29,3.4,3.4,3.4,3.4,0,0,1
MIDCPNIFTY29JUL2411800PE.NFO,2024-05-17,11:16:00,2024-07-29,3.4,3.4,3.4,3.4,0,0,1
MIDCPNIFTY29JUL2411800PE.NFO,2024-05-17,11:17:00,2024-07-29,3.4,3.4,3.4,3.4,0,0,1
MIDCPNIFTY29JUL2411800PE.NFO,2024-05-17,11:18:00,2024-07-29,3.4,3.4,3.4,3.4,0,0,1
MIDCPNIFTY29JUL2411800PE.NFO,2024-05-17,11:19:00,2024-07-29,3.4,3.4,3.4,3.4,0,0,1
MIDCPNIFTY29JUL2411800PE.NFO,2024-05-17,11:20:00,2024-07-29,3.4,3.4,3.4,3.4,0,0,1
MIDCPNIFTY29JUL2411800PE.NFO,2024-05-17,11:21:00,2024-07-29,3.4,3.4,3.4,3.4,0,0,1
MIDCPNIFTY29JUL2411800PE.NFO,2024-05-17,11:22:00,2024-07-29,3.4,3.4,3.4,3.4,0,0,1
MIDCPNIFTY29JUL2411800PE.NFO,2024-05-17,11:23:00,2024-07-29,3.4,3.4,3.4,3.4,0,0,1
MIDCPNIFTY29JUL2411800PE.NFO,2024-05-17,11:24:00,2024-07-29,3.4,3.4,3.4,3.4,0,0,1
MIDCPNIFTY29JUL2411800PE.NFO,2024-05-17,11:25:00,2024-07-29,3.4,3.4,3.4,3.4,0,0,1
MIDCPNIFTY29JUL2411800PE.NFO,2024-05-17,11:26:00,2024-07-29,3.4,3.4,3.4,3.4,0,0,1
MIDCPNIFTY29JUL2411800PE.NFO,2024-05-17,11:27:00,2024-07-29,3.4,3.4,3.4,3.4,0,0,1
MIDCPNIFTY29JUL2411800PE.NFO,2024-05-17,11:28:00,2024-07-29,3.4,3.4,3.4,3.4,0,0,1
MIDCPNIFTY29JUL2411800PE.NFO,2024-05-17,11:29:00,2024-07-29,3.4,3.4,3.4,3.4,0,0,1
MIDCPNIFTY29JUL2411800PE.NFO,2024-05-17,11:30:00,2024-07-29,3.4,3.4,3.4,3.4,0,0,1
MIDCPNIFTY29JUL2411800PE.NFO,2024-05-17,11:31:00,2024-07-29,3.4,3.4,3.4,3.4,0,0,1
MIDCPNIFTY29JUL2411800PE.NFO,2024-05-17,11:32:00,2024-07-29,3.4,3.4,3.4,3.4,0,0,1
MIDCPNIFTY29JUL2411800PE.NFO,2024-05-17,11:33:00,2024-07-29,3.4,3.4,3.4,3.4,0,0,1
MIDCPNIFTY29JUL2411800PE.NFO,2024-05-17,11:34:00,2024-07-29,3.4,3.4,3.4,3.4,0,0,1
MIDCPNIFTY29JUL2411800PE.NFO,2024-05-17,11:35:00,2024-07-29,3.4,3.4,3.4,3.4,0,0,1
MIDCPNIFTY29JUL2411800PE.NFO,2024-05-17,11:36:00,2024-07-29,3.4,3.4,3.4,3.4,0,0,1
MIDCPNIFTY29JUL2411800PE.NFO,2024-05-17,11:37:00,2024-07-29,3.4,3.4,3.4,3.4,0,0,1
MIDCPNIFTY29JUL2411800PE.NFO,2024-05-17,11:38:00,2024-07-29,3.4,3.4,3.4,3.4,0,0,1
MIDCPNIFTY29JUL2411800PE.NFO,2024-05-17,11:39:00,2024-07-29,3.4,3.4,3.4,3.4,0,0,1
MIDCPNIFTY29JUL2411800PE.NFO,2024-05-17,11:40:00,2024-07-29,3.4,3.4,3.4,3.4,0,0,1
MIDCPNIFTY29JUL2411800PE.NFO,2024-05-17,11:41:00,2024-07-29,3.4,3.4,3.4,3.4,0,0,1
MIDCPNIFTY29JUL2411800PE.NFO,2024-05-17,11:42:00,2024-07-29,3.4,3.4,3.4,3.4,0,0,1
MIDCPNIFTY29JUL2411800PE.NFO,2024-05-17,11:43:00,2024-07-29,3.4,3.4,3.4,3.4,0,0,1
MIDCPNIFTY29JUL2411800PE.NFO,2024-05-17,11:44:00,2024-07-29,3.4,3.4,3.4,3.4,0,0,1
MIDCPNIFTY29JUL2411800PE.NFO,2024-05-17,11:45:00,2024-07-29,3.4,3.4,3.4,3.4,0,0,1
MIDCPNIFTY29JUL2411800PE.NFO,2024-05-17,11:46:00,2024-07-29,3.4,3.4,3.4,3.4,0,0,1
MIDCPNIFTY29JUL2411800PE.NFO,2024-05-17,11:47:00,2024-07-29,3.4,3.4,3.4,3.4,0,0,1
MIDCPNIFTY29JUL2411800PE.NFO,2024-05-17,11:48:00,2024-07-29,3.4,3.4,3.4,3.4,0,0,1
MIDCPNIFTY29JUL2411800PE.NFO,2024-05-17,11:49:00,2024-07-29,3.4,3.4,3.4,3.4,0,0,1
MIDCPNIFTY29JUL2411800PE.NFO,2024-05-17,11:50:00,2024-07-29,3.4,3.4,3.4,3.4,0,0,1
MIDCPNIFTY29JUL2411800PE.NFO,2024-05-17,11:51:00,2024-07-29,3.4,3.4,3.4,3.4,0,0,1
MIDCPNIFTY29JUL2411800PE.NFO,2024-05-17,11:52:00,2024-07-29,3.4,3.4,3.4,3.4,0,0,1
MIDCPNIFTY29JUL2411800PE.NFO,2024-05-17,11:53:00,2024-07-29,3.4,3.4,3.4,3.4,0,0,1
MIDCPNIFTY29JUL2411800PE.NFO,2024-05-17,11:54:00,2024-07-29,3.4,3.4,3.4,3.4,0,0,1
MIDCPNIFTY29JUL2411800PE.NFO,2024-05-17,11:55:00,2024-07-29,3.4,3.4,3.4,3.4,0,0,1
MIDCPNIFTY29JUL2411800PE.NFO,2024-05-17,11:56:00,2024-07-29,3.4,3.4,3.4,3.4,0,0,1
MIDCPNIFTY29JUL2411800PE.NFO,2024-05-17,11:57:00,2024-07-29,3.4,3.4,3.4,3.4,0,0,1
MIDCPNIFTY29JUL2411800PE.NFO,2024-05-17,11:58:00,2024-07-29,3.4,3.4,3.4,3.4,0,0,1
MIDCPNIFTY29JUL2411800PE.NFO,2024-05-17,11:59:00,2024-07-29,3.4,3.4,3.4,3.4,0,0,1
MIDCPNIFTY29JUL2411800PE.NFO,2024-05-17,12:00:00,2024-07-29,3.4,3.4,3.4,3.4,0,0,1
MIDCPNIFTY29JUL2411800PE.NFO,2024-05-17,12:01:00,2024-07-29,3.4,3.4,3.4,3.4,0,0,1
MIDCPNIFTY29JUL2411800PE.NFO,2024-05-17,12:02:00,2024-07-29,3.4,3.4,3.4,3.4,0,0,1
MIDCPNIFTY29JUL2411800PE.NFO,2024-05-17,12:03:00,2024-07-29,3.4,3.4,3.4,3.4,0,0,1
MIDCPNIFTY29JUL2411800PE.NFO,2024-05-17,12:04:00,2024-07-29,3.4,3.4,3.4,3.4,0,0,1
MIDCPNIFTY29JUL2411800PE.NFO,2024-05-17,12:05:00,2024-07-29,3.4,3.4,3.4,3.4,0,0,1
MIDCPNIFTY29JUL2411800PE.NFO,2024-05-17,12:06:00,2024-07-29,3.4,3.4,3.4,3.4,0,0,1
MIDCPNIFTY29JUL2411800PE.NFO,2024-05-17,12:07:00,2024-07-29,3.4,3.4,3.4,3.4,0,0,1
MIDCPNIFTY29JUL2411800PE.NFO,2024-05-17,12:08:00,2024-07-29,3.4,3.4,3.4,3.4,0,0,1
MIDCPNIFTY29JUL2411800PE.NFO,2024-05-17,12:09:00,2024-07-29,3.4,3.4,3.4,3.4,0,0,1
MIDCPNIFTY29JUL2411800PE.NFO,2024-05-17,12:10:00,2024-07-29,3.4,3.4,3.4,3.4,0,0,1
MIDCPNIFTY29JUL2411800PE.NFO,2024-05-17,12:11:00,2024-07-29,3.4,3.4,3.4,3.4,0,0,1
MIDCPNIFTY29JUL2411800PE.NFO,2024-05-17,12:12:00,2024-07-29,3.4,3.4,3.4,3.4,0,0,1
MIDCPNIFTY29JUL2411800PE.NFO,2024-05-17,12:13:00,2024-07-29,3.4,3.4,3.4,3.4,0,0,1
MIDCPNIFTY29JUL2411800PE.NFO,2024-05-17,12:14:00,2024-07-29,3.4,3.4,3.4,3.4,0,0,1
MIDCPNIFTY29JUL2411800PE.NFO,2024-05-17,12:15:00,2024-07-29,3.4,3.4,3.4,3.4,0,0,1
MIDCPNIFTY29JUL2411800PE.NFO,2024-05-17,12:16:00,2024-07-29,3.4,3.4,3.4,3.4,0,0,1
MIDCPNIFTY29JUL2411800PE.NFO,2024-05-17,12:17:00,2024-07-29,3.4,3.4,3.4,3.4,0,0,1
MIDCPNIFTY29JUL2411800PE.NFO,2024-05-17,12:18:00,2024-07-29,3.4,3.4,3.4,3.4,0,0,1
MIDCPNIFTY29JUL2411800PE.NFO,2024-05-17,12:19:00,2024-07-29,3.4,3.4,3.4,3.4,0,0,1
MIDCPNIFTY29JUL2411800PE.NFO,2024-05-17,12:20:00,2024-07-29,3.4,3.4,3.4,3.4,0,0,1
MIDCPNIFTY29JUL2411800PE.NFO,2024-05-17,12:21:00,2024-07-29,3.4,3.4,3.4,3.4,0,0,1
MIDCPNIFTY29JUL2411800PE.NFO,2024-05-17,12:22:00,2024-07-29,3.4,3.4,3.4,3.4,0,0,1
MIDCPNIFTY29JUL2411800PE.NFO,2024-05-17,12:23:00,2024-07-29,3.4,3.4,3.4,3.4,0,0,1
MIDCPNIFTY29JUL2411800PE.NFO,2024-05-17,12:24:00,2024-07-29,3.4,3.4,3.4,3.4,0,0,1
MIDCPNIFTY29JUL2411800PE.NFO,2024-05-17,12:25:00,2024-07-29,3.4,3.4,3.4,3.4,0,0,1
MIDCPNIFTY29JUL2411800PE.NFO,2024-05-17,12:26:00,2024-07-29,3.4,3.4,3.4,3.4,0,0,1
MIDCPNIFTY29JUL2411800PE.NFO,2024-05-17,12:27:00,2024-07-29,3.4,3.4,3.4,3.4,0,0,1
MIDCPNIFTY29JUL2411800PE.NFO,2024-05-17,12:28:00,2024-07-29,3.4,3.4,3.4,3.4,0,0,1
MIDCPNIFTY29JUL2411800PE.NFO,2024-05-17,12:29:00,2024-07-29,3.4,3.4,3.4,3.4,0,0,1
MIDCPNIFTY29JUL2411800PE.NFO,2024-05-17,12:30:00,2024-07-29,3.4,3.4,3.4,3.4,0,0,1
MIDCPNIFTY29JUL2411800PE.NFO,2024-05-17,12:31:00,2024-07-29,3.4,3.4,3.4,3.4,0,0,1
MIDCPNIFTY29JUL2411800PE.NFO,2024-05-17,12:32:00,2024-07-29,3.4,3.4,3.4,3.4,0,0,1
MIDCPNIFTY29JUL2411800PE.NFO,2024-05-17,12:33:00,2024-07-29,3.4,3.4,3.4,3.4,0,0,1
MIDCPNIFTY29JUL2411800PE.NFO,2024-05-17,12:34:00,2024-07-29,3.4,3.4,3.4,3.4,0,0,1
MIDCPNIFTY29JUL2411800PE.NFO,2024-05-17,12:35:00,2024-07-29,3.4,3.4,3.4,3.4,0,0,1
MIDCPNIFTY29JUL2411800PE.NFO,2024-05-17,12:36:00,2024-07-29,3.4,3.4,3.4,3.4,0,0,1
MIDCPNIFTY29JUL2411800PE.NFO,2024-05-17,12:37:00,2024-07-29,3.4,3.4,3.4,3.4,0,0,1
MIDCPNIFTY29JUL2411800PE.NFO,2024-05-17,12:38:00,2024-07-29,3.4,3.4,3.4,3.4,0,0,1
MIDCPNIFTY29JUL2411800PE.NFO,2024-05-17,12:39:00,2024-07-29,3.4,3.4,3.4,3.4,0,0,1
MIDCPNIFTY29JUL2411800PE.NFO,2024-05-17,12:40:00,2024-07-29,3.4,3.4,3.4,3.4,0,0,1
MIDCPNIFTY29JUL2411800PE.NFO,2024-05-17,12:41:00,2024-07-29,3.4,3.4,3.4,3.4,0,0,1
MIDCPNIFTY29JUL2411800PE.NFO,2024-05-17,12:42:00,2024-07-29,3.4,3.4,3.4,3.4,0,0,1
MIDCPNIFTY29JUL2411800PE.NFO,2024-05-17,12:43:00,2024-07-29,3.4,3.4,3.4,3.4,0,0,1
MIDCPNIFTY29JUL2411800PE.NFO,2024-05-17,12:44:00,2024-07-29,3.4,3.4,3.4,3.4,0,0,1
MIDCPNIFTY29JUL2411800PE.NFO,2024-05-17,12:45:00,2024-07-29,3.4,3.4,3.4,3.4,0,0,1
MIDCPNIFTY29JUL2411800PE.NFO,2024-05-17,12:46:00,2024-07-29,3.4,3.4,3.4,3.4,0,0,1
MIDCPNIFTY29JUL2411800PE.NFO,2024-05-17,12:47:00,2024-07-29,3.4,3.4,3.4,3.4,0,0,1
MIDCPNIFTY29JUL2411800PE.NFO,2024-05-17,12:48:00,2024-07-29,3.4,3.4,3.4,3.4,0,0,1
MIDCPNIFTY29JUL2411800PE.NFO,2024-05-17,12:49:00,2024-07-29,3.4,3.4,3.4,3.4,0,0,1
MIDCPNIFTY29JUL2411800PE.NFO,2024-05-17,12:50:00,2024-07-29,3.4,3.4,3.4,3.4,0,0,1
MIDCPNIFTY29JUL2411800PE.NFO,2024-05-17,12:51:00,2024-07-29,3.4,3.4,3.4,3.4,0,0,1
MIDCPNIFTY29JUL2411800PE.NFO,2024-05-17,12:52:00,2024-07-29,3.4,3.4,3.4,3.4,0,0,1
MIDCPNIFTY29JUL2411800PE.NFO,2024-05-17,12:53:00,2024-07-29,3.4,3.4,3.4,3.4,0,0,1
MIDCPNIFTY29JUL2411800PE.NFO,2024-05-17,12:54:00,2024-07-29,3.4,3.4,3.4,3.4,0,0,1
MIDCPNIFTY29JUL2411800PE.NFO,2024-05-17,12:55:00,2024-07-29,3.4,3.4,3.4,3.4,0,0,1
MIDCPNIFTY29JUL2411800PE.NFO,2024-05-17,12:56:00,2024-07-29,3.4,3.4,3.4,3.4,0,0,1
MIDCPNIFTY29JUL2411800PE.NFO,2024-05-17,12:57:00,2024-07-29,3.4,3.4,3.4,3.4,0,0,1
MIDCPNIFTY29JUL2411800PE.NFO,2024-05-17,12:58:00,2024-07-29,3.4,3.4,3.4,3.4,0,0,1
MIDCPNIFTY29JUL2411800PE.NFO,2024-05-17,12:59:00,2024-07-29,3.4,3.4,3.4,3.4,0,0,1
MIDCPNIFTY29JUL2411800PE.NFO,2024-05-17,13:00:00,2024-07-29,3.4,3.4,3.4,3.4,0,0,1
MIDCPNIFTY29JUL2411800PE.NFO,2024-05-17,13:01:00,2024-07-29,3.4,3.4,3.4,3.4,0,0,1
MIDCPNIFTY29JUL2411800PE.NFO,2024-05-17,13:02:00,2024-07-29,3.4,3.4,3.4,3.4,0,0,1
MIDCPNIFTY29JUL2411800PE.NFO,2024-05-17,13:03:00,2024-07-29,3.4,3.4,3.4,3.4,0,0,1
MIDCPNIFTY29JUL2411800PE.NFO,2024-05-17,13:04:00,2024-07-29,3.4,3.4,3.4,3.4,0,0,1
MIDCPNIFTY29JUL2411800PE.NFO,2024-05-17,13:05:00,2024-07-29,3.4,3.4,3.4,3.4,0,0,1
MIDCPNIFTY29JUL2411800PE.NFO,2024-05-17,13:06:00,2024-07-29,3.4,3.4,3.4,3.4,0,0,1
MIDCPNIFTY29JUL2411800PE.NFO,2024-05-17,13:07:00,2024-07-29,3.4,3.4,3.4,3.4,0,0,1
MIDCPNIFTY29JUL2411800PE.NFO,2024-05-17,13:08:00,2024-07-29,3.4,3.4,3.4,3.4,0,0,1
MIDCPNIFTY29JUL2411800PE.NFO,2024-05-17,13:09:00,2024-07-29,3.4,3.4,3.4,3.4,0,0,1
MIDCPNIFTY29JUL2411800PE.NFO,2024-05-17,13:10:00,2024-07-29,3.4,3.4,3.4,3.4,0,0,1
MIDCPNIFTY29JUL2411800PE.NFO,2024-05-17,13:11:00,2024-07-29,3.4,3.4,3.4,3.4,0,0,1
MIDCPNIFTY29JUL2411800PE.NFO,2024-05-17,13:12:00,2024-07-29,3.4,3.4,3.4,3.4,0,0,1
MIDCPNIFTY29JUL2411800PE.NFO,2024-05-17,13:13:00,2024-07-29,3.4,3.4,3.4,3.4,0,0,1
MIDCPNIFTY29JUL2411800PE.NFO,2024-05-17,13:14:00,2024-07-29,3.4,3.4,3.4,3.4,0,0,1
MIDCPNIFTY29JUL2411800PE.NFO,2024-05-17,13:15:00,2024-07-29,3.4,3.4,3.4,3.4,0,0,1
MIDCPNIFTY29JUL2411800PE.NFO,2024-05-17,13:16:00,2024-07-29,3.4,3.4,3.4,3.4,0,0,1
MIDCPNIFTY29JUL2411800PE.NFO,2024-05-17,13:17:00,2024-07-29,3.4,3.4,3.4,3.4,0,0,1
MIDCPNIFTY29JUL2411800PE.NFO,2024-05-17,13:18:00,2024-07-29,3.4,3.4,3.4,3.4,0,0,1
MIDCPNIFTY29JUL2411800PE.NFO,2024-05-17,13:19:00,2024-07-29,3.4,3.4,3.4,3.4,0,0,1
MIDCPNIFTY29JUL2411800PE.NFO,2024-05-17,13:20:00,2024-07-29,3.4,3.4,3.4,3.4,0,0,1
MIDCPNIFTY29JUL2411800PE.NFO,2024-05-17,13:21:00,2024-07-29,3.4,3.4,3.4,3.4,0,0,1
MIDCPNIFTY29JUL2411800PE.NFO,2024-05-17,13:22:00,2024-07-29,3.4,3.4,3.4,3.4,0,0,1
MIDCPNIFTY29JUL2411800PE.NFO,2024-05-17,13:23:00,2024-07-29,3.4,3.4,3.4,3.4,0,0,1
MIDCPNIFTY29JUL2411800PE.NFO,2024-05-17,13:24:00,2024-07-29,3.4,3.4,3.4,3.4,0,0,1
MIDCPNIFTY29JUL2411800PE.NFO,2024-05-17,13:25:00,2024-07-29,3.4,3.4,3.4,3.4,0,0,1
MIDCPNIFTY29JUL2411800PE.NFO,2024-05-17,13:26:00,2024-07-29,3.4,3.4,3.4,3.4,0,0,1
MIDCPNIFTY29JUL2411800PE.NFO,2024-05-17,13:27:00,2024-07-29,3.4,3.4,3.4,3.4,0,0,1
MIDCPNIFTY29JUL2411800PE.NFO,2024-05-17,13:28:00,2024-07-29,3.4,3.4,3.4,3.4,0,0,1
MIDCPNIFTY29JUL2411800PE.NFO,2024-05-17,13:29:00,2024-07-29,3.4,3.4,3.4,3.4,0,0,1
MIDCPNIFTY29JUL2411800PE.NFO,2024-05-17,13:30:00,2024-07-29,3.4,3.4,3.4,3.4,0,0,1
MIDCPNIFTY29JUL2411800PE.NFO,2024-05-17,13:31:00,2024-07-29,3.4,3.4,3.4,3.4,0,0,1
MIDCPNIFTY29JUL2411800PE.NFO,2024-05-17,13:32:00,2024-07-29,3.4,3.4,3.4,3.4,0,0,1
MIDCPNIFTY29JUL2411800PE.NFO,2024-05-17,13:33:00,2024-07-29,3.4,3.4,3.4,3.4,0,0,1
MIDCPNIFTY29JUL2411800PE.NFO,2024-05-17,13:34:00,2024-07-29,3.4,3.4,3.4,3.4,0,0,1
MIDCPNIFTY29JUL2411800PE.NFO,2024-05-17,13:35:00,2024-07-29,3.4,3.4,3.4,3.4,0,0,1
MIDCPNIFTY29JUL2411800PE.NFO,2024-05-17,13:36:00,2024-07-29,3.4,3.4,3.4,3.4,0,0,1
MIDCPNIFTY29JUL2411800PE.NFO,2024-05-17,13:37:00,2024-07-29,3.4,3.4,3.4,3.4,0,0,1
MIDCPNIFTY29JUL2411800PE.NFO,2024-05-17,13:38:00,2024-07-29,3.4,3.4,3.4,3.4,0,0,1
MIDCPNIFTY29JUL2411800PE.NFO,2024-05-17,13:39:00,2024-07-29,3.4,3.4,3.4,3.4,0,0,1
MIDCPNIFTY29JUL2411800PE.NFO,2024-05-17,13:40:00,2024-07-29,3.4,3.4,3.4,3.4,0,0,1
MIDCPNIFTY29JUL2411800PE.NFO,2024-05-17,13:41:00,2024-07-29,3.4,3.4,3.4,3.4,0,0,1
MIDCPNIFTY29JUL2411800PE.NFO,2024-05-17,13:42:00,2024-07-29,3.4,3.4,3.4,3.4,0,0,1
MIDCPNIFTY29JUL2411800PE.NFO,2024-05-17,13:43:00,2024-07-29,3.4,3.4,3.4,3.4,0,0,1
MIDCPNIFTY29JUL2411800PE.NFO,2024-05-17,13:44:00,2024-07-29,3.4,3.4,3.4,3.4,0,0,1
MIDCPNIFTY29JUL2411800PE.NFO,2024-05-17,13:45:00,2024-07-29,3.4,3.4,3.4,3.4,0,0,1
MIDCPNIFTY29JUL2411800PE.NFO,2024-05-17,13:46:00,2024-07-29,3.4,3.4,3.4,3.4,0,0,1
MIDCPNIFTY29JUL2411800PE.NFO,2024-05-17,13:47:00,2024-07-29,3.4,3.4,3.4,3.4,0,0,1
MIDCPNIFTY29JUL2411800PE.NFO,2024-05-17,13:48:00,2024-07-29,3.4,3.4,3.4,3.4,0,0,1
MIDCPNIFTY29JUL2411800PE.NFO,2024-05-17,13:49:00,2024-07-29,3.4,3.4,3.4,3.4,0,0,1
MIDCPNIFTY29JUL2411800PE.NFO,2024-05-17,13:50:00,2024-07-29,3.4,3.4,3.4,3.4,0,0,1
MIDCPNIFTY29JUL2411800PE.NFO,2024-05-17,13:51:00,2024-07-29,3.4,3.4,3.4,3.4,0,0,1
MIDCPNIFTY29JUL2411800PE.NFO,2024-05-17,13:52:00,2024-07-29,3.4,3.4,3.4,3.4,0,0,1
MIDCPNIFTY29JUL2411800PE.NFO,2024-05-17,13:53:00,2024-07-29,3.4,3.4,3.4,3.4,0,0,1
MIDCPNIFTY29JUL2411800PE.NFO,2024-05-17,13:54:00,2024-07-29,3.4,3.4,3.4,3.4,0,0,1
MIDCPNIFTY29JUL2411800PE.NFO,2024-05-17,13:55:00,2024-07-29,3.4,3.4,3.4,3.4,0,0,1
MIDCPNIFTY29JUL2411800PE.NFO,2024-05-17,13:56:00,2024-07-29,3.4,3.4,3.4,3.4,0,0,1
MIDCPNIFTY29JUL2411800PE.NFO,2024-05-17,13:57:00,2024-07-29,3.4,3.4,3.4,3.4,0,0,1
MIDCPNIFTY29JUL2411800PE.NFO,2024-05-17,13:58:00,2024-07-29,3.4,3.4,3.4,3.4,0,0,1
MIDCPNIFTY29JUL2411800PE.NFO,2024-05-17,13:59:00,2024-07-29,3.4,3.4,3.4,3.4,0,0,1
MIDCPNIFTY29JUL2411800PE.NFO,2024-05-17,14:00:00,2024-07-29,3.4,3.4,3.4,3.4,0,0,1
MIDCPNIFTY29JUL2411800PE.NFO,2024-05-17,14:01:00,2024-07-29,3.4,3.4,3.4,3.4,0,0,1
MIDCPNIFTY29JUL2411800PE.NFO,2024-05-17,14:02:00,2024-07-29,3.4,3.4,3.4,3.4,0,0,1
MIDCPNIFTY29JUL2411800PE.NFO,2024-05-17,14:03:00,2024-07-29,3.4,3.4,3.4,3.4,0,0,1
MIDCPNIFTY29JUL2411800PE.NFO,2024-05-17,14:04:00,2024-07-29,3.4,3.4,3.4,3.4,0,0,1
MIDCPNIFTY29JUL2411800PE.NFO,2024-05-17,14:05:00,2024-07-29,3.4,3.4,3.4,3.4,0,0,1
MIDCPNIFTY29JUL2411800PE.NFO,2024-05-17,14:06:00,2024-07-29,3.4,3.4,3.4,3.4,0,0,1
MIDCPNIFTY29JUL2411800PE.NFO,2024-05-17,14:07:00,2024-07-29,3.4,3.4,3.4,3.4,0,0,1
MIDCPNIFTY29JUL2411800PE.NFO,2024-05-17,14:08:00,2024-07-29,3.4,3.4,3.4,3.4,0,0,1
MIDCPNIFTY29JUL2411800PE.NFO,2024-05-17,14:09:00,2024-07-29,3.4,3.4,3.4,3.4,0,0,1
MIDCPNIFTY29JUL2411800PE.NFO,2024-05-17,14:10:00,2024-07-29,3.4,3.4,3.4,3.4,0,0,1
MIDCPNIFTY29JUL2411800PE.NFO,2024-05-17,14:11:00,2024-07-29,3.4,3.4,3.4,3.4,0,0,1
MIDCPNIFTY29JUL2411800PE.NFO,2024-05-17,14:12:00,2024-07-29,3.4,3.4,3.4,3.4,0,0,1
MIDCPNIFTY29JUL2411800PE.NFO,2024-05-17,14:13:00,2024-07-29,3.4,3.4,3.4,3.4,0,0,1
MIDCPNIFTY29JUL2411800PE.NFO,2024-05-17,14:14:00,2024-07-29,3.4,3.4,3.4,3.4,0,0,1
MIDCPNIFTY29JUL2411800PE.NFO,2024-05-17,14:15:00,2024-07-29,3.4,3.4,3.4,3.4,0,0,1
MIDCPNIFTY29JUL2411800PE.NFO,2024-05-17,14:16:00,2024-07-29,3.4,3.4,3.4,3.4,0,0,1
MIDCPNIFTY29JUL2411800PE.NFO,2024-05-17,14:17:00,2024-07-29,3.4,3.4,3.4,3.4,0,0,1
MIDCPNIFTY29JUL2411800PE.NFO,2024-05-17,14:18:00,2024-07-29,3.4,3.4,3.4,3.4,0,0,1
MIDCPNIFTY29JUL2411800PE.NFO,2024-05-17,14:19:00,2024-07-29,3.4,3.4,3.4,3.4,0,0,1
MIDCPNIFTY29JUL2411800PE.NFO,2024-05-17,14:20:00,2024-07-29,3.4,3.4,3.4,3.4,0,0,1
MIDCPNIFTY29JUL2411800PE.NFO,2024-05-17,14:21:00,2024-07-29,3.4,3.4,3.4,3.4,0,0,1
MIDCPNIFTY29JUL2411800PE.NFO,2024-05-17,14:22:00,2024-07-29,3.4,3.4,3.4,3.4,0,0,1
MIDCPNIFTY29JUL2411800PE.NFO,2024-05-17,14:23:00,2024-07-29,3.4,3.4,3.4,3.4,0,0,1
MIDCPNIFTY29JUL2411800PE.NFO,2024-05-17,14:24:00,2024-07-29,3.4,3.4,3.4,3.4,0,0,1
MIDCPNIFTY29JUL2411800PE.NFO,2024-05-17,14:25:00,2024-07-29,3.4,3.4,3.4,3.4,0,0,1
MIDCPNIFTY29JUL2411800PE.NFO,2024-05-17,14:26:00,2024-07-29,3.4,3.4,3.4,3.4,0,0,1
MIDCPNIFTY29JUL2411800PE.NFO,2024-05-17,14:27:00,2024-07-29,3.4,3.4,3.4,3.4,0,0,1
MIDCPNIFTY29JUL2411800PE.NFO,2024-05-17,14:28:00,2024-07-29,3.4,3.4,3.4,3.4,0,0,1
MIDCPNIFTY29JUL2411800PE.NFO,2024-05-17,14:29:00,2024-07-29,3.4,3.4,3.4,3.4,0,0,1
MIDCPNIFTY29JUL2411800PE.NFO,2024-05-17,14:30:00,2024-07-29,3.4,3.4,3.4,3.4,0,0,1
MIDCPNIFTY29JUL2411800PE.NFO,2024-05-17,14:31:00,2024-07-29,3.4,3.4,3.4,3.4,0,0,1
MIDCPNIFTY29JUL2411800PE.NFO,2024-05-17,14:32:00,2024-07-29,3.4,3.4,3.4,3.4,0,0,1
MIDCPNIFTY29JUL2411800PE.NFO,2024-05-17,14:33:00,2024-07-29,3.4,3.4,3.4,3.4,0,0,1
MIDCPNIFTY29JUL2411800PE.NFO,2024-05-17,14:34:00,2024-07-29,3.4,3.4,3.4,3.4,0,0,1
MIDCPNIFTY29JUL2411800PE.NFO,2024-05-17,14:35:00,2024-07-29,3.4,3.4,3.4,3.4,0,0,1
MIDCPNIFTY29JUL2411800PE.NFO,2024-05-17,14:36:00,2024-07-29,3.4,3.4,3.4,3.4,0,0,1
MIDCPNIFTY29JUL2411800PE.NFO,2024-05-17,14:37:00,2024-07-29,3.4,3.4,3.4,3.4,0,0,1
MIDCPNIFTY29JUL2411800PE.NFO,2024-05-17,14:38:00,2024-07-29,3.4,3.4,3.4,3.4,0,0,1
MIDCPNIFTY29JUL2411800PE.NFO,2024-05-17,14:39:00,2024-07-29,3.4,3.4,3.4,3.4,0,0,1
MIDCPNIFTY29JUL2411800PE.NFO,2024-05-17,14:40:00,2024-07-29,3.4,3.4,3.4,3.4,0,0,1
MIDCPNIFTY29JUL2411800PE.NFO,2024-05-17,14:41:00,2024-07-29,3.4,3.4,3.4,3.4,0,0,1
MIDCPNIFTY29JUL2411800PE.NFO,2024-05-17,14:42:00,2024-07-29,3.4,3.4,3.4,3.4,0,0,1
MIDCPNIFTY29JUL2411800PE.NFO,2024-05-17,14:43:00,2024-07-29,3.4,3.4,3.4,3.4,0,0,1
MIDCPNIFTY29JUL2411800PE.NFO,2024-05-17,14:44:00,2024-07-29,3.4,3.4,3.4,3.4,0,0,1
MIDCPNIFTY29JUL2411800PE.NFO,2024-05-17,14:45:00,2024-07-29,3.4,3.4,3.4,3.4,0,0,1
MIDCPNIFTY29JUL2411800PE.NFO,2024-05-17,14:46:00,2024-07-29,3.4,3.4,3.4,3.4,0,0,1
MIDCPNIFTY29JUL2411800PE.NFO,2024-05-17,14:47:00,2024-07-29,3.4,3.4,3.4,3.4,0,0,1
MIDCPNIFTY29JUL2411800PE.NFO,2024-05-17,14:48:00,2024-07-29,3.4,3.4,3.4,3.4,0,0,1
MIDCPNIFTY29JUL2411800PE.NFO,2024-05-17,14:49:00,2024-07-29,3.4,3.4,3.4,3.4,0,0,1
MIDCPNIFTY29JUL2411800PE.NFO,2024-05-17,14:50:00,2024-07-29,3.4,3.4,3.4,3.4,0,0,1
MIDCPNIFTY29JUL2411800PE.NFO,2024-05-17,14:51:00,2024-07-29,3.4,3.4,3.4,3.4,0,0,1
MIDCPNIFTY29JUL2411800PE.NFO,2024-05-17,14:52:00,2024-07-29,3.4,3.4,3.4,3.4,0,0,1
MIDCPNIFTY29JUL2411800PE.NFO,2024-05-17,14:53:00,2024-07-29,3.4,3.4,3.4,3.4,0,0,1
MIDCPNIFTY29JUL2411800PE.NFO,2024-05-17,14:54:00,2024-07-29,3.4,3.4,3.4,3.4,0,0,1
MIDCPNIFTY29JUL2411800PE.NFO,2024-05-17,14:55:00,2024-07-29,3.4,3.4,3.4,3.4,0,0,1
MIDCPNIFTY29JUL2411800PE.NFO,2024-05-17,14:56:00,2024-07-29,3.4,3.4,3.4,3.4,0,0,1
MIDCPNIFTY29JUL2411800PE.NFO,2024-05-17,14:57:00,2024-07-29,3.4,3.4,3.4,3.4,0,0,1
MIDCPNIFTY29JUL2411800PE.NFO,2024-05-17,14:58:00,2024-07-29,3.4,3.4,3.4,3.4,0,0,1
MIDCPNIFTY29JUL2411800PE.NFO,2024-05-17,14:59:00,2024-07-29,3.4,3.4,3.4,3.4,0,0,1
MIDCPNIFTY29JUL2411800PE.NFO,2024-05-17,15:00:00,2024-07-29,3.4,3.4,3.4,3.4,0,0,1
MIDCPNIFTY29JUL2411800PE.NFO,2024-05-17,15:01:00,2024-07-29,3.4,3.4,3.4,3.4,0,0,1
MIDCPNIFTY29JUL2411800PE.NFO,2024-05-17,15:02:00,2024-07-29,3.4,3.4,3.4,3.4,0,0,1
MIDCPNIFTY29JUL2411800PE.NFO,2024-05-17,15:03:00,2024-07-29,3.4,3.4,3.4,3.4,0,0,1
MIDCPNIFTY29JUL2411800PE.NFO,2024-05-17,15:04:00,2024-07-29,3.4,3.4,3.4,3.4,0,0,1
MIDCPNIFTY29JUL2411800PE.NFO,2024-05-17,15:05:00,2024-07-29,3.4,3.4,3.4,3.4,0,0,1
MIDCPNIFTY29JUL2411800PE.NFO,2024-05-17,15:06:00,2024-07-29,3.4,3.4,3.4,3.4,0,0,1
MIDCPNIFTY29JUL2411800PE.NFO,2024-05-17,15:07:00,2024-07-29,3.4,3.4,3.4,3.4,0,0,1
MIDCPNIFTY29JUL2411800PE.NFO,2024-05-17,15:08:00,2024-07-29,3.4,3.4,3.4,3.4,0,0,1
MIDCPNIFTY29JUL2411800PE.NFO,2024-05-17,15:09:00,2024-07-29,3.4,3.4,3.4,3.4,0,0,1
MIDCPNIFTY29JUL2411800PE.NFO,2024-05-17,15:10:00,2024-07-29,3.4,3.4,3.4,3.4,0,0,1
MIDCPNIFTY29JUL2411800PE.NFO,2024-05-17,15:11:00,2024-07-29,3.4,3.4,3.4,3.4,0,0,1
MIDCPNIFTY29JUL2411800PE.NFO,2024-05-17,15:12:00,2024-07-29,3.4,3.4,3.4,3.4,0,0,1
MIDCPNIFTY29JUL2411800PE.NFO,2024-05-17,15:13:00,2024-07-29,3.4,3.4,3.4,3.4,0,0,1
MIDCPNIFTY29JUL2411800PE.NFO,2024-05-17,15:14:00,2024-07-29,3.4,3.4,3.4,3.4,0,0,1
MIDCPNIFTY29JUL2411800PE.NFO,2024-05-17,15:15:00,2024-07-29,3.4,3.4,3.4,3.4,0,0,1
MIDCPNIFTY29JUL2411800PE.NFO,2024-05-17,15:16:00,2024-07-29,3.4,3.4,3.4,3.4,0,0,1
MIDCPNIFTY29JUL2411800PE.NFO,2024-05-17,15:17:00,2024-07-29,3.4,3.4,3.4,3.4,0,0,1
MIDCPNIFTY29JUL2411800PE.NFO,2024-05-17,15:18:00,2024-07-29,3.4,3.4,3.4,3.4,0,0,1
MIDCPNIFTY29JUL2411800PE.NFO,2024-05-17,15:19:00,2024-07-29,3.4,3.4,3.4,3.4,0,0,1
MIDCPNIFTY29JUL2411800PE.NFO,2024-05-17,15:20:00,2024-07-29,3.4,3.4,3.4,3.4,0,0,1
MIDCPNIFTY29JUL2411800PE.NFO,2024-05-17,15:21:00,2024-07-29,3.4,3.4,3.4,3.4,0,0,1
MIDCPNIFTY29JUL2411800PE.NFO,2024-05-17,15:22:00,2024-07-29,3.4,3.4,3.4,3.4,0,0,1
MIDCPNIFTY29JUL2411800PE.NFO,2024-05-17,15:23:00,2024-07-29,3.4,3.4,3.4,3.4,0,0,1
MIDCPNIFTY29JUL2411800PE.NFO,2024-05-17,15:24:00,2024-07-29,3.4,3.4,3.4,3.4,0,0,1
MIDCPNIFTY29JUL2411800PE.NFO,2024-05-17,15:25:00,2024-07-29,3.4,3.4,3.4,3.4,0,0,1
MIDCPNIFTY29JUL2411800PE.NFO,2024-05-17,15:26:00,2024-07-29,3.4,3.4,3.4,3.4,0,0,1
MIDCPNIFTY29JUL2411800PE.NFO,2024-05-17,15:27:00,2024-07-29,3.4,3.4,3.4,3.4,0,0,1
MIDCPNIFTY29JUL2411800PE.NFO,2024-05-17,15:28:00,2024-07-29,3.4,3.4,3.4,3.4,0,0,1
MIDCPNIFTY29JUL2411800PE.NFO,2024-05-17,15:29:00,2024-07-29,3.4,3.4,3.4,3.4,0,0,1
MIDCPNIFTY29JUL2411800PE.NFO,2024-05-17,15:30:00,2024-07-29,3.4,3.4,3.4,3.4,0,0,1
MIDCPNIFTY29JUL2411800PE.NFO,2024-05-18,09:15:00,2024-07-29,3.4,3.4,3.4,3.4,0,0,0
MIDCPNIFTY29JUL2411800PE.NFO,2024-05-18,09:16:00,2024-07-29,3.4,3.4,3.4,3.4,0,0,1
MIDCPNIFTY29JUL2411800PE.NFO,2024-05-18,09:17:00,2024-07-29,3.4,3.4,3.4,3.4,0,0,1
MIDCPNIFTY29JUL2411800PE.NFO,2024-05-18,09:18:00,2024-07-29,3.4,3.4,3.4,3.4,0,0,1
MIDCPNIFTY29JUL2411800PE.NFO,2024-05-18,09:19:00,2024-07-29,3.4,3.4,3.4,3.4,0,0,1
MIDCPNIFTY29JUL2411800PE.NFO,2024-05-18,09:20:00,2024-07-29,3.4,3.4,3.4,3.4,0,0,1
MIDCPNIFTY29JUL2411800PE.NFO,2024-05-18,09:21:00,2024-07-29,3.4,3.4,3.4,3.4,0,0,1
MIDCPNIFTY29JUL2411800PE.NFO,2024-05-18,09:22:00,2024-07-29,3.4,3.4,3.4,3.4,0,0,1
MIDCPNIFTY29JUL2411800PE.NFO,2024-05-18,09:23:00,2024-07-29,3.4,3.4,3.4,3.4,0,0,1
MIDCPNIFTY29JUL2411800PE.NFO,2024-05-18,09:24:00,2024-07-29,3.4,3.4,3.4,3.4,0,0,1
MIDCPNIFTY29JUL2411800PE.NFO,2024-05-18,09:25:00,2024-07-29,3.4,3.4,3.4,3.4,0,0,1
MIDCPNIFTY29JUL2411800PE.NFO,2024-05-18,09:26:00,2024-07-29,3.4,3.4,3.4,3.4,0,0,1
MIDCPNIFTY29JUL2411800PE.NFO,2024-05-18,09:27:00,2024-07-29,3.4,3.4,3.4,3.4,0,0,1
MIDCPNIFTY29JUL2411800PE.NFO,2024-05-18,09:28:00,2024-07-29,3.4,3.4,3.4,3.4,0,0,1
MIDCPNIFTY29JUL2411800PE.NFO,2024-05-18,09:29:00,2024-07-29,3.4,3.4,3.4,3.4,0,0,1
MIDCPNIFTY29JUL2411800PE.NFO,2024-05-18,09:30:00,2024-07-29,3.4,3.4,3.4,3.4,0,0,1
MIDCPNIFTY29JUL2411800PE.NFO,2024-05-18,09:31:00,2024-07-29,3.4,3.4,3.4,3.4,0,0,1
MIDCPNIFTY29JUL2411800PE.NFO,2024-05-18,09:32:00,2024-07-29,3.4,3.4,3.4,3.4,0,0,1
MIDCPNIFTY29JUL2411800PE.NFO,2024-05-18,09:33:00,2024-07-29,3.4,3.4,3.4,3.4,0,0,1
MIDCPNIFTY29JUL2411800PE.NFO,2024-05-18,09:34:00,2024-07-29,3.4,3.4,3.4,3.4,0,0,1
MIDCPNIFTY29JUL2411800PE.NFO,2024-05-18,09:35:00,2024-07-29,3.4,3.4,3.4,3.4,0,0,1
MIDCPNIFTY29JUL2411800PE.NFO,2024-05-18,09:36:00,2024-07-29,3.4,3.4,3.4,3.4,0,0,1
MIDCPNIFTY29JUL2411800PE.NFO,2024-05-18,09:37:00,2024-07-29,3.4,3.4,3.4,3.4,0,0,1
MIDCPNIFTY29JUL2411800PE.NFO,2024-05-18,09:38:00,2024-07-29,3.4,3.4,3.4,3.4,0,0,1
MIDCPNIFTY29JUL2411800PE.NFO,2024-05-18,09:39:00,2024-07-29,3.4,3.4,3.4,3.4,0,0,1
MIDCPNIFTY29JUL2411800PE.NFO,2024-05-18,09:40:00,2024-07-29,3.4,3.4,3.4,3.4,0,0,1
MIDCPNIFTY29JUL2411800PE.NFO,2024-05-18,09:41:00,2024-07-29,3.4,3.4,3.4,3.4,0,0,1
MIDCPNIFTY29JUL2411800PE.NFO,2024-05-18,09:42:00,2024-07-29,3.4,3.4,3.4,3.4,0,0,1
MIDCPNIFTY29JUL2411800PE.NFO,2024-05-18,09:43:00,2024-07-29,3.4,3.4,3.4,3.4,0,0,1
MIDCPNIFTY29JUL2411800PE.NFO,2024-05-18,09:44:00,2024-07-29,3.4,3.4,3.4,3.4,0,0,1
MIDCPNIFTY29JUL2411800PE.NFO,2024-05-18,09:45:00,2024-07-29,3.4,3.4,3.4,3.4,0,0,1
MIDCPNIFTY29JUL2411800PE.NFO,2024-05-18,09:46:00,2024-07-29,3.4,3.4,3.4,3.4,0,0,1
MIDCPNIFTY29JUL2411800PE.NFO,2024-05-18,09:47:00,2024-07-29,3.4,3.4,3.4,3.4,0,0,1
MIDCPNIFTY29JUL2411800PE.NFO,2024-05-18,09:48:00,2024-07-29,3.4,3.4,3.4,3.4,0,0,1
MIDCPNIFTY29JUL2411800PE.NFO,2024-05-18,09:49:00,2024-07-29,3.4,3.4,3.4,3.4,0,0,1
MIDCPNIFTY29JUL2411800PE.NFO,2024-05-18,09:50:00,2024-07-29,3.4,3.4,3.4,3.4,0,0,1
MIDCPNIFTY29JUL2411800PE.NFO,2024-05-18,09:51:00,2024-07-29,3.4,3.4,3.4,3.4,0,0,1
MIDCPNIFTY29JUL2411800PE.NFO,2024-05-18,09:52:00,2024-07-29,3.4,3.4,3.4,3.4,0,0,1
MIDCPNIFTY29JUL2411800PE.NFO,2024-05-18,09:53:00,2024-07-29,3.4,3.4,3.4,3.4,0,0,1
MIDCPNIFTY29JUL2411800PE.NFO,2024-05-18,09:54:00,2024-07-29,3.4,3.4,3.4,3.4,0,0,1
MIDCPNIFTY29JUL2411800PE.NFO,2024-05-18,09:55:00,2024-07-29,3.4,3.4,3.4,3.4,0,0,1
MIDCPNIFTY29JUL2411800PE.NFO,2024-05-18,09:56:00,2024-07-29,3.4,3.4,3.4,3.4,0,0,1
MIDCPNIFTY29JUL2411800PE.NFO,2024-05-18,09:57:00,2024-07-29,3.4,3.4,3.4,3.4,0,0,1
MIDCPNIFTY29JUL2411800PE.NFO,2024-05-18,09:58:00,2024-07-29,3.4,3.4,3.4,3.4,0,0,1
MIDCPNIFTY29JUL2411800PE.NFO,2024-05-18,09:59:00,2024-07-29,3.4,3.4,3.4,3.4,0,0,1
MIDCPNIFTY29JUL2411800PE.NFO,2024-05-18,10:00:00,2024-07-29,3.4,3.4,3.4,3.4,0,0,1
MIDCPNIFTY29JUL2411800PE.NFO,2024-05-18,10:01:00,2024-07-29,3.4,3.4,3.4,3.4,0,0,1
MIDCPNIFTY29JUL2411800PE.NFO,2024-05-18,10:02:00,2024-07-29,3.4,3.4,3.4,3.4,0,0,1
MIDCPNIFTY29JUL2411800PE.NFO,2024-05-18,10:03:00,2024-07-29,3.4,3.4,3.4,3.4,0,0,1
MIDCPNIFTY29JUL2411800PE.NFO,2024-05-18,10:04:00,2024-07-29,3.4,3.4,3.4,3.4,0,0,1
MIDCPNIFTY29JUL2411800PE.NFO,2024-05-18,10:05:00,2024-07-29,3.4,3.4,3.4,3.4,0,0,1
MIDCPNIFTY29JUL2411800PE.NFO,2024-05-18,10:06:00,2024-07-29,3.4,3.4,3.4,3.4,0,0,1
MIDCPNIFTY29JUL2411800PE.NFO,2024-05-18,10:07:00,2024-07-29,3.4,3.4,3.4,3.4,0,0,1
MIDCPNIFTY29JUL2411800PE.NFO,2024-05-18,10:08:00,2024-07-29,3.4,3.4,3.4,3.4,0,0,1
MIDCPNIFTY29JUL2411800PE.NFO,2024-05-18,10:09:00,2024-07-29,3.4,3.4,3.4,3.4,0,0,1
MIDCPNIFTY29JUL2411800PE.NFO,2024-05-18,10:10:00,2024-07-29,3.4,3.4,3.4,3.4,0,0,1
MIDCPNIFTY29JUL2411800PE.NFO,2024-05-18,10:11:00,2024-07-29,3.4,3.4,3.4,3.4,0,0,1
MIDCPNIFTY29JUL2411800PE.NFO,2024-05-18,10:12:00,2024-07-29,3.4,3.4,3.4,3.4,0,0,1
MIDCPNIFTY29JUL2411800PE.NFO,2024-05-18,10:13:00,2024-07-29,3.4,3.4,3.4,3.4,0,0,1
MIDCPNIFTY29JUL2411800PE.NFO,2024-05-18,10:14:00,2024-07-29,3.4,3.4,3.4,3.4,0,0,1
MIDCPNIFTY29JUL2411800PE.NFO,2024-05-18,10:15:00,2024-07-29,3.4,3.4,3.4,3.4,0,0,1
MIDCPNIFTY29JUL2411800PE.NFO,2024-05-18,10:16:00,2024-07-29,3.4,3.4,3.4,3.4,0,0,1
MIDCPNIFTY29JUL2411800PE.NFO,2024-05-18,10:17:00,2024-07-29,3.4,3.4,3.4,3.4,0,0,1
MIDCPNIFTY29JUL2411800PE.NFO,2024-05-18,10:18:00,2024-07-29,3.4,3.4,3.4,3.4,0,0,1
MIDCPNIFTY29JUL2411800PE.NFO,2024-05-18,10:19:00,2024-07-29,3.4,3.4,3.4,3.4,0,0,1
MIDCPNIFTY29JUL2411800PE.NFO,2024-05-18,10:20:00,2024-07-29,3.4,3.4,3.4,3.4,0,0,1
MIDCPNIFTY29JUL2411800PE.NFO,2024-05-18,10:21:00,2024-07-29,3.4,3.4,3.4,3.4,0,0,1
MIDCPNIFTY29JUL2411800PE.NFO,2024-05-18,10:22:00,2024-07-29,3.4,3.4,3.4,3.4,0,0,1
MIDCPNIFTY29JUL2411800PE.NFO,2024-05-18,10:23:00,2024-07-29,3.4,3.4,3.4,3.4,0,0,1
MIDCPNIFTY29JUL2411800PE.NFO,2024-05-18,10:24:00,2024-07-29,3.4,3.4,3.4,3.4,0,0,1
MIDCPNIFTY29JUL2411800PE.NFO,2024-05-18,10:25:00,2024-07-29,3.4,3.4,3.4,3.4,0,0,1
MIDCPNIFTY29JUL2411800PE.NFO,2024-05-18,10:26:00,2024-07-29,3.4,3.4,3.4,3.4,0,0,1
MIDCPNIFTY29JUL2411800PE.NFO,2024-05-18,10:27:00,2024-07-29,3.4,3.4,3.4,3.4,0,0,1
MIDCPNIFTY29JUL2411800PE.NFO,2024-05-18,10:28:00,2024-07-29,3.4,3.4,3.4,3.4,0,0,1
MIDCPNIFTY29JUL2411800PE.NFO,2024-05-18,10:29:00,2024-07-29,3.4,3.4,3.4,3.4,0,0,1
MIDCPNIFTY29JUL2411800PE.NFO,2024-05-18,10:30:00,2024-07-29,3.4,3.4,3.4,3.4,0,0,1
MIDCPNIFTY29JUL2411800PE.NFO,2024-05-18,10:31:00,2024-07-29,3.4,3.4,3.4,3.4,0,0,1
MIDCPNIFTY29JUL2411800PE.NFO,2024-05-18,10:32:00,2024-07-29,3.4,3.4,3.4,3.4,0,0,1
MIDCPNIFTY29JUL2411800PE.NFO,2024-05-18,10:33:00,2024-07-29,3.4,3.4,3.4,3.4,0,0,1
MIDCPNIFTY29JUL2411800PE.NFO,2024-05-18,10:34:00,2024-07-29,3.4,3.4,3.4,3.4,0,0,1
MIDCPNIFTY29JUL2411800PE.NFO,2024-05-18,10:35:00,2024-07-29,3.4,3.4,3.4,3.4,0,0,1
MIDCPNIFTY29JUL2411800PE.NFO,2024-05-18,10:36:00,2024-07-29,3.4,3.4,3.4,3.4,0,0,1
MIDCPNIFTY29JUL2411800PE.NFO,2024-05-18,10:37:00,2024-07-29,3.4,3.4,3.4,3.4,0,0,1
MIDCPNIFTY29JUL2411800PE.NFO,2024-05-18,10:38:00,2024-07-29,3.4,3.4,3.4,3.4,0,0,1
MIDCPNIFTY29JUL2411800PE.NFO,2024-05-18,10:39:00,2024-07-29,3.4,3.4,3.4,3.4,0,0,1
MIDCPNIFTY29JUL2411800PE.NFO,2024-05-18,10:40:00,2024-07-29,3.4,3.4,3.4,3.4,0,0,1
MIDCPNIFTY29JUL2411800PE.NFO,2024-05-18,10:41:00,2024-07-29,3.4,3.4,3.4,3.4,0,0,1
MIDCPNIFTY29JUL2411800PE.NFO,2024-05-18,10:42:00,2024-07-29,3.4,3.4,3.4,3.4,0,0,1
MIDCPNIFTY29JUL2411800PE.NFO,2024-05-18,10:43:00,2024-07-29,3.4,3.4,3.4,3.4,0,0,1
MIDCPNIFTY29JUL2411800PE.NFO,2024-05-18,10:44:00,2024-07-29,3.4,3.4,3.4,3.4,0,0,1
MIDCPNIFTY29JUL2411800PE.NFO,2024-05-18,10:45:00,2024-07-29,3.4,3.4,3.4,3.4,0,0,1
MIDCPNIFTY29JUL2411800PE.NFO,2024-05-18,10:46:00,2024-07-29,3.4,3.4,3.4,3.4,0,0,1
MIDCPNIFTY29JUL2411800PE.NFO,2024-05-18,10:47:00,2024-07-29,3.4,3.4,3.4,3.4,0,0,1
MIDCPNIFTY29JUL2411800PE.NFO,2024-05-18,10:48:00,2024-07-29,3.4,3.4,3.4,3.4,0,0,1
MIDCPNIFTY29JUL2411800PE.NFO,2024-05-18,10:49:00,2024-07-29,3.4,3.4,3.4,3.4,0,0,1
MIDCPNIFTY29JUL2411800PE.NFO,2024-05-18,10:50:00,2024-07-29,3.4,3.4,3.4,3.4,0,0,1
MIDCPNIFTY29JUL2411800PE.NFO,2024-05-18,10:51:00,2024-07-29,3.4,3.4,3.4,3.4,0,0,1
MIDCPNIFTY29JUL2411800PE.NFO,2024-05-18,10:52:00,2024-07-29,3.4,3.4,3.4,3.4,0,0,1
MIDCPNIFTY29JUL2411800PE.NFO,2024-05-18,10:53:00,2024-07-29,3.4,3.4,3.4,3.4,0,0,1
MIDCPNIFTY29JUL2411800PE.NFO,2024-05-18,10:54:00,2024-07-29,3.4,3.4,3.4,3.4,0,0,1
MIDCPNIFTY29JUL2411800PE.NFO,2024-05-18,10:55:00,2024-07-29,3.4,3.4,3.4,3.4,0,0,1
MIDCPNIFTY29JUL2411800PE.NFO,2024-05-18,10:56:00,2024-07-29,3.4,3.4,3.4,3.4,0,0,1
MIDCPNIFTY29JUL2411800PE.NFO,2024-05-18,10:57:00,2024-07-29,3.4,3.4,3.4,3.4,0,0,1
MIDCPNIFTY29JUL2411800PE.NFO,2024-05-18,10:58:00,2024-07-29,3.4,3.4,3.4,3.4,0,0,1
MIDCPNIFTY29JUL2411800PE.NFO,2024-05-18,10:59:00,2024-07-29,3.4,3.4,3.4,3.4,0,0,1
MIDCPNIFTY29JUL2411800PE.NFO,2024-05-18,11:00:00,2024-07-29,3.4,3.4,3.4,3.4,0,0,1
MIDCPNIFTY29JUL2411800PE.NFO,2024-05-18,11:01:00,2024-07-29,3.4,3.4,3.4,3.4,0,0,1
MIDCPNIFTY29JUL2411800PE.NFO,2024-05-18,11:02:00,2024-07-29,3.4,3.4,3.4,3.4,0,0,1
MIDCPNIFTY29JUL2411800PE.NFO,2024-05-18,11:03:00,2024-07-29,3.4,3.4,3.4,3.4,0,0,1
MIDCPNIFTY29JUL2411800PE.NFO,2024-05-18,11:04:00,2024-07-29,3.4,3.4,3.4,3.4,0,0,1
MIDCPNIFTY29JUL2411800PE.NFO,2024-05-18,11:05:00,2024-07-29,3.4,3.4,3.4,3.4,0,0,1
MIDCPNIFTY29JUL2411800PE.NFO,2024-05-18,11:06:00,2024-07-29,3.4,3.4,3.4,3.4,0,0,1
MIDCPNIFTY29JUL2411800PE.NFO,2024-05-18,11:07:00,2024-07-29,3.4,3.4,3.4,3.4,0,0,1
MIDCPNIFTY29JUL2411800PE.NFO,2024-05-18,11:08:00,2024-07-29,3.4,3.4,3.4,3.4,0,0,1
MIDCPNIFTY29JUL2411800PE.NFO,2024-05-18,11:09:00,2024-07-29,3.4,3.4,3.4,3.4,0,0,1
MIDCPNIFTY29JUL2411800PE.NFO,2024-05-18,11:10:00,2024-07-29,3.4,3.4,3.4,3.4,0,0,1
MIDCPNIFTY29JUL2411800PE.NFO,2024-05-18,11:11:00,2024-07-29,3.4,3.4,3.4,3.4,0,0,1
MIDCPNIFTY29JUL2411800PE.NFO,2024-05-18,11:12:00,2024-07-29,3.4,3.4,3.4,3.4,0,0,1
MIDCPNIFTY29JUL2411800PE.NFO,2024-05-18,11:13:00,2024-07-29,3.4,3.4,3.4,3.4,0,0,1
MIDCPNIFTY29JUL2411800PE.NFO,2024-05-18,11:14:00,2024-07-29,3.4,3.4,3.4,3.4,0,0,1
MIDCPNIFTY29JUL2411800PE.NFO,2024-05-18,11:15:00,2024-07-29,3.4,3.4,3.4,3.4,0,0,1
MIDCPNIFTY29JUL2411800PE.NFO,2024-05-18,11:16:00,2024-07-29,3.4,3.4,3.4,3.4,0,0,1
MIDCPNIFTY29JUL2411800PE.NFO,2024-05-18,11:17:00,2024-07-29,3.4,3.4,3.4,3.4,0,0,1
MIDCPNIFTY29JUL2411800PE.NFO,2024-05-18,11:18:00,2024-07-29,3.4,3.4,3.4,3.4,0,0,1
MIDCPNIFTY29JUL2411800PE.NFO,2024-05-18,11:19:00,2024-07-29,3.4,3.4,3.4,3.4,0,0,1
MIDCPNIFTY29JUL2411800PE.NFO,2024-05-18,11:20:00,2024-07-29,3.4,3.4,3.4,3.4,0,0,1
MIDCPNIFTY29JUL2411800PE.NFO,2024-05-18,11:21:00,2024-07-29,3.4,3.4,3.4,3.4,0,0,1
MIDCPNIFTY29JUL2411800PE.NFO,2024-05-18,11:22:00,2024-07-29,3.4,3.4,3.4,3.4,0,0,1
MIDCPNIFTY29JUL2411800PE.NFO,2024-05-18,11:23:00,2024-07-29,3.4,3.4,3.4,3.4,0,0,1
MIDCPNIFTY29JUL2411800PE.NFO,2024-05-18,11:24:00,2024-07-29,3.4,3.4,3.4,3.4,0,0,1
MIDCPNIFTY29JUL2411800PE.NFO,2024-05-18,11:25:00,2024-07-29,3.4,3.4,3.4,3.4,0,0,1
MIDCPNIFTY29JUL2411800PE.NFO,2024-05-18,11:26:00,2024-07-29,3.4,3.4,3.4,3.4,0,0,1
MIDCPNIFTY29JUL2411800PE.NFO,2024-05-18,11:27:00,2024-07-29,3.4,3.4,3.4,3.4,0,0,1
MIDCPNIFTY29JUL2411800PE.NFO,2024-05-18,11:28:00,2024-07-29,3.4,3.4,3.4,3.4,0,0,1
MIDCPNIFTY29JUL2411800PE.NFO,2024-05-18,11:29:00,2024-07-29,3.4,3.4,3.4,3.4,0,0,1
MIDCPNIFTY29JUL2411800PE.NFO,2024-05-18,11:30:00,2024-07-29,3.4,3.4,3.4,3.4,0,0,1
MIDCPNIFTY29JUL2411800PE.NFO,2024-05-18,11:31:00,2024-07-29,3.4,3.4,3.4,3.4,0,0,1
MIDCPNIFTY29JUL2411800PE.NFO,2024-05-18,11:32:00,2024-07-29,3.4,3.4,3.4,3.4,0,0,1
MIDCPNIFTY29JUL2411800PE.NFO,2024-05-18,11:33:00,2024-07-29,3.4,3.4,3.4,3.4,0,0,1
MIDCPNIFTY29JUL2411800PE.NFO,2024-05-18,11:34:00,2024-07-29,3.4,3.4,3.4,3.4,0,0,1
MIDCPNIFTY29JUL2411800PE.NFO,2024-05-18,11:35:00,2024-07-29,3.4,3.4,3.4,3.4,0,0,1
MIDCPNIFTY29JUL2411800PE.NFO,2024-05-18,11:36:00,2024-07-29,3.4,3.4,3.4,3.4,0,0,1
MIDCPNIFTY29JUL2411800PE.NFO,2024-05-18,11:37:00,2024-07-29,3.4,3.4,3.4,3.4,0,0,1
MIDCPNIFTY29JUL2411800PE.NFO,2024-05-18,11:38:00,2024-07-29,3.4,3.4,3.4,3.4,0,0,1
MIDCPNIFTY29JUL2411800PE.NFO,2024-05-18,11:39:00,2024-07-29,3.4,3.4,3.4,3.4,0,0,1
MIDCPNIFTY29JUL2411800PE.NFO,2024-05-18,11:40:00,2024-07-29,3.4,3.4,3.4,3.4,0,0,1
MIDCPNIFTY29JUL2411800PE.NFO,2024-05-18,11:41:00,2024-07-29,3.4,3.4,3.4,3.4,0,0,1
MIDCPNIFTY29JUL2411800PE.NFO,2024-05-18,11:42:00,2024-07-29,3.4,3.4,3.4,3.4,0,0,1
MIDCPNIFTY29JUL2411800PE.NFO,2024-05-18,11:43:00,2024-07-29,3.4,3.4,3.4,3.4,0,0,1
MIDCPNIFTY29JUL2411800PE.NFO,2024-05-18,11:44:00,2024-07-29,3.4,3.4,3.4,3.4,0,0,1
MIDCPNIFTY29JUL2411800PE.NFO,2024-05-18,11:45:00,2024-07-29,3.4,3.4,3.4,3.4,0,0,1
MIDCPNIFTY29JUL2411800PE.NFO,2024-05-18,11:46:00,2024-07-29,3.4,3.4,3.4,3.4,0,0,1
MIDCPNIFTY29JUL2411800PE.NFO,2024-05-18,11:47:00,2024-07-29,3.4,3.4,3.4,3.4,0,0,1
MIDCPNIFTY29JUL2411800PE.NFO,2024-05-18,11:48:00,2024-07-29,3.4,3.4,3.4,3.4,0,0,1
MIDCPNIFTY29JUL2411800PE.NFO,2024-05-18,11:49:00,2024-07-29,3.4,3.4,3.4,3.4,0,0,1
MIDCPNIFTY29JUL2411800PE.NFO,2024-05-18,11:50:00,2024-07-29,3.4,3.4,3.4,3.4,0,0,1
MIDCPNIFTY29JUL2411800PE.NFO,2024-05-18,11:51:00,2024-07-29,3.4,3.4,3.4,3.4,0,0,1
MIDCPNIFTY29JUL2411800PE.NFO,2024-05-18,11:52:00,2024-07-29,3.4,3.4,3.4,3.4,0,0,1
MIDCPNIFTY29JUL2411800PE.NFO,2024-05-18,11:53:00,2024-07-29,3.4,3.4,3.4,3.4,0,0,1
MIDCPNIFTY29JUL2411800PE.NFO,2024-05-18,11:54:00,2024-07-29,3.4,3.4,3.4,3.4,0,0,1
MIDCPNIFTY29JUL2411800PE.NFO,2024-05-18,11:55:00,2024-07-29,3.4,3.4,3.4,3.4,0,0,1
MIDCPNIFTY29JUL2411800PE.NFO,2024-05-18,11:56:00,2024-07-29,3.4,3.4,3.4,3.4,0,0,1
MIDCPNIFTY29JUL2411800PE.NFO,2024-05-18,11:57:00,2024-07-29,3.4,3.4,3.4,3.4,0,0,1
MIDCPNIFTY29JUL2411800PE.NFO,2024-05-18,11:58:00,2024-07-29,3.4,3.4,3.4,3.4,0,0,1
MIDCPNIFTY29JUL2411800PE.NFO,2024-05-18,11:59:00,2024-07-29,3.4,3.4,3.4,3.4,0,0,1
MIDCPNIFTY29JUL2411800PE.NFO,2024-05-18,12:00:00,2024-07-29,3.4,3.4,3.4,3.4,0,0,1
MIDCPNIFTY29JUL2411800PE.NFO,2024-05-18,12:01:00,2024-07-29,3.4,3.4,3.4,3.4,0,0,1
MIDCPNIFTY29JUL2411800PE.NFO,2024-05-18,12:02:00,2024-07-29,3.4,3.4,3.4,3.4,0,0,1
MIDCPNIFTY29JUL2411800PE.NFO,2024-05-18,12:03:00,2024-07-29,3.4,3.4,3.4,3.4,0,0,1
MIDCPNIFTY29JUL2411800PE.NFO,2024-05-18,12:04:00,2024-07-29,3.4,3.4,3.4,3.4,0,0,1
MIDCPNIFTY29JUL2411800PE.NFO,2024-05-18,12:05:00,2024-07-29,3.4,3.4,3.4,3.4,0,0,1
MIDCPNIFTY29JUL2411800PE.NFO,2024-05-18,12:06:00,2024-07-29,3.4,3.4,3.4,3.4,0,0,1
MIDCPNIFTY29JUL2411800PE.NFO,2024-05-18,12:07:00,2024-07-29,3.4,3.4,3.4,3.4,0,0,1
MIDCPNIFTY29JUL2411800PE.NFO,2024-05-18,12:08:00,2024-07-29,3.4,3.4,3.4,3.4,0,0,1
MIDCPNIFTY29JUL2411800PE.NFO,2024-05-18,12:09:00,2024-07-29,3.4,3.4,3.4,3.4,0,0,1
MIDCPNIFTY29JUL2411800PE.NFO,2024-05-18,12:10:00,2024-07-29,3.4,3.4,3.4,3.4,0,0,1
MIDCPNIFTY29JUL2411800PE.NFO,2024-05-18,12:11:00,2024-07-29,3.4,3.4,3.4,3.4,0,0,1
MIDCPNIFTY29JUL2411800PE.NFO,2024-05-18,12:12:00,2024-07-29,3.4,3.4,3.4,3.4,0,0,1
MIDCPNIFTY29JUL2411800PE.NFO,2024-05-18,12:13:00,2024-07-29,3.4,3.4,3.4,3.4,0,0,1
MIDCPNIFTY29JUL2411800PE.NFO,2024-05-18,12:14:00,2024-07-29,3.4,3.4,3.4,3.4,0,0,1
MIDCPNIFTY29JUL2411800PE.NFO,2024-05-18,12:15:00,2024-07-29,3.4,3.4,3.4,3.4,0,0,1
MIDCPNIFTY29JUL2411800PE.NFO,2024-05-18,12:16:00,2024-07-29,3.4,3.4,3.4,3.4,0,0,1
MIDCPNIFTY29JUL2411800PE.NFO,2024-05-18,12:17:00,2024-07-29,3.4,3.4,3.4,3.4,0,0,1
MIDCPNIFTY29JUL2411800PE.NFO,2024-05-18,12:18:00,2024-07-29,3.4,3.4,3.4,3.4,0,0,1
MIDCPNIFTY29JUL2411800PE.NFO,2024-05-18,12:19:00,2024-07-29,3.4,3.4,3.4,3.4,0,0,1
MIDCPNIFTY29JUL2411800PE.NFO,2024-05-18,12:20:00,2024-07-29,3.4,3.4,3.4,3.4,0,0,1
MIDCPNIFTY29JUL2411800PE.NFO,2024-05-18,12:21:00,2024-07-29,3.4,3.4,3.4,3.4,0,0,1
MIDCPNIFTY29JUL2411800PE.NFO,2024-05-18,12:22:00,2024-07-29,3.4,3.4,3.4,3.4,0,0,1
MIDCPNIFTY29JUL2411800PE.NFO,2024-05-18,12:23:00,2024-07-29,3.4,3.4,3.4,3.4,0,0,1
MIDCPNIFTY29JUL2411800PE.NFO,2024-05-18,12:24:00,2024-07-29,3.4,3.4,3.4,3.4,0,0,1
MIDCPNIFTY29JUL2411800PE.NFO,2024-05-18,12:25:00,2024-07-29,3.4,3.4,3.4,3.4,0,0,1
MIDCPNIFTY29JUL2411800PE.NFO,2024-05-18,12:26:00,2024-07-29,3.4,3.4,3.4,3.4,0,0,1
MIDCPNIFTY29JUL2411800PE.NFO,2024-05-18,12:27:00,2024-07-29,3.4,3.4,3.4,3.4,0,0,1
MIDCPNIFTY29JUL2411800PE.NFO,2024-05-18,12:28:00,2024-07-29,3.4,3.4,3.4,3.4,0,0,1
MIDCPNIFTY29JUL2411800PE.NFO,2024-05-18,12:29:00,2024-07-29,3.4,3.4,3.4,3.4,0,0,1
MIDCPNIFTY29JUL2411800PE.NFO,2024-05-18,12:30:00,2024-07-29,3.4,3.4,3.4,3.4,0,0,1
MIDCPNIFTY29JUL2411800PE.NFO,2024-05-18,12:31:00,2024-07-29,3.4,3.4,3.4,3.4,0,0,1
MIDCPNIFTY29JUL2411800PE.NFO,2024-05-18,12:32:00,2024-07-29,3.4,3.4,3.4,3.4,0,0,1
MIDCPNIFTY29JUL2411800PE.NFO,2024-05-18,12:33:00,2024-07-29,3.4,3.4,3.4,3.4,0,0,1
MIDCPNIFTY29JUL2411800PE.NFO,2024-05-18,12:34:00,2024-07-29,3.4,3.4,3.4,3.4,0,0,1
MIDCPNIFTY29JUL2411800PE.NFO,2024-05-18,12:35:00,2024-07-29,3.4,3.4,3.4,3.4,0,0,1
MIDCPNIFTY29JUL2411800PE.NFO,2024-05-18,12:36:00,2024-07-29,3.4,3.4,3.4,3.4,0,0,1
MIDCPNIFTY29JUL2411800PE.NFO,2024-05-18,12:37:00,2024-07-29,3.4,3.4,3.4,3.4,0,0,1
MIDCPNIFTY29JUL2411800PE.NFO,2024-05-18,12:38:00,2024-07-29,3.4,3.4,3.4,3.4,0,0,1
MIDCPNIFTY29JUL2411800PE.NFO,2024-05-18,12:39:00,2024-07-29,3.4,3.4,3.4,3.4,0,0,1
MIDCPNIFTY29JUL2411800PE.NFO,2024-05-18,12:40:00,2024-07-29,3.4,3.4,3.4,3.4,0,0,1
MIDCPNIFTY29JUL2411800PE.NFO,2024-05-18,12:41:00,2024-07-29,3.4,3.4,3.4,3.4,0,0,1
MIDCPNIFTY29JUL2411800PE.NFO,2024-05-18,12:42:00,2024-07-29,3.4,3.4,3.4,3.4,0,0,1
MIDCPNIFTY29JUL2411800PE.NFO,2024-05-18,12:43:00,2024-07-29,3.4,3.4,3.4,3.4,0,0,1
MIDCPNIFTY29JUL2411800PE.NFO,2024-05-18,12:44:00,2024-07-29,3.4,3.4,3.4,3.4,0,0,1
MIDCPNIFTY29JUL2411800PE.NFO,2024-05-18,12:45:00,2024-07-29,3.4,3.4,3.4,3.4,0,0,1
MIDCPNIFTY29JUL2411800PE.NFO,2024-05-18,12:46:00,2024-07-29,3.4,3.4,3.4,3.4,0,0,1
MIDCPNIFTY29JUL2411800PE.NFO,2024-05-18,12:47:00,2024-07-29,3.4,3.4,3.4,3.4,0,0,1
MIDCPNIFTY29JUL2411800PE.NFO,2024-05-18,12:48:00,2024-07-29,3.4,3.4,3.4,3.4,0,0,1
MIDCPNIFTY29JUL2411800PE.NFO,2024-05-18,12:49:00,2024-07-29,3.4,3.4,3.4,3.4,0,0,1
MIDCPNIFTY29JUL2411800PE.NFO,2024-05-18,12:50:00,2024-07-29,3.4,3.4,3.4,3.4,0,0,1
MIDCPNIFTY29JUL2411800PE.NFO,2024-05-18,12:51:00,2024-07-29,3.4,3.4,3.4,3.4,0,0,1
MIDCPNIFTY29JUL2411800PE.NFO,2024-05-18,12:52:00,2024-07-29,3.4,3.4,3.4,3.4,0,0,1
MIDCPNIFTY29JUL2411800PE.NFO,2024-05-18,12:53:00,2024-07-29,3.4,3.4,3.4,3.4,0,0,1
MIDCPNIFTY29JUL2411800PE.NFO,2024-05-18,12:54:00,2024-07-29,3.4,3.4,3.4,3.4,0,0,1
MIDCPNIFTY29JUL2411800PE.NFO,2024-05-18,12:55:00,2024-07-29,3.4,3.4,3.4,3.4,0,0,1
MIDCPNIFTY29JUL2411800PE.NFO,2024-05-18,12:56:00,2024-07-29,3.4,3.4,3.4,3.4,0,0,1
MIDCPNIFTY29JUL2411800PE.NFO,2024-05-18,12:57:00,2024-07-29,3.4,3.4,3.4,3.4,0,0,1
MIDCPNIFTY29JUL2411800PE.NFO,2024-05-18,12:58:00,2024-07-29,3.4,3.4,3.4,3.4,0,0,1
MIDCPNIFTY29JUL2411800PE.NFO,2024-05-18,12:59:00,2024-07-29,3.4,3.4,3.4,3.4,0,0,1
MIDCPNIFTY29JUL2411800PE.NFO,2024-05-18,13:00:00,2024-07-29,3.4,3.4,3.4,3.4,0,0,1
MIDCPNIFTY29JUL2411800PE.NFO,2024-05-18,13:01:00,2024-07-29,3.4,3.4,3.4,3.4,0,0,1
MIDCPNIFTY29JUL2411800PE.NFO,2024-05-18,13:02:00,2024-07-29,3.4,3.4,3.4,3.4,0,0,1
MIDCPNIFTY29JUL2411800PE.NFO,2024-05-18,13:03:00,2024-07-29,3.4,3.4,3.4,3.4,0,0,1
MIDCPNIFTY29JUL2411800PE.NFO,2024-05-18,13:04:00,2024-07-29,3.4,3.4,3.4,3.4,0,0,1
MIDCPNIFTY29JUL2411800PE.NFO,2024-05-18,13:05:00,2024-07-29,3.4,3.4,3.4,3.4,0,0,1
MIDCPNIFTY29JUL2411800PE.NFO,2024-05-18,13:06:00,2024-07-29,3.4,3.4,3.4,3.4,0,0,1
MIDCPNIFTY29JUL2411800PE.NFO,2024-05-18,13:07:00,2024-07-29,3.4,3.4,3.4,3.4,0,0,1
MIDCPNIFTY29JUL2411800PE.NFO,2024-05-18,13:08:00,2024-07-29,3.4,3.4,3.4,3.4,0,0,1
MIDCPNIFTY29JUL2411800PE.NFO,2024-05-18,13:09:00,2024-07-29,3.4,3.4,3.4,3.4,0,0,1
MIDCPNIFTY29JUL2411800PE.NFO,2024-05-18,13:10:00,2024-07-29,3.4,3.4,3.4,3.4,0,0,1
MIDCPNIFTY29JUL2411800PE.NFO,2024-05-18,13:11:00,2024-07-29,3.4,3.4,3.4,3.4,0,0,1
MIDCPNIFTY29JUL2411800PE.NFO,2024-05-18,13:12:00,2024-07-29,3.4,3.4,3.4,3.4,0,0,1
MIDCPNIFTY29JUL2411800PE.NFO,2024-05-18,13:13:00,2024-07-29,3.4,3.4,3.4,3.4,0,0,1
MIDCPNIFTY29JUL2411800PE.NFO,2024-05-18,13:14:00,2024-07-29,3.4,3.4,3.4,3.4,0,0,1
MIDCPNIFTY29JUL2411800PE.NFO,2024-05-18,13:15:00,2024-07-29,3.4,3.4,3.4,3.4,0,0,1
MIDCPNIFTY29JUL2411800PE.NFO,2024-05-18,13:16:00,2024-07-29,3.4,3.4,3.4,3.4,0,0,1
MIDCPNIFTY29JUL2411800PE.NFO,2024-05-18,13:17:00,2024-07-29,3.4,3.4,3.4,3.4,0,0,1
MIDCPNIFTY29JUL2411800PE.NFO,2024-05-18,13:18:00,2024-07-29,3.4,3.4,3.4,3.4,0,0,1
MIDCPNIFTY29JUL2411800PE.NFO,2024-05-18,13:19:00,2024-07-29,3.4,3.4,3.4,3.4,0,0,1
MIDCPNIFTY29JUL2411800PE.NFO,2024-05-18,13:20:00,2024-07-29,3.4,3.4,3.4,3.4,0,0,1
MIDCPNIFTY29JUL2411800PE.NFO,2024-05-18,13:21:00,2024-07-29,3.4,3.4,3.4,3.4,0,0,1
MIDCPNIFTY29JUL2411800PE.NFO,2024-05-18,13:22:00,2024-07-29,3.4,3.4,3.4,3.4,0,0,1
MIDCPNIFTY29JUL2411800PE.NFO,2024-05-18,13:23:00,2024-07-29,3.4,3.4,3.4,3.4,0,0,1
MIDCPNIFTY29JUL2411800PE.NFO,2024-05-18,13:24:00,2024-07-29,3.4,3.4,3.4,3.4,0,0,1
MIDCPNIFTY29JUL2411800PE.NFO,2024-05-18,13:25:00,2024-07-29,3.4,3.4,3.4,3.4,0,0,1
MIDCPNIFTY29JUL2411800PE.NFO,2024-05-18,13:26:00,2024-07-29,3.4,3.4,3.4,3.4,0,0,1
MIDCPNIFTY29JUL2411800PE.NFO,2024-05-18,13:27:00,2024-07-29,3.4,3.4,3.4,3.4,0,0,1
MIDCPNIFTY29JUL2411800PE.NFO,2024-05-18,13:28:00,2024-07-29,3.4,3.4,3.4,3.4,0,0,1
MIDCPNIFTY29JUL2411800PE.NFO,2024-05-18,13:29:00,2024-07-29,3.4,3.4,3.4,3.4,0,0,1
MIDCPNIFTY29JUL2411800PE.NFO,2024-05-18,13:30:00,2024-07-29,3.4,3.4,3.4,3.4,0,0,1
MIDCPNIFTY29JUL2411800PE.NFO,2024-05-18,13:31:00,2024-07-29,3.4,3.4,3.4,3.4,0,0,1
MIDCPNIFTY29JUL2411800PE.NFO,2024-05-18,13:32:00,2024-07-29,3.4,3.4,3.4,3.4,0,0,1
MIDCPNIFTY29JUL2411800PE.NFO,2024-05-18,13:33:00,2024-07-29,3.4,3.4,3.4,3.4,0,0,1
MIDCPNIFTY29JUL2411800PE.NFO,2024-05-18,13:34:00,2024-07-29,3.4,3.4,3.4,3.4,0,0,1
MIDCPNIFTY29JUL2411800PE.NFO,2024-05-18,13:35:00,2024-07-29,3.4,3.4,3.4,3.4,0,0,1
MIDCPNIFTY29JUL2411800PE.NFO,2024-05-18,13:36:00,2024-07-29,3.4,3.4,3.4,3.4,0,0,1
MIDCPNIFTY29JUL2411800PE.NFO,2024-05-18,13:37:00,2024-07-29,3.4,3.4,3.4,3.4,0,0,1
MIDCPNIFTY29JUL2411800PE.NFO,2024-05-18,13:38:00,2024-07-29,3.4,3.4,3.4,3.4,0,0,1
MIDCPNIFTY29JUL2411800PE.NFO,2024-05-18,13:39:00,2024-07-29,3.4,3.4,3.4,3.4,0,0,1
MIDCPNIFTY29JUL2411800PE.NFO,2024-05-18,13:40:00,2024-07-29,3.4,3.4,3.4,3.4,0,0,1
MIDCPNIFTY29JUL2411800PE.NFO,2024-05-18,13:41:00,2024-07-29,3.4,3.4,3.4,3.4,0,0,1
MIDCPNIFTY29JUL2411800PE.NFO,2024-05-18,13:42:00,2024-07-29,3.4,3.4,3.4,3.4,0,0,1
MIDCPNIFTY29JUL2411800PE.NFO,2024-05-18,13:43:00,2024-07-29,3.4,3.4,3.4,3.4,0,0,1
MIDCPNIFTY29JUL2411800PE.NFO,2024-05-18,13:44:00,2024-07-29,3.4,3.4,3.4,3.4,0,0,1
MIDCPNIFTY29JUL2411800PE.NFO,2024-05-18,13:45:00,2024-07-29,3.4,3.4,3.4,3.4,0,0,1
MIDCPNIFTY29JUL2411800PE.NFO,2024-05-18,13:46:00,2024-07-29,3.4,3.4,3.4,3.4,0,0,1
MIDCPNIFTY29JUL2411800PE.NFO,2024-05-18,13:47:00,2024-07-29,3.4,3.4,3.4,3.4,0,0,1
MIDCPNIFTY29JUL2411800PE.NFO,2024-05-18,13:48:00,2024-07-29,3.4,3.4,3.4,3.4,0,0,1
MIDCPNIFTY29JUL2411800PE.NFO,2024-05-18,13:49:00,2024-07-29,3.4,3.4,3.4,3.4,0,0,1
MIDCPNIFTY29JUL2411800PE.NFO,2024-05-18,13:50:00,2024-07-29,3.4,3.4,3.4,3.4,0,0,1
MIDCPNIFTY29JUL2411800PE.NFO,2024-05-18,13:51:00,2024-07-29,3.4,3.4,3.4,3.4,0,0,1
MIDCPNIFTY29JUL2411800PE.NFO,2024-05-18,13:52:00,2024-07-29,3.4,3.4,3.4,3.4,0,0,1
MIDCPNIFTY29JUL2411800PE.NFO,2024-05-18,13:53:00,2024-07-29,3.4,3.4,3.4,3.4,0,0,1
MIDCPNIFTY29JUL2411800PE.NFO,2024-05-18,13:54:00,2024-07-29,3.4,3.4,3.4,3.4,0,0,1
MIDCPNIFTY29JUL2411800PE.NFO,2024-05-18,13:55:00,2024-07-29,3.4,3.4,3.4,3.4,0,0,1
MIDCPNIFTY29JUL2411800PE.NFO,2024-05-18,13:56:00,2024-07-29,3.4,3.4,3.4,3.4,0,0,1
MIDCPNIFTY29JUL2411800PE.NFO,2024-05-18,13:57:00,2024-07-29,3.4,3.4,3.4,3.4,0,0,1
MIDCPNIFTY29JUL2411800PE.NFO,2024-05-18,13:58:00,2024-07-29,3.4,3.4,3.4,3.4,0,0,1
MIDCPNIFTY29JUL2411800PE.NFO,2024-05-18,13:59:00,2024-07-29,3.4,3.4,3.4,3.4,0,0,1
MIDCPNIFTY29JUL2411800PE.NFO,2024-05-18,14:00:00,2024-07-29,3.4,3.4,3.4,3.4,0,0,1
MIDCPNIFTY29JUL2411800PE.NFO,2024-05-18,14:01:00,2024-07-29,3.4,3.4,3.4,3.4,0,0,1
MIDCPNIFTY29JUL2411800PE.NFO,2024-05-18,14:02:00,2024-07-29,3.4,3.4,3.4,3.4,0,0,1
MIDCPNIFTY29JUL2411800PE.NFO,2024-05-18,14:03:00,2024-07-29,3.4,3.4,3.4,3.4,0,0,1
MIDCPNIFTY29JUL2411800PE.NFO,2024-05-18,14:04:00,2024-07-29,3.4,3.4,3.4,3.4,0,0,1
MIDCPNIFTY29JUL2411800PE.NFO,2024-05-18,14:05:00,2024-07-29,3.4,3.4,3.4,3.4,0,0,1
MIDCPNIFTY29JUL2411800PE.NFO,2024-05-18,14:06:00,2024-07-29,3.4,3.4,3.4,3.4,0,0,1
MIDCPNIFTY29JUL2411800PE.NFO,2024-05-18,14:07:00,2024-07-29,3.4,3.4,3.4,3.4,0,0,1
MIDCPNIFTY29JUL2411800PE.NFO,2024-05-18,14:08:00,2024-07-29,3.4,3.4,3.4,3.4,0,0,1
MIDCPNIFTY29JUL2411800PE.NFO,2024-05-18,14:09:00,2024-07-29,3.4,3.4,3.4,3.4,0,0,1
MIDCPNIFTY29JUL2411800PE.NFO,2024-05-18,14:10:00,2024-07-29,3.4,3.4,3.4,3.4,0,0,1
MIDCPNIFTY29JUL2411800PE.NFO,2024-05-18,14:11:00,2024-07-29,3.4,3.4,3.4,3.4,0,0,1
MIDCPNIFTY29JUL2411800PE.NFO,2024-05-18,14:12:00,2024-07-29,3.4,3.4,3.4,3.4,0,0,1
MIDCPNIFTY29JUL2411800PE.NFO,2024-05-18,14:13:00,2024-07-29,3.4,3.4,3.4,3.4,0,0,1
MIDCPNIFTY29JUL2411800PE.NFO,2024-05-18,14:14:00,2024-07-29,3.4,3.4,3.4,3.4,0,0,1
MIDCPNIFTY29JUL2411800PE.NFO,2024-05-18,14:15:00,2024-07-29,3.4,3.4,3.4,3.4,0,0,1
MIDCPNIFTY29JUL2411800PE.NFO,2024-05-18,14:16:00,2024-07-29,3.4,3.4,3.4,3.4,0,0,1
MIDCPNIFTY29JUL2411800PE.NFO,2024-05-18,14:17:00,2024-07-29,3.4,3.4,3.4,3.4,0,0,1
MIDCPNIFTY29JUL2411800PE.NFO,2024-05-18,14:18:00,2024-07-29,3.4,3.4,3.4,3.4,0,0,1
MIDCPNIFTY29JUL2411800PE.NFO,2024-05-18,14:19:00,2024-07-29,3.4,3.4,3.4,3.4,0,0,1
MIDCPNIFTY29JUL2411800PE.NFO,2024-05-18,14:20:00,2024-07-29,3.4,3.4,3.4,3.4,0,0,1
MIDCPNIFTY29JUL2411800PE.NFO,2024-05-18,14:21:00,2024-07-29,3.4,3.4,3.4,3.4,0,0,1
MIDCPNIFTY29JUL2411800PE.NFO,2024-05-18,14:22:00,2024-07-29,3.4,3.4,3.4,3.4,0,0,1
MIDCPNIFTY29JUL2411800PE.NFO,2024-05-18,14:23:00,2024-07-29,3.4,3.4,3.4,3.4,0,0,1
MIDCPNIFTY29JUL2411800PE.NFO,2024-05-18,14:24:00,2024-07-29,3.4,3.4,3.4,3.4,0,0,1
MIDCPNIFTY29JUL2411800PE.NFO,2024-05-18,14:25:00,2024-07-29,3.4,3.4,3.4,3.4,0,0,1
MIDCPNIFTY29JUL2411800PE.NFO,2024-05-18,14:26:00,2024-07-29,3.4,3.4,3.4,3.4,0,0,1
MIDCPNIFTY29JUL2411800PE.NFO,2024-05-18,14:27:00,2024-07-29,3.4,3.4,3.4,3.4,0,0,1
MIDCPNIFTY29JUL2411800PE.NFO,2024-05-18,14:28:00,2024-07-29,3.4,3.4,3.4,3.4,0,0,1
MIDCPNIFTY29JUL2411800PE.NFO,2024-05-18,14:29:00,2024-07-29,3.4,3.4,3.4,3.4,0,0,1
MIDCPNIFTY29JUL2411800PE.NFO,2024-05-18,14:30:00,2024-07-29,3.4,3.4,3.4,3.4,0,0,1
MIDCPNIFTY29JUL2411800PE.NFO,2024-05-18,14:31:00,2024-07-29,3.4,3.4,3.4,3.4,0,0,1
MIDCPNIFTY29JUL2411800PE.NFO,2024-05-18,14:32:00,2024-07-29,3.4,3.4,3.4,3.4,0,0,1
MIDCPNIFTY29JUL2411800PE.NFO,2024-05-18,14:33:00,2024-07-29,3.4,3.4,3.4,3.4,0,0,1
MIDCPNIFTY29JUL2411800PE.NFO,2024-05-18,14:34:00,2024-07-29,3.4,3.4,3.4,3.4,0,0,1
MIDCPNIFTY29JUL2411800PE.NFO,2024-05-18,14:35:00,2024-07-29,3.4,3.4,3.4,3.4,0,0,1
MIDCPNIFTY29JUL2411800PE.NFO,2024-05-18,14:36:00,2024-07-29,3.4,3.4,3.4,3.4,0,0,1
MIDCPNIFTY29JUL2411800PE.NFO,2024-05-18,14:37:00,2024-07-29,3.4,3.4,3.4,3.4,0,0,1
MIDCPNIFTY29JUL2411800PE.NFO,2024-05-18,14:38:00,2024-07-29,3.4,3.4,3.4,3.4,0,0,1
MIDCPNIFTY29JUL2411800PE.NFO,2024-05-18,14:39:00,2024-07-29,3.4,3.4,3.4,3.4,0,0,1
MIDCPNIFTY29JUL2411800PE.NFO,2024-05-18,14:40:00,2024-07-29,3.4,3.4,3.4,3.4,0,0,1
MIDCPNIFTY29JUL2411800PE.NFO,2024-05-18,14:41:00,2024-07-29,3.4,3.4,3.4,3.4,0,0,1
MIDCPNIFTY29JUL2411800PE.NFO,2024-05-18,14:42:00,2024-07-29,3.4,3.4,3.4,3.4,0,0,1
MIDCPNIFTY29JUL2411800PE.NFO,2024-05-18,14:43:00,2024-07-29,3.4,3.4,3.4,3.4,0,0,1
MIDCPNIFTY29JUL2411800PE.NFO,2024-05-18,14:44:00,2024-07-29,3.4,3.4,3.4,3.4,0,0,1
MIDCPNIFTY29JUL2411800PE.NFO,2024-05-18,14:45:00,2024-07-29,3.4,3.4,3.4,3.4,0,0,1
MIDCPNIFTY29JUL2411800PE.NFO,2024-05-18,14:46:00,2024-07-29,3.4,3.4,3.4,3.4,0,0,1
MIDCPNIFTY29JUL2411800PE.NFO,2024-05-18,14:47:00,2024-07-29,3.4,3.4,3.4,3.4,0,0,1
MIDCPNIFTY29JUL2411800PE.NFO,2024-05-18,14:48:00,2024-07-29,3.4,3.4,3.4,3.4,0,0,1
MIDCPNIFTY29JUL2411800PE.NFO,2024-05-18,14:49:00,2024-07-29,3.4,3.4,3.4,3.4,0,0,1
MIDCPNIFTY29JUL2411800PE.NFO,2024-05-18,14:50:00,2024-07-29,3.4,3.4,3.4,3.4,0,0,1
MIDCPNIFTY29JUL2411800PE.NFO,2024-05-18,14:51:00,2024-07-29,3.4,3.4,3.4,3.4,0,0,1
MIDCPNIFTY29JUL2411800PE.NFO,2024-05-18,14:52:00,2024-07-29,3.4,3.4,3.4,3.4,0,0,1
MIDCPNIFTY29JUL2411800PE.NFO,2024-05-18,14:53:00,2024-07-29,3.4,3.4,3.4,3.4,0,0,1
MIDCPNIFTY29JUL2411800PE.NFO,2024-05-18,14:54:00,2024-07-29,3.4,3.4,3.4,3.4,0,0,1
MIDCPNIFTY29JUL2411800PE.NFO,2024-05-18,14:55:00,2024-07-29,3.4,3.4,3.4,3.4,0,0,1
MIDCPNIFTY29JUL2411800PE.NFO,2024-05-18,14:56:00,2024-07-29,3.4,3.4,3.4,3.4,0,0,1
MIDCPNIFTY29JUL2411800PE.NFO,2024-05-18,14:57:00,2024-07-29,3.4,3.4,3.4,3.4,0,0,1
MIDCPNIFTY29JUL2411800PE.NFO,2024-05-18,14:58:00,2024-07-29,3.4,3.4,3.4,3.4,0,0,1
MIDCPNIFTY29JUL2411800PE.NFO,2024-05-18,14:59:00,2024-07-29,3.4,3.4,3.4,3.4,0,0,1
MIDCPNIFTY29JUL2411800PE.NFO,2024-05-18,15:00:00,2024-07-29,3.4,3.4,3.4,3.4,0,0,1
MIDCPNIFTY29JUL2411800PE.NFO,2024-05-18,15:01:00,2024-07-29,3.4,3.4,3.4,3.4,0,0,1
MIDCPNIFTY29JUL2411800PE.NFO,2024-05-18,15:02:00,2024-07-29,3.4,3.4,3.4,3.4,0,0,1
MIDCPNIFTY29JUL2411800PE.NFO,2024-05-18,15:03:00,2024-07-29,3.4,3.4,3.4,3.4,0,0,1
MIDCPNIFTY29JUL2411800PE.NFO,2024-05-18,15:04:00,2024-07-29,3.4,3.4,3.4,3.4,0,0,1
MIDCPNIFTY29JUL2411800PE.NFO,2024-05-18,15:05:00,2024-07-29,3.4,3.4,3.4,3.4,0,0,1
MIDCPNIFTY29JUL2411800PE.NFO,2024-05-18,15:06:00,2024-07-29,3.4,3.4,3.4,3.4,0,0,1
MIDCPNIFTY29JUL2411800PE.NFO,2024-05-18,15:07:00,2024-07-29,3.4,3.4,3.4,3.4,0,0,1
MIDCPNIFTY29JUL2411800PE.NFO,2024-05-18,15:08:00,2024-07-29,3.4,3.4,3.4,3.4,0,0,1
MIDCPNIFTY29JUL2411800PE.NFO,2024-05-18,15:09:00,2024-07-29,3.4,3.4,3.4,3.4,0,0,1
MIDCPNIFTY29JUL2411800PE.NFO,2024-05-18,15:10:00,2024-07-29,3.4,3.4,3.4,3.4,0,0,1
MIDCPNIFTY29JUL2411800PE.NFO,2024-05-18,15:11:00,2024-07-29,3.4,3.4,3.4,3.4,0,0,1
MIDCPNIFTY29JUL2411800PE.NFO,2024-05-18,15:12:00,2024-07-29,3.4,3.4,3.4,3.4,0,0,1
MIDCPNIFTY29JUL2411800PE.NFO,2024-05-18,15:13:00,2024-07-29,3.4,3.4,3.4,3.4,0,0,1
MIDCPNIFTY29JUL2411800PE.NFO,2024-05-18,15:14:00,2024-07-29,3.4,3.4,3.4,3.4,0,0,1
MIDCPNIFTY29JUL2411800PE.NFO,2024-05-18,15:15:00,2024-07-29,3.4,3.4,3.4,3.4,0,0,1
MIDCPNIFTY29JUL2411800PE.NFO,2024-05-18,15:16:00,2024-07-29,3.4,3.4,3.4,3.4,0,0,1
MIDCPNIFTY29JUL2411800PE.NFO,2024-05-18,15:17:00,2024-07-29,3.4,3.4,3.4,3.4,0,0,1
MIDCPNIFTY29JUL2411800PE.NFO,2024-05-18,15:18:00,2024-07-29,3.4,3.4,3.4,3.4,0,0,1
MIDCPNIFTY29JUL2411800PE.NFO,2024-05-18,15:19:00,2024-07-29,3.4,3.4,3.4,3.4,0,0,1
MIDCPNIFTY29JUL2411800PE.NFO,2024-05-18,15:20:00,2024-07-29,3.4,3.4,3.4,3.4,0,0,1
MIDCPNIFTY29JUL2411800PE.NFO,2024-05-18,15:21:00,2024-07-29,3.4,3.4,3.4,3.4,0,0,1
MIDCPNIFTY29JUL2411800PE.NFO,2024-05-18,15:22:00,2024-07-29,3.4,3.4,3.4,3.4,0,0,1
MIDCPNIFTY29JUL2411800PE.NFO,2024-05-18,15:23:00,2024-07-29,3.4,3.4,3.4,3.4,0,0,1
MIDCPNIFTY29JUL2411800PE.NFO,2024-05-18,15:24:00,2024-07-29,3.4,3.4,3.4,3.4,0,0,1
MIDCPNIFTY29JUL2411800PE.NFO,2024-05-18,15:25:00,2024-07-29,3.4,3.4,3.4,3.4,0,0,1
MIDCPNIFTY29JUL2411800PE.NFO,2024-05-18,15:26:00,2024-07-29,3.4,3.4,3.4,3.4,0,0,1
MIDCPNIFTY29JUL2411800PE.NFO,2024-05-18,15:27:00,2024-07-29,3.4,3.4,3.4,3.4,0,0,1
MIDCPNIFTY29JUL2411800PE.NFO,2024-05-18,15:28:00,2024-07-29,3.4,3.4,3.4,3.4,0,0,1
MIDCPNIFTY29JUL2411800PE.NFO,2024-05-18,15:29:00,2024-07-29,3.4,3.4,3.4,3.4,0,0,1
MIDCPNIFTY29JUL2411800PE.NFO,2024-05-18,15:30:00,2024-07-29,3.4,3.4,3.4,3.4,0,0,1
MIDCPNIFTY29JUL2411800PE.NFO,2024-05-21,09:15:00,2024-07-29,3.4,3.4,3.4,3.4,0,0,0
MIDCPNIFTY29JUL2411800PE.NFO,2024-05-21,09:16:00,2024-07-29,3.4,3.4,3.4,3.4,0,0,1
MIDCPNIFTY29JUL2411800PE.NFO,2024-05-21,09:17:00,2024-07-29,3.4,3.4,3.4,3.4,0,0,1
MIDCPNIFTY29JUL2411800PE.NFO,2024-05-21,09:18:00,2024-07-29,3.4,3.4,3.4,3.4,0,0,1
MIDCPNIFTY29JUL2411800PE.NFO,2024-05-21,09:19:00,2024-07-29,3.4,3.4,3.4,3.4,0,0,1
MIDCPNIFTY29JUL2411800PE.NFO,2024-05-21,09:20:00,2024-07-29,3.4,3.4,3.4,3.4,0,0,1
MIDCPNIFTY29JUL2411800PE.NFO,2024-05-21,09:21:00,2024-07-29,3.4,3.4,3.4,3.4,0,0,1
MIDCPNIFTY29JUL2411800PE.NFO,2024-05-21,09:22:00,2024-07-29,3.4,3.4,3.4,3.4,0,0,1
MIDCPNIFTY29JUL2411800PE.NFO,2024-05-21,09:23:00,2024-07-29,3.4,3.4,3.4,3.4,0,0,1
MIDCPNIFTY29JUL2411800PE.NFO,2024-05-21,09:24:00,2024-07-29,3.4,3.4,3.4,3.4,0,0,1
MIDCPNIFTY29JUL2411800PE.NFO,2024-05-21,09:25:00,2024-07-29,3.4,3.4,3.4,3.4,0,0,1
MIDCPNIFTY29JUL2411800PE.NFO,2024-05-21,09:26:00,2024-07-29,3.4,3.4,3.4,3.4,0,0,1
MIDCPNIFTY29JUL2411800PE.NFO,2024-05-21,09:27:00,2024-07-29,3.4,3.4,3.4,3.4,0,0,1
MIDCPNIFTY29JUL2411800PE.NFO,2024-05-21,09:28:00,2024-07-29,3.4,3.4,3.4,3.4,0,0,1
MIDCPNIFTY29JUL2411800PE.NFO,2024-05-21,09:29:00,2024-07-29,3.4,3.4,3.4,3.4,0,0,1
MIDCPNIFTY29JUL2411800PE.NFO,2024-05-21,09:30:00,2024-07-29,3.4,3.4,3.4,3.4,0,0,1
MIDCPNIFTY29JUL2411800PE.NFO,2024-05-21,09:31:00,2024-07-29,3.4,3.4,3.4,3.4,0,0,1
MIDCPNIFTY29JUL2411800PE.NFO,2024-05-21,09:32:00,2024-07-29,3.4,3.4,3.4,3.4,0,0,1
MIDCPNIFTY29JUL2411800PE.NFO,2024-05-21,09:33:00,2024-07-29,3.4,3.4,3.4,3.4,0,0,1
MIDCPNIFTY29JUL2411800PE.NFO,2024-05-21,09:34:00,2024-07-29,3.4,3.4,3.4,3.4,0,0,1
MIDCPNIFTY29JUL2411800PE.NFO,2024-05-21,09:35:00,2024-07-29,3.4,3.4,3.4,3.4,0,0,1
MIDCPNIFTY29JUL2411800PE.NFO,2024-05-21,09:36:00,2024-07-29,3.4,3.4,3.4,3.4,0,0,1
MIDCPNIFTY29JUL2411800PE.NFO,2024-05-21,09:37:00,2024-07-29,3.4,3.4,3.4,3.4,0,0,1
MIDCPNIFTY29JUL2411800PE.NFO,2024-05-21,09:38:00,2024-07-29,3.4,3.4,3.4,3.4,0,0,1
MIDCPNIFTY29JUL2411800PE.NFO,2024-05-21,09:39:00,2024-07-29,3.4,3.4,3.4,3.4,0,0,1
MIDCPNIFTY29JUL2411800PE.NFO,2024-05-21,09:40:00,2024-07-29,3.4,3.4,3.4,3.4,0,0,1
MIDCPNIFTY29JUL2411800PE.NFO,2024-05-21,09:41:00,2024-07-29,3.4,3.4,3.4,3.4,0,0,1
MIDCPNIFTY29JUL2411800PE.NFO,2024-05-21,09:42:00,2024-07-29,3.4,3.4,3.4,3.4,0,0,1
MIDCPNIFTY29JUL2411800PE.NFO,2024-05-21,09:43:00,2024-07-29,3.4,3.4,3.4,3.4,0,0,1
MIDCPNIFTY29JUL2411800PE.NFO,2024-05-21,09:44:00,2024-07-29,3.4,3.4,3.4,3.4,0,0,1
MIDCPNIFTY29JUL2411800PE.NFO,2024-05-21,09:45:00,2024-07-29,3.4,3.4,3.4,3.4,0,0,1
MIDCPNIFTY29JUL2411800PE.NFO,2024-05-21,09:46:00,2024-07-29,3.4,3.4,3.4,3.4,0,0,1
MIDCPNIFTY29JUL2411800PE.NFO,2024-05-21,09:47:00,2024-07-29,3.4,3.4,3.4,3.4,0,0,1
MIDCPNIFTY29JUL2411800PE.NFO,2024-05-21,09:48:00,2024-07-29,3.4,3.4,3.4,3.4,0,0,1
MIDCPNIFTY29JUL2411800PE.NFO,2024-05-21,09:49:00,2024-07-29,3.4,3.4,3.4,3.4,0,0,1
MIDCPNIFTY29JUL2411800PE.NFO,2024-05-21,09:50:00,2024-07-29,3.4,3.4,3.4,3.4,0,0,1
MIDCPNIFTY29JUL2411800PE.NFO,2024-05-21,09:51:00,2024-07-29,3.4,3.4,3.4,3.4,0,0,1
MIDCPNIFTY29JUL2411800PE.NFO,2024-05-21,09:52:00,2024-07-29,3.4,3.4,3.4,3.4,0,0,1
MIDCPNIFTY29JUL2411800PE.NFO,2024-05-21,09:53:00,2024-07-29,3.4,3.4,3.4,3.4,0,0,1
MIDCPNIFTY29JUL2411800PE.NFO,2024-05-21,09:54:00,2024-07-29,3.4,3.4,3.4,3.4,0,0,1
MIDCPNIFTY29JUL2411800PE.NFO,2024-05-21,09:55:00,2024-07-29,3.4,3.4,3.4,3.4,0,0,1
MIDCPNIFTY29JUL2411800PE.NFO,2024-05-21,09:56:00,2024-07-29,3.4,3.4,3.4,3.4,0,0,1
MIDCPNIFTY29JUL2411800PE.NFO,2024-05-21,09:57:00,2024-07-29,3.4,3.4,3.4,3.4,0,0,1
MIDCPNIFTY29JUL2411800PE.NFO,2024-05-21,09:58:00,2024-07-29,3.4,3.4,3.4,3.4,0,0,1
MIDCPNIFTY29JUL2411800PE.NFO,2024-05-21,09:59:00,2024-07-29,3.4,3.4,3.4,3.4,0,0,1
MIDCPNIFTY29JUL2411800PE.NFO,2024-05-21,10:00:00,2024-07-29,3.4,3.4,3.4,3.4,0,0,1
MIDCPNIFTY29JUL2411800PE.NFO,2024-05-21,10:01:00,2024-07-29,3.4,3.4,3.4,3.4,0,0,1
MIDCPNIFTY29JUL2411800PE.NFO,2024-05-21,10:02:00,2024-07-29,3.4,3.4,3.4,3.4,0,0,1
MIDCPNIFTY29JUL2411800PE.NFO,2024-05-21,10:03:00,2024-07-29,3.4,3.4,3.4,3.4,0,0,1
MIDCPNIFTY29JUL2411800PE.NFO,2024-05-21,10:04:00,2024-07-29,3.4,3.4,3.4,3.4,0,0,1
MIDCPNIFTY29JUL2411800PE.NFO,2024-05-21,10:05:00,2024-07-29,3.4,3.4,3.4,3.4,0,0,1
MIDCPNIFTY29JUL2411800PE.NFO,2024-05-21,10:06:00,2024-07-29,3.4,3.4,3.4,3.4,0,0,1
MIDCPNIFTY29JUL2411800PE.NFO,2024-05-21,10:07:00,2024-07-29,3.4,3.4,3.4,3.4,0,0,1
MIDCPNIFTY29JUL2411800PE.NFO,2024-05-21,10:08:00,2024-07-29,3.4,3.4,3.4,3.4,0,0,1
MIDCPNIFTY29JUL2411800PE.NFO,2024-05-21,10:09:00,2024-07-29,3.4,3.4,3.4,3.4,0,0,1
MIDCPNIFTY29JUL2411800PE.NFO,2024-05-21,10:10:00,2024-07-29,3.4,3.4,3.4,3.4,0,0,1
MIDCPNIFTY29JUL2411800PE.NFO,2024-05-21,10:11:00,2024-07-29,3.4,3.4,3.4,3.4,0,0,1
MIDCPNIFTY29JUL2411800PE.NFO,2024-05-21,10:12:00,2024-07-29,3.4,3.4,3.4,3.4,0,0,1
MIDCPNIFTY29JUL2411800PE.NFO,2024-05-21,10:13:00,2024-07-29,3.4,3.4,3.4,3.4,0,0,1
MIDCPNIFTY29JUL2411800PE.NFO,2024-05-21,10:14:00,2024-07-29,3.4,3.4,3.4,3.4,0,0,1
MIDCPNIFTY29JUL2411800PE.NFO,2024-05-21,10:15:00,2024-07-29,3.4,3.4,3.4,3.4,0,0,1
MIDCPNIFTY29JUL2411800PE.NFO,2024-05-21,10:16:00,2024-07-29,3.4,3.4,3.4,3.4,0,0,1
MIDCPNIFTY29JUL2411800PE.NFO,2024-05-21,10:17:00,2024-07-29,3.4,3.4,3.4,3.4,0,0,1
MIDCPNIFTY29JUL2411800PE.NFO,2024-05-21,10:18:00,2024-07-29,3.4,3.4,3.4,3.4,0,0,1
MIDCPNIFTY29JUL2411800PE.NFO,2024-05-21,10:19:00,2024-07-29,3.4,3.4,3.4,3.4,0,0,1
MIDCPNIFTY29JUL2411800PE.NFO,2024-05-21,10:20:00,2024-07-29,3.4,3.4,3.4,3.4,0,0,1
MIDCPNIFTY29JUL2411800PE.NFO,2024-05-21,10:21:00,2024-07-29,3.4,3.4,3.4,3.4,0,0,1
MIDCPNIFTY29JUL2411800PE.NFO,2024-05-21,10:22:00,2024-07-29,3.4,3.4,3.4,3.4,0,0,1
MIDCPNIFTY29JUL2411800PE.NFO,2024-05-21,10:23:00,2024-07-29,3.4,3.4,3.4,3.4,0,0,1
MIDCPNIFTY29JUL2411800PE.NFO,2024-05-21,10:24:00,2024-07-29,3.4,3.4,3.4,3.4,0,0,1
MIDCPNIFTY29JUL2411800PE.NFO,2024-05-21,10:25:00,2024-07-29,3.4,3.4,3.4,3.4,0,0,1
MIDCPNIFTY29JUL2411800PE.NFO,2024-05-21,10:26:00,2024-07-29,3.4,3.4,3.4,3.4,0,0,1
MIDCPNIFTY29JUL2411800PE.NFO,2024-05-21,10:27:00,2024-07-29,3.4,3.4,3.4,3.4,0,0,1
MIDCPNIFTY29JUL2411800PE.NFO,2024-05-21,10:28:00,2024-07-29,3.4,3.4,3.4,3.4,0,0,1
MIDCPNIFTY29JUL2411800PE.NFO,2024-05-21,10:29:00,2024-07-29,3.4,3.4,3.4,3.4,0,0,1
MIDCPNIFTY29JUL2411800PE.NFO,2024-05-21,10:30:00,2024-07-29,3.4,3.4,3.4,3.4,0,0,1
MIDCPNIFTY29JUL2411800PE.NFO,2024-05-21,10:31:00,2024-07-29,3.4,3.4,3.4,3.4,0,0,1
MIDCPNIFTY29JUL2411800PE.NFO,2024-05-21,10:32:00,2024-07-29,3.4,3.4,3.4,3.4,0,0,1
MIDCPNIFTY29JUL2411800PE.NFO,2024-05-21,10:33:00,2024-07-29,3.4,3.4,3.4,3.4,0,0,1
MIDCPNIFTY29JUL2411800PE.NFO,2024-05-21,10:34:00,2024-07-29,3.4,3.4,3.4,3.4,0,0,1
MIDCPNIFTY29JUL2411800PE.NFO,2024-05-21,10:35:00,2024-07-29,3.4,3.4,3.4,3.4,0,0,1
MIDCPNIFTY29JUL2411800PE.NFO,2024-05-21,10:36:00,2024-07-29,3.4,3.4,3.4,3.4,0,0,1
MIDCPNIFTY29JUL2411800PE.NFO,2024-05-21,10:37:00,2024-07-29,3.4,3.4,3.4,3.4,0,0,1
MIDCPNIFTY29JUL2411800PE.NFO,2024-05-21,10:38:00,2024-07-29,3.4,3.4,3.4,3.4,0,0,1
MIDCPNIFTY29JUL2411800PE.NFO,2024-05-21,10:39:00,2024-07-29,3.4,3.4,3.4,3.4,0,0,1
MIDCPNIFTY29JUL2411800PE.NFO,2024-05-21,10:40:00,2024-07-29,3.4,3.4,3.4,3.4,0,0,1
MIDCPNIFTY29JUL2411800PE.NFO,2024-05-21,10:41:00,2024-07-29,3.4,3.4,3.4,3.4,0,0,1
MIDCPNIFTY29JUL2411800PE.NFO,2024-05-21,10:42:00,2024-07-29,3.4,3.4,3.4,3.4,0,0,1
MIDCPNIFTY29JUL2411800PE.NFO,2024-05-21,10:43:00,2024-07-29,3.4,3.4,3.4,3.4,0,0,1
MIDCPNIFTY29JUL2411800PE.NFO,2024-05-21,10:44:00,2024-07-29,3.4,3.4,3.4,3.4,0,0,1
MIDCPNIFTY29JUL2411800PE.NFO,2024-05-21,10:45:00,2024-07-29,3.4,3.4,3.4,3.4,0,0,1
MIDCPNIFTY29JUL2411800PE.NFO,2024-05-21,10:46:00,2024-07-29,3.4,3.4,3.4,3.4,0,0,1
MIDCPNIFTY29JUL2411800PE.NFO,2024-05-21,10:47:00,2024-07-29,3.4,3.4,3.4,3.4,0,0,1
MIDCPNIFTY29JUL2411800PE.NFO,2024-05-21,10:48:00,2024-07-29,3.4,3.4,3.4,3.4,0,0,1
MIDCPNIFTY29JUL2411800PE.NFO,2024-05-21,10:49:00,2024-07-29,3.4,3.4,3.4,3.4,0,0,1
MIDCPNIFTY29JUL2411800PE.NFO,2024-05-21,10:50:00,2024-07-29,3.4,3.4,3.4,3.4,0,0,1
MIDCPNIFTY29JUL2411800PE.NFO,2024-05-21,10:51:00,2024-07-29,3.4,3.4,3.4,3.4,0,0,1
MIDCPNIFTY29JUL2411800PE.NFO,2024-05-21,10:52:00,2024-07-29,3.4,3.4,3.4,3.4,0,0,1
MIDCPNIFTY29JUL2411800PE.NFO,2024-05-21,10:53:00,2024-07-29,3.4,3.4,3.4,3.4,0,0,1
MIDCPNIFTY29JUL2411800PE.NFO,2024-05-21,10:54:00,2024-07-29,3.4,3.4,3.4,3.4,0,0,1
MIDCPNIFTY29JUL2411800PE.NFO,2024-05-21,10:55:00,2024-07-29,3.4,3.4,3.4,3.4,0,0,1
MIDCPNIFTY29JUL2411800PE.NFO,2024-05-21,10:56:00,2024-07-29,3.4,3.4,3.4,3.4,0,0,1
MIDCPNIFTY29JUL2411800PE.NFO,2024-05-21,10:57:00,2024-07-29,3.4,3.4,3.4,3.4,0,0,1
MIDCPNIFTY29JUL2411800PE.NFO,2024-05-21,10:58:00,2024-07-29,3.4,3.4,3.4,3.4,0,0,1
MIDCPNIFTY29JUL2411800PE.NFO,2024-05-21,10:59:00,2024-07-29,3.4,3.4,3.4,3.4,0,0,1
MIDCPNIFTY29JUL2411800PE.NFO,2024-05-21,11:00:00,2024-07-29,3.4,3.4,3.4,3.4,0,0,1
MIDCPNIFTY29JUL2411800PE.NFO,2024-05-21,11:01:00,2024-07-29,3.4,3.4,3.4,3.4,0,0,1
MIDCPNIFTY29JUL2411800PE.NFO,2024-05-21,11:02:00,2024-07-29,3.4,3.4,3.4,3.4,0,0,1
MIDCPNIFTY29JUL2411800PE.NFO,2024-05-21,11:03:00,2024-07-29,3.4,3.4,3.4,3.4,0,0,1
MIDCPNIFTY29JUL2411800PE.NFO,2024-05-21,11:04:00,2024-07-29,3.4,3.4,3.4,3.4,0,0,1
MIDCPNIFTY29JUL2411800PE.NFO,2024-05-21,11:05:00,2024-07-29,3.4,3.4,3.4,3.4,0,0,1
MIDCPNIFTY29JUL2411800PE.NFO,2024-05-21,11:06:00,2024-07-29,3.4,3.4,3.4,3.4,0,0,1
MIDCPNIFTY29JUL2411800PE.NFO,2024-05-21,11:07:00,2024-07-29,3.4,3.4,3.4,3.4,0,0,1
MIDCPNIFTY29JUL2411800PE.NFO,2024-05-21,11:08:00,2024-07-29,3.4,3.4,3.4,3.4,0,0,1
MIDCPNIFTY29JUL2411800PE.NFO,2024-05-21,11:09:00,2024-07-29,3.4,3.4,3.4,3.4,0,0,1
MIDCPNIFTY29JUL2411800PE.NFO,2024-05-21,11:10:00,2024-07-29,3.4,3.4,3.4,3.4,0,0,1
MIDCPNIFTY29JUL2411800PE.NFO,2024-05-21,11:11:00,2024-07-29,3.4,3.4,3.4,3.4,0,0,1
MIDCPNIFTY29JUL2411800PE.NFO,2024-05-21,11:12:00,2024-07-29,3.4,3.4,3.4,3.4,0,0,1
MIDCPNIFTY29JUL2411800PE.NFO,2024-05-21,11:13:00,2024-07-29,3.4,3.4,3.4,3.4,0,0,1
MIDCPNIFTY29JUL2411800PE.NFO,2024-05-21,11:14:00,2024-07-29,3.4,3.4,3.4,3.4,0,0,1
MIDCPNIFTY29JUL2411800PE.NFO,2024-05-21,11:15:00,2024-07-29,3.4,3.4,3.4,3.4,0,0,1
MIDCPNIFTY29JUL2411800PE.NFO,2024-05-21,11:16:00,2024-07-29,3.4,3.4,3.4,3.4,0,0,1
MIDCPNIFTY29JUL2411800PE.NFO,2024-05-21,11:17:00,2024-07-29,3.4,3.4,3.4,3.4,0,0,1
MIDCPNIFTY29JUL2411800PE.NFO,2024-05-21,11:18:00,2024-07-29,3.4,3.4,3.4,3.4,0,0,1
MIDCPNIFTY29JUL2411800PE.NFO,2024-05-21,11:19:00,2024-07-29,3.4,3.4,3.4,3.4,0,0,1
MIDCPNIFTY29JUL2411800PE.NFO,2024-05-21,11:20:00,2024-07-29,3.4,3.4,3.4,3.4,0,0,1
MIDCPNIFTY29JUL2411800PE.NFO,2024-05-21,11:21:00,2024-07-29,3.4,3.4,3.4,3.4,0,0,1
MIDCPNIFTY29JUL2411800PE.NFO,2024-05-21,11:22:00,2024-07-29,3.4,3.4,3.4,3.4,0,0,1
MIDCPNIFTY29JUL2411800PE.NFO,2024-05-21,11:23:00,2024-07-29,3.4,3.4,3.4,3.4,0,0,1
MIDCPNIFTY29JUL2411800PE.NFO,2024-05-21,11:24:00,2024-07-29,3.4,3.4,3.4,3.4,0,0,1
MIDCPNIFTY29JUL2411800PE.NFO,2024-05-21,11:25:00,2024-07-29,3.4,3.4,3.4,3.4,0,0,1
MIDCPNIFTY29JUL2411800PE.NFO,2024-05-21,11:26:00,2024-07-29,3.4,3.4,3.4,3.4,0,0,1
MIDCPNIFTY29JUL2411800PE.NFO,2024-05-21,11:27:00,2024-07-29,3.4,3.4,3.4,3.4,0,0,1
MIDCPNIFTY29JUL2411800PE.NFO,2024-05-21,11:28:00,2024-07-29,3.4,3.4,3.4,3.4,0,0,1
MIDCPNIFTY29JUL2411800PE.NFO,2024-05-21,11:29:00,2024-07-29,3.4,3.4,3.4,3.4,0,0,1
MIDCPNIFTY29JUL2411800PE.NFO,2024-05-21,11:30:00,2024-07-29,3.4,3.4,3.4,3.4,0,0,1
MIDCPNIFTY29JUL2411800PE.NFO,2024-05-21,11:31:00,2024-07-29,3.4,3.4,3.4,3.4,0,0,1
MIDCPNIFTY29JUL2411800PE.NFO,2024-05-21,11:32:00,2024-07-29,3.4,3.4,3.4,3.4,0,0,1
MIDCPNIFTY29JUL2411800PE.NFO,2024-05-21,11:33:00,2024-07-29,3.4,3.4,3.4,3.4,0,0,1
MIDCPNIFTY29JUL2411800PE.NFO,2024-05-21,11:34:00,2024-07-29,3.4,3.4,3.4,3.4,0,0,1
MIDCPNIFTY29JUL2411800PE.NFO,2024-05-21,11:35:00,2024-07-29,3.4,3.4,3.4,3.4,0,0,1
MIDCPNIFTY29JUL2411800PE.NFO,2024-05-21,11:36:00,2024-07-29,3.4,3.4,3.4,3.4,0,0,1
MIDCPNIFTY29JUL2411800PE.NFO,2024-05-21,11:37:00,2024-07-29,3.4,3.4,3.4,3.4,0,0,1
MIDCPNIFTY29JUL2411800PE.NFO,2024-05-21,11:38:00,2024-07-29,3.4,3.4,3.4,3.4,0,0,1
MIDCPNIFTY29JUL2411800PE.NFO,2024-05-21,11:39:00,2024-07-29,3.4,3.4,3.4,3.4,0,0,1
MIDCPNIFTY29JUL2411800PE.NFO,2024-05-21,11:40:00,2024-07-29,3.4,3.4,3.4,3.4,0,0,1
MIDCPNIFTY29JUL2411800PE.NFO,2024-05-21,11:41:00,2024-07-29,3.4,3.4,3.4,3.4,0,0,1
MIDCPNIFTY29JUL2411800PE.NFO,2024-05-21,11:42:00,2024-07-29,3.4,3.4,3.4,3.4,0,0,1
MIDCPNIFTY29JUL2411800PE.NFO,2024-05-21,11:43:00,2024-07-29,3.4,3.4,3.4,3.4,0,0,1
MIDCPNIFTY29JUL2411800PE.NFO,2024-05-21,11:44:00,2024-07-29,3.4,3.4,3.4,3.4,0,0,1
MIDCPNIFTY29JUL2411800PE.NFO,2024-05-21,11:45:00,2024-07-29,3.4,3.4,3.4,3.4,0,0,1
MIDCPNIFTY29JUL2411800PE.NFO,2024-05-21,11:46:00,2024-07-29,3.4,3.4,3.4,3.4,0,0,1
MIDCPNIFTY29JUL2411800PE.NFO,2024-05-21,11:47:00,2024-07-29,3.4,3.4,3.4,3.4,0,0,1
MIDCPNIFTY29JUL2411800PE.NFO,2024-05-21,11:48:00,2024-07-29,3.4,3.4,3.4,3.4,0,0,1
MIDCPNIFTY29JUL2411800PE.NFO,2024-05-21,11:49:00,2024-07-29,3.4,3.4,3.4,3.4,0,0,1
MIDCPNIFTY29JUL2411800PE.NFO,2024-05-21,11:50:00,2024-07-29,3.4,3.4,3.4,3.4,0,0,1
MIDCPNIFTY29JUL2411800PE.NFO,2024-05-21,11:51:00,2024-07-29,3.4,3.4,3.4,3.4,0,0,1
MIDCPNIFTY29JUL2411800PE.NFO,2024-05-21,11:52:00,2024-07-29,3.4,3.4,3.4,3.4,0,0,1
MIDCPNIFTY29JUL2411800PE.NFO,2024-05-21,11:53:00,2024-07-29,3.4,3.4,3.4,3.4,0,0,1
MIDCPNIFTY29JUL2411800PE.NFO,2024-05-21,11:54:00,2024-07-29,3.4,3.4,3.4,3.4,0,0,1
MIDCPNIFTY29JUL2411800PE.NFO,2024-05-21,11:55:00,2024-07-29,3.4,3.4,3.4,3.4,0,0,1
MIDCPNIFTY29JUL2411800PE.NFO,2024-05-21,11:56:00,2024-07-29,3.4,3.4,3.4,3.4,0,0,1
MIDCPNIFTY29JUL2411800PE.NFO,2024-05-21,11:57:00,2024-07-29,3.4,3.4,3.4,3.4,0,0,1
MIDCPNIFTY29JUL2411800PE.NFO,2024-05-21,11:58:00,2024-07-29,3.4,3.4,3.4,3.4,0,0,1
MIDCPNIFTY29JUL2411800PE.NFO,2024-05-21,11:59:00,2024-07-29,3.4,3.4,3.4,3.4,0,0,1
MIDCPNIFTY29JUL2411800PE.NFO,2024-05-21,12:00:00,2024-07-29,3.4,3.4,3.4,3.4,0,0,1
MIDCPNIFTY29JUL2411800PE.NFO,2024-05-21,12:01:00,2024-07-29,3.4,3.4,3.4,3.4,0,0,1
MIDCPNIFTY29JUL2411800PE.NFO,2024-05-21,12:02:00,2024-07-29,3.4,3.4,3.4,3.4,0,0,1
MIDCPNIFTY29JUL2411800PE.NFO,2024-05-21,12:03:00,2024-07-29,3.4,3.4,3.4,3.4,0,0,1
MIDCPNIFTY29JUL2411800PE.NFO,2024-05-21,12:04:00,2024-07-29,3.4,3.4,3.4,3.4,0,0,1
MIDCPNIFTY29JUL2411800PE.NFO,2024-05-21,12:05:00,2024-07-29,3.4,3.4,3.4,3.4,0,0,1
MIDCPNIFTY29JUL2411800PE.NFO,2024-05-21,12:06:00,2024-07-29,3.4,3.4,3.4,3.4,0,0,1
MIDCPNIFTY29JUL2411800PE.NFO,2024-05-21,12:07:00,2024-07-29,3.4,3.4,3.4,3.4,0,0,1
MIDCPNIFTY29JUL2411800PE.NFO,2024-05-21,12:08:00,2024-07-29,3.4,3.4,3.4,3.4,0,0,1
MIDCPNIFTY29JUL2411800PE.NFO,2024-05-21,12:09:00,2024-07-29,3.4,3.4,3.4,3.4,0,0,1
MIDCPNIFTY29JUL2411800PE.NFO,2024-05-21,12:10:00,2024-07-29,3.4,3.4,3.4,3.4,0,0,1
MIDCPNIFTY29JUL2411800PE.NFO,2024-05-21,12:11:00,2024-07-29,3.4,3.4,3.4,3.4,0,0,1
MIDCPNIFTY29JUL2411800PE.NFO,2024-05-21,12:12:00,2024-07-29,3.4,3.4,3.4,3.4,0,0,1
MIDCPNIFTY29JUL2411800PE.NFO,2024-05-21,12:13:00,2024-07-29,3.4,3.4,3.4,3.4,0,0,1
MIDCPNIFTY29JUL2411800PE.NFO,2024-05-21,12:14:00,2024-07-29,3.4,3.4,3.4,3.4,0,0,1
MIDCPNIFTY29JUL2411800PE.NFO,2024-05-21,12:15:00,2024-07-29,3.4,3.4,3.4,3.4,0,0,1
MIDCPNIFTY29JUL2411800PE.NFO,2024-05-21,12:16:00,2024-07-29,3.4,3.4,3.4,3.4,0,0,1
MIDCPNIFTY29JUL2411800PE.NFO,2024-05-21,12:17:00,2024-07-29,3.4,3.4,3.4,3.4,0,0,1
MIDCPNIFTY29JUL2411800PE.NFO,2024-05-21,12:18:00,2024-07-29,3.4,3.4,3.4,3.4,0,0,1
MIDCPNIFTY29JUL2411800PE.NFO,2024-05-21,12:19:00,2024-07-29,3.4,3.4,3.4,3.4,0,0,1
MIDCPNIFTY29JUL2411800PE.NFO,2024-05-21,12:20:00,2024-07-29,3.4,3.4,3.4,3.4,0,0,1
MIDCPNIFTY29JUL2411800PE.NFO,2024-05-21,12:21:00,2024-07-29,3.4,3.4,3.4,3.4,0,0,1
MIDCPNIFTY29JUL2411800PE.NFO,2024-05-21,12:22:00,2024-07-29,3.4,3.4,3.4,3.4,0,0,1
MIDCPNIFTY29JUL2411800PE.NFO,2024-05-21,12:23:00,2024-07-29,3.4,3.4,3.4,3.4,0,0,1
MIDCPNIFTY29JUL2411800PE.NFO,2024-05-21,12:24:00,2024-07-29,3.4,3.4,3.4,3.4,0,0,1
MIDCPNIFTY29JUL2411800PE.NFO,2024-05-21,12:25:00,2024-07-29,3.4,3.4,3.4,3.4,0,0,1
MIDCPNIFTY29JUL2411800PE.NFO,2024-05-21,12:26:00,2024-07-29,3.4,3.4,3.4,3.4,0,0,1
MIDCPNIFTY29JUL2411800PE.NFO,2024-05-21,12:27:00,2024-07-29,3.4,3.4,3.4,3.4,0,0,1
MIDCPNIFTY29JUL2411800PE.NFO,2024-05-21,12:28:00,2024-07-29,3.4,3.4,3.4,3.4,0,0,1
MIDCPNIFTY29JUL2411800PE.NFO,2024-05-21,12:29:00,2024-07-29,3.4,3.4,3.4,3.4,0,0,1
MIDCPNIFTY29JUL2411800PE.NFO,2024-05-21,12:30:00,2024-07-29,3.4,3.4,3.4,3.4,0,0,1
MIDCPNIFTY29JUL2411800PE.NFO,2024-05-21,12:31:00,2024-07-29,3.4,3.4,3.4,3.4,0,0,1
MIDCPNIFTY29JUL2411800PE.NFO,2024-05-21,12:32:00,2024-07-29,3.4,3.4,3.4,3.4,0,0,1
MIDCPNIFTY29JUL2411800PE.NFO,2024-05-21,12:33:00,2024-07-29,3.4,3.4,3.4,3.4,0,0,1
MIDCPNIFTY29JUL2411800PE.NFO,2024-05-21,12:34:00,2024-07-29,3.4,3.4,3.4,3.4,0,0,1
MIDCPNIFTY29JUL2411800PE.NFO,2024-05-21,12:35:00,2024-07-29,3.4,3.4,3.4,3.4,0,0,1
MIDCPNIFTY29JUL2411800PE.NFO,2024-05-21,12:36:00,2024-07-29,3.4,3.4,3.4,3.4,0,0,1
MIDCPNIFTY29JUL2411800PE.NFO,2024-05-21,12:37:00,2024-07-29,3.4,3.4,3.4,3.4,0,0,1
MIDCPNIFTY29JUL2411800PE.NFO,2024-05-21,12:38:00,2024-07-29,3.4,3.4,3.4,3.4,0,0,1
MIDCPNIFTY29JUL2411800PE.NFO,2024-05-21,12:39:00,2024-07-29,3.4,3.4,3.4,3.4,0,0,1
MIDCPNIFTY29JUL2411800PE.NFO,2024-05-21,12:40:00,2024-07-29,3.4,3.4,3.4,3.4,0,0,1
MIDCPNIFTY29JUL2411800PE.NFO,2024-05-21,12:41:00,2024-07-29,3.4,3.4,3.4,3.4,0,0,1
MIDCPNIFTY29JUL2411800PE.NFO,2024-05-21,12:42:00,2024-07-29,3.4,3.4,3.4,3.4,0,0,1
MIDCPNIFTY29JUL2411800PE.NFO,2024-05-21,12:43:00,2024-07-29,3.4,3.4,3.4,3.4,0,0,1
MIDCPNIFTY29JUL2411800PE.NFO,2024-05-21,12:44:00,2024-07-29,3.4,3.4,3.4,3.4,0,0,1
MIDCPNIFTY29JUL2411800PE.NFO,2024-05-21,12:45:00,2024-07-29,3.4,3.4,3.4,3.4,0,0,1
MIDCPNIFTY29JUL2411800PE.NFO,2024-05-21,12:46:00,2024-07-29,3.4,3.4,3.4,3.4,0,0,1
MIDCPNIFTY29JUL2411800PE.NFO,2024-05-21,12:47:00,2024-07-29,3.4,3.4,3.4,3.4,0,0,1
MIDCPNIFTY29JUL2411800PE.NFO,2024-05-21,12:48:00,2024-07-29,3.4,3.4,3.4,3.4,0,0,1
MIDCPNIFTY29JUL2411800PE.NFO,2024-05-21,12:49:00,2024-07-29,3.4,3.4,3.4,3.4,0,0,1
MIDCPNIFTY29JUL2411800PE.NFO,2024-05-21,12:50:00,2024-07-29,3.4,3.4,3.4,3.4,0,0,1
MIDCPNIFTY29JUL2411800PE.NFO,2024-05-21,12:51:00,2024-07-29,3.4,3.4,3.4,3.4,0,0,1
MIDCPNIFTY29JUL2411800PE.NFO,2024-05-21,12:52:00,2024-07-29,3.4,3.4,3.4,3.4,0,0,1
MIDCPNIFTY29JUL2411800PE.NFO,2024-05-21,12:53:00,2024-07-29,3.4,3.4,3.4,3.4,0,0,1
MIDCPNIFTY29JUL2411800PE.NFO,2024-05-21,12:54:00,2024-07-29,3.4,3.4,3.4,3.4,0,0,1
MIDCPNIFTY29JUL2411800PE.NFO,2024-05-21,12:55:00,2024-07-29,3.4,3.4,3.4,3.4,0,0,1
MIDCPNIFTY29JUL2411800PE.NFO,2024-05-21,12:56:00,2024-07-29,3.4,3.4,3.4,3.4,0,0,1
MIDCPNIFTY29JUL2411800PE.NFO,2024-05-21,12:57:00,2024-07-29,3.4,3.4,3.4,3.4,0,0,1
MIDCPNIFTY29JUL2411800PE.NFO,2024-05-21,12:58:00,2024-07-29,3.4,3.4,3.4,3.4,0,0,1
MIDCPNIFTY29JUL2411800PE.NFO,2024-05-21,12:59:00,2024-07-29,3.4,3.4,3.4,3.4,0,0,1
MIDCPNIFTY29JUL2411800PE.NFO,2024-05-21,13:00:00,2024-07-29,3.4,3.4,3.4,3.4,0,0,1
MIDCPNIFTY29JUL2411800PE.NFO,2024-05-21,13:01:00,2024-07-29,3.4,3.4,3.4,3.4,0,0,1
MIDCPNIFTY29JUL2411800PE.NFO,2024-05-21,13:02:00,2024-07-29,3.4,3.4,3.4,3.4,0,0,1
MIDCPNIFTY29JUL2411800PE.NFO,2024-05-21,13:03:00,2024-07-29,3.4,3.4,3.4,3.4,0,0,1
MIDCPNIFTY29JUL2411800PE.NFO,2024-05-21,13:04:00,2024-07-29,3.4,3.4,3.4,3.4,0,0,1
MIDCPNIFTY29JUL2411800PE.NFO,2024-05-21,13:05:00,2024-07-29,3.4,3.4,3.4,3.4,0,0,1
MIDCPNIFTY29JUL2411800PE.NFO,2024-05-21,13:06:00,2024-07-29,3.4,3.4,3.4,3.4,0,0,1
MIDCPNIFTY29JUL2411800PE.NFO,2024-05-21,13:07:00,2024-07-29,3.4,3.4,3.4,3.4,0,0,1
MIDCPNIFTY29JUL2411800PE.NFO,2024-05-21,13:08:00,2024-07-29,3.4,3.4,3.4,3.4,0,0,1
MIDCPNIFTY29JUL2411800PE.NFO,2024-05-21,13:09:00,2024-07-29,3.4,3.4,3.4,3.4,0,0,1
MIDCPNIFTY29JUL2411800PE.NFO,2024-05-21,13:10:00,2024-07-29,3.4,3.4,3.4,3.4,0,0,1
MIDCPNIFTY29JUL2411800PE.NFO,2024-05-21,13:11:00,2024-07-29,3.4,3.4,3.4,3.4,0,0,1
MIDCPNIFTY29JUL2411800PE.NFO,2024-05-21,13:12:00,2024-07-29,3.4,3.4,3.4,3.4,0,0,1
MIDCPNIFTY29JUL2411800PE.NFO,2024-05-21,13:13:00,2024-07-29,3.4,3.4,3.4,3.4,0,0,1
MIDCPNIFTY29JUL2411800PE.NFO,2024-05-21,13:14:00,2024-07-29,3.4,3.4,3.4,3.4,0,0,1
MIDCPNIFTY29JUL2411800PE.NFO,2024-05-21,13:15:00,2024-07-29,3.4,3.4,3.4,3.4,0,0,1
MIDCPNIFTY29JUL2411800PE.NFO,2024-05-21,13:16:00,2024-07-29,3.4,3.4,3.4,3.4,0,0,1
MIDCPNIFTY29JUL2411800PE.NFO,2024-05-21,13:17:00,2024-07-29,3.4,3.4,3.4,3.4,0,0,1
MIDCPNIFTY29JUL2411800PE.NFO,2024-05-21,13:18:00,2024-07-29,3.4,3.4,3.4,3.4,0,0,1
MIDCPNIFTY29JUL2411800PE.NFO,2024-05-21,13:19:00,2024-07-29,3.4,3.4,3.4,3.4,0,0,1
MIDCPNIFTY29JUL2411800PE.NFO,2024-05-21,13:20:00,2024-07-29,3.4,3.4,3.4,3.4,0,0,1
MIDCPNIFTY29JUL2411800PE.NFO,2024-05-21,13:21:00,2024-07-29,3.4,3.4,3.4,3.4,0,0,1
MIDCPNIFTY29JUL2411800PE.NFO,2024-05-21,13:22:00,2024-07-29,3.4,3.4,3.4,3.4,0,0,1
MIDCPNIFTY29JUL2411800PE.NFO,2024-05-21,13:23:00,2024-07-29,3.4,3.4,3.4,3.4,0,0,1
MIDCPNIFTY29JUL2411800PE.NFO,2024-05-21,13:24:00,2024-07-29,3.4,3.4,3.4,3.4,0,0,1
MIDCPNIFTY29JUL2411800PE.NFO,2024-05-21,13:25:00,2024-07-29,3.4,3.4,3.4,3.4,0,0,1
MIDCPNIFTY29JUL2411800PE.NFO,2024-05-21,13:26:00,2024-07-29,3.4,3.4,3.4,3.4,0,0,1
MIDCPNIFTY29JUL2411800PE.NFO,2024-05-21,13:27:00,2024-07-29,3.4,3.4,3.4,3.4,0,0,1
MIDCPNIFTY29JUL2411800PE.NFO,2024-05-21,13:28:00,2024-07-29,3.4,3.4,3.4,3.4,0,0,1
MIDCPNIFTY29JUL2411800PE.NFO,2024-05-21,13:29:00,2024-07-29,3.4,3.4,3.4,3.4,0,0,1
MIDCPNIFTY29JUL2411800PE.NFO,2024-05-21,13:30:00,2024-07-29,3.4,3.4,3.4,3.4,0,0,1
MIDCPNIFTY29JUL2411800PE.NFO,2024-05-21,13:31:00,2024-07-29,3.4,3.4,3.4,3.4,0,0,1
MIDCPNIFTY29JUL2411800PE.NFO,2024-05-21,13:32:00,2024-07-29,3.4,3.4,3.4,3.4,0,0,1
MIDCPNIFTY29JUL2411800PE.NFO,2024-05-21,13:33:00,2024-07-29,3.4,3.4,3.4,3.4,0,0,1
MIDCPNIFTY29JUL2411800PE.NFO,2024-05-21,13:34:00,2024-07-29,3.4,3.4,3.4,3.4,0,0,1
MIDCPNIFTY29JUL2411800PE.NFO,2024-05-21,13:35:00,2024-07-29,3.4,3.4,3.4,3.4,0,0,1
MIDCPNIFTY29JUL2411800PE.NFO,2024-05-21,13:36:00,2024-07-29,3.4,3.4,3.4,3.4,0,0,1
MIDCPNIFTY29JUL2411800PE.NFO,2024-05-21,13:37:00,2024-07-29,3.4,3.4,3.4,3.4,0,0,1
MIDCPNIFTY29JUL2411800PE.NFO,2024-05-21,13:38:00,2024-07-29,3.4,3.4,3.4,3.4,0,0,1
MIDCPNIFTY29JUL2411800PE.NFO,2024-05-21,13:39:00,2024-07-29,3.4,3.4,3.4,3.4,0,0,1
MIDCPNIFTY29JUL2411800PE.NFO,2024-05-21,13:40:00,2024-07-29,3.4,3.4,3.4,3.4,0,0,1
MIDCPNIFTY29JUL2411800PE.NFO,2024-05-21,13:41:00,2024-07-29,3.4,3.4,3.4,3.4,0,0,1
MIDCPNIFTY29JUL2411800PE.NFO,2024-05-21,13:42:00,2024-07-29,3.4,3.4,3.4,3.4,0,0,1
MIDCPNIFTY29JUL2411800PE.NFO,2024-05-21,13:43:00,2024-07-29,3.4,3.4,3.4,3.4,0,0,1
MIDCPNIFTY29JUL2411800PE.NFO,2024-05-21,13:44:00,2024-07-29,3.4,3.4,3.4,3.4,0,0,1
MIDCPNIFTY29JUL2411800PE.NFO,2024-05-21,13:45:00,2024-07-29,3.4,3.4,3.4,3.4,0,0,1
MIDCPNIFTY29JUL2411800PE.NFO,2024-05-21,13:46:00,2024-07-29,3.4,3.4,3.4,3.4,0,0,1
MIDCPNIFTY29JUL2411800PE.NFO,2024-05-21,13:47:00,2024-07-29,3.4,3.4,3.4,3.4,0,0,1
MIDCPNIFTY29JUL2411800PE.NFO,2024-05-21,13:48:00,2024-07-29,3.4,3.4,3.4,3.4,0,0,1
MIDCPNIFTY29JUL2411800PE.NFO,2024-05-21,13:49:00,2024-07-29,3.4,3.4,3.4,3.4,0,0,1
MIDCPNIFTY29JUL2411800PE.NFO,2024-05-21,13:50:00,2024-07-29,3.4,3.4,3.4,3.4,0,0,1
MIDCPNIFTY29JUL2411800PE.NFO,2024-05-21,13:51:00,2024-07-29,3.4,3.4,3.4,3.4,0,0,1
MIDCPNIFTY29JUL2411800PE.NFO,2024-05-21,13:52:00,2024-07-29,3.4,3.4,3.4,3.4,0,0,1
MIDCPNIFTY29JUL2411800PE.NFO,2024-05-21,13:53:00,2024-07-29,3.4,3.4,3.4,3.4,0,0,1
MIDCPNIFTY29JUL2411800PE.NFO,2024-05-21,13:54:00,2024-07-29,3.4,3.4,3.4,3.4,0,0,1
MIDCPNIFTY29JUL2411800PE.NFO,2024-05-21,13:55:00,2024-07-29,3.4,3.4,3.4,3.4,0,0,1
MIDCPNIFTY29JUL2411800PE.NFO,2024-05-21,13:56:00,2024-07-29,3.4,3.4,3.4,3.4,0,0,1
MIDCPNIFTY29JUL2411800PE.NFO,2024-05-21,13:57:00,2024-07-29,3.4,3.4,3.4,3.4,0,0,1
MIDCPNIFTY29JUL2411800PE.NFO,2024-05-21,13:58:00,2024-07-29,3.4,3.4,3.4,3.4,0,0,1
MIDCPNIFTY29JUL2411800PE.NFO,2024-05-21,13:59:00,2024-07-29,3.4,3.4,3.4,3.4,0,0,1
MIDCPNIFTY29JUL2411800PE.NFO,2024-05-21,14:00:00,2024-07-29,3.4,3.4,3.4,3.4,0,0,1
MIDCPNIFTY29JUL2411800PE.NFO,2024-05-21,14:01:00,2024-07-29,3.4,3.4,3.4,3.4,0,0,1
MIDCPNIFTY29JUL2411800PE.NFO,2024-05-21,14:02:00,2024-07-29,3.4,3.4,3.4,3.4,0,0,1
MIDCPNIFTY29JUL2411800PE.NFO,2024-05-21,14:03:00,2024-07-29,3.4,3.4,3.4,3.4,0,0,1
MIDCPNIFTY29JUL2411800PE.NFO,2024-05-21,14:04:00,2024-07-29,3.4,3.4,3.4,3.4,0,0,1
MIDCPNIFTY29JUL2411800PE.NFO,2024-05-21,14:05:00,2024-07-29,3.4,3.4,3.4,3.4,0,0,1
MIDCPNIFTY29JUL2411800PE.NFO,2024-05-21,14:06:00,2024-07-29,3.4,3.4,3.4,3.4,0,0,1
MIDCPNIFTY29JUL2411800PE.NFO,2024-05-21,14:07:00,2024-07-29,3.4,3.4,3.4,3.4,0,0,1
MIDCPNIFTY29JUL2411800PE.NFO,2024-05-21,14:08:00,2024-07-29,3.4,3.4,3.4,3.4,0,0,1
MIDCPNIFTY29JUL2411800PE.NFO,2024-05-21,14:09:00,2024-07-29,3.4,3.4,3.4,3.4,0,0,1
MIDCPNIFTY29JUL2411800PE.NFO,2024-05-21,14:10:00,2024-07-29,3.4,3.4,3.4,3.4,0,0,1
MIDCPNIFTY29JUL2411800PE.NFO,2024-05-21,14:11:00,2024-07-29,3.4,3.4,3.4,3.4,0,0,1
MIDCPNIFTY29JUL2411800PE.NFO,2024-05-21,14:12:00,2024-07-29,3.4,3.4,3.4,3.4,0,0,1
MIDCPNIFTY29JUL2411800PE.NFO,2024-05-21,14:13:00,2024-07-29,3.4,3.4,3.4,3.4,0,0,1
MIDCPNIFTY29JUL2411800PE.NFO,2024-05-21,14:14:00,2024-07-29,3.4,3.4,3.4,3.4,0,0,1
MIDCPNIFTY29JUL2411800PE.NFO,2024-05-21,14:15:00,2024-07-29,3.4,3.4,3.4,3.4,0,0,1
MIDCPNIFTY29JUL2411800PE.NFO,2024-05-21,14:16:00,2024-07-29,3.4,3.4,3.4,3.4,0,0,1
MIDCPNIFTY29JUL2411800PE.NFO,2024-05-21,14:17:00,2024-07-29,3.4,3.4,3.4,3.4,0,0,1
MIDCPNIFTY29JUL2411800PE.NFO,2024-05-21,14:18:00,2024-07-29,3.4,3.4,3.4,3.4,0,0,1
MIDCPNIFTY29JUL2411800PE.NFO,2024-05-21,14:19:00,2024-07-29,3.4,3.4,3.4,3.4,0,0,1
MIDCPNIFTY29JUL2411800PE.NFO,2024-05-21,14:20:00,2024-07-29,3.4,3.4,3.4,3.4,0,0,1
MIDCPNIFTY29JUL2411800PE.NFO,2024-05-21,14:21:00,2024-07-29,3.4,3.4,3.4,3.4,0,0,1
MIDCPNIFTY29JUL2411800PE.NFO,2024-05-21,14:22:00,2024-07-29,3.4,3.4,3.4,3.4,0,0,1
MIDCPNIFTY29JUL2411800PE.NFO,2024-05-21,14:23:00,2024-07-29,3.4,3.4,3.4,3.4,0,0,1
MIDCPNIFTY29JUL2411800PE.NFO,2024-05-21,14:24:00,2024-07-29,3.4,3.4,3.4,3.4,0,0,1
MIDCPNIFTY29JUL2411800PE.NFO,2024-05-21,14:25:00,2024-07-29,3.4,3.4,3.4,3.4,0,0,1
MIDCPNIFTY29JUL2411800PE.NFO,2024-05-21,14:26:00,2024-07-29,3.4,3.4,3.4,3.4,0,0,1
MIDCPNIFTY29JUL2411800PE.NFO,2024-05-21,14:27:00,2024-07-29,3.4,3.4,3.4,3.4,0,0,1
MIDCPNIFTY29JUL2411800PE.NFO,2024-05-21,14:28:00,2024-07-29,3.4,3.4,3.4,3.4,0,0,1
MIDCPNIFTY29JUL2411800PE.NFO,2024-05-21,14:29:00,2024-07-29,3.4,3.4,3.4,3.4,0,0,1
MIDCPNIFTY29JUL2411800PE.NFO,2024-05-21,14:30:00,2024-07-29,3.4,3.4,3.4,3.4,0,0,1
MIDCPNIFTY29JUL2411800PE.NFO,2024-05-21,14:31:00,2024-07-29,3.4,3.4,3.4,3.4,0,0,1
MIDCPNIFTY29JUL2411800PE.NFO,2024-05-21,14:32:00,2024-07-29,3.4,3.4,3.4,3.4,0,0,1
MIDCPNIFTY29JUL2411800PE.NFO,2024-05-21,14:33:00,2024-07-29,3.4,3.4,3.4,3.4,0,0,1
MIDCPNIFTY29JUL2411800PE.NFO,2024-05-21,14:34:00,2024-07-29,3.4,3.4,3.4,3.4,0,0,1
MIDCPNIFTY29JUL2411800PE.NFO,2024-05-21,14:35:00,2024-07-29,3.4,3.4,3.4,3.4,0,0,1
MIDCPNIFTY29JUL2411800PE.NFO,2024-05-21,14:36:00,2024-07-29,3.4,3.4,3.4,3.4,0,0,1
MIDCPNIFTY29JUL2411800PE.NFO,2024-05-21,14:37:00,2024-07-29,3.4,3.4,3.4,3.4,0,0,1
MIDCPNIFTY29JUL2411800PE.NFO,2024-05-21,14:38:00,2024-07-29,3.4,3.4,3.4,3.4,0,0,1
MIDCPNIFTY29JUL2411800PE.NFO,2024-05-21,14:39:00,2024-07-29,3.4,3.4,3.4,3.4,0,0,1
MIDCPNIFTY29JUL2411800PE.NFO,2024-05-21,14:40:00,2024-07-29,3.4,3.4,3.4,3.4,0,0,1
MIDCPNIFTY29JUL2411800PE.NFO,2024-05-21,14:41:00,2024-07-29,3.4,3.4,3.4,3.4,0,0,1
MIDCPNIFTY29JUL2411800PE.NFO,2024-05-21,14:42:00,2024-07-29,3.4,3.4,3.4,3.4,0,0,1
MIDCPNIFTY29JUL2411800PE.NFO,2024-05-21,14:43:00,2024-07-29,3.4,3.4,3.4,3.4,0,0,1
MIDCPNIFTY29JUL2411800PE.NFO,2024-05-21,14:44:00,2024-07-29,3.4,3.4,3.4,3.4,0,0,1
MIDCPNIFTY29JUL2411800PE.NFO,2024-05-21,14:45:00,2024-07-29,3.4,3.4,3.4,3.4,0,0,1
MIDCPNIFTY29JUL2411800PE.NFO,2024-05-21,14:46:00,2024-07-29,3.4,3.4,3.4,3.4,0,0,1
MIDCPNIFTY29JUL2411800PE.NFO,2024-05-21,14:47:00,2024-07-29,3.4,3.4,3.4,3.4,0,0,1
MIDCPNIFTY29JUL2411800PE.NFO,2024-05-21,14:48:00,2024-07-29,3.4,3.4,3.4,3.4,0,0,1
MIDCPNIFTY29JUL2411800PE.NFO,2024-05-21,14:49:00,2024-07-29,3.4,3.4,3.4,3.4,0,0,1
MIDCPNIFTY29JUL2411800PE.NFO,2024-05-21,14:50:00,2024-07-29,3.4,3.4,3.4,3.4,0,0,1
MIDCPNIFTY29JUL2411800PE.NFO,2024-05-21,14:51:00,2024-07-29,3.4,3.4,3.4,3.4,0,0,1
MIDCPNIFTY29JUL2411800PE.NFO,2024-05-21,14:52:00,2024-07-29,3.4,3.4,3.4,3.4,0,0,1
MIDCPNIFTY29JUL2411800PE.NFO,2024-05-21,14:53:00,2024-07-29,3.4,3.4,3.4,3.4,0,0,1
MIDCPNIFTY29JUL2411800PE.NFO,2024-05-21,14:54:00,2024-07-29,3.4,3.4,3.4,3.4,0,0,1
MIDCPNIFTY29JUL2411800PE.NFO,2024-05-21,14:55:00,2024-07-29,3.4,3.4,3.4,3.4,0,0,1
MIDCPNIFTY29JUL2411800PE.NFO,2024-05-21,14:56:00,2024-07-29,3.4,3.4,3.4,3.4,0,0,1
MIDCPNIFTY29JUL2411800PE.NFO,2024-05-21,14:57:00,2024-07-29,3.4,3.4,3.4,3.4,0,0,1
MIDCPNIFTY29JUL2411800PE.NFO,2024-05-21,14:58:00,2024-07-29,3.4,3.4,3.4,3.4,0,0,1
MIDCPNIFTY29JUL2411800PE.NFO,2024-05-21,14:59:00,2024-07-29,3.4,3.4,3.4,3.4,0,0,1
MIDCPNIFTY29JUL2411800PE.NFO,2024-05-21,15:00:00,2024-07-29,3.4,3.4,3.4,3.4,0,0,1
MIDCPNIFTY29JUL2411800PE.NFO,2024-05-21,15:01:00,2024-07-29,3.4,3.4,3.4,3.4,0,0,1
MIDCPNIFTY29JUL2411800PE.NFO,2024-05-21,15:02:00,2024-07-29,3.4,3.4,3.4,3.4,0,0,1
MIDCPNIFTY29JUL2411800PE.NFO,2024-05-21,15:03:00,2024-07-29,3.4,3.4,3.4,3.4,0,0,1
MIDCPNIFTY29JUL2411800PE.NFO,2024-05-21,15:04:00,2024-07-29,3.4,3.4,3.4,3.4,0,0,1
MIDCPNIFTY29JUL2411800PE.NFO,2024-05-21,15:05:00,2024-07-29,3.4,3.4,3.4,3.4,0,0,1
MIDCPNIFTY29JUL2411800PE.NFO,2024-05-21,15:06:00,2024-07-29,3.4,3.4,3.4,3.4,0,0,1
MIDCPNIFTY29JUL2411800PE.NFO,2024-05-21,15:07:00,2024-07-29,3.4,3.4,3.4,3.4,0,0,1
MIDCPNIFTY29JUL2411800PE.NFO,2024-05-21,15:08:00,2024-07-29,3.4,3.4,3.4,3.4,0,0,1
MIDCPNIFTY29JUL2411800PE.NFO,2024-05-21,15:09:00,2024-07-29,3.4,3.4,3.4,3.4,0,0,1
MIDCPNIFTY29JUL2411800PE.NFO,2024-05-21,15:10:00,2024-07-29,3.4,3.4,3.4,3.4,0,0,1
MIDCPNIFTY29JUL2411800PE.NFO,2024-05-21,15:11:00,2024-07-29,3.4,3.4,3.4,3.4,0,0,1
MIDCPNIFTY29JUL2411800PE.NFO,2024-05-21,15:12:00,2024-07-29,3.4,3.4,3.4,3.4,0,0,1
MIDCPNIFTY29JUL2411800PE.NFO,2024-05-21,15:13:00,2024-07-29,3.4,3.4,3.4,3.4,0,0,1
MIDCPNIFTY29JUL2411800PE.NFO,2024-05-21,15:14:00,2024-07-29,3.4,3.4,3.4,3.4,0,0,1
MIDCPNIFTY29JUL2411800PE.NFO,2024-05-21,15:15:00,2024-07-29,3.4,3.4,3.4,3.4,0,0,1
MIDCPNIFTY29JUL2411800PE.NFO,2024-05-21,15:16:00,2024-07-29,3.4,3.4,3.4,3.4,0,0,1
MIDCPNIFTY29JUL2411800PE.NFO,2024-05-21,15:17:00,2024-07-29,3.4,3.4,3.4,3.4,0,0,1
MIDCPNIFTY29JUL2411800PE.NFO,2024-05-21,15:18:00,2024-07-29,3.4,3.4,3.4,3.4,0,0,1
MIDCPNIFTY29JUL2411800PE.NFO,2024-05-21,15:19:00,2024-07-29,3.4,3.4,3.4,3.4,0,0,1
MIDCPNIFTY29JUL2411800PE.NFO,2024-05-21,15:20:00,2024-07-29,3.4,3.4,3.4,3.4,0,0,1
MIDCPNIFTY29JUL2411800PE.NFO,2024-05-21,15:21:00,2024-07-29,3.4,3.4,3.4,3.4,0,0,1
MIDCPNIFTY29JUL2411800PE.NFO,2024-05-21,15:22:00,2024-07-29,3.4,3.4,3.4,3.4,0,0,1
MIDCPNIFTY29JUL2411800PE.NFO,2024-05-21,15:23:00,2024-07-29,3.4,3.4,3.4,3.4,0,0,1
MIDCPNIFTY29JUL2411800PE.NFO,2024-05-21,15:24:00,2024-07-29,3.4,3.4,3.4,3.4,0,0,1
MIDCPNIFTY29JUL2411800PE.NFO,2024-05-21,15:25:00,2024-07-29,3.4,3.4,3.4,3.4,0,0,1
MIDCPNIFTY29JUL2411800PE.NFO,2024-05-21,15:26:00,2024-07-29,3.4,3.4,3.4,3.4,0,0,1
MIDCPNIFTY29JUL2411800PE.NFO,2024-05-21,15:27:00,2024-07-29,3.4,3.4,3.4,3.4,0,0,1
MIDCPNIFTY29JUL2411800PE.NFO,2024-05-21,15:28:00,2024-07-29,3.4,3.4,3.4,3.4,0,0,1
MIDCPNIFTY29JUL2411800PE.NFO,2024-05-21,15:29:00,2024-07-29,3.4,3.4,3.4,3.4,0,0,1
MIDCPNIFTY29JUL2411800PE.NFO,2024-05-21,15:30:00,2024-07-29,3.4,3.4,3.4,3.4,0,0,1
MIDCPNIFTY29JUL2411800PE.NFO,2024-05-22,09:15:00,2024-07-29,3.4,3.4,3.4,3.4,0,0,0
MIDCPNIFTY29JUL2411800PE.NFO,2024-05-22,09:16:00,2024-07-29,3.4,3.4,3.4,3.4,0,0,1
MIDCPNIFTY29JUL2411800PE.NFO,2024-05-22,09:17:00,2024-07-29,3.4,3.4,3.4,3.4,0,0,1
MIDCPNIFTY29JUL2411800PE.NFO,2024-05-22,09:18:00,2024-07-29,3.4,3.4,3.4,3.4,0,0,1
MIDCPNIFTY29JUL2411800PE.NFO,2024-05-22,09:19:00,2024-07-29,3.4,3.4,3.4,3.4,0,0,1
MIDCPNIFTY29JUL2411800PE.NFO,2024-05-22,09:20:00,2024-07-29,3.4,3.4,3.4,3.4,0,0,1
MIDCPNIFTY29JUL2411800PE.NFO,2024-05-22,09:21:00,2024-07-29,3.4,3.4,3.4,3.4,0,0,1
MIDCPNIFTY29JUL2411800PE.NFO,2024-05-22,09:22:00,2024-07-29,3.4,3.4,3.4,3.4,0,0,1
MIDCPNIFTY29JUL2411800PE.NFO,2024-05-22,09:23:00,2024-07-29,3.4,3.4,3.4,3.4,0,0,1
MIDCPNIFTY29JUL2411800PE.NFO,2024-05-22,09:24:00,2024-07-29,3.4,3.4,3.4,3.4,0,0,1
MIDCPNIFTY29JUL2411800PE.NFO,2024-05-22,09:25:00,2024-07-29,3.4,3.4,3.4,3.4,0,0,1
MIDCPNIFTY29JUL2411800PE.NFO,2024-05-22,09:26:00,2024-07-29,3.4,3.4,3.4,3.4,0,0,1
MIDCPNIFTY29JUL2411800PE.NFO,2024-05-22,09:27:00,2024-07-29,3.4,3.4,3.4,3.4,0,0,1
MIDCPNIFTY29JUL2411800PE.NFO,2024-05-22,09:28:00,2024-07-29,3.4,3.4,3.4,3.4,0,0,1
MIDCPNIFTY29JUL2411800PE.NFO,2024-05-22,09:29:00,2024-07-29,3.4,3.4,3.4,3.4,0,0,1
MIDCPNIFTY29JUL2411800PE.NFO,2024-05-22,09:30:00,2024-07-29,3.4,3.4,3.4,3.4,0,0,1
MIDCPNIFTY29JUL2411800PE.NFO,2024-05-22,09:31:00,2024-07-29,3.4,3.4,3.4,3.4,0,0,1
MIDCPNIFTY29JUL2411800PE.NFO,2024-05-22,09:32:00,2024-07-29,3.4,3.4,3.4,3.4,0,0,1
MIDCPNIFTY29JUL2411800PE.NFO,2024-05-22,09:33:00,2024-07-29,3.4,3.4,3.4,3.4,0,0,1
MIDCPNIFTY29JUL2411800PE.NFO,2024-05-22,09:34:00,2024-07-29,3.4,3.4,3.4,3.4,0,0,1
MIDCPNIFTY29JUL2411800PE.NFO,2024-05-22,09:35:00,2024-07-29,3.4,3.4,3.4,3.4,0,0,1
MIDCPNIFTY29JUL2411800PE.NFO,2024-05-22,09:36:00,2024-07-29,3.4,3.4,3.4,3.4,0,0,1
MIDCPNIFTY29JUL2411800PE.NFO,2024-05-22,09:37:00,2024-07-29,3.4,3.4,3.4,3.4,0,0,1
MIDCPNIFTY29JUL2411800PE.NFO,2024-05-22,09:38:00,2024-07-29,3.4,3.4,3.4,3.4,0,0,1
MIDCPNIFTY29JUL2411800PE.NFO,2024-05-22,09:39:00,2024-07-29,3.4,3.4,3.4,3.4,0,0,1
MIDCPNIFTY29JUL2411800PE.NFO,2024-05-22,09:40:00,2024-07-29,3.4,3.4,3.4,3.4,0,0,1
MIDCPNIFTY29JUL2411800PE.NFO,2024-05-22,09:41:00,2024-07-29,3.4,3.4,3.4,3.4,0,0,1
MIDCPNIFTY29JUL2411800PE.NFO,2024-05-22,09:42:00,2024-07-29,3.4,3.4,3.4,3.4,0,0,1
MIDCPNIFTY29JUL2411800PE.NFO,2024-05-22,09:43:00,2024-07-29,3.4,3.4,3.4,3.4,0,0,1
MIDCPNIFTY29JUL2411800PE.NFO,2024-05-22,09:44:00,2024-07-29,3.4,3.4,3.4,3.4,0,0,1
MIDCPNIFTY29JUL2411800PE.NFO,2024-05-22,09:45:00,2024-07-29,3.4,3.4,3.4,3.4,0,0,1
MIDCPNIFTY29JUL2411800PE.NFO,2024-05-22,09:46:00,2024-07-29,3.4,3.4,3.4,3.4,0,0,1
MIDCPNIFTY29JUL2411800PE.NFO,2024-05-22,09:47:00,2024-07-29,3.4,3.4,3.4,3.4,0,0,1
MIDCPNIFTY29JUL2411800PE.NFO,2024-05-22,09:48:00,2024-07-29,3.4,3.4,3.4,3.4,0,0,1
MIDCPNIFTY29JUL2411800PE.NFO,2024-05-22,09:49:00,2024-07-29,3.4,3.4,3.4,3.4,0,0,1
MIDCPNIFTY29JUL2411800PE.NFO,2024-05-22,09:50:00,2024-07-29,3.4,3.4,3.4,3.4,0,0,1
MIDCPNIFTY29JUL2411800PE.NFO,2024-05-22,09:51:00,2024-07-29,3.4,3.4,3.4,3.4,0,0,1
MIDCPNIFTY29JUL2411800PE.NFO,2024-05-22,09:52:00,2024-07-29,3.4,3.4,3.4,3.4,0,0,1
MIDCPNIFTY29JUL2411800PE.NFO,2024-05-22,09:53:00,2024-07-29,3.4,3.4,3.4,3.4,0,0,1
MIDCPNIFTY29JUL2411800PE.NFO,2024-05-22,09:54:00,2024-07-29,3.4,3.4,3.4,3.4,0,0,1
MIDCPNIFTY29JUL2411800PE.NFO,2024-05-22,09:55:00,2024-07-29,3.4,3.4,3.4,3.4,0,0,1
MIDCPNIFTY29JUL2411800PE.NFO,2024-05-22,09:56:00,2024-07-29,3.4,3.4,3.4,3.4,0,0,1
MIDCPNIFTY29JUL2411800PE.NFO,2024-05-22,09:57:00,2024-07-29,3.4,3.4,3.4,3.4,0,0,1
MIDCPNIFTY29JUL2411800PE.NFO,2024-05-22,09:58:00,2024-07-29,3.4,3.4,3.4,3.4,0,0,1
MIDCPNIFTY29JUL2411800PE.NFO,2024-05-22,09:59:00,2024-07-29,3.4,3.4,3.4,3.4,0,0,1
MIDCPNIFTY29JUL2411800PE.NFO,2024-05-22,10:00:00,2024-07-29,3.4,3.4,3.4,3.4,0,0,1
MIDCPNIFTY29JUL2411800PE.NFO,2024-05-22,10:01:00,2024-07-29,3.4,3.4,3.4,3.4,0,0,1
MIDCPNIFTY29JUL2411800PE.NFO,2024-05-22,10:02:00,2024-07-29,3.4,3.4,3.4,3.4,0,0,1
MIDCPNIFTY29JUL2411800PE.NFO,2024-05-22,10:03:00,2024-07-29,3.4,3.4,3.4,3.4,0,0,1
MIDCPNIFTY29JUL2411800PE.NFO,2024-05-22,10:04:00,2024-07-29,3.4,3.4,3.4,3.4,0,0,1
MIDCPNIFTY29JUL2411800PE.NFO,2024-05-22,10:05:00,2024-07-29,3.4,3.4,3.4,3.4,0,0,1
MIDCPNIFTY29JUL2411800PE.NFO,2024-05-22,10:06:00,2024-07-29,3.4,3.4,3.4,3.4,0,0,1
MIDCPNIFTY29JUL2411800PE.NFO,2024-05-22,10:07:00,2024-07-29,3.4,3.4,3.4,3.4,0,0,1
MIDCPNIFTY29JUL2411800PE.NFO,2024-05-22,10:08:00,2024-07-29,3.4,3.4,3.4,3.4,0,0,1
MIDCPNIFTY29JUL2411800PE.NFO,2024-05-22,10:09:00,2024-07-29,3.4,3.4,3.4,3.4,0,0,1
MIDCPNIFTY29JUL2411800PE.NFO,2024-05-22,10:10:00,2024-07-29,3.4,3.4,3.4,3.4,0,0,1
MIDCPNIFTY29JUL2411800PE.NFO,2024-05-22,10:11:00,2024-07-29,3.4,3.4,3.4,3.4,0,0,1
MIDCPNIFTY29JUL2411800PE.NFO,2024-05-22,10:12:00,2024-07-29,3.4,3.4,3.4,3.4,0,0,1
MIDCPNIFTY29JUL2411800PE.NFO,2024-05-22,10:13:00,2024-07-29,3.4,3.4,3.4,3.4,0,0,1
MIDCPNIFTY29JUL2411800PE.NFO,2024-05-22,10:14:00,2024-07-29,3.4,3.4,3.4,3.4,0,0,1
MIDCPNIFTY29JUL2411800PE.NFO,2024-05-22,10:15:00,2024-07-29,3.4,3.4,3.4,3.4,0,0,1
MIDCPNIFTY29JUL2411800PE.NFO,2024-05-22,10:16:00,2024-07-29,3.4,3.4,3.4,3.4,0,0,1
MIDCPNIFTY29JUL2411800PE.NFO,2024-05-22,10:17:00,2024-07-29,3.4,3.4,3.4,3.4,0,0,1
MIDCPNIFTY29JUL2411800PE.NFO,2024-05-22,10:18:00,2024-07-29,3.4,3.4,3.4,3.4,0,0,1
MIDCPNIFTY29JUL2411800PE.NFO,2024-05-22,10:19:00,2024-07-29,3.4,3.4,3.4,3.4,0,0,1
MIDCPNIFTY29JUL2411800PE.NFO,2024-05-22,10:20:00,2024-07-29,3.4,3.4,3.4,3.4,0,0,1
MIDCPNIFTY29JUL2411800PE.NFO,2024-05-22,10:21:00,2024-07-29,3.4,3.4,3.4,3.4,0,0,1
MIDCPNIFTY29JUL2411800PE.NFO,2024-05-22,10:22:00,2024-07-29,3.4,3.4,3.4,3.4,0,0,1
MIDCPNIFTY29JUL2411800PE.NFO,2024-05-22,10:23:00,2024-07-29,3.4,3.4,3.4,3.4,0,0,1
MIDCPNIFTY29JUL2411800PE.NFO,2024-05-22,10:24:00,2024-07-29,3.4,3.4,3.4,3.4,0,0,1
MIDCPNIFTY29JUL2411800PE.NFO,2024-05-22,10:25:00,2024-07-29,3.4,3.4,3.4,3.4,0,0,1
MIDCPNIFTY29JUL2411800PE.NFO,2024-05-22,10:26:00,2024-07-29,3.4,3.4,3.4,3.4,0,0,1
MIDCPNIFTY29JUL2411800PE.NFO,2024-05-22,10:27:00,2024-07-29,3.4,3.4,3.4,3.4,0,0,1
MIDCPNIFTY29JUL2411800PE.NFO,2024-05-22,10:28:00,2024-07-29,3.4,3.4,3.4,3.4,0,0,1
MIDCPNIFTY29JUL2411800PE.NFO,2024-05-22,10:29:00,2024-07-29,3.4,3.4,3.4,3.4,0,0,1
MIDCPNIFTY29JUL2411800PE.NFO,2024-05-22,10:30:00,2024-07-29,3.4,3.4,3.4,3.4,0,0,1
MIDCPNIFTY29JUL2411800PE.NFO,2024-05-22,10:31:00,2024-07-29,3.4,3.4,3.4,3.4,0,0,1
MIDCPNIFTY29JUL2411800PE.NFO,2024-05-22,10:32:00,2024-07-29,3.4,3.4,3.4,3.4,0,0,1
MIDCPNIFTY29JUL2411800PE.NFO,2024-05-22,10:33:00,2024-07-29,3.4,3.4,3.4,3.4,0,0,1
MIDCPNIFTY29JUL2411800PE.NFO,2024-05-22,10:34:00,2024-07-29,3.4,3.4,3.4,3.4,0,0,1
MIDCPNIFTY29JUL2411800PE.NFO,2024-05-22,10:35:00,2024-07-29,3.4,3.4,3.4,3.4,0,0,1
MIDCPNIFTY29JUL2411800PE.NFO,2024-05-22,10:36:00,2024-07-29,3.4,3.4,3.4,3.4,0,0,1
MIDCPNIFTY29JUL2411800PE.NFO,2024-05-22,10:37:00,2024-07-29,3.4,3.4,3.4,3.4,0,0,1
MIDCPNIFTY29JUL2411800PE.NFO,2024-05-22,10:38:00,2024-07-29,3.4,3.4,3.4,3.4,0,0,1
MIDCPNIFTY29JUL2411800PE.NFO,2024-05-22,10:39:00,2024-07-29,3.4,3.4,3.4,3.4,0,0,1
MIDCPNIFTY29JUL2411800PE.NFO,2024-05-22,10:40:00,2024-07-29,3.4,3.4,3.4,3.4,0,0,1
MIDCPNIFTY29JUL2411800PE.NFO,2024-05-22,10:41:00,2024-07-29,3.4,3.4,3.4,3.4,0,0,1
MIDCPNIFTY29JUL2411800PE.NFO,2024-05-22,10:42:00,2024-07-29,3.4,3.4,3.4,3.4,0,0,1
MIDCPNIFTY29JUL2411800PE.NFO,2024-05-22,10:43:00,2024-07-29,3.4,3.4,3.4,3.4,0,0,1
MIDCPNIFTY29JUL2411800PE.NFO,2024-05-22,10:44:00,2024-07-29,3.4,3.4,3.4,3.4,0,0,1
MIDCPNIFTY29JUL2411800PE.NFO,2024-05-22,10:45:00,2024-07-29,3.4,3.4,3.4,3.4,0,0,1
MIDCPNIFTY29JUL2411800PE.NFO,2024-05-22,10:46:00,2024-07-29,3.4,3.4,3.4,3.4,0,0,1
MIDCPNIFTY29JUL2411800PE.NFO,2024-05-22,10:47:00,2024-07-29,3.4,3.4,3.4,3.4,0,0,1
MIDCPNIFTY29JUL2411800PE.NFO,2024-05-22,10:48:00,2024-07-29,3.4,3.4,3.4,3.4,0,0,1
MIDCPNIFTY29JUL2411800PE.NFO,2024-05-22,10:49:00,2024-07-29,3.4,3.4,3.4,3.4,0,0,1
MIDCPNIFTY29JUL2411800PE.NFO,2024-05-22,10:50:00,2024-07-29,3.4,3.4,3.4,3.4,0,0,1
MIDCPNIFTY29JUL2411800PE.NFO,2024-05-22,10:51:00,2024-07-29,3.4,3.4,3.4,3.4,0,0,1
MIDCPNIFTY29JUL2411800PE.NFO,2024-05-22,10:52:00,2024-07-29,3.4,3.4,3.4,3.4,0,0,1
MIDCPNIFTY29JUL2411800PE.NFO,2024-05-22,10:53:00,2024-07-29,3.4,3.4,3.4,3.4,0,0,1
MIDCPNIFTY29JUL2411800PE.NFO,2024-05-22,10:54:00,2024-07-29,3.4,3.4,3.4,3.4,0,0,1
MIDCPNIFTY29JUL2411800PE.NFO,2024-05-22,10:55:00,2024-07-29,3.4,3.4,3.4,3.4,0,0,1
MIDCPNIFTY29JUL2411800PE.NFO,2024-05-22,10:56:00,2024-07-29,3.4,3.4,3.4,3.4,0,0,1
MIDCPNIFTY29JUL2411800PE.NFO,2024-05-22,10:57:00,2024-07-29,3.4,3.4,3.4,3.4,0,0,1
MIDCPNIFTY29JUL2411800PE.NFO,2024-05-22,10:58:00,2024-07-29,3.4,3.4,3.4,3.4,0,0,1
MIDCPNIFTY29JUL2411800PE.NFO,2024-05-22,10:59:00,2024-07-29,3.4,3.4,3.4,3.4,0,0,1
MIDCPNIFTY29JUL2411800PE.NFO,2024-05-22,11:00:00,2024-07-29,3.4,3.4,3.4,3.4,0,0,1
MIDCPNIFTY29JUL2411800PE.NFO,2024-05-22,11:01:00,2024-07-29,3.4,3.4,3.4,3.4,0,0,1
MIDCPNIFTY29JUL2411800PE.NFO,2024-05-22,11:02:00,2024-07-29,3.4,3.4,3.4,3.4,0,0,1
MIDCPNIFTY29JUL2411800PE.NFO,2024-05-22,11:03:00,2024-07-29,3.4,3.4,3.4,3.4,0,0,1
MIDCPNIFTY29JUL2411800PE.NFO,2024-05-22,11:04:00,2024-07-29,3.4,3.4,3.4,3.4,0,0,1
MIDCPNIFTY29JUL2411800PE.NFO,2024-05-22,11:05:00,2024-07-29,3.4,3.4,3.4,3.4,0,0,1
MIDCPNIFTY29JUL2411800PE.NFO,2024-05-22,11:06:00,2024-07-29,3.4,3.4,3.4,3.4,0,0,1
MIDCPNIFTY29JUL2411800PE.NFO,2024-05-22,11:07:00,2024-07-29,3.4,3.4,3.4,3.4,0,0,1
MIDCPNIFTY29JUL2411800PE.NFO,2024-05-22,11:08:00,2024-07-29,3.4,3.4,3.4,3.4,0,0,1
MIDCPNIFTY29JUL2411800PE.NFO,2024-05-22,11:09:00,2024-07-29,3.4,3.4,3.4,3.4,0,0,1
MIDCPNIFTY29JUL2411800PE.NFO,2024-05-22,11:10:00,2024-07-29,3.4,3.4,3.4,3.4,0,0,1
MIDCPNIFTY29JUL2411800PE.NFO,2024-05-22,11:11:00,2024-07-29,3.4,3.4,3.4,3.4,0,0,1
MIDCPNIFTY29JUL2411800PE.NFO,2024-05-22,11:12:00,2024-07-29,3.4,3.4,3.4,3.4,0,0,1
MIDCPNIFTY29JUL2411800PE.NFO,2024-05-22,11:13:00,2024-07-29,3.4,3.4,3.4,3.4,0,0,1
MIDCPNIFTY29JUL2411800PE.NFO,2024-05-22,11:14:00,2024-07-29,3.4,3.4,3.4,3.4,0,0,1
MIDCPNIFTY29JUL2411800PE.NFO,2024-05-22,11:15:00,2024-07-29,3.4,3.4,3.4,3.4,0,0,1
MIDCPNIFTY29JUL2411800PE.NFO,2024-05-22,11:16:00,2024-07-29,3.4,3.4,3.4,3.4,0,0,1
MIDCPNIFTY29JUL2411800PE.NFO,2024-05-22,11:17:00,2024-07-29,3.4,3.4,3.4,3.4,0,0,1
MIDCPNIFTY29JUL2411800PE.NFO,2024-05-22,11:18:00,2024-07-29,3.4,3.4,3.4,3.4,0,0,1
MIDCPNIFTY29JUL2411800PE.NFO,2024-05-22,11:19:00,2024-07-29,3.4,3.4,3.4,3.4,0,0,1
MIDCPNIFTY29JUL2411800PE.NFO,2024-05-22,11:20:00,2024-07-29,3.4,3.4,3.4,3.4,0,0,1
MIDCPNIFTY29JUL2411800PE.NFO,2024-05-22,11:21:00,2024-07-29,3.4,3.4,3.4,3.4,0,0,1
MIDCPNIFTY29JUL2411800PE.NFO,2024-05-22,11:22:00,2024-07-29,3.4,3.4,3.4,3.4,0,0,1
MIDCPNIFTY29JUL2411800PE.NFO,2024-05-22,11:23:00,2024-07-29,3.4,3.4,3.4,3.4,0,0,1
MIDCPNIFTY29JUL2411800PE.NFO,2024-05-22,11:24:00,2024-07-29,3.4,3.4,3.4,3.4,0,0,1
MIDCPNIFTY29JUL2411800PE.NFO,2024-05-22,11:25:00,2024-07-29,3.4,3.4,3.4,3.4,0,0,1
MIDCPNIFTY29JUL2411800PE.NFO,2024-05-22,11:26:00,2024-07-29,3.4,3.4,3.4,3.4,0,0,1
MIDCPNIFTY29JUL2411800PE.NFO,2024-05-22,11:27:00,2024-07-29,3.4,3.4,3.4,3.4,0,0,1
MIDCPNIFTY29JUL2411800PE.NFO,2024-05-22,11:28:00,2024-07-29,3.4,3.4,3.4,3.4,0,0,1
MIDCPNIFTY29JUL2411800PE.NFO,2024-05-22,11:29:00,2024-07-29,3.4,3.4,3.4,3.4,0,0,1
MIDCPNIFTY29JUL2411800PE.NFO,2024-05-22,11:30:00,2024-07-29,3.4,3.4,3.4,3.4,0,0,1
MIDCPNIFTY29JUL2411800PE.NFO,2024-05-22,11:31:00,2024-07-29,3.4,3.4,3.4,3.4,0,0,1
MIDCPNIFTY29JUL2411800PE.NFO,2024-05-22,11:32:00,2024-07-29,3.4,3.4,3.4,3.4,0,0,1
MIDCPNIFTY29JUL2411800PE.NFO,2024-05-22,11:33:00,2024-07-29,3.4,3.4,3.4,3.4,0,0,1
MIDCPNIFTY29JUL2411800PE.NFO,2024-05-22,11:34:00,2024-07-29,3.4,3.4,3.4,3.4,0,0,1
MIDCPNIFTY29JUL2411800PE.NFO,2024-05-22,11:35:00,2024-07-29,3.4,3.4,3.4,3.4,0,0,1
MIDCPNIFTY29JUL2411800PE.NFO,2024-05-22,11:36:00,2024-07-29,3.4,3.4,3.4,3.4,0,0,1
MIDCPNIFTY29JUL2411800PE.NFO,2024-05-22,11:37:00,2024-07-29,3.4,3.4,3.4,3.4,0,0,1
MIDCPNIFTY29JUL2411800PE.NFO,2024-05-22,11:38:00,2024-07-29,3.4,3.4,3.4,3.4,0,0,1
MIDCPNIFTY29JUL2411800PE.NFO,2024-05-22,11:39:00,2024-07-29,3.4,3.4,3.4,3.4,0,0,1
MIDCPNIFTY29JUL2411800PE.NFO,2024-05-22,11:40:00,2024-07-29,3.4,3.4,3.4,3.4,0,0,1
MIDCPNIFTY29JUL2411800PE.NFO,2024-05-22,11:41:00,2024-07-29,3.4,3.4,3.4,3.4,0,0,1
MIDCPNIFTY29JUL2411800PE.NFO,2024-05-22,11:42:00,2024-07-29,3.4,3.4,3.4,3.4,0,0,1
MIDCPNIFTY29JUL2411800PE.NFO,2024-05-22,11:43:00,2024-07-29,3.4,3.4,3.4,3.4,0,0,1
MIDCPNIFTY29JUL2411800PE.NFO,2024-05-22,11:44:00,2024-07-29,3.4,3.4,3.4,3.4,0,0,1
MIDCPNIFTY29JUL2411800PE.NFO,2024-05-22,11:45:00,2024-07-29,3.4,3.4,3.4,3.4,0,0,1
MIDCPNIFTY29JUL2411800PE.NFO,2024-05-22,11:46:00,2024-07-29,3.4,3.4,3.4,3.4,0,0,1
MIDCPNIFTY29JUL2411800PE.NFO,2024-05-22,11:47:00,2024-07-29,3.4,3.4,3.4,3.4,0,0,1
MIDCPNIFTY29JUL2411800PE.NFO,2024-05-22,11:48:00,2024-07-29,3.4,3.4,3.4,3.4,0,0,1
MIDCPNIFTY29JUL2411800PE.NFO,2024-05-22,11:49:00,2024-07-29,3.4,3.4,3.4,3.4,0,0,1
MIDCPNIFTY29JUL2411800PE.NFO,2024-05-22,11:50:00,2024-07-29,3.4,3.4,3.4,3.4,0,0,1
MIDCPNIFTY29JUL2411800PE.NFO,2024-05-22,11:51:00,2024-07-29,3.4,3.4,3.4,3.4,0,0,1
MIDCPNIFTY29JUL2411800PE.NFO,2024-05-22,11:52:00,2024-07-29,3.4,3.4,3.4,3.4,0,0,1
MIDCPNIFTY29JUL2411800PE.NFO,2024-05-22,11:53:00,2024-07-29,3.4,3.4,3.4,3.4,0,0,1
MIDCPNIFTY29JUL2411800PE.NFO,2024-05-22,11:54:00,2024-07-29,3.4,3.4,3.4,3.4,0,0,1
MIDCPNIFTY29JUL2411800PE.NFO,2024-05-22,11:55:00,2024-07-29,3.4,3.4,3.4,3.4,0,0,1
MIDCPNIFTY29JUL2411800PE.NFO,2024-05-22,11:56:00,2024-07-29,3.4,3.4,3.4,3.4,0,0,1
MIDCPNIFTY29JUL2411800PE.NFO,2024-05-22,11:57:00,2024-07-29,3.4,3.4,3.4,3.4,0,0,1
MIDCPNIFTY29JUL2411800PE.NFO,2024-05-22,11:58:00,2024-07-29,3.4,3.4,3.4,3.4,0,0,1
MIDCPNIFTY29JUL2411800PE.NFO,2024-05-22,11:59:00,2024-07-29,3.4,3.4,3.4,3.4,0,0,1
MIDCPNIFTY29JUL2411800PE.NFO,2024-05-22,12:00:00,2024-07-29,3.4,3.4,3.4,3.4,0,0,1
MIDCPNIFTY29JUL2411800PE.NFO,2024-05-22,12:01:00,2024-07-29,3.4,3.4,3.4,3.4,0,0,1
MIDCPNIFTY29JUL2411800PE.NFO,2024-05-22,12:02:00,2024-07-29,3.4,3.4,3.4,3.4,0,0,1
MIDCPNIFTY29JUL2411800PE.NFO,2024-05-22,12:03:00,2024-07-29,3.4,3.4,3.4,3.4,0,0,1
MIDCPNIFTY29JUL2411800PE.NFO,2024-05-22,12:04:00,2024-07-29,3.4,3.4,3.4,3.4,0,0,1
MIDCPNIFTY29JUL2411800PE.NFO,2024-05-22,12:05:00,2024-07-29,3.4,3.4,3.4,3.4,0,0,1
MIDCPNIFTY29JUL2411800PE.NFO,2024-05-22,12:06:00,2024-07-29,3.4,3.4,3.4,3.4,0,0,1
MIDCPNIFTY29JUL2411800PE.NFO,2024-05-22,12:07:00,2024-07-29,3.4,3.4,3.4,3.4,0,0,1
MIDCPNIFTY29JUL2411800PE.NFO,2024-05-22,12:08:00,2024-07-29,3.4,3.4,3.4,3.4,0,0,1
MIDCPNIFTY29JUL2411800PE.NFO,2024-05-22,12:09:00,2024-07-29,3.4,3.4,3.4,3.4,0,0,1
MIDCPNIFTY29JUL2411800PE.NFO,2024-05-22,12:10:00,2024-07-29,3.4,3.4,3.4,3.4,0,0,1
MIDCPNIFTY29JUL2411800PE.NFO,2024-05-22,12:11:00,2024-07-29,3.4,3.4,3.4,3.4,0,0,1
MIDCPNIFTY29JUL2411800PE.NFO,2024-05-22,12:12:00,2024-07-29,3.4,3.4,3.4,3.4,0,0,1
MIDCPNIFTY29JUL2411800PE.NFO,2024-05-22,12:13:00,2024-07-29,3.4,3.4,3.4,3.4,0,0,1
MIDCPNIFTY29JUL2411800PE.NFO,2024-05-22,12:14:00,2024-07-29,3.4,3.4,3.4,3.4,0,0,1
MIDCPNIFTY29JUL2411800PE.NFO,2024-05-22,12:15:00,2024-07-29,3.4,3.4,3.4,3.4,0,0,1
MIDCPNIFTY29JUL2411800PE.NFO,2024-05-22,12:16:00,2024-07-29,3.4,3.4,3.4,3.4,0,0,1
MIDCPNIFTY29JUL2411800PE.NFO,2024-05-22,12:17:00,2024-07-29,3.4,3.4,3.4,3.4,0,0,1
MIDCPNIFTY29JUL2411800PE.NFO,2024-05-22,12:18:00,2024-07-29,3.4,3.4,3.4,3.4,0,0,1
MIDCPNIFTY29JUL2411800PE.NFO,2024-05-22,12:19:00,2024-07-29,3.4,3.4,3.4,3.4,0,0,1
MIDCPNIFTY29JUL2411800PE.NFO,2024-05-22,12:20:00,2024-07-29,3.4,3.4,3.4,3.4,0,0,1
MIDCPNIFTY29JUL2411800PE.NFO,2024-05-22,12:21:00,2024-07-29,3.4,3.4,3.4,3.4,0,0,1
MIDCPNIFTY29JUL2411800PE.NFO,2024-05-22,12:22:00,2024-07-29,3.4,3.4,3.4,3.4,0,0,1
MIDCPNIFTY29JUL2411800PE.NFO,2024-05-22,12:23:00,2024-07-29,3.4,3.4,3.4,3.4,0,0,1
MIDCPNIFTY29JUL2411800PE.NFO,2024-05-22,12:24:00,2024-07-29,3.4,3.4,3.4,3.4,0,0,1
MIDCPNIFTY29JUL2411800PE.NFO,2024-05-22,12:25:00,2024-07-29,3.4,3.4,3.4,3.4,0,0,1
MIDCPNIFTY29JUL2411800PE.NFO,2024-05-22,12:26:00,2024-07-29,3.4,3.4,3.4,3.4,0,0,1
MIDCPNIFTY29JUL2411800PE.NFO,2024-05-22,12:27:00,2024-07-29,3.4,3.4,3.4,3.4,0,0,1
MIDCPNIFTY29JUL2411800PE.NFO,2024-05-22,12:28:00,2024-07-29,3.4,3.4,3.4,3.4,0,0,1
MIDCPNIFTY29JUL2411800PE.NFO,2024-05-22,12:29:00,2024-07-29,3.4,3.4,3.4,3.4,0,0,1
MIDCPNIFTY29JUL2411800PE.NFO,2024-05-22,12:30:00,2024-07-29,3.4,3.4,3.4,3.4,0,0,1
MIDCPNIFTY29JUL2411800PE.NFO,2024-05-22,12:31:00,2024-07-29,3.4,3.4,3.4,3.4,0,0,1
MIDCPNIFTY29JUL2411800PE.NFO,2024-05-22,12:32:00,2024-07-29,3.4,3.4,3.4,3.4,0,0,1
MIDCPNIFTY29JUL2411800PE.NFO,2024-05-22,12:33:00,2024-07-29,3.4,3.4,3.4,3.4,0,0,1
MIDCPNIFTY29JUL2411800PE.NFO,2024-05-22,12:34:00,2024-07-29,3.4,3.4,3.4,3.4,0,0,1
MIDCPNIFTY29JUL2411800PE.NFO,2024-05-22,12:35:00,2024-07-29,3.4,3.4,3.4,3.4,0,0,1
MIDCPNIFTY29JUL2411800PE.NFO,2024-05-22,12:36:00,2024-07-29,3.4,3.4,3.4,3.4,0,0,1
MIDCPNIFTY29JUL2411800PE.NFO,2024-05-22,12:37:00,2024-07-29,3.4,3.4,3.4,3.4,0,0,1
MIDCPNIFTY29JUL2411800PE.NFO,2024-05-22,12:38:00,2024-07-29,3.4,3.4,3.4,3.4,0,0,1
MIDCPNIFTY29JUL2411800PE.NFO,2024-05-22,12:39:00,2024-07-29,3.4,3.4,3.4,3.4,0,0,1
MIDCPNIFTY29JUL2411800PE.NFO,2024-05-22,12:40:00,2024-07-29,3.4,3.4,3.4,3.4,0,0,1
MIDCPNIFTY29JUL2411800PE.NFO,2024-05-22,12:41:00,2024-07-29,3.4,3.4,3.4,3.4,0,0,1
MIDCPNIFTY29JUL2411800PE.NFO,2024-05-22,12:42:00,2024-07-29,3.4,3.4,3.4,3.4,0,0,1
MIDCPNIFTY29JUL2411800PE.NFO,2024-05-22,12:43:00,2024-07-29,3.4,3.4,3.4,3.4,0,0,1
MIDCPNIFTY29JUL2411800PE.NFO,2024-05-22,12:44:00,2024-07-29,3.4,3.4,3.4,3.4,0,0,1
MIDCPNIFTY29JUL2411800PE.NFO,2024-05-22,12:45:00,2024-07-29,3.4,3.4,3.4,3.4,0,0,1
MIDCPNIFTY29JUL2411800PE.NFO,2024-05-22,12:46:00,2024-07-29,3.4,3.4,3.4,3.4,0,0,1
MIDCPNIFTY29JUL2411800PE.NFO,2024-05-22,12:47:00,2024-07-29,3.4,3.4,3.4,3.4,0,0,1
MIDCPNIFTY29JUL2411800PE.NFO,2024-05-22,12:48:00,2024-07-29,3.4,3.4,3.4,3.4,0,0,1
MIDCPNIFTY29JUL2411800PE.NFO,2024-05-22,12:49:00,2024-07-29,3.4,3.4,3.4,3.4,0,0,1
MIDCPNIFTY29JUL2411800PE.NFO,2024-05-22,12:50:00,2024-07-29,3.4,3.4,3.4,3.4,0,0,1
MIDCPNIFTY29JUL2411800PE.NFO,2024-05-22,12:51:00,2024-07-29,3.4,3.4,3.4,3.4,0,0,1
MIDCPNIFTY29JUL2411800PE.NFO,2024-05-22,12:52:00,2024-07-29,3.4,3.4,3.4,3.4,0,0,1
MIDCPNIFTY29JUL2411800PE.NFO,2024-05-22,12:53:00,2024-07-29,3.4,3.4,3.4,3.4,0,0,1
MIDCPNIFTY29JUL2411800PE.NFO,2024-05-22,12:54:00,2024-07-29,3.4,3.4,3.4,3.4,0,0,1
MIDCPNIFTY29JUL2411800PE.NFO,2024-05-22,12:55:00,2024-07-29,3.4,3.4,3.4,3.4,0,0,1
MIDCPNIFTY29JUL2411800PE.NFO,2024-05-22,12:56:00,2024-07-29,3.4,3.4,3.4,3.4,0,0,1
MIDCPNIFTY29JUL2411800PE.NFO,2024-05-22,12:57:00,2024-07-29,3.4,3.4,3.4,3.4,0,0,1
MIDCPNIFTY29JUL2411800PE.NFO,2024-05-22,12:58:00,2024-07-29,3.4,3.4,3.4,3.4,0,0,1
MIDCPNIFTY29JUL2411800PE.NFO,2024-05-22,12:59:00,2024-07-29,3.4,3.4,3.4,3.4,0,0,1
MIDCPNIFTY29JUL2411800PE.NFO,2024-05-22,13:00:00,2024-07-29,3.4,3.4,3.4,3.4,0,0,1
MIDCPNIFTY29JUL2411800PE.NFO,2024-05-22,13:01:00,2024-07-29,3.4,3.4,3.4,3.4,0,0,1
MIDCPNIFTY29JUL2411800PE.NFO,2024-05-22,13:02:00,2024-07-29,3.4,3.4,3.4,3.4,0,0,1
MIDCPNIFTY29JUL2411800PE.NFO,2024-05-22,13:03:00,2024-07-29,3.4,3.4,3.4,3.4,0,0,1
MIDCPNIFTY29JUL2411800PE.NFO,2024-05-22,13:04:00,2024-07-29,3.4,3.4,3.4,3.4,0,0,1
MIDCPNIFTY29JUL2411800PE.NFO,2024-05-22,13:05:00,2024-07-29,3.4,3.4,3.4,3.4,0,0,1
MIDCPNIFTY29JUL2411800PE.NFO,2024-05-22,13:06:00,2024-07-29,3.4,3.4,3.4,3.4,0,0,1
MIDCPNIFTY29JUL2411800PE.NFO,2024-05-22,13:07:00,2024-07-29,3.4,3.4,3.4,3.4,0,0,1
MIDCPNIFTY29JUL2411800PE.NFO,2024-05-22,13:08:00,2024-07-29,3.4,3.4,3.4,3.4,0,0,1
MIDCPNIFTY29JUL2411800PE.NFO,2024-05-22,13:09:00,2024-07-29,3.4,3.4,3.4,3.4,0,0,1
MIDCPNIFTY29JUL2411800PE.NFO,2024-05-22,13:10:00,2024-07-29,3.4,3.4,3.4,3.4,0,0,1
MIDCPNIFTY29JUL2411800PE.NFO,2024-05-22,13:11:00,2024-07-29,3.4,3.4,3.4,3.4,0,0,1
MIDCPNIFTY29JUL2411800PE.NFO,2024-05-22,13:12:00,2024-07-29,3.4,3.4,3.4,3.4,0,0,1
MIDCPNIFTY29JUL2411800PE.NFO,2024-05-22,13:13:00,2024-07-29,3.4,3.4,3.4,3.4,0,0,1
MIDCPNIFTY29JUL2411800PE.NFO,2024-05-22,13:14:00,2024-07-29,3.4,3.4,3.4,3.4,0,0,1
MIDCPNIFTY29JUL2411800PE.NFO,2024-05-22,13:15:00,2024-07-29,3.4,3.4,3.4,3.4,0,0,1
MIDCPNIFTY29JUL2411800PE.NFO,2024-05-22,13:16:00,2024-07-29,3.4,3.4,3.4,3.4,0,0,1
MIDCPNIFTY29JUL2411800PE.NFO,2024-05-22,13:17:00,2024-07-29,3.4,3.4,3.4,3.4,0,0,1
MIDCPNIFTY29JUL2411800PE.NFO,2024-05-22,13:18:00,2024-07-29,3.4,3.4,3.4,3.4,0,0,1
MIDCPNIFTY29JUL2411800PE.NFO,2024-05-22,13:19:00,2024-07-29,3.4,3.4,3.4,3.4,0,0,1
MIDCPNIFTY29JUL2411800PE.NFO,2024-05-22,13:20:00,2024-07-29,3.4,3.4,3.4,3.4,0,0,1
MIDCPNIFTY29JUL2411800PE.NFO,2024-05-22,13:21:00,2024-07-29,3.4,3.4,3.4,3.4,0,0,1
MIDCPNIFTY29JUL2411800PE.NFO,2024-05-22,13:22:00,2024-07-29,3.4,3.4,3.4,3.4,0,0,1
MIDCPNIFTY29JUL2411800PE.NFO,2024-05-22,13:23:00,2024-07-29,3.4,3.4,3.4,3.4,0,0,1
MIDCPNIFTY29JUL2411800PE.NFO,2024-05-22,13:24:00,2024-07-29,3.4,3.4,3.4,3.4,0,0,1
MIDCPNIFTY29JUL2411800PE.NFO,2024-05-22,13:25:00,2024-07-29,3.4,3.4,3.4,3.4,0,0,1
MIDCPNIFTY29JUL2411800PE.NFO,2024-05-22,13:26:00,2024-07-29,3.4,3.4,3.4,3.4,0,0,1
MIDCPNIFTY29JUL2411800PE.NFO,2024-05-22,13:27:00,2024-07-29,3.4,3.4,3.4,3.4,0,0,1
MIDCPNIFTY29JUL2411800PE.NFO,2024-05-22,13:28:00,2024-07-29,3.4,3.4,3.4,3.4,0,0,1
MIDCPNIFTY29JUL2411800PE.NFO,2024-05-22,13:29:00,2024-07-29,3.4,3.4,3.4,3.4,0,0,1
MIDCPNIFTY29JUL2411800PE.NFO,2024-05-22,13:30:00,2024-07-29,3.4,3.4,3.4,3.4,0,0,1
MIDCPNIFTY29JUL2411800PE.NFO,2024-05-22,13:31:00,2024-07-29,3.4,3.4,3.4,3.4,0,0,1
MIDCPNIFTY29JUL2411800PE.NFO,2024-05-22,13:32:00,2024-07-29,3.4,3.4,3.4,3.4,0,0,1
MIDCPNIFTY29JUL2411800PE.NFO,2024-05-22,13:33:00,2024-07-29,3.4,3.4,3.4,3.4,0,0,1
MIDCPNIFTY29JUL2411800PE.NFO,2024-05-22,13:34:00,2024-07-29,3.4,3.4,3.4,3.4,0,0,1
MIDCPNIFTY29JUL2411800PE.NFO,2024-05-22,13:35:00,2024-07-29,3.4,3.4,3.4,3.4,0,0,1
MIDCPNIFTY29JUL2411800PE.NFO,2024-05-22,13:36:00,2024-07-29,3.4,3.4,3.4,3.4,0,0,1
MIDCPNIFTY29JUL2411800PE.NFO,2024-05-22,13:37:00,2024-07-29,3.4,3.4,3.4,3.4,0,0,1
MIDCPNIFTY29JUL2411800PE.NFO,2024-05-22,13:38:00,2024-07-29,3.4,3.4,3.4,3.4,0,0,1
MIDCPNIFTY29JUL2411800PE.NFO,2024-05-22,13:39:00,2024-07-29,3.4,3.4,3.4,3.4,0,0,1
MIDCPNIFTY29JUL2411800PE.NFO,2024-05-22,13:40:00,2024-07-29,3.4,3.4,3.4,3.4,0,0,1
MIDCPNIFTY29JUL2411800PE.NFO,2024-05-22,13:41:00,2024-07-29,3.4,3.4,3.4,3.4,0,0,1
MIDCPNIFTY29JUL2411800PE.NFO,2024-05-22,13:42:00,2024-07-29,3.4,3.4,3.4,3.4,0,0,1
MIDCPNIFTY29JUL2411800PE.NFO,2024-05-22,13:43:00,2024-07-29,3.4,3.4,3.4,3.4,0,0,1
MIDCPNIFTY29JUL2411800PE.NFO,2024-05-22,13:44:00,2024-07-29,3.4,3.4,3.4,3.4,0,0,1
MIDCPNIFTY29JUL2411800PE.NFO,2024-05-22,13:45:00,2024-07-29,3.4,3.4,3.4,3.4,0,0,1
MIDCPNIFTY29JUL2411800PE.NFO,2024-05-22,13:46:00,2024-07-29,3.4,3.4,3.4,3.4,0,0,1
MIDCPNIFTY29JUL2411800PE.NFO,2024-05-22,13:47:00,2024-07-29,3.4,3.4,3.4,3.4,0,0,1
MIDCPNIFTY29JUL2411800PE.NFO,2024-05-22,13:48:00,2024-07-29,3.4,3.4,3.4,3.4,0,0,1
MIDCPNIFTY29JUL2411800PE.NFO,2024-05-22,13:49:00,2024-07-29,3.4,3.4,3.4,3.4,0,0,1
MIDCPNIFTY29JUL2411800PE.NFO,2024-05-22,13:50:00,2024-07-29,3.4,3.4,3.4,3.4,0,0,1
MIDCPNIFTY29JUL2411800PE.NFO,2024-05-22,13:51:00,2024-07-29,3.4,3.4,3.4,3.4,0,0,1
MIDCPNIFTY29JUL2411800PE.NFO,2024-05-22,13:52:00,2024-07-29,3.4,3.4,3.4,3.4,0,0,1
MIDCPNIFTY29JUL2411800PE.NFO,2024-05-22,13:53:00,2024-07-29,3.4,3.4,3.4,3.4,0,0,1
MIDCPNIFTY29JUL2411800PE.NFO,2024-05-22,13:54:00,2024-07-29,3.4,3.4,3.4,3.4,0,0,1
MIDCPNIFTY29JUL2411800PE.NFO,2024-05-22,13:55:00,2024-07-29,3.4,3.4,3.4,3.4,0,0,1
MIDCPNIFTY29JUL2411800PE.NFO,2024-05-22,13:56:00,2024-07-29,3.4,3.4,3.4,3.4,0,0,1
MIDCPNIFTY29JUL2411800PE.NFO,2024-05-22,13:57:00,2024-07-29,3.4,3.4,3.4,3.4,0,0,1
MIDCPNIFTY29JUL2411800PE.NFO,2024-05-22,13:58:00,2024-07-29,3.4,3.4,3.4,3.4,0,0,1
MIDCPNIFTY29JUL2411800PE.NFO,2024-05-22,13:59:00,2024-07-29,3.4,3.4,3.4,3.4,0,0,1
MIDCPNIFTY29JUL2411800PE.NFO,2024-05-22,14:00:00,2024-07-29,3.4,3.4,3.4,3.4,0,0,1
MIDCPNIFTY29JUL2411800PE.NFO,2024-05-22,14:01:00,2024-07-29,3.4,3.4,3.4,3.4,0,0,1
MIDCPNIFTY29JUL2411800PE.NFO,2024-05-22,14:02:00,2024-07-29,3.4,3.4,3.4,3.4,0,0,1
MIDCPNIFTY29JUL2411800PE.NFO,2024-05-22,14:03:00,2024-07-29,3.4,3.4,3.4,3.4,0,0,1
MIDCPNIFTY29JUL2411800PE.NFO,2024-05-22,14:04:00,2024-07-29,3.4,3.4,3.4,3.4,0,0,1
MIDCPNIFTY29JUL2411800PE.NFO,2024-05-22,14:05:00,2024-07-29,3.4,3.4,3.4,3.4,0,0,1
MIDCPNIFTY29JUL2411800PE.NFO,2024-05-22,14:06:00,2024-07-29,3.4,3.4,3.4,3.4,0,0,1
MIDCPNIFTY29JUL2411800PE.NFO,2024-05-22,14:07:00,2024-07-29,3.4,3.4,3.4,3.4,0,0,1
MIDCPNIFTY29JUL2411800PE.NFO,2024-05-22,14:08:00,2024-07-29,3.4,3.4,3.4,3.4,0,0,1
MIDCPNIFTY29JUL2411800PE.NFO,2024-05-22,14:09:00,2024-07-29,3.4,3.4,3.4,3.4,0,0,1
MIDCPNIFTY29JUL2411800PE.NFO,2024-05-22,14:10:00,2024-07-29,3.4,3.4,3.4,3.4,0,0,1
MIDCPNIFTY29JUL2411800PE.NFO,2024-05-22,14:11:00,2024-07-29,3.4,3.4,3.4,3.4,0,0,1
MIDCPNIFTY29JUL2411800PE.NFO,2024-05-22,14:12:00,2024-07-29,3.4,3.4,3.4,3.4,0,0,1
MIDCPNIFTY29JUL2411800PE.NFO,2024-05-22,14:13:00,2024-07-29,3.4,3.4,3.4,3.4,0,0,1
MIDCPNIFTY29JUL2411800PE.NFO,2024-05-22,14:14:00,2024-07-29,3.4,3.4,3.4,3.4,0,0,1
MIDCPNIFTY29JUL2411800PE.NFO,2024-05-22,14:15:00,2024-07-29,3.4,3.4,3.4,3.4,0,0,1
MIDCPNIFTY29JUL2411800PE.NFO,2024-05-22,14:16:00,2024-07-29,3.4,3.4,3.4,3.4,0,0,1
MIDCPNIFTY29JUL2411800PE.NFO,2024-05-22,14:17:00,2024-07-29,3.4,3.4,3.4,3.4,0,0,1
MIDCPNIFTY29JUL2411800PE.NFO,2024-05-22,14:18:00,2024-07-29,3.4,3.4,3.4,3.4,0,0,1
MIDCPNIFTY29JUL2411800PE.NFO,2024-05-22,14:19:00,2024-07-29,3.4,3.4,3.4,3.4,0,0,1
MIDCPNIFTY29JUL2411800PE.NFO,2024-05-22,14:20:00,2024-07-29,3.4,3.4,3.4,3.4,0,0,1
MIDCPNIFTY29JUL2411800PE.NFO,2024-05-22,14:21:00,2024-07-29,3.4,3.4,3.4,3.4,0,0,1
MIDCPNIFTY29JUL2411800PE.NFO,2024-05-22,14:22:00,2024-07-29,3.4,3.4,3.4,3.4,0,0,1
MIDCPNIFTY29JUL2411800PE.NFO,2024-05-22,14:23:00,2024-07-29,3.4,3.4,3.4,3.4,0,0,1
MIDCPNIFTY29JUL2411800PE.NFO,2024-05-22,14:24:00,2024-07-29,3.4,3.4,3.4,3.4,0,0,1
MIDCPNIFTY29JUL2411800PE.NFO,2024-05-22,14:25:00,2024-07-29,3.4,3.4,3.4,3.4,0,0,1
MIDCPNIFTY29JUL2411800PE.NFO,2024-05-22,14:26:00,2024-07-29,3.4,3.4,3.4,3.4,0,0,1
MIDCPNIFTY29JUL2411800PE.NFO,2024-05-22,14:27:00,2024-07-29,3.4,3.4,3.4,3.4,0,0,1
MIDCPNIFTY29JUL2411800PE.NFO,2024-05-22,14:28:00,2024-07-29,3.4,3.4,3.4,3.4,0,0,1
MIDCPNIFTY29JUL2411800PE.NFO,2024-05-22,14:29:00,2024-07-29,3.4,3.4,3.4,3.4,0,0,1
MIDCPNIFTY29JUL2411800PE.NFO,2024-05-22,14:30:00,2024-07-29,3.4,3.4,3.4,3.4,0,0,1
MIDCPNIFTY29JUL2411800PE.NFO,2024-05-22,14:31:00,2024-07-29,3.4,3.4,3.4,3.4,0,0,1
MIDCPNIFTY29JUL2411800PE.NFO,2024-05-22,14:32:00,2024-07-29,3.4,3.4,3.4,3.4,0,0,1
MIDCPNIFTY29JUL2411800PE.NFO,2024-05-22,14:33:00,2024-07-29,3.4,3.4,3.4,3.4,0,0,1
MIDCPNIFTY29JUL2411800PE.NFO,2024-05-22,14:34:00,2024-07-29,3.4,3.4,3.4,3.4,0,0,1
MIDCPNIFTY29JUL2411800PE.NFO,2024-05-22,14:35:00,2024-07-29,3.4,3.4,3.4,3.4,0,0,1
MIDCPNIFTY29JUL2411800PE.NFO,2024-05-22,14:36:00,2024-07-29,3.4,3.4,3.4,3.4,0,0,1
MIDCPNIFTY29JUL2411800PE.NFO,2024-05-22,14:37:00,2024-07-29,3.4,3.4,3.4,3.4,0,0,1
MIDCPNIFTY29JUL2411800PE.NFO,2024-05-22,14:38:00,2024-07-29,3.4,3.4,3.4,3.4,0,0,1
MIDCPNIFTY29JUL2411800PE.NFO,2024-05-22,14:39:00,2024-07-29,3.4,3.4,3.4,3.4,0,0,1
MIDCPNIFTY29JUL2411800PE.NFO,2024-05-22,14:40:00,2024-07-29,3.4,3.4,3.4,3.4,0,0,1
MIDCPNIFTY29JUL2411800PE.NFO,2024-05-22,14:41:00,2024-07-29,3.4,3.4,3.4,3.4,0,0,1
MIDCPNIFTY29JUL2411800PE.NFO,2024-05-22,14:42:00,2024-07-29,3.4,3.4,3.4,3.4,0,0,1
MIDCPNIFTY29JUL2411800PE.NFO,2024-05-22,14:43:00,2024-07-29,3.4,3.4,3.4,3.4,0,0,1
MIDCPNIFTY29JUL2411800PE.NFO,2024-05-22,14:44:00,2024-07-29,3.4,3.4,3.4,3.4,0,0,1
MIDCPNIFTY29JUL2411800PE.NFO,2024-05-22,14:45:00,2024-07-29,3.4,3.4,3.4,3.4,0,0,1
MIDCPNIFTY29JUL2411800PE.NFO,2024-05-22,14:46:00,2024-07-29,3.4,3.4,3.4,3.4,0,0,1
MIDCPNIFTY29JUL2411800PE.NFO,2024-05-22,14:47:00,2024-07-29,3.4,3.4,3.4,3.4,0,0,1
MIDCPNIFTY29JUL2411800PE.NFO,2024-05-22,14:48:00,2024-07-29,3.4,3.4,3.4,3.4,0,0,1
MIDCPNIFTY29JUL2411800PE.NFO,2024-05-22,14:49:00,2024-07-29,3.4,3.4,3.4,3.4,0,0,1
MIDCPNIFTY29JUL2411800PE.NFO,2024-05-22,14:50:00,2024-07-29,3.4,3.4,3.4,3.4,0,0,1
MIDCPNIFTY29JUL2411800PE.NFO,2024-05-22,14:51:00,2024-07-29,3.4,3.4,3.4,3.4,0,0,1
MIDCPNIFTY29JUL2411800PE.NFO,2024-05-22,14:52:00,2024-07-29,3.4,3.4,3.4,3.4,0,0,1
MIDCPNIFTY29JUL2411800PE.NFO,2024-05-22,14:53:00,2024-07-29,3.4,3.4,3.4,3.4,0,0,1
MIDCPNIFTY29JUL2411800PE.NFO,2024-05-22,14:54:00,2024-07-29,3.4,3.4,3.4,3.4,0,0,1
MIDCPNIFTY29JUL2411800PE.NFO,2024-05-22,14:55:00,2024-07-29,3.4,3.4,3.4,3.4,0,0,1
MIDCPNIFTY29JUL2411800PE.NFO,2024-05-22,14:56:00,2024-07-29,3.4,3.4,3.4,3.4,0,0,1
MIDCPNIFTY29JUL2411800PE.NFO,2024-05-22,14:57:00,2024-07-29,3.4,3.4,3.4,3.4,0,0,1
MIDCPNIFTY29JUL2411800PE.NFO,2024-05-22,14:58:00,2024-07-29,3.4,3.4,3.4,3.4,0,0,1
MIDCPNIFTY29JUL2411800PE.NFO,2024-05-22,14:59:00,2024-07-29,3.4,3.4,3.4,3.4,0,0,1
MIDCPNIFTY29JUL2411800PE.NFO,2024-05-22,15:00:00,2024-07-29,3.4,3.4,3.4,3.4,0,0,1
MIDCPNIFTY29JUL2411800PE.NFO,2024-05-22,15:01:00,2024-07-29,3.4,3.4,3.4,3.4,0,0,1
MIDCPNIFTY29JUL2411800PE.NFO,2024-05-22,15:02:00,2024-07-29,3.4,3.4,3.4,3.4,0,0,1
MIDCPNIFTY29JUL2411800PE.NFO,2024-05-22,15:03:00,2024-07-29,3.4,3.4,3.4,3.4,0,0,1
MIDCPNIFTY29JUL2411800PE.NFO,2024-05-22,15:04:00,2024-07-29,3.4,3.4,3.4,3.4,0,0,1
MIDCPNIFTY29JUL2411800PE.NFO,2024-05-22,15:05:00,2024-07-29,3.4,3.4,3.4,3.4,0,0,1
MIDCPNIFTY29JUL2411800PE.NFO,2024-05-22,15:06:00,2024-07-29,3.4,3.4,3.4,3.4,0,0,1
MIDCPNIFTY29JUL2411800PE.NFO,2024-05-22,15:07:00,2024-07-29,3.4,3.4,3.4,3.4,0,0,1
MIDCPNIFTY29JUL2411800PE.NFO,2024-05-22,15:08:00,2024-07-29,3.4,3.4,3.4,3.4,0,0,1
MIDCPNIFTY29JUL2411800PE.NFO,2024-05-22,15:09:00,2024-07-29,3.4,3.4,3.4,3.4,0,0,1
MIDCPNIFTY29JUL2411800PE.NFO,2024-05-22,15:10:00,2024-07-29,3.4,3.4,3.4,3.4,0,0,1
MIDCPNIFTY29JUL2411800PE.NFO,2024-05-22,15:11:00,2024-07-29,3.4,3.4,3.4,3.4,0,0,1
MIDCPNIFTY29JUL2411800PE.NFO,2024-05-22,15:12:00,2024-07-29,3.4,3.4,3.4,3.4,0,0,1
MIDCPNIFTY29JUL2411800PE.NFO,2024-05-22,15:13:00,2024-07-29,3.4,3.4,3.4,3.4,0,0,1
MIDCPNIFTY29JUL2411800PE.NFO,2024-05-22,15:14:00,2024-07-29,3.4,3.4,3.4,3.4,0,0,1
MIDCPNIFTY29JUL2411800PE.NFO,2024-05-22,15:15:00,2024-07-29,3.4,3.4,3.4,3.4,0,0,1
MIDCPNIFTY29JUL2411800PE.NFO,2024-05-22,15:16:00,2024-07-29,3.4,3.4,3.4,3.4,0,0,1
MIDCPNIFTY29JUL2411800PE.NFO,2024-05-22,15:17:00,2024-07-29,3.4,3.4,3.4,3.4,0,0,1
MIDCPNIFTY29JUL2411800PE.NFO,2024-05-22,15:18:00,2024-07-29,3.4,3.4,3.4,3.4,0,0,1
MIDCPNIFTY29JUL2411800PE.NFO,2024-05-22,15:19:00,2024-07-29,3.4,3.4,3.4,3.4,0,0,1
MIDCPNIFTY29JUL2411800PE.NFO,2024-05-22,15:20:00,2024-07-29,3.4,3.4,3.4,3.4,0,0,1
MIDCPNIFTY29JUL2411800PE.NFO,2024-05-22,15:21:00,2024-07-29,3.4,3.4,3.4,3.4,0,0,1
MIDCPNIFTY29JUL2411800PE.NFO,2024-05-22,15:22:00,2024-07-29,3.4,3.4,3.4,3.4,0,0,1
MIDCPNIFTY29JUL2411800PE.NFO,2024-05-22,15:23:00,2024-07-29,3.4,3.4,3.4,3.4,0,0,1
MIDCPNIFTY29JUL2411800PE.NFO,2024-05-22,15:24:00,2024-07-29,3.4,3.4,3.4,3.4,0,0,1
MIDCPNIFTY29JUL2411800PE.NFO,2024-05-22,15:25:00,2024-07-29,3.4,3.4,3.4,3.4,0,0,1
MIDCPNIFTY29JUL2411800PE.NFO,2024-05-22,15:26:00,2024-07-29,3.4,3.4,3.4,3.4,0,0,1
MIDCPNIFTY29JUL2411800PE.NFO,2024-05-22,15:27:00,2024-07-29,3.4,3.4,3.4,3.4,0,0,1
MIDCPNIFTY29JUL2411800PE.NFO,2024-05-22,15:28:00,2024-07-29,3.4,3.4,3.4,3.4,0,0,1
MIDCPNIFTY29JUL2411800PE.NFO,2024-05-22,15:29:00,2024-07-29,3.4,3.4,3.4,3.4,0,0,1
MIDCPNIFTY29JUL2411800PE.NFO,2024-05-22,15:30:00,2024-07-29,3.4,3.4,3.4,3.4,0,0,1
MIDCPNIFTY29JUL2411800PE.NFO,2024-05-23,09:15:00,2024-07-29,3.4,3.4,3.4,3.4,0,0,0
MIDCPNIFTY29JUL2411800PE.NFO,2024-05-23,09:16:00,2024-07-29,3.4,3.4,3.4,3.4,0,0,1
MIDCPNIFTY29JUL2411800PE.NFO,2024-05-23,09:17:00,2024-07-29,3.4,3.4,3.4,3.4,0,0,1
MIDCPNIFTY29JUL2411800PE.NFO,2024-05-23,09:18:00,2024-07-29,3.4,3.4,3.4,3.4,0,0,1
MIDCPNIFTY29JUL2411800PE.NFO,2024-05-23,09:19:00,2024-07-29,3.4,3.4,3.4,3.4,0,0,1
MIDCPNIFTY29JUL2411800PE.NFO,2024-05-23,09:20:00,2024-07-29,3.4,3.4,3.4,3.4,0,0,1
MIDCPNIFTY29JUL2411800PE.NFO,2024-05-23,09:21:00,2024-07-29,3.4,3.4,3.4,3.4,0,0,1
MIDCPNIFTY29JUL2411800PE.NFO,2024-05-23,09:22:00,2024-07-29,3.4,3.4,3.4,3.4,0,0,1
MIDCPNIFTY29JUL2411800PE.NFO,2024-05-23,09:23:00,2024-07-29,3.4,3.4,3.4,3.4,0,0,1
MIDCPNIFTY29JUL2411800PE.NFO,2024-05-23,09:24:00,2024-07-29,3.4,3.4,3.4,3.4,0,0,1
MIDCPNIFTY29JUL2411800PE.NFO,2024-05-23,09:25:00,2024-07-29,3.4,3.4,3.4,3.4,0,0,1
MIDCPNIFTY29JUL2411800PE.NFO,2024-05-23,09:26:00,2024-07-29,3.4,3.4,3.4,3.4,0,0,1
MIDCPNIFTY29JUL2411800PE.NFO,2024-05-23,09:27:00,2024-07-29,3.4,3.4,3.4,3.4,0,0,1
MIDCPNIFTY29JUL2411800PE.NFO,2024-05-23,09:28:00,2024-07-29,3.4,3.4,3.4,3.4,0,0,1
MIDCPNIFTY29JUL2411800PE.NFO,2024-05-23,09:29:00,2024-07-29,3.4,3.4,3.4,3.4,0,0,1
MIDCPNIFTY29JUL2411800PE.NFO,2024-05-23,09:30:00,2024-07-29,3.4,3.4,3.4,3.4,0,0,1
MIDCPNIFTY29JUL2411800PE.NFO,2024-05-23,09:31:00,2024-07-29,3.4,3.4,3.4,3.4,0,0,1
MIDCPNIFTY29JUL2411800PE.NFO,2024-05-23,09:32:00,2024-07-29,3.4,3.4,3.4,3.4,0,0,1
MIDCPNIFTY29JUL2411800PE.NFO,2024-05-23,09:33:00,2024-07-29,3.4,3.4,3.4,3.4,0,0,1
MIDCPNIFTY29JUL2411800PE.NFO,2024-05-23,09:34:00,2024-07-29,3.4,3.4,3.4,3.4,0,0,1
MIDCPNIFTY29JUL2411800PE.NFO,2024-05-23,09:35:00,2024-07-29,3.4,3.4,3.4,3.4,0,0,1
MIDCPNIFTY29JUL2411800PE.NFO,2024-05-23,09:36:00,2024-07-29,3.4,3.4,3.4,3.4,0,0,1
MIDCPNIFTY29JUL2411800PE.NFO,2024-05-23,09:37:00,2024-07-29,3.4,3.4,3.4,3.4,0,0,1
MIDCPNIFTY29JUL2411800PE.NFO,2024-05-23,09:38:00,2024-07-29,3.4,3.4,3.4,3.4,0,0,1
MIDCPNIFTY29JUL2411800PE.NFO,2024-05-23,09:39:00,2024-07-29,3.4,3.4,3.4,3.4,0,0,1
MIDCPNIFTY29JUL2411800PE.NFO,2024-05-23,09:40:00,2024-07-29,3.4,3.4,3.4,3.4,0,0,1
MIDCPNIFTY29JUL2411800PE.NFO,2024-05-23,09:41:00,2024-07-29,3.4,3.4,3.4,3.4,0,0,1
MIDCPNIFTY29JUL2411800PE.NFO,2024-05-23,09:42:00,2024-07-29,3.4,3.4,3.4,3.4,0,0,1
MIDCPNIFTY29JUL2411800PE.NFO,2024-05-23,09:43:00,2024-07-29,3.4,3.4,3.4,3.4,0,0,1
MIDCPNIFTY29JUL2411800PE.NFO,2024-05-23,09:44:00,2024-07-29,3.4,3.4,3.4,3.4,0,0,1
MIDCPNIFTY29JUL2411800PE.NFO,2024-05-23,09:45:00,2024-07-29,3.4,3.4,3.4,3.4,0,0,1
MIDCPNIFTY29JUL2411800PE.NFO,2024-05-23,09:46:00,2024-07-29,3.4,3.4,3.4,3.4,0,0,1
MIDCPNIFTY29JUL2411800PE.NFO,2024-05-23,09:47:00,2024-07-29,3.4,3.4,3.4,3.4,0,0,1
MIDCPNIFTY29JUL2411800PE.NFO,2024-05-23,09:48:00,2024-07-29,3.4,3.4,3.4,3.4,0,0,1
MIDCPNIFTY29JUL2411800PE.NFO,2024-05-23,09:49:00,2024-07-29,3.4,3.4,3.4,3.4,0,0,1
MIDCPNIFTY29JUL2411800PE.NFO,2024-05-23,09:50:00,2024-07-29,3.4,3.4,3.4,3.4,0,0,1
MIDCPNIFTY29JUL2411800PE.NFO,2024-05-23,09:51:00,2024-07-29,3.4,3.4,3.4,3.4,0,0,1
MIDCPNIFTY29JUL2411800PE.NFO,2024-05-23,09:52:00,2024-07-29,3.4,3.4,3.4,3.4,0,0,1
MIDCPNIFTY29JUL2411800PE.NFO,2024-05-23,09:53:00,2024-07-29,3.4,3.4,3.4,3.4,0,0,1
MIDCPNIFTY29JUL2411800PE.NFO,2024-05-23,09:54:00,2024-07-29,3.4,3.4,3.4,3.4,0,0,1
MIDCPNIFTY29JUL2411800PE.NFO,2024-05-23,09:55:00,2024-07-29,3.4,3.4,3.4,3.4,0,0,1
MIDCPNIFTY29JUL2411800PE.NFO,2024-05-23,09:56:00,2024-07-29,3.4,3.4,3.4,3.4,0,0,1
MIDCPNIFTY29JUL2411800PE.NFO,2024-05-23,09:57:00,2024-07-29,3.4,3.4,3.4,3.4,0,0,1
MIDCPNIFTY29JUL2411800PE.NFO,2024-05-23,09:58:00,2024-07-29,3.4,3.4,3.4,3.4,0,0,1
MIDCPNIFTY29JUL2411800PE.NFO,2024-05-23,09:59:00,2024-07-29,3.4,3.4,3.4,3.4,0,0,1
MIDCPNIFTY29JUL2411800PE.NFO,2024-05-23,10:00:00,2024-07-29,3.4,3.4,3.4,3.4,0,0,1
MIDCPNIFTY29JUL2411800PE.NFO,2024-05-23,10:01:00,2024-07-29,3.4,3.4,3.4,3.4,0,0,1
MIDCPNIFTY29JUL2411800PE.NFO,2024-05-23,10:02:00,2024-07-29,3.4,3.4,3.4,3.4,0,0,1
MIDCPNIFTY29JUL2411800PE.NFO,2024-05-23,10:03:00,2024-07-29,3.4,3.4,3.4,3.4,0,0,1
MIDCPNIFTY29JUL2411800PE.NFO,2024-05-23,10:04:00,2024-07-29,3.4,3.4,3.4,3.4,0,0,1
MIDCPNIFTY29JUL2411800PE.NFO,2024-05-23,10:05:00,2024-07-29,3.4,3.4,3.4,3.4,0,0,1
MIDCPNIFTY29JUL2411800PE.NFO,2024-05-23,10:06:00,2024-07-29,3.4,3.4,3.4,3.4,0,0,1
MIDCPNIFTY29JUL2411800PE.NFO,2024-05-23,10:07:00,2024-07-29,3.4,3.4,3.4,3.4,0,0,1
MIDCPNIFTY29JUL2411800PE.NFO,2024-05-23,10:08:00,2024-07-29,3.4,3.4,3.4,3.4,0,0,1
MIDCPNIFTY29JUL2411800PE.NFO,2024-05-23,10:09:00,2024-07-29,3.4,3.4,3.4,3.4,0,0,1
MIDCPNIFTY29JUL2411800PE.NFO,2024-05-23,10:10:00,2024-07-29,3.4,3.4,3.4,3.4,0,0,1
MIDCPNIFTY29JUL2411800PE.NFO,2024-05-23,10:11:00,2024-07-29,3.4,3.4,3.4,3.4,0,0,1
MIDCPNIFTY29JUL2411800PE.NFO,2024-05-23,10:12:00,2024-07-29,3.4,3.4,3.4,3.4,0,0,1
MIDCPNIFTY29JUL2411800PE.NFO,2024-05-23,10:13:00,2024-07-29,3.4,3.4,3.4,3.4,0,0,1
MIDCPNIFTY29JUL2411800PE.NFO,2024-05-23,10:14:00,2024-07-29,3.4,3.4,3.4,3.4,0,0,1
MIDCPNIFTY29JUL2411800PE.NFO,2024-05-23,10:15:00,2024-07-29,3.4,3.4,3.4,3.4,0,0,1
MIDCPNIFTY29JUL2411800PE.NFO,2024-05-23,10:16:00,2024-07-29,3.4,3.4,3.4,3.4,0,0,1
MIDCPNIFTY29JUL2411800PE.NFO,2024-05-23,10:17:00,2024-07-29,3.4,3.4,3.4,3.4,0,0,1
MIDCPNIFTY29JUL2411800PE.NFO,2024-05-23,10:18:00,2024-07-29,3.4,3.4,3.4,3.4,0,0,1
MIDCPNIFTY29JUL2411800PE.NFO,2024-05-23,10:19:00,2024-07-29,3.4,3.4,3.4,3.4,0,0,1
MIDCPNIFTY29JUL2411800PE.NFO,2024-05-23,10:20:00,2024-07-29,3.4,3.4,3.4,3.4,0,0,1
MIDCPNIFTY29JUL2411800PE.NFO,2024-05-23,10:21:00,2024-07-29,3.4,3.4,3.4,3.4,0,0,1
MIDCPNIFTY29JUL2411800PE.NFO,2024-05-23,10:22:00,2024-07-29,3.4,3.4,3.4,3.4,0,0,1
MIDCPNIFTY29JUL2411800PE.NFO,2024-05-23,10:23:00,2024-07-29,3.4,3.4,3.4,3.4,0,0,1
MIDCPNIFTY29JUL2411800PE.NFO,2024-05-23,10:24:00,2024-07-29,3.4,3.4,3.4,3.4,0,0,1
MIDCPNIFTY29JUL2411800PE.NFO,2024-05-23,10:25:00,2024-07-29,3.4,3.4,3.4,3.4,0,0,1
MIDCPNIFTY29JUL2411800PE.NFO,2024-05-23,10:26:00,2024-07-29,3.4,3.4,3.4,3.4,0,0,1
MIDCPNIFTY29JUL2411800PE.NFO,2024-05-23,10:27:00,2024-07-29,3.4,3.4,3.4,3.4,0,0,1
MIDCPNIFTY29JUL2411800PE.NFO,2024-05-23,10:28:00,2024-07-29,3.4,3.4,3.4,3.4,0,0,1
MIDCPNIFTY29JUL2411800PE.NFO,2024-05-23,10:29:00,2024-07-29,3.4,3.4,3.4,3.4,0,0,1
MIDCPNIFTY29JUL2411800PE.NFO,2024-05-23,10:30:00,2024-07-29,3.4,3.4,3.4,3.4,0,0,1
MIDCPNIFTY29JUL2411800PE.NFO,2024-05-23,10:31:00,2024-07-29,3.4,3.4,3.4,3.4,0,0,1
MIDCPNIFTY29JUL2411800PE.NFO,2024-05-23,10:32:00,2024-07-29,3.4,3.4,3.4,3.4,0,0,1
MIDCPNIFTY29JUL2411800PE.NFO,2024-05-23,10:33:00,2024-07-29,3.4,3.4,3.4,3.4,0,0,1
MIDCPNIFTY29JUL2411800PE.NFO,2024-05-23,10:34:00,2024-07-29,3.4,3.4,3.4,3.4,0,0,1
MIDCPNIFTY29JUL2411800PE.NFO,2024-05-23,10:35:00,2024-07-29,3.4,3.4,3.4,3.4,0,0,1
MIDCPNIFTY29JUL2411800PE.NFO,2024-05-23,10:36:00,2024-07-29,3.4,3.4,3.4,3.4,0,0,1
MIDCPNIFTY29JUL2411800PE.NFO,2024-05-23,10:37:00,2024-07-29,3.4,3.4,3.4,3.4,0,0,1
MIDCPNIFTY29JUL2411800PE.NFO,2024-05-23,10:38:00,2024-07-29,3.4,3.4,3.4,3.4,0,0,1
MIDCPNIFTY29JUL2411800PE.NFO,2024-05-23,10:39:00,2024-07-29,3.4,3.4,3.4,3.4,0,0,1
MIDCPNIFTY29JUL2411800PE.NFO,2024-05-23,10:40:00,2024-07-29,3.4,3.4,3.4,3.4,0,0,1
MIDCPNIFTY29JUL2411800PE.NFO,2024-05-23,10:41:00,2024-07-29,3.4,3.4,3.4,3.4,0,0,1
MIDCPNIFTY29JUL2411800PE.NFO,2024-05-23,10:42:00,2024-07-29,3.4,3.4,3.4,3.4,0,0,1
MIDCPNIFTY29JUL2411800PE.NFO,2024-05-23,10:43:00,2024-07-29,3.4,3.4,3.4,3.4,0,0,1
MIDCPNIFTY29JUL2411800PE.NFO,2024-05-23,10:44:00,2024-07-29,3.4,3.4,3.4,3.4,0,0,1
MIDCPNIFTY29JUL2411800PE.NFO,2024-05-23,10:45:00,2024-07-29,3.4,3.4,3.4,3.4,0,0,1
MIDCPNIFTY29JUL2411800PE.NFO,2024-05-23,10:46:00,2024-07-29,3.4,3.4,3.4,3.4,0,0,1
MIDCPNIFTY29JUL2411800PE.NFO,2024-05-23,10:47:00,2024-07-29,3.4,3.4,3.4,3.4,0,0,1
MIDCPNIFTY29JUL2411800PE.NFO,2024-05-23,10:48:00,2024-07-29,3.4,3.4,3.4,3.4,0,0,1
MIDCPNIFTY29JUL2411800PE.NFO,2024-05-23,10:49:00,2024-07-29,3.4,3.4,3.4,3.4,0,0,1
MIDCPNIFTY29JUL2411800PE.NFO,2024-05-23,10:50:00,2024-07-29,3.4,3.4,3.4,3.4,0,0,1
MIDCPNIFTY29JUL2411800PE.NFO,2024-05-23,10:51:00,2024-07-29,3.4,3.4,3.4,3.4,0,0,1
MIDCPNIFTY29JUL2411800PE.NFO,2024-05-23,10:52:00,2024-07-29,3.4,3.4,3.4,3.4,0,0,1
MIDCPNIFTY29JUL2411800PE.NFO,2024-05-23,10:53:00,2024-07-29,3.4,3.4,3.4,3.4,0,0,1
MIDCPNIFTY29JUL2411800PE.NFO,2024-05-23,10:54:00,2024-07-29,3.4,3.4,3.4,3.4,0,0,1
MIDCPNIFTY29JUL2411800PE.NFO,2024-05-23,10:55:00,2024-07-29,3.4,3.4,3.4,3.4,0,0,1
MIDCPNIFTY29JUL2411800PE.NFO,2024-05-23,10:56:00,2024-07-29,3.4,3.4,3.4,3.4,0,0,1
MIDCPNIFTY29JUL2411800PE.NFO,2024-05-23,10:57:00,2024-07-29,3.4,3.4,3.4,3.4,0,0,1
MIDCPNIFTY29JUL2411800PE.NFO,2024-05-23,10:58:00,2024-07-29,3.4,3.4,3.4,3.4,0,0,1
MIDCPNIFTY29JUL2411800PE.NFO,2024-05-23,10:59:00,2024-07-29,3.4,3.4,3.4,3.4,0,0,1
MIDCPNIFTY29JUL2411800PE.NFO,2024-05-23,11:00:00,2024-07-29,3.4,3.4,3.4,3.4,0,0,1
MIDCPNIFTY29JUL2411800PE.NFO,2024-05-23,11:01:00,2024-07-29,3.4,3.4,3.4,3.4,0,0,1
MIDCPNIFTY29JUL2411800PE.NFO,2024-05-23,11:02:00,2024-07-29,3.4,3.4,3.4,3.4,0,0,1
MIDCPNIFTY29JUL2411800PE.NFO,2024-05-23,11:03:00,2024-07-29,3.4,3.4,3.4,3.4,0,0,1
MIDCPNIFTY29JUL2411800PE.NFO,2024-05-23,11:04:00,2024-07-29,3.4,3.4,3.4,3.4,0,0,1
MIDCPNIFTY29JUL2411800PE.NFO,2024-05-23,11:05:00,2024-07-29,3.4,3.4,3.4,3.4,0,0,1
MIDCPNIFTY29JUL2411800PE.NFO,2024-05-23,11:06:00,2024-07-29,3.4,3.4,3.4,3.4,0,0,1
MIDCPNIFTY29JUL2411800PE.NFO,2024-05-23,11:07:00,2024-07-29,3.4,3.4,3.4,3.4,0,0,1
MIDCPNIFTY29JUL2411800PE.NFO,2024-05-23,11:08:00,2024-07-29,3.4,3.4,3.4,3.4,0,0,1
MIDCPNIFTY29JUL2411800PE.NFO,2024-05-23,11:09:00,2024-07-29,3.4,3.4,3.4,3.4,0,0,1
MIDCPNIFTY29JUL2411800PE.NFO,2024-05-23,11:10:00,2024-07-29,3.4,3.4,3.4,3.4,0,0,1
MIDCPNIFTY29JUL2411800PE.NFO,2024-05-23,11:11:00,2024-07-29,3.4,3.4,3.4,3.4,0,0,1
MIDCPNIFTY29JUL2411800PE.NFO,2024-05-23,11:12:00,2024-07-29,3.4,3.4,3.4,3.4,0,0,1
MIDCPNIFTY29JUL2411800PE.NFO,2024-05-23,11:13:00,2024-07-29,3.4,3.4,3.4,3.4,0,0,1
MIDCPNIFTY29JUL2411800PE.NFO,2024-05-23,11:14:00,2024-07-29,3.4,3.4,3.4,3.4,0,0,1
MIDCPNIFTY29JUL2411800PE.NFO,2024-05-23,11:15:00,2024-07-29,3.4,3.4,3.4,3.4,0,0,1
MIDCPNIFTY29JUL2411800PE.NFO,2024-05-23,11:16:00,2024-07-29,3.4,3.4,3.4,3.4,0,0,1
MIDCPNIFTY29JUL2411800PE.NFO,2024-05-23,11:17:00,2024-07-29,3.4,3.4,3.4,3.4,0,0,1
MIDCPNIFTY29JUL2411800PE.NFO,2024-05-23,11:18:00,2024-07-29,3.4,3.4,3.4,3.4,0,0,1
MIDCPNIFTY29JUL2411800PE.NFO,2024-05-23,11:19:00,2024-07-29,3.4,3.4,3.4,3.4,0,0,1
MIDCPNIFTY29JUL2411800PE.NFO,2024-05-23,11:20:00,2024-07-29,3.4,3.4,3.4,3.4,0,0,1
MIDCPNIFTY29JUL2411800PE.NFO,2024-05-23,11:21:00,2024-07-29,3.4,3.4,3.4,3.4,0,0,1
MIDCPNIFTY29JUL2411800PE.NFO,2024-05-23,11:22:00,2024-07-29,3.4,3.4,3.4,3.4,0,0,1
MIDCPNIFTY29JUL2411800PE.NFO,2024-05-23,11:23:00,2024-07-29,3.4,3.4,3.4,3.4,0,0,1
MIDCPNIFTY29JUL2411800PE.NFO,2024-05-23,11:24:00,2024-07-29,3.4,3.4,3.4,3.4,0,0,1
MIDCPNIFTY29JUL2411800PE.NFO,2024-05-23,11:25:00,2024-07-29,3.4,3.4,3.4,3.4,0,0,1
MIDCPNIFTY29JUL2411800PE.NFO,2024-05-23,11:26:00,2024-07-29,3.4,3.4,3.4,3.4,0,0,1
MIDCPNIFTY29JUL2411800PE.NFO,2024-05-23,11:27:00,2024-07-29,3.4,3.4,3.4,3.4,0,0,1
MIDCPNIFTY29JUL2411800PE.NFO,2024-05-23,11:28:00,2024-07-29,3.4,3.4,3.4,3.4,0,0,1
MIDCPNIFTY29JUL2411800PE.NFO,2024-05-23,11:29:00,2024-07-29,3.4,3.4,3.4,3.4,0,0,1
MIDCPNIFTY29JUL2411800PE.NFO,2024-05-23,11:30:00,2024-07-29,3.4,3.4,3.4,3.4,0,0,1
MIDCPNIFTY29JUL2411800PE.NFO,2024-05-23,11:31:00,2024-07-29,3.4,3.4,3.4,3.4,0,0,1
MIDCPNIFTY29JUL2411800PE.NFO,2024-05-23,11:32:00,2024-07-29,3.4,3.4,3.4,3.4,0,0,1
MIDCPNIFTY29JUL2411800PE.NFO,2024-05-23,11:33:00,2024-07-29,3.4,3.4,3.4,3.4,0,0,1
MIDCPNIFTY29JUL2411800PE.NFO,2024-05-23,11:34:00,2024-07-29,3.4,3.4,3.4,3.4,0,0,1
MIDCPNIFTY29JUL2411800PE.NFO,2024-05-23,11:35:00,2024-07-29,3.4,3.4,3.4,3.4,0,0,1
MIDCPNIFTY29JUL2411800PE.NFO,2024-05-23,11:36:00,2024-07-29,3.4,3.4,3.4,3.4,0,0,1
MIDCPNIFTY29JUL2411800PE.NFO,2024-05-23,11:37:00,2024-07-29,3.4,3.4,3.4,3.4,0,0,1
MIDCPNIFTY29JUL2411800PE.NFO,2024-05-23,11:38:00,2024-07-29,3.4,3.4,3.4,3.4,0,0,1
MIDCPNIFTY29JUL2411800PE.NFO,2024-05-23,11:39:00,2024-07-29,3.4,3.4,3.4,3.4,0,0,1
MIDCPNIFTY29JUL2411800PE.NFO,2024-05-23,11:40:00,2024-07-29,3.4,3.4,3.4,3.4,0,0,1
MIDCPNIFTY29JUL2411800PE.NFO,2024-05-23,11:41:00,2024-07-29,3.4,3.4,3.4,3.4,0,0,1
MIDCPNIFTY29JUL2411800PE.NFO,2024-05-23,11:42:00,2024-07-29,3.4,3.4,3.4,3.4,0,0,1
MIDCPNIFTY29JUL2411800PE.NFO,2024-05-23,11:43:00,2024-07-29,3.4,3.4,3.4,3.4,0,0,1
MIDCPNIFTY29JUL2411800PE.NFO,2024-05-23,11:44:00,2024-07-29,3.4,3.4,3.4,3.4,0,0,1
MIDCPNIFTY29JUL2411800PE.NFO,2024-05-23,11:45:00,2024-07-29,3.4,3.4,3.4,3.4,0,0,1
MIDCPNIFTY29JUL2411800PE.NFO,2024-05-23,11:46:00,2024-07-29,3.4,3.4,3.4,3.4,0,0,1
MIDCPNIFTY29JUL2411800PE.NFO,2024-05-23,11:47:00,2024-07-29,3.4,3.4,3.4,3.4,0,0,1
MIDCPNIFTY29JUL2411800PE.NFO,2024-05-23,11:48:00,2024-07-29,3.4,3.4,3.4,3.4,0,0,1
MIDCPNIFTY29JUL2411800PE.NFO,2024-05-23,11:49:00,2024-07-29,3.4,3.4,3.4,3.4,0,0,1
MIDCPNIFTY29JUL2411800PE.NFO,2024-05-23,11:50:00,2024-07-29,3.4,3.4,3.4,3.4,0,0,1
MIDCPNIFTY29JUL2411800PE.NFO,2024-05-23,11:51:00,2024-07-29,3.4,3.4,3.4,3.4,0,0,1
MIDCPNIFTY29JUL2411800PE.NFO,2024-05-23,11:52:00,2024-07-29,3.4,3.4,3.4,3.4,0,0,1
MIDCPNIFTY29JUL2411800PE.NFO,2024-05-23,11:53:00,2024-07-29,3.4,3.4,3.4,3.4,0,0,1
MIDCPNIFTY29JUL2411800PE.NFO,2024-05-23,11:54:00,2024-07-29,3.4,3.4,3.4,3.4,0,0,1
MIDCPNIFTY29JUL2411800PE.NFO,2024-05-23,11:55:00,2024-07-29,3.4,3.4,3.4,3.4,0,0,1
MIDCPNIFTY29JUL2411800PE.NFO,2024-05-23,11:56:00,2024-07-29,3.4,3.4,3.4,3.4,0,0,1
MIDCPNIFTY29JUL2411800PE.NFO,2024-05-23,11:57:00,2024-07-29,3.4,3.4,3.4,3.4,0,0,1
MIDCPNIFTY29JUL2411800PE.NFO,2024-05-23,11:58:00,2024-07-29,3.4,3.4,3.4,3.4,0,0,1
MIDCPNIFTY29JUL2411800PE.NFO,2024-05-23,11:59:00,2024-07-29,3.4,3.4,3.4,3.4,0,0,1
MIDCPNIFTY29JUL2411800PE.NFO,2024-05-23,12:00:00,2024-07-29,3.4,3.4,3.4,3.4,0,0,1
MIDCPNIFTY29JUL2411800PE.NFO,2024-05-23,12:01:00,2024-07-29,3.4,3.4,3.4,3.4,0,0,1
MIDCPNIFTY29JUL2411800PE.NFO,2024-05-23,12:02:00,2024-07-29,3.4,3.4,3.4,3.4,0,0,1
MIDCPNIFTY29JUL2411800PE.NFO,2024-05-23,12:03:00,2024-07-29,3.4,3.4,3.4,3.4,0,0,1
MIDCPNIFTY29JUL2411800PE.NFO,2024-05-23,12:04:00,2024-07-29,3.4,3.4,3.4,3.4,0,0,1
MIDCPNIFTY29JUL2411800PE.NFO,2024-05-23,12:05:00,2024-07-29,3.4,3.4,3.4,3.4,0,0,1
MIDCPNIFTY29JUL2411800PE.NFO,2024-05-23,12:06:00,2024-07-29,3.4,3.4,3.4,3.4,0,0,1
MIDCPNIFTY29JUL2411800PE.NFO,2024-05-23,12:07:00,2024-07-29,3.4,3.4,3.4,3.4,0,0,1
MIDCPNIFTY29JUL2411800PE.NFO,2024-05-23,12:08:00,2024-07-29,3.4,3.4,3.4,3.4,0,0,1
MIDCPNIFTY29JUL2411800PE.NFO,2024-05-23,12:09:00,2024-07-29,3.4,3.4,3.4,3.4,0,0,1
MIDCPNIFTY29JUL2411800PE.NFO,2024-05-23,12:10:00,2024-07-29,3.4,3.4,3.4,3.4,0,0,1
MIDCPNIFTY29JUL2411800PE.NFO,2024-05-23,12:11:00,2024-07-29,3.4,3.4,3.4,3.4,0,0,1
MIDCPNIFTY29JUL2411800PE.NFO,2024-05-23,12:12:00,2024-07-29,3.4,3.4,3.4,3.4,0,0,1
MIDCPNIFTY29JUL2411800PE.NFO,2024-05-23,12:13:00,2024-07-29,3.4,3.4,3.4,3.4,0,0,1
MIDCPNIFTY29JUL2411800PE.NFO,2024-05-23,12:14:00,2024-07-29,3.4,3.4,3.4,3.4,0,0,1
MIDCPNIFTY29JUL2411800PE.NFO,2024-05-23,12:15:00,2024-07-29,3.4,3.4,3.4,3.4,0,0,1
MIDCPNIFTY29JUL2411800PE.NFO,2024-05-23,12:16:00,2024-07-29,3.4,3.4,3.4,3.4,0,0,1
MIDCPNIFTY29JUL2411800PE.NFO,2024-05-23,12:17:00,2024-07-29,3.4,3.4,3.4,3.4,0,0,1
MIDCPNIFTY29JUL2411800PE.NFO,2024-05-23,12:18:00,2024-07-29,3.4,3.4,3.4,3.4,0,0,1
MIDCPNIFTY29JUL2411800PE.NFO,2024-05-23,12:19:00,2024-07-29,3.4,3.4,3.4,3.4,0,0,1
MIDCPNIFTY29JUL2411800PE.NFO,2024-05-23,12:20:00,2024-07-29,3.4,3.4,3.4,3.4,0,0,1
MIDCPNIFTY29JUL2411800PE.NFO,2024-05-23,12:21:00,2024-07-29,3.4,3.4,3.4,3.4,0,0,1
MIDCPNIFTY29JUL2411800PE.NFO,2024-05-23,12:22:00,2024-07-29,3.4,3.4,3.4,3.4,0,0,1
MIDCPNIFTY29JUL2411800PE.NFO,2024-05-23,12:23:00,2024-07-29,3.4,3.4,3.4,3.4,0,0,1
MIDCPNIFTY29JUL2411800PE.NFO,2024-05-23,12:24:00,2024-07-29,3.4,3.4,3.4,3.4,0,0,1
MIDCPNIFTY29JUL2411800PE.NFO,2024-05-23,12:25:00,2024-07-29,3.4,3.4,3.4,3.4,0,0,1
MIDCPNIFTY29JUL2411800PE.NFO,2024-05-23,12:26:00,2024-07-29,3.4,3.4,3.4,3.4,0,0,1
MIDCPNIFTY29JUL2411800PE.NFO,2024-05-23,12:27:00,2024-07-29,3.4,3.4,3.4,3.4,0,0,1
MIDCPNIFTY29JUL2411800PE.NFO,2024-05-23,12:28:00,2024-07-29,3.4,3.4,3.4,3.4,0,0,1
MIDCPNIFTY29JUL2411800PE.NFO,2024-05-23,12:29:00,2024-07-29,3.4,3.4,3.4,3.4,0,0,1
MIDCPNIFTY29JUL2411800PE.NFO,2024-05-23,12:30:00,2024-07-29,3.4,3.4,3.4,3.4,0,0,1
MIDCPNIFTY29JUL2411800PE.NFO,2024-05-23,12:31:00,2024-07-29,3.4,3.4,3.4,3.4,0,0,1
MIDCPNIFTY29JUL2411800PE.NFO,2024-05-23,12:32:00,2024-07-29,3.4,3.4,3.4,3.4,0,0,1
MIDCPNIFTY29JUL2411800PE.NFO,2024-05-23,12:33:00,2024-07-29,3.4,3.4,3.4,3.4,0,0,1
MIDCPNIFTY29JUL2411800PE.NFO,2024-05-23,12:34:00,2024-07-29,3.4,3.4,3.4,3.4,0,0,1
MIDCPNIFTY29JUL2411800PE.NFO,2024-05-23,12:35:00,2024-07-29,3.4,3.4,3.4,3.4,0,0,1
MIDCPNIFTY29JUL2411800PE.NFO,2024-05-23,12:36:00,2024-07-29,3.4,3.4,3.4,3.4,0,0,1
MIDCPNIFTY29JUL2411800PE.NFO,2024-05-23,12:37:00,2024-07-29,3.4,3.4,3.4,3.4,0,0,1
MIDCPNIFTY29JUL2411800PE.NFO,2024-05-23,12:38:00,2024-07-29,3.4,3.4,3.4,3.4,0,0,1
MIDCPNIFTY29JUL2411800PE.NFO,2024-05-23,12:39:00,2024-07-29,3.4,3.4,3.4,3.4,0,0,1
MIDCPNIFTY29JUL2411800PE.NFO,2024-05-23,12:40:00,2024-07-29,3.4,3.4,3.4,3.4,0,0,1
MIDCPNIFTY29JUL2411800PE.NFO,2024-05-23,12:41:00,2024-07-29,3.4,3.4,3.4,3.4,0,0,1
MIDCPNIFTY29JUL2411800PE.NFO,2024-05-23,12:42:00,2024-07-29,3.4,3.4,3.4,3.4,0,0,1
MIDCPNIFTY29JUL2411800PE.NFO,2024-05-23,12:43:00,2024-07-29,3.4,3.4,3.4,3.4,0,0,1
MIDCPNIFTY29JUL2411800PE.NFO,2024-05-23,12:44:00,2024-07-29,3.4,3.4,3.4,3.4,0,0,1
MIDCPNIFTY29JUL2411800PE.NFO,2024-05-23,12:45:00,2024-07-29,3.4,3.4,3.4,3.4,0,0,1
MIDCPNIFTY29JUL2411800PE.NFO,2024-05-23,12:46:00,2024-07-29,3.4,3.4,3.4,3.4,0,0,1
MIDCPNIFTY29JUL2411800PE.NFO,2024-05-23,12:47:00,2024-07-29,3.4,3.4,3.4,3.4,0,0,1
MIDCPNIFTY29JUL2411800PE.NFO,2024-05-23,12:48:00,2024-07-29,3.4,3.4,3.4,3.4,0,0,1
MIDCPNIFTY29JUL2411800PE.NFO,2024-05-23,12:49:00,2024-07-29,3.4,3.4,3.4,3.4,0,0,1
MIDCPNIFTY29JUL2411800PE.NFO,2024-05-23,12:50:00,2024-07-29,3.4,3.4,3.4,3.4,0,0,1
MIDCPNIFTY29JUL2411800PE.NFO,2024-05-23,12:51:00,2024-07-29,3.4,3.4,3.4,3.4,0,0,1
MIDCPNIFTY29JUL2411800PE.NFO,2024-05-23,12:52:00,2024-07-29,3.4,3.4,3.4,3.4,0,0,1
MIDCPNIFTY29JUL2411800PE.NFO,2024-05-23,12:53:00,2024-07-29,3.4,3.4,3.4,3.4,0,0,1
MIDCPNIFTY29JUL2411800PE.NFO,2024-05-23,12:54:00,2024-07-29,3.4,3.4,3.4,3.4,0,0,1
MIDCPNIFTY29JUL2411800PE.NFO,2024-05-23,12:55:00,2024-07-29,3.4,3.4,3.4,3.4,0,0,1
MIDCPNIFTY29JUL2411800PE.NFO,2024-05-23,12:56:00,2024-07-29,3.4,3.4,3.4,3.4,0,0,1
MIDCPNIFTY29JUL2411800PE.NFO,2024-05-23,12:57:00,2024-07-29,3.4,3.4,3.4,3.4,0,0,1
MIDCPNIFTY29JUL2411800PE.NFO,2024-05-23,12:58:00,2024-07-29,3.4,3.4,3.4,3.4,0,0,1
MIDCPNIFTY29JUL2411800PE.NFO,2024-05-23,12:59:00,2024-07-29,3.4,3.4,3.4,3.4,0,0,1
MIDCPNIFTY29JUL2411800PE.NFO,2024-05-23,13:00:00,2024-07-29,3.4,3.4,3.4,3.4,0,0,1
MIDCPNIFTY29JUL2411800PE.NFO,2024-05-23,13:01:00,2024-07-29,3.4,3.4,3.4,3.4,0,0,1
MIDCPNIFTY29JUL2411800PE.NFO,2024-05-23,13:02:00,2024-07-29,3.4,3.4,3.4,3.4,0,0,1
MIDCPNIFTY29JUL2411800PE.NFO,2024-05-23,13:03:00,2024-07-29,3.4,3.4,3.4,3.4,0,0,1
MIDCPNIFTY29JUL2411800PE.NFO,2024-05-23,13:04:00,2024-07-29,3.4,3.4,3.4,3.4,0,0,1
MIDCPNIFTY29JUL2411800PE.NFO,2024-05-23,13:05:00,2024-07-29,3.4,3.4,3.4,3.4,0,0,1
MIDCPNIFTY29JUL2411800PE.NFO,2024-05-23,13:06:00,2024-07-29,3.4,3.4,3.4,3.4,0,0,1
MIDCPNIFTY29JUL2411800PE.NFO,2024-05-23,13:07:00,2024-07-29,3.4,3.4,3.4,3.4,0,0,1
MIDCPNIFTY29JUL2411800PE.NFO,2024-05-23,13:08:00,2024-07-29,3.4,3.4,3.4,3.4,0,0,1
MIDCPNIFTY29JUL2411800PE.NFO,2024-05-23,13:09:00,2024-07-29,3.4,3.4,3.4,3.4,0,0,1
MIDCPNIFTY29JUL2411800PE.NFO,2024-05-23,13:10:00,2024-07-29,3.4,3.4,3.4,3.4,0,0,1
MIDCPNIFTY29JUL2411800PE.NFO,2024-05-23,13:11:00,2024-07-29,3.4,3.4,3.4,3.4,0,0,1
MIDCPNIFTY29JUL2411800PE.NFO,2024-05-23,13:12:00,2024-07-29,3.4,3.4,3.4,3.4,0,0,1
MIDCPNIFTY29JUL2411800PE.NFO,2024-05-23,13:13:00,2024-07-29,3.4,3.4,3.4,3.4,0,0,1
MIDCPNIFTY29JUL2411800PE.NFO,2024-05-23,13:14:00,2024-07-29,3.4,3.4,3.4,3.4,0,0,1
MIDCPNIFTY29JUL2411800PE.NFO,2024-05-23,13:15:00,2024-07-29,3.4,3.4,3.4,3.4,0,0,1
MIDCPNIFTY29JUL2411800PE.NFO,2024-05-23,13:16:00,2024-07-29,3.4,3.4,3.4,3.4,0,0,1
MIDCPNIFTY29JUL2411800PE.NFO,2024-05-23,13:17:00,2024-07-29,3.4,3.4,3.4,3.4,0,0,1
MIDCPNIFTY29JUL2411800PE.NFO,2024-05-23,13:18:00,2024-07-29,3.4,3.4,3.4,3.4,0,0,1
MIDCPNIFTY29JUL2411800PE.NFO,2024-05-23,13:19:00,2024-07-29,3.4,3.4,3.4,3.4,0,0,1
MIDCPNIFTY29JUL2411800PE.NFO,2024-05-23,13:20:00,2024-07-29,3.4,3.4,3.4,3.4,0,0,1
MIDCPNIFTY29JUL2411800PE.NFO,2024-05-23,13:21:00,2024-07-29,3.4,3.4,3.4,3.4,0,0,1
MIDCPNIFTY29JUL2411800PE.NFO,2024-05-23,13:22:00,2024-07-29,3.4,3.4,3.4,3.4,0,0,1
MIDCPNIFTY29JUL2411800PE.NFO,2024-05-23,13:23:00,2024-07-29,3.4,3.4,3.4,3.4,0,0,1
MIDCPNIFTY29JUL2411800PE.NFO,2024-05-23,13:24:00,2024-07-29,3.4,3.4,3.4,3.4,0,0,1
MIDCPNIFTY29JUL2411800PE.NFO,2024-05-23,13:25:00,2024-07-29,3.4,3.4,3.4,3.4,0,0,1
MIDCPNIFTY29JUL2411800PE.NFO,2024-05-23,13:26:00,2024-07-29,3.4,3.4,3.4,3.4,0,0,1
MIDCPNIFTY29JUL2411800PE.NFO,2024-05-23,13:27:00,2024-07-29,3.4,3.4,3.4,3.4,0,0,1
MIDCPNIFTY29JUL2411800PE.NFO,2024-05-23,13:28:00,2024-07-29,3.4,3.4,3.4,3.4,0,0,1
MIDCPNIFTY29JUL2411800PE.NFO,2024-05-23,13:29:00,2024-07-29,3.4,3.4,3.4,3.4,0,0,1
MIDCPNIFTY29JUL2411800PE.NFO,2024-05-23,13:30:00,2024-07-29,3.4,3.4,3.4,3.4,0,0,1
MIDCPNIFTY29JUL2411800PE.NFO,2024-05-23,13:31:00,2024-07-29,3.4,3.4,3.4,3.4,0,0,1
MIDCPNIFTY29JUL2411800PE.NFO,2024-05-23,13:32:00,2024-07-29,3.4,3.4,3.4,3.4,0,0,1
MIDCPNIFTY29JUL2411800PE.NFO,2024-05-23,13:33:00,2024-07-29,3.4,3.4,3.4,3.4,0,0,1
MIDCPNIFTY29JUL2411800PE.NFO,2024-05-23,13:34:00,2024-07-29,3.4,3.4,3.4,3.4,0,0,1
MIDCPNIFTY29JUL2411800PE.NFO,2024-05-23,13:35:00,2024-07-29,3.4,3.4,3.4,3.4,0,0,1
MIDCPNIFTY29JUL2411800PE.NFO,2024-05-23,13:36:00,2024-07-29,3.4,3.4,3.4,3.4,0,0,1
MIDCPNIFTY29JUL2411800PE.NFO,2024-05-23,13:37:00,2024-07-29,3.4,3.4,3.4,3.4,0,0,1
MIDCPNIFTY29JUL2411800PE.NFO,2024-05-23,13:38:00,2024-07-29,3.4,3.4,3.4,3.4,0,0,1
MIDCPNIFTY29JUL2411800PE.NFO,2024-05-23,13:39:00,2024-07-29,3.4,3.4,3.4,3.4,0,0,1
MIDCPNIFTY29JUL2411800PE.NFO,2024-05-23,13:40:00,2024-07-29,3.4,3.4,3.4,3.4,0,0,1
MIDCPNIFTY29JUL2411800PE.NFO,2024-05-23,13:41:00,2024-07-29,3.4,3.4,3.4,3.4,0,0,1
MIDCPNIFTY29JUL2411800PE.NFO,2024-05-23,13:42:00,2024-07-29,3.4,3.4,3.4,3.4,0,0,1
MIDCPNIFTY29JUL2411800PE.NFO,2024-05-23,13:43:00,2024-07-29,3.4,3.4,3.4,3.4,0,0,1
MIDCPNIFTY29JUL2411800PE.NFO,2024-05-23,13:44:00,2024-07-29,3.4,3.4,3.4,3.4,0,0,1
MIDCPNIFTY29JUL2411800PE.NFO,2024-05-23,13:45:00,2024-07-29,3.4,3.4,3.4,3.4,0,0,1
MIDCPNIFTY29JUL2411800PE.NFO,2024-05-23,13:46:00,2024-07-29,3.4,3.4,3.4,3.4,0,0,1
MIDCPNIFTY29JUL2411800PE.NFO,2024-05-23,13:47:00,2024-07-29,3.4,3.4,3.4,3.4,0,0,1
MIDCPNIFTY29JUL2411800PE.NFO,2024-05-23,13:48:00,2024-07-29,3.4,3.4,3.4,3.4,0,0,1
MIDCPNIFTY29JUL2411800PE.NFO,2024-05-23,13:49:00,2024-07-29,3.4,3.4,3.4,3.4,0,0,1
MIDCPNIFTY29JUL2411800PE.NFO,2024-05-23,13:50:00,2024-07-29,3.4,3.4,3.4,3.4,0,0,1
MIDCPNIFTY29JUL2411800PE.NFO,2024-05-23,13:51:00,2024-07-29,3.4,3.4,3.4,3.4,0,0,1
MIDCPNIFTY29JUL2411800PE.NFO,2024-05-23,13:52:00,2024-07-29,3.4,3.4,3.4,3.4,0,0,1
MIDCPNIFTY29JUL2411800PE.NFO,2024-05-23,13:53:00,2024-07-29,3.4,3.4,3.4,3.4,0,0,1
MIDCPNIFTY29JUL2411800PE.NFO,2024-05-23,13:54:00,2024-07-29,3.4,3.4,3.4,3.4,0,0,1
MIDCPNIFTY29JUL2411800PE.NFO,2024-05-23,13:55:00,2024-07-29,3.4,3.4,3.4,3.4,0,0,1
MIDCPNIFTY29JUL2411800PE.NFO,2024-05-23,13:56:00,2024-07-29,3.4,3.4,3.4,3.4,0,0,1
MIDCPNIFTY29JUL2411800PE.NFO,2024-05-23,13:57:00,2024-07-29,3.4,3.4,3.4,3.4,0,0,1
MIDCPNIFTY29JUL2411800PE.NFO,2024-05-23,13:58:00,2024-07-29,3.4,3.4,3.4,3.4,0,0,1
MIDCPNIFTY29JUL2411800PE.NFO,2024-05-23,13:59:00,2024-07-29,3.4,3.4,3.4,3.4,0,0,1
MIDCPNIFTY29JUL2411800PE.NFO,2024-05-23,14:00:00,2024-07-29,3.4,3.4,3.4,3.4,0,0,1
MIDCPNIFTY29JUL2411800PE.NFO,2024-05-23,14:01:00,2024-07-29,3.4,3.4,3.4,3.4,0,0,1
MIDCPNIFTY29JUL2411800PE.NFO,2024-05-23,14:02:00,2024-07-29,3.4,3.4,3.4,3.4,0,0,1
MIDCPNIFTY29JUL2411800PE.NFO,2024-05-23,14:03:00,2024-07-29,3.4,3.4,3.4,3.4,0,0,1
MIDCPNIFTY29JUL2411800PE.NFO,2024-05-23,14:04:00,2024-07-29,3.4,3.4,3.4,3.4,0,0,1
MIDCPNIFTY29JUL2411800PE.NFO,2024-05-23,14:05:00,2024-07-29,3.4,3.4,3.4,3.4,0,0,1
MIDCPNIFTY29JUL2411800PE.NFO,2024-05-23,14:06:00,2024-07-29,3.4,3.4,3.4,3.4,0,0,1
MIDCPNIFTY29JUL2411800PE.NFO,2024-05-23,14:07:00,2024-07-29,3.4,3.4,3.4,3.4,0,0,1
MIDCPNIFTY29JUL2411800PE.NFO,2024-05-23,14:08:00,2024-07-29,3.4,3.4,3.4,3.4,0,0,1
MIDCPNIFTY29JUL2411800PE.NFO,2024-05-23,14:09:00,2024-07-29,3.4,3.4,3.4,3.4,0,0,1
MIDCPNIFTY29JUL2411800PE.NFO,2024-05-23,14:10:00,2024-07-29,3.4,3.4,3.4,3.4,0,0,1
MIDCPNIFTY29JUL2411800PE.NFO,2024-05-23,14:11:00,2024-07-29,3.4,3.4,3.4,3.4,0,0,1
MIDCPNIFTY29JUL2411800PE.NFO,2024-05-23,14:12:00,2024-07-29,3.4,3.4,3.4,3.4,0,0,1
MIDCPNIFTY29JUL2411800PE.NFO,2024-05-23,14:13:00,2024-07-29,3.4,3.4,3.4,3.4,0,0,1
MIDCPNIFTY29JUL2411800PE.NFO,2024-05-23,14:14:00,2024-07-29,3.4,3.4,3.4,3.4,0,0,1
MIDCPNIFTY29JUL2411800PE.NFO,2024-05-23,14:15:00,2024-07-29,3.4,3.4,3.4,3.4,0,0,1
MIDCPNIFTY29JUL2411800PE.NFO,2024-05-23,14:16:00,2024-07-29,3.4,3.4,3.4,3.4,0,0,1
MIDCPNIFTY29JUL2411800PE.NFO,2024-05-23,14:17:00,2024-07-29,3.4,3.4,3.4,3.4,0,0,1
MIDCPNIFTY29JUL2411800PE.NFO,2024-05-23,14:18:00,2024-07-29,3.4,3.4,3.4,3.4,0,0,1
MIDCPNIFTY29JUL2411800PE.NFO,2024-05-23,14:19:00,2024-07-29,3.4,3.4,3.4,3.4,0,0,1
MIDCPNIFTY29JUL2411800PE.NFO,2024-05-23,14:20:00,2024-07-29,3.4,3.4,3.4,3.4,0,0,1
MIDCPNIFTY29JUL2411800PE.NFO,2024-05-23,14:21:00,2024-07-29,3.4,3.4,3.4,3.4,0,0,1
MIDCPNIFTY29JUL2411800PE.NFO,2024-05-23,14:22:00,2024-07-29,3.4,3.4,3.4,3.4,0,0,1
MIDCPNIFTY29JUL2411800PE.NFO,2024-05-23,14:23:00,2024-07-29,3.4,3.4,3.4,3.4,0,0,1
MIDCPNIFTY29JUL2411800PE.NFO,2024-05-23,14:24:00,2024-07-29,3.4,3.4,3.4,3.4,0,0,1
MIDCPNIFTY29JUL2411800PE.NFO,2024-05-23,14:25:00,2024-07-29,3.4,3.4,3.4,3.4,0,0,1
MIDCPNIFTY29JUL2411800PE.NFO,2024-05-23,14:26:00,2024-07-29,3.4,3.4,3.4,3.4,0,0,1
MIDCPNIFTY29JUL2411800PE.NFO,2024-05-23,14:27:00,2024-07-29,3.4,3.4,3.4,3.4,0,0,1
MIDCPNIFTY29JUL2411800PE.NFO,2024-05-23,14:28:00,2024-07-29,3.4,3.4,3.4,3.4,0,0,1
MIDCPNIFTY29JUL2411800PE.NFO,2024-05-23,14:29:00,2024-07-29,3.4,3.4,3.4,3.4,0,0,1
MIDCPNIFTY29JUL2411800PE.NFO,2024-05-23,14:30:00,2024-07-29,3.4,3.4,3.4,3.4,0,0,1
MIDCPNIFTY29JUL2411800PE.NFO,2024-05-23,14:31:00,2024-07-29,3.4,3.4,3.4,3.4,0,0,1
MIDCPNIFTY29JUL2411800PE.NFO,2024-05-23,14:32:00,2024-07-29,3.4,3.4,3.4,3.4,0,0,1
MIDCPNIFTY29JUL2411800PE.NFO,2024-05-23,14:33:00,2024-07-29,3.4,3.4,3.4,3.4,0,0,1
MIDCPNIFTY29JUL2411800PE.NFO,2024-05-23,14:34:00,2024-07-29,3.4,3.4,3.4,3.4,0,0,1
MIDCPNIFTY29JUL2411800PE.NFO,2024-05-23,14:35:00,2024-07-29,3.4,3.4,3.4,3.4,0,0,1
MIDCPNIFTY29JUL2411800PE.NFO,2024-05-23,14:36:00,2024-07-29,3.4,3.4,3.4,3.4,0,0,1
MIDCPNIFTY29JUL2411800PE.NFO,2024-05-23,14:37:00,2024-07-29,3.4,3.4,3.4,3.4,0,0,1
MIDCPNIFTY29JUL2411800PE.NFO,2024-05-23,14:38:00,2024-07-29,3.4,3.4,3.4,3.4,0,0,1
MIDCPNIFTY29JUL2411800PE.NFO,2024-05-23,14:39:00,2024-07-29,3.4,3.4,3.4,3.4,0,0,1
MIDCPNIFTY29JUL2411800PE.NFO,2024-05-23,14:40:00,2024-07-29,3.4,3.4,3.4,3.4,0,0,1
MIDCPNIFTY29JUL2411800PE.NFO,2024-05-23,14:41:00,2024-07-29,3.4,3.4,3.4,3.4,0,0,1
MIDCPNIFTY29JUL2411800PE.NFO,2024-05-23,14:42:00,2024-07-29,3.4,3.4,3.4,3.4,0,0,1
MIDCPNIFTY29JUL2411800PE.NFO,2024-05-23,14:43:00,2024-07-29,3.4,3.4,3.4,3.4,0,0,1
MIDCPNIFTY29JUL2411800PE.NFO,2024-05-23,14:44:00,2024-07-29,3.4,3.4,3.4,3.4,0,0,1
MIDCPNIFTY29JUL2411800PE.NFO,2024-05-23,14:45:00,2024-07-29,3.4,3.4,3.4,3.4,0,0,1
MIDCPNIFTY29JUL2411800PE.NFO,2024-05-23,14:46:00,2024-07-29,3.4,3.4,3.4,3.4,0,0,1
MIDCPNIFTY29JUL2411800PE.NFO,2024-05-23,14:47:00,2024-07-29,3.4,3.4,3.4,3.4,0,0,1
MIDCPNIFTY29JUL2411800PE.NFO,2024-05-23,14:48:00,2024-07-29,3.4,3.4,3.4,3.4,0,0,1
MIDCPNIFTY29JUL2411800PE.NFO,2024-05-23,14:49:00,2024-07-29,3.4,3.4,3.4,3.4,0,0,1
MIDCPNIFTY29JUL2411800PE.NFO,2024-05-23,14:50:00,2024-07-29,3.4,3.4,3.4,3.4,0,0,1
MIDCPNIFTY29JUL2411800PE.NFO,2024-05-23,14:51:00,2024-07-29,3.4,3.4,3.4,3.4,0,0,1
MIDCPNIFTY29JUL2411800PE.NFO,2024-05-23,14:52:00,2024-07-29,3.4,3.4,3.4,3.4,0,0,1
MIDCPNIFTY29JUL2411800PE.NFO,2024-05-23,14:53:00,2024-07-29,3.4,3.4,3.4,3.4,0,0,1
MIDCPNIFTY29JUL2411800PE.NFO,2024-05-23,14:54:00,2024-07-29,3.4,3.4,3.4,3.4,0,0,1
MIDCPNIFTY29JUL2411800PE.NFO,2024-05-23,14:55:00,2024-07-29,3.4,3.4,3.4,3.4,0,0,1
MIDCPNIFTY29JUL2411800PE.NFO,2024-05-23,14:56:00,2024-07-29,3.4,3.4,3.4,3.4,0,0,1
MIDCPNIFTY29JUL2411800PE.NFO,2024-05-23,14:57:00,2024-07-29,3.4,3.4,3.4,3.4,0,0,1
MIDCPNIFTY29JUL2411800PE.NFO,2024-05-23,14:58:00,2024-07-29,3.4,3.4,3.4,3.4,0,0,1
MIDCPNIFTY29JUL2411800PE.NFO,2024-05-23,14:59:00,2024-07-29,3.4,3.4,3.4,3.4,0,0,1
MIDCPNIFTY29JUL2411800PE.NFO,2024-05-23,15:00:00,2024-07-29,3.4,3.4,3.4,3.4,0,0,1
MIDCPNIFTY29JUL2411800PE.NFO,2024-05-23,15:01:00,2024-07-29,3.4,3.4,3.4,3.4,0,0,1
MIDCPNIFTY29JUL2411800PE.NFO,2024-05-23,15:02:00,2024-07-29,3.4,3.4,3.4,3.4,0,0,1
MIDCPNIFTY29JUL2411800PE.NFO,2024-05-23,15:03:00,2024-07-29,3.4,3.4,3.4,3.4,0,0,1
MIDCPNIFTY29JUL2411800PE.NFO,2024-05-23,15:04:00,2024-07-29,3.4,3.4,3.4,3.4,0,0,1
MIDCPNIFTY29JUL2411800PE.NFO,2024-05-23,15:05:00,2024-07-29,3.4,3.4,3.4,3.4,0,0,1
MIDCPNIFTY29JUL2411800PE.NFO,2024-05-23,15:06:00,2024-07-29,3.4,3.4,3.4,3.4,0,0,1
MIDCPNIFTY29JUL2411800PE.NFO,2024-05-23,15:07:00,2024-07-29,3.4,3.4,3.4,3.4,0,0,1
MIDCPNIFTY29JUL2411800PE.NFO,2024-05-23,15:08:00,2024-07-29,3.4,3.4,3.4,3.4,0,0,1
MIDCPNIFTY29JUL2411800PE.NFO,2024-05-23,15:09:00,2024-07-29,3.4,3.4,3.4,3.4,0,0,1
MIDCPNIFTY29JUL2411800PE.NFO,2024-05-23,15:10:00,2024-07-29,3.4,3.4,3.4,3.4,0,0,1
MIDCPNIFTY29JUL2411800PE.NFO,2024-05-23,15:11:00,2024-07-29,3.4,3.4,3.4,3.4,0,0,1
MIDCPNIFTY29JUL2411800PE.NFO,2024-05-23,15:12:00,2024-07-29,3.4,3.4,3.4,3.4,0,0,1
MIDCPNIFTY29JUL2411800PE.NFO,2024-05-23,15:13:00,2024-07-29,3.4,3.4,3.4,3.4,0,0,1
MIDCPNIFTY29JUL2411800PE.NFO,2024-05-23,15:14:00,2024-07-29,3.4,3.4,3.4,3.4,0,0,1
MIDCPNIFTY29JUL2411800PE.NFO,2024-05-23,15:15:00,2024-07-29,3.4,3.4,3.4,3.4,0,0,1
MIDCPNIFTY29JUL2411800PE.NFO,2024-05-23,15:16:00,2024-07-29,3.4,3.4,3.4,3.4,0,0,1
MIDCPNIFTY29JUL2411800PE.NFO,2024-05-23,15:17:00,2024-07-29,3.4,3.4,3.4,3.4,0,0,1
MIDCPNIFTY29JUL2411800PE.NFO,2024-05-23,15:18:00,2024-07-29,3.4,3.4,3.4,3.4,0,0,1
MIDCPNIFTY29JUL2411800PE.NFO,2024-05-23,15:19:00,2024-07-29,3.4,3.4,3.4,3.4,0,0,1
MIDCPNIFTY29JUL2411800PE.NFO,2024-05-23,15:20:00,2024-07-29,3.4,3.4,3.4,3.4,0,0,1
MIDCPNIFTY29JUL2411800PE.NFO,2024-05-23,15:21:00,2024-07-29,3.4,3.4,3.4,3.4,0,0,1
MIDCPNIFTY29JUL2411800PE.NFO,2024-05-23,15:22:00,2024-07-29,3.4,3.4,3.4,3.4,0,0,1
MIDCPNIFTY29JUL2411800PE.NFO,2024-05-23,15:23:00,2024-07-29,3.4,3.4,3.4,3.4,0,0,1
MIDCPNIFTY29JUL2411800PE.NFO,2024-05-23,15:24:00,2024-07-29,3.4,3.4,3.4,3.4,0,0,1
MIDCPNIFTY29JUL2411800PE.NFO,2024-05-23,15:25:00,2024-07-29,3.4,3.4,3.4,3.4,0,0,1
MIDCPNIFTY29JUL2411800PE.NFO,2024-05-23,15:26:00,2024-07-29,3.4,3.4,3.4,3.4,0,0,1
MIDCPNIFTY29JUL2411800PE.NFO,2024-05-23,15:27:00,2024-07-29,3.4,3.4,3.4,3.4,0,0,1
MIDCPNIFTY29JUL2411800PE.NFO,2024-05-23,15:28:00,2024-07-29,3.4,3.4,3.4,3.4,0,0,1
MIDCPNIFTY29JUL2411800PE.NFO,2024-05-23,15:29:00,2024-07-29,3.4,3.4,3.4,3.4,0,0,1
MIDCPNIFTY29JUL2411800PE.NFO,2024-05-23,15:30:00,2024-07-29,3.4,3.4,3.4,3.4,0,0,1
MIDCPNIFTY29JUL2411800PE.NFO,2024-05-24,09:15:00,2024-07-29,3.4,3.4,3.4,3.4,0,0,0
MIDCPNIFTY29JUL2411800PE.NFO,2024-05-24,09:16:00,2024-07-29,3.4,3.4,3.4,3.4,0,0,1
MIDCPNIFTY29JUL2411800PE.NFO,2024-05-24,09:17:00,2024-07-29,3.4,3.4,3.4,3.4,0,0,1
MIDCPNIFTY29JUL2411800PE.NFO,2024-05-24,09:18:00,2024-07-29,3.4,3.4,3.4,3.4,0,0,1
MIDCPNIFTY29JUL2411800PE.NFO,2024-05-24,09:19:00,2024-07-29,3.4,3.4,3.4,3.4,0,0,1
MIDCPNIFTY29JUL2411800PE.NFO,2024-05-24,09:20:00,2024-07-29,3.4,3.4,3.4,3.4,0,0,1
MIDCPNIFTY29JUL2411800PE.NFO,2024-05-24,09:21:00,2024-07-29,3.4,3.4,3.4,3.4,0,0,1
MIDCPNIFTY29JUL2411800PE.NFO,2024-05-24,09:22:00,2024-07-29,3.4,3.4,3.4,3.4,0,0,1
MIDCPNIFTY29JUL2411800PE.NFO,2024-05-24,09:23:00,2024-07-29,3.4,3.4,3.4,3.4,0,0,1
MIDCPNIFTY29JUL2411800PE.NFO,2024-05-24,09:24:00,2024-07-29,3.4,3.4,3.4,3.4,0,0,1
MIDCPNIFTY29JUL2411800PE.NFO,2024-05-24,09:25:00,2024-07-29,3.4,3.4,3.4,3.4,0,0,1
MIDCPNIFTY29JUL2411800PE.NFO,2024-05-24,09:26:00,2024-07-29,3.4,3.4,3.4,3.4,0,0,1
MIDCPNIFTY29JUL2411800PE.NFO,2024-05-24,09:27:00,2024-07-29,3.4,3.4,3.4,3.4,0,0,1
MIDCPNIFTY29JUL2411800PE.NFO,2024-05-24,09:28:00,2024-07-29,3.4,3.4,3.4,3.4,0,0,1
MIDCPNIFTY29JUL2411800PE.NFO,2024-05-24,09:29:00,2024-07-29,3.4,3.4,3.4,3.4,0,0,1
MIDCPNIFTY29JUL2411800PE.NFO,2024-05-24,09:30:00,2024-07-29,3.4,3.4,3.4,3.4,0,0,1
MIDCPNIFTY29JUL2411800PE.NFO,2024-05-24,09:31:00,2024-07-29,3.4,3.4,3.4,3.4,0,0,1
MIDCPNIFTY29JUL2411800PE.NFO,2024-05-24,09:32:00,2024-07-29,3.4,3.4,3.4,3.4,0,0,1
MIDCPNIFTY29JUL2411800PE.NFO,2024-05-24,09:33:00,2024-07-29,3.4,3.4,3.4,3.4,0,0,1
MIDCPNIFTY29JUL2411800PE.NFO,2024-05-24,09:34:00,2024-07-29,3.4,3.4,3.4,3.4,0,0,1
MIDCPNIFTY29JUL2411800PE.NFO,2024-05-24,09:35:00,2024-07-29,3.4,3.4,3.4,3.4,0,0,1
MIDCPNIFTY29JUL2411800PE.NFO,2024-05-24,09:36:00,2024-07-29,3.4,3.4,3.4,3.4,0,0,1
MIDCPNIFTY29JUL2411800PE.NFO,2024-05-24,09:37:00,2024-07-29,3.4,3.4,3.4,3.4,0,0,1
MIDCPNIFTY29JUL2411800PE.NFO,2024-05-24,09:38:00,2024-07-29,3.4,3.4,3.4,3.4,0,0,1
MIDCPNIFTY29JUL2411800PE.NFO,2024-05-24,09:39:00,2024-07-29,3.4,3.4,3.4,3.4,0,0,1
MIDCPNIFTY29JUL2411800PE.NFO,2024-05-24,09:40:00,2024-07-29,3.4,3.4,3.4,3.4,0,0,1
MIDCPNIFTY29JUL2411800PE.NFO,2024-05-24,09:41:00,2024-07-29,3.4,3.4,3.4,3.4,0,0,1
MIDCPNIFTY29JUL2411800PE.NFO,2024-05-24,09:42:00,2024-07-29,3.4,3.4,3.4,3.4,0,0,1
MIDCPNIFTY29JUL2411800PE.NFO,2024-05-24,09:43:00,2024-07-29,3.4,3.4,3.4,3.4,0,0,1
MIDCPNIFTY29JUL2411800PE.NFO,2024-05-24,09:44:00,2024-07-29,3.4,3.4,3.4,3.4,0,0,1
MIDCPNIFTY29JUL2411800PE.NFO,2024-05-24,09:45:00,2024-07-29,3.4,3.4,3.4,3.4,0,0,1
MIDCPNIFTY29JUL2411800PE.NFO,2024-05-24,09:46:00,2024-07-29,3.4,3.4,3.4,3.4,0,0,1
MIDCPNIFTY29JUL2411800PE.NFO,2024-05-24,09:47:00,2024-07-29,3.4,3.4,3.4,3.4,0,0,1
MIDCPNIFTY29JUL2411800PE.NFO,2024-05-24,09:48:00,2024-07-29,3.4,3.4,3.4,3.4,0,0,1
MIDCPNIFTY29JUL2411800PE.NFO,2024-05-24,09:49:00,2024-07-29,3.4,3.4,3.4,3.4,0,0,1
MIDCPNIFTY29JUL2411800PE.NFO,2024-05-24,09:50:00,2024-07-29,3.4,3.4,3.4,3.4,0,0,1
MIDCPNIFTY29JUL2411800PE.NFO,2024-05-24,09:51:00,2024-07-29,3.4,3.4,3.4,3.4,0,0,1
MIDCPNIFTY29JUL2411800PE.NFO,2024-05-24,09:52:00,2024-07-29,3.4,3.4,3.4,3.4,0,0,1
MIDCPNIFTY29JUL2411800PE.NFO,2024-05-24,09:53:00,2024-07-29,3.4,3.4,3.4,3.4,0,0,1
MIDCPNIFTY29JUL2411800PE.NFO,2024-05-24,09:54:00,2024-07-29,3.4,3.4,3.4,3.4,0,0,1
MIDCPNIFTY29JUL2411800PE.NFO,2024-05-24,09:55:00,2024-07-29,3.4,3.4,3.4,3.4,0,0,1
MIDCPNIFTY29JUL2411800PE.NFO,2024-05-24,09:56:00,2024-07-29,3.4,3.4,3.4,3.4,0,0,1
MIDCPNIFTY29JUL2411800PE.NFO,2024-05-24,09:57:00,2024-07-29,3.4,3.4,3.4,3.4,0,0,1
MIDCPNIFTY29JUL2411800PE.NFO,2024-05-24,09:58:00,2024-07-29,3.4,3.4,3.4,3.4,0,0,1
MIDCPNIFTY29JUL2411800PE.NFO,2024-05-24,09:59:00,2024-07-29,3.4,3.4,3.4,3.4,0,0,1
MIDCPNIFTY29JUL2411800PE.NFO,2024-05-24,10:00:00,2024-07-29,3.4,3.4,3.4,3.4,0,0,1
MIDCPNIFTY29JUL2411800PE.NFO,2024-05-24,10:01:00,2024-07-29,3.4,3.4,3.4,3.4,0,0,1
MIDCPNIFTY29JUL2411800PE.NFO,2024-05-24,10:02:00,2024-07-29,3.4,3.4,3.4,3.4,0,0,1
MIDCPNIFTY29JUL2411800PE.NFO,2024-05-24,10:03:00,2024-07-29,3.4,3.4,3.4,3.4,0,0,1
MIDCPNIFTY29JUL2411800PE.NFO,2024-05-24,10:04:00,2024-07-29,3.4,3.4,3.4,3.4,0,0,1
MIDCPNIFTY29JUL2411800PE.NFO,2024-05-24,10:05:00,2024-07-29,3.4,3.4,3.4,3.4,0,0,1
MIDCPNIFTY29JUL2411800PE.NFO,2024-05-24,10:06:00,2024-07-29,3.4,3.4,3.4,3.4,0,0,1
MIDCPNIFTY29JUL2411800PE.NFO,2024-05-24,10:07:00,2024-07-29,3.4,3.4,3.4,3.4,0,0,1
MIDCPNIFTY29JUL2411800PE.NFO,2024-05-24,10:08:00,2024-07-29,3.4,3.4,3.4,3.4,0,0,1
MIDCPNIFTY29JUL2411800PE.NFO,2024-05-24,10:09:00,2024-07-29,3.4,3.4,3.4,3.4,0,0,1
MIDCPNIFTY29JUL2411800PE.NFO,2024-05-24,10:10:00,2024-07-29,3.4,3.4,3.4,3.4,0,0,1
MIDCPNIFTY29JUL2411800PE.NFO,2024-05-24,10:11:00,2024-07-29,3.4,3.4,3.4,3.4,0,0,1
MIDCPNIFTY29JUL2411800PE.NFO,2024-05-24,10:12:00,2024-07-29,3.4,3.4,3.4,3.4,0,0,1
MIDCPNIFTY29JUL2411800PE.NFO,2024-05-24,10:13:00,2024-07-29,3.4,3.4,3.4,3.4,0,0,1
MIDCPNIFTY29JUL2411800PE.NFO,2024-05-24,10:14:00,2024-07-29,3.4,3.4,3.4,3.4,0,0,1
MIDCPNIFTY29JUL2411800PE.NFO,2024-05-24,10:15:00,2024-07-29,3.4,3.4,3.4,3.4,0,0,1
MIDCPNIFTY29JUL2411800PE.NFO,2024-05-24,10:16:00,2024-07-29,3.4,3.4,3.4,3.4,0,0,1
MIDCPNIFTY29JUL2411800PE.NFO,2024-05-24,10:17:00,2024-07-29,3.4,3.4,3.4,3.4,0,0,1
MIDCPNIFTY29JUL2411800PE.NFO,2024-05-24,10:18:00,2024-07-29,3.4,3.4,3.4,3.4,0,0,1
MIDCPNIFTY29JUL2411800PE.NFO,2024-05-24,10:19:00,2024-07-29,3.4,3.4,3.4,3.4,0,0,1
MIDCPNIFTY29JUL2411800PE.NFO,2024-05-24,10:20:00,2024-07-29,3.4,3.4,3.4,3.4,0,0,1
MIDCPNIFTY29JUL2411800PE.NFO,2024-05-24,10:21:00,2024-07-29,3.4,3.4,3.4,3.4,0,0,1
MIDCPNIFTY29JUL2411800PE.NFO,2024-05-24,10:22:00,2024-07-29,3.4,3.4,3.4,3.4,0,0,1
MIDCPNIFTY29JUL2411800PE.NFO,2024-05-24,10:23:00,2024-07-29,3.4,3.4,3.4,3.4,0,0,1
MIDCPNIFTY29JUL2411800PE.NFO,2024-05-24,10:24:00,2024-07-29,3.4,3.4,3.4,3.4,0,0,1
MIDCPNIFTY29JUL2411800PE.NFO,2024-05-24,10:25:00,2024-07-29,3.4,3.4,3.4,3.4,0,0,1
MIDCPNIFTY29JUL2411800PE.NFO,2024-05-24,10:26:00,2024-07-29,3.4,3.4,3.4,3.4,0,0,1
MIDCPNIFTY29JUL2411800PE.NFO,2024-05-24,10:27:00,2024-07-29,3.4,3.4,3.4,3.4,0,0,1
MIDCPNIFTY29JUL2411800PE.NFO,2024-05-24,10:28:00,2024-07-29,3.4,3.4,3.4,3.4,0,0,1
MIDCPNIFTY29JUL2411800PE.NFO,2024-05-24,10:29:00,2024-07-29,3.4,3.4,3.4,3.4,0,0,1
MIDCPNIFTY29JUL2411800PE.NFO,2024-05-24,10:30:00,2024-07-29,3.4,3.4,3.4,3.4,0,0,1
MIDCPNIFTY29JUL2411800PE.NFO,2024-05-24,10:31:00,2024-07-29,3.4,3.4,3.4,3.4,0,0,1
MIDCPNIFTY29JUL2411800PE.NFO,2024-05-24,10:32:00,2024-07-29,3.4,3.4,3.4,3.4,0,0,1
MIDCPNIFTY29JUL2411800PE.NFO,2024-05-24,10:33:00,2024-07-29,3.4,3.4,3.4,3.4,0,0,1
MIDCPNIFTY29JUL2411800PE.NFO,2024-05-24,10:34:00,2024-07-29,3.4,3.4,3.4,3.4,0,0,1
MIDCPNIFTY29JUL2411800PE.NFO,2024-05-24,10:35:00,2024-07-29,3.4,3.4,3.4,3.4,0,0,1
MIDCPNIFTY29JUL2411800PE.NFO,2024-05-24,10:36:00,2024-07-29,3.4,3.4,3.4,3.4,0,0,1
MIDCPNIFTY29JUL2411800PE.NFO,2024-05-24,10:37:00,2024-07-29,3.4,3.4,3.4,3.4,0,0,1
MIDCPNIFTY29JUL2411800PE.NFO,2024-05-24,10:38:00,2024-07-29,3.4,3.4,3.4,3.4,0,0,1
MIDCPNIFTY29JUL2411800PE.NFO,2024-05-24,10:39:00,2024-07-29,3.4,3.4,3.4,3.4,0,0,1
MIDCPNIFTY29JUL2411800PE.NFO,2024-05-24,10:40:00,2024-07-29,3.4,3.4,3.4,3.4,0,0,1
MIDCPNIFTY29JUL2411800PE.NFO,2024-05-24,10:41:00,2024-07-29,3.4,3.4,3.4,3.4,0,0,1
MIDCPNIFTY29JUL2411800PE.NFO,2024-05-24,10:42:00,2024-07-29,3.4,3.4,3.4,3.4,0,0,1
MIDCPNIFTY29JUL2411800PE.NFO,2024-05-24,10:43:00,2024-07-29,3.4,3.4,3.4,3.4,0,0,1
MIDCPNIFTY29JUL2411800PE.NFO,2024-05-24,10:44:00,2024-07-29,3.4,3.4,3.4,3.4,0,0,1
MIDCPNIFTY29JUL2411800PE.NFO,2024-05-24,10:45:00,2024-07-29,3.4,3.4,3.4,3.4,0,0,1
MIDCPNIFTY29JUL2411800PE.NFO,2024-05-24,10:46:00,2024-07-29,3.4,3.4,3.4,3.4,0,0,1
MIDCPNIFTY29JUL2411800PE.NFO,2024-05-24,10:47:00,2024-07-29,3.4,3.4,3.4,3.4,0,0,1
MIDCPNIFTY29JUL2411800PE.NFO,2024-05-24,10:48:00,2024-07-29,3.4,3.4,3.4,3.4,0,0,1
MIDCPNIFTY29JUL2411800PE.NFO,2024-05-24,10:49:00,2024-07-29,3.4,3.4,3.4,3.4,0,0,1
MIDCPNIFTY29JUL2411800PE.NFO,2024-05-24,10:50:00,2024-07-29,3.4,3.4,3.4,3.4,0,0,1
MIDCPNIFTY29JUL2411800PE.NFO,2024-05-24,10:51:00,2024-07-29,3.4,3.4,3.4,3.4,0,0,1
MIDCPNIFTY29JUL2411800PE.NFO,2024-05-24,10:52:00,2024-07-29,3.4,3.4,3.4,3.4,0,0,1
MIDCPNIFTY29JUL2411800PE.NFO,2024-05-24,10:53:00,2024-07-29,3.4,3.4,3.4,3.4,0,0,1
MIDCPNIFTY29JUL2411800PE.NFO,2024-05-24,10:54:00,2024-07-29,3.4,3.4,3.4,3.4,0,0,1
MIDCPNIFTY29JUL2411800PE.NFO,2024-05-24,10:55:00,2024-07-29,3.4,3.4,3.4,3.4,0,0,1
MIDCPNIFTY29JUL2411800PE.NFO,2024-05-24,10:56:00,2024-07-29,3.4,3.4,3.4,3.4,0,0,1
MIDCPNIFTY29JUL2411800PE.NFO,2024-05-24,10:57:00,2024-07-29,3.4,3.4,3.4,3.4,0,0,1
MIDCPNIFTY29JUL2411800PE.NFO,2024-05-24,10:58:00,2024-07-29,3.4,3.4,3.4,3.4,0,0,1
MIDCPNIFTY29JUL2411800PE.NFO,2024-05-24,10:59:00,2024-07-29,3.4,3.4,3.4,3.4,0,0,1
MIDCPNIFTY29JUL2411800PE.NFO,2024-05-24,11:00:00,2024-07-29,3.4,3.4,3.4,3.4,0,0,1
MIDCPNIFTY29JUL2411800PE.NFO,2024-05-24,11:01:00,2024-07-29,3.4,3.4,3.4,3.4,0,0,1
MIDCPNIFTY29JUL2411800PE.NFO,2024-05-24,11:02:00,2024-07-29,3.4,3.4,3.4,3.4,0,0,1
MIDCPNIFTY29JUL2411800PE.NFO,2024-05-24,11:03:00,2024-07-29,3.4,3.4,3.4,3.4,0,0,1
MIDCPNIFTY29JUL2411800PE.NFO,2024-05-24,11:04:00,2024-07-29,3.4,3.4,3.4,3.4,0,0,1
MIDCPNIFTY29JUL2411800PE.NFO,2024-05-24,11:05:00,2024-07-29,3.4,3.4,3.4,3.4,0,0,1
MIDCPNIFTY29JUL2411800PE.NFO,2024-05-24,11:06:00,2024-07-29,3.4,3.4,3.4,3.4,0,0,1
MIDCPNIFTY29JUL2411800PE.NFO,2024-05-24,11:07:00,2024-07-29,3.4,3.4,3.4,3.4,0,0,1
MIDCPNIFTY29JUL2411800PE.NFO,2024-05-24,11:08:00,2024-07-29,3.4,3.4,3.4,3.4,0,0,1
MIDCPNIFTY29JUL2411800PE.NFO,2024-05-24,11:09:00,2024-07-29,3.4,3.4,3.4,3.4,0,0,1
MIDCPNIFTY29JUL2411800PE.NFO,2024-05-24,11:10:00,2024-07-29,3.4,3.4,3.4,3.4,0,0,1
MIDCPNIFTY29JUL2411800PE.NFO,2024-05-24,11:11:00,2024-07-29,3.4,3.4,3.4,3.4,0,0,1
MIDCPNIFTY29JUL2411800PE.NFO,2024-05-24,11:12:00,2024-07-29,3.4,3.4,3.4,3.4,0,0,1
MIDCPNIFTY29JUL2411800PE.NFO,2024-05-24,11:13:00,2024-07-29,3.4,3.4,3.4,3.4,0,0,1
MIDCPNIFTY29JUL2411800PE.NFO,2024-05-24,11:14:00,2024-07-29,3.4,3.4,3.4,3.4,0,0,1
MIDCPNIFTY29JUL2411800PE.NFO,2024-05-24,11:15:00,2024-07-29,3.4,3.4,3.4,3.4,0,0,1
MIDCPNIFTY29JUL2411800PE.NFO,2024-05-24,11:16:00,2024-07-29,3.4,3.4,3.4,3.4,0,0,1
MIDCPNIFTY29JUL2411800PE.NFO,2024-05-24,11:17:00,2024-07-29,3.4,3.4,3.4,3.4,0,0,1
MIDCPNIFTY29JUL2411800PE.NFO,2024-05-24,11:18:00,2024-07-29,3.4,3.4,3.4,3.4,0,0,1
MIDCPNIFTY29JUL2411800PE.NFO,2024-05-24,11:19:00,2024-07-29,3.4,3.4,3.4,3.4,0,0,1
MIDCPNIFTY29JUL2411800PE.NFO,2024-05-24,11:20:00,2024-07-29,3.4,3.4,3.4,3.4,0,0,1
MIDCPNIFTY29JUL2411800PE.NFO,2024-05-24,11:21:00,2024-07-29,3.4,3.4,3.4,3.4,0,0,1
MIDCPNIFTY29JUL2411800PE.NFO,2024-05-24,11:22:00,2024-07-29,3.4,3.4,3.4,3.4,0,0,1
MIDCPNIFTY29JUL2411800PE.NFO,2024-05-24,11:23:00,2024-07-29,3.4,3.4,3.4,3.4,0,0,1
MIDCPNIFTY29JUL2411800PE.NFO,2024-05-24,11:24:00,2024-07-29,3.4,3.4,3.4,3.4,0,0,1
MIDCPNIFTY29JUL2411800PE.NFO,2024-05-24,11:25:00,2024-07-29,3.4,3.4,3.4,3.4,0,0,1
MIDCPNIFTY29JUL2411800PE.NFO,2024-05-24,11:26:00,2024-07-29,3.4,3.4,3.4,3.4,0,0,1
MIDCPNIFTY29JUL2411800PE.NFO,2024-05-24,11:27:00,2024-07-29,3.4,3.4,3.4,3.4,0,0,1
MIDCPNIFTY29JUL2411800PE.NFO,2024-05-24,11:28:00,2024-07-29,3.4,3.4,3.4,3.4,0,0,1
MIDCPNIFTY29JUL2411800PE.NFO,2024-05-24,11:29:00,2024-07-29,3.4,3.4,3.4,3.4,0,0,1
MIDCPNIFTY29JUL2411800PE.NFO,2024-05-24,11:30:00,2024-07-29,3.4,3.4,3.4,3.4,0,0,1
MIDCPNIFTY29JUL2411800PE.NFO,2024-05-24,11:31:00,2024-07-29,3.4,3.4,3.4,3.4,0,0,1
MIDCPNIFTY29JUL2411800PE.NFO,2024-05-24,11:32:00,2024-07-29,3.4,3.4,3.4,3.4,0,0,1
MIDCPNIFTY29JUL2411800PE.NFO,2024-05-24,11:33:00,2024-07-29,3.4,3.4,3.4,3.4,0,0,1
MIDCPNIFTY29JUL2411800PE.NFO,2024-05-24,11:34:00,2024-07-29,3.4,3.4,3.4,3.4,0,0,1
MIDCPNIFTY29JUL2411800PE.NFO,2024-05-24,11:35:00,2024-07-29,3.4,3.4,3.4,3.4,0,0,1
MIDCPNIFTY29JUL2411800PE.NFO,2024-05-24,11:36:00,2024-07-29,3.4,3.4,3.4,3.4,0,0,1
MIDCPNIFTY29JUL2411800PE.NFO,2024-05-24,11:37:00,2024-07-29,3.4,3.4,3.4,3.4,0,0,1
MIDCPNIFTY29JUL2411800PE.NFO,2024-05-24,11:38:00,2024-07-29,3.4,3.4,3.4,3.4,0,0,1
MIDCPNIFTY29JUL2411800PE.NFO,2024-05-24,11:39:00,2024-07-29,3.4,3.4,3.4,3.4,0,0,1
MIDCPNIFTY29JUL2411800PE.NFO,2024-05-24,11:40:00,2024-07-29,3.4,3.4,3.4,3.4,0,0,1
MIDCPNIFTY29JUL2411800PE.NFO,2024-05-24,11:41:00,2024-07-29,3.4,3.4,3.4,3.4,0,0,1
MIDCPNIFTY29JUL2411800PE.NFO,2024-05-24,11:42:00,2024-07-29,3.4,3.4,3.4,3.4,0,0,1
MIDCPNIFTY29JUL2411800PE.NFO,2024-05-24,11:43:00,2024-07-29,3.4,3.4,3.4,3.4,0,0,1
MIDCPNIFTY29JUL2411800PE.NFO,2024-05-24,11:44:00,2024-07-29,3.4,3.4,3.4,3.4,0,0,1
MIDCPNIFTY29JUL2411800PE.NFO,2024-05-24,11:45:00,2024-07-29,3.4,3.4,3.4,3.4,0,0,1
MIDCPNIFTY29JUL2411800PE.NFO,2024-05-24,11:46:00,2024-07-29,3.4,3.4,3.4,3.4,0,0,1
MIDCPNIFTY29JUL2411800PE.NFO,2024-05-24,11:47:00,2024-07-29,3.4,3.4,3.4,3.4,0,0,1
MIDCPNIFTY29JUL2411800PE.NFO,2024-05-24,11:48:00,2024-07-29,3.4,3.4,3.4,3.4,0,0,1
MIDCPNIFTY29JUL2411800PE.NFO,2024-05-24,11:49:00,2024-07-29,3.4,3.4,3.4,3.4,0,0,1
MIDCPNIFTY29JUL2411800PE.NFO,2024-05-24,11:50:00,2024-07-29,3.4,3.4,3.4,3.4,0,0,1
MIDCPNIFTY29JUL2411800PE.NFO,2024-05-24,11:51:00,2024-07-29,3.4,3.4,3.4,3.4,0,0,1
MIDCPNIFTY29JUL2411800PE.NFO,2024-05-24,11:52:00,2024-07-29,3.4,3.4,3.4,3.4,0,0,1
MIDCPNIFTY29JUL2411800PE.NFO,2024-05-24,11:53:00,2024-07-29,3.4,3.4,3.4,3.4,0,0,1
MIDCPNIFTY29JUL2411800PE.NFO,2024-05-24,11:54:00,2024-07-29,3.4,3.4,3.4,3.4,0,0,1
MIDCPNIFTY29JUL2411800PE.NFO,2024-05-24,11:55:00,2024-07-29,3.4,3.4,3.4,3.4,0,0,1
MIDCPNIFTY29JUL2411800PE.NFO,2024-05-24,11:56:00,2024-07-29,3.4,3.4,3.4,3.4,0,0,1
MIDCPNIFTY29JUL2411800PE.NFO,2024-05-24,11:57:00,2024-07-29,3.4,3.4,3.4,3.4,0,0,1
MIDCPNIFTY29JUL2411800PE.NFO,2024-05-24,11:58:00,2024-07-29,3.4,3.4,3.4,3.4,0,0,1
MIDCPNIFTY29JUL2411800PE.NFO,2024-05-24,11:59:00,2024-07-29,3.4,3.4,3.4,3.4,0,0,1
MIDCPNIFTY29JUL2411800PE.NFO,2024-05-24,12:00:00,2024-07-29,3.4,3.4,3.4,3.4,0,0,1
MIDCPNIFTY29JUL2411800PE.NFO,2024-05-24,12:01:00,2024-07-29,3.4,3.4,3.4,3.4,0,0,1
MIDCPNIFTY29JUL2411800PE.NFO,2024-05-24,12:02:00,2024-07-29,3.4,3.4,3.4,3.4,0,0,1
MIDCPNIFTY29JUL2411800PE.NFO,2024-05-24,12:03:00,2024-07-29,3.4,3.4,3.4,3.4,0,0,1
MIDCPNIFTY29JUL2411800PE.NFO,2024-05-24,12:04:00,2024-07-29,3.4,3.4,3.4,3.4,0,0,1
MIDCPNIFTY29JUL2411800PE.NFO,2024-05-24,12:05:00,2024-07-29,3.4,3.4,3.4,3.4,0,0,1
MIDCPNIFTY29JUL2411800PE.NFO,2024-05-24,12:06:00,2024-07-29,3.4,3.4,3.4,3.4,0,0,1
MIDCPNIFTY29JUL2411800PE.NFO,2024-05-24,12:07:00,2024-07-29,3.4,3.4,3.4,3.4,0,0,1
MIDCPNIFTY29JUL2411800PE.NFO,2024-05-24,12:08:00,2024-07-29,3.4,3.4,3.4,3.4,0,0,1
MIDCPNIFTY29JUL2411800PE.NFO,2024-05-24,12:09:00,2024-07-29,3.4,3.4,3.4,3.4,0,0,1
MIDCPNIFTY29JUL2411800PE.NFO,2024-05-24,12:10:00,2024-07-29,3.4,3.4,3.4,3.4,0,0,1
MIDCPNIFTY29JUL2411800PE.NFO,2024-05-24,12:11:00,2024-07-29,3.4,3.4,3.4,3.4,0,0,1
MIDCPNIFTY29JUL2411800PE.NFO,2024-05-24,12:12:00,2024-07-29,3.4,3.4,3.4,3.4,0,0,1
MIDCPNIFTY29JUL2411800PE.NFO,2024-05-24,12:13:00,2024-07-29,3.4,3.4,3.4,3.4,0,0,1
MIDCPNIFTY29JUL2411800PE.NFO,2024-05-24,12:14:00,2024-07-29,3.4,3.4,3.4,3.4,0,0,1
MIDCPNIFTY29JUL2411800PE.NFO,2024-05-24,12:15:00,2024-07-29,3.4,3.4,3.4,3.4,0,0,1
MIDCPNIFTY29JUL2411800PE.NFO,2024-05-24,12:16:00,2024-07-29,3.4,3.4,3.4,3.4,0,0,1
MIDCPNIFTY29JUL2411800PE.NFO,2024-05-24,12:17:00,2024-07-29,3.4,3.4,3.4,3.4,0,0,1
MIDCPNIFTY29JUL2411800PE.NFO,2024-05-24,12:18:00,2024-07-29,3.4,3.4,3.4,3.4,0,0,1
MIDCPNIFTY29JUL2411800PE.NFO,2024-05-24,12:19:00,2024-07-29,3.4,3.4,3.4,3.4,0,0,1
MIDCPNIFTY29JUL2411800PE.NFO,2024-05-24,12:20:00,2024-07-29,3.4,3.4,3.4,3.4,0,0,1
MIDCPNIFTY29JUL2411800PE.NFO,2024-05-24,12:21:00,2024-07-29,3.4,3.4,3.4,3.4,0,0,1
MIDCPNIFTY29JUL2411800PE.NFO,2024-05-24,12:22:00,2024-07-29,3.4,3.4,3.4,3.4,0,0,1
MIDCPNIFTY29JUL2411800PE.NFO,2024-05-24,12:23:00,2024-07-29,3.4,3.4,3.4,3.4,0,0,1
MIDCPNIFTY29JUL2411800PE.NFO,2024-05-24,12:24:00,2024-07-29,3.4,3.4,3.4,3.4,0,0,1
MIDCPNIFTY29JUL2411800PE.NFO,2024-05-24,12:25:00,2024-07-29,3.4,3.4,3.4,3.4,0,0,1
MIDCPNIFTY29JUL2411800PE.NFO,2024-05-24,12:26:00,2024-07-29,3.4,3.4,3.4,3.4,0,0,1
MIDCPNIFTY29JUL2411800PE.NFO,2024-05-24,12:27:00,2024-07-29,3.4,3.4,3.4,3.4,0,0,1
MIDCPNIFTY29JUL2411800PE.NFO,2024-05-24,12:28:00,2024-07-29,3.4,3.4,3.4,3.4,0,0,1
MIDCPNIFTY29JUL2411800PE.NFO,2024-05-24,12:29:00,2024-07-29,3.4,3.4,3.4,3.4,0,0,1
MIDCPNIFTY29JUL2411800PE.NFO,2024-05-24,12:30:00,2024-07-29,3.4,3.4,3.4,3.4,0,0,1
MIDCPNIFTY29JUL2411800PE.NFO,2024-05-24,12:31:00,2024-07-29,3.4,3.4,3.4,3.4,0,0,1
MIDCPNIFTY29JUL2411800PE.NFO,2024-05-24,12:32:00,2024-07-29,3.4,3.4,3.4,3.4,0,0,1
MIDCPNIFTY29JUL2411800PE.NFO,2024-05-24,12:33:00,2024-07-29,3.4,3.4,3.4,3.4,0,0,1
MIDCPNIFTY29JUL2411800PE.NFO,2024-05-24,12:34:00,2024-07-29,3.4,3.4,3.4,3.4,0,0,1
MIDCPNIFTY29JUL2411800PE.NFO,2024-05-24,12:35:00,2024-07-29,3.4,3.4,3.4,3.4,0,0,1
MIDCPNIFTY29JUL2411800PE.NFO,2024-05-24,12:36:00,2024-07-29,3.4,3.4,3.4,3.4,0,0,1
MIDCPNIFTY29JUL2411800PE.NFO,2024-05-24,12:37:00,2024-07-29,3.4,3.4,3.4,3.4,0,0,1
MIDCPNIFTY29JUL2411800PE.NFO,2024-05-24,12:38:00,2024-07-29,3.4,3.4,3.4,3.4,0,0,1
MIDCPNIFTY29JUL2411800PE.NFO,2024-05-24,12:39:00,2024-07-29,3.4,3.4,3.4,3.4,0,0,1
MIDCPNIFTY29JUL2411800PE.NFO,2024-05-24,12:40:00,2024-07-29,3.4,3.4,3.4,3.4,0,0,1
MIDCPNIFTY29JUL2411800PE.NFO,2024-05-24,12:41:00,2024-07-29,3.4,3.4,3.4,3.4,0,0,1
MIDCPNIFTY29JUL2411800PE.NFO,2024-05-24,12:42:00,2024-07-29,3.4,3.4,3.4,3.4,0,0,1
MIDCPNIFTY29JUL2411800PE.NFO,2024-05-24,12:43:00,2024-07-29,3.4,3.4,3.4,3.4,0,0,1
MIDCPNIFTY29JUL2411800PE.NFO,2024-05-24,12:44:00,2024-07-29,3.4,3.4,3.4,3.4,0,0,1
MIDCPNIFTY29JUL2411800PE.NFO,2024-05-24,12:45:00,2024-07-29,3.4,3.4,3.4,3.4,0,0,1
MIDCPNIFTY29JUL2411800PE.NFO,2024-05-24,12:46:00,2024-07-29,3.4,3.4,3.4,3.4,0,0,1
MIDCPNIFTY29JUL2411800PE.NFO,2024-05-24,12:47:00,2024-07-29,3.4,3.4,3.4,3.4,0,0,1
MIDCPNIFTY29JUL2411800PE.NFO,2024-05-24,12:48:00,2024-07-29,3.4,3.4,3.4,3.4,0,0,1
MIDCPNIFTY29JUL2411800PE.NFO,2024-05-24,12:49:00,2024-07-29,3.4,3.4,3.4,3.4,0,0,1
MIDCPNIFTY29JUL2411800PE.NFO,2024-05-24,12:50:00,2024-07-29,3.4,3.4,3.4,3.4,0,0,1
MIDCPNIFTY29JUL2411800PE.NFO,2024-05-24,12:51:00,2024-07-29,3.4,3.4,3.4,3.4,0,0,1
MIDCPNIFTY29JUL2411800PE.NFO,2024-05-24,12:52:00,2024-07-29,3.4,3.4,3.4,3.4,0,0,1
MIDCPNIFTY29JUL2411800PE.NFO,2024-05-24,12:53:00,2024-07-29,3.4,3.4,3.4,3.4,0,0,1
MIDCPNIFTY29JUL2411800PE.NFO,2024-05-24,12:54:00,2024-07-29,3.4,3.4,3.4,3.4,0,0,1
MIDCPNIFTY29JUL2411800PE.NFO,2024-05-24,12:55:00,2024-07-29,3.4,3.4,3.4,3.4,0,0,1
MIDCPNIFTY29JUL2411800PE.NFO,2024-05-24,12:56:00,2024-07-29,3.4,3.4,3.4,3.4,0,0,1
MIDCPNIFTY29JUL2411800PE.NFO,2024-05-24,12:57:00,2024-07-29,3.4,3.4,3.4,3.4,0,0,1
MIDCPNIFTY29JUL2411800PE.NFO,2024-05-24,12:58:00,2024-07-29,3.4,3.4,3.4,3.4,0,0,1
MIDCPNIFTY29JUL2411800PE.NFO,2024-05-24,12:59:00,2024-07-29,3.4,3.4,3.4,3.4,0,0,1
MIDCPNIFTY29JUL2411800PE.NFO,2024-05-24,13:00:00,2024-07-29,3.4,3.4,3.4,3.4,0,0,1
MIDCPNIFTY29JUL2411800PE.NFO,2024-05-24,13:01:00,2024-07-29,3.4,3.4,3.4,3.4,0,0,1
MIDCPNIFTY29JUL2411800PE.NFO,2024-05-24,13:02:00,2024-07-29,3.4,3.4,3.4,3.4,0,0,1
MIDCPNIFTY29JUL2411800PE.NFO,2024-05-24,13:03:00,2024-07-29,3.4,3.4,3.4,3.4,0,0,1
MIDCPNIFTY29JUL2411800PE.NFO,2024-05-24,13:04:00,2024-07-29,3.4,3.4,3.4,3.4,0,0,1
MIDCPNIFTY29JUL2411800PE.NFO,2024-05-24,13:05:00,2024-07-29,3.4,3.4,3.4,3.4,0,0,1
MIDCPNIFTY29JUL2411800PE.NFO,2024-05-24,13:06:00,2024-07-29,3.4,3.4,3.4,3.4,0,0,1
MIDCPNIFTY29JUL2411800PE.NFO,2024-05-24,13:07:00,2024-07-29,3.4,3.4,3.4,3.4,0,0,1
MIDCPNIFTY29JUL2411800PE.NFO,2024-05-24,13:08:00,2024-07-29,3.4,3.4,3.4,3.4,0,0,1
MIDCPNIFTY29JUL2411800PE.NFO,2024-05-24,13:09:00,2024-07-29,3.4,3.4,3.4,3.4,0,0,1
MIDCPNIFTY29JUL2411800PE.NFO,2024-05-24,13:10:00,2024-07-29,3.4,3.4,3.4,3.4,0,0,1
MIDCPNIFTY29JUL2411800PE.NFO,2024-05-24,13:11:00,2024-07-29,3.4,3.4,3.4,3.4,0,0,1
MIDCPNIFTY29JUL2411800PE.NFO,2024-05-24,13:12:00,2024-07-29,3.4,3.4,3.4,3.4,0,0,1
MIDCPNIFTY29JUL2411800PE.NFO,2024-05-24,13:13:00,2024-07-29,3.4,3.4,3.4,3.4,0,0,1
MIDCPNIFTY29JUL2411800PE.NFO,2024-05-24,13:14:00,2024-07-29,3.4,3.4,3.4,3.4,0,0,1
MIDCPNIFTY29JUL2411800PE.NFO,2024-05-24,13:15:00,2024-07-29,3.4,3.4,3.4,3.4,0,0,1
MIDCPNIFTY29JUL2411800PE.NFO,2024-05-24,13:16:00,2024-07-29,3.4,3.4,3.4,3.4,0,0,1
MIDCPNIFTY29JUL2411800PE.NFO,2024-05-24,13:17:00,2024-07-29,3.4,3.4,3.4,3.4,0,0,1
MIDCPNIFTY29JUL2411800PE.NFO,2024-05-24,13:18:00,2024-07-29,3.4,3.4,3.4,3.4,0,0,1
MIDCPNIFTY29JUL2411800PE.NFO,2024-05-24,13:19:00,2024-07-29,3.4,3.4,3.4,3.4,0,0,1
MIDCPNIFTY29JUL2411800PE.NFO,2024-05-24,13:20:00,2024-07-29,3.4,3.4,3.4,3.4,0,0,1
MIDCPNIFTY29JUL2411800PE.NFO,2024-05-24,13:21:00,2024-07-29,3.4,3.4,3.4,3.4,0,0,1
MIDCPNIFTY29JUL2411800PE.NFO,2024-05-24,13:22:00,2024-07-29,3.4,3.4,3.4,3.4,0,0,1
MIDCPNIFTY29JUL2411800PE.NFO,2024-05-24,13:23:00,2024-07-29,3.4,3.4,3.4,3.4,0,0,1
MIDCPNIFTY29JUL2411800PE.NFO,2024-05-24,13:24:00,2024-07-29,3.4,3.4,3.4,3.4,0,0,1
MIDCPNIFTY29JUL2411800PE.NFO,2024-05-24,13:25:00,2024-07-29,3.4,3.4,3.4,3.4,0,0,1
MIDCPNIFTY29JUL2411800PE.NFO,2024-05-24,13:26:00,2024-07-29,3.4,3.4,3.4,3.4,0,0,1
MIDCPNIFTY29JUL2411800PE.NFO,2024-05-24,13:27:00,2024-07-29,3.4,3.4,3.4,3.4,0,0,1
MIDCPNIFTY29JUL2411800PE.NFO,2024-05-24,13:28:00,2024-07-29,3.4,3.4,3.4,3.4,0,0,1
MIDCPNIFTY29JUL2411800PE.NFO,2024-05-24,13:29:00,2024-07-29,3.4,3.4,3.4,3.4,0,0,1
MIDCPNIFTY29JUL2411800PE.NFO,2024-05-24,13:30:00,2024-07-29,3.4,3.4,3.4,3.4,0,0,1
MIDCPNIFTY29JUL2411800PE.NFO,2024-05-24,13:31:00,2024-07-29,3.4,3.4,3.4,3.4,0,0,1
MIDCPNIFTY29JUL2411800PE.NFO,2024-05-24,13:32:00,2024-07-29,3.4,3.4,3.4,3.4,0,0,1
MIDCPNIFTY29JUL2411800PE.NFO,2024-05-24,13:33:00,2024-07-29,3.4,3.4,3.4,3.4,0,0,1
MIDCPNIFTY29JUL2411800PE.NFO,2024-05-24,13:34:00,2024-07-29,3.4,3.4,3.4,3.4,0,0,1
MIDCPNIFTY29JUL2411800PE.NFO,2024-05-24,13:35:00,2024-07-29,3.4,3.4,3.4,3.4,0,0,1
MIDCPNIFTY29JUL2411800PE.NFO,2024-05-24,13:36:00,2024-07-29,3.4,3.4,3.4,3.4,0,0,1
MIDCPNIFTY29JUL2411800PE.NFO,2024-05-24,13:37:00,2024-07-29,3.4,3.4,3.4,3.4,0,0,1
MIDCPNIFTY29JUL2411800PE.NFO,2024-05-24,13:38:00,2024-07-29,3.4,3.4,3.4,3.4,0,0,1
MIDCPNIFTY29JUL2411800PE.NFO,2024-05-24,13:39:00,2024-07-29,3.4,3.4,3.4,3.4,0,0,1
MIDCPNIFTY29JUL2411800PE.NFO,2024-05-24,13:40:00,2024-07-29,3.4,3.4,3.4,3.4,0,0,1
MIDCPNIFTY29JUL2411800PE.NFO,2024-05-24,13:41:00,2024-07-29,3.4,3.4,3.4,3.4,0,0,1
MIDCPNIFTY29JUL2411800PE.NFO,2024-05-24,13:42:00,2024-07-29,3.4,3.4,3.4,3.4,0,0,1
MIDCPNIFTY29JUL2411800PE.NFO,2024-05-24,13:43:00,2024-07-29,3.4,3.4,3.4,3.4,0,0,1
MIDCPNIFTY29JUL2411800PE.NFO,2024-05-24,13:44:00,2024-07-29,3.4,3.4,3.4,3.4,0,0,1
MIDCPNIFTY29JUL2411800PE.NFO,2024-05-24,13:45:00,2024-07-29,3.4,3.4,3.4,3.4,0,0,1
MIDCPNIFTY29JUL2411800PE.NFO,2024-05-24,13:46:00,2024-07-29,3.4,3.4,3.4,3.4,0,0,1
MIDCPNIFTY29JUL2411800PE.NFO,2024-05-24,13:47:00,2024-07-29,3.4,3.4,3.4,3.4,0,0,1
MIDCPNIFTY29JUL2411800PE.NFO,2024-05-24,13:48:00,2024-07-29,3.4,3.4,3.4,3.4,0,0,1
MIDCPNIFTY29JUL2411800PE.NFO,2024-05-24,13:49:00,2024-07-29,3.4,3.4,3.4,3.4,0,0,1
MIDCPNIFTY29JUL2411800PE.NFO,2024-05-24,13:50:00,2024-07-29,3.4,3.4,3.4,3.4,0,0,1
MIDCPNIFTY29JUL2411800PE.NFO,2024-05-24,13:51:00,2024-07-29,3.4,3.4,3.4,3.4,0,0,1
MIDCPNIFTY29JUL2411800PE.NFO,2024-05-24,13:52:00,2024-07-29,3.4,3.4,3.4,3.4,0,0,1
MIDCPNIFTY29JUL2411800PE.NFO,2024-05-24,13:53:00,2024-07-29,3.4,3.4,3.4,3.4,0,0,1
MIDCPNIFTY29JUL2411800PE.NFO,2024-05-24,13:54:00,2024-07-29,3.4,3.4,3.4,3.4,0,0,1
MIDCPNIFTY29JUL2411800PE.NFO,2024-05-24,13:55:00,2024-07-29,3.4,3.4,3.4,3.4,0,0,1
MIDCPNIFTY29JUL2411800PE.NFO,2024-05-24,13:56:00,2024-07-29,3.4,3.4,3.4,3.4,0,0,1
MIDCPNIFTY29JUL2411800PE.NFO,2024-05-24,13:57:00,2024-07-29,3.4,3.4,3.4,3.4,0,0,1
MIDCPNIFTY29JUL2411800PE.NFO,2024-05-24,13:58:00,2024-07-29,3.4,3.4,3.4,3.4,0,0,1
MIDCPNIFTY29JUL2411800PE.NFO,2024-05-24,13:59:00,2024-07-29,3.4,3.4,3.4,3.4,0,0,1
MIDCPNIFTY29JUL2411800PE.NFO,2024-05-24,14:00:00,2024-07-29,3.4,3.4,3.4,3.4,0,0,1
MIDCPNIFTY29JUL2411800PE.NFO,2024-05-24,14:01:00,2024-07-29,3.4,3.4,3.4,3.4,0,0,1
MIDCPNIFTY29JUL2411800PE.NFO,2024-05-24,14:02:00,2024-07-29,3.4,3.4,3.4,3.4,0,0,1
MIDCPNIFTY29JUL2411800PE.NFO,2024-05-24,14:03:00,2024-07-29,3.4,3.4,3.4,3.4,0,0,1
MIDCPNIFTY29JUL2411800PE.NFO,2024-05-24,14:04:00,2024-07-29,3.4,3.4,3.4,3.4,0,0,1
MIDCPNIFTY29JUL2411800PE.NFO,2024-05-24,14:05:00,2024-07-29,3.4,3.4,3.4,3.4,0,0,1
MIDCPNIFTY29JUL2411800PE.NFO,2024-05-24,14:06:00,2024-07-29,3.4,3.4,3.4,3.4,0,0,1
MIDCPNIFTY29JUL2411800PE.NFO,2024-05-24,14:07:00,2024-07-29,3.4,3.4,3.4,3.4,0,0,1
MIDCPNIFTY29JUL2411800PE.NFO,2024-05-24,14:08:00,2024-07-29,3.4,3.4,3.4,3.4,0,0,1
MIDCPNIFTY29JUL2411800PE.NFO,2024-05-24,14:09:00,2024-07-29,3.4,3.4,3.4,3.4,0,0,1
MIDCPNIFTY29JUL2411800PE.NFO,2024-05-24,14:10:00,2024-07-29,3.4,3.4,3.4,3.4,0,0,1
MIDCPNIFTY29JUL2411800PE.NFO,2024-05-24,14:11:00,2024-07-29,3.4,3.4,3.4,3.4,0,0,1
MIDCPNIFTY29JUL2411800PE.NFO,2024-05-24,14:12:00,2024-07-29,3.4,3.4,3.4,3.4,0,0,1
MIDCPNIFTY29JUL2411800PE.NFO,2024-05-24,14:13:00,2024-07-29,3.4,3.4,3.4,3.4,0,0,1
MIDCPNIFTY29JUL2411800PE.NFO,2024-05-24,14:14:00,2024-07-29,3.4,3.4,3.4,3.4,0,0,1
MIDCPNIFTY29JUL2411800PE.NFO,2024-05-24,14:15:00,2024-07-29,3.4,3.4,3.4,3.4,0,0,1
MIDCPNIFTY29JUL2411800PE.NFO,2024-05-24,14:16:00,2024-07-29,3.4,3.4,3.4,3.4,0,0,1
MIDCPNIFTY29JUL2411800PE.NFO,2024-05-24,14:17:00,2024-07-29,3.4,3.4,3.4,3.4,0,0,1
MIDCPNIFTY29JUL2411800PE.NFO,2024-05-24,14:18:00,2024-07-29,3.4,3.4,3.4,3.4,0,0,1
MIDCPNIFTY29JUL2411800PE.NFO,2024-05-24,14:19:00,2024-07-29,3.4,3.4,3.4,3.4,0,0,1
MIDCPNIFTY29JUL2411800PE.NFO,2024-05-24,14:20:00,2024-07-29,3.4,3.4,3.4,3.4,0,0,1
MIDCPNIFTY29JUL2411800PE.NFO,2024-05-24,14:21:00,2024-07-29,3.4,3.4,3.4,3.4,0,0,1
MIDCPNIFTY29JUL2411800PE.NFO,2024-05-24,14:22:00,2024-07-29,3.4,3.4,3.4,3.4,0,0,1
MIDCPNIFTY29JUL2411800PE.NFO,2024-05-24,14:23:00,2024-07-29,3.4,3.4,3.4,3.4,0,0,1
MIDCPNIFTY29JUL2411800PE.NFO,2024-05-24,14:24:00,2024-07-29,3.4,3.4,3.4,3.4,0,0,1
MIDCPNIFTY29JUL2411800PE.NFO,2024-05-24,14:25:00,2024-07-29,3.4,3.4,3.4,3.4,0,0,1
MIDCPNIFTY29JUL2411800PE.NFO,2024-05-24,14:26:00,2024-07-29,3.4,3.4,3.4,3.4,0,0,1
MIDCPNIFTY29JUL2411800PE.NFO,2024-05-24,14:27:00,2024-07-29,3.4,3.4,3.4,3.4,0,0,1
MIDCPNIFTY29JUL2411800PE.NFO,2024-05-24,14:28:00,2024-07-29,3.4,3.4,3.4,3.4,0,0,1
MIDCPNIFTY29JUL2411800PE.NFO,2024-05-24,14:29:00,2024-07-29,3.4,3.4,3.4,3.4,0,0,1
MIDCPNIFTY29JUL2411800PE.NFO,2024-05-24,14:30:00,2024-07-29,3.4,3.4,3.4,3.4,0,0,1
MIDCPNIFTY29JUL2411800PE.NFO,2024-05-24,14:31:00,2024-07-29,3.4,3.4,3.4,3.4,0,0,1
MIDCPNIFTY29JUL2411800PE.NFO,2024-05-24,14:32:00,2024-07-29,3.4,3.4,3.4,3.4,0,0,1
MIDCPNIFTY29JUL2411800PE.NFO,2024-05-24,14:33:00,2024-07-29,3.4,3.4,3.4,3.4,0,0,1
MIDCPNIFTY29JUL2411800PE.NFO,2024-05-24,14:34:00,2024-07-29,3.4,3.4,3.4,3.4,0,0,1
MIDCPNIFTY29JUL2411800PE.NFO,2024-05-24,14:35:00,2024-07-29,3.4,3.4,3.4,3.4,0,0,1
MIDCPNIFTY29JUL2411800PE.NFO,2024-05-24,14:36:00,2024-07-29,3.4,3.4,3.4,3.4,0,0,1
MIDCPNIFTY29JUL2411800PE.NFO,2024-05-24,14:37:00,2024-07-29,3.4,3.4,3.4,3.4,0,0,1
MIDCPNIFTY29JUL2411800PE.NFO,2024-05-24,14:38:00,2024-07-29,3.4,3.4,3.4,3.4,0,0,1
MIDCPNIFTY29JUL2411800PE.NFO,2024-05-24,14:39:00,2024-07-29,3.4,3.4,3.4,3.4,0,0,1
MIDCPNIFTY29JUL2411800PE.NFO,2024-05-24,14:40:00,2024-07-29,3.4,3.4,3.4,3.4,0,0,1
MIDCPNIFTY29JUL2411800PE.NFO,2024-05-24,14:41:00,2024-07-29,3.4,3.4,3.4,3.4,0,0,1
MIDCPNIFTY29JUL2411800PE.NFO,2024-05-24,14:42:00,2024-07-29,3.4,3.4,3.4,3.4,0,0,1
MIDCPNIFTY29JUL2411800PE.NFO,2024-05-24,14:43:00,2024-07-29,3.4,3.4,3.4,3.4,0,0,1
MIDCPNIFTY29JUL2411800PE.NFO,2024-05-24,14:44:00,2024-07-29,3.4,3.4,3.4,3.4,0,0,1
MIDCPNIFTY29JUL2411800PE.NFO,2024-05-24,14:45:00,2024-07-29,3.4,3.4,3.4,3.4,0,0,1
MIDCPNIFTY29JUL2411800PE.NFO,2024-05-24,14:46:00,2024-07-29,3.4,3.4,3.4,3.4,0,0,1
MIDCPNIFTY29JUL2411800PE.NFO,2024-05-24,14:47:00,2024-07-29,3.4,3.4,3.4,3.4,0,0,1
MIDCPNIFTY29JUL2411800PE.NFO,2024-05-24,14:48:00,2024-07-29,3.4,3.4,3.4,3.4,0,0,1
MIDCPNIFTY29JUL2411800PE.NFO,2024-05-24,14:49:00,2024-07-29,3.4,3.4,3.4,3.4,0,0,1
MIDCPNIFTY29JUL2411800PE.NFO,2024-05-24,14:50:00,2024-07-29,3.4,3.4,3.4,3.4,0,0,1
MIDCPNIFTY29JUL2411800PE.NFO,2024-05-24,14:51:00,2024-07-29,3.4,3.4,3.4,3.4,0,0,1
MIDCPNIFTY29JUL2411800PE.NFO,2024-05-24,14:52:00,2024-07-29,3.4,3.4,3.4,3.4,0,0,1
MIDCPNIFTY29JUL2411800PE.NFO,2024-05-24,14:53:00,2024-07-29,3.4,3.4,3.4,3.4,0,0,1
MIDCPNIFTY29JUL2411800PE.NFO,2024-05-24,14:54:00,2024-07-29,3.4,3.4,3.4,3.4,0,0,1
MIDCPNIFTY29JUL2411800PE.NFO,2024-05-24,14:55:00,2024-07-29,3.4,3.4,3.4,3.4,0,0,1
MIDCPNIFTY29JUL2411800PE.NFO,2024-05-24,14:56:00,2024-07-29,3.4,3.4,3.4,3.4,0,0,1
MIDCPNIFTY29JUL2411800PE.NFO,2024-05-24,14:57:00,2024-07-29,3.4,3.4,3.4,3.4,0,0,1
MIDCPNIFTY29JUL2411800PE.NFO,2024-05-24,14:58:00,2024-07-29,3.4,3.4,3.4,3.4,0,0,1
MIDCPNIFTY29JUL2411800PE.NFO,2024-05-24,14:59:00,2024-07-29,3.4,3.4,3.4,3.4,0,0,1
MIDCPNIFTY29JUL2411800PE.NFO,2024-05-24,15:00:00,2024-07-29,3.4,3.4,3.4,3.4,0,0,1
MIDCPNIFTY29JUL2411800PE.NFO,2024-05-24,15:01:00,2024-07-29,3.4,3.4,3.4,3.4,0,0,1
MIDCPNIFTY29JUL2411800PE.NFO,2024-05-24,15:02:00,2024-07-29,3.4,3.4,3.4,3.4,0,0,1
MIDCPNIFTY29JUL2411800PE.NFO,2024-05-24,15:03:00,2024-07-29,3.4,3.4,3.4,3.4,0,0,1
MIDCPNIFTY29JUL2411800PE.NFO,2024-05-24,15:04:00,2024-07-29,3.4,3.4,3.4,3.4,0,0,1
MIDCPNIFTY29JUL2411800PE.NFO,2024-05-24,15:05:00,2024-07-29,3.4,3.4,3.4,3.4,0,0,1
MIDCPNIFTY29JUL2411800PE.NFO,2024-05-24,15:06:00,2024-07-29,3.4,3.4,3.4,3.4,0,0,1
MIDCPNIFTY29JUL2411800PE.NFO,2024-05-24,15:07:00,2024-07-29,3.4,3.4,3.4,3.4,0,0,1
MIDCPNIFTY29JUL2411800PE.NFO,2024-05-24,15:08:00,2024-07-29,3.4,3.4,3.4,3.4,0,0,1
MIDCPNIFTY29JUL2411800PE.NFO,2024-05-24,15:09:00,2024-07-29,3.4,3.4,3.4,3.4,0,0,1
MIDCPNIFTY29JUL2411800PE.NFO,2024-05-24,15:10:00,2024-07-29,3.4,3.4,3.4,3.4,0,0,1
MIDCPNIFTY29JUL2411800PE.NFO,2024-05-24,15:11:00,2024-07-29,3.4,3.4,3.4,3.4,0,0,1
MIDCPNIFTY29JUL2411800PE.NFO,2024-05-24,15:12:00,2024-07-29,3.4,3.4,3.4,3.4,0,0,1
MIDCPNIFTY29JUL2411800PE.NFO,2024-05-24,15:13:00,2024-07-29,3.4,3.4,3.4,3.4,0,0,1
MIDCPNIFTY29JUL2411800PE.NFO,2024-05-24,15:14:00,2024-07-29,3.4,3.4,3.4,3.4,0,0,1
MIDCPNIFTY29JUL2411800PE.NFO,2024-05-24,15:15:00,2024-07-29,3.4,3.4,3.4,3.4,0,0,1
MIDCPNIFTY29JUL2411800PE.NFO,2024-05-24,15:16:00,2024-07-29,3.4,3.4,3.4,3.4,0,0,1
MIDCPNIFTY29JUL2411800PE.NFO,2024-05-24,15:17:00,2024-07-29,3.4,3.4,3.4,3.4,0,0,1
MIDCPNIFTY29JUL2411800PE.NFO,2024-05-24,15:18:00,2024-07-29,3.4,3.4,3.4,3.4,0,0,1
MIDCPNIFTY29JUL2411800PE.NFO,2024-05-24,15:19:00,2024-07-29,3.4,3.4,3.4,3.4,0,0,1
MIDCPNIFTY29JUL2411800PE.NFO,2024-05-24,15:20:00,2024-07-29,3.4,3.4,3.4,3.4,0,0,1
MIDCPNIFTY29JUL2411800PE.NFO,2024-05-24,15:21:00,2024-07-29,3.4,3.4,3.4,3.4,0,0,1
MIDCPNIFTY29JUL2411800PE.NFO,2024-05-24,15:22:00,2024-07-29,3.4,3.4,3.4,3.4,0,0,1
MIDCPNIFTY29JUL2411800PE.NFO,2024-05-24,15:23:00,2024-07-29,3.4,3.4,3.4,3.4,0,0,1
MIDCPNIFTY29JUL2411800PE.NFO,2024-05-24,15:24:00,2024-07-29,3.4,3.4,3.4,3.4,0,0,1
MIDCPNIFTY29JUL2411800PE.NFO,2024-05-24,15:25:00,2024-07-29,3.4,3.4,3.4,3.4,0,0,1
MIDCPNIFTY29JUL2411800PE.NFO,2024-05-24,15:26:00,2024-07-29,3.4,3.4,3.4,3.4,0,0,1
MIDCPNIFTY29JUL2411800PE.NFO,2024-05-24,15:27:00,2024-07-29,3.4,3.4,3.4,3.4,0,0,1
MIDCPNIFTY29JUL2411800PE.NFO,2024-05-24,15:28:00,2024-07-29,3.4,3.4,3.4,3.4,0,0,1
MIDCPNIFTY29JUL2411800PE.NFO,2024-05-24,15:29:00,2024-07-29,3.4,3.4,3.4,3.4,0,0,1
MIDCPNIFTY29JUL2411800PE.NFO,2024-05-24,15:30:00,2024-07-29,3.4,3.4,3.4,3.4,0,0,1
MIDCPNIFTY29JUL2411800PE.NFO,2024-05-27,09:15:00,2024-07-29,3.4,3.4,3.4,3.4,0,0,0
MIDCPNIFTY29JUL2411800PE.NFO,2024-05-27,09:16:00,2024-07-29,3.4,3.4,3.4,3.4,0,0,1
MIDCPNIFTY29JUL2411800PE.NFO,2024-05-27,09:17:00,2024-07-29,3.4,3.4,3.4,3.4,0,0,1
MIDCPNIFTY29JUL2411800PE.NFO,2024-05-27,09:18:00,2024-07-29,3.4,3.4,3.4,3.4,0,0,1
MIDCPNIFTY29JUL2411800PE.NFO,2024-05-27,09:19:00,2024-07-29,3.4,3.4,3.4,3.4,0,0,1
MIDCPNIFTY29JUL2411800PE.NFO,2024-05-27,09:20:00,2024-07-29,3.4,3.4,3.4,3.4,0,0,1
MIDCPNIFTY29JUL2411800PE.NFO,2024-05-27,09:21:00,2024-07-29,3.4,3.4,3.4,3.4,0,0,1
MIDCPNIFTY29JUL2411800PE.NFO,2024-05-27,09:22:00,2024-07-29,3.4,3.4,3.4,3.4,0,0,1
MIDCPNIFTY29JUL2411800PE.NFO,2024-05-27,09:23:00,2024-07-29,3.4,3.4,3.4,3.4,0,0,1
MIDCPNIFTY29JUL2411800PE.NFO,2024-05-27,09:24:00,2024-07-29,3.4,3.4,3.4,3.4,0,0,1
MIDCPNIFTY29JUL2411800PE.NFO,2024-05-27,09:25:00,2024-07-29,3.4,3.4,3.4,3.4,0,0,1
MIDCPNIFTY29JUL2411800PE.NFO,2024-05-27,09:26:00,2024-07-29,3.4,3.4,3.4,3.4,0,0,1
MIDCPNIFTY29JUL2411800PE.NFO,2024-05-27,09:27:00,2024-07-29,3.4,3.4,3.4,3.4,0,0,1
MIDCPNIFTY29JUL2411800PE.NFO,2024-05-27,09:28:00,2024-07-29,3.4,3.4,3.4,3.4,0,0,1
MIDCPNIFTY29JUL2411800PE.NFO,2024-05-27,09:29:00,2024-07-29,3.4,3.4,3.4,3.4,0,0,1
MIDCPNIFTY29JUL2411800PE.NFO,2024-05-27,09:30:00,2024-07-29,3.4,3.4,3.4,3.4,0,0,1
MIDCPNIFTY29JUL2411800PE.NFO,2024-05-27,09:31:00,2024-07-29,3.4,3.4,3.4,3.4,0,0,1
MIDCPNIFTY29JUL2411800PE.NFO,2024-05-27,09:32:00,2024-07-29,3.4,3.4,3.4,3.4,0,0,1
MIDCPNIFTY29JUL2411800PE.NFO,2024-05-27,09:33:00,2024-07-29,3.4,3.4,3.4,3.4,0,0,1
MIDCPNIFTY29JUL2411800PE.NFO,2024-05-27,09:34:00,2024-07-29,3.4,3.4,3.4,3.4,0,0,1
MIDCPNIFTY29JUL2411800PE.NFO,2024-05-27,09:35:00,2024-07-29,3.4,3.4,3.4,3.4,0,0,1
MIDCPNIFTY29JUL2411800PE.NFO,2024-05-27,09:36:00,2024-07-29,3.4,3.4,3.4,3.4,0,0,1
MIDCPNIFTY29JUL2411800PE.NFO,2024-05-27,09:37:00,2024-07-29,3.4,3.4,3.4,3.4,0,0,1
MIDCPNIFTY29JUL2411800PE.NFO,2024-05-27,09:38:00,2024-07-29,3.4,3.4,3.4,3.4,0,0,1
MIDCPNIFTY29JUL2411800PE.NFO,2024-05-27,09:39:00,2024-07-29,3.4,3.4,3.4,3.4,0,0,1
MIDCPNIFTY29JUL2411800PE.NFO,2024-05-27,09:40:00,2024-07-29,3.4,3.4,3.4,3.4,0,0,1
MIDCPNIFTY29JUL2411800PE.NFO,2024-05-27,09:41:00,2024-07-29,3.4,3.4,3.4,3.4,0,0,1
MIDCPNIFTY29JUL2411800PE.NFO,2024-05-27,09:42:00,2024-07-29,3.4,3.4,3.4,3.4,0,0,1
MIDCPNIFTY29JUL2411800PE.NFO,2024-05-27,09:43:00,2024-07-29,3.4,3.4,3.4,3.4,0,0,1
MIDCPNIFTY29JUL2411800PE.NFO,2024-05-27,09:44:00,2024-07-29,3.4,3.4,3.4,3.4,0,0,1
MIDCPNIFTY29JUL2411800PE.NFO,2024-05-27,09:45:00,2024-07-29,3.4,3.4,3.4,3.4,0,0,1
MIDCPNIFTY29JUL2411800PE.NFO,2024-05-27,09:46:00,2024-07-29,3.4,3.4,3.4,3.4,0,0,1
MIDCPNIFTY29JUL2411800PE.NFO,2024-05-27,09:47:00,2024-07-29,3.4,3.4,3.4,3.4,0,0,1
MIDCPNIFTY29JUL2411800PE.NFO,2024-05-27,09:48:00,2024-07-29,3.4,3.4,3.4,3.4,0,0,1
MIDCPNIFTY29JUL2411800PE.NFO,2024-05-27,09:49:00,2024-07-29,3.4,3.4,3.4,3.4,0,0,1
MIDCPNIFTY29JUL2411800PE.NFO,2024-05-27,09:50:00,2024-07-29,3.4,3.4,3.4,3.4,0,0,1
MIDCPNIFTY29JUL2411800PE.NFO,2024-05-27,09:51:00,2024-07-29,3.4,3.4,3.4,3.4,0,0,1
MIDCPNIFTY29JUL2411800PE.NFO,2024-05-27,09:52:00,2024-07-29,3.4,3.4,3.4,3.4,0,0,1
MIDCPNIFTY29JUL2411800PE.NFO,2024-05-27,09:53:00,2024-07-29,3.4,3.4,3.4,3.4,0,0,1
MIDCPNIFTY29JUL2411800PE.NFO,2024-05-27,09:54:00,2024-07-29,3.4,3.4,3.4,3.4,0,0,1
MIDCPNIFTY29JUL2411800PE.NFO,2024-05-27,09:55:00,2024-07-29,3.4,3.4,3.4,3.4,0,0,1
MIDCPNIFTY29JUL2411800PE.NFO,2024-05-27,09:56:00,2024-07-29,3.4,3.4,3.4,3.4,0,0,1
MIDCPNIFTY29JUL2411800PE.NFO,2024-05-27,09:57:00,2024-07-29,3.4,3.4,3.4,3.4,0,0,1
MIDCPNIFTY29JUL2411800PE.NFO,2024-05-27,09:58:00,2024-07-29,3.4,3.4,3.4,3.4,0,0,1
MIDCPNIFTY29JUL2411800PE.NFO,2024-05-27,09:59:00,2024-07-29,3.4,3.4,3.4,3.4,0,0,1
MIDCPNIFTY29JUL2411800PE.NFO,2024-05-27,10:00:00,2024-07-29,3.4,3.4,3.4,3.4,0,0,1
MIDCPNIFTY29JUL2411800PE.NFO,2024-05-27,10:01:00,2024-07-29,3.4,3.4,3.4,3.4,0,0,1
MIDCPNIFTY29JUL2411800PE.NFO,2024-05-27,10:02:00,2024-07-29,3.4,3.4,3.4,3.4,0,0,1
MIDCPNIFTY29JUL2411800PE.NFO,2024-05-27,10:03:00,2024-07-29,3.4,3.4,3.4,3.4,0,0,1
MIDCPNIFTY29JUL2411800PE.NFO,2024-05-27,10:04:00,2024-07-29,3.4,3.4,3.4,3.4,0,0,1
MIDCPNIFTY29JUL2411800PE.NFO,2024-05-27,10:05:00,2024-07-29,3.4,3.4,3.4,3.4,0,0,1
MIDCPNIFTY29JUL2411800PE.NFO,2024-05-27,10:06:00,2024-07-29,3.4,3.4,3.4,3.4,0,0,1
MIDCPNIFTY29JUL2411800PE.NFO,2024-05-27,10:07:00,2024-07-29,3.4,3.4,3.4,3.4,0,0,1
MIDCPNIFTY29JUL2411800PE.NFO,2024-05-27,10:08:00,2024-07-29,3.4,3.4,3.4,3.4,0,0,1
MIDCPNIFTY29JUL2411800PE.NFO,2024-05-27,10:09:00,2024-07-29,3.4,3.4,3.4,3.4,0,0,1
MIDCPNIFTY29JUL2411800PE.NFO,2024-05-27,10:10:00,2024-07-29,3.4,3.4,3.4,3.4,0,0,1
MIDCPNIFTY29JUL2411800PE.NFO,2024-05-27,10:11:00,2024-07-29,3.4,3.4,3.4,3.4,0,0,1
MIDCPNIFTY29JUL2411800PE.NFO,2024-05-27,10:12:00,2024-07-29,3.4,3.4,3.4,3.4,0,0,1
MIDCPNIFTY29JUL2411800PE.NFO,2024-05-27,10:13:00,2024-07-29,3.4,3.4,3.4,3.4,0,0,1
MIDCPNIFTY29JUL2411800PE.NFO,2024-05-27,10:14:00,2024-07-29,3.4,3.4,3.4,3.4,0,0,1
MIDCPNIFTY29JUL2411800PE.NFO,2024-05-27,10:15:00,2024-07-29,3.4,3.4,3.4,3.4,0,0,1
MIDCPNIFTY29JUL2411800PE.NFO,2024-05-27,10:16:00,2024-07-29,3.4,3.4,3.4,3.4,0,0,1
MIDCPNIFTY29JUL2411800PE.NFO,2024-05-27,10:17:00,2024-07-29,3.4,3.4,3.4,3.4,0,0,1
MIDCPNIFTY29JUL2411800PE.NFO,2024-05-27,10:18:00,2024-07-29,3.4,3.4,3.4,3.4,0,0,1
MIDCPNIFTY29JUL2411800PE.NFO,2024-05-27,10:19:00,2024-07-29,3.4,3.4,3.4,3.4,0,0,1
MIDCPNIFTY29JUL2411800PE.NFO,2024-05-27,10:20:00,2024-07-29,3.4,3.4,3.4,3.4,0,0,1
MIDCPNIFTY29JUL2411800PE.NFO,2024-05-27,10:21:00,2024-07-29,3.4,3.4,3.4,3.4,0,0,1
MIDCPNIFTY29JUL2411800PE.NFO,2024-05-27,10:22:00,2024-07-29,3.4,3.4,3.4,3.4,0,0,1
MIDCPNIFTY29JUL2411800PE.NFO,2024-05-27,10:23:00,2024-07-29,3.4,3.4,3.4,3.4,0,0,1
MIDCPNIFTY29JUL2411800PE.NFO,2024-05-27,10:24:00,2024-07-29,3.4,3.4,3.4,3.4,0,0,1
MIDCPNIFTY29JUL2411800PE.NFO,2024-05-27,10:25:00,2024-07-29,3.4,3.4,3.4,3.4,0,0,1
MIDCPNIFTY29JUL2411800PE.NFO,2024-05-27,10:26:00,2024-07-29,3.4,3.4,3.4,3.4,0,0,1
MIDCPNIFTY29JUL2411800PE.NFO,2024-05-27,10:27:00,2024-07-29,3.4,3.4,3.4,3.4,0,0,1
MIDCPNIFTY29JUL2411800PE.NFO,2024-05-27,10:28:00,2024-07-29,3.4,3.4,3.4,3.4,0,0,1
MIDCPNIFTY29JUL2411800PE.NFO,2024-05-27,10:29:00,2024-07-29,3.4,3.4,3.4,3.4,0,0,1
MIDCPNIFTY29JUL2411800PE.NFO,2024-05-27,10:30:00,2024-07-29,3.4,3.4,3.4,3.4,0,0,1
MIDCPNIFTY29JUL2411800PE.NFO,2024-05-27,10:31:00,2024-07-29,3.4,3.4,3.4,3.4,0,0,1
MIDCPNIFTY29JUL2411800PE.NFO,2024-05-27,10:32:00,2024-07-29,3.4,3.4,3.4,3.4,0,0,1
MIDCPNIFTY29JUL2411800PE.NFO,2024-05-27,10:33:00,2024-07-29,3.4,3.4,3.4,3.4,0,0,1
MIDCPNIFTY29JUL2411800PE.NFO,2024-05-27,10:34:00,2024-07-29,3.4,3.4,3.4,3.4,0,0,1
MIDCPNIFTY29JUL2411800PE.NFO,2024-05-27,10:35:00,2024-07-29,3.4,3.4,3.4,3.4,0,0,1
MIDCPNIFTY29JUL2411800PE.NFO,2024-05-27,10:36:00,2024-07-29,3.4,3.4,3.4,3.4,0,0,1
MIDCPNIFTY29JUL2411800PE.NFO,2024-05-27,10:37:00,2024-07-29,3.4,3.4,3.4,3.4,0,0,1
MIDCPNIFTY29JUL2411800PE.NFO,2024-05-27,10:38:00,2024-07-29,3.4,3.4,3.4,3.4,0,0,1
MIDCPNIFTY29JUL2411800PE.NFO,2024-05-27,10:39:00,2024-07-29,3.4,3.4,3.4,3.4,0,0,1
MIDCPNIFTY29JUL2411800PE.NFO,2024-05-27,10:40:00,2024-07-29,3.4,3.4,3.4,3.4,0,0,1
MIDCPNIFTY29JUL2411800PE.NFO,2024-05-27,10:41:00,2024-07-29,3.4,3.4,3.4,3.4,0,0,1
MIDCPNIFTY29JUL2411800PE.NFO,2024-05-27,10:42:00,2024-07-29,3.4,3.4,3.4,3.4,0,0,1
MIDCPNIFTY29JUL2411800PE.NFO,2024-05-27,10:43:00,2024-07-29,3.4,3.4,3.4,3.4,0,0,1
MIDCPNIFTY29JUL2411800PE.NFO,2024-05-27,10:44:00,2024-07-29,3.4,3.4,3.4,3.4,0,0,1
MIDCPNIFTY29JUL2411800PE.NFO,2024-05-27,10:45:00,2024-07-29,3.4,3.4,3.4,3.4,0,0,1
MIDCPNIFTY29JUL2411800PE.NFO,2024-05-27,10:46:00,2024-07-29,3.4,3.4,3.4,3.4,0,0,1
MIDCPNIFTY29JUL2411800PE.NFO,2024-05-27,10:47:00,2024-07-29,3.4,3.4,3.4,3.4,0,0,1
MIDCPNIFTY29JUL2411800PE.NFO,2024-05-27,10:48:00,2024-07-29,3.4,3.4,3.4,3.4,0,0,1
MIDCPNIFTY29JUL2411800PE.NFO,2024-05-27,10:49:00,2024-07-29,3.4,3.4,3.4,3.4,0,0,1
MIDCPNIFTY29JUL2411800PE.NFO,2024-05-27,10:50:00,2024-07-29,3.4,3.4,3.4,3.4,0,0,1
MIDCPNIFTY29JUL2411800PE.NFO,2024-05-27,10:51:00,2024-07-29,3.4,3.4,3.4,3.4,0,0,1
MIDCPNIFTY29JUL2411800PE.NFO,2024-05-27,10:52:00,2024-07-29,3.4,3.4,3.4,3.4,0,0,1
MIDCPNIFTY29JUL2411800PE.NFO,2024-05-27,10:53:00,2024-07-29,3.4,3.4,3.4,3.4,0,0,1
MIDCPNIFTY29JUL2411800PE.NFO,2024-05-27,10:54:00,2024-07-29,3.4,3.4,3.4,3.4,0,0,1
MIDCPNIFTY29JUL2411800PE.NFO,2024-05-27,10:55:00,2024-07-29,3.4,3.4,3.4,3.4,0,0,1
MIDCPNIFTY29JUL2411800PE.NFO,2024-05-27,10:56:00,2024-07-29,3.4,3.4,3.4,3.4,0,0,1
MIDCPNIFTY29JUL2411800PE.NFO,2024-05-27,10:57:00,2024-07-29,3.4,3.4,3.4,3.4,0,0,1
MIDCPNIFTY29JUL2411800PE.NFO,2024-05-27,10:58:00,2024-07-29,3.4,3.4,3.4,3.4,0,0,1
MIDCPNIFTY29JUL2411800PE.NFO,2024-05-27,10:59:00,2024-07-29,3.4,3.4,3.4,3.4,0,0,1
MIDCPNIFTY29JUL2411800PE.NFO,2024-05-27,11:00:00,2024-07-29,3.4,3.4,3.4,3.4,0,0,1
MIDCPNIFTY29JUL2411800PE.NFO,2024-05-27,11:01:00,2024-07-29,3.4,3.4,3.4,3.4,0,0,1
MIDCPNIFTY29JUL2411800PE.NFO,2024-05-27,11:02:00,2024-07-29,3.4,3.4,3.4,3.4,0,0,1
MIDCPNIFTY29JUL2411800PE.NFO,2024-05-27,11:03:00,2024-07-29,3.4,3.4,3.4,3.4,0,0,1
MIDCPNIFTY29JUL2411800PE.NFO,2024-05-27,11:04:00,2024-07-29,3.4,3.4,3.4,3.4,0,0,1
MIDCPNIFTY29JUL2411800PE.NFO,2024-05-27,11:05:00,2024-07-29,3.4,3.4,3.4,3.4,0,0,1
MIDCPNIFTY29JUL2411800PE.NFO,2024-05-27,11:06:00,2024-07-29,3.4,3.4,3.4,3.4,0,0,1
MIDCPNIFTY29JUL2411800PE.NFO,2024-05-27,11:07:00,2024-07-29,3.4,3.4,3.4,3.4,0,0,1
MIDCPNIFTY29JUL2411800PE.NFO,2024-05-27,11:08:00,2024-07-29,3.4,3.4,3.4,3.4,0,0,1
MIDCPNIFTY29JUL2411800PE.NFO,2024-05-27,11:09:00,2024-07-29,3.4,3.4,3.4,3.4,0,0,1
MIDCPNIFTY29JUL2411800PE.NFO,2024-05-27,11:10:00,2024-07-29,3.4,3.4,3.4,3.4,0,0,1
MIDCPNIFTY29JUL2411800PE.NFO,2024-05-27,11:11:00,2024-07-29,3.4,3.4,3.4,3.4,0,0,1
MIDCPNIFTY29JUL2411800PE.NFO,2024-05-27,11:12:00,2024-07-29,3.4,3.4,3.4,3.4,0,0,1
MIDCPNIFTY29JUL2411800PE.NFO,2024-05-27,11:13:00,2024-07-29,3.4,3.4,3.4,3.4,0,0,1
MIDCPNIFTY29JUL2411800PE.NFO,2024-05-27,11:14:00,2024-07-29,3.4,3.4,3.4,3.4,0,0,1
MIDCPNIFTY29JUL2411800PE.NFO,2024-05-27,11:15:00,2024-07-29,3.4,3.4,3.4,3.4,0,0,1
MIDCPNIFTY29JUL2411800PE.NFO,2024-05-27,11:16:00,2024-07-29,3.4,3.4,3.4,3.4,0,0,1
MIDCPNIFTY29JUL2411800PE.NFO,2024-05-27,11:17:00,2024-07-29,3.4,3.4,3.4,3.4,0,0,1
MIDCPNIFTY29JUL2411800PE.NFO,2024-05-27,11:18:00,2024-07-29,3.4,3.4,3.4,3.4,0,0,1
MIDCPNIFTY29JUL2411800PE.NFO,2024-05-27,11:19:00,2024-07-29,3.4,3.4,3.4,3.4,0,0,1
MIDCPNIFTY29JUL2411800PE.NFO,2024-05-27,11:20:00,2024-07-29,3.4,3.4,3.4,3.4,0,0,1
MIDCPNIFTY29JUL2411800PE.NFO,2024-05-27,11:21:00,2024-07-29,3.4,3.4,3.4,3.4,0,0,1
MIDCPNIFTY29JUL2411800PE.NFO,2024-05-27,11:22:00,2024-07-29,3.4,3.4,3.4,3.4,0,0,1
MIDCPNIFTY29JUL2411800PE.NFO,2024-05-27,11:23:00,2024-07-29,3.4,3.4,3.4,3.4,0,0,1
MIDCPNIFTY29JUL2411800PE.NFO,2024-05-27,11:24:00,2024-07-29,3.4,3.4,3.4,3.4,0,0,1
MIDCPNIFTY29JUL2411800PE.NFO,2024-05-27,11:25:00,2024-07-29,3.4,3.4,3.4,3.4,0,0,1
MIDCPNIFTY29JUL2411800PE.NFO,2024-05-27,11:26:00,2024-07-29,3.4,3.4,3.4,3.4,0,0,1
MIDCPNIFTY29JUL2411800PE.NFO,2024-05-27,11:27:00,2024-07-29,3.4,3.4,3.4,3.4,0,0,1
MIDCPNIFTY29JUL2411800PE.NFO,2024-05-27,11:28:00,2024-07-29,3.4,3.4,3.4,3.4,0,0,1
MIDCPNIFTY29JUL2411800PE.NFO,2024-05-27,11:29:00,2024-07-29,3.4,3.4,3.4,3.4,0,0,1
MIDCPNIFTY29JUL2411800PE.NFO,2024-05-27,11:30:00,2024-07-29,3.4,3.4,3.4,3.4,0,0,1
MIDCPNIFTY29JUL2411800PE.NFO,2024-05-27,11:31:00,2024-07-29,3.4,3.4,3.4,3.4,0,0,1
MIDCPNIFTY29JUL2411800PE.NFO,2024-05-27,11:32:00,2024-07-29,3.4,3.4,3.4,3.4,0,0,1
MIDCPNIFTY29JUL2411800PE.NFO,2024-05-27,11:33:00,2024-07-29,3.4,3.4,3.4,3.4,0,0,1
MIDCPNIFTY29JUL2411800PE.NFO,2024-05-27,11:34:00,2024-07-29,3.4,3.4,3.4,3.4,0,0,1
MIDCPNIFTY29JUL2411800PE.NFO,2024-05-27,11:35:00,2024-07-29,3.4,3.4,3.4,3.4,0,0,1
MIDCPNIFTY29JUL2411800PE.NFO,2024-05-27,11:36:00,2024-07-29,3.4,3.4,3.4,3.4,0,0,1
MIDCPNIFTY29JUL2411800PE.NFO,2024-05-27,11:37:00,2024-07-29,3.4,3.4,3.4,3.4,0,0,1
MIDCPNIFTY29JUL2411800PE.NFO,2024-05-27,11:38:00,2024-07-29,3.4,3.4,3.4,3.4,0,0,1
MIDCPNIFTY29JUL2411800PE.NFO,2024-05-27,11:39:00,2024-07-29,3.4,3.4,3.4,3.4,0,0,1
MIDCPNIFTY29JUL2411800PE.NFO,2024-05-27,11:40:00,2024-07-29,3.4,3.4,3.4,3.4,0,0,1
MIDCPNIFTY29JUL2411800PE.NFO,2024-05-27,11:41:00,2024-07-29,3.4,3.4,3.4,3.4,0,0,1
MIDCPNIFTY29JUL2411800PE.NFO,2024-05-27,11:42:00,2024-07-29,3.4,3.4,3.4,3.4,0,0,1
MIDCPNIFTY29JUL2411800PE.NFO,2024-05-27,11:43:00,2024-07-29,3.4,3.4,3.4,3.4,0,0,1
MIDCPNIFTY29JUL2411800PE.NFO,2024-05-27,11:44:00,2024-07-29,3.4,3.4,3.4,3.4,0,0,1
MIDCPNIFTY29JUL2411800PE.NFO,2024-05-27,11:45:00,2024-07-29,3.4,3.4,3.4,3.4,0,0,1
MIDCPNIFTY29JUL2411800PE.NFO,2024-05-27,11:46:00,2024-07-29,3.4,3.4,3.4,3.4,0,0,1
MIDCPNIFTY29JUL2411800PE.NFO,2024-05-27,11:47:00,2024-07-29,3.4,3.4,3.4,3.4,0,0,1
MIDCPNIFTY29JUL2411800PE.NFO,2024-05-27,11:48:00,2024-07-29,3.4,3.4,3.4,3.4,0,0,1
MIDCPNIFTY29JUL2411800PE.NFO,2024-05-27,11:49:00,2024-07-29,3.4,3.4,3.4,3.4,0,0,1
MIDCPNIFTY29JUL2411800PE.NFO,2024-05-27,11:50:00,2024-07-29,3.4,3.4,3.4,3.4,0,0,1
MIDCPNIFTY29JUL2411800PE.NFO,2024-05-27,11:51:00,2024-07-29,3.4,3.4,3.4,3.4,0,0,1
MIDCPNIFTY29JUL2411800PE.NFO,2024-05-27,11:52:00,2024-07-29,3.4,3.4,3.4,3.4,0,0,1
MIDCPNIFTY29JUL2411800PE.NFO,2024-05-27,11:53:00,2024-07-29,3.4,3.4,3.4,3.4,0,0,1
MIDCPNIFTY29JUL2411800PE.NFO,2024-05-27,11:54:00,2024-07-29,3.4,3.4,3.4,3.4,0,0,1
MIDCPNIFTY29JUL2411800PE.NFO,2024-05-27,11:55:00,2024-07-29,3.4,3.4,3.4,3.4,0,0,1
MIDCPNIFTY29JUL2411800PE.NFO,2024-05-27,11:56:00,2024-07-29,3.4,3.4,3.4,3.4,0,0,1
MIDCPNIFTY29JUL2411800PE.NFO,2024-05-27,11:57:00,2024-07-29,3.4,3.4,3.4,3.4,0,0,1
MIDCPNIFTY29JUL2411800PE.NFO,2024-05-27,11:58:00,2024-07-29,3.4,3.4,3.4,3.4,0,0,1
MIDCPNIFTY29JUL2411800PE.NFO,2024-05-27,11:59:00,2024-07-29,3.4,3.4,3.4,3.4,0,0,1
MIDCPNIFTY29JUL2411800PE.NFO,2024-05-27,12:00:00,2024-07-29,3.4,3.4,3.4,3.4,0,0,1
MIDCPNIFTY29JUL2411800PE.NFO,2024-05-27,12:01:00,2024-07-29,3.4,3.4,3.4,3.4,0,0,1
MIDCPNIFTY29JUL2411800PE.NFO,2024-05-27,12:02:00,2024-07-29,3.4,3.4,3.4,3.4,0,0,1
MIDCPNIFTY29JUL2411800PE.NFO,2024-05-27,12:03:00,2024-07-29,3.4,3.4,3.4,3.4,0,0,1
MIDCPNIFTY29JUL2411800PE.NFO,2024-05-27,12:04:00,2024-07-29,3.4,3.4,3.4,3.4,0,0,1
MIDCPNIFTY29JUL2411800PE.NFO,2024-05-27,12:05:00,2024-07-29,3.4,3.4,3.4,3.4,0,0,1
MIDCPNIFTY29JUL2411800PE.NFO,2024-05-27,12:06:00,2024-07-29,3.4,3.4,3.4,3.4,0,0,1
MIDCPNIFTY29JUL2411800PE.NFO,2024-05-27,12:07:00,2024-07-29,3.4,3.4,3.4,3.4,0,0,1
MIDCPNIFTY29JUL2411800PE.NFO,2024-05-27,12:08:00,2024-07-29,3.4,3.4,3.4,3.4,0,0,1
MIDCPNIFTY29JUL2411800PE.NFO,2024-05-27,12:09:00,2024-07-29,3.4,3.4,3.4,3.4,0,0,1
MIDCPNIFTY29JUL2411800PE.NFO,2024-05-27,12:10:00,2024-07-29,3.4,3.4,3.4,3.4,0,0,1
MIDCPNIFTY29JUL2411800PE.NFO,2024-05-27,12:11:00,2024-07-29,3.4,3.4,3.4,3.4,0,0,1
MIDCPNIFTY29JUL2411800PE.NFO,2024-05-27,12:12:00,2024-07-29,3.4,3.4,3.4,3.4,0,0,1
MIDCPNIFTY29JUL2411800PE.NFO,2024-05-27,12:13:00,2024-07-29,3.4,3.4,3.4,3.4,0,0,1
MIDCPNIFTY29JUL2411800PE.NFO,2024-05-27,12:14:00,2024-07-29,3.4,3.4,3.4,3.4,0,0,1
MIDCPNIFTY29JUL2411800PE.NFO,2024-05-27,12:15:00,2024-07-29,3.4,3.4,3.4,3.4,0,0,1
MIDCPNIFTY29JUL2411800PE.NFO,2024-05-27,12:16:00,2024-07-29,3.4,3.4,3.4,3.4,0,0,1
MIDCPNIFTY29JUL2411800PE.NFO,2024-05-27,12:17:00,2024-07-29,3.4,3.4,3.4,3.4,0,0,1
MIDCPNIFTY29JUL2411800PE.NFO,2024-05-27,12:18:00,2024-07-29,3.4,3.4,3.4,3.4,0,0,1
MIDCPNIFTY29JUL2411800PE.NFO,2024-05-27,12:19:00,2024-07-29,3.4,3.4,3.4,3.4,0,0,1
MIDCPNIFTY29JUL2411800PE.NFO,2024-05-27,12:20:00,2024-07-29,3.4,3.4,3.4,3.4,0,0,1
MIDCPNIFTY29JUL2411800PE.NFO,2024-05-27,12:21:00,2024-07-29,3.4,3.4,3.4,3.4,0,0,1
MIDCPNIFTY29JUL2411800PE.NFO,2024-05-27,12:22:00,2024-07-29,3.4,3.4,3.4,3.4,0,0,1
MIDCPNIFTY29JUL2411800PE.NFO,2024-05-27,12:23:00,2024-07-29,3.4,3.4,3.4,3.4,0,0,1
MIDCPNIFTY29JUL2411800PE.NFO,2024-05-27,12:24:00,2024-07-29,3.4,3.4,3.4,3.4,0,0,1
MIDCPNIFTY29JUL2411800PE.NFO,2024-05-27,12:25:00,2024-07-29,3.4,3.4,3.4,3.4,0,0,1
MIDCPNIFTY29JUL2411800PE.NFO,2024-05-27,12:26:00,2024-07-29,3.4,3.4,3.4,3.4,0,0,1
MIDCPNIFTY29JUL2411800PE.NFO,2024-05-27,12:27:00,2024-07-29,3.4,3.4,3.4,3.4,0,0,1
MIDCPNIFTY29JUL2411800PE.NFO,2024-05-27,12:28:00,2024-07-29,3.4,3.4,3.4,3.4,0,0,1
MIDCPNIFTY29JUL2411800PE.NFO,2024-05-27,12:29:00,2024-07-29,3.4,3.4,3.4,3.4,0,0,1
MIDCPNIFTY29JUL2411800PE.NFO,2024-05-27,12:30:00,2024-07-29,3.4,3.4,3.4,3.4,0,0,1
MIDCPNIFTY29JUL2411800PE.NFO,2024-05-27,12:31:00,2024-07-29,3.4,3.4,3.4,3.4,0,0,1
MIDCPNIFTY29JUL2411800PE.NFO,2024-05-27,12:32:00,2024-07-29,3.4,3.4,3.4,3.4,0,0,1
MIDCPNIFTY29JUL2411800PE.NFO,2024-05-27,12:33:00,2024-07-29,3.4,3.4,3.4,3.4,0,0,1
MIDCPNIFTY29JUL2411800PE.NFO,2024-05-27,12:34:00,2024-07-29,3.4,3.4,3.4,3.4,0,0,1
MIDCPNIFTY29JUL2411800PE.NFO,2024-05-27,12:35:00,2024-07-29,3.4,3.4,3.4,3.4,0,0,1
MIDCPNIFTY29JUL2411800PE.NFO,2024-05-27,12:36:00,2024-07-29,3.4,3.4,3.4,3.4,0,0,1
MIDCPNIFTY29JUL2411800PE.NFO,2024-05-27,12:37:00,2024-07-29,3.4,3.4,3.4,3.4,0,0,1
MIDCPNIFTY29JUL2411800PE.NFO,2024-05-27,12:38:00,2024-07-29,3.4,3.4,3.4,3.4,0,0,1
MIDCPNIFTY29JUL2411800PE.NFO,2024-05-27,12:39:00,2024-07-29,3.4,3.4,3.4,3.4,0,0,1
MIDCPNIFTY29JUL2411800PE.NFO,2024-05-27,12:40:00,2024-07-29,3.4,3.4,3.4,3.4,0,0,1
MIDCPNIFTY29JUL2411800PE.NFO,2024-05-27,12:41:00,2024-07-29,3.4,3.4,3.4,3.4,0,0,1
MIDCPNIFTY29JUL2411800PE.NFO,2024-05-27,12:42:00,2024-07-29,3.4,3.4,3.4,3.4,0,0,1
MIDCPNIFTY29JUL2411800PE.NFO,2024-05-27,12:43:00,2024-07-29,3.4,3.4,3.4,3.4,0,0,1
MIDCPNIFTY29JUL2411800PE.NFO,2024-05-27,12:44:00,2024-07-29,3.4,3.4,3.4,3.4,0,0,1
MIDCPNIFTY29JUL2411800PE.NFO,2024-05-27,12:45:00,2024-07-29,3.4,3.4,3.4,3.4,0,0,1
MIDCPNIFTY29JUL2411800PE.NFO,2024-05-27,12:46:00,2024-07-29,3.4,3.4,3.4,3.4,0,0,1
MIDCPNIFTY29JUL2411800PE.NFO,2024-05-27,12:47:00,2024-07-29,3.4,3.4,3.4,3.4,0,0,1
MIDCPNIFTY29JUL2411800PE.NFO,2024-05-27,12:48:00,2024-07-29,3.4,3.4,3.4,3.4,0,0,1
MIDCPNIFTY29JUL2411800PE.NFO,2024-05-27,12:49:00,2024-07-29,3.4,3.4,3.4,3.4,0,0,1
MIDCPNIFTY29JUL2411800PE.NFO,2024-05-27,12:50:00,2024-07-29,3.4,3.4,3.4,3.4,0,0,1
MIDCPNIFTY29JUL2411800PE.NFO,2024-05-27,12:51:00,2024-07-29,3.4,3.4,3.4,3.4,0,0,1
MIDCPNIFTY29JUL2411800PE.NFO,2024-05-27,12:52:00,2024-07-29,3.4,3.4,3.4,3.4,0,0,1
MIDCPNIFTY29JUL2411800PE.NFO,2024-05-27,12:53:00,2024-07-29,3.4,3.4,3.4,3.4,0,0,1
MIDCPNIFTY29JUL2411800PE.NFO,2024-05-27,12:54:00,2024-07-29,3.4,3.4,3.4,3.4,0,0,1
MIDCPNIFTY29JUL2411800PE.NFO,2024-05-27,12:55:00,2024-07-29,3.4,3.4,3.4,3.4,0,0,1
MIDCPNIFTY29JUL2411800PE.NFO,2024-05-27,12:56:00,2024-07-29,3.4,3.4,3.4,3.4,0,0,1
MIDCPNIFTY29JUL2411800PE.NFO,2024-05-27,12:57:00,2024-07-29,3.4,3.4,3.4,3.4,0,0,1
MIDCPNIFTY29JUL2411800PE.NFO,2024-05-27,12:58:00,2024-07-29,3.4,3.4,3.4,3.4,0,0,1
MIDCPNIFTY29JUL2411800PE.NFO,2024-05-27,12:59:00,2024-07-29,3.4,3.4,3.4,3.4,0,0,1
MIDCPNIFTY29JUL2411800PE.NFO,2024-05-27,13:00:00,2024-07-29,3.4,3.4,3.4,3.4,0,0,1
MIDCPNIFTY29JUL2411800PE.NFO,2024-05-27,13:01:00,2024-07-29,3.4,3.4,3.4,3.4,0,0,1
MIDCPNIFTY29JUL2411800PE.NFO,2024-05-27,13:02:00,2024-07-29,3.4,3.4,3.4,3.4,0,0,1
MIDCPNIFTY29JUL2411800PE.NFO,2024-05-27,13:03:00,2024-07-29,3.4,3.4,3.4,3.4,0,0,1
MIDCPNIFTY29JUL2411800PE.NFO,2024-05-27,13:04:00,2024-07-29,3.4,3.4,3.4,3.4,0,0,1
MIDCPNIFTY29JUL2411800PE.NFO,2024-05-27,13:05:00,2024-07-29,3.4,3.4,3.4,3.4,0,0,1
MIDCPNIFTY29JUL2411800PE.NFO,2024-05-27,13:06:00,2024-07-29,3.4,3.4,3.4,3.4,0,0,1
MIDCPNIFTY29JUL2411800PE.NFO,2024-05-27,13:07:00,2024-07-29,3.4,3.4,3.4,3.4,0,0,1
MIDCPNIFTY29JUL2411800PE.NFO,2024-05-27,13:08:00,2024-07-29,3.4,3.4,3.4,3.4,0,0,1
MIDCPNIFTY29JUL2411800PE.NFO,2024-05-27,13:09:00,2024-07-29,3.4,3.4,3.4,3.4,0,0,1
MIDCPNIFTY29JUL2411800PE.NFO,2024-05-27,13:10:00,2024-07-29,3.4,3.4,3.4,3.4,0,0,1
MIDCPNIFTY29JUL2411800PE.NFO,2024-05-27,13:11:00,2024-07-29,3.4,3.4,3.4,3.4,0,0,1
MIDCPNIFTY29JUL2411800PE.NFO,2024-05-27,13:12:00,2024-07-29,3.4,3.4,3.4,3.4,0,0,1
MIDCPNIFTY29JUL2411800PE.NFO,2024-05-27,13:13:00,2024-07-29,3.4,3.4,3.4,3.4,0,0,1
MIDCPNIFTY29JUL2411800PE.NFO,2024-05-27,13:14:00,2024-07-29,3.4,3.4,3.4,3.4,0,0,1
MIDCPNIFTY29JUL2411800PE.NFO,2024-05-27,13:15:00,2024-07-29,3.4,3.4,3.4,3.4,0,0,1
MIDCPNIFTY29JUL2411800PE.NFO,2024-05-27,13:16:00,2024-07-29,3.4,3.4,3.4,3.4,0,0,1
MIDCPNIFTY29JUL2411800PE.NFO,2024-05-27,13:17:00,2024-07-29,3.4,3.4,3.4,3.4,0,0,1
MIDCPNIFTY29JUL2411800PE.NFO,2024-05-27,13:18:00,2024-07-29,3.4,3.4,3.4,3.4,0,0,1
MIDCPNIFTY29JUL2411800PE.NFO,2024-05-27,13:19:00,2024-07-29,3.4,3.4,3.4,3.4,0,0,1
MIDCPNIFTY29JUL2411800PE.NFO,2024-05-27,13:20:00,2024-07-29,3.4,3.4,3.4,3.4,0,0,1
MIDCPNIFTY29JUL2411800PE.NFO,2024-05-27,13:21:00,2024-07-29,3.4,3.4,3.4,3.4,0,0,1
MIDCPNIFTY29JUL2411800PE.NFO,2024-05-27,13:22:00,2024-07-29,3.4,3.4,3.4,3.4,0,0,1
MIDCPNIFTY29JUL2411800PE.NFO,2024-05-27,13:23:00,2024-07-29,3.4,3.4,3.4,3.4,0,0,1
MIDCPNIFTY29JUL2411800PE.NFO,2024-05-27,13:24:00,2024-07-29,3.4,3.4,3.4,3.4,0,0,1
MIDCPNIFTY29JUL2411800PE.NFO,2024-05-27,13:25:00,2024-07-29,3.4,3.4,3.4,3.4,0,0,1
MIDCPNIFTY29JUL2411800PE.NFO,2024-05-27,13:26:00,2024-07-29,3.4,3.4,3.4,3.4,0,0,1
MIDCPNIFTY29JUL2411800PE.NFO,2024-05-27,13:27:00,2024-07-29,3.4,3.4,3.4,3.4,0,0,1
MIDCPNIFTY29JUL2411800PE.NFO,2024-05-27,13:28:00,2024-07-29,3.4,3.4,3.4,3.4,0,0,1
MIDCPNIFTY29JUL2411800PE.NFO,2024-05-27,13:29:00,2024-07-29,3.4,3.4,3.4,3.4,0,0,1
MIDCPNIFTY29JUL2411800PE.NFO,2024-05-27,13:30:00,2024-07-29,3.4,3.4,3.4,3.4,0,0,1
MIDCPNIFTY29JUL2411800PE.NFO,2024-05-27,13:31:00,2024-07-29,3.4,3.4,3.4,3.4,0,0,1
MIDCPNIFTY29JUL2411800PE.NFO,2024-05-27,13:32:00,2024-07-29,3.4,3.4,3.4,3.4,0,0,1
MIDCPNIFTY29JUL2411800PE.NFO,2024-05-27,13:33:00,2024-07-29,3.4,3.4,3.4,3.4,0,0,1
MIDCPNIFTY29JUL2411800PE.NFO,2024-05-27,13:34:00,2024-07-29,3.4,3.4,3.4,3.4,0,0,1
MIDCPNIFTY29JUL2411800PE.NFO,2024-05-27,13:35:00,2024-07-29,3.4,3.4,3.4,3.4,0,0,1
MIDCPNIFTY29JUL2411800PE.NFO,2024-05-27,13:36:00,2024-07-29,3.4,3.4,3.4,3.4,0,0,1
MIDCPNIFTY29JUL2411800PE.NFO,2024-05-27,13:37:00,2024-07-29,3.4,3.4,3.4,3.4,0,0,1
MIDCPNIFTY29JUL2411800PE.NFO,2024-05-27,13:38:00,2024-07-29,3.4,3.4,3.4,3.4,0,0,1
MIDCPNIFTY29JUL2411800PE.NFO,2024-05-27,13:39:00,2024-07-29,3.4,3.4,3.4,3.4,0,0,1
MIDCPNIFTY29JUL2411800PE.NFO,2024-05-27,13:40:00,2024-07-29,3.4,3.4,3.4,3.4,0,0,1
MIDCPNIFTY29JUL2411800PE.NFO,2024-05-27,13:41:00,2024-07-29,3.4,3.4,3.4,3.4,0,0,1
MIDCPNIFTY29JUL2411800PE.NFO,2024-05-27,13:42:00,2024-07-29,3.4,3.4,3.4,3.4,0,0,1
MIDCPNIFTY29JUL2411800PE.NFO,2024-05-27,13:43:00,2024-07-29,3.4,3.4,3.4,3.4,0,0,1
MIDCPNIFTY29JUL2411800PE.NFO,2024-05-27,13:44:00,2024-07-29,3.4,3.4,3.4,3.4,0,0,1
MIDCPNIFTY29JUL2411800PE.NFO,2024-05-27,13:45:00,2024-07-29,3.4,3.4,3.4,3.4,0,0,1
MIDCPNIFTY29JUL2411800PE.NFO,2024-05-27,13:46:00,2024-07-29,3.4,3.4,3.4,3.4,0,0,1
MIDCPNIFTY29JUL2411800PE.NFO,2024-05-27,13:47:00,2024-07-29,3.4,3.4,3.4,3.4,0,0,1
MIDCPNIFTY29JUL2411800PE.NFO,2024-05-27,13:48:00,2024-07-29,3.4,3.4,3.4,3.4,0,0,1
MIDCPNIFTY29JUL2411800PE.NFO,2024-05-27,13:49:00,2024-07-29,3.4,3.4,3.4,3.4,0,0,1
MIDCPNIFTY29JUL2411800PE.NFO,2024-05-27,13:50:00,2024-07-29,3.4,3.4,3.4,3.4,0,0,1
MIDCPNIFTY29JUL2411800PE.NFO,2024-05-27,13:51:00,2024-07-29,3.4,3.4,3.4,3.4,0,0,1
MIDCPNIFTY29JUL2411800PE.NFO,2024-05-27,13:52:00,2024-07-29,3.4,3.4,3.4,3.4,0,0,1
MIDCPNIFTY29JUL2411800PE.NFO,2024-05-27,13:53:00,2024-07-29,3.4,3.4,3.4,3.4,0,0,1
MIDCPNIFTY29JUL2411800PE.NFO,2024-05-27,13:54:00,2024-07-29,3.4,3.4,3.4,3.4,0,0,1
MIDCPNIFTY29JUL2411800PE.NFO,2024-05-27,13:55:00,2024-07-29,3.4,3.4,3.4,3.4,0,0,1
MIDCPNIFTY29JUL2411800PE.NFO,2024-05-27,13:56:00,2024-07-29,3.4,3.4,3.4,3.4,0,0,1
MIDCPNIFTY29JUL2411800PE.NFO,2024-05-27,13:57:00,2024-07-29,3.4,3.4,3.4,3.4,0,0,1
MIDCPNIFTY29JUL2411800PE.NFO,2024-05-27,13:58:00,2024-07-29,3.4,3.4,3.4,3.4,0,0,1
MIDCPNIFTY29JUL2411800PE.NFO,2024-05-27,13:59:00,2024-07-29,3.4,3.4,3.4,3.4,0,0,1
MIDCPNIFTY29JUL2411800PE.NFO,2024-05-27,14:00:00,2024-07-29,3.4,3.4,3.4,3.4,0,0,1
MIDCPNIFTY29JUL2411800PE.NFO,2024-05-27,14:01:00,2024-07-29,3.4,3.4,3.4,3.4,0,0,1
MIDCPNIFTY29JUL2411800PE.NFO,2024-05-27,14:02:00,2024-07-29,3.4,3.4,3.4,3.4,0,0,1
MIDCPNIFTY29JUL2411800PE.NFO,2024-05-27,14:03:00,2024-07-29,3.4,3.4,3.4,3.4,0,0,1
MIDCPNIFTY29JUL2411800PE.NFO,2024-05-27,14:04:00,2024-07-29,3.4,3.4,3.4,3.4,0,0,1
MIDCPNIFTY29JUL2411800PE.NFO,2024-05-27,14:05:00,2024-07-29,3.4,3.4,3.4,3.4,0,0,1
MIDCPNIFTY29JUL2411800PE.NFO,2024-05-27,14:06:00,2024-07-29,3.4,3.4,3.4,3.4,0,0,1
MIDCPNIFTY29JUL2411800PE.NFO,2024-05-27,14:07:00,2024-07-29,3.4,3.4,3.4,3.4,0,0,1
MIDCPNIFTY29JUL2411800PE.NFO,2024-05-27,14:08:00,2024-07-29,3.4,3.4,3.4,3.4,0,0,1
MIDCPNIFTY29JUL2411800PE.NFO,2024-05-27,14:09:00,2024-07-29,3.4,3.4,3.4,3.4,0,0,1
MIDCPNIFTY29JUL2411800PE.NFO,2024-05-27,14:10:00,2024-07-29,3.4,3.4,3.4,3.4,0,0,1
MIDCPNIFTY29JUL2411800PE.NFO,2024-05-27,14:11:00,2024-07-29,3.4,3.4,3.4,3.4,0,0,1
MIDCPNIFTY29JUL2411800PE.NFO,2024-05-27,14:12:00,2024-07-29,3.4,3.4,3.4,3.4,0,0,1
MIDCPNIFTY29JUL2411800PE.NFO,2024-05-27,14:13:00,2024-07-29,3.4,3.4,3.4,3.4,0,0,1
MIDCPNIFTY29JUL2411800PE.NFO,2024-05-27,14:14:00,2024-07-29,3.4,3.4,3.4,3.4,0,0,1
MIDCPNIFTY29JUL2411800PE.NFO,2024-05-27,14:15:00,2024-07-29,3.4,3.4,3.4,3.4,0,0,1
MIDCPNIFTY29JUL2411800PE.NFO,2024-05-27,14:16:00,2024-07-29,3.4,3.4,3.4,3.4,0,0,1
MIDCPNIFTY29JUL2411800PE.NFO,2024-05-27,14:17:00,2024-07-29,3.4,3.4,3.4,3.4,0,0,1
MIDCPNIFTY29JUL2411800PE.NFO,2024-05-27,14:18:00,2024-07-29,3.4,3.4,3.4,3.4,0,0,1
MIDCPNIFTY29JUL2411800PE.NFO,2024-05-27,14:19:00,2024-07-29,3.4,3.4,3.4,3.4,0,0,1
MIDCPNIFTY29JUL2411800PE.NFO,2024-05-27,14:20:00,2024-07-29,3.4,3.4,3.4,3.4,0,0,1
MIDCPNIFTY29JUL2411800PE.NFO,2024-05-27,14:21:00,2024-07-29,3.4,3.4,3.4,3.4,0,0,1
MIDCPNIFTY29JUL2411800PE.NFO,2024-05-27,14:22:00,2024-07-29,3.4,3.4,3.4,3.4,0,0,1
MIDCPNIFTY29JUL2411800PE.NFO,2024-05-27,14:23:00,2024-07-29,3.4,3.4,3.4,3.4,0,0,1
MIDCPNIFTY29JUL2411800PE.NFO,2024-05-27,14:24:00,2024-07-29,3.4,3.4,3.4,3.4,0,0,1
MIDCPNIFTY29JUL2411800PE.NFO,2024-05-27,14:25:00,2024-07-29,3.4,3.4,3.4,3.4,0,0,1
MIDCPNIFTY29JUL2411800PE.NFO,2024-05-27,14:26:00,2024-07-29,3.4,3.4,3.4,3.4,0,0,1
MIDCPNIFTY29JUL2411800PE.NFO,2024-05-27,14:27:00,2024-07-29,3.4,3.4,3.4,3.4,0,0,1
MIDCPNIFTY29JUL2411800PE.NFO,2024-05-27,14:28:00,2024-07-29,3.4,3.4,3.4,3.4,0,0,1
MIDCPNIFTY29JUL2411800PE.NFO,2024-05-27,14:29:00,2024-07-29,3.4,3.4,3.4,3.4,0,0,1
MIDCPNIFTY29JUL2411800PE.NFO,2024-05-27,14:30:00,2024-07-29,3.4,3.4,3.4,3.4,0,0,1
MIDCPNIFTY29JUL2411800PE.NFO,2024-05-27,14:31:00,2024-07-29,3.4,3.4,3.4,3.4,0,0,1
MIDCPNIFTY29JUL2411800PE.NFO,2024-05-27,14:32:00,2024-07-29,3.4,3.4,3.4,3.4,0,0,1
MIDCPNIFTY29JUL2411800PE.NFO,2024-05-27,14:33:00,2024-07-29,3.4,3.4,3.4,3.4,0,0,1
MIDCPNIFTY29JUL2411800PE.NFO,2024-05-27,14:34:00,2024-07-29,3.4,3.4,3.4,3.4,0,0,1
MIDCPNIFTY29JUL2411800PE.NFO,2024-05-27,14:35:00,2024-07-29,3.4,3.4,3.4,3.4,0,0,1
MIDCPNIFTY29JUL2411800PE.NFO,2024-05-27,14:36:00,2024-07-29,3.4,3.4,3.4,3.4,0,0,1
MIDCPNIFTY29JUL2411800PE.NFO,2024-05-27,14:37:00,2024-07-29,3.4,3.4,3.4,3.4,0,0,1
MIDCPNIFTY29JUL2411800PE.NFO,2024-05-27,14:38:00,2024-07-29,3.4,3.4,3.4,3.4,0,0,1
MIDCPNIFTY29JUL2411800PE.NFO,2024-05-27,14:39:00,2024-07-29,3.4,3.4,3.4,3.4,0,0,1
MIDCPNIFTY29JUL2411800PE.NFO,2024-05-27,14:40:00,2024-07-29,3.4,3.4,3.4,3.4,0,0,1
MIDCPNIFTY29JUL2411800PE.NFO,2024-05-27,14:41:00,2024-07-29,3.4,3.4,3.4,3.4,0,0,1
MIDCPNIFTY29JUL2411800PE.NFO,2024-05-27,14:42:00,2024-07-29,3.4,3.4,3.4,3.4,0,0,1
MIDCPNIFTY29JUL2411800PE.NFO,2024-05-27,14:43:00,2024-07-29,3.4,3.4,3.4,3.4,0,0,1
MIDCPNIFTY29JUL2411800PE.NFO,2024-05-27,14:44:00,2024-07-29,3.4,3.4,3.4,3.4,0,0,1
MIDCPNIFTY29JUL2411800PE.NFO,2024-05-27,14:45:00,2024-07-29,3.4,3.4,3.4,3.4,0,0,1
MIDCPNIFTY29JUL2411800PE.NFO,2024-05-27,14:46:00,2024-07-29,3.4,3.4,3.4,3.4,0,0,1
MIDCPNIFTY29JUL2411800PE.NFO,2024-05-27,14:47:00,2024-07-29,3.4,3.4,3.4,3.4,0,0,1
MIDCPNIFTY29JUL2411800PE.NFO,2024-05-27,14:48:00,2024-07-29,3.4,3.4,3.4,3.4,0,0,1
MIDCPNIFTY29JUL2411800PE.NFO,2024-05-27,14:49:00,2024-07-29,3.4,3.4,3.4,3.4,0,0,1
MIDCPNIFTY29JUL2411800PE.NFO,2024-05-27,14:50:00,2024-07-29,3.4,3.4,3.4,3.4,0,0,1
MIDCPNIFTY29JUL2411800PE.NFO,2024-05-27,14:51:00,2024-07-29,3.4,3.4,3.4,3.4,0,0,1
MIDCPNIFTY29JUL2411800PE.NFO,2024-05-27,14:52:00,2024-07-29,3.4,3.4,3.4,3.4,0,0,1
MIDCPNIFTY29JUL2411800PE.NFO,2024-05-27,14:53:00,2024-07-29,3.4,3.4,3.4,3.4,0,0,1
MIDCPNIFTY29JUL2411800PE.NFO,2024-05-27,14:54:00,2024-07-29,3.4,3.4,3.4,3.4,0,0,1
MIDCPNIFTY29JUL2411800PE.NFO,2024-05-27,14:55:00,2024-07-29,3.4,3.4,3.4,3.4,0,0,1
MIDCPNIFTY29JUL2411800PE.NFO,2024-05-27,14:56:00,2024-07-29,3.4,3.4,3.4,3.4,0,0,1
MIDCPNIFTY29JUL2411800PE.NFO,2024-05-27,14:57:00,2024-07-29,3.4,3.4,3.4,3.4,0,0,1
MIDCPNIFTY29JUL2411800PE.NFO,2024-05-27,14:58:00,2024-07-29,3.4,3.4,3.4,3.4,0,0,1
MIDCPNIFTY29JUL2411800PE.NFO,2024-05-27,14:59:00,2024-07-29,3.4,3.4,3.4,3.4,0,0,1
MIDCPNIFTY29JUL2411800PE.NFO,2024-05-27,15:00:00,2024-07-29,3.4,3.4,3.4,3.4,0,0,1
MIDCPNIFTY29JUL2411800PE.NFO,2024-05-27,15:01:00,2024-07-29,3.4,3.4,3.4,3.4,0,0,1
MIDCPNIFTY29JUL2411800PE.NFO,2024-05-27,15:02:00,2024-07-29,3.4,3.4,3.4,3.4,0,0,1
MIDCPNIFTY29JUL2411800PE.NFO,2024-05-27,15:03:00,2024-07-29,3.4,3.4,3.4,3.4,0,0,1
MIDCPNIFTY29JUL2411800PE.NFO,2024-05-27,15:04:00,2024-07-29,3.4,3.4,3.4,3.4,0,0,1
MIDCPNIFTY29JUL2411800PE.NFO,2024-05-27,15:05:00,2024-07-29,3.4,3.4,3.4,3.4,0,0,1
MIDCPNIFTY29JUL2411800PE.NFO,2024-05-27,15:06:00,2024-07-29,3.4,3.4,3.4,3.4,0,0,1
MIDCPNIFTY29JUL2411800PE.NFO,2024-05-27,15:07:00,2024-07-29,3.4,3.4,3.4,3.4,0,0,1
MIDCPNIFTY29JUL2411800PE.NFO,2024-05-27,15:08:00,2024-07-29,3.4,3.4,3.4,3.4,0,0,1
MIDCPNIFTY29JUL2411800PE.NFO,2024-05-27,15:09:00,2024-07-29,3.4,3.4,3.4,3.4,0,0,1
MIDCPNIFTY29JUL2411800PE.NFO,2024-05-27,15:10:00,2024-07-29,3.4,3.4,3.4,3.4,0,0,1
MIDCPNIFTY29JUL2411800PE.NFO,2024-05-27,15:11:00,2024-07-29,3.4,3.4,3.4,3.4,0,0,1
MIDCPNIFTY29JUL2411800PE.NFO,2024-05-27,15:12:00,2024-07-29,3.4,3.4,3.4,3.4,0,0,1
MIDCPNIFTY29JUL2411800PE.NFO,2024-05-27,15:13:00,2024-07-29,3.4,3.4,3.4,3.4,0,0,1
MIDCPNIFTY29JUL2411800PE.NFO,2024-05-27,15:14:00,2024-07-29,3.4,3.4,3.4,3.4,0,0,1
MIDCPNIFTY29JUL2411800PE.NFO,2024-05-27,15:15:00,2024-07-29,3.4,3.4,3.4,3.4,0,0,1
MIDCPNIFTY29JUL2411800PE.NFO,2024-05-27,15:16:00,2024-07-29,3.4,3.4,3.4,3.4,0,0,1
MIDCPNIFTY29JUL2411800PE.NFO,2024-05-27,15:17:00,2024-07-29,3.4,3.4,3.4,3.4,0,0,1
MIDCPNIFTY29JUL2411800PE.NFO,2024-05-27,15:18:00,2024-07-29,3.4,3.4,3.4,3.4,0,0,1
MIDCPNIFTY29JUL2411800PE.NFO,2024-05-27,15:19:00,2024-07-29,3.4,3.4,3.4,3.4,0,0,1
MIDCPNIFTY29JUL2411800PE.NFO,2024-05-27,15:20:00,2024-07-29,3.4,3.4,3.4,3.4,0,0,1
MIDCPNIFTY29JUL2411800PE.NFO,2024-05-27,15:21:00,2024-07-29,3.4,3.4,3.4,3.4,0,0,1
MIDCPNIFTY29JUL2411800PE.NFO,2024-05-27,15:22:00,2024-07-29,3.4,3.4,3.4,3.4,0,0,1
MIDCPNIFTY29JUL2411800PE.NFO,2024-05-27,15:23:00,2024-07-29,3.4,3.4,3.4,3.4,0,0,1
MIDCPNIFTY29JUL2411800PE.NFO,2024-05-27,15:24:00,2024-07-29,3.4,3.4,3.4,3.4,0,0,1
MIDCPNIFTY29JUL2411800PE.NFO,2024-05-27,15:25:00,2024-07-29,3.4,3.4,3.4,3.4,0,0,1
MIDCPNIFTY29JUL2411800PE.NFO,2024-05-27,15:26:00,2024-07-29,3.4,3.4,3.4,3.4,0,0,1
MIDCPNIFTY29JUL2411800PE.NFO,2024-05-27,15:27:00,2024-07-29,3.4,3.4,3.4,3.4,0,0,1
MIDCPNIFTY29JUL2411800PE.NFO,2024-05-27,15:28:00,2024-07-29,3.4,3.4,3.4,3.4,0,0,1
MIDCPNIFTY29JUL2411800PE.NFO,2024-05-27,15:29:00,2024-07-29,3.4,3.4,3.4,3.4,0,0,1
MIDCPNIFTY29JUL2411800PE.NFO,2024-05-27,15:30:00,2024-07-29,3.4,3.4,3.4,3.4,0,0,1
MIDCPNIFTY29JUL2411800PE.NFO,2024-05-28,09:15:00,2024-07-29,3.4,3.4,3.4,3.4,0,0,0
MIDCPNIFTY29JUL2411800PE.NFO,2024-05-28,09:16:00,2024-07-29,3.4,3.4,3.4,3.4,0,0,1
MIDCPNIFTY29JUL2411800PE.NFO,2024-05-28,09:17:00,2024-07-29,3.4,3.4,3.4,3.4,0,0,1
MIDCPNIFTY29JUL2411800PE.NFO,2024-05-28,09:18:00,2024-07-29,3.4,3.4,3.4,3.4,0,0,1
MIDCPNIFTY29JUL2411800PE.NFO,2024-05-28,09:19:00,2024-07-29,3.4,3.4,3.4,3.4,0,0,1
MIDCPNIFTY29JUL2411800PE.NFO,2024-05-28,09:20:00,2024-07-29,3.4,3.4,3.4,3.4,0,0,1
MIDCPNIFTY29JUL2411800PE.NFO,2024-05-28,09:21:00,2024-07-29,3.4,3.4,3.4,3.4,0,0,1
MIDCPNIFTY29JUL2411800PE.NFO,2024-05-28,09:22:00,2024-07-29,3.4,3.4,3.4,3.4,0,0,1
MIDCPNIFTY29JUL2411800PE.NFO,2024-05-28,09:23:00,2024-07-29,3.4,3.4,3.4,3.4,0,0,1
MIDCPNIFTY29JUL2411800PE.NFO,2024-05-28,09:24:00,2024-07-29,3.4,3.4,3.4,3.4,0,0,1
MIDCPNIFTY29JUL2411800PE.NFO,2024-05-28,09:25:00,2024-07-29,3.4,3.4,3.4,3.4,0,0,1
MIDCPNIFTY29JUL2411800PE.NFO,2024-05-28,09:26:00,2024-07-29,3.4,3.4,3.4,3.4,0,0,1
MIDCPNIFTY29JUL2411800PE.NFO,2024-05-28,09:27:00,2024-07-29,3.4,3.4,3.4,3.4,0,0,1
MIDCPNIFTY29JUL2411800PE.NFO,2024-05-28,09:28:00,2024-07-29,3.4,3.4,3.4,3.4,0,0,1
MIDCPNIFTY29JUL2411800PE.NFO,2024-05-28,09:29:00,2024-07-29,3.4,3.4,3.4,3.4,0,0,1
MIDCPNIFTY29JUL2411800PE.NFO,2024-05-28,09:30:00,2024-07-29,3.4,3.4,3.4,3.4,0,0,1
MIDCPNIFTY29JUL2411800PE.NFO,2024-05-28,09:31:00,2024-07-29,3.4,3.4,3.4,3.4,0,0,1
MIDCPNIFTY29JUL2411800PE.NFO,2024-05-28,09:32:00,2024-07-29,3.4,3.4,3.4,3.4,0,0,1
MIDCPNIFTY29JUL2411800PE.NFO,2024-05-28,09:33:00,2024-07-29,3.4,3.4,3.4,3.4,0,0,1
MIDCPNIFTY29JUL2411800PE.NFO,2024-05-28,09:34:00,2024-07-29,3.4,3.4,3.4,3.4,0,0,1
MIDCPNIFTY29JUL2411800PE.NFO,2024-05-28,09:35:00,2024-07-29,3.4,3.4,3.4,3.4,0,0,1
MIDCPNIFTY29JUL2411800PE.NFO,2024-05-28,09:36:00,2024-07-29,3.4,3.4,3.4,3.4,0,0,1
MIDCPNIFTY29JUL2411800PE.NFO,2024-05-28,09:37:00,2024-07-29,3.4,3.4,3.4,3.4,0,0,1
MIDCPNIFTY29JUL2411800PE.NFO,2024-05-28,09:38:00,2024-07-29,3.4,3.4,3.4,3.4,0,0,1
MIDCPNIFTY29JUL2411800PE.NFO,2024-05-28,09:39:00,2024-07-29,3.4,3.4,3.4,3.4,0,0,1
MIDCPNIFTY29JUL2411800PE.NFO,2024-05-28,09:40:00,2024-07-29,3.4,3.4,3.4,3.4,0,0,1
MIDCPNIFTY29JUL2411800PE.NFO,2024-05-28,09:41:00,2024-07-29,3.4,3.4,3.4,3.4,0,0,1
MIDCPNIFTY29JUL2411800PE.NFO,2024-05-28,09:42:00,2024-07-29,3.4,3.4,3.4,3.4,0,0,1
MIDCPNIFTY29JUL2411800PE.NFO,2024-05-28,09:43:00,2024-07-29,3.4,3.4,3.4,3.4,0,0,1
MIDCPNIFTY29JUL2411800PE.NFO,2024-05-28,09:44:00,2024-07-29,3.4,3.4,3.4,3.4,0,0,1
MIDCPNIFTY29JUL2411800PE.NFO,2024-05-28,09:45:00,2024-07-29,3.4,3.4,3.4,3.4,0,0,1
MIDCPNIFTY29JUL2411800PE.NFO,2024-05-28,09:46:00,2024-07-29,3.4,3.4,3.4,3.4,0,0,1
MIDCPNIFTY29JUL2411800PE.NFO,2024-05-28,09:47:00,2024-07-29,3.4,3.4,3.4,3.4,0,0,1
MIDCPNIFTY29JUL2411800PE.NFO,2024-05-28,09:48:00,2024-07-29,3.4,3.4,3.4,3.4,0,0,1
MIDCPNIFTY29JUL2411800PE.NFO,2024-05-28,09:49:00,2024-07-29,3.4,3.4,3.4,3.4,0,0,1
MIDCPNIFTY29JUL2411800PE.NFO,2024-05-28,09:50:00,2024-07-29,3.4,3.4,3.4,3.4,0,0,1
MIDCPNIFTY29JUL2411800PE.NFO,2024-05-28,09:51:00,2024-07-29,3.4,3.4,3.4,3.4,0,0,1
MIDCPNIFTY29JUL2411800PE.NFO,2024-05-28,09:52:00,2024-07-29,3.4,3.4,3.4,3.4,0,0,1
MIDCPNIFTY29JUL2411800PE.NFO,2024-05-28,09:53:00,2024-07-29,3.4,3.4,3.4,3.4,0,0,1
MIDCPNIFTY29JUL2411800PE.NFO,2024-05-28,09:54:00,2024-07-29,3.4,3.4,3.4,3.4,0,0,1
MIDCPNIFTY29JUL2411800PE.NFO,2024-05-28,09:55:00,2024-07-29,3.4,3.4,3.4,3.4,0,0,1
MIDCPNIFTY29JUL2411800PE.NFO,2024-05-28,09:56:00,2024-07-29,3.4,3.4,3.4,3.4,0,0,1
MIDCPNIFTY29JUL2411800PE.NFO,2024-05-28,09:57:00,2024-07-29,3.4,3.4,3.4,3.4,0,0,1
MIDCPNIFTY29JUL2411800PE.NFO,2024-05-28,09:58:00,2024-07-29,3.4,3.4,3.4,3.4,0,0,1
MIDCPNIFTY29JUL2411800PE.NFO,2024-05-28,09:59:00,2024-07-29,3.4,3.4,3.4,3.4,0,0,1
MIDCPNIFTY29JUL2411800PE.NFO,2024-05-28,10:00:00,2024-07-29,3.4,3.4,3.4,3.4,0,0,1
MIDCPNIFTY29JUL2411800PE.NFO,2024-05-28,10:01:00,2024-07-29,3.4,3.4,3.4,3.4,0,0,1
MIDCPNIFTY29JUL2411800PE.NFO,2024-05-28,10:02:00,2024-07-29,3.4,3.4,3.4,3.4,0,0,1
MIDCPNIFTY29JUL2411800PE.NFO,2024-05-28,10:03:00,2024-07-29,3.4,3.4,3.4,3.4,0,0,1
MIDCPNIFTY29JUL2411800PE.NFO,2024-05-28,10:04:00,2024-07-29,3.4,3.4,3.4,3.4,0,0,1
MIDCPNIFTY29JUL2411800PE.NFO,2024-05-28,10:05:00,2024-07-29,3.4,3.4,3.4,3.4,0,0,1
MIDCPNIFTY29JUL2411800PE.NFO,2024-05-28,10:06:00,2024-07-29,3.4,3.4,3.4,3.4,0,0,1
MIDCPNIFTY29JUL2411800PE.NFO,2024-05-28,10:07:00,2024-07-29,3.4,3.4,3.4,3.4,0,0,1
MIDCPNIFTY29JUL2411800PE.NFO,2024-05-28,10:08:00,2024-07-29,3.4,3.4,3.4,3.4,0,0,1
MIDCPNIFTY29JUL2411800PE.NFO,2024-05-28,10:09:00,2024-07-29,3.4,3.4,3.4,3.4,0,0,1
MIDCPNIFTY29JUL2411800PE.NFO,2024-05-28,10:10:00,2024-07-29,3.4,3.4,3.4,3.4,0,0,1
MIDCPNIFTY29JUL2411800PE.NFO,2024-05-28,10:11:00,2024-07-29,3.4,3.4,3.4,3.4,0,0,1
MIDCPNIFTY29JUL2411800PE.NFO,2024-05-28,10:12:00,2024-07-29,3.4,3.4,3.4,3.4,0,0,1
MIDCPNIFTY29JUL2411800PE.NFO,2024-05-28,10:13:00,2024-07-29,3.4,3.4,3.4,3.4,0,0,1
MIDCPNIFTY29JUL2411800PE.NFO,2024-05-28,10:14:00,2024-07-29,3.4,3.4,3.4,3.4,0,0,1
MIDCPNIFTY29JUL2411800PE.NFO,2024-05-28,10:15:00,2024-07-29,3.4,3.4,3.4,3.4,0,0,1
MIDCPNIFTY29JUL2411800PE.NFO,2024-05-28,10:16:00,2024-07-29,3.4,3.4,3.4,3.4,0,0,1
MIDCPNIFTY29JUL2411800PE.NFO,2024-05-28,10:17:00,2024-07-29,3.4,3.4,3.4,3.4,0,0,1
MIDCPNIFTY29JUL2411800PE.NFO,2024-05-28,10:18:00,2024-07-29,3.4,3.4,3.4,3.4,0,0,1
MIDCPNIFTY29JUL2411800PE.NFO,2024-05-28,10:19:00,2024-07-29,3.4,3.4,3.4,3.4,0,0,1
MIDCPNIFTY29JUL2411800PE.NFO,2024-05-28,10:20:00,2024-07-29,3.4,3.4,3.4,3.4,0,0,1
MIDCPNIFTY29JUL2411800PE.NFO,2024-05-28,10:21:00,2024-07-29,3.4,3.4,3.4,3.4,0,0,1
MIDCPNIFTY29JUL2411800PE.NFO,2024-05-28,10:22:00,2024-07-29,3.4,3.4,3.4,3.4,0,0,1
MIDCPNIFTY29JUL2411800PE.NFO,2024-05-28,10:23:00,2024-07-29,3.4,3.4,3.4,3.4,0,0,1
MIDCPNIFTY29JUL2411800PE.NFO,2024-05-28,10:24:00,2024-07-29,3.4,3.4,3.4,3.4,0,0,1
MIDCPNIFTY29JUL2411800PE.NFO,2024-05-28,10:25:00,2024-07-29,3.4,3.4,3.4,3.4,0,0,1
MIDCPNIFTY29JUL2411800PE.NFO,2024-05-28,10:26:00,2024-07-29,3.4,3.4,3.4,3.4,0,0,1
MIDCPNIFTY29JUL2411800PE.NFO,2024-05-28,10:27:00,2024-07-29,3.4,3.4,3.4,3.4,0,0,1
MIDCPNIFTY29JUL2411800PE.NFO,2024-05-28,10:28:00,2024-07-29,3.4,3.4,3.4,3.4,0,0,1
MIDCPNIFTY29JUL2411800PE.NFO,2024-05-28,10:29:00,2024-07-29,3.4,3.4,3.4,3.4,0,0,1
MIDCPNIFTY29JUL2411800PE.NFO,2024-05-28,10:30:00,2024-07-29,3.4,3.4,3.4,3.4,0,0,1
MIDCPNIFTY29JUL2411800PE.NFO,2024-05-28,10:31:00,2024-07-29,3.4,3.4,3.4,3.4,0,0,1
MIDCPNIFTY29JUL2411800PE.NFO,2024-05-28,10:32:00,2024-07-29,3.4,3.4,3.4,3.4,0,0,1
MIDCPNIFTY29JUL2411800PE.NFO,2024-05-28,10:33:00,2024-07-29,3.4,3.4,3.4,3.4,0,0,1
MIDCPNIFTY29JUL2411800PE.NFO,2024-05-28,10:34:00,2024-07-29,3.4,3.4,3.4,3.4,0,0,1
MIDCPNIFTY29JUL2411800PE.NFO,2024-05-28,10:35:00,2024-07-29,3.4,3.4,3.4,3.4,0,0,1
MIDCPNIFTY29JUL2411800PE.NFO,2024-05-28,10:36:00,2024-07-29,3.4,3.4,3.4,3.4,0,0,1
MIDCPNIFTY29JUL2411800PE.NFO,2024-05-28,10:37:00,2024-07-29,3.4,3.4,3.4,3.4,0,0,1
MIDCPNIFTY29JUL2411800PE.NFO,2024-05-28,10:38:00,2024-07-29,3.4,3.4,3.4,3.4,0,0,1
MIDCPNIFTY29JUL2411800PE.NFO,2024-05-28,10:39:00,2024-07-29,3.4,3.4,3.4,3.4,0,0,1
MIDCPNIFTY29JUL2411800PE.NFO,2024-05-28,10:40:00,2024-07-29,3.4,3.4,3.4,3.4,0,0,1
MIDCPNIFTY29JUL2411800PE.NFO,2024-05-28,10:41:00,2024-07-29,3.4,3.4,3.4,3.4,0,0,1
MIDCPNIFTY29JUL2411800PE.NFO,2024-05-28,10:42:00,2024-07-29,3.4,3.4,3.4,3.4,0,0,1
MIDCPNIFTY29JUL2411800PE.NFO,2024-05-28,10:43:00,2024-07-29,3.4,3.4,3.4,3.4,0,0,1
MIDCPNIFTY29JUL2411800PE.NFO,2024-05-28,10:44:00,2024-07-29,3.4,3.4,3.4,3.4,0,0,1
MIDCPNIFTY29JUL2411800PE.NFO,2024-05-28,10:45:00,2024-07-29,3.4,3.4,3.4,3.4,0,0,1
MIDCPNIFTY29JUL2411800PE.NFO,2024-05-28,10:46:00,2024-07-29,3.4,3.4,3.4,3.4,0,0,1
MIDCPNIFTY29JUL2411800PE.NFO,2024-05-28,10:47:00,2024-07-29,3.4,3.4,3.4,3.4,0,0,1
MIDCPNIFTY29JUL2411800PE.NFO,2024-05-28,10:48:00,2024-07-29,3.4,3.4,3.4,3.4,0,0,1
MIDCPNIFTY29JUL2411800PE.NFO,2024-05-28,10:49:00,2024-07-29,3.4,3.4,3.4,3.4,0,0,1
MIDCPNIFTY29JUL2411800PE.NFO,2024-05-28,10:50:00,2024-07-29,3.4,3.4,3.4,3.4,0,0,1
MIDCPNIFTY29JUL2411800PE.NFO,2024-05-28,10:51:00,2024-07-29,3.4,3.4,3.4,3.4,0,0,1
MIDCPNIFTY29JUL2411800PE.NFO,2024-05-28,10:52:00,2024-07-29,3.4,3.4,3.4,3.4,0,0,1
MIDCPNIFTY29JUL2411800PE.NFO,2024-05-28,10:53:00,2024-07-29,3.4,3.4,3.4,3.4,0,0,1
MIDCPNIFTY29JUL2411800PE.NFO,2024-05-28,10:54:00,2024-07-29,3.4,3.4,3.4,3.4,0,0,1
MIDCPNIFTY29JUL2411800PE.NFO,2024-05-28,10:55:00,2024-07-29,3.4,3.4,3.4,3.4,0,0,1
MIDCPNIFTY29JUL2411800PE.NFO,2024-05-28,10:56:00,2024-07-29,3.4,3.4,3.4,3.4,0,0,1
MIDCPNIFTY29JUL2411800PE.NFO,2024-05-28,10:57:00,2024-07-29,3.4,3.4,3.4,3.4,0,0,1
MIDCPNIFTY29JUL2411800PE.NFO,2024-05-28,10:58:00,2024-07-29,3.4,3.4,3.4,3.4,0,0,1
MIDCPNIFTY29JUL2411800PE.NFO,2024-05-28,10:59:00,2024-07-29,3.4,3.4,3.4,3.4,0,0,1
MIDCPNIFTY29JUL2411800PE.NFO,2024-05-28,11:00:00,2024-07-29,3.4,3.4,3.4,3.4,0,0,1
MIDCPNIFTY29JUL2411800PE.NFO,2024-05-28,11:01:00,2024-07-29,3.4,3.4,3.4,3.4,0,0,1
MIDCPNIFTY29JUL2411800PE.NFO,2024-05-28,11:02:00,2024-07-29,3.4,3.4,3.4,3.4,0,0,1
MIDCPNIFTY29JUL2411800PE.NFO,2024-05-28,11:03:00,2024-07-29,3.4,3.4,3.4,3.4,0,0,1
MIDCPNIFTY29JUL2411800PE.NFO,2024-05-28,11:04:00,2024-07-29,3.4,3.4,3.4,3.4,0,0,1
MIDCPNIFTY29JUL2411800PE.NFO,2024-05-28,11:05:00,2024-07-29,3.4,3.4,3.4,3.4,0,0,1
MIDCPNIFTY29JUL2411800PE.NFO,2024-05-28,11:06:00,2024-07-29,3.4,3.4,3.4,3.4,0,0,1
MIDCPNIFTY29JUL2411800PE.NFO,2024-05-28,11:07:00,2024-07-29,3.4,3.4,3.4,3.4,0,0,1
MIDCPNIFTY29JUL2411800PE.NFO,2024-05-28,11:08:00,2024-07-29,3.4,3.4,3.4,3.4,0,0,1
MIDCPNIFTY29JUL2411800PE.NFO,2024-05-28,11:09:00,2024-07-29,3.4,3.4,3.4,3.4,0,0,1
MIDCPNIFTY29JUL2411800PE.NFO,2024-05-28,11:10:00,2024-07-29,3.4,3.4,3.4,3.4,0,0,1
MIDCPNIFTY29JUL2411800PE.NFO,2024-05-28,11:11:00,2024-07-29,3.4,3.4,3.4,3.4,0,0,1
MIDCPNIFTY29JUL2411800PE.NFO,2024-05-28,11:12:00,2024-07-29,3.4,3.4,3.4,3.4,0,0,1
MIDCPNIFTY29JUL2411800PE.NFO,2024-05-28,11:13:00,2024-07-29,3.4,3.4,3.4,3.4,0,0,1
MIDCPNIFTY29JUL2411800PE.NFO,2024-05-28,11:14:00,2024-07-29,3.4,3.4,3.4,3.4,0,0,1
MIDCPNIFTY29JUL2411800PE.NFO,2024-05-28,11:15:00,2024-07-29,3.4,3.4,3.4,3.4,0,0,1
MIDCPNIFTY29JUL2411800PE.NFO,2024-05-28,11:16:00,2024-07-29,3.4,3.4,3.4,3.4,0,0,1
MIDCPNIFTY29JUL2411800PE.NFO,2024-05-28,11:17:00,2024-07-29,3.4,3.4,3.4,3.4,0,0,1
MIDCPNIFTY29JUL2411800PE.NFO,2024-05-28,11:18:00,2024-07-29,3.4,3.4,3.4,3.4,0,0,1
MIDCPNIFTY29JUL2411800PE.NFO,2024-05-28,11:19:00,2024-07-29,3.4,3.4,3.4,3.4,0,0,1
MIDCPNIFTY29JUL2411800PE.NFO,2024-05-28,11:20:00,2024-07-29,3.4,3.4,3.4,3.4,0,0,1
MIDCPNIFTY29JUL2411800PE.NFO,2024-05-28,11:21:00,2024-07-29,3.4,3.4,3.4,3.4,0,0,1
MIDCPNIFTY29JUL2411800PE.NFO,2024-05-28,11:22:00,2024-07-29,3.4,3.4,3.4,3.4,0,0,1
MIDCPNIFTY29JUL2411800PE.NFO,2024-05-28,11:23:00,2024-07-29,3.4,3.4,3.4,3.4,0,0,1
MIDCPNIFTY29JUL2411800PE.NFO,2024-05-28,11:24:00,2024-07-29,3.4,3.4,3.4,3.4,0,0,1
MIDCPNIFTY29JUL2411800PE.NFO,2024-05-28,11:25:00,2024-07-29,3.4,3.4,3.4,3.4,0,0,1
MIDCPNIFTY29JUL2411800PE.NFO,2024-05-28,11:26:00,2024-07-29,3.4,3.4,3.4,3.4,0,0,1
MIDCPNIFTY29JUL2411800PE.NFO,2024-05-28,11:27:00,2024-07-29,3.4,3.4,3.4,3.4,0,0,1
MIDCPNIFTY29JUL2411800PE.NFO,2024-05-28,11:28:00,2024-07-29,3.4,3.4,3.4,3.4,0,0,1
MIDCPNIFTY29JUL2411800PE.NFO,2024-05-28,11:29:00,2024-07-29,3.4,3.4,3.4,3.4,0,0,1
MIDCPNIFTY29JUL2411800PE.NFO,2024-05-28,11:30:00,2024-07-29,3.4,3.4,3.4,3.4,0,0,1
MIDCPNIFTY29JUL2411800PE.NFO,2024-05-28,11:31:00,2024-07-29,3.4,3.4,3.4,3.4,0,0,1
MIDCPNIFTY29JUL2411800PE.NFO,2024-05-28,11:32:00,2024-07-29,3.4,3.4,3.4,3.4,0,0,1
MIDCPNIFTY29JUL2411800PE.NFO,2024-05-28,11:33:00,2024-07-29,3.4,3.4,3.4,3.4,0,0,1
MIDCPNIFTY29JUL2411800PE.NFO,2024-05-28,11:34:00,2024-07-29,3.4,3.4,3.4,3.4,0,0,1
MIDCPNIFTY29JUL2411800PE.NFO,2024-05-28,11:35:00,2024-07-29,3.4,3.4,3.4,3.4,0,0,1
MIDCPNIFTY29JUL2411800PE.NFO,2024-05-28,11:36:00,2024-07-29,3.4,3.4,3.4,3.4,0,0,1
MIDCPNIFTY29JUL2411800PE.NFO,2024-05-28,11:37:00,2024-07-29,3.4,3.4,3.4,3.4,0,0,1
MIDCPNIFTY29JUL2411800PE.NFO,2024-05-28,11:38:00,2024-07-29,3.4,3.4,3.4,3.4,0,0,1
MIDCPNIFTY29JUL2411800PE.NFO,2024-05-28,11:39:00,2024-07-29,3.4,3.4,3.4,3.4,0,0,1
MIDCPNIFTY29JUL2411800PE.NFO,2024-05-28,11:40:00,2024-07-29,3.4,3.4,3.4,3.4,0,0,1
MIDCPNIFTY29JUL2411800PE.NFO,2024-05-28,11:41:00,2024-07-29,3.4,3.4,3.4,3.4,0,0,1
MIDCPNIFTY29JUL2411800PE.NFO,2024-05-28,11:42:00,2024-07-29,3.4,3.4,3.4,3.4,0,0,1
MIDCPNIFTY29JUL2411800PE.NFO,2024-05-28,11:43:00,2024-07-29,3.4,3.4,3.4,3.4,0,0,1
MIDCPNIFTY29JUL2411800PE.NFO,2024-05-28,11:44:00,2024-07-29,3.4,3.4,3.4,3.4,0,0,1
MIDCPNIFTY29JUL2411800PE.NFO,2024-05-28,11:45:00,2024-07-29,3.4,3.4,3.4,3.4,0,0,1
MIDCPNIFTY29JUL2411800PE.NFO,2024-05-28,11:46:00,2024-07-29,3.4,3.4,3.4,3.4,0,0,1
MIDCPNIFTY29JUL2411800PE.NFO,2024-05-28,11:47:00,2024-07-29,3.4,3.4,3.4,3.4,0,0,1
MIDCPNIFTY29JUL2411800PE.NFO,2024-05-28,11:48:00,2024-07-29,3.4,3.4,3.4,3.4,0,0,1
MIDCPNIFTY29JUL2411800PE.NFO,2024-05-28,11:49:00,2024-07-29,3.4,3.4,3.4,3.4,0,0,1
MIDCPNIFTY29JUL2411800PE.NFO,2024-05-28,11:50:00,2024-07-29,3.4,3.4,3.4,3.4,0,0,1
MIDCPNIFTY29JUL2411800PE.NFO,2024-05-28,11:51:00,2024-07-29,3.4,3.4,3.4,3.4,0,0,1
MIDCPNIFTY29JUL2411800PE.NFO,2024-05-28,11:52:00,2024-07-29,3.4,3.4,3.4,3.4,0,0,1
MIDCPNIFTY29JUL2411800PE.NFO,2024-05-28,11:53:00,2024-07-29,3.4,3.4,3.4,3.4,0,0,1
MIDCPNIFTY29JUL2411800PE.NFO,2024-05-28,11:54:00,2024-07-29,3.4,3.4,3.4,3.4,0,0,1
MIDCPNIFTY29JUL2411800PE.NFO,2024-05-28,11:55:00,2024-07-29,3.4,3.4,3.4,3.4,0,0,1
MIDCPNIFTY29JUL2411800PE.NFO,2024-05-28,11:56:00,2024-07-29,3.4,3.4,3.4,3.4,0,0,1
MIDCPNIFTY29JUL2411800PE.NFO,2024-05-28,11:57:00,2024-07-29,3.4,3.4,3.4,3.4,0,0,1
MIDCPNIFTY29JUL2411800PE.NFO,2024-05-28,11:58:00,2024-07-29,3.4,3.4,3.4,3.4,0,0,1
MIDCPNIFTY29JUL2411800PE.NFO,2024-05-28,11:59:00,2024-07-29,3.4,3.4,3.4,3.4,0,0,1
MIDCPNIFTY29JUL2411800PE.NFO,2024-05-28,12:00:00,2024-07-29,3.4,3.4,3.4,3.4,0,0,1
MIDCPNIFTY29JUL2411800PE.NFO,2024-05-28,12:01:00,2024-07-29,3.4,3.4,3.4,3.4,0,0,1
MIDCPNIFTY29JUL2411800PE.NFO,2024-05-28,12:02:00,2024-07-29,3.4,3.4,3.4,3.4,0,0,1
MIDCPNIFTY29JUL2411800PE.NFO,2024-05-28,12:03:00,2024-07-29,3.4,3.4,3.4,3.4,0,0,1
MIDCPNIFTY29JUL2411800PE.NFO,2024-05-28,12:04:00,2024-07-29,3.4,3.4,3.4,3.4,0,0,1
MIDCPNIFTY29JUL2411800PE.NFO,2024-05-28,12:05:00,2024-07-29,3.4,3.4,3.4,3.4,0,0,1
MIDCPNIFTY29JUL2411800PE.NFO,2024-05-28,12:06:00,2024-07-29,3.4,3.4,3.4,3.4,0,0,1
MIDCPNIFTY29JUL2411800PE.NFO,2024-05-28,12:07:00,2024-07-29,3.4,3.4,3.4,3.4,0,0,1
MIDCPNIFTY29JUL2411800PE.NFO,2024-05-28,12:08:00,2024-07-29,3.4,3.4,3.4,3.4,0,0,1
MIDCPNIFTY29JUL2411800PE.NFO,2024-05-28,12:09:00,2024-07-29,3.4,3.4,3.4,3.4,0,0,1
MIDCPNIFTY29JUL2411800PE.NFO,2024-05-28,12:10:00,2024-07-29,3.4,3.4,3.4,3.4,0,0,1
MIDCPNIFTY29JUL2411800PE.NFO,2024-05-28,12:11:00,2024-07-29,3.4,3.4,3.4,3.4,0,0,1
MIDCPNIFTY29JUL2411800PE.NFO,2024-05-28,12:12:00,2024-07-29,3.4,3.4,3.4,3.4,0,0,1
MIDCPNIFTY29JUL2411800PE.NFO,2024-05-28,12:13:00,2024-07-29,3.4,3.4,3.4,3.4,0,0,1
MIDCPNIFTY29JUL2411800PE.NFO,2024-05-28,12:14:00,2024-07-29,3.4,3.4,3.4,3.4,0,0,1
MIDCPNIFTY29JUL2411800PE.NFO,2024-05-28,12:15:00,2024-07-29,3.4,3.4,3.4,3.4,0,0,1
MIDCPNIFTY29JUL2411800PE.NFO,2024-05-28,12:16:00,2024-07-29,3.4,3.4,3.4,3.4,0,0,1
MIDCPNIFTY29JUL2411800PE.NFO,2024-05-28,12:17:00,2024-07-29,3.4,3.4,3.4,3.4,0,0,1
MIDCPNIFTY29JUL2411800PE.NFO,2024-05-28,12:18:00,2024-07-29,3.4,3.4,3.4,3.4,0,0,1
MIDCPNIFTY29JUL2411800PE.NFO,2024-05-28,12:19:00,2024-07-29,3.4,3.4,3.4,3.4,0,0,1
MIDCPNIFTY29JUL2411800PE.NFO,2024-05-28,12:20:00,2024-07-29,3.4,3.4,3.4,3.4,0,0,1
MIDCPNIFTY29JUL2411800PE.NFO,2024-05-28,12:21:00,2024-07-29,3.4,3.4,3.4,3.4,0,0,1
MIDCPNIFTY29JUL2411800PE.NFO,2024-05-28,12:22:00,2024-07-29,3.4,3.4,3.4,3.4,0,0,1
MIDCPNIFTY29JUL2411800PE.NFO,2024-05-28,12:23:00,2024-07-29,3.4,3.4,3.4,3.4,0,0,1
MIDCPNIFTY29JUL2411800PE.NFO,2024-05-28,12:24:00,2024-07-29,3.4,3.4,3.4,3.4,0,0,1
MIDCPNIFTY29JUL2411800PE.NFO,2024-05-28,12:25:00,2024-07-29,3.4,3.4,3.4,3.4,0,0,1
MIDCPNIFTY29JUL2411800PE.NFO,2024-05-28,12:26:00,2024-07-29,3.4,3.4,3.4,3.4,0,0,1
MIDCPNIFTY29JUL2411800PE.NFO,2024-05-28,12:27:00,2024-07-29,3.4,3.4,3.4,3.4,0,0,1
MIDCPNIFTY29JUL2411800PE.NFO,2024-05-28,12:28:00,2024-07-29,3.4,3.4,3.4,3.4,0,0,1
MIDCPNIFTY29JUL2411800PE.NFO,2024-05-28,12:29:00,2024-07-29,3.4,3.4,3.4,3.4,0,0,1
MIDCPNIFTY29JUL2411800PE.NFO,2024-05-28,12:30:00,2024-07-29,3.4,3.4,3.4,3.4,0,0,1
MIDCPNIFTY29JUL2411800PE.NFO,2024-05-28,12:31:00,2024-07-29,3.4,3.4,3.4,3.4,0,0,1
MIDCPNIFTY29JUL2411800PE.NFO,2024-05-28,12:32:00,2024-07-29,3.4,3.4,3.4,3.4,0,0,1
MIDCPNIFTY29JUL2411800PE.NFO,2024-05-28,12:33:00,2024-07-29,3.4,3.4,3.4,3.4,0,0,1
MIDCPNIFTY29JUL2411800PE.NFO,2024-05-28,12:34:00,2024-07-29,3.4,3.4,3.4,3.4,0,0,1
MIDCPNIFTY29JUL2411800PE.NFO,2024-05-28,12:35:00,2024-07-29,3.4,3.4,3.4,3.4,0,0,1
MIDCPNIFTY29JUL2411800PE.NFO,2024-05-28,12:36:00,2024-07-29,3.4,3.4,3.4,3.4,0,0,1
MIDCPNIFTY29JUL2411800PE.NFO,2024-05-28,12:37:00,2024-07-29,3.4,3.4,3.4,3.4,0,0,1
MIDCPNIFTY29JUL2411800PE.NFO,2024-05-28,12:38:00,2024-07-29,3.4,3.4,3.4,3.4,0,0,1
MIDCPNIFTY29JUL2411800PE.NFO,2024-05-28,12:39:00,2024-07-29,3.4,3.4,3.4,3.4,0,0,1
MIDCPNIFTY29JUL2411800PE.NFO,2024-05-28,12:40:00,2024-07-29,3.4,3.4,3.4,3.4,0,0,1
MIDCPNIFTY29JUL2411800PE.NFO,2024-05-28,12:41:00,2024-07-29,3.4,3.4,3.4,3.4,0,0,1
MIDCPNIFTY29JUL2411800PE.NFO,2024-05-28,12:42:00,2024-07-29,3.4,3.4,3.4,3.4,0,0,1
MIDCPNIFTY29JUL2411800PE.NFO,2024-05-28,12:43:00,2024-07-29,3.4,3.4,3.4,3.4,0,0,1
MIDCPNIFTY29JUL2411800PE.NFO,2024-05-28,12:44:00,2024-07-29,3.4,3.4,3.4,3.4,0,0,1
MIDCPNIFTY29JUL2411800PE.NFO,2024-05-28,12:45:00,2024-07-29,3.4,3.4,3.4,3.4,0,0,1
MIDCPNIFTY29JUL2411800PE.NFO,2024-05-28,12:46:00,2024-07-29,3.4,3.4,3.4,3.4,0,0,1
MIDCPNIFTY29JUL2411800PE.NFO,2024-05-28,12:47:00,2024-07-29,3.4,3.4,3.4,3.4,0,0,1
MIDCPNIFTY29JUL2411800PE.NFO,2024-05-28,12:48:00,2024-07-29,3.4,3.4,3.4,3.4,0,0,1
MIDCPNIFTY29JUL2411800PE.NFO,2024-05-28,12:49:00,2024-07-29,3.4,3.4,3.4,3.4,0,0,1
MIDCPNIFTY29JUL2411800PE.NFO,2024-05-28,12:50:00,2024-07-29,3.4,3.4,3.4,3.4,0,0,1
MIDCPNIFTY29JUL2411800PE.NFO,2024-05-28,12:51:00,2024-07-29,3.4,3.4,3.4,3.4,0,0,1
MIDCPNIFTY29JUL2411800PE.NFO,2024-05-28,12:52:00,2024-07-29,3.4,3.4,3.4,3.4,0,0,1
MIDCPNIFTY29JUL2411800PE.NFO,2024-05-28,12:53:00,2024-07-29,3.4,3.4,3.4,3.4,0,0,1
MIDCPNIFTY29JUL2411800PE.NFO,2024-05-28,12:54:00,2024-07-29,3.4,3.4,3.4,3.4,0,0,1
MIDCPNIFTY29JUL2411800PE.NFO,2024-05-28,12:55:00,2024-07-29,3.4,3.4,3.4,3.4,0,0,1
MIDCPNIFTY29JUL2411800PE.NFO,2024-05-28,12:56:00,2024-07-29,3.4,3.4,3.4,3.4,0,0,1
MIDCPNIFTY29JUL2411800PE.NFO,2024-05-28,12:57:00,2024-07-29,3.4,3.4,3.4,3.4,0,0,1
MIDCPNIFTY29JUL2411800PE.NFO,2024-05-28,12:58:00,2024-07-29,3.4,3.4,3.4,3.4,0,0,1
MIDCPNIFTY29JUL2411800PE.NFO,2024-05-28,12:59:00,2024-07-29,3.4,3.4,3.4,3.4,0,0,1
MIDCPNIFTY29JUL2411800PE.NFO,2024-05-28,13:00:00,2024-07-29,3.4,3.4,3.4,3.4,0,0,1
MIDCPNIFTY29JUL2411800PE.NFO,2024-05-28,13:01:00,2024-07-29,3.4,3.4,3.4,3.4,0,0,1
MIDCPNIFTY29JUL2411800PE.NFO,2024-05-28,13:02:00,2024-07-29,3.4,3.4,3.4,3.4,0,0,1
MIDCPNIFTY29JUL2411800PE.NFO,2024-05-28,13:03:00,2024-07-29,3.4,3.4,3.4,3.4,0,0,1
MIDCPNIFTY29JUL2411800PE.NFO,2024-05-28,13:04:00,2024-07-29,3.4,3.4,3.4,3.4,0,0,1
MIDCPNIFTY29JUL2411800PE.NFO,2024-05-28,13:05:00,2024-07-29,3.4,3.4,3.4,3.4,0,0,1
MIDCPNIFTY29JUL2411800PE.NFO,2024-05-28,13:06:00,2024-07-29,3.4,3.4,3.4,3.4,0,0,1
MIDCPNIFTY29JUL2411800PE.NFO,2024-05-28,13:07:00,2024-07-29,3.4,3.4,3.4,3.4,0,0,1
MIDCPNIFTY29JUL2411800PE.NFO,2024-05-28,13:08:00,2024-07-29,3.4,3.4,3.4,3.4,0,0,1
MIDCPNIFTY29JUL2411800PE.NFO,2024-05-28,13:09:00,2024-07-29,3.4,3.4,3.4,3.4,0,0,1
MIDCPNIFTY29JUL2411800PE.NFO,2024-05-28,13:10:00,2024-07-29,3.4,3.4,3.4,3.4,0,0,1
MIDCPNIFTY29JUL2411800PE.NFO,2024-05-28,13:11:00,2024-07-29,3.4,3.4,3.4,3.4,0,0,1
MIDCPNIFTY29JUL2411800PE.NFO,2024-05-28,13:12:00,2024-07-29,3.4,3.4,3.4,3.4,0,0,1
MIDCPNIFTY29JUL2411800PE.NFO,2024-05-28,13:13:00,2024-07-29,3.4,3.4,3.4,3.4,0,0,1
MIDCPNIFTY29JUL2411800PE.NFO,2024-05-28,13:14:00,2024-07-29,3.4,3.4,3.4,3.4,0,0,1
MIDCPNIFTY29JUL2411800PE.NFO,2024-05-28,13:15:00,2024-07-29,3.4,3.4,3.4,3.4,0,0,1
MIDCPNIFTY29JUL2411800PE.NFO,2024-05-28,13:16:00,2024-07-29,3.4,3.4,3.4,3.4,0,0,1
MIDCPNIFTY29JUL2411800PE.NFO,2024-05-28,13:17:00,2024-07-29,3.4,3.4,3.4,3.4,0,0,1
MIDCPNIFTY29JUL2411800PE.NFO,2024-05-28,13:18:00,2024-07-29,3.4,3.4,3.4,3.4,0,0,1
MIDCPNIFTY29JUL2411800PE.NFO,2024-05-28,13:19:00,2024-07-29,3.4,3.4,3.4,3.4,0,0,1
MIDCPNIFTY29JUL2411800PE.NFO,2024-05-28,13:20:00,2024-07-29,3.4,3.4,3.4,3.4,0,0,1
MIDCPNIFTY29JUL2411800PE.NFO,2024-05-28,13:21:00,2024-07-29,3.4,3.4,3.4,3.4,0,0,1
MIDCPNIFTY29JUL2411800PE.NFO,2024-05-28,13:22:00,2024-07-29,3.4,3.4,3.4,3.4,0,0,1
MIDCPNIFTY29JUL2411800PE.NFO,2024-05-28,13:23:00,2024-07-29,3.4,3.4,3.4,3.4,0,0,1
MIDCPNIFTY29JUL2411800PE.NFO,2024-05-28,13:24:00,2024-07-29,3.4,3.4,3.4,3.4,0,0,1
MIDCPNIFTY29JUL2411800PE.NFO,2024-05-28,13:25:00,2024-07-29,3.4,3.4,3.4,3.4,0,0,1
MIDCPNIFTY29JUL2411800PE.NFO,2024-05-28,13:26:00,2024-07-29,3.4,3.4,3.4,3.4,0,0,1
MIDCPNIFTY29JUL2411800PE.NFO,2024-05-28,13:27:00,2024-07-29,3.4,3.4,3.4,3.4,0,0,1
MIDCPNIFTY29JUL2411800PE.NFO,2024-05-28,13:28:00,2024-07-29,3.4,3.4,3.4,3.4,0,0,1
MIDCPNIFTY29JUL2411800PE.NFO,2024-05-28,13:29:00,2024-07-29,3.4,3.4,3.4,3.4,0,0,1
MIDCPNIFTY29JUL2411800PE.NFO,2024-05-28,13:30:00,2024-07-29,3.4,3.4,3.4,3.4,0,0,1
MIDCPNIFTY29JUL2411800PE.NFO,2024-05-28,13:31:00,2024-07-29,3.4,3.4,3.4,3.4,0,0,1
MIDCPNIFTY29JUL2411800PE.NFO,2024-05-28,13:32:00,2024-07-29,3.4,3.4,3.4,3.4,0,0,1
MIDCPNIFTY29JUL2411800PE.NFO,2024-05-28,13:33:00,2024-07-29,3.4,3.4,3.4,3.4,0,0,1
MIDCPNIFTY29JUL2411800PE.NFO,2024-05-28,13:34:00,2024-07-29,3.4,3.4,3.4,3.4,0,0,1
MIDCPNIFTY29JUL2411800PE.NFO,2024-05-28,13:35:00,2024-07-29,3.4,3.4,3.4,3.4,0,0,1
MIDCPNIFTY29JUL2411800PE.NFO,2024-05-28,13:36:00,2024-07-29,3.4,3.4,3.4,3.4,0,0,1
MIDCPNIFTY29JUL2411800PE.NFO,2024-05-28,13:37:00,2024-07-29,3.4,3.4,3.4,3.4,0,0,1
MIDCPNIFTY29JUL2411800PE.NFO,2024-05-28,13:38:00,2024-07-29,3.4,3.4,3.4,3.4,0,0,1
MIDCPNIFTY29JUL2411800PE.NFO,2024-05-28,13:39:00,2024-07-29,3.4,3.4,3.4,3.4,0,0,1
MIDCPNIFTY29JUL2411800PE.NFO,2024-05-28,13:40:00,2024-07-29,3.4,3.4,3.4,3.4,0,0,1
MIDCPNIFTY29JUL2411800PE.NFO,2024-05-28,13:41:00,2024-07-29,3.4,3.4,3.4,3.4,0,0,1
MIDCPNIFTY29JUL2411800PE.NFO,2024-05-28,13:42:00,2024-07-29,3.4,3.4,3.4,3.4,0,0,1
MIDCPNIFTY29JUL2411800PE.NFO,2024-05-28,13:43:00,2024-07-29,3.4,3.4,3.4,3.4,0,0,1
MIDCPNIFTY29JUL2411800PE.NFO,2024-05-28,13:44:00,2024-07-29,3.4,3.4,3.4,3.4,0,0,1
MIDCPNIFTY29JUL2411800PE.NFO,2024-05-28,13:45:00,2024-07-29,3.4,3.4,3.4,3.4,0,0,1
MIDCPNIFTY29JUL2411800PE.NFO,2024-05-28,13:46:00,2024-07-29,3.4,3.4,3.4,3.4,0,0,1
MIDCPNIFTY29JUL2411800PE.NFO,2024-05-28,13:47:00,2024-07-29,3.4,3.4,3.4,3.4,0,0,1
MIDCPNIFTY29JUL2411800PE.NFO,2024-05-28,13:48:00,2024-07-29,3.4,3.4,3.4,3.4,0,0,1
MIDCPNIFTY29JUL2411800PE.NFO,2024-05-28,13:49:00,2024-07-29,3.4,3.4,3.4,3.4,0,0,1
MIDCPNIFTY29JUL2411800PE.NFO,2024-05-28,13:50:00,2024-07-29,3.4,3.4,3.4,3.4,0,0,1
MIDCPNIFTY29JUL2411800PE.NFO,2024-05-28,13:51:00,2024-07-29,3.4,3.4,3.4,3.4,0,0,1
MIDCPNIFTY29JUL2411800PE.NFO,2024-05-28,13:52:00,2024-07-29,3.4,3.4,3.4,3.4,0,0,1
MIDCPNIFTY29JUL2411800PE.NFO,2024-05-28,13:53:00,2024-07-29,3.4,3.4,3.4,3.4,0,0,1
MIDCPNIFTY29JUL2411800PE.NFO,2024-05-28,13:54:00,2024-07-29,3.4,3.4,3.4,3.4,0,0,1
MIDCPNIFTY29JUL2411800PE.NFO,2024-05-28,13:55:00,2024-07-29,3.4,3.4,3.4,3.4,0,0,1
MIDCPNIFTY29JUL2411800PE.NFO,2024-05-28,13:56:00,2024-07-29,3.4,3.4,3.4,3.4,0,0,1
MIDCPNIFTY29JUL2411800PE.NFO,2024-05-28,13:57:00,2024-07-29,3.4,3.4,3.4,3.4,0,0,1
MIDCPNIFTY29JUL2411800PE.NFO,2024-05-28,13:58:00,2024-07-29,3.4,3.4,3.4,3.4,0,0,1
MIDCPNIFTY29JUL2411800PE.NFO,2024-05-28,13:59:00,2024-07-29,3.4,3.4,3.4,3.4,0,0,1
MIDCPNIFTY29JUL2411800PE.NFO,2024-05-28,14:00:00,2024-07-29,3.4,3.4,3.4,3.4,0,0,1
MIDCPNIFTY29JUL2411800PE.NFO,2024-05-28,14:01:00,2024-07-29,3.4,3.4,3.4,3.4,0,0,1
MIDCPNIFTY29JUL2411800PE.NFO,2024-05-28,14:02:00,2024-07-29,3.4,3.4,3.4,3.4,0,0,1
MIDCPNIFTY29JUL2411800PE.NFO,2024-05-28,14:03:00,2024-07-29,3.4,3.4,3.4,3.4,0,0,1
MIDCPNIFTY29JUL2411800PE.NFO,2024-05-28,14:04:00,2024-07-29,3.4,3.4,3.4,3.4,0,0,1
MIDCPNIFTY29JUL2411800PE.NFO,2024-05-28,14:05:00,2024-07-29,3.4,3.4,3.4,3.4,0,0,1
MIDCPNIFTY29JUL2411800PE.NFO,2024-05-28,14:06:00,2024-07-29,3.4,3.4,3.4,3.4,0,0,1
MIDCPNIFTY29JUL2411800PE.NFO,2024-05-28,14:07:00,2024-07-29,3.4,3.4,3.4,3.4,0,0,1
MIDCPNIFTY29JUL2411800PE.NFO,2024-05-28,14:08:00,2024-07-29,3.4,3.4,3.4,3.4,0,0,1
MIDCPNIFTY29JUL2411800PE.NFO,2024-05-28,14:09:00,2024-07-29,3.4,3.4,3.4,3.4,0,0,1
MIDCPNIFTY29JUL2411800PE.NFO,2024-05-28,14:10:00,2024-07-29,3.4,3.4,3.4,3.4,0,0,1
MIDCPNIFTY29JUL2411800PE.NFO,2024-05-28,14:11:00,2024-07-29,3.4,3.4,3.4,3.4,0,0,1
MIDCPNIFTY29JUL2411800PE.NFO,2024-05-28,14:12:00,2024-07-29,3.4,3.4,3.4,3.4,0,0,1
MIDCPNIFTY29JUL2411800PE.NFO,2024-05-28,14:13:00,2024-07-29,3.4,3.4,3.4,3.4,0,0,1
MIDCPNIFTY29JUL2411800PE.NFO,2024-05-28,14:14:00,2024-07-29,3.4,3.4,3.4,3.4,0,0,1
MIDCPNIFTY29JUL2411800PE.NFO,2024-05-28,14:15:00,2024-07-29,3.4,3.4,3.4,3.4,0,0,1
MIDCPNIFTY29JUL2411800PE.NFO,2024-05-28,14:16:00,2024-07-29,3.4,3.4,3.4,3.4,0,0,1
MIDCPNIFTY29JUL2411800PE.NFO,2024-05-28,14:17:00,2024-07-29,3.4,3.4,3.4,3.4,0,0,1
MIDCPNIFTY29JUL2411800PE.NFO,2024-05-28,14:18:00,2024-07-29,3.4,3.4,3.4,3.4,0,0,1
MIDCPNIFTY29JUL2411800PE.NFO,2024-05-28,14:19:00,2024-07-29,3.4,3.4,3.4,3.4,0,0,1
MIDCPNIFTY29JUL2411800PE.NFO,2024-05-28,14:20:00,2024-07-29,3.4,3.4,3.4,3.4,0,0,1
MIDCPNIFTY29JUL2411800PE.NFO,2024-05-28,14:21:00,2024-07-29,3.4,3.4,3.4,3.4,0,0,1
MIDCPNIFTY29JUL2411800PE.NFO,2024-05-28,14:22:00,2024-07-29,3.4,3.4,3.4,3.4,0,0,1
MIDCPNIFTY29JUL2411800PE.NFO,2024-05-28,14:23:00,2024-07-29,3.4,3.4,3.4,3.4,0,0,1
MIDCPNIFTY29JUL2411800PE.NFO,2024-05-28,14:24:00,2024-07-29,3.4,3.4,3.4,3.4,0,0,1
MIDCPNIFTY29JUL2411800PE.NFO,2024-05-28,14:25:00,2024-07-29,3.4,3.4,3.4,3.4,0,0,1
MIDCPNIFTY29JUL2411800PE.NFO,2024-05-28,14:26:00,2024-07-29,3.4,3.4,3.4,3.4,0,0,1
MIDCPNIFTY29JUL2411800PE.NFO,2024-05-28,14:27:00,2024-07-29,3.4,3.4,3.4,3.4,0,0,1
MIDCPNIFTY29JUL2411800PE.NFO,2024-05-28,14:28:00,2024-07-29,3.4,3.4,3.4,3.4,0,0,1
MIDCPNIFTY29JUL2411800PE.NFO,2024-05-28,14:29:00,2024-07-29,3.4,3.4,3.4,3.4,0,0,1
MIDCPNIFTY29JUL2411800PE.NFO,2024-05-28,14:30:00,2024-07-29,3.4,3.4,3.4,3.4,0,0,1
MIDCPNIFTY29JUL2411800PE.NFO,2024-05-28,14:31:00,2024-07-29,3.4,3.4,3.4,3.4,0,0,1
MIDCPNIFTY29JUL2411800PE.NFO,2024-05-28,14:32:00,2024-07-29,3.4,3.4,3.4,3.4,0,0,1
MIDCPNIFTY29JUL2411800PE.NFO,2024-05-28,14:33:00,2024-07-29,3.4,3.4,3.4,3.4,0,0,1
MIDCPNIFTY29JUL2411800PE.NFO,2024-05-28,14:34:00,2024-07-29,3.4,3.4,3.4,3.4,0,0,1
MIDCPNIFTY29JUL2411800PE.NFO,2024-05-28,14:35:00,2024-07-29,3.4,3.4,3.4,3.4,0,0,1
MIDCPNIFTY29JUL2411800PE.NFO,2024-05-28,14:36:00,2024-07-29,3.4,3.4,3.4,3.4,0,0,1
MIDCPNIFTY29JUL2411800PE.NFO,2024-05-28,14:37:00,2024-07-29,3.4,3.4,3.4,3.4,0,0,1
MIDCPNIFTY29JUL2411800PE.NFO,2024-05-28,14:38:00,2024-07-29,3.4,3.4,3.4,3.4,0,0,1
MIDCPNIFTY29JUL2411800PE.NFO,2024-05-28,14:39:00,2024-07-29,3.4,3.4,3.4,3.4,0,0,1
MIDCPNIFTY29JUL2411800PE.NFO,2024-05-28,14:40:00,2024-07-29,3.4,3.4,3.4,3.4,0,0,1
MIDCPNIFTY29JUL2411800PE.NFO,2024-05-28,14:41:00,2024-07-29,3.4,3.4,3.4,3.4,0,0,1
MIDCPNIFTY29JUL2411800PE.NFO,2024-05-28,14:42:00,2024-07-29,3.4,3.4,3.4,3.4,0,0,1
MIDCPNIFTY29JUL2411800PE.NFO,2024-05-28,14:43:00,2024-07-29,3.4,3.4,3.4,3.4,0,0,1
MIDCPNIFTY29JUL2411800PE.NFO,2024-05-28,14:44:00,2024-07-29,3.4,3.4,3.4,3.4,0,0,1
MIDCPNIFTY29JUL2411800PE.NFO,2024-05-28,14:45:00,2024-07-29,3.4,3.4,3.4,3.4,0,0,1
MIDCPNIFTY29JUL2411800PE.NFO,2024-05-28,14:46:00,2024-07-29,3.4,3.4,3.4,3.4,0,0,1
MIDCPNIFTY29JUL2411800PE.NFO,2024-05-28,14:47:00,2024-07-29,3.4,3.4,3.4,3.4,0,0,1
MIDCPNIFTY29JUL2411800PE.NFO,2024-05-28,14:48:00,2024-07-29,3.4,3.4,3.4,3.4,0,0,1
MIDCPNIFTY29JUL2411800PE.NFO,2024-05-28,14:49:00,2024-07-29,3.4,3.4,3.4,3.4,0,0,1
MIDCPNIFTY29JUL2411800PE.NFO,2024-05-28,14:50:00,2024-07-29,3.4,3.4,3.4,3.4,0,0,1
MIDCPNIFTY29JUL2411800PE.NFO,2024-05-28,14:51:00,2024-07-29,3.4,3.4,3.4,3.4,0,0,1
MIDCPNIFTY29JUL2411800PE.NFO,2024-05-28,14:52:00,2024-07-29,3.4,3.4,3.4,3.4,0,0,1
MIDCPNIFTY29JUL2411800PE.NFO,2024-05-28,14:53:00,2024-07-29,3.4,3.4,3.4,3.4,0,0,1
MIDCPNIFTY29JUL2411800PE.NFO,2024-05-28,14:54:00,2024-07-29,3.4,3.4,3.4,3.4,0,0,1
MIDCPNIFTY29JUL2411800PE.NFO,2024-05-28,14:55:00,2024-07-29,3.4,3.4,3.4,3.4,0,0,1
MIDCPNIFTY29JUL2411800PE.NFO,2024-05-28,14:56:00,2024-07-29,3.4,3.4,3.4,3.4,0,0,1
MIDCPNIFTY29JUL2411800PE.NFO,2024-05-28,14:57:00,2024-07-29,3.4,3.4,3.4,3.4,0,0,1
MIDCPNIFTY29JUL2411800PE.NFO,2024-05-28,14:58:00,2024-07-29,3.4,3.4,3.4,3.4,0,0,1
MIDCPNIFTY29JUL2411800PE.NFO,2024-05-28,14:59:00,2024-07-29,3.4,3.4,3.4,3.4,0,0,1
MIDCPNIFTY29JUL2411800PE.NFO,2024-05-28,15:00:00,2024-07-29,3.4,3.4,3.4,3.4,0,0,1
MIDCPNIFTY29JUL2411800PE.NFO,2024-05-28,15:01:00,2024-07-29,3.4,3.4,3.4,3.4,0,0,1
MIDCPNIFTY29JUL2411800PE.NFO,2024-05-28,15:02:00,2024-07-29,3.4,3.4,3.4,3.4,0,0,1
MIDCPNIFTY29JUL2411800PE.NFO,2024-05-28,15:03:00,2024-07-29,3.4,3.4,3.4,3.4,0,0,1
MIDCPNIFTY29JUL2411800PE.NFO,2024-05-28,15:04:00,2024-07-29,3.4,3.4,3.4,3.4,0,0,1
MIDCPNIFTY29JUL2411800PE.NFO,2024-05-28,15:05:00,2024-07-29,3.4,3.4,3.4,3.4,0,0,1
MIDCPNIFTY29JUL2411800PE.NFO,2024-05-28,15:06:00,2024-07-29,3.4,3.4,3.4,3.4,0,0,1
MIDCPNIFTY29JUL2411800PE.NFO,2024-05-28,15:07:00,2024-07-29,3.4,3.4,3.4,3.4,0,0,1
MIDCPNIFTY29JUL2411800PE.NFO,2024-05-28,15:08:00,2024-07-29,3.4,3.4,3.4,3.4,0,0,1
MIDCPNIFTY29JUL2411800PE.NFO,2024-05-28,15:09:00,2024-07-29,3.4,3.4,3.4,3.4,0,0,1
MIDCPNIFTY29JUL2411800PE.NFO,2024-05-28,15:10:00,2024-07-29,3.4,3.4,3.4,3.4,0,0,1
MIDCPNIFTY29JUL2411800PE.NFO,2024-05-28,15:11:00,2024-07-29,3.4,3.4,3.4,3.4,0,0,1
MIDCPNIFTY29JUL2411800PE.NFO,2024-05-28,15:12:00,2024-07-29,3.4,3.4,3.4,3.4,0,0,1
MIDCPNIFTY29JUL2411800PE.NFO,2024-05-28,15:13:00,2024-07-29,3.4,3.4,3.4,3.4,0,0,1
MIDCPNIFTY29JUL2411800PE.NFO,2024-05-28,15:14:00,2024-07-29,3.4,3.4,3.4,3.4,0,0,1
MIDCPNIFTY29JUL2411800PE.NFO,2024-05-28,15:15:00,2024-07-29,3.4,3.4,3.4,3.4,0,0,1
MIDCPNIFTY29JUL2411800PE.NFO,2024-05-28,15:16:00,2024-07-29,3.4,3.4,3.4,3.4,0,0,1
MIDCPNIFTY29JUL2411800PE.NFO,2024-05-28,15:17:00,2024-07-29,3.4,3.4,3.4,3.4,0,0,1
MIDCPNIFTY29JUL2411800PE.NFO,2024-05-28,15:18:00,2024-07-29,3.4,3.4,3.4,3.4,0,0,1
MIDCPNIFTY29JUL2411800PE.NFO,2024-05-28,15:19:00,2024-07-29,3.4,3.4,3.4,3.4,0,0,1
MIDCPNIFTY29JUL2411800PE.NFO,2024-05-28,15:20:00,2024-07-29,3.4,3.4,3.4,3.4,0,0,1
MIDCPNIFTY29JUL2411800PE.NFO,2024-05-28,15:21:00,2024-07-29,3.4,3.4,3.4,3.4,0,0,1
MIDCPNIFTY29JUL2411800PE.NFO,2024-05-28,15:22:00,2024-07-29,3.4,3.4,3.4,3.4,0,0,1
MIDCPNIFTY29JUL2411800PE.NFO,2024-05-28,15:23:00,2024-07-29,3.4,3.4,3.4,3.4,0,0,1
MIDCPNIFTY29JUL2411800PE.NFO,2024-05-28,15:24:00,2024-07-29,3.4,3.4,3.4,3.4,0,0,1
MIDCPNIFTY29JUL2411800PE.NFO,2024-05-28,15:25:00,2024-07-29,3.4,3.4,3.4,3.4,0,0,1
MIDCPNIFTY29JUL2411800PE.NFO,2024-05-28,15:26:00,2024-07-29,3.4,3.4,3.4,3.4,0,0,1
MIDCPNIFTY29JUL2411800PE.NFO,2024-05-28,15:27:00,2024-07-29,3.4,3.4,3.4,3.4,0,0,1
MIDCPNIFTY29JUL2411800PE.NFO,2024-05-28,15:28:00,2024-07-29,3.4,3.4,3.4,3.4,0,0,1
MIDCPNIFTY29JUL2411800PE.NFO,2024-05-28,15:29:00,2024-07-29,3.4,3.4,3.4,3.4,0,0,1
MIDCPNIFTY29JUL2411800PE.NFO,2024-05-28,15:30:00,2024-07-29,3.4,3.4,3.4,3.4,0,0,1
MIDCPNIFTY29JUL2411800PE.NFO,2024-05-29,09:15:00,2024-07-29,3.4,3.4,3.4,3.4,0,0,0
MIDCPNIFTY29JUL2411800PE.NFO,2024-05-29,09:16:00,2024-07-29,3.4,3.4,3.4,3.4,0,0,1
MIDCPNIFTY29JUL2411800PE.NFO,2024-05-29,09:17:00,2024-07-29,3.4,3.4,3.4,3.4,0,0,1
MIDCPNIFTY29JUL2411800PE.NFO,2024-05-29,09:18:00,2024-07-29,3.4,3.4,3.4,3.4,0,0,1
MIDCPNIFTY29JUL2411800PE.NFO,2024-05-29,09:19:00,2024-07-29,3.4,3.4,3.4,3.4,0,0,1
MIDCPNIFTY29JUL2411800PE.NFO,2024-05-29,09:20:00,2024-07-29,3.4,3.4,3.4,3.4,0,0,1
MIDCPNIFTY29JUL2411800PE.NFO,2024-05-29,09:21:00,2024-07-29,3.4,3.4,3.4,3.4,0,0,1
MIDCPNIFTY29JUL2411800PE.NFO,2024-05-29,09:22:00,2024-07-29,3.4,3.4,3.4,3.4,0,0,1
MIDCPNIFTY29JUL2411800PE.NFO,2024-05-29,09:23:00,2024-07-29,3.4,3.4,3.4,3.4,0,0,1
MIDCPNIFTY29JUL2411800PE.NFO,2024-05-29,09:24:00,2024-07-29,3.4,3.4,3.4,3.4,0,0,1
MIDCPNIFTY29JUL2411800PE.NFO,2024-05-29,09:25:00,2024-07-29,3.4,3.4,3.4,3.4,0,0,1
MIDCPNIFTY29JUL2411800PE.NFO,2024-05-29,09:26:00,2024-07-29,3.4,3.4,3.4,3.4,0,0,1
MIDCPNIFTY29JUL2411800PE.NFO,2024-05-29,09:27:00,2024-07-29,3.4,3.4,3.4,3.4,0,0,1
MIDCPNIFTY29JUL2411800PE.NFO,2024-05-29,09:28:00,2024-07-29,3.4,3.4,3.4,3.4,0,0,1
MIDCPNIFTY29JUL2411800PE.NFO,2024-05-29,09:29:00,2024-07-29,3.4,3.4,3.4,3.4,0,0,1
MIDCPNIFTY29JUL2411800PE.NFO,2024-05-29,09:30:00,2024-07-29,3.4,3.4,3.4,3.4,0,0,1
MIDCPNIFTY29JUL2411800PE.NFO,2024-05-29,09:31:00,2024-07-29,3.4,3.4,3.4,3.4,0,0,1
MIDCPNIFTY29JUL2411800PE.NFO,2024-05-29,09:32:00,2024-07-29,3.4,3.4,3.4,3.4,0,0,1
MIDCPNIFTY29JUL2411800PE.NFO,2024-05-29,09:33:00,2024-07-29,3.4,3.4,3.4,3.4,0,0,1
MIDCPNIFTY29JUL2411800PE.NFO,2024-05-29,09:34:00,2024-07-29,3.4,3.4,3.4,3.4,0,0,1
MIDCPNIFTY29JUL2411800PE.NFO,2024-05-29,09:35:00,2024-07-29,3.4,3.4,3.4,3.4,0,0,1
MIDCPNIFTY29JUL2411800PE.NFO,2024-05-29,09:36:00,2024-07-29,3.4,3.4,3.4,3.4,0,0,1
MIDCPNIFTY29JUL2411800PE.NFO,2024-05-29,09:37:00,2024-07-29,3.4,3.4,3.4,3.4,0,0,1
MIDCPNIFTY29JUL2411800PE.NFO,2024-05-29,09:38:00,2024-07-29,3.4,3.4,3.4,3.4,0,0,1
MIDCPNIFTY29JUL2411800PE.NFO,2024-05-29,09:39:00,2024-07-29,3.4,3.4,3.4,3.4,0,0,1
MIDCPNIFTY29JUL2411800PE.NFO,2024-05-29,09:40:00,2024-07-29,3.4,3.4,3.4,3.4,0,0,1
MIDCPNIFTY29JUL2411800PE.NFO,2024-05-29,09:41:00,2024-07-29,3.4,3.4,3.4,3.4,0,0,1
MIDCPNIFTY29JUL2411800PE.NFO,2024-05-29,09:42:00,2024-07-29,3.4,3.4,3.4,3.4,0,0,1
MIDCPNIFTY29JUL2411800PE.NFO,2024-05-29,09:43:00,2024-07-29,3.4,3.4,3.4,3.4,0,0,1
MIDCPNIFTY29JUL2411800PE.NFO,2024-05-29,09:44:00,2024-07-29,3.4,3.4,3.4,3.4,0,0,1
MIDCPNIFTY29JUL2411800PE.NFO,2024-05-29,09:45:00,2024-07-29,3.4,3.4,3.4,3.4,0,0,1
MIDCPNIFTY29JUL2411800PE.NFO,2024-05-29,09:46:00,2024-07-29,3.4,3.4,3.4,3.4,0,0,1
MIDCPNIFTY29JUL2411800PE.NFO,2024-05-29,09:47:00,2024-07-29,3.4,3.4,3.4,3.4,0,0,1
MIDCPNIFTY29JUL2411800PE.NFO,2024-05-29,09:48:00,2024-07-29,3.4,3.4,3.4,3.4,0,0,1
MIDCPNIFTY29JUL2411800PE.NFO,2024-05-29,09:49:00,2024-07-29,3.4,3.4,3.4,3.4,0,0,1
MIDCPNIFTY29JUL2411800PE.NFO,2024-05-29,09:50:00,2024-07-29,3.4,3.4,3.4,3.4,0,0,1
MIDCPNIFTY29JUL2411800PE.NFO,2024-05-29,09:51:00,2024-07-29,3.4,3.4,3.4,3.4,0,0,1
MIDCPNIFTY29JUL2411800PE.NFO,2024-05-29,09:52:00,2024-07-29,3.4,3.4,3.4,3.4,0,0,1
MIDCPNIFTY29JUL2411800PE.NFO,2024-05-29,09:53:00,2024-07-29,3.4,3.4,3.4,3.4,0,0,1
MIDCPNIFTY29JUL2411800PE.NFO,2024-05-29,09:54:00,2024-07-29,3.4,3.4,3.4,3.4,0,0,1
MIDCPNIFTY29JUL2411800PE.NFO,2024-05-29,09:55:00,2024-07-29,3.4,3.4,3.4,3.4,0,0,1
MIDCPNIFTY29JUL2411800PE.NFO,2024-05-29,09:56:00,2024-07-29,3.4,3.4,3.4,3.4,0,0,1
MIDCPNIFTY29JUL2411800PE.NFO,2024-05-29,09:57:00,2024-07-29,3.4,3.4,3.4,3.4,0,0,1
MIDCPNIFTY29JUL2411800PE.NFO,2024-05-29,09:58:00,2024-07-29,3.4,3.4,3.4,3.4,0,0,1
MIDCPNIFTY29JUL2411800PE.NFO,2024-05-29,09:59:00,2024-07-29,3.4,3.4,3.4,3.4,0,0,1
MIDCPNIFTY29JUL2411800PE.NFO,2024-05-29,10:00:00,2024-07-29,3.4,3.4,3.4,3.4,0,0,1
MIDCPNIFTY29JUL2411800PE.NFO,2024-05-29,10:01:00,2024-07-29,3.4,3.4,3.4,3.4,0,0,1
MIDCPNIFTY29JUL2411800PE.NFO,2024-05-29,10:02:00,2024-07-29,3.4,3.4,3.4,3.4,0,0,1
MIDCPNIFTY29JUL2411800PE.NFO,2024-05-29,10:03:00,2024-07-29,3.4,3.4,3.4,3.4,0,0,1
MIDCPNIFTY29JUL2411800PE.NFO,2024-05-29,10:04:00,2024-07-29,3.4,3.4,3.4,3.4,0,0,1
MIDCPNIFTY29JUL2411800PE.NFO,2024-05-29,10:05:00,2024-07-29,3.4,3.4,3.4,3.4,0,0,1
MIDCPNIFTY29JUL2411800PE.NFO,2024-05-29,10:06:00,2024-07-29,3.4,3.4,3.4,3.4,0,0,1
MIDCPNIFTY29JUL2411800PE.NFO,2024-05-29,10:07:00,2024-07-29,3.4,3.4,3.4,3.4,0,0,1
MIDCPNIFTY29JUL2411800PE.NFO,2024-05-29,10:08:00,2024-07-29,3.4,3.4,3.4,3.4,0,0,1
MIDCPNIFTY29JUL2411800PE.NFO,2024-05-29,10:09:00,2024-07-29,3.4,3.4,3.4,3.4,0,0,1
MIDCPNIFTY29JUL2411800PE.NFO,2024-05-29,10:10:00,2024-07-29,3.4,3.4,3.4,3.4,0,0,1
MIDCPNIFTY29JUL2411800PE.NFO,2024-05-29,10:11:00,2024-07-29,3.4,3.4,3.4,3.4,0,0,1
MIDCPNIFTY29JUL2411800PE.NFO,2024-05-29,10:12:00,2024-07-29,3.4,3.4,3.4,3.4,0,0,1
MIDCPNIFTY29JUL2411800PE.NFO,2024-05-29,10:13:00,2024-07-29,3.4,3.4,3.4,3.4,0,0,1
MIDCPNIFTY29JUL2411800PE.NFO,2024-05-29,10:14:00,2024-07-29,3.4,3.4,3.4,3.4,0,0,1
MIDCPNIFTY29JUL2411800PE.NFO,2024-05-29,10:15:00,2024-07-29,3.4,3.4,3.4,3.4,0,0,1
MIDCPNIFTY29JUL2411800PE.NFO,2024-05-29,10:16:00,2024-07-29,3.4,3.4,3.4,3.4,0,0,1
MIDCPNIFTY29JUL2411800PE.NFO,2024-05-29,10:17:00,2024-07-29,3.4,3.4,3.4,3.4,0,0,1
MIDCPNIFTY29JUL2411800PE.NFO,2024-05-29,10:18:00,2024-07-29,3.4,3.4,3.4,3.4,0,0,1
MIDCPNIFTY29JUL2411800PE.NFO,2024-05-29,10:19:00,2024-07-29,3.4,3.4,3.4,3.4,0,0,1
MIDCPNIFTY29JUL2411800PE.NFO,2024-05-29,10:20:00,2024-07-29,3.4,3.4,3.4,3.4,0,0,1
MIDCPNIFTY29JUL2411800PE.NFO,2024-05-29,10:21:00,2024-07-29,3.4,3.4,3.4,3.4,0,0,1
MIDCPNIFTY29JUL2411800PE.NFO,2024-05-29,10:22:00,2024-07-29,3.4,3.4,3.4,3.4,0,0,1
MIDCPNIFTY29JUL2411800PE.NFO,2024-05-29,10:23:00,2024-07-29,3.4,3.4,3.4,3.4,0,0,1
MIDCPNIFTY29JUL2411800PE.NFO,2024-05-29,10:24:00,2024-07-29,3.4,3.4,3.4,3.4,0,0,1
MIDCPNIFTY29JUL2411800PE.NFO,2024-05-29,10:25:00,2024-07-29,3.4,3.4,3.4,3.4,0,0,1
MIDCPNIFTY29JUL2411800PE.NFO,2024-05-29,10:26:00,2024-07-29,3.4,3.4,3.4,3.4,0,0,1
MIDCPNIFTY29JUL2411800PE.NFO,2024-05-29,10:27:00,2024-07-29,3.4,3.4,3.4,3.4,0,0,1
MIDCPNIFTY29JUL2411800PE.NFO,2024-05-29,10:28:00,2024-07-29,3.4,3.4,3.4,3.4,0,0,1
MIDCPNIFTY29JUL2411800PE.NFO,2024-05-29,10:29:00,2024-07-29,3.4,3.4,3.4,3.4,0,0,1
MIDCPNIFTY29JUL2411800PE.NFO,2024-05-29,10:30:00,2024-07-29,3.4,3.4,3.4,3.4,0,0,1
MIDCPNIFTY29JUL2411800PE.NFO,2024-05-29,10:31:00,2024-07-29,3.4,3.4,3.4,3.4,0,0,1
MIDCPNIFTY29JUL2411800PE.NFO,2024-05-29,10:32:00,2024-07-29,3.4,3.4,3.4,3.4,0,0,1
MIDCPNIFTY29JUL2411800PE.NFO,2024-05-29,10:33:00,2024-07-29,3.4,3.4,3.4,3.4,0,0,1
MIDCPNIFTY29JUL2411800PE.NFO,2024-05-29,10:34:00,2024-07-29,3.4,3.4,3.4,3.4,0,0,1
MIDCPNIFTY29JUL2411800PE.NFO,2024-05-29,10:35:00,2024-07-29,3.4,3.4,3.4,3.4,0,0,1
MIDCPNIFTY29JUL2411800PE.NFO,2024-05-29,10:36:00,2024-07-29,3.4,3.4,3.4,3.4,0,0,1
MIDCPNIFTY29JUL2411800PE.NFO,2024-05-29,10:37:00,2024-07-29,3.4,3.4,3.4,3.4,0,0,1
MIDCPNIFTY29JUL2411800PE.NFO,2024-05-29,10:38:00,2024-07-29,3.4,3.4,3.4,3.4,0,0,1
MIDCPNIFTY29JUL2411800PE.NFO,2024-05-29,10:39:00,2024-07-29,3.4,3.4,3.4,3.4,0,0,1
MIDCPNIFTY29JUL2411800PE.NFO,2024-05-29,10:40:00,2024-07-29,3.4,3.4,3.4,3.4,0,0,1
MIDCPNIFTY29JUL2411800PE.NFO,2024-05-29,10:41:00,2024-07-29,3.4,3.4,3.4,3.4,0,0,1
MIDCPNIFTY29JUL2411800PE.NFO,2024-05-29,10:42:00,2024-07-29,3.4,3.4,3.4,3.4,0,0,1
MIDCPNIFTY29JUL2411800PE.NFO,2024-05-29,10:43:00,2024-07-29,3.4,3.4,3.4,3.4,0,0,1
MIDCPNIFTY29JUL2411800PE.NFO,2024-05-29,10:44:00,2024-07-29,3.4,3.4,3.4,3.4,0,0,1
MIDCPNIFTY29JUL2411800PE.NFO,2024-05-29,10:45:00,2024-07-29,3.4,3.4,3.4,3.4,0,0,1
MIDCPNIFTY29JUL2411800PE.NFO,2024-05-29,10:46:00,2024-07-29,3.4,3.4,3.4,3.4,0,0,1
MIDCPNIFTY29JUL2411800PE.NFO,2024-05-29,10:47:00,2024-07-29,3.4,3.4,3.4,3.4,0,0,1
MIDCPNIFTY29JUL2411800PE.NFO,2024-05-29,10:48:00,2024-07-29,3.4,3.4,3.4,3.4,0,0,1
MIDCPNIFTY29JUL2411800PE.NFO,2024-05-29,10:49:00,2024-07-29,3.4,3.4,3.4,3.4,0,0,1
MIDCPNIFTY29JUL2411800PE.NFO,2024-05-29,10:50:00,2024-07-29,3.4,3.4,3.4,3.4,0,0,1
MIDCPNIFTY29JUL2411800PE.NFO,2024-05-29,10:51:00,2024-07-29,3.4,3.4,3.4,3.4,0,0,1
MIDCPNIFTY29JUL2411800PE.NFO,2024-05-29,10:52:00,2024-07-29,3.4,3.4,3.4,3.4,0,0,1
MIDCPNIFTY29JUL2411800PE.NFO,2024-05-29,10:53:00,2024-07-29,3.4,3.4,3.4,3.4,0,0,1
MIDCPNIFTY29JUL2411800PE.NFO,2024-05-29,10:54:00,2024-07-29,3.4,3.4,3.4,3.4,0,0,1
MIDCPNIFTY29JUL2411800PE.NFO,2024-05-29,10:55:00,2024-07-29,3.4,3.4,3.4,3.4,0,0,1
MIDCPNIFTY29JUL2411800PE.NFO,2024-05-29,10:56:00,2024-07-29,3.4,3.4,3.4,3.4,0,0,1
MIDCPNIFTY29JUL2411800PE.NFO,2024-05-29,10:57:00,2024-07-29,3.4,3.4,3.4,3.4,0,0,1
MIDCPNIFTY29JUL2411800PE.NFO,2024-05-29,10:58:00,2024-07-29,3.4,3.4,3.4,3.4,0,0,1
MIDCPNIFTY29JUL2411800PE.NFO,2024-05-29,10:59:00,2024-07-29,3.4,3.4,3.4,3.4,0,0,1
MIDCPNIFTY29JUL2411800PE.NFO,2024-05-29,11:00:00,2024-07-29,3.4,3.4,3.4,3.4,0,0,1
MIDCPNIFTY29JUL2411800PE.NFO,2024-05-29,11:01:00,2024-07-29,3.4,3.4,3.4,3.4,0,0,1
MIDCPNIFTY29JUL2411800PE.NFO,2024-05-29,11:02:00,2024-07-29,3.4,3.4,3.4,3.4,0,0,1
MIDCPNIFTY29JUL2411800PE.NFO,2024-05-29,11:03:00,2024-07-29,3.4,3.4,3.4,3.4,0,0,1
MIDCPNIFTY29JUL2411800PE.NFO,2024-05-29,11:04:00,2024-07-29,3.4,3.4,3.4,3.4,0,0,1
MIDCPNIFTY29JUL2411800PE.NFO,2024-05-29,11:05:00,2024-07-29,3.4,3.4,3.4,3.4,0,0,1
MIDCPNIFTY29JUL2411800PE.NFO,2024-05-29,11:06:00,2024-07-29,3.4,3.4,3.4,3.4,0,0,1
MIDCPNIFTY29JUL2411800PE.NFO,2024-05-29,11:07:00,2024-07-29,3.4,3.4,3.4,3.4,0,0,1
MIDCPNIFTY29JUL2411800PE.NFO,2024-05-29,11:08:00,2024-07-29,3.4,3.4,3.4,3.4,0,0,1
MIDCPNIFTY29JUL2411800PE.NFO,2024-05-29,11:09:00,2024-07-29,3.4,3.4,3.4,3.4,0,0,1
MIDCPNIFTY29JUL2411800PE.NFO,2024-05-29,11:10:00,2024-07-29,3.4,3.4,3.4,3.4,0,0,1
MIDCPNIFTY29JUL2411800PE.NFO,2024-05-29,11:11:00,2024-07-29,3.4,3.4,3.4,3.4,0,0,1
MIDCPNIFTY29JUL2411800PE.NFO,2024-05-29,11:12:00,2024-07-29,3.4,3.4,3.4,3.4,0,0,1
MIDCPNIFTY29JUL2411800PE.NFO,2024-05-29,11:13:00,2024-07-29,3.4,3.4,3.4,3.4,0,0,1
MIDCPNIFTY29JUL2411800PE.NFO,2024-05-29,11:14:00,2024-07-29,3.4,3.4,3.4,3.4,0,0,1
MIDCPNIFTY29JUL2411800PE.NFO,2024-05-29,11:15:00,2024-07-29,3.4,3.4,3.4,3.4,0,0,1
MIDCPNIFTY29JUL2411800PE.NFO,2024-05-29,11:16:00,2024-07-29,3.4,3.4,3.4,3.4,0,0,1
MIDCPNIFTY29JUL2411800PE.NFO,2024-05-29,11:17:00,2024-07-29,3.4,3.4,3.4,3.4,0,0,1
MIDCPNIFTY29JUL2411800PE.NFO,2024-05-29,11:18:00,2024-07-29,3.4,3.4,3.4,3.4,0,0,1
MIDCPNIFTY29JUL2411800PE.NFO,2024-05-29,11:19:00,2024-07-29,3.4,3.4,3.4,3.4,0,0,1
MIDCPNIFTY29JUL2411800PE.NFO,2024-05-29,11:20:00,2024-07-29,3.4,3.4,3.4,3.4,0,0,1
MIDCPNIFTY29JUL2411800PE.NFO,2024-05-29,11:21:00,2024-07-29,3.4,3.4,3.4,3.4,0,0,1
MIDCPNIFTY29JUL2411800PE.NFO,2024-05-29,11:22:00,2024-07-29,3.4,3.4,3.4,3.4,0,0,1
MIDCPNIFTY29JUL2411800PE.NFO,2024-05-29,11:23:00,2024-07-29,3.4,3.4,3.4,3.4,0,0,1
MIDCPNIFTY29JUL2411800PE.NFO,2024-05-29,11:24:00,2024-07-29,3.4,3.4,3.4,3.4,0,0,1
MIDCPNIFTY29JUL2411800PE.NFO,2024-05-29,11:25:00,2024-07-29,3.4,3.4,3.4,3.4,0,0,1
MIDCPNIFTY29JUL2411800PE.NFO,2024-05-29,11:26:00,2024-07-29,3.4,3.4,3.4,3.4,0,0,1
MIDCPNIFTY29JUL2411800PE.NFO,2024-05-29,11:27:00,2024-07-29,3.4,3.4,3.4,3.4,0,0,1
MIDCPNIFTY29JUL2411800PE.NFO,2024-05-29,11:28:00,2024-07-29,3.4,3.4,3.4,3.4,0,0,1
MIDCPNIFTY29JUL2411800PE.NFO,2024-05-29,11:29:00,2024-07-29,3.4,3.4,3.4,3.4,0,0,1
MIDCPNIFTY29JUL2411800PE.NFO,2024-05-29,11:30:00,2024-07-29,3.4,3.4,3.4,3.4,0,0,1
MIDCPNIFTY29JUL2411800PE.NFO,2024-05-29,11:31:00,2024-07-29,3.4,3.4,3.4,3.4,0,0,1
MIDCPNIFTY29JUL2411800PE.NFO,2024-05-29,11:32:00,2024-07-29,3.4,3.4,3.4,3.4,0,0,1
MIDCPNIFTY29JUL2411800PE.NFO,2024-05-29,11:33:00,2024-07-29,3.4,3.4,3.4,3.4,0,0,1
MIDCPNIFTY29JUL2411800PE.NFO,2024-05-29,11:34:00,2024-07-29,3.4,3.4,3.4,3.4,0,0,1
MIDCPNIFTY29JUL2411800PE.NFO,2024-05-29,11:35:00,2024-07-29,3.4,3.4,3.4,3.4,0,0,1
MIDCPNIFTY29JUL2411800PE.NFO,2024-05-29,11:36:00,2024-07-29,3.4,3.4,3.4,3.4,0,0,1
MIDCPNIFTY29JUL2411800PE.NFO,2024-05-29,11:37:00,2024-07-29,3.4,3.4,3.4,3.4,0,0,1
MIDCPNIFTY29JUL2411800PE.NFO,2024-05-29,11:38:00,2024-07-29,3.4,3.4,3.4,3.4,0,0,1
MIDCPNIFTY29JUL2411800PE.NFO,2024-05-29,11:39:00,2024-07-29,3.4,3.4,3.4,3.4,0,0,1
MIDCPNIFTY29JUL2411800PE.NFO,2024-05-29,11:40:00,2024-07-29,3.4,3.4,3.4,3.4,0,0,1
MIDCPNIFTY29JUL2411800PE.NFO,2024-05-29,11:41:00,2024-07-29,3.4,3.4,3.4,3.4,0,0,1
MIDCPNIFTY29JUL2411800PE.NFO,2024-05-29,11:42:00,2024-07-29,3.4,3.4,3.4,3.4,0,0,1
MIDCPNIFTY29JUL2411800PE.NFO,2024-05-29,11:43:00,2024-07-29,3.4,3.4,3.4,3.4,0,0,1
MIDCPNIFTY29JUL2411800PE.NFO,2024-05-29,11:44:00,2024-07-29,3.4,3.4,3.4,3.4,0,0,1
MIDCPNIFTY29JUL2411800PE.NFO,2024-05-29,11:45:00,2024-07-29,3.4,3.4,3.4,3.4,0,0,1
MIDCPNIFTY29JUL2411800PE.NFO,2024-05-29,11:46:00,2024-07-29,3.4,3.4,3.4,3.4,0,0,1
MIDCPNIFTY29JUL2411800PE.NFO,2024-05-29,11:47:00,2024-07-29,3.4,3.4,3.4,3.4,0,0,1
MIDCPNIFTY29JUL2411800PE.NFO,2024-05-29,11:48:00,2024-07-29,3.4,3.4,3.4,3.4,0,0,1
MIDCPNIFTY29JUL2411800PE.NFO,2024-05-29,11:49:00,2024-07-29,3.4,3.4,3.4,3.4,0,0,1
MIDCPNIFTY29JUL2411800PE.NFO,2024-05-29,11:50:00,2024-07-29,3.4,3.4,3.4,3.4,0,0,1
MIDCPNIFTY29JUL2411800PE.NFO,2024-05-29,11:51:00,2024-07-29,3.4,3.4,3.4,3.4,0,0,1
MIDCPNIFTY29JUL2411800PE.NFO,2024-05-29,11:52:00,2024-07-29,3.4,3.4,3.4,3.4,0,0,1
MIDCPNIFTY29JUL2411800PE.NFO,2024-05-29,11:53:00,2024-07-29,3.4,3.4,3.4,3.4,0,0,1
MIDCPNIFTY29JUL2411800PE.NFO,2024-05-29,11:54:00,2024-07-29,3.4,3.4,3.4,3.4,0,0,1
MIDCPNIFTY29JUL2411800PE.NFO,2024-05-29,11:55:00,2024-07-29,3.4,3.4,3.4,3.4,0,0,1
MIDCPNIFTY29JUL2411800PE.NFO,2024-05-29,11:56:00,2024-07-29,3.4,3.4,3.4,3.4,0,0,1
MIDCPNIFTY29JUL2411800PE.NFO,2024-05-29,11:57:00,2024-07-29,3.4,3.4,3.4,3.4,0,0,1
MIDCPNIFTY29JUL2411800PE.NFO,2024-05-29,11:58:00,2024-07-29,3.4,3.4,3.4,3.4,0,0,1
MIDCPNIFTY29JUL2411800PE.NFO,2024-05-29,11:59:00,2024-07-29,3.4,3.4,3.4,3.4,0,0,1
MIDCPNIFTY29JUL2411800PE.NFO,2024-05-29,12:00:00,2024-07-29,3.4,3.4,3.4,3.4,0,0,1
MIDCPNIFTY29JUL2411800PE.NFO,2024-05-29,12:01:00,2024-07-29,3.4,3.4,3.4,3.4,0,0,1
MIDCPNIFTY29JUL2411800PE.NFO,2024-05-29,12:02:00,2024-07-29,3.4,3.4,3.4,3.4,0,0,1
MIDCPNIFTY29JUL2411800PE.NFO,2024-05-29,12:03:00,2024-07-29,3.4,3.4,3.4,3.4,0,0,1
MIDCPNIFTY29JUL2411800PE.NFO,2024-05-29,12:04:00,2024-07-29,3.4,3.4,3.4,3.4,0,0,1
MIDCPNIFTY29JUL2411800PE.NFO,2024-05-29,12:05:00,2024-07-29,3.4,3.4,3.4,3.4,0,0,1
MIDCPNIFTY29JUL2411800PE.NFO,2024-05-29,12:06:00,2024-07-29,3.4,3.4,3.4,3.4,0,0,1
MIDCPNIFTY29JUL2411800PE.NFO,2024-05-29,12:07:00,2024-07-29,3.4,3.4,3.4,3.4,0,0,1
MIDCPNIFTY29JUL2411800PE.NFO,2024-05-29,12:08:00,2024-07-29,3.4,3.4,3.4,3.4,0,0,1
MIDCPNIFTY29JUL2411800PE.NFO,2024-05-29,12:09:00,2024-07-29,3.4,3.4,3.4,3.4,0,0,1
MIDCPNIFTY29JUL2411800PE.NFO,2024-05-29,12:10:00,2024-07-29,3.4,3.4,3.4,3.4,0,0,1
MIDCPNIFTY29JUL2411800PE.NFO,2024-05-29,12:11:00,2024-07-29,3.4,3.4,3.4,3.4,0,0,1
MIDCPNIFTY29JUL2411800PE.NFO,2024-05-29,12:12:00,2024-07-29,3.4,3.4,3.4,3.4,0,0,1
MIDCPNIFTY29JUL2411800PE.NFO,2024-05-29,12:13:00,2024-07-29,3.4,3.4,3.4,3.4,0,0,1
MIDCPNIFTY29JUL2411800PE.NFO,2024-05-29,12:14:00,2024-07-29,3.4,3.4,3.4,3.4,0,0,1
MIDCPNIFTY29JUL2411800PE.NFO,2024-05-29,12:15:00,2024-07-29,3.4,3.4,3.4,3.4,0,0,1
MIDCPNIFTY29JUL2411800PE.NFO,2024-05-29,12:16:00,2024-07-29,3.4,3.4,3.4,3.4,0,0,1
MIDCPNIFTY29JUL2411800PE.NFO,2024-05-29,12:17:00,2024-07-29,3.4,3.4,3.4,3.4,0,0,1
MIDCPNIFTY29JUL2411800PE.NFO,2024-05-29,12:18:00,2024-07-29,3.4,3.4,3.4,3.4,0,0,1
MIDCPNIFTY29JUL2411800PE.NFO,2024-05-29,12:19:00,2024-07-29,3.4,3.4,3.4,3.4,0,0,1
MIDCPNIFTY29JUL2411800PE.NFO,2024-05-29,12:20:00,2024-07-29,3.4,3.4,3.4,3.4,0,0,1
MIDCPNIFTY29JUL2411800PE.NFO,2024-05-29,12:21:00,2024-07-29,3.4,3.4,3.4,3.4,0,0,1
MIDCPNIFTY29JUL2411800PE.NFO,2024-05-29,12:22:00,2024-07-29,3.4,3.4,3.4,3.4,0,0,1
MIDCPNIFTY29JUL2411800PE.NFO,2024-05-29,12:23:00,2024-07-29,3.4,3.4,3.4,3.4,0,0,1
MIDCPNIFTY29JUL2411800PE.NFO,2024-05-29,12:24:00,2024-07-29,3.4,3.4,3.4,3.4,0,0,1
MIDCPNIFTY29JUL2411800PE.NFO,2024-05-29,12:25:00,2024-07-29,3.4,3.4,3.4,3.4,0,0,1
MIDCPNIFTY29JUL2411800PE.NFO,2024-05-29,12:26:00,2024-07-29,3.4,3.4,3.4,3.4,0,0,1
MIDCPNIFTY29JUL2411800PE.NFO,2024-05-29,12:27:00,2024-07-29,3.4,3.4,3.4,3.4,0,0,1
MIDCPNIFTY29JUL2411800PE.NFO,2024-05-29,12:28:00,2024-07-29,3.4,3.4,3.4,3.4,0,0,1
MIDCPNIFTY29JUL2411800PE.NFO,2024-05-29,12:29:00,2024-07-29,3.4,3.4,3.4,3.4,0,0,1
MIDCPNIFTY29JUL2411800PE.NFO,2024-05-29,12:30:00,2024-07-29,3.4,3.4,3.4,3.4,0,0,1
MIDCPNIFTY29JUL2411800PE.NFO,2024-05-29,12:31:00,2024-07-29,3.4,3.4,3.4,3.4,0,0,1
MIDCPNIFTY29JUL2411800PE.NFO,2024-05-29,12:32:00,2024-07-29,3.4,3.4,3.4,3.4,0,0,1
MIDCPNIFTY29JUL2411800PE.NFO,2024-05-29,12:33:00,2024-07-29,3.4,3.4,3.4,3.4,0,0,1
MIDCPNIFTY29JUL2411800PE.NFO,2024-05-29,12:34:00,2024-07-29,3.4,3.4,3.4,3.4,0,0,1
MIDCPNIFTY29JUL2411800PE.NFO,2024-05-29,12:35:00,2024-07-29,3.4,3.4,3.4,3.4,0,0,1
MIDCPNIFTY29JUL2411800PE.NFO,2024-05-29,12:36:00,2024-07-29,3.4,3.4,3.4,3.4,0,0,1
MIDCPNIFTY29JUL2411800PE.NFO,2024-05-29,12:37:00,2024-07-29,3.4,3.4,3.4,3.4,0,0,1
MIDCPNIFTY29JUL2411800PE.NFO,2024-05-29,12:38:00,2024-07-29,3.4,3.4,3.4,3.4,0,0,1
MIDCPNIFTY29JUL2411800PE.NFO,2024-05-29,12:39:00,2024-07-29,3.4,3.4,3.4,3.4,0,0,1
MIDCPNIFTY29JUL2411800PE.NFO,2024-05-29,12:40:00,2024-07-29,3.4,3.4,3.4,3.4,0,0,1
MIDCPNIFTY29JUL2411800PE.NFO,2024-05-29,12:41:00,2024-07-29,3.4,3.4,3.4,3.4,0,0,1
MIDCPNIFTY29JUL2411800PE.NFO,2024-05-29,12:42:00,2024-07-29,3.4,3.4,3.4,3.4,0,0,1
MIDCPNIFTY29JUL2411800PE.NFO,2024-05-29,12:43:00,2024-07-29,3.4,3.4,3.4,3.4,0,0,1
MIDCPNIFTY29JUL2411800PE.NFO,2024-05-29,12:44:00,2024-07-29,3.4,3.4,3.4,3.4,0,0,1
MIDCPNIFTY29JUL2411800PE.NFO,2024-05-29,12:45:00,2024-07-29,3.4,3.4,3.4,3.4,0,0,1
MIDCPNIFTY29JUL2411800PE.NFO,2024-05-29,12:46:00,2024-07-29,3.4,3.4,3.4,3.4,0,0,1
MIDCPNIFTY29JUL2411800PE.NFO,2024-05-29,12:47:00,2024-07-29,3.4,3.4,3.4,3.4,0,0,1
MIDCPNIFTY29JUL2411800PE.NFO,2024-05-29,12:48:00,2024-07-29,3.4,3.4,3.4,3.4,0,0,1
MIDCPNIFTY29JUL2411800PE.NFO,2024-05-29,12:49:00,2024-07-29,3.4,3.4,3.4,3.4,0,0,1
MIDCPNIFTY29JUL2411800PE.NFO,2024-05-29,12:50:00,2024-07-29,3.4,3.4,3.4,3.4,0,0,1
MIDCPNIFTY29JUL2411800PE.NFO,2024-05-29,12:51:00,2024-07-29,3.4,3.4,3.4,3.4,0,0,1
MIDCPNIFTY29JUL2411800PE.NFO,2024-05-29,12:52:00,2024-07-29,3.4,3.4,3.4,3.4,0,0,1
MIDCPNIFTY29JUL2411800PE.NFO,2024-05-29,12:53:00,2024-07-29,3.4,3.4,3.4,3.4,0,0,1
MIDCPNIFTY29JUL2411800PE.NFO,2024-05-29,12:54:00,2024-07-29,3.4,3.4,3.4,3.4,0,0,1
MIDCPNIFTY29JUL2411800PE.NFO,2024-05-29,12:55:00,2024-07-29,3.4,3.4,3.4,3.4,0,0,1
MIDCPNIFTY29JUL2411800PE.NFO,2024-05-29,12:56:00,2024-07-29,3.4,3.4,3.4,3.4,0,0,1
MIDCPNIFTY29JUL2411800PE.NFO,2024-05-29,12:57:00,2024-07-29,3.4,3.4,3.4,3.4,0,0,1
MIDCPNIFTY29JUL2411800PE.NFO,2024-05-29,12:58:00,2024-07-29,3.4,3.4,3.4,3.4,0,0,1
MIDCPNIFTY29JUL2411800PE.NFO,2024-05-29,12:59:00,2024-07-29,3.4,3.4,3.4,3.4,0,0,1
MIDCPNIFTY29JUL2411800PE.NFO,2024-05-29,13:00:00,2024-07-29,3.4,3.4,3.4,3.4,0,0,1
MIDCPNIFTY29JUL2411800PE.NFO,2024-05-29,13:01:00,2024-07-29,3.4,3.4,3.4,3.4,0,0,1
MIDCPNIFTY29JUL2411800PE.NFO,2024-05-29,13:02:00,2024-07-29,3.4,3.4,3.4,3.4,0,0,1
MIDCPNIFTY29JUL2411800PE.NFO,2024-05-29,13:03:00,2024-07-29,3.4,3.4,3.4,3.4,0,0,1
MIDCPNIFTY29JUL2411800PE.NFO,2024-05-29,13:04:00,2024-07-29,3.4,3.4,3.4,3.4,0,0,1
MIDCPNIFTY29JUL2411800PE.NFO,2024-05-29,13:05:00,2024-07-29,3.4,3.4,3.4,3.4,0,0,1
MIDCPNIFTY29JUL2411800PE.NFO,2024-05-29,13:06:00,2024-07-29,3.4,3.4,3.4,3.4,0,0,1
MIDCPNIFTY29JUL2411800PE.NFO,2024-05-29,13:07:00,2024-07-29,3.4,3.4,3.4,3.4,0,0,1
MIDCPNIFTY29JUL2411800PE.NFO,2024-05-29,13:08:00,2024-07-29,3.4,3.4,3.4,3.4,0,0,1
MIDCPNIFTY29JUL2411800PE.NFO,2024-05-29,13:09:00,2024-07-29,3.4,3.4,3.4,3.4,0,0,1
MIDCPNIFTY29JUL2411800PE.NFO,2024-05-29,13:10:00,2024-07-29,3.4,3.4,3.4,3.4,0,0,1
MIDCPNIFTY29JUL2411800PE.NFO,2024-05-29,13:11:00,2024-07-29,3.4,3.4,3.4,3.4,0,0,1
MIDCPNIFTY29JUL2411800PE.NFO,2024-05-29,13:12:00,2024-07-29,3.4,3.4,3.4,3.4,0,0,1
MIDCPNIFTY29JUL2411800PE.NFO,2024-05-29,13:13:00,2024-07-29,3.4,3.4,3.4,3.4,0,0,1
MIDCPNIFTY29JUL2411800PE.NFO,2024-05-29,13:14:00,2024-07-29,3.4,3.4,3.4,3.4,0,0,1
MIDCPNIFTY29JUL2411800PE.NFO,2024-05-29,13:15:00,2024-07-29,3.4,3.4,3.4,3.4,0,0,1
MIDCPNIFTY29JUL2411800PE.NFO,2024-05-29,13:16:00,2024-07-29,3.4,3.4,3.4,3.4,0,0,1
MIDCPNIFTY29JUL2411800PE.NFO,2024-05-29,13:17:00,2024-07-29,3.4,3.4,3.4,3.4,0,0,1
MIDCPNIFTY29JUL2411800PE.NFO,2024-05-29,13:18:00,2024-07-29,3.4,3.4,3.4,3.4,0,0,1
MIDCPNIFTY29JUL2411800PE.NFO,2024-05-29,13:19:00,2024-07-29,3.4,3.4,3.4,3.4,0,0,1
MIDCPNIFTY29JUL2411800PE.NFO,2024-05-29,13:20:00,2024-07-29,3.4,3.4,3.4,3.4,0,0,1
MIDCPNIFTY29JUL2411800PE.NFO,2024-05-29,13:21:00,2024-07-29,3.4,3.4,3.4,3.4,0,0,1
MIDCPNIFTY29JUL2411800PE.NFO,2024-05-29,13:22:00,2024-07-29,3.4,3.4,3.4,3.4,0,0,1
MIDCPNIFTY29JUL2411800PE.NFO,2024-05-29,13:23:00,2024-07-29,3.4,3.4,3.4,3.4,0,0,1
MIDCPNIFTY29JUL2411800PE.NFO,2024-05-29,13:24:00,2024-07-29,3.4,3.4,3.4,3.4,0,0,1
MIDCPNIFTY29JUL2411800PE.NFO,2024-05-29,13:25:00,2024-07-29,3.4,3.4,3.4,3.4,0,0,1
MIDCPNIFTY29JUL2411800PE.NFO,2024-05-29,13:26:00,2024-07-29,3.4,3.4,3.4,3.4,0,0,1
MIDCPNIFTY29JUL2411800PE.NFO,2024-05-29,13:27:00,2024-07-29,3.4,3.4,3.4,3.4,0,0,1
MIDCPNIFTY29JUL2411800PE.NFO,2024-05-29,13:28:00,2024-07-29,3.4,3.4,3.4,3.4,0,0,1
MIDCPNIFTY29JUL2411800PE.NFO,2024-05-29,13:29:00,2024-07-29,3.4,3.4,3.4,3.4,0,0,1
MIDCPNIFTY29JUL2411800PE.NFO,2024-05-29,13:30:00,2024-07-29,3.4,3.4,3.4,3.4,0,0,1
MIDCPNIFTY29JUL2411800PE.NFO,2024-05-29,13:31:00,2024-07-29,3.4,3.4,3.4,3.4,0,0,1
MIDCPNIFTY29JUL2411800PE.NFO,2024-05-29,13:32:00,2024-07-29,3.4,3.4,3.4,3.4,0,0,1
MIDCPNIFTY29JUL2411800PE.NFO,2024-05-29,13:33:00,2024-07-29,3.4,3.4,3.4,3.4,0,0,1
MIDCPNIFTY29JUL2411800PE.NFO,2024-05-29,13:34:00,2024-07-29,3.4,3.4,3.4,3.4,0,0,1
MIDCPNIFTY29JUL2411800PE.NFO,2024-05-29,13:35:00,2024-07-29,3.4,3.4,3.4,3.4,0,0,1
MIDCPNIFTY29JUL2411800PE.NFO,2024-05-29,13:36:00,2024-07-29,3.4,3.4,3.4,3.4,0,0,1
MIDCPNIFTY29JUL2411800PE.NFO,2024-05-29,13:37:00,2024-07-29,3.4,3.4,3.4,3.4,0,0,1
MIDCPNIFTY29JUL2411800PE.NFO,2024-05-29,13:38:00,2024-07-29,3.4,3.4,3.4,3.4,0,0,1
MIDCPNIFTY29JUL2411800PE.NFO,2024-05-29,13:39:00,2024-07-29,3.4,3.4,3.4,3.4,0,0,1
MIDCPNIFTY29JUL2411800PE.NFO,2024-05-29,13:40:00,2024-07-29,3.4,3.4,3.4,3.4,0,0,1
MIDCPNIFTY29JUL2411800PE.NFO,2024-05-29,13:41:00,2024-07-29,3.4,3.4,3.4,3.4,0,0,1
MIDCPNIFTY29JUL2411800PE.NFO,2024-05-29,13:42:00,2024-07-29,3.4,3.4,3.4,3.4,0,0,1
MIDCPNIFTY29JUL2411800PE.NFO,2024-05-29,13:43:00,2024-07-29,3.4,3.4,3.4,3.4,0,0,1
MIDCPNIFTY29JUL2411800PE.NFO,2024-05-29,13:44:00,2024-07-29,3.4,3.4,3.4,3.4,0,0,1
MIDCPNIFTY29JUL2411800PE.NFO,2024-05-29,13:45:00,2024-07-29,3.4,3.4,3.4,3.4,0,0,1
MIDCPNIFTY29JUL2411800PE.NFO,2024-05-29,13:46:00,2024-07-29,3.4,3.4,3.4,3.4,0,0,1
MIDCPNIFTY29JUL2411800PE.NFO,2024-05-29,13:47:00,2024-07-29,3.4,3.4,3.4,3.4,0,0,1
MIDCPNIFTY29JUL2411800PE.NFO,2024-05-29,13:48:00,2024-07-29,3.4,3.4,3.4,3.4,0,0,1
MIDCPNIFTY29JUL2411800PE.NFO,2024-05-29,13:49:00,2024-07-29,3.4,3.4,3.4,3.4,0,0,1
MIDCPNIFTY29JUL2411800PE.NFO,2024-05-29,13:50:00,2024-07-29,3.4,3.4,3.4,3.4,0,0,1
MIDCPNIFTY29JUL2411800PE.NFO,2024-05-29,13:51:00,2024-07-29,3.4,3.4,3.4,3.4,0,0,1
MIDCPNIFTY29JUL2411800PE.NFO,2024-05-29,13:52:00,2024-07-29,3.4,3.4,3.4,3.4,0,0,1
MIDCPNIFTY29JUL2411800PE.NFO,2024-05-29,13:53:00,2024-07-29,3.4,3.4,3.4,3.4,0,0,1
MIDCPNIFTY29JUL2411800PE.NFO,2024-05-29,13:54:00,2024-07-29,3.4,3.4,3.4,3.4,0,0,1
MIDCPNIFTY29JUL2411800PE.NFO,2024-05-29,13:55:00,2024-07-29,3.4,3.4,3.4,3.4,0,0,1
MIDCPNIFTY29JUL2411800PE.NFO,2024-05-29,13:56:00,2024-07-29,3.4,3.4,3.4,3.4,0,0,1
MIDCPNIFTY29JUL2411800PE.NFO,2024-05-29,13:57:00,2024-07-29,3.4,3.4,3.4,3.4,0,0,1
MIDCPNIFTY29JUL2411800PE.NFO,2024-05-29,13:58:00,2024-07-29,3.4,3.4,3.4,3.4,0,0,1
MIDCPNIFTY29JUL2411800PE.NFO,2024-05-29,13:59:00,2024-07-29,3.4,3.4,3.4,3.4,0,0,1
MIDCPNIFTY29JUL2411800PE.NFO,2024-05-29,14:00:00,2024-07-29,3.4,3.4,3.4,3.4,0,0,1
MIDCPNIFTY29JUL2411800PE.NFO,2024-05-29,14:01:00,2024-07-29,3.4,3.4,3.4,3.4,0,0,1
MIDCPNIFTY29JUL2411800PE.NFO,2024-05-29,14:02:00,2024-07-29,3.4,3.4,3.4,3.4,0,0,1
MIDCPNIFTY29JUL2411800PE.NFO,2024-05-29,14:03:00,2024-07-29,3.4,3.4,3.4,3.4,0,0,1
MIDCPNIFTY29JUL2411800PE.NFO,2024-05-29,14:04:00,2024-07-29,3.4,3.4,3.4,3.4,0,0,1
MIDCPNIFTY29JUL2411800PE.NFO,2024-05-29,14:05:00,2024-07-29,3.4,3.4,3.4,3.4,0,0,1
MIDCPNIFTY29JUL2411800PE.NFO,2024-05-29,14:06:00,2024-07-29,3.4,3.4,3.4,3.4,0,0,1
MIDCPNIFTY29JUL2411800PE.NFO,2024-05-29,14:07:00,2024-07-29,3.4,3.4,3.4,3.4,0,0,1
MIDCPNIFTY29JUL2411800PE.NFO,2024-05-29,14:08:00,2024-07-29,3.4,3.4,3.4,3.4,0,0,1
MIDCPNIFTY29JUL2411800PE.NFO,2024-05-29,14:09:00,2024-07-29,3.4,3.4,3.4,3.4,0,0,1
MIDCPNIFTY29JUL2411800PE.NFO,2024-05-29,14:10:00,2024-07-29,3.4,3.4,3.4,3.4,0,0,1
MIDCPNIFTY29JUL2411800PE.NFO,2024-05-29,14:11:00,2024-07-29,3.4,3.4,3.4,3.4,0,0,1
MIDCPNIFTY29JUL2411800PE.NFO,2024-05-29,14:12:00,2024-07-29,3.4,3.4,3.4,3.4,0,0,1
MIDCPNIFTY29JUL2411800PE.NFO,2024-05-29,14:13:00,2024-07-29,3.4,3.4,3.4,3.4,0,0,1
MIDCPNIFTY29JUL2411800PE.NFO,2024-05-29,14:14:00,2024-07-29,3.4,3.4,3.4,3.4,0,0,1
MIDCPNIFTY29JUL2411800PE.NFO,2024-05-29,14:15:00,2024-07-29,3.4,3.4,3.4,3.4,0,0,1
MIDCPNIFTY29JUL2411800PE.NFO,2024-05-29,14:16:00,2024-07-29,3.4,3.4,3.4,3.4,0,0,1
MIDCPNIFTY29JUL2411800PE.NFO,2024-05-29,14:17:00,2024-07-29,3.4,3.4,3.4,3.4,0,0,1
MIDCPNIFTY29JUL2411800PE.NFO,2024-05-29,14:18:00,2024-07-29,3.4,3.4,3.4,3.4,0,0,1
MIDCPNIFTY29JUL2411800PE.NFO,2024-05-29,14:19:00,2024-07-29,3.4,3.4,3.4,3.4,0,0,1
MIDCPNIFTY29JUL2411800PE.NFO,2024-05-29,14:20:00,2024-07-29,3.4,3.4,3.4,3.4,0,0,1
MIDCPNIFTY29JUL2411800PE.NFO,2024-05-29,14:21:00,2024-07-29,3.4,3.4,3.4,3.4,0,0,1
MIDCPNIFTY29JUL2411800PE.NFO,2024-05-29,14:22:00,2024-07-29,3.4,3.4,3.4,3.4,0,0,1
MIDCPNIFTY29JUL2411800PE.NFO,2024-05-29,14:23:00,2024-07-29,3.4,3.4,3.4,3.4,0,0,1
MIDCPNIFTY29JUL2411800PE.NFO,2024-05-29,14:24:00,2024-07-29,3.4,3.4,3.4,3.4,0,0,1
MIDCPNIFTY29JUL2411800PE.NFO,2024-05-29,14:25:00,2024-07-29,3.4,3.4,3.4,3.4,0,0,1
MIDCPNIFTY29JUL2411800PE.NFO,2024-05-29,14:26:00,2024-07-29,3.4,3.4,3.4,3.4,0,0,1
MIDCPNIFTY29JUL2411800PE.NFO,2024-05-29,14:27:00,2024-07-29,3.4,3.4,3.4,3.4,0,0,1
MIDCPNIFTY29JUL2411800PE.NFO,2024-05-29,14:28:00,2024-07-29,3.4,3.4,3.4,3.4,0,0,1
MIDCPNIFTY29JUL2411800PE.NFO,2024-05-29,14:29:00,2024-07-29,3.4,3.4,3.4,3.4,0,0,1
MIDCPNIFTY29JUL2411800PE.NFO,2024-05-29,14:30:00,2024-07-29,3.4,3.4,3.4,3.4,0,0,1
MIDCPNIFTY29JUL2411800PE.NFO,2024-05-29,14:31:00,2024-07-29,3.4,3.4,3.4,3.4,0,0,1
MIDCPNIFTY29JUL2411800PE.NFO,2024-05-29,14:32:00,2024-07-29,3.4,3.4,3.4,3.4,0,0,1
MIDCPNIFTY29JUL2411800PE.NFO,2024-05-29,14:33:00,2024-07-29,3.4,3.4,3.4,3.4,0,0,1
MIDCPNIFTY29JUL2411800PE.NFO,2024-05-29,14:34:00,2024-07-29,3.4,3.4,3.4,3.4,0,0,1
MIDCPNIFTY29JUL2411800PE.NFO,2024-05-29,14:35:00,2024-07-29,3.4,3.4,3.4,3.4,0,0,1
MIDCPNIFTY29JUL2411800PE.NFO,2024-05-29,14:36:00,2024-07-29,3.4,3.4,3.4,3.4,0,0,1
MIDCPNIFTY29JUL2411800PE.NFO,2024-05-29,14:37:00,2024-07-29,3.4,3.4,3.4,3.4,0,0,1
MIDCPNIFTY29JUL2411800PE.NFO,2024-05-29,14:38:00,2024-07-29,3.4,3.4,3.4,3.4,0,0,1
MIDCPNIFTY29JUL2411800PE.NFO,2024-05-29,14:39:00,2024-07-29,3.4,3.4,3.4,3.4,0,0,1
MIDCPNIFTY29JUL2411800PE.NFO,2024-05-29,14:40:00,2024-07-29,3.4,3.4,3.4,3.4,0,0,1
MIDCPNIFTY29JUL2411800PE.NFO,2024-05-29,14:41:00,2024-07-29,3.4,3.4,3.4,3.4,0,0,1
MIDCPNIFTY29JUL2411800PE.NFO,2024-05-29,14:42:00,2024-07-29,3.4,3.4,3.4,3.4,0,0,1
MIDCPNIFTY29JUL2411800PE.NFO,2024-05-29,14:43:00,2024-07-29,3.4,3.4,3.4,3.4,0,0,1
MIDCPNIFTY29JUL2411800PE.NFO,2024-05-29,14:44:00,2024-07-29,3.4,3.4,3.4,3.4,0,0,1
MIDCPNIFTY29JUL2411800PE.NFO,2024-05-29,14:45:00,2024-07-29,3.4,3.4,3.4,3.4,0,0,1
MIDCPNIFTY29JUL2411800PE.NFO,2024-05-29,14:46:00,2024-07-29,3.4,3.4,3.4,3.4,0,0,1
MIDCPNIFTY29JUL2411800PE.NFO,2024-05-29,14:47:00,2024-07-29,3.4,3.4,3.4,3.4,0,0,1
MIDCPNIFTY29JUL2411800PE.NFO,2024-05-29,14:48:00,2024-07-29,3.4,3.4,3.4,3.4,0,0,1
MIDCPNIFTY29JUL2411800PE.NFO,2024-05-29,14:49:00,2024-07-29,3.4,3.4,3.4,3.4,0,0,1
MIDCPNIFTY29JUL2411800PE.NFO,2024-05-29,14:50:00,2024-07-29,3.4,3.4,3.4,3.4,0,0,1
MIDCPNIFTY29JUL2411800PE.NFO,2024-05-29,14:51:00,2024-07-29,3.4,3.4,3.4,3.4,0,0,1
MIDCPNIFTY29JUL2411800PE.NFO,2024-05-29,14:52:00,2024-07-29,3.4,3.4,3.4,3.4,0,0,1
MIDCPNIFTY29JUL2411800PE.NFO,2024-05-29,14:53:00,2024-07-29,3.4,3.4,3.4,3.4,0,0,1
MIDCPNIFTY29JUL2411800PE.NFO,2024-05-29,14:54:00,2024-07-29,3.4,3.4,3.4,3.4,0,0,1
MIDCPNIFTY29JUL2411800PE.NFO,2024-05-29,14:55:00,2024-07-29,3.4,3.4,3.4,3.4,0,0,1
MIDCPNIFTY29JUL2411800PE.NFO,2024-05-29,14:56:00,2024-07-29,3.4,3.4,3.4,3.4,0,0,1
MIDCPNIFTY29JUL2411800PE.NFO,2024-05-29,14:57:00,2024-07-29,3.4,3.4,3.4,3.4,0,0,1
MIDCPNIFTY29JUL2411800PE.NFO,2024-05-29,14:58:00,2024-07-29,3.4,3.4,3.4,3.4,0,0,1
MIDCPNIFTY29JUL2411800PE.NFO,2024-05-29,14:59:00,2024-07-29,3.4,3.4,3.4,3.4,0,0,1
MIDCPNIFTY29JUL2411800PE.NFO,2024-05-29,15:00:00,2024-07-29,3.4,3.4,3.4,3.4,0,0,1
MIDCPNIFTY29JUL2411800PE.NFO,2024-05-29,15:01:00,2024-07-29,3.4,3.4,3.4,3.4,0,0,1
MIDCPNIFTY29JUL2411800PE.NFO,2024-05-29,15:02:00,2024-07-29,3.4,3.4,3.4,3.4,0,0,1
MIDCPNIFTY29JUL2411800PE.NFO,2024-05-29,15:03:00,2024-07-29,3.4,3.4,3.4,3.4,0,0,1
MIDCPNIFTY29JUL2411800PE.NFO,2024-05-29,15:04:00,2024-07-29,3.4,3.4,3.4,3.4,0,0,1
MIDCPNIFTY29JUL2411800PE.NFO,2024-05-29,15:05:00,2024-07-29,3.4,3.4,3.4,3.4,0,0,1
MIDCPNIFTY29JUL2411800PE.NFO,2024-05-29,15:06:00,2024-07-29,3.4,3.4,3.4,3.4,0,0,1
MIDCPNIFTY29JUL2411800PE.NFO,2024-05-29,15:07:00,2024-07-29,3.4,3.4,3.4,3.4,0,0,1
MIDCPNIFTY29JUL2411800PE.NFO,2024-05-29,15:08:00,2024-07-29,3.4,3.4,3.4,3.4,0,0,1
MIDCPNIFTY29JUL2411800PE.NFO,2024-05-29,15:09:00,2024-07-29,3.4,3.4,3.4,3.4,0,0,1
MIDCPNIFTY29JUL2411800PE.NFO,2024-05-29,15:10:00,2024-07-29,3.4,3.4,3.4,3.4,0,0,1
MIDCPNIFTY29JUL2411800PE.NFO,2024-05-29,15:11:00,2024-07-29,3.4,3.4,3.4,3.4,0,0,1
MIDCPNIFTY29JUL2411800PE.NFO,2024-05-29,15:12:00,2024-07-29,3.4,3.4,3.4,3.4,0,0,1
MIDCPNIFTY29JUL2411800PE.NFO,2024-05-29,15:13:00,2024-07-29,3.4,3.4,3.4,3.4,0,0,1
MIDCPNIFTY29JUL2411800PE.NFO,2024-05-29,15:14:00,2024-07-29,3.4,3.4,3.4,3.4,0,0,1
MIDCPNIFTY29JUL2411800PE.NFO,2024-05-29,15:15:00,2024-07-29,3.4,3.4,3.4,3.4,0,0,1
MIDCPNIFTY29JUL2411800PE.NFO,2024-05-29,15:16:00,2024-07-29,3.4,3.4,3.4,3.4,0,0,1
MIDCPNIFTY29JUL2411800PE.NFO,2024-05-29,15:17:00,2024-07-29,3.4,3.4,3.4,3.4,0,0,1
MIDCPNIFTY29JUL2411800PE.NFO,2024-05-29,15:18:00,2024-07-29,3.4,3.4,3.4,3.4,0,0,1
MIDCPNIFTY29JUL2411800PE.NFO,2024-05-29,15:19:00,2024-07-29,3.4,3.4,3.4,3.4,0,0,1
MIDCPNIFTY29JUL2411800PE.NFO,2024-05-29,15:20:00,2024-07-29,3.4,3.4,3.4,3.4,0,0,1
MIDCPNIFTY29JUL2411800PE.NFO,2024-05-29,15:21:00,2024-07-29,3.4,3.4,3.4,3.4,0,0,1
MIDCPNIFTY29JUL2411800PE.NFO,2024-05-29,15:22:00,2024-07-29,3.4,3.4,3.4,3.4,0,0,1
MIDCPNIFTY29JUL2411800PE.NFO,2024-05-29,15:23:00,2024-07-29,3.4,3.4,3.4,3.4,0,0,1
MIDCPNIFTY29JUL2411800PE.NFO,2024-05-29,15:24:00,2024-07-29,3.4,3.4,3.4,3.4,0,0,1
MIDCPNIFTY29JUL2411800PE.NFO,2024-05-29,15:25:00,2024-07-29,3.4,3.4,3.4,3.4,0,0,1
MIDCPNIFTY29JUL2411800PE.NFO,2024-05-29,15:26:00,2024-07-29,3.4,3.4,3.4,3.4,0,0,1
MIDCPNIFTY29JUL2411800PE.NFO,2024-05-29,15:27:00,2024-07-29,3.4,3.4,3.4,3.4,0,0,1
MIDCPNIFTY29JUL2411800PE.NFO,2024-05-29,15:28:00,2024-07-29,3.4,3.4,3.4,3.4,0,0,1
MIDCPNIFTY29JUL2411800PE.NFO,2024-05-29,15:29:00,2024-07-29,3.4,3.4,3.4,3.4,0,0,1
MIDCPNIFTY29JUL2411800PE.NFO,2024-05-29,15:30:00,2024-07-29,3.4,3.4,3.4,3.4,0,0,1
MIDCPNIFTY29JUL2411800PE.NFO,2024-05-30,09:15:00,2024-07-29,3.4,3.4,3.4,3.4,0,0,0
MIDCPNIFTY29JUL2411800PE.NFO,2024-05-30,09:16:00,2024-07-29,3.4,3.4,3.4,3.4,0,0,1
MIDCPNIFTY29JUL2411800PE.NFO,2024-05-30,09:17:00,2024-07-29,3.4,3.4,3.4,3.4,0,0,1
MIDCPNIFTY29JUL2411800PE.NFO,2024-05-30,09:18:00,2024-07-29,3.4,3.4,3.4,3.4,0,0,1
MIDCPNIFTY29JUL2411800PE.NFO,2024-05-30,09:19:00,2024-07-29,3.4,3.4,3.4,3.4,0,0,1
MIDCPNIFTY29JUL2411800PE.NFO,2024-05-30,09:20:00,2024-07-29,3.4,3.4,3.4,3.4,0,0,1
MIDCPNIFTY29JUL2411800PE.NFO,2024-05-30,09:21:00,2024-07-29,3.4,3.4,3.4,3.4,0,0,1
MIDCPNIFTY29JUL2411800PE.NFO,2024-05-30,09:22:00,2024-07-29,3.4,3.4,3.4,3.4,0,0,1
MIDCPNIFTY29JUL2411800PE.NFO,2024-05-30,09:23:00,2024-07-29,3.4,3.4,3.4,3.4,0,0,1
MIDCPNIFTY29JUL2411800PE.NFO,2024-05-30,09:24:00,2024-07-29,3.4,3.4,3.4,3.4,0,0,1
MIDCPNIFTY29JUL2411800PE.NFO,2024-05-30,09:25:00,2024-07-29,3.4,3.4,3.4,3.4,0,0,1
MIDCPNIFTY29JUL2411800PE.NFO,2024-05-30,09:26:00,2024-07-29,3.4,3.4,3.4,3.4,0,0,1
MIDCPNIFTY29JUL2411800PE.NFO,2024-05-30,09:27:00,2024-07-29,3.4,3.4,3.4,3.4,0,0,1
MIDCPNIFTY29JUL2411800PE.NFO,2024-05-30,09:28:00,2024-07-29,3.4,3.4,3.4,3.4,0,0,1
MIDCPNIFTY29JUL2411800PE.NFO,2024-05-30,09:29:00,2024-07-29,3.4,3.4,3.4,3.4,0,0,1
MIDCPNIFTY29JUL2411800PE.NFO,2024-05-30,09:30:00,2024-07-29,3.4,3.4,3.4,3.4,0,0,1
MIDCPNIFTY29JUL2411800PE.NFO,2024-05-30,09:31:00,2024-07-29,3.4,3.4,3.4,3.4,0,0,1
MIDCPNIFTY29JUL2411800PE.NFO,2024-05-30,09:32:00,2024-07-29,3.4,3.4,3.4,3.4,0,0,1
MIDCPNIFTY29JUL2411800PE.NFO,2024-05-30,09:33:00,2024-07-29,3.4,3.4,3.4,3.4,0,0,1
MIDCPNIFTY29JUL2411800PE.NFO,2024-05-30,09:34:00,2024-07-29,3.4,3.4,3.4,3.4,0,0,1
MIDCPNIFTY29JUL2411800PE.NFO,2024-05-30,09:35:00,2024-07-29,3.4,3.4,3.4,3.4,0,0,1
MIDCPNIFTY29JUL2411800PE.NFO,2024-05-30,09:36:00,2024-07-29,3.4,3.4,3.4,3.4,0,0,1
MIDCPNIFTY29JUL2411800PE.NFO,2024-05-30,09:37:00,2024-07-29,3.4,3.4,3.4,3.4,0,0,1
MIDCPNIFTY29JUL2411800PE.NFO,2024-05-30,09:38:00,2024-07-29,3.4,3.4,3.4,3.4,0,0,1
MIDCPNIFTY29JUL2411800PE.NFO,2024-05-30,09:39:00,2024-07-29,3.4,3.4,3.4,3.4,0,0,1
MIDCPNIFTY29JUL2411800PE.NFO,2024-05-30,09:40:00,2024-07-29,3.4,3.4,3.4,3.4,0,0,1
MIDCPNIFTY29JUL2411800PE.NFO,2024-05-30,09:41:00,2024-07-29,3.4,3.4,3.4,3.4,0,0,1
MIDCPNIFTY29JUL2411800PE.NFO,2024-05-30,09:42:00,2024-07-29,3.4,3.4,3.4,3.4,0,0,1
MIDCPNIFTY29JUL2411800PE.NFO,2024-05-30,09:43:00,2024-07-29,3.4,3.4,3.4,3.4,0,0,1
MIDCPNIFTY29JUL2411800PE.NFO,2024-05-30,09:44:00,2024-07-29,3.4,3.4,3.4,3.4,0,0,1
MIDCPNIFTY29JUL2411800PE.NFO,2024-05-30,09:45:00,2024-07-29,3.4,3.4,3.4,3.4,0,0,1
MIDCPNIFTY29JUL2411800PE.NFO,2024-05-30,09:46:00,2024-07-29,3.4,3.4,3.4,3.4,0,0,1
MIDCPNIFTY29JUL2411800PE.NFO,2024-05-30,09:47:00,2024-07-29,3.4,3.4,3.4,3.4,0,0,1
MIDCPNIFTY29JUL2411800PE.NFO,2024-05-30,09:48:00,2024-07-29,3.4,3.4,3.4,3.4,0,0,1
MIDCPNIFTY29JUL2411800PE.NFO,2024-05-30,09:49:00,2024-07-29,3.4,3.4,3.4,3.4,0,0,1
MIDCPNIFTY29JUL2411800PE.NFO,2024-05-30,09:50:00,2024-07-29,3.4,3.4,3.4,3.4,0,0,1
MIDCPNIFTY29JUL2411800PE.NFO,2024-05-30,09:51:00,2024-07-29,3.4,3.4,3.4,3.4,0,0,1
MIDCPNIFTY29JUL2411800PE.NFO,2024-05-30,09:52:00,2024-07-29,3.4,3.4,3.4,3.4,0,0,1
MIDCPNIFTY29JUL2411800PE.NFO,2024-05-30,09:53:00,2024-07-29,3.4,3.4,3.4,3.4,0,0,1
MIDCPNIFTY29JUL2411800PE.NFO,2024-05-30,09:54:00,2024-07-29,3.4,3.4,3.4,3.4,0,0,1
MIDCPNIFTY29JUL2411800PE.NFO,2024-05-30,09:55:00,2024-07-29,3.4,3.4,3.4,3.4,0,0,1
MIDCPNIFTY29JUL2411800PE.NFO,2024-05-30,09:56:00,2024-07-29,3.4,3.4,3.4,3.4,0,0,1
MIDCPNIFTY29JUL2411800PE.NFO,2024-05-30,09:57:00,2024-07-29,3.4,3.4,3.4,3.4,0,0,1
MIDCPNIFTY29JUL2411800PE.NFO,2024-05-30,09:58:00,2024-07-29,3.4,3.4,3.4,3.4,0,0,1
MIDCPNIFTY29JUL2411800PE.NFO,2024-05-30,09:59:00,2024-07-29,3.4,3.4,3.4,3.4,0,0,1
MIDCPNIFTY29JUL2411800PE.NFO,2024-05-30,10:00:00,2024-07-29,3.4,3.4,3.4,3.4,0,0,1
MIDCPNIFTY29JUL2411800PE.NFO,2024-05-30,10:01:00,2024-07-29,3.4,3.4,3.4,3.4,0,0,1
MIDCPNIFTY29JUL2411800PE.NFO,2024-05-30,10:02:00,2024-07-29,3.4,3.4,3.4,3.4,0,0,1
MIDCPNIFTY29JUL2411800PE.NFO,2024-05-30,10:03:00,2024-07-29,3.4,3.4,3.4,3.4,0,0,1
MIDCPNIFTY29JUL2411800PE.NFO,2024-05-30,10:04:00,2024-07-29,3.4,3.4,3.4,3.4,0,0,1
MIDCPNIFTY29JUL2411800PE.NFO,2024-05-30,10:05:00,2024-07-29,3.4,3.4,3.4,3.4,0,0,1
MIDCPNIFTY29JUL2411800PE.NFO,2024-05-30,10:06:00,2024-07-29,3.4,3.4,3.4,3.4,0,0,1
MIDCPNIFTY29JUL2411800PE.NFO,2024-05-30,10:07:00,2024-07-29,3.4,3.4,3.4,3.4,0,0,1
MIDCPNIFTY29JUL2411800PE.NFO,2024-05-30,10:08:00,2024-07-29,3.4,3.4,3.4,3.4,0,0,1
MIDCPNIFTY29JUL2411800PE.NFO,2024-05-30,10:09:00,2024-07-29,3.4,3.4,3.4,3.4,0,0,1
MIDCPNIFTY29JUL2411800PE.NFO,2024-05-30,10:10:00,2024-07-29,3.4,3.4,3.4,3.4,0,0,1
MIDCPNIFTY29JUL2411800PE.NFO,2024-05-30,10:11:00,2024-07-29,3.4,3.4,3.4,3.4,0,0,1
MIDCPNIFTY29JUL2411800PE.NFO,2024-05-30,10:12:00,2024-07-29,3.4,3.4,3.4,3.4,0,0,1
MIDCPNIFTY29JUL2411800PE.NFO,2024-05-30,10:13:00,2024-07-29,3.4,3.4,3.4,3.4,0,0,1
MIDCPNIFTY29JUL2411800PE.NFO,2024-05-30,10:14:00,2024-07-29,3.4,3.4,3.4,3.4,0,0,1
MIDCPNIFTY29JUL2411800PE.NFO,2024-05-30,10:15:00,2024-07-29,3.4,3.4,3.4,3.4,0,0,1
MIDCPNIFTY29JUL2411800PE.NFO,2024-05-30,10:16:00,2024-07-29,3.4,3.4,3.4,3.4,0,0,1
MIDCPNIFTY29JUL2411800PE.NFO,2024-05-30,10:17:00,2024-07-29,3.4,3.4,3.4,3.4,0,0,1
MIDCPNIFTY29JUL2411800PE.NFO,2024-05-30,10:18:00,2024-07-29,3.4,3.4,3.4,3.4,0,0,1
MIDCPNIFTY29JUL2411800PE.NFO,2024-05-30,10:19:00,2024-07-29,3.4,3.4,3.4,3.4,0,0,1
MIDCPNIFTY29JUL2411800PE.NFO,2024-05-30,10:20:00,2024-07-29,3.4,3.4,3.4,3.4,0,0,1
MIDCPNIFTY29JUL2411800PE.NFO,2024-05-30,10:21:00,2024-07-29,3.4,3.4,3.4,3.4,0,0,1
MIDCPNIFTY29JUL2411800PE.NFO,2024-05-30,10:22:00,2024-07-29,3.4,3.4,3.4,3.4,0,0,1
MIDCPNIFTY29JUL2411800PE.NFO,2024-05-30,10:23:00,2024-07-29,3.4,3.4,3.4,3.4,0,0,1
MIDCPNIFTY29JUL2411800PE.NFO,2024-05-30,10:24:00,2024-07-29,3.4,3.4,3.4,3.4,0,0,1
MIDCPNIFTY29JUL2411800PE.NFO,2024-05-30,10:25:00,2024-07-29,3.4,3.4,3.4,3.4,0,0,1
MIDCPNIFTY29JUL2411800PE.NFO,2024-05-30,10:26:00,2024-07-29,3.4,3.4,3.4,3.4,0,0,1
MIDCPNIFTY29JUL2411800PE.NFO,2024-05-30,10:27:00,2024-07-29,3.4,3.4,3.4,3.4,0,0,1
MIDCPNIFTY29JUL2411800PE.NFO,2024-05-30,10:28:00,2024-07-29,3.4,3.4,3.4,3.4,0,0,1
MIDCPNIFTY29JUL2411800PE.NFO,2024-05-30,10:29:00,2024-07-29,3.4,3.4,3.4,3.4,0,0,1
MIDCPNIFTY29JUL2411800PE.NFO,2024-05-30,10:30:00,2024-07-29,3.4,3.4,3.4,3.4,0,0,1
MIDCPNIFTY29JUL2411800PE.NFO,2024-05-30,10:31:00,2024-07-29,3.4,3.4,3.4,3.4,0,0,1
MIDCPNIFTY29JUL2411800PE.NFO,2024-05-30,10:32:00,2024-07-29,3.4,3.4,3.4,3.4,0,0,1
MIDCPNIFTY29JUL2411800PE.NFO,2024-05-30,10:33:00,2024-07-29,3.4,3.4,3.4,3.4,0,0,1
MIDCPNIFTY29JUL2411800PE.NFO,2024-05-30,10:34:00,2024-07-29,3.4,3.4,3.4,3.4,0,0,1
MIDCPNIFTY29JUL2411800PE.NFO,2024-05-30,10:35:00,2024-07-29,3.4,3.4,3.4,3.4,0,0,1
MIDCPNIFTY29JUL2411800PE.NFO,2024-05-30,10:36:00,2024-07-29,3.4,3.4,3.4,3.4,0,0,1
MIDCPNIFTY29JUL2411800PE.NFO,2024-05-30,10:37:00,2024-07-29,3.4,3.4,3.4,3.4,0,0,1
MIDCPNIFTY29JUL2411800PE.NFO,2024-05-30,10:38:00,2024-07-29,3.4,3.4,3.4,3.4,0,0,1
MIDCPNIFTY29JUL2411800PE.NFO,2024-05-30,10:39:00,2024-07-29,3.4,3.4,3.4,3.4,0,0,1
MIDCPNIFTY29JUL2411800PE.NFO,2024-05-30,10:40:00,2024-07-29,3.4,3.4,3.4,3.4,0,0,1
MIDCPNIFTY29JUL2411800PE.NFO,2024-05-30,10:41:00,2024-07-29,3.4,3.4,3.4,3.4,0,0,1
MIDCPNIFTY29JUL2411800PE.NFO,2024-05-30,10:42:00,2024-07-29,3.4,3.4,3.4,3.4,0,0,1
MIDCPNIFTY29JUL2411800PE.NFO,2024-05-30,10:43:00,2024-07-29,3.4,3.4,3.4,3.4,0,0,1
MIDCPNIFTY29JUL2411800PE.NFO,2024-05-30,10:44:00,2024-07-29,3.4,3.4,3.4,3.4,0,0,1
MIDCPNIFTY29JUL2411800PE.NFO,2024-05-30,10:45:00,2024-07-29,3.4,3.4,3.4,3.4,0,0,1
MIDCPNIFTY29JUL2411800PE.NFO,2024-05-30,10:46:00,2024-07-29,3.4,3.4,3.4,3.4,0,0,1
MIDCPNIFTY29JUL2411800PE.NFO,2024-05-30,10:47:00,2024-07-29,3.4,3.4,3.4,3.4,0,0,1
MIDCPNIFTY29JUL2411800PE.NFO,2024-05-30,10:48:00,2024-07-29,3.4,3.4,3.4,3.4,0,0,1
MIDCPNIFTY29JUL2411800PE.NFO,2024-05-30,10:49:00,2024-07-29,3.4,3.4,3.4,3.4,0,0,1
MIDCPNIFTY29JUL2411800PE.NFO,2024-05-30,10:50:00,2024-07-29,3.4,3.4,3.4,3.4,0,0,1
MIDCPNIFTY29JUL2411800PE.NFO,2024-05-30,10:51:00,2024-07-29,3.4,3.4,3.4,3.4,0,0,1
MIDCPNIFTY29JUL2411800PE.NFO,2024-05-30,10:52:00,2024-07-29,3.4,3.4,3.4,3.4,0,0,1
MIDCPNIFTY29JUL2411800PE.NFO,2024-05-30,10:53:00,2024-07-29,3.4,3.4,3.4,3.4,0,0,1
MIDCPNIFTY29JUL2411800PE.NFO,2024-05-30,10:54:00,2024-07-29,3.4,3.4,3.4,3.4,0,0,1
MIDCPNIFTY29JUL2411800PE.NFO,2024-05-30,10:55:00,2024-07-29,3.4,3.4,3.4,3.4,0,0,1
MIDCPNIFTY29JUL2411800PE.NFO,2024-05-30,10:56:00,2024-07-29,3.4,3.4,3.4,3.4,0,0,1
MIDCPNIFTY29JUL2411800PE.NFO,2024-05-30,10:57:00,2024-07-29,3.4,3.4,3.4,3.4,0,0,1
MIDCPNIFTY29JUL2411800PE.NFO,2024-05-30,10:58:00,2024-07-29,3.4,3.4,3.4,3.4,0,0,1
MIDCPNIFTY29JUL2411800PE.NFO,2024-05-30,10:59:00,2024-07-29,3.4,3.4,3.4,3.4,0,0,1
MIDCPNIFTY29JUL2411800PE.NFO,2024-05-30,11:00:00,2024-07-29,3.4,3.4,3.4,3.4,0,0,1
MIDCPNIFTY29JUL2411800PE.NFO,2024-05-30,11:01:00,2024-07-29,3.4,3.4,3.4,3.4,0,0,1
MIDCPNIFTY29JUL2411800PE.NFO,2024-05-30,11:02:00,2024-07-29,3.4,3.4,3.4,3.4,0,0,1
MIDCPNIFTY29JUL2411800PE.NFO,2024-05-30,11:03:00,2024-07-29,3.4,3.4,3.4,3.4,0,0,1
MIDCPNIFTY29JUL2411800PE.NFO,2024-05-30,11:04:00,2024-07-29,3.4,3.4,3.4,3.4,0,0,1
MIDCPNIFTY29JUL2411800PE.NFO,2024-05-30,11:05:00,2024-07-29,3.4,3.4,3.4,3.4,0,0,1
MIDCPNIFTY29JUL2411800PE.NFO,2024-05-30,11:06:00,2024-07-29,3.4,3.4,3.4,3.4,0,0,1
MIDCPNIFTY29JUL2411800PE.NFO,2024-05-30,11:07:00,2024-07-29,3.4,3.4,3.4,3.4,0,0,1
MIDCPNIFTY29JUL2411800PE.NFO,2024-05-30,11:08:00,2024-07-29,3.4,3.4,3.4,3.4,0,0,1
MIDCPNIFTY29JUL2411800PE.NFO,2024-05-30,11:09:00,2024-07-29,3.4,3.4,3.4,3.4,0,0,1
MIDCPNIFTY29JUL2411800PE.NFO,2024-05-30,11:10:00,2024-07-29,3.4,3.4,3.4,3.4,0,0,1
MIDCPNIFTY29JUL2411800PE.NFO,2024-05-30,11:11:00,2024-07-29,3.4,3.4,3.4,3.4,0,0,1
MIDCPNIFTY29JUL2411800PE.NFO,2024-05-30,11:12:00,2024-07-29,3.4,3.4,3.4,3.4,0,0,1
MIDCPNIFTY29JUL2411800PE.NFO,2024-05-30,11:13:00,2024-07-29,3.4,3.4,3.4,3.4,0,0,1
MIDCPNIFTY29JUL2411800PE.NFO,2024-05-30,11:14:00,2024-07-29,3.4,3.4,3.4,3.4,0,0,1
MIDCPNIFTY29JUL2411800PE.NFO,2024-05-30,11:15:00,2024-07-29,3.4,3.4,3.4,3.4,0,0,1
MIDCPNIFTY29JUL2411800PE.NFO,2024-05-30,11:16:00,2024-07-29,3.4,3.4,3.4,3.4,0,0,1
MIDCPNIFTY29JUL2411800PE.NFO,2024-05-30,11:17:00,2024-07-29,3.4,3.4,3.4,3.4,0,0,1
MIDCPNIFTY29JUL2411800PE.NFO,2024-05-30,11:18:00,2024-07-29,3.4,3.4,3.4,3.4,0,0,1
MIDCPNIFTY29JUL2411800PE.NFO,2024-05-30,11:19:00,2024-07-29,3.4,3.4,3.4,3.4,0,0,1
MIDCPNIFTY29JUL2411800PE.NFO,2024-05-30,11:20:00,2024-07-29,3.4,3.4,3.4,3.4,0,0,1
MIDCPNIFTY29JUL2411800PE.NFO,2024-05-30,11:21:00,2024-07-29,3.4,3.4,3.4,3.4,0,0,1
MIDCPNIFTY29JUL2411800PE.NFO,2024-05-30,11:22:00,2024-07-29,3.4,3.4,3.4,3.4,0,0,1
MIDCPNIFTY29JUL2411800PE.NFO,2024-05-30,11:23:00,2024-07-29,3.4,3.4,3.4,3.4,0,0,1
MIDCPNIFTY29JUL2411800PE.NFO,2024-05-30,11:24:00,2024-07-29,3.4,3.4,3.4,3.4,0,0,1
MIDCPNIFTY29JUL2411800PE.NFO,2024-05-30,11:25:00,2024-07-29,3.4,3.4,3.4,3.4,0,0,1
MIDCPNIFTY29JUL2411800PE.NFO,2024-05-30,11:26:00,2024-07-29,3.4,3.4,3.4,3.4,0,0,1
MIDCPNIFTY29JUL2411800PE.NFO,2024-05-30,11:27:00,2024-07-29,3.4,3.4,3.4,3.4,0,0,1
MIDCPNIFTY29JUL2411800PE.NFO,2024-05-30,11:28:00,2024-07-29,3.4,3.4,3.4,3.4,0,0,1
MIDCPNIFTY29JUL2411800PE.NFO,2024-05-30,11:29:00,2024-07-29,3.4,3.4,3.4,3.4,0,0,1
MIDCPNIFTY29JUL2411800PE.NFO,2024-05-30,11:30:00,2024-07-29,3.4,3.4,3.4,3.4,0,0,1
MIDCPNIFTY29JUL2411800PE.NFO,2024-05-30,11:31:00,2024-07-29,3.4,3.4,3.4,3.4,0,0,1
MIDCPNIFTY29JUL2411800PE.NFO,2024-05-30,11:32:00,2024-07-29,3.4,3.4,3.4,3.4,0,0,1
MIDCPNIFTY29JUL2411800PE.NFO,2024-05-30,11:33:00,2024-07-29,3.4,3.4,3.4,3.4,0,0,1
MIDCPNIFTY29JUL2411800PE.NFO,2024-05-30,11:34:00,2024-07-29,3.4,3.4,3.4,3.4,0,0,1
MIDCPNIFTY29JUL2411800PE.NFO,2024-05-30,11:35:00,2024-07-29,3.4,3.4,3.4,3.4,0,0,1
MIDCPNIFTY29JUL2411800PE.NFO,2024-05-30,11:36:00,2024-07-29,3.4,3.4,3.4,3.4,0,0,1
MIDCPNIFTY29JUL2411800PE.NFO,2024-05-30,11:37:00,2024-07-29,3.4,3.4,3.4,3.4,0,0,1
MIDCPNIFTY29JUL2411800PE.NFO,2024-05-30,11:38:00,2024-07-29,3.4,3.4,3.4,3.4,0,0,1
MIDCPNIFTY29JUL2411800PE.NFO,2024-05-30,11:39:00,2024-07-29,3.4,3.4,3.4,3.4,0,0,1
MIDCPNIFTY29JUL2411800PE.NFO,2024-05-30,11:40:00,2024-07-29,3.4,3.4,3.4,3.4,0,0,1
MIDCPNIFTY29JUL2411800PE.NFO,2024-05-30,11:41:00,2024-07-29,3.4,3.4,3.4,3.4,0,0,1
MIDCPNIFTY29JUL2411800PE.NFO,2024-05-30,11:42:00,2024-07-29,3.4,3.4,3.4,3.4,0,0,1
MIDCPNIFTY29JUL2411800PE.NFO,2024-05-30,11:43:00,2024-07-29,3.4,3.4,3.4,3.4,0,0,1
MIDCPNIFTY29JUL2411800PE.NFO,2024-05-30,11:44:00,2024-07-29,3.4,3.4,3.4,3.4,0,0,1
MIDCPNIFTY29JUL2411800PE.NFO,2024-05-30,11:45:00,2024-07-29,3.4,3.4,3.4,3.4,0,0,1
MIDCPNIFTY29JUL2411800PE.NFO,2024-05-30,11:46:00,2024-07-29,3.4,3.4,3.4,3.4,0,0,1
MIDCPNIFTY29JUL2411800PE.NFO,2024-05-30,11:47:00,2024-07-29,3.4,3.4,3.4,3.4,0,0,1
MIDCPNIFTY29JUL2411800PE.NFO,2024-05-30,11:48:00,2024-07-29,3.4,3.4,3.4,3.4,0,0,1
MIDCPNIFTY29JUL2411800PE.NFO,2024-05-30,11:49:00,2024-07-29,3.4,3.4,3.4,3.4,0,0,1
MIDCPNIFTY29JUL2411800PE.NFO,2024-05-30,11:50:00,2024-07-29,3.4,3.4,3.4,3.4,0,0,1
MIDCPNIFTY29JUL2411800PE.NFO,2024-05-30,11:51:00,2024-07-29,3.4,3.4,3.4,3.4,0,0,1
MIDCPNIFTY29JUL2411800PE.NFO,2024-05-30,11:52:00,2024-07-29,3.4,3.4,3.4,3.4,0,0,1
MIDCPNIFTY29JUL2411800PE.NFO,2024-05-30,11:53:00,2024-07-29,3.4,3.4,3.4,3.4,0,0,1
MIDCPNIFTY29JUL2411800PE.NFO,2024-05-30,11:54:00,2024-07-29,3.4,3.4,3.4,3.4,0,0,1
MIDCPNIFTY29JUL2411800PE.NFO,2024-05-30,11:55:00,2024-07-29,3.4,3.4,3.4,3.4,0,0,1
MIDCPNIFTY29JUL2411800PE.NFO,2024-05-30,11:56:00,2024-07-29,3.4,3.4,3.4,3.4,0,0,1
MIDCPNIFTY29JUL2411800PE.NFO,2024-05-30,11:57:00,2024-07-29,3.4,3.4,3.4,3.4,0,0,1
MIDCPNIFTY29JUL2411800PE.NFO,2024-05-30,11:58:00,2024-07-29,3.4,3.4,3.4,3.4,0,0,1
MIDCPNIFTY29JUL2411800PE.NFO,2024-05-30,11:59:00,2024-07-29,3.4,3.4,3.4,3.4,0,0,1
MIDCPNIFTY29JUL2411800PE.NFO,2024-05-30,12:00:00,2024-07-29,3.4,3.4,3.4,3.4,0,0,1
MIDCPNIFTY29JUL2411800PE.NFO,2024-05-30,12:01:00,2024-07-29,3.4,3.4,3.4,3.4,0,0,1
MIDCPNIFTY29JUL2411800PE.NFO,2024-05-30,12:02:00,2024-07-29,3.4,3.4,3.4,3.4,0,0,1
MIDCPNIFTY29JUL2411800PE.NFO,2024-05-30,12:03:00,2024-07-29,3.4,3.4,3.4,3.4,0,0,1
MIDCPNIFTY29JUL2411800PE.NFO,2024-05-30,12:04:00,2024-07-29,3.4,3.4,3.4,3.4,0,0,1
MIDCPNIFTY29JUL2411800PE.NFO,2024-05-30,12:05:00,2024-07-29,3.4,3.4,3.4,3.4,0,0,1
MIDCPNIFTY29JUL2411800PE.NFO,2024-05-30,12:06:00,2024-07-29,3.4,3.4,3.4,3.4,0,0,1
MIDCPNIFTY29JUL2411800PE.NFO,2024-05-30,12:07:00,2024-07-29,3.4,3.4,3.4,3.4,0,0,1
MIDCPNIFTY29JUL2411800PE.NFO,2024-05-30,12:08:00,2024-07-29,3.4,3.4,3.4,3.4,0,0,1
MIDCPNIFTY29JUL2411800PE.NFO,2024-05-30,12:09:00,2024-07-29,3.4,3.4,3.4,3.4,0,0,1
MIDCPNIFTY29JUL2411800PE.NFO,2024-05-30,12:10:00,2024-07-29,3.4,3.4,3.4,3.4,0,0,1
MIDCPNIFTY29JUL2411800PE.NFO,2024-05-30,12:11:00,2024-07-29,3.4,3.4,3.4,3.4,0,0,1
MIDCPNIFTY29JUL2411800PE.NFO,2024-05-30,12:12:00,2024-07-29,3.4,3.4,3.4,3.4,0,0,1
MIDCPNIFTY29JUL2411800PE.NFO,2024-05-30,12:13:00,2024-07-29,3.4,3.4,3.4,3.4,0,0,1
MIDCPNIFTY29JUL2411800PE.NFO,2024-05-30,12:14:00,2024-07-29,3.4,3.4,3.4,3.4,0,0,1
MIDCPNIFTY29JUL2411800PE.NFO,2024-05-30,12:15:00,2024-07-29,3.4,3.4,3.4,3.4,0,0,1
MIDCPNIFTY29JUL2411800PE.NFO,2024-05-30,12:16:00,2024-07-29,3.4,3.4,3.4,3.4,0,0,1
MIDCPNIFTY29JUL2411800PE.NFO,2024-05-30,12:17:00,2024-07-29,3.4,3.4,3.4,3.4,0,0,1
MIDCPNIFTY29JUL2411800PE.NFO,2024-05-30,12:18:00,2024-07-29,3.4,3.4,3.4,3.4,0,0,1
MIDCPNIFTY29JUL2411800PE.NFO,2024-05-30,12:19:00,2024-07-29,3.4,3.4,3.4,3.4,0,0,1
MIDCPNIFTY29JUL2411800PE.NFO,2024-05-30,12:20:00,2024-07-29,3.4,3.4,3.4,3.4,0,0,1
MIDCPNIFTY29JUL2411800PE.NFO,2024-05-30,12:21:00,2024-07-29,3.4,3.4,3.4,3.4,0,0,1
MIDCPNIFTY29JUL2411800PE.NFO,2024-05-30,12:22:00,2024-07-29,3.4,3.4,3.4,3.4,0,0,1
MIDCPNIFTY29JUL2411800PE.NFO,2024-05-30,12:23:00,2024-07-29,3.4,3.4,3.4,3.4,0,0,1
MIDCPNIFTY29JUL2411800PE.NFO,2024-05-30,12:24:00,2024-07-29,3.4,3.4,3.4,3.4,0,0,1
MIDCPNIFTY29JUL2411800PE.NFO,2024-05-30,12:25:00,2024-07-29,3.4,3.4,3.4,3.4,0,0,1
MIDCPNIFTY29JUL2411800PE.NFO,2024-05-30,12:26:00,2024-07-29,3.4,3.4,3.4,3.4,0,0,1
MIDCPNIFTY29JUL2411800PE.NFO,2024-05-30,12:27:00,2024-07-29,3.4,3.4,3.4,3.4,0,0,1
MIDCPNIFTY29JUL2411800PE.NFO,2024-05-30,12:28:00,2024-07-29,3.4,3.4,3.4,3.4,0,0,1
MIDCPNIFTY29JUL2411800PE.NFO,2024-05-30,12:29:00,2024-07-29,3.4,3.4,3.4,3.4,0,0,1
MIDCPNIFTY29JUL2411800PE.NFO,2024-05-30,12:30:00,2024-07-29,3.4,3.4,3.4,3.4,0,0,1
MIDCPNIFTY29JUL2411800PE.NFO,2024-05-30,12:31:00,2024-07-29,3.4,3.4,3.4,3.4,0,0,1
MIDCPNIFTY29JUL2411800PE.NFO,2024-05-30,12:32:00,2024-07-29,3.4,3.4,3.4,3.4,0,0,1
MIDCPNIFTY29JUL2411800PE.NFO,2024-05-30,12:33:00,2024-07-29,3.4,3.4,3.4,3.4,0,0,1
MIDCPNIFTY29JUL2411800PE.NFO,2024-05-30,12:34:00,2024-07-29,3.4,3.4,3.4,3.4,0,0,1
MIDCPNIFTY29JUL2411800PE.NFO,2024-05-30,12:35:00,2024-07-29,3.4,3.4,3.4,3.4,0,0,1
MIDCPNIFTY29JUL2411800PE.NFO,2024-05-30,12:36:00,2024-07-29,3.4,3.4,3.4,3.4,0,0,1
MIDCPNIFTY29JUL2411800PE.NFO,2024-05-30,12:37:00,2024-07-29,3.4,3.4,3.4,3.4,0,0,1
MIDCPNIFTY29JUL2411800PE.NFO,2024-05-30,12:38:00,2024-07-29,3.4,3.4,3.4,3.4,0,0,1
MIDCPNIFTY29JUL2411800PE.NFO,2024-05-30,12:39:00,2024-07-29,3.4,3.4,3.4,3.4,0,0,1
MIDCPNIFTY29JUL2411800PE.NFO,2024-05-30,12:40:00,2024-07-29,3.4,3.4,3.4,3.4,0,0,1
MIDCPNIFTY29JUL2411800PE.NFO,2024-05-30,12:41:00,2024-07-29,3.4,3.4,3.4,3.4,0,0,1
MIDCPNIFTY29JUL2411800PE.NFO,2024-05-30,12:42:00,2024-07-29,3.4,3.4,3.4,3.4,0,0,1
MIDCPNIFTY29JUL2411800PE.NFO,2024-05-30,12:43:00,2024-07-29,3.4,3.4,3.4,3.4,0,0,1
MIDCPNIFTY29JUL2411800PE.NFO,2024-05-30,12:44:00,2024-07-29,3.4,3.4,3.4,3.4,0,0,1
MIDCPNIFTY29JUL2411800PE.NFO,2024-05-30,12:45:00,2024-07-29,3.4,3.4,3.4,3.4,0,0,1
MIDCPNIFTY29JUL2411800PE.NFO,2024-05-30,12:46:00,2024-07-29,3.4,3.4,3.4,3.4,0,0,1
MIDCPNIFTY29JUL2411800PE.NFO,2024-05-30,12:47:00,2024-07-29,3.4,3.4,3.4,3.4,0,0,1
MIDCPNIFTY29JUL2411800PE.NFO,2024-05-30,12:48:00,2024-07-29,3.4,3.4,3.4,3.4,0,0,1
MIDCPNIFTY29JUL2411800PE.NFO,2024-05-30,12:49:00,2024-07-29,3.4,3.4,3.4,3.4,0,0,1
MIDCPNIFTY29JUL2411800PE.NFO,2024-05-30,12:50:00,2024-07-29,3.4,3.4,3.4,3.4,0,0,1
MIDCPNIFTY29JUL2411800PE.NFO,2024-05-30,12:51:00,2024-07-29,3.4,3.4,3.4,3.4,0,0,1
MIDCPNIFTY29JUL2411800PE.NFO,2024-05-30,12:52:00,2024-07-29,3.4,3.4,3.4,3.4,0,0,1
MIDCPNIFTY29JUL2411800PE.NFO,2024-05-30,12:53:00,2024-07-29,3.4,3.4,3.4,3.4,0,0,1
MIDCPNIFTY29JUL2411800PE.NFO,2024-05-30,12:54:00,2024-07-29,3.4,3.4,3.4,3.4,0,0,1
MIDCPNIFTY29JUL2411800PE.NFO,2024-05-30,12:55:00,2024-07-29,3.4,3.4,3.4,3.4,0,0,1
MIDCPNIFTY29JUL2411800PE.NFO,2024-05-30,12:56:00,2024-07-29,3.4,3.4,3.4,3.4,0,0,1
MIDCPNIFTY29JUL2411800PE.NFO,2024-05-30,12:57:00,2024-07-29,3.4,3.4,3.4,3.4,0,0,1
MIDCPNIFTY29JUL2411800PE.NFO,2024-05-30,12:58:00,2024-07-29,3.4,3.4,3.4,3.4,0,0,1
MIDCPNIFTY29JUL2411800PE.NFO,2024-05-30,12:59:00,2024-07-29,3.4,3.4,3.4,3.4,0,0,1
MIDCPNIFTY29JUL2411800PE.NFO,2024-05-30,13:00:00,2024-07-29,3.4,3.4,3.4,3.4,0,0,1
MIDCPNIFTY29JUL2411800PE.NFO,2024-05-30,13:01:00,2024-07-29,3.4,3.4,3.4,3.4,0,0,1
MIDCPNIFTY29JUL2411800PE.NFO,2024-05-30,13:02:00,2024-07-29,3.4,3.4,3.4,3.4,0,0,1
MIDCPNIFTY29JUL2411800PE.NFO,2024-05-30,13:03:00,2024-07-29,3.4,3.4,3.4,3.4,0,0,1
MIDCPNIFTY29JUL2411800PE.NFO,2024-05-30,13:04:00,2024-07-29,3.4,3.4,3.4,3.4,0,0,1
MIDCPNIFTY29JUL2411800PE.NFO,2024-05-30,13:05:00,2024-07-29,3.4,3.4,3.4,3.4,0,0,1
MIDCPNIFTY29JUL2411800PE.NFO,2024-05-30,13:06:00,2024-07-29,3.4,3.4,3.4,3.4,0,0,1
MIDCPNIFTY29JUL2411800PE.NFO,2024-05-30,13:07:00,2024-07-29,3.4,3.4,3.4,3.4,0,0,1
MIDCPNIFTY29JUL2411800PE.NFO,2024-05-30,13:08:00,2024-07-29,3.4,3.4,3.4,3.4,0,0,1
MIDCPNIFTY29JUL2411800PE.NFO,2024-05-30,13:09:00,2024-07-29,3.4,3.4,3.4,3.4,0,0,1
MIDCPNIFTY29JUL2411800PE.NFO,2024-05-30,13:10:00,2024-07-29,3.4,3.4,3.4,3.4,0,0,1
MIDCPNIFTY29JUL2411800PE.NFO,2024-05-30,13:11:00,2024-07-29,3.4,3.4,3.4,3.4,0,0,1
MIDCPNIFTY29JUL2411800PE.NFO,2024-05-30,13:12:00,2024-07-29,3.4,3.4,3.4,3.4,0,0,1
MIDCPNIFTY29JUL2411800PE.NFO,2024-05-30,13:13:00,2024-07-29,3.4,3.4,3.4,3.4,0,0,1
MIDCPNIFTY29JUL2411800PE.NFO,2024-05-30,13:14:00,2024-07-29,3.4,3.4,3.4,3.4,0,0,1
MIDCPNIFTY29JUL2411800PE.NFO,2024-05-30,13:15:00,2024-07-29,3.4,3.4,3.4,3.4,0,0,1
MIDCPNIFTY29JUL2411800PE.NFO,2024-05-30,13:16:00,2024-07-29,3.4,3.4,3.4,3.4,0,0,1
MIDCPNIFTY29JUL2411800PE.NFO,2024-05-30,13:17:00,2024-07-29,3.4,3.4,3.4,3.4,0,0,1
MIDCPNIFTY29JUL2411800PE.NFO,2024-05-30,13:18:00,2024-07-29,3.4,3.4,3.4,3.4,0,0,1
MIDCPNIFTY29JUL2411800PE.NFO,2024-05-30,13:19:00,2024-07-29,3.4,3.4,3.4,3.4,0,0,1
MIDCPNIFTY29JUL2411800PE.NFO,2024-05-30,13:20:00,2024-07-29,3.4,3.4,3.4,3.4,0,0,1
MIDCPNIFTY29JUL2411800PE.NFO,2024-05-30,13:21:00,2024-07-29,3.4,3.4,3.4,3.4,0,0,1
MIDCPNIFTY29JUL2411800PE.NFO,2024-05-30,13:22:00,2024-07-29,3.4,3.4,3.4,3.4,0,0,1
MIDCPNIFTY29JUL2411800PE.NFO,2024-05-30,13:23:00,2024-07-29,3.4,3.4,3.4,3.4,0,0,1
MIDCPNIFTY29JUL2411800PE.NFO,2024-05-30,13:24:00,2024-07-29,3.4,3.4,3.4,3.4,0,0,1
MIDCPNIFTY29JUL2411800PE.NFO,2024-05-30,13:25:00,2024-07-29,3.4,3.4,3.4,3.4,0,0,1
MIDCPNIFTY29JUL2411800PE.NFO,2024-05-30,13:26:00,2024-07-29,3.4,3.4,3.4,3.4,0,0,1
MIDCPNIFTY29JUL2411800PE.NFO,2024-05-30,13:27:00,2024-07-29,3.4,3.4,3.4,3.4,0,0,1
MIDCPNIFTY29JUL2411800PE.NFO,2024-05-30,13:28:00,2024-07-29,3.4,3.4,3.4,3.4,0,0,1
MIDCPNIFTY29JUL2411800PE.NFO,2024-05-30,13:29:00,2024-07-29,3.4,3.4,3.4,3.4,0,0,1
MIDCPNIFTY29JUL2411800PE.NFO,2024-05-30,13:30:00,2024-07-29,3.4,3.4,3.4,3.4,0,0,1
MIDCPNIFTY29JUL2411800PE.NFO,2024-05-30,13:31:00,2024-07-29,3.4,3.4,3.4,3.4,0,0,1
MIDCPNIFTY29JUL2411800PE.NFO,2024-05-30,13:32:00,2024-07-29,3.4,3.4,3.4,3.4,0,0,1
MIDCPNIFTY29JUL2411800PE.NFO,2024-05-30,13:33:00,2024-07-29,3.4,3.4,3.4,3.4,0,0,1
MIDCPNIFTY29JUL2411800PE.NFO,2024-05-30,13:34:00,2024-07-29,3.4,3.4,3.4,3.4,0,0,1
MIDCPNIFTY29JUL2411800PE.NFO,2024-05-30,13:35:00,2024-07-29,3.4,3.4,3.4,3.4,0,0,1
MIDCPNIFTY29JUL2411800PE.NFO,2024-05-30,13:36:00,2024-07-29,3.4,3.4,3.4,3.4,0,0,1
MIDCPNIFTY29JUL2411800PE.NFO,2024-05-30,13:37:00,2024-07-29,3.4,3.4,3.4,3.4,0,0,1
MIDCPNIFTY29JUL2411800PE.NFO,2024-05-30,13:38:00,2024-07-29,3.4,3.4,3.4,3.4,0,0,1
MIDCPNIFTY29JUL2411800PE.NFO,2024-05-30,13:39:00,2024-07-29,3.4,3.4,3.4,3.4,0,0,1
MIDCPNIFTY29JUL2411800PE.NFO,2024-05-30,13:40:00,2024-07-29,3.4,3.4,3.4,3.4,0,0,1
MIDCPNIFTY29JUL2411800PE.NFO,2024-05-30,13:41:00,2024-07-29,3.4,3.4,3.4,3.4,0,0,1
MIDCPNIFTY29JUL2411800PE.NFO,2024-05-30,13:42:00,2024-07-29,3.4,3.4,3.4,3.4,0,0,1
MIDCPNIFTY29JUL2411800PE.NFO,2024-05-30,13:43:00,2024-07-29,3.4,3.4,3.4,3.4,0,0,1
MIDCPNIFTY29JUL2411800PE.NFO,2024-05-30,13:44:00,2024-07-29,3.4,3.4,3.4,3.4,0,0,1
MIDCPNIFTY29JUL2411800PE.NFO,2024-05-30,13:45:00,2024-07-29,3.4,3.4,3.4,3.4,0,0,1
MIDCPNIFTY29JUL2411800PE.NFO,2024-05-30,13:46:00,2024-07-29,3.4,3.4,3.4,3.4,0,0,1
MIDCPNIFTY29JUL2411800PE.NFO,2024-05-30,13:47:00,2024-07-29,3.4,3.4,3.4,3.4,0,0,1
MIDCPNIFTY29JUL2411800PE.NFO,2024-05-30,13:48:00,2024-07-29,3.4,3.4,3.4,3.4,0,0,1
MIDCPNIFTY29JUL2411800PE.NFO,2024-05-30,13:49:00,2024-07-29,3.4,3.4,3.4,3.4,0,0,1
MIDCPNIFTY29JUL2411800PE.NFO,2024-05-30,13:50:00,2024-07-29,3.4,3.4,3.4,3.4,0,0,1
MIDCPNIFTY29JUL2411800PE.NFO,2024-05-30,13:51:00,2024-07-29,3.4,3.4,3.4,3.4,0,0,1
MIDCPNIFTY29JUL2411800PE.NFO,2024-05-30,13:52:00,2024-07-29,3.4,3.4,3.4,3.4,0,0,1
MIDCPNIFTY29JUL2411800PE.NFO,2024-05-30,13:53:00,2024-07-29,3.4,3.4,3.4,3.4,0,0,1
MIDCPNIFTY29JUL2411800PE.NFO,2024-05-30,13:54:00,2024-07-29,3.4,3.4,3.4,3.4,0,0,1
MIDCPNIFTY29JUL2411800PE.NFO,2024-05-30,13:55:00,2024-07-29,3.4,3.4,3.4,3.4,0,0,1
MIDCPNIFTY29JUL2411800PE.NFO,2024-05-30,13:56:00,2024-07-29,3.4,3.4,3.4,3.4,0,0,1
MIDCPNIFTY29JUL2411800PE.NFO,2024-05-30,13:57:00,2024-07-29,3.4,3.4,3.4,3.4,0,0,1
MIDCPNIFTY29JUL2411800PE.NFO,2024-05-30,13:58:00,2024-07-29,3.4,3.4,3.4,3.4,0,0,1
MIDCPNIFTY29JUL2411800PE.NFO,2024-05-30,13:59:00,2024-07-29,3.4,3.4,3.4,3.4,0,0,1
MIDCPNIFTY29JUL2411800PE.NFO,2024-05-30,14:00:00,2024-07-29,3.4,3.4,3.4,3.4,0,0,1
MIDCPNIFTY29JUL2411800PE.NFO,2024-05-30,14:01:00,2024-07-29,3.4,3.4,3.4,3.4,0,0,1
MIDCPNIFTY29JUL2411800PE.NFO,2024-05-30,14:02:00,2024-07-29,3.4,3.4,3.4,3.4,0,0,1
MIDCPNIFTY29JUL2411800PE.NFO,2024-05-30,14:03:00,2024-07-29,3.4,3.4,3.4,3.4,0,0,1
MIDCPNIFTY29JUL2411800PE.NFO,2024-05-30,14:04:00,2024-07-29,3.4,3.4,3.4,3.4,0,0,1
MIDCPNIFTY29JUL2411800PE.NFO,2024-05-30,14:05:00,2024-07-29,3.4,3.4,3.4,3.4,0,0,1
MIDCPNIFTY29JUL2411800PE.NFO,2024-05-30,14:06:00,2024-07-29,3.4,3.4,3.4,3.4,0,0,1
MIDCPNIFTY29JUL2411800PE.NFO,2024-05-30,14:07:00,2024-07-29,3.4,3.4,3.4,3.4,0,0,1
MIDCPNIFTY29JUL2411800PE.NFO,2024-05-30,14:08:00,2024-07-29,3.4,3.4,3.4,3.4,0,0,1
MIDCPNIFTY29JUL2411800PE.NFO,2024-05-30,14:09:00,2024-07-29,3.4,3.4,3.4,3.4,0,0,1
MIDCPNIFTY29JUL2411800PE.NFO,2024-05-30,14:10:00,2024-07-29,3.4,3.4,3.4,3.4,0,0,1
MIDCPNIFTY29JUL2411800PE.NFO,2024-05-30,14:11:00,2024-07-29,3.4,3.4,3.4,3.4,0,0,1
MIDCPNIFTY29JUL2411800PE.NFO,2024-05-30,14:12:00,2024-07-29,3.4,3.4,3.4,3.4,0,0,1
MIDCPNIFTY29JUL2411800PE.NFO,2024-05-30,14:13:00,2024-07-29,3.4,3.4,3.4,3.4,0,0,1
MIDCPNIFTY29JUL2411800PE.NFO,2024-05-30,14:14:00,2024-07-29,3.4,3.4,3.4,3.4,0,0,1
MIDCPNIFTY29JUL2411800PE.NFO,2024-05-30,14:15:00,2024-07-29,3.4,3.4,3.4,3.4,0,0,1
MIDCPNIFTY29JUL2411800PE.NFO,2024-05-30,14:16:00,2024-07-29,3.4,3.4,3.4,3.4,0,0,1
MIDCPNIFTY29JUL2411800PE.NFO,2024-05-30,14:17:00,2024-07-29,3.4,3.4,3.4,3.4,0,0,1
MIDCPNIFTY29JUL2411800PE.NFO,2024-05-30,14:18:00,2024-07-29,3.4,3.4,3.4,3.4,0,0,1
MIDCPNIFTY29JUL2411800PE.NFO,2024-05-30,14:19:00,2024-07-29,3.4,3.4,3.4,3.4,0,0,1
MIDCPNIFTY29JUL2411800PE.NFO,2024-05-30,14:20:00,2024-07-29,3.4,3.4,3.4,3.4,0,0,1
MIDCPNIFTY29JUL2411800PE.NFO,2024-05-30,14:21:00,2024-07-29,3.4,3.4,3.4,3.4,0,0,1
MIDCPNIFTY29JUL2411800PE.NFO,2024-05-30,14:22:00,2024-07-29,3.4,3.4,3.4,3.4,0,0,1
MIDCPNIFTY29JUL2411800PE.NFO,2024-05-30,14:23:00,2024-07-29,3.4,3.4,3.4,3.4,0,0,1
MIDCPNIFTY29JUL2411800PE.NFO,2024-05-30,14:24:00,2024-07-29,3.4,3.4,3.4,3.4,0,0,1
MIDCPNIFTY29JUL2411800PE.NFO,2024-05-30,14:25:00,2024-07-29,3.4,3.4,3.4,3.4,0,0,1
MIDCPNIFTY29JUL2411800PE.NFO,2024-05-30,14:26:00,2024-07-29,3.4,3.4,3.4,3.4,0,0,1
MIDCPNIFTY29JUL2411800PE.NFO,2024-05-30,14:27:00,2024-07-29,3.4,3.4,3.4,3.4,0,0,1
MIDCPNIFTY29JUL2411800PE.NFO,2024-05-30,14:28:00,2024-07-29,3.4,3.4,3.4,3.4,0,0,1
MIDCPNIFTY29JUL2411800PE.NFO,2024-05-30,14:29:00,2024-07-29,3.4,3.4,3.4,3.4,0,0,1
MIDCPNIFTY29JUL2411800PE.NFO,2024-05-30,14:30:00,2024-07-29,3.4,3.4,3.4,3.4,0,0,1
MIDCPNIFTY29JUL2411800PE.NFO,2024-05-30,14:31:00,2024-07-29,3.4,3.4,3.4,3.4,0,0,1
MIDCPNIFTY29JUL2411800PE.NFO,2024-05-30,14:32:00,2024-07-29,3.4,3.4,3.4,3.4,0,0,1
MIDCPNIFTY29JUL2411800PE.NFO,2024-05-30,14:33:00,2024-07-29,3.4,3.4,3.4,3.4,0,0,1
MIDCPNIFTY29JUL2411800PE.NFO,2024-05-30,14:34:00,2024-07-29,3.4,3.4,3.4,3.4,0,0,1
MIDCPNIFTY29JUL2411800PE.NFO,2024-05-30,14:35:00,2024-07-29,3.4,3.4,3.4,3.4,0,0,1
MIDCPNIFTY29JUL2411800PE.NFO,2024-05-30,14:36:00,2024-07-29,3.4,3.4,3.4,3.4,0,0,1
MIDCPNIFTY29JUL2411800PE.NFO,2024-05-30,14:37:00,2024-07-29,3.4,3.4,3.4,3.4,0,0,1
MIDCPNIFTY29JUL2411800PE.NFO,2024-05-30,14:38:00,2024-07-29,3.4,3.4,3.4,3.4,0,0,1
MIDCPNIFTY29JUL2411800PE.NFO,2024-05-30,14:39:00,2024-07-29,3.4,3.4,3.4,3.4,0,0,1
MIDCPNIFTY29JUL2411800PE.NFO,2024-05-30,14:40:00,2024-07-29,3.4,3.4,3.4,3.4,0,0,1
MIDCPNIFTY29JUL2411800PE.NFO,2024-05-30,14:41:00,2024-07-29,3.4,3.4,3.4,3.4,0,0,1
MIDCPNIFTY29JUL2411800PE.NFO,2024-05-30,14:42:00,2024-07-29,3.4,3.4,3.4,3.4,0,0,1
MIDCPNIFTY29JUL2411800PE.NFO,2024-05-30,14:43:00,2024-07-29,3.4,3.4,3.4,3.4,0,0,1
MIDCPNIFTY29JUL2411800PE.NFO,2024-05-30,14:44:00,2024-07-29,3.4,3.4,3.4,3.4,0,0,1
MIDCPNIFTY29JUL2411800PE.NFO,2024-05-30,14:45:00,2024-07-29,3.4,3.4,3.4,3.4,0,0,1
MIDCPNIFTY29JUL2411800PE.NFO,2024-05-30,14:46:00,2024-07-29,3.4,3.4,3.4,3.4,0,0,1
MIDCPNIFTY29JUL2411800PE.NFO,2024-05-30,14:47:00,2024-07-29,3.4,3.4,3.4,3.4,0,0,1
MIDCPNIFTY29JUL2411800PE.NFO,2024-05-30,14:48:00,2024-07-29,3.4,3.4,3.4,3.4,0,0,1
MIDCPNIFTY29JUL2411800PE.NFO,2024-05-30,14:49:00,2024-07-29,3.4,3.4,3.4,3.4,0,0,1
MIDCPNIFTY29JUL2411800PE.NFO,2024-05-30,14:50:00,2024-07-29,3.4,3.4,3.4,3.4,0,0,1
MIDCPNIFTY29JUL2411800PE.NFO,2024-05-30,14:51:00,2024-07-29,3.4,3.4,3.4,3.4,0,0,1
MIDCPNIFTY29JUL2411800PE.NFO,2024-05-30,14:52:00,2024-07-29,3.4,3.4,3.4,3.4,0,0,1
MIDCPNIFTY29JUL2411800PE.NFO,2024-05-30,14:53:00,2024-07-29,3.4,3.4,3.4,3.4,0,0,1
MIDCPNIFTY29JUL2411800PE.NFO,2024-05-30,14:54:00,2024-07-29,3.4,3.4,3.4,3.4,0,0,1
MIDCPNIFTY29JUL2411800PE.NFO,2024-05-30,14:55:00,2024-07-29,3.4,3.4,3.4,3.4,0,0,1
MIDCPNIFTY29JUL2411800PE.NFO,2024-05-30,14:56:00,2024-07-29,3.4,3.4,3.4,3.4,0,0,1
MIDCPNIFTY29JUL2411800PE.NFO,2024-05-30,14:57:00,2024-07-29,3.4,3.4,3.4,3.4,0,0,1
MIDCPNIFTY29JUL2411800PE.NFO,2024-05-30,14:58:00,2024-07-29,3.4,3.4,3.4,3.4,0,0,1
MIDCPNIFTY29JUL2411800PE.NFO,2024-05-30,14:59:00,2024-07-29,3.4,3.4,3.4,3.4,0,0,1
MIDCPNIFTY29JUL2411800PE.NFO,2024-05-30,15:00:00,2024-07-29,3.4,3.4,3.4,3.4,0,0,1
MIDCPNIFTY29JUL2411800PE.NFO,2024-05-30,15:01:00,2024-07-29,3.4,3.4,3.4,3.4,0,0,1
MIDCPNIFTY29JUL2411800PE.NFO,2024-05-30,15:02:00,2024-07-29,3.4,3.4,3.4,3.4,0,0,1
MIDCPNIFTY29JUL2411800PE.NFO,2024-05-30,15:03:00,2024-07-29,3.4,3.4,3.4,3.4,0,0,1
MIDCPNIFTY29JUL2411800PE.NFO,2024-05-30,15:04:00,2024-07-29,3.4,3.4,3.4,3.4,0,0,1
MIDCPNIFTY29JUL2411800PE.NFO,2024-05-30,15:05:00,2024-07-29,3.4,3.4,3.4,3.4,0,0,1
MIDCPNIFTY29JUL2411800PE.NFO,2024-05-30,15:06:00,2024-07-29,3.4,3.4,3.4,3.4,0,0,1
MIDCPNIFTY29JUL2411800PE.NFO,2024-05-30,15:07:00,2024-07-29,3.4,3.4,3.4,3.4,0,0,1
MIDCPNIFTY29JUL2411800PE.NFO,2024-05-30,15:08:00,2024-07-29,3.4,3.4,3.4,3.4,0,0,1
MIDCPNIFTY29JUL2411800PE.NFO,2024-05-30,15:09:00,2024-07-29,3.4,3.4,3.4,3.4,0,0,1
MIDCPNIFTY29JUL2411800PE.NFO,2024-05-30,15:10:00,2024-07-29,3.4,3.4,3.4,3.4,0,0,1
MIDCPNIFTY29JUL2411800PE.NFO,2024-05-30,15:11:00,2024-07-29,3.4,3.4,3.4,3.4,0,0,1
MIDCPNIFTY29JUL2411800PE.NFO,2024-05-30,15:12:00,2024-07-29,3.4,3.4,3.4,3.4,0,0,1
MIDCPNIFTY29JUL2411800PE.NFO,2024-05-30,15:13:00,2024-07-29,3.4,3.4,3.4,3.4,0,0,1
MIDCPNIFTY29JUL2411800PE.NFO,2024-05-30,15:14:00,2024-07-29,3.4,3.4,3.4,3.4,0,0,1
MIDCPNIFTY29JUL2411800PE.NFO,2024-05-30,15:15:00,2024-07-29,3.4,3.4,3.4,3.4,0,0,1
MIDCPNIFTY29JUL2411800PE.NFO,2024-05-30,15:16:00,2024-07-29,3.4,3.4,3.4,3.4,0,0,1
MIDCPNIFTY29JUL2411800PE.NFO,2024-05-30,15:17:00,2024-07-29,3.4,3.4,3.4,3.4,0,0,1
MIDCPNIFTY29JUL2411800PE.NFO,2024-05-30,15:18:00,2024-07-29,3.4,3.4,3.4,3.4,0,0,1
MIDCPNIFTY29JUL2411800PE.NFO,2024-05-30,15:19:00,2024-07-29,3.4,3.4,3.4,3.4,0,0,1
MIDCPNIFTY29JUL2411800PE.NFO,2024-05-30,15:20:00,2024-07-29,3.4,3.4,3.4,3.4,0,0,1
MIDCPNIFTY29JUL2411800PE.NFO,2024-05-30,15:21:00,2024-07-29,3.4,3.4,3.4,3.4,0,0,1
MIDCPNIFTY29JUL2411800PE.NFO,2024-05-30,15:22:00,2024-07-29,3.4,3.4,3.4,3.4,0,0,1
MIDCPNIFTY29JUL2411800PE.NFO,2024-05-30,15:23:00,2024-07-29,3.4,3.4,3.4,3.4,0,0,1
MIDCPNIFTY29JUL2411800PE.NFO,2024-05-30,15:24:00,2024-07-29,3.4,3.4,3.4,3.4,0,0,1
MIDCPNIFTY29JUL2411800PE.NFO,2024-05-30,15:25:00,2024-07-29,3.4,3.4,3.4,3.4,0,0,1
MIDCPNIFTY29JUL2411800PE.NFO,2024-05-30,15:26:00,2024-07-29,3.4,3.4,3.4,3.4,0,0,1
MIDCPNIFTY29JUL2411800PE.NFO,2024-05-30,15:27:00,2024-07-29,3.4,3.4,3.4,3.4,0,0,1
MIDCPNIFTY29JUL2411800PE.NFO,2024-05-30,15:28:00,2024-07-29,3.4,3.4,3.4,3.4,0,0,1
MIDCPNIFTY29JUL2411800PE.NFO,2024-05-30,15:29:00,2024-07-29,3.4,3.4,3.4,3.4,0,0,1
MIDCPNIFTY29JUL2411800PE.NFO,2024-05-30,15:30:00,2024-07-29,3.4,3.4,3.4,3.4,0,0,1
MIDCPNIFTY29JUL2411800PE.NFO,2024-05-31,09:15:00,2024-07-29,3.4,3.4,3.4,3.4,0,0,0
MIDCPNIFTY29JUL2411800PE.NFO,2024-05-31,09:16:00,2024-07-29,3.4,3.4,3.4,3.4,0,0,1
MIDCPNIFTY29JUL2411800PE.NFO,2024-05-31,09:17:00,2024-07-29,3.4,3.4,3.4,3.4,0,0,1
MIDCPNIFTY29JUL2411800PE.NFO,2024-05-31,09:18:00,2024-07-29,3.4,3.4,3.4,3.4,0,0,1
MIDCPNIFTY29JUL2411800PE.NFO,2024-05-31,09:19:00,2024-07-29,3.4,3.4,3.4,3.4,0,0,1
MIDCPNIFTY29JUL2411800PE.NFO,2024-05-31,09:20:00,2024-07-29,3.4,3.4,3.4,3.4,0,0,1
MIDCPNIFTY29JUL2411800PE.NFO,2024-05-31,09:21:00,2024-07-29,3.4,3.4,3.4,3.4,0,0,1
MIDCPNIFTY29JUL2411800PE.NFO,2024-05-31,09:22:00,2024-07-29,3.4,3.4,3.4,3.4,0,0,1
MIDCPNIFTY29JUL2411800PE.NFO,2024-05-31,09:23:00,2024-07-29,3.4,3.4,3.4,3.4,0,0,1
MIDCPNIFTY29JUL2411800PE.NFO,2024-05-31,09:24:00,2024-07-29,3.4,3.4,3.4,3.4,0,0,1
MIDCPNIFTY29JUL2411800PE.NFO,2024-05-31,09:25:00,2024-07-29,3.4,3.4,3.4,3.4,0,0,1
MIDCPNIFTY29JUL2411800PE.NFO,2024-05-31,09:26:00,2024-07-29,3.4,3.4,3.4,3.4,0,0,1
MIDCPNIFTY29JUL2411800PE.NFO,2024-05-31,09:27:00,2024-07-29,3.4,3.4,3.4,3.4,0,0,1
MIDCPNIFTY29JUL2411800PE.NFO,2024-05-31,09:28:00,2024-07-29,3.4,3.4,3.4,3.4,0,0,1
MIDCPNIFTY29JUL2411800PE.NFO,2024-05-31,09:29:00,2024-07-29,3.4,3.4,3.4,3.4,0,0,1
MIDCPNIFTY29JUL2411800PE.NFO,2024-05-31,09:30:00,2024-07-29,3.4,3.4,3.4,3.4,0,0,1
MIDCPNIFTY29JUL2411800PE.NFO,2024-05-31,09:31:00,2024-07-29,3.4,3.4,3.4,3.4,0,0,1
MIDCPNIFTY29JUL2411800PE.NFO,2024-05-31,09:32:00,2024-07-29,3.4,3.4,3.4,3.4,0,0,1
MIDCPNIFTY29JUL2411800PE.NFO,2024-05-31,09:33:00,2024-07-29,3.4,3.4,3.4,3.4,0,0,1
MIDCPNIFTY29JUL2411800PE.NFO,2024-05-31,09:34:00,2024-07-29,3.4,3.4,3.4,3.4,0,0,1
MIDCPNIFTY29JUL2411800PE.NFO,2024-05-31,09:35:00,2024-07-29,3.4,3.4,3.4,3.4,0,0,1
MIDCPNIFTY29JUL2411800PE.NFO,2024-05-31,09:36:00,2024-07-29,3.4,3.4,3.4,3.4,0,0,1
MIDCPNIFTY29JUL2411800PE.NFO,2024-05-31,09:37:00,2024-07-29,3.4,3.4,3.4,3.4,0,0,1
MIDCPNIFTY29JUL2411800PE.NFO,2024-05-31,09:38:00,2024-07-29,3.4,3.4,3.4,3.4,0,0,1
MIDCPNIFTY29JUL2411800PE.NFO,2024-05-31,09:39:00,2024-07-29,3.4,3.4,3.4,3.4,0,0,1
MIDCPNIFTY29JUL2411800PE.NFO,2024-05-31,09:40:00,2024-07-29,3.4,3.4,3.4,3.4,0,0,1
MIDCPNIFTY29JUL2411800PE.NFO,2024-05-31,09:41:00,2024-07-29,3.4,3.4,3.4,3.4,0,0,1
MIDCPNIFTY29JUL2411800PE.NFO,2024-05-31,09:42:00,2024-07-29,3.4,3.4,3.4,3.4,0,0,1
MIDCPNIFTY29JUL2411800PE.NFO,2024-05-31,09:43:00,2024-07-29,3.4,3.4,3.4,3.4,0,0,1
MIDCPNIFTY29JUL2411800PE.NFO,2024-05-31,09:44:00,2024-07-29,3.4,3.4,3.4,3.4,0,0,1
MIDCPNIFTY29JUL2411800PE.NFO,2024-05-31,09:45:00,2024-07-29,3.4,3.4,3.4,3.4,0,0,1
MIDCPNIFTY29JUL2411800PE.NFO,2024-05-31,09:46:00,2024-07-29,3.4,3.4,3.4,3.4,0,0,1
MIDCPNIFTY29JUL2411800PE.NFO,2024-05-31,09:47:00,2024-07-29,3.4,3.4,3.4,3.4,0,0,1
MIDCPNIFTY29JUL2411800PE.NFO,2024-05-31,09:48:00,2024-07-29,3.4,3.4,3.4,3.4,0,0,1
MIDCPNIFTY29JUL2411800PE.NFO,2024-05-31,09:49:00,2024-07-29,3.4,3.4,3.4,3.4,0,0,1
MIDCPNIFTY29JUL2411800PE.NFO,2024-05-31,09:50:00,2024-07-29,3.4,3.4,3.4,3.4,0,0,1
MIDCPNIFTY29JUL2411800PE.NFO,2024-05-31,09:51:00,2024-07-29,3.4,3.4,3.4,3.4,0,0,1
MIDCPNIFTY29JUL2411800PE.NFO,2024-05-31,09:52:00,2024-07-29,3.4,3.4,3.4,3.4,0,0,1
MIDCPNIFTY29JUL2411800PE.NFO,2024-05-31,09:53:00,2024-07-29,3.4,3.4,3.4,3.4,0,0,1
MIDCPNIFTY29JUL2411800PE.NFO,2024-05-31,09:54:00,2024-07-29,3.4,3.4,3.4,3.4,0,0,1
MIDCPNIFTY29JUL2411800PE.NFO,2024-05-31,09:55:00,2024-07-29,3.4,3.4,3.4,3.4,0,0,1
MIDCPNIFTY29JUL2411800PE.NFO,2024-05-31,09:56:00,2024-07-29,3.4,3.4,3.4,3.4,0,0,1
MIDCPNIFTY29JUL2411800PE.NFO,2024-05-31,09:57:00,2024-07-29,3.4,3.4,3.4,3.4,0,0,1
MIDCPNIFTY29JUL2411800PE.NFO,2024-05-31,09:58:00,2024-07-29,3.4,3.4,3.4,3.4,0,0,1
MIDCPNIFTY29JUL2411800PE.NFO,2024-05-31,09:59:00,2024-07-29,3.4,3.4,3.4,3.4,0,0,1
MIDCPNIFTY29JUL2411800PE.NFO,2024-05-31,10:00:00,2024-07-29,3.4,3.4,3.4,3.4,0,0,1
MIDCPNIFTY29JUL2411800PE.NFO,2024-05-31,10:01:00,2024-07-29,3.4,3.4,3.4,3.4,0,0,1
MIDCPNIFTY29JUL2411800PE.NFO,2024-05-31,10:02:00,2024-07-29,3.4,3.4,3.4,3.4,0,0,1
MIDCPNIFTY29JUL2411800PE.NFO,2024-05-31,10:03:00,2024-07-29,3.4,3.4,3.4,3.4,0,0,1
MIDCPNIFTY29JUL2411800PE.NFO,2024-05-31,10:04:00,2024-07-29,3.4,3.4,3.4,3.4,0,0,1
MIDCPNIFTY29JUL2411800PE.NFO,2024-05-31,10:05:00,2024-07-29,3.4,3.4,3.4,3.4,0,0,1
MIDCPNIFTY29JUL2411800PE.NFO,2024-05-31,10:06:00,2024-07-29,3.4,3.4,3.4,3.4,0,0,1
MIDCPNIFTY29JUL2411800PE.NFO,2024-05-31,10:07:00,2024-07-29,3.4,3.4,3.4,3.4,0,0,1
MIDCPNIFTY29JUL2411800PE.NFO,2024-05-31,10:08:00,2024-07-29,3.4,3.4,3.4,3.4,0,0,1
MIDCPNIFTY29JUL2411800PE.NFO,2024-05-31,10:09:00,2024-07-29,3.4,3.4,3.4,3.4,0,0,1
MIDCPNIFTY29JUL2411800PE.NFO,2024-05-31,10:10:00,2024-07-29,3.4,3.4,3.4,3.4,0,0,1
MIDCPNIFTY29JUL2411800PE.NFO,2024-05-31,10:11:00,2024-07-29,3.4,3.4,3.4,3.4,0,0,1
MIDCPNIFTY29JUL2411800PE.NFO,2024-05-31,10:12:00,2024-07-29,3.4,3.4,3.4,3.4,0,0,1
MIDCPNIFTY29JUL2411800PE.NFO,2024-05-31,10:13:00,2024-07-29,3.4,3.4,3.4,3.4,0,0,1
MIDCPNIFTY29JUL2411800PE.NFO,2024-05-31,10:14:00,2024-07-29,3.4,3.4,3.4,3.4,0,0,1
MIDCPNIFTY29JUL2411800PE.NFO,2024-05-31,10:15:00,2024-07-29,3.4,3.4,3.4,3.4,0,0,1
MIDCPNIFTY29JUL2411800PE.NFO,2024-05-31,10:16:00,2024-07-29,3.4,3.4,3.4,3.4,0,0,1
MIDCPNIFTY29JUL2411800PE.NFO,2024-05-31,10:17:00,2024-07-29,3.4,3.4,3.4,3.4,0,0,1
MIDCPNIFTY29JUL2411800PE.NFO,2024-05-31,10:18:00,2024-07-29,3.4,3.4,3.4,3.4,0,0,1
MIDCPNIFTY29JUL2411800PE.NFO,2024-05-31,10:19:00,2024-07-29,3.4,3.4,3.4,3.4,0,0,1
MIDCPNIFTY29JUL2411800PE.NFO,2024-05-31,10:20:00,2024-07-29,3.4,3.4,3.4,3.4,0,0,1
MIDCPNIFTY29JUL2411800PE.NFO,2024-05-31,10:21:00,2024-07-29,3.4,3.4,3.4,3.4,0,0,1
MIDCPNIFTY29JUL2411800PE.NFO,2024-05-31,10:22:00,2024-07-29,3.4,3.4,3.4,3.4,0,0,1
MIDCPNIFTY29JUL2411800PE.NFO,2024-05-31,10:23:00,2024-07-29,3.4,3.4,3.4,3.4,0,0,1
MIDCPNIFTY29JUL2411800PE.NFO,2024-05-31,10:24:00,2024-07-29,3.4,3.4,3.4,3.4,0,0,1
MIDCPNIFTY29JUL2411800PE.NFO,2024-05-31,10:25:00,2024-07-29,3.4,3.4,3.4,3.4,0,0,1
MIDCPNIFTY29JUL2411800PE.NFO,2024-05-31,10:26:00,2024-07-29,3.4,3.4,3.4,3.4,0,0,1
MIDCPNIFTY29JUL2411800PE.NFO,2024-05-31,10:27:00,2024-07-29,3.4,3.4,3.4,3.4,0,0,1
MIDCPNIFTY29JUL2411800PE.NFO,2024-05-31,10:28:00,2024-07-29,3.4,3.4,3.4,3.4,0,0,1
MIDCPNIFTY29JUL2411800PE.NFO,2024-05-31,10:29:00,2024-07-29,3.4,3.4,3.4,3.4,0,0,1
MIDCPNIFTY29JUL2411800PE.NFO,2024-05-31,10:30:00,2024-07-29,3.4,3.4,3.4,3.4,0,0,1
MIDCPNIFTY29JUL2411800PE.NFO,2024-05-31,10:31:00,2024-07-29,3.4,3.4,3.4,3.4,0,0,1
MIDCPNIFTY29JUL2411800PE.NFO,2024-05-31,10:32:00,2024-07-29,3.4,3.4,3.4,3.4,0,0,1
MIDCPNIFTY29JUL2411800PE.NFO,2024-05-31,10:33:00,2024-07-29,3.4,3.4,3.4,3.4,0,0,1
MIDCPNIFTY29JUL2411800PE.NFO,2024-05-31,10:34:00,2024-07-29,3.4,3.4,3.4,3.4,0,0,1
MIDCPNIFTY29JUL2411800PE.NFO,2024-05-31,10:35:00,2024-07-29,3.4,3.4,3.4,3.4,0,0,1
MIDCPNIFTY29JUL2411800PE.NFO,2024-05-31,10:36:00,2024-07-29,3.4,3.4,3.4,3.4,0,0,1
MIDCPNIFTY29JUL2411800PE.NFO,2024-05-31,10:37:00,2024-07-29,3.4,3.4,3.4,3.4,0,0,1
MIDCPNIFTY29JUL2411800PE.NFO,2024-05-31,10:38:00,2024-07-29,3.4,3.4,3.4,3.4,0,0,1
MIDCPNIFTY29JUL2411800PE.NFO,2024-05-31,10:39:00,2024-07-29,3.4,3.4,3.4,3.4,0,0,1
MIDCPNIFTY29JUL2411800PE.NFO,2024-05-31,10:40:00,2024-07-29,3.4,3.4,3.4,3.4,0,0,1
MIDCPNIFTY29JUL2411800PE.NFO,2024-05-31,10:41:00,2024-07-29,3.4,3.4,3.4,3.4,0,0,1
MIDCPNIFTY29JUL2411800PE.NFO,2024-05-31,10:42:00,2024-07-29,3.4,3.4,3.4,3.4,0,0,1
MIDCPNIFTY29JUL2411800PE.NFO,2024-05-31,10:43:00,2024-07-29,3.4,3.4,3.4,3.4,0,0,1
MIDCPNIFTY29JUL2411800PE.NFO,2024-05-31,10:44:00,2024-07-29,3.4,3.4,3.4,3.4,0,0,1
MIDCPNIFTY29JUL2411800PE.NFO,2024-05-31,10:45:00,2024-07-29,3.4,3.4,3.4,3.4,0,0,1
MIDCPNIFTY29JUL2411800PE.NFO,2024-05-31,10:46:00,2024-07-29,3.4,3.4,3.4,3.4,0,0,1
MIDCPNIFTY29JUL2411800PE.NFO,2024-05-31,10:47:00,2024-07-29,3.4,3.4,3.4,3.4,0,0,1
MIDCPNIFTY29JUL2411800PE.NFO,2024-05-31,10:48:00,2024-07-29,3.4,3.4,3.4,3.4,0,0,1
MIDCPNIFTY29JUL2411800PE.NFO,2024-05-31,10:49:00,2024-07-29,3.4,3.4,3.4,3.4,0,0,1
MIDCPNIFTY29JUL2411800PE.NFO,2024-05-31,10:50:00,2024-07-29,3.4,3.4,3.4,3.4,0,0,1
MIDCPNIFTY29JUL2411800PE.NFO,2024-05-31,10:51:00,2024-07-29,3.4,3.4,3.4,3.4,0,0,1
MIDCPNIFTY29JUL2411800PE.NFO,2024-05-31,10:52:00,2024-07-29,3.4,3.4,3.4,3.4,0,0,1
MIDCPNIFTY29JUL2411800PE.NFO,2024-05-31,10:53:00,2024-07-29,3.4,3.4,3.4,3.4,0,0,1
MIDCPNIFTY29JUL2411800PE.NFO,2024-05-31,10:54:00,2024-07-29,3.4,3.4,3.4,3.4,0,0,1
MIDCPNIFTY29JUL2411800PE.NFO,2024-05-31,10:55:00,2024-07-29,3.4,3.4,3.4,3.4,0,0,1
MIDCPNIFTY29JUL2411800PE.NFO,2024-05-31,10:56:00,2024-07-29,3.4,3.4,3.4,3.4,0,0,1
MIDCPNIFTY29JUL2411800PE.NFO,2024-05-31,10:57:00,2024-07-29,3.4,3.4,3.4,3.4,0,0,1
MIDCPNIFTY29JUL2411800PE.NFO,2024-05-31,10:58:00,2024-07-29,3.4,3.4,3.4,3.4,0,0,1
MIDCPNIFTY29JUL2411800PE.NFO,2024-05-31,10:59:00,2024-07-29,3.4,3.4,3.4,3.4,0,0,1
MIDCPNIFTY29JUL2411800PE.NFO,2024-05-31,11:00:00,2024-07-29,3.4,3.4,3.4,3.4,0,0,1
MIDCPNIFTY29JUL2411800PE.NFO,2024-05-31,11:01:00,2024-07-29,3.4,3.4,3.4,3.4,0,0,1
MIDCPNIFTY29JUL2411800PE.NFO,2024-05-31,11:02:00,2024-07-29,3.4,3.4,3.4,3.4,0,0,1
MIDCPNIFTY29JUL2411800PE.NFO,2024-05-31,11:03:00,2024-07-29,3.4,3.4,3.4,3.4,0,0,1
MIDCPNIFTY29JUL2411800PE.NFO,2024-05-31,11:04:00,2024-07-29,3.4,3.4,3.4,3.4,0,0,1
MIDCPNIFTY29JUL2411800PE.NFO,2024-05-31,11:05:00,2024-07-29,3.4,3.4,3.4,3.4,0,0,1
MIDCPNIFTY29JUL2411800PE.NFO,2024-05-31,11:06:00,2024-07-29,3.4,3.4,3.4,3.4,0,0,1
MIDCPNIFTY29JUL2411800PE.NFO,2024-05-31,11:07:00,2024-07-29,3.4,3.4,3.4,3.4,0,0,1
MIDCPNIFTY29JUL2411800PE.NFO,2024-05-31,11:08:00,2024-07-29,3.4,3.4,3.4,3.4,0,0,1
MIDCPNIFTY29JUL2411800PE.NFO,2024-05-31,11:09:00,2024-07-29,3.4,3.4,3.4,3.4,0,0,1
MIDCPNIFTY29JUL2411800PE.NFO,2024-05-31,11:10:00,2024-07-29,3.4,3.4,3.4,3.4,0,0,1
MIDCPNIFTY29JUL2411800PE.NFO,2024-05-31,11:11:00,2024-07-29,3.4,3.4,3.4,3.4,0,0,1
MIDCPNIFTY29JUL2411800PE.NFO,2024-05-31,11:12:00,2024-07-29,3.4,3.4,3.4,3.4,0,0,1
MIDCPNIFTY29JUL2411800PE.NFO,2024-05-31,11:13:00,2024-07-29,3.4,3.4,3.4,3.4,0,0,1
MIDCPNIFTY29JUL2411800PE.NFO,2024-05-31,11:14:00,2024-07-29,3.4,3.4,3.4,3.4,0,0,1
MIDCPNIFTY29JUL2411800PE.NFO,2024-05-31,11:15:00,2024-07-29,3.4,3.4,3.4,3.4,0,0,1
MIDCPNIFTY29JUL2411800PE.NFO,2024-05-31,11:16:00,2024-07-29,3.4,3.4,3.4,3.4,0,0,1
MIDCPNIFTY29JUL2411800PE.NFO,2024-05-31,11:17:00,2024-07-29,3.4,3.4,3.4,3.4,0,0,1
MIDCPNIFTY29JUL2411800PE.NFO,2024-05-31,11:18:00,2024-07-29,3.4,3.4,3.4,3.4,0,0,1
MIDCPNIFTY29JUL2411800PE.NFO,2024-05-31,11:19:00,2024-07-29,3.4,3.4,3.4,3.4,0,0,1
MIDCPNIFTY29JUL2411800PE.NFO,2024-05-31,11:20:00,2024-07-29,3.4,3.4,3.4,3.4,0,0,1
MIDCPNIFTY29JUL2411800PE.NFO,2024-05-31,11:21:00,2024-07-29,3.4,3.4,3.4,3.4,0,0,1
MIDCPNIFTY29JUL2411800PE.NFO,2024-05-31,11:22:00,2024-07-29,3.4,3.4,3.4,3.4,0,0,1
MIDCPNIFTY29JUL2411800PE.NFO,2024-05-31,11:23:00,2024-07-29,3.4,3.4,3.4,3.4,0,0,1
MIDCPNIFTY29JUL2411800PE.NFO,2024-05-31,11:24:00,2024-07-29,3.4,3.4,3.4,3.4,0,0,1
MIDCPNIFTY29JUL2411800PE.NFO,2024-05-31,11:25:00,2024-07-29,3.4,3.4,3.4,3.4,0,0,1
MIDCPNIFTY29JUL2411800PE.NFO,2024-05-31,11:26:00,2024-07-29,3.4,3.4,3.4,3.4,0,0,1
MIDCPNIFTY29JUL2411800PE.NFO,2024-05-31,11:27:00,2024-07-29,3.4,3.4,3.4,3.4,0,0,1
MIDCPNIFTY29JUL2411800PE.NFO,2024-05-31,11:28:00,2024-07-29,3.4,3.4,3.4,3.4,0,0,1
MIDCPNIFTY29JUL2411800PE.NFO,2024-05-31,11:29:00,2024-07-29,3.4,3.4,3.4,3.4,0,0,1
MIDCPNIFTY29JUL2411800PE.NFO,2024-05-31,11:30:00,2024-07-29,3.4,3.4,3.4,3.4,0,0,1
MIDCPNIFTY29JUL2411800PE.NFO,2024-05-31,11:31:00,2024-07-29,3.4,3.4,3.4,3.4,0,0,1
MIDCPNIFTY29JUL2411800PE.NFO,2024-05-31,11:32:00,2024-07-29,3.4,3.4,3.4,3.4,0,0,1
MIDCPNIFTY29JUL2411800PE.NFO,2024-05-31,11:33:00,2024-07-29,3.4,3.4,3.4,3.4,0,0,1
MIDCPNIFTY29JUL2411800PE.NFO,2024-05-31,11:34:00,2024-07-29,3.4,3.4,3.4,3.4,0,0,1
MIDCPNIFTY29JUL2411800PE.NFO,2024-05-31,11:35:00,2024-07-29,3.4,3.4,3.4,3.4,0,0,1
MIDCPNIFTY29JUL2411800PE.NFO,2024-05-31,11:36:00,2024-07-29,3.4,3.4,3.4,3.4,0,0,1
MIDCPNIFTY29JUL2411800PE.NFO,2024-05-31,11:37:00,2024-07-29,3.4,3.4,3.4,3.4,0,0,1
MIDCPNIFTY29JUL2411800PE.NFO,2024-05-31,11:38:00,2024-07-29,3.4,3.4,3.4,3.4,0,0,1
MIDCPNIFTY29JUL2411800PE.NFO,2024-05-31,11:39:00,2024-07-29,3.4,3.4,3.4,3.4,0,0,1
MIDCPNIFTY29JUL2411800PE.NFO,2024-05-31,11:40:00,2024-07-29,3.4,3.4,3.4,3.4,0,0,1
MIDCPNIFTY29JUL2411800PE.NFO,2024-05-31,11:41:00,2024-07-29,3.4,3.4,3.4,3.4,0,0,1
MIDCPNIFTY29JUL2411800PE.NFO,2024-05-31,11:42:00,2024-07-29,3.4,3.4,3.4,3.4,0,0,1
MIDCPNIFTY29JUL2411800PE.NFO,2024-05-31,11:43:00,2024-07-29,3.4,3.4,3.4,3.4,0,0,1
MIDCPNIFTY29JUL2411800PE.NFO,2024-05-31,11:44:00,2024-07-29,3.4,3.4,3.4,3.4,0,0,1
MIDCPNIFTY29JUL2411800PE.NFO,2024-05-31,11:45:00,2024-07-29,3.4,3.4,3.4,3.4,0,0,1
MIDCPNIFTY29JUL2411800PE.NFO,2024-05-31,11:46:00,2024-07-29,3.4,3.4,3.4,3.4,0,0,1
MIDCPNIFTY29JUL2411800PE.NFO,2024-05-31,11:47:00,2024-07-29,3.4,3.4,3.4,3.4,0,0,1
MIDCPNIFTY29JUL2411800PE.NFO,2024-05-31,11:48:00,2024-07-29,3.4,3.4,3.4,3.4,0,0,1
MIDCPNIFTY29JUL2411800PE.NFO,2024-05-31,11:49:00,2024-07-29,3.4,3.4,3.4,3.4,0,0,1
MIDCPNIFTY29JUL2411800PE.NFO,2024-05-31,11:50:00,2024-07-29,3.4,3.4,3.4,3.4,0,0,1
MIDCPNIFTY29JUL2411800PE.NFO,2024-05-31,11:51:00,2024-07-29,3.4,3.4,3.4,3.4,0,0,1
MIDCPNIFTY29JUL2411800PE.NFO,2024-05-31,11:52:00,2024-07-29,3.4,3.4,3.4,3.4,0,0,1
MIDCPNIFTY29JUL2411800PE.NFO,2024-05-31,11:53:00,2024-07-29,3.4,3.4,3.4,3.4,0,0,1
MIDCPNIFTY29JUL2411800PE.NFO,2024-05-31,11:54:00,2024-07-29,3.4,3.4,3.4,3.4,0,0,1
MIDCPNIFTY29JUL2411800PE.NFO,2024-05-31,11:55:00,2024-07-29,3.4,3.4,3.4,3.4,0,0,1
MIDCPNIFTY29JUL2411800PE.NFO,2024-05-31,11:56:00,2024-07-29,3.4,3.4,3.4,3.4,0,0,1
MIDCPNIFTY29JUL2411800PE.NFO,2024-05-31,11:57:00,2024-07-29,3.4,3.4,3.4,3.4,0,0,1
MIDCPNIFTY29JUL2411800PE.NFO,2024-05-31,11:58:00,2024-07-29,3.4,3.4,3.4,3.4,0,0,1
MIDCPNIFTY29JUL2411800PE.NFO,2024-05-31,11:59:00,2024-07-29,3.4,3.4,3.4,3.4,0,0,1
MIDCPNIFTY29JUL2411800PE.NFO,2024-05-31,12:00:00,2024-07-29,3.4,3.4,3.4,3.4,0,0,1
MIDCPNIFTY29JUL2411800PE.NFO,2024-05-31,12:01:00,2024-07-29,3.4,3.4,3.4,3.4,0,0,1
MIDCPNIFTY29JUL2411800PE.NFO,2024-05-31,12:02:00,2024-07-29,3.4,3.4,3.4,3.4,0,0,1
MIDCPNIFTY29JUL2411800PE.NFO,2024-05-31,12:03:00,2024-07-29,3.4,3.4,3.4,3.4,0,0,1
MIDCPNIFTY29JUL2411800PE.NFO,2024-05-31,12:04:00,2024-07-29,3.4,3.4,3.4,3.4,0,0,1
MIDCPNIFTY29JUL2411800PE.NFO,2024-05-31,12:05:00,2024-07-29,3.4,3.4,3.4,3.4,0,0,1
MIDCPNIFTY29JUL2411800PE.NFO,2024-05-31,12:06:00,2024-07-29,3.4,3.4,3.4,3.4,0,0,1
MIDCPNIFTY29JUL2411800PE.NFO,2024-05-31,12:07:00,2024-07-29,3.4,3.4,3.4,3.4,0,0,1
MIDCPNIFTY29JUL2411800PE.NFO,2024-05-31,12:08:00,2024-07-29,3.4,3.4,3.4,3.4,0,0,1
MIDCPNIFTY29JUL2411800PE.NFO,2024-05-31,12:09:00,2024-07-29,3.4,3.4,3.4,3.4,0,0,1
MIDCPNIFTY29JUL2411800PE.NFO,2024-05-31,12:10:00,2024-07-29,3.4,3.4,3.4,3.4,0,0,1
MIDCPNIFTY29JUL2411800PE.NFO,2024-05-31,12:11:00,2024-07-29,3.4,3.4,3.4,3.4,0,0,1
MIDCPNIFTY29JUL2411800PE.NFO,2024-05-31,12:12:00,2024-07-29,3.4,3.4,3.4,3.4,0,0,1
MIDCPNIFTY29JUL2411800PE.NFO,2024-05-31,12:13:00,2024-07-29,3.4,3.4,3.4,3.4,0,0,1
MIDCPNIFTY29JUL2411800PE.NFO,2024-05-31,12:14:00,2024-07-29,3.4,3.4,3.4,3.4,0,0,1
MIDCPNIFTY29JUL2411800PE.NFO,2024-05-31,12:15:00,2024-07-29,3.4,3.4,3.4,3.4,0,0,1
MIDCPNIFTY29JUL2411800PE.NFO,2024-05-31,12:16:00,2024-07-29,3.4,3.4,3.4,3.4,0,0,1
MIDCPNIFTY29JUL2411800PE.NFO,2024-05-31,12:17:00,2024-07-29,3.4,3.4,3.4,3.4,0,0,1
MIDCPNIFTY29JUL2411800PE.NFO,2024-05-31,12:18:00,2024-07-29,3.4,3.4,3.4,3.4,0,0,1
MIDCPNIFTY29JUL2411800PE.NFO,2024-05-31,12:19:00,2024-07-29,3.4,3.4,3.4,3.4,0,0,1
MIDCPNIFTY29JUL2411800PE.NFO,2024-05-31,12:20:00,2024-07-29,3.4,3.4,3.4,3.4,0,0,1
MIDCPNIFTY29JUL2411800PE.NFO,2024-05-31,12:21:00,2024-07-29,3.4,3.4,3.4,3.4,0,0,1
MIDCPNIFTY29JUL2411800PE.NFO,2024-05-31,12:22:00,2024-07-29,3.4,3.4,3.4,3.4,0,0,1
MIDCPNIFTY29JUL2411800PE.NFO,2024-05-31,12:23:00,2024-07-29,3.4,3.4,3.4,3.4,0,0,1
MIDCPNIFTY29JUL2411800PE.NFO,2024-05-31,12:24:00,2024-07-29,3.4,3.4,3.4,3.4,0,0,1
MIDCPNIFTY29JUL2411800PE.NFO,2024-05-31,12:25:00,2024-07-29,3.4,3.4,3.4,3.4,0,0,1
MIDCPNIFTY29JUL2411800PE.NFO,2024-05-31,12:26:00,2024-07-29,3.4,3.4,3.4,3.4,0,0,1
MIDCPNIFTY29JUL2411800PE.NFO,2024-05-31,12:27:00,2024-07-29,3.4,3.4,3.4,3.4,0,0,1
MIDCPNIFTY29JUL2411800PE.NFO,2024-05-31,12:28:00,2024-07-29,3.4,3.4,3.4,3.4,0,0,1
MIDCPNIFTY29JUL2411800PE.NFO,2024-05-31,12:29:00,2024-07-29,3.4,3.4,3.4,3.4,0,0,1
MIDCPNIFTY29JUL2411800PE.NFO,2024-05-31,12:30:00,2024-07-29,3.4,3.4,3.4,3.4,0,0,1
MIDCPNIFTY29JUL2411800PE.NFO,2024-05-31,12:31:00,2024-07-29,3.4,3.4,3.4,3.4,0,0,1
MIDCPNIFTY29JUL2411800PE.NFO,2024-05-31,12:32:00,2024-07-29,3.4,3.4,3.4,3.4,0,0,1
MIDCPNIFTY29JUL2411800PE.NFO,2024-05-31,12:33:00,2024-07-29,3.4,3.4,3.4,3.4,0,0,1
MIDCPNIFTY29JUL2411800PE.NFO,2024-05-31,12:34:00,2024-07-29,3.4,3.4,3.4,3.4,0,0,1
MIDCPNIFTY29JUL2411800PE.NFO,2024-05-31,12:35:00,2024-07-29,3.4,3.4,3.4,3.4,0,0,1
MIDCPNIFTY29JUL2411800PE.NFO,2024-05-31,12:36:00,2024-07-29,3.4,3.4,3.4,3.4,0,0,1
MIDCPNIFTY29JUL2411800PE.NFO,2024-05-31,12:37:00,2024-07-29,3.4,3.4,3.4,3.4,0,0,1
MIDCPNIFTY29JUL2411800PE.NFO,2024-05-31,12:38:00,2024-07-29,3.4,3.4,3.4,3.4,0,0,1
MIDCPNIFTY29JUL2411800PE.NFO,2024-05-31,12:39:00,2024-07-29,3.4,3.4,3.4,3.4,0,0,1
MIDCPNIFTY29JUL2411800PE.NFO,2024-05-31,12:40:00,2024-07-29,3.4,3.4,3.4,3.4,0,0,1
MIDCPNIFTY29JUL2411800PE.NFO,2024-05-31,12:41:00,2024-07-29,3.4,3.4,3.4,3.4,0,0,1
MIDCPNIFTY29JUL2411800PE.NFO,2024-05-31,12:42:00,2024-07-29,3.4,3.4,3.4,3.4,0,0,1
MIDCPNIFTY29JUL2411800PE.NFO,2024-05-31,12:43:00,2024-07-29,3.4,3.4,3.4,3.4,0,0,1
MIDCPNIFTY29JUL2411800PE.NFO,2024-05-31,12:44:00,2024-07-29,3.4,3.4,3.4,3.4,0,0,1
MIDCPNIFTY29JUL2411800PE.NFO,2024-05-31,12:45:00,2024-07-29,3.4,3.4,3.4,3.4,0,0,1
MIDCPNIFTY29JUL2411800PE.NFO,2024-05-31,12:46:00,2024-07-29,3.4,3.4,3.4,3.4,0,0,1
MIDCPNIFTY29JUL2411800PE.NFO,2024-05-31,12:47:00,2024-07-29,3.4,3.4,3.4,3.4,0,0,1
MIDCPNIFTY29JUL2411800PE.NFO,2024-05-31,12:48:00,2024-07-29,3.4,3.4,3.4,3.4,0,0,1
MIDCPNIFTY29JUL2411800PE.NFO,2024-05-31,12:49:00,2024-07-29,3.4,3.4,3.4,3.4,0,0,1
MIDCPNIFTY29JUL2411800PE.NFO,2024-05-31,12:50:00,2024-07-29,3.4,3.4,3.4,3.4,0,0,1
MIDCPNIFTY29JUL2411800PE.NFO,2024-05-31,12:51:00,2024-07-29,3.4,3.4,3.4,3.4,0,0,1
MIDCPNIFTY29JUL2411800PE.NFO,2024-05-31,12:52:00,2024-07-29,3.4,3.4,3.4,3.4,0,0,1
MIDCPNIFTY29JUL2411800PE.NFO,2024-05-31,12:53:00,2024-07-29,3.4,3.4,3.4,3.4,0,0,1
MIDCPNIFTY29JUL2411800PE.NFO,2024-05-31,12:54:00,2024-07-29,3.4,3.4,3.4,3.4,0,0,1
MIDCPNIFTY29JUL2411800PE.NFO,2024-05-31,12:55:00,2024-07-29,3.4,3.4,3.4,3.4,0,0,1
MIDCPNIFTY29JUL2411800PE.NFO,2024-05-31,12:56:00,2024-07-29,3.4,3.4,3.4,3.4,0,0,1
MIDCPNIFTY29JUL2411800PE.NFO,2024-05-31,12:57:00,2024-07-29,3.4,3.4,3.4,3.4,0,0,1
MIDCPNIFTY29JUL2411800PE.NFO,2024-05-31,12:58:00,2024-07-29,3.4,3.4,3.4,3.4,0,0,1
MIDCPNIFTY29JUL2411800PE.NFO,2024-05-31,12:59:00,2024-07-29,3.4,3.4,3.4,3.4,0,0,1
MIDCPNIFTY29JUL2411800PE.NFO,2024-05-31,13:00:00,2024-07-29,3.4,3.4,3.4,3.4,0,0,1
MIDCPNIFTY29JUL2411800PE.NFO,2024-05-31,13:01:00,2024-07-29,3.4,3.4,3.4,3.4,0,0,1
MIDCPNIFTY29JUL2411800PE.NFO,2024-05-31,13:02:00,2024-07-29,3.4,3.4,3.4,3.4,0,0,1
MIDCPNIFTY29JUL2411800PE.NFO,2024-05-31,13:03:00,2024-07-29,3.4,3.4,3.4,3.4,0,0,1
MIDCPNIFTY29JUL2411800PE.NFO,2024-05-31,13:04:00,2024-07-29,3.4,3.4,3.4,3.4,0,0,1
MIDCPNIFTY29JUL2411800PE.NFO,2024-05-31,13:05:00,2024-07-29,3.4,3.4,3.4,3.4,0,0,1
MIDCPNIFTY29JUL2411800PE.NFO,2024-05-31,13:06:00,2024-07-29,3.4,3.4,3.4,3.4,0,0,1
MIDCPNIFTY29JUL2411800PE.NFO,2024-05-31,13:07:00,2024-07-29,3.4,3.4,3.4,3.4,0,0,1
MIDCPNIFTY29JUL2411800PE.NFO,2024-05-31,13:08:00,2024-07-29,3.4,3.4,3.4,3.4,0,0,1
MIDCPNIFTY29JUL2411800PE.NFO,2024-05-31,13:09:00,2024-07-29,3.4,3.4,3.4,3.4,0,0,1
MIDCPNIFTY29JUL2411800PE.NFO,2024-05-31,13:10:00,2024-07-29,3.4,3.4,3.4,3.4,0,0,1
MIDCPNIFTY29JUL2411800PE.NFO,2024-05-31,13:11:00,2024-07-29,3.4,3.4,3.4,3.4,0,0,1
MIDCPNIFTY29JUL2411800PE.NFO,2024-05-31,13:12:00,2024-07-29,3.4,3.4,3.4,3.4,0,0,1
MIDCPNIFTY29JUL2411800PE.NFO,2024-05-31,13:13:00,2024-07-29,3.4,3.4,3.4,3.4,0,0,1
MIDCPNIFTY29JUL2411800PE.NFO,2024-05-31,13:14:00,2024-07-29,3.4,3.4,3.4,3.4,0,0,1
MIDCPNIFTY29JUL2411800PE.NFO,2024-05-31,13:15:00,2024-07-29,3.4,3.4,3.4,3.4,0,0,1
MIDCPNIFTY29JUL2411800PE.NFO,2024-05-31,13:16:00,2024-07-29,3.4,3.4,3.4,3.4,0,0,1
MIDCPNIFTY29JUL2411800PE.NFO,2024-05-31,13:17:00,2024-07-29,3.4,3.4,3.4,3.4,0,0,1
MIDCPNIFTY29JUL2411800PE.NFO,2024-05-31,13:18:00,2024-07-29,3.4,3.4,3.4,3.4,0,0,1
MIDCPNIFTY29JUL2411800PE.NFO,2024-05-31,13:19:00,2024-07-29,3.4,3.4,3.4,3.4,0,0,1
MIDCPNIFTY29JUL2411800PE.NFO,2024-05-31,13:20:00,2024-07-29,3.4,3.4,3.4,3.4,0,0,1
MIDCPNIFTY29JUL2411800PE.NFO,2024-05-31,13:21:00,2024-07-29,3.4,3.4,3.4,3.4,0,0,1
MIDCPNIFTY29JUL2411800PE.NFO,2024-05-31,13:22:00,2024-07-29,3.4,3.4,3.4,3.4,0,0,1
MIDCPNIFTY29JUL2411800PE.NFO,2024-05-31,13:23:00,2024-07-29,3.4,3.4,3.4,3.4,0,0,1
MIDCPNIFTY29JUL2411800PE.NFO,2024-05-31,13:24:00,2024-07-29,3.4,3.4,3.4,3.4,0,0,1
MIDCPNIFTY29JUL2411800PE.NFO,2024-05-31,13:25:00,2024-07-29,3.4,3.4,3.4,3.4,0,0,1
MIDCPNIFTY29JUL2411800PE.NFO,2024-05-31,13:26:00,2024-07-29,3.4,3.4,3.4,3.4,0,0,1
MIDCPNIFTY29JUL2411800PE.NFO,2024-05-31,13:27:00,2024-07-29,3.4,3.4,3.4,3.4,0,0,1
MIDCPNIFTY29JUL2411800PE.NFO,2024-05-31,13:28:00,2024-07-29,3.4,3.4,3.4,3.4,0,0,1
MIDCPNIFTY29JUL2411800PE.NFO,2024-05-31,13:29:00,2024-07-29,3.4,3.4,3.4,3.4,0,0,1
MIDCPNIFTY29JUL2411800PE.NFO,2024-05-31,13:30:00,2024-07-29,3.4,3.4,3.4,3.4,0,0,1
MIDCPNIFTY29JUL2411800PE.NFO,2024-05-31,13:31:00,2024-07-29,3.4,3.4,3.4,3.4,0,0,1
MIDCPNIFTY29JUL2411800PE.NFO,2024-05-31,13:32:00,2024-07-29,3.4,3.4,3.4,3.4,0,0,1
MIDCPNIFTY29JUL2411800PE.NFO,2024-05-31,13:33:00,2024-07-29,3.4,3.4,3.4,3.4,0,0,1
MIDCPNIFTY29JUL2411800PE.NFO,2024-05-31,13:34:00,2024-07-29,3.4,3.4,3.4,3.4,0,0,1
MIDCPNIFTY29JUL2411800PE.NFO,2024-05-31,13:35:00,2024-07-29,3.4,3.4,3.4,3.4,0,0,1
MIDCPNIFTY29JUL2411800PE.NFO,2024-05-31,13:36:00,2024-07-29,3.4,3.4,3.4,3.4,0,0,1
MIDCPNIFTY29JUL2411800PE.NFO,2024-05-31,13:37:00,2024-07-29,3.4,3.4,3.4,3.4,0,0,1
MIDCPNIFTY29JUL2411800PE.NFO,2024-05-31,13:38:00,2024-07-29,3.4,3.4,3.4,3.4,0,0,1
MIDCPNIFTY29JUL2411800PE.NFO,2024-05-31,13:39:00,2024-07-29,3.4,3.4,3.4,3.4,0,0,1
MIDCPNIFTY29JUL2411800PE.NFO,2024-05-31,13:40:00,2024-07-29,3.4,3.4,3.4,3.4,0,0,1
MIDCPNIFTY29JUL2411800PE.NFO,2024-05-31,13:41:00,2024-07-29,3.4,3.4,3.4,3.4,0,0,1
MIDCPNIFTY29JUL2411800PE.NFO,2024-05-31,13:42:00,2024-07-29,3.4,3.4,3.4,3.4,0,0,1
MIDCPNIFTY29JUL2411800PE.NFO,2024-05-31,13:43:00,2024-07-29,3.4,3.4,3.4,3.4,0,0,1
MIDCPNIFTY29JUL2411800PE.NFO,2024-05-31,13:44:00,2024-07-29,3.4,3.4,3.4,3.4,0,0,1
MIDCPNIFTY29JUL2411800PE.NFO,2024-05-31,13:45:00,2024-07-29,3.4,3.4,3.4,3.4,0,0,1
MIDCPNIFTY29JUL2411800PE.NFO,2024-05-31,13:46:00,2024-07-29,3.4,3.4,3.4,3.4,0,0,1
MIDCPNIFTY29JUL2411800PE.NFO,2024-05-31,13:47:00,2024-07-29,3.4,3.4,3.4,3.4,0,0,1
MIDCPNIFTY29JUL2411800PE.NFO,2024-05-31,13:48:00,2024-07-29,3.4,3.4,3.4,3.4,0,0,1
MIDCPNIFTY29JUL2411800PE.NFO,2024-05-31,13:49:00,2024-07-29,3.4,3.4,3.4,3.4,0,0,1
MIDCPNIFTY29JUL2411800PE.NFO,2024-05-31,13:50:00,2024-07-29,3.4,3.4,3.4,3.4,0,0,1
MIDCPNIFTY29JUL2411800PE.NFO,2024-05-31,13:51:00,2024-07-29,3.4,3.4,3.4,3.4,0,0,1
MIDCPNIFTY29JUL2411800PE.NFO,2024-05-31,13:52:00,2024-07-29,3.4,3.4,3.4,3.4,0,0,1
MIDCPNIFTY29JUL2411800PE.NFO,2024-05-31,13:53:00,2024-07-29,3.4,3.4,3.4,3.4,0,0,1
MIDCPNIFTY29JUL2411800PE.NFO,2024-05-31,13:54:00,2024-07-29,3.4,3.4,3.4,3.4,0,0,1
MIDCPNIFTY29JUL2411800PE.NFO,2024-05-31,13:55:00,2024-07-29,3.4,3.4,3.4,3.4,0,0,1
MIDCPNIFTY29JUL2411800PE.NFO,2024-05-31,13:56:00,2024-07-29,3.4,3.4,3.4,3.4,0,0,1
MIDCPNIFTY29JUL2411800PE.NFO,2024-05-31,13:57:00,2024-07-29,3.4,3.4,3.4,3.4,0,0,1
MIDCPNIFTY29JUL2411800PE.NFO,2024-05-31,13:58:00,2024-07-29,3.4,3.4,3.4,3.4,0,0,1
MIDCPNIFTY29JUL2411800PE.NFO,2024-05-31,13:59:00,2024-07-29,3.4,3.4,3.4,3.4,0,0,1
MIDCPNIFTY29JUL2411800PE.NFO,2024-05-31,14:00:00,2024-07-29,3.4,3.4,3.4,3.4,0,0,1
MIDCPNIFTY29JUL2411800PE.NFO,2024-05-31,14:01:00,2024-07-29,3.4,3.4,3.4,3.4,0,0,1
MIDCPNIFTY29JUL2411800PE.NFO,2024-05-31,14:02:00,2024-07-29,3.4,3.4,3.4,3.4,0,0,1
MIDCPNIFTY29JUL2411800PE.NFO,2024-05-31,14:03:00,2024-07-29,3.4,3.4,3.4,3.4,0,0,1
MIDCPNIFTY29JUL2411800PE.NFO,2024-05-31,14:04:00,2024-07-29,3.4,3.4,3.4,3.4,0,0,1
MIDCPNIFTY29JUL2411800PE.NFO,2024-05-31,14:05:00,2024-07-29,3.4,3.4,3.4,3.4,0,0,1
MIDCPNIFTY29JUL2411800PE.NFO,2024-05-31,14:06:00,2024-07-29,3.4,3.4,3.4,3.4,0,0,1
MIDCPNIFTY29JUL2411800PE.NFO,2024-05-31,14:07:00,2024-07-29,3.4,3.4,3.4,3.4,0,0,1
MIDCPNIFTY29JUL2411800PE.NFO,2024-05-31,14:08:00,2024-07-29,3.4,3.4,3.4,3.4,0,0,1
MIDCPNIFTY29JUL2411800PE.NFO,2024-05-31,14:09:00,2024-07-29,3.4,3.4,3.4,3.4,0,0,1
MIDCPNIFTY29JUL2411800PE.NFO,2024-05-31,14:10:00,2024-07-29,3.4,3.4,3.4,3.4,0,0,1
MIDCPNIFTY29JUL2411800PE.NFO,2024-05-31,14:11:00,2024-07-29,3.4,3.4,3.4,3.4,0,0,1
MIDCPNIFTY29JUL2411800PE.NFO,2024-05-31,14:12:00,2024-07-29,3.4,3.4,3.4,3.4,0,0,1
MIDCPNIFTY29JUL2411800PE.NFO,2024-05-31,14:13:00,2024-07-29,3.4,3.4,3.4,3.4,0,0,1
MIDCPNIFTY29JUL2411800PE.NFO,2024-05-31,14:14:00,2024-07-29,3.4,3.4,3.4,3.4,0,0,1
MIDCPNIFTY29JUL2411800PE.NFO,2024-05-31,14:15:00,2024-07-29,3.4,3.4,3.4,3.4,0,0,1
MIDCPNIFTY29JUL2411800PE.NFO,2024-05-31,14:16:00,2024-07-29,3.4,3.4,3.4,3.4,0,0,1
MIDCPNIFTY29JUL2411800PE.NFO,2024-05-31,14:17:00,2024-07-29,3.4,3.4,3.4,3.4,0,0,1
MIDCPNIFTY29JUL2411800PE.NFO,2024-05-31,14:18:00,2024-07-29,3.4,3.4,3.4,3.4,0,0,1
MIDCPNIFTY29JUL2411800PE.NFO,2024-05-31,14:19:00,2024-07-29,3.4,3.4,3.4,3.4,0,0,1
MIDCPNIFTY29JUL2411800PE.NFO,2024-05-31,14:20:00,2024-07-29,3.4,3.4,3.4,3.4,0,0,1
MIDCPNIFTY29JUL2411800PE.NFO,2024-05-31,14:21:00,2024-07-29,3.4,3.4,3.4,3.4,0,0,1
MIDCPNIFTY29JUL2411800PE.NFO,2024-05-31,14:22:00,2024-07-29,3.4,3.4,3.4,3.4,0,0,1
MIDCPNIFTY29JUL2411800PE.NFO,2024-05-31,14:23:00,2024-07-29,3.4,3.4,3.4,3.4,0,0,1
MIDCPNIFTY29JUL2411800PE.NFO,2024-05-31,14:24:00,2024-07-29,3.4,3.4,3.4,3.4,0,0,1
MIDCPNIFTY29JUL2411800PE.NFO,2024-05-31,14:25:00,2024-07-29,3.4,3.4,3.4,3.4,0,0,1
MIDCPNIFTY29JUL2411800PE.NFO,2024-05-31,14:26:00,2024-07-29,3.4,3.4,3.4,3.4,0,0,1
MIDCPNIFTY29JUL2411800PE.NFO,2024-05-31,14:27:00,2024-07-29,3.4,3.4,3.4,3.4,0,0,1
MIDCPNIFTY29JUL2411800PE.NFO,2024-05-31,14:28:00,2024-07-29,3.4,3.4,3.4,3.4,0,0,1
MIDCPNIFTY29JUL2411800PE.NFO,2024-05-31,14:29:00,2024-07-29,3.4,3.4,3.4,3.4,0,0,1
MIDCPNIFTY29JUL2411800PE.NFO,2024-05-31,14:30:00,2024-07-29,3.4,3.4,3.4,3.4,0,0,1
MIDCPNIFTY29JUL2411800PE.NFO,2024-05-31,14:31:00,2024-07-29,3.4,3.4,3.4,3.4,0,0,1
MIDCPNIFTY29JUL2411800PE.NFO,2024-05-31,14:32:00,2024-07-29,3.4,3.4,3.4,3.4,0,0,1
MIDCPNIFTY29JUL2411800PE.NFO,2024-05-31,14:33:00,2024-07-29,3.4,3.4,3.4,3.4,0,0,1
MIDCPNIFTY29JUL2411800PE.NFO,2024-05-31,14:34:00,2024-07-29,3.4,3.4,3.4,3.4,0,0,1
MIDCPNIFTY29JUL2411800PE.NFO,2024-05-31,14:35:00,2024-07-29,3.4,3.4,3.4,3.4,0,0,1
MIDCPNIFTY29JUL2411800PE.NFO,2024-05-31,14:36:00,2024-07-29,3.4,3.4,3.4,3.4,0,0,1
MIDCPNIFTY29JUL2411800PE.NFO,2024-05-31,14:37:00,2024-07-29,3.4,3.4,3.4,3.4,0,0,1
MIDCPNIFTY29JUL2411800PE.NFO,2024-05-31,14:38:00,2024-07-29,3.4,3.4,3.4,3.4,0,0,1
MIDCPNIFTY29JUL2411800PE.NFO,2024-05-31,14:39:00,2024-07-29,3.4,3.4,3.4,3.4,0,0,1
MIDCPNIFTY29JUL2411800PE.NFO,2024-05-31,14:40:00,2024-07-29,3.4,3.4,3.4,3.4,0,0,1
MIDCPNIFTY29JUL2411800PE.NFO,2024-05-31,14:41:00,2024-07-29,3.4,3.4,3.4,3.4,0,0,1
MIDCPNIFTY29JUL2411800PE.NFO,2024-05-31,14:42:00,2024-07-29,3.4,3.4,3.4,3.4,0,0,1
MIDCPNIFTY29JUL2411800PE.NFO,2024-05-31,14:43:00,2024-07-29,3.4,3.4,3.4,3.4,0,0,1
MIDCPNIFTY29JUL2411800PE.NFO,2024-05-31,14:44:00,2024-07-29,3.4,3.4,3.4,3.4,0,0,1
MIDCPNIFTY29JUL2411800PE.NFO,2024-05-31,14:45:00,2024-07-29,3.4,3.4,3.4,3.4,0,0,1
MIDCPNIFTY29JUL2411800PE.NFO,2024-05-31,14:46:00,2024-07-29,3.4,3.4,3.4,3.4,0,0,1
MIDCPNIFTY29JUL2411800PE.NFO,2024-05-31,14:47:00,2024-07-29,3.4,3.4,3.4,3.4,0,0,1
MIDCPNIFTY29JUL2411800PE.NFO,2024-05-31,14:48:00,2024-07-29,3.4,3.4,3.4,3.4,0,0,1
MIDCPNIFTY29JUL2411800PE.NFO,2024-05-31,14:49:00,2024-07-29,3.4,3.4,3.4,3.4,0,0,1
MIDCPNIFTY29JUL2411800PE.NFO,2024-05-31,14:50:00,2024-07-29,3.4,3.4,3.4,3.4,0,0,1
MIDCPNIFTY29JUL2411800PE.NFO,2024-05-31,14:51:00,2024-07-29,3.4,3.4,3.4,3.4,0,0,1
MIDCPNIFTY29JUL2411800PE.NFO,2024-05-31,14:52:00,2024-07-29,3.4,3.4,3.4,3.4,0,0,1
MIDCPNIFTY29JUL2411800PE.NFO,2024-05-31,14:53:00,2024-07-29,3.4,3.4,3.4,3.4,0,0,1
MIDCPNIFTY29JUL2411800PE.NFO,2024-05-31,14:54:00,2024-07-29,3.4,3.4,3.4,3.4,0,0,1
MIDCPNIFTY29JUL2411800PE.NFO,2024-05-31,14:55:00,2024-07-29,3.4,3.4,3.4,3.4,0,0,1
MIDCPNIFTY29JUL2411800PE.NFO,2024-05-31,14:56:00,2024-07-29,3.4,3.4,3.4,3.4,0,0,1
MIDCPNIFTY29JUL2411800PE.NFO,2024-05-31,14:57:00,2024-07-29,3.4,3.4,3.4,3.4,0,0,1
MIDCPNIFTY29JUL2411800PE.NFO,2024-05-31,14:58:00,2024-07-29,3.4,3.4,3.4,3.4,0,0,1
MIDCPNIFTY29JUL2411800PE.NFO,2024-05-31,14:59:00,2024-07-29,3.4,3.4,3.4,3.4,0,0,1
MIDCPNIFTY29JUL2411800PE.NFO,2024-05-31,15:00:00,2024-07-29,3.4,3.4,3.4,3.4,0,0,1
MIDCPNIFTY29JUL2411800PE.NFO,2024-05-31,15:01:00,2024-07-29,3.4,3.4,3.4,3.4,0,0,1
MIDCPNIFTY29JUL2411800PE.NFO,2024-05-31,15:02:00,2024-07-29,3.4,3.4,3.4,3.4,0,0,1
MIDCPNIFTY29JUL2411800PE.NFO,2024-05-31,15:03:00,2024-07-29,3.4,3.4,3.4,3.4,0,0,1
MIDCPNIFTY29JUL2411800PE.NFO,2024-05-31,15:04:00,2024-07-29,3.4,3.4,3.4,3.4,0,0,1
MIDCPNIFTY29JUL2411800PE.NFO,2024-05-31,15:05:00,2024-07-29,3.4,3.4,3.4,3.4,0,0,1
MIDCPNIFTY29JUL2411800PE.NFO,2024-05-31,15:06:00,2024-07-29,3.4,3.4,3.4,3.4,0,0,1
MIDCPNIFTY29JUL2411800PE.NFO,2024-05-31,15:07:00,2024-07-29,3.4,3.4,3.4,3.4,0,0,1
MIDCPNIFTY29JUL2411800PE.NFO,2024-05-31,15:08:00,2024-07-29,3.4,3.4,3.4,3.4,0,0,1
MIDCPNIFTY29JUL2411800PE.NFO,2024-05-31,15:09:00,2024-07-29,3.4,3.4,3.4,3.4,0,0,1
MIDCPNIFTY29JUL2411800PE.NFO,2024-05-31,15:10:00,2024-07-29,3.4,3.4,3.4,3.4,0,0,1
MIDCPNIFTY29JUL2411800PE.NFO,2024-05-31,15:11:00,2024-07-29,3.4,3.4,3.4,3.4,0,0,1
MIDCPNIFTY29JUL2411800PE.NFO,2024-05-31,15:12:00,2024-07-29,3.4,3.4,3.4,3.4,0,0,1
MIDCPNIFTY29JUL2411800PE.NFO,2024-05-31,15:13:00,2024-07-29,3.4,3.4,3.4,3.4,0,0,1
MIDCPNIFTY29JUL2411800PE.NFO,2024-05-31,15:14:00,2024-07-29,3.4,3.4,3.4,3.4,0,0,1
MIDCPNIFTY29JUL2411800PE.NFO,2024-05-31,15:15:00,2024-07-29,3.4,3.4,3.4,3.4,0,0,1
MIDCPNIFTY29JUL2411800PE.NFO,2024-05-31,15:16:00,2024-07-29,3.4,3.4,3.4,3.4,0,0,1
MIDCPNIFTY29JUL2411800PE.NFO,2024-05-31,15:17:00,2024-07-29,3.4,3.4,3.4,3.4,0,0,1
MIDCPNIFTY29JUL2411800PE.NFO,2024-05-31,15:18:00,2024-07-29,3.4,3.4,3.4,3.4,0,0,1
MIDCPNIFTY29JUL2411800PE.NFO,2024-05-31,15:19:00,2024-07-29,3.4,3.4,3.4,3.4,0,0,1
MIDCPNIFTY29JUL2411800PE.NFO,2024-05-31,15:20:00,2024-07-29,3.4,3.4,3.4,3.4,0,0,1
MIDCPNIFTY29JUL2411800PE.NFO,2024-05-31,15:21:00,2024-07-29,3.4,3.4,3.4,3.4,0,0,1
MIDCPNIFTY29JUL2411800PE.NFO,2024-05-31,15:22:00,2024-07-29,3.4,3.4,3.4,3.4,0,0,1
MIDCPNIFTY29JUL2411800PE.NFO,2024-05-31,15:23:00,2024-07-29,3.4,3.4,3.4,3.4,0,0,1
MIDCPNIFTY29JUL2411800PE.NFO,2024-05-31,15:24:00,2024-07-29,3.4,3.4,3.4,3.4,0,0,1
MIDCPNIFTY29JUL2411800PE.NFO,2024-05-31,15:25:00,2024-07-29,3.4,3.4,3.4,3.4,0,0,1
MIDCPNIFTY29JUL2411800PE.NFO,2024-05-31,15:26:00,2024-07-29,3.4,3.4,3.4,3.4,0,0,1
MIDCPNIFTY29JUL2411800PE.NFO,2024-05-31,15:27:00,2024-07-29,3.4,3.4,3.4,3.4,0,0,1
MIDCPNIFTY29JUL2411800PE.NFO,2024-05-31,15:28:00,2024-07-29,3.4,3.4,3.4,3.4,0,0,1
MIDCPNIFTY29JUL2411800PE.NFO,2024-05-31,15:29:00,2024-07-29,3.4,3.4,3.4,3.4,0,0,1
MIDCPNIFTY29JUL2411800PE.NFO,2024-05-31,15:30:00,2024-07-29,3.4,3.4,3.4,3.4,0,0,1
MIDCPNIFTY29JUL2411800PE.NFO,2024-06-03,09:15:00,2024-07-29,3.4,3.4,3.4,3.4,0,0,0
MIDCPNIFTY29JUL2411800PE.NFO,2024-06-03,09:16:00,2024-07-29,3.4,3.4,3.4,3.4,0,0,1
MIDCPNIFTY29JUL2411800PE.NFO,2024-06-03,09:17:00,2024-07-29,3.4,3.4,3.4,3.4,0,0,1
MIDCPNIFTY29JUL2411800PE.NFO,2024-06-03,09:18:00,2024-07-29,3.4,3.4,3.4,3.4,0,0,1
MIDCPNIFTY29JUL2411800PE.NFO,2024-06-03,09:19:00,2024-07-29,3.4,3.4,3.4,3.4,0,0,1
MIDCPNIFTY29JUL2411800PE.NFO,2024-06-03,09:20:00,2024-07-29,3.4,3.4,3.4,3.4,0,0,1
MIDCPNIFTY29JUL2411800PE.NFO,2024-06-03,09:21:00,2024-07-29,3.4,3.4,3.4,3.4,0,0,1
MIDCPNIFTY29JUL2411800PE.NFO,2024-06-03,09:22:00,2024-07-29,3.4,3.4,3.4,3.4,0,0,1
MIDCPNIFTY29JUL2411800PE.NFO,2024-06-03,09:23:00,2024-07-29,3.4,3.4,3.4,3.4,0,0,1
MIDCPNIFTY29JUL2411800PE.NFO,2024-06-03,09:24:00,2024-07-29,3.4,3.4,3.4,3.4,0,0,1
MIDCPNIFTY29JUL2411800PE.NFO,2024-06-03,09:25:00,2024-07-29,3.4,3.4,3.4,3.4,0,0,1
MIDCPNIFTY29JUL2411800PE.NFO,2024-06-03,09:26:00,2024-07-29,3.4,3.4,3.4,3.4,0,0,1
MIDCPNIFTY29JUL2411800PE.NFO,2024-06-03,09:27:00,2024-07-29,3.4,3.4,3.4,3.4,0,0,1
MIDCPNIFTY29JUL2411800PE.NFO,2024-06-03,09:28:00,2024-07-29,3.4,3.4,3.4,3.4,0,0,1
MIDCPNIFTY29JUL2411800PE.NFO,2024-06-03,09:29:00,2024-07-29,3.4,3.4,3.4,3.4,0,0,1
MIDCPNIFTY29JUL2411800PE.NFO,2024-06-03,09:30:00,2024-07-29,3.4,3.4,3.4,3.4,0,0,1
MIDCPNIFTY29JUL2411800PE.NFO,2024-06-03,09:31:00,2024-07-29,3.4,3.4,3.4,3.4,0,0,1
MIDCPNIFTY29JUL2411800PE.NFO,2024-06-03,09:32:00,2024-07-29,3.4,3.4,3.4,3.4,0,0,1
MIDCPNIFTY29JUL2411800PE.NFO,2024-06-03,09:33:00,2024-07-29,3.4,3.4,3.4,3.4,0,0,1
MIDCPNIFTY29JUL2411800PE.NFO,2024-06-03,09:34:00,2024-07-29,3.4,3.4,3.4,3.4,0,0,1
MIDCPNIFTY29JUL2411800PE.NFO,2024-06-03,09:35:00,2024-07-29,3.4,3.4,3.4,3.4,0,0,1
MIDCPNIFTY29JUL2411800PE.NFO,2024-06-03,09:36:00,2024-07-29,3.4,3.4,3.4,3.4,0,0,1
MIDCPNIFTY29JUL2411800PE.NFO,2024-06-03,09:37:00,2024-07-29,3.4,3.4,3.4,3.4,0,0,1
MIDCPNIFTY29JUL2411800PE.NFO,2024-06-03,09:38:00,2024-07-29,3.4,3.4,3.4,3.4,0,0,1
MIDCPNIFTY29JUL2411800PE.NFO,2024-06-03,09:39:00,2024-07-29,3.4,3.4,3.4,3.4,0,0,1
MIDCPNIFTY29JUL2411800PE.NFO,2024-06-03,09:40:00,2024-07-29,3.4,3.4,3.4,3.4,0,0,1
MIDCPNIFTY29JUL2411800PE.NFO,2024-06-03,09:41:00,2024-07-29,3.4,3.4,3.4,3.4,0,0,1
MIDCPNIFTY29JUL2411800PE.NFO,2024-06-03,09:42:00,2024-07-29,3.4,3.4,3.4,3.4,0,0,1
MIDCPNIFTY29JUL2411800PE.NFO,2024-06-03,09:43:00,2024-07-29,3.4,3.4,3.4,3.4,0,0,1
MIDCPNIFTY29JUL2411800PE.NFO,2024-06-03,09:44:00,2024-07-29,3.4,3.4,3.4,3.4,0,0,1
MIDCPNIFTY29JUL2411800PE.NFO,2024-06-03,09:45:00,2024-07-29,3.4,3.4,3.4,3.4,0,0,1
MIDCPNIFTY29JUL2411800PE.NFO,2024-06-03,09:46:00,2024-07-29,3.4,3.4,3.4,3.4,0,0,1
MIDCPNIFTY29JUL2411800PE.NFO,2024-06-03,09:47:00,2024-07-29,3.4,3.4,3.4,3.4,0,0,1
MIDCPNIFTY29JUL2411800PE.NFO,2024-06-03,09:48:00,2024-07-29,3.4,3.4,3.4,3.4,0,0,1
MIDCPNIFTY29JUL2411800PE.NFO,2024-06-03,09:49:00,2024-07-29,3.4,3.4,3.4,3.4,0,0,1
MIDCPNIFTY29JUL2411800PE.NFO,2024-06-03,09:50:00,2024-07-29,3.4,3.4,3.4,3.4,0,0,1
MIDCPNIFTY29JUL2411800PE.NFO,2024-06-03,09:51:00,2024-07-29,3.4,3.4,3.4,3.4,0,0,1
MIDCPNIFTY29JUL2411800PE.NFO,2024-06-03,09:52:00,2024-07-29,3.4,3.4,3.4,3.4,0,0,1
MIDCPNIFTY29JUL2411800PE.NFO,2024-06-03,09:53:00,2024-07-29,3.4,3.4,3.4,3.4,0,0,1
MIDCPNIFTY29JUL2411800PE.NFO,2024-06-03,09:54:00,2024-07-29,3.4,3.4,3.4,3.4,0,0,1
MIDCPNIFTY29JUL2411800PE.NFO,2024-06-03,09:55:00,2024-07-29,3.4,3.4,3.4,3.4,0,0,1
MIDCPNIFTY29JUL2411800PE.NFO,2024-06-03,09:56:00,2024-07-29,3.4,3.4,3.4,3.4,0,0,1
MIDCPNIFTY29JUL2411800PE.NFO,2024-06-03,09:57:00,2024-07-29,3.4,3.4,3.4,3.4,0,0,1
MIDCPNIFTY29JUL2411800PE.NFO,2024-06-03,09:58:00,2024-07-29,3.4,3.4,3.4,3.4,0,0,1
MIDCPNIFTY29JUL2411800PE.NFO,2024-06-03,09:59:00,2024-07-29,3.4,3.4,3.4,3.4,0,0,1
MIDCPNIFTY29JUL2411800PE.NFO,2024-06-03,10:00:00,2024-07-29,3.4,3.4,3.4,3.4,0,0,1
MIDCPNIFTY29JUL2411800PE.NFO,2024-06-03,10:01:00,2024-07-29,3.4,3.4,3.4,3.4,0,0,1
MIDCPNIFTY29JUL2411800PE.NFO,2024-06-03,10:02:00,2024-07-29,3.4,3.4,3.4,3.4,0,0,1
MIDCPNIFTY29JUL2411800PE.NFO,2024-06-03,10:03:00,2024-07-29,3.4,3.4,3.4,3.4,0,0,1
MIDCPNIFTY29JUL2411800PE.NFO,2024-06-03,10:04:00,2024-07-29,3.4,3.4,3.4,3.4,0,0,1
MIDCPNIFTY29JUL2411800PE.NFO,2024-06-03,10:05:00,2024-07-29,3.4,3.4,3.4,3.4,0,0,1
MIDCPNIFTY29JUL2411800PE.NFO,2024-06-03,10:06:00,2024-07-29,3.4,3.4,3.4,3.4,0,0,1
MIDCPNIFTY29JUL2411800PE.NFO,2024-06-03,10:07:00,2024-07-29,3.4,3.4,3.4,3.4,0,0,1
MIDCPNIFTY29JUL2411800PE.NFO,2024-06-03,10:08:00,2024-07-29,3.4,3.4,3.4,3.4,0,0,1
MIDCPNIFTY29JUL2411800PE.NFO,2024-06-03,10:09:00,2024-07-29,3.4,3.4,3.4,3.4,0,0,1
MIDCPNIFTY29JUL2411800PE.NFO,2024-06-03,10:10:00,2024-07-29,3.4,3.4,3.4,3.4,0,0,1
MIDCPNIFTY29JUL2411800PE.NFO,2024-06-03,10:11:00,2024-07-29,3.4,3.4,3.4,3.4,0,0,1
MIDCPNIFTY29JUL2411800PE.NFO,2024-06-03,10:12:00,2024-07-29,3.4,3.4,3.4,3.4,0,0,1
MIDCPNIFTY29JUL2411800PE.NFO,2024-06-03,10:13:00,2024-07-29,3.4,3.4,3.4,3.4,0,0,1
MIDCPNIFTY29JUL2411800PE.NFO,2024-06-03,10:14:00,2024-07-29,3.4,3.4,3.4,3.4,0,0,1
MIDCPNIFTY29JUL2411800PE.NFO,2024-06-03,10:15:00,2024-07-29,3.4,3.4,3.4,3.4,0,0,1
MIDCPNIFTY29JUL2411800PE.NFO,2024-06-03,10:16:00,2024-07-29,3.4,3.4,3.4,3.4,0,0,1
MIDCPNIFTY29JUL2411800PE.NFO,2024-06-03,10:17:00,2024-07-29,3.4,3.4,3.4,3.4,0,0,1
MIDCPNIFTY29JUL2411800PE.NFO,2024-06-03,10:18:00,2024-07-29,3.4,3.4,3.4,3.4,0,0,1
MIDCPNIFTY29JUL2411800PE.NFO,2024-06-03,10:19:00,2024-07-29,3.4,3.4,3.4,3.4,0,0,1
MIDCPNIFTY29JUL2411800PE.NFO,2024-06-03,10:20:00,2024-07-29,3.4,3.4,3.4,3.4,0,0,1
MIDCPNIFTY29JUL2411800PE.NFO,2024-06-03,10:21:00,2024-07-29,3.4,3.4,3.4,3.4,0,0,1
MIDCPNIFTY29JUL2411800PE.NFO,2024-06-03,10:22:00,2024-07-29,3.4,3.4,3.4,3.4,0,0,1
MIDCPNIFTY29JUL2411800PE.NFO,2024-06-03,10:23:00,2024-07-29,3.4,3.4,3.4,3.4,0,0,1
MIDCPNIFTY29JUL2411800PE.NFO,2024-06-03,10:24:00,2024-07-29,3.4,3.4,3.4,3.4,0,0,1
MIDCPNIFTY29JUL2411800PE.NFO,2024-06-03,10:25:00,2024-07-29,3.4,3.4,3.4,3.4,0,0,1
MIDCPNIFTY29JUL2411800PE.NFO,2024-06-03,10:26:00,2024-07-29,3.4,3.4,3.4,3.4,0,0,1
MIDCPNIFTY29JUL2411800PE.NFO,2024-06-03,10:27:00,2024-07-29,3.4,3.4,3.4,3.4,0,0,1
MIDCPNIFTY29JUL2411800PE.NFO,2024-06-03,10:28:00,2024-07-29,3.4,3.4,3.4,3.4,0,0,1
MIDCPNIFTY29JUL2411800PE.NFO,2024-06-03,10:29:00,2024-07-29,3.4,3.4,3.4,3.4,0,0,1
MIDCPNIFTY29JUL2411800PE.NFO,2024-06-03,10:30:00,2024-07-29,3.4,3.4,3.4,3.4,0,0,1
MIDCPNIFTY29JUL2411800PE.NFO,2024-06-03,10:31:00,2024-07-29,3.4,3.4,3.4,3.4,0,0,1
MIDCPNIFTY29JUL2411800PE.NFO,2024-06-03,10:32:00,2024-07-29,3.4,3.4,3.4,3.4,0,0,1
MIDCPNIFTY29JUL2411800PE.NFO,2024-06-03,10:33:00,2024-07-29,3.4,3.4,3.4,3.4,0,0,1
MIDCPNIFTY29JUL2411800PE.NFO,2024-06-03,10:34:00,2024-07-29,3.4,3.4,3.4,3.4,0,0,1
MIDCPNIFTY29JUL2411800PE.NFO,2024-06-03,10:35:00,2024-07-29,3.4,3.4,3.4,3.4,0,0,1
MIDCPNIFTY29JUL2411800PE.NFO,2024-06-03,10:36:00,2024-07-29,3.4,3.4,3.4,3.4,0,0,1
MIDCPNIFTY29JUL2411800PE.NFO,2024-06-03,10:37:00,2024-07-29,3.4,3.4,3.4,3.4,0,0,1
MIDCPNIFTY29JUL2411800PE.NFO,2024-06-03,10:38:00,2024-07-29,3.4,3.4,3.4,3.4,0,0,1
MIDCPNIFTY29JUL2411800PE.NFO,2024-06-03,10:39:00,2024-07-29,3.4,3.4,3.4,3.4,0,0,1
MIDCPNIFTY29JUL2411800PE.NFO,2024-06-03,10:40:00,2024-07-29,3.4,3.4,3.4,3.4,0,0,1
MIDCPNIFTY29JUL2411800PE.NFO,2024-06-03,10:41:00,2024-07-29,3.4,3.4,3.4,3.4,0,0,1
MIDCPNIFTY29JUL2411800PE.NFO,2024-06-03,10:42:00,2024-07-29,3.4,3.4,3.4,3.4,0,0,1
MIDCPNIFTY29JUL2411800PE.NFO,2024-06-03,10:43:00,2024-07-29,3.4,3.4,3.4,3.4,0,0,1
MIDCPNIFTY29JUL2411800PE.NFO,2024-06-03,10:44:00,2024-07-29,3.4,3.4,3.4,3.4,0,0,1
MIDCPNIFTY29JUL2411800PE.NFO,2024-06-03,10:45:00,2024-07-29,3.4,3.4,3.4,3.4,0,0,1
MIDCPNIFTY29JUL2411800PE.NFO,2024-06-03,10:46:00,2024-07-29,3.4,3.4,3.4,3.4,0,0,1
MIDCPNIFTY29JUL2411800PE.NFO,2024-06-03,10:47:00,2024-07-29,3.4,3.4,3.4,3.4,0,0,1
MIDCPNIFTY29JUL2411800PE.NFO,2024-06-03,10:48:00,2024-07-29,3.4,3.4,3.4,3.4,0,0,1
MIDCPNIFTY29JUL2411800PE.NFO,2024-06-03,10:49:00,2024-07-29,3.4,3.4,3.4,3.4,0,0,1
MIDCPNIFTY29JUL2411800PE.NFO,2024-06-03,10:50:00,2024-07-29,3.4,3.4,3.4,3.4,0,0,1
MIDCPNIFTY29JUL2411800PE.NFO,2024-06-03,10:51:00,2024-07-29,3.4,3.4,3.4,3.4,0,0,1
MIDCPNIFTY29JUL2411800PE.NFO,2024-06-03,10:52:00,2024-07-29,3.4,3.4,3.4,3.4,0,0,1
MIDCPNIFTY29JUL2411800PE.NFO,2024-06-03,10:53:00,2024-07-29,3.4,3.4,3.4,3.4,0,0,1
MIDCPNIFTY29JUL2411800PE.NFO,2024-06-03,10:54:00,2024-07-29,3.4,3.4,3.4,3.4,0,0,1
MIDCPNIFTY29JUL2411800PE.NFO,2024-06-03,10:55:00,2024-07-29,3.4,3.4,3.4,3.4,0,0,1
MIDCPNIFTY29JUL2411800PE.NFO,2024-06-03,10:56:00,2024-07-29,3.4,3.4,3.4,3.4,0,0,1
MIDCPNIFTY29JUL2411800PE.NFO,2024-06-03,10:57:00,2024-07-29,3.4,3.4,3.4,3.4,0,0,1
MIDCPNIFTY29JUL2411800PE.NFO,2024-06-03,10:58:00,2024-07-29,3.4,3.4,3.4,3.4,0,0,1
MIDCPNIFTY29JUL2411800PE.NFO,2024-06-03,10:59:00,2024-07-29,3.4,3.4,3.4,3.4,0,0,1
MIDCPNIFTY29JUL2411800PE.NFO,2024-06-03,11:00:00,2024-07-29,3.4,3.4,3.4,3.4,0,0,1
MIDCPNIFTY29JUL2411800PE.NFO,2024-06-03,11:01:00,2024-07-29,3.4,3.4,3.4,3.4,0,0,1
MIDCPNIFTY29JUL2411800PE.NFO,2024-06-03,11:02:00,2024-07-29,3.4,3.4,3.4,3.4,0,0,1
MIDCPNIFTY29JUL2411800PE.NFO,2024-06-03,11:03:00,2024-07-29,3.4,3.4,3.4,3.4,0,0,1
MIDCPNIFTY29JUL2411800PE.NFO,2024-06-03,11:04:00,2024-07-29,3.4,3.4,3.4,3.4,0,0,1
MIDCPNIFTY29JUL2411800PE.NFO,2024-06-03,11:05:00,2024-07-29,3.4,3.4,3.4,3.4,0,0,1
MIDCPNIFTY29JUL2411800PE.NFO,2024-06-03,11:06:00,2024-07-29,3.4,3.4,3.4,3.4,0,0,1
MIDCPNIFTY29JUL2411800PE.NFO,2024-06-03,11:07:00,2024-07-29,3.4,3.4,3.4,3.4,0,0,1
MIDCPNIFTY29JUL2411800PE.NFO,2024-06-03,11:08:00,2024-07-29,3.4,3.4,3.4,3.4,0,0,1
MIDCPNIFTY29JUL2411800PE.NFO,2024-06-03,11:09:00,2024-07-29,3.4,3.4,3.4,3.4,0,0,1
MIDCPNIFTY29JUL2411800PE.NFO,2024-06-03,11:10:00,2024-07-29,3.4,3.4,3.4,3.4,0,0,1
MIDCPNIFTY29JUL2411800PE.NFO,2024-06-03,11:11:00,2024-07-29,3.4,3.4,3.4,3.4,0,0,1
MIDCPNIFTY29JUL2411800PE.NFO,2024-06-03,11:12:00,2024-07-29,3.4,3.4,3.4,3.4,0,0,1
MIDCPNIFTY29JUL2411800PE.NFO,2024-06-03,11:13:00,2024-07-29,3.4,3.4,3.4,3.4,0,0,1
MIDCPNIFTY29JUL2411800PE.NFO,2024-06-03,11:14:00,2024-07-29,3.4,3.4,3.4,3.4,0,0,1
MIDCPNIFTY29JUL2411800PE.NFO,2024-06-03,11:15:00,2024-07-29,3.4,3.4,3.4,3.4,0,0,1
MIDCPNIFTY29JUL2411800PE.NFO,2024-06-03,11:16:00,2024-07-29,3.4,3.4,3.4,3.4,0,0,1
MIDCPNIFTY29JUL2411800PE.NFO,2024-06-03,11:17:00,2024-07-29,3.4,3.4,3.4,3.4,0,0,1
MIDCPNIFTY29JUL2411800PE.NFO,2024-06-03,11:18:00,2024-07-29,3.4,3.4,3.4,3.4,0,0,1
MIDCPNIFTY29JUL2411800PE.NFO,2024-06-03,11:19:00,2024-07-29,3.4,3.4,3.4,3.4,0,0,1
MIDCPNIFTY29JUL2411800PE.NFO,2024-06-03,11:20:00,2024-07-29,3.4,3.4,3.4,3.4,0,0,1
MIDCPNIFTY29JUL2411800PE.NFO,2024-06-03,11:21:00,2024-07-29,3.4,3.4,3.4,3.4,0,0,1
MIDCPNIFTY29JUL2411800PE.NFO,2024-06-03,11:22:00,2024-07-29,3.4,3.4,3.4,3.4,0,0,1
MIDCPNIFTY29JUL2411800PE.NFO,2024-06-03,11:23:00,2024-07-29,3.4,3.4,3.4,3.4,0,0,1
MIDCPNIFTY29JUL2411800PE.NFO,2024-06-03,11:24:00,2024-07-29,3.4,3.4,3.4,3.4,0,0,1
MIDCPNIFTY29JUL2411800PE.NFO,2024-06-03,11:25:00,2024-07-29,3.4,3.4,3.4,3.4,0,0,1
MIDCPNIFTY29JUL2411800PE.NFO,2024-06-03,11:26:00,2024-07-29,3.4,3.4,3.4,3.4,0,0,1
MIDCPNIFTY29JUL2411800PE.NFO,2024-06-03,11:27:00,2024-07-29,3.4,3.4,3.4,3.4,0,0,1
MIDCPNIFTY29JUL2411800PE.NFO,2024-06-03,11:28:00,2024-07-29,3.4,3.4,3.4,3.4,0,0,1
MIDCPNIFTY29JUL2411800PE.NFO,2024-06-03,11:29:00,2024-07-29,3.4,3.4,3.4,3.4,0,0,1
MIDCPNIFTY29JUL2411800PE.NFO,2024-06-03,11:30:00,2024-07-29,3.4,3.4,3.4,3.4,0,0,1
MIDCPNIFTY29JUL2411800PE.NFO,2024-06-03,11:31:00,2024-07-29,3.4,3.4,3.4,3.4,0,0,1
MIDCPNIFTY29JUL2411800PE.NFO,2024-06-03,11:32:00,2024-07-29,3.4,3.4,3.4,3.4,0,0,1
MIDCPNIFTY29JUL2411800PE.NFO,2024-06-03,11:33:00,2024-07-29,3.4,3.4,3.4,3.4,0,0,1
MIDCPNIFTY29JUL2411800PE.NFO,2024-06-03,11:34:00,2024-07-29,3.4,3.4,3.4,3.4,0,0,1
MIDCPNIFTY29JUL2411800PE.NFO,2024-06-03,11:35:00,2024-07-29,3.4,3.4,3.4,3.4,0,0,1
MIDCPNIFTY29JUL2411800PE.NFO,2024-06-03,11:36:00,2024-07-29,3.4,3.4,3.4,3.4,0,0,1
MIDCPNIFTY29JUL2411800PE.NFO,2024-06-03,11:37:00,2024-07-29,3.4,3.4,3.4,3.4,0,0,1
MIDCPNIFTY29JUL2411800PE.NFO,2024-06-03,11:38:00,2024-07-29,3.4,3.4,3.4,3.4,0,0,1
MIDCPNIFTY29JUL2411800PE.NFO,2024-06-03,11:39:00,2024-07-29,3.4,3.4,3.4,3.4,0,0,1
MIDCPNIFTY29JUL2411800PE.NFO,2024-06-03,11:40:00,2024-07-29,3.4,3.4,3.4,3.4,0,0,1
MIDCPNIFTY29JUL2411800PE.NFO,2024-06-03,11:41:00,2024-07-29,3.4,3.4,3.4,3.4,0,0,1
MIDCPNIFTY29JUL2411800PE.NFO,2024-06-03,11:42:00,2024-07-29,3.4,3.4,3.4,3.4,0,0,1
MIDCPNIFTY29JUL2411800PE.NFO,2024-06-03,11:43:00,2024-07-29,3.4,3.4,3.4,3.4,0,0,1
MIDCPNIFTY29JUL2411800PE.NFO,2024-06-03,11:44:00,2024-07-29,3.4,3.4,3.4,3.4,0,0,1
MIDCPNIFTY29JUL2411800PE.NFO,2024-06-03,11:45:00,2024-07-29,3.4,3.4,3.4,3.4,0,0,1
MIDCPNIFTY29JUL2411800PE.NFO,2024-06-03,11:46:00,2024-07-29,3.4,3.4,3.4,3.4,0,0,1
MIDCPNIFTY29JUL2411800PE.NFO,2024-06-03,11:47:00,2024-07-29,3.4,3.4,3.4,3.4,0,0,1
MIDCPNIFTY29JUL2411800PE.NFO,2024-06-03,11:48:00,2024-07-29,3.4,3.4,3.4,3.4,0,0,1
MIDCPNIFTY29JUL2411800PE.NFO,2024-06-03,11:49:00,2024-07-29,3.4,3.4,3.4,3.4,0,0,1
MIDCPNIFTY29JUL2411800PE.NFO,2024-06-03,11:50:00,2024-07-29,3.4,3.4,3.4,3.4,0,0,1
MIDCPNIFTY29JUL2411800PE.NFO,2024-06-03,11:51:00,2024-07-29,3.4,3.4,3.4,3.4,0,0,1
MIDCPNIFTY29JUL2411800PE.NFO,2024-06-03,11:52:00,2024-07-29,3.4,3.4,3.4,3.4,0,0,1
MIDCPNIFTY29JUL2411800PE.NFO,2024-06-03,11:53:00,2024-07-29,3.4,3.4,3.4,3.4,0,0,1
MIDCPNIFTY29JUL2411800PE.NFO,2024-06-03,11:54:00,2024-07-29,3.4,3.4,3.4,3.4,0,0,1
MIDCPNIFTY29JUL2411800PE.NFO,2024-06-03,11:55:00,2024-07-29,3.4,3.4,3.4,3.4,0,0,1
MIDCPNIFTY29JUL2411800PE.NFO,2024-06-03,11:56:00,2024-07-29,3.4,3.4,3.4,3.4,0,0,1
MIDCPNIFTY29JUL2411800PE.NFO,2024-06-03,11:57:00,2024-07-29,3.4,3.4,3.4,3.4,0,0,1
MIDCPNIFTY29JUL2411800PE.NFO,2024-06-03,11:58:00,2024-07-29,3.4,3.4,3.4,3.4,0,0,1
MIDCPNIFTY29JUL2411800PE.NFO,2024-06-03,11:59:00,2024-07-29,3.4,3.4,3.4,3.4,0,0,1
MIDCPNIFTY29JUL2411800PE.NFO,2024-06-03,12:00:00,2024-07-29,3.4,3.4,3.4,3.4,0,0,1
MIDCPNIFTY29JUL2411800PE.NFO,2024-06-03,12:01:00,2024-07-29,3.4,3.4,3.4,3.4,0,0,1
MIDCPNIFTY29JUL2411800PE.NFO,2024-06-03,12:02:00,2024-07-29,3.4,3.4,3.4,3.4,0,0,1
MIDCPNIFTY29JUL2411800PE.NFO,2024-06-03,12:03:00,2024-07-29,3.4,3.4,3.4,3.4,0,0,1
MIDCPNIFTY29JUL2411800PE.NFO,2024-06-03,12:04:00,2024-07-29,3.4,3.4,3.4,3.4,0,0,1
MIDCPNIFTY29JUL2411800PE.NFO,2024-06-03,12:05:00,2024-07-29,3.4,3.4,3.4,3.4,0,0,1
MIDCPNIFTY29JUL2411800PE.NFO,2024-06-03,12:06:00,2024-07-29,3.4,3.4,3.4,3.4,0,0,1
MIDCPNIFTY29JUL2411800PE.NFO,2024-06-03,12:07:00,2024-07-29,3.4,3.4,3.4,3.4,0,0,1
MIDCPNIFTY29JUL2411800PE.NFO,2024-06-03,12:08:00,2024-07-29,3.4,3.4,3.4,3.4,0,0,1
MIDCPNIFTY29JUL2411800PE.NFO,2024-06-03,12:09:00,2024-07-29,3.4,3.4,3.4,3.4,0,0,1
MIDCPNIFTY29JUL2411800PE.NFO,2024-06-03,12:10:00,2024-07-29,3.4,3.4,3.4,3.4,0,0,1
MIDCPNIFTY29JUL2411800PE.NFO,2024-06-03,12:11:00,2024-07-29,3.4,3.4,3.4,3.4,0,0,1
MIDCPNIFTY29JUL2411800PE.NFO,2024-06-03,12:12:00,2024-07-29,3.4,3.4,3.4,3.4,0,0,1
MIDCPNIFTY29JUL2411800PE.NFO,2024-06-03,12:13:00,2024-07-29,3.4,3.4,3.4,3.4,0,0,1
MIDCPNIFTY29JUL2411800PE.NFO,2024-06-03,12:14:00,2024-07-29,3.4,3.4,3.4,3.4,0,0,1
MIDCPNIFTY29JUL2411800PE.NFO,2024-06-03,12:15:00,2024-07-29,3.4,3.4,3.4,3.4,0,0,1
MIDCPNIFTY29JUL2411800PE.NFO,2024-06-03,12:16:00,2024-07-29,3.4,3.4,3.4,3.4,0,0,1
MIDCPNIFTY29JUL2411800PE.NFO,2024-06-03,12:17:00,2024-07-29,3.4,3.4,3.4,3.4,0,0,1
MIDCPNIFTY29JUL2411800PE.NFO,2024-06-03,12:18:00,2024-07-29,3.4,3.4,3.4,3.4,0,0,1
MIDCPNIFTY29JUL2411800PE.NFO,2024-06-03,12:19:00,2024-07-29,3.4,3.4,3.4,3.4,0,0,1
MIDCPNIFTY29JUL2411800PE.NFO,2024-06-03,12:20:00,2024-07-29,3.4,3.4,3.4,3.4,0,0,1
MIDCPNIFTY29JUL2411800PE.NFO,2024-06-03,12:21:00,2024-07-29,3.4,3.4,3.4,3.4,0,0,1
MIDCPNIFTY29JUL2411800PE.NFO,2024-06-03,12:22:00,2024-07-29,3.4,3.4,3.4,3.4,0,0,1
MIDCPNIFTY29JUL2411800PE.NFO,2024-06-03,12:23:00,2024-07-29,3.4,3.4,3.4,3.4,0,0,1
MIDCPNIFTY29JUL2411800PE.NFO,2024-06-03,12:24:00,2024-07-29,3.4,3.4,3.4,3.4,0,0,1
MIDCPNIFTY29JUL2411800PE.NFO,2024-06-03,12:25:00,2024-07-29,3.4,3.4,3.4,3.4,0,0,1
MIDCPNIFTY29JUL2411800PE.NFO,2024-06-03,12:26:00,2024-07-29,3.4,3.4,3.4,3.4,0,0,1
MIDCPNIFTY29JUL2411800PE.NFO,2024-06-03,12:27:00,2024-07-29,3.4,3.4,3.4,3.4,0,0,1
MIDCPNIFTY29JUL2411800PE.NFO,2024-06-03,12:28:00,2024-07-29,3.4,3.4,3.4,3.4,0,0,1
MIDCPNIFTY29JUL2411800PE.NFO,2024-06-03,12:29:00,2024-07-29,3.4,3.4,3.4,3.4,0,0,1
MIDCPNIFTY29JUL2411800PE.NFO,2024-06-03,12:30:00,2024-07-29,3.4,3.4,3.4,3.4,0,0,1
MIDCPNIFTY29JUL2411800PE.NFO,2024-06-03,12:31:00,2024-07-29,3.4,3.4,3.4,3.4,0,0,1
MIDCPNIFTY29JUL2411800PE.NFO,2024-06-03,12:32:00,2024-07-29,3.4,3.4,3.4,3.4,0,0,1
MIDCPNIFTY29JUL2411800PE.NFO,2024-06-03,12:33:00,2024-07-29,3.4,3.4,3.4,3.4,0,0,1
MIDCPNIFTY29JUL2411800PE.NFO,2024-06-03,12:34:00,2024-07-29,3.4,3.4,3.4,3.4,0,0,1
MIDCPNIFTY29JUL2411800PE.NFO,2024-06-03,12:35:00,2024-07-29,3.4,3.4,3.4,3.4,0,0,1
MIDCPNIFTY29JUL2411800PE.NFO,2024-06-03,12:36:00,2024-07-29,3.4,3.4,3.4,3.4,0,0,1
MIDCPNIFTY29JUL2411800PE.NFO,2024-06-03,12:37:00,2024-07-29,3.4,3.4,3.4,3.4,0,0,1
MIDCPNIFTY29JUL2411800PE.NFO,2024-06-03,12:38:00,2024-07-29,3.4,3.4,3.4,3.4,0,0,1
MIDCPNIFTY29JUL2411800PE.NFO,2024-06-03,12:39:00,2024-07-29,3.4,3.4,3.4,3.4,0,0,1
MIDCPNIFTY29JUL2411800PE.NFO,2024-06-03,12:40:00,2024-07-29,3.4,3.4,3.4,3.4,0,0,1
MIDCPNIFTY29JUL2411800PE.NFO,2024-06-03,12:41:00,2024-07-29,3.4,3.4,3.4,3.4,0,0,1
MIDCPNIFTY29JUL2411800PE.NFO,2024-06-03,12:42:00,2024-07-29,3.4,3.4,3.4,3.4,0,0,1
MIDCPNIFTY29JUL2411800PE.NFO,2024-06-03,12:43:00,2024-07-29,3.4,3.4,3.4,3.4,0,0,1
MIDCPNIFTY29JUL2411800PE.NFO,2024-06-03,12:44:00,2024-07-29,3.4,3.4,3.4,3.4,0,0,1
MIDCPNIFTY29JUL2411800PE.NFO,2024-06-03,12:45:00,2024-07-29,3.4,3.4,3.4,3.4,0,0,1
MIDCPNIFTY29JUL2411800PE.NFO,2024-06-03,12:46:00,2024-07-29,3.4,3.4,3.4,3.4,0,0,1
MIDCPNIFTY29JUL2411800PE.NFO,2024-06-03,12:47:00,2024-07-29,3.4,3.4,3.4,3.4,0,0,1
MIDCPNIFTY29JUL2411800PE.NFO,2024-06-03,12:48:00,2024-07-29,3.4,3.4,3.4,3.4,0,0,1
MIDCPNIFTY29JUL2411800PE.NFO,2024-06-03,12:49:00,2024-07-29,3.4,3.4,3.4,3.4,0,0,1
MIDCPNIFTY29JUL2411800PE.NFO,2024-06-03,12:50:00,2024-07-29,3.4,3.4,3.4,3.4,0,0,1
MIDCPNIFTY29JUL2411800PE.NFO,2024-06-03,12:51:00,2024-07-29,3.4,3.4,3.4,3.4,0,0,1
MIDCPNIFTY29JUL2411800PE.NFO,2024-06-03,12:52:00,2024-07-29,3.4,3.4,3.4,3.4,0,0,1
MIDCPNIFTY29JUL2411800PE.NFO,2024-06-03,12:53:00,2024-07-29,3.4,3.4,3.4,3.4,0,0,1
MIDCPNIFTY29JUL2411800PE.NFO,2024-06-03,12:54:00,2024-07-29,3.4,3.4,3.4,3.4,0,0,1
MIDCPNIFTY29JUL2411800PE.NFO,2024-06-03,12:55:00,2024-07-29,3.4,3.4,3.4,3.4,0,0,1
MIDCPNIFTY29JUL2411800PE.NFO,2024-06-03,12:56:00,2024-07-29,3.4,3.4,3.4,3.4,0,0,1
MIDCPNIFTY29JUL2411800PE.NFO,2024-06-03,12:57:00,2024-07-29,3.4,3.4,3.4,3.4,0,0,1
MIDCPNIFTY29JUL2411800PE.NFO,2024-06-03,12:58:00,2024-07-29,3.4,3.4,3.4,3.4,0,0,1
MIDCPNIFTY29JUL2411800PE.NFO,2024-06-03,12:59:00,2024-07-29,3.4,3.4,3.4,3.4,0,0,1
MIDCPNIFTY29JUL2411800PE.NFO,2024-06-03,13:00:00,2024-07-29,3.4,3.4,3.4,3.4,0,0,1
MIDCPNIFTY29JUL2411800PE.NFO,2024-06-03,13:01:00,2024-07-29,3.4,3.4,3.4,3.4,0,0,1
MIDCPNIFTY29JUL2411800PE.NFO,2024-06-03,13:02:00,2024-07-29,3.4,3.4,3.4,3.4,0,0,1
MIDCPNIFTY29JUL2411800PE.NFO,2024-06-03,13:03:00,2024-07-29,3.4,3.4,3.4,3.4,0,0,1
MIDCPNIFTY29JUL2411800PE.NFO,2024-06-03,13:04:00,2024-07-29,3.4,3.4,3.4,3.4,0,0,1
MIDCPNIFTY29JUL2411800PE.NFO,2024-06-03,13:05:00,2024-07-29,3.4,3.4,3.4,3.4,0,0,1
MIDCPNIFTY29JUL2411800PE.NFO,2024-06-03,13:06:00,2024-07-29,3.4,3.4,3.4,3.4,0,0,1
MIDCPNIFTY29JUL2411800PE.NFO,2024-06-03,13:07:00,2024-07-29,3.4,3.4,3.4,3.4,0,0,1
MIDCPNIFTY29JUL2411800PE.NFO,2024-06-03,13:08:00,2024-07-29,3.4,3.4,3.4,3.4,0,0,1
MIDCPNIFTY29JUL2411800PE.NFO,2024-06-03,13:09:00,2024-07-29,3.4,3.4,3.4,3.4,0,0,1
MIDCPNIFTY29JUL2411800PE.NFO,2024-06-03,13:10:00,2024-07-29,3.4,3.4,3.4,3.4,0,0,1
MIDCPNIFTY29JUL2411800PE.NFO,2024-06-03,13:11:00,2024-07-29,3.4,3.4,3.4,3.4,0,0,1
MIDCPNIFTY29JUL2411800PE.NFO,2024-06-03,13:12:00,2024-07-29,3.4,3.4,3.4,3.4,0,0,1
MIDCPNIFTY29JUL2411800PE.NFO,2024-06-03,13:13:00,2024-07-29,3.4,3.4,3.4,3.4,0,0,1
MIDCPNIFTY29JUL2411800PE.NFO,2024-06-03,13:14:00,2024-07-29,3.4,3.4,3.4,3.4,0,0,1
MIDCPNIFTY29JUL2411800PE.NFO,2024-06-03,13:15:00,2024-07-29,3.4,3.4,3.4,3.4,0,0,1
MIDCPNIFTY29JUL2411800PE.NFO,2024-06-03,13:16:00,2024-07-29,3.4,3.4,3.4,3.4,0,0,1
MIDCPNIFTY29JUL2411800PE.NFO,2024-06-03,13:17:00,2024-07-29,3.4,3.4,3.4,3.4,0,0,1
MIDCPNIFTY29JUL2411800PE.NFO,2024-06-03,13:18:00,2024-07-29,3.4,3.4,3.4,3.4,0,0,1
MIDCPNIFTY29JUL2411800PE.NFO,2024-06-03,13:19:00,2024-07-29,3.4,3.4,3.4,3.4,0,0,1
MIDCPNIFTY29JUL2411800PE.NFO,2024-06-03,13:20:00,2024-07-29,3.4,3.4,3.4,3.4,0,0,1
MIDCPNIFTY29JUL2411800PE.NFO,2024-06-03,13:21:00,2024-07-29,3.4,3.4,3.4,3.4,0,0,1
MIDCPNIFTY29JUL2411800PE.NFO,2024-06-03,13:22:00,2024-07-29,3.4,3.4,3.4,3.4,0,0,1
MIDCPNIFTY29JUL2411800PE.NFO,2024-06-03,13:23:00,2024-07-29,3.4,3.4,3.4,3.4,0,0,1
MIDCPNIFTY29JUL2411800PE.NFO,2024-06-03,13:24:00,2024-07-29,3.4,3.4,3.4,3.4,0,0,1
MIDCPNIFTY29JUL2411800PE.NFO,2024-06-03,13:25:00,2024-07-29,3.4,3.4,3.4,3.4,0,0,1
MIDCPNIFTY29JUL2411800PE.NFO,2024-06-03,13:26:00,2024-07-29,3.4,3.4,3.4,3.4,0,0,1
MIDCPNIFTY29JUL2411800PE.NFO,2024-06-03,13:27:00,2024-07-29,3.4,3.4,3.4,3.4,0,0,1
MIDCPNIFTY29JUL2411800PE.NFO,2024-06-03,13:28:00,2024-07-29,3.4,3.4,3.4,3.4,0,0,1
MIDCPNIFTY29JUL2411800PE.NFO,2024-06-03,13:29:00,2024-07-29,3.4,3.4,3.4,3.4,0,0,1
MIDCPNIFTY29JUL2411800PE.NFO,2024-06-03,13:30:00,2024-07-29,3.4,3.4,3.4,3.4,0,0,1
MIDCPNIFTY29JUL2411800PE.NFO,2024-06-03,13:31:00,2024-07-29,3.4,3.4,3.4,3.4,0,0,1
MIDCPNIFTY29JUL2411800PE.NFO,2024-06-03,13:32:00,2024-07-29,3.4,3.4,3.4,3.4,0,0,1
MIDCPNIFTY29JUL2411800PE.NFO,2024-06-03,13:33:00,2024-07-29,3.4,3.4,3.4,3.4,0,0,1
MIDCPNIFTY29JUL2411800PE.NFO,2024-06-03,13:34:00,2024-07-29,3.4,3.4,3.4,3.4,0,0,1
MIDCPNIFTY29JUL2411800PE.NFO,2024-06-03,13:35:00,2024-07-29,3.4,3.4,3.4,3.4,0,0,1
MIDCPNIFTY29JUL2411800PE.NFO,2024-06-03,13:36:00,2024-07-29,3.4,3.4,3.4,3.4,0,0,1
MIDCPNIFTY29JUL2411800PE.NFO,2024-06-03,13:37:00,2024-07-29,3.4,3.4,3.4,3.4,0,0,1
MIDCPNIFTY29JUL2411800PE.NFO,2024-06-03,13:38:00,2024-07-29,3.4,3.4,3.4,3.4,0,0,1
MIDCPNIFTY29JUL2411800PE.NFO,2024-06-03,13:39:00,2024-07-29,3.4,3.4,3.4,3.4,0,0,1
MIDCPNIFTY29JUL2411800PE.NFO,2024-06-03,13:40:00,2024-07-29,3.4,3.4,3.4,3.4,0,0,1
MIDCPNIFTY29JUL2411800PE.NFO,2024-06-03,13:41:00,2024-07-29,3.4,3.4,3.4,3.4,0,0,1
MIDCPNIFTY29JUL2411800PE.NFO,2024-06-03,13:42:00,2024-07-29,3.4,3.4,3.4,3.4,0,0,1
MIDCPNIFTY29JUL2411800PE.NFO,2024-06-03,13:43:00,2024-07-29,3.4,3.4,3.4,3.4,0,0,1
MIDCPNIFTY29JUL2411800PE.NFO,2024-06-03,13:44:00,2024-07-29,3.4,3.4,3.4,3.4,0,0,1
MIDCPNIFTY29JUL2411800PE.NFO,2024-06-03,13:45:00,2024-07-29,3.4,3.4,3.4,3.4,0,0,1
MIDCPNIFTY29JUL2411800PE.NFO,2024-06-03,13:46:00,2024-07-29,3.4,3.4,3.4,3.4,0,0,1
MIDCPNIFTY29JUL2411800PE.NFO,2024-06-03,13:47:00,2024-07-29,3.4,3.4,3.4,3.4,0,0,1
MIDCPNIFTY29JUL2411800PE.NFO,2024-06-03,13:48:00,2024-07-29,3.4,3.4,3.4,3.4,0,0,1
MIDCPNIFTY29JUL2411800PE.NFO,2024-06-03,13:49:00,2024-07-29,3.4,3.4,3.4,3.4,0,0,1
MIDCPNIFTY29JUL2411800PE.NFO,2024-06-03,13:50:00,2024-07-29,3.4,3.4,3.4,3.4,0,0,1
MIDCPNIFTY29JUL2411800PE.NFO,2024-06-03,13:51:00,2024-07-29,3.4,3.4,3.4,3.4,0,0,1
MIDCPNIFTY29JUL2411800PE.NFO,2024-06-03,13:52:00,2024-07-29,3.4,3.4,3.4,3.4,0,0,1
MIDCPNIFTY29JUL2411800PE.NFO,2024-06-03,13:53:00,2024-07-29,3.4,3.4,3.4,3.4,0,0,1
MIDCPNIFTY29JUL2411800PE.NFO,2024-06-03,13:54:00,2024-07-29,3.4,3.4,3.4,3.4,0,0,1
MIDCPNIFTY29JUL2411800PE.NFO,2024-06-03,13:55:00,2024-07-29,3.4,3.4,3.4,3.4,0,0,1
MIDCPNIFTY29JUL2411800PE.NFO,2024-06-03,13:56:00,2024-07-29,3.4,3.4,3.4,3.4,0,0,1
MIDCPNIFTY29JUL2411800PE.NFO,2024-06-03,13:57:00,2024-07-29,3.4,3.4,3.4,3.4,0,0,1
MIDCPNIFTY29JUL2411800PE.NFO,2024-06-03,13:58:00,2024-07-29,3.4,3.4,3.4,3.4,0,0,1
MIDCPNIFTY29JUL2411800PE.NFO,2024-06-03,13:59:00,2024-07-29,3.4,3.4,3.4,3.4,0,0,1
MIDCPNIFTY29JUL2411800PE.NFO,2024-06-03,14:00:00,2024-07-29,3.4,3.4,3.4,3.4,0,0,1
MIDCPNIFTY29JUL2411800PE.NFO,2024-06-03,14:01:00,2024-07-29,3.4,3.4,3.4,3.4,0,0,1
MIDCPNIFTY29JUL2411800PE.NFO,2024-06-03,14:02:00,2024-07-29,3.4,3.4,3.4,3.4,0,0,1
MIDCPNIFTY29JUL2411800PE.NFO,2024-06-03,14:03:00,2024-07-29,3.4,3.4,3.4,3.4,0,0,1
MIDCPNIFTY29JUL2411800PE.NFO,2024-06-03,14:04:00,2024-07-29,3.4,3.4,3.4,3.4,0,0,1
MIDCPNIFTY29JUL2411800PE.NFO,2024-06-03,14:05:00,2024-07-29,3.4,3.4,3.4,3.4,0,0,1
MIDCPNIFTY29JUL2411800PE.NFO,2024-06-03,14:06:00,2024-07-29,3.4,3.4,3.4,3.4,0,0,1
MIDCPNIFTY29JUL2411800PE.NFO,2024-06-03,14:07:00,2024-07-29,3.4,3.4,3.4,3.4,0,0,1
MIDCPNIFTY29JUL2411800PE.NFO,2024-06-03,14:08:00,2024-07-29,3.4,3.4,3.4,3.4,0,0,1
MIDCPNIFTY29JUL2411800PE.NFO,2024-06-03,14:09:00,2024-07-29,3.4,3.4,3.4,3.4,0,0,1
MIDCPNIFTY29JUL2411800PE.NFO,2024-06-03,14:10:00,2024-07-29,3.4,3.4,3.4,3.4,0,0,1
MIDCPNIFTY29JUL2411800PE.NFO,2024-06-03,14:11:00,2024-07-29,3.4,3.4,3.4,3.4,0,0,1
MIDCPNIFTY29JUL2411800PE.NFO,2024-06-03,14:12:00,2024-07-29,3.4,3.4,3.4,3.4,0,0,1
MIDCPNIFTY29JUL2411800PE.NFO,2024-06-03,14:13:00,2024-07-29,3.4,3.4,3.4,3.4,0,0,1
MIDCPNIFTY29JUL2411800PE.NFO,2024-06-03,14:14:00,2024-07-29,3.4,3.4,3.4,3.4,0,0,1
MIDCPNIFTY29JUL2411800PE.NFO,2024-06-03,14:15:00,2024-07-29,3.4,3.4,3.4,3.4,0,0,1
MIDCPNIFTY29JUL2411800PE.NFO,2024-06-03,14:16:00,2024-07-29,3.4,3.4,3.4,3.4,0,0,1
MIDCPNIFTY29JUL2411800PE.NFO,2024-06-03,14:17:00,2024-07-29,3.4,3.4,3.4,3.4,0,0,1
MIDCPNIFTY29JUL2411800PE.NFO,2024-06-03,14:18:00,2024-07-29,3.4,3.4,3.4,3.4,0,0,1
MIDCPNIFTY29JUL2411800PE.NFO,2024-06-03,14:19:00,2024-07-29,3.4,3.4,3.4,3.4,0,0,1
MIDCPNIFTY29JUL2411800PE.NFO,2024-06-03,14:20:00,2024-07-29,3.4,3.4,3.4,3.4,0,0,1
MIDCPNIFTY29JUL2411800PE.NFO,2024-06-03,14:21:00,2024-07-29,3.4,3.4,3.4,3.4,0,0,1
MIDCPNIFTY29JUL2411800PE.NFO,2024-06-03,14:22:00,2024-07-29,3.4,3.4,3.4,3.4,0,0,1
MIDCPNIFTY29JUL2411800PE.NFO,2024-06-03,14:23:00,2024-07-29,3.4,3.4,3.4,3.4,0,0,1
MIDCPNIFTY29JUL2411800PE.NFO,2024-06-03,14:24:00,2024-07-29,3.4,3.4,3.4,3.4,0,0,1
MIDCPNIFTY29JUL2411800PE.NFO,2024-06-03,14:25:00,2024-07-29,3.4,3.4,3.4,3.4,0,0,1
MIDCPNIFTY29JUL2411800PE.NFO,2024-06-03,14:26:00,2024-07-29,3.4,3.4,3.4,3.4,0,0,1
MIDCPNIFTY29JUL2411800PE.NFO,2024-06-03,14:27:00,2024-07-29,3.4,3.4,3.4,3.4,0,0,1
MIDCPNIFTY29JUL2411800PE.NFO,2024-06-03,14:28:00,2024-07-29,3.4,3.4,3.4,3.4,0,0,1
MIDCPNIFTY29JUL2411800PE.NFO,2024-06-03,14:29:00,2024-07-29,3.4,3.4,3.4,3.4,0,0,1
MIDCPNIFTY29JUL2411800PE.NFO,2024-06-03,14:30:00,2024-07-29,3.4,3.4,3.4,3.4,0,0,1
MIDCPNIFTY29JUL2411800PE.NFO,2024-06-03,14:31:00,2024-07-29,3.4,3.4,3.4,3.4,0,0,1
MIDCPNIFTY29JUL2411800PE.NFO,2024-06-03,14:32:00,2024-07-29,3.4,3.4,3.4,3.4,0,0,1
MIDCPNIFTY29JUL2411800PE.NFO,2024-06-03,14:33:00,2024-07-29,3.4,3.4,3.4,3.4,0,0,1
MIDCPNIFTY29JUL2411800PE.NFO,2024-06-03,14:34:00,2024-07-29,3.4,3.4,3.4,3.4,0,0,1
MIDCPNIFTY29JUL2411800PE.NFO,2024-06-03,14:35:00,2024-07-29,3.4,3.4,3.4,3.4,0,0,1
MIDCPNIFTY29JUL2411800PE.NFO,2024-06-03,14:36:00,2024-07-29,3.4,3.4,3.4,3.4,0,0,1
MIDCPNIFTY29JUL2411800PE.NFO,2024-06-03,14:37:00,2024-07-29,3.4,3.4,3.4,3.4,0,0,1
MIDCPNIFTY29JUL2411800PE.NFO,2024-06-03,14:38:00,2024-07-29,3.4,3.4,3.4,3.4,0,0,1
MIDCPNIFTY29JUL2411800PE.NFO,2024-06-03,14:39:00,2024-07-29,3.4,3.4,3.4,3.4,0,0,1
MIDCPNIFTY29JUL2411800PE.NFO,2024-06-03,14:40:00,2024-07-29,3.4,3.4,3.4,3.4,0,0,1
MIDCPNIFTY29JUL2411800PE.NFO,2024-06-03,14:41:00,2024-07-29,3.4,3.4,3.4,3.4,0,0,1
MIDCPNIFTY29JUL2411800PE.NFO,2024-06-03,14:42:00,2024-07-29,3.4,3.4,3.4,3.4,0,0,1
MIDCPNIFTY29JUL2411800PE.NFO,2024-06-03,14:43:00,2024-07-29,3.4,3.4,3.4,3.4,0,0,1
MIDCPNIFTY29JUL2411800PE.NFO,2024-06-03,14:44:00,2024-07-29,3.4,3.4,3.4,3.4,0,0,1
MIDCPNIFTY29JUL2411800PE.NFO,2024-06-03,14:45:00,2024-07-29,3.4,3.4,3.4,3.4,0,0,1
MIDCPNIFTY29JUL2411800PE.NFO,2024-06-03,14:46:00,2024-07-29,3.4,3.4,3.4,3.4,0,0,1
MIDCPNIFTY29JUL2411800PE.NFO,2024-06-03,14:47:00,2024-07-29,3.4,3.4,3.4,3.4,0,0,1
MIDCPNIFTY29JUL2411800PE.NFO,2024-06-03,14:48:00,2024-07-29,3.4,3.4,3.4,3.4,0,0,1
MIDCPNIFTY29JUL2411800PE.NFO,2024-06-03,14:49:00,2024-07-29,3.4,3.4,3.4,3.4,0,0,1
MIDCPNIFTY29JUL2411800PE.NFO,2024-06-03,14:50:00,2024-07-29,3.4,3.4,3.4,3.4,0,0,1
MIDCPNIFTY29JUL2411800PE.NFO,2024-06-03,14:51:00,2024-07-29,3.4,3.4,3.4,3.4,0,0,1
MIDCPNIFTY29JUL2411800PE.NFO,2024-06-03,14:52:00,2024-07-29,3.4,3.4,3.4,3.4,0,0,1
MIDCPNIFTY29JUL2411800PE.NFO,2024-06-03,14:53:00,2024-07-29,3.4,3.4,3.4,3.4,0,0,1
MIDCPNIFTY29JUL2411800PE.NFO,2024-06-03,14:54:00,2024-07-29,3.4,3.4,3.4,3.4,0,0,1
MIDCPNIFTY29JUL2411800PE.NFO,2024-06-03,14:55:00,2024-07-29,3.4,3.4,3.4,3.4,0,0,1
MIDCPNIFTY29JUL2411800PE.NFO,2024-06-03,14:56:00,2024-07-29,3.4,3.4,3.4,3.4,0,0,1
MIDCPNIFTY29JUL2411800PE.NFO,2024-06-03,14:57:00,2024-07-29,3.4,3.4,3.4,3.4,0,0,1
MIDCPNIFTY29JUL2411800PE.NFO,2024-06-03,14:58:00,2024-07-29,3.4,3.4,3.4,3.4,0,0,1
MIDCPNIFTY29JUL2411800PE.NFO,2024-06-03,14:59:00,2024-07-29,3.4,3.4,3.4,3.4,0,0,1
MIDCPNIFTY29JUL2411800PE.NFO,2024-06-03,15:00:00,2024-07-29,3.4,3.4,3.4,3.4,0,0,1
MIDCPNIFTY29JUL2411800PE.NFO,2024-06-03,15:01:00,2024-07-29,3.4,3.4,3.4,3.4,0,0,1
MIDCPNIFTY29JUL2411800PE.NFO,2024-06-03,15:02:00,2024-07-29,3.4,3.4,3.4,3.4,0,0,1
MIDCPNIFTY29JUL2411800PE.NFO,2024-06-03,15:03:00,2024-07-29,3.4,3.4,3.4,3.4,0,0,1
MIDCPNIFTY29JUL2411800PE.NFO,2024-06-03,15:04:00,2024-07-29,3.4,3.4,3.4,3.4,0,0,1
MIDCPNIFTY29JUL2411800PE.NFO,2024-06-03,15:05:00,2024-07-29,3.4,3.4,3.4,3.4,0,0,1
MIDCPNIFTY29JUL2411800PE.NFO,2024-06-03,15:06:00,2024-07-29,3.4,3.4,3.4,3.4,0,0,1
MIDCPNIFTY29JUL2411800PE.NFO,2024-06-03,15:07:00,2024-07-29,3.4,3.4,3.4,3.4,0,0,1
MIDCPNIFTY29JUL2411800PE.NFO,2024-06-03,15:08:00,2024-07-29,3.4,3.4,3.4,3.4,0,0,1
MIDCPNIFTY29JUL2411800PE.NFO,2024-06-03,15:09:00,2024-07-29,3.4,3.4,3.4,3.4,0,0,1
MIDCPNIFTY29JUL2411800PE.NFO,2024-06-03,15:10:00,2024-07-29,3.4,3.4,3.4,3.4,0,0,1
MIDCPNIFTY29JUL2411800PE.NFO,2024-06-03,15:11:00,2024-07-29,3.4,3.4,3.4,3.4,0,0,1
MIDCPNIFTY29JUL2411800PE.NFO,2024-06-03,15:12:00,2024-07-29,3.4,3.4,3.4,3.4,0,0,1
MIDCPNIFTY29JUL2411800PE.NFO,2024-06-03,15:13:00,2024-07-29,3.4,3.4,3.4,3.4,0,0,1
MIDCPNIFTY29JUL2411800PE.NFO,2024-06-03,15:14:00,2024-07-29,3.4,3.4,3.4,3.4,0,0,1
MIDCPNIFTY29JUL2411800PE.NFO,2024-06-03,15:15:00,2024-07-29,3.4,3.4,3.4,3.4,0,0,1
MIDCPNIFTY29JUL2411800PE.NFO,2024-06-03,15:16:00,2024-07-29,3.4,3.4,3.4,3.4,0,0,1
MIDCPNIFTY29JUL2411800PE.NFO,2024-06-03,15:17:00,2024-07-29,3.4,3.4,3.4,3.4,0,0,1
MIDCPNIFTY29JUL2411800PE.NFO,2024-06-03,15:18:00,2024-07-29,3.4,3.4,3.4,3.4,0,0,1
MIDCPNIFTY29JUL2411800PE.NFO,2024-06-03,15:19:00,2024-07-29,3.4,3.4,3.4,3.4,0,0,1
MIDCPNIFTY29JUL2411800PE.NFO,2024-06-03,15:20:00,2024-07-29,3.4,3.4,3.4,3.4,0,0,1
MIDCPNIFTY29JUL2411800PE.NFO,2024-06-03,15:21:00,2024-07-29,3.4,3.4,3.4,3.4,0,0,1
MIDCPNIFTY29JUL2411800PE.NFO,2024-06-03,15:22:00,2024-07-29,3.4,3.4,3.4,3.4,0,0,1
MIDCPNIFTY29JUL2411800PE.NFO,2024-06-03,15:23:00,2024-07-29,3.4,3.4,3.4,3.4,0,0,1
MIDCPNIFTY29JUL2411800PE.NFO,2024-06-03,15:24:00,2024-07-29,3.4,3.4,3.4,3.4,0,0,1
MIDCPNIFTY29JUL2411800PE.NFO,2024-06-03,15:25:00,2024-07-29,3.4,3.4,3.4,3.4,0,0,1
MIDCPNIFTY29JUL2411800PE.NFO,2024-06-03,15:26:00,2024-07-29,3.4,3.4,3.4,3.4,0,0,1
MIDCPNIFTY29JUL2411800PE.NFO,2024-06-03,15:27:00,2024-07-29,3.4,3.4,3.4,3.4,0,0,1
MIDCPNIFTY29JUL2411800PE.NFO,2024-06-03,15:28:00,2024-07-29,3.4,3.4,3.4,3.4,0,0,1
MIDCPNIFTY29JUL2411800PE.NFO,2024-06-03,15:29:00,2024-07-29,3.4,3.4,3.4,3.4,0,0,1
MIDCPNIFTY29JUL2411800PE.NFO,2024-06-03,15:30:00,2024-07-29,3.4,3.4,3.4,3.4,0,0,1
MIDCPNIFTY29JUL2411800PE.NFO,2024-06-04,09:15:00,2024-07-29,3.4,3.4,3.4,3.4,0,0,0
MIDCPNIFTY29JUL2411800PE.NFO,2024-06-04,09:16:00,2024-07-29,3.4,3.4,3.4,3.4,0,0,1
MIDCPNIFTY29JUL2411800PE.NFO,2024-06-04,09:17:00,2024-07-29,3.4,3.4,3.4,3.4,0,0,1
MIDCPNIFTY29JUL2411800PE.NFO,2024-06-04,09:18:00,2024-07-29,3.4,3.4,3.4,3.4,0,0,1
MIDCPNIFTY29JUL2411800PE.NFO,2024-06-04,09:19:00,2024-07-29,3.4,3.4,3.4,3.4,0,0,1
MIDCPNIFTY29JUL2411800PE.NFO,2024-06-04,09:20:00,2024-07-29,3.4,3.4,3.4,3.4,0,0,1
MIDCPNIFTY29JUL2411800PE.NFO,2024-06-04,09:21:00,2024-07-29,3.4,3.4,3.4,3.4,0,0,1
MIDCPNIFTY29JUL2411800PE.NFO,2024-06-04,09:22:00,2024-07-29,3.4,3.4,3.4,3.4,0,0,1
MIDCPNIFTY29JUL2411800PE.NFO,2024-06-04,09:23:00,2024-07-29,3.4,3.4,3.4,3.4,0,0,1
MIDCPNIFTY29JUL2411800PE.NFO,2024-06-04,09:24:00,2024-07-29,3.4,3.4,3.4,3.4,0,0,1
MIDCPNIFTY29JUL2411800PE.NFO,2024-06-04,09:25:00,2024-07-29,3.4,3.4,3.4,3.4,0,0,1
MIDCPNIFTY29JUL2411800PE.NFO,2024-06-04,09:26:00,2024-07-29,3.4,3.4,3.4,3.4,0,0,1
MIDCPNIFTY29JUL2411800PE.NFO,2024-06-04,09:27:00,2024-07-29,3.4,3.4,3.4,3.4,0,0,1
MIDCPNIFTY29JUL2411800PE.NFO,2024-06-04,09:28:00,2024-07-29,3.4,3.4,3.4,3.4,0,0,1
MIDCPNIFTY29JUL2411800PE.NFO,2024-06-04,09:29:00,2024-07-29,3.4,3.4,3.4,3.4,0,0,1
MIDCPNIFTY29JUL2411800PE.NFO,2024-06-04,09:30:00,2024-07-29,3.4,3.4,3.4,3.4,0,0,1
MIDCPNIFTY29JUL2411800PE.NFO,2024-06-04,09:31:00,2024-07-29,3.4,3.4,3.4,3.4,0,0,1
MIDCPNIFTY29JUL2411800PE.NFO,2024-06-04,09:32:00,2024-07-29,3.4,3.4,3.4,3.4,0,0,1
MIDCPNIFTY29JUL2411800PE.NFO,2024-06-04,09:33:00,2024-07-29,3.4,3.4,3.4,3.4,0,0,1
MIDCPNIFTY29JUL2411800PE.NFO,2024-06-04,09:34:00,2024-07-29,3.4,3.4,3.4,3.4,0,0,1
MIDCPNIFTY29JUL2411800PE.NFO,2024-06-04,09:35:00,2024-07-29,3.4,3.4,3.4,3.4,0,0,1
MIDCPNIFTY29JUL2411800PE.NFO,2024-06-04,09:36:00,2024-07-29,3.4,3.4,3.4,3.4,0,0,1
MIDCPNIFTY29JUL2411800PE.NFO,2024-06-04,09:37:00,2024-07-29,3.4,3.4,3.4,3.4,0,0,1
MIDCPNIFTY29JUL2411800PE.NFO,2024-06-04,09:38:00,2024-07-29,3.4,3.4,3.4,3.4,0,0,1
MIDCPNIFTY29JUL2411800PE.NFO,2024-06-04,09:39:00,2024-07-29,3.4,3.4,3.4,3.4,0,0,1
MIDCPNIFTY29JUL2411800PE.NFO,2024-06-04,09:40:00,2024-07-29,3.4,3.4,3.4,3.4,0,0,1
MIDCPNIFTY29JUL2411800PE.NFO,2024-06-04,09:41:00,2024-07-29,3.4,3.4,3.4,3.4,0,0,1
MIDCPNIFTY29JUL2411800PE.NFO,2024-06-04,09:42:00,2024-07-29,3.4,3.4,3.4,3.4,0,0,1
MIDCPNIFTY29JUL2411800PE.NFO,2024-06-04,09:43:00,2024-07-29,3.4,3.4,3.4,3.4,0,0,1
MIDCPNIFTY29JUL2411800PE.NFO,2024-06-04,09:44:00,2024-07-29,3.4,3.4,3.4,3.4,0,0,1
MIDCPNIFTY29JUL2411800PE.NFO,2024-06-04,09:45:00,2024-07-29,3.4,3.4,3.4,3.4,0,0,1
MIDCPNIFTY29JUL2411800PE.NFO,2024-06-04,09:46:00,2024-07-29,3.4,3.4,3.4,3.4,0,0,1
MIDCPNIFTY29JUL2411800PE.NFO,2024-06-04,09:47:00,2024-07-29,3.4,3.4,3.4,3.4,0,0,1
MIDCPNIFTY29JUL2411800PE.NFO,2024-06-04,09:48:00,2024-07-29,3.4,3.4,3.4,3.4,0,0,1
MIDCPNIFTY29JUL2411800PE.NFO,2024-06-04,09:49:00,2024-07-29,3.4,3.4,3.4,3.4,0,0,1
MIDCPNIFTY29JUL2411800PE.NFO,2024-06-04,09:50:00,2024-07-29,3.4,3.4,3.4,3.4,0,0,1
MIDCPNIFTY29JUL2411800PE.NFO,2024-06-04,09:51:00,2024-07-29,3.4,3.4,3.4,3.4,0,0,1
MIDCPNIFTY29JUL2411800PE.NFO,2024-06-04,09:52:00,2024-07-29,3.4,3.4,3.4,3.4,0,0,1
MIDCPNIFTY29JUL2411800PE.NFO,2024-06-04,09:53:00,2024-07-29,3.4,3.4,3.4,3.4,0,0,1
MIDCPNIFTY29JUL2411800PE.NFO,2024-06-04,09:54:00,2024-07-29,3.4,3.4,3.4,3.4,0,0,1
MIDCPNIFTY29JUL2411800PE.NFO,2024-06-04,09:55:00,2024-07-29,3.4,3.4,3.4,3.4,0,0,1
MIDCPNIFTY29JUL2411800PE.NFO,2024-06-04,09:56:00,2024-07-29,3.4,3.4,3.4,3.4,0,0,1
MIDCPNIFTY29JUL2411800PE.NFO,2024-06-04,09:57:00,2024-07-29,3.4,3.4,3.4,3.4,0,0,1
MIDCPNIFTY29JUL2411800PE.NFO,2024-06-04,09:58:00,2024-07-29,3.4,3.4,3.4,3.4,0,0,1
MIDCPNIFTY29JUL2411800PE.NFO,2024-06-04,09:59:00,2024-07-29,3.4,3.4,3.4,3.4,0,0,1
MIDCPNIFTY29JUL2411800PE.NFO,2024-06-04,10:00:00,2024-07-29,3.4,3.4,3.4,3.4,0,0,1
MIDCPNIFTY29JUL2411800PE.NFO,2024-06-04,10:01:00,2024-07-29,3.4,3.4,3.4,3.4,0,0,1
MIDCPNIFTY29JUL2411800PE.NFO,2024-06-04,10:02:00,2024-07-29,3.4,3.4,3.4,3.4,0,0,1
MIDCPNIFTY29JUL2411800PE.NFO,2024-06-04,10:03:00,2024-07-29,3.4,3.4,3.4,3.4,0,0,1
MIDCPNIFTY29JUL2411800PE.NFO,2024-06-04,10:04:00,2024-07-29,3.4,3.4,3.4,3.4,0,0,1
MIDCPNIFTY29JUL2411800PE.NFO,2024-06-04,10:05:00,2024-07-29,3.4,3.4,3.4,3.4,0,0,1
MIDCPNIFTY29JUL2411800PE.NFO,2024-06-04,10:06:00,2024-07-29,3.4,3.4,3.4,3.4,0,0,1
MIDCPNIFTY29JUL2411800PE.NFO,2024-06-04,10:07:00,2024-07-29,3.4,3.4,3.4,3.4,0,0,1
MIDCPNIFTY29JUL2411800PE.NFO,2024-06-04,10:08:00,2024-07-29,3.4,3.4,3.4,3.4,0,0,1
MIDCPNIFTY29JUL2411800PE.NFO,2024-06-04,10:09:00,2024-07-29,3.4,3.4,3.4,3.4,0,0,1
MIDCPNIFTY29JUL2411800PE.NFO,2024-06-04,10:10:00,2024-07-29,3.4,3.4,3.4,3.4,0,0,1
MIDCPNIFTY29JUL2411800PE.NFO,2024-06-04,10:11:00,2024-07-29,3.4,3.4,3.4,3.4,0,0,1
MIDCPNIFTY29JUL2411800PE.NFO,2024-06-04,10:12:00,2024-07-29,3.4,3.4,3.4,3.4,0,0,1
MIDCPNIFTY29JUL2411800PE.NFO,2024-06-04,10:13:00,2024-07-29,3.4,3.4,3.4,3.4,0,0,1
MIDCPNIFTY29JUL2411800PE.NFO,2024-06-04,10:14:00,2024-07-29,3.4,3.4,3.4,3.4,0,0,1
MIDCPNIFTY29JUL2411800PE.NFO,2024-06-04,10:15:00,2024-07-29,3.4,3.4,3.4,3.4,0,0,1
MIDCPNIFTY29JUL2411800PE.NFO,2024-06-04,10:16:00,2024-07-29,3.4,3.4,3.4,3.4,0,0,1
MIDCPNIFTY29JUL2411800PE.NFO,2024-06-04,10:17:00,2024-07-29,3.4,3.4,3.4,3.4,0,0,1
MIDCPNIFTY29JUL2411800PE.NFO,2024-06-04,10:18:00,2024-07-29,3.4,3.4,3.4,3.4,0,0,1
MIDCPNIFTY29JUL2411800PE.NFO,2024-06-04,10:19:00,2024-07-29,3.4,3.4,3.4,3.4,0,0,1
MIDCPNIFTY29JUL2411800PE.NFO,2024-06-04,10:20:00,2024-07-29,3.4,3.4,3.4,3.4,0,0,1
MIDCPNIFTY29JUL2411800PE.NFO,2024-06-04,10:21:00,2024-07-29,3.4,3.4,3.4,3.4,0,0,1
MIDCPNIFTY29JUL2411800PE.NFO,2024-06-04,10:22:00,2024-07-29,3.4,3.4,3.4,3.4,0,0,1
MIDCPNIFTY29JUL2411800PE.NFO,2024-06-04,10:23:00,2024-07-29,3.4,3.4,3.4,3.4,0,0,1
MIDCPNIFTY29JUL2411800PE.NFO,2024-06-04,10:24:00,2024-07-29,3.4,3.4,3.4,3.4,0,0,1
MIDCPNIFTY29JUL2411800PE.NFO,2024-06-04,10:25:00,2024-07-29,3.4,3.4,3.4,3.4,0,0,1
MIDCPNIFTY29JUL2411800PE.NFO,2024-06-04,10:26:00,2024-07-29,3.4,3.4,3.4,3.4,0,0,1
MIDCPNIFTY29JUL2411800PE.NFO,2024-06-04,10:27:00,2024-07-29,3.4,3.4,3.4,3.4,0,0,1
MIDCPNIFTY29JUL2411800PE.NFO,2024-06-04,10:28:00,2024-07-29,3.4,3.4,3.4,3.4,0,0,1
MIDCPNIFTY29JUL2411800PE.NFO,2024-06-04,10:29:00,2024-07-29,3.4,3.4,3.4,3.4,0,0,1
MIDCPNIFTY29JUL2411800PE.NFO,2024-06-04,10:30:00,2024-07-29,3.4,3.4,3.4,3.4,0,0,1
MIDCPNIFTY29JUL2411800PE.NFO,2024-06-04,10:31:00,2024-07-29,3.4,3.4,3.4,3.4,0,0,1
MIDCPNIFTY29JUL2411800PE.NFO,2024-06-04,10:32:00,2024-07-29,3.4,3.4,3.4,3.4,0,0,1
MIDCPNIFTY29JUL2411800PE.NFO,2024-06-04,10:33:00,2024-07-29,3.4,3.4,3.4,3.4,0,0,1
MIDCPNIFTY29JUL2411800PE.NFO,2024-06-04,10:34:00,2024-07-29,3.4,3.4,3.4,3.4,0,0,1
MIDCPNIFTY29JUL2411800PE.NFO,2024-06-04,10:35:00,2024-07-29,3.4,3.4,3.4,3.4,0,0,1
MIDCPNIFTY29JUL2411800PE.NFO,2024-06-04,10:36:00,2024-07-29,3.4,3.4,3.4,3.4,0,0,1
MIDCPNIFTY29JUL2411800PE.NFO,2024-06-04,10:37:00,2024-07-29,3.4,3.4,3.4,3.4,0,0,1
MIDCPNIFTY29JUL2411800PE.NFO,2024-06-04,10:38:00,2024-07-29,3.4,3.4,3.4,3.4,0,0,1
MIDCPNIFTY29JUL2411800PE.NFO,2024-06-04,10:39:00,2024-07-29,3.4,3.4,3.4,3.4,0,0,1
MIDCPNIFTY29JUL2411800PE.NFO,2024-06-04,10:40:00,2024-07-29,3.4,3.4,3.4,3.4,0,0,1
MIDCPNIFTY29JUL2411800PE.NFO,2024-06-04,10:41:00,2024-07-29,3.4,3.4,3.4,3.4,0,0,1
MIDCPNIFTY29JUL2411800PE.NFO,2024-06-04,10:42:00,2024-07-29,3.4,3.4,3.4,3.4,0,0,1
MIDCPNIFTY29JUL2411800PE.NFO,2024-06-04,10:43:00,2024-07-29,3.4,3.4,3.4,3.4,0,0,1
MIDCPNIFTY29JUL2411800PE.NFO,2024-06-04,10:44:00,2024-07-29,3.4,3.4,3.4,3.4,0,0,1
MIDCPNIFTY29JUL2411800PE.NFO,2024-06-04,10:45:00,2024-07-29,3.4,3.4,3.4,3.4,0,0,1
MIDCPNIFTY29JUL2411800PE.NFO,2024-06-04,10:46:00,2024-07-29,3.4,3.4,3.4,3.4,0,0,1
MIDCPNIFTY29JUL2411800PE.NFO,2024-06-04,10:47:00,2024-07-29,3.4,3.4,3.4,3.4,0,0,1
MIDCPNIFTY29JUL2411800PE.NFO,2024-06-04,10:48:00,2024-07-29,3.4,3.4,3.4,3.4,0,0,1
MIDCPNIFTY29JUL2411800PE.NFO,2024-06-04,10:49:00,2024-07-29,3.4,3.4,3.4,3.4,0,0,1
MIDCPNIFTY29JUL2411800PE.NFO,2024-06-04,10:50:00,2024-07-29,3.4,3.4,3.4,3.4,0,0,1
MIDCPNIFTY29JUL2411800PE.NFO,2024-06-04,10:51:00,2024-07-29,3.4,3.4,3.4,3.4,0,0,1
MIDCPNIFTY29JUL2411800PE.NFO,2024-06-04,10:52:00,2024-07-29,3.4,3.4,3.4,3.4,0,0,1
MIDCPNIFTY29JUL2411800PE.NFO,2024-06-04,10:53:00,2024-07-29,3.4,3.4,3.4,3.4,0,0,1
MIDCPNIFTY29JUL2411800PE.NFO,2024-06-04,10:54:00,2024-07-29,3.4,3.4,3.4,3.4,0,0,1
MIDCPNIFTY29JUL2411800PE.NFO,2024-06-04,10:55:00,2024-07-29,3.4,3.4,3.4,3.4,0,0,1
MIDCPNIFTY29JUL2411800PE.NFO,2024-06-04,10:56:00,2024-07-29,3.4,3.4,3.4,3.4,0,0,1
MIDCPNIFTY29JUL2411800PE.NFO,2024-06-04,10:57:00,2024-07-29,3.4,3.4,3.4,3.4,0,0,1
MIDCPNIFTY29JUL2411800PE.NFO,2024-06-04,10:58:00,2024-07-29,3.4,3.4,3.4,3.4,0,0,1
MIDCPNIFTY29JUL2411800PE.NFO,2024-06-04,10:59:00,2024-07-29,3.4,3.4,3.4,3.4,0,0,1
MIDCPNIFTY29JUL2411800PE.NFO,2024-06-04,11:00:00,2024-07-29,3.4,3.4,3.4,3.4,0,0,1
MIDCPNIFTY29JUL2411800PE.NFO,2024-06-04,11:01:00,2024-07-29,3.4,3.4,3.4,3.4,0,0,1
MIDCPNIFTY29JUL2411800PE.NFO,2024-06-04,11:02:00,2024-07-29,3.4,3.4,3.4,3.4,0,0,1
MIDCPNIFTY29JUL2411800PE.NFO,2024-06-04,11:03:00,2024-07-29,3.4,3.4,3.4,3.4,0,0,1
MIDCPNIFTY29JUL2411800PE.NFO,2024-06-04,11:04:00,2024-07-29,3.4,3.4,3.4,3.4,0,0,1
MIDCPNIFTY29JUL2411800PE.NFO,2024-06-04,11:05:00,2024-07-29,3.4,3.4,3.4,3.4,0,0,1
MIDCPNIFTY29JUL2411800PE.NFO,2024-06-04,11:06:00,2024-07-29,3.4,3.4,3.4,3.4,0,0,1
MIDCPNIFTY29JUL2411800PE.NFO,2024-06-04,11:07:00,2024-07-29,3.4,3.4,3.4,3.4,0,0,1
MIDCPNIFTY29JUL2411800PE.NFO,2024-06-04,11:08:00,2024-07-29,3.4,3.4,3.4,3.4,0,0,1
MIDCPNIFTY29JUL2411800PE.NFO,2024-06-04,11:09:00,2024-07-29,3.4,3.4,3.4,3.4,0,0,1
MIDCPNIFTY29JUL2411800PE.NFO,2024-06-04,11:10:00,2024-07-29,3.4,3.4,3.4,3.4,0,0,1
MIDCPNIFTY29JUL2411800PE.NFO,2024-06-04,11:11:00,2024-07-29,3.4,3.4,3.4,3.4,0,0,1
MIDCPNIFTY29JUL2411800PE.NFO,2024-06-04,11:12:00,2024-07-29,3.4,3.4,3.4,3.4,0,0,1
MIDCPNIFTY29JUL2411800PE.NFO,2024-06-04,11:13:00,2024-07-29,3.4,3.4,3.4,3.4,0,0,1
MIDCPNIFTY29JUL2411800PE.NFO,2024-06-04,11:14:00,2024-07-29,3.4,3.4,3.4,3.4,0,0,1
MIDCPNIFTY29JUL2411800PE.NFO,2024-06-04,11:15:00,2024-07-29,3.4,3.4,3.4,3.4,0,0,1
MIDCPNIFTY29JUL2411800PE.NFO,2024-06-04,11:16:00,2024-07-29,3.4,3.4,3.4,3.4,0,0,1
MIDCPNIFTY29JUL2411800PE.NFO,2024-06-04,11:17:00,2024-07-29,3.4,3.4,3.4,3.4,0,0,1
MIDCPNIFTY29JUL2411800PE.NFO,2024-06-04,11:18:00,2024-07-29,3.4,3.4,3.4,3.4,0,0,1
MIDCPNIFTY29JUL2411800PE.NFO,2024-06-04,11:19:00,2024-07-29,3.4,3.4,3.4,3.4,0,0,1
MIDCPNIFTY29JUL2411800PE.NFO,2024-06-04,11:20:00,2024-07-29,3.4,3.4,3.4,3.4,0,0,1
MIDCPNIFTY29JUL2411800PE.NFO,2024-06-04,11:21:00,2024-07-29,3.4,3.4,3.4,3.4,0,0,1
MIDCPNIFTY29JUL2411800PE.NFO,2024-06-04,11:22:00,2024-07-29,3.4,3.4,3.4,3.4,0,0,1
MIDCPNIFTY29JUL2411800PE.NFO,2024-06-04,11:23:00,2024-07-29,3.4,3.4,3.4,3.4,0,0,1
MIDCPNIFTY29JUL2411800PE.NFO,2024-06-04,11:24:00,2024-07-29,3.4,3.4,3.4,3.4,0,0,1
MIDCPNIFTY29JUL2411800PE.NFO,2024-06-04,11:25:00,2024-07-29,3.4,3.4,3.4,3.4,0,0,1
MIDCPNIFTY29JUL2411800PE.NFO,2024-06-04,11:26:00,2024-07-29,3.4,3.4,3.4,3.4,0,0,1
MIDCPNIFTY29JUL2411800PE.NFO,2024-06-04,11:27:00,2024-07-29,3.4,3.4,3.4,3.4,0,0,1
MIDCPNIFTY29JUL2411800PE.NFO,2024-06-04,11:28:00,2024-07-29,3.4,3.4,3.4,3.4,0,0,1
MIDCPNIFTY29JUL2411800PE.NFO,2024-06-04,11:29:00,2024-07-29,3.4,3.4,3.4,3.4,0,0,1
MIDCPNIFTY29JUL2411800PE.NFO,2024-06-04,11:30:00,2024-07-29,3.4,3.4,3.4,3.4,0,0,1
MIDCPNIFTY29JUL2411800PE.NFO,2024-06-04,11:31:00,2024-07-29,3.4,3.4,3.4,3.4,0,0,1
MIDCPNIFTY29JUL2411800PE.NFO,2024-06-04,11:32:00,2024-07-29,3.4,3.4,3.4,3.4,0,0,1
MIDCPNIFTY29JUL2411800PE.NFO,2024-06-04,11:33:00,2024-07-29,3.4,3.4,3.4,3.4,0,0,1
MIDCPNIFTY29JUL2411800PE.NFO,2024-06-04,11:34:00,2024-07-29,3.4,3.4,3.4,3.4,0,0,1
MIDCPNIFTY29JUL2411800PE.NFO,2024-06-04,11:35:00,2024-07-29,3.4,3.4,3.4,3.4,0,0,1
MIDCPNIFTY29JUL2411800PE.NFO,2024-06-04,11:36:00,2024-07-29,3.4,3.4,3.4,3.4,0,0,1
MIDCPNIFTY29JUL2411800PE.NFO,2024-06-04,11:37:00,2024-07-29,3.4,3.4,3.4,3.4,0,0,1
MIDCPNIFTY29JUL2411800PE.NFO,2024-06-04,11:38:00,2024-07-29,3.4,3.4,3.4,3.4,0,0,1
MIDCPNIFTY29JUL2411800PE.NFO,2024-06-04,11:39:00,2024-07-29,3.4,3.4,3.4,3.4,0,0,1
MIDCPNIFTY29JUL2411800PE.NFO,2024-06-04,11:40:00,2024-07-29,3.4,3.4,3.4,3.4,0,0,1
MIDCPNIFTY29JUL2411800PE.NFO,2024-06-04,11:41:00,2024-07-29,3.4,3.4,3.4,3.4,0,0,1
MIDCPNIFTY29JUL2411800PE.NFO,2024-06-04,11:42:00,2024-07-29,3.4,3.4,3.4,3.4,0,0,1
MIDCPNIFTY29JUL2411800PE.NFO,2024-06-04,11:43:00,2024-07-29,3.4,3.4,3.4,3.4,0,0,1
MIDCPNIFTY29JUL2411800PE.NFO,2024-06-04,11:44:00,2024-07-29,3.4,3.4,3.4,3.4,0,0,1
MIDCPNIFTY29JUL2411800PE.NFO,2024-06-04,11:45:00,2024-07-29,3.4,3.4,3.4,3.4,0,0,1
MIDCPNIFTY29JUL2411800PE.NFO,2024-06-04,11:46:00,2024-07-29,3.4,3.4,3.4,3.4,0,0,1
MIDCPNIFTY29JUL2411800PE.NFO,2024-06-04,11:47:00,2024-07-29,3.4,3.4,3.4,3.4,0,0,1
MIDCPNIFTY29JUL2411800PE.NFO,2024-06-04,11:48:00,2024-07-29,3.4,3.4,3.4,3.4,0,0,1
MIDCPNIFTY29JUL2411800PE.NFO,2024-06-04,11:49:00,2024-07-29,3.4,3.4,3.4,3.4,0,0,1
MIDCPNIFTY29JUL2411800PE.NFO,2024-06-04,11:50:00,2024-07-29,3.4,3.4,3.4,3.4,0,0,1
MIDCPNIFTY29JUL2411800PE.NFO,2024-06-04,11:51:00,2024-07-29,3.4,3.4,3.4,3.4,0,0,1
MIDCPNIFTY29JUL2411800PE.NFO,2024-06-04,11:52:00,2024-07-29,3.4,3.4,3.4,3.4,0,0,1
MIDCPNIFTY29JUL2411800PE.NFO,2024-06-04,11:53:00,2024-07-29,3.4,3.4,3.4,3.4,0,0,1
MIDCPNIFTY29JUL2411800PE.NFO,2024-06-04,11:54:00,2024-07-29,3.4,3.4,3.4,3.4,0,0,1
MIDCPNIFTY29JUL2411800PE.NFO,2024-06-04,11:55:00,2024-07-29,3.4,3.4,3.4,3.4,0,0,1
MIDCPNIFTY29JUL2411800PE.NFO,2024-06-04,11:56:00,2024-07-29,3.4,3.4,3.4,3.4,0,0,1
MIDCPNIFTY29JUL2411800PE.NFO,2024-06-04,11:57:00,2024-07-29,3.4,3.4,3.4,3.4,0,0,1
MIDCPNIFTY29JUL2411800PE.NFO,2024-06-04,11:58:00,2024-07-29,3.4,3.4,3.4,3.4,0,0,1
MIDCPNIFTY29JUL2411800PE.NFO,2024-06-04,11:59:00,2024-07-29,3.4,3.4,3.4,3.4,0,0,1
MIDCPNIFTY29JUL2411800PE.NFO,2024-06-04,12:00:00,2024-07-29,3.4,3.4,3.4,3.4,0,0,1
MIDCPNIFTY29JUL2411800PE.NFO,2024-06-04,12:01:00,2024-07-29,3.4,3.4,3.4,3.4,0,0,1
MIDCPNIFTY29JUL2411800PE.NFO,2024-06-04,12:02:00,2024-07-29,3.4,3.4,3.4,3.4,0,0,1
MIDCPNIFTY29JUL2411800PE.NFO,2024-06-04,12:03:00,2024-07-29,3.4,3.4,3.4,3.4,0,0,1
MIDCPNIFTY29JUL2411800PE.NFO,2024-06-04,12:04:00,2024-07-29,3.4,3.4,3.4,3.4,0,0,1
MIDCPNIFTY29JUL2411800PE.NFO,2024-06-04,12:05:00,2024-07-29,3.4,3.4,3.4,3.4,0,0,1
MIDCPNIFTY29JUL2411800PE.NFO,2024-06-04,12:06:00,2024-07-29,3.4,3.4,3.4,3.4,0,0,1
MIDCPNIFTY29JUL2411800PE.NFO,2024-06-04,12:07:00,2024-07-29,3.4,3.4,3.4,3.4,0,0,1
MIDCPNIFTY29JUL2411800PE.NFO,2024-06-04,12:08:00,2024-07-29,3.4,3.4,3.4,3.4,0,0,1
MIDCPNIFTY29JUL2411800PE.NFO,2024-06-04,12:09:00,2024-07-29,3.4,3.4,3.4,3.4,0,0,1
MIDCPNIFTY29JUL2411800PE.NFO,2024-06-04,12:10:00,2024-07-29,3.4,3.4,3.4,3.4,0,0,1
MIDCPNIFTY29JUL2411800PE.NFO,2024-06-04,12:11:00,2024-07-29,3.4,3.4,3.4,3.4,0,0,1
MIDCPNIFTY29JUL2411800PE.NFO,2024-06-04,12:12:00,2024-07-29,3.4,3.4,3.4,3.4,0,0,1
MIDCPNIFTY29JUL2411800PE.NFO,2024-06-04,12:13:00,2024-07-29,3.4,3.4,3.4,3.4,0,0,1
MIDCPNIFTY29JUL2411800PE.NFO,2024-06-04,12:14:00,2024-07-29,3.4,3.4,3.4,3.4,0,0,1
MIDCPNIFTY29JUL2411800PE.NFO,2024-06-04,12:15:00,2024-07-29,3.4,3.4,3.4,3.4,0,0,1
MIDCPNIFTY29JUL2411800PE.NFO,2024-06-04,12:16:00,2024-07-29,3.4,3.4,3.4,3.4,0,0,1
MIDCPNIFTY29JUL2411800PE.NFO,2024-06-04,12:17:00,2024-07-29,3.4,3.4,3.4,3.4,0,0,1
MIDCPNIFTY29JUL2411800PE.NFO,2024-06-04,12:18:00,2024-07-29,3.4,3.4,3.4,3.4,0,0,1
MIDCPNIFTY29JUL2411800PE.NFO,2024-06-04,12:19:00,2024-07-29,3.4,3.4,3.4,3.4,0,0,1
MIDCPNIFTY29JUL2411800PE.NFO,2024-06-04,12:20:00,2024-07-29,3.4,3.4,3.4,3.4,0,0,1
MIDCPNIFTY29JUL2411800PE.NFO,2024-06-04,12:21:00,2024-07-29,3.4,3.4,3.4,3.4,0,0,1
MIDCPNIFTY29JUL2411800PE.NFO,2024-06-04,12:22:00,2024-07-29,3.4,3.4,3.4,3.4,0,0,1
MIDCPNIFTY29JUL2411800PE.NFO,2024-06-04,12:23:00,2024-07-29,3.4,3.4,3.4,3.4,0,0,1
MIDCPNIFTY29JUL2411800PE.NFO,2024-06-04,12:24:00,2024-07-29,3.4,3.4,3.4,3.4,0,0,1
MIDCPNIFTY29JUL2411800PE.NFO,2024-06-04,12:25:00,2024-07-29,3.4,3.4,3.4,3.4,0,0,1
MIDCPNIFTY29JUL2411800PE.NFO,2024-06-04,12:26:00,2024-07-29,3.4,3.4,3.4,3.4,0,0,1
MIDCPNIFTY29JUL2411800PE.NFO,2024-06-04,12:27:00,2024-07-29,3.4,3.4,3.4,3.4,0,0,1
MIDCPNIFTY29JUL2411800PE.NFO,2024-06-04,12:28:00,2024-07-29,3.4,3.4,3.4,3.4,0,0,1
MIDCPNIFTY29JUL2411800PE.NFO,2024-06-04,12:29:00,2024-07-29,3.4,3.4,3.4,3.4,0,0,1
MIDCPNIFTY29JUL2411800PE.NFO,2024-06-04,12:30:00,2024-07-29,3.4,3.4,3.4,3.4,0,0,1
MIDCPNIFTY29JUL2411800PE.NFO,2024-06-04,12:31:00,2024-07-29,3.4,3.4,3.4,3.4,0,0,1
MIDCPNIFTY29JUL2411800PE.NFO,2024-06-04,12:32:00,2024-07-29,3.4,3.4,3.4,3.4,0,0,1
MIDCPNIFTY29JUL2411800PE.NFO,2024-06-04,12:33:00,2024-07-29,3.4,3.4,3.4,3.4,0,0,1
MIDCPNIFTY29JUL2411800PE.NFO,2024-06-04,12:34:00,2024-07-29,3.4,3.4,3.4,3.4,0,0,1
MIDCPNIFTY29JUL2411800PE.NFO,2024-06-04,12:35:00,2024-07-29,3.4,3.4,3.4,3.4,0,0,1
MIDCPNIFTY29JUL2411800PE.NFO,2024-06-04,12:36:00,2024-07-29,3.4,3.4,3.4,3.4,0,0,1
MIDCPNIFTY29JUL2411800PE.NFO,2024-06-04,12:37:00,2024-07-29,3.4,3.4,3.4,3.4,0,0,1
MIDCPNIFTY29JUL2411800PE.NFO,2024-06-04,12:38:00,2024-07-29,3.4,3.4,3.4,3.4,0,0,1
MIDCPNIFTY29JUL2411800PE.NFO,2024-06-04,12:39:00,2024-07-29,3.4,3.4,3.4,3.4,0,0,1
MIDCPNIFTY29JUL2411800PE.NFO,2024-06-04,12:40:00,2024-07-29,3.4,3.4,3.4,3.4,0,0,1
MIDCPNIFTY29JUL2411800PE.NFO,2024-06-04,12:41:00,2024-07-29,3.4,3.4,3.4,3.4,0,0,1
MIDCPNIFTY29JUL2411800PE.NFO,2024-06-04,12:42:00,2024-07-29,3.4,3.4,3.4,3.4,0,0,1
MIDCPNIFTY29JUL2411800PE.NFO,2024-06-04,12:43:00,2024-07-29,3.4,3.4,3.4,3.4,0,0,1
MIDCPNIFTY29JUL2411800PE.NFO,2024-06-04,12:44:00,2024-07-29,3.4,3.4,3.4,3.4,0,0,1
MIDCPNIFTY29JUL2411800PE.NFO,2024-06-04,12:45:00,2024-07-29,3.4,3.4,3.4,3.4,0,0,1
MIDCPNIFTY29JUL2411800PE.NFO,2024-06-04,12:46:00,2024-07-29,3.4,3.4,3.4,3.4,0,0,1
MIDCPNIFTY29JUL2411800PE.NFO,2024-06-04,12:47:00,2024-07-29,3.4,3.4,3.4,3.4,0,0,1
MIDCPNIFTY29JUL2411800PE.NFO,2024-06-04,12:48:00,2024-07-29,3.4,3.4,3.4,3.4,0,0,1
MIDCPNIFTY29JUL2411800PE.NFO,2024-06-04,12:49:00,2024-07-29,3.4,3.4,3.4,3.4,0,0,1
MIDCPNIFTY29JUL2411800PE.NFO,2024-06-04,12:50:00,2024-07-29,3.4,3.4,3.4,3.4,0,0,1
MIDCPNIFTY29JUL2411800PE.NFO,2024-06-04,12:51:00,2024-07-29,3.4,3.4,3.4,3.4,0,0,1
MIDCPNIFTY29JUL2411800PE.NFO,2024-06-04,12:52:00,2024-07-29,3.4,3.4,3.4,3.4,0,0,1
MIDCPNIFTY29JUL2411800PE.NFO,2024-06-04,12:53:00,2024-07-29,3.4,3.4,3.4,3.4,0,0,1
MIDCPNIFTY29JUL2411800PE.NFO,2024-06-04,12:54:00,2024-07-29,3.4,3.4,3.4,3.4,0,0,1
MIDCPNIFTY29JUL2411800PE.NFO,2024-06-04,12:55:00,2024-07-29,3.4,3.4,3.4,3.4,0,0,1
MIDCPNIFTY29JUL2411800PE.NFO,2024-06-04,12:56:00,2024-07-29,3.4,3.4,3.4,3.4,0,0,1
MIDCPNIFTY29JUL2411800PE.NFO,2024-06-04,12:57:00,2024-07-29,3.4,3.4,3.4,3.4,0,0,1
MIDCPNIFTY29JUL2411800PE.NFO,2024-06-04,12:58:00,2024-07-29,3.4,3.4,3.4,3.4,0,0,1
MIDCPNIFTY29JUL2411800PE.NFO,2024-06-04,12:59:00,2024-07-29,3.4,3.4,3.4,3.4,0,0,1
MIDCPNIFTY29JUL2411800PE.NFO,2024-06-04,13:00:00,2024-07-29,3.4,3.4,3.4,3.4,0,0,1
MIDCPNIFTY29JUL2411800PE.NFO,2024-06-04,13:01:00,2024-07-29,3.4,3.4,3.4,3.4,0,0,1
MIDCPNIFTY29JUL2411800PE.NFO,2024-06-04,13:02:00,2024-07-29,3.4,3.4,3.4,3.4,0,0,1
MIDCPNIFTY29JUL2411800PE.NFO,2024-06-04,13:03:00,2024-07-29,3.4,3.4,3.4,3.4,0,0,1
MIDCPNIFTY29JUL2411800PE.NFO,2024-06-04,13:04:00,2024-07-29,3.4,3.4,3.4,3.4,0,0,1
MIDCPNIFTY29JUL2411800PE.NFO,2024-06-04,13:05:00,2024-07-29,3.4,3.4,3.4,3.4,0,0,1
MIDCPNIFTY29JUL2411800PE.NFO,2024-06-04,13:06:00,2024-07-29,3.4,3.4,3.4,3.4,0,0,1
MIDCPNIFTY29JUL2411800PE.NFO,2024-06-04,13:07:00,2024-07-29,3.4,3.4,3.4,3.4,0,0,1
MIDCPNIFTY29JUL2411800PE.NFO,2024-06-04,13:08:00,2024-07-29,3.4,3.4,3.4,3.4,0,0,1
MIDCPNIFTY29JUL2411800PE.NFO,2024-06-04,13:09:00,2024-07-29,3.4,3.4,3.4,3.4,0,0,1
MIDCPNIFTY29JUL2411800PE.NFO,2024-06-04,13:10:00,2024-07-29,3.4,3.4,3.4,3.4,0,0,1
MIDCPNIFTY29JUL2411800PE.NFO,2024-06-04,13:11:00,2024-07-29,3.4,3.4,3.4,3.4,0,0,1
MIDCPNIFTY29JUL2411800PE.NFO,2024-06-04,13:12:00,2024-07-29,3.4,3.4,3.4,3.4,0,0,1
MIDCPNIFTY29JUL2411800PE.NFO,2024-06-04,13:13:00,2024-07-29,3.4,3.4,3.4,3.4,0,0,1
MIDCPNIFTY29JUL2411800PE.NFO,2024-06-04,13:14:00,2024-07-29,3.4,3.4,3.4,3.4,0,0,1
MIDCPNIFTY29JUL2411800PE.NFO,2024-06-04,13:15:00,2024-07-29,3.4,3.4,3.4,3.4,0,0,1
MIDCPNIFTY29JUL2411800PE.NFO,2024-06-04,13:16:00,2024-07-29,3.4,3.4,3.4,3.4,0,0,1
MIDCPNIFTY29JUL2411800PE.NFO,2024-06-04,13:17:00,2024-07-29,3.4,3.4,3.4,3.4,0,0,1
MIDCPNIFTY29JUL2411800PE.NFO,2024-06-04,13:18:00,2024-07-29,3.4,3.4,3.4,3.4,0,0,1
MIDCPNIFTY29JUL2411800PE.NFO,2024-06-04,13:19:00,2024-07-29,3.4,3.4,3.4,3.4,0,0,1
MIDCPNIFTY29JUL2411800PE.NFO,2024-06-04,13:20:00,2024-07-29,3.4,3.4,3.4,3.4,0,0,1
MIDCPNIFTY29JUL2411800PE.NFO,2024-06-04,13:21:00,2024-07-29,3.4,3.4,3.4,3.4,0,0,1
MIDCPNIFTY29JUL2411800PE.NFO,2024-06-04,13:22:00,2024-07-29,3.4,3.4,3.4,3.4,0,0,1
MIDCPNIFTY29JUL2411800PE.NFO,2024-06-04,13:23:00,2024-07-29,3.4,3.4,3.4,3.4,0,0,1
MIDCPNIFTY29JUL2411800PE.NFO,2024-06-04,13:24:00,2024-07-29,3.4,3.4,3.4,3.4,0,0,1
MIDCPNIFTY29JUL2411800PE.NFO,2024-06-04,13:25:00,2024-07-29,3.4,3.4,3.4,3.4,0,0,1
MIDCPNIFTY29JUL2411800PE.NFO,2024-06-04,13:26:00,2024-07-29,3.4,3.4,3.4,3.4,0,0,1
MIDCPNIFTY29JUL2411800PE.NFO,2024-06-04,13:27:00,2024-07-29,3.4,3.4,3.4,3.4,0,0,1
MIDCPNIFTY29JUL2411800PE.NFO,2024-06-04,13:28:00,2024-07-29,3.4,3.4,3.4,3.4,0,0,1
MIDCPNIFTY29JUL2411800PE.NFO,2024-06-04,13:29:00,2024-07-29,3.4,3.4,3.4,3.4,0,0,1
MIDCPNIFTY29JUL2411800PE.NFO,2024-06-04,13:30:00,2024-07-29,3.4,3.4,3.4,3.4,0,0,1
MIDCPNIFTY29JUL2411800PE.NFO,2024-06-04,13:31:00,2024-07-29,3.4,3.4,3.4,3.4,0,0,1
MIDCPNIFTY29JUL2411800PE.NFO,2024-06-04,13:32:00,2024-07-29,3.4,3.4,3.4,3.4,0,0,1
MIDCPNIFTY29JUL2411800PE.NFO,2024-06-04,13:33:00,2024-07-29,3.4,3.4,3.4,3.4,0,0,1
MIDCPNIFTY29JUL2411800PE.NFO,2024-06-04,13:34:00,2024-07-29,3.4,3.4,3.4,3.4,0,0,1
MIDCPNIFTY29JUL2411800PE.NFO,2024-06-04,13:35:00,2024-07-29,3.4,3.4,3.4,3.4,0,0,1
MIDCPNIFTY29JUL2411800PE.NFO,2024-06-04,13:36:00,2024-07-29,3.4,3.4,3.4,3.4,0,0,1
MIDCPNIFTY29JUL2411800PE.NFO,2024-06-04,13:37:00,2024-07-29,3.4,3.4,3.4,3.4,0,0,1
MIDCPNIFTY29JUL2411800PE.NFO,2024-06-04,13:38:00,2024-07-29,3.4,3.4,3.4,3.4,0,0,1
MIDCPNIFTY29JUL2411800PE.NFO,2024-06-04,13:39:00,2024-07-29,3.4,3.4,3.4,3.4,0,0,1
MIDCPNIFTY29JUL2411800PE.NFO,2024-06-04,13:40:00,2024-07-29,3.4,3.4,3.4,3.4,0,0,1
MIDCPNIFTY29JUL2411800PE.NFO,2024-06-04,13:41:00,2024-07-29,3.4,3.4,3.4,3.4,0,0,1
MIDCPNIFTY29JUL2411800PE.NFO,2024-06-04,13:42:00,2024-07-29,3.4,3.4,3.4,3.4,0,0,1
MIDCPNIFTY29JUL2411800PE.NFO,2024-06-04,13:43:00,2024-07-29,3.4,3.4,3.4,3.4,0,0,1
MIDCPNIFTY29JUL2411800PE.NFO,2024-06-04,13:44:00,2024-07-29,3.4,3.4,3.4,3.4,0,0,1
MIDCPNIFTY29JUL2411800PE.NFO,2024-06-04,13:45:00,2024-07-29,3.4,3.4,3.4,3.4,0,0,1
MIDCPNIFTY29JUL2411800PE.NFO,2024-06-04,13:46:00,2024-07-29,3.4,3.4,3.4,3.4,0,0,1
MIDCPNIFTY29JUL2411800PE.NFO,2024-06-04,13:47:00,2024-07-29,3.4,3.4,3.4,3.4,0,0,1
MIDCPNIFTY29JUL2411800PE.NFO,2024-06-04,13:48:00,2024-07-29,3.4,3.4,3.4,3.4,0,0,1
MIDCPNIFTY29JUL2411800PE.NFO,2024-06-04,13:49:00,2024-07-29,3.4,3.4,3.4,3.4,0,0,1
MIDCPNIFTY29JUL2411800PE.NFO,2024-06-04,13:50:00,2024-07-29,3.4,3.4,3.4,3.4,0,0,1
MIDCPNIFTY29JUL2411800PE.NFO,2024-06-04,13:51:00,2024-07-29,3.4,3.4,3.4,3.4,0,0,1
MIDCPNIFTY29JUL2411800PE.NFO,2024-06-04,13:52:00,2024-07-29,3.4,3.4,3.4,3.4,0,0,1
MIDCPNIFTY29JUL2411800PE.NFO,2024-06-04,13:53:00,2024-07-29,3.4,3.4,3.4,3.4,0,0,1
MIDCPNIFTY29JUL2411800PE.NFO,2024-06-04,13:54:00,2024-07-29,3.4,3.4,3.4,3.4,0,0,1
MIDCPNIFTY29JUL2411800PE.NFO,2024-06-04,13:55:00,2024-07-29,3.4,3.4,3.4,3.4,0,0,1
MIDCPNIFTY29JUL2411800PE.NFO,2024-06-04,13:56:00,2024-07-29,3.4,3.4,3.4,3.4,0,0,1
MIDCPNIFTY29JUL2411800PE.NFO,2024-06-04,13:57:00,2024-07-29,3.4,3.4,3.4,3.4,0,0,1
MIDCPNIFTY29JUL2411800PE.NFO,2024-06-04,13:58:00,2024-07-29,3.4,3.4,3.4,3.4,0,0,1
MIDCPNIFTY29JUL2411800PE.NFO,2024-06-04,13:59:00,2024-07-29,3.4,3.4,3.4,3.4,0,0,1
MIDCPNIFTY29JUL2411800PE.NFO,2024-06-04,14:00:00,2024-07-29,3.4,3.4,3.4,3.4,0,0,1
MIDCPNIFTY29JUL2411800PE.NFO,2024-06-04,14:01:00,2024-07-29,3.4,3.4,3.4,3.4,0,0,1
MIDCPNIFTY29JUL2411800PE.NFO,2024-06-04,14:02:00,2024-07-29,3.4,3.4,3.4,3.4,0,0,1
MIDCPNIFTY29JUL2411800PE.NFO,2024-06-04,14:03:00,2024-07-29,3.4,3.4,3.4,3.4,0,0,1
MIDCPNIFTY29JUL2411800PE.NFO,2024-06-04,14:04:00,2024-07-29,3.4,3.4,3.4,3.4,0,0,1
MIDCPNIFTY29JUL2411800PE.NFO,2024-06-04,14:05:00,2024-07-29,3.4,3.4,3.4,3.4,0,0,1
MIDCPNIFTY29JUL2411800PE.NFO,2024-06-04,14:06:00,2024-07-29,3.4,3.4,3.4,3.4,0,0,1
MIDCPNIFTY29JUL2411800PE.NFO,2024-06-04,14:07:00,2024-07-29,3.4,3.4,3.4,3.4,0,0,1
MIDCPNIFTY29JUL2411800PE.NFO,2024-06-04,14:08:00,2024-07-29,3.4,3.4,3.4,3.4,0,0,1
MIDCPNIFTY29JUL2411800PE.NFO,2024-06-04,14:09:00,2024-07-29,3.4,3.4,3.4,3.4,0,0,1
MIDCPNIFTY29JUL2411800PE.NFO,2024-06-04,14:10:00,2024-07-29,3.4,3.4,3.4,3.4,0,0,1
MIDCPNIFTY29JUL2411800PE.NFO,2024-06-04,14:11:00,2024-07-29,3.4,3.4,3.4,3.4,0,0,1
MIDCPNIFTY29JUL2411800PE.NFO,2024-06-04,14:12:00,2024-07-29,3.4,3.4,3.4,3.4,0,0,1
MIDCPNIFTY29JUL2411800PE.NFO,2024-06-04,14:13:00,2024-07-29,3.4,3.4,3.4,3.4,0,0,1
MIDCPNIFTY29JUL2411800PE.NFO,2024-06-04,14:14:00,2024-07-29,3.4,3.4,3.4,3.4,0,0,1
MIDCPNIFTY29JUL2411800PE.NFO,2024-06-04,14:15:00,2024-07-29,3.4,3.4,3.4,3.4,0,0,1
MIDCPNIFTY29JUL2411800PE.NFO,2024-06-04,14:16:00,2024-07-29,3.4,3.4,3.4,3.4,0,0,1
MIDCPNIFTY29JUL2411800PE.NFO,2024-06-04,14:17:00,2024-07-29,3.4,3.4,3.4,3.4,0,0,1
MIDCPNIFTY29JUL2411800PE.NFO,2024-06-04,14:18:00,2024-07-29,3.4,3.4,3.4,3.4,0,0,1
MIDCPNIFTY29JUL2411800PE.NFO,2024-06-04,14:19:00,2024-07-29,3.4,3.4,3.4,3.4,0,0,1
MIDCPNIFTY29JUL2411800PE.NFO,2024-06-04,14:20:00,2024-07-29,3.4,3.4,3.4,3.4,0,0,1
MIDCPNIFTY29JUL2411800PE.NFO,2024-06-04,14:21:00,2024-07-29,3.4,3.4,3.4,3.4,0,0,1
MIDCPNIFTY29JUL2411800PE.NFO,2024-06-04,14:22:00,2024-07-29,3.4,3.4,3.4,3.4,0,0,1
MIDCPNIFTY29JUL2411800PE.NFO,2024-06-04,14:23:00,2024-07-29,3.4,3.4,3.4,3.4,0,0,1
MIDCPNIFTY29JUL2411800PE.NFO,2024-06-04,14:24:00,2024-07-29,3.4,3.4,3.4,3.4,0,0,1
MIDCPNIFTY29JUL2411800PE.NFO,2024-06-04,14:25:00,2024-07-29,3.4,3.4,3.4,3.4,0,0,1
MIDCPNIFTY29JUL2411800PE.NFO,2024-06-04,14:26:00,2024-07-29,3.4,3.4,3.4,3.4,0,0,1
MIDCPNIFTY29JUL2411800PE.NFO,2024-06-04,14:27:00,2024-07-29,3.4,3.4,3.4,3.4,0,0,1
MIDCPNIFTY29JUL2411800PE.NFO,2024-06-04,14:28:00,2024-07-29,3.4,3.4,3.4,3.4,0,0,1
MIDCPNIFTY29JUL2411800PE.NFO,2024-06-04,14:29:00,2024-07-29,3.4,3.4,3.4,3.4,0,0,1
MIDCPNIFTY29JUL2411800PE.NFO,2024-06-04,14:30:00,2024-07-29,3.4,3.4,3.4,3.4,0,0,1
MIDCPNIFTY29JUL2411800PE.NFO,2024-06-04,14:31:00,2024-07-29,3.4,3.4,3.4,3.4,0,0,1
MIDCPNIFTY29JUL2411800PE.NFO,2024-06-04,14:32:00,2024-07-29,3.4,3.4,3.4,3.4,0,0,1
MIDCPNIFTY29JUL2411800PE.NFO,2024-06-04,14:33:00,2024-07-29,3.4,3.4,3.4,3.4,0,0,1
MIDCPNIFTY29JUL2411800PE.NFO,2024-06-04,14:34:00,2024-07-29,3.4,3.4,3.4,3.4,0,0,1
MIDCPNIFTY29JUL2411800PE.NFO,2024-06-04,14:35:00,2024-07-29,3.4,3.4,3.4,3.4,0,0,1
MIDCPNIFTY29JUL2411800PE.NFO,2024-06-04,14:36:00,2024-07-29,3.4,3.4,3.4,3.4,0,0,1
MIDCPNIFTY29JUL2411800PE.NFO,2024-06-04,14:37:00,2024-07-29,3.4,3.4,3.4,3.4,0,0,1
MIDCPNIFTY29JUL2411800PE.NFO,2024-06-04,14:38:00,2024-07-29,3.4,3.4,3.4,3.4,0,0,1
MIDCPNIFTY29JUL2411800PE.NFO,2024-06-04,14:39:00,2024-07-29,3.4,3.4,3.4,3.4,0,0,1
MIDCPNIFTY29JUL2411800PE.NFO,2024-06-04,14:40:00,2024-07-29,3.4,3.4,3.4,3.4,0,0,1
MIDCPNIFTY29JUL2411800PE.NFO,2024-06-04,14:41:00,2024-07-29,3.4,3.4,3.4,3.4,0,0,1
MIDCPNIFTY29JUL2411800PE.NFO,2024-06-04,14:42:00,2024-07-29,3.4,3.4,3.4,3.4,0,0,1
MIDCPNIFTY29JUL2411800PE.NFO,2024-06-04,14:43:00,2024-07-29,3.4,3.4,3.4,3.4,0,0,1
MIDCPNIFTY29JUL2411800PE.NFO,2024-06-04,14:44:00,2024-07-29,3.4,3.4,3.4,3.4,0,0,1
MIDCPNIFTY29JUL2411800PE.NFO,2024-06-04,14:45:00,2024-07-29,3.4,3.4,3.4,3.4,0,0,1
MIDCPNIFTY29JUL2411800PE.NFO,2024-06-04,14:46:00,2024-07-29,3.4,3.4,3.4,3.4,0,0,1
MIDCPNIFTY29JUL2411800PE.NFO,2024-06-04,14:47:00,2024-07-29,3.4,3.4,3.4,3.4,0,0,1
MIDCPNIFTY29JUL2411800PE.NFO,2024-06-04,14:48:00,2024-07-29,3.4,3.4,3.4,3.4,0,0,1
MIDCPNIFTY29JUL2411800PE.NFO,2024-06-04,14:49:00,2024-07-29,3.4,3.4,3.4,3.4,0,0,1
MIDCPNIFTY29JUL2411800PE.NFO,2024-06-04,14:50:00,2024-07-29,3.4,3.4,3.4,3.4,0,0,1
MIDCPNIFTY29JUL2411800PE.NFO,2024-06-04,14:51:00,2024-07-29,3.4,3.4,3.4,3.4,0,0,1
MIDCPNIFTY29JUL2411800PE.NFO,2024-06-04,14:52:00,2024-07-29,3.4,3.4,3.4,3.4,0,0,1
MIDCPNIFTY29JUL2411800PE.NFO,2024-06-04,14:53:00,2024-07-29,3.4,3.4,3.4,3.4,0,0,1
MIDCPNIFTY29JUL2411800PE.NFO,2024-06-04,14:54:00,2024-07-29,3.4,3.4,3.4,3.4,0,0,1
MIDCPNIFTY29JUL2411800PE.NFO,2024-06-04,14:55:00,2024-07-29,3.4,3.4,3.4,3.4,0,0,1
MIDCPNIFTY29JUL2411800PE.NFO,2024-06-04,14:56:00,2024-07-29,3.4,3.4,3.4,3.4,0,0,1
MIDCPNIFTY29JUL2411800PE.NFO,2024-06-04,14:57:00,2024-07-29,3.4,3.4,3.4,3.4,0,0,1
MIDCPNIFTY29JUL2411800PE.NFO,2024-06-04,14:58:00,2024-07-29,3.4,3.4,3.4,3.4,0,0,1
MIDCPNIFTY29JUL2411800PE.NFO,2024-06-04,14:59:00,2024-07-29,3.4,3.4,3.4,3.4,0,0,1
MIDCPNIFTY29JUL2411800PE.NFO,2024-06-04,15:00:00,2024-07-29,3.4,3.4,3.4,3.4,0,0,1
MIDCPNIFTY29JUL2411800PE.NFO,2024-06-04,15:01:00,2024-07-29,3.4,3.4,3.4,3.4,0,0,1
MIDCPNIFTY29JUL2411800PE.NFO,2024-06-04,15:02:00,2024-07-29,3.4,3.4,3.4,3.4,0,0,1
MIDCPNIFTY29JUL2411800PE.NFO,2024-06-04,15:03:00,2024-07-29,3.4,3.4,3.4,3.4,0,0,1
MIDCPNIFTY29JUL2411800PE.NFO,2024-06-04,15:04:00,2024-07-29,3.4,3.4,3.4,3.4,0,0,1
MIDCPNIFTY29JUL2411800PE.NFO,2024-06-04,15:05:00,2024-07-29,3.4,3.4,3.4,3.4,0,0,1
MIDCPNIFTY29JUL2411800PE.NFO,2024-06-04,15:06:00,2024-07-29,3.4,3.4,3.4,3.4,0,0,1
MIDCPNIFTY29JUL2411800PE.NFO,2024-06-04,15:07:00,2024-07-29,3.4,3.4,3.4,3.4,0,0,1
MIDCPNIFTY29JUL2411800PE.NFO,2024-06-04,15:08:00,2024-07-29,3.4,3.4,3.4,3.4,0,0,1
MIDCPNIFTY29JUL2411800PE.NFO,2024-06-04,15:09:00,2024-07-29,3.4,3.4,3.4,3.4,0,0,1
MIDCPNIFTY29JUL2411800PE.NFO,2024-06-04,15:10:00,2024-07-29,3.4,3.4,3.4,3.4,0,0,1
MIDCPNIFTY29JUL2411800PE.NFO,2024-06-04,15:11:00,2024-07-29,3.4,3.4,3.4,3.4,0,0,1
MIDCPNIFTY29JUL2411800PE.NFO,2024-06-04,15:12:00,2024-07-29,3.4,3.4,3.4,3.4,0,0,1
MIDCPNIFTY29JUL2411800PE.NFO,2024-06-04,15:13:00,2024-07-29,3.4,3.4,3.4,3.4,0,0,1
MIDCPNIFTY29JUL2411800PE.NFO,2024-06-04,15:14:00,2024-07-29,3.4,3.4,3.4,3.4,0,0,1
MIDCPNIFTY29JUL2411800PE.NFO,2024-06-04,15:15:00,2024-07-29,3.4,3.4,3.4,3.4,0,0,1
MIDCPNIFTY29JUL2411800PE.NFO,2024-06-04,15:16:00,2024-07-29,3.4,3.4,3.4,3.4,0,0,1
MIDCPNIFTY29JUL2411800PE.NFO,2024-06-04,15:17:00,2024-07-29,3.4,3.4,3.4,3.4,0,0,1
MIDCPNIFTY29JUL2411800PE.NFO,2024-06-04,15:18:00,2024-07-29,3.4,3.4,3.4,3.4,0,0,1
MIDCPNIFTY29JUL2411800PE.NFO,2024-06-04,15:19:00,2024-07-29,3.4,3.4,3.4,3.4,0,0,1
MIDCPNIFTY29JUL2411800PE.NFO,2024-06-04,15:20:00,2024-07-29,3.4,3.4,3.4,3.4,0,0,1
MIDCPNIFTY29JUL2411800PE.NFO,2024-06-04,15:21:00,2024-07-29,3.4,3.4,3.4,3.4,0,0,1
MIDCPNIFTY29JUL2411800PE.NFO,2024-06-04,15:22:00,2024-07-29,3.4,3.4,3.4,3.4,0,0,1
MIDCPNIFTY29JUL2411800PE.NFO,2024-06-04,15:23:00,2024-07-29,3.4,3.4,3.4,3.4,0,0,1
MIDCPNIFTY29JUL2411800PE.NFO,2024-06-04,15:24:00,2024-07-29,3.4,3.4,3.4,3.4,0,0,1
MIDCPNIFTY29JUL2411800PE.NFO,2024-06-04,15:25:00,2024-07-29,3.4,3.4,3.4,3.4,0,0,1
MIDCPNIFTY29JUL2411800PE.NFO,2024-06-04,15:26:00,2024-07-29,3.4,3.4,3.4,3.4,0,0,1
MIDCPNIFTY29JUL2411800PE.NFO,2024-06-04,15:27:00,2024-07-29,3.4,3.4,3.4,3.4,0,0,1
MIDCPNIFTY29JUL2411800PE.NFO,2024-06-04,15:28:00,2024-07-29,3.4,3.4,3.4,3.4,0,0,1
MIDCPNIFTY29JUL2411800PE.NFO,2024-06-04,15:29:00,2024-07-29,3.4,3.4,3.4,3.4,0,0,1
MIDCPNIFTY29JUL2411800PE.NFO,2024-06-04,15:30:00,2024-07-29,3.4,3.4,3.4,3.4,0,0,1
MIDCPNIFTY29JUL2411800PE.NFO,2024-06-05,09:15:00,2024-07-29,3.4,3.4,3.4,3.4,0,0,0
MIDCPNIFTY29JUL2411800PE.NFO,2024-06-05,09:16:00,2024-07-29,3.4,3.4,3.4,3.4,0,0,1
MIDCPNIFTY29JUL2411800PE.NFO,2024-06-05,09:17:00,2024-07-29,3.4,3.4,3.4,3.4,0,0,1
MIDCPNIFTY29JUL2411800PE.NFO,2024-06-05,09:18:00,2024-07-29,3.4,3.4,3.4,3.4,0,0,1
MIDCPNIFTY29JUL2411800PE.NFO,2024-06-05,09:19:00,2024-07-29,3.4,3.4,3.4,3.4,0,0,1
MIDCPNIFTY29JUL2411800PE.NFO,2024-06-05,09:20:00,2024-07-29,3.4,3.4,3.4,3.4,0,0,1
MIDCPNIFTY29JUL2411800PE.NFO,2024-06-05,09:21:00,2024-07-29,3.4,3.4,3.4,3.4,0,0,1
MIDCPNIFTY29JUL2411800PE.NFO,2024-06-05,09:22:00,2024-07-29,3.4,3.4,3.4,3.4,0,0,1
MIDCPNIFTY29JUL2411800PE.NFO,2024-06-05,09:23:00,2024-07-29,3.4,3.4,3.4,3.4,0,0,1
MIDCPNIFTY29JUL2411800PE.NFO,2024-06-05,09:24:00,2024-07-29,3.4,3.4,3.4,3.4,0,0,1
MIDCPNIFTY29JUL2411800PE.NFO,2024-06-05,09:25:00,2024-07-29,3.4,3.4,3.4,3.4,0,0,1
MIDCPNIFTY29JUL2411800PE.NFO,2024-06-05,09:26:00,2024-07-29,3.4,3.4,3.4,3.4,0,0,1
MIDCPNIFTY29JUL2411800PE.NFO,2024-06-05,09:27:00,2024-07-29,3.4,3.4,3.4,3.4,0,0,1
MIDCPNIFTY29JUL2411800PE.NFO,2024-06-05,09:28:00,2024-07-29,3.4,3.4,3.4,3.4,0,0,1
MIDCPNIFTY29JUL2411800PE.NFO,2024-06-05,09:29:00,2024-07-29,3.4,3.4,3.4,3.4,0,0,1
MIDCPNIFTY29JUL2411800PE.NFO,2024-06-05,09:30:00,2024-07-29,3.4,3.4,3.4,3.4,0,0,1
MIDCPNIFTY29JUL2411800PE.NFO,2024-06-05,09:31:00,2024-07-29,3.4,3.4,3.4,3.4,0,0,1
MIDCPNIFTY29JUL2411800PE.NFO,2024-06-05,09:32:00,2024-07-29,3.4,3.4,3.4,3.4,0,0,1
MIDCPNIFTY29JUL2411800PE.NFO,2024-06-05,09:33:00,2024-07-29,3.4,3.4,3.4,3.4,0,0,1
MIDCPNIFTY29JUL2411800PE.NFO,2024-06-05,09:34:00,2024-07-29,3.4,3.4,3.4,3.4,0,0,1
MIDCPNIFTY29JUL2411800PE.NFO,2024-06-05,09:35:00,2024-07-29,3.4,3.4,3.4,3.4,0,0,1
MIDCPNIFTY29JUL2411800PE.NFO,2024-06-05,09:36:00,2024-07-29,3.4,3.4,3.4,3.4,0,0,1
MIDCPNIFTY29JUL2411800PE.NFO,2024-06-05,09:37:00,2024-07-29,3.4,3.4,3.4,3.4,0,0,1
MIDCPNIFTY29JUL2411800PE.NFO,2024-06-05,09:38:00,2024-07-29,3.4,3.4,3.4,3.4,0,0,1
MIDCPNIFTY29JUL2411800PE.NFO,2024-06-05,09:39:00,2024-07-29,3.4,3.4,3.4,3.4,0,0,1
MIDCPNIFTY29JUL2411800PE.NFO,2024-06-05,09:40:00,2024-07-29,3.4,3.4,3.4,3.4,0,0,1
MIDCPNIFTY29JUL2411800PE.NFO,2024-06-05,09:41:00,2024-07-29,3.4,3.4,3.4,3.4,0,0,1
MIDCPNIFTY29JUL2411800PE.NFO,2024-06-05,09:42:00,2024-07-29,3.4,3.4,3.4,3.4,0,0,1
MIDCPNIFTY29JUL2411800PE.NFO,2024-06-05,09:43:00,2024-07-29,3.4,3.4,3.4,3.4,0,0,1
MIDCPNIFTY29JUL2411800PE.NFO,2024-06-05,09:44:00,2024-07-29,3.4,3.4,3.4,3.4,0,0,1
MIDCPNIFTY29JUL2411800PE.NFO,2024-06-05,09:45:00,2024-07-29,3.4,3.4,3.4,3.4,0,0,1
MIDCPNIFTY29JUL2411800PE.NFO,2024-06-05,09:46:00,2024-07-29,3.4,3.4,3.4,3.4,0,0,1
MIDCPNIFTY29JUL2411800PE.NFO,2024-06-05,09:47:00,2024-07-29,3.4,3.4,3.4,3.4,0,0,1
MIDCPNIFTY29JUL2411800PE.NFO,2024-06-05,09:48:00,2024-07-29,3.4,3.4,3.4,3.4,0,0,1
MIDCPNIFTY29JUL2411800PE.NFO,2024-06-05,09:49:00,2024-07-29,3.4,3.4,3.4,3.4,0,0,1
MIDCPNIFTY29JUL2411800PE.NFO,2024-06-05,09:50:00,2024-07-29,3.4,3.4,3.4,3.4,0,0,1
MIDCPNIFTY29JUL2411800PE.NFO,2024-06-05,09:51:00,2024-07-29,3.4,3.4,3.4,3.4,0,0,1
MIDCPNIFTY29JUL2411800PE.NFO,2024-06-05,09:52:00,2024-07-29,3.4,3.4,3.4,3.4,0,0,1
MIDCPNIFTY29JUL2411800PE.NFO,2024-06-05,09:53:00,2024-07-29,3.4,3.4,3.4,3.4,0,0,1
MIDCPNIFTY29JUL2411800PE.NFO,2024-06-05,09:54:00,2024-07-29,3.4,3.4,3.4,3.4,0,0,1
MIDCPNIFTY29JUL2411800PE.NFO,2024-06-05,09:55:00,2024-07-29,3.4,3.4,3.4,3.4,0,0,1
MIDCPNIFTY29JUL2411800PE.NFO,2024-06-05,09:56:00,2024-07-29,3.4,3.4,3.4,3.4,0,0,1
MIDCPNIFTY29JUL2411800PE.NFO,2024-06-05,09:57:00,2024-07-29,3.4,3.4,3.4,3.4,0,0,1
MIDCPNIFTY29JUL2411800PE.NFO,2024-06-05,09:58:00,2024-07-29,3.4,3.4,3.4,3.4,0,0,1
MIDCPNIFTY29JUL2411800PE.NFO,2024-06-05,09:59:00,2024-07-29,3.4,3.4,3.4,3.4,0,0,1
MIDCPNIFTY29JUL2411800PE.NFO,2024-06-05,10:00:00,2024-07-29,3.4,3.4,3.4,3.4,0,0,1
MIDCPNIFTY29JUL2411800PE.NFO,2024-06-05,10:01:00,2024-07-29,3.4,3.4,3.4,3.4,0,0,1
MIDCPNIFTY29JUL2411800PE.NFO,2024-06-05,10:02:00,2024-07-29,3.4,3.4,3.4,3.4,0,0,1
MIDCPNIFTY29JUL2411800PE.NFO,2024-06-05,10:03:00,2024-07-29,3.4,3.4,3.4,3.4,0,0,1
MIDCPNIFTY29JUL2411800PE.NFO,2024-06-05,10:04:00,2024-07-29,3.4,3.4,3.4,3.4,0,0,1
MIDCPNIFTY29JUL2411800PE.NFO,2024-06-05,10:05:00,2024-07-29,3.4,3.4,3.4,3.4,0,0,1
MIDCPNIFTY29JUL2411800PE.NFO,2024-06-05,10:06:00,2024-07-29,3.4,3.4,3.4,3.4,0,0,1
MIDCPNIFTY29JUL2411800PE.NFO,2024-06-05,10:07:00,2024-07-29,3.4,3.4,3.4,3.4,0,0,1
MIDCPNIFTY29JUL2411800PE.NFO,2024-06-05,10:08:00,2024-07-29,3.4,3.4,3.4,3.4,0,0,1
MIDCPNIFTY29JUL2411800PE.NFO,2024-06-05,10:09:00,2024-07-29,3.4,3.4,3.4,3.4,0,0,1
MIDCPNIFTY29JUL2411800PE.NFO,2024-06-05,10:10:00,2024-07-29,3.4,3.4,3.4,3.4,0,0,1
MIDCPNIFTY29JUL2411800PE.NFO,2024-06-05,10:11:00,2024-07-29,3.4,3.4,3.4,3.4,0,0,1
MIDCPNIFTY29JUL2411800PE.NFO,2024-06-05,10:12:00,2024-07-29,3.4,3.4,3.4,3.4,0,0,1
MIDCPNIFTY29JUL2411800PE.NFO,2024-06-05,10:13:00,2024-07-29,3.4,3.4,3.4,3.4,0,0,1
MIDCPNIFTY29JUL2411800PE.NFO,2024-06-05,10:14:00,2024-07-29,3.4,3.4,3.4,3.4,0,0,1
MIDCPNIFTY29JUL2411800PE.NFO,2024-06-05,10:15:00,2024-07-29,3.4,3.4,3.4,3.4,0,0,1
MIDCPNIFTY29JUL2411800PE.NFO,2024-06-05,10:16:00,2024-07-29,3.4,3.4,3.4,3.4,0,0,1
MIDCPNIFTY29JUL2411800PE.NFO,2024-06-05,10:17:00,2024-07-29,3.4,3.4,3.4,3.4,0,0,1
MIDCPNIFTY29JUL2411800PE.NFO,2024-06-05,10:18:00,2024-07-29,3.4,3.4,3.4,3.4,0,0,1
MIDCPNIFTY29JUL2411800PE.NFO,2024-06-05,10:19:00,2024-07-29,3.4,3.4,3.4,3.4,0,0,1
MIDCPNIFTY29JUL2411800PE.NFO,2024-06-05,10:20:00,2024-07-29,3.4,3.4,3.4,3.4,0,0,1
MIDCPNIFTY29JUL2411800PE.NFO,2024-06-05,10:21:00,2024-07-29,3.4,3.4,3.4,3.4,0,0,1
MIDCPNIFTY29JUL2411800PE.NFO,2024-06-05,10:22:00,2024-07-29,3.4,3.4,3.4,3.4,0,0,1
MIDCPNIFTY29JUL2411800PE.NFO,2024-06-05,10:23:00,2024-07-29,3.4,3.4,3.4,3.4,0,0,1
MIDCPNIFTY29JUL2411800PE.NFO,2024-06-05,10:24:00,2024-07-29,3.4,3.4,3.4,3.4,0,0,1
MIDCPNIFTY29JUL2411800PE.NFO,2024-06-05,10:25:00,2024-07-29,3.4,3.4,3.4,3.4,0,0,1
MIDCPNIFTY29JUL2411800PE.NFO,2024-06-05,10:26:00,2024-07-29,3.4,3.4,3.4,3.4,0,0,1
MIDCPNIFTY29JUL2411800PE.NFO,2024-06-05,10:27:00,2024-07-29,3.4,3.4,3.4,3.4,0,0,1
MIDCPNIFTY29JUL2411800PE.NFO,2024-06-05,10:28:00,2024-07-29,3.4,3.4,3.4,3.4,0,0,1
MIDCPNIFTY29JUL2411800PE.NFO,2024-06-05,10:29:00,2024-07-29,3.4,3.4,3.4,3.4,0,0,1
MIDCPNIFTY29JUL2411800PE.NFO,2024-06-05,10:30:00,2024-07-29,3.4,3.4,3.4,3.4,0,0,1
MIDCPNIFTY29JUL2411800PE.NFO,2024-06-05,10:31:00,2024-07-29,3.4,3.4,3.4,3.4,0,0,1
MIDCPNIFTY29JUL2411800PE.NFO,2024-06-05,10:32:00,2024-07-29,3.4,3.4,3.4,3.4,0,0,1
MIDCPNIFTY29JUL2411800PE.NFO,2024-06-05,10:33:00,2024-07-29,3.4,3.4,3.4,3.4,0,0,1
MIDCPNIFTY29JUL2411800PE.NFO,2024-06-05,10:34:00,2024-07-29,3.4,3.4,3.4,3.4,0,0,1
MIDCPNIFTY29JUL2411800PE.NFO,2024-06-05,10:35:00,2024-07-29,3.4,3.4,3.4,3.4,0,0,1
MIDCPNIFTY29JUL2411800PE.NFO,2024-06-05,10:36:00,2024-07-29,3.4,3.4,3.4,3.4,0,0,1
MIDCPNIFTY29JUL2411800PE.NFO,2024-06-05,10:37:00,2024-07-29,3.4,3.4,3.4,3.4,0,0,1
MIDCPNIFTY29JUL2411800PE.NFO,2024-06-05,10:38:00,2024-07-29,3.4,3.4,3.4,3.4,0,0,1
MIDCPNIFTY29JUL2411800PE.NFO,2024-06-05,10:39:00,2024-07-29,3.4,3.4,3.4,3.4,0,0,1
MIDCPNIFTY29JUL2411800PE.NFO,2024-06-05,10:40:00,2024-07-29,3.4,3.4,3.4,3.4,0,0,1
MIDCPNIFTY29JUL2411800PE.NFO,2024-06-05,10:41:00,2024-07-29,3.4,3.4,3.4,3.4,0,0,1
MIDCPNIFTY29JUL2411800PE.NFO,2024-06-05,10:42:00,2024-07-29,3.4,3.4,3.4,3.4,0,0,1
MIDCPNIFTY29JUL2411800PE.NFO,2024-06-05,10:43:00,2024-07-29,3.4,3.4,3.4,3.4,0,0,1
MIDCPNIFTY29JUL2411800PE.NFO,2024-06-05,10:44:00,2024-07-29,3.4,3.4,3.4,3.4,0,0,1
MIDCPNIFTY29JUL2411800PE.NFO,2024-06-05,10:45:00,2024-07-29,3.4,3.4,3.4,3.4,0,0,1
MIDCPNIFTY29JUL2411800PE.NFO,2024-06-05,10:46:00,2024-07-29,3.4,3.4,3.4,3.4,0,0,1
MIDCPNIFTY29JUL2411800PE.NFO,2024-06-05,10:47:00,2024-07-29,3.4,3.4,3.4,3.4,0,0,1
MIDCPNIFTY29JUL2411800PE.NFO,2024-06-05,10:48:00,2024-07-29,3.4,3.4,3.4,3.4,0,0,1
MIDCPNIFTY29JUL2411800PE.NFO,2024-06-05,10:49:00,2024-07-29,3.4,3.4,3.4,3.4,0,0,1
MIDCPNIFTY29JUL2411800PE.NFO,2024-06-05,10:50:00,2024-07-29,3.4,3.4,3.4,3.4,0,0,1
MIDCPNIFTY29JUL2411800PE.NFO,2024-06-05,10:51:00,2024-07-29,3.4,3.4,3.4,3.4,0,0,1
MIDCPNIFTY29JUL2411800PE.NFO,2024-06-05,10:52:00,2024-07-29,3.4,3.4,3.4,3.4,0,0,1
MIDCPNIFTY29JUL2411800PE.NFO,2024-06-05,10:53:00,2024-07-29,3.4,3.4,3.4,3.4,0,0,1
MIDCPNIFTY29JUL2411800PE.NFO,2024-06-05,10:54:00,2024-07-29,3.4,3.4,3.4,3.4,0,0,1
MIDCPNIFTY29JUL2411800PE.NFO,2024-06-05,10:55:00,2024-07-29,3.4,3.4,3.4,3.4,0,0,1
MIDCPNIFTY29JUL2411800PE.NFO,2024-06-05,10:56:00,2024-07-29,3.4,3.4,3.4,3.4,0,0,1
MIDCPNIFTY29JUL2411800PE.NFO,2024-06-05,10:57:00,2024-07-29,3.4,3.4,3.4,3.4,0,0,1
MIDCPNIFTY29JUL2411800PE.NFO,2024-06-05,10:58:00,2024-07-29,3.4,3.4,3.4,3.4,0,0,1
MIDCPNIFTY29JUL2411800PE.NFO,2024-06-05,10:59:00,2024-07-29,3.4,3.4,3.4,3.4,0,0,1
MIDCPNIFTY29JUL2411800PE.NFO,2024-06-05,11:00:00,2024-07-29,3.4,3.4,3.4,3.4,0,0,1
MIDCPNIFTY29JUL2411800PE.NFO,2024-06-05,11:01:00,2024-07-29,3.4,3.4,3.4,3.4,0,0,1
MIDCPNIFTY29JUL2411800PE.NFO,2024-06-05,11:02:00,2024-07-29,3.4,3.4,3.4,3.4,0,0,1
MIDCPNIFTY29JUL2411800PE.NFO,2024-06-05,11:03:00,2024-07-29,3.4,3.4,3.4,3.4,0,0,1
MIDCPNIFTY29JUL2411800PE.NFO,2024-06-05,11:04:00,2024-07-29,3.4,3.4,3.4,3.4,0,0,1
MIDCPNIFTY29JUL2411800PE.NFO,2024-06-05,11:05:00,2024-07-29,3.4,3.4,3.4,3.4,0,0,1
MIDCPNIFTY29JUL2411800PE.NFO,2024-06-05,11:06:00,2024-07-29,3.4,3.4,3.4,3.4,0,0,1
MIDCPNIFTY29JUL2411800PE.NFO,2024-06-05,11:07:00,2024-07-29,3.4,3.4,3.4,3.4,0,0,1
MIDCPNIFTY29JUL2411800PE.NFO,2024-06-05,11:08:00,2024-07-29,3.4,3.4,3.4,3.4,0,0,1
MIDCPNIFTY29JUL2411800PE.NFO,2024-06-05,11:09:00,2024-07-29,3.4,3.4,3.4,3.4,0,0,1
MIDCPNIFTY29JUL2411800PE.NFO,2024-06-05,11:10:00,2024-07-29,3.4,3.4,3.4,3.4,0,0,1
MIDCPNIFTY29JUL2411800PE.NFO,2024-06-05,11:11:00,2024-07-29,3.4,3.4,3.4,3.4,0,0,1
MIDCPNIFTY29JUL2411800PE.NFO,2024-06-05,11:12:00,2024-07-29,3.4,3.4,3.4,3.4,0,0,1
MIDCPNIFTY29JUL2411800PE.NFO,2024-06-05,11:13:00,2024-07-29,3.4,3.4,3.4,3.4,0,0,1
MIDCPNIFTY29JUL2411800PE.NFO,2024-06-05,11:14:00,2024-07-29,3.4,3.4,3.4,3.4,0,0,1
MIDCPNIFTY29JUL2411800PE.NFO,2024-06-05,11:15:00,2024-07-29,3.4,3.4,3.4,3.4,0,0,1
MIDCPNIFTY29JUL2411800PE.NFO,2024-06-05,11:16:00,2024-07-29,3.4,3.4,3.4,3.4,0,0,1
MIDCPNIFTY29JUL2411800PE.NFO,2024-06-05,11:17:00,2024-07-29,3.4,3.4,3.4,3.4,0,0,1
MIDCPNIFTY29JUL2411800PE.NFO,2024-06-05,11:18:00,2024-07-29,3.4,3.4,3.4,3.4,0,0,1
MIDCPNIFTY29JUL2411800PE.NFO,2024-06-05,11:19:00,2024-07-29,3.4,3.4,3.4,3.4,0,0,1
MIDCPNIFTY29JUL2411800PE.NFO,2024-06-05,11:20:00,2024-07-29,3.4,3.4,3.4,3.4,0,0,1
MIDCPNIFTY29JUL2411800PE.NFO,2024-06-05,11:21:00,2024-07-29,3.4,3.4,3.4,3.4,0,0,1
MIDCPNIFTY29JUL2411800PE.NFO,2024-06-05,11:22:00,2024-07-29,3.4,3.4,3.4,3.4,0,0,1
MIDCPNIFTY29JUL2411800PE.NFO,2024-06-05,11:23:00,2024-07-29,3.4,3.4,3.4,3.4,0,0,1
MIDCPNIFTY29JUL2411800PE.NFO,2024-06-05,11:24:00,2024-07-29,3.4,3.4,3.4,3.4,0,0,1
MIDCPNIFTY29JUL2411800PE.NFO,2024-06-05,11:25:00,2024-07-29,3.4,3.4,3.4,3.4,0,0,1
MIDCPNIFTY29JUL2411800PE.NFO,2024-06-05,11:26:00,2024-07-29,3.4,3.4,3.4,3.4,0,0,1
MIDCPNIFTY29JUL2411800PE.NFO,2024-06-05,11:27:00,2024-07-29,3.4,3.4,3.4,3.4,0,0,1
MIDCPNIFTY29JUL2411800PE.NFO,2024-06-05,11:28:00,2024-07-29,3.4,3.4,3.4,3.4,0,0,1
MIDCPNIFTY29JUL2411800PE.NFO,2024-06-05,11:29:00,2024-07-29,3.4,3.4,3.4,3.4,0,0,1
MIDCPNIFTY29JUL2411800PE.NFO,2024-06-05,11:30:00,2024-07-29,3.4,3.4,3.4,3.4,0,0,1
MIDCPNIFTY29JUL2411800PE.NFO,2024-06-05,11:31:00,2024-07-29,3.4,3.4,3.4,3.4,0,0,1
MIDCPNIFTY29JUL2411800PE.NFO,2024-06-05,11:32:00,2024-07-29,3.4,3.4,3.4,3.4,0,0,1
MIDCPNIFTY29JUL2411800PE.NFO,2024-06-05,11:33:00,2024-07-29,3.4,3.4,3.4,3.4,0,0,1
MIDCPNIFTY29JUL2411800PE.NFO,2024-06-05,11:34:00,2024-07-29,3.4,3.4,3.4,3.4,0,0,1
MIDCPNIFTY29JUL2411800PE.NFO,2024-06-05,11:35:00,2024-07-29,3.4,3.4,3.4,3.4,0,0,1
MIDCPNIFTY29JUL2411800PE.NFO,2024-06-05,11:36:00,2024-07-29,3.4,3.4,3.4,3.4,0,0,1
MIDCPNIFTY29JUL2411800PE.NFO,2024-06-05,11:37:00,2024-07-29,3.4,3.4,3.4,3.4,0,0,1
MIDCPNIFTY29JUL2411800PE.NFO,2024-06-05,11:38:00,2024-07-29,3.4,3.4,3.4,3.4,0,0,1
MIDCPNIFTY29JUL2411800PE.NFO,2024-06-05,11:39:00,2024-07-29,3.4,3.4,3.4,3.4,0,0,1
MIDCPNIFTY29JUL2411800PE.NFO,2024-06-05,11:40:00,2024-07-29,3.4,3.4,3.4,3.4,0,0,1
MIDCPNIFTY29JUL2411800PE.NFO,2024-06-05,11:41:00,2024-07-29,3.4,3.4,3.4,3.4,0,0,1
MIDCPNIFTY29JUL2411800PE.NFO,2024-06-05,11:42:00,2024-07-29,3.4,3.4,3.4,3.4,0,0,1
MIDCPNIFTY29JUL2411800PE.NFO,2024-06-05,11:43:00,2024-07-29,3.4,3.4,3.4,3.4,0,0,1
MIDCPNIFTY29JUL2411800PE.NFO,2024-06-05,11:44:00,2024-07-29,3.4,3.4,3.4,3.4,0,0,1
MIDCPNIFTY29JUL2411800PE.NFO,2024-06-05,11:45:00,2024-07-29,3.4,3.4,3.4,3.4,0,0,1
MIDCPNIFTY29JUL2411800PE.NFO,2024-06-05,11:46:00,2024-07-29,3.4,3.4,3.4,3.4,0,0,1
MIDCPNIFTY29JUL2411800PE.NFO,2024-06-05,11:47:00,2024-07-29,3.4,3.4,3.4,3.4,0,0,1
MIDCPNIFTY29JUL2411800PE.NFO,2024-06-05,11:48:00,2024-07-29,3.4,3.4,3.4,3.4,0,0,1
MIDCPNIFTY29JUL2411800PE.NFO,2024-06-05,11:49:00,2024-07-29,3.4,3.4,3.4,3.4,0,0,1
MIDCPNIFTY29JUL2411800PE.NFO,2024-06-05,11:50:00,2024-07-29,3.4,3.4,3.4,3.4,0,0,1
MIDCPNIFTY29JUL2411800PE.NFO,2024-06-05,11:51:00,2024-07-29,3.4,3.4,3.4,3.4,0,0,1
MIDCPNIFTY29JUL2411800PE.NFO,2024-06-05,11:52:00,2024-07-29,3.4,3.4,3.4,3.4,0,0,1
MIDCPNIFTY29JUL2411800PE.NFO,2024-06-05,11:53:00,2024-07-29,3.4,3.4,3.4,3.4,0,0,1
MIDCPNIFTY29JUL2411800PE.NFO,2024-06-05,11:54:00,2024-07-29,3.4,3.4,3.4,3.4,0,0,1
MIDCPNIFTY29JUL2411800PE.NFO,2024-06-05,11:55:00,2024-07-29,3.4,3.4,3.4,3.4,0,0,1
MIDCPNIFTY29JUL2411800PE.NFO,2024-06-05,11:56:00,2024-07-29,3.4,3.4,3.4,3.4,0,0,1
MIDCPNIFTY29JUL2411800PE.NFO,2024-06-05,11:57:00,2024-07-29,3.4,3.4,3.4,3.4,0,0,1
MIDCPNIFTY29JUL2411800PE.NFO,2024-06-05,11:58:00,2024-07-29,3.4,3.4,3.4,3.4,0,0,1
MIDCPNIFTY29JUL2411800PE.NFO,2024-06-05,11:59:00,2024-07-29,3.4,3.4,3.4,3.4,0,0,1
MIDCPNIFTY29JUL2411800PE.NFO,2024-06-05,12:00:00,2024-07-29,3.4,3.4,3.4,3.4,0,0,1
MIDCPNIFTY29JUL2411800PE.NFO,2024-06-05,12:01:00,2024-07-29,3.4,3.4,3.4,3.4,0,0,1
MIDCPNIFTY29JUL2411800PE.NFO,2024-06-05,12:02:00,2024-07-29,3.4,3.4,3.4,3.4,0,0,1
MIDCPNIFTY29JUL2411800PE.NFO,2024-06-05,12:03:00,2024-07-29,3.4,3.4,3.4,3.4,0,0,1
MIDCPNIFTY29JUL2411800PE.NFO,2024-06-05,12:04:00,2024-07-29,3.4,3.4,3.4,3.4,0,0,1
MIDCPNIFTY29JUL2411800PE.NFO,2024-06-05,12:05:00,2024-07-29,3.4,3.4,3.4,3.4,0,0,1
MIDCPNIFTY29JUL2411800PE.NFO,2024-06-05,12:06:00,2024-07-29,3.4,3.4,3.4,3.4,0,0,1
MIDCPNIFTY29JUL2411800PE.NFO,2024-06-05,12:07:00,2024-07-29,3.4,3.4,3.4,3.4,0,0,1
MIDCPNIFTY29JUL2411800PE.NFO,2024-06-05,12:08:00,2024-07-29,3.4,3.4,3.4,3.4,0,0,1
MIDCPNIFTY29JUL2411800PE.NFO,2024-06-05,12:09:00,2024-07-29,3.4,3.4,3.4,3.4,0,0,1
MIDCPNIFTY29JUL2411800PE.NFO,2024-06-05,12:10:00,2024-07-29,3.4,3.4,3.4,3.4,0,0,1
MIDCPNIFTY29JUL2411800PE.NFO,2024-06-05,12:11:00,2024-07-29,3.4,3.4,3.4,3.4,0,0,1
MIDCPNIFTY29JUL2411800PE.NFO,2024-06-05,12:12:00,2024-07-29,3.4,3.4,3.4,3.4,0,0,1
MIDCPNIFTY29JUL2411800PE.NFO,2024-06-05,12:13:00,2024-07-29,3.4,3.4,3.4,3.4,0,0,1
MIDCPNIFTY29JUL2411800PE.NFO,2024-06-05,12:14:00,2024-07-29,3.4,3.4,3.4,3.4,0,0,1
MIDCPNIFTY29JUL2411800PE.NFO,2024-06-05,12:15:00,2024-07-29,3.4,3.4,3.4,3.4,0,0,1
MIDCPNIFTY29JUL2411800PE.NFO,2024-06-05,12:16:00,2024-07-29,3.4,3.4,3.4,3.4,0,0,1
MIDCPNIFTY29JUL2411800PE.NFO,2024-06-05,12:17:00,2024-07-29,3.4,3.4,3.4,3.4,0,0,1
MIDCPNIFTY29JUL2411800PE.NFO,2024-06-05,12:18:00,2024-07-29,3.4,3.4,3.4,3.4,0,0,1
MIDCPNIFTY29JUL2411800PE.NFO,2024-06-05,12:19:00,2024-07-29,3.4,3.4,3.4,3.4,0,0,1
MIDCPNIFTY29JUL2411800PE.NFO,2024-06-05,12:20:00,2024-07-29,3.4,3.4,3.4,3.4,0,0,1
MIDCPNIFTY29JUL2411800PE.NFO,2024-06-05,12:21:00,2024-07-29,3.4,3.4,3.4,3.4,0,0,1
MIDCPNIFTY29JUL2411800PE.NFO,2024-06-05,12:22:00,2024-07-29,3.4,3.4,3.4,3.4,0,0,1
MIDCPNIFTY29JUL2411800PE.NFO,2024-06-05,12:23:00,2024-07-29,3.4,3.4,3.4,3.4,0,0,1
MIDCPNIFTY29JUL2411800PE.NFO,2024-06-05,12:24:00,2024-07-29,3.4,3.4,3.4,3.4,0,0,1
MIDCPNIFTY29JUL2411800PE.NFO,2024-06-05,12:25:00,2024-07-29,3.4,3.4,3.4,3.4,0,0,1
MIDCPNIFTY29JUL2411800PE.NFO,2024-06-05,12:26:00,2024-07-29,3.4,3.4,3.4,3.4,0,0,1
MIDCPNIFTY29JUL2411800PE.NFO,2024-06-05,12:27:00,2024-07-29,3.4,3.4,3.4,3.4,0,0,1
MIDCPNIFTY29JUL2411800PE.NFO,2024-06-05,12:28:00,2024-07-29,3.4,3.4,3.4,3.4,0,0,1
MIDCPNIFTY29JUL2411800PE.NFO,2024-06-05,12:29:00,2024-07-29,3.4,3.4,3.4,3.4,0,0,1
MIDCPNIFTY29JUL2411800PE.NFO,2024-06-05,12:30:00,2024-07-29,3.4,3.4,3.4,3.4,0,0,1
MIDCPNIFTY29JUL2411800PE.NFO,2024-06-05,12:31:00,2024-07-29,3.4,3.4,3.4,3.4,0,0,1
MIDCPNIFTY29JUL2411800PE.NFO,2024-06-05,12:32:00,2024-07-29,3.4,3.4,3.4,3.4,0,0,1
MIDCPNIFTY29JUL2411800PE.NFO,2024-06-05,12:33:00,2024-07-29,3.4,3.4,3.4,3.4,0,0,1
MIDCPNIFTY29JUL2411800PE.NFO,2024-06-05,12:34:00,2024-07-29,3.4,3.4,3.4,3.4,0,0,1
MIDCPNIFTY29JUL2411800PE.NFO,2024-06-05,12:35:00,2024-07-29,3.4,3.4,3.4,3.4,0,0,1
MIDCPNIFTY29JUL2411800PE.NFO,2024-06-05,12:36:00,2024-07-29,3.4,3.4,3.4,3.4,0,0,1
MIDCPNIFTY29JUL2411800PE.NFO,2024-06-05,12:37:00,2024-07-29,3.4,3.4,3.4,3.4,0,0,1
MIDCPNIFTY29JUL2411800PE.NFO,2024-06-05,12:38:00,2024-07-29,3.4,3.4,3.4,3.4,0,0,1
MIDCPNIFTY29JUL2411800PE.NFO,2024-06-05,12:39:00,2024-07-29,3.4,3.4,3.4,3.4,0,0,1
MIDCPNIFTY29JUL2411800PE.NFO,2024-06-05,12:40:00,2024-07-29,3.4,3.4,3.4,3.4,0,0,1
MIDCPNIFTY29JUL2411800PE.NFO,2024-06-05,12:41:00,2024-07-29,3.4,3.4,3.4,3.4,0,0,1
MIDCPNIFTY29JUL2411800PE.NFO,2024-06-05,12:42:00,2024-07-29,3.4,3.4,3.4,3.4,0,0,1
MIDCPNIFTY29JUL2411800PE.NFO,2024-06-05,12:43:00,2024-07-29,3.4,3.4,3.4,3.4,0,0,1
MIDCPNIFTY29JUL2411800PE.NFO,2024-06-05,12:44:00,2024-07-29,3.4,3.4,3.4,3.4,0,0,1
MIDCPNIFTY29JUL2411800PE.NFO,2024-06-05,12:45:00,2024-07-29,3.4,3.4,3.4,3.4,0,0,1
MIDCPNIFTY29JUL2411800PE.NFO,2024-06-05,12:46:00,2024-07-29,3.4,3.4,3.4,3.4,0,0,1
MIDCPNIFTY29JUL2411800PE.NFO,2024-06-05,12:47:00,2024-07-29,3.4,3.4,3.4,3.4,0,0,1
MIDCPNIFTY29JUL2411800PE.NFO,2024-06-05,12:48:00,2024-07-29,3.4,3.4,3.4,3.4,0,0,1
MIDCPNIFTY29JUL2411800PE.NFO,2024-06-05,12:49:00,2024-07-29,3.4,3.4,3.4,3.4,0,0,1
MIDCPNIFTY29JUL2411800PE.NFO,2024-06-05,12:50:00,2024-07-29,3.4,3.4,3.4,3.4,0,0,1
MIDCPNIFTY29JUL2411800PE.NFO,2024-06-05,12:51:00,2024-07-29,3.4,3.4,3.4,3.4,0,0,1
MIDCPNIFTY29JUL2411800PE.NFO,2024-06-05,12:52:00,2024-07-29,3.4,3.4,3.4,3.4,0,0,1
MIDCPNIFTY29JUL2411800PE.NFO,2024-06-05,12:53:00,2024-07-29,3.4,3.4,3.4,3.4,0,0,1
MIDCPNIFTY29JUL2411800PE.NFO,2024-06-05,12:54:00,2024-07-29,3.4,3.4,3.4,3.4,0,0,1
MIDCPNIFTY29JUL2411800PE.NFO,2024-06-05,12:55:00,2024-07-29,3.4,3.4,3.4,3.4,0,0,1
MIDCPNIFTY29JUL2411800PE.NFO,2024-06-05,12:56:00,2024-07-29,3.4,3.4,3.4,3.4,0,0,1
MIDCPNIFTY29JUL2411800PE.NFO,2024-06-05,12:57:00,2024-07-29,3.4,3.4,3.4,3.4,0,0,1
MIDCPNIFTY29JUL2411800PE.NFO,2024-06-05,12:58:00,2024-07-29,3.4,3.4,3.4,3.4,0,0,1
MIDCPNIFTY29JUL2411800PE.NFO,2024-06-05,12:59:00,2024-07-29,3.4,3.4,3.4,3.4,0,0,1
MIDCPNIFTY29JUL2411800PE.NFO,2024-06-05,13:00:00,2024-07-29,3.4,3.4,3.4,3.4,0,0,1
MIDCPNIFTY29JUL2411800PE.NFO,2024-06-05,13:01:00,2024-07-29,3.4,3.4,3.4,3.4,0,0,1
MIDCPNIFTY29JUL2411800PE.NFO,2024-06-05,13:02:00,2024-07-29,3.4,3.4,3.4,3.4,0,0,1
MIDCPNIFTY29JUL2411800PE.NFO,2024-06-05,13:03:00,2024-07-29,3.4,3.4,3.4,3.4,0,0,1
MIDCPNIFTY29JUL2411800PE.NFO,2024-06-05,13:04:00,2024-07-29,3.4,3.4,3.4,3.4,0,0,1
MIDCPNIFTY29JUL2411800PE.NFO,2024-06-05,13:05:00,2024-07-29,3.4,3.4,3.4,3.4,0,0,1
MIDCPNIFTY29JUL2411800PE.NFO,2024-06-05,13:06:00,2024-07-29,3.4,3.4,3.4,3.4,0,0,1
MIDCPNIFTY29JUL2411800PE.NFO,2024-06-05,13:07:00,2024-07-29,3.4,3.4,3.4,3.4,0,0,1
MIDCPNIFTY29JUL2411800PE.NFO,2024-06-05,13:08:00,2024-07-29,3.4,3.4,3.4,3.4,0,0,1
MIDCPNIFTY29JUL2411800PE.NFO,2024-06-05,13:09:00,2024-07-29,3.4,3.4,3.4,3.4,0,0,1
MIDCPNIFTY29JUL2411800PE.NFO,2024-06-05,13:10:00,2024-07-29,3.4,3.4,3.4,3.4,0,0,1
MIDCPNIFTY29JUL2411800PE.NFO,2024-06-05,13:11:00,2024-07-29,3.4,3.4,3.4,3.4,0,0,1
MIDCPNIFTY29JUL2411800PE.NFO,2024-06-05,13:12:00,2024-07-29,3.4,3.4,3.4,3.4,0,0,1
MIDCPNIFTY29JUL2411800PE.NFO,2024-06-05,13:13:00,2024-07-29,3.4,3.4,3.4,3.4,0,0,1
MIDCPNIFTY29JUL2411800PE.NFO,2024-06-05,13:14:00,2024-07-29,3.4,3.4,3.4,3.4,0,0,1
MIDCPNIFTY29JUL2411800PE.NFO,2024-06-05,13:15:00,2024-07-29,3.4,3.4,3.4,3.4,0,0,1
MIDCPNIFTY29JUL2411800PE.NFO,2024-06-05,13:16:00,2024-07-29,3.4,3.4,3.4,3.4,0,0,1
MIDCPNIFTY29JUL2411800PE.NFO,2024-06-05,13:17:00,2024-07-29,3.4,3.4,3.4,3.4,0,0,1
MIDCPNIFTY29JUL2411800PE.NFO,2024-06-05,13:18:00,2024-07-29,3.4,3.4,3.4,3.4,0,0,1
MIDCPNIFTY29JUL2411800PE.NFO,2024-06-05,13:19:00,2024-07-29,3.4,3.4,3.4,3.4,0,0,1
MIDCPNIFTY29JUL2411800PE.NFO,2024-06-05,13:20:00,2024-07-29,3.4,3.4,3.4,3.4,0,0,1
MIDCPNIFTY29JUL2411800PE.NFO,2024-06-05,13:21:00,2024-07-29,3.4,3.4,3.4,3.4,0,0,1
MIDCPNIFTY29JUL2411800PE.NFO,2024-06-05,13:22:00,2024-07-29,3.4,3.4,3.4,3.4,0,0,1
MIDCPNIFTY29JUL2411800PE.NFO,2024-06-05,13:23:00,2024-07-29,3.4,3.4,3.4,3.4,0,0,1
MIDCPNIFTY29JUL2411800PE.NFO,2024-06-05,13:24:00,2024-07-29,3.4,3.4,3.4,3.4,0,0,1
MIDCPNIFTY29JUL2411800PE.NFO,2024-06-05,13:25:00,2024-07-29,3.4,3.4,3.4,3.4,0,0,1
MIDCPNIFTY29JUL2411800PE.NFO,2024-06-05,13:26:00,2024-07-29,3.4,3.4,3.4,3.4,0,0,1
MIDCPNIFTY29JUL2411800PE.NFO,2024-06-05,13:27:00,2024-07-29,3.4,3.4,3.4,3.4,0,0,1
MIDCPNIFTY29JUL2411800PE.NFO,2024-06-05,13:28:00,2024-07-29,3.4,3.4,3.4,3.4,0,0,1
MIDCPNIFTY29JUL2411800PE.NFO,2024-06-05,13:29:00,2024-07-29,3.4,3.4,3.4,3.4,0,0,1
MIDCPNIFTY29JUL2411800PE.NFO,2024-06-05,13:30:00,2024-07-29,3.4,3.4,3.4,3.4,0,0,1
MIDCPNIFTY29JUL2411800PE.NFO,2024-06-05,13:31:00,2024-07-29,3.4,3.4,3.4,3.4,0,0,1
MIDCPNIFTY29JUL2411800PE.NFO,2024-06-05,13:32:00,2024-07-29,3.4,3.4,3.4,3.4,0,0,1
MIDCPNIFTY29JUL2411800PE.NFO,2024-06-05,13:33:00,2024-07-29,3.4,3.4,3.4,3.4,0,0,1
MIDCPNIFTY29JUL2411800PE.NFO,2024-06-05,13:34:00,2024-07-29,3.4,3.4,3.4,3.4,0,0,1
MIDCPNIFTY29JUL2411800PE.NFO,2024-06-05,13:35:00,2024-07-29,3.4,3.4,3.4,3.4,0,0,1
MIDCPNIFTY29JUL2411800PE.NFO,2024-06-05,13:36:00,2024-07-29,3.4,3.4,3.4,3.4,0,0,1
MIDCPNIFTY29JUL2411800PE.NFO,2024-06-05,13:37:00,2024-07-29,3.4,3.4,3.4,3.4,0,0,1
MIDCPNIFTY29JUL2411800PE.NFO,2024-06-05,13:38:00,2024-07-29,3.4,3.4,3.4,3.4,0,0,1
MIDCPNIFTY29JUL2411800PE.NFO,2024-06-05,13:39:00,2024-07-29,3.4,3.4,3.4,3.4,0,0,1
MIDCPNIFTY29JUL2411800PE.NFO,2024-06-05,13:40:00,2024-07-29,3.4,3.4,3.4,3.4,0,0,1
MIDCPNIFTY29JUL2411800PE.NFO,2024-06-05,13:41:00,2024-07-29,3.4,3.4,3.4,3.4,0,0,1
MIDCPNIFTY29JUL2411800PE.NFO,2024-06-05,13:42:00,2024-07-29,3.4,3.4,3.4,3.4,0,0,1
MIDCPNIFTY29JUL2411800PE.NFO,2024-06-05,13:43:00,2024-07-29,3.4,3.4,3.4,3.4,0,0,1
MIDCPNIFTY29JUL2411800PE.NFO,2024-06-05,13:44:00,2024-07-29,3.4,3.4,3.4,3.4,0,0,1
MIDCPNIFTY29JUL2411800PE.NFO,2024-06-05,13:45:00,2024-07-29,3.4,3.4,3.4,3.4,0,0,1
MIDCPNIFTY29JUL2411800PE.NFO,2024-06-05,13:46:00,2024-07-29,3.4,3.4,3.4,3.4,0,0,1
MIDCPNIFTY29JUL2411800PE.NFO,2024-06-05,13:47:00,2024-07-29,3.4,3.4,3.4,3.4,0,0,1
MIDCPNIFTY29JUL2411800PE.NFO,2024-06-05,13:48:00,2024-07-29,3.4,3.4,3.4,3.4,0,0,1
MIDCPNIFTY29JUL2411800PE.NFO,2024-06-05,13:49:00,2024-07-29,3.4,3.4,3.4,3.4,0,0,1
MIDCPNIFTY29JUL2411800PE.NFO,2024-06-05,13:50:00,2024-07-29,3.4,3.4,3.4,3.4,0,0,1
MIDCPNIFTY29JUL2411800PE.NFO,2024-06-05,13:51:00,2024-07-29,3.4,3.4,3.4,3.4,0,0,1
MIDCPNIFTY29JUL2411800PE.NFO,2024-06-05,13:52:00,2024-07-29,3.4,3.4,3.4,3.4,0,0,1
MIDCPNIFTY29JUL2411800PE.NFO,2024-06-05,13:53:00,2024-07-29,3.4,3.4,3.4,3.4,0,0,1
MIDCPNIFTY29JUL2411800PE.NFO,2024-06-05,13:54:00,2024-07-29,3.4,3.4,3.4,3.4,0,0,1
MIDCPNIFTY29JUL2411800PE.NFO,2024-06-05,13:55:00,2024-07-29,3.4,3.4,3.4,3.4,0,0,1
MIDCPNIFTY29JUL2411800PE.NFO,2024-06-05,13:56:00,2024-07-29,3.4,3.4,3.4,3.4,0,0,1
MIDCPNIFTY29JUL2411800PE.NFO,2024-06-05,13:57:00,2024-07-29,3.4,3.4,3.4,3.4,0,0,1
MIDCPNIFTY29JUL2411800PE.NFO,2024-06-05,13:58:00,2024-07-29,3.4,3.4,3.4,3.4,0,0,1
MIDCPNIFTY29JUL2411800PE.NFO,2024-06-05,13:59:00,2024-07-29,3.4,3.4,3.4,3.4,0,0,1
MIDCPNIFTY29JUL2411800PE.NFO,2024-06-05,14:00:00,2024-07-29,3.4,3.4,3.4,3.4,0,0,1
MIDCPNIFTY29JUL2411800PE.NFO,2024-06-05,14:01:00,2024-07-29,3.4,3.4,3.4,3.4,0,0,1
MIDCPNIFTY29JUL2411800PE.NFO,2024-06-05,14:02:00,2024-07-29,3.4,3.4,3.4,3.4,0,0,1
MIDCPNIFTY29JUL2411800PE.NFO,2024-06-05,14:03:00,2024-07-29,3.4,3.4,3.4,3.4,0,0,1
MIDCPNIFTY29JUL2411800PE.NFO,2024-06-05,14:04:00,2024-07-29,3.4,3.4,3.4,3.4,0,0,1
MIDCPNIFTY29JUL2411800PE.NFO,2024-06-05,14:05:00,2024-07-29,3.4,3.4,3.4,3.4,0,0,1
MIDCPNIFTY29JUL2411800PE.NFO,2024-06-05,14:06:00,2024-07-29,3.4,3.4,3.4,3.4,0,0,1
MIDCPNIFTY29JUL2411800PE.NFO,2024-06-05,14:07:00,2024-07-29,3.4,3.4,3.4,3.4,0,0,1
MIDCPNIFTY29JUL2411800PE.NFO,2024-06-05,14:08:00,2024-07-29,3.4,3.4,3.4,3.4,0,0,1
MIDCPNIFTY29JUL2411800PE.NFO,2024-06-05,14:09:00,2024-07-29,3.4,3.4,3.4,3.4,0,0,1
MIDCPNIFTY29JUL2411800PE.NFO,2024-06-05,14:10:00,2024-07-29,3.4,3.4,3.4,3.4,0,0,1
MIDCPNIFTY29JUL2411800PE.NFO,2024-06-05,14:11:00,2024-07-29,3.4,3.4,3.4,3.4,0,0,1
MIDCPNIFTY29JUL2411800PE.NFO,2024-06-05,14:12:00,2024-07-29,3.4,3.4,3.4,3.4,0,0,1
MIDCPNIFTY29JUL2411800PE.NFO,2024-06-05,14:13:00,2024-07-29,3.4,3.4,3.4,3.4,0,0,1
MIDCPNIFTY29JUL2411800PE.NFO,2024-06-05,14:14:00,2024-07-29,3.4,3.4,3.4,3.4,0,0,1
MIDCPNIFTY29JUL2411800PE.NFO,2024-06-05,14:15:00,2024-07-29,3.4,3.4,3.4,3.4,0,0,1
MIDCPNIFTY29JUL2411800PE.NFO,2024-06-05,14:16:00,2024-07-29,3.4,3.4,3.4,3.4,0,0,1
MIDCPNIFTY29JUL2411800PE.NFO,2024-06-05,14:17:00,2024-07-29,3.4,3.4,3.4,3.4,0,0,1
MIDCPNIFTY29JUL2411800PE.NFO,2024-06-05,14:18:00,2024-07-29,3.4,3.4,3.4,3.4,0,0,1
MIDCPNIFTY29JUL2411800PE.NFO,2024-06-05,14:19:00,2024-07-29,3.4,3.4,3.4,3.4,0,0,1
MIDCPNIFTY29JUL2411800PE.NFO,2024-06-05,14:20:00,2024-07-29,3.4,3.4,3.4,3.4,0,0,1
MIDCPNIFTY29JUL2411800PE.NFO,2024-06-05,14:21:00,2024-07-29,3.4,3.4,3.4,3.4,0,0,1
MIDCPNIFTY29JUL2411800PE.NFO,2024-06-05,14:22:00,2024-07-29,3.4,3.4,3.4,3.4,0,0,1
MIDCPNIFTY29JUL2411800PE.NFO,2024-06-05,14:23:00,2024-07-29,3.4,3.4,3.4,3.4,0,0,1
MIDCPNIFTY29JUL2411800PE.NFO,2024-06-05,14:24:00,2024-07-29,3.4,3.4,3.4,3.4,0,0,1
MIDCPNIFTY29JUL2411800PE.NFO,2024-06-05,14:25:00,2024-07-29,3.4,3.4,3.4,3.4,0,0,1
MIDCPNIFTY29JUL2411800PE.NFO,2024-06-05,14:26:00,2024-07-29,3.4,3.4,3.4,3.4,0,0,1
MIDCPNIFTY29JUL2411800PE.NFO,2024-06-05,14:27:00,2024-07-29,3.4,3.4,3.4,3.4,0,0,1
MIDCPNIFTY29JUL2411800PE.NFO,2024-06-05,14:28:00,2024-07-29,3.4,3.4,3.4,3.4,0,0,1
MIDCPNIFTY29JUL2411800PE.NFO,2024-06-05,14:29:00,2024-07-29,3.4,3.4,3.4,3.4,0,0,1
MIDCPNIFTY29JUL2411800PE.NFO,2024-06-05,14:30:00,2024-07-29,3.4,3.4,3.4,3.4,0,0,1
MIDCPNIFTY29JUL2411800PE.NFO,2024-06-05,14:31:00,2024-07-29,3.4,3.4,3.4,3.4,0,0,1
MIDCPNIFTY29JUL2411800PE.NFO,2024-06-05,14:32:00,2024-07-29,3.4,3.4,3.4,3.4,0,0,1
MIDCPNIFTY29JUL2411800PE.NFO,2024-06-05,14:33:00,2024-07-29,3.4,3.4,3.4,3.4,0,0,1
MIDCPNIFTY29JUL2411800PE.NFO,2024-06-05,14:34:00,2024-07-29,3.4,3.4,3.4,3.4,0,0,1
MIDCPNIFTY29JUL2411800PE.NFO,2024-06-05,14:35:00,2024-07-29,3.4,3.4,3.4,3.4,0,0,1
MIDCPNIFTY29JUL2411800PE.NFO,2024-06-05,14:36:00,2024-07-29,3.4,3.4,3.4,3.4,0,0,1
MIDCPNIFTY29JUL2411800PE.NFO,2024-06-05,14:37:00,2024-07-29,3.4,3.4,3.4,3.4,0,0,1
MIDCPNIFTY29JUL2411800PE.NFO,2024-06-05,14:38:00,2024-07-29,3.4,3.4,3.4,3.4,0,0,1
MIDCPNIFTY29JUL2411800PE.NFO,2024-06-05,14:39:00,2024-07-29,3.4,3.4,3.4,3.4,0,0,1
MIDCPNIFTY29JUL2411800PE.NFO,2024-06-05,14:40:00,2024-07-29,3.4,3.4,3.4,3.4,0,0,1
MIDCPNIFTY29JUL2411800PE.NFO,2024-06-05,14:41:00,2024-07-29,3.4,3.4,3.4,3.4,0,0,1
MIDCPNIFTY29JUL2411800PE.NFO,2024-06-05,14:42:00,2024-07-29,3.4,3.4,3.4,3.4,0,0,1
MIDCPNIFTY29JUL2411800PE.NFO,2024-06-05,14:43:00,2024-07-29,3.4,3.4,3.4,3.4,0,0,1
MIDCPNIFTY29JUL2411800PE.NFO,2024-06-05,14:44:00,2024-07-29,3.4,3.4,3.4,3.4,0,0,1
MIDCPNIFTY29JUL2411800PE.NFO,2024-06-05,14:45:00,2024-07-29,3.4,3.4,3.4,3.4,0,0,1
MIDCPNIFTY29JUL2411800PE.NFO,2024-06-05,14:46:00,2024-07-29,3.4,3.4,3.4,3.4,0,0,1
MIDCPNIFTY29JUL2411800PE.NFO,2024-06-05,14:47:00,2024-07-29,3.4,3.4,3.4,3.4,0,0,1
MIDCPNIFTY29JUL2411800PE.NFO,2024-06-05,14:48:00,2024-07-29,3.4,3.4,3.4,3.4,0,0,1
MIDCPNIFTY29JUL2411800PE.NFO,2024-06-05,14:49:00,2024-07-29,3.4,3.4,3.4,3.4,0,0,1
MIDCPNIFTY29JUL2411800PE.NFO,2024-06-05,14:50:00,2024-07-29,3.4,3.4,3.4,3.4,0,0,1
MIDCPNIFTY29JUL2411800PE.NFO,2024-06-05,14:51:00,2024-07-29,3.4,3.4,3.4,3.4,0,0,1
MIDCPNIFTY29JUL2411800PE.NFO,2024-06-05,14:52:00,2024-07-29,3.4,3.4,3.4,3.4,0,0,1
MIDCPNIFTY29JUL2411800PE.NFO,2024-06-05,14:53:00,2024-07-29,3.4,3.4,3.4,3.4,0,0,1
MIDCPNIFTY29JUL2411800PE.NFO,2024-06-05,14:54:00,2024-07-29,3.4,3.4,3.4,3.4,0,0,1
MIDCPNIFTY29JUL2411800PE.NFO,2024-06-05,14:55:00,2024-07-29,3.4,3.4,3.4,3.4,0,0,1
MIDCPNIFTY29JUL2411800PE.NFO,2024-06-05,14:56:00,2024-07-29,3.4,3.4,3.4,3.4,0,0,1
MIDCPNIFTY29JUL2411800PE.NFO,2024-06-05,14:57:00,2024-07-29,3.4,3.4,3.4,3.4,0,0,1
MIDCPNIFTY29JUL2411800PE.NFO,2024-06-05,14:58:00,2024-07-29,3.4,3.4,3.4,3.4,0,0,1
MIDCPNIFTY29JUL2411800PE.NFO,2024-06-05,14:59:00,2024-07-29,3.4,3.4,3.4,3.4,0,0,1
MIDCPNIFTY29JUL2411800PE.NFO,2024-06-05,15:00:00,2024-07-29,3.4,3.4,3.4,3.4,0,0,1
MIDCPNIFTY29JUL2411800PE.NFO,2024-06-05,15:01:00,2024-07-29,3.4,3.4,3.4,3.4,0,0,1
MIDCPNIFTY29JUL2411800PE.NFO,2024-06-05,15:02:00,2024-07-29,3.4,3.4,3.4,3.4,0,0,1
MIDCPNIFTY29JUL2411800PE.NFO,2024-06-05,15:03:00,2024-07-29,3.4,3.4,3.4,3.4,0,0,1
MIDCPNIFTY29JUL2411800PE.NFO,2024-06-05,15:04:00,2024-07-29,3.4,3.4,3.4,3.4,0,0,1
MIDCPNIFTY29JUL2411800PE.NFO,2024-06-05,15:05:00,2024-07-29,3.4,3.4,3.4,3.4,0,0,1
MIDCPNIFTY29JUL2411800PE.NFO,2024-06-05,15:06:00,2024-07-29,3.4,3.4,3.4,3.4,0,0,1
MIDCPNIFTY29JUL2411800PE.NFO,2024-06-05,15:07:00,2024-07-29,3.4,3.4,3.4,3.4,0,0,1
MIDCPNIFTY29JUL2411800PE.NFO,2024-06-05,15:08:00,2024-07-29,3.4,3.4,3.4,3.4,0,0,1
MIDCPNIFTY29JUL2411800PE.NFO,2024-06-05,15:09:00,2024-07-29,3.4,3.4,3.4,3.4,0,0,1
MIDCPNIFTY29JUL2411800PE.NFO,2024-06-05,15:10:00,2024-07-29,3.4,3.4,3.4,3.4,0,0,1
MIDCPNIFTY29JUL2411800PE.NFO,2024-06-05,15:11:00,2024-07-29,3.4,3.4,3.4,3.4,0,0,1
MIDCPNIFTY29JUL2411800PE.NFO,2024-06-05,15:12:00,2024-07-29,3.4,3.4,3.4,3.4,0,0,1
MIDCPNIFTY29JUL2411800PE.NFO,2024-06-05,15:13:00,2024-07-29,3.4,3.4,3.4,3.4,0,0,1
MIDCPNIFTY29JUL2411800PE.NFO,2024-06-05,15:14:00,2024-07-29,3.4,3.4,3.4,3.4,0,0,1
MIDCPNIFTY29JUL2411800PE.NFO,2024-06-05,15:15:00,2024-07-29,3.4,3.4,3.4,3.4,0,0,1
MIDCPNIFTY29JUL2411800PE.NFO,2024-06-05,15:16:00,2024-07-29,3.4,3.4,3.4,3.4,0,0,1
MIDCPNIFTY29JUL2411800PE.NFO,2024-06-05,15:17:00,2024-07-29,3.4,3.4,3.4,3.4,0,0,1
MIDCPNIFTY29JUL2411800PE.NFO,2024-06-05,15:18:00,2024-07-29,3.4,3.4,3.4,3.4,0,0,1
MIDCPNIFTY29JUL2411800PE.NFO,2024-06-05,15:19:00,2024-07-29,3.4,3.4,3.4,3.4,0,0,1
MIDCPNIFTY29JUL2411800PE.NFO,2024-06-05,15:20:00,2024-07-29,3.4,3.4,3.4,3.4,0,0,1
MIDCPNIFTY29JUL2411800PE.NFO,2024-06-05,15:21:00,2024-07-29,3.4,3.4,3.4,3.4,0,0,1
MIDCPNIFTY29JUL2411800PE.NFO,2024-06-05,15:22:00,2024-07-29,3.4,3.4,3.4,3.4,0,0,1
MIDCPNIFTY29JUL2411800PE.NFO,2024-06-05,15:23:00,2024-07-29,3.4,3.4,3.4,3.4,0,0,1
MIDCPNIFTY29JUL2411800PE.NFO,2024-06-05,15:24:00,2024-07-29,3.4,3.4,3.4,3.4,0,0,1
MIDCPNIFTY29JUL2411800PE.NFO,2024-06-05,15:25:00,2024-07-29,3.4,3.4,3.4,3.4,0,0,1
MIDCPNIFTY29JUL2411800PE.NFO,2024-06-05,15:26:00,2024-07-29,3.4,3.4,3.4,3.4,0,0,1
MIDCPNIFTY29JUL2411800PE.NFO,2024-06-05,15:27:00,2024-07-29,3.4,3.4,3.4,3.4,0,0,1
MIDCPNIFTY29JUL2411800PE.NFO,2024-06-05,15:28:00,2024-07-29,3.4,3.4,3.4,3.4,0,0,1
MIDCPNIFTY29JUL2411800PE.NFO,2024-06-05,15:29:00,2024-07-29,3.4,3.4,3.4,3.4,0,0,1
MIDCPNIFTY29JUL2411800PE.NFO,2024-06-05,15:30:00,2024-07-29,3.4,3.4,3.4,3.4,0,0,1
MIDCPNIFTY29JUL2411800PE.NFO,2024-06-06,09:15:00,2024-07-29,3.4,3.4,3.4,3.4,0,0,0
MIDCPNIFTY29JUL2411800PE.NFO,2024-06-06,09:16:00,2024-07-29,3.4,3.4,3.4,3.4,0,0,1
MIDCPNIFTY29JUL2411800PE.NFO,2024-06-06,09:17:00,2024-07-29,3.4,3.4,3.4,3.4,0,0,1
MIDCPNIFTY29JUL2411800PE.NFO,2024-06-06,09:18:00,2024-07-29,3.4,3.4,3.4,3.4,0,0,1
MIDCPNIFTY29JUL2411800PE.NFO,2024-06-06,09:19:00,2024-07-29,3.4,3.4,3.4,3.4,0,0,1
MIDCPNIFTY29JUL2411800PE.NFO,2024-06-06,09:20:00,2024-07-29,3.4,3.4,3.4,3.4,0,0,1
MIDCPNIFTY29JUL2411800PE.NFO,2024-06-06,09:21:00,2024-07-29,3.4,3.4,3.4,3.4,0,0,1
MIDCPNIFTY29JUL2411800PE.NFO,2024-06-06,09:22:00,2024-07-29,3.4,3.4,3.4,3.4,0,0,1
MIDCPNIFTY29JUL2411800PE.NFO,2024-06-06,09:23:00,2024-07-29,3.4,3.4,3.4,3.4,0,0,1
MIDCPNIFTY29JUL2411800PE.NFO,2024-06-06,09:24:00,2024-07-29,3.4,3.4,3.4,3.4,0,0,1
MIDCPNIFTY29JUL2411800PE.NFO,2024-06-06,09:25:00,2024-07-29,3.4,3.4,3.4,3.4,0,0,1
MIDCPNIFTY29JUL2411800PE.NFO,2024-06-06,09:26:00,2024-07-29,3.4,3.4,3.4,3.4,0,0,1
MIDCPNIFTY29JUL2411800PE.NFO,2024-06-06,09:27:00,2024-07-29,3.4,3.4,3.4,3.4,0,0,1
MIDCPNIFTY29JUL2411800PE.NFO,2024-06-06,09:28:00,2024-07-29,3.4,3.4,3.4,3.4,0,0,1
MIDCPNIFTY29JUL2411800PE.NFO,2024-06-06,09:29:00,2024-07-29,3.4,3.4,3.4,3.4,0,0,1
MIDCPNIFTY29JUL2411800PE.NFO,2024-06-06,09:30:00,2024-07-29,3.4,3.4,3.4,3.4,0,0,1
MIDCPNIFTY29JUL2411800PE.NFO,2024-06-06,09:31:00,2024-07-29,3.4,3.4,3.4,3.4,0,0,1
MIDCPNIFTY29JUL2411800PE.NFO,2024-06-06,09:32:00,2024-07-29,3.4,3.4,3.4,3.4,0,0,1
MIDCPNIFTY29JUL2411800PE.NFO,2024-06-06,09:33:00,2024-07-29,3.4,3.4,3.4,3.4,0,0,1
MIDCPNIFTY29JUL2411800PE.NFO,2024-06-06,09:34:00,2024-07-29,3.4,3.4,3.4,3.4,0,0,1
MIDCPNIFTY29JUL2411800PE.NFO,2024-06-06,09:35:00,2024-07-29,3.4,3.4,3.4,3.4,0,0,1
MIDCPNIFTY29JUL2411800PE.NFO,2024-06-06,09:36:00,2024-07-29,3.4,3.4,3.4,3.4,0,0,1
MIDCPNIFTY29JUL2411800PE.NFO,2024-06-06,09:37:00,2024-07-29,3.4,3.4,3.4,3.4,0,0,1
MIDCPNIFTY29JUL2411800PE.NFO,2024-06-06,09:38:00,2024-07-29,3.4,3.4,3.4,3.4,0,0,1
MIDCPNIFTY29JUL2411800PE.NFO,2024-06-06,09:39:00,2024-07-29,3.4,3.4,3.4,3.4,0,0,1
MIDCPNIFTY29JUL2411800PE.NFO,2024-06-06,09:40:00,2024-07-29,3.4,3.4,3.4,3.4,0,0,1
MIDCPNIFTY29JUL2411800PE.NFO,2024-06-06,09:41:00,2024-07-29,3.4,3.4,3.4,3.4,0,0,1
MIDCPNIFTY29JUL2411800PE.NFO,2024-06-06,09:42:00,2024-07-29,3.4,3.4,3.4,3.4,0,0,1
MIDCPNIFTY29JUL2411800PE.NFO,2024-06-06,09:43:00,2024-07-29,3.4,3.4,3.4,3.4,0,0,1
MIDCPNIFTY29JUL2411800PE.NFO,2024-06-06,09:44:00,2024-07-29,3.4,3.4,3.4,3.4,0,0,1
MIDCPNIFTY29JUL2411800PE.NFO,2024-06-06,09:45:00,2024-07-29,3.4,3.4,3.4,3.4,0,0,1
MIDCPNIFTY29JUL2411800PE.NFO,2024-06-06,09:46:00,2024-07-29,3.4,3.4,3.4,3.4,0,0,1
MIDCPNIFTY29JUL2411800PE.NFO,2024-06-06,09:47:00,2024-07-29,3.4,3.4,3.4,3.4,0,0,1
MIDCPNIFTY29JUL2411800PE.NFO,2024-06-06,09:48:00,2024-07-29,3.4,3.4,3.4,3.4,0,0,1
MIDCPNIFTY29JUL2411800PE.NFO,2024-06-06,09:49:00,2024-07-29,3.4,3.4,3.4,3.4,0,0,1
MIDCPNIFTY29JUL2411800PE.NFO,2024-06-06,09:50:00,2024-07-29,3.4,3.4,3.4,3.4,0,0,1
MIDCPNIFTY29JUL2411800PE.NFO,2024-06-06,09:51:00,2024-07-29,3.4,3.4,3.4,3.4,0,0,1
MIDCPNIFTY29JUL2411800PE.NFO,2024-06-06,09:52:00,2024-07-29,3.4,3.4,3.4,3.4,0,0,1
MIDCPNIFTY29JUL2411800PE.NFO,2024-06-06,09:53:00,2024-07-29,3.4,3.4,3.4,3.4,0,0,1
MIDCPNIFTY29JUL2411800PE.NFO,2024-06-06,09:54:00,2024-07-29,3.4,3.4,3.4,3.4,0,0,1
MIDCPNIFTY29JUL2411800PE.NFO,2024-06-06,09:55:00,2024-07-29,3.4,3.4,3.4,3.4,0,0,1
MIDCPNIFTY29JUL2411800PE.NFO,2024-06-06,09:56:00,2024-07-29,3.4,3.4,3.4,3.4,0,0,1
MIDCPNIFTY29JUL2411800PE.NFO,2024-06-06,09:57:00,2024-07-29,3.4,3.4,3.4,3.4,0,0,1
MIDCPNIFTY29JUL2411800PE.NFO,2024-06-06,09:58:00,2024-07-29,3.4,3.4,3.4,3.4,0,0,1
MIDCPNIFTY29JUL2411800PE.NFO,2024-06-06,09:59:00,2024-07-29,3.4,3.4,3.4,3.4,0,0,1
MIDCPNIFTY29JUL2411800PE.NFO,2024-06-06,10:00:00,2024-07-29,3.4,3.4,3.4,3.4,0,0,1
MIDCPNIFTY29JUL2411800PE.NFO,2024-06-06,10:01:00,2024-07-29,3.4,3.4,3.4,3.4,0,0,1
MIDCPNIFTY29JUL2411800PE.NFO,2024-06-06,10:02:00,2024-07-29,3.4,3.4,3.4,3.4,0,0,1
MIDCPNIFTY29JUL2411800PE.NFO,2024-06-06,10:03:00,2024-07-29,3.4,3.4,3.4,3.4,0,0,1
MIDCPNIFTY29JUL2411800PE.NFO,2024-06-06,10:04:00,2024-07-29,3.4,3.4,3.4,3.4,0,0,1
MIDCPNIFTY29JUL2411800PE.NFO,2024-06-06,10:05:00,2024-07-29,3.4,3.4,3.4,3.4,0,0,1
MIDCPNIFTY29JUL2411800PE.NFO,2024-06-06,10:06:00,2024-07-29,3.4,3.4,3.4,3.4,0,0,1
MIDCPNIFTY29JUL2411800PE.NFO,2024-06-06,10:07:00,2024-07-29,3.4,3.4,3.4,3.4,0,0,1
MIDCPNIFTY29JUL2411800PE.NFO,2024-06-06,10:08:00,2024-07-29,3.4,3.4,3.4,3.4,0,0,1
MIDCPNIFTY29JUL2411800PE.NFO,2024-06-06,10:09:00,2024-07-29,3.4,3.4,3.4,3.4,0,0,1
MIDCPNIFTY29JUL2411800PE.NFO,2024-06-06,10:10:00,2024-07-29,3.4,3.4,3.4,3.4,0,0,1
MIDCPNIFTY29JUL2411800PE.NFO,2024-06-06,10:11:00,2024-07-29,3.4,3.4,3.4,3.4,0,0,1
MIDCPNIFTY29JUL2411800PE.NFO,2024-06-06,10:12:00,2024-07-29,3.4,3.4,3.4,3.4,0,0,1
MIDCPNIFTY29JUL2411800PE.NFO,2024-06-06,10:13:00,2024-07-29,3.4,3.4,3.4,3.4,0,0,1
MIDCPNIFTY29JUL2411800PE.NFO,2024-06-06,10:14:00,2024-07-29,3.4,3.4,3.4,3.4,0,0,1
MIDCPNIFTY29JUL2411800PE.NFO,2024-06-06,10:15:00,2024-07-29,3.4,3.4,3.4,3.4,0,0,1
MIDCPNIFTY29JUL2411800PE.NFO,2024-06-06,10:16:00,2024-07-29,3.4,3.4,3.4,3.4,0,0,1
MIDCPNIFTY29JUL2411800PE.NFO,2024-06-06,10:17:00,2024-07-29,3.4,3.4,3.4,3.4,0,0,1
MIDCPNIFTY29JUL2411800PE.NFO,2024-06-06,10:18:00,2024-07-29,3.4,3.4,3.4,3.4,0,0,1
MIDCPNIFTY29JUL2411800PE.NFO,2024-06-06,10:19:00,2024-07-29,3.4,3.4,3.4,3.4,0,0,1
MIDCPNIFTY29JUL2411800PE.NFO,2024-06-06,10:20:00,2024-07-29,3.4,3.4,3.4,3.4,0,0,1
MIDCPNIFTY29JUL2411800PE.NFO,2024-06-06,10:21:00,2024-07-29,3.4,3.4,3.4,3.4,0,0,1
MIDCPNIFTY29JUL2411800PE.NFO,2024-06-06,10:22:00,2024-07-29,3.4,3.4,3.4,3.4,0,0,1
MIDCPNIFTY29JUL2411800PE.NFO,2024-06-06,10:23:00,2024-07-29,3.4,3.4,3.4,3.4,0,0,1
MIDCPNIFTY29JUL2411800PE.NFO,2024-06-06,10:24:00,2024-07-29,3.4,3.4,3.4,3.4,0,0,1
MIDCPNIFTY29JUL2411800PE.NFO,2024-06-06,10:25:00,2024-07-29,3.4,3.4,3.4,3.4,0,0,1
MIDCPNIFTY29JUL2411800PE.NFO,2024-06-06,10:26:00,2024-07-29,3.4,3.4,3.4,3.4,0,0,1
MIDCPNIFTY29JUL2411800PE.NFO,2024-06-06,10:27:00,2024-07-29,3.4,3.4,3.4,3.4,0,0,1
MIDCPNIFTY29JUL2411800PE.NFO,2024-06-06,10:28:00,2024-07-29,3.4,3.4,3.4,3.4,0,0,1
MIDCPNIFTY29JUL2411800PE.NFO,2024-06-06,10:29:00,2024-07-29,3.4,3.4,3.4,3.4,0,0,1
MIDCPNIFTY29JUL2411800PE.NFO,2024-06-06,10:30:00,2024-07-29,3.4,3.4,3.4,3.4,0,0,1
MIDCPNIFTY29JUL2411800PE.NFO,2024-06-06,10:31:00,2024-07-29,3.4,3.4,3.4,3.4,0,0,1
MIDCPNIFTY29JUL2411800PE.NFO,2024-06-06,10:32:00,2024-07-29,3.4,3.4,3.4,3.4,0,0,1
MIDCPNIFTY29JUL2411800PE.NFO,2024-06-06,10:33:00,2024-07-29,3.4,3.4,3.4,3.4,0,0,1
MIDCPNIFTY29JUL2411800PE.NFO,2024-06-06,10:34:00,2024-07-29,3.4,3.4,3.4,3.4,0,0,1
MIDCPNIFTY29JUL2411800PE.NFO,2024-06-06,10:35:00,2024-07-29,3.4,3.4,3.4,3.4,0,0,1
MIDCPNIFTY29JUL2411800PE.NFO,2024-06-06,10:36:00,2024-07-29,3.4,3.4,3.4,3.4,0,0,1
MIDCPNIFTY29JUL2411800PE.NFO,2024-06-06,10:37:00,2024-07-29,3.4,3.4,3.4,3.4,0,0,1
MIDCPNIFTY29JUL2411800PE.NFO,2024-06-06,10:38:00,2024-07-29,3.4,3.4,3.4,3.4,0,0,1
MIDCPNIFTY29JUL2411800PE.NFO,2024-06-06,10:39:00,2024-07-29,3.4,3.4,3.4,3.4,0,0,1
MIDCPNIFTY29JUL2411800PE.NFO,2024-06-06,10:40:00,2024-07-29,3.4,3.4,3.4,3.4,0,0,1
MIDCPNIFTY29JUL2411800PE.NFO,2024-06-06,10:41:00,2024-07-29,3.4,3.4,3.4,3.4,0,0,1
MIDCPNIFTY29JUL2411800PE.NFO,2024-06-06,10:42:00,2024-07-29,3.4,3.4,3.4,3.4,0,0,1
MIDCPNIFTY29JUL2411800PE.NFO,2024-06-06,10:43:00,2024-07-29,3.4,3.4,3.4,3.4,0,0,1
MIDCPNIFTY29JUL2411800PE.NFO,2024-06-06,10:44:00,2024-07-29,3.4,3.4,3.4,3.4,0,0,1
MIDCPNIFTY29JUL2411800PE.NFO,2024-06-06,10:45:00,2024-07-29,3.4,3.4,3.4,3.4,0,0,1
MIDCPNIFTY29JUL2411800PE.NFO,2024-06-06,10:46:00,2024-07-29,3.4,3.4,3.4,3.4,0,0,1
MIDCPNIFTY29JUL2411800PE.NFO,2024-06-06,10:47:00,2024-07-29,3.4,3.4,3.4,3.4,0,0,1
MIDCPNIFTY29JUL2411800PE.NFO,2024-06-06,10:48:00,2024-07-29,3.4,3.4,3.4,3.4,0,0,1
MIDCPNIFTY29JUL2411800PE.NFO,2024-06-06,10:49:00,2024-07-29,3.4,3.4,3.4,3.4,0,0,1
MIDCPNIFTY29JUL2411800PE.NFO,2024-06-06,10:50:00,2024-07-29,3.4,3.4,3.4,3.4,0,0,1
MIDCPNIFTY29JUL2411800PE.NFO,2024-06-06,10:51:00,2024-07-29,3.4,3.4,3.4,3.4,0,0,1
MIDCPNIFTY29JUL2411800PE.NFO,2024-06-06,10:52:00,2024-07-29,3.4,3.4,3.4,3.4,0,0,1
MIDCPNIFTY29JUL2411800PE.NFO,2024-06-06,10:53:00,2024-07-29,3.4,3.4,3.4,3.4,0,0,1
MIDCPNIFTY29JUL2411800PE.NFO,2024-06-06,10:54:00,2024-07-29,3.4,3.4,3.4,3.4,0,0,1
MIDCPNIFTY29JUL2411800PE.NFO,2024-06-06,10:55:00,2024-07-29,3.4,3.4,3.4,3.4,0,0,1
MIDCPNIFTY29JUL2411800PE.NFO,2024-06-06,10:56:00,2024-07-29,3.4,3.4,3.4,3.4,0,0,1
MIDCPNIFTY29JUL2411800PE.NFO,2024-06-06,10:57:00,2024-07-29,3.4,3.4,3.4,3.4,0,0,1
MIDCPNIFTY29JUL2411800PE.NFO,2024-06-06,10:58:00,2024-07-29,3.4,3.4,3.4,3.4,0,0,1
MIDCPNIFTY29JUL2411800PE.NFO,2024-06-06,10:59:00,2024-07-29,3.4,3.4,3.4,3.4,0,0,1
MIDCPNIFTY29JUL2411800PE.NFO,2024-06-06,11:00:00,2024-07-29,3.4,3.4,3.4,3.4,0,0,1
MIDCPNIFTY29JUL2411800PE.NFO,2024-06-06,11:01:00,2024-07-29,3.4,3.4,3.4,3.4,0,0,1
MIDCPNIFTY29JUL2411800PE.NFO,2024-06-06,11:02:00,2024-07-29,3.4,3.4,3.4,3.4,0,0,1
MIDCPNIFTY29JUL2411800PE.NFO,2024-06-06,11:03:00,2024-07-29,3.4,3.4,3.4,3.4,0,0,1
MIDCPNIFTY29JUL2411800PE.NFO,2024-06-06,11:04:00,2024-07-29,3.4,3.4,3.4,3.4,0,0,1
MIDCPNIFTY29JUL2411800PE.NFO,2024-06-06,11:05:00,2024-07-29,3.4,3.4,3.4,3.4,0,0,1
MIDCPNIFTY29JUL2411800PE.NFO,2024-06-06,11:06:00,2024-07-29,3.4,3.4,3.4,3.4,0,0,1
MIDCPNIFTY29JUL2411800PE.NFO,2024-06-06,11:07:00,2024-07-29,3.4,3.4,3.4,3.4,0,0,1
MIDCPNIFTY29JUL2411800PE.NFO,2024-06-06,11:08:00,2024-07-29,3.4,3.4,3.4,3.4,0,0,1
MIDCPNIFTY29JUL2411800PE.NFO,2024-06-06,11:09:00,2024-07-29,3.4,3.4,3.4,3.4,0,0,1
MIDCPNIFTY29JUL2411800PE.NFO,2024-06-06,11:10:00,2024-07-29,3.4,3.4,3.4,3.4,0,0,1
MIDCPNIFTY29JUL2411800PE.NFO,2024-06-06,11:11:00,2024-07-29,3.4,3.4,3.4,3.4,0,0,1
MIDCPNIFTY29JUL2411800PE.NFO,2024-06-06,11:12:00,2024-07-29,3.4,3.4,3.4,3.4,0,0,1
MIDCPNIFTY29JUL2411800PE.NFO,2024-06-06,11:13:00,2024-07-29,3.4,3.4,3.4,3.4,0,0,1
MIDCPNIFTY29JUL2411800PE.NFO,2024-06-06,11:14:00,2024-07-29,3.4,3.4,3.4,3.4,0,0,1
MIDCPNIFTY29JUL2411800PE.NFO,2024-06-06,11:15:00,2024-07-29,3.4,3.4,3.4,3.4,0,0,1
MIDCPNIFTY29JUL2411800PE.NFO,2024-06-06,11:16:00,2024-07-29,3.4,3.4,3.4,3.4,0,0,1
MIDCPNIFTY29JUL2411800PE.NFO,2024-06-06,11:17:00,2024-07-29,3.4,3.4,3.4,3.4,0,0,1
MIDCPNIFTY29JUL2411800PE.NFO,2024-06-06,11:18:00,2024-07-29,3.4,3.4,3.4,3.4,0,0,1
MIDCPNIFTY29JUL2411800PE.NFO,2024-06-06,11:19:00,2024-07-29,3.4,3.4,3.4,3.4,0,0,1
MIDCPNIFTY29JUL2411800PE.NFO,2024-06-06,11:20:00,2024-07-29,3.4,3.4,3.4,3.4,0,0,1
MIDCPNIFTY29JUL2411800PE.NFO,2024-06-06,11:21:00,2024-07-29,3.4,3.4,3.4,3.4,0,0,1
MIDCPNIFTY29JUL2411800PE.NFO,2024-06-06,11:22:00,2024-07-29,3.4,3.4,3.4,3.4,0,0,1
MIDCPNIFTY29JUL2411800PE.NFO,2024-06-06,11:23:00,2024-07-29,3.4,3.4,3.4,3.4,0,0,1
MIDCPNIFTY29JUL2411800PE.NFO,2024-06-06,11:24:00,2024-07-29,3.4,3.4,3.4,3.4,0,0,1
MIDCPNIFTY29JUL2411800PE.NFO,2024-06-06,11:25:00,2024-07-29,3.4,3.4,3.4,3.4,0,0,1
MIDCPNIFTY29JUL2411800PE.NFO,2024-06-06,11:26:00,2024-07-29,3.4,3.4,3.4,3.4,0,0,1
MIDCPNIFTY29JUL2411800PE.NFO,2024-06-06,11:27:00,2024-07-29,3.4,3.4,3.4,3.4,0,0,1
MIDCPNIFTY29JUL2411800PE.NFO,2024-06-06,11:28:00,2024-07-29,3.4,3.4,3.4,3.4,0,0,1
MIDCPNIFTY29JUL2411800PE.NFO,2024-06-06,11:29:00,2024-07-29,3.4,3.4,3.4,3.4,0,0,1
MIDCPNIFTY29JUL2411800PE.NFO,2024-06-06,11:30:00,2024-07-29,3.4,3.4,3.4,3.4,0,0,1
MIDCPNIFTY29JUL2411800PE.NFO,2024-06-06,11:31:00,2024-07-29,3.4,3.4,3.4,3.4,0,0,1
MIDCPNIFTY29JUL2411800PE.NFO,2024-06-06,11:32:00,2024-07-29,3.4,3.4,3.4,3.4,0,0,1
MIDCPNIFTY29JUL2411800PE.NFO,2024-06-06,11:33:00,2024-07-29,3.4,3.4,3.4,3.4,0,0,1
MIDCPNIFTY29JUL2411800PE.NFO,2024-06-06,11:34:00,2024-07-29,3.4,3.4,3.4,3.4,0,0,1
MIDCPNIFTY29JUL2411800PE.NFO,2024-06-06,11:35:00,2024-07-29,3.4,3.4,3.4,3.4,0,0,1
MIDCPNIFTY29JUL2411800PE.NFO,2024-06-06,11:36:00,2024-07-29,3.4,3.4,3.4,3.4,0,0,1
MIDCPNIFTY29JUL2411800PE.NFO,2024-06-06,11:37:00,2024-07-29,3.4,3.4,3.4,3.4,0,0,1
MIDCPNIFTY29JUL2411800PE.NFO,2024-06-06,11:38:00,2024-07-29,3.4,3.4,3.4,3.4,0,0,1
MIDCPNIFTY29JUL2411800PE.NFO,2024-06-06,11:39:00,2024-07-29,3.4,3.4,3.4,3.4,0,0,1
MIDCPNIFTY29JUL2411800PE.NFO,2024-06-06,11:40:00,2024-07-29,3.4,3.4,3.4,3.4,0,0,1
MIDCPNIFTY29JUL2411800PE.NFO,2024-06-06,11:41:00,2024-07-29,3.4,3.4,3.4,3.4,0,0,1
MIDCPNIFTY29JUL2411800PE.NFO,2024-06-06,11:42:00,2024-07-29,3.4,3.4,3.4,3.4,0,0,1
MIDCPNIFTY29JUL2411800PE.NFO,2024-06-06,11:43:00,2024-07-29,3.4,3.4,3.4,3.4,0,0,1
MIDCPNIFTY29JUL2411800PE.NFO,2024-06-06,11:44:00,2024-07-29,3.4,3.4,3.4,3.4,0,0,1
MIDCPNIFTY29JUL2411800PE.NFO,2024-06-06,11:45:00,2024-07-29,3.4,3.4,3.4,3.4,0,0,1
MIDCPNIFTY29JUL2411800PE.NFO,2024-06-06,11:46:00,2024-07-29,3.4,3.4,3.4,3.4,0,0,1
MIDCPNIFTY29JUL2411800PE.NFO,2024-06-06,11:47:00,2024-07-29,3.4,3.4,3.4,3.4,0,0,1
MIDCPNIFTY29JUL2411800PE.NFO,2024-06-06,11:48:00,2024-07-29,3.4,3.4,3.4,3.4,0,0,1
MIDCPNIFTY29JUL2411800PE.NFO,2024-06-06,11:49:00,2024-07-29,3.4,3.4,3.4,3.4,0,0,1
MIDCPNIFTY29JUL2411800PE.NFO,2024-06-06,11:50:00,2024-07-29,3.4,3.4,3.4,3.4,0,0,1
MIDCPNIFTY29JUL2411800PE.NFO,2024-06-06,11:51:00,2024-07-29,3.4,3.4,3.4,3.4,0,0,1
MIDCPNIFTY29JUL2411800PE.NFO,2024-06-06,11:52:00,2024-07-29,3.4,3.4,3.4,3.4,0,0,1
MIDCPNIFTY29JUL2411800PE.NFO,2024-06-06,11:53:00,2024-07-29,3.4,3.4,3.4,3.4,0,0,1
MIDCPNIFTY29JUL2411800PE.NFO,2024-06-06,11:54:00,2024-07-29,3.4,3.4,3.4,3.4,0,0,1
MIDCPNIFTY29JUL2411800PE.NFO,2024-06-06,11:55:00,2024-07-29,3.4,3.4,3.4,3.4,0,0,1
MIDCPNIFTY29JUL2411800PE.NFO,2024-06-06,11:56:00,2024-07-29,3.4,3.4,3.4,3.4,0,0,1
MIDCPNIFTY29JUL2411800PE.NFO,2024-06-06,11:57:00,2024-07-29,3.4,3.4,3.4,3.4,0,0,1
MIDCPNIFTY29JUL2411800PE.NFO,2024-06-06,11:58:00,2024-07-29,3.4,3.4,3.4,3.4,0,0,1
MIDCPNIFTY29JUL2411800PE.NFO,2024-06-06,11:59:00,2024-07-29,3.4,3.4,3.4,3.4,0,0,1
MIDCPNIFTY29JUL2411800PE.NFO,2024-06-06,12:00:00,2024-07-29,3.4,3.4,3.4,3.4,0,0,1
MIDCPNIFTY29JUL2411800PE.NFO,2024-06-06,12:01:00,2024-07-29,3.4,3.4,3.4,3.4,0,0,1
MIDCPNIFTY29JUL2411800PE.NFO,2024-06-06,12:02:00,2024-07-29,3.4,3.4,3.4,3.4,0,0,1
MIDCPNIFTY29JUL2411800PE.NFO,2024-06-06,12:03:00,2024-07-29,3.4,3.4,3.4,3.4,0,0,1
MIDCPNIFTY29JUL2411800PE.NFO,2024-06-06,12:04:00,2024-07-29,3.4,3.4,3.4,3.4,0,0,1
MIDCPNIFTY29JUL2411800PE.NFO,2024-06-06,12:05:00,2024-07-29,3.4,3.4,3.4,3.4,0,0,1
MIDCPNIFTY29JUL2411800PE.NFO,2024-06-06,12:06:00,2024-07-29,3.4,3.4,3.4,3.4,0,0,1
MIDCPNIFTY29JUL2411800PE.NFO,2024-06-06,12:07:00,2024-07-29,3.4,3.4,3.4,3.4,0,0,1
MIDCPNIFTY29JUL2411800PE.NFO,2024-06-06,12:08:00,2024-07-29,3.4,3.4,3.4,3.4,0,0,1
MIDCPNIFTY29JUL2411800PE.NFO,2024-06-06,12:09:00,2024-07-29,3.4,3.4,3.4,3.4,0,0,1
MIDCPNIFTY29JUL2411800PE.NFO,2024-06-06,12:10:00,2024-07-29,3.4,3.4,3.4,3.4,0,0,1
MIDCPNIFTY29JUL2411800PE.NFO,2024-06-06,12:11:00,2024-07-29,3.4,3.4,3.4,3.4,0,0,1
MIDCPNIFTY29JUL2411800PE.NFO,2024-06-06,12:12:00,2024-07-29,3.4,3.4,3.4,3.4,0,0,1
MIDCPNIFTY29JUL2411800PE.NFO,2024-06-06,12:13:00,2024-07-29,3.4,3.4,3.4,3.4,0,0,1
MIDCPNIFTY29JUL2411800PE.NFO,2024-06-06,12:14:00,2024-07-29,3.4,3.4,3.4,3.4,0,0,1
MIDCPNIFTY29JUL2411800PE.NFO,2024-06-06,12:15:00,2024-07-29,3.4,3.4,3.4,3.4,0,0,1
MIDCPNIFTY29JUL2411800PE.NFO,2024-06-06,12:16:00,2024-07-29,3.4,3.4,3.4,3.4,0,0,1
MIDCPNIFTY29JUL2411800PE.NFO,2024-06-06,12:17:00,2024-07-29,3.4,3.4,3.4,3.4,0,0,1
MIDCPNIFTY29JUL2411800PE.NFO,2024-06-06,12:18:00,2024-07-29,3.4,3.4,3.4,3.4,0,0,1
MIDCPNIFTY29JUL2411800PE.NFO,2024-06-06,12:19:00,2024-07-29,3.4,3.4,3.4,3.4,0,0,1
MIDCPNIFTY29JUL2411800PE.NFO,2024-06-06,12:20:00,2024-07-29,3.4,3.4,3.4,3.4,0,0,1
MIDCPNIFTY29JUL2411800PE.NFO,2024-06-06,12:21:00,2024-07-29,3.4,3.4,3.4,3.4,0,0,1
MIDCPNIFTY29JUL2411800PE.NFO,2024-06-06,12:22:00,2024-07-29,3.4,3.4,3.4,3.4,0,0,1
MIDCPNIFTY29JUL2411800PE.NFO,2024-06-06,12:23:00,2024-07-29,3.4,3.4,3.4,3.4,0,0,1
MIDCPNIFTY29JUL2411800PE.NFO,2024-06-06,12:24:00,2024-07-29,3.4,3.4,3.4,3.4,0,0,1
MIDCPNIFTY29JUL2411800PE.NFO,2024-06-06,12:25:00,2024-07-29,3.4,3.4,3.4,3.4,0,0,1
MIDCPNIFTY29JUL2411800PE.NFO,2024-06-06,12:26:00,2024-07-29,3.4,3.4,3.4,3.4,0,0,1
MIDCPNIFTY29JUL2411800PE.NFO,2024-06-06,12:27:00,2024-07-29,3.4,3.4,3.4,3.4,0,0,1
MIDCPNIFTY29JUL2411800PE.NFO,2024-06-06,12:28:00,2024-07-29,3.4,3.4,3.4,3.4,0,0,1
MIDCPNIFTY29JUL2411800PE.NFO,2024-06-06,12:29:00,2024-07-29,3.4,3.4,3.4,3.4,0,0,1
MIDCPNIFTY29JUL2411800PE.NFO,2024-06-06,12:30:00,2024-07-29,3.4,3.4,3.4,3.4,0,0,1
MIDCPNIFTY29JUL2411800PE.NFO,2024-06-06,12:31:00,2024-07-29,3.4,3.4,3.4,3.4,0,0,1
MIDCPNIFTY29JUL2411800PE.NFO,2024-06-06,12:32:00,2024-07-29,3.4,3.4,3.4,3.4,0,0,1
MIDCPNIFTY29JUL2411800PE.NFO,2024-06-06,12:33:00,2024-07-29,3.4,3.4,3.4,3.4,0,0,1
MIDCPNIFTY29JUL2411800PE.NFO,2024-06-06,12:34:00,2024-07-29,3.4,3.4,3.4,3.4,0,0,1
MIDCPNIFTY29JUL2411800PE.NFO,2024-06-06,12:35:00,2024-07-29,3.4,3.4,3.4,3.4,0,0,1
MIDCPNIFTY29JUL2411800PE.NFO,2024-06-06,12:36:00,2024-07-29,3.4,3.4,3.4,3.4,0,0,1
MIDCPNIFTY29JUL2411800PE.NFO,2024-06-06,12:37:00,2024-07-29,3.4,3.4,3.4,3.4,0,0,1
MIDCPNIFTY29JUL2411800PE.NFO,2024-06-06,12:38:00,2024-07-29,3.4,3.4,3.4,3.4,0,0,1
MIDCPNIFTY29JUL2411800PE.NFO,2024-06-06,12:39:00,2024-07-29,3.4,3.4,3.4,3.4,0,0,1
MIDCPNIFTY29JUL2411800PE.NFO,2024-06-06,12:40:00,2024-07-29,3.4,3.4,3.4,3.4,0,0,1
MIDCPNIFTY29JUL2411800PE.NFO,2024-06-06,12:41:00,2024-07-29,3.4,3.4,3.4,3.4,0,0,1
MIDCPNIFTY29JUL2411800PE.NFO,2024-06-06,12:42:00,2024-07-29,3.4,3.4,3.4,3.4,0,0,1
MIDCPNIFTY29JUL2411800PE.NFO,2024-06-06,12:43:00,2024-07-29,3.4,3.4,3.4,3.4,0,0,1
MIDCPNIFTY29JUL2411800PE.NFO,2024-06-06,12:44:00,2024-07-29,3.4,3.4,3.4,3.4,0,0,1
MIDCPNIFTY29JUL2411800PE.NFO,2024-06-06,12:45:00,2024-07-29,3.4,3.4,3.4,3.4,0,0,1
MIDCPNIFTY29JUL2411800PE.NFO,2024-06-06,12:46:00,2024-07-29,3.4,3.4,3.4,3.4,0,0,1
MIDCPNIFTY29JUL2411800PE.NFO,2024-06-06,12:47:00,2024-07-29,3.4,3.4,3.4,3.4,0,0,1
MIDCPNIFTY29JUL2411800PE.NFO,2024-06-06,12:48:00,2024-07-29,3.4,3.4,3.4,3.4,0,0,1
MIDCPNIFTY29JUL2411800PE.NFO,2024-06-06,12:49:00,2024-07-29,3.4,3.4,3.4,3.4,0,0,1
MIDCPNIFTY29JUL2411800PE.NFO,2024-06-06,12:50:00,2024-07-29,3.4,3.4,3.4,3.4,0,0,1
MIDCPNIFTY29JUL2411800PE.NFO,2024-06-06,12:51:00,2024-07-29,3.4,3.4,3.4,3.4,0,0,1
MIDCPNIFTY29JUL2411800PE.NFO,2024-06-06,12:52:00,2024-07-29,3.4,3.4,3.4,3.4,0,0,1
MIDCPNIFTY29JUL2411800PE.NFO,2024-06-06,12:53:00,2024-07-29,3.4,3.4,3.4,3.4,0,0,1
MIDCPNIFTY29JUL2411800PE.NFO,2024-06-06,12:54:00,2024-07-29,3.4,3.4,3.4,3.4,0,0,1
MIDCPNIFTY29JUL2411800PE.NFO,2024-06-06,12:55:00,2024-07-29,3.4,3.4,3.4,3.4,0,0,1
MIDCPNIFTY29JUL2411800PE.NFO,2024-06-06,12:56:00,2024-07-29,3.4,3.4,3.4,3.4,0,0,1
MIDCPNIFTY29JUL2411800PE.NFO,2024-06-06,12:57:00,2024-07-29,3.4,3.4,3.4,3.4,0,0,1
MIDCPNIFTY29JUL2411800PE.NFO,2024-06-06,12:58:00,2024-07-29,3.4,3.4,3.4,3.4,0,0,1
MIDCPNIFTY29JUL2411800PE.NFO,2024-06-06,12:59:00,2024-07-29,3.4,3.4,3.4,3.4,0,0,1
MIDCPNIFTY29JUL2411800PE.NFO,2024-06-06,13:00:00,2024-07-29,3.4,3.4,3.4,3.4,0,0,1
MIDCPNIFTY29JUL2411800PE.NFO,2024-06-06,13:01:00,2024-07-29,3.4,3.4,3.4,3.4,0,0,1
MIDCPNIFTY29JUL2411800PE.NFO,2024-06-06,13:02:00,2024-07-29,3.4,3.4,3.4,3.4,0,0,1
MIDCPNIFTY29JUL2411800PE.NFO,2024-06-06,13:03:00,2024-07-29,3.4,3.4,3.4,3.4,0,0,1
MIDCPNIFTY29JUL2411800PE.NFO,2024-06-06,13:04:00,2024-07-29,3.4,3.4,3.4,3.4,0,0,1
MIDCPNIFTY29JUL2411800PE.NFO,2024-06-06,13:05:00,2024-07-29,3.4,3.4,3.4,3.4,0,0,1
MIDCPNIFTY29JUL2411800PE.NFO,2024-06-06,13:06:00,2024-07-29,3.4,3.4,3.4,3.4,0,0,1
MIDCPNIFTY29JUL2411800PE.NFO,2024-06-06,13:07:00,2024-07-29,3.4,3.4,3.4,3.4,0,0,1
MIDCPNIFTY29JUL2411800PE.NFO,2024-06-06,13:08:00,2024-07-29,3.4,3.4,3.4,3.4,0,0,1
MIDCPNIFTY29JUL2411800PE.NFO,2024-06-06,13:09:00,2024-07-29,3.4,3.4,3.4,3.4,0,0,1
MIDCPNIFTY29JUL2411800PE.NFO,2024-06-06,13:10:00,2024-07-29,3.4,3.4,3.4,3.4,0,0,1
MIDCPNIFTY29JUL2411800PE.NFO,2024-06-06,13:11:00,2024-07-29,3.4,3.4,3.4,3.4,0,0,1
MIDCPNIFTY29JUL2411800PE.NFO,2024-06-06,13:12:00,2024-07-29,3.4,3.4,3.4,3.4,0,0,1
MIDCPNIFTY29JUL2411800PE.NFO,2024-06-06,13:13:00,2024-07-29,3.4,3.4,3.4,3.4,0,0,1
MIDCPNIFTY29JUL2411800PE.NFO,2024-06-06,13:14:00,2024-07-29,3.4,3.4,3.4,3.4,0,0,1
MIDCPNIFTY29JUL2411800PE.NFO,2024-06-06,13:15:00,2024-07-29,3.4,3.4,3.4,3.4,0,0,1
MIDCPNIFTY29JUL2411800PE.NFO,2024-06-06,13:16:00,2024-07-29,3.4,3.4,3.4,3.4,0,0,1
MIDCPNIFTY29JUL2411800PE.NFO,2024-06-06,13:17:00,2024-07-29,3.4,3.4,3.4,3.4,0,0,1
MIDCPNIFTY29JUL2411800PE.NFO,2024-06-06,13:18:00,2024-07-29,3.4,3.4,3.4,3.4,0,0,1
MIDCPNIFTY29JUL2411800PE.NFO,2024-06-06,13:19:00,2024-07-29,3.4,3.4,3.4,3.4,0,0,1
MIDCPNIFTY29JUL2411800PE.NFO,2024-06-06,13:20:00,2024-07-29,3.4,3.4,3.4,3.4,0,0,1
MIDCPNIFTY29JUL2411800PE.NFO,2024-06-06,13:21:00,2024-07-29,3.4,3.4,3.4,3.4,0,0,1
MIDCPNIFTY29JUL2411800PE.NFO,2024-06-06,13:22:00,2024-07-29,3.4,3.4,3.4,3.4,0,0,1
MIDCPNIFTY29JUL2411800PE.NFO,2024-06-06,13:23:00,2024-07-29,3.4,3.4,3.4,3.4,0,0,1
MIDCPNIFTY29JUL2411800PE.NFO,2024-06-06,13:24:00,2024-07-29,3.4,3.4,3.4,3.4,0,0,1
MIDCPNIFTY29JUL2411800PE.NFO,2024-06-06,13:25:00,2024-07-29,3.4,3.4,3.4,3.4,0,0,1
MIDCPNIFTY29JUL2411800PE.NFO,2024-06-06,13:26:00,2024-07-29,3.4,3.4,3.4,3.4,0,0,1
MIDCPNIFTY29JUL2411800PE.NFO,2024-06-06,13:27:00,2024-07-29,3.4,3.4,3.4,3.4,0,0,1
MIDCPNIFTY29JUL2411800PE.NFO,2024-06-06,13:28:00,2024-07-29,3.4,3.4,3.4,3.4,0,0,1
MIDCPNIFTY29JUL2411800PE.NFO,2024-06-06,13:29:00,2024-07-29,3.4,3.4,3.4,3.4,0,0,1
MIDCPNIFTY29JUL2411800PE.NFO,2024-06-06,13:30:00,2024-07-29,3.4,3.4,3.4,3.4,0,0,1
MIDCPNIFTY29JUL2411800PE.NFO,2024-06-06,13:31:00,2024-07-29,3.4,3.4,3.4,3.4,0,0,1
MIDCPNIFTY29JUL2411800PE.NFO,2024-06-06,13:32:00,2024-07-29,3.4,3.4,3.4,3.4,0,0,1
MIDCPNIFTY29JUL2411800PE.NFO,2024-06-06,13:33:00,2024-07-29,3.4,3.4,3.4,3.4,0,0,1
MIDCPNIFTY29JUL2411800PE.NFO,2024-06-06,13:34:00,2024-07-29,3.4,3.4,3.4,3.4,0,0,1
MIDCPNIFTY29JUL2411800PE.NFO,2024-06-06,13:35:00,2024-07-29,3.4,3.4,3.4,3.4,0,0,1
MIDCPNIFTY29JUL2411800PE.NFO,2024-06-06,13:36:00,2024-07-29,3.4,3.4,3.4,3.4,0,0,1
MIDCPNIFTY29JUL2411800PE.NFO,2024-06-06,13:37:00,2024-07-29,3.4,3.4,3.4,3.4,0,0,1
MIDCPNIFTY29JUL2411800PE.NFO,2024-06-06,13:38:00,2024-07-29,3.4,3.4,3.4,3.4,0,0,1
MIDCPNIFTY29JUL2411800PE.NFO,2024-06-06,13:39:00,2024-07-29,3.4,3.4,3.4,3.4,0,0,1
MIDCPNIFTY29JUL2411800PE.NFO,2024-06-06,13:40:00,2024-07-29,3.4,3.4,3.4,3.4,0,0,1
MIDCPNIFTY29JUL2411800PE.NFO,2024-06-06,13:41:00,2024-07-29,3.4,3.4,3.4,3.4,0,0,1
MIDCPNIFTY29JUL2411800PE.NFO,2024-06-06,13:42:00,2024-07-29,3.4,3.4,3.4,3.4,0,0,1
MIDCPNIFTY29JUL2411800PE.NFO,2024-06-06,13:43:00,2024-07-29,3.4,3.4,3.4,3.4,0,0,1
MIDCPNIFTY29JUL2411800PE.NFO,2024-06-06,13:44:00,2024-07-29,3.4,3.4,3.4,3.4,0,0,1
MIDCPNIFTY29JUL2411800PE.NFO,2024-06-06,13:45:00,2024-07-29,3.4,3.4,3.4,3.4,0,0,1
MIDCPNIFTY29JUL2411800PE.NFO,2024-06-06,13:46:00,2024-07-29,3.4,3.4,3.4,3.4,0,0,1
MIDCPNIFTY29JUL2411800PE.NFO,2024-06-06,13:47:00,2024-07-29,3.4,3.4,3.4,3.4,0,0,1
MIDCPNIFTY29JUL2411800PE.NFO,2024-06-06,13:48:00,2024-07-29,3.4,3.4,3.4,3.4,0,0,1
MIDCPNIFTY29JUL2411800PE.NFO,2024-06-06,13:49:00,2024-07-29,3.4,3.4,3.4,3.4,0,0,1
MIDCPNIFTY29JUL2411800PE.NFO,2024-06-06,13:50:00,2024-07-29,3.4,3.4,3.4,3.4,0,0,1
MIDCPNIFTY29JUL2411800PE.NFO,2024-06-06,13:51:00,2024-07-29,3.4,3.4,3.4,3.4,0,0,1
MIDCPNIFTY29JUL2411800PE.NFO,2024-06-06,13:52:00,2024-07-29,3.4,3.4,3.4,3.4,0,0,1
MIDCPNIFTY29JUL2411800PE.NFO,2024-06-06,13:53:00,2024-07-29,3.4,3.4,3.4,3.4,0,0,1
MIDCPNIFTY29JUL2411800PE.NFO,2024-06-06,13:54:00,2024-07-29,3.4,3.4,3.4,3.4,0,0,1
MIDCPNIFTY29JUL2411800PE.NFO,2024-06-06,13:55:00,2024-07-29,3.4,3.4,3.4,3.4,0,0,1
MIDCPNIFTY29JUL2411800PE.NFO,2024-06-06,13:56:00,2024-07-29,3.4,3.4,3.4,3.4,0,0,1
MIDCPNIFTY29JUL2411800PE.NFO,2024-06-06,13:57:00,2024-07-29,3.4,3.4,3.4,3.4,0,0,1
MIDCPNIFTY29JUL2411800PE.NFO,2024-06-06,13:58:00,2024-07-29,3.4,3.4,3.4,3.4,0,0,1
MIDCPNIFTY29JUL2411800PE.NFO,2024-06-06,13:59:00,2024-07-29,3.4,3.4,3.4,3.4,0,0,1
MIDCPNIFTY29JUL2411800PE.NFO,2024-06-06,14:00:00,2024-07-29,3.4,3.4,3.4,3.4,0,0,1
MIDCPNIFTY29JUL2411800PE.NFO,2024-06-06,14:01:00,2024-07-29,3.4,3.4,3.4,3.4,0,0,1
MIDCPNIFTY29JUL2411800PE.NFO,2024-06-06,14:02:00,2024-07-29,3.4,3.4,3.4,3.4,0,0,1
MIDCPNIFTY29JUL2411800PE.NFO,2024-06-06,14:03:00,2024-07-29,3.4,3.4,3.4,3.4,0,0,1
MIDCPNIFTY29JUL2411800PE.NFO,2024-06-06,14:04:00,2024-07-29,3.4,3.4,3.4,3.4,0,0,1
MIDCPNIFTY29JUL2411800PE.NFO,2024-06-06,14:05:00,2024-07-29,3.4,3.4,3.4,3.4,0,0,1
MIDCPNIFTY29JUL2411800PE.NFO,2024-06-06,14:06:00,2024-07-29,3.4,3.4,3.4,3.4,0,0,1
MIDCPNIFTY29JUL2411800PE.NFO,2024-06-06,14:07:00,2024-07-29,3.4,3.4,3.4,3.4,0,0,1
MIDCPNIFTY29JUL2411800PE.NFO,2024-06-06,14:08:00,2024-07-29,3.4,3.4,3.4,3.4,0,0,1
MIDCPNIFTY29JUL2411800PE.NFO,2024-06-06,14:09:00,2024-07-29,3.4,3.4,3.4,3.4,0,0,1
MIDCPNIFTY29JUL2411800PE.NFO,2024-06-06,14:10:00,2024-07-29,3.4,3.4,3.4,3.4,0,0,1
MIDCPNIFTY29JUL2411800PE.NFO,2024-06-06,14:11:00,2024-07-29,3.4,3.4,3.4,3.4,0,0,1
MIDCPNIFTY29JUL2411800PE.NFO,2024-06-06,14:12:00,2024-07-29,3.4,3.4,3.4,3.4,0,0,1
MIDCPNIFTY29JUL2411800PE.NFO,2024-06-06,14:13:00,2024-07-29,3.4,3.4,3.4,3.4,0,0,1
MIDCPNIFTY29JUL2411800PE.NFO,2024-06-06,14:14:00,2024-07-29,3.4,3.4,3.4,3.4,0,0,1
MIDCPNIFTY29JUL2411800PE.NFO,2024-06-06,14:15:00,2024-07-29,3.4,3.4,3.4,3.4,0,0,1
MIDCPNIFTY29JUL2411800PE.NFO,2024-06-06,14:16:00,2024-07-29,3.4,3.4,3.4,3.4,0,0,1
MIDCPNIFTY29JUL2411800PE.NFO,2024-06-06,14:17:00,2024-07-29,3.4,3.4,3.4,3.4,0,0,1
MIDCPNIFTY29JUL2411800PE.NFO,2024-06-06,14:18:00,2024-07-29,3.4,3.4,3.4,3.4,0,0,1
MIDCPNIFTY29JUL2411800PE.NFO,2024-06-06,14:19:00,2024-07-29,3.4,3.4,3.4,3.4,0,0,1
MIDCPNIFTY29JUL2411800PE.NFO,2024-06-06,14:20:00,2024-07-29,3.4,3.4,3.4,3.4,0,0,1
MIDCPNIFTY29JUL2411800PE.NFO,2024-06-06,14:21:00,2024-07-29,3.4,3.4,3.4,3.4,0,0,1
MIDCPNIFTY29JUL2411800PE.NFO,2024-06-06,14:22:00,2024-07-29,3.4,3.4,3.4,3.4,0,0,1
MIDCPNIFTY29JUL2411800PE.NFO,2024-06-06,14:23:00,2024-07-29,3.4,3.4,3.4,3.4,0,0,1
MIDCPNIFTY29JUL2411800PE.NFO,2024-06-06,14:24:00,2024-07-29,3.4,3.4,3.4,3.4,0,0,1
MIDCPNIFTY29JUL2411800PE.NFO,2024-06-06,14:25:00,2024-07-29,3.4,3.4,3.4,3.4,0,0,1
MIDCPNIFTY29JUL2411800PE.NFO,2024-06-06,14:26:00,2024-07-29,3.4,3.4,3.4,3.4,0,0,1
MIDCPNIFTY29JUL2411800PE.NFO,2024-06-06,14:27:00,2024-07-29,3.4,3.4,3.4,3.4,0,0,1
MIDCPNIFTY29JUL2411800PE.NFO,2024-06-06,14:28:00,2024-07-29,3.4,3.4,3.4,3.4,0,0,1
MIDCPNIFTY29JUL2411800PE.NFO,2024-06-06,14:29:00,2024-07-29,3.4,3.4,3.4,3.4,0,0,1
MIDCPNIFTY29JUL2411800PE.NFO,2024-06-06,14:30:00,2024-07-29,3.4,3.4,3.4,3.4,0,0,1
MIDCPNIFTY29JUL2411800PE.NFO,2024-06-06,14:31:00,2024-07-29,3.4,3.4,3.4,3.4,0,0,1
MIDCPNIFTY29JUL2411800PE.NFO,2024-06-06,14:32:00,2024-07-29,3.4,3.4,3.4,3.4,0,0,1
MIDCPNIFTY29JUL2411800PE.NFO,2024-06-06,14:33:00,2024-07-29,3.4,3.4,3.4,3.4,0,0,1
MIDCPNIFTY29JUL2411800PE.NFO,2024-06-06,14:34:00,2024-07-29,3.4,3.4,3.4,3.4,0,0,1
MIDCPNIFTY29JUL2411800PE.NFO,2024-06-06,14:35:00,2024-07-29,3.4,3.4,3.4,3.4,0,0,1
MIDCPNIFTY29JUL2411800PE.NFO,2024-06-06,14:36:00,2024-07-29,3.4,3.4,3.4,3.4,0,0,1
MIDCPNIFTY29JUL2411800PE.NFO,2024-06-06,14:37:00,2024-07-29,3.4,3.4,3.4,3.4,0,0,1
MIDCPNIFTY29JUL2411800PE.NFO,2024-06-06,14:38:00,2024-07-29,3.4,3.4,3.4,3.4,0,0,1
MIDCPNIFTY29JUL2411800PE.NFO,2024-06-06,14:39:00,2024-07-29,3.4,3.4,3.4,3.4,0,0,1
MIDCPNIFTY29JUL2411800PE.NFO,2024-06-06,14:40:00,2024-07-29,3.4,3.4,3.4,3.4,0,0,1
MIDCPNIFTY29JUL2411800PE.NFO,2024-06-06,14:41:00,2024-07-29,3.4,3.4,3.4,3.4,0,0,1
MIDCPNIFTY29JUL2411800PE.NFO,2024-06-06,14:42:00,2024-07-29,3.4,3.4,3.4,3.4,0,0,1
MIDCPNIFTY29JUL2411800PE.NFO,2024-06-06,14:43:00,2024-07-29,3.4,3.4,3.4,3.4,0,0,1
MIDCPNIFTY29JUL2411800PE.NFO,2024-06-06,14:44:00,2024-07-29,3.4,3.4,3.4,3.4,0,0,1
MIDCPNIFTY29JUL2411800PE.NFO,2024-06-06,14:45:00,2024-07-29,3.4,3.4,3.4,3.4,0,0,1
MIDCPNIFTY29JUL2411800PE.NFO,2024-06-06,14:46:00,2024-07-29,3.4,3.4,3.4,3.4,0,0,1
MIDCPNIFTY29JUL2411800PE.NFO,2024-06-06,14:47:00,2024-07-29,3.4,3.4,3.4,3.4,0,0,1
MIDCPNIFTY29JUL2411800PE.NFO,2024-06-06,14:48:00,2024-07-29,3.4,3.4,3.4,3.4,0,0,1
MIDCPNIFTY29JUL2411800PE.NFO,2024-06-06,14:49:00,2024-07-29,3.4,3.4,3.4,3.4,0,0,1
MIDCPNIFTY29JUL2411800PE.NFO,2024-06-06,14:50:00,2024-07-29,3.4,3.4,3.4,3.4,0,0,1
MIDCPNIFTY29JUL2411800PE.NFO,2024-06-06,14:51:00,2024-07-29,3.4,3.4,3.4,3.4,0,0,1
MIDCPNIFTY29JUL2411800PE.NFO,2024-06-06,14:52:00,2024-07-29,3.4,3.4,3.4,3.4,0,0,1
MIDCPNIFTY29JUL2411800PE.NFO,2024-06-06,14:53:00,2024-07-29,3.4,3.4,3.4,3.4,0,0,1
MIDCPNIFTY29JUL2411800PE.NFO,2024-06-06,14:54:00,2024-07-29,3.4,3.4,3.4,3.4,0,0,1
MIDCPNIFTY29JUL2411800PE.NFO,2024-06-06,14:55:00,2024-07-29,3.4,3.4,3.4,3.4,0,0,1
MIDCPNIFTY29JUL2411800PE.NFO,2024-06-06,14:56:00,2024-07-29,3.4,3.4,3.4,3.4,0,0,1
MIDCPNIFTY29JUL2411800PE.NFO,2024-06-06,14:57:00,2024-07-29,3.4,3.4,3.4,3.4,0,0,1
MIDCPNIFTY29JUL2411800PE.NFO,2024-06-06,14:58:00,2024-07-29,3.4,3.4,3.4,3.4,0,0,1
MIDCPNIFTY29JUL2411800PE.NFO,2024-06-06,14:59:00,2024-07-29,3.4,3.4,3.4,3.4,0,0,1
MIDCPNIFTY29JUL2411800PE.NFO,2024-06-06,15:00:00,2024-07-29,3.4,3.4,3.4,3.4,0,0,1
MIDCPNIFTY29JUL2411800PE.NFO,2024-06-06,15:01:00,2024-07-29,3.4,3.4,3.4,3.4,0,0,1
MIDCPNIFTY29JUL2411800PE.NFO,2024-06-06,15:02:00,2024-07-29,3.4,3.4,3.4,3.4,0,0,1
MIDCPNIFTY29JUL2411800PE.NFO,2024-06-06,15:03:00,2024-07-29,3.4,3.4,3.4,3.4,0,0,1
MIDCPNIFTY29JUL2411800PE.NFO,2024-06-06,15:04:00,2024-07-29,3.4,3.4,3.4,3.4,0,0,1
MIDCPNIFTY29JUL2411800PE.NFO,2024-06-06,15:05:00,2024-07-29,3.4,3.4,3.4,3.4,0,0,1
MIDCPNIFTY29JUL2411800PE.NFO,2024-06-06,15:06:00,2024-07-29,3.4,3.4,3.4,3.4,0,0,1
MIDCPNIFTY29JUL2411800PE.NFO,2024-06-06,15:07:00,2024-07-29,3.4,3.4,3.4,3.4,0,0,1
MIDCPNIFTY29JUL2411800PE.NFO,2024-06-06,15:08:00,2024-07-29,3.4,3.4,3.4,3.4,0,0,1
MIDCPNIFTY29JUL2411800PE.NFO,2024-06-06,15:09:00,2024-07-29,3.4,3.4,3.4,3.4,0,0,1
MIDCPNIFTY29JUL2411800PE.NFO,2024-06-06,15:10:00,2024-07-29,3.4,3.4,3.4,3.4,0,0,1
MIDCPNIFTY29JUL2411800PE.NFO,2024-06-06,15:11:00,2024-07-29,3.4,3.4,3.4,3.4,0,0,1
MIDCPNIFTY29JUL2411800PE.NFO,2024-06-06,15:12:00,2024-07-29,3.4,3.4,3.4,3.4,0,0,1
MIDCPNIFTY29JUL2411800PE.NFO,2024-06-06,15:13:00,2024-07-29,3.4,3.4,3.4,3.4,0,0,1
MIDCPNIFTY29JUL2411800PE.NFO,2024-06-06,15:14:00,2024-07-29,3.4,3.4,3.4,3.4,0,0,1
MIDCPNIFTY29JUL2411800PE.NFO,2024-06-06,15:15:00,2024-07-29,3.4,3.4,3.4,3.4,0,0,1
MIDCPNIFTY29JUL2411800PE.NFO,2024-06-06,15:16:00,2024-07-29,3.4,3.4,3.4,3.4,0,0,1
MIDCPNIFTY29JUL2411800PE.NFO,2024-06-06,15:17:00,2024-07-29,3.4,3.4,3.4,3.4,0,0,1
MIDCPNIFTY29JUL2411800PE.NFO,2024-06-06,15:18:00,2024-07-29,3.4,3.4,3.4,3.4,0,0,1
MIDCPNIFTY29JUL2411800PE.NFO,2024-06-06,15:19:00,2024-07-29,3.4,3.4,3.4,3.4,0,0,1
MIDCPNIFTY29JUL2411800PE.NFO,2024-06-06,15:20:00,2024-07-29,3.4,3.4,3.4,3.4,0,0,1
MIDCPNIFTY29JUL2411800PE.NFO,2024-06-06,15:21:00,2024-07-29,3.4,3.4,3.4,3.4,0,0,1
MIDCPNIFTY29JUL2411800PE.NFO,2024-06-06,15:22:00,2024-07-29,3.4,3.4,3.4,3.4,0,0,1
MIDCPNIFTY29JUL2411800PE.NFO,2024-06-06,15:23:00,2024-07-29,3.4,3.4,3.4,3.4,0,0,1
MIDCPNIFTY29JUL2411800PE.NFO,2024-06-06,15:24:00,2024-07-29,3.4,3.4,3.4,3.4,0,0,1
MIDCPNIFTY29JUL2411800PE.NFO,2024-06-06,15:25:00,2024-07-29,3.4,3.4,3.4,3.4,0,0,1
MIDCPNIFTY29JUL2411800PE.NFO,2024-06-06,15:26:00,2024-07-29,3.4,3.4,3.4,3.4,0,0,1
MIDCPNIFTY29JUL2411800PE.NFO,2024-06-06,15:27:00,2024-07-29,3.4,3.4,3.4,3.4,0,0,1
MIDCPNIFTY29JUL2411800PE.NFO,2024-06-06,15:28:00,2024-07-29,3.4,3.4,3.4,3.4,0,0,1
MIDCPNIFTY29JUL2411800PE.NFO,2024-06-06,15:29:00,2024-07-29,3.4,3.4,3.4,3.4,0,0,1
MIDCPNIFTY29JUL2411800PE.NFO,2024-06-06,15:30:00,2024-07-29,3.4,3.4,3.4,3.4,0,0,1
MIDCPNIFTY29JUL2411800PE.NFO,2024-06-07,09:15:00,2024-07-29,3.4,3.4,3.4,3.4,0,0,0
MIDCPNIFTY29JUL2411800PE.NFO,2024-06-07,09:16:00,2024-07-29,3.4,3.4,3.4,3.4,0,0,1
MIDCPNIFTY29JUL2411800PE.NFO,2024-06-07,09:17:00,2024-07-29,3.4,3.4,3.4,3.4,0,0,1
MIDCPNIFTY29JUL2411800PE.NFO,2024-06-07,09:18:00,2024-07-29,3.4,3.4,3.4,3.4,0,0,1
MIDCPNIFTY29JUL2411800PE.NFO,2024-06-07,09:19:00,2024-07-29,3.4,3.4,3.4,3.4,0,0,1
MIDCPNIFTY29JUL2411800PE.NFO,2024-06-07,09:20:00,2024-07-29,3.4,3.4,3.4,3.4,0,0,1
MIDCPNIFTY29JUL2411800PE.NFO,2024-06-07,09:21:00,2024-07-29,3.4,3.4,3.4,3.4,0,0,1
MIDCPNIFTY29JUL2411800PE.NFO,2024-06-07,09:22:00,2024-07-29,3.4,3.4,3.4,3.4,0,0,1
MIDCPNIFTY29JUL2411800PE.NFO,2024-06-07,09:23:00,2024-07-29,3.4,3.4,3.4,3.4,0,0,1
MIDCPNIFTY29JUL2411800PE.NFO,2024-06-07,09:24:00,2024-07-29,3.4,3.4,3.4,3.4,0,0,1
MIDCPNIFTY29JUL2411800PE.NFO,2024-06-07,09:25:00,2024-07-29,3.4,3.4,3.4,3.4,0,0,1
MIDCPNIFTY29JUL2411800PE.NFO,2024-06-07,09:26:00,2024-07-29,3.4,3.4,3.4,3.4,0,0,1
MIDCPNIFTY29JUL2411800PE.NFO,2024-06-07,09:27:00,2024-07-29,3.4,3.4,3.4,3.4,0,0,1
MIDCPNIFTY29JUL2411800PE.NFO,2024-06-07,09:28:00,2024-07-29,3.4,3.4,3.4,3.4,0,0,1
MIDCPNIFTY29JUL2411800PE.NFO,2024-06-07,09:29:00,2024-07-29,3.4,3.4,3.4,3.4,0,0,1
MIDCPNIFTY29JUL2411800PE.NFO,2024-06-07,09:30:00,2024-07-29,3.4,3.4,3.4,3.4,0,0,1
MIDCPNIFTY29JUL2411800PE.NFO,2024-06-07,09:31:00,2024-07-29,3.4,3.4,3.4,3.4,0,0,1
MIDCPNIFTY29JUL2411800PE.NFO,2024-06-07,09:32:00,2024-07-29,3.4,3.4,3.4,3.4,0,0,1
MIDCPNIFTY29JUL2411800PE.NFO,2024-06-07,09:33:00,2024-07-29,3.4,3.4,3.4,3.4,0,0,1
MIDCPNIFTY29JUL2411800PE.NFO,2024-06-07,09:34:00,2024-07-29,3.4,3.4,3.4,3.4,0,0,1
MIDCPNIFTY29JUL2411800PE.NFO,2024-06-07,09:35:00,2024-07-29,3.4,3.4,3.4,3.4,0,0,1
MIDCPNIFTY29JUL2411800PE.NFO,2024-06-07,09:36:00,2024-07-29,3.4,3.4,3.4,3.4,0,0,1
MIDCPNIFTY29JUL2411800PE.NFO,2024-06-07,09:37:00,2024-07-29,3.4,3.4,3.4,3.4,0,0,1
MIDCPNIFTY29JUL2411800PE.NFO,2024-06-07,09:38:00,2024-07-29,3.4,3.4,3.4,3.4,0,0,1
MIDCPNIFTY29JUL2411800PE.NFO,2024-06-07,09:39:00,2024-07-29,3.4,3.4,3.4,3.4,0,0,1
MIDCPNIFTY29JUL2411800PE.NFO,2024-06-07,09:40:00,2024-07-29,3.4,3.4,3.4,3.4,0,0,1
MIDCPNIFTY29JUL2411800PE.NFO,2024-06-07,09:41:00,2024-07-29,3.4,3.4,3.4,3.4,0,0,1
MIDCPNIFTY29JUL2411800PE.NFO,2024-06-07,09:42:00,2024-07-29,3.4,3.4,3.4,3.4,0,0,1
MIDCPNIFTY29JUL2411800PE.NFO,2024-06-07,09:43:00,2024-07-29,3.4,3.4,3.4,3.4,0,0,1
MIDCPNIFTY29JUL2411800PE.NFO,2024-06-07,09:44:00,2024-07-29,3.4,3.4,3.4,3.4,0,0,1
MIDCPNIFTY29JUL2411800PE.NFO,2024-06-07,09:45:00,2024-07-29,3.4,3.4,3.4,3.4,0,0,1
MIDCPNIFTY29JUL2411800PE.NFO,2024-06-07,09:46:00,2024-07-29,3.4,3.4,3.4,3.4,0,0,1
MIDCPNIFTY29JUL2411800PE.NFO,2024-06-07,09:47:00,2024-07-29,3.4,3.4,3.4,3.4,0,0,1
MIDCPNIFTY29JUL2411800PE.NFO,2024-06-07,09:48:00,2024-07-29,3.4,3.4,3.4,3.4,0,0,1
MIDCPNIFTY29JUL2411800PE.NFO,2024-06-07,09:49:00,2024-07-29,3.4,3.4,3.4,3.4,0,0,1
MIDCPNIFTY29JUL2411800PE.NFO,2024-06-07,09:50:00,2024-07-29,3.4,3.4,3.4,3.4,0,0,1
MIDCPNIFTY29JUL2411800PE.NFO,2024-06-07,09:51:00,2024-07-29,3.4,3.4,3.4,3.4,0,0,1
MIDCPNIFTY29JUL2411800PE.NFO,2024-06-07,09:52:00,2024-07-29,3.4,3.4,3.4,3.4,0,0,1
MIDCPNIFTY29JUL2411800PE.NFO,2024-06-07,09:53:00,2024-07-29,3.4,3.4,3.4,3.4,0,0,1
MIDCPNIFTY29JUL2411800PE.NFO,2024-06-07,09:54:00,2024-07-29,3.4,3.4,3.4,3.4,0,0,1
MIDCPNIFTY29JUL2411800PE.NFO,2024-06-07,09:55:00,2024-07-29,3.4,3.4,3.4,3.4,0,0,1
MIDCPNIFTY29JUL2411800PE.NFO,2024-06-07,09:56:00,2024-07-29,3.4,3.4,3.4,3.4,0,0,1
MIDCPNIFTY29JUL2411800PE.NFO,2024-06-07,09:57:00,2024-07-29,3.4,3.4,3.4,3.4,0,0,1
MIDCPNIFTY29JUL2411800PE.NFO,2024-06-07,09:58:00,2024-07-29,3.4,3.4,3.4,3.4,0,0,1
MIDCPNIFTY29JUL2411800PE.NFO,2024-06-07,09:59:00,2024-07-29,3.4,3.4,3.4,3.4,0,0,1
MIDCPNIFTY29JUL2411800PE.NFO,2024-06-07,10:00:00,2024-07-29,3.4,3.4,3.4,3.4,0,0,1
MIDCPNIFTY29JUL2411800PE.NFO,2024-06-07,10:01:00,2024-07-29,3.4,3.4,3.4,3.4,0,0,1
MIDCPNIFTY29JUL2411800PE.NFO,2024-06-07,10:02:00,2024-07-29,3.4,3.4,3.4,3.4,0,0,1
MIDCPNIFTY29JUL2411800PE.NFO,2024-06-07,10:03:00,2024-07-29,3.4,3.4,3.4,3.4,0,0,1
MIDCPNIFTY29JUL2411800PE.NFO,2024-06-07,10:04:00,2024-07-29,3.4,3.4,3.4,3.4,0,0,1
MIDCPNIFTY29JUL2411800PE.NFO,2024-06-07,10:05:00,2024-07-29,3.4,3.4,3.4,3.4,0,0,1
MIDCPNIFTY29JUL2411800PE.NFO,2024-06-07,10:06:00,2024-07-29,3.4,3.4,3.4,3.4,0,0,1
MIDCPNIFTY29JUL2411800PE.NFO,2024-06-07,10:07:00,2024-07-29,3.4,3.4,3.4,3.4,0,0,1
MIDCPNIFTY29JUL2411800PE.NFO,2024-06-07,10:08:00,2024-07-29,3.4,3.4,3.4,3.4,0,0,1
MIDCPNIFTY29JUL2411800PE.NFO,2024-06-07,10:09:00,2024-07-29,3.4,3.4,3.4,3.4,0,0,1
MIDCPNIFTY29JUL2411800PE.NFO,2024-06-07,10:10:00,2024-07-29,3.4,3.4,3.4,3.4,0,0,1
MIDCPNIFTY29JUL2411800PE.NFO,2024-06-07,10:11:00,2024-07-29,3.4,3.4,3.4,3.4,0,0,1
MIDCPNIFTY29JUL2411800PE.NFO,2024-06-07,10:12:00,2024-07-29,3.4,3.4,3.4,3.4,0,0,1
MIDCPNIFTY29JUL2411800PE.NFO,2024-06-07,10:13:00,2024-07-29,3.4,3.4,3.4,3.4,0,0,1
MIDCPNIFTY29JUL2411800PE.NFO,2024-06-07,10:14:00,2024-07-29,3.4,3.4,3.4,3.4,0,0,1
MIDCPNIFTY29JUL2411800PE.NFO,2024-06-07,10:15:00,2024-07-29,3.4,3.4,3.4,3.4,0,0,1
MIDCPNIFTY29JUL2411800PE.NFO,2024-06-07,10:16:00,2024-07-29,3.4,3.4,3.4,3.4,0,0,1
MIDCPNIFTY29JUL2411800PE.NFO,2024-06-07,10:17:00,2024-07-29,3.4,3.4,3.4,3.4,0,0,1
MIDCPNIFTY29JUL2411800PE.NFO,2024-06-07,10:18:00,2024-07-29,3.4,3.4,3.4,3.4,0,0,1
MIDCPNIFTY29JUL2411800PE.NFO,2024-06-07,10:19:00,2024-07-29,3.4,3.4,3.4,3.4,0,0,1
MIDCPNIFTY29JUL2411800PE.NFO,2024-06-07,10:20:00,2024-07-29,3.4,3.4,3.4,3.4,0,0,1
MIDCPNIFTY29JUL2411800PE.NFO,2024-06-07,10:21:00,2024-07-29,3.4,3.4,3.4,3.4,0,0,1
MIDCPNIFTY29JUL2411800PE.NFO,2024-06-07,10:22:00,2024-07-29,3.4,3.4,3.4,3.4,0,0,1
MIDCPNIFTY29JUL2411800PE.NFO,2024-06-07,10:23:00,2024-07-29,3.4,3.4,3.4,3.4,0,0,1
MIDCPNIFTY29JUL2411800PE.NFO,2024-06-07,10:24:00,2024-07-29,3.4,3.4,3.4,3.4,0,0,1
MIDCPNIFTY29JUL2411800PE.NFO,2024-06-07,10:25:00,2024-07-29,3.4,3.4,3.4,3.4,0,0,1
MIDCPNIFTY29JUL2411800PE.NFO,2024-06-07,10:26:00,2024-07-29,3.4,3.4,3.4,3.4,0,0,1
MIDCPNIFTY29JUL2411800PE.NFO,2024-06-07,10:27:00,2024-07-29,3.4,3.4,3.4,3.4,0,0,1
MIDCPNIFTY29JUL2411800PE.NFO,2024-06-07,10:28:00,2024-07-29,3.4,3.4,3.4,3.4,0,0,1
MIDCPNIFTY29JUL2411800PE.NFO,2024-06-07,10:29:00,2024-07-29,3.4,3.4,3.4,3.4,0,0,1
MIDCPNIFTY29JUL2411800PE.NFO,2024-06-07,10:30:00,2024-07-29,3.4,3.4,3.4,3.4,0,0,1
MIDCPNIFTY29JUL2411800PE.NFO,2024-06-07,10:31:00,2024-07-29,3.4,3.4,3.4,3.4,0,0,1
MIDCPNIFTY29JUL2411800PE.NFO,2024-06-07,10:32:00,2024-07-29,3.4,3.4,3.4,3.4,0,0,1
MIDCPNIFTY29JUL2411800PE.NFO,2024-06-07,10:33:00,2024-07-29,3.4,3.4,3.4,3.4,0,0,1
MIDCPNIFTY29JUL2411800PE.NFO,2024-06-07,10:34:00,2024-07-29,3.4,3.4,3.4,3.4,0,0,1
MIDCPNIFTY29JUL2411800PE.NFO,2024-06-07,10:35:00,2024-07-29,3.4,3.4,3.4,3.4,0,0,1
MIDCPNIFTY29JUL2411800PE.NFO,2024-06-07,10:36:00,2024-07-29,3.4,3.4,3.4,3.4,0,0,1
MIDCPNIFTY29JUL2411800PE.NFO,2024-06-07,10:37:00,2024-07-29,3.4,3.4,3.4,3.4,0,0,1
MIDCPNIFTY29JUL2411800PE.NFO,2024-06-07,10:38:00,2024-07-29,3.4,3.4,3.4,3.4,0,0,1
MIDCPNIFTY29JUL2411800PE.NFO,2024-06-07,10:39:00,2024-07-29,3.4,3.4,3.4,3.4,0,0,1
MIDCPNIFTY29JUL2411800PE.NFO,2024-06-07,10:40:00,2024-07-29,3.4,3.4,3.4,3.4,0,0,1
MIDCPNIFTY29JUL2411800PE.NFO,2024-06-07,10:41:00,2024-07-29,3.4,3.4,3.4,3.4,0,0,1
MIDCPNIFTY29JUL2411800PE.NFO,2024-06-07,10:42:00,2024-07-29,3.4,3.4,3.4,3.4,0,0,1
MIDCPNIFTY29JUL2411800PE.NFO,2024-06-07,10:43:00,2024-07-29,3.4,3.4,3.4,3.4,0,0,1
MIDCPNIFTY29JUL2411800PE.NFO,2024-06-07,10:44:00,2024-07-29,3.4,3.4,3.4,3.4,0,0,1
MIDCPNIFTY29JUL2411800PE.NFO,2024-06-07,10:45:00,2024-07-29,3.4,3.4,3.4,3.4,0,0,1
MIDCPNIFTY29JUL2411800PE.NFO,2024-06-07,10:46:00,2024-07-29,3.4,3.4,3.4,3.4,0,0,1
MIDCPNIFTY29JUL2411800PE.NFO,2024-06-07,10:47:00,2024-07-29,3.4,3.4,3.4,3.4,0,0,1
MIDCPNIFTY29JUL2411800PE.NFO,2024-06-07,10:48:00,2024-07-29,3.4,3.4,3.4,3.4,0,0,1
MIDCPNIFTY29JUL2411800PE.NFO,2024-06-07,10:49:00,2024-07-29,3.4,3.4,3.4,3.4,0,0,1
MIDCPNIFTY29JUL2411800PE.NFO,2024-06-07,10:50:00,2024-07-29,3.4,3.4,3.4,3.4,0,0,1
MIDCPNIFTY29JUL2411800PE.NFO,2024-06-07,10:51:00,2024-07-29,3.4,3.4,3.4,3.4,0,0,1
MIDCPNIFTY29JUL2411800PE.NFO,2024-06-07,10:52:00,2024-07-29,3.4,3.4,3.4,3.4,0,0,1
MIDCPNIFTY29JUL2411800PE.NFO,2024-06-07,10:53:00,2024-07-29,3.4,3.4,3.4,3.4,0,0,1
MIDCPNIFTY29JUL2411800PE.NFO,2024-06-07,10:54:00,2024-07-29,3.4,3.4,3.4,3.4,0,0,1
MIDCPNIFTY29JUL2411800PE.NFO,2024-06-07,10:55:00,2024-07-29,3.4,3.4,3.4,3.4,0,0,1
MIDCPNIFTY29JUL2411800PE.NFO,2024-06-07,10:56:00,2024-07-29,3.4,3.4,3.4,3.4,0,0,1
MIDCPNIFTY29JUL2411800PE.NFO,2024-06-07,10:57:00,2024-07-29,3.4,3.4,3.4,3.4,0,0,1
MIDCPNIFTY29JUL2411800PE.NFO,2024-06-07,10:58:00,2024-07-29,3.4,3.4,3.4,3.4,0,0,1
MIDCPNIFTY29JUL2411800PE.NFO,2024-06-07,10:59:00,2024-07-29,3.4,3.4,3.4,3.4,0,0,1
MIDCPNIFTY29JUL2411800PE.NFO,2024-06-07,11:00:00,2024-07-29,3.4,3.4,3.4,3.4,0,0,1
MIDCPNIFTY29JUL2411800PE.NFO,2024-06-07,11:01:00,2024-07-29,3.4,3.4,3.4,3.4,0,0,1
MIDCPNIFTY29JUL2411800PE.NFO,2024-06-07,11:02:00,2024-07-29,3.4,3.4,3.4,3.4,0,0,1
MIDCPNIFTY29JUL2411800PE.NFO,2024-06-07,11:03:00,2024-07-29,3.4,3.4,3.4,3.4,0,0,1
MIDCPNIFTY29JUL2411800PE.NFO,2024-06-07,11:04:00,2024-07-29,3.4,3.4,3.4,3.4,0,0,1
MIDCPNIFTY29JUL2411800PE.NFO,2024-06-07,11:05:00,2024-07-29,3.4,3.4,3.4,3.4,0,0,1
MIDCPNIFTY29JUL2411800PE.NFO,2024-06-07,11:06:00,2024-07-29,3.4,3.4,3.4,3.4,0,0,1
MIDCPNIFTY29JUL2411800PE.NFO,2024-06-07,11:07:00,2024-07-29,3.4,3.4,3.4,3.4,0,0,1
MIDCPNIFTY29JUL2411800PE.NFO,2024-06-07,11:08:00,2024-07-29,3.4,3.4,3.4,3.4,0,0,1
MIDCPNIFTY29JUL2411800PE.NFO,2024-06-07,11:09:00,2024-07-29,3.4,3.4,3.4,3.4,0,0,1
MIDCPNIFTY29JUL2411800PE.NFO,2024-06-07,11:10:00,2024-07-29,3.4,3.4,3.4,3.4,0,0,1
MIDCPNIFTY29JUL2411800PE.NFO,2024-06-07,11:11:00,2024-07-29,3.4,3.4,3.4,3.4,0,0,1
MIDCPNIFTY29JUL2411800PE.NFO,2024-06-07,11:12:00,2024-07-29,3.4,3.4,3.4,3.4,0,0,1
MIDCPNIFTY29JUL2411800PE.NFO,2024-06-07,11:13:00,2024-07-29,3.4,3.4,3.4,3.4,0,0,1
MIDCPNIFTY29JUL2411800PE.NFO,2024-06-07,11:14:00,2024-07-29,3.4,3.4,3.4,3.4,0,0,1
MIDCPNIFTY29JUL2411800PE.NFO,2024-06-07,11:15:00,2024-07-29,3.4,3.4,3.4,3.4,0,0,1
MIDCPNIFTY29JUL2411800PE.NFO,2024-06-07,11:16:00,2024-07-29,3.4,3.4,3.4,3.4,0,0,1
MIDCPNIFTY29JUL2411800PE.NFO,2024-06-07,11:17:00,2024-07-29,3.4,3.4,3.4,3.4,0,0,1
MIDCPNIFTY29JUL2411800PE.NFO,2024-06-07,11:18:00,2024-07-29,3.4,3.4,3.4,3.4,0,0,1
MIDCPNIFTY29JUL2411800PE.NFO,2024-06-07,11:19:00,2024-07-29,3.4,3.4,3.4,3.4,0,0,1
MIDCPNIFTY29JUL2411800PE.NFO,2024-06-07,11:20:00,2024-07-29,3.4,3.4,3.4,3.4,0,0,1
MIDCPNIFTY29JUL2411800PE.NFO,2024-06-07,11:21:00,2024-07-29,3.4,3.4,3.4,3.4,0,0,1
MIDCPNIFTY29JUL2411800PE.NFO,2024-06-07,11:22:00,2024-07-29,3.4,3.4,3.4,3.4,0,0,1
MIDCPNIFTY29JUL2411800PE.NFO,2024-06-07,11:23:00,2024-07-29,3.4,3.4,3.4,3.4,0,0,1
MIDCPNIFTY29JUL2411800PE.NFO,2024-06-07,11:24:00,2024-07-29,3.4,3.4,3.4,3.4,0,0,1
MIDCPNIFTY29JUL2411800PE.NFO,2024-06-07,11:25:00,2024-07-29,3.4,3.4,3.4,3.4,0,0,1
MIDCPNIFTY29JUL2411800PE.NFO,2024-06-07,11:26:00,2024-07-29,3.4,3.4,3.4,3.4,0,0,1
MIDCPNIFTY29JUL2411800PE.NFO,2024-06-07,11:27:00,2024-07-29,3.4,3.4,3.4,3.4,0,0,1
MIDCPNIFTY29JUL2411800PE.NFO,2024-06-07,11:28:00,2024-07-29,3.4,3.4,3.4,3.4,0,0,1
MIDCPNIFTY29JUL2411800PE.NFO,2024-06-07,11:29:00,2024-07-29,3.4,3.4,3.4,3.4,0,0,1
MIDCPNIFTY29JUL2411800PE.NFO,2024-06-07,11:30:00,2024-07-29,3.4,3.4,3.4,3.4,0,0,1
MIDCPNIFTY29JUL2411800PE.NFO,2024-06-07,11:31:00,2024-07-29,3.4,3.4,3.4,3.4,0,0,1
MIDCPNIFTY29JUL2411800PE.NFO,2024-06-07,11:32:00,2024-07-29,3.4,3.4,3.4,3.4,0,0,1
MIDCPNIFTY29JUL2411800PE.NFO,2024-06-07,11:33:00,2024-07-29,3.4,3.4,3.4,3.4,0,0,1
MIDCPNIFTY29JUL2411800PE.NFO,2024-06-07,11:34:00,2024-07-29,3.4,3.4,3.4,3.4,0,0,1
MIDCPNIFTY29JUL2411800PE.NFO,2024-06-07,11:35:00,2024-07-29,3.4,3.4,3.4,3.4,0,0,1
MIDCPNIFTY29JUL2411800PE.NFO,2024-06-07,11:36:00,2024-07-29,3.4,3.4,3.4,3.4,0,0,1
MIDCPNIFTY29JUL2411800PE.NFO,2024-06-07,11:37:00,2024-07-29,3.4,3.4,3.4,3.4,0,0,1
MIDCPNIFTY29JUL2411800PE.NFO,2024-06-07,11:38:00,2024-07-29,3.4,3.4,3.4,3.4,0,0,1
MIDCPNIFTY29JUL2411800PE.NFO,2024-06-07,11:39:00,2024-07-29,3.4,3.4,3.4,3.4,0,0,1
MIDCPNIFTY29JUL2411800PE.NFO,2024-06-07,11:40:00,2024-07-29,3.4,3.4,3.4,3.4,0,0,1
MIDCPNIFTY29JUL2411800PE.NFO,2024-06-07,11:41:00,2024-07-29,3.4,3.4,3.4,3.4,0,0,1
MIDCPNIFTY29JUL2411800PE.NFO,2024-06-07,11:42:00,2024-07-29,3.4,3.4,3.4,3.4,0,0,1
MIDCPNIFTY29JUL2411800PE.NFO,2024-06-07,11:43:00,2024-07-29,3.4,3.4,3.4,3.4,0,0,1
MIDCPNIFTY29JUL2411800PE.NFO,2024-06-07,11:44:00,2024-07-29,3.4,3.4,3.4,3.4,0,0,1
MIDCPNIFTY29JUL2411800PE.NFO,2024-06-07,11:45:00,2024-07-29,3.4,3.4,3.4,3.4,0,0,1
MIDCPNIFTY29JUL2411800PE.NFO,2024-06-07,11:46:00,2024-07-29,3.4,3.4,3.4,3.4,0,0,1
MIDCPNIFTY29JUL2411800PE.NFO,2024-06-07,11:47:00,2024-07-29,3.4,3.4,3.4,3.4,0,0,1
MIDCPNIFTY29JUL2411800PE.NFO,2024-06-07,11:48:00,2024-07-29,3.4,3.4,3.4,3.4,0,0,1
MIDCPNIFTY29JUL2411800PE.NFO,2024-06-07,11:49:00,2024-07-29,3.4,3.4,3.4,3.4,0,0,1
MIDCPNIFTY29JUL2411800PE.NFO,2024-06-07,11:50:00,2024-07-29,3.4,3.4,3.4,3.4,0,0,1
MIDCPNIFTY29JUL2411800PE.NFO,2024-06-07,11:51:00,2024-07-29,3.4,3.4,3.4,3.4,0,0,1
MIDCPNIFTY29JUL2411800PE.NFO,2024-06-07,11:52:00,2024-07-29,3.4,3.4,3.4,3.4,0,0,1
MIDCPNIFTY29JUL2411800PE.NFO,2024-06-07,11:53:00,2024-07-29,3.4,3.4,3.4,3.4,0,0,1
MIDCPNIFTY29JUL2411800PE.NFO,2024-06-07,11:54:00,2024-07-29,3.4,3.4,3.4,3.4,0,0,1
MIDCPNIFTY29JUL2411800PE.NFO,2024-06-07,11:55:00,2024-07-29,3.4,3.4,3.4,3.4,0,0,1
MIDCPNIFTY29JUL2411800PE.NFO,2024-06-07,11:56:00,2024-07-29,3.4,3.4,3.4,3.4,0,0,1
MIDCPNIFTY29JUL2411800PE.NFO,2024-06-07,11:57:00,2024-07-29,3.4,3.4,3.4,3.4,0,0,1
MIDCPNIFTY29JUL2411800PE.NFO,2024-06-07,11:58:00,2024-07-29,3.4,3.4,3.4,3.4,0,0,1
MIDCPNIFTY29JUL2411800PE.NFO,2024-06-07,11:59:00,2024-07-29,3.4,3.4,3.4,3.4,0,0,1
MIDCPNIFTY29JUL2411800PE.NFO,2024-06-07,12:00:00,2024-07-29,3.4,3.4,3.4,3.4,0,0,1
MIDCPNIFTY29JUL2411800PE.NFO,2024-06-07,12:01:00,2024-07-29,3.4,3.4,3.4,3.4,0,0,1
MIDCPNIFTY29JUL2411800PE.NFO,2024-06-07,12:02:00,2024-07-29,3.4,3.4,3.4,3.4,0,0,1
MIDCPNIFTY29JUL2411800PE.NFO,2024-06-07,12:03:00,2024-07-29,3.4,3.4,3.4,3.4,0,0,1
MIDCPNIFTY29JUL2411800PE.NFO,2024-06-07,12:04:00,2024-07-29,3.4,3.4,3.4,3.4,0,0,1
MIDCPNIFTY29JUL2411800PE.NFO,2024-06-07,12:05:00,2024-07-29,3.4,3.4,3.4,3.4,0,0,1
MIDCPNIFTY29JUL2411800PE.NFO,2024-06-07,12:06:00,2024-07-29,3.4,3.4,3.4,3.4,0,0,1
MIDCPNIFTY29JUL2411800PE.NFO,2024-06-07,12:07:00,2024-07-29,3.4,3.4,3.4,3.4,0,0,1
MIDCPNIFTY29JUL2411800PE.NFO,2024-06-07,12:08:00,2024-07-29,3.4,3.4,3.4,3.4,0,0,1
MIDCPNIFTY29JUL2411800PE.NFO,2024-06-07,12:09:00,2024-07-29,3.4,3.4,3.4,3.4,0,0,1
MIDCPNIFTY29JUL2411800PE.NFO,2024-06-07,12:10:00,2024-07-29,3.4,3.4,3.4,3.4,0,0,1
MIDCPNIFTY29JUL2411800PE.NFO,2024-06-07,12:11:00,2024-07-29,3.4,3.4,3.4,3.4,0,0,1
MIDCPNIFTY29JUL2411800PE.NFO,2024-06-07,12:12:00,2024-07-29,3.4,3.4,3.4,3.4,0,0,1
MIDCPNIFTY29JUL2411800PE.NFO,2024-06-07,12:13:00,2024-07-29,3.4,3.4,3.4,3.4,0,0,1
MIDCPNIFTY29JUL2411800PE.NFO,2024-06-07,12:14:00,2024-07-29,3.4,3.4,3.4,3.4,0,0,1
MIDCPNIFTY29JUL2411800PE.NFO,2024-06-07,12:15:00,2024-07-29,3.4,3.4,3.4,3.4,0,0,1
MIDCPNIFTY29JUL2411800PE.NFO,2024-06-07,12:16:00,2024-07-29,3.4,3.4,3.4,3.4,0,0,1
MIDCPNIFTY29JUL2411800PE.NFO,2024-06-07,12:17:00,2024-07-29,3.4,3.4,3.4,3.4,0,0,1
MIDCPNIFTY29JUL2411800PE.NFO,2024-06-07,12:18:00,2024-07-29,3.4,3.4,3.4,3.4,0,0,1
MIDCPNIFTY29JUL2411800PE.NFO,2024-06-07,12:19:00,2024-07-29,3.4,3.4,3.4,3.4,0,0,1
MIDCPNIFTY29JUL2411800PE.NFO,2024-06-07,12:20:00,2024-07-29,3.4,3.4,3.4,3.4,0,0,1
MIDCPNIFTY29JUL2411800PE.NFO,2024-06-07,12:21:00,2024-07-29,3.4,3.4,3.4,3.4,0,0,1
MIDCPNIFTY29JUL2411800PE.NFO,2024-06-07,12:22:00,2024-07-29,3.4,3.4,3.4,3.4,0,0,1
MIDCPNIFTY29JUL2411800PE.NFO,2024-06-07,12:23:00,2024-07-29,3.4,3.4,3.4,3.4,0,0,1
MIDCPNIFTY29JUL2411800PE.NFO,2024-06-07,12:24:00,2024-07-29,3.4,3.4,3.4,3.4,0,0,1
MIDCPNIFTY29JUL2411800PE.NFO,2024-06-07,12:25:00,2024-07-29,3.4,3.4,3.4,3.4,0,0,1
MIDCPNIFTY29JUL2411800PE.NFO,2024-06-07,12:26:00,2024-07-29,3.4,3.4,3.4,3.4,0,0,1
MIDCPNIFTY29JUL2411800PE.NFO,2024-06-07,12:27:00,2024-07-29,3.4,3.4,3.4,3.4,0,0,1
MIDCPNIFTY29JUL2411800PE.NFO,2024-06-07,12:28:00,2024-07-29,3.4,3.4,3.4,3.4,0,0,1
MIDCPNIFTY29JUL2411800PE.NFO,2024-06-07,12:29:00,2024-07-29,3.4,3.4,3.4,3.4,0,0,1
MIDCPNIFTY29JUL2411800PE.NFO,2024-06-07,12:30:00,2024-07-29,3.4,3.4,3.4,3.4,0,0,1
MIDCPNIFTY29JUL2411800PE.NFO,2024-06-07,12:31:00,2024-07-29,3.4,3.4,3.4,3.4,0,0,1
MIDCPNIFTY29JUL2411800PE.NFO,2024-06-07,12:32:00,2024-07-29,3.4,3.4,3.4,3.4,0,0,1
MIDCPNIFTY29JUL2411800PE.NFO,2024-06-07,12:33:00,2024-07-29,3.4,3.4,3.4,3.4,0,0,1
MIDCPNIFTY29JUL2411800PE.NFO,2024-06-07,12:34:00,2024-07-29,3.4,3.4,3.4,3.4,0,0,1
MIDCPNIFTY29JUL2411800PE.NFO,2024-06-07,12:35:00,2024-07-29,3.4,3.4,3.4,3.4,0,0,1
MIDCPNIFTY29JUL2411800PE.NFO,2024-06-07,12:36:00,2024-07-29,3.4,3.4,3.4,3.4,0,0,1
MIDCPNIFTY29JUL2411800PE.NFO,2024-06-07,12:37:00,2024-07-29,3.4,3.4,3.4,3.4,0,0,1
MIDCPNIFTY29JUL2411800PE.NFO,2024-06-07,12:38:00,2024-07-29,3.4,3.4,3.4,3.4,0,0,1
MIDCPNIFTY29JUL2411800PE.NFO,2024-06-07,12:39:00,2024-07-29,3.4,3.4,3.4,3.4,0,0,1
MIDCPNIFTY29JUL2411800PE.NFO,2024-06-07,12:40:00,2024-07-29,3.4,3.4,3.4,3.4,0,0,1
MIDCPNIFTY29JUL2411800PE.NFO,2024-06-07,12:41:00,2024-07-29,3.4,3.4,3.4,3.4,0,0,1
MIDCPNIFTY29JUL2411800PE.NFO,2024-06-07,12:42:00,2024-07-29,3.4,3.4,3.4,3.4,0,0,1
MIDCPNIFTY29JUL2411800PE.NFO,2024-06-07,12:43:00,2024-07-29,3.4,3.4,3.4,3.4,0,0,1
MIDCPNIFTY29JUL2411800PE.NFO,2024-06-07,12:44:00,2024-07-29,3.4,3.4,3.4,3.4,0,0,1
MIDCPNIFTY29JUL2411800PE.NFO,2024-06-07,12:45:00,2024-07-29,3.4,3.4,3.4,3.4,0,0,1
MIDCPNIFTY29JUL2411800PE.NFO,2024-06-07,12:46:00,2024-07-29,3.4,3.4,3.4,3.4,0,0,1
MIDCPNIFTY29JUL2411800PE.NFO,2024-06-07,12:47:00,2024-07-29,3.4,3.4,3.4,3.4,0,0,1
MIDCPNIFTY29JUL2411800PE.NFO,2024-06-07,12:48:00,2024-07-29,3.4,3.4,3.4,3.4,0,0,1
MIDCPNIFTY29JUL2411800PE.NFO,2024-06-07,12:49:00,2024-07-29,3.4,3.4,3.4,3.4,0,0,1
MIDCPNIFTY29JUL2411800PE.NFO,2024-06-07,12:50:00,2024-07-29,3.4,3.4,3.4,3.4,0,0,1
MIDCPNIFTY29JUL2411800PE.NFO,2024-06-07,12:51:00,2024-07-29,3.4,3.4,3.4,3.4,0,0,1
MIDCPNIFTY29JUL2411800PE.NFO,2024-06-07,12:52:00,2024-07-29,3.4,3.4,3.4,3.4,0,0,1
MIDCPNIFTY29JUL2411800PE.NFO,2024-06-07,12:53:00,2024-07-29,3.4,3.4,3.4,3.4,0,0,1
MIDCPNIFTY29JUL2411800PE.NFO,2024-06-07,12:54:00,2024-07-29,3.4,3.4,3.4,3.4,0,0,1
MIDCPNIFTY29JUL2411800PE.NFO,2024-06-07,12:55:00,2024-07-29,3.4,3.4,3.4,3.4,0,0,1
MIDCPNIFTY29JUL2411800PE.NFO,2024-06-07,12:56:00,2024-07-29,3.4,3.4,3.4,3.4,0,0,1
MIDCPNIFTY29JUL2411800PE.NFO,2024-06-07,12:57:00,2024-07-29,3.4,3.4,3.4,3.4,0,0,1
MIDCPNIFTY29JUL2411800PE.NFO,2024-06-07,12:58:00,2024-07-29,3.4,3.4,3.4,3.4,0,0,1
MIDCPNIFTY29JUL2411800PE.NFO,2024-06-07,12:59:00,2024-07-29,3.4,3.4,3.4,3.4,0,0,1
MIDCPNIFTY29JUL2411800PE.NFO,2024-06-07,13:00:00,2024-07-29,3.4,3.4,3.4,3.4,0,0,1
MIDCPNIFTY29JUL2411800PE.NFO,2024-06-07,13:01:00,2024-07-29,3.4,3.4,3.4,3.4,0,0,1
MIDCPNIFTY29JUL2411800PE.NFO,2024-06-07,13:02:00,2024-07-29,3.4,3.4,3.4,3.4,0,0,1
MIDCPNIFTY29JUL2411800PE.NFO,2024-06-07,13:03:00,2024-07-29,3.4,3.4,3.4,3.4,0,0,1
MIDCPNIFTY29JUL2411800PE.NFO,2024-06-07,13:04:00,2024-07-29,3.4,3.4,3.4,3.4,0,0,1
MIDCPNIFTY29JUL2411800PE.NFO,2024-06-07,13:05:00,2024-07-29,3.4,3.4,3.4,3.4,0,0,1
MIDCPNIFTY29JUL2411800PE.NFO,2024-06-07,13:06:00,2024-07-29,3.4,3.4,3.4,3.4,0,0,1
MIDCPNIFTY29JUL2411800PE.NFO,2024-06-07,13:07:00,2024-07-29,3.4,3.4,3.4,3.4,0,0,1
MIDCPNIFTY29JUL2411800PE.NFO,2024-06-07,13:08:00,2024-07-29,3.4,3.4,3.4,3.4,0,0,1
MIDCPNIFTY29JUL2411800PE.NFO,2024-06-07,13:09:00,2024-07-29,3.4,3.4,3.4,3.4,0,0,1
MIDCPNIFTY29JUL2411800PE.NFO,2024-06-07,13:10:00,2024-07-29,3.4,3.4,3.4,3.4,0,0,1
MIDCPNIFTY29JUL2411800PE.NFO,2024-06-07,13:11:00,2024-07-29,3.4,3.4,3.4,3.4,0,0,1
MIDCPNIFTY29JUL2411800PE.NFO,2024-06-07,13:12:00,2024-07-29,3.4,3.4,3.4,3.4,0,0,1
MIDCPNIFTY29JUL2411800PE.NFO,2024-06-07,13:13:00,2024-07-29,3.4,3.4,3.4,3.4,0,0,1
MIDCPNIFTY29JUL2411800PE.NFO,2024-06-07,13:14:00,2024-07-29,3.4,3.4,3.4,3.4,0,0,1
MIDCPNIFTY29JUL2411800PE.NFO,2024-06-07,13:15:00,2024-07-29,3.4,3.4,3.4,3.4,0,0,1
MIDCPNIFTY29JUL2411800PE.NFO,2024-06-07,13:16:00,2024-07-29,3.4,3.4,3.4,3.4,0,0,1
MIDCPNIFTY29JUL2411800PE.NFO,2024-06-07,13:17:00,2024-07-29,3.4,3.4,3.4,3.4,0,0,1
MIDCPNIFTY29JUL2411800PE.NFO,2024-06-07,13:18:00,2024-07-29,3.4,3.4,3.4,3.4,0,0,1
MIDCPNIFTY29JUL2411800PE.NFO,2024-06-07,13:19:00,2024-07-29,3.4,3.4,3.4,3.4,0,0,1
MIDCPNIFTY29JUL2411800PE.NFO,2024-06-07,13:20:00,2024-07-29,3.4,3.4,3.4,3.4,0,0,1
MIDCPNIFTY29JUL2411800PE.NFO,2024-06-07,13:21:00,2024-07-29,3.4,3.4,3.4,3.4,0,0,1
MIDCPNIFTY29JUL2411800PE.NFO,2024-06-07,13:22:00,2024-07-29,3.4,3.4,3.4,3.4,0,0,1
MIDCPNIFTY29JUL2411800PE.NFO,2024-06-07,13:23:00,2024-07-29,3.4,3.4,3.4,3.4,0,0,1
MIDCPNIFTY29JUL2411800PE.NFO,2024-06-07,13:24:00,2024-07-29,3.4,3.4,3.4,3.4,0,0,1
MIDCPNIFTY29JUL2411800PE.NFO,2024-06-07,13:25:00,2024-07-29,3.4,3.4,3.4,3.4,0,0,1
MIDCPNIFTY29JUL2411800PE.NFO,2024-06-07,13:26:00,2024-07-29,3.4,3.4,3.4,3.4,0,0,1
MIDCPNIFTY29JUL2411800PE.NFO,2024-06-07,13:27:00,2024-07-29,3.4,3.4,3.4,3.4,0,0,1
MIDCPNIFTY29JUL2411800PE.NFO,2024-06-07,13:28:00,2024-07-29,3.4,3.4,3.4,3.4,0,0,1
MIDCPNIFTY29JUL2411800PE.NFO,2024-06-07,13:29:00,2024-07-29,3.4,3.4,3.4,3.4,0,0,1
MIDCPNIFTY29JUL2411800PE.NFO,2024-06-07,13:30:00,2024-07-29,3.4,3.4,3.4,3.4,0,0,1
MIDCPNIFTY29JUL2411800PE.NFO,2024-06-07,13:31:00,2024-07-29,3.4,3.4,3.4,3.4,0,0,1
MIDCPNIFTY29JUL2411800PE.NFO,2024-06-07,13:32:00,2024-07-29,3.4,3.4,3.4,3.4,0,0,1
MIDCPNIFTY29JUL2411800PE.NFO,2024-06-07,13:33:00,2024-07-29,3.4,3.4,3.4,3.4,0,0,1
MIDCPNIFTY29JUL2411800PE.NFO,2024-06-07,13:34:00,2024-07-29,3.4,3.4,3.4,3.4,0,0,1
MIDCPNIFTY29JUL2411800PE.NFO,2024-06-07,13:35:00,2024-07-29,3.4,3.4,3.4,3.4,0,0,1
MIDCPNIFTY29JUL2411800PE.NFO,2024-06-07,13:36:00,2024-07-29,3.4,3.4,3.4,3.4,0,0,1
MIDCPNIFTY29JUL2411800PE.NFO,2024-06-07,13:37:00,2024-07-29,3.4,3.4,3.4,3.4,0,0,1
MIDCPNIFTY29JUL2411800PE.NFO,2024-06-07,13:38:00,2024-07-29,3.4,3.4,3.4,3.4,0,0,1
MIDCPNIFTY29JUL2411800PE.NFO,2024-06-07,13:39:00,2024-07-29,3.4,3.4,3.4,3.4,0,0,1
MIDCPNIFTY29JUL2411800PE.NFO,2024-06-07,13:40:00,2024-07-29,3.4,3.4,3.4,3.4,0,0,1
MIDCPNIFTY29JUL2411800PE.NFO,2024-06-07,13:41:00,2024-07-29,3.4,3.4,3.4,3.4,0,0,1
MIDCPNIFTY29JUL2411800PE.NFO,2024-06-07,13:42:00,2024-07-29,3.4,3.4,3.4,3.4,0,0,1
MIDCPNIFTY29JUL2411800PE.NFO,2024-06-07,13:43:00,2024-07-29,3.4,3.4,3.4,3.4,0,0,1
MIDCPNIFTY29JUL2411800PE.NFO,2024-06-07,13:44:00,2024-07-29,3.4,3.4,3.4,3.4,0,0,1
MIDCPNIFTY29JUL2411800PE.NFO,2024-06-07,13:45:00,2024-07-29,3.4,3.4,3.4,3.4,0,0,1
MIDCPNIFTY29JUL2411800PE.NFO,2024-06-07,13:46:00,2024-07-29,3.4,3.4,3.4,3.4,0,0,1
MIDCPNIFTY29JUL2411800PE.NFO,2024-06-07,13:47:00,2024-07-29,3.4,3.4,3.4,3.4,0,0,1
MIDCPNIFTY29JUL2411800PE.NFO,2024-06-07,13:48:00,2024-07-29,3.4,3.4,3.4,3.4,0,0,1
MIDCPNIFTY29JUL2411800PE.NFO,2024-06-07,13:49:00,2024-07-29,3.4,3.4,3.4,3.4,0,0,1
MIDCPNIFTY29JUL2411800PE.NFO,2024-06-07,13:50:00,2024-07-29,3.4,3.4,3.4,3.4,0,0,1
MIDCPNIFTY29JUL2411800PE.NFO,2024-06-07,13:51:00,2024-07-29,3.4,3.4,3.4,3.4,0,0,1
MIDCPNIFTY29JUL2411800PE.NFO,2024-06-07,13:52:00,2024-07-29,3.4,3.4,3.4,3.4,0,0,1
MIDCPNIFTY29JUL2411800PE.NFO,2024-06-07,13:53:00,2024-07-29,3.4,3.4,3.4,3.4,0,0,1
MIDCPNIFTY29JUL2411800PE.NFO,2024-06-07,13:54:00,2024-07-29,3.4,3.4,3.4,3.4,0,0,1
MIDCPNIFTY29JUL2411800PE.NFO,2024-06-07,13:55:00,2024-07-29,3.4,3.4,3.4,3.4,0,0,1
MIDCPNIFTY29JUL2411800PE.NFO,2024-06-07,13:56:00,2024-07-29,3.4,3.4,3.4,3.4,0,0,1
MIDCPNIFTY29JUL2411800PE.NFO,2024-06-07,13:57:00,2024-07-29,3.4,3.4,3.4,3.4,0,0,1
MIDCPNIFTY29JUL2411800PE.NFO,2024-06-07,13:58:00,2024-07-29,3.4,3.4,3.4,3.4,0,0,1
MIDCPNIFTY29JUL2411800PE.NFO,2024-06-07,13:59:00,2024-07-29,3.4,3.4,3.4,3.4,0,0,1
MIDCPNIFTY29JUL2411800PE.NFO,2024-06-07,14:00:00,2024-07-29,3.4,3.4,3.4,3.4,0,0,1
MIDCPNIFTY29JUL2411800PE.NFO,2024-06-07,14:01:00,2024-07-29,3.4,3.4,3.4,3.4,0,0,1
MIDCPNIFTY29JUL2411800PE.NFO,2024-06-07,14:02:00,2024-07-29,3.4,3.4,3.4,3.4,0,0,1
MIDCPNIFTY29JUL2411800PE.NFO,2024-06-07,14:03:00,2024-07-29,3.4,3.4,3.4,3.4,0,0,1
MIDCPNIFTY29JUL2411800PE.NFO,2024-06-07,14:04:00,2024-07-29,3.4,3.4,3.4,3.4,0,0,1
MIDCPNIFTY29JUL2411800PE.NFO,2024-06-07,14:05:00,2024-07-29,3.4,3.4,3.4,3.4,0,0,1
MIDCPNIFTY29JUL2411800PE.NFO,2024-06-07,14:06:00,2024-07-29,3.4,3.4,3.4,3.4,0,0,1
MIDCPNIFTY29JUL2411800PE.NFO,2024-06-07,14:07:00,2024-07-29,3.4,3.4,3.4,3.4,0,0,1
MIDCPNIFTY29JUL2411800PE.NFO,2024-06-07,14:08:00,2024-07-29,3.4,3.4,3.4,3.4,0,0,1
MIDCPNIFTY29JUL2411800PE.NFO,2024-06-07,14:09:00,2024-07-29,3.4,3.4,3.4,3.4,0,0,1
MIDCPNIFTY29JUL2411800PE.NFO,2024-06-07,14:10:00,2024-07-29,3.4,3.4,3.4,3.4,0,0,1
MIDCPNIFTY29JUL2411800PE.NFO,2024-06-07,14:11:00,2024-07-29,3.4,3.4,3.4,3.4,0,0,1
MIDCPNIFTY29JUL2411800PE.NFO,2024-06-07,14:12:00,2024-07-29,3.4,3.4,3.4,3.4,0,0,1
MIDCPNIFTY29JUL2411800PE.NFO,2024-06-07,14:13:00,2024-07-29,3.4,3.4,3.4,3.4,0,0,1
MIDCPNIFTY29JUL2411800PE.NFO,2024-06-07,14:14:00,2024-07-29,3.4,3.4,3.4,3.4,0,0,1
MIDCPNIFTY29JUL2411800PE.NFO,2024-06-07,14:15:00,2024-07-29,3.4,3.4,3.4,3.4,0,0,1
MIDCPNIFTY29JUL2411800PE.NFO,2024-06-07,14:16:00,2024-07-29,3.4,3.4,3.4,3.4,0,0,1
MIDCPNIFTY29JUL2411800PE.NFO,2024-06-07,14:17:00,2024-07-29,3.4,3.4,3.4,3.4,0,0,1
MIDCPNIFTY29JUL2411800PE.NFO,2024-06-07,14:18:00,2024-07-29,3.4,3.4,3.4,3.4,0,0,1
MIDCPNIFTY29JUL2411800PE.NFO,2024-06-07,14:19:00,2024-07-29,3.4,3.4,3.4,3.4,0,0,1
MIDCPNIFTY29JUL2411800PE.NFO,2024-06-07,14:20:00,2024-07-29,3.4,3.4,3.4,3.4,0,0,1
MIDCPNIFTY29JUL2411800PE.NFO,2024-06-07,14:21:00,2024-07-29,3.4,3.4,3.4,3.4,0,0,1
MIDCPNIFTY29JUL2411800PE.NFO,2024-06-07,14:22:00,2024-07-29,3.4,3.4,3.4,3.4,0,0,1
MIDCPNIFTY29JUL2411800PE.NFO,2024-06-07,14:23:00,2024-07-29,3.4,3.4,3.4,3.4,0,0,1
MIDCPNIFTY29JUL2411800PE.NFO,2024-06-07,14:24:00,2024-07-29,3.4,3.4,3.4,3.4,0,0,1
MIDCPNIFTY29JUL2411800PE.NFO,2024-06-07,14:25:00,2024-07-29,3.4,3.4,3.4,3.4,0,0,1
MIDCPNIFTY29JUL2411800PE.NFO,2024-06-07,14:26:00,2024-07-29,3.4,3.4,3.4,3.4,0,0,1
MIDCPNIFTY29JUL2411800PE.NFO,2024-06-07,14:27:00,2024-07-29,3.4,3.4,3.4,3.4,0,0,1
MIDCPNIFTY29JUL2411800PE.NFO,2024-06-07,14:28:00,2024-07-29,3.4,3.4,3.4,3.4,0,0,1
MIDCPNIFTY29JUL2411800PE.NFO,2024-06-07,14:29:00,2024-07-29,3.4,3.4,3.4,3.4,0,0,1
MIDCPNIFTY29JUL2411800PE.NFO,2024-06-07,14:30:00,2024-07-29,3.4,3.4,3.4,3.4,0,0,1
MIDCPNIFTY29JUL2411800PE.NFO,2024-06-07,14:31:00,2024-07-29,3.4,3.4,3.4,3.4,0,0,1
MIDCPNIFTY29JUL2411800PE.NFO,2024-06-07,14:32:00,2024-07-29,3.4,3.4,3.4,3.4,0,0,1
MIDCPNIFTY29JUL2411800PE.NFO,2024-06-07,14:33:00,2024-07-29,3.4,3.4,3.4,3.4,0,0,1
MIDCPNIFTY29JUL2411800PE.NFO,2024-06-07,14:34:00,2024-07-29,3.4,3.4,3.4,3.4,0,0,1
MIDCPNIFTY29JUL2411800PE.NFO,2024-06-07,14:35:00,2024-07-29,3.4,3.4,3.4,3.4,0,0,1
MIDCPNIFTY29JUL2411800PE.NFO,2024-06-07,14:36:00,2024-07-29,3.4,3.4,3.4,3.4,0,0,1
MIDCPNIFTY29JUL2411800PE.NFO,2024-06-07,14:37:00,2024-07-29,3.4,3.4,3.4,3.4,0,0,1
MIDCPNIFTY29JUL2411800PE.NFO,2024-06-07,14:38:00,2024-07-29,3.4,3.4,3.4,3.4,0,0,1
MIDCPNIFTY29JUL2411800PE.NFO,2024-06-07,14:39:00,2024-07-29,3.4,3.4,3.4,3.4,0,0,1
MIDCPNIFTY29JUL2411800PE.NFO,2024-06-07,14:40:00,2024-07-29,3.4,3.4,3.4,3.4,0,0,1
MIDCPNIFTY29JUL2411800PE.NFO,2024-06-07,14:41:00,2024-07-29,3.4,3.4,3.4,3.4,0,0,1
MIDCPNIFTY29JUL2411800PE.NFO,2024-06-07,14:42:00,2024-07-29,3.4,3.4,3.4,3.4,0,0,1
MIDCPNIFTY29JUL2411800PE.NFO,2024-06-07,14:43:00,2024-07-29,3.4,3.4,3.4,3.4,0,0,1
MIDCPNIFTY29JUL2411800PE.NFO,2024-06-07,14:44:00,2024-07-29,3.4,3.4,3.4,3.4,0,0,1
MIDCPNIFTY29JUL2411800PE.NFO,2024-06-07,14:45:00,2024-07-29,3.4,3.4,3.4,3.4,0,0,1
MIDCPNIFTY29JUL2411800PE.NFO,2024-06-07,14:46:00,2024-07-29,3.4,3.4,3.4,3.4,0,0,1
MIDCPNIFTY29JUL2411800PE.NFO,2024-06-07,14:47:00,2024-07-29,3.4,3.4,3.4,3.4,0,0,1
MIDCPNIFTY29JUL2411800PE.NFO,2024-06-07,14:48:00,2024-07-29,3.4,3.4,3.4,3.4,0,0,1
MIDCPNIFTY29JUL2411800PE.NFO,2024-06-07,14:49:00,2024-07-29,3.4,3.4,3.4,3.4,0,0,1
MIDCPNIFTY29JUL2411800PE.NFO,2024-06-07,14:50:00,2024-07-29,3.4,3.4,3.4,3.4,0,0,1
MIDCPNIFTY29JUL2411800PE.NFO,2024-06-07,14:51:00,2024-07-29,3.4,3.4,3.4,3.4,0,0,1
MIDCPNIFTY29JUL2411800PE.NFO,2024-06-07,14:52:00,2024-07-29,3.4,3.4,3.4,3.4,0,0,1
MIDCPNIFTY29JUL2411800PE.NFO,2024-06-07,14:53:00,2024-07-29,3.4,3.4,3.4,3.4,0,0,1
MIDCPNIFTY29JUL2411800PE.NFO,2024-06-07,14:54:00,2024-07-29,3.4,3.4,3.4,3.4,0,0,1
MIDCPNIFTY29JUL2411800PE.NFO,2024-06-07,14:55:00,2024-07-29,3.4,3.4,3.4,3.4,0,0,1
MIDCPNIFTY29JUL2411800PE.NFO,2024-06-07,14:56:00,2024-07-29,3.4,3.4,3.4,3.4,0,0,1
MIDCPNIFTY29JUL2411800PE.NFO,2024-06-07,14:57:00,2024-07-29,3.4,3.4,3.4,3.4,0,0,1
MIDCPNIFTY29JUL2411800PE.NFO,2024-06-07,14:58:00,2024-07-29,3.4,3.4,3.4,3.4,0,0,1
MIDCPNIFTY29JUL2411800PE.NFO,2024-06-07,14:59:00,2024-07-29,3.4,3.4,3.4,3.4,0,0,1
MIDCPNIFTY29JUL2411800PE.NFO,2024-06-07,15:00:00,2024-07-29,3.4,3.4,3.4,3.4,0,0,1
MIDCPNIFTY29JUL2411800PE.NFO,2024-06-07,15:01:00,2024-07-29,3.4,3.4,3.4,3.4,0,0,1
MIDCPNIFTY29JUL2411800PE.NFO,2024-06-07,15:02:00,2024-07-29,3.4,3.4,3.4,3.4,0,0,1
MIDCPNIFTY29JUL2411800PE.NFO,2024-06-07,15:03:00,2024-07-29,3.4,3.4,3.4,3.4,0,0,1
MIDCPNIFTY29JUL2411800PE.NFO,2024-06-07,15:04:00,2024-07-29,3.4,3.4,3.4,3.4,0,0,1
MIDCPNIFTY29JUL2411800PE.NFO,2024-06-07,15:05:00,2024-07-29,3.4,3.4,3.4,3.4,0,0,1
MIDCPNIFTY29JUL2411800PE.NFO,2024-06-07,15:06:00,2024-07-29,3.4,3.4,3.4,3.4,0,0,1
MIDCPNIFTY29JUL2411800PE.NFO,2024-06-07,15:07:00,2024-07-29,3.4,3.4,3.4,3.4,0,0,1
MIDCPNIFTY29JUL2411800PE.NFO,2024-06-07,15:08:00,2024-07-29,3.4,3.4,3.4,3.4,0,0,1
MIDCPNIFTY29JUL2411800PE.NFO,2024-06-07,15:09:00,2024-07-29,3.4,3.4,3.4,3.4,0,0,1
MIDCPNIFTY29JUL2411800PE.NFO,2024-06-07,15:10:00,2024-07-29,3.4,3.4,3.4,3.4,0,0,1
MIDCPNIFTY29JUL2411800PE.NFO,2024-06-07,15:11:00,2024-07-29,3.4,3.4,3.4,3.4,0,0,1
MIDCPNIFTY29JUL2411800PE.NFO,2024-06-07,15:12:00,2024-07-29,3.4,3.4,3.4,3.4,0,0,1
MIDCPNIFTY29JUL2411800PE.NFO,2024-06-07,15:13:00,2024-07-29,3.4,3.4,3.4,3.4,0,0,1
MIDCPNIFTY29JUL2411800PE.NFO,2024-06-07,15:14:00,2024-07-29,3.4,3.4,3.4,3.4,0,0,1
MIDCPNIFTY29JUL2411800PE.NFO,2024-06-07,15:15:00,2024-07-29,3.4,3.4,3.4,3.4,0,0,1
MIDCPNIFTY29JUL2411800PE.NFO,2024-06-07,15:16:00,2024-07-29,3.4,3.4,3.4,3.4,0,0,1
MIDCPNIFTY29JUL2411800PE.NFO,2024-06-07,15:17:00,2024-07-29,3.4,3.4,3.4,3.4,0,0,1
MIDCPNIFTY29JUL2411800PE.NFO,2024-06-07,15:18:00,2024-07-29,3.4,3.4,3.4,3.4,0,0,1
MIDCPNIFTY29JUL2411800PE.NFO,2024-06-07,15:19:00,2024-07-29,3.4,3.4,3.4,3.4,0,0,1
MIDCPNIFTY29JUL2411800PE.NFO,2024-06-07,15:20:00,2024-07-29,3.4,3.4,3.4,3.4,0,0,1
MIDCPNIFTY29JUL2411800PE.NFO,2024-06-07,15:21:00,2024-07-29,3.4,3.4,3.4,3.4,0,0,1
MIDCPNIFTY29JUL2411800PE.NFO,2024-06-07,15:22:00,2024-07-29,3.4,3.4,3.4,3.4,0,0,1
MIDCPNIFTY29JUL2411800PE.NFO,2024-06-07,15:23:00,2024-07-29,3.4,3.4,3.4,3.4,0,0,1
MIDCPNIFTY29JUL2411800PE.NFO,2024-06-07,15:24:00,2024-07-29,3.4,3.4,3.4,3.4,0,0,1
MIDCPNIFTY29JUL2411800PE.NFO,2024-06-07,15:25:00,2024-07-29,3.4,3.4,3.4,3.4,0,0,1
MIDCPNIFTY29JUL2411800PE.NFO,2024-06-07,15:26:00,2024-07-29,3.4,3.4,3.4,3.4,0,0,1
MIDCPNIFTY29JUL2411800PE.NFO,2024-06-07,15:27:00,2024-07-29,3.4,3.4,3.4,3.4,0,0,1
MIDCPNIFTY29JUL2411800PE.NFO,2024-06-07,15:28:00,2024-07-29,3.4,3.4,3.4,3.4,0,0,1
MIDCPNIFTY29JUL2411800PE.NFO,2024-06-07,15:29:00,2024-07-29,3.4,3.4,3.4,3.4,0,0,1
MIDCPNIFTY29JUL2411800PE.NFO,2024-06-07,15:30:00,2024-07-29,3.4,3.4,3.4,3.4,0,0,1
MIDCPNIFTY29JUL2411800PE.NFO,2024-06-10,09:15:00,2024-07-29,3.4,3.4,3.4,3.4,0,0,0
MIDCPNIFTY29JUL2411800PE.NFO,2024-06-10,09:16:00,2024-07-29,3.4,3.4,3.4,3.4,0,0,1
MIDCPNIFTY29JUL2411800PE.NFO,2024-06-10,09:17:00,2024-07-29,3.4,3.4,3.4,3.4,0,0,1
MIDCPNIFTY29JUL2411800PE.NFO,2024-06-10,09:18:00,2024-07-29,3.4,3.4,3.4,3.4,0,0,1
MIDCPNIFTY29JUL2411800PE.NFO,2024-06-10,09:19:00,2024-07-29,3.4,3.4,3.4,3.4,0,0,1
MIDCPNIFTY29JUL2411800PE.NFO,2024-06-10,09:20:00,2024-07-29,3.4,3.4,3.4,3.4,0,0,1
MIDCPNIFTY29JUL2411800PE.NFO,2024-06-10,09:21:00,2024-07-29,3.4,3.4,3.4,3.4,0,0,1
MIDCPNIFTY29JUL2411800PE.NFO,2024-06-10,09:22:00,2024-07-29,3.4,3.4,3.4,3.4,0,0,1
MIDCPNIFTY29JUL2411800PE.NFO,2024-06-10,09:23:00,2024-07-29,3.4,3.4,3.4,3.4,0,0,1
MIDCPNIFTY29JUL2411800PE.NFO,2024-06-10,09:24:00,2024-07-29,3.4,3.4,3.4,3.4,0,0,1
MIDCPNIFTY29JUL2411800PE.NFO,2024-06-10,09:25:00,2024-07-29,3.4,3.4,3.4,3.4,0,0,1
MIDCPNIFTY29JUL2411800PE.NFO,2024-06-10,09:26:00,2024-07-29,3.4,3.4,3.4,3.4,0,0,1
MIDCPNIFTY29JUL2411800PE.NFO,2024-06-10,09:27:00,2024-07-29,3.4,3.4,3.4,3.4,0,0,1
MIDCPNIFTY29JUL2411800PE.NFO,2024-06-10,09:28:00,2024-07-29,3.4,3.4,3.4,3.4,0,0,1
MIDCPNIFTY29JUL2411800PE.NFO,2024-06-10,09:29:00,2024-07-29,3.4,3.4,3.4,3.4,0,0,1
MIDCPNIFTY29JUL2411800PE.NFO,2024-06-10,09:30:00,2024-07-29,3.4,3.4,3.4,3.4,0,0,1
MIDCPNIFTY29JUL2411800PE.NFO,2024-06-10,09:31:00,2024-07-29,3.4,3.4,3.4,3.4,0,0,1
MIDCPNIFTY29JUL2411800PE.NFO,2024-06-10,09:32:00,2024-07-29,3.4,3.4,3.4,3.4,0,0,1
MIDCPNIFTY29JUL2411800PE.NFO,2024-06-10,09:33:00,2024-07-29,3.4,3.4,3.4,3.4,0,0,1
MIDCPNIFTY29JUL2411800PE.NFO,2024-06-10,09:34:00,2024-07-29,3.4,3.4,3.4,3.4,0,0,1
MIDCPNIFTY29JUL2411800PE.NFO,2024-06-10,09:35:00,2024-07-29,3.4,3.4,3.4,3.4,0,0,1
MIDCPNIFTY29JUL2411800PE.NFO,2024-06-10,09:36:00,2024-07-29,3.4,3.4,3.4,3.4,0,0,1
MIDCPNIFTY29JUL2411800PE.NFO,2024-06-10,09:37:00,2024-07-29,3.4,3.4,3.4,3.4,0,0,1
MIDCPNIFTY29JUL2411800PE.NFO,2024-06-10,09:38:00,2024-07-29,3.4,3.4,3.4,3.4,0,0,1
MIDCPNIFTY29JUL2411800PE.NFO,2024-06-10,09:39:00,2024-07-29,3.4,3.4,3.4,3.4,0,0,1
MIDCPNIFTY29JUL2411800PE.NFO,2024-06-10,09:40:00,2024-07-29,3.4,3.4,3.4,3.4,0,0,1
MIDCPNIFTY29JUL2411800PE.NFO,2024-06-10,09:41:00,2024-07-29,3.4,3.4,3.4,3.4,0,0,1
MIDCPNIFTY29JUL2411800PE.NFO,2024-06-10,09:42:00,2024-07-29,3.4,3.4,3.4,3.4,0,0,1
MIDCPNIFTY29JUL2411800PE.NFO,2024-06-10,09:43:00,2024-07-29,3.4,3.4,3.4,3.4,0,0,1
MIDCPNIFTY29JUL2411800PE.NFO,2024-06-10,09:44:00,2024-07-29,3.4,3.4,3.4,3.4,0,0,1
MIDCPNIFTY29JUL2411800PE.NFO,2024-06-10,09:45:00,2024-07-29,3.4,3.4,3.4,3.4,0,0,1
MIDCPNIFTY29JUL2411800PE.NFO,2024-06-10,09:46:00,2024-07-29,3.4,3.4,3.4,3.4,0,0,1
MIDCPNIFTY29JUL2411800PE.NFO,2024-06-10,09:47:00,2024-07-29,3.4,3.4,3.4,3.4,0,0,1
MIDCPNIFTY29JUL2411800PE.NFO,2024-06-10,09:48:00,2024-07-29,3.4,3.4,3.4,3.4,0,0,1
MIDCPNIFTY29JUL2411800PE.NFO,2024-06-10,09:49:00,2024-07-29,3.4,3.4,3.4,3.4,0,0,1
MIDCPNIFTY29JUL2411800PE.NFO,2024-06-10,09:50:00,2024-07-29,3.4,3.4,3.4,3.4,0,0,1
MIDCPNIFTY29JUL2411800PE.NFO,2024-06-10,09:51:00,2024-07-29,3.4,3.4,3.4,3.4,0,0,1
MIDCPNIFTY29JUL2411800PE.NFO,2024-06-10,09:52:00,2024-07-29,3.4,3.4,3.4,3.4,0,0,1
MIDCPNIFTY29JUL2411800PE.NFO,2024-06-10,09:53:00,2024-07-29,3.4,3.4,3.4,3.4,0,0,1
MIDCPNIFTY29JUL2411800PE.NFO,2024-06-10,09:54:00,2024-07-29,3.4,3.4,3.4,3.4,0,0,1
MIDCPNIFTY29JUL2411800PE.NFO,2024-06-10,09:55:00,2024-07-29,3.4,3.4,3.4,3.4,0,0,1
MIDCPNIFTY29JUL2411800PE.NFO,2024-06-10,09:56:00,2024-07-29,3.4,3.4,3.4,3.4,0,0,1
MIDCPNIFTY29JUL2411800PE.NFO,2024-06-10,09:57:00,2024-07-29,3.4,3.4,3.4,3.4,0,0,1
MIDCPNIFTY29JUL2411800PE.NFO,2024-06-10,09:58:00,2024-07-29,3.4,3.4,3.4,3.4,0,0,1
MIDCPNIFTY29JUL2411800PE.NFO,2024-06-10,09:59:00,2024-07-29,3.4,3.4,3.4,3.4,0,0,1
MIDCPNIFTY29JUL2411800PE.NFO,2024-06-10,10:00:00,2024-07-29,3.4,3.4,3.4,3.4,0,0,1
MIDCPNIFTY29JUL2411800PE.NFO,2024-06-10,10:01:00,2024-07-29,3.4,3.4,3.4,3.4,0,0,1
MIDCPNIFTY29JUL2411800PE.NFO,2024-06-10,10:02:00,2024-07-29,3.4,3.4,3.4,3.4,0,0,1
MIDCPNIFTY29JUL2411800PE.NFO,2024-06-10,10:03:00,2024-07-29,3.4,3.4,3.4,3.4,0,0,1
MIDCPNIFTY29JUL2411800PE.NFO,2024-06-10,10:04:00,2024-07-29,3.4,3.4,3.4,3.4,0,0,1
MIDCPNIFTY29JUL2411800PE.NFO,2024-06-10,10:05:00,2024-07-29,3.4,3.4,3.4,3.4,0,0,1
MIDCPNIFTY29JUL2411800PE.NFO,2024-06-10,10:06:00,2024-07-29,3.4,3.4,3.4,3.4,0,0,1
MIDCPNIFTY29JUL2411800PE.NFO,2024-06-10,10:07:00,2024-07-29,3.4,3.4,3.4,3.4,0,0,1
MIDCPNIFTY29JUL2411800PE.NFO,2024-06-10,10:08:00,2024-07-29,3.4,3.4,3.4,3.4,0,0,1
MIDCPNIFTY29JUL2411800PE.NFO,2024-06-10,10:09:00,2024-07-29,3.4,3.4,3.4,3.4,0,0,1
MIDCPNIFTY29JUL2411800PE.NFO,2024-06-10,10:10:00,2024-07-29,3.4,3.4,3.4,3.4,0,0,1
MIDCPNIFTY29JUL2411800PE.NFO,2024-06-10,10:11:00,2024-07-29,3.4,3.4,3.4,3.4,0,0,1
MIDCPNIFTY29JUL2411800PE.NFO,2024-06-10,10:12:00,2024-07-29,3.4,3.4,3.4,3.4,0,0,1
MIDCPNIFTY29JUL2411800PE.NFO,2024-06-10,10:13:00,2024-07-29,3.4,3.4,3.4,3.4,0,0,1
MIDCPNIFTY29JUL2411800PE.NFO,2024-06-10,10:14:00,2024-07-29,3.4,3.4,3.4,3.4,0,0,1
MIDCPNIFTY29JUL2411800PE.NFO,2024-06-10,10:15:00,2024-07-29,3.4,3.4,3.4,3.4,0,0,1
MIDCPNIFTY29JUL2411800PE.NFO,2024-06-10,10:16:00,2024-07-29,3.4,3.4,3.4,3.4,0,0,1
MIDCPNIFTY29JUL2411800PE.NFO,2024-06-10,10:17:00,2024-07-29,3.4,3.4,3.4,3.4,0,0,1
MIDCPNIFTY29JUL2411800PE.NFO,2024-06-10,10:18:00,2024-07-29,3.4,3.4,3.4,3.4,0,0,1
MIDCPNIFTY29JUL2411800PE.NFO,2024-06-10,10:19:00,2024-07-29,3.4,3.4,3.4,3.4,0,0,1
MIDCPNIFTY29JUL2411800PE.NFO,2024-06-10,10:20:00,2024-07-29,3.4,3.4,3.4,3.4,0,0,1
MIDCPNIFTY29JUL2411800PE.NFO,2024-06-10,10:21:00,2024-07-29,3.4,3.4,3.4,3.4,0,0,1
MIDCPNIFTY29JUL2411800PE.NFO,2024-06-10,10:22:00,2024-07-29,3.4,3.4,3.4,3.4,0,0,1
MIDCPNIFTY29JUL2411800PE.NFO,2024-06-10,10:23:00,2024-07-29,3.4,3.4,3.4,3.4,0,0,1
MIDCPNIFTY29JUL2411800PE.NFO,2024-06-10,10:24:00,2024-07-29,3.4,3.4,3.4,3.4,0,0,1
MIDCPNIFTY29JUL2411800PE.NFO,2024-06-10,10:25:00,2024-07-29,3.4,3.4,3.4,3.4,0,0,1
MIDCPNIFTY29JUL2411800PE.NFO,2024-06-10,10:26:00,2024-07-29,3.4,3.4,3.4,3.4,0,0,1
MIDCPNIFTY29JUL2411800PE.NFO,2024-06-10,10:27:00,2024-07-29,3.4,3.4,3.4,3.4,0,0,1
MIDCPNIFTY29JUL2411800PE.NFO,2024-06-10,10:28:00,2024-07-29,3.4,3.4,3.4,3.4,0,0,1
MIDCPNIFTY29JUL2411800PE.NFO,2024-06-10,10:29:00,2024-07-29,3.4,3.4,3.4,3.4,0,0,1
MIDCPNIFTY29JUL2411800PE.NFO,2024-06-10,10:30:00,2024-07-29,3.4,3.4,3.4,3.4,0,0,1
MIDCPNIFTY29JUL2411800PE.NFO,2024-06-10,10:31:00,2024-07-29,3.4,3.4,3.4,3.4,0,0,1
MIDCPNIFTY29JUL2411800PE.NFO,2024-06-10,10:32:00,2024-07-29,3.4,3.4,3.4,3.4,0,0,1
MIDCPNIFTY29JUL2411800PE.NFO,2024-06-10,10:33:00,2024-07-29,3.4,3.4,3.4,3.4,0,0,1
MIDCPNIFTY29JUL2411800PE.NFO,2024-06-10,10:34:00,2024-07-29,3.4,3.4,3.4,3.4,0,0,1
MIDCPNIFTY29JUL2411800PE.NFO,2024-06-10,10:35:00,2024-07-29,3.4,3.4,3.4,3.4,0,0,1
MIDCPNIFTY29JUL2411800PE.NFO,2024-06-10,10:36:00,2024-07-29,3.4,3.4,3.4,3.4,0,0,1
MIDCPNIFTY29JUL2411800PE.NFO,2024-06-10,10:37:00,2024-07-29,3.4,3.4,3.4,3.4,0,0,1
MIDCPNIFTY29JUL2411800PE.NFO,2024-06-10,10:38:00,2024-07-29,3.4,3.4,3.4,3.4,0,0,1
MIDCPNIFTY29JUL2411800PE.NFO,2024-06-10,10:39:00,2024-07-29,3.4,3.4,3.4,3.4,0,0,1
MIDCPNIFTY29JUL2411800PE.NFO,2024-06-10,10:40:00,2024-07-29,3.4,3.4,3.4,3.4,0,0,1
MIDCPNIFTY29JUL2411800PE.NFO,2024-06-10,10:41:00,2024-07-29,3.4,3.4,3.4,3.4,0,0,1
MIDCPNIFTY29JUL2411800PE.NFO,2024-06-10,10:42:00,2024-07-29,3.4,3.4,3.4,3.4,0,0,1
MIDCPNIFTY29JUL2411800PE.NFO,2024-06-10,10:43:00,2024-07-29,3.4,3.4,3.4,3.4,0,0,1
MIDCPNIFTY29JUL2411800PE.NFO,2024-06-10,10:44:00,2024-07-29,3.4,3.4,3.4,3.4,0,0,1
MIDCPNIFTY29JUL2411800PE.NFO,2024-06-10,10:45:00,2024-07-29,3.4,3.4,3.4,3.4,0,0,1
MIDCPNIFTY29JUL2411800PE.NFO,2024-06-10,10:46:00,2024-07-29,3.4,3.4,3.4,3.4,0,0,1
MIDCPNIFTY29JUL2411800PE.NFO,2024-06-10,10:47:00,2024-07-29,3.4,3.4,3.4,3.4,0,0,1
MIDCPNIFTY29JUL2411800PE.NFO,2024-06-10,10:48:00,2024-07-29,3.4,3.4,3.4,3.4,0,0,1
MIDCPNIFTY29JUL2411800PE.NFO,2024-06-10,10:49:00,2024-07-29,3.4,3.4,3.4,3.4,0,0,1
MIDCPNIFTY29JUL2411800PE.NFO,2024-06-10,10:50:00,2024-07-29,3.4,3.4,3.4,3.4,0,0,1
MIDCPNIFTY29JUL2411800PE.NFO,2024-06-10,10:51:00,2024-07-29,3.4,3.4,3.4,3.4,0,0,1
MIDCPNIFTY29JUL2411800PE.NFO,2024-06-10,10:52:00,2024-07-29,3.4,3.4,3.4,3.4,0,0,1
MIDCPNIFTY29JUL2411800PE.NFO,2024-06-10,10:53:00,2024-07-29,3.4,3.4,3.4,3.4,0,0,1
MIDCPNIFTY29JUL2411800PE.NFO,2024-06-10,10:54:00,2024-07-29,3.4,3.4,3.4,3.4,0,0,1
MIDCPNIFTY29JUL2411800PE.NFO,2024-06-10,10:55:00,2024-07-29,3.4,3.4,3.4,3.4,0,0,1
MIDCPNIFTY29JUL2411800PE.NFO,2024-06-10,10:56:00,2024-07-29,3.4,3.4,3.4,3.4,0,0,1
MIDCPNIFTY29JUL2411800PE.NFO,2024-06-10,10:57:00,2024-07-29,3.4,3.4,3.4,3.4,0,0,1
MIDCPNIFTY29JUL2411800PE.NFO,2024-06-10,10:58:00,2024-07-29,3.4,3.4,3.4,3.4,0,0,1
MIDCPNIFTY29JUL2411800PE.NFO,2024-06-10,10:59:00,2024-07-29,3.4,3.4,3.4,3.4,0,0,1
MIDCPNIFTY29JUL2411800PE.NFO,2024-06-10,11:00:00,2024-07-29,3.4,3.4,3.4,3.4,0,0,1
MIDCPNIFTY29JUL2411800PE.NFO,2024-06-10,11:01:00,2024-07-29,3.4,3.4,3.4,3.4,0,0,1
MIDCPNIFTY29JUL2411800PE.NFO,2024-06-10,11:02:00,2024-07-29,3.4,3.4,3.4,3.4,0,0,1
MIDCPNIFTY29JUL2411800PE.NFO,2024-06-10,11:03:00,2024-07-29,3.4,3.4,3.4,3.4,0,0,1
MIDCPNIFTY29JUL2411800PE.NFO,2024-06-10,11:04:00,2024-07-29,3.4,3.4,3.4,3.4,0,0,1
MIDCPNIFTY29JUL2411800PE.NFO,2024-06-10,11:05:00,2024-07-29,3.4,3.4,3.4,3.4,0,0,1
MIDCPNIFTY29JUL2411800PE.NFO,2024-06-10,11:06:00,2024-07-29,3.4,3.4,3.4,3.4,0,0,1
MIDCPNIFTY29JUL2411800PE.NFO,2024-06-10,11:07:00,2024-07-29,3.4,3.4,3.4,3.4,0,0,1
MIDCPNIFTY29JUL2411800PE.NFO,2024-06-10,11:08:00,2024-07-29,3.4,3.4,3.4,3.4,0,0,1
MIDCPNIFTY29JUL2411800PE.NFO,2024-06-10,11:09:00,2024-07-29,3.4,3.4,3.4,3.4,0,0,1
MIDCPNIFTY29JUL2411800PE.NFO,2024-06-10,11:10:00,2024-07-29,3.4,3.4,3.4,3.4,0,0,1
MIDCPNIFTY29JUL2411800PE.NFO,2024-06-10,11:11:00,2024-07-29,3.4,3.4,3.4,3.4,0,0,1
MIDCPNIFTY29JUL2411800PE.NFO,2024-06-10,11:12:00,2024-07-29,3.4,3.4,3.4,3.4,0,0,1
MIDCPNIFTY29JUL2411800PE.NFO,2024-06-10,11:13:00,2024-07-29,3.4,3.4,3.4,3.4,0,0,1
MIDCPNIFTY29JUL2411800PE.NFO,2024-06-10,11:14:00,2024-07-29,3.4,3.4,3.4,3.4,0,0,1
MIDCPNIFTY29JUL2411800PE.NFO,2024-06-10,11:15:00,2024-07-29,3.4,3.4,3.4,3.4,0,0,1
MIDCPNIFTY29JUL2411800PE.NFO,2024-06-10,11:16:00,2024-07-29,3.4,3.4,3.4,3.4,0,0,1
MIDCPNIFTY29JUL2411800PE.NFO,2024-06-10,11:17:00,2024-07-29,3.4,3.4,3.4,3.4,0,0,1
MIDCPNIFTY29JUL2411800PE.NFO,2024-06-10,11:18:00,2024-07-29,3.4,3.4,3.4,3.4,0,0,1
MIDCPNIFTY29JUL2411800PE.NFO,2024-06-10,11:19:00,2024-07-29,3.4,3.4,3.4,3.4,0,0,1
MIDCPNIFTY29JUL2411800PE.NFO,2024-06-10,11:20:00,2024-07-29,3.4,3.4,3.4,3.4,0,0,1
MIDCPNIFTY29JUL2411800PE.NFO,2024-06-10,11:21:00,2024-07-29,3.4,3.4,3.4,3.4,0,0,1
MIDCPNIFTY29JUL2411800PE.NFO,2024-06-10,11:22:00,2024-07-29,3.4,3.4,3.4,3.4,0,0,1
MIDCPNIFTY29JUL2411800PE.NFO,2024-06-10,11:23:00,2024-07-29,3.4,3.4,3.4,3.4,0,0,1
MIDCPNIFTY29JUL2411800PE.NFO,2024-06-10,11:24:00,2024-07-29,3.4,3.4,3.4,3.4,0,0,1
MIDCPNIFTY29JUL2411800PE.NFO,2024-06-10,11:25:00,2024-07-29,3.4,3.4,3.4,3.4,0,0,1
MIDCPNIFTY29JUL2411800PE.NFO,2024-06-10,11:26:00,2024-07-29,3.4,3.4,3.4,3.4,0,0,1
MIDCPNIFTY29JUL2411800PE.NFO,2024-06-10,11:27:00,2024-07-29,3.4,3.4,3.4,3.4,0,0,1
MIDCPNIFTY29JUL2411800PE.NFO,2024-06-10,11:28:00,2024-07-29,3.4,3.4,3.4,3.4,0,0,1
MIDCPNIFTY29JUL2411800PE.NFO,2024-06-10,11:29:00,2024-07-29,3.4,3.4,3.4,3.4,0,0,1
MIDCPNIFTY29JUL2411800PE.NFO,2024-06-10,11:30:00,2024-07-29,3.4,3.4,3.4,3.4,0,0,1
MIDCPNIFTY29JUL2411800PE.NFO,2024-06-10,11:31:00,2024-07-29,3.4,3.4,3.4,3.4,0,0,1
MIDCPNIFTY29JUL2411800PE.NFO,2024-06-10,11:32:00,2024-07-29,3.4,3.4,3.4,3.4,0,0,1
MIDCPNIFTY29JUL2411800PE.NFO,2024-06-10,11:33:00,2024-07-29,3.4,3.4,3.4,3.4,0,0,1
MIDCPNIFTY29JUL2411800PE.NFO,2024-06-10,11:34:00,2024-07-29,3.4,3.4,3.4,3.4,0,0,1
MIDCPNIFTY29JUL2411800PE.NFO,2024-06-10,11:35:00,2024-07-29,3.4,3.4,3.4,3.4,0,0,1
MIDCPNIFTY29JUL2411800PE.NFO,2024-06-10,11:36:00,2024-07-29,3.4,3.4,3.4,3.4,0,0,1
MIDCPNIFTY29JUL2411800PE.NFO,2024-06-10,11:37:00,2024-07-29,3.4,3.4,3.4,3.4,0,0,1
MIDCPNIFTY29JUL2411800PE.NFO,2024-06-10,11:38:00,2024-07-29,3.4,3.4,3.4,3.4,0,0,1
MIDCPNIFTY29JUL2411800PE.NFO,2024-06-10,11:39:00,2024-07-29,3.4,3.4,3.4,3.4,0,0,1
MIDCPNIFTY29JUL2411800PE.NFO,2024-06-10,11:40:00,2024-07-29,3.4,3.4,3.4,3.4,0,0,1
MIDCPNIFTY29JUL2411800PE.NFO,2024-06-10,11:41:00,2024-07-29,3.4,3.4,3.4,3.4,0,0,1
MIDCPNIFTY29JUL2411800PE.NFO,2024-06-10,11:42:00,2024-07-29,3.4,3.4,3.4,3.4,0,0,1
MIDCPNIFTY29JUL2411800PE.NFO,2024-06-10,11:43:00,2024-07-29,3.4,3.4,3.4,3.4,0,0,1
MIDCPNIFTY29JUL2411800PE.NFO,2024-06-10,11:44:00,2024-07-29,3.4,3.4,3.4,3.4,0,0,1
MIDCPNIFTY29JUL2411800PE.NFO,2024-06-10,11:45:00,2024-07-29,3.4,3.4,3.4,3.4,0,0,1
MIDCPNIFTY29JUL2411800PE.NFO,2024-06-10,11:46:00,2024-07-29,3.4,3.4,3.4,3.4,0,0,1
MIDCPNIFTY29JUL2411800PE.NFO,2024-06-10,11:47:00,2024-07-29,3.4,3.4,3.4,3.4,0,0,1
MIDCPNIFTY29JUL2411800PE.NFO,2024-06-10,11:48:00,2024-07-29,3.4,3.4,3.4,3.4,0,0,1
MIDCPNIFTY29JUL2411800PE.NFO,2024-06-10,11:49:00,2024-07-29,3.4,3.4,3.4,3.4,0,0,1
MIDCPNIFTY29JUL2411800PE.NFO,2024-06-10,11:50:00,2024-07-29,3.4,3.4,3.4,3.4,0,0,1
MIDCPNIFTY29JUL2411800PE.NFO,2024-06-10,11:51:00,2024-07-29,3.4,3.4,3.4,3.4,0,0,1
MIDCPNIFTY29JUL2411800PE.NFO,2024-06-10,11:52:00,2024-07-29,3.4,3.4,3.4,3.4,0,0,1
MIDCPNIFTY29JUL2411800PE.NFO,2024-06-10,11:53:00,2024-07-29,3.4,3.4,3.4,3.4,0,0,1
MIDCPNIFTY29JUL2411800PE.NFO,2024-06-10,11:54:00,2024-07-29,3.4,3.4,3.4,3.4,0,0,1
MIDCPNIFTY29JUL2411800PE.NFO,2024-06-10,11:55:00,2024-07-29,3.4,3.4,3.4,3.4,0,0,1
MIDCPNIFTY29JUL2411800PE.NFO,2024-06-10,11:56:00,2024-07-29,3.4,3.4,3.4,3.4,0,0,1
MIDCPNIFTY29JUL2411800PE.NFO,2024-06-10,11:57:00,2024-07-29,3.4,3.4,3.4,3.4,0,0,1
MIDCPNIFTY29JUL2411800PE.NFO,2024-06-10,11:58:00,2024-07-29,3.4,3.4,3.4,3.4,0,0,1
MIDCPNIFTY29JUL2411800PE.NFO,2024-06-10,11:59:00,2024-07-29,3.4,3.4,3.4,3.4,0,0,1
MIDCPNIFTY29JUL2411800PE.NFO,2024-06-10,12:00:00,2024-07-29,3.4,3.4,3.4,3.4,0,0,1
MIDCPNIFTY29JUL2411800PE.NFO,2024-06-10,12:01:00,2024-07-29,3.4,3.4,3.4,3.4,0,0,1
MIDCPNIFTY29JUL2411800PE.NFO,2024-06-10,12:02:00,2024-07-29,3.4,3.4,3.4,3.4,0,0,1
MIDCPNIFTY29JUL2411800PE.NFO,2024-06-10,12:03:00,2024-07-29,3.4,3.4,3.4,3.4,0,0,1
MIDCPNIFTY29JUL2411800PE.NFO,2024-06-10,12:04:00,2024-07-29,3.4,3.4,3.4,3.4,0,0,1
MIDCPNIFTY29JUL2411800PE.NFO,2024-06-10,12:05:00,2024-07-29,3.4,3.4,3.4,3.4,0,0,1
MIDCPNIFTY29JUL2411800PE.NFO,2024-06-10,12:06:00,2024-07-29,3.4,3.4,3.4,3.4,0,0,1
MIDCPNIFTY29JUL2411800PE.NFO,2024-06-10,12:07:00,2024-07-29,3.4,3.4,3.4,3.4,0,0,1
MIDCPNIFTY29JUL2411800PE.NFO,2024-06-10,12:08:00,2024-07-29,3.4,3.4,3.4,3.4,0,0,1
MIDCPNIFTY29JUL2411800PE.NFO,2024-06-10,12:09:00,2024-07-29,3.4,3.4,3.4,3.4,0,0,1
MIDCPNIFTY29JUL2411800PE.NFO,2024-06-10,12:10:00,2024-07-29,3.4,3.4,3.4,3.4,0,0,1
MIDCPNIFTY29JUL2411800PE.NFO,2024-06-10,12:11:00,2024-07-29,3.4,3.4,3.4,3.4,0,0,1
MIDCPNIFTY29JUL2411800PE.NFO,2024-06-10,12:12:00,2024-07-29,3.4,3.4,3.4,3.4,0,0,1
MIDCPNIFTY29JUL2411800PE.NFO,2024-06-10,12:13:00,2024-07-29,3.4,3.4,3.4,3.4,0,0,1
MIDCPNIFTY29JUL2411800PE.NFO,2024-06-10,12:14:00,2024-07-29,3.4,3.4,3.4,3.4,0,0,1
MIDCPNIFTY29JUL2411800PE.NFO,2024-06-10,12:15:00,2024-07-29,3.4,3.4,3.4,3.4,0,0,1
MIDCPNIFTY29JUL2411800PE.NFO,2024-06-10,12:16:00,2024-07-29,3.4,3.4,3.4,3.4,0,0,1
MIDCPNIFTY29JUL2411800PE.NFO,2024-06-10,12:17:00,2024-07-29,3.4,3.4,3.4,3.4,0,0,1
MIDCPNIFTY29JUL2411800PE.NFO,2024-06-10,12:18:00,2024-07-29,3.4,3.4,3.4,3.4,0,0,1
MIDCPNIFTY29JUL2411800PE.NFO,2024-06-10,12:19:00,2024-07-29,3.4,3.4,3.4,3.4,0,0,1
MIDCPNIFTY29JUL2411800PE.NFO,2024-06-10,12:20:00,2024-07-29,3.4,3.4,3.4,3.4,0,0,1
MIDCPNIFTY29JUL2411800PE.NFO,2024-06-10,12:21:00,2024-07-29,3.4,3.4,3.4,3.4,0,0,1
MIDCPNIFTY29JUL2411800PE.NFO,2024-06-10,12:22:00,2024-07-29,3.4,3.4,3.4,3.4,0,0,1
MIDCPNIFTY29JUL2411800PE.NFO,2024-06-10,12:23:00,2024-07-29,3.4,3.4,3.4,3.4,0,0,1
MIDCPNIFTY29JUL2411800PE.NFO,2024-06-10,12:24:00,2024-07-29,3.4,3.4,3.4,3.4,0,0,1
MIDCPNIFTY29JUL2411800PE.NFO,2024-06-10,12:25:00,2024-07-29,3.4,3.4,3.4,3.4,0,0,1
MIDCPNIFTY29JUL2411800PE.NFO,2024-06-10,12:26:00,2024-07-29,3.4,3.4,3.4,3.4,0,0,1
MIDCPNIFTY29JUL2411800PE.NFO,2024-06-10,12:27:00,2024-07-29,3.4,3.4,3.4,3.4,0,0,1
MIDCPNIFTY29JUL2411800PE.NFO,2024-06-10,12:28:00,2024-07-29,3.4,3.4,3.4,3.4,0,0,1
MIDCPNIFTY29JUL2411800PE.NFO,2024-06-10,12:29:00,2024-07-29,3.4,3.4,3.4,3.4,0,0,1
MIDCPNIFTY29JUL2411800PE.NFO,2024-06-10,12:30:00,2024-07-29,3.4,3.4,3.4,3.4,0,0,1
MIDCPNIFTY29JUL2411800PE.NFO,2024-06-10,12:31:00,2024-07-29,3.4,3.4,3.4,3.4,0,0,1
MIDCPNIFTY29JUL2411800PE.NFO,2024-06-10,12:32:00,2024-07-29,3.4,3.4,3.4,3.4,0,0,1
MIDCPNIFTY29JUL2411800PE.NFO,2024-06-10,12:33:00,2024-07-29,3.4,3.4,3.4,3.4,0,0,1
MIDCPNIFTY29JUL2411800PE.NFO,2024-06-10,12:34:00,2024-07-29,3.4,3.4,3.4,3.4,0,0,1
MIDCPNIFTY29JUL2411800PE.NFO,2024-06-10,12:35:00,2024-07-29,3.4,3.4,3.4,3.4,0,0,1
MIDCPNIFTY29JUL2411800PE.NFO,2024-06-10,12:36:00,2024-07-29,3.4,3.4,3.4,3.4,0,0,1
MIDCPNIFTY29JUL2411800PE.NFO,2024-06-10,12:37:00,2024-07-29,3.4,3.4,3.4,3.4,0,0,1
MIDCPNIFTY29JUL2411800PE.NFO,2024-06-10,12:38:00,2024-07-29,3.4,3.4,3.4,3.4,0,0,1
MIDCPNIFTY29JUL2411800PE.NFO,2024-06-10,12:39:00,2024-07-29,3.4,3.4,3.4,3.4,0,0,1
MIDCPNIFTY29JUL2411800PE.NFO,2024-06-10,12:40:00,2024-07-29,3.4,3.4,3.4,3.4,0,0,1
MIDCPNIFTY29JUL2411800PE.NFO,2024-06-10,12:41:00,2024-07-29,3.4,3.4,3.4,3.4,0,0,1
MIDCPNIFTY29JUL2411800PE.NFO,2024-06-10,12:42:00,2024-07-29,3.4,3.4,3.4,3.4,0,0,1
MIDCPNIFTY29JUL2411800PE.NFO,2024-06-10,12:43:00,2024-07-29,3.4,3.4,3.4,3.4,0,0,1
MIDCPNIFTY29JUL2411800PE.NFO,2024-06-10,12:44:00,2024-07-29,3.4,3.4,3.4,3.4,0,0,1
MIDCPNIFTY29JUL2411800PE.NFO,2024-06-10,12:45:00,2024-07-29,3.4,3.4,3.4,3.4,0,0,1
MIDCPNIFTY29JUL2411800PE.NFO,2024-06-10,12:46:00,2024-07-29,3.4,3.4,3.4,3.4,0,0,1
MIDCPNIFTY29JUL2411800PE.NFO,2024-06-10,12:47:00,2024-07-29,3.4,3.4,3.4,3.4,0,0,1
MIDCPNIFTY29JUL2411800PE.NFO,2024-06-10,12:48:00,2024-07-29,3.4,3.4,3.4,3.4,0,0,1
MIDCPNIFTY29JUL2411800PE.NFO,2024-06-10,12:49:00,2024-07-29,3.4,3.4,3.4,3.4,0,0,1
MIDCPNIFTY29JUL2411800PE.NFO,2024-06-10,12:50:00,2024-07-29,3.4,3.4,3.4,3.4,0,0,1
MIDCPNIFTY29JUL2411800PE.NFO,2024-06-10,12:51:00,2024-07-29,3.4,3.4,3.4,3.4,0,0,1
MIDCPNIFTY29JUL2411800PE.NFO,2024-06-10,12:52:00,2024-07-29,3.4,3.4,3.4,3.4,0,0,1
MIDCPNIFTY29JUL2411800PE.NFO,2024-06-10,12:53:00,2024-07-29,3.4,3.4,3.4,3.4,0,0,1
MIDCPNIFTY29JUL2411800PE.NFO,2024-06-10,12:54:00,2024-07-29,3.4,3.4,3.4,3.4,0,0,1
MIDCPNIFTY29JUL2411800PE.NFO,2024-06-10,12:55:00,2024-07-29,3.4,3.4,3.4,3.4,0,0,1
MIDCPNIFTY29JUL2411800PE.NFO,2024-06-10,12:56:00,2024-07-29,3.4,3.4,3.4,3.4,0,0,1
MIDCPNIFTY29JUL2411800PE.NFO,2024-06-10,12:57:00,2024-07-29,3.4,3.4,3.4,3.4,0,0,1
MIDCPNIFTY29JUL2411800PE.NFO,2024-06-10,12:58:00,2024-07-29,3.4,3.4,3.4,3.4,0,0,1
MIDCPNIFTY29JUL2411800PE.NFO,2024-06-10,12:59:00,2024-07-29,3.4,3.4,3.4,3.4,0,0,1
MIDCPNIFTY29JUL2411800PE.NFO,2024-06-10,13:00:00,2024-07-29,3.4,3.4,3.4,3.4,0,0,1
MIDCPNIFTY29JUL2411800PE.NFO,2024-06-10,13:01:00,2024-07-29,3.4,3.4,3.4,3.4,0,0,1
MIDCPNIFTY29JUL2411800PE.NFO,2024-06-10,13:02:00,2024-07-29,3.4,3.4,3.4,3.4,0,0,1
MIDCPNIFTY29JUL2411800PE.NFO,2024-06-10,13:03:00,2024-07-29,3.4,3.4,3.4,3.4,0,0,1
MIDCPNIFTY29JUL2411800PE.NFO,2024-06-10,13:04:00,2024-07-29,3.4,3.4,3.4,3.4,0,0,1
MIDCPNIFTY29JUL2411800PE.NFO,2024-06-10,13:05:00,2024-07-29,3.4,3.4,3.4,3.4,0,0,1
MIDCPNIFTY29JUL2411800PE.NFO,2024-06-10,13:06:00,2024-07-29,3.4,3.4,3.4,3.4,0,0,1
MIDCPNIFTY29JUL2411800PE.NFO,2024-06-10,13:07:00,2024-07-29,3.4,3.4,3.4,3.4,0,0,1
MIDCPNIFTY29JUL2411800PE.NFO,2024-06-10,13:08:00,2024-07-29,3.4,3.4,3.4,3.4,0,0,1
MIDCPNIFTY29JUL2411800PE.NFO,2024-06-10,13:09:00,2024-07-29,3.4,3.4,3.4,3.4,0,0,1
MIDCPNIFTY29JUL2411800PE.NFO,2024-06-10,13:10:00,2024-07-29,3.4,3.4,3.4,3.4,0,0,1
MIDCPNIFTY29JUL2411800PE.NFO,2024-06-10,13:11:00,2024-07-29,3.4,3.4,3.4,3.4,0,0,1
MIDCPNIFTY29JUL2411800PE.NFO,2024-06-10,13:12:00,2024-07-29,3.4,3.4,3.4,3.4,0,0,1
MIDCPNIFTY29JUL2411800PE.NFO,2024-06-10,13:13:00,2024-07-29,3.4,3.4,3.4,3.4,0,0,1
MIDCPNIFTY29JUL2411800PE.NFO,2024-06-10,13:14:00,2024-07-29,3.4,3.4,3.4,3.4,0,0,1
MIDCPNIFTY29JUL2411800PE.NFO,2024-06-10,13:15:00,2024-07-29,3.4,3.4,3.4,3.4,0,0,1
MIDCPNIFTY29JUL2411800PE.NFO,2024-06-10,13:16:00,2024-07-29,3.4,3.4,3.4,3.4,0,0,1
MIDCPNIFTY29JUL2411800PE.NFO,2024-06-10,13:17:00,2024-07-29,3.4,3.4,3.4,3.4,0,0,1
MIDCPNIFTY29JUL2411800PE.NFO,2024-06-10,13:18:00,2024-07-29,3.4,3.4,3.4,3.4,0,0,1
MIDCPNIFTY29JUL2411800PE.NFO,2024-06-10,13:19:00,2024-07-29,3.4,3.4,3.4,3.4,0,0,1
MIDCPNIFTY29JUL2411800PE.NFO,2024-06-10,13:20:00,2024-07-29,3.4,3.4,3.4,3.4,0,0,1
MIDCPNIFTY29JUL2411800PE.NFO,2024-06-10,13:21:00,2024-07-29,3.4,3.4,3.4,3.4,0,0,1
MIDCPNIFTY29JUL2411800PE.NFO,2024-06-10,13:22:00,2024-07-29,3.4,3.4,3.4,3.4,0,0,1
MIDCPNIFTY29JUL2411800PE.NFO,2024-06-10,13:23:00,2024-07-29,3.4,3.4,3.4,3.4,0,0,1
MIDCPNIFTY29JUL2411800PE.NFO,2024-06-10,13:24:00,2024-07-29,3.4,3.4,3.4,3.4,0,0,1
MIDCPNIFTY29JUL2411800PE.NFO,2024-06-10,13:25:00,2024-07-29,3.4,3.4,3.4,3.4,0,0,1
MIDCPNIFTY29JUL2411800PE.NFO,2024-06-10,13:26:00,2024-07-29,3.4,3.4,3.4,3.4,0,0,1
MIDCPNIFTY29JUL2411800PE.NFO,2024-06-10,13:27:00,2024-07-29,3.4,3.4,3.4,3.4,0,0,1
MIDCPNIFTY29JUL2411800PE.NFO,2024-06-10,13:28:00,2024-07-29,3.4,3.4,3.4,3.4,0,0,1
MIDCPNIFTY29JUL2411800PE.NFO,2024-06-10,13:29:00,2024-07-29,3.4,3.4,3.4,3.4,0,0,1
MIDCPNIFTY29JUL2411800PE.NFO,2024-06-10,13:30:00,2024-07-29,3.4,3.4,3.4,3.4,0,0,1
MIDCPNIFTY29JUL2411800PE.NFO,2024-06-10,13:31:00,2024-07-29,3.4,3.4,3.4,3.4,0,0,1
MIDCPNIFTY29JUL2411800PE.NFO,2024-06-10,13:32:00,2024-07-29,3.4,3.4,3.4,3.4,0,0,1
MIDCPNIFTY29JUL2411800PE.NFO,2024-06-10,13:33:00,2024-07-29,3.4,3.4,3.4,3.4,0,0,1
MIDCPNIFTY29JUL2411800PE.NFO,2024-06-10,13:34:00,2024-07-29,3.4,3.4,3.4,3.4,0,0,1
MIDCPNIFTY29JUL2411800PE.NFO,2024-06-10,13:35:00,2024-07-29,3.4,3.4,3.4,3.4,0,0,1
MIDCPNIFTY29JUL2411800PE.NFO,2024-06-10,13:36:00,2024-07-29,3.4,3.4,3.4,3.4,0,0,1
MIDCPNIFTY29JUL2411800PE.NFO,2024-06-10,13:37:00,2024-07-29,3.4,3.4,3.4,3.4,0,0,1
MIDCPNIFTY29JUL2411800PE.NFO,2024-06-10,13:38:00,2024-07-29,3.4,3.4,3.4,3.4,0,0,1
MIDCPNIFTY29JUL2411800PE.NFO,2024-06-10,13:39:00,2024-07-29,3.4,3.4,3.4,3.4,0,0,1
MIDCPNIFTY29JUL2411800PE.NFO,2024-06-10,13:40:00,2024-07-29,3.4,3.4,3.4,3.4,0,0,1
MIDCPNIFTY29JUL2411800PE.NFO,2024-06-10,13:41:00,2024-07-29,3.4,3.4,3.4,3.4,0,0,1
MIDCPNIFTY29JUL2411800PE.NFO,2024-06-10,13:42:00,2024-07-29,3.4,3.4,3.4,3.4,0,0,1
MIDCPNIFTY29JUL2411800PE.NFO,2024-06-10,13:43:00,2024-07-29,3.4,3.4,3.4,3.4,0,0,1
MIDCPNIFTY29JUL2411800PE.NFO,2024-06-10,13:44:00,2024-07-29,3.4,3.4,3.4,3.4,0,0,1
MIDCPNIFTY29JUL2411800PE.NFO,2024-06-10,13:45:00,2024-07-29,3.4,3.4,3.4,3.4,0,0,1
MIDCPNIFTY29JUL2411800PE.NFO,2024-06-10,13:46:00,2024-07-29,3.4,3.4,3.4,3.4,0,0,1
MIDCPNIFTY29JUL2411800PE.NFO,2024-06-10,13:47:00,2024-07-29,3.4,3.4,3.4,3.4,0,0,1
MIDCPNIFTY29JUL2411800PE.NFO,2024-06-10,13:48:00,2024-07-29,3.4,3.4,3.4,3.4,0,0,1
MIDCPNIFTY29JUL2411800PE.NFO,2024-06-10,13:49:00,2024-07-29,3.4,3.4,3.4,3.4,0,0,1
MIDCPNIFTY29JUL2411800PE.NFO,2024-06-10,13:50:00,2024-07-29,3.4,3.4,3.4,3.4,0,0,1
MIDCPNIFTY29JUL2411800PE.NFO,2024-06-10,13:51:00,2024-07-29,3.4,3.4,3.4,3.4,0,0,1
MIDCPNIFTY29JUL2411800PE.NFO,2024-06-10,13:52:00,2024-07-29,3.4,3.4,3.4,3.4,0,0,1
MIDCPNIFTY29JUL2411800PE.NFO,2024-06-10,13:53:00,2024-07-29,3.4,3.4,3.4,3.4,0,0,1
MIDCPNIFTY29JUL2411800PE.NFO,2024-06-10,13:54:00,2024-07-29,3.4,3.4,3.4,3.4,0,0,1
MIDCPNIFTY29JUL2411800PE.NFO,2024-06-10,13:55:00,2024-07-29,3.4,3.4,3.4,3.4,0,0,1
MIDCPNIFTY29JUL2411800PE.NFO,2024-06-10,13:56:00,2024-07-29,3.4,3.4,3.4,3.4,0,0,1
MIDCPNIFTY29JUL2411800PE.NFO,2024-06-10,13:57:00,2024-07-29,3.4,3.4,3.4,3.4,0,0,1
MIDCPNIFTY29JUL2411800PE.NFO,2024-06-10,13:58:00,2024-07-29,3.4,3.4,3.4,3.4,0,0,1
MIDCPNIFTY29JUL2411800PE.NFO,2024-06-10,13:59:00,2024-07-29,3.4,3.4,3.4,3.4,0,0,1
MIDCPNIFTY29JUL2411800PE.NFO,2024-06-10,14:00:00,2024-07-29,3.4,3.4,3.4,3.4,0,0,1
MIDCPNIFTY29JUL2411800PE.NFO,2024-06-10,14:01:00,2024-07-29,3.4,3.4,3.4,3.4,0,0,1
MIDCPNIFTY29JUL2411800PE.NFO,2024-06-10,14:02:00,2024-07-29,3.4,3.4,3.4,3.4,0,0,1
MIDCPNIFTY29JUL2411800PE.NFO,2024-06-10,14:03:00,2024-07-29,3.4,3.4,3.4,3.4,0,0,1
MIDCPNIFTY29JUL2411800PE.NFO,2024-06-10,14:04:00,2024-07-29,3.4,3.4,3.4,3.4,0,0,1
MIDCPNIFTY29JUL2411800PE.NFO,2024-06-10,14:05:00,2024-07-29,3.4,3.4,3.4,3.4,0,0,1
MIDCPNIFTY29JUL2411800PE.NFO,2024-06-10,14:06:00,2024-07-29,3.4,3.4,3.4,3.4,0,0,1
MIDCPNIFTY29JUL2411800PE.NFO,2024-06-10,14:07:00,2024-07-29,3.4,3.4,3.4,3.4,0,0,1
MIDCPNIFTY29JUL2411800PE.NFO,2024-06-10,14:08:00,2024-07-29,3.4,3.4,3.4,3.4,0,0,1
MIDCPNIFTY29JUL2411800PE.NFO,2024-06-10,14:09:00,2024-07-29,3.4,3.4,3.4,3.4,0,0,1
MIDCPNIFTY29JUL2411800PE.NFO,2024-06-10,14:10:00,2024-07-29,3.4,3.4,3.4,3.4,0,0,1
MIDCPNIFTY29JUL2411800PE.NFO,2024-06-10,14:11:00,2024-07-29,3.4,3.4,3.4,3.4,0,0,1
MIDCPNIFTY29JUL2411800PE.NFO,2024-06-10,14:12:00,2024-07-29,3.4,3.4,3.4,3.4,0,0,1
MIDCPNIFTY29JUL2411800PE.NFO,2024-06-10,14:13:00,2024-07-29,3.4,3.4,3.4,3.4,0,0,1
MIDCPNIFTY29JUL2411800PE.NFO,2024-06-10,14:14:00,2024-07-29,3.4,3.4,3.4,3.4,0,0,1
MIDCPNIFTY29JUL2411800PE.NFO,2024-06-10,14:15:00,2024-07-29,3.4,3.4,3.4,3.4,0,0,1
MIDCPNIFTY29JUL2411800PE.NFO,2024-06-10,14:16:00,2024-07-29,3.4,3.4,3.4,3.4,0,0,1
MIDCPNIFTY29JUL2411800PE.NFO,2024-06-10,14:17:00,2024-07-29,3.4,3.4,3.4,3.4,0,0,1
MIDCPNIFTY29JUL2411800PE.NFO,2024-06-10,14:18:00,2024-07-29,3.4,3.4,3.4,3.4,0,0,1
MIDCPNIFTY29JUL2411800PE.NFO,2024-06-10,14:19:00,2024-07-29,3.4,3.4,3.4,3.4,0,0,1
MIDCPNIFTY29JUL2411800PE.NFO,2024-06-10,14:20:00,2024-07-29,3.4,3.4,3.4,3.4,0,0,1
MIDCPNIFTY29JUL2411800PE.NFO,2024-06-10,14:21:00,2024-07-29,3.4,3.4,3.4,3.4,0,0,1
MIDCPNIFTY29JUL2411800PE.NFO,2024-06-10,14:22:00,2024-07-29,3.4,3.4,3.4,3.4,0,0,1
MIDCPNIFTY29JUL2411800PE.NFO,2024-06-10,14:23:00,2024-07-29,3.4,3.4,3.4,3.4,0,0,1
MIDCPNIFTY29JUL2411800PE.NFO,2024-06-10,14:24:00,2024-07-29,3.4,3.4,3.4,3.4,0,0,1
MIDCPNIFTY29JUL2411800PE.NFO,2024-06-10,14:25:00,2024-07-29,3.4,3.4,3.4,3.4,0,0,1
MIDCPNIFTY29JUL2411800PE.NFO,2024-06-10,14:26:00,2024-07-29,3.4,3.4,3.4,3.4,0,0,1
MIDCPNIFTY29JUL2411800PE.NFO,2024-06-10,14:27:00,2024-07-29,3.4,3.4,3.4,3.4,0,0,1
MIDCPNIFTY29JUL2411800PE.NFO,2024-06-10,14:28:00,2024-07-29,3.4,3.4,3.4,3.4,0,0,1
MIDCPNIFTY29JUL2411800PE.NFO,2024-06-10,14:29:00,2024-07-29,3.4,3.4,3.4,3.4,0,0,1
MIDCPNIFTY29JUL2411800PE.NFO,2024-06-10,14:30:00,2024-07-29,3.4,3.4,3.4,3.4,0,0,1
MIDCPNIFTY29JUL2411800PE.NFO,2024-06-10,14:31:00,2024-07-29,3.4,3.4,3.4,3.4,0,0,1
MIDCPNIFTY29JUL2411800PE.NFO,2024-06-10,14:32:00,2024-07-29,3.4,3.4,3.4,3.4,0,0,1
MIDCPNIFTY29JUL2411800PE.NFO,2024-06-10,14:33:00,2024-07-29,3.4,3.4,3.4,3.4,0,0,1
MIDCPNIFTY29JUL2411800PE.NFO,2024-06-10,14:34:00,2024-07-29,3.4,3.4,3.4,3.4,0,0,1
MIDCPNIFTY29JUL2411800PE.NFO,2024-06-10,14:35:00,2024-07-29,3.4,3.4,3.4,3.4,0,0,1
MIDCPNIFTY29JUL2411800PE.NFO,2024-06-10,14:36:00,2024-07-29,3.4,3.4,3.4,3.4,0,0,1
MIDCPNIFTY29JUL2411800PE.NFO,2024-06-10,14:37:00,2024-07-29,3.4,3.4,3.4,3.4,0,0,1
MIDCPNIFTY29JUL2411800PE.NFO,2024-06-10,14:38:00,2024-07-29,3.4,3.4,3.4,3.4,0,0,1
MIDCPNIFTY29JUL2411800PE.NFO,2024-06-10,14:39:00,2024-07-29,3.4,3.4,3.4,3.4,0,0,1
MIDCPNIFTY29JUL2411800PE.NFO,2024-06-10,14:40:00,2024-07-29,3.4,3.4,3.4,3.4,0,0,1
MIDCPNIFTY29JUL2411800PE.NFO,2024-06-10,14:41:00,2024-07-29,3.4,3.4,3.4,3.4,0,0,1
MIDCPNIFTY29JUL2411800PE.NFO,2024-06-10,14:42:00,2024-07-29,3.4,3.4,3.4,3.4,0,0,1
MIDCPNIFTY29JUL2411800PE.NFO,2024-06-10,14:43:00,2024-07-29,3.4,3.4,3.4,3.4,0,0,1
MIDCPNIFTY29JUL2411800PE.NFO,2024-06-10,14:44:00,2024-07-29,3.4,3.4,3.4,3.4,0,0,1
MIDCPNIFTY29JUL2411800PE.NFO,2024-06-10,14:45:00,2024-07-29,3.4,3.4,3.4,3.4,0,0,1
MIDCPNIFTY29JUL2411800PE.NFO,2024-06-10,14:46:00,2024-07-29,3.4,3.4,3.4,3.4,0,0,1
MIDCPNIFTY29JUL2411800PE.NFO,2024-06-10,14:47:00,2024-07-29,3.4,3.4,3.4,3.4,0,0,1
MIDCPNIFTY29JUL2411800PE.NFO,2024-06-10,14:48:00,2024-07-29,3.4,3.4,3.4,3.4,0,0,1
MIDCPNIFTY29JUL2411800PE.NFO,2024-06-10,14:49:00,2024-07-29,3.4,3.4,3.4,3.4,0,0,1
MIDCPNIFTY29JUL2411800PE.NFO,2024-06-10,14:50:00,2024-07-29,3.4,3.4,3.4,3.4,0,0,1
MIDCPNIFTY29JUL2411800PE.NFO,2024-06-10,14:51:00,2024-07-29,3.4,3.4,3.4,3.4,0,0,1
MIDCPNIFTY29JUL2411800PE.NFO,2024-06-10,14:52:00,2024-07-29,3.4,3.4,3.4,3.4,0,0,1
MIDCPNIFTY29JUL2411800PE.NFO,2024-06-10,14:53:00,2024-07-29,3.4,3.4,3.4,3.4,0,0,1
MIDCPNIFTY29JUL2411800PE.NFO,2024-06-10,14:54:00,2024-07-29,3.4,3.4,3.4,3.4,0,0,1
MIDCPNIFTY29JUL2411800PE.NFO,2024-06-10,14:55:00,2024-07-29,3.4,3.4,3.4,3.4,0,0,1
MIDCPNIFTY29JUL2411800PE.NFO,2024-06-10,14:56:00,2024-07-29,3.4,3.4,3.4,3.4,0,0,1
MIDCPNIFTY29JUL2411800PE.NFO,2024-06-10,14:57:00,2024-07-29,3.4,3.4,3.4,3.4,0,0,1
MIDCPNIFTY29JUL2411800PE.NFO,2024-06-10,14:58:00,2024-07-29,3.4,3.4,3.4,3.4,0,0,1
MIDCPNIFTY29JUL2411800PE.NFO,2024-06-10,14:59:00,2024-07-29,3.4,3.4,3.4,3.4,0,0,1
MIDCPNIFTY29JUL2411800PE.NFO,2024-06-10,15:00:00,2024-07-29,3.4,3.4,3.4,3.4,0,0,1
MIDCPNIFTY29JUL2411800PE.NFO,2024-06-10,15:01:00,2024-07-29,3.4,3.4,3.4,3.4,0,0,1
MIDCPNIFTY29JUL2411800PE.NFO,2024-06-10,15:02:00,2024-07-29,3.4,3.4,3.4,3.4,0,0,1
MIDCPNIFTY29JUL2411800PE.NFO,2024-06-10,15:03:00,2024-07-29,3.4,3.4,3.4,3.4,0,0,1
MIDCPNIFTY29JUL2411800PE.NFO,2024-06-10,15:04:00,2024-07-29,3.4,3.4,3.4,3.4,0,0,1
MIDCPNIFTY29JUL2411800PE.NFO,2024-06-10,15:05:00,2024-07-29,3.4,3.4,3.4,3.4,0,0,1
MIDCPNIFTY29JUL2411800PE.NFO,2024-06-10,15:06:00,2024-07-29,3.4,3.4,3.4,3.4,0,0,1
MIDCPNIFTY29JUL2411800PE.NFO,2024-06-10,15:07:00,2024-07-29,3.4,3.4,3.4,3.4,0,0,1
MIDCPNIFTY29JUL2411800PE.NFO,2024-06-10,15:08:00,2024-07-29,3.4,3.4,3.4,3.4,0,0,1
MIDCPNIFTY29JUL2411800PE.NFO,2024-06-10,15:09:00,2024-07-29,3.4,3.4,3.4,3.4,0,0,1
MIDCPNIFTY29JUL2411800PE.NFO,2024-06-10,15:10:00,2024-07-29,3.4,3.4,3.4,3.4,0,0,1
MIDCPNIFTY29JUL2411800PE.NFO,2024-06-10,15:11:00,2024-07-29,3.4,3.4,3.4,3.4,0,0,1
MIDCPNIFTY29JUL2411800PE.NFO,2024-06-10,15:12:00,2024-07-29,3.4,3.4,3.4,3.4,0,0,1
MIDCPNIFTY29JUL2411800PE.NFO,2024-06-10,15:13:00,2024-07-29,3.4,3.4,3.4,3.4,0,0,1
MIDCPNIFTY29JUL2411800PE.NFO,2024-06-10,15:14:00,2024-07-29,3.4,3.4,3.4,3.4,0,0,1
MIDCPNIFTY29JUL2411800PE.NFO,2024-06-10,15:15:00,2024-07-29,3.4,3.4,3.4,3.4,0,0,1
MIDCPNIFTY29JUL2411800PE.NFO,2024-06-10,15:16:00,2024-07-29,3.4,3.4,3.4,3.4,0,0,1
MIDCPNIFTY29JUL2411800PE.NFO,2024-06-10,15:17:00,2024-07-29,3.4,3.4,3.4,3.4,0,0,1
MIDCPNIFTY29JUL2411800PE.NFO,2024-06-10,15:18:00,2024-07-29,3.4,3.4,3.4,3.4,0,0,1
MIDCPNIFTY29JUL2411800PE.NFO,2024-06-10,15:19:00,2024-07-29,3.4,3.4,3.4,3.4,0,0,1
MIDCPNIFTY29JUL2411800PE.NFO,2024-06-10,15:20:00,2024-07-29,3.4,3.4,3.4,3.4,0,0,1
MIDCPNIFTY29JUL2411800PE.NFO,2024-06-10,15:21:00,2024-07-29,3.4,3.4,3.4,3.4,0,0,1
MIDCPNIFTY29JUL2411800PE.NFO,2024-06-10,15:22:00,2024-07-29,3.4,3.4,3.4,3.4,0,0,1
MIDCPNIFTY29JUL2411800PE.NFO,2024-06-10,15:23:00,2024-07-29,3.4,3.4,3.4,3.4,0,0,1
MIDCPNIFTY29JUL2411800PE.NFO,2024-06-10,15:24:00,2024-07-29,3.4,3.4,3.4,3.4,0,0,1
MIDCPNIFTY29JUL2411800PE.NFO,2024-06-10,15:25:00,2024-07-29,3.4,3.4,3.4,3.4,0,0,1
MIDCPNIFTY29JUL2411800PE.NFO,2024-06-10,15:26:00,2024-07-29,3.4,3.4,3.4,3.4,0,0,1
MIDCPNIFTY29JUL2411800PE.NFO,2024-06-10,15:27:00,2024-07-29,3.4,3.4,3.4,3.4,0,0,1
MIDCPNIFTY29JUL2411800PE.NFO,2024-06-10,15:28:00,2024-07-29,3.4,3.4,3.4,3.4,0,0,1
MIDCPNIFTY29JUL2411800PE.NFO,2024-06-10,15:29:00,2024-07-29,3.4,3.4,3.4,3.4,0,0,1
MIDCPNIFTY29JUL2411800PE.NFO,2024-06-10,15:30:00,2024-07-29,3.4,3.4,3.4,3.4,0,0,1
MIDCPNIFTY29JUL2411800PE.NFO,2024-06-11,09:15:00,2024-07-29,3.4,3.4,3.4,3.4,0,0,0
MIDCPNIFTY29JUL2411800PE.NFO,2024-06-11,09:16:00,2024-07-29,3.4,3.4,3.4,3.4,0,0,1
MIDCPNIFTY29JUL2411800PE.NFO,2024-06-11,09:17:00,2024-07-29,3.4,3.4,3.4,3.4,0,0,1
MIDCPNIFTY29JUL2411800PE.NFO,2024-06-11,09:18:00,2024-07-29,3.4,3.4,3.4,3.4,0,0,1
MIDCPNIFTY29JUL2411800PE.NFO,2024-06-11,09:19:00,2024-07-29,3.4,3.4,3.4,3.4,0,0,1
MIDCPNIFTY29JUL2411800PE.NFO,2024-06-11,09:20:00,2024-07-29,3.4,3.4,3.4,3.4,0,0,1
MIDCPNIFTY29JUL2411800PE.NFO,2024-06-11,09:21:00,2024-07-29,3.4,3.4,3.4,3.4,0,0,1
MIDCPNIFTY29JUL2411800PE.NFO,2024-06-11,09:22:00,2024-07-29,3.4,3.4,3.4,3.4,0,0,1
MIDCPNIFTY29JUL2411800PE.NFO,2024-06-11,09:23:00,2024-07-29,3.4,3.4,3.4,3.4,0,0,1
MIDCPNIFTY29JUL2411800PE.NFO,2024-06-11,09:24:00,2024-07-29,3.4,3.4,3.4,3.4,0,0,1
MIDCPNIFTY29JUL2411800PE.NFO,2024-06-11,09:25:00,2024-07-29,3.4,3.4,3.4,3.4,0,0,1
MIDCPNIFTY29JUL2411800PE.NFO,2024-06-11,09:26:00,2024-07-29,3.4,3.4,3.4,3.4,0,0,1
MIDCPNIFTY29JUL2411800PE.NFO,2024-06-11,09:27:00,2024-07-29,3.4,3.4,3.4,3.4,0,0,1
MIDCPNIFTY29JUL2411800PE.NFO,2024-06-11,09:28:00,2024-07-29,3.4,3.4,3.4,3.4,0,0,1
MIDCPNIFTY29JUL2411800PE.NFO,2024-06-11,09:29:00,2024-07-29,3.4,3.4,3.4,3.4,0,0,1
MIDCPNIFTY29JUL2411800PE.NFO,2024-06-11,09:30:00,2024-07-29,3.4,3.4,3.4,3.4,0,0,1
MIDCPNIFTY29JUL2411800PE.NFO,2024-06-11,09:31:00,2024-07-29,3.4,3.4,3.4,3.4,0,0,1
MIDCPNIFTY29JUL2411800PE.NFO,2024-06-11,09:32:00,2024-07-29,3.4,3.4,3.4,3.4,0,0,1
MIDCPNIFTY29JUL2411800PE.NFO,2024-06-11,09:33:00,2024-07-29,3.4,3.4,3.4,3.4,0,0,1
MIDCPNIFTY29JUL2411800PE.NFO,2024-06-11,09:34:00,2024-07-29,3.4,3.4,3.4,3.4,0,0,1
MIDCPNIFTY29JUL2411800PE.NFO,2024-06-11,09:35:00,2024-07-29,3.4,3.4,3.4,3.4,0,0,1
MIDCPNIFTY29JUL2411800PE.NFO,2024-06-11,09:36:00,2024-07-29,3.4,3.4,3.4,3.4,0,0,1
MIDCPNIFTY29JUL2411800PE.NFO,2024-06-11,09:37:00,2024-07-29,3.4,3.4,3.4,3.4,0,0,1
MIDCPNIFTY29JUL2411800PE.NFO,2024-06-11,09:38:00,2024-07-29,3.4,3.4,3.4,3.4,0,0,1
MIDCPNIFTY29JUL2411800PE.NFO,2024-06-11,09:39:00,2024-07-29,3.4,3.4,3.4,3.4,0,0,1
MIDCPNIFTY29JUL2411800PE.NFO,2024-06-11,09:40:00,2024-07-29,3.4,3.4,3.4,3.4,0,0,1
MIDCPNIFTY29JUL2411800PE.NFO,2024-06-11,09:41:00,2024-07-29,3.4,3.4,3.4,3.4,0,0,1
MIDCPNIFTY29JUL2411800PE.NFO,2024-06-11,09:42:00,2024-07-29,3.4,3.4,3.4,3.4,0,0,1
MIDCPNIFTY29JUL2411800PE.NFO,2024-06-11,09:43:00,2024-07-29,3.4,3.4,3.4,3.4,0,0,1
MIDCPNIFTY29JUL2411800PE.NFO,2024-06-11,09:44:00,2024-07-29,3.4,3.4,3.4,3.4,0,0,1
MIDCPNIFTY29JUL2411800PE.NFO,2024-06-11,09:45:00,2024-07-29,3.4,3.4,3.4,3.4,0,0,1
MIDCPNIFTY29JUL2411800PE.NFO,2024-06-11,09:46:00,2024-07-29,3.4,3.4,3.4,3.4,0,0,1
MIDCPNIFTY29JUL2411800PE.NFO,2024-06-11,09:47:00,2024-07-29,3.4,3.4,3.4,3.4,0,0,1
MIDCPNIFTY29JUL2411800PE.NFO,2024-06-11,09:48:00,2024-07-29,3.4,3.4,3.4,3.4,0,0,1
MIDCPNIFTY29JUL2411800PE.NFO,2024-06-11,09:49:00,2024-07-29,3.4,3.4,3.4,3.4,0,0,1
MIDCPNIFTY29JUL2411800PE.NFO,2024-06-11,09:50:00,2024-07-29,3.4,3.4,3.4,3.4,0,0,1
MIDCPNIFTY29JUL2411800PE.NFO,2024-06-11,09:51:00,2024-07-29,3.4,3.4,3.4,3.4,0,0,1
MIDCPNIFTY29JUL2411800PE.NFO,2024-06-11,09:52:00,2024-07-29,3.4,3.4,3.4,3.4,0,0,1
MIDCPNIFTY29JUL2411800PE.NFO,2024-06-11,09:53:00,2024-07-29,3.4,3.4,3.4,3.4,0,0,1
MIDCPNIFTY29JUL2411800PE.NFO,2024-06-11,09:54:00,2024-07-29,3.4,3.4,3.4,3.4,0,0,1
MIDCPNIFTY29JUL2411800PE.NFO,2024-06-11,09:55:00,2024-07-29,3.4,3.4,3.4,3.4,0,0,1
MIDCPNIFTY29JUL2411800PE.NFO,2024-06-11,09:56:00,2024-07-29,3.4,3.4,3.4,3.4,0,0,1
MIDCPNIFTY29JUL2411800PE.NFO,2024-06-11,09:57:00,2024-07-29,3.4,3.4,3.4,3.4,0,0,1
MIDCPNIFTY29JUL2411800PE.NFO,2024-06-11,09:58:00,2024-07-29,3.4,3.4,3.4,3.4,0,0,1
MIDCPNIFTY29JUL2411800PE.NFO,2024-06-11,09:59:00,2024-07-29,3.4,3.4,3.4,3.4,0,0,1
MIDCPNIFTY29JUL2411800PE.NFO,2024-06-11,10:00:00,2024-07-29,3.4,3.4,3.4,3.4,0,0,1
MIDCPNIFTY29JUL2411800PE.NFO,2024-06-11,10:01:00,2024-07-29,3.4,3.4,3.4,3.4,0,0,1
MIDCPNIFTY29JUL2411800PE.NFO,2024-06-11,10:02:00,2024-07-29,3.4,3.4,3.4,3.4,0,0,1
MIDCPNIFTY29JUL2411800PE.NFO,2024-06-11,10:03:00,2024-07-29,3.4,3.4,3.4,3.4,0,0,1
MIDCPNIFTY29JUL2411800PE.NFO,2024-06-11,10:04:00,2024-07-29,3.4,3.4,3.4,3.4,0,0,1
MIDCPNIFTY29JUL2411800PE.NFO,2024-06-11,10:05:00,2024-07-29,3.4,3.4,3.4,3.4,0,0,1
MIDCPNIFTY29JUL2411800PE.NFO,2024-06-11,10:06:00,2024-07-29,3.4,3.4,3.4,3.4,0,0,1
MIDCPNIFTY29JUL2411800PE.NFO,2024-06-11,10:07:00,2024-07-29,3.4,3.4,3.4,3.4,0,0,1
MIDCPNIFTY29JUL2411800PE.NFO,2024-06-11,10:08:00,2024-07-29,3.4,3.4,3.4,3.4,0,0,1
MIDCPNIFTY29JUL2411800PE.NFO,2024-06-11,10:09:00,2024-07-29,3.4,3.4,3.4,3.4,0,0,1
MIDCPNIFTY29JUL2411800PE.NFO,2024-06-11,10:10:00,2024-07-29,3.4,3.4,3.4,3.4,0,0,1
MIDCPNIFTY29JUL2411800PE.NFO,2024-06-11,10:11:00,2024-07-29,3.4,3.4,3.4,3.4,0,0,1
MIDCPNIFTY29JUL2411800PE.NFO,2024-06-11,10:12:00,2024-07-29,3.4,3.4,3.4,3.4,0,0,1
MIDCPNIFTY29JUL2411800PE.NFO,2024-06-11,10:13:00,2024-07-29,3.4,3.4,3.4,3.4,0,0,1
MIDCPNIFTY29JUL2411800PE.NFO,2024-06-11,10:14:00,2024-07-29,3.4,3.4,3.4,3.4,0,0,1
MIDCPNIFTY29JUL2411800PE.NFO,2024-06-11,10:15:00,2024-07-29,3.4,3.4,3.4,3.4,0,0,1
MIDCPNIFTY29JUL2411800PE.NFO,2024-06-11,10:16:00,2024-07-29,3.4,3.4,3.4,3.4,0,0,1
MIDCPNIFTY29JUL2411800PE.NFO,2024-06-11,10:17:00,2024-07-29,3.4,3.4,3.4,3.4,0,0,1
MIDCPNIFTY29JUL2411800PE.NFO,2024-06-11,10:18:00,2024-07-29,3.4,3.4,3.4,3.4,0,0,1
MIDCPNIFTY29JUL2411800PE.NFO,2024-06-11,10:19:00,2024-07-29,3.4,3.4,3.4,3.4,0,0,1
MIDCPNIFTY29JUL2411800PE.NFO,2024-06-11,10:20:00,2024-07-29,3.4,3.4,3.4,3.4,0,0,1
MIDCPNIFTY29JUL2411800PE.NFO,2024-06-11,10:21:00,2024-07-29,3.4,3.4,3.4,3.4,0,0,1
MIDCPNIFTY29JUL2411800PE.NFO,2024-06-11,10:22:00,2024-07-29,3.4,3.4,3.4,3.4,0,0,1
MIDCPNIFTY29JUL2411800PE.NFO,2024-06-11,10:23:00,2024-07-29,3.4,3.4,3.4,3.4,0,0,1
MIDCPNIFTY29JUL2411800PE.NFO,2024-06-11,10:24:00,2024-07-29,3.4,3.4,3.4,3.4,0,0,1
MIDCPNIFTY29JUL2411800PE.NFO,2024-06-11,10:25:00,2024-07-29,3.4,3.4,3.4,3.4,0,0,1
MIDCPNIFTY29JUL2411800PE.NFO,2024-06-11,10:26:00,2024-07-29,3.4,3.4,3.4,3.4,0,0,1
MIDCPNIFTY29JUL2411800PE.NFO,2024-06-11,10:27:00,2024-07-29,3.4,3.4,3.4,3.4,0,0,1
MIDCPNIFTY29JUL2411800PE.NFO,2024-06-11,10:28:00,2024-07-29,3.4,3.4,3.4,3.4,0,0,1
MIDCPNIFTY29JUL2411800PE.NFO,2024-06-11,10:29:00,2024-07-29,3.4,3.4,3.4,3.4,0,0,1
MIDCPNIFTY29JUL2411800PE.NFO,2024-06-11,10:30:00,2024-07-29,3.4,3.4,3.4,3.4,0,0,1
MIDCPNIFTY29JUL2411800PE.NFO,2024-06-11,10:31:00,2024-07-29,3.4,3.4,3.4,3.4,0,0,1
MIDCPNIFTY29JUL2411800PE.NFO,2024-06-11,10:32:00,2024-07-29,3.4,3.4,3.4,3.4,0,0,1
MIDCPNIFTY29JUL2411800PE.NFO,2024-06-11,10:33:00,2024-07-29,3.4,3.4,3.4,3.4,0,0,1
MIDCPNIFTY29JUL2411800PE.NFO,2024-06-11,10:34:00,2024-07-29,3.4,3.4,3.4,3.4,0,0,1
MIDCPNIFTY29JUL2411800PE.NFO,2024-06-11,10:35:00,2024-07-29,3.4,3.4,3.4,3.4,0,0,1
MIDCPNIFTY29JUL2411800PE.NFO,2024-06-11,10:36:00,2024-07-29,3.4,3.4,3.4,3.4,0,0,1
MIDCPNIFTY29JUL2411800PE.NFO,2024-06-11,10:37:00,2024-07-29,3.4,3.4,3.4,3.4,0,0,1
MIDCPNIFTY29JUL2411800PE.NFO,2024-06-11,10:38:00,2024-07-29,3.4,3.4,3.4,3.4,0,0,1
MIDCPNIFTY29JUL2411800PE.NFO,2024-06-11,10:39:00,2024-07-29,3.4,3.4,3.4,3.4,0,0,1
MIDCPNIFTY29JUL2411800PE.NFO,2024-06-11,10:40:00,2024-07-29,3.4,3.4,3.4,3.4,0,0,1
MIDCPNIFTY29JUL2411800PE.NFO,2024-06-11,10:41:00,2024-07-29,3.4,3.4,3.4,3.4,0,0,1
MIDCPNIFTY29JUL2411800PE.NFO,2024-06-11,10:42:00,2024-07-29,3.4,3.4,3.4,3.4,0,0,1
MIDCPNIFTY29JUL2411800PE.NFO,2024-06-11,10:43:00,2024-07-29,3.4,3.4,3.4,3.4,0,0,1
MIDCPNIFTY29JUL2411800PE.NFO,2024-06-11,10:44:00,2024-07-29,3.4,3.4,3.4,3.4,0,0,1
MIDCPNIFTY29JUL2411800PE.NFO,2024-06-11,10:45:00,2024-07-29,3.4,3.4,3.4,3.4,0,0,1
MIDCPNIFTY29JUL2411800PE.NFO,2024-06-11,10:46:00,2024-07-29,3.4,3.4,3.4,3.4,0,0,1
MIDCPNIFTY29JUL2411800PE.NFO,2024-06-11,10:47:00,2024-07-29,3.4,3.4,3.4,3.4,0,0,1
MIDCPNIFTY29JUL2411800PE.NFO,2024-06-11,10:48:00,2024-07-29,3.4,3.4,3.4,3.4,0,0,1
MIDCPNIFTY29JUL2411800PE.NFO,2024-06-11,10:49:00,2024-07-29,3.4,3.4,3.4,3.4,0,0,1
MIDCPNIFTY29JUL2411800PE.NFO,2024-06-11,10:50:00,2024-07-29,3.4,3.4,3.4,3.4,0,0,1
MIDCPNIFTY29JUL2411800PE.NFO,2024-06-11,10:51:00,2024-07-29,3.4,3.4,3.4,3.4,0,0,1
MIDCPNIFTY29JUL2411800PE.NFO,2024-06-11,10:52:00,2024-07-29,3.4,3.4,3.4,3.4,0,0,1
MIDCPNIFTY29JUL2411800PE.NFO,2024-06-11,10:53:00,2024-07-29,3.4,3.4,3.4,3.4,0,0,1
MIDCPNIFTY29JUL2411800PE.NFO,2024-06-11,10:54:00,2024-07-29,3.4,3.4,3.4,3.4,0,0,1
MIDCPNIFTY29JUL2411800PE.NFO,2024-06-11,10:55:00,2024-07-29,3.4,3.4,3.4,3.4,0,0,1
MIDCPNIFTY29JUL2411800PE.NFO,2024-06-11,10:56:00,2024-07-29,3.4,3.4,3.4,3.4,0,0,1
MIDCPNIFTY29JUL2411800PE.NFO,2024-06-11,10:57:00,2024-07-29,3.4,3.4,3.4,3.4,0,0,1
MIDCPNIFTY29JUL2411800PE.NFO,2024-06-11,10:58:00,2024-07-29,3.4,3.4,3.4,3.4,0,0,1
MIDCPNIFTY29JUL2411800PE.NFO,2024-06-11,10:59:00,2024-07-29,3.4,3.4,3.4,3.4,0,0,1
MIDCPNIFTY29JUL2411800PE.NFO,2024-06-11,11:00:00,2024-07-29,3.4,3.4,3.4,3.4,0,0,1
MIDCPNIFTY29JUL2411800PE.NFO,2024-06-11,11:01:00,2024-07-29,3.4,3.4,3.4,3.4,0,0,1
MIDCPNIFTY29JUL2411800PE.NFO,2024-06-11,11:02:00,2024-07-29,3.4,3.4,3.4,3.4,0,0,1
MIDCPNIFTY29JUL2411800PE.NFO,2024-06-11,11:03:00,2024-07-29,3.4,3.4,3.4,3.4,0,0,1
MIDCPNIFTY29JUL2411800PE.NFO,2024-06-11,11:04:00,2024-07-29,3.4,3.4,3.4,3.4,0,0,1
MIDCPNIFTY29JUL2411800PE.NFO,2024-06-11,11:05:00,2024-07-29,3.4,3.4,3.4,3.4,0,0,1
MIDCPNIFTY29JUL2411800PE.NFO,2024-06-11,11:06:00,2024-07-29,3.4,3.4,3.4,3.4,0,0,1
MIDCPNIFTY29JUL2411800PE.NFO,2024-06-11,11:07:00,2024-07-29,3.4,3.4,3.4,3.4,0,0,1
MIDCPNIFTY29JUL2411800PE.NFO,2024-06-11,11:08:00,2024-07-29,3.4,3.4,3.4,3.4,0,0,1
MIDCPNIFTY29JUL2411800PE.NFO,2024-06-11,11:09:00,2024-07-29,3.4,3.4,3.4,3.4,0,0,1
MIDCPNIFTY29JUL2411800PE.NFO,2024-06-11,11:10:00,2024-07-29,3.4,3.4,3.4,3.4,0,0,1
MIDCPNIFTY29JUL2411800PE.NFO,2024-06-11,11:11:00,2024-07-29,3.4,3.4,3.4,3.4,0,0,1
MIDCPNIFTY29JUL2411800PE.NFO,2024-06-11,11:12:00,2024-07-29,3.4,3.4,3.4,3.4,0,0,1
MIDCPNIFTY29JUL2411800PE.NFO,2024-06-11,11:13:00,2024-07-29,3.4,3.4,3.4,3.4,0,0,1
MIDCPNIFTY29JUL2411800PE.NFO,2024-06-11,11:14:00,2024-07-29,3.4,3.4,3.4,3.4,0,0,1
MIDCPNIFTY29JUL2411800PE.NFO,2024-06-11,11:15:00,2024-07-29,3.4,3.4,3.4,3.4,0,0,1
MIDCPNIFTY29JUL2411800PE.NFO,2024-06-11,11:16:00,2024-07-29,3.4,3.4,3.4,3.4,0,0,1
MIDCPNIFTY29JUL2411800PE.NFO,2024-06-11,11:17:00,2024-07-29,3.4,3.4,3.4,3.4,0,0,1
MIDCPNIFTY29JUL2411800PE.NFO,2024-06-11,11:18:00,2024-07-29,3.4,3.4,3.4,3.4,0,0,1
MIDCPNIFTY29JUL2411800PE.NFO,2024-06-11,11:19:00,2024-07-29,3.4,3.4,3.4,3.4,0,0,1
MIDCPNIFTY29JUL2411800PE.NFO,2024-06-11,11:20:00,2024-07-29,3.4,3.4,3.4,3.4,0,0,1
MIDCPNIFTY29JUL2411800PE.NFO,2024-06-11,11:21:00,2024-07-29,3.4,3.4,3.4,3.4,0,0,1
MIDCPNIFTY29JUL2411800PE.NFO,2024-06-11,11:22:00,2024-07-29,3.4,3.4,3.4,3.4,0,0,1
MIDCPNIFTY29JUL2411800PE.NFO,2024-06-11,11:23:00,2024-07-29,3.4,3.4,3.4,3.4,0,0,1
MIDCPNIFTY29JUL2411800PE.NFO,2024-06-11,11:24:00,2024-07-29,3.4,3.4,3.4,3.4,0,0,1
MIDCPNIFTY29JUL2411800PE.NFO,2024-06-11,11:25:00,2024-07-29,3.4,3.4,3.4,3.4,0,0,1
MIDCPNIFTY29JUL2411800PE.NFO,2024-06-11,11:26:00,2024-07-29,3.4,3.4,3.4,3.4,0,0,1
MIDCPNIFTY29JUL2411800PE.NFO,2024-06-11,11:27:00,2024-07-29,3.4,3.4,3.4,3.4,0,0,1
MIDCPNIFTY29JUL2411800PE.NFO,2024-06-11,11:28:00,2024-07-29,3.4,3.4,3.4,3.4,0,0,1
MIDCPNIFTY29JUL2411800PE.NFO,2024-06-11,11:29:00,2024-07-29,3.4,3.4,3.4,3.4,0,0,1
MIDCPNIFTY29JUL2411800PE.NFO,2024-06-11,11:30:00,2024-07-29,3.4,3.4,3.4,3.4,0,0,1
MIDCPNIFTY29JUL2411800PE.NFO,2024-06-11,11:31:00,2024-07-29,3.4,3.4,3.4,3.4,0,0,1
MIDCPNIFTY29JUL2411800PE.NFO,2024-06-11,11:32:00,2024-07-29,3.4,3.4,3.4,3.4,0,0,1
MIDCPNIFTY29JUL2411800PE.NFO,2024-06-11,11:33:00,2024-07-29,3.4,3.4,3.4,3.4,0,0,1
MIDCPNIFTY29JUL2411800PE.NFO,2024-06-11,11:34:00,2024-07-29,3.4,3.4,3.4,3.4,0,0,1
MIDCPNIFTY29JUL2411800PE.NFO,2024-06-11,11:35:00,2024-07-29,3.4,3.4,3.4,3.4,0,0,1
MIDCPNIFTY29JUL2411800PE.NFO,2024-06-11,11:36:00,2024-07-29,3.4,3.4,3.4,3.4,0,0,1
MIDCPNIFTY29JUL2411800PE.NFO,2024-06-11,11:37:00,2024-07-29,3.4,3.4,3.4,3.4,0,0,1
MIDCPNIFTY29JUL2411800PE.NFO,2024-06-11,11:38:00,2024-07-29,3.4,3.4,3.4,3.4,0,0,1
MIDCPNIFTY29JUL2411800PE.NFO,2024-06-11,11:39:00,2024-07-29,3.4,3.4,3.4,3.4,0,0,1
MIDCPNIFTY29JUL2411800PE.NFO,2024-06-11,11:40:00,2024-07-29,3.4,3.4,3.4,3.4,0,0,1
MIDCPNIFTY29JUL2411800PE.NFO,2024-06-11,11:41:00,2024-07-29,3.4,3.4,3.4,3.4,0,0,1
MIDCPNIFTY29JUL2411800PE.NFO,2024-06-11,11:42:00,2024-07-29,3.4,3.4,3.4,3.4,0,0,1
MIDCPNIFTY29JUL2411800PE.NFO,2024-06-11,11:43:00,2024-07-29,3.4,3.4,3.4,3.4,0,0,1
MIDCPNIFTY29JUL2411800PE.NFO,2024-06-11,11:44:00,2024-07-29,3.4,3.4,3.4,3.4,0,0,1
MIDCPNIFTY29JUL2411800PE.NFO,2024-06-11,11:45:00,2024-07-29,3.4,3.4,3.4,3.4,0,0,1
MIDCPNIFTY29JUL2411800PE.NFO,2024-06-11,11:46:00,2024-07-29,3.4,3.4,3.4,3.4,0,0,1
MIDCPNIFTY29JUL2411800PE.NFO,2024-06-11,11:47:00,2024-07-29,3.4,3.4,3.4,3.4,0,0,1
MIDCPNIFTY29JUL2411800PE.NFO,2024-06-11,11:48:00,2024-07-29,3.4,3.4,3.4,3.4,0,0,1
MIDCPNIFTY29JUL2411800PE.NFO,2024-06-11,11:49:00,2024-07-29,3.4,3.4,3.4,3.4,0,0,1
MIDCPNIFTY29JUL2411800PE.NFO,2024-06-11,11:50:00,2024-07-29,3.4,3.4,3.4,3.4,0,0,1
MIDCPNIFTY29JUL2411800PE.NFO,2024-06-11,11:51:00,2024-07-29,3.4,3.4,3.4,3.4,0,0,1
MIDCPNIFTY29JUL2411800PE.NFO,2024-06-11,11:52:00,2024-07-29,3.4,3.4,3.4,3.4,0,0,1
MIDCPNIFTY29JUL2411800PE.NFO,2024-06-11,11:53:00,2024-07-29,3.4,3.4,3.4,3.4,0,0,1
MIDCPNIFTY29JUL2411800PE.NFO,2024-06-11,11:54:00,2024-07-29,3.4,3.4,3.4,3.4,0,0,1
MIDCPNIFTY29JUL2411800PE.NFO,2024-06-11,11:55:00,2024-07-29,3.4,3.4,3.4,3.4,0,0,1
MIDCPNIFTY29JUL2411800PE.NFO,2024-06-11,11:56:00,2024-07-29,3.4,3.4,3.4,3.4,0,0,1
MIDCPNIFTY29JUL2411800PE.NFO,2024-06-11,11:57:00,2024-07-29,3.4,3.4,3.4,3.4,0,0,1
MIDCPNIFTY29JUL2411800PE.NFO,2024-06-11,11:58:00,2024-07-29,3.4,3.4,3.4,3.4,0,0,1
MIDCPNIFTY29JUL2411800PE.NFO,2024-06-11,11:59:00,2024-07-29,3.4,3.4,3.4,3.4,0,0,1
MIDCPNIFTY29JUL2411800PE.NFO,2024-06-11,12:00:00,2024-07-29,3.4,3.4,3.4,3.4,0,0,1
MIDCPNIFTY29JUL2411800PE.NFO,2024-06-11,12:01:00,2024-07-29,3.4,3.4,3.4,3.4,0,0,1
MIDCPNIFTY29JUL2411800PE.NFO,2024-06-11,12:02:00,2024-07-29,3.4,3.4,3.4,3.4,0,0,1
MIDCPNIFTY29JUL2411800PE.NFO,2024-06-11,12:03:00,2024-07-29,3.4,3.4,3.4,3.4,0,0,1
MIDCPNIFTY29JUL2411800PE.NFO,2024-06-11,12:04:00,2024-07-29,3.4,3.4,3.4,3.4,0,0,1
MIDCPNIFTY29JUL2411800PE.NFO,2024-06-11,12:05:00,2024-07-29,3.4,3.4,3.4,3.4,0,0,1
MIDCPNIFTY29JUL2411800PE.NFO,2024-06-11,12:06:00,2024-07-29,3.4,3.4,3.4,3.4,0,0,1
MIDCPNIFTY29JUL2411800PE.NFO,2024-06-11,12:07:00,2024-07-29,3.4,3.4,3.4,3.4,0,0,1
MIDCPNIFTY29JUL2411800PE.NFO,2024-06-11,12:08:00,2024-07-29,3.4,3.4,3.4,3.4,0,0,1
MIDCPNIFTY29JUL2411800PE.NFO,2024-06-11,12:09:00,2024-07-29,3.4,3.4,3.4,3.4,0,0,1
MIDCPNIFTY29JUL2411800PE.NFO,2024-06-11,12:10:00,2024-07-29,3.4,3.4,3.4,3.4,0,0,1
MIDCPNIFTY29JUL2411800PE.NFO,2024-06-11,12:11:00,2024-07-29,3.4,3.4,3.4,3.4,0,0,1
MIDCPNIFTY29JUL2411800PE.NFO,2024-06-11,12:12:00,2024-07-29,3.4,3.4,3.4,3.4,0,0,1
MIDCPNIFTY29JUL2411800PE.NFO,2024-06-11,12:13:00,2024-07-29,3.4,3.4,3.4,3.4,0,0,1
MIDCPNIFTY29JUL2411800PE.NFO,2024-06-11,12:14:00,2024-07-29,3.4,3.4,3.4,3.4,0,0,1
MIDCPNIFTY29JUL2411800PE.NFO,2024-06-11,12:15:00,2024-07-29,3.4,3.4,3.4,3.4,0,0,1
MIDCPNIFTY29JUL2411800PE.NFO,2024-06-11,12:16:00,2024-07-29,3.4,3.4,3.4,3.4,0,0,1
MIDCPNIFTY29JUL2411800PE.NFO,2024-06-11,12:17:00,2024-07-29,3.4,3.4,3.4,3.4,0,0,1
MIDCPNIFTY29JUL2411800PE.NFO,2024-06-11,12:18:00,2024-07-29,3.4,3.4,3.4,3.4,0,0,1
MIDCPNIFTY29JUL2411800PE.NFO,2024-06-11,12:19:00,2024-07-29,3.4,3.4,3.4,3.4,0,0,1
MIDCPNIFTY29JUL2411800PE.NFO,2024-06-11,12:20:00,2024-07-29,3.4,3.4,3.4,3.4,0,0,1
MIDCPNIFTY29JUL2411800PE.NFO,2024-06-11,12:21:00,2024-07-29,3.4,3.4,3.4,3.4,0,0,1
MIDCPNIFTY29JUL2411800PE.NFO,2024-06-11,12:22:00,2024-07-29,3.4,3.4,3.4,3.4,0,0,1
MIDCPNIFTY29JUL2411800PE.NFO,2024-06-11,12:23:00,2024-07-29,3.4,3.4,3.4,3.4,0,0,1
MIDCPNIFTY29JUL2411800PE.NFO,2024-06-11,12:24:00,2024-07-29,3.4,3.4,3.4,3.4,0,0,1
MIDCPNIFTY29JUL2411800PE.NFO,2024-06-11,12:25:00,2024-07-29,3.4,3.4,3.4,3.4,0,0,1
MIDCPNIFTY29JUL2411800PE.NFO,2024-06-11,12:26:00,2024-07-29,3.4,3.4,3.4,3.4,0,0,1
MIDCPNIFTY29JUL2411800PE.NFO,2024-06-11,12:27:00,2024-07-29,3.4,3.4,3.4,3.4,0,0,1
MIDCPNIFTY29JUL2411800PE.NFO,2024-06-11,12:28:00,2024-07-29,3.4,3.4,3.4,3.4,0,0,1
MIDCPNIFTY29JUL2411800PE.NFO,2024-06-11,12:29:00,2024-07-29,3.4,3.4,3.4,3.4,0,0,1
MIDCPNIFTY29JUL2411800PE.NFO,2024-06-11,12:30:00,2024-07-29,3.4,3.4,3.4,3.4,0,0,1
MIDCPNIFTY29JUL2411800PE.NFO,2024-06-11,12:31:00,2024-07-29,3.4,3.4,3.4,3.4,0,0,1
MIDCPNIFTY29JUL2411800PE.NFO,2024-06-11,12:32:00,2024-07-29,3.4,3.4,3.4,3.4,0,0,1
MIDCPNIFTY29JUL2411800PE.NFO,2024-06-11,12:33:00,2024-07-29,3.4,3.4,3.4,3.4,0,0,1
MIDCPNIFTY29JUL2411800PE.NFO,2024-06-11,12:34:00,2024-07-29,3.4,3.4,3.4,3.4,0,0,1
MIDCPNIFTY29JUL2411800PE.NFO,2024-06-11,12:35:00,2024-07-29,3.4,3.4,3.4,3.4,0,0,1
MIDCPNIFTY29JUL2411800PE.NFO,2024-06-11,12:36:00,2024-07-29,3.4,3.4,3.4,3.4,0,0,1
MIDCPNIFTY29JUL2411800PE.NFO,2024-06-11,12:37:00,2024-07-29,3.4,3.4,3.4,3.4,0,0,1
MIDCPNIFTY29JUL2411800PE.NFO,2024-06-11,12:38:00,2024-07-29,3.4,3.4,3.4,3.4,0,0,1
MIDCPNIFTY29JUL2411800PE.NFO,2024-06-11,12:39:00,2024-07-29,3.4,3.4,3.4,3.4,0,0,1
MIDCPNIFTY29JUL2411800PE.NFO,2024-06-11,12:40:00,2024-07-29,3.4,3.4,3.4,3.4,0,0,1
MIDCPNIFTY29JUL2411800PE.NFO,2024-06-11,12:41:00,2024-07-29,3.4,3.4,3.4,3.4,0,0,1
MIDCPNIFTY29JUL2411800PE.NFO,2024-06-11,12:42:00,2024-07-29,3.4,3.4,3.4,3.4,0,0,1
MIDCPNIFTY29JUL2411800PE.NFO,2024-06-11,12:43:00,2024-07-29,3.4,3.4,3.4,3.4,0,0,1
MIDCPNIFTY29JUL2411800PE.NFO,2024-06-11,12:44:00,2024-07-29,3.4,3.4,3.4,3.4,0,0,1
MIDCPNIFTY29JUL2411800PE.NFO,2024-06-11,12:45:00,2024-07-29,3.4,3.4,3.4,3.4,0,0,1
MIDCPNIFTY29JUL2411800PE.NFO,2024-06-11,12:46:00,2024-07-29,3.4,3.4,3.4,3.4,0,0,1
MIDCPNIFTY29JUL2411800PE.NFO,2024-06-11,12:47:00,2024-07-29,3.4,3.4,3.4,3.4,0,0,1
MIDCPNIFTY29JUL2411800PE.NFO,2024-06-11,12:48:00,2024-07-29,3.4,3.4,3.4,3.4,0,0,1
MIDCPNIFTY29JUL2411800PE.NFO,2024-06-11,12:49:00,2024-07-29,3.4,3.4,3.4,3.4,0,0,1
MIDCPNIFTY29JUL2411800PE.NFO,2024-06-11,12:50:00,2024-07-29,3.4,3.4,3.4,3.4,0,0,1
MIDCPNIFTY29JUL2411800PE.NFO,2024-06-11,12:51:00,2024-07-29,3.4,3.4,3.4,3.4,0,0,1
MIDCPNIFTY29JUL2411800PE.NFO,2024-06-11,12:52:00,2024-07-29,3.4,3.4,3.4,3.4,0,0,1
MIDCPNIFTY29JUL2411800PE.NFO,2024-06-11,12:53:00,2024-07-29,3.4,3.4,3.4,3.4,0,0,1
MIDCPNIFTY29JUL2411800PE.NFO,2024-06-11,12:54:00,2024-07-29,3.4,3.4,3.4,3.4,0,0,1
MIDCPNIFTY29JUL2411800PE.NFO,2024-06-11,12:55:00,2024-07-29,3.4,3.4,3.4,3.4,0,0,1
MIDCPNIFTY29JUL2411800PE.NFO,2024-06-11,12:56:00,2024-07-29,3.4,3.4,3.4,3.4,0,0,1
MIDCPNIFTY29JUL2411800PE.NFO,2024-06-11,12:57:00,2024-07-29,3.4,3.4,3.4,3.4,0,0,1
MIDCPNIFTY29JUL2411800PE.NFO,2024-06-11,12:58:00,2024-07-29,3.4,3.4,3.4,3.4,0,0,1
MIDCPNIFTY29JUL2411800PE.NFO,2024-06-11,12:59:00,2024-07-29,3.4,3.4,3.4,3.4,0,0,1
MIDCPNIFTY29JUL2411800PE.NFO,2024-06-11,13:00:00,2024-07-29,3.4,3.4,3.4,3.4,0,0,1
MIDCPNIFTY29JUL2411800PE.NFO,2024-06-11,13:01:00,2024-07-29,3.4,3.4,3.4,3.4,0,0,1
MIDCPNIFTY29JUL2411800PE.NFO,2024-06-11,13:02:00,2024-07-29,3.4,3.4,3.4,3.4,0,0,1
MIDCPNIFTY29JUL2411800PE.NFO,2024-06-11,13:03:00,2024-07-29,3.4,3.4,3.4,3.4,0,0,1
MIDCPNIFTY29JUL2411800PE.NFO,2024-06-11,13:04:00,2024-07-29,3.4,3.4,3.4,3.4,0,0,1
MIDCPNIFTY29JUL2411800PE.NFO,2024-06-11,13:05:00,2024-07-29,3.4,3.4,3.4,3.4,0,0,1
MIDCPNIFTY29JUL2411800PE.NFO,2024-06-11,13:06:00,2024-07-29,3.4,3.4,3.4,3.4,0,0,1
MIDCPNIFTY29JUL2411800PE.NFO,2024-06-11,13:07:00,2024-07-29,3.4,3.4,3.4,3.4,0,0,1
MIDCPNIFTY29JUL2411800PE.NFO,2024-06-11,13:08:00,2024-07-29,3.4,3.4,3.4,3.4,0,0,1
MIDCPNIFTY29JUL2411800PE.NFO,2024-06-11,13:09:00,2024-07-29,3.4,3.4,3.4,3.4,0,0,1
MIDCPNIFTY29JUL2411800PE.NFO,2024-06-11,13:10:00,2024-07-29,3.4,3.4,3.4,3.4,0,0,1
MIDCPNIFTY29JUL2411800PE.NFO,2024-06-11,13:11:00,2024-07-29,3.4,3.4,3.4,3.4,0,0,1
MIDCPNIFTY29JUL2411800PE.NFO,2024-06-11,13:12:00,2024-07-29,3.4,3.4,3.4,3.4,0,0,1
MIDCPNIFTY29JUL2411800PE.NFO,2024-06-11,13:13:00,2024-07-29,3.4,3.4,3.4,3.4,0,0,1
MIDCPNIFTY29JUL2411800PE.NFO,2024-06-11,13:14:00,2024-07-29,3.4,3.4,3.4,3.4,0,0,1
MIDCPNIFTY29JUL2411800PE.NFO,2024-06-11,13:15:00,2024-07-29,3.4,3.4,3.4,3.4,0,0,1
MIDCPNIFTY29JUL2411800PE.NFO,2024-06-11,13:16:00,2024-07-29,3.4,3.4,3.4,3.4,0,0,1
MIDCPNIFTY29JUL2411800PE.NFO,2024-06-11,13:17:00,2024-07-29,3.4,3.4,3.4,3.4,0,0,1
MIDCPNIFTY29JUL2411800PE.NFO,2024-06-11,13:18:00,2024-07-29,3.4,3.4,3.4,3.4,0,0,1
MIDCPNIFTY29JUL2411800PE.NFO,2024-06-11,13:19:00,2024-07-29,3.4,3.4,3.4,3.4,0,0,1
MIDCPNIFTY29JUL2411800PE.NFO,2024-06-11,13:20:00,2024-07-29,3.4,3.4,3.4,3.4,0,0,1
MIDCPNIFTY29JUL2411800PE.NFO,2024-06-11,13:21:00,2024-07-29,3.4,3.4,3.4,3.4,0,0,1
MIDCPNIFTY29JUL2411800PE.NFO,2024-06-11,13:22:00,2024-07-29,3.4,3.4,3.4,3.4,0,0,1
MIDCPNIFTY29JUL2411800PE.NFO,2024-06-11,13:23:00,2024-07-29,3.4,3.4,3.4,3.4,0,0,1
MIDCPNIFTY29JUL2411800PE.NFO,2024-06-11,13:24:00,2024-07-29,3.4,3.4,3.4,3.4,0,0,1
MIDCPNIFTY29JUL2411800PE.NFO,2024-06-11,13:25:00,2024-07-29,3.4,3.4,3.4,3.4,0,0,1
MIDCPNIFTY29JUL2411800PE.NFO,2024-06-11,13:26:00,2024-07-29,3.4,3.4,3.4,3.4,0,0,1
MIDCPNIFTY29JUL2411800PE.NFO,2024-06-11,13:27:00,2024-07-29,3.4,3.4,3.4,3.4,0,0,1
MIDCPNIFTY29JUL2411800PE.NFO,2024-06-11,13:28:00,2024-07-29,3.4,3.4,3.4,3.4,0,0,1
MIDCPNIFTY29JUL2411800PE.NFO,2024-06-11,13:29:00,2024-07-29,3.4,3.4,3.4,3.4,0,0,1
MIDCPNIFTY29JUL2411800PE.NFO,2024-06-11,13:30:00,2024-07-29,3.4,3.4,3.4,3.4,0,0,1
MIDCPNIFTY29JUL2411800PE.NFO,2024-06-11,13:31:00,2024-07-29,3.4,3.4,3.4,3.4,0,0,1
MIDCPNIFTY29JUL2411800PE.NFO,2024-06-11,13:32:00,2024-07-29,3.4,3.4,3.4,3.4,0,0,1
MIDCPNIFTY29JUL2411800PE.NFO,2024-06-11,13:33:00,2024-07-29,3.4,3.4,3.4,3.4,0,0,1
MIDCPNIFTY29JUL2411800PE.NFO,2024-06-11,13:34:00,2024-07-29,3.4,3.4,3.4,3.4,0,0,1
MIDCPNIFTY29JUL2411800PE.NFO,2024-06-11,13:35:00,2024-07-29,3.4,3.4,3.4,3.4,0,0,1
MIDCPNIFTY29JUL2411800PE.NFO,2024-06-11,13:36:00,2024-07-29,3.4,3.4,3.4,3.4,0,0,1
MIDCPNIFTY29JUL2411800PE.NFO,2024-06-11,13:37:00,2024-07-29,3.4,3.4,3.4,3.4,0,0,1
MIDCPNIFTY29JUL2411800PE.NFO,2024-06-11,13:38:00,2024-07-29,3.4,3.4,3.4,3.4,0,0,1
MIDCPNIFTY29JUL2411800PE.NFO,2024-06-11,13:39:00,2024-07-29,3.4,3.4,3.4,3.4,0,0,1
MIDCPNIFTY29JUL2411800PE.NFO,2024-06-11,13:40:00,2024-07-29,3.4,3.4,3.4,3.4,0,0,1
MIDCPNIFTY29JUL2411800PE.NFO,2024-06-11,13:41:00,2024-07-29,3.4,3.4,3.4,3.4,0,0,1
MIDCPNIFTY29JUL2411800PE.NFO,2024-06-11,13:42:00,2024-07-29,3.4,3.4,3.4,3.4,0,0,1
MIDCPNIFTY29JUL2411800PE.NFO,2024-06-11,13:43:00,2024-07-29,3.4,3.4,3.4,3.4,0,0,1
MIDCPNIFTY29JUL2411800PE.NFO,2024-06-11,13:44:00,2024-07-29,3.4,3.4,3.4,3.4,0,0,1
MIDCPNIFTY29JUL2411800PE.NFO,2024-06-11,13:45:00,2024-07-29,3.4,3.4,3.4,3.4,0,0,1
MIDCPNIFTY29JUL2411800PE.NFO,2024-06-11,13:46:00,2024-07-29,3.4,3.4,3.4,3.4,0,0,1
MIDCPNIFTY29JUL2411800PE.NFO,2024-06-11,13:47:00,2024-07-29,3.4,3.4,3.4,3.4,0,0,1
MIDCPNIFTY29JUL2411800PE.NFO,2024-06-11,13:48:00,2024-07-29,3.4,3.4,3.4,3.4,0,0,1
MIDCPNIFTY29JUL2411800PE.NFO,2024-06-11,13:49:00,2024-07-29,3.4,3.4,3.4,3.4,0,0,1
MIDCPNIFTY29JUL2411800PE.NFO,2024-06-11,13:50:00,2024-07-29,3.4,3.4,3.4,3.4,0,0,1
MIDCPNIFTY29JUL2411800PE.NFO,2024-06-11,13:51:00,2024-07-29,3.4,3.4,3.4,3.4,0,0,1
MIDCPNIFTY29JUL2411800PE.NFO,2024-06-11,13:52:00,2024-07-29,3.4,3.4,3.4,3.4,0,0,1
MIDCPNIFTY29JUL2411800PE.NFO,2024-06-11,13:53:00,2024-07-29,3.4,3.4,3.4,3.4,0,0,1
MIDCPNIFTY29JUL2411800PE.NFO,2024-06-11,13:54:00,2024-07-29,3.4,3.4,3.4,3.4,0,0,1
MIDCPNIFTY29JUL2411800PE.NFO,2024-06-11,13:55:00,2024-07-29,3.4,3.4,3.4,3.4,0,0,1
MIDCPNIFTY29JUL2411800PE.NFO,2024-06-11,13:56:00,2024-07-29,3.4,3.4,3.4,3.4,0,0,1
MIDCPNIFTY29JUL2411800PE.NFO,2024-06-11,13:57:00,2024-07-29,3.4,3.4,3.4,3.4,0,0,1
MIDCPNIFTY29JUL2411800PE.NFO,2024-06-11,13:58:00,2024-07-29,3.4,3.4,3.4,3.4,0,0,1
MIDCPNIFTY29JUL2411800PE.NFO,2024-06-11,13:59:00,2024-07-29,3.4,3.4,3.4,3.4,0,0,1
MIDCPNIFTY29JUL2411800PE.NFO,2024-06-11,14:00:00,2024-07-29,3.4,3.4,3.4,3.4,0,0,1
MIDCPNIFTY29JUL2411800PE.NFO,2024-06-11,14:01:00,2024-07-29,3.4,3.4,3.4,3.4,0,0,1
MIDCPNIFTY29JUL2411800PE.NFO,2024-06-11,14:02:00,2024-07-29,3.4,3.4,3.4,3.4,0,0,1
MIDCPNIFTY29JUL2411800PE.NFO,2024-06-11,14:03:00,2024-07-29,3.4,3.4,3.4,3.4,0,0,1
MIDCPNIFTY29JUL2411800PE.NFO,2024-06-11,14:04:00,2024-07-29,3.4,3.4,3.4,3.4,0,0,1
MIDCPNIFTY29JUL2411800PE.NFO,2024-06-11,14:05:00,2024-07-29,3.4,3.4,3.4,3.4,0,0,1
MIDCPNIFTY29JUL2411800PE.NFO,2024-06-11,14:06:00,2024-07-29,3.4,3.4,3.4,3.4,0,0,1
MIDCPNIFTY29JUL2411800PE.NFO,2024-06-11,14:07:00,2024-07-29,3.4,3.4,3.4,3.4,0,0,1
MIDCPNIFTY29JUL2411800PE.NFO,2024-06-11,14:08:00,2024-07-29,3.4,3.4,3.4,3.4,0,0,1
MIDCPNIFTY29JUL2411800PE.NFO,2024-06-11,14:09:00,2024-07-29,3.4,3.4,3.4,3.4,0,0,1
MIDCPNIFTY29JUL2411800PE.NFO,2024-06-11,14:10:00,2024-07-29,3.4,3.4,3.4,3.4,0,0,1
MIDCPNIFTY29JUL2411800PE.NFO,2024-06-11,14:11:00,2024-07-29,3.4,3.4,3.4,3.4,0,0,1
MIDCPNIFTY29JUL2411800PE.NFO,2024-06-11,14:12:00,2024-07-29,3.4,3.4,3.4,3.4,0,0,1
MIDCPNIFTY29JUL2411800PE.NFO,2024-06-11,14:13:00,2024-07-29,3.4,3.4,3.4,3.4,0,0,1
MIDCPNIFTY29JUL2411800PE.NFO,2024-06-11,14:14:00,2024-07-29,3.4,3.4,3.4,3.4,0,0,1
MIDCPNIFTY29JUL2411800PE.NFO,2024-06-11,14:15:00,2024-07-29,3.4,3.4,3.4,3.4,0,0,1
MIDCPNIFTY29JUL2411800PE.NFO,2024-06-11,14:16:00,2024-07-29,3.4,3.4,3.4,3.4,0,0,1
MIDCPNIFTY29JUL2411800PE.NFO,2024-06-11,14:17:00,2024-07-29,3.4,3.4,3.4,3.4,0,0,1
MIDCPNIFTY29JUL2411800PE.NFO,2024-06-11,14:18:00,2024-07-29,3.4,3.4,3.4,3.4,0,0,1
MIDCPNIFTY29JUL2411800PE.NFO,2024-06-11,14:19:00,2024-07-29,3.4,3.4,3.4,3.4,0,0,1
MIDCPNIFTY29JUL2411800PE.NFO,2024-06-11,14:20:00,2024-07-29,3.4,3.4,3.4,3.4,0,0,1
MIDCPNIFTY29JUL2411800PE.NFO,2024-06-11,14:21:00,2024-07-29,3.4,3.4,3.4,3.4,0,0,1
MIDCPNIFTY29JUL2411800PE.NFO,2024-06-11,14:22:00,2024-07-29,3.4,3.4,3.4,3.4,0,0,1
MIDCPNIFTY29JUL2411800PE.NFO,2024-06-11,14:23:00,2024-07-29,3.4,3.4,3.4,3.4,0,0,1
MIDCPNIFTY29JUL2411800PE.NFO,2024-06-11,14:24:00,2024-07-29,3.4,3.4,3.4,3.4,0,0,1
MIDCPNIFTY29JUL2411800PE.NFO,2024-06-11,14:25:00,2024-07-29,3.4,3.4,3.4,3.4,0,0,1
MIDCPNIFTY29JUL2411800PE.NFO,2024-06-11,14:26:00,2024-07-29,3.4,3.4,3.4,3.4,0,0,1
MIDCPNIFTY29JUL2411800PE.NFO,2024-06-11,14:27:00,2024-07-29,3.4,3.4,3.4,3.4,0,0,1
MIDCPNIFTY29JUL2411800PE.NFO,2024-06-11,14:28:00,2024-07-29,3.4,3.4,3.4,3.4,0,0,1
MIDCPNIFTY29JUL2411800PE.NFO,2024-06-11,14:29:00,2024-07-29,3.4,3.4,3.4,3.4,0,0,1
MIDCPNIFTY29JUL2411800PE.NFO,2024-06-11,14:30:00,2024-07-29,3.4,3.4,3.4,3.4,0,0,1
MIDCPNIFTY29JUL2411800PE.NFO,2024-06-11,14:31:00,2024-07-29,3.4,3.4,3.4,3.4,0,0,1
MIDCPNIFTY29JUL2411800PE.NFO,2024-06-11,14:32:00,2024-07-29,3.4,3.4,3.4,3.4,0,0,1
MIDCPNIFTY29JUL2411800PE.NFO,2024-06-11,14:33:00,2024-07-29,3.4,3.4,3.4,3.4,0,0,1
MIDCPNIFTY29JUL2411800PE.NFO,2024-06-11,14:34:00,2024-07-29,3.4,3.4,3.4,3.4,0,0,1
MIDCPNIFTY29JUL2411800PE.NFO,2024-06-11,14:35:00,2024-07-29,3.4,3.4,3.4,3.4,0,0,1
MIDCPNIFTY29JUL2411800PE.NFO,2024-06-11,14:36:00,2024-07-29,3.4,3.4,3.4,3.4,0,0,1
MIDCPNIFTY29JUL2411800PE.NFO,2024-06-11,14:37:00,2024-07-29,3.4,3.4,3.4,3.4,0,0,1
MIDCPNIFTY29JUL2411800PE.NFO,2024-06-11,14:38:00,2024-07-29,3.4,3.4,3.4,3.4,0,0,1
MIDCPNIFTY29JUL2411800PE.NFO,2024-06-11,14:39:00,2024-07-29,3.4,3.4,3.4,3.4,0,0,1
MIDCPNIFTY29JUL2411800PE.NFO,2024-06-11,14:40:00,2024-07-29,3.4,3.4,3.4,3.4,0,0,1
MIDCPNIFTY29JUL2411800PE.NFO,2024-06-11,14:41:00,2024-07-29,3.4,3.4,3.4,3.4,0,0,1
MIDCPNIFTY29JUL2411800PE.NFO,2024-06-11,14:42:00,2024-07-29,3.4,3.4,3.4,3.4,0,0,1
MIDCPNIFTY29JUL2411800PE.NFO,2024-06-11,14:43:00,2024-07-29,3.4,3.4,3.4,3.4,0,0,1
MIDCPNIFTY29JUL2411800PE.NFO,2024-06-11,14:44:00,2024-07-29,3.4,3.4,3.4,3.4,0,0,1
MIDCPNIFTY29JUL2411800PE.NFO,2024-06-11,14:45:00,2024-07-29,3.4,3.4,3.4,3.4,0,0,1
MIDCPNIFTY29JUL2411800PE.NFO,2024-06-11,14:46:00,2024-07-29,3.4,3.4,3.4,3.4,0,0,1
MIDCPNIFTY29JUL2411800PE.NFO,2024-06-11,14:47:00,2024-07-29,3.4,3.4,3.4,3.4,0,0,1
MIDCPNIFTY29JUL2411800PE.NFO,2024-06-11,14:48:00,2024-07-29,3.4,3.4,3.4,3.4,0,0,1
MIDCPNIFTY29JUL2411800PE.NFO,2024-06-11,14:49:00,2024-07-29,3.4,3.4,3.4,3.4,0,0,1
MIDCPNIFTY29JUL2411800PE.NFO,2024-06-11,14:50:00,2024-07-29,3.4,3.4,3.4,3.4,0,0,1
MIDCPNIFTY29JUL2411800PE.NFO,2024-06-11,14:51:00,2024-07-29,3.4,3.4,3.4,3.4,0,0,1
MIDCPNIFTY29JUL2411800PE.NFO,2024-06-11,14:52:00,2024-07-29,3.4,3.4,3.4,3.4,0,0,1
MIDCPNIFTY29JUL2411800PE.NFO,2024-06-11,14:53:00,2024-07-29,3.4,3.4,3.4,3.4,0,0,1
MIDCPNIFTY29JUL2411800PE.NFO,2024-06-11,14:54:00,2024-07-29,3.4,3.4,3.4,3.4,0,0,1
MIDCPNIFTY29JUL2411800PE.NFO,2024-06-11,14:55:00,2024-07-29,3.4,3.4,3.4,3.4,0,0,1
MIDCPNIFTY29JUL2411800PE.NFO,2024-06-11,14:56:00,2024-07-29,3.4,3.4,3.4,3.4,0,0,1
MIDCPNIFTY29JUL2411800PE.NFO,2024-06-11,14:57:00,2024-07-29,3.4,3.4,3.4,3.4,0,0,1
MIDCPNIFTY29JUL2411800PE.NFO,2024-06-11,14:58:00,2024-07-29,3.4,3.4,3.4,3.4,0,0,1
MIDCPNIFTY29JUL2411800PE.NFO,2024-06-11,14:59:00,2024-07-29,3.4,3.4,3.4,3.4,0,0,1
MIDCPNIFTY29JUL2411800PE.NFO,2024-06-11,15:00:00,2024-07-29,3.4,3.4,3.4,3.4,0,0,1
MIDCPNIFTY29JUL2411800PE.NFO,2024-06-11,15:01:00,2024-07-29,3.4,3.4,3.4,3.4,0,0,1
MIDCPNIFTY29JUL2411800PE.NFO,2024-06-11,15:02:00,2024-07-29,3.4,3.4,3.4,3.4,0,0,1
MIDCPNIFTY29JUL2411800PE.NFO,2024-06-11,15:03:00,2024-07-29,3.4,3.4,3.4,3.4,0,0,1
MIDCPNIFTY29JUL2411800PE.NFO,2024-06-11,15:04:00,2024-07-29,3.4,3.4,3.4,3.4,0,0,1
MIDCPNIFTY29JUL2411800PE.NFO,2024-06-11,15:05:00,2024-07-29,3.4,3.4,3.4,3.4,0,0,1
MIDCPNIFTY29JUL2411800PE.NFO,2024-06-11,15:06:00,2024-07-29,3.4,3.4,3.4,3.4,0,0,1
MIDCPNIFTY29JUL2411800PE.NFO,2024-06-11,15:07:00,2024-07-29,3.4,3.4,3.4,3.4,0,0,1
MIDCPNIFTY29JUL2411800PE.NFO,2024-06-11,15:08:00,2024-07-29,3.4,3.4,3.4,3.4,0,0,1
MIDCPNIFTY29JUL2411800PE.NFO,2024-06-11,15:09:00,2024-07-29,3.4,3.4,3.4,3.4,0,0,1
MIDCPNIFTY29JUL2411800PE.NFO,2024-06-11,15:10:00,2024-07-29,3.4,3.4,3.4,3.4,0,0,1
MIDCPNIFTY29JUL2411800PE.NFO,2024-06-11,15:11:00,2024-07-29,3.4,3.4,3.4,3.4,0,0,1
MIDCPNIFTY29JUL2411800PE.NFO,2024-06-11,15:12:00,2024-07-29,3.4,3.4,3.4,3.4,0,0,1
MIDCPNIFTY29JUL2411800PE.NFO,2024-06-11,15:13:00,2024-07-29,3.4,3.4,3.4,3.4,0,0,1
MIDCPNIFTY29JUL2411800PE.NFO,2024-06-11,15:14:00,2024-07-29,3.4,3.4,3.4,3.4,0,0,1
MIDCPNIFTY29JUL2411800PE.NFO,2024-06-11,15:15:00,2024-07-29,3.4,3.4,3.4,3.4,0,0,1
MIDCPNIFTY29JUL2411800PE.NFO,2024-06-11,15:16:00,2024-07-29,3.4,3.4,3.4,3.4,0,0,1
MIDCPNIFTY29JUL2411800PE.NFO,2024-06-11,15:17:00,2024-07-29,3.4,3.4,3.4,3.4,0,0,1
MIDCPNIFTY29JUL2411800PE.NFO,2024-06-11,15:18:00,2024-07-29,3.4,3.4,3.4,3.4,0,0,1
MIDCPNIFTY29JUL2411800PE.NFO,2024-06-11,15:19:00,2024-07-29,3.4,3.4,3.4,3.4,0,0,1
MIDCPNIFTY29JUL2411800PE.NFO,2024-06-11,15:20:00,2024-07-29,3.4,3.4,3.4,3.4,0,0,1
MIDCPNIFTY29JUL2411800PE.NFO,2024-06-11,15:21:00,2024-07-29,3.4,3.4,3.4,3.4,0,0,1
MIDCPNIFTY29JUL2411800PE.NFO,2024-06-11,15:22:00,2024-07-29,3.4,3.4,3.4,3.4,0,0,1
MIDCPNIFTY29JUL2411800PE.NFO,2024-06-11,15:23:00,2024-07-29,3.4,3.4,3.4,3.4,0,0,1
MIDCPNIFTY29JUL2411800PE.NFO,2024-06-11,15:24:00,2024-07-29,3.4,3.4,3.4,3.4,0,0,1
MIDCPNIFTY29JUL2411800PE.NFO,2024-06-11,15:25:00,2024-07-29,3.4,3.4,3.4,3.4,0,0,1
MIDCPNIFTY29JUL2411800PE.NFO,2024-06-11,15:26:00,2024-07-29,3.4,3.4,3.4,3.4,0,0,1
MIDCPNIFTY29JUL2411800PE.NFO,2024-06-11,15:27:00,2024-07-29,3.4,3.4,3.4,3.4,0,0,1
MIDCPNIFTY29JUL2411800PE.NFO,2024-06-11,15:28:00,2024-07-29,3.4,3.4,3.4,3.4,0,0,1
MIDCPNIFTY29JUL2411800PE.NFO,2024-06-11,15:29:00,2024-07-29,3.4,3.4,3.4,3.4,0,0,1
MIDCPNIFTY29JUL2411800PE.NFO,2024-06-11,15:30:00,2024-07-29,3.4,3.4,3.4,3.4,0,0,1
MIDCPNIFTY29JUL2411800PE.NFO,2024-06-12,09:15:00,2024-07-29,3.4,3.4,3.4,3.4,0,0,0
MIDCPNIFTY29JUL2411800PE.NFO,2024-06-12,09:16:00,2024-07-29,3.4,3.4,3.4,3.4,0,0,1
MIDCPNIFTY29JUL2411800PE.NFO,2024-06-12,09:17:00,2024-07-29,3.4,3.4,3.4,3.4,0,0,1
MIDCPNIFTY29JUL2411800PE.NFO,2024-06-12,09:18:00,2024-07-29,3.4,3.4,3.4,3.4,0,0,1
MIDCPNIFTY29JUL2411800PE.NFO,2024-06-12,09:19:00,2024-07-29,3.4,3.4,3.4,3.4,0,0,1
MIDCPNIFTY29JUL2411800PE.NFO,2024-06-12,09:20:00,2024-07-29,3.4,3.4,3.4,3.4,0,0,1
MIDCPNIFTY29JUL2411800PE.NFO,2024-06-12,09:21:00,2024-07-29,3.4,3.4,3.4,3.4,0,0,1
MIDCPNIFTY29JUL2411800PE.NFO,2024-06-12,09:22:00,2024-07-29,3.4,3.4,3.4,3.4,0,0,1
MIDCPNIFTY29JUL2411800PE.NFO,2024-06-12,09:23:00,2024-07-29,3.4,3.4,3.4,3.4,0,0,1
MIDCPNIFTY29JUL2411800PE.NFO,2024-06-12,09:24:00,2024-07-29,3.4,3.4,3.4,3.4,0,0,1
MIDCPNIFTY29JUL2411800PE.NFO,2024-06-12,09:25:00,2024-07-29,3.4,3.4,3.4,3.4,0,0,1
MIDCPNIFTY29JUL2411800PE.NFO,2024-06-12,09:26:00,2024-07-29,3.4,3.4,3.4,3.4,0,0,1
MIDCPNIFTY29JUL2411800PE.NFO,2024-06-12,09:27:00,2024-07-29,3.4,3.4,3.4,3.4,0,0,1
MIDCPNIFTY29JUL2411800PE.NFO,2024-06-12,09:28:00,2024-07-29,3.4,3.4,3.4,3.4,0,0,1
MIDCPNIFTY29JUL2411800PE.NFO,2024-06-12,09:29:00,2024-07-29,3.4,3.4,3.4,3.4,0,0,1
MIDCPNIFTY29JUL2411800PE.NFO,2024-06-12,09:30:00,2024-07-29,3.4,3.4,3.4,3.4,0,0,1
MIDCPNIFTY29JUL2411800PE.NFO,2024-06-12,09:31:00,2024-07-29,3.4,3.4,3.4,3.4,0,0,1
MIDCPNIFTY29JUL2411800PE.NFO,2024-06-12,09:32:00,2024-07-29,3.4,3.4,3.4,3.4,0,0,1
MIDCPNIFTY29JUL2411800PE.NFO,2024-06-12,09:33:00,2024-07-29,3.4,3.4,3.4,3.4,0,0,1
MIDCPNIFTY29JUL2411800PE.NFO,2024-06-12,09:34:00,2024-07-29,3.4,3.4,3.4,3.4,0,0,1
MIDCPNIFTY29JUL2411800PE.NFO,2024-06-12,09:35:00,2024-07-29,3.4,3.4,3.4,3.4,0,0,1
MIDCPNIFTY29JUL2411800PE.NFO,2024-06-12,09:36:00,2024-07-29,3.4,3.4,3.4,3.4,0,0,1
MIDCPNIFTY29JUL2411800PE.NFO,2024-06-12,09:37:00,2024-07-29,3.4,3.4,3.4,3.4,0,0,1
MIDCPNIFTY29JUL2411800PE.NFO,2024-06-12,09:38:00,2024-07-29,3.4,3.4,3.4,3.4,0,0,1
MIDCPNIFTY29JUL2411800PE.NFO,2024-06-12,09:39:00,2024-07-29,3.4,3.4,3.4,3.4,0,0,1
MIDCPNIFTY29JUL2411800PE.NFO,2024-06-12,09:40:00,2024-07-29,3.4,3.4,3.4,3.4,0,0,1
MIDCPNIFTY29JUL2411800PE.NFO,2024-06-12,09:41:00,2024-07-29,3.4,3.4,3.4,3.4,0,0,1
MIDCPNIFTY29JUL2411800PE.NFO,2024-06-12,09:42:00,2024-07-29,3.4,3.4,3.4,3.4,0,0,1
MIDCPNIFTY29JUL2411800PE.NFO,2024-06-12,09:43:00,2024-07-29,3.4,3.4,3.4,3.4,0,0,1
MIDCPNIFTY29JUL2411800PE.NFO,2024-06-12,09:44:00,2024-07-29,3.4,3.4,3.4,3.4,0,0,1
MIDCPNIFTY29JUL2411800PE.NFO,2024-06-12,09:45:00,2024-07-29,3.4,3.4,3.4,3.4,0,0,1
MIDCPNIFTY29JUL2411800PE.NFO,2024-06-12,09:46:00,2024-07-29,3.4,3.4,3.4,3.4,0,0,1
MIDCPNIFTY29JUL2411800PE.NFO,2024-06-12,09:47:00,2024-07-29,3.4,3.4,3.4,3.4,0,0,1
MIDCPNIFTY29JUL2411800PE.NFO,2024-06-12,09:48:00,2024-07-29,3.4,3.4,3.4,3.4,0,0,1
MIDCPNIFTY29JUL2411800PE.NFO,2024-06-12,09:49:00,2024-07-29,3.4,3.4,3.4,3.4,0,0,1
MIDCPNIFTY29JUL2411800PE.NFO,2024-06-12,09:50:00,2024-07-29,3.4,3.4,3.4,3.4,0,0,1
MIDCPNIFTY29JUL2411800PE.NFO,2024-06-12,09:51:00,2024-07-29,3.4,3.4,3.4,3.4,0,0,1
MIDCPNIFTY29JUL2411800PE.NFO,2024-06-12,09:52:00,2024-07-29,3.4,3.4,3.4,3.4,0,0,1
MIDCPNIFTY29JUL2411800PE.NFO,2024-06-12,09:53:00,2024-07-29,3.4,3.4,3.4,3.4,0,0,1
MIDCPNIFTY29JUL2411800PE.NFO,2024-06-12,09:54:00,2024-07-29,3.4,3.4,3.4,3.4,0,0,1
MIDCPNIFTY29JUL2411800PE.NFO,2024-06-12,09:55:00,2024-07-29,3.4,3.4,3.4,3.4,0,0,1
MIDCPNIFTY29JUL2411800PE.NFO,2024-06-12,09:56:00,2024-07-29,3.4,3.4,3.4,3.4,0,0,1
MIDCPNIFTY29JUL2411800PE.NFO,2024-06-12,09:57:00,2024-07-29,3.4,3.4,3.4,3.4,0,0,1
MIDCPNIFTY29JUL2411800PE.NFO,2024-06-12,09:58:00,2024-07-29,3.4,3.4,3.4,3.4,0,0,1
MIDCPNIFTY29JUL2411800PE.NFO,2024-06-12,09:59:00,2024-07-29,3.4,3.4,3.4,3.4,0,0,1
MIDCPNIFTY29JUL2411800PE.NFO,2024-06-12,10:00:00,2024-07-29,3.4,3.4,3.4,3.4,0,0,1
MIDCPNIFTY29JUL2411800PE.NFO,2024-06-12,10:01:00,2024-07-29,3.4,3.4,3.4,3.4,0,0,1
MIDCPNIFTY29JUL2411800PE.NFO,2024-06-12,10:02:00,2024-07-29,3.4,3.4,3.4,3.4,0,0,1
MIDCPNIFTY29JUL2411800PE.NFO,2024-06-12,10:03:00,2024-07-29,3.4,3.4,3.4,3.4,0,0,1
MIDCPNIFTY29JUL2411800PE.NFO,2024-06-12,10:04:00,2024-07-29,3.4,3.4,3.4,3.4,0,0,1
MIDCPNIFTY29JUL2411800PE.NFO,2024-06-12,10:05:00,2024-07-29,3.4,3.4,3.4,3.4,0,0,1
MIDCPNIFTY29JUL2411800PE.NFO,2024-06-12,10:06:00,2024-07-29,3.4,3.4,3.4,3.4,0,0,1
MIDCPNIFTY29JUL2411800PE.NFO,2024-06-12,10:07:00,2024-07-29,3.4,3.4,3.4,3.4,0,0,1
MIDCPNIFTY29JUL2411800PE.NFO,2024-06-12,10:08:00,2024-07-29,3.4,3.4,3.4,3.4,0,0,1
MIDCPNIFTY29JUL2411800PE.NFO,2024-06-12,10:09:00,2024-07-29,3.4,3.4,3.4,3.4,0,0,1
MIDCPNIFTY29JUL2411800PE.NFO,2024-06-12,10:10:00,2024-07-29,3.4,3.4,3.4,3.4,0,0,1
MIDCPNIFTY29JUL2411800PE.NFO,2024-06-12,10:11:00,2024-07-29,3.4,3.4,3.4,3.4,0,0,1
MIDCPNIFTY29JUL2411800PE.NFO,2024-06-12,10:12:00,2024-07-29,3.4,3.4,3.4,3.4,0,0,1
MIDCPNIFTY29JUL2411800PE.NFO,2024-06-12,10:13:00,2024-07-29,3.4,3.4,3.4,3.4,0,0,1
MIDCPNIFTY29JUL2411800PE.NFO,2024-06-12,10:14:00,2024-07-29,3.4,3.4,3.4,3.4,0,0,1
MIDCPNIFTY29JUL2411800PE.NFO,2024-06-12,10:15:00,2024-07-29,3.4,3.4,3.4,3.4,0,0,1
MIDCPNIFTY29JUL2411800PE.NFO,2024-06-12,10:16:00,2024-07-29,3.4,3.4,3.4,3.4,0,0,1
MIDCPNIFTY29JUL2411800PE.NFO,2024-06-12,10:17:00,2024-07-29,3.4,3.4,3.4,3.4,0,0,1
MIDCPNIFTY29JUL2411800PE.NFO,2024-06-12,10:18:00,2024-07-29,3.4,3.4,3.4,3.4,0,0,1
MIDCPNIFTY29JUL2411800PE.NFO,2024-06-12,10:19:00,2024-07-29,3.4,3.4,3.4,3.4,0,0,1
MIDCPNIFTY29JUL2411800PE.NFO,2024-06-12,10:20:00,2024-07-29,3.4,3.4,3.4,3.4,0,0,1
MIDCPNIFTY29JUL2411800PE.NFO,2024-06-12,10:21:00,2024-07-29,3.4,3.4,3.4,3.4,0,0,1
MIDCPNIFTY29JUL2411800PE.NFO,2024-06-12,10:22:00,2024-07-29,3.4,3.4,3.4,3.4,0,0,1
MIDCPNIFTY29JUL2411800PE.NFO,2024-06-12,10:23:00,2024-07-29,3.4,3.4,3.4,3.4,0,0,1
MIDCPNIFTY29JUL2411800PE.NFO,2024-06-12,10:24:00,2024-07-29,3.4,3.4,3.4,3.4,0,0,1
MIDCPNIFTY29JUL2411800PE.NFO,2024-06-12,10:25:00,2024-07-29,3.4,3.4,3.4,3.4,0,0,1
MIDCPNIFTY29JUL2411800PE.NFO,2024-06-12,10:26:00,2024-07-29,3.4,3.4,3.4,3.4,0,0,1
MIDCPNIFTY29JUL2411800PE.NFO,2024-06-12,10:27:00,2024-07-29,3.4,3.4,3.4,3.4,0,0,1
MIDCPNIFTY29JUL2411800PE.NFO,2024-06-12,10:28:00,2024-07-29,3.4,3.4,3.4,3.4,0,0,1
MIDCPNIFTY29JUL2411800PE.NFO,2024-06-12,10:29:00,2024-07-29,3.4,3.4,3.4,3.4,0,0,1
MIDCPNIFTY29JUL2411800PE.NFO,2024-06-12,10:30:00,2024-07-29,3.4,3.4,3.4,3.4,0,0,1
MIDCPNIFTY29JUL2411800PE.NFO,2024-06-12,10:31:00,2024-07-29,3.4,3.4,3.4,3.4,0,0,1
MIDCPNIFTY29JUL2411800PE.NFO,2024-06-12,10:32:00,2024-07-29,3.4,3.4,3.4,3.4,0,0,1
MIDCPNIFTY29JUL2411800PE.NFO,2024-06-12,10:33:00,2024-07-29,3.4,3.4,3.4,3.4,0,0,1
MIDCPNIFTY29JUL2411800PE.NFO,2024-06-12,10:34:00,2024-07-29,3.4,3.4,3.4,3.4,0,0,1
MIDCPNIFTY29JUL2411800PE.NFO,2024-06-12,10:35:00,2024-07-29,3.4,3.4,3.4,3.4,0,0,1
MIDCPNIFTY29JUL2411800PE.NFO,2024-06-12,10:36:00,2024-07-29,3.4,3.4,3.4,3.4,0,0,1
MIDCPNIFTY29JUL2411800PE.NFO,2024-06-12,10:37:00,2024-07-29,3.4,3.4,3.4,3.4,0,0,1
MIDCPNIFTY29JUL2411800PE.NFO,2024-06-12,10:38:00,2024-07-29,3.4,3.4,3.4,3.4,0,0,1
MIDCPNIFTY29JUL2411800PE.NFO,2024-06-12,10:39:00,2024-07-29,3.4,3.4,3.4,3.4,0,0,1
MIDCPNIFTY29JUL2411800PE.NFO,2024-06-12,10:40:00,2024-07-29,3.4,3.4,3.4,3.4,0,0,1
MIDCPNIFTY29JUL2411800PE.NFO,2024-06-12,10:41:00,2024-07-29,3.4,3.4,3.4,3.4,0,0,1
MIDCPNIFTY29JUL2411800PE.NFO,2024-06-12,10:42:00,2024-07-29,3.4,3.4,3.4,3.4,0,0,1
MIDCPNIFTY29JUL2411800PE.NFO,2024-06-12,10:43:00,2024-07-29,3.4,3.4,3.4,3.4,0,0,1
MIDCPNIFTY29JUL2411800PE.NFO,2024-06-12,10:44:00,2024-07-29,3.4,3.4,3.4,3.4,0,0,1
MIDCPNIFTY29JUL2411800PE.NFO,2024-06-12,10:45:00,2024-07-29,3.4,3.4,3.4,3.4,0,0,1
MIDCPNIFTY29JUL2411800PE.NFO,2024-06-12,10:46:00,2024-07-29,3.4,3.4,3.4,3.4,0,0,1
MIDCPNIFTY29JUL2411800PE.NFO,2024-06-12,10:47:00,2024-07-29,3.4,3.4,3.4,3.4,0,0,1
MIDCPNIFTY29JUL2411800PE.NFO,2024-06-12,10:48:00,2024-07-29,3.4,3.4,3.4,3.4,0,0,1
MIDCPNIFTY29JUL2411800PE.NFO,2024-06-12,10:49:00,2024-07-29,3.4,3.4,3.4,3.4,0,0,1
MIDCPNIFTY29JUL2411800PE.NFO,2024-06-12,10:50:00,2024-07-29,3.4,3.4,3.4,3.4,0,0,1
MIDCPNIFTY29JUL2411800PE.NFO,2024-06-12,10:51:00,2024-07-29,3.4,3.4,3.4,3.4,0,0,1
MIDCPNIFTY29JUL2411800PE.NFO,2024-06-12,10:52:00,2024-07-29,3.4,3.4,3.4,3.4,0,0,1
MIDCPNIFTY29JUL2411800PE.NFO,2024-06-12,10:53:00,2024-07-29,3.4,3.4,3.4,3.4,0,0,1
MIDCPNIFTY29JUL2411800PE.NFO,2024-06-12,10:54:00,2024-07-29,3.4,3.4,3.4,3.4,0,0,1
MIDCPNIFTY29JUL2411800PE.NFO,2024-06-12,10:55:00,2024-07-29,3.4,3.4,3.4,3.4,0,0,1
MIDCPNIFTY29JUL2411800PE.NFO,2024-06-12,10:56:00,2024-07-29,3.4,3.4,3.4,3.4,0,0,1
MIDCPNIFTY29JUL2411800PE.NFO,2024-06-12,10:57:00,2024-07-29,3.4,3.4,3.4,3.4,0,0,1
MIDCPNIFTY29JUL2411800PE.NFO,2024-06-12,10:58:00,2024-07-29,3.4,3.4,3.4,3.4,0,0,1
MIDCPNIFTY29JUL2411800PE.NFO,2024-06-12,10:59:00,2024-07-29,3.4,3.4,3.4,3.4,0,0,1
MIDCPNIFTY29JUL2411800PE.NFO,2024-06-12,11:00:00,2024-07-29,3.4,3.4,3.4,3.4,0,0,1
MIDCPNIFTY29JUL2411800PE.NFO,2024-06-12,11:01:00,2024-07-29,3.4,3.4,3.4,3.4,0,0,1
MIDCPNIFTY29JUL2411800PE.NFO,2024-06-12,11:02:00,2024-07-29,3.4,3.4,3.4,3.4,0,0,1
MIDCPNIFTY29JUL2411800PE.NFO,2024-06-12,11:03:00,2024-07-29,3.4,3.4,3.4,3.4,0,0,1
MIDCPNIFTY29JUL2411800PE.NFO,2024-06-12,11:04:00,2024-07-29,3.4,3.4,3.4,3.4,0,0,1
MIDCPNIFTY29JUL2411800PE.NFO,2024-06-12,11:05:00,2024-07-29,3.4,3.4,3.4,3.4,0,0,1
MIDCPNIFTY29JUL2411800PE.NFO,2024-06-12,11:06:00,2024-07-29,3.4,3.4,3.4,3.4,0,0,1
MIDCPNIFTY29JUL2411800PE.NFO,2024-06-12,11:07:00,2024-07-29,3.4,3.4,3.4,3.4,0,0,1
MIDCPNIFTY29JUL2411800PE.NFO,2024-06-12,11:08:00,2024-07-29,3.4,3.4,3.4,3.4,0,0,1
MIDCPNIFTY29JUL2411800PE.NFO,2024-06-12,11:09:00,2024-07-29,3.4,3.4,3.4,3.4,0,0,1
MIDCPNIFTY29JUL2411800PE.NFO,2024-06-12,11:10:00,2024-07-29,3.4,3.4,3.4,3.4,0,0,1
MIDCPNIFTY29JUL2411800PE.NFO,2024-06-12,11:11:00,2024-07-29,3.4,3.4,3.4,3.4,0,0,1
MIDCPNIFTY29JUL2411800PE.NFO,2024-06-12,11:12:00,2024-07-29,3.4,3.4,3.4,3.4,0,0,1
MIDCPNIFTY29JUL2411800PE.NFO,2024-06-12,11:13:00,2024-07-29,3.4,3.4,3.4,3.4,0,0,1
MIDCPNIFTY29JUL2411800PE.NFO,2024-06-12,11:14:00,2024-07-29,3.4,3.4,3.4,3.4,0,0,1
MIDCPNIFTY29JUL2411800PE.NFO,2024-06-12,11:15:00,2024-07-29,3.4,3.4,3.4,3.4,0,0,1
MIDCPNIFTY29JUL2411800PE.NFO,2024-06-12,11:16:00,2024-07-29,3.4,3.4,3.4,3.4,0,0,1
MIDCPNIFTY29JUL2411800PE.NFO,2024-06-12,11:17:00,2024-07-29,3.4,3.4,3.4,3.4,0,0,1
MIDCPNIFTY29JUL2411800PE.NFO,2024-06-12,11:18:00,2024-07-29,3.4,3.4,3.4,3.4,0,0,1
MIDCPNIFTY29JUL2411800PE.NFO,2024-06-12,11:19:00,2024-07-29,3.4,3.4,3.4,3.4,0,0,1
MIDCPNIFTY29JUL2411800PE.NFO,2024-06-12,11:20:00,2024-07-29,3.4,3.4,3.4,3.4,0,0,1
MIDCPNIFTY29JUL2411800PE.NFO,2024-06-12,11:21:00,2024-07-29,3.4,3.4,3.4,3.4,0,0,1
MIDCPNIFTY29JUL2411800PE.NFO,2024-06-12,11:22:00,2024-07-29,3.4,3.4,3.4,3.4,0,0,1
MIDCPNIFTY29JUL2411800PE.NFO,2024-06-12,11:23:00,2024-07-29,3.4,3.4,3.4,3.4,0,0,1
MIDCPNIFTY29JUL2411800PE.NFO,2024-06-12,11:24:00,2024-07-29,3.4,3.4,3.4,3.4,0,0,1
MIDCPNIFTY29JUL2411800PE.NFO,2024-06-12,11:25:00,2024-07-29,3.4,3.4,3.4,3.4,0,0,1
MIDCPNIFTY29JUL2411800PE.NFO,2024-06-12,11:26:00,2024-07-29,3.4,3.4,3.4,3.4,0,0,1
MIDCPNIFTY29JUL2411800PE.NFO,2024-06-12,11:27:00,2024-07-29,3.4,3.4,3.4,3.4,0,0,1
MIDCPNIFTY29JUL2411800PE.NFO,2024-06-12,11:28:00,2024-07-29,3.4,3.4,3.4,3.4,0,0,1
MIDCPNIFTY29JUL2411800PE.NFO,2024-06-12,11:29:00,2024-07-29,3.4,3.4,3.4,3.4,0,0,1
MIDCPNIFTY29JUL2411800PE.NFO,2024-06-12,11:30:00,2024-07-29,3.4,3.4,3.4,3.4,0,0,1
MIDCPNIFTY29JUL2411800PE.NFO,2024-06-12,11:31:00,2024-07-29,3.4,3.4,3.4,3.4,0,0,1
MIDCPNIFTY29JUL2411800PE.NFO,2024-06-12,11:32:00,2024-07-29,3.4,3.4,3.4,3.4,0,0,1
MIDCPNIFTY29JUL2411800PE.NFO,2024-06-12,11:33:00,2024-07-29,3.4,3.4,3.4,3.4,0,0,1
MIDCPNIFTY29JUL2411800PE.NFO,2024-06-12,11:34:00,2024-07-29,3.4,3.4,3.4,3.4,0,0,1
MIDCPNIFTY29JUL2411800PE.NFO,2024-06-12,11:35:00,2024-07-29,3.4,3.4,3.4,3.4,0,0,1
MIDCPNIFTY29JUL2411800PE.NFO,2024-06-12,11:36:00,2024-07-29,3.4,3.4,3.4,3.4,0,0,1
MIDCPNIFTY29JUL2411800PE.NFO,2024-06-12,11:37:00,2024-07-29,3.4,3.4,3.4,3.4,0,0,1
MIDCPNIFTY29JUL2411800PE.NFO,2024-06-12,11:38:00,2024-07-29,3.4,3.4,3.4,3.4,0,0,1
MIDCPNIFTY29JUL2411800PE.NFO,2024-06-12,11:39:00,2024-07-29,3.4,3.4,3.4,3.4,0,0,1
MIDCPNIFTY29JUL2411800PE.NFO,2024-06-12,11:40:00,2024-07-29,3.4,3.4,3.4,3.4,0,0,1
MIDCPNIFTY29JUL2411800PE.NFO,2024-06-12,11:41:00,2024-07-29,3.4,3.4,3.4,3.4,0,0,1
MIDCPNIFTY29JUL2411800PE.NFO,2024-06-12,11:42:00,2024-07-29,3.4,3.4,3.4,3.4,0,0,1
MIDCPNIFTY29JUL2411800PE.NFO,2024-06-12,11:43:00,2024-07-29,3.4,3.4,3.4,3.4,0,0,1
MIDCPNIFTY29JUL2411800PE.NFO,2024-06-12,11:44:00,2024-07-29,3.4,3.4,3.4,3.4,0,0,1
MIDCPNIFTY29JUL2411800PE.NFO,2024-06-12,11:45:00,2024-07-29,3.4,3.4,3.4,3.4,0,0,1
MIDCPNIFTY29JUL2411800PE.NFO,2024-06-12,11:46:00,2024-07-29,3.4,3.4,3.4,3.4,0,0,1
MIDCPNIFTY29JUL2411800PE.NFO,2024-06-12,11:47:00,2024-07-29,3.4,3.4,3.4,3.4,0,0,1
MIDCPNIFTY29JUL2411800PE.NFO,2024-06-12,11:48:00,2024-07-29,3.4,3.4,3.4,3.4,0,0,1
MIDCPNIFTY29JUL2411800PE.NFO,2024-06-12,11:49:00,2024-07-29,3.4,3.4,3.4,3.4,0,0,1
MIDCPNIFTY29JUL2411800PE.NFO,2024-06-12,11:50:00,2024-07-29,3.4,3.4,3.4,3.4,0,0,1
MIDCPNIFTY29JUL2411800PE.NFO,2024-06-12,11:51:00,2024-07-29,3.4,3.4,3.4,3.4,0,0,1
MIDCPNIFTY29JUL2411800PE.NFO,2024-06-12,11:52:00,2024-07-29,3.4,3.4,3.4,3.4,0,0,1
MIDCPNIFTY29JUL2411800PE.NFO,2024-06-12,11:53:00,2024-07-29,3.4,3.4,3.4,3.4,0,0,1
MIDCPNIFTY29JUL2411800PE.NFO,2024-06-12,11:54:00,2024-07-29,3.4,3.4,3.4,3.4,0,0,1
MIDCPNIFTY29JUL2411800PE.NFO,2024-06-12,11:55:00,2024-07-29,3.4,3.4,3.4,3.4,0,0,1
MIDCPNIFTY29JUL2411800PE.NFO,2024-06-12,11:56:00,2024-07-29,3.4,3.4,3.4,3.4,0,0,1
MIDCPNIFTY29JUL2411800PE.NFO,2024-06-12,11:57:00,2024-07-29,3.4,3.4,3.4,3.4,0,0,1
MIDCPNIFTY29JUL2411800PE.NFO,2024-06-12,11:58:00,2024-07-29,3.4,3.4,3.4,3.4,0,0,1
MIDCPNIFTY29JUL2411800PE.NFO,2024-06-12,11:59:00,2024-07-29,3.4,3.4,3.4,3.4,0,0,1
MIDCPNIFTY29JUL2411800PE.NFO,2024-06-12,12:00:00,2024-07-29,3.4,3.4,3.4,3.4,0,0,1
MIDCPNIFTY29JUL2411800PE.NFO,2024-06-12,12:01:00,2024-07-29,3.4,3.4,3.4,3.4,0,0,1
MIDCPNIFTY29JUL2411800PE.NFO,2024-06-12,12:02:00,2024-07-29,3.4,3.4,3.4,3.4,0,0,1
MIDCPNIFTY29JUL2411800PE.NFO,2024-06-12,12:03:00,2024-07-29,3.4,3.4,3.4,3.4,0,0,1
MIDCPNIFTY29JUL2411800PE.NFO,2024-06-12,12:04:00,2024-07-29,3.4,3.4,3.4,3.4,0,0,1
MIDCPNIFTY29JUL2411800PE.NFO,2024-06-12,12:05:00,2024-07-29,3.4,3.4,3.4,3.4,0,0,1
MIDCPNIFTY29JUL2411800PE.NFO,2024-06-12,12:06:00,2024-07-29,3.4,3.4,3.4,3.4,0,0,1
MIDCPNIFTY29JUL2411800PE.NFO,2024-06-12,12:07:00,2024-07-29,3.4,3.4,3.4,3.4,0,0,1
MIDCPNIFTY29JUL2411800PE.NFO,2024-06-12,12:08:00,2024-07-29,3.4,3.4,3.4,3.4,0,0,1
MIDCPNIFTY29JUL2411800PE.NFO,2024-06-12,12:09:00,2024-07-29,3.4,3.4,3.4,3.4,0,0,1
MIDCPNIFTY29JUL2411800PE.NFO,2024-06-12,12:10:00,2024-07-29,3.4,3.4,3.4,3.4,0,0,1
MIDCPNIFTY29JUL2411800PE.NFO,2024-06-12,12:11:00,2024-07-29,3.4,3.4,3.4,3.4,0,0,1
MIDCPNIFTY29JUL2411800PE.NFO,2024-06-12,12:12:00,2024-07-29,3.4,3.4,3.4,3.4,0,0,1
MIDCPNIFTY29JUL2411800PE.NFO,2024-06-12,12:13:00,2024-07-29,3.4,3.4,3.4,3.4,0,0,1
MIDCPNIFTY29JUL2411800PE.NFO,2024-06-12,12:14:00,2024-07-29,3.4,3.4,3.4,3.4,0,0,1
MIDCPNIFTY29JUL2411800PE.NFO,2024-06-12,12:15:00,2024-07-29,3.4,3.4,3.4,3.4,0,0,1
MIDCPNIFTY29JUL2411800PE.NFO,2024-06-12,12:16:00,2024-07-29,3.4,3.4,3.4,3.4,0,0,1
MIDCPNIFTY29JUL2411800PE.NFO,2024-06-12,12:17:00,2024-07-29,3.4,3.4,3.4,3.4,0,0,1
MIDCPNIFTY29JUL2411800PE.NFO,2024-06-12,12:18:00,2024-07-29,3.4,3.4,3.4,3.4,0,0,1
MIDCPNIFTY29JUL2411800PE.NFO,2024-06-12,12:19:00,2024-07-29,3.4,3.4,3.4,3.4,0,0,1
MIDCPNIFTY29JUL2411800PE.NFO,2024-06-12,12:20:00,2024-07-29,3.4,3.4,3.4,3.4,0,0,1
MIDCPNIFTY29JUL2411800PE.NFO,2024-06-12,12:21:00,2024-07-29,3.4,3.4,3.4,3.4,0,0,1
MIDCPNIFTY29JUL2411800PE.NFO,2024-06-12,12:22:00,2024-07-29,3.4,3.4,3.4,3.4,0,0,1
MIDCPNIFTY29JUL2411800PE.NFO,2024-06-12,12:23:00,2024-07-29,3.4,3.4,3.4,3.4,0,0,1
MIDCPNIFTY29JUL2411800PE.NFO,2024-06-12,12:24:00,2024-07-29,3.4,3.4,3.4,3.4,0,0,1
MIDCPNIFTY29JUL2411800PE.NFO,2024-06-12,12:25:00,2024-07-29,3.4,3.4,3.4,3.4,0,0,1
MIDCPNIFTY29JUL2411800PE.NFO,2024-06-12,12:26:00,2024-07-29,3.4,3.4,3.4,3.4,0,0,1
MIDCPNIFTY29JUL2411800PE.NFO,2024-06-12,12:27:00,2024-07-29,3.4,3.4,3.4,3.4,0,0,1
MIDCPNIFTY29JUL2411800PE.NFO,2024-06-12,12:28:00,2024-07-29,3.4,3.4,3.4,3.4,0,0,1
MIDCPNIFTY29JUL2411800PE.NFO,2024-06-12,12:29:00,2024-07-29,3.4,3.4,3.4,3.4,0,0,1
MIDCPNIFTY29JUL2411800PE.NFO,2024-06-12,12:30:00,2024-07-29,3.4,3.4,3.4,3.4,0,0,1
MIDCPNIFTY29JUL2411800PE.NFO,2024-06-12,12:31:00,2024-07-29,3.4,3.4,3.4,3.4,0,0,1
MIDCPNIFTY29JUL2411800PE.NFO,2024-06-12,12:32:00,2024-07-29,3.4,3.4,3.4,3.4,0,0,1
MIDCPNIFTY29JUL2411800PE.NFO,2024-06-12,12:33:00,2024-07-29,3.4,3.4,3.4,3.4,0,0,1
MIDCPNIFTY29JUL2411800PE.NFO,2024-06-12,12:34:00,2024-07-29,3.4,3.4,3.4,3.4,0,0,1
MIDCPNIFTY29JUL2411800PE.NFO,2024-06-12,12:35:00,2024-07-29,3.4,3.4,3.4,3.4,0,0,1
MIDCPNIFTY29JUL2411800PE.NFO,2024-06-12,12:36:00,2024-07-29,3.4,3.4,3.4,3.4,0,0,1
MIDCPNIFTY29JUL2411800PE.NFO,2024-06-12,12:37:00,2024-07-29,3.4,3.4,3.4,3.4,0,0,1
MIDCPNIFTY29JUL2411800PE.NFO,2024-06-12,12:38:00,2024-07-29,3.4,3.4,3.4,3.4,0,0,1
MIDCPNIFTY29JUL2411800PE.NFO,2024-06-12,12:39:00,2024-07-29,3.4,3.4,3.4,3.4,0,0,1
MIDCPNIFTY29JUL2411800PE.NFO,2024-06-12,12:40:00,2024-07-29,3.4,3.4,3.4,3.4,0,0,1
MIDCPNIFTY29JUL2411800PE.NFO,2024-06-12,12:41:00,2024-07-29,3.4,3.4,3.4,3.4,0,0,1
MIDCPNIFTY29JUL2411800PE.NFO,2024-06-12,12:42:00,2024-07-29,3.4,3.4,3.4,3.4,0,0,1
MIDCPNIFTY29JUL2411800PE.NFO,2024-06-12,12:43:00,2024-07-29,3.4,3.4,3.4,3.4,0,0,1
MIDCPNIFTY29JUL2411800PE.NFO,2024-06-12,12:44:00,2024-07-29,3.4,3.4,3.4,3.4,0,0,1
MIDCPNIFTY29JUL2411800PE.NFO,2024-06-12,12:45:00,2024-07-29,3.4,3.4,3.4,3.4,0,0,1
MIDCPNIFTY29JUL2411800PE.NFO,2024-06-12,12:46:00,2024-07-29,3.4,3.4,3.4,3.4,0,0,1
MIDCPNIFTY29JUL2411800PE.NFO,2024-06-12,12:47:00,2024-07-29,3.4,3.4,3.4,3.4,0,0,1
MIDCPNIFTY29JUL2411800PE.NFO,2024-06-12,12:48:00,2024-07-29,3.4,3.4,3.4,3.4,0,0,1
MIDCPNIFTY29JUL2411800PE.NFO,2024-06-12,12:49:00,2024-07-29,3.4,3.4,3.4,3.4,0,0,1
MIDCPNIFTY29JUL2411800PE.NFO,2024-06-12,12:50:00,2024-07-29,3.4,3.4,3.4,3.4,0,0,1
MIDCPNIFTY29JUL2411800PE.NFO,2024-06-12,12:51:00,2024-07-29,3.4,3.4,3.4,3.4,0,0,1
MIDCPNIFTY29JUL2411800PE.NFO,2024-06-12,12:52:00,2024-07-29,3.4,3.4,3.4,3.4,0,0,1
MIDCPNIFTY29JUL2411800PE.NFO,2024-06-12,12:53:00,2024-07-29,3.4,3.4,3.4,3.4,0,0,1
MIDCPNIFTY29JUL2411800PE.NFO,2024-06-12,12:54:00,2024-07-29,3.4,3.4,3.4,3.4,0,0,1
MIDCPNIFTY29JUL2411800PE.NFO,2024-06-12,12:55:00,2024-07-29,3.4,3.4,3.4,3.4,0,0,1
MIDCPNIFTY29JUL2411800PE.NFO,2024-06-12,12:56:00,2024-07-29,3.4,3.4,3.4,3.4,0,0,1
MIDCPNIFTY29JUL2411800PE.NFO,2024-06-12,12:57:00,2024-07-29,3.4,3.4,3.4,3.4,0,0,1
MIDCPNIFTY29JUL2411800PE.NFO,2024-06-12,12:58:00,2024-07-29,3.4,3.4,3.4,3.4,0,0,1
MIDCPNIFTY29JUL2411800PE.NFO,2024-06-12,12:59:00,2024-07-29,3.4,3.4,3.4,3.4,0,0,1
MIDCPNIFTY29JUL2411800PE.NFO,2024-06-12,13:00:00,2024-07-29,3.4,3.4,3.4,3.4,0,0,1
MIDCPNIFTY29JUL2411800PE.NFO,2024-06-12,13:01:00,2024-07-29,3.4,3.4,3.4,3.4,0,0,1
MIDCPNIFTY29JUL2411800PE.NFO,2024-06-12,13:02:00,2024-07-29,3.4,3.4,3.4,3.4,0,0,1
MIDCPNIFTY29JUL2411800PE.NFO,2024-06-12,13:03:00,2024-07-29,3.4,3.4,3.4,3.4,0,0,1
MIDCPNIFTY29JUL2411800PE.NFO,2024-06-12,13:04:00,2024-07-29,3.4,3.4,3.4,3.4,0,0,1
MIDCPNIFTY29JUL2411800PE.NFO,2024-06-12,13:05:00,2024-07-29,3.4,3.4,3.4,3.4,0,0,1
MIDCPNIFTY29JUL2411800PE.NFO,2024-06-12,13:06:00,2024-07-29,3.4,3.4,3.4,3.4,0,0,1
MIDCPNIFTY29JUL2411800PE.NFO,2024-06-12,13:07:00,2024-07-29,3.4,3.4,3.4,3.4,0,0,1
MIDCPNIFTY29JUL2411800PE.NFO,2024-06-12,13:08:00,2024-07-29,3.4,3.4,3.4,3.4,0,0,1
MIDCPNIFTY29JUL2411800PE.NFO,2024-06-12,13:09:00,2024-07-29,3.4,3.4,3.4,3.4,0,0,1
MIDCPNIFTY29JUL2411800PE.NFO,2024-06-12,13:10:00,2024-07-29,3.4,3.4,3.4,3.4,0,0,1
MIDCPNIFTY29JUL2411800PE.NFO,2024-06-12,13:11:00,2024-07-29,3.4,3.4,3.4,3.4,0,0,1
MIDCPNIFTY29JUL2411800PE.NFO,2024-06-12,13:12:00,2024-07-29,3.4,3.4,3.4,3.4,0,0,1
MIDCPNIFTY29JUL2411800PE.NFO,2024-06-12,13:13:00,2024-07-29,3.4,3.4,3.4,3.4,0,0,1
MIDCPNIFTY29JUL2411800PE.NFO,2024-06-12,13:14:00,2024-07-29,3.4,3.4,3.4,3.4,0,0,1
MIDCPNIFTY29JUL2411800PE.NFO,2024-06-12,13:15:00,2024-07-29,3.4,3.4,3.4,3.4,0,0,1
MIDCPNIFTY29JUL2411800PE.NFO,2024-06-12,13:16:00,2024-07-29,3.4,3.4,3.4,3.4,0,0,1
MIDCPNIFTY29JUL2411800PE.NFO,2024-06-12,13:17:00,2024-07-29,3.4,3.4,3.4,3.4,0,0,1
MIDCPNIFTY29JUL2411800PE.NFO,2024-06-12,13:18:00,2024-07-29,3.4,3.4,3.4,3.4,0,0,1
MIDCPNIFTY29JUL2411800PE.NFO,2024-06-12,13:19:00,2024-07-29,3.4,3.4,3.4,3.4,0,0,1
MIDCPNIFTY29JUL2411800PE.NFO,2024-06-12,13:20:00,2024-07-29,3.4,3.4,3.4,3.4,0,0,1
MIDCPNIFTY29JUL2411800PE.NFO,2024-06-12,13:21:00,2024-07-29,3.4,3.4,3.4,3.4,0,0,1
MIDCPNIFTY29JUL2411800PE.NFO,2024-06-12,13:22:00,2024-07-29,3.4,3.4,3.4,3.4,0,0,1
MIDCPNIFTY29JUL2411800PE.NFO,2024-06-12,13:23:00,2024-07-29,3.4,3.4,3.4,3.4,0,0,1
MIDCPNIFTY29JUL2411800PE.NFO,2024-06-12,13:24:00,2024-07-29,3.4,3.4,3.4,3.4,0,0,1
MIDCPNIFTY29JUL2411800PE.NFO,2024-06-12,13:25:00,2024-07-29,3.4,3.4,3.4,3.4,0,0,1
MIDCPNIFTY29JUL2411800PE.NFO,2024-06-12,13:26:00,2024-07-29,3.4,3.4,3.4,3.4,0,0,1
MIDCPNIFTY29JUL2411800PE.NFO,2024-06-12,13:27:00,2024-07-29,3.4,3.4,3.4,3.4,0,0,1
MIDCPNIFTY29JUL2411800PE.NFO,2024-06-12,13:28:00,2024-07-29,3.4,3.4,3.4,3.4,0,0,1
MIDCPNIFTY29JUL2411800PE.NFO,2024-06-12,13:29:00,2024-07-29,3.4,3.4,3.4,3.4,0,0,1
MIDCPNIFTY29JUL2411800PE.NFO,2024-06-12,13:30:00,2024-07-29,3.4,3.4,3.4,3.4,0,0,1
MIDCPNIFTY29JUL2411800PE.NFO,2024-06-12,13:31:00,2024-07-29,3.4,3.4,3.4,3.4,0,0,1
MIDCPNIFTY29JUL2411800PE.NFO,2024-06-12,13:32:00,2024-07-29,3.4,3.4,3.4,3.4,0,0,1
MIDCPNIFTY29JUL2411800PE.NFO,2024-06-12,13:33:00,2024-07-29,3.4,3.4,3.4,3.4,0,0,1
MIDCPNIFTY29JUL2411800PE.NFO,2024-06-12,13:34:00,2024-07-29,3.4,3.4,3.4,3.4,0,0,1
MIDCPNIFTY29JUL2411800PE.NFO,2024-06-12,13:35:00,2024-07-29,3.4,3.4,3.4,3.4,0,0,1
MIDCPNIFTY29JUL2411800PE.NFO,2024-06-12,13:36:00,2024-07-29,3.4,3.4,3.4,3.4,0,0,1
MIDCPNIFTY29JUL2411800PE.NFO,2024-06-12,13:37:00,2024-07-29,3.4,3.4,3.4,3.4,0,0,1
MIDCPNIFTY29JUL2411800PE.NFO,2024-06-12,13:38:00,2024-07-29,3.4,3.4,3.4,3.4,0,0,1
MIDCPNIFTY29JUL2411800PE.NFO,2024-06-12,13:39:00,2024-07-29,3.4,3.4,3.4,3.4,0,0,1
MIDCPNIFTY29JUL2411800PE.NFO,2024-06-12,13:40:00,2024-07-29,3.4,3.4,3.4,3.4,0,0,1
MIDCPNIFTY29JUL2411800PE.NFO,2024-06-12,13:41:00,2024-07-29,3.4,3.4,3.4,3.4,0,0,1
MIDCPNIFTY29JUL2411800PE.NFO,2024-06-12,13:42:00,2024-07-29,3.4,3.4,3.4,3.4,0,0,1
MIDCPNIFTY29JUL2411800PE.NFO,2024-06-12,13:43:00,2024-07-29,3.4,3.4,3.4,3.4,0,0,1
MIDCPNIFTY29JUL2411800PE.NFO,2024-06-12,13:44:00,2024-07-29,3.4,3.4,3.4,3.4,0,0,1
MIDCPNIFTY29JUL2411800PE.NFO,2024-06-12,13:45:00,2024-07-29,3.4,3.4,3.4,3.4,0,0,1
MIDCPNIFTY29JUL2411800PE.NFO,2024-06-12,13:46:00,2024-07-29,3.4,3.4,3.4,3.4,0,0,1
MIDCPNIFTY29JUL2411800PE.NFO,2024-06-12,13:47:00,2024-07-29,3.4,3.4,3.4,3.4,0,0,1
MIDCPNIFTY29JUL2411800PE.NFO,2024-06-12,13:48:00,2024-07-29,3.4,3.4,3.4,3.4,0,0,1
MIDCPNIFTY29JUL2411800PE.NFO,2024-06-12,13:49:00,2024-07-29,3.4,3.4,3.4,3.4,0,0,1
MIDCPNIFTY29JUL2411800PE.NFO,2024-06-12,13:50:00,2024-07-29,3.4,3.4,3.4,3.4,0,0,1
MIDCPNIFTY29JUL2411800PE.NFO,2024-06-12,13:51:00,2024-07-29,3.4,3.4,3.4,3.4,0,0,1
MIDCPNIFTY29JUL2411800PE.NFO,2024-06-12,13:52:00,2024-07-29,3.4,3.4,3.4,3.4,0,0,1
MIDCPNIFTY29JUL2411800PE.NFO,2024-06-12,13:53:00,2024-07-29,3.4,3.4,3.4,3.4,0,0,1
MIDCPNIFTY29JUL2411800PE.NFO,2024-06-12,13:54:00,2024-07-29,3.4,3.4,3.4,3.4,0,0,1
MIDCPNIFTY29JUL2411800PE.NFO,2024-06-12,13:55:00,2024-07-29,3.4,3.4,3.4,3.4,0,0,1
MIDCPNIFTY29JUL2411800PE.NFO,2024-06-12,13:56:00,2024-07-29,3.4,3.4,3.4,3.4,0,0,1
MIDCPNIFTY29JUL2411800PE.NFO,2024-06-12,13:57:00,2024-07-29,3.4,3.4,3.4,3.4,0,0,1
MIDCPNIFTY29JUL2411800PE.NFO,2024-06-12,13:58:00,2024-07-29,3.4,3.4,3.4,3.4,0,0,1
MIDCPNIFTY29JUL2411800PE.NFO,2024-06-12,13:59:00,2024-07-29,3.4,3.4,3.4,3.4,0,0,1
MIDCPNIFTY29JUL2411800PE.NFO,2024-06-12,14:00:00,2024-07-29,3.4,3.4,3.4,3.4,0,0,1
MIDCPNIFTY29JUL2411800PE.NFO,2024-06-12,14:01:00,2024-07-29,3.4,3.4,3.4,3.4,0,0,1
MIDCPNIFTY29JUL2411800PE.NFO,2024-06-12,14:02:00,2024-07-29,3.4,3.4,3.4,3.4,0,0,1
MIDCPNIFTY29JUL2411800PE.NFO,2024-06-12,14:03:00,2024-07-29,3.4,3.4,3.4,3.4,0,0,1
MIDCPNIFTY29JUL2411800PE.NFO,2024-06-12,14:04:00,2024-07-29,3.4,3.4,3.4,3.4,0,0,1
MIDCPNIFTY29JUL2411800PE.NFO,2024-06-12,14:05:00,2024-07-29,3.4,3.4,3.4,3.4,0,0,1
MIDCPNIFTY29JUL2411800PE.NFO,2024-06-12,14:06:00,2024-07-29,3.4,3.4,3.4,3.4,0,0,1
MIDCPNIFTY29JUL2411800PE.NFO,2024-06-12,14:07:00,2024-07-29,3.4,3.4,3.4,3.4,0,0,1
MIDCPNIFTY29JUL2411800PE.NFO,2024-06-12,14:08:00,2024-07-29,3.4,3.4,3.4,3.4,0,0,1
MIDCPNIFTY29JUL2411800PE.NFO,2024-06-12,14:09:00,2024-07-29,3.4,3.4,3.4,3.4,0,0,1
MIDCPNIFTY29JUL2411800PE.NFO,2024-06-12,14:10:00,2024-07-29,3.4,3.4,3.4,3.4,0,0,1
MIDCPNIFTY29JUL2411800PE.NFO,2024-06-12,14:11:00,2024-07-29,3.4,3.4,3.4,3.4,0,0,1
MIDCPNIFTY29JUL2411800PE.NFO,2024-06-12,14:12:00,2024-07-29,3.4,3.4,3.4,3.4,0,0,1
MIDCPNIFTY29JUL2411800PE.NFO,2024-06-12,14:13:00,2024-07-29,3.4,3.4,3.4,3.4,0,0,1
MIDCPNIFTY29JUL2411800PE.NFO,2024-06-12,14:14:00,2024-07-29,3.4,3.4,3.4,3.4,0,0,1
MIDCPNIFTY29JUL2411800PE.NFO,2024-06-12,14:15:00,2024-07-29,3.4,3.4,3.4,3.4,0,0,1
MIDCPNIFTY29JUL2411800PE.NFO,2024-06-12,14:16:00,2024-07-29,3.4,3.4,3.4,3.4,0,0,1
MIDCPNIFTY29JUL2411800PE.NFO,2024-06-12,14:17:00,2024-07-29,3.4,3.4,3.4,3.4,0,0,1
MIDCPNIFTY29JUL2411800PE.NFO,2024-06-12,14:18:00,2024-07-29,3.4,3.4,3.4,3.4,0,0,1
MIDCPNIFTY29JUL2411800PE.NFO,2024-06-12,14:19:00,2024-07-29,3.4,3.4,3.4,3.4,0,0,1
MIDCPNIFTY29JUL2411800PE.NFO,2024-06-12,14:20:00,2024-07-29,3.4,3.4,3.4,3.4,0,0,1
MIDCPNIFTY29JUL2411800PE.NFO,2024-06-12,14:21:00,2024-07-29,3.4,3.4,3.4,3.4,0,0,1
MIDCPNIFTY29JUL2411800PE.NFO,2024-06-12,14:22:00,2024-07-29,3.4,3.4,3.4,3.4,0,0,1
MIDCPNIFTY29JUL2411800PE.NFO,2024-06-12,14:23:00,2024-07-29,3.4,3.4,3.4,3.4,0,0,1
MIDCPNIFTY29JUL2411800PE.NFO,2024-06-12,14:24:00,2024-07-29,3.4,3.4,3.4,3.4,0,0,1
MIDCPNIFTY29JUL2411800PE.NFO,2024-06-12,14:25:00,2024-07-29,3.4,3.4,3.4,3.4,0,0,1
MIDCPNIFTY29JUL2411800PE.NFO,2024-06-12,14:26:00,2024-07-29,3.4,3.4,3.4,3.4,0,0,1
MIDCPNIFTY29JUL2411800PE.NFO,2024-06-12,14:27:00,2024-07-29,3.4,3.4,3.4,3.4,0,0,1
MIDCPNIFTY29JUL2411800PE.NFO,2024-06-12,14:28:00,2024-07-29,3.4,3.4,3.4,3.4,0,0,1
MIDCPNIFTY29JUL2411800PE.NFO,2024-06-12,14:29:00,2024-07-29,3.4,3.4,3.4,3.4,0,0,1
MIDCPNIFTY29JUL2411800PE.NFO,2024-06-12,14:30:00,2024-07-29,3.4,3.4,3.4,3.4,0,0,1
MIDCPNIFTY29JUL2411800PE.NFO,2024-06-12,14:31:00,2024-07-29,3.4,3.4,3.4,3.4,0,0,1
MIDCPNIFTY29JUL2411800PE.NFO,2024-06-12,14:32:00,2024-07-29,3.4,3.4,3.4,3.4,0,0,1
MIDCPNIFTY29JUL2411800PE.NFO,2024-06-12,14:33:00,2024-07-29,3.4,3.4,3.4,3.4,0,0,1
MIDCPNIFTY29JUL2411800PE.NFO,2024-06-12,14:34:00,2024-07-29,3.4,3.4,3.4,3.4,0,0,1
MIDCPNIFTY29JUL2411800PE.NFO,2024-06-12,14:35:00,2024-07-29,3.4,3.4,3.4,3.4,0,0,1
MIDCPNIFTY29JUL2411800PE.NFO,2024-06-12,14:36:00,2024-07-29,3.4,3.4,3.4,3.4,0,0,1
MIDCPNIFTY29JUL2411800PE.NFO,2024-06-12,14:37:00,2024-07-29,3.4,3.4,3.4,3.4,0,0,1
MIDCPNIFTY29JUL2411800PE.NFO,2024-06-12,14:38:00,2024-07-29,3.4,3.4,3.4,3.4,0,0,1
MIDCPNIFTY29JUL2411800PE.NFO,2024-06-12,14:39:00,2024-07-29,3.4,3.4,3.4,3.4,0,0,1
MIDCPNIFTY29JUL2411800PE.NFO,2024-06-12,14:40:00,2024-07-29,3.4,3.4,3.4,3.4,0,0,1
MIDCPNIFTY29JUL2411800PE.NFO,2024-06-12,14:41:00,2024-07-29,3.4,3.4,3.4,3.4,0,0,1
MIDCPNIFTY29JUL2411800PE.NFO,2024-06-12,14:42:00,2024-07-29,3.4,3.4,3.4,3.4,0,0,1
MIDCPNIFTY29JUL2411800PE.NFO,2024-06-12,14:43:00,2024-07-29,3.4,3.4,3.4,3.4,0,0,1
MIDCPNIFTY29JUL2411800PE.NFO,2024-06-12,14:44:00,2024-07-29,3.4,3.4,3.4,3.4,0,0,1
MIDCPNIFTY29JUL2411800PE.NFO,2024-06-12,14:45:00,2024-07-29,3.4,3.4,3.4,3.4,0,0,1
MIDCPNIFTY29JUL2411800PE.NFO,2024-06-12,14:46:00,2024-07-29,3.4,3.4,3.4,3.4,0,0,1
MIDCPNIFTY29JUL2411800PE.NFO,2024-06-12,14:47:00,2024-07-29,3.4,3.4,3.4,3.4,0,0,1
MIDCPNIFTY29JUL2411800PE.NFO,2024-06-12,14:48:00,2024-07-29,3.4,3.4,3.4,3.4,0,0,1
MIDCPNIFTY29JUL2411800PE.NFO,2024-06-12,14:49:00,2024-07-29,3.4,3.4,3.4,3.4,0,0,1
MIDCPNIFTY29JUL2411800PE.NFO,2024-06-12,14:50:00,2024-07-29,3.4,3.4,3.4,3.4,0,0,1
MIDCPNIFTY29JUL2411800PE.NFO,2024-06-12,14:51:00,2024-07-29,3.4,3.4,3.4,3.4,0,0,1
MIDCPNIFTY29JUL2411800PE.NFO,2024-06-12,14:52:00,2024-07-29,3.4,3.4,3.4,3.4,0,0,1
MIDCPNIFTY29JUL2411800PE.NFO,2024-06-12,14:53:00,2024-07-29,3.4,3.4,3.4,3.4,0,0,1
MIDCPNIFTY29JUL2411800PE.NFO,2024-06-12,14:54:00,2024-07-29,3.4,3.4,3.4,3.4,0,0,1
MIDCPNIFTY29JUL2411800PE.NFO,2024-06-12,14:55:00,2024-07-29,3.4,3.4,3.4,3.4,0,0,1
MIDCPNIFTY29JUL2411800PE.NFO,2024-06-12,14:56:00,2024-07-29,3.4,3.4,3.4,3.4,0,0,1
MIDCPNIFTY29JUL2411800PE.NFO,2024-06-12,14:57:00,2024-07-29,3.4,3.4,3.4,3.4,0,0,1
MIDCPNIFTY29JUL2411800PE.NFO,2024-06-12,14:58:00,2024-07-29,3.4,3.4,3.4,3.4,0,0,1
MIDCPNIFTY29JUL2411800PE.NFO,2024-06-12,14:59:00,2024-07-29,3.4,3.4,3.4,3.4,0,0,1
MIDCPNIFTY29JUL2411800PE.NFO,2024-06-12,15:00:00,2024-07-29,3.4,3.4,3.4,3.4,0,0,1
MIDCPNIFTY29JUL2411800PE.NFO,2024-06-12,15:01:00,2024-07-29,3.4,3.4,3.4,3.4,0,0,1
MIDCPNIFTY29JUL2411800PE.NFO,2024-06-12,15:02:00,2024-07-29,3.4,3.4,3.4,3.4,0,0,1
MIDCPNIFTY29JUL2411800PE.NFO,2024-06-12,15:03:00,2024-07-29,3.4,3.4,3.4,3.4,0,0,1
MIDCPNIFTY29JUL2411800PE.NFO,2024-06-12,15:04:00,2024-07-29,3.4,3.4,3.4,3.4,0,0,1
MIDCPNIFTY29JUL2411800PE.NFO,2024-06-12,15:05:00,2024-07-29,3.4,3.4,3.4,3.4,0,0,1
MIDCPNIFTY29JUL2411800PE.NFO,2024-06-12,15:06:00,2024-07-29,3.4,3.4,3.4,3.4,0,0,1
MIDCPNIFTY29JUL2411800PE.NFO,2024-06-12,15:07:00,2024-07-29,3.4,3.4,3.4,3.4,0,0,1
MIDCPNIFTY29JUL2411800PE.NFO,2024-06-12,15:08:00,2024-07-29,3.4,3.4,3.4,3.4,0,0,1
MIDCPNIFTY29JUL2411800PE.NFO,2024-06-12,15:09:00,2024-07-29,3.4,3.4,3.4,3.4,0,0,1
MIDCPNIFTY29JUL2411800PE.NFO,2024-06-12,15:10:00,2024-07-29,3.4,3.4,3.4,3.4,0,0,1
MIDCPNIFTY29JUL2411800PE.NFO,2024-06-12,15:11:00,2024-07-29,3.4,3.4,3.4,3.4,0,0,1
MIDCPNIFTY29JUL2411800PE.NFO,2024-06-12,15:12:00,2024-07-29,3.4,3.4,3.4,3.4,0,0,1
MIDCPNIFTY29JUL2411800PE.NFO,2024-06-12,15:13:00,2024-07-29,3.4,3.4,3.4,3.4,0,0,1
MIDCPNIFTY29JUL2411800PE.NFO,2024-06-12,15:14:00,2024-07-29,3.4,3.4,3.4,3.4,0,0,1
MIDCPNIFTY29JUL2411800PE.NFO,2024-06-12,15:15:00,2024-07-29,3.4,3.4,3.4,3.4,0,0,1
MIDCPNIFTY29JUL2411800PE.NFO,2024-06-12,15:16:00,2024-07-29,3.4,3.4,3.4,3.4,0,0,1
MIDCPNIFTY29JUL2411800PE.NFO,2024-06-12,15:17:00,2024-07-29,3.4,3.4,3.4,3.4,0,0,1
MIDCPNIFTY29JUL2411800PE.NFO,2024-06-12,15:18:00,2024-07-29,3.4,3.4,3.4,3.4,0,0,1
MIDCPNIFTY29JUL2411800PE.NFO,2024-06-12,15:19:00,2024-07-29,3.4,3.4,3.4,3.4,0,0,1
MIDCPNIFTY29JUL2411800PE.NFO,2024-06-12,15:20:00,2024-07-29,3.4,3.4,3.4,3.4,0,0,1
MIDCPNIFTY29JUL2411800PE.NFO,2024-06-12,15:21:00,2024-07-29,3.4,3.4,3.4,3.4,0,0,1
MIDCPNIFTY29JUL2411800PE.NFO,2024-06-12,15:22:00,2024-07-29,3.4,3.4,3.4,3.4,0,0,1
MIDCPNIFTY29JUL2411800PE.NFO,2024-06-12,15:23:00,2024-07-29,3.4,3.4,3.4,3.4,0,0,1
MIDCPNIFTY29JUL2411800PE.NFO,2024-06-12,15:24:00,2024-07-29,3.4,3.4,3.4,3.4,0,0,1
MIDCPNIFTY29JUL2411800PE.NFO,2024-06-12,15:25:00,2024-07-29,3.4,3.4,3.4,3.4,0,0,1
MIDCPNIFTY29JUL2411800PE.NFO,2024-06-12,15:26:00,2024-07-29,3.4,3.4,3.4,3.4,0,0,1
MIDCPNIFTY29JUL2411800PE.NFO,2024-06-12,15:27:00,2024-07-29,3.4,3.4,3.4,3.4,0,0,1
MIDCPNIFTY29JUL2411800PE.NFO,2024-06-12,15:28:00,2024-07-29,3.4,3.4,3.4,3.4,0,0,1
MIDCPNIFTY29JUL2411800PE.NFO,2024-06-12,15:29:00,2024-07-29,3.4,3.4,3.4,3.4,0,0,1
MIDCPNIFTY29JUL2411800PE.NFO,2024-06-12,15:30:00,2024-07-29,3.4,3.4,3.4,3.4,0,0,1
MIDCPNIFTY29JUL2411800PE.NFO,2024-06-13,09:15:00,2024-07-29,3.4,3.4,3.4,3.4,0,0,0
MIDCPNIFTY29JUL2411800PE.NFO,2024-06-13,09:16:00,2024-07-29,3.4,3.4,3.4,3.4,0,0,1
MIDCPNIFTY29JUL2411800PE.NFO,2024-06-13,09:17:00,2024-07-29,3.4,3.4,3.4,3.4,0,0,1
MIDCPNIFTY29JUL2411800PE.NFO,2024-06-13,09:18:00,2024-07-29,3.4,3.4,3.4,3.4,0,0,1
MIDCPNIFTY29JUL2411800PE.NFO,2024-06-13,09:19:00,2024-07-29,3.4,3.4,3.4,3.4,0,0,1
MIDCPNIFTY29JUL2411800PE.NFO,2024-06-13,09:20:00,2024-07-29,3.4,3.4,3.4,3.4,0,0,1
MIDCPNIFTY29JUL2411800PE.NFO,2024-06-13,09:21:00,2024-07-29,3.4,3.4,3.4,3.4,0,0,1
MIDCPNIFTY29JUL2411800PE.NFO,2024-06-13,09:22:00,2024-07-29,3.4,3.4,3.4,3.4,0,0,1
MIDCPNIFTY29JUL2411800PE.NFO,2024-06-13,09:23:00,2024-07-29,3.4,3.4,3.4,3.4,0,0,1
MIDCPNIFTY29JUL2411800PE.NFO,2024-06-13,09:24:00,2024-07-29,3.4,3.4,3.4,3.4,0,0,1
MIDCPNIFTY29JUL2411800PE.NFO,2024-06-13,09:25:00,2024-07-29,3.4,3.4,3.4,3.4,0,0,1
MIDCPNIFTY29JUL2411800PE.NFO,2024-06-13,09:26:00,2024-07-29,3.4,3.4,3.4,3.4,0,0,1
MIDCPNIFTY29JUL2411800PE.NFO,2024-06-13,09:27:00,2024-07-29,3.4,3.4,3.4,3.4,0,0,1
MIDCPNIFTY29JUL2411800PE.NFO,2024-06-13,09:28:00,2024-07-29,3.4,3.4,3.4,3.4,0,0,1
MIDCPNIFTY29JUL2411800PE.NFO,2024-06-13,09:29:00,2024-07-29,3.4,3.4,3.4,3.4,0,0,1
MIDCPNIFTY29JUL2411800PE.NFO,2024-06-13,09:30:00,2024-07-29,3.4,3.4,3.4,3.4,0,0,1
MIDCPNIFTY29JUL2411800PE.NFO,2024-06-13,09:31:00,2024-07-29,3.4,3.4,3.4,3.4,0,0,1
MIDCPNIFTY29JUL2411800PE.NFO,2024-06-13,09:32:00,2024-07-29,3.4,3.4,3.4,3.4,0,0,1
MIDCPNIFTY29JUL2411800PE.NFO,2024-06-13,09:33:00,2024-07-29,3.4,3.4,3.4,3.4,0,0,1
MIDCPNIFTY29JUL2411800PE.NFO,2024-06-13,09:34:00,2024-07-29,3.4,3.4,3.4,3.4,0,0,1
MIDCPNIFTY29JUL2411800PE.NFO,2024-06-13,09:35:00,2024-07-29,3.4,3.4,3.4,3.4,0,0,1
MIDCPNIFTY29JUL2411800PE.NFO,2024-06-13,09:36:00,2024-07-29,3.4,3.4,3.4,3.4,0,0,1
MIDCPNIFTY29JUL2411800PE.NFO,2024-06-13,09:37:00,2024-07-29,3.4,3.4,3.4,3.4,0,0,1
MIDCPNIFTY29JUL2411800PE.NFO,2024-06-13,09:38:00,2024-07-29,3.4,3.4,3.4,3.4,0,0,1
MIDCPNIFTY29JUL2411800PE.NFO,2024-06-13,09:39:00,2024-07-29,3.4,3.4,3.4,3.4,0,0,1
MIDCPNIFTY29JUL2411800PE.NFO,2024-06-13,09:40:00,2024-07-29,3.4,3.4,3.4,3.4,0,0,1
MIDCPNIFTY29JUL2411800PE.NFO,2024-06-13,09:41:00,2024-07-29,3.4,3.4,3.4,3.4,0,0,1
MIDCPNIFTY29JUL2411800PE.NFO,2024-06-13,09:42:00,2024-07-29,3.4,3.4,3.4,3.4,0,0,1
MIDCPNIFTY29JUL2411800PE.NFO,2024-06-13,09:43:00,2024-07-29,3.4,3.4,3.4,3.4,0,0,1
MIDCPNIFTY29JUL2411800PE.NFO,2024-06-13,09:44:00,2024-07-29,3.4,3.4,3.4,3.4,0,0,1
MIDCPNIFTY29JUL2411800PE.NFO,2024-06-13,09:45:00,2024-07-29,3.4,3.4,3.4,3.4,0,0,1
MIDCPNIFTY29JUL2411800PE.NFO,2024-06-13,09:46:00,2024-07-29,3.4,3.4,3.4,3.4,0,0,1
MIDCPNIFTY29JUL2411800PE.NFO,2024-06-13,09:47:00,2024-07-29,3.4,3.4,3.4,3.4,0,0,1
MIDCPNIFTY29JUL2411800PE.NFO,2024-06-13,09:48:00,2024-07-29,3.4,3.4,3.4,3.4,0,0,1
MIDCPNIFTY29JUL2411800PE.NFO,2024-06-13,09:49:00,2024-07-29,3.4,3.4,3.4,3.4,0,0,1
MIDCPNIFTY29JUL2411800PE.NFO,2024-06-13,09:50:00,2024-07-29,3.4,3.4,3.4,3.4,0,0,1
MIDCPNIFTY29JUL2411800PE.NFO,2024-06-13,09:51:00,2024-07-29,3.4,3.4,3.4,3.4,0,0,1
MIDCPNIFTY29JUL2411800PE.NFO,2024-06-13,09:52:00,2024-07-29,3.4,3.4,3.4,3.4,0,0,1
MIDCPNIFTY29JUL2411800PE.NFO,2024-06-13,09:53:00,2024-07-29,3.4,3.4,3.4,3.4,0,0,1
MIDCPNIFTY29JUL2411800PE.NFO,2024-06-13,09:54:00,2024-07-29,3.4,3.4,3.4,3.4,0,0,1
MIDCPNIFTY29JUL2411800PE.NFO,2024-06-13,09:55:00,2024-07-29,3.4,3.4,3.4,3.4,0,0,1
MIDCPNIFTY29JUL2411800PE.NFO,2024-06-13,09:56:00,2024-07-29,3.4,3.4,3.4,3.4,0,0,1
MIDCPNIFTY29JUL2411800PE.NFO,2024-06-13,09:57:00,2024-07-29,3.4,3.4,3.4,3.4,0,0,1
MIDCPNIFTY29JUL2411800PE.NFO,2024-06-13,09:58:00,2024-07-29,3.4,3.4,3.4,3.4,0,0,1
MIDCPNIFTY29JUL2411800PE.NFO,2024-06-13,09:59:00,2024-07-29,3.4,3.4,3.4,3.4,0,0,1
MIDCPNIFTY29JUL2411800PE.NFO,2024-06-13,10:00:00,2024-07-29,3.4,3.4,3.4,3.4,0,0,1
MIDCPNIFTY29JUL2411800PE.NFO,2024-06-13,10:01:00,2024-07-29,3.4,3.4,3.4,3.4,0,0,1
MIDCPNIFTY29JUL2411800PE.NFO,2024-06-13,10:02:00,2024-07-29,3.4,3.4,3.4,3.4,0,0,1
MIDCPNIFTY29JUL2411800PE.NFO,2024-06-13,10:03:00,2024-07-29,3.4,3.4,3.4,3.4,0,0,1
MIDCPNIFTY29JUL2411800PE.NFO,2024-06-13,10:04:00,2024-07-29,3.4,3.4,3.4,3.4,0,0,1
MIDCPNIFTY29JUL2411800PE.NFO,2024-06-13,10:05:00,2024-07-29,3.4,3.4,3.4,3.4,0,0,1
MIDCPNIFTY29JUL2411800PE.NFO,2024-06-13,10:06:00,2024-07-29,3.4,3.4,3.4,3.4,0,0,1
MIDCPNIFTY29JUL2411800PE.NFO,2024-06-13,10:07:00,2024-07-29,3.4,3.4,3.4,3.4,0,0,1
MIDCPNIFTY29JUL2411800PE.NFO,2024-06-13,10:08:00,2024-07-29,3.4,3.4,3.4,3.4,0,0,1
MIDCPNIFTY29JUL2411800PE.NFO,2024-06-13,10:09:00,2024-07-29,3.4,3.4,3.4,3.4,0,0,1
MIDCPNIFTY29JUL2411800PE.NFO,2024-06-13,10:10:00,2024-07-29,3.4,3.4,3.4,3.4,0,0,1
MIDCPNIFTY29JUL2411800PE.NFO,2024-06-13,10:11:00,2024-07-29,3.4,3.4,3.4,3.4,0,0,1
MIDCPNIFTY29JUL2411800PE.NFO,2024-06-13,10:12:00,2024-07-29,3.4,3.4,3.4,3.4,0,0,1
MIDCPNIFTY29JUL2411800PE.NFO,2024-06-13,10:13:00,2024-07-29,3.4,3.4,3.4,3.4,0,0,1
MIDCPNIFTY29JUL2411800PE.NFO,2024-06-13,10:14:00,2024-07-29,3.4,3.4,3.4,3.4,0,0,1
MIDCPNIFTY29JUL2411800PE.NFO,2024-06-13,10:15:00,2024-07-29,3.4,3.4,3.4,3.4,0,0,1
MIDCPNIFTY29JUL2411800PE.NFO,2024-06-13,10:16:00,2024-07-29,3.4,3.4,3.4,3.4,0,0,1
MIDCPNIFTY29JUL2411800PE.NFO,2024-06-13,10:17:00,2024-07-29,3.4,3.4,3.4,3.4,0,0,1
MIDCPNIFTY29JUL2411800PE.NFO,2024-06-13,10:18:00,2024-07-29,3.4,3.4,3.4,3.4,0,0,1
MIDCPNIFTY29JUL2411800PE.NFO,2024-06-13,10:19:00,2024-07-29,3.4,3.4,3.4,3.4,0,0,1
MIDCPNIFTY29JUL2411800PE.NFO,2024-06-13,10:20:00,2024-07-29,3.4,3.4,3.4,3.4,0,0,1
MIDCPNIFTY29JUL2411800PE.NFO,2024-06-13,10:21:00,2024-07-29,3.4,3.4,3.4,3.4,0,0,1
MIDCPNIFTY29JUL2411800PE.NFO,2024-06-13,10:22:00,2024-07-29,3.4,3.4,3.4,3.4,0,0,1
MIDCPNIFTY29JUL2411800PE.NFO,2024-06-13,10:23:00,2024-07-29,3.4,3.4,3.4,3.4,0,0,1
MIDCPNIFTY29JUL2411800PE.NFO,2024-06-13,10:24:00,2024-07-29,3.4,3.4,3.4,3.4,0,0,1
MIDCPNIFTY29JUL2411800PE.NFO,2024-06-13,10:25:00,2024-07-29,3.4,3.4,3.4,3.4,0,0,1
MIDCPNIFTY29JUL2411800PE.NFO,2024-06-13,10:26:00,2024-07-29,3.4,3.4,3.4,3.4,0,0,1
MIDCPNIFTY29JUL2411800PE.NFO,2024-06-13,10:27:00,2024-07-29,3.4,3.4,3.4,3.4,0,0,1
MIDCPNIFTY29JUL2411800PE.NFO,2024-06-13,10:28:00,2024-07-29,3.4,3.4,3.4,3.4,0,0,1
MIDCPNIFTY29JUL2411800PE.NFO,2024-06-13,10:29:00,2024-07-29,3.4,3.4,3.4,3.4,0,0,1
MIDCPNIFTY29JUL2411800PE.NFO,2024-06-13,10:30:00,2024-07-29,3.4,3.4,3.4,3.4,0,0,1
MIDCPNIFTY29JUL2411800PE.NFO,2024-06-13,10:31:00,2024-07-29,3.4,3.4,3.4,3.4,0,0,1
MIDCPNIFTY29JUL2411800PE.NFO,2024-06-13,10:32:00,2024-07-29,3.4,3.4,3.4,3.4,0,0,1
MIDCPNIFTY29JUL2411800PE.NFO,2024-06-13,10:33:00,2024-07-29,3.4,3.4,3.4,3.4,0,0,1
MIDCPNIFTY29JUL2411800PE.NFO,2024-06-13,10:34:00,2024-07-29,3.4,3.4,3.4,3.4,0,0,1
MIDCPNIFTY29JUL2411800PE.NFO,2024-06-13,10:35:00,2024-07-29,3.4,3.4,3.4,3.4,0,0,1
MIDCPNIFTY29JUL2411800PE.NFO,2024-06-13,10:36:00,2024-07-29,3.4,3.4,3.4,3.4,0,0,1
MIDCPNIFTY29JUL2411800PE.NFO,2024-06-13,10:37:00,2024-07-29,3.4,3.4,3.4,3.4,0,0,1
MIDCPNIFTY29JUL2411800PE.NFO,2024-06-13,10:38:00,2024-07-29,3.4,3.4,3.4,3.4,0,0,1
MIDCPNIFTY29JUL2411800PE.NFO,2024-06-13,10:39:00,2024-07-29,3.4,3.4,3.4,3.4,0,0,1
MIDCPNIFTY29JUL2411800PE.NFO,2024-06-13,10:40:00,2024-07-29,3.4,3.4,3.4,3.4,0,0,1
MIDCPNIFTY29JUL2411800PE.NFO,2024-06-13,10:41:00,2024-07-29,3.4,3.4,3.4,3.4,0,0,1
MIDCPNIFTY29JUL2411800PE.NFO,2024-06-13,10:42:00,2024-07-29,3.4,3.4,3.4,3.4,0,0,1
MIDCPNIFTY29JUL2411800PE.NFO,2024-06-13,10:43:00,2024-07-29,3.4,3.4,3.4,3.4,0,0,1
MIDCPNIFTY29JUL2411800PE.NFO,2024-06-13,10:44:00,2024-07-29,3.4,3.4,3.4,3.4,0,0,1
MIDCPNIFTY29JUL2411800PE.NFO,2024-06-13,10:45:00,2024-07-29,3.4,3.4,3.4,3.4,0,0,1
MIDCPNIFTY29JUL2411800PE.NFO,2024-06-13,10:46:00,2024-07-29,3.4,3.4,3.4,3.4,0,0,1
MIDCPNIFTY29JUL2411800PE.NFO,2024-06-13,10:47:00,2024-07-29,3.4,3.4,3.4,3.4,0,0,1
MIDCPNIFTY29JUL2411800PE.NFO,2024-06-13,10:48:00,2024-07-29,3.4,3.4,3.4,3.4,0,0,1
MIDCPNIFTY29JUL2411800PE.NFO,2024-06-13,10:49:00,2024-07-29,3.4,3.4,3.4,3.4,0,0,1
MIDCPNIFTY29JUL2411800PE.NFO,2024-06-13,10:50:00,2024-07-29,3.4,3.4,3.4,3.4,0,0,1
MIDCPNIFTY29JUL2411800PE.NFO,2024-06-13,10:51:00,2024-07-29,3.4,3.4,3.4,3.4,0,0,1
MIDCPNIFTY29JUL2411800PE.NFO,2024-06-13,10:52:00,2024-07-29,3.4,3.4,3.4,3.4,0,0,1
MIDCPNIFTY29JUL2411800PE.NFO,2024-06-13,10:53:00,2024-07-29,3.4,3.4,3.4,3.4,0,0,1
MIDCPNIFTY29JUL2411800PE.NFO,2024-06-13,10:54:00,2024-07-29,3.4,3.4,3.4,3.4,0,0,1
MIDCPNIFTY29JUL2411800PE.NFO,2024-06-13,10:55:00,2024-07-29,3.4,3.4,3.4,3.4,0,0,1
MIDCPNIFTY29JUL2411800PE.NFO,2024-06-13,10:56:00,2024-07-29,3.4,3.4,3.4,3.4,0,0,1
MIDCPNIFTY29JUL2411800PE.NFO,2024-06-13,10:57:00,2024-07-29,3.4,3.4,3.4,3.4,0,0,1
MIDCPNIFTY29JUL2411800PE.NFO,2024-06-13,10:58:00,2024-07-29,3.4,3.4,3.4,3.4,0,0,1
MIDCPNIFTY29JUL2411800PE.NFO,2024-06-13,10:59:00,2024-07-29,3.4,3.4,3.4,3.4,0,0,1
MIDCPNIFTY29JUL2411800PE.NFO,2024-06-13,11:00:00,2024-07-29,3.4,3.4,3.4,3.4,0,0,1
MIDCPNIFTY29JUL2411800PE.NFO,2024-06-13,11:01:00,2024-07-29,3.4,3.4,3.4,3.4,0,0,1
MIDCPNIFTY29JUL2411800PE.NFO,2024-06-13,11:02:00,2024-07-29,3.4,3.4,3.4,3.4,0,0,1
MIDCPNIFTY29JUL2411800PE.NFO,2024-06-13,11:03:00,2024-07-29,3.4,3.4,3.4,3.4,0,0,1
MIDCPNIFTY29JUL2411800PE.NFO,2024-06-13,11:04:00,2024-07-29,3.4,3.4,3.4,3.4,0,0,1
MIDCPNIFTY29JUL2411800PE.NFO,2024-06-13,11:05:00,2024-07-29,3.4,3.4,3.4,3.4,0,0,1
MIDCPNIFTY29JUL2411800PE.NFO,2024-06-13,11:06:00,2024-07-29,3.4,3.4,3.4,3.4,0,0,1
MIDCPNIFTY29JUL2411800PE.NFO,2024-06-13,11:07:00,2024-07-29,3.4,3.4,3.4,3.4,0,0,1
MIDCPNIFTY29JUL2411800PE.NFO,2024-06-13,11:08:00,2024-07-29,3.4,3.4,3.4,3.4,0,0,1
MIDCPNIFTY29JUL2411800PE.NFO,2024-06-13,11:09:00,2024-07-29,3.4,3.4,3.4,3.4,0,0,1
MIDCPNIFTY29JUL2411800PE.NFO,2024-06-13,11:10:00,2024-07-29,3.4,3.4,3.4,3.4,0,0,1
MIDCPNIFTY29JUL2411800PE.NFO,2024-06-13,11:11:00,2024-07-29,3.4,3.4,3.4,3.4,0,0,1
MIDCPNIFTY29JUL2411800PE.NFO,2024-06-13,11:12:00,2024-07-29,3.4,3.4,3.4,3.4,0,0,1
MIDCPNIFTY29JUL2411800PE.NFO,2024-06-13,11:13:00,2024-07-29,3.4,3.4,3.4,3.4,0,0,1
MIDCPNIFTY29JUL2411800PE.NFO,2024-06-13,11:14:00,2024-07-29,3.4,3.4,3.4,3.4,0,0,1
MIDCPNIFTY29JUL2411800PE.NFO,2024-06-13,11:15:00,2024-07-29,3.4,3.4,3.4,3.4,0,0,1
MIDCPNIFTY29JUL2411800PE.NFO,2024-06-13,11:16:00,2024-07-29,3.4,3.4,3.4,3.4,0,0,1
MIDCPNIFTY29JUL2411800PE.NFO,2024-06-13,11:17:00,2024-07-29,3.4,3.4,3.4,3.4,0,0,1
MIDCPNIFTY29JUL2411800PE.NFO,2024-06-13,11:18:00,2024-07-29,3.4,3.4,3.4,3.4,0,0,1
MIDCPNIFTY29JUL2411800PE.NFO,2024-06-13,11:19:00,2024-07-29,3.4,3.4,3.4,3.4,0,0,1
MIDCPNIFTY29JUL2411800PE.NFO,2024-06-13,11:20:00,2024-07-29,3.4,3.4,3.4,3.4,0,0,1
MIDCPNIFTY29JUL2411800PE.NFO,2024-06-13,11:21:00,2024-07-29,3.4,3.4,3.4,3.4,0,0,1
MIDCPNIFTY29JUL2411800PE.NFO,2024-06-13,11:22:00,2024-07-29,3.4,3.4,3.4,3.4,0,0,1
MIDCPNIFTY29JUL2411800PE.NFO,2024-06-13,11:23:00,2024-07-29,3.4,3.4,3.4,3.4,0,0,1
MIDCPNIFTY29JUL2411800PE.NFO,2024-06-13,11:24:00,2024-07-29,3.4,3.4,3.4,3.4,0,0,1
MIDCPNIFTY29JUL2411800PE.NFO,2024-06-13,11:25:00,2024-07-29,3.4,3.4,3.4,3.4,0,0,1
MIDCPNIFTY29JUL2411800PE.NFO,2024-06-13,11:26:00,2024-07-29,3.4,3.4,3.4,3.4,0,0,1
MIDCPNIFTY29JUL2411800PE.NFO,2024-06-13,11:27:00,2024-07-29,3.4,3.4,3.4,3.4,0,0,1
MIDCPNIFTY29JUL2411800PE.NFO,2024-06-13,11:28:00,2024-07-29,3.4,3.4,3.4,3.4,0,0,1
MIDCPNIFTY29JUL2411800PE.NFO,2024-06-13,11:29:00,2024-07-29,3.4,3.4,3.4,3.4,0,0,1
MIDCPNIFTY29JUL2411800PE.NFO,2024-06-13,11:30:00,2024-07-29,3.4,3.4,3.4,3.4,0,0,1
MIDCPNIFTY29JUL2411800PE.NFO,2024-06-13,11:31:00,2024-07-29,3.4,3.4,3.4,3.4,0,0,1
MIDCPNIFTY29JUL2411800PE.NFO,2024-06-13,11:32:00,2024-07-29,3.4,3.4,3.4,3.4,0,0,1
MIDCPNIFTY29JUL2411800PE.NFO,2024-06-13,11:33:00,2024-07-29,3.4,3.4,3.4,3.4,0,0,1
MIDCPNIFTY29JUL2411800PE.NFO,2024-06-13,11:34:00,2024-07-29,3.4,3.4,3.4,3.4,0,0,1
MIDCPNIFTY29JUL2411800PE.NFO,2024-06-13,11:35:00,2024-07-29,3.4,3.4,3.4,3.4,0,0,1
MIDCPNIFTY29JUL2411800PE.NFO,2024-06-13,11:36:00,2024-07-29,3.4,3.4,3.4,3.4,0,0,1
MIDCPNIFTY29JUL2411800PE.NFO,2024-06-13,11:37:00,2024-07-29,3.4,3.4,3.4,3.4,0,0,1
MIDCPNIFTY29JUL2411800PE.NFO,2024-06-13,11:38:00,2024-07-29,3.4,3.4,3.4,3.4,0,0,1
MIDCPNIFTY29JUL2411800PE.NFO,2024-06-13,11:39:00,2024-07-29,3.4,3.4,3.4,3.4,0,0,1
MIDCPNIFTY29JUL2411800PE.NFO,2024-06-13,11:40:00,2024-07-29,3.4,3.4,3.4,3.4,0,0,1
MIDCPNIFTY29JUL2411800PE.NFO,2024-06-13,11:41:00,2024-07-29,3.4,3.4,3.4,3.4,0,0,1
MIDCPNIFTY29JUL2411800PE.NFO,2024-06-13,11:42:00,2024-07-29,3.4,3.4,3.4,3.4,0,0,1
MIDCPNIFTY29JUL2411800PE.NFO,2024-06-13,11:43:00,2024-07-29,3.4,3.4,3.4,3.4,0,0,1
MIDCPNIFTY29JUL2411800PE.NFO,2024-06-13,11:44:00,2024-07-29,3.4,3.4,3.4,3.4,0,0,1
MIDCPNIFTY29JUL2411800PE.NFO,2024-06-13,11:45:00,2024-07-29,3.4,3.4,3.4,3.4,0,0,1
MIDCPNIFTY29JUL2411800PE.NFO,2024-06-13,11:46:00,2024-07-29,3.4,3.4,3.4,3.4,0,0,1
MIDCPNIFTY29JUL2411800PE.NFO,2024-06-13,11:47:00,2024-07-29,3.4,3.4,3.4,3.4,0,0,1
MIDCPNIFTY29JUL2411800PE.NFO,2024-06-13,11:48:00,2024-07-29,3.4,3.4,3.4,3.4,0,0,1
MIDCPNIFTY29JUL2411800PE.NFO,2024-06-13,11:49:00,2024-07-29,3.4,3.4,3.4,3.4,0,0,1
MIDCPNIFTY29JUL2411800PE.NFO,2024-06-13,11:50:00,2024-07-29,3.4,3.4,3.4,3.4,0,0,1
MIDCPNIFTY29JUL2411800PE.NFO,2024-06-13,11:51:00,2024-07-29,3.4,3.4,3.4,3.4,0,0,1
MIDCPNIFTY29JUL2411800PE.NFO,2024-06-13,11:52:00,2024-07-29,3.4,3.4,3.4,3.4,0,0,1
MIDCPNIFTY29JUL2411800PE.NFO,2024-06-13,11:53:00,2024-07-29,3.4,3.4,3.4,3.4,0,0,1
MIDCPNIFTY29JUL2411800PE.NFO,2024-06-13,11:54:00,2024-07-29,3.4,3.4,3.4,3.4,0,0,1
MIDCPNIFTY29JUL2411800PE.NFO,2024-06-13,11:55:00,2024-07-29,3.4,3.4,3.4,3.4,0,0,1
MIDCPNIFTY29JUL2411800PE.NFO,2024-06-13,11:56:00,2024-07-29,3.4,3.4,3.4,3.4,0,0,1
MIDCPNIFTY29JUL2411800PE.NFO,2024-06-13,11:57:00,2024-07-29,3.4,3.4,3.4,3.4,0,0,1
MIDCPNIFTY29JUL2411800PE.NFO,2024-06-13,11:58:00,2024-07-29,3.4,3.4,3.4,3.4,0,0,1
MIDCPNIFTY29JUL2411800PE.NFO,2024-06-13,11:59:00,2024-07-29,3.4,3.4,3.4,3.4,0,0,1
MIDCPNIFTY29JUL2411800PE.NFO,2024-06-13,12:00:00,2024-07-29,3.4,3.4,3.4,3.4,0,0,1
MIDCPNIFTY29JUL2411800PE.NFO,2024-06-13,12:01:00,2024-07-29,3.4,3.4,3.4,3.4,0,0,1
MIDCPNIFTY29JUL2411800PE.NFO,2024-06-13,12:02:00,2024-07-29,3.4,3.4,3.4,3.4,0,0,1
MIDCPNIFTY29JUL2411800PE.NFO,2024-06-13,12:03:00,2024-07-29,3.4,3.4,3.4,3.4,0,0,1
MIDCPNIFTY29JUL2411800PE.NFO,2024-06-13,12:04:00,2024-07-29,3.4,3.4,3.4,3.4,0,0,1
MIDCPNIFTY29JUL2411800PE.NFO,2024-06-13,12:05:00,2024-07-29,3.4,3.4,3.4,3.4,0,0,1
MIDCPNIFTY29JUL2411800PE.NFO,2024-06-13,12:06:00,2024-07-29,3.4,3.4,3.4,3.4,0,0,1
MIDCPNIFTY29JUL2411800PE.NFO,2024-06-13,12:07:00,2024-07-29,3.4,3.4,3.4,3.4,0,0,1
MIDCPNIFTY29JUL2411800PE.NFO,2024-06-13,12:08:00,2024-07-29,3.4,3.4,3.4,3.4,0,0,1
MIDCPNIFTY29JUL2411800PE.NFO,2024-06-13,12:09:00,2024-07-29,3.4,3.4,3.4,3.4,0,0,1
MIDCPNIFTY29JUL2411800PE.NFO,2024-06-13,12:10:00,2024-07-29,3.4,3.4,3.4,3.4,0,0,1
MIDCPNIFTY29JUL2411800PE.NFO,2024-06-13,12:11:00,2024-07-29,3.4,3.4,3.4,3.4,0,0,1
MIDCPNIFTY29JUL2411800PE.NFO,2024-06-13,12:12:00,2024-07-29,3.4,3.4,3.4,3.4,0,0,1
MIDCPNIFTY29JUL2411800PE.NFO,2024-06-13,12:13:00,2024-07-29,3.4,3.4,3.4,3.4,0,0,1
MIDCPNIFTY29JUL2411800PE.NFO,2024-06-13,12:14:00,2024-07-29,3.4,3.4,3.4,3.4,0,0,1
MIDCPNIFTY29JUL2411800PE.NFO,2024-06-13,12:15:00,2024-07-29,3.4,3.4,3.4,3.4,0,0,1
MIDCPNIFTY29JUL2411800PE.NFO,2024-06-13,12:16:00,2024-07-29,3.4,3.4,3.4,3.4,0,0,1
MIDCPNIFTY29JUL2411800PE.NFO,2024-06-13,12:17:00,2024-07-29,3.4,3.4,3.4,3.4,0,0,1
MIDCPNIFTY29JUL2411800PE.NFO,2024-06-13,12:18:00,2024-07-29,3.4,3.4,3.4,3.4,0,0,1
MIDCPNIFTY29JUL2411800PE.NFO,2024-06-13,12:19:00,2024-07-29,3.4,3.4,3.4,3.4,0,0,1
MIDCPNIFTY29JUL2411800PE.NFO,2024-06-13,12:20:00,2024-07-29,3.4,3.4,3.4,3.4,0,0,1
MIDCPNIFTY29JUL2411800PE.NFO,2024-06-13,12:21:00,2024-07-29,3.4,3.4,3.4,3.4,0,0,1
MIDCPNIFTY29JUL2411800PE.NFO,2024-06-13,12:22:00,2024-07-29,3.4,3.4,3.4,3.4,0,0,1
MIDCPNIFTY29JUL2411800PE.NFO,2024-06-13,12:23:00,2024-07-29,3.4,3.4,3.4,3.4,0,0,1
MIDCPNIFTY29JUL2411800PE.NFO,2024-06-13,12:24:00,2024-07-29,3.4,3.4,3.4,3.4,0,0,1
MIDCPNIFTY29JUL2411800PE.NFO,2024-06-13,12:25:00,2024-07-29,3.4,3.4,3.4,3.4,0,0,1
MIDCPNIFTY29JUL2411800PE.NFO,2024-06-13,12:26:00,2024-07-29,3.4,3.4,3.4,3.4,0,0,1
MIDCPNIFTY29JUL2411800PE.NFO,2024-06-13,12:27:00,2024-07-29,3.4,3.4,3.4,3.4,0,0,1
MIDCPNIFTY29JUL2411800PE.NFO,2024-06-13,12:28:00,2024-07-29,3.4,3.4,3.4,3.4,0,0,1
MIDCPNIFTY29JUL2411800PE.NFO,2024-06-13,12:29:00,2024-07-29,3.4,3.4,3.4,3.4,0,0,1
MIDCPNIFTY29JUL2411800PE.NFO,2024-06-13,12:30:00,2024-07-29,3.4,3.4,3.4,3.4,0,0,1
MIDCPNIFTY29JUL2411800PE.NFO,2024-06-13,12:31:00,2024-07-29,3.4,3.4,3.4,3.4,0,0,1
MIDCPNIFTY29JUL2411800PE.NFO,2024-06-13,12:32:00,2024-07-29,3.4,3.4,3.4,3.4,0,0,1
MIDCPNIFTY29JUL2411800PE.NFO,2024-06-13,12:33:00,2024-07-29,3.4,3.4,3.4,3.4,0,0,1
MIDCPNIFTY29JUL2411800PE.NFO,2024-06-13,12:34:00,2024-07-29,3.4,3.4,3.4,3.4,0,0,1
MIDCPNIFTY29JUL2411800PE.NFO,2024-06-13,12:35:00,2024-07-29,3.4,3.4,3.4,3.4,0,0,1
MIDCPNIFTY29JUL2411800PE.NFO,2024-06-13,12:36:00,2024-07-29,3.4,3.4,3.4,3.4,0,0,1
MIDCPNIFTY29JUL2411800PE.NFO,2024-06-13,12:37:00,2024-07-29,3.4,3.4,3.4,3.4,0,0,1
MIDCPNIFTY29JUL2411800PE.NFO,2024-06-13,12:38:00,2024-07-29,3.4,3.4,3.4,3.4,0,0,1
MIDCPNIFTY29JUL2411800PE.NFO,2024-06-13,12:39:00,2024-07-29,3.4,3.4,3.4,3.4,0,0,1
MIDCPNIFTY29JUL2411800PE.NFO,2024-06-13,12:40:00,2024-07-29,3.4,3.4,3.4,3.4,0,0,1
MIDCPNIFTY29JUL2411800PE.NFO,2024-06-13,12:41:00,2024-07-29,3.4,3.4,3.4,3.4,0,0,1
MIDCPNIFTY29JUL2411800PE.NFO,2024-06-13,12:42:00,2024-07-29,3.4,3.4,3.4,3.4,0,0,1
MIDCPNIFTY29JUL2411800PE.NFO,2024-06-13,12:43:00,2024-07-29,3.4,3.4,3.4,3.4,0,0,1
MIDCPNIFTY29JUL2411800PE.NFO,2024-06-13,12:44:00,2024-07-29,3.4,3.4,3.4,3.4,0,0,1
MIDCPNIFTY29JUL2411800PE.NFO,2024-06-13,12:45:00,2024-07-29,3.4,3.4,3.4,3.4,0,0,1
MIDCPNIFTY29JUL2411800PE.NFO,2024-06-13,12:46:00,2024-07-29,3.4,3.4,3.4,3.4,0,0,1
MIDCPNIFTY29JUL2411800PE.NFO,2024-06-13,12:47:00,2024-07-29,3.4,3.4,3.4,3.4,0,0,1
MIDCPNIFTY29JUL2411800PE.NFO,2024-06-13,12:48:00,2024-07-29,3.4,3.4,3.4,3.4,0,0,1
MIDCPNIFTY29JUL2411800PE.NFO,2024-06-13,12:49:00,2024-07-29,3.4,3.4,3.4,3.4,0,0,1
MIDCPNIFTY29JUL2411800PE.NFO,2024-06-13,12:50:00,2024-07-29,3.4,3.4,3.4,3.4,0,0,1
MIDCPNIFTY29JUL2411800PE.NFO,2024-06-13,12:51:00,2024-07-29,3.4,3.4,3.4,3.4,0,0,1
MIDCPNIFTY29JUL2411800PE.NFO,2024-06-13,12:52:00,2024-07-29,3.4,3.4,3.4,3.4,0,0,1
MIDCPNIFTY29JUL2411800PE.NFO,2024-06-13,12:53:00,2024-07-29,3.4,3.4,3.4,3.4,0,0,1
MIDCPNIFTY29JUL2411800PE.NFO,2024-06-13,12:54:00,2024-07-29,3.4,3.4,3.4,3.4,0,0,1
MIDCPNIFTY29JUL2411800PE.NFO,2024-06-13,12:55:00,2024-07-29,3.4,3.4,3.4,3.4,0,0,1
MIDCPNIFTY29JUL2411800PE.NFO,2024-06-13,12:56:00,2024-07-29,3.4,3.4,3.4,3.4,0,0,1
MIDCPNIFTY29JUL2411800PE.NFO,2024-06-13,12:57:00,2024-07-29,3.4,3.4,3.4,3.4,0,0,1
MIDCPNIFTY29JUL2411800PE.NFO,2024-06-13,12:58:00,2024-07-29,3.4,3.4,3.4,3.4,0,0,1
MIDCPNIFTY29JUL2411800PE.NFO,2024-06-13,12:59:00,2024-07-29,3.4,3.4,3.4,3.4,0,0,1
MIDCPNIFTY29JUL2411800PE.NFO,2024-06-13,13:00:00,2024-07-29,3.4,3.4,3.4,3.4,0,0,1
MIDCPNIFTY29JUL2411800PE.NFO,2024-06-13,13:01:00,2024-07-29,3.4,3.4,3.4,3.4,0,0,1
MIDCPNIFTY29JUL2411800PE.NFO,2024-06-13,13:02:00,2024-07-29,3.4,3.4,3.4,3.4,0,0,1
MIDCPNIFTY29JUL2411800PE.NFO,2024-06-13,13:03:00,2024-07-29,3.4,3.4,3.4,3.4,0,0,1
MIDCPNIFTY29JUL2411800PE.NFO,2024-06-13,13:04:00,2024-07-29,3.4,3.4,3.4,3.4,0,0,1
MIDCPNIFTY29JUL2411800PE.NFO,2024-06-13,13:05:00,2024-07-29,3.4,3.4,3.4,3.4,0,0,1
MIDCPNIFTY29JUL2411800PE.NFO,2024-06-13,13:06:00,2024-07-29,3.4,3.4,3.4,3.4,0,0,1
MIDCPNIFTY29JUL2411800PE.NFO,2024-06-13,13:07:00,2024-07-29,3.4,3.4,3.4,3.4,0,0,1
MIDCPNIFTY29JUL2411800PE.NFO,2024-06-13,13:08:00,2024-07-29,3.4,3.4,3.4,3.4,0,0,1
MIDCPNIFTY29JUL2411800PE.NFO,2024-06-13,13:09:00,2024-07-29,3.4,3.4,3.4,3.4,0,0,1
MIDCPNIFTY29JUL2411800PE.NFO,2024-06-13,13:10:00,2024-07-29,3.4,3.4,3.4,3.4,0,0,1
MIDCPNIFTY29JUL2411800PE.NFO,2024-06-13,13:11:00,2024-07-29,3.4,3.4,3.4,3.4,0,0,1
MIDCPNIFTY29JUL2411800PE.NFO,2024-06-13,13:12:00,2024-07-29,3.4,3.4,3.4,3.4,0,0,1
MIDCPNIFTY29JUL2411800PE.NFO,2024-06-13,13:13:00,2024-07-29,3.4,3.4,3.4,3.4,0,0,1
MIDCPNIFTY29JUL2411800PE.NFO,2024-06-13,13:14:00,2024-07-29,3.4,3.4,3.4,3.4,0,0,1
MIDCPNIFTY29JUL2411800PE.NFO,2024-06-13,13:15:00,2024-07-29,3.4,3.4,3.4,3.4,0,0,1
MIDCPNIFTY29JUL2411800PE.NFO,2024-06-13,13:16:00,2024-07-29,3.4,3.4,3.4,3.4,0,0,1
MIDCPNIFTY29JUL2411800PE.NFO,2024-06-13,13:17:00,2024-07-29,3.4,3.4,3.4,3.4,0,0,1
MIDCPNIFTY29JUL2411800PE.NFO,2024-06-13,13:18:00,2024-07-29,3.4,3.4,3.4,3.4,0,0,1
MIDCPNIFTY29JUL2411800PE.NFO,2024-06-13,13:19:00,2024-07-29,3.4,3.4,3.4,3.4,0,0,1
MIDCPNIFTY29JUL2411800PE.NFO,2024-06-13,13:20:00,2024-07-29,3.4,3.4,3.4,3.4,0,0,1
MIDCPNIFTY29JUL2411800PE.NFO,2024-06-13,13:21:00,2024-07-29,3.4,3.4,3.4,3.4,0,0,1
MIDCPNIFTY29JUL2411800PE.NFO,2024-06-13,13:22:00,2024-07-29,3.4,3.4,3.4,3.4,0,0,1
MIDCPNIFTY29JUL2411800PE.NFO,2024-06-13,13:23:00,2024-07-29,3.4,3.4,3.4,3.4,0,0,1
MIDCPNIFTY29JUL2411800PE.NFO,2024-06-13,13:24:00,2024-07-29,3.4,3.4,3.4,3.4,0,0,1
MIDCPNIFTY29JUL2411800PE.NFO,2024-06-13,13:25:00,2024-07-29,3.4,3.4,3.4,3.4,0,0,1
MIDCPNIFTY29JUL2411800PE.NFO,2024-06-13,13:26:00,2024-07-29,3.4,3.4,3.4,3.4,0,0,1
MIDCPNIFTY29JUL2411800PE.NFO,2024-06-13,13:27:00,2024-07-29,3.4,3.4,3.4,3.4,0,0,1
MIDCPNIFTY29JUL2411800PE.NFO,2024-06-13,13:28:00,2024-07-29,3.4,3.4,3.4,3.4,0,0,1
MIDCPNIFTY29JUL2411800PE.NFO,2024-06-13,13:29:00,2024-07-29,3.4,3.4,3.4,3.4,0,0,1
MIDCPNIFTY29JUL2411800PE.NFO,2024-06-13,13:30:00,2024-07-29,3.4,3.4,3.4,3.4,0,0,1
MIDCPNIFTY29JUL2411800PE.NFO,2024-06-13,13:31:00,2024-07-29,3.4,3.4,3.4,3.4,0,0,1
MIDCPNIFTY29JUL2411800PE.NFO,2024-06-13,13:32:00,2024-07-29,3.4,3.4,3.4,3.4,0,0,1
MIDCPNIFTY29JUL2411800PE.NFO,2024-06-13,13:33:00,2024-07-29,3.4,3.4,3.4,3.4,0,0,1
MIDCPNIFTY29JUL2411800PE.NFO,2024-06-13,13:34:00,2024-07-29,3.4,3.4,3.4,3.4,0,0,1
MIDCPNIFTY29JUL2411800PE.NFO,2024-06-13,13:35:00,2024-07-29,3.4,3.4,3.4,3.4,0,0,1
MIDCPNIFTY29JUL2411800PE.NFO,2024-06-13,13:36:00,2024-07-29,3.4,3.4,3.4,3.4,0,0,1
MIDCPNIFTY29JUL2411800PE.NFO,2024-06-13,13:37:00,2024-07-29,3.4,3.4,3.4,3.4,0,0,1
MIDCPNIFTY29JUL2411800PE.NFO,2024-06-13,13:38:00,2024-07-29,3.4,3.4,3.4,3.4,0,0,1
MIDCPNIFTY29JUL2411800PE.NFO,2024-06-13,13:39:00,2024-07-29,3.4,3.4,3.4,3.4,0,0,1
MIDCPNIFTY29JUL2411800PE.NFO,2024-06-13,13:40:00,2024-07-29,3.4,3.4,3.4,3.4,0,0,1
MIDCPNIFTY29JUL2411800PE.NFO,2024-06-13,13:41:00,2024-07-29,3.4,3.4,3.4,3.4,0,0,1
MIDCPNIFTY29JUL2411800PE.NFO,2024-06-13,13:42:00,2024-07-29,3.4,3.4,3.4,3.4,0,0,1
MIDCPNIFTY29JUL2411800PE.NFO,2024-06-13,13:43:00,2024-07-29,3.4,3.4,3.4,3.4,0,0,1
MIDCPNIFTY29JUL2411800PE.NFO,2024-06-13,13:44:00,2024-07-29,3.4,3.4,3.4,3.4,0,0,1
MIDCPNIFTY29JUL2411800PE.NFO,2024-06-13,13:45:00,2024-07-29,3.4,3.4,3.4,3.4,0,0,1
MIDCPNIFTY29JUL2411800PE.NFO,2024-06-13,13:46:00,2024-07-29,3.4,3.4,3.4,3.4,0,0,1
MIDCPNIFTY29JUL2411800PE.NFO,2024-06-13,13:47:00,2024-07-29,3.4,3.4,3.4,3.4,0,0,1
MIDCPNIFTY29JUL2411800PE.NFO,2024-06-13,13:48:00,2024-07-29,3.4,3.4,3.4,3.4,0,0,1
MIDCPNIFTY29JUL2411800PE.NFO,2024-06-13,13:49:00,2024-07-29,3.4,3.4,3.4,3.4,0,0,1
MIDCPNIFTY29JUL2411800PE.NFO,2024-06-13,13:50:00,2024-07-29,3.4,3.4,3.4,3.4,0,0,1
MIDCPNIFTY29JUL2411800PE.NFO,2024-06-13,13:51:00,2024-07-29,3.4,3.4,3.4,3.4,0,0,1
MIDCPNIFTY29JUL2411800PE.NFO,2024-06-13,13:52:00,2024-07-29,3.4,3.4,3.4,3.4,0,0,1
MIDCPNIFTY29JUL2411800PE.NFO,2024-06-13,13:53:00,2024-07-29,3.4,3.4,3.4,3.4,0,0,1
MIDCPNIFTY29JUL2411800PE.NFO,2024-06-13,13:54:00,2024-07-29,3.4,3.4,3.4,3.4,0,0,1
MIDCPNIFTY29JUL2411800PE.NFO,2024-06-13,13:55:00,2024-07-29,3.4,3.4,3.4,3.4,0,0,1
MIDCPNIFTY29JUL2411800PE.NFO,2024-06-13,13:56:00,2024-07-29,3.4,3.4,3.4,3.4,0,0,1
MIDCPNIFTY29JUL2411800PE.NFO,2024-06-13,13:57:00,2024-07-29,3.4,3.4,3.4,3.4,0,0,1
MIDCPNIFTY29JUL2411800PE.NFO,2024-06-13,13:58:00,2024-07-29,3.4,3.4,3.4,3.4,0,0,1
MIDCPNIFTY29JUL2411800PE.NFO,2024-06-13,13:59:00,2024-07-29,3.4,3.4,3.4,3.4,0,0,1
MIDCPNIFTY29JUL2411800PE.NFO,2024-06-13,14:00:00,2024-07-29,3.4,3.4,3.4,3.4,0,0,1
MIDCPNIFTY29JUL2411800PE.NFO,2024-06-13,14:01:00,2024-07-29,3.4,3.4,3.4,3.4,0,0,1
MIDCPNIFTY29JUL2411800PE.NFO,2024-06-13,14:02:00,2024-07-29,3.4,3.4,3.4,3.4,0,0,1
MIDCPNIFTY29JUL2411800PE.NFO,2024-06-13,14:03:00,2024-07-29,3.4,3.4,3.4,3.4,0,0,1
MIDCPNIFTY29JUL2411800PE.NFO,2024-06-13,14:04:00,2024-07-29,3.4,3.4,3.4,3.4,0,0,1
MIDCPNIFTY29JUL2411800PE.NFO,2024-06-13,14:05:00,2024-07-29,3.4,3.4,3.4,3.4,0,0,1
MIDCPNIFTY29JUL2411800PE.NFO,2024-06-13,14:06:00,2024-07-29,3.4,3.4,3.4,3.4,0,0,1
MIDCPNIFTY29JUL2411800PE.NFO,2024-06-13,14:07:00,2024-07-29,3.4,3.4,3.4,3.4,0,0,1
MIDCPNIFTY29JUL2411800PE.NFO,2024-06-13,14:08:00,2024-07-29,3.4,3.4,3.4,3.4,0,0,1
MIDCPNIFTY29JUL2411800PE.NFO,2024-06-13,14:09:00,2024-07-29,3.4,3.4,3.4,3.4,0,0,1
MIDCPNIFTY29JUL2411800PE.NFO,2024-06-13,14:10:00,2024-07-29,3.4,3.4,3.4,3.4,0,0,1
MIDCPNIFTY29JUL2411800PE.NFO,2024-06-13,14:11:00,2024-07-29,3.4,3.4,3.4,3.4,0,0,1
MIDCPNIFTY29JUL2411800PE.NFO,2024-06-13,14:12:00,2024-07-29,3.4,3.4,3.4,3.4,0,0,1
MIDCPNIFTY29JUL2411800PE.NFO,2024-06-13,14:13:00,2024-07-29,3.4,3.4,3.4,3.4,0,0,1
MIDCPNIFTY29JUL2411800PE.NFO,2024-06-13,14:14:00,2024-07-29,3.4,3.4,3.4,3.4,0,0,1
MIDCPNIFTY29JUL2411800PE.NFO,2024-06-13,14:15:00,2024-07-29,3.4,3.4,3.4,3.4,0,0,1
MIDCPNIFTY29JUL2411800PE.NFO,2024-06-13,14:16:00,2024-07-29,3.4,3.4,3.4,3.4,0,0,1
MIDCPNIFTY29JUL2411800PE.NFO,2024-06-13,14:17:00,2024-07-29,3.4,3.4,3.4,3.4,0,0,1
MIDCPNIFTY29JUL2411800PE.NFO,2024-06-13,14:18:00,2024-07-29,3.4,3.4,3.4,3.4,0,0,1
MIDCPNIFTY29JUL2411800PE.NFO,2024-06-13,14:19:00,2024-07-29,3.4,3.4,3.4,3.4,0,0,1
MIDCPNIFTY29JUL2411800PE.NFO,2024-06-13,14:20:00,2024-07-29,3.4,3.4,3.4,3.4,0,0,1
MIDCPNIFTY29JUL2411800PE.NFO,2024-06-13,14:21:00,2024-07-29,3.4,3.4,3.4,3.4,0,0,1
MIDCPNIFTY29JUL2411800PE.NFO,2024-06-13,14:22:00,2024-07-29,3.4,3.4,3.4,3.4,0,0,1
MIDCPNIFTY29JUL2411800PE.NFO,2024-06-13,14:23:00,2024-07-29,3.4,3.4,3.4,3.4,0,0,1
MIDCPNIFTY29JUL2411800PE.NFO,2024-06-13,14:24:00,2024-07-29,3.4,3.4,3.4,3.4,0,0,1
MIDCPNIFTY29JUL2411800PE.NFO,2024-06-13,14:25:00,2024-07-29,3.4,3.4,3.4,3.4,0,0,1
MIDCPNIFTY29JUL2411800PE.NFO,2024-06-13,14:26:00,2024-07-29,3.4,3.4,3.4,3.4,0,0,1
MIDCPNIFTY29JUL2411800PE.NFO,2024-06-13,14:27:00,2024-07-29,3.4,3.4,3.4,3.4,0,0,1
MIDCPNIFTY29JUL2411800PE.NFO,2024-06-13,14:28:00,2024-07-29,3.4,3.4,3.4,3.4,0,0,1
MIDCPNIFTY29JUL2411800PE.NFO,2024-06-13,14:29:00,2024-07-29,3.4,3.4,3.4,3.4,0,0,1
MIDCPNIFTY29JUL2411800PE.NFO,2024-06-13,14:30:00,2024-07-29,3.4,3.4,3.4,3.4,0,0,1
MIDCPNIFTY29JUL2411800PE.NFO,2024-06-13,14:31:00,2024-07-29,3.4,3.4,3.4,3.4,0,0,1
MIDCPNIFTY29JUL2411800PE.NFO,2024-06-13,14:32:00,2024-07-29,3.4,3.4,3.4,3.4,0,0,1
MIDCPNIFTY29JUL2411800PE.NFO,2024-06-13,14:33:00,2024-07-29,3.4,3.4,3.4,3.4,0,0,1
MIDCPNIFTY29JUL2411800PE.NFO,2024-06-13,14:34:00,2024-07-29,3.4,3.4,3.4,3.4,0,0,1
MIDCPNIFTY29JUL2411800PE.NFO,2024-06-13,14:35:00,2024-07-29,3.4,3.4,3.4,3.4,0,0,1
MIDCPNIFTY29JUL2411800PE.NFO,2024-06-13,14:36:00,2024-07-29,3.4,3.4,3.4,3.4,0,0,1
MIDCPNIFTY29JUL2411800PE.NFO,2024-06-13,14:37:00,2024-07-29,3.4,3.4,3.4,3.4,0,0,1
MIDCPNIFTY29JUL2411800PE.NFO,2024-06-13,14:38:00,2024-07-29,3.4,3.4,3.4,3.4,0,0,1
MIDCPNIFTY29JUL2411800PE.NFO,2024-06-13,14:39:00,2024-07-29,3.4,3.4,3.4,3.4,0,0,1
MIDCPNIFTY29JUL2411800PE.NFO,2024-06-13,14:40:00,2024-07-29,3.4,3.4,3.4,3.4,0,0,1
MIDCPNIFTY29JUL2411800PE.NFO,2024-06-13,14:41:00,2024-07-29,3.4,3.4,3.4,3.4,0,0,1
MIDCPNIFTY29JUL2411800PE.NFO,2024-06-13,14:42:00,2024-07-29,3.4,3.4,3.4,3.4,0,0,1
MIDCPNIFTY29JUL2411800PE.NFO,2024-06-13,14:43:00,2024-07-29,3.4,3.4,3.4,3.4,0,0,1
MIDCPNIFTY29JUL2411800PE.NFO,2024-06-13,14:44:00,2024-07-29,3.4,3.4,3.4,3.4,0,0,1
MIDCPNIFTY29JUL2411800PE.NFO,2024-06-13,14:45:00,2024-07-29,3.4,3.4,3.4,3.4,0,0,1
MIDCPNIFTY29JUL2411800PE.NFO,2024-06-13,14:46:00,2024-07-29,3.4,3.4,3.4,3.4,0,0,1
MIDCPNIFTY29JUL2411800PE.NFO,2024-06-13,14:47:00,2024-07-29,3.4,3.4,3.4,3.4,0,0,1
MIDCPNIFTY29JUL2411800PE.NFO,2024-06-13,14:48:00,2024-07-29,3.4,3.4,3.4,3.4,0,0,1
MIDCPNIFTY29JUL2411800PE.NFO,2024-06-13,14:49:00,2024-07-29,3.4,3.4,3.4,3.4,0,0,1
MIDCPNIFTY29JUL2411800PE.NFO,2024-06-13,14:50:00,2024-07-29,3.4,3.4,3.4,3.4,0,0,1
MIDCPNIFTY29JUL2411800PE.NFO,2024-06-13,14:51:00,2024-07-29,3.4,3.4,3.4,3.4,0,0,1
MIDCPNIFTY29JUL2411800PE.NFO,2024-06-13,14:52:00,2024-07-29,3.4,3.4,3.4,3.4,0,0,1
MIDCPNIFTY29JUL2411800PE.NFO,2024-06-13,14:53:00,2024-07-29,3.4,3.4,3.4,3.4,0,0,1
MIDCPNIFTY29JUL2411800PE.NFO,2024-06-13,14:54:00,2024-07-29,3.4,3.4,3.4,3.4,0,0,1
MIDCPNIFTY29JUL2411800PE.NFO,2024-06-13,14:55:00,2024-07-29,3.4,3.4,3.4,3.4,0,0,1
MIDCPNIFTY29JUL2411800PE.NFO,2024-06-13,14:56:00,2024-07-29,3.4,3.4,3.4,3.4,0,0,1
MIDCPNIFTY29JUL2411800PE.NFO,2024-06-13,14:57:00,2024-07-29,3.4,3.4,3.4,3.4,0,0,1
MIDCPNIFTY29JUL2411800PE.NFO,2024-06-13,14:58:00,2024-07-29,3.4,3.4,3.4,3.4,0,0,1
MIDCPNIFTY29JUL2411800PE.NFO,2024-06-13,14:59:00,2024-07-29,3.4,3.4,3.4,3.4,0,0,1
MIDCPNIFTY29JUL2411800PE.NFO,2024-06-13,15:00:00,2024-07-29,3.4,3.4,3.4,3.4,0,0,1
MIDCPNIFTY29JUL2411800PE.NFO,2024-06-13,15:01:00,2024-07-29,3.4,3.4,3.4,3.4,0,0,1
MIDCPNIFTY29JUL2411800PE.NFO,2024-06-13,15:02:00,2024-07-29,3.4,3.4,3.4,3.4,0,0,1
MIDCPNIFTY29JUL2411800PE.NFO,2024-06-13,15:03:00,2024-07-29,3.4,3.4,3.4,3.4,0,0,1
MIDCPNIFTY29JUL2411800PE.NFO,2024-06-13,15:04:00,2024-07-29,3.4,3.4,3.4,3.4,0,0,1
MIDCPNIFTY29JUL2411800PE.NFO,2024-06-13,15:05:00,2024-07-29,3.4,3.4,3.4,3.4,0,0,1
MIDCPNIFTY29JUL2411800PE.NFO,2024-06-13,15:06:00,2024-07-29,3.4,3.4,3.4,3.4,0,0,1
MIDCPNIFTY29JUL2411800PE.NFO,2024-06-13,15:07:00,2024-07-29,3.4,3.4,3.4,3.4,0,0,1
MIDCPNIFTY29JUL2411800PE.NFO,2024-06-13,15:08:00,2024-07-29,3.4,3.4,3.4,3.4,0,0,1
MIDCPNIFTY29JUL2411800PE.NFO,2024-06-13,15:09:00,2024-07-29,3.4,3.4,3.4,3.4,0,0,1
MIDCPNIFTY29JUL2411800PE.NFO,2024-06-13,15:10:00,2024-07-29,3.4,3.4,3.4,3.4,0,0,1
MIDCPNIFTY29JUL2411800PE.NFO,2024-06-13,15:11:00,2024-07-29,3.4,3.4,3.4,3.4,0,0,1
MIDCPNIFTY29JUL2411800PE.NFO,2024-06-13,15:12:00,2024-07-29,3.4,3.4,3.4,3.4,0,0,1
MIDCPNIFTY29JUL2411800PE.NFO,2024-06-13,15:13:00,2024-07-29,3.4,3.4,3.4,3.4,0,0,1
MIDCPNIFTY29JUL2411800PE.NFO,2024-06-13,15:14:00,2024-07-29,3.4,3.4,3.4,3.4,0,0,1
MIDCPNIFTY29JUL2411800PE.NFO,2024-06-13,15:15:00,2024-07-29,3.4,3.4,3.4,3.4,0,0,1
MIDCPNIFTY29JUL2411800PE.NFO,2024-06-13,15:16:00,2024-07-29,3.4,3.4,3.4,3.4,0,0,1
MIDCPNIFTY29JUL2411800PE.NFO,2024-06-13,15:17:00,2024-07-29,3.4,3.4,3.4,3.4,0,0,1
MIDCPNIFTY29JUL2411800PE.NFO,2024-06-13,15:18:00,2024-07-29,3.4,3.4,3.4,3.4,0,0,1
MIDCPNIFTY29JUL2411800PE.NFO,2024-06-13,15:19:00,2024-07-29,3.4,3.4,3.4,3.4,0,0,1
MIDCPNIFTY29JUL2411800PE.NFO,2024-06-13,15:20:00,2024-07-29,3.4,3.4,3.4,3.4,0,0,1
MIDCPNIFTY29JUL2411800PE.NFO,2024-06-13,15:21:00,2024-07-29,3.4,3.4,3.4,3.4,0,0,1
MIDCPNIFTY29JUL2411800PE.NFO,2024-06-13,15:22:00,2024-07-29,3.4,3.4,3.4,3.4,0,0,1
MIDCPNIFTY29JUL2411800PE.NFO,2024-06-13,15:23:00,2024-07-29,3.4,3.4,3.4,3.4,0,0,1
MIDCPNIFTY29JUL2411800PE.NFO,2024-06-13,15:24:00,2024-07-29,3.4,3.4,3.4,3.4,0,0,1
MIDCPNIFTY29JUL2411800PE.NFO,2024-06-13,15:25:00,2024-07-29,3.4,3.4,3.4,3.4,0,0,1
MIDCPNIFTY29JUL2411800PE.NFO,2024-06-13,15:26:00,2024-07-29,3.4,3.4,3.4,3.4,0,0,1
MIDCPNIFTY29JUL2411800PE.NFO,2024-06-13,15:27:00,2024-07-29,3.4,3.4,3.4,3.4,0,0,1
MIDCPNIFTY29JUL2411800PE.NFO,2024-06-13,15:28:00,2024-07-29,3.4,3.4,3.4,3.4,0,0,1
MIDCPNIFTY29JUL2411800PE.NFO,2024-06-13,15:29:00,2024-07-29,3.4,3.4,3.4,3.4,0,0,1
MIDCPNIFTY29JUL2411800PE.NFO,2024-06-13,15:30:00,2024-07-29,3.4,3.4,3.4,3.4,0,0,1
MIDCPNIFTY29JUL2411800PE.NFO,2024-06-14,09:15:00,2024-07-29,3.4,3.4,3.4,3.4,0,0,0
MIDCPNIFTY29JUL2411800PE.NFO,2024-06-14,09:16:00,2024-07-29,3.4,3.4,3.4,3.4,0,0,1
MIDCPNIFTY29JUL2411800PE.NFO,2024-06-14,09:17:00,2024-07-29,3.4,3.4,3.4,3.4,0,0,1
MIDCPNIFTY29JUL2411800PE.NFO,2024-06-14,09:18:00,2024-07-29,3.4,3.4,3.4,3.4,0,0,1
MIDCPNIFTY29JUL2411800PE.NFO,2024-06-14,09:19:00,2024-07-29,3.4,3.4,3.4,3.4,0,0,1
MIDCPNIFTY29JUL2411800PE.NFO,2024-06-14,09:20:00,2024-07-29,3.4,3.4,3.4,3.4,0,0,1
MIDCPNIFTY29JUL2411800PE.NFO,2024-06-14,09:21:00,2024-07-29,3.4,3.4,3.4,3.4,0,0,1
MIDCPNIFTY29JUL2411800PE.NFO,2024-06-14,09:22:00,2024-07-29,3.4,3.4,3.4,3.4,0,0,1
MIDCPNIFTY29JUL2411800PE.NFO,2024-06-14,09:23:00,2024-07-29,3.4,3.4,3.4,3.4,0,0,1
MIDCPNIFTY29JUL2411800PE.NFO,2024-06-14,09:24:00,2024-07-29,3.4,3.4,3.4,3.4,0,0,1
MIDCPNIFTY29JUL2411800PE.NFO,2024-06-14,09:25:00,2024-07-29,3.4,3.4,3.4,3.4,0,0,1
MIDCPNIFTY29JUL2411800PE.NFO,2024-06-14,09:26:00,2024-07-29,3.4,3.4,3.4,3.4,0,0,1
MIDCPNIFTY29JUL2411800PE.NFO,2024-06-14,09:27:00,2024-07-29,3.4,3.4,3.4,3.4,0,0,1
MIDCPNIFTY29JUL2411800PE.NFO,2024-06-14,09:28:00,2024-07-29,3.4,3.4,3.4,3.4,0,0,1
MIDCPNIFTY29JUL2411800PE.NFO,2024-06-14,09:29:00,2024-07-29,3.4,3.4,3.4,3.4,0,0,1
MIDCPNIFTY29JUL2411800PE.NFO,2024-06-14,09:30:00,2024-07-29,3.4,3.4,3.4,3.4,0,0,1
MIDCPNIFTY29JUL2411800PE.NFO,2024-06-14,09:31:00,2024-07-29,3.4,3.4,3.4,3.4,0,0,1
MIDCPNIFTY29JUL2411800PE.NFO,2024-06-14,09:32:00,2024-07-29,3.4,3.4,3.4,3.4,0,0,1
MIDCPNIFTY29JUL2411800PE.NFO,2024-06-14,09:33:00,2024-07-29,3.4,3.4,3.4,3.4,0,0,1
MIDCPNIFTY29JUL2411800PE.NFO,2024-06-14,09:34:00,2024-07-29,3.4,3.4,3.4,3.4,0,0,1
MIDCPNIFTY29JUL2411800PE.NFO,2024-06-14,09:35:00,2024-07-29,3.4,3.4,3.4,3.4,0,0,1
MIDCPNIFTY29JUL2411800PE.NFO,2024-06-14,09:36:00,2024-07-29,3.4,3.4,3.4,3.4,0,0,1
MIDCPNIFTY29JUL2411800PE.NFO,2024-06-14,09:37:00,2024-07-29,3.4,3.4,3.4,3.4,0,0,1
MIDCPNIFTY29JUL2411800PE.NFO,2024-06-14,09:38:00,2024-07-29,3.4,3.4,3.4,3.4,0,0,1
MIDCPNIFTY29JUL2411800PE.NFO,2024-06-14,09:39:00,2024-07-29,3.4,3.4,3.4,3.4,0,0,1
MIDCPNIFTY29JUL2411800PE.NFO,2024-06-14,09:40:00,2024-07-29,3.4,3.4,3.4,3.4,0,0,1
MIDCPNIFTY29JUL2411800PE.NFO,2024-06-14,09:41:00,2024-07-29,3.4,3.4,3.4,3.4,0,0,1
MIDCPNIFTY29JUL2411800PE.NFO,2024-06-14,09:42:00,2024-07-29,3.4,3.4,3.4,3.4,0,0,1
MIDCPNIFTY29JUL2411800PE.NFO,2024-06-14,09:43:00,2024-07-29,3.4,3.4,3.4,3.4,0,0,1
MIDCPNIFTY29JUL2411800PE.NFO,2024-06-14,09:44:00,2024-07-29,3.4,3.4,3.4,3.4,0,0,1
MIDCPNIFTY29JUL2411800PE.NFO,2024-06-14,09:45:00,2024-07-29,3.4,3.4,3.4,3.4,0,0,1
MIDCPNIFTY29JUL2411800PE.NFO,2024-06-14,09:46:00,2024-07-29,3.4,3.4,3.4,3.4,0,0,1
MIDCPNIFTY29JUL2411800PE.NFO,2024-06-14,09:47:00,2024-07-29,3.4,3.4,3.4,3.4,0,0,1
MIDCPNIFTY29JUL2411800PE.NFO,2024-06-14,09:48:00,2024-07-29,3.4,3.4,3.4,3.4,0,0,1
MIDCPNIFTY29JUL2411800PE.NFO,2024-06-14,09:49:00,2024-07-29,3.4,3.4,3.4,3.4,0,0,1
MIDCPNIFTY29JUL2411800PE.NFO,2024-06-14,09:50:00,2024-07-29,3.4,3.4,3.4,3.4,0,0,1
MIDCPNIFTY29JUL2411800PE.NFO,2024-06-14,09:51:00,2024-07-29,3.4,3.4,3.4,3.4,0,0,1
MIDCPNIFTY29JUL2411800PE.NFO,2024-06-14,09:52:00,2024-07-29,3.4,3.4,3.4,3.4,0,0,1
MIDCPNIFTY29JUL2411800PE.NFO,2024-06-14,09:53:00,2024-07-29,3.4,3.4,3.4,3.4,0,0,1
MIDCPNIFTY29JUL2411800PE.NFO,2024-06-14,09:54:00,2024-07-29,3.4,3.4,3.4,3.4,0,0,1
MIDCPNIFTY29JUL2411800PE.NFO,2024-06-14,09:55:00,2024-07-29,3.4,3.4,3.4,3.4,0,0,1
MIDCPNIFTY29JUL2411800PE.NFO,2024-06-14,09:56:00,2024-07-29,3.4,3.4,3.4,3.4,0,0,1
MIDCPNIFTY29JUL2411800PE.NFO,2024-06-14,09:57:00,2024-07-29,3.4,3.4,3.4,3.4,0,0,1
MIDCPNIFTY29JUL2411800PE.NFO,2024-06-14,09:58:00,2024-07-29,3.4,3.4,3.4,3.4,0,0,1
MIDCPNIFTY29JUL2411800PE.NFO,2024-06-14,09:59:00,2024-07-29,3.4,3.4,3.4,3.4,0,0,1
MIDCPNIFTY29JUL2411800PE.NFO,2024-06-14,10:00:00,2024-07-29,3.4,3.4,3.4,3.4,0,0,1
MIDCPNIFTY29JUL2411800PE.NFO,2024-06-14,10:01:00,2024-07-29,3.4,3.4,3.4,3.4,0,0,1
MIDCPNIFTY29JUL2411800PE.NFO,2024-06-14,10:02:00,2024-07-29,3.4,3.4,3.4,3.4,0,0,1
MIDCPNIFTY29JUL2411800PE.NFO,2024-06-14,10:03:00,2024-07-29,3.4,3.4,3.4,3.4,0,0,1
MIDCPNIFTY29JUL2411800PE.NFO,2024-06-14,10:04:00,2024-07-29,3.4,3.4,3.4,3.4,0,0,1
MIDCPNIFTY29JUL2411800PE.NFO,2024-06-14,10:05:00,2024-07-29,3.4,3.4,3.4,3.4,0,0,1
MIDCPNIFTY29JUL2411800PE.NFO,2024-06-14,10:06:00,2024-07-29,3.4,3.4,3.4,3.4,0,0,1
MIDCPNIFTY29JUL2411800PE.NFO,2024-06-14,10:07:00,2024-07-29,3.4,3.4,3.4,3.4,0,0,1
MIDCPNIFTY29JUL2411800PE.NFO,2024-06-14,10:08:00,2024-07-29,3.4,3.4,3.4,3.4,0,0,1
MIDCPNIFTY29JUL2411800PE.NFO,2024-06-14,10:09:00,2024-07-29,3.4,3.4,3.4,3.4,0,0,1
MIDCPNIFTY29JUL2411800PE.NFO,2024-06-14,10:10:00,2024-07-29,3.4,3.4,3.4,3.4,0,0,1
MIDCPNIFTY29JUL2411800PE.NFO,2024-06-14,10:11:00,2024-07-29,3.4,3.4,3.4,3.4,0,0,1
MIDCPNIFTY29JUL2411800PE.NFO,2024-06-14,10:12:00,2024-07-29,3.4,3.4,3.4,3.4,0,0,1
MIDCPNIFTY29JUL2411800PE.NFO,2024-06-14,10:13:00,2024-07-29,3.4,3.4,3.4,3.4,0,0,1
MIDCPNIFTY29JUL2411800PE.NFO,2024-06-14,10:14:00,2024-07-29,3.4,3.4,3.4,3.4,0,0,1
MIDCPNIFTY29JUL2411800PE.NFO,2024-06-14,10:15:00,2024-07-29,3.4,3.4,3.4,3.4,0,0,1
MIDCPNIFTY29JUL2411800PE.NFO,2024-06-14,10:16:00,2024-07-29,3.4,3.4,3.4,3.4,0,0,1
MIDCPNIFTY29JUL2411800PE.NFO,2024-06-14,10:17:00,2024-07-29,3.4,3.4,3.4,3.4,0,0,1
MIDCPNIFTY29JUL2411800PE.NFO,2024-06-14,10:18:00,2024-07-29,3.4,3.4,3.4,3.4,0,0,1
MIDCPNIFTY29JUL2411800PE.NFO,2024-06-14,10:19:00,2024-07-29,3.4,3.4,3.4,3.4,0,0,1
MIDCPNIFTY29JUL2411800PE.NFO,2024-06-14,10:20:00,2024-07-29,3.4,3.4,3.4,3.4,0,0,1
MIDCPNIFTY29JUL2411800PE.NFO,2024-06-14,10:21:00,2024-07-29,3.4,3.4,3.4,3.4,0,0,1
MIDCPNIFTY29JUL2411800PE.NFO,2024-06-14,10:22:00,2024-07-29,3.4,3.4,3.4,3.4,0,0,1
MIDCPNIFTY29JUL2411800PE.NFO,2024-06-14,10:23:00,2024-07-29,3.4,3.4,3.4,3.4,0,0,1
MIDCPNIFTY29JUL2411800PE.NFO,2024-06-14,10:24:00,2024-07-29,3.4,3.4,3.4,3.4,0,0,1
MIDCPNIFTY29JUL2411800PE.NFO,2024-06-14,10:25:00,2024-07-29,3.4,3.4,3.4,3.4,0,0,1
MIDCPNIFTY29JUL2411800PE.NFO,2024-06-14,10:26:00,2024-07-29,3.4,3.4,3.4,3.4,0,0,1
MIDCPNIFTY29JUL2411800PE.NFO,2024-06-14,10:27:00,2024-07-29,3.4,3.4,3.4,3.4,0,0,1
MIDCPNIFTY29JUL2411800PE.NFO,2024-06-14,10:28:00,2024-07-29,3.4,3.4,3.4,3.4,0,0,1
MIDCPNIFTY29JUL2411800PE.NFO,2024-06-14,10:29:00,2024-07-29,3.4,3.4,3.4,3.4,0,0,1
MIDCPNIFTY29JUL2411800PE.NFO,2024-06-14,10:30:00,2024-07-29,3.4,3.4,3.4,3.4,0,0,1
MIDCPNIFTY29JUL2411800PE.NFO,2024-06-14,10:31:00,2024-07-29,3.4,3.4,3.4,3.4,0,0,1
MIDCPNIFTY29JUL2411800PE.NFO,2024-06-14,10:32:00,2024-07-29,3.4,3.4,3.4,3.4,0,0,1
MIDCPNIFTY29JUL2411800PE.NFO,2024-06-14,10:33:00,2024-07-29,3.4,3.4,3.4,3.4,0,0,1
MIDCPNIFTY29JUL2411800PE.NFO,2024-06-14,10:34:00,2024-07-29,3.4,3.4,3.4,3.4,0,0,1
MIDCPNIFTY29JUL2411800PE.NFO,2024-06-14,10:35:00,2024-07-29,3.4,3.4,3.4,3.4,0,0,1
MIDCPNIFTY29JUL2411800PE.NFO,2024-06-14,10:36:00,2024-07-29,3.4,3.4,3.4,3.4,0,0,1
MIDCPNIFTY29JUL2411800PE.NFO,2024-06-14,10:37:00,2024-07-29,3.4,3.4,3.4,3.4,0,0,1
MIDCPNIFTY29JUL2411800PE.NFO,2024-06-14,10:38:00,2024-07-29,3.4,3.4,3.4,3.4,0,0,1
MIDCPNIFTY29JUL2411800PE.NFO,2024-06-14,10:39:00,2024-07-29,3.4,3.4,3.4,3.4,0,0,1
MIDCPNIFTY29JUL2411800PE.NFO,2024-06-14,10:40:00,2024-07-29,3.4,3.4,3.4,3.4,0,0,1
MIDCPNIFTY29JUL2411800PE.NFO,2024-06-14,10:41:00,2024-07-29,3.4,3.4,3.4,3.4,0,0,1
MIDCPNIFTY29JUL2411800PE.NFO,2024-06-14,10:42:00,2024-07-29,3.4,3.4,3.4,3.4,0,0,1
MIDCPNIFTY29JUL2411800PE.NFO,2024-06-14,10:43:00,2024-07-29,3.4,3.4,3.4,3.4,0,0,1
MIDCPNIFTY29JUL2411800PE.NFO,2024-06-14,10:44:00,2024-07-29,3.4,3.4,3.4,3.4,0,0,1
MIDCPNIFTY29JUL2411800PE.NFO,2024-06-14,10:45:00,2024-07-29,3.4,3.4,3.4,3.4,0,0,1
MIDCPNIFTY29JUL2411800PE.NFO,2024-06-14,10:46:00,2024-07-29,3.4,3.4,3.4,3.4,0,0,1
MIDCPNIFTY29JUL2411800PE.NFO,2024-06-14,10:47:00,2024-07-29,3.4,3.4,3.4,3.4,0,0,1
MIDCPNIFTY29JUL2411800PE.NFO,2024-06-14,10:48:00,2024-07-29,3.4,3.4,3.4,3.4,0,0,1
MIDCPNIFTY29JUL2411800PE.NFO,2024-06-14,10:49:00,2024-07-29,3.4,3.4,3.4,3.4,0,0,1
MIDCPNIFTY29JUL2411800PE.NFO,2024-06-14,10:50:00,2024-07-29,3.4,3.4,3.4,3.4,0,0,1
MIDCPNIFTY29JUL2411800PE.NFO,2024-06-14,10:51:00,2024-07-29,3.4,3.4,3.4,3.4,0,0,1
MIDCPNIFTY29JUL2411800PE.NFO,2024-06-14,10:52:00,2024-07-29,3.4,3.4,3.4,3.4,0,0,1
MIDCPNIFTY29JUL2411800PE.NFO,2024-06-14,10:53:00,2024-07-29,3.4,3.4,3.4,3.4,0,0,1
MIDCPNIFTY29JUL2411800PE.NFO,2024-06-14,10:54:00,2024-07-29,3.4,3.4,3.4,3.4,0,0,1
MIDCPNIFTY29JUL2411800PE.NFO,2024-06-14,10:55:00,2024-07-29,3.4,3.4,3.4,3.4,0,0,1
MIDCPNIFTY29JUL2411800PE.NFO,2024-06-14,10:56:00,2024-07-29,3.4,3.4,3.4,3.4,0,0,1
MIDCPNIFTY29JUL2411800PE.NFO,2024-06-14,10:57:00,2024-07-29,3.4,3.4,3.4,3.4,0,0,1
MIDCPNIFTY29JUL2411800PE.NFO,2024-06-14,10:58:00,2024-07-29,3.4,3.4,3.4,3.4,0,0,1
MIDCPNIFTY29JUL2411800PE.NFO,2024-06-14,10:59:00,2024-07-29,3.4,3.4,3.4,3.4,0,0,1
MIDCPNIFTY29JUL2411800PE.NFO,2024-06-14,11:00:00,2024-07-29,3.4,3.4,3.4,3.4,0,0,1
MIDCPNIFTY29JUL2411800PE.NFO,2024-06-14,11:01:00,2024-07-29,3.4,3.4,3.4,3.4,0,0,1
MIDCPNIFTY29JUL2411800PE.NFO,2024-06-14,11:02:00,2024-07-29,3.4,3.4,3.4,3.4,0,0,1
MIDCPNIFTY29JUL2411800PE.NFO,2024-06-14,11:03:00,2024-07-29,3.4,3.4,3.4,3.4,0,0,1
MIDCPNIFTY29JUL2411800PE.NFO,2024-06-14,11:04:00,2024-07-29,3.4,3.4,3.4,3.4,0,0,1
MIDCPNIFTY29JUL2411800PE.NFO,2024-06-14,11:05:00,2024-07-29,3.4,3.4,3.4,3.4,0,0,1
MIDCPNIFTY29JUL2411800PE.NFO,2024-06-14,11:06:00,2024-07-29,3.4,3.4,3.4,3.4,0,0,1
MIDCPNIFTY29JUL2411800PE.NFO,2024-06-14,11:07:00,2024-07-29,3.4,3.4,3.4,3.4,0,0,1
MIDCPNIFTY29JUL2411800PE.NFO,2024-06-14,11:08:00,2024-07-29,3.4,3.4,3.4,3.4,0,0,1
MIDCPNIFTY29JUL2411800PE.NFO,2024-06-14,11:09:00,2024-07-29,3.4,3.4,3.4,3.4,0,0,1
MIDCPNIFTY29JUL2411800PE.NFO,2024-06-14,11:10:00,2024-07-29,3.4,3.4,3.4,3.4,0,0,1
MIDCPNIFTY29JUL2411800PE.NFO,2024-06-14,11:11:00,2024-07-29,3.4,3.4,3.4,3.4,0,0,1
MIDCPNIFTY29JUL2411800PE.NFO,2024-06-14,11:12:00,2024-07-29,3.4,3.4,3.4,3.4,0,0,1
MIDCPNIFTY29JUL2411800PE.NFO,2024-06-14,11:13:00,2024-07-29,3.4,3.4,3.4,3.4,0,0,1
MIDCPNIFTY29JUL2411800PE.NFO,2024-06-14,11:14:00,2024-07-29,3.4,3.4,3.4,3.4,0,0,1
MIDCPNIFTY29JUL2411800PE.NFO,2024-06-14,11:15:00,2024-07-29,3.4,3.4,3.4,3.4,0,0,1
MIDCPNIFTY29JUL2411800PE.NFO,2024-06-14,11:16:00,2024-07-29,3.4,3.4,3.4,3.4,0,0,1
MIDCPNIFTY29JUL2411800PE.NFO,2024-06-14,11:17:00,2024-07-29,3.4,3.4,3.4,3.4,0,0,1
MIDCPNIFTY29JUL2411800PE.NFO,2024-06-14,11:18:00,2024-07-29,3.4,3.4,3.4,3.4,0,0,1
MIDCPNIFTY29JUL2411800PE.NFO,2024-06-14,11:19:00,2024-07-29,3.4,3.4,3.4,3.4,0,0,1
MIDCPNIFTY29JUL2411800PE.NFO,2024-06-14,11:20:00,2024-07-29,3.4,3.4,3.4,3.4,0,0,1
MIDCPNIFTY29JUL2411800PE.NFO,2024-06-14,11:21:00,2024-07-29,3.4,3.4,3.4,3.4,0,0,1
MIDCPNIFTY29JUL2411800PE.NFO,2024-06-14,11:22:00,2024-07-29,3.4,3.4,3.4,3.4,0,0,1
MIDCPNIFTY29JUL2411800PE.NFO,2024-06-14,11:23:00,2024-07-29,3.4,3.4,3.4,3.4,0,0,1
MIDCPNIFTY29JUL2411800PE.NFO,2024-06-14,11:24:00,2024-07-29,3.4,3.4,3.4,3.4,0,0,1
MIDCPNIFTY29JUL2411800PE.NFO,2024-06-14,11:25:00,2024-07-29,3.4,3.4,3.4,3.4,0,0,1
MIDCPNIFTY29JUL2411800PE.NFO,2024-06-14,11:26:00,2024-07-29,3.4,3.4,3.4,3.4,0,0,1
MIDCPNIFTY29JUL2411800PE.NFO,2024-06-14,11:27:00,2024-07-29,3.4,3.4,3.4,3.4,0,0,1
MIDCPNIFTY29JUL2411800PE.NFO,2024-06-14,11:28:00,2024-07-29,3.4,3.4,3.4,3.4,0,0,1
MIDCPNIFTY29JUL2411800PE.NFO,2024-06-14,11:29:00,2024-07-29,3.4,3.4,3.4,3.4,0,0,1
MIDCPNIFTY29JUL2411800PE.NFO,2024-06-14,11:30:00,2024-07-29,3.4,3.4,3.4,3.4,0,0,1
MIDCPNIFTY29JUL2411800PE.NFO,2024-06-14,11:31:00,2024-07-29,3.4,3.4,3.4,3.4,0,0,1
MIDCPNIFTY29JUL2411800PE.NFO,2024-06-14,11:32:00,2024-07-29,3.4,3.4,3.4,3.4,0,0,1
MIDCPNIFTY29JUL2411800PE.NFO,2024-06-14,11:33:00,2024-07-29,3.4,3.4,3.4,3.4,0,0,1
MIDCPNIFTY29JUL2411800PE.NFO,2024-06-14,11:34:00,2024-07-29,3.4,3.4,3.4,3.4,0,0,1
MIDCPNIFTY29JUL2411800PE.NFO,2024-06-14,11:35:00,2024-07-29,3.4,3.4,3.4,3.4,0,0,1
MIDCPNIFTY29JUL2411800PE.NFO,2024-06-14,11:36:00,2024-07-29,3.4,3.4,3.4,3.4,0,0,1
MIDCPNIFTY29JUL2411800PE.NFO,2024-06-14,11:37:00,2024-07-29,3.4,3.4,3.4,3.4,0,0,1
MIDCPNIFTY29JUL2411800PE.NFO,2024-06-14,11:38:00,2024-07-29,3.4,3.4,3.4,3.4,0,0,1
MIDCPNIFTY29JUL2411800PE.NFO,2024-06-14,11:39:00,2024-07-29,3.4,3.4,3.4,3.4,0,0,1
MIDCPNIFTY29JUL2411800PE.NFO,2024-06-14,11:40:00,2024-07-29,3.4,3.4,3.4,3.4,0,0,1
MIDCPNIFTY29JUL2411800PE.NFO,2024-06-14,11:41:00,2024-07-29,3.4,3.4,3.4,3.4,0,0,1
MIDCPNIFTY29JUL2411800PE.NFO,2024-06-14,11:42:00,2024-07-29,3.4,3.4,3.4,3.4,0,0,1
MIDCPNIFTY29JUL2411800PE.NFO,2024-06-14,11:43:00,2024-07-29,3.4,3.4,3.4,3.4,0,0,1
MIDCPNIFTY29JUL2411800PE.NFO,2024-06-14,11:44:00,2024-07-29,3.4,3.4,3.4,3.4,0,0,1
MIDCPNIFTY29JUL2411800PE.NFO,2024-06-14,11:45:00,2024-07-29,3.4,3.4,3.4,3.4,0,0,1
MIDCPNIFTY29JUL2411800PE.NFO,2024-06-14,11:46:00,2024-07-29,3.4,3.4,3.4,3.4,0,0,1
MIDCPNIFTY29JUL2411800PE.NFO,2024-06-14,11:47:00,2024-07-29,3.4,3.4,3.4,3.4,0,0,1
MIDCPNIFTY29JUL2411800PE.NFO,2024-06-14,11:48:00,2024-07-29,3.4,3.4,3.4,3.4,0,0,1
MIDCPNIFTY29JUL2411800PE.NFO,2024-06-14,11:49:00,2024-07-29,3.4,3.4,3.4,3.4,0,0,1
MIDCPNIFTY29JUL2411800PE.NFO,2024-06-14,11:50:00,2024-07-29,3.4,3.4,3.4,3.4,0,0,1
MIDCPNIFTY29JUL2411800PE.NFO,2024-06-14,11:51:00,2024-07-29,3.4,3.4,3.4,3.4,0,0,1
MIDCPNIFTY29JUL2411800PE.NFO,2024-06-14,11:52:00,2024-07-29,3.4,3.4,3.4,3.4,0,0,1
MIDCPNIFTY29JUL2411800PE.NFO,2024-06-14,11:53:00,2024-07-29,3.4,3.4,3.4,3.4,0,0,1
MIDCPNIFTY29JUL2411800PE.NFO,2024-06-14,11:54:00,2024-07-29,3.4,3.4,3.4,3.4,0,0,1
MIDCPNIFTY29JUL2411800PE.NFO,2024-06-14,11:55:00,2024-07-29,3.4,3.4,3.4,3.4,0,0,1
MIDCPNIFTY29JUL2411800PE.NFO,2024-06-14,11:56:00,2024-07-29,3.4,3.4,3.4,3.4,0,0,1
MIDCPNIFTY29JUL2411800PE.NFO,2024-06-14,11:57:00,2024-07-29,3.4,3.4,3.4,3.4,0,0,1
MIDCPNIFTY29JUL2411800PE.NFO,2024-06-14,11:58:00,2024-07-29,3.4,3.4,3.4,3.4,0,0,1
MIDCPNIFTY29JUL2411800PE.NFO,2024-06-14,11:59:00,2024-07-29,3.4,3.4,3.4,3.4,0,0,1
MIDCPNIFTY29JUL2411800PE.NFO,2024-06-14,12:00:00,2024-07-29,3.4,3.4,3.4,3.4,0,0,1
MIDCPNIFTY29JUL2411800PE.NFO,2024-06-14,12:01:00,2024-07-29,3.4,3.4,3.4,3.4,0,0,1
MIDCPNIFTY29JUL2411800PE.NFO,2024-06-14,12:02:00,2024-07-29,3.4,3.4,3.4,3.4,0,0,1
MIDCPNIFTY29JUL2411800PE.NFO,2024-06-14,12:03:00,2024-07-29,3.4,3.4,3.4,3.4,0,0,1
MIDCPNIFTY29JUL2411800PE.NFO,2024-06-14,12:04:00,2024-07-29,3.4,3.4,3.4,3.4,0,0,1
MIDCPNIFTY29JUL2411800PE.NFO,2024-06-14,12:05:00,2024-07-29,3.4,3.4,3.4,3.4,0,0,1
MIDCPNIFTY29JUL2411800PE.NFO,2024-06-14,12:06:00,2024-07-29,3.4,3.4,3.4,3.4,0,0,1
MIDCPNIFTY29JUL2411800PE.NFO,2024-06-14,12:07:00,2024-07-29,3.4,3.4,3.4,3.4,0,0,1
MIDCPNIFTY29JUL2411800PE.NFO,2024-06-14,12:08:00,2024-07-29,3.4,3.4,3.4,3.4,0,0,1
MIDCPNIFTY29JUL2411800PE.NFO,2024-06-14,12:09:00,2024-07-29,3.4,3.4,3.4,3.4,0,0,1
MIDCPNIFTY29JUL2411800PE.NFO,2024-06-14,12:10:00,2024-07-29,3.4,3.4,3.4,3.4,0,0,1
MIDCPNIFTY29JUL2411800PE.NFO,2024-06-14,12:11:00,2024-07-29,3.4,3.4,3.4,3.4,0,0,1
MIDCPNIFTY29JUL2411800PE.NFO,2024-06-14,12:12:00,2024-07-29,3.4,3.4,3.4,3.4,0,0,1
MIDCPNIFTY29JUL2411800PE.NFO,2024-06-14,12:13:00,2024-07-29,3.4,3.4,3.4,3.4,0,0,1
MIDCPNIFTY29JUL2411800PE.NFO,2024-06-14,12:14:00,2024-07-29,3.4,3.4,3.4,3.4,0,0,1
MIDCPNIFTY29JUL2411800PE.NFO,2024-06-14,12:15:00,2024-07-29,3.4,3.4,3.4,3.4,0,0,1
MIDCPNIFTY29JUL2411800PE.NFO,2024-06-14,12:16:00,2024-07-29,3.4,3.4,3.4,3.4,0,0,1
MIDCPNIFTY29JUL2411800PE.NFO,2024-06-14,12:17:00,2024-07-29,3.4,3.4,3.4,3.4,0,0,1
MIDCPNIFTY29JUL2411800PE.NFO,2024-06-14,12:18:00,2024-07-29,3.4,3.4,3.4,3.4,0,0,1
MIDCPNIFTY29JUL2411800PE.NFO,2024-06-14,12:19:00,2024-07-29,3.4,3.4,3.4,3.4,0,0,1
MIDCPNIFTY29JUL2411800PE.NFO,2024-06-14,12:20:00,2024-07-29,3.4,3.4,3.4,3.4,0,0,1
MIDCPNIFTY29JUL2411800PE.NFO,2024-06-14,12:21:00,2024-07-29,3.4,3.4,3.4,3.4,0,0,1
MIDCPNIFTY29JUL2411800PE.NFO,2024-06-14,12:22:00,2024-07-29,3.4,3.4,3.4,3.4,0,0,1
MIDCPNIFTY29JUL2411800PE.NFO,2024-06-14,12:23:00,2024-07-29,3.4,3.4,3.4,3.4,0,0,1
MIDCPNIFTY29JUL2411800PE.NFO,2024-06-14,12:24:00,2024-07-29,3.4,3.4,3.4,3.4,0,0,1
MIDCPNIFTY29JUL2411800PE.NFO,2024-06-14,12:25:00,2024-07-29,3.4,3.4,3.4,3.4,0,0,1
MIDCPNIFTY29JUL2411800PE.NFO,2024-06-14,12:26:00,2024-07-29,3.4,3.4,3.4,3.4,0,0,1
MIDCPNIFTY29JUL2411800PE.NFO,2024-06-14,12:27:00,2024-07-29,3.4,3.4,3.4,3.4,0,0,1
MIDCPNIFTY29JUL2411800PE.NFO,2024-06-14,12:28:00,2024-07-29,3.4,3.4,3.4,3.4,0,0,1
MIDCPNIFTY29JUL2411800PE.NFO,2024-06-14,12:29:00,2024-07-29,3.4,3.4,3.4,3.4,0,0,1
MIDCPNIFTY29JUL2411800PE.NFO,2024-06-14,12:30:00,2024-07-29,3.4,3.4,3.4,3.4,0,0,1
MIDCPNIFTY29JUL2411800PE.NFO,2024-06-14,12:31:00,2024-07-29,3.4,3.4,3.4,3.4,0,0,1
MIDCPNIFTY29JUL2411800PE.NFO,2024-06-14,12:32:00,2024-07-29,3.4,3.4,3.4,3.4,0,0,1
MIDCPNIFTY29JUL2411800PE.NFO,2024-06-14,12:33:00,2024-07-29,3.4,3.4,3.4,3.4,0,0,1
MIDCPNIFTY29JUL2411800PE.NFO,2024-06-14,12:34:00,2024-07-29,3.4,3.4,3.4,3.4,0,0,1
MIDCPNIFTY29JUL2411800PE.NFO,2024-06-14,12:35:00,2024-07-29,3.4,3.4,3.4,3.4,0,0,1
MIDCPNIFTY29JUL2411800PE.NFO,2024-06-14,12:36:00,2024-07-29,3.4,3.4,3.4,3.4,0,0,1
MIDCPNIFTY29JUL2411800PE.NFO,2024-06-14,12:37:00,2024-07-29,3.4,3.4,3.4,3.4,0,0,1
MIDCPNIFTY29JUL2411800PE.NFO,2024-06-14,12:38:00,2024-07-29,3.4,3.4,3.4,3.4,0,0,1
MIDCPNIFTY29JUL2411800PE.NFO,2024-06-14,12:39:00,2024-07-29,3.4,3.4,3.4,3.4,0,0,1
MIDCPNIFTY29JUL2411800PE.NFO,2024-06-14,12:40:00,2024-07-29,3.4,3.4,3.4,3.4,0,0,1
MIDCPNIFTY29JUL2411800PE.NFO,2024-06-14,12:41:00,2024-07-29,3.4,3.4,3.4,3.4,0,0,1
MIDCPNIFTY29JUL2411800PE.NFO,2024-06-14,12:42:00,2024-07-29,3.4,3.4,3.4,3.4,0,0,1
MIDCPNIFTY29JUL2411800PE.NFO,2024-06-14,12:43:00,2024-07-29,3.4,3.4,3.4,3.4,0,0,1
MIDCPNIFTY29JUL2411800PE.NFO,2024-06-14,12:44:00,2024-07-29,3.4,3.4,3.4,3.4,0,0,1
MIDCPNIFTY29JUL2411800PE.NFO,2024-06-14,12:45:00,2024-07-29,3.4,3.4,3.4,3.4,0,0,1
MIDCPNIFTY29JUL2411800PE.NFO,2024-06-14,12:46:00,2024-07-29,3.4,3.4,3.4,3.4,0,0,1
MIDCPNIFTY29JUL2411800PE.NFO,2024-06-14,12:47:00,2024-07-29,3.4,3.4,3.4,3.4,0,0,1
MIDCPNIFTY29JUL2411800PE.NFO,2024-06-14,12:48:00,2024-07-29,3.4,3.4,3.4,3.4,0,0,1
MIDCPNIFTY29JUL2411800PE.NFO,2024-06-14,12:49:00,2024-07-29,3.4,3.4,3.4,3.4,0,0,1
MIDCPNIFTY29JUL2411800PE.NFO,2024-06-14,12:50:00,2024-07-29,3.4,3.4,3.4,3.4,0,0,1
MIDCPNIFTY29JUL2411800PE.NFO,2024-06-14,12:51:00,2024-07-29,3.4,3.4,3.4,3.4,0,0,1
MIDCPNIFTY29JUL2411800PE.NFO,2024-06-14,12:52:00,2024-07-29,3.4,3.4,3.4,3.4,0,0,1
MIDCPNIFTY29JUL2411800PE.NFO,2024-06-14,12:53:00,2024-07-29,3.4,3.4,3.4,3.4,0,0,1
MIDCPNIFTY29JUL2411800PE.NFO,2024-06-14,12:54:00,2024-07-29,3.4,3.4,3.4,3.4,0,0,1
MIDCPNIFTY29JUL2411800PE.NFO,2024-06-14,12:55:00,2024-07-29,3.4,3.4,3.4,3.4,0,0,1
MIDCPNIFTY29JUL2411800PE.NFO,2024-06-14,12:56:00,2024-07-29,3.4,3.4,3.4,3.4,0,0,1
MIDCPNIFTY29JUL2411800PE.NFO,2024-06-14,12:57:00,2024-07-29,3.4,3.4,3.4,3.4,0,0,1
MIDCPNIFTY29JUL2411800PE.NFO,2024-06-14,12:58:00,2024-07-29,3.4,3.4,3.4,3.4,0,0,1
MIDCPNIFTY29JUL2411800PE.NFO,2024-06-14,12:59:00,2024-07-29,3.4,3.4,3.4,3.4,0,0,1
MIDCPNIFTY29JUL2411800PE.NFO,2024-06-14,13:00:00,2024-07-29,3.4,3.4,3.4,3.4,0,0,1
MIDCPNIFTY29JUL2411800PE.NFO,2024-06-14,13:01:00,2024-07-29,3.4,3.4,3.4,3.4,0,0,1
MIDCPNIFTY29JUL2411800PE.NFO,2024-06-14,13:02:00,2024-07-29,3.4,3.4,3.4,3.4,0,0,1
MIDCPNIFTY29JUL2411800PE.NFO,2024-06-14,13:03:00,2024-07-29,3.4,3.4,3.4,3.4,0,0,1
MIDCPNIFTY29JUL2411800PE.NFO,2024-06-14,13:04:00,2024-07-29,3.4,3.4,3.4,3.4,0,0,1
MIDCPNIFTY29JUL2411800PE.NFO,2024-06-14,13:05:00,2024-07-29,3.4,3.4,3.4,3.4,0,0,1
MIDCPNIFTY29JUL2411800PE.NFO,2024-06-14,13:06:00,2024-07-29,3.4,3.4,3.4,3.4,0,0,1
MIDCPNIFTY29JUL2411800PE.NFO,2024-06-14,13:07:00,2024-07-29,3.4,3.4,3.4,3.4,0,0,1
MIDCPNIFTY29JUL2411800PE.NFO,2024-06-14,13:08:00,2024-07-29,3.4,3.4,3.4,3.4,0,0,1
MIDCPNIFTY29JUL2411800PE.NFO,2024-06-14,13:09:00,2024-07-29,3.4,3.4,3.4,3.4,0,0,1
MIDCPNIFTY29JUL2411800PE.NFO,2024-06-14,13:10:00,2024-07-29,3.4,3.4,3.4,3.4,0,0,1
MIDCPNIFTY29JUL2411800PE.NFO,2024-06-14,13:11:00,2024-07-29,3.4,3.4,3.4,3.4,0,0,1
MIDCPNIFTY29JUL2411800PE.NFO,2024-06-14,13:12:00,2024-07-29,3.4,3.4,3.4,3.4,0,0,1
MIDCPNIFTY29JUL2411800PE.NFO,2024-06-14,13:13:00,2024-07-29,3.4,3.4,3.4,3.4,0,0,1
MIDCPNIFTY29JUL2411800PE.NFO,2024-06-14,13:14:00,2024-07-29,3.4,3.4,3.4,3.4,0,0,1
MIDCPNIFTY29JUL2411800PE.NFO,2024-06-14,13:15:00,2024-07-29,3.4,3.4,3.4,3.4,0,0,1
MIDCPNIFTY29JUL2411800PE.NFO,2024-06-14,13:16:00,2024-07-29,3.4,3.4,3.4,3.4,0,0,1
MIDCPNIFTY29JUL2411800PE.NFO,2024-06-14,13:17:00,2024-07-29,3.4,3.4,3.4,3.4,0,0,1
MIDCPNIFTY29JUL2411800PE.NFO,2024-06-14,13:18:00,2024-07-29,3.4,3.4,3.4,3.4,0,0,1
MIDCPNIFTY29JUL2411800PE.NFO,2024-06-14,13:19:00,2024-07-29,3.4,3.4,3.4,3.4,0,0,1
MIDCPNIFTY29JUL2411800PE.NFO,2024-06-14,13:20:00,2024-07-29,3.4,3.4,3.4,3.4,0,0,1
MIDCPNIFTY29JUL2411800PE.NFO,2024-06-14,13:21:00,2024-07-29,3.4,3.4,3.4,3.4,0,0,1
MIDCPNIFTY29JUL2411800PE.NFO,2024-06-14,13:22:00,2024-07-29,3.4,3.4,3.4,3.4,0,0,1
MIDCPNIFTY29JUL2411800PE.NFO,2024-06-14,13:23:00,2024-07-29,3.4,3.4,3.4,3.4,0,0,1
MIDCPNIFTY29JUL2411800PE.NFO,2024-06-14,13:24:00,2024-07-29,3.4,3.4,3.4,3.4,0,0,1
MIDCPNIFTY29JUL2411800PE.NFO,2024-06-14,13:25:00,2024-07-29,3.4,3.4,3.4,3.4,0,0,1
MIDCPNIFTY29JUL2411800PE.NFO,2024-06-14,13:26:00,2024-07-29,3.4,3.4,3.4,3.4,0,0,1
MIDCPNIFTY29JUL2411800PE.NFO,2024-06-14,13:27:00,2024-07-29,3.4,3.4,3.4,3.4,0,0,1
MIDCPNIFTY29JUL2411800PE.NFO,2024-06-14,13:28:00,2024-07-29,3.4,3.4,3.4,3.4,0,0,1
MIDCPNIFTY29JUL2411800PE.NFO,2024-06-14,13:29:00,2024-07-29,3.4,3.4,3.4,3.4,0,0,1
MIDCPNIFTY29JUL2411800PE.NFO,2024-06-14,13:30:00,2024-07-29,3.4,3.4,3.4,3.4,0,0,1
MIDCPNIFTY29JUL2411800PE.NFO,2024-06-14,13:31:00,2024-07-29,3.4,3.4,3.4,3.4,0,0,1
MIDCPNIFTY29JUL2411800PE.NFO,2024-06-14,13:32:00,2024-07-29,3.4,3.4,3.4,3.4,0,0,1
MIDCPNIFTY29JUL2411800PE.NFO,2024-06-14,13:33:00,2024-07-29,3.4,3.4,3.4,3.4,0,0,1
MIDCPNIFTY29JUL2411800PE.NFO,2024-06-14,13:34:00,2024-07-29,3.4,3.4,3.4,3.4,0,0,1
MIDCPNIFTY29JUL2411800PE.NFO,2024-06-14,13:35:00,2024-07-29,3.4,3.4,3.4,3.4,0,0,1
MIDCPNIFTY29JUL2411800PE.NFO,2024-06-14,13:36:00,2024-07-29,3.4,3.4,3.4,3.4,0,0,1
MIDCPNIFTY29JUL2411800PE.NFO,2024-06-14,13:37:00,2024-07-29,3.4,3.4,3.4,3.4,0,0,1
MIDCPNIFTY29JUL2411800PE.NFO,2024-06-14,13:38:00,2024-07-29,3.4,3.4,3.4,3.4,0,0,1
MIDCPNIFTY29JUL2411800PE.NFO,2024-06-14,13:39:00,2024-07-29,3.4,3.4,3.4,3.4,0,0,1
MIDCPNIFTY29JUL2411800PE.NFO,2024-06-14,13:40:00,2024-07-29,3.4,3.4,3.4,3.4,0,0,1
MIDCPNIFTY29JUL2411800PE.NFO,2024-06-14,13:41:00,2024-07-29,3.4,3.4,3.4,3.4,0,0,1
MIDCPNIFTY29JUL2411800PE.NFO,2024-06-14,13:42:00,2024-07-29,3.4,3.4,3.4,3.4,0,0,1
MIDCPNIFTY29JUL2411800PE.NFO,2024-06-14,13:43:00,2024-07-29,3.4,3.4,3.4,3.4,0,0,1
MIDCPNIFTY29JUL2411800PE.NFO,2024-06-14,13:44:00,2024-07-29,3.4,3.4,3.4,3.4,0,0,1
MIDCPNIFTY29JUL2411800PE.NFO,2024-06-14,13:45:00,2024-07-29,3.4,3.4,3.4,3.4,0,0,1
MIDCPNIFTY29JUL2411800PE.NFO,2024-06-14,13:46:00,2024-07-29,3.4,3.4,3.4,3.4,0,0,1
MIDCPNIFTY29JUL2411800PE.NFO,2024-06-14,13:47:00,2024-07-29,3.4,3.4,3.4,3.4,0,0,1
MIDCPNIFTY29JUL2411800PE.NFO,2024-06-14,13:48:00,2024-07-29,3.4,3.4,3.4,3.4,0,0,1
MIDCPNIFTY29JUL2411800PE.NFO,2024-06-14,13:49:00,2024-07-29,3.4,3.4,3.4,3.4,0,0,1
MIDCPNIFTY29JUL2411800PE.NFO,2024-06-14,13:50:00,2024-07-29,3.4,3.4,3.4,3.4,0,0,1
MIDCPNIFTY29JUL2411800PE.NFO,2024-06-14,13:51:00,2024-07-29,3.4,3.4,3.4,3.4,0,0,1
MIDCPNIFTY29JUL2411800PE.NFO,2024-06-14,13:52:00,2024-07-29,3.4,3.4,3.4,3.4,0,0,1
MIDCPNIFTY29JUL2411800PE.NFO,2024-06-14,13:53:00,2024-07-29,3.4,3.4,3.4,3.4,0,0,1
MIDCPNIFTY29JUL2411800PE.NFO,2024-06-14,13:54:00,2024-07-29,3.4,3.4,3.4,3.4,0,0,1
MIDCPNIFTY29JUL2411800PE.NFO,2024-06-14,13:55:00,2024-07-29,3.4,3.4,3.4,3.4,0,0,1
MIDCPNIFTY29JUL2411800PE.NFO,2024-06-14,13:56:00,2024-07-29,3.4,3.4,3.4,3.4,0,0,1
MIDCPNIFTY29JUL2411800PE.NFO,2024-06-14,13:57:00,2024-07-29,3.4,3.4,3.4,3.4,0,0,1
MIDCPNIFTY29JUL2411800PE.NFO,2024-06-14,13:58:00,2024-07-29,3.4,3.4,3.4,3.4,0,0,1
MIDCPNIFTY29JUL2411800PE.NFO,2024-06-14,13:59:00,2024-07-29,3.4,3.4,3.4,3.4,0,0,1
MIDCPNIFTY29JUL2411800PE.NFO,2024-06-14,14:00:00,2024-07-29,3.4,3.4,3.4,3.4,0,0,1
MIDCPNIFTY29JUL2411800PE.NFO,2024-06-14,14:01:00,2024-07-29,3.4,3.4,3.4,3.4,0,0,1
MIDCPNIFTY29JUL2411800PE.NFO,2024-06-14,14:02:00,2024-07-29,3.4,3.4,3.4,3.4,0,0,1
MIDCPNIFTY29JUL2411800PE.NFO,2024-06-14,14:03:00,2024-07-29,3.4,3.4,3.4,3.4,0,0,1
MIDCPNIFTY29JUL2411800PE.NFO,2024-06-14,14:04:00,2024-07-29,3.4,3.4,3.4,3.4,0,0,1
MIDCPNIFTY29JUL2411800PE.NFO,2024-06-14,14:05:00,2024-07-29,3.4,3.4,3.4,3.4,0,0,1
MIDCPNIFTY29JUL2411800PE.NFO,2024-06-14,14:06:00,2024-07-29,3.4,3.4,3.4,3.4,0,0,1
MIDCPNIFTY29JUL2411800PE.NFO,2024-06-14,14:07:00,2024-07-29,3.4,3.4,3.4,3.4,0,0,1
MIDCPNIFTY29JUL2411800PE.NFO,2024-06-14,14:08:00,2024-07-29,3.4,3.4,3.4,3.4,0,0,1
MIDCPNIFTY29JUL2411800PE.NFO,2024-06-14,14:09:00,2024-07-29,3.4,3.4,3.4,3.4,0,0,1
MIDCPNIFTY29JUL2411800PE.NFO,2024-06-14,14:10:00,2024-07-29,3.4,3.4,3.4,3.4,0,0,1
MIDCPNIFTY29JUL2411800PE.NFO,2024-06-14,14:11:00,2024-07-29,3.4,3.4,3.4,3.4,0,0,1
MIDCPNIFTY29JUL2411800PE.NFO,2024-06-14,14:12:00,2024-07-29,3.4,3.4,3.4,3.4,0,0,1
MIDCPNIFTY29JUL2411800PE.NFO,2024-06-14,14:13:00,2024-07-29,3.4,3.4,3.4,3.4,0,0,1
MIDCPNIFTY29JUL2411800PE.NFO,2024-06-14,14:14:00,2024-07-29,3.4,3.4,3.4,3.4,0,0,1
MIDCPNIFTY29JUL2411800PE.NFO,2024-06-14,14:15:00,2024-07-29,3.4,3.4,3.4,3.4,0,0,1
MIDCPNIFTY29JUL2411800PE.NFO,2024-06-14,14:16:00,2024-07-29,3.4,3.4,3.4,3.4,0,0,1
MIDCPNIFTY29JUL2411800PE.NFO,2024-06-14,14:17:00,2024-07-29,3.4,3.4,3.4,3.4,0,0,1
MIDCPNIFTY29JUL2411800PE.NFO,2024-06-14,14:18:00,2024-07-29,3.4,3.4,3.4,3.4,0,0,1
MIDCPNIFTY29JUL2411800PE.NFO,2024-06-14,14:19:00,2024-07-29,3.4,3.4,3.4,3.4,0,0,1
MIDCPNIFTY29JUL2411800PE.NFO,2024-06-14,14:20:00,2024-07-29,3.4,3.4,3.4,3.4,0,0,1
MIDCPNIFTY29JUL2411800PE.NFO,2024-06-14,14:21:00,2024-07-29,3.4,3.4,3.4,3.4,0,0,1
MIDCPNIFTY29JUL2411800PE.NFO,2024-06-14,14:22:00,2024-07-29,3.4,3.4,3.4,3.4,0,0,1
MIDCPNIFTY29JUL2411800PE.NFO,2024-06-14,14:23:00,2024-07-29,3.4,3.4,3.4,3.4,0,0,1
MIDCPNIFTY29JUL2411800PE.NFO,2024-06-14,14:24:00,2024-07-29,3.4,3.4,3.4,3.4,0,0,1
MIDCPNIFTY29JUL2411800PE.NFO,2024-06-14,14:25:00,2024-07-29,3.4,3.4,3.4,3.4,0,0,1
MIDCPNIFTY29JUL2411800PE.NFO,2024-06-14,14:26:00,2024-07-29,3.4,3.4,3.4,3.4,0,0,1
MIDCPNIFTY29JUL2411800PE.NFO,2024-06-14,14:27:00,2024-07-29,3.4,3.4,3.4,3.4,0,0,1
MIDCPNIFTY29JUL2411800PE.NFO,2024-06-14,14:28:00,2024-07-29,3.4,3.4,3.4,3.4,0,0,1
MIDCPNIFTY29JUL2411800PE.NFO,2024-06-14,14:29:00,2024-07-29,3.4,3.4,3.4,3.4,0,0,1
MIDCPNIFTY29JUL2411800PE.NFO,2024-06-14,14:30:00,2024-07-29,3.4,3.4,3.4,3.4,0,0,1
MIDCPNIFTY29JUL2411800PE.NFO,2024-06-14,14:31:00,2024-07-29,3.4,3.4,3.4,3.4,0,0,1
MIDCPNIFTY29JUL2411800PE.NFO,2024-06-14,14:32:00,2024-07-29,3.4,3.4,3.4,3.4,0,0,1
MIDCPNIFTY29JUL2411800PE.NFO,2024-06-14,14:33:00,2024-07-29,3.4,3.4,3.4,3.4,0,0,1
MIDCPNIFTY29JUL2411800PE.NFO,2024-06-14,14:34:00,2024-07-29,3.4,3.4,3.4,3.4,0,0,1
MIDCPNIFTY29JUL2411800PE.NFO,2024-06-14,14:35:00,2024-07-29,3.4,3.4,3.4,3.4,0,0,1
MIDCPNIFTY29JUL2411800PE.NFO,2024-06-14,14:36:00,2024-07-29,3.4,3.4,3.4,3.4,0,0,1
MIDCPNIFTY29JUL2411800PE.NFO,2024-06-14,14:37:00,2024-07-29,3.4,3.4,3.4,3.4,0,0,1
MIDCPNIFTY29JUL2411800PE.NFO,2024-06-14,14:38:00,2024-07-29,3.4,3.4,3.4,3.4,0,0,1
MIDCPNIFTY29JUL2411800PE.NFO,2024-06-14,14:39:00,2024-07-29,3.4,3.4,3.4,3.4,0,0,1
MIDCPNIFTY29JUL2411800PE.NFO,2024-06-14,14:40:00,2024-07-29,3.4,3.4,3.4,3.4,0,0,1
MIDCPNIFTY29JUL2411800PE.NFO,2024-06-14,14:41:00,2024-07-29,3.4,3.4,3.4,3.4,0,0,1
MIDCPNIFTY29JUL2411800PE.NFO,2024-06-14,14:42:00,2024-07-29,3.4,3.4,3.4,3.4,0,0,1
MIDCPNIFTY29JUL2411800PE.NFO,2024-06-14,14:43:00,2024-07-29,3.4,3.4,3.4,3.4,0,0,1
MIDCPNIFTY29JUL2411800PE.NFO,2024-06-14,14:44:00,2024-07-29,3.4,3.4,3.4,3.4,0,0,1
MIDCPNIFTY29JUL2411800PE.NFO,2024-06-14,14:45:00,2024-07-29,3.4,3.4,3.4,3.4,0,0,1
MIDCPNIFTY29JUL2411800PE.NFO,2024-06-14,14:46:00,2024-07-29,3.4,3.4,3.4,3.4,0,0,1
MIDCPNIFTY29JUL2411800PE.NFO,2024-06-14,14:47:00,2024-07-29,3.4,3.4,3.4,3.4,0,0,1
MIDCPNIFTY29JUL2411800PE.NFO,2024-06-14,14:48:00,2024-07-29,3.4,3.4,3.4,3.4,0,0,1
MIDCPNIFTY29JUL2411800PE.NFO,2024-06-14,14:49:00,2024-07-29,3.4,3.4,3.4,3.4,0,0,1
MIDCPNIFTY29JUL2411800PE.NFO,2024-06-14,14:50:00,2024-07-29,3.4,3.4,3.4,3.4,0,0,1
MIDCPNIFTY29JUL2411800PE.NFO,2024-06-14,14:51:00,2024-07-29,3.4,3.4,3.4,3.4,0,0,1
MIDCPNIFTY29JUL2411800PE.NFO,2024-06-14,14:52:00,2024-07-29,3.4,3.4,3.4,3.4,0,0,1
MIDCPNIFTY29JUL2411800PE.NFO,2024-06-14,14:53:00,2024-07-29,3.4,3.4,3.4,3.4,0,0,1
MIDCPNIFTY29JUL2411800PE.NFO,2024-06-14,14:54:00,2024-07-29,3.4,3.4,3.4,3.4,0,0,1
MIDCPNIFTY29JUL2411800PE.NFO,2024-06-14,14:55:00,2024-07-29,3.4,3.4,3.4,3.4,0,0,1
MIDCPNIFTY29JUL2411800PE.NFO,2024-06-14,14:56:00,2024-07-29,3.4,3.4,3.4,3.4,0,0,1
MIDCPNIFTY29JUL2411800PE.NFO,2024-06-14,14:57:00,2024-07-29,3.4,3.4,3.4,3.4,0,0,1
MIDCPNIFTY29JUL2411800PE.NFO,2024-06-14,14:58:00,2024-07-29,3.4,3.4,3.4,3.4,0,0,1
MIDCPNIFTY29JUL2411800PE.NFO,2024-06-14,14:59:00,2024-07-29,3.4,3.4,3.4,3.4,0,0,1
MIDCPNIFTY29JUL2411800PE.NFO,2024-06-14,15:00:00,2024-07-29,3.4,3.4,3.4,3.4,0,0,1
MIDCPNIFTY29JUL2411800PE.NFO,2024-06-14,15:01:00,2024-07-29,3.4,3.4,3.4,3.4,0,0,1
MIDCPNIFTY29JUL2411800PE.NFO,2024-06-14,15:02:00,2024-07-29,3.4,3.4,3.4,3.4,0,0,1
MIDCPNIFTY29JUL2411800PE.NFO,2024-06-14,15:03:00,2024-07-29,3.4,3.4,3.4,3.4,0,0,1
MIDCPNIFTY29JUL2411800PE.NFO,2024-06-14,15:04:00,2024-07-29,3.4,3.4,3.4,3.4,0,0,1
MIDCPNIFTY29JUL2411800PE.NFO,2024-06-14,15:05:00,2024-07-29,3.4,3.4,3.4,3.4,0,0,1
MIDCPNIFTY29JUL2411800PE.NFO,2024-06-14,15:06:00,2024-07-29,3.4,3.4,3.4,3.4,0,0,1
MIDCPNIFTY29JUL2411800PE.NFO,2024-06-14,15:07:00,2024-07-29,3.4,3.4,3.4,3.4,0,0,1
MIDCPNIFTY29JUL2411800PE.NFO,2024-06-14,15:08:00,2024-07-29,3.4,3.4,3.4,3.4,0,0,1
MIDCPNIFTY29JUL2411800PE.NFO,2024-06-14,15:09:00,2024-07-29,3.4,3.4,3.4,3.4,0,0,1
MIDCPNIFTY29JUL2411800PE.NFO,2024-06-14,15:10:00,2024-07-29,3.4,3.4,3.4,3.4,0,0,1
MIDCPNIFTY29JUL2411800PE.NFO,2024-06-14,15:11:00,2024-07-29,3.4,3.4,3.4,3.4,0,0,1
MIDCPNIFTY29JUL2411800PE.NFO,2024-06-14,15:12:00,2024-07-29,3.4,3.4,3.4,3.4,0,0,1
MIDCPNIFTY29JUL2411800PE.NFO,2024-06-14,15:13:00,2024-07-29,3.4,3.4,3.4,3.4,0,0,1
MIDCPNIFTY29JUL2411800PE.NFO,2024-06-14,15:14:00,2024-07-29,3.4,3.4,3.4,3.4,0,0,1
MIDCPNIFTY29JUL2411800PE.NFO,2024-06-14,15:15:00,2024-07-29,3.4,3.4,3.4,3.4,0,0,1
MIDCPNIFTY29JUL2411800PE.NFO,2024-06-14,15:16:00,2024-07-29,3.4,3.4,3.4,3.4,0,0,1
MIDCPNIFTY29JUL2411800PE.NFO,2024-06-14,15:17:00,2024-07-29,3.4,3.4,3.4,3.4,0,0,1
MIDCPNIFTY29JUL2411800PE.NFO,2024-06-14,15:18:00,2024-07-29,3.4,3.4,3.4,3.4,0,0,1
MIDCPNIFTY29JUL2411800PE.NFO,2024-06-14,15:19:00,2024-07-29,3.4,3.4,3.4,3.4,0,0,1
MIDCPNIFTY29JUL2411800PE.NFO,2024-06-14,15:20:00,2024-07-29,3.4,3.4,3.4,3.4,0,0,1
MIDCPNIFTY29JUL2411800PE.NFO,2024-06-14,15:21:00,2024-07-29,3.4,3.4,3.4,3.4,0,0,1
MIDCPNIFTY29JUL2411800PE.NFO,2024-06-14,15:22:00,2024-07-29,3.4,3.4,3.4,3.4,0,0,1
MIDCPNIFTY29JUL2411800PE.NFO,2024-06-14,15:23:00,2024-07-29,3.4,3.4,3.4,3.4,0,0,1
MIDCPNIFTY29JUL2411800PE.NFO,2024-06-14,15:24:00,2024-07-29,3.4,3.4,3.4,3.4,0,0,1
MIDCPNIFTY29JUL2411800PE.NFO,2024-06-14,15:25:00,2024-07-29,3.4,3.4,3.4,3.4,0,0,1
MIDCPNIFTY29JUL2411800PE.NFO,2024-06-14,15:26:00,2024-07-29,3.4,3.4,3.4,3.4,0,0,1
MIDCPNIFTY29JUL2411800PE.NFO,2024-06-14,15:27:00,2024-07-29,3.4,3.4,3.4,3.4,0,0,1
MIDCPNIFTY29JUL2411800PE.NFO,2024-06-14,15:28:00,2024-07-29,3.4,3.4,3.4,3.4,0,0,1
MIDCPNIFTY29JUL2411800PE.NFO,2024-06-14,15:29:00,2024-07-29,3.4,3.4,3.4,3.4,0,0,1
MIDCPNIFTY29JUL2411800PE.NFO,2024-06-14,15:30:00,2024-07-29,3.4,3.4,3.4,3.4,0,0,1
MIDCPNIFTY29JUL2411800PE.NFO,2024-06-18,09:15:00,2024-07-29,3.4,3.4,3.4,3.4,0,0,0
MIDCPNIFTY29JUL2411800PE.NFO,2024-06-18,09:16:00,2024-07-29,3.4,3.4,3.4,3.4,0,0,1
MIDCPNIFTY29JUL2411800PE.NFO,2024-06-18,09:17:00,2024-07-29,3.4,3.4,3.4,3.4,0,0,1
MIDCPNIFTY29JUL2411800PE.NFO,2024-06-18,09:18:00,2024-07-29,3.4,3.4,3.4,3.4,0,0,1
MIDCPNIFTY29JUL2411800PE.NFO,2024-06-18,09:19:00,2024-07-29,3.4,3.4,3.4,3.4,0,0,1
MIDCPNIFTY29JUL2411800PE.NFO,2024-06-18,09:20:00,2024-07-29,3.4,3.4,3.4,3.4,0,0,1
MIDCPNIFTY29JUL2411800PE.NFO,2024-06-18,09:21:00,2024-07-29,3.4,3.4,3.4,3.4,0,0,1
MIDCPNIFTY29JUL2411800PE.NFO,2024-06-18,09:22:00,2024-07-29,3.4,3.4,3.4,3.4,0,0,1
MIDCPNIFTY29JUL2411800PE.NFO,2024-06-18,09:23:00,2024-07-29,3.4,3.4,3.4,3.4,0,0,1
MIDCPNIFTY29JUL2411800PE.NFO,2024-06-18,09:24:00,2024-07-29,3.4,3.4,3.4,3.4,0,0,1
MIDCPNIFTY29JUL2411800PE.NFO,2024-06-18,09:25:00,2024-07-29,3.4,3.4,3.4,3.4,0,0,1
MIDCPNIFTY29JUL2411800PE.NFO,2024-06-18,09:26:00,2024-07-29,3.4,3.4,3.4,3.4,0,0,1
MIDCPNIFTY29JUL2411800PE.NFO,2024-06-18,09:27:00,2024-07-29,3.4,3.4,3.4,3.4,0,0,1
MIDCPNIFTY29JUL2411800PE.NFO,2024-06-18,09:28:00,2024-07-29,3.4,3.4,3.4,3.4,0,0,1
MIDCPNIFTY29JUL2411800PE.NFO,2024-06-18,09:29:00,2024-07-29,3.4,3.4,3.4,3.4,0,0,1
MIDCPNIFTY29JUL2411800PE.NFO,2024-06-18,09:30:00,2024-07-29,3.4,3.4,3.4,3.4,0,0,1
MIDCPNIFTY29JUL2411800PE.NFO,2024-06-18,09:31:00,2024-07-29,3.4,3.4,3.4,3.4,0,0,1
MIDCPNIFTY29JUL2411800PE.NFO,2024-06-18,09:32:00,2024-07-29,3.4,3.4,3.4,3.4,0,0,1
MIDCPNIFTY29JUL2411800PE.NFO,2024-06-18,09:33:00,2024-07-29,3.4,3.4,3.4,3.4,0,0,1
MIDCPNIFTY29JUL2411800PE.NFO,2024-06-18,09:34:00,2024-07-29,3.4,3.4,3.4,3.4,0,0,1
MIDCPNIFTY29JUL2411800PE.NFO,2024-06-18,09:35:00,2024-07-29,3.4,3.4,3.4,3.4,0,0,1
MIDCPNIFTY29JUL2411800PE.NFO,2024-06-18,09:36:00,2024-07-29,3.4,3.4,3.4,3.4,0,0,1
MIDCPNIFTY29JUL2411800PE.NFO,2024-06-18,09:37:00,2024-07-29,3.4,3.4,3.4,3.4,0,0,1
MIDCPNIFTY29JUL2411800PE.NFO,2024-06-18,09:38:00,2024-07-29,3.4,3.4,3.4,3.4,0,0,1
MIDCPNIFTY29JUL2411800PE.NFO,2024-06-18,09:39:00,2024-07-29,3.4,3.4,3.4,3.4,0,0,1
MIDCPNIFTY29JUL2411800PE.NFO,2024-06-18,09:40:00,2024-07-29,3.4,3.4,3.4,3.4,0,0,1
MIDCPNIFTY29JUL2411800PE.NFO,2024-06-18,09:41:00,2024-07-29,3.4,3.4,3.4,3.4,0,0,1
MIDCPNIFTY29JUL2411800PE.NFO,2024-06-18,09:42:00,2024-07-29,3.4,3.4,3.4,3.4,0,0,1
MIDCPNIFTY29JUL2411800PE.NFO,2024-06-18,09:43:00,2024-07-29,3.4,3.4,3.4,3.4,0,0,1
MIDCPNIFTY29JUL2411800PE.NFO,2024-06-18,09:44:00,2024-07-29,3.4,3.4,3.4,3.4,0,0,1
MIDCPNIFTY29JUL2411800PE.NFO,2024-06-18,09:45:00,2024-07-29,3.4,3.4,3.4,3.4,0,0,1
MIDCPNIFTY29JUL2411800PE.NFO,2024-06-18,09:46:00,2024-07-29,3.4,3.4,3.4,3.4,0,0,1
MIDCPNIFTY29JUL2411800PE.NFO,2024-06-18,09:47:00,2024-07-29,3.4,3.4,3.4,3.4,0,0,1
MIDCPNIFTY29JUL2411800PE.NFO,2024-06-18,09:48:00,2024-07-29,3.4,3.4,3.4,3.4,0,0,1
MIDCPNIFTY29JUL2411800PE.NFO,2024-06-18,09:49:00,2024-07-29,3.4,3.4,3.4,3.4,0,0,1
MIDCPNIFTY29JUL2411800PE.NFO,2024-06-18,09:50:00,2024-07-29,3.4,3.4,3.4,3.4,0,0,1
MIDCPNIFTY29JUL2411800PE.NFO,2024-06-18,09:51:00,2024-07-29,3.4,3.4,3.4,3.4,0,0,1
MIDCPNIFTY29JUL2411800PE.NFO,2024-06-18,09:52:00,2024-07-29,3.4,3.4,3.4,3.4,0,0,1
MIDCPNIFTY29JUL2411800PE.NFO,2024-06-18,09:53:00,2024-07-29,3.4,3.4,3.4,3.4,0,0,1
MIDCPNIFTY29JUL2411800PE.NFO,2024-06-18,09:54:00,2024-07-29,3.4,3.4,3.4,3.4,0,0,1
MIDCPNIFTY29JUL2411800PE.NFO,2024-06-18,09:55:00,2024-07-29,3.4,3.4,3.4,3.4,0,0,1
MIDCPNIFTY29JUL2411800PE.NFO,2024-06-18,09:56:00,2024-07-29,3.4,3.4,3.4,3.4,0,0,1
MIDCPNIFTY29JUL2411800PE.NFO,2024-06-18,09:57:00,2024-07-29,3.4,3.4,3.4,3.4,0,0,1
MIDCPNIFTY29JUL2411800PE.NFO,2024-06-18,09:58:00,2024-07-29,3.4,3.4,3.4,3.4,0,0,1
MIDCPNIFTY29JUL2411800PE.NFO,2024-06-18,09:59:00,2024-07-29,3.4,3.4,3.4,3.4,0,0,1
MIDCPNIFTY29JUL2411800PE.NFO,2024-06-18,10:00:00,2024-07-29,3.4,3.4,3.4,3.4,0,0,1
MIDCPNIFTY29JUL2411800PE.NFO,2024-06-18,10:01:00,2024-07-29,3.4,3.4,3.4,3.4,0,0,1
MIDCPNIFTY29JUL2411800PE.NFO,2024-06-18,10:02:00,2024-07-29,3.4,3.4,3.4,3.4,0,0,1
MIDCPNIFTY29JUL2411800PE.NFO,2024-06-18,10:03:00,2024-07-29,3.4,3.4,3.4,3.4,0,0,1
MIDCPNIFTY29JUL2411800PE.NFO,2024-06-18,10:04:00,2024-07-29,3.4,3.4,3.4,3.4,0,0,1
MIDCPNIFTY29JUL2411800PE.NFO,2024-06-18,10:05:00,2024-07-29,3.4,3.4,3.4,3.4,0,0,1
MIDCPNIFTY29JUL2411800PE.NFO,2024-06-18,10:06:00,2024-07-29,3.4,3.4,3.4,3.4,0,0,1
MIDCPNIFTY29JUL2411800PE.NFO,2024-06-18,10:07:00,2024-07-29,3.4,3.4,3.4,3.4,0,0,1
MIDCPNIFTY29JUL2411800PE.NFO,2024-06-18,10:08:00,2024-07-29,3.4,3.4,3.4,3.4,0,0,1
MIDCPNIFTY29JUL2411800PE.NFO,2024-06-18,10:09:00,2024-07-29,3.4,3.4,3.4,3.4,0,0,1
MIDCPNIFTY29JUL2411800PE.NFO,2024-06-18,10:10:00,2024-07-29,3.4,3.4,3.4,3.4,0,0,1
MIDCPNIFTY29JUL2411800PE.NFO,2024-06-18,10:11:00,2024-07-29,3.4,3.4,3.4,3.4,0,0,1
MIDCPNIFTY29JUL2411800PE.NFO,2024-06-18,10:12:00,2024-07-29,3.4,3.4,3.4,3.4,0,0,1
MIDCPNIFTY29JUL2411800PE.NFO,2024-06-18,10:13:00,2024-07-29,3.4,3.4,3.4,3.4,0,0,1
MIDCPNIFTY29JUL2411800PE.NFO,2024-06-18,10:14:00,2024-07-29,3.4,3.4,3.4,3.4,0,0,1
MIDCPNIFTY29JUL2411800PE.NFO,2024-06-18,10:15:00,2024-07-29,3.4,3.4,3.4,3.4,0,0,1
MIDCPNIFTY29JUL2411800PE.NFO,2024-06-18,10:16:00,2024-07-29,3.4,3.4,3.4,3.4,0,0,1
MIDCPNIFTY29JUL2411800PE.NFO,2024-06-18,10:17:00,2024-07-29,3.4,3.4,3.4,3.4,0,0,1
MIDCPNIFTY29JUL2411800PE.NFO,2024-06-18,10:18:00,2024-07-29,3.4,3.4,3.4,3.4,0,0,1
MIDCPNIFTY29JUL2411800PE.NFO,2024-06-18,10:19:00,2024-07-29,3.4,3.4,3.4,3.4,0,0,1
MIDCPNIFTY29JUL2411800PE.NFO,2024-06-18,10:20:00,2024-07-29,3.4,3.4,3.4,3.4,0,0,1
MIDCPNIFTY29JUL2411800PE.NFO,2024-06-18,10:21:00,2024-07-29,3.4,3.4,3.4,3.4,0,0,1
MIDCPNIFTY29JUL2411800PE.NFO,2024-06-18,10:22:00,2024-07-29,3.4,3.4,3.4,3.4,0,0,1
MIDCPNIFTY29JUL2411800PE.NFO,2024-06-18,10:23:00,2024-07-29,3.4,3.4,3.4,3.4,0,0,1
MIDCPNIFTY29JUL2411800PE.NFO,2024-06-18,10:24:00,2024-07-29,3.4,3.4,3.4,3.4,0,0,1
MIDCPNIFTY29JUL2411800PE.NFO,2024-06-18,10:25:00,2024-07-29,3.4,3.4,3.4,3.4,0,0,1
MIDCPNIFTY29JUL2411800PE.NFO,2024-06-18,10:26:00,2024-07-29,3.4,3.4,3.4,3.4,0,0,1
MIDCPNIFTY29JUL2411800PE.NFO,2024-06-18,10:27:00,2024-07-29,3.4,3.4,3.4,3.4,0,0,1
MIDCPNIFTY29JUL2411800PE.NFO,2024-06-18,10:28:00,2024-07-29,3.4,3.4,3.4,3.4,0,0,1
MIDCPNIFTY29JUL2411800PE.NFO,2024-06-18,10:29:00,2024-07-29,3.4,3.4,3.4,3.4,0,0,1
MIDCPNIFTY29JUL2411800PE.NFO,2024-06-18,10:30:00,2024-07-29,3.4,3.4,3.4,3.4,0,0,1
MIDCPNIFTY29JUL2411800PE.NFO,2024-06-18,10:31:00,2024-07-29,3.4,3.4,3.4,3.4,0,0,1
MIDCPNIFTY29JUL2411800PE.NFO,2024-06-18,10:32:00,2024-07-29,3.4,3.4,3.4,3.4,0,0,1
MIDCPNIFTY29JUL2411800PE.NFO,2024-06-18,10:33:00,2024-07-29,3.4,3.4,3.4,3.4,0,0,1
MIDCPNIFTY29JUL2411800PE.NFO,2024-06-18,10:34:00,2024-07-29,3.4,3.4,3.4,3.4,0,0,1
MIDCPNIFTY29JUL2411800PE.NFO,2024-06-18,10:35:00,2024-07-29,3.4,3.4,3.4,3.4,0,0,1
MIDCPNIFTY29JUL2411800PE.NFO,2024-06-18,10:36:00,2024-07-29,3.4,3.4,3.4,3.4,0,0,1
MIDCPNIFTY29JUL2411800PE.NFO,2024-06-18,10:37:00,2024-07-29,3.4,3.4,3.4,3.4,0,0,1
MIDCPNIFTY29JUL2411800PE.NFO,2024-06-18,10:38:00,2024-07-29,3.4,3.4,3.4,3.4,0,0,1
MIDCPNIFTY29JUL2411800PE.NFO,2024-06-18,10:39:00,2024-07-29,3.4,3.4,3.4,3.4,0,0,1
MIDCPNIFTY29JUL2411800PE.NFO,2024-06-18,10:40:00,2024-07-29,3.4,3.4,3.4,3.4,0,0,1
MIDCPNIFTY29JUL2411800PE.NFO,2024-06-18,10:41:00,2024-07-29,3.4,3.4,3.4,3.4,0,0,1
MIDCPNIFTY29JUL2411800PE.NFO,2024-06-18,10:42:00,2024-07-29,3.4,3.4,3.4,3.4,0,0,1
MIDCPNIFTY29JUL2411800PE.NFO,2024-06-18,10:43:00,2024-07-29,3.4,3.4,3.4,3.4,0,0,1
MIDCPNIFTY29JUL2411800PE.NFO,2024-06-18,10:44:00,2024-07-29,3.4,3.4,3.4,3.4,0,0,1
MIDCPNIFTY29JUL2411800PE.NFO,2024-06-18,10:45:00,2024-07-29,3.4,3.4,3.4,3.4,0,0,1
MIDCPNIFTY29JUL2411800PE.NFO,2024-06-18,10:46:00,2024-07-29,3.4,3.4,3.4,3.4,0,0,1
MIDCPNIFTY29JUL2411800PE.NFO,2024-06-18,10:47:00,2024-07-29,3.4,3.4,3.4,3.4,0,0,1
MIDCPNIFTY29JUL2411800PE.NFO,2024-06-18,10:48:00,2024-07-29,3.4,3.4,3.4,3.4,0,0,1
MIDCPNIFTY29JUL2411800PE.NFO,2024-06-18,10:49:00,2024-07-29,3.4,3.4,3.4,3.4,0,0,1
MIDCPNIFTY29JUL2411800PE.NFO,2024-06-18,10:50:00,2024-07-29,3.4,3.4,3.4,3.4,0,0,1
MIDCPNIFTY29JUL2411800PE.NFO,2024-06-18,10:51:00,2024-07-29,3.4,3.4,3.4,3.4,0,0,1
MIDCPNIFTY29JUL2411800PE.NFO,2024-06-18,10:52:00,2024-07-29,3.4,3.4,3.4,3.4,0,0,1
MIDCPNIFTY29JUL2411800PE.NFO,2024-06-18,10:53:00,2024-07-29,3.4,3.4,3.4,3.4,0,0,1
MIDCPNIFTY29JUL2411800PE.NFO,2024-06-18,10:54:00,2024-07-29,3.4,3.4,3.4,3.4,0,0,1
MIDCPNIFTY29JUL2411800PE.NFO,2024-06-18,10:55:00,2024-07-29,3.4,3.4,3.4,3.4,0,0,1
MIDCPNIFTY29JUL2411800PE.NFO,2024-06-18,10:56:00,2024-07-29,3.4,3.4,3.4,3.4,0,0,1
MIDCPNIFTY29JUL2411800PE.NFO,2024-06-18,10:57:00,2024-07-29,3.4,3.4,3.4,3.4,0,0,1
MIDCPNIFTY29JUL2411800PE.NFO,2024-06-18,10:58:00,2024-07-29,3.4,3.4,3.4,3.4,0,0,1
MIDCPNIFTY29JUL2411800PE.NFO,2024-06-18,10:59:00,2024-07-29,3.4,3.4,3.4,3.4,0,0,1
MIDCPNIFTY29JUL2411800PE.NFO,2024-06-18,11:00:00,2024-07-29,3.4,3.4,3.4,3.4,0,0,1
MIDCPNIFTY29JUL2411800PE.NFO,2024-06-18,11:01:00,2024-07-29,3.4,3.4,3.4,3.4,0,0,1
MIDCPNIFTY29JUL2411800PE.NFO,2024-06-18,11:02:00,2024-07-29,3.4,3.4,3.4,3.4,0,0,1
MIDCPNIFTY29JUL2411800PE.NFO,2024-06-18,11:03:00,2024-07-29,3.4,3.4,3.4,3.4,0,0,1
MIDCPNIFTY29JUL2411800PE.NFO,2024-06-18,11:04:00,2024-07-29,3.4,3.4,3.4,3.4,0,0,1
MIDCPNIFTY29JUL2411800PE.NFO,2024-06-18,11:05:00,2024-07-29,3.4,3.4,3.4,3.4,0,0,1
MIDCPNIFTY29JUL2411800PE.NFO,2024-06-18,11:06:00,2024-07-29,3.4,3.4,3.4,3.4,0,0,1
MIDCPNIFTY29JUL2411800PE.NFO,2024-06-18,11:07:00,2024-07-29,3.4,3.4,3.4,3.4,0,0,1
MIDCPNIFTY29JUL2411800PE.NFO,2024-06-18,11:08:00,2024-07-29,3.4,3.4,3.4,3.4,0,0,1
MIDCPNIFTY29JUL2411800PE.NFO,2024-06-18,11:09:00,2024-07-29,3.4,3.4,3.4,3.4,0,0,1
MIDCPNIFTY29JUL2411800PE.NFO,2024-06-18,11:10:00,2024-07-29,3.4,3.4,3.4,3.4,0,0,1
MIDCPNIFTY29JUL2411800PE.NFO,2024-06-18,11:11:00,2024-07-29,3.4,3.4,3.4,3.4,0,0,1
MIDCPNIFTY29JUL2411800PE.NFO,2024-06-18,11:12:00,2024-07-29,3.4,3.4,3.4,3.4,0,0,1
MIDCPNIFTY29JUL2411800PE.NFO,2024-06-18,11:13:00,2024-07-29,3.4,3.4,3.4,3.4,0,0,1
MIDCPNIFTY29JUL2411800PE.NFO,2024-06-18,11:14:00,2024-07-29,3.4,3.4,3.4,3.4,0,0,1
MIDCPNIFTY29JUL2411800PE.NFO,2024-06-18,11:15:00,2024-07-29,3.4,3.4,3.4,3.4,0,0,1
MIDCPNIFTY29JUL2411800PE.NFO,2024-06-18,11:16:00,2024-07-29,3.4,3.4,3.4,3.4,0,0,1
MIDCPNIFTY29JUL2411800PE.NFO,2024-06-18,11:17:00,2024-07-29,3.4,3.4,3.4,3.4,0,0,1
MIDCPNIFTY29JUL2411800PE.NFO,2024-06-18,11:18:00,2024-07-29,3.4,3.4,3.4,3.4,0,0,1
MIDCPNIFTY29JUL2411800PE.NFO,2024-06-18,11:19:00,2024-07-29,3.4,3.4,3.4,3.4,0,0,1
MIDCPNIFTY29JUL2411800PE.NFO,2024-06-18,11:20:00,2024-07-29,3.4,3.4,3.4,3.4,0,0,1
MIDCPNIFTY29JUL2411800PE.NFO,2024-06-18,11:21:00,2024-07-29,3.4,3.4,3.4,3.4,0,0,1
MIDCPNIFTY29JUL2411800PE.NFO,2024-06-18,11:22:00,2024-07-29,3.4,3.4,3.4,3.4,0,0,1
MIDCPNIFTY29JUL2411800PE.NFO,2024-06-18,11:23:00,2024-07-29,3.4,3.4,3.4,3.4,0,0,1
MIDCPNIFTY29JUL2411800PE.NFO,2024-06-18,11:24:00,2024-07-29,3.4,3.4,3.4,3.4,0,0,1
MIDCPNIFTY29JUL2411800PE.NFO,2024-06-18,11:25:00,2024-07-29,3.4,3.4,3.4,3.4,0,0,1
MIDCPNIFTY29JUL2411800PE.NFO,2024-06-18,11:26:00,2024-07-29,3.4,3.4,3.4,3.4,0,0,1
MIDCPNIFTY29JUL2411800PE.NFO,2024-06-18,11:27:00,2024-07-29,3.4,3.4,3.4,3.4,0,0,1
MIDCPNIFTY29JUL2411800PE.NFO,2024-06-18,11:28:00,2024-07-29,3.4,3.4,3.4,3.4,0,0,1
MIDCPNIFTY29JUL2411800PE.NFO,2024-06-18,11:29:00,2024-07-29,3.4,3.4,3.4,3.4,0,0,1
MIDCPNIFTY29JUL2411800PE.NFO,2024-06-18,11:30:00,2024-07-29,3.4,3.4,3.4,3.4,0,0,1
MIDCPNIFTY29JUL2411800PE.NFO,2024-06-18,11:31:00,2024-07-29,3.4,3.4,3.4,3.4,0,0,1
MIDCPNIFTY29JUL2411800PE.NFO,2024-06-18,11:32:00,2024-07-29,3.4,3.4,3.4,3.4,0,0,1
MIDCPNIFTY29JUL2411800PE.NFO,2024-06-18,11:33:00,2024-07-29,3.4,3.4,3.4,3.4,0,0,1
MIDCPNIFTY29JUL2411800PE.NFO,2024-06-18,11:34:00,2024-07-29,3.4,3.4,3.4,3.4,0,0,1
MIDCPNIFTY29JUL2411800PE.NFO,2024-06-18,11:35:00,2024-07-29,3.4,3.4,3.4,3.4,0,0,1
MIDCPNIFTY29JUL2411800PE.NFO,2024-06-18,11:36:00,2024-07-29,3.4,3.4,3.4,3.4,0,0,1
MIDCPNIFTY29JUL2411800PE.NFO,2024-06-18,11:37:00,2024-07-29,3.4,3.4,3.4,3.4,0,0,1
MIDCPNIFTY29JUL2411800PE.NFO,2024-06-18,11:38:00,2024-07-29,3.4,3.4,3.4,3.4,0,0,1
MIDCPNIFTY29JUL2411800PE.NFO,2024-06-18,11:39:00,2024-07-29,3.4,3.4,3.4,3.4,0,0,1
MIDCPNIFTY29JUL2411800PE.NFO,2024-06-18,11:40:00,2024-07-29,3.4,3.4,3.4,3.4,0,0,1
MIDCPNIFTY29JUL2411800PE.NFO,2024-06-18,11:41:00,2024-07-29,3.4,3.4,3.4,3.4,0,0,1
MIDCPNIFTY29JUL2411800PE.NFO,2024-06-18,11:42:00,2024-07-29,3.4,3.4,3.4,3.4,0,0,1
MIDCPNIFTY29JUL2411800PE.NFO,2024-06-18,11:43:00,2024-07-29,3.4,3.4,3.4,3.4,0,0,1
MIDCPNIFTY29JUL2411800PE.NFO,2024-06-18,11:44:00,2024-07-29,3.4,3.4,3.4,3.4,0,0,1
MIDCPNIFTY29JUL2411800PE.NFO,2024-06-18,11:45:00,2024-07-29,3.4,3.4,3.4,3.4,0,0,1
MIDCPNIFTY29JUL2411800PE.NFO,2024-06-18,11:46:00,2024-07-29,3.4,3.4,3.4,3.4,0,0,1
MIDCPNIFTY29JUL2411800PE.NFO,2024-06-18,11:47:00,2024-07-29,3.4,3.4,3.4,3.4,0,0,1
MIDCPNIFTY29JUL2411800PE.NFO,2024-06-18,11:48:00,2024-07-29,3.4,3.4,3.4,3.4,0,0,1
MIDCPNIFTY29JUL2411800PE.NFO,2024-06-18,11:49:00,2024-07-29,3.4,3.4,3.4,3.4,0,0,1
MIDCPNIFTY29JUL2411800PE.NFO,2024-06-18,11:50:00,2024-07-29,3.4,3.4,3.4,3.4,0,0,1
MIDCPNIFTY29JUL2411800PE.NFO,2024-06-18,11:51:00,2024-07-29,3.4,3.4,3.4,3.4,0,0,1
MIDCPNIFTY29JUL2411800PE.NFO,2024-06-18,11:52:00,2024-07-29,3.4,3.4,3.4,3.4,0,0,1
MIDCPNIFTY29JUL2411800PE.NFO,2024-06-18,11:53:00,2024-07-29,3.4,3.4,3.4,3.4,0,0,1
MIDCPNIFTY29JUL2411800PE.NFO,2024-06-18,11:54:00,2024-07-29,3.4,3.4,3.4,3.4,0,0,1
MIDCPNIFTY29JUL2411800PE.NFO,2024-06-18,11:55:00,2024-07-29,3.4,3.4,3.4,3.4,0,0,1
MIDCPNIFTY29JUL2411800PE.NFO,2024-06-18,11:56:00,2024-07-29,3.4,3.4,3.4,3.4,0,0,1
MIDCPNIFTY29JUL2411800PE.NFO,2024-06-18,11:57:00,2024-07-29,3.4,3.4,3.4,3.4,0,0,1
MIDCPNIFTY29JUL2411800PE.NFO,2024-06-18,11:58:00,2024-07-29,3.4,3.4,3.4,3.4,0,0,1
MIDCPNIFTY29JUL2411800PE.NFO,2024-06-18,11:59:00,2024-07-29,3.4,3.4,3.4,3.4,0,0,1
MIDCPNIFTY29JUL2411800PE.NFO,2024-06-18,12:00:00,2024-07-29,3.4,3.4,3.4,3.4,0,0,1
MIDCPNIFTY29JUL2411800PE.NFO,2024-06-18,12:01:00,2024-07-29,3.4,3.4,3.4,3.4,0,0,1
MIDCPNIFTY29JUL2411800PE.NFO,2024-06-18,12:02:00,2024-07-29,3.4,3.4,3.4,3.4,0,0,1
MIDCPNIFTY29JUL2411800PE.NFO,2024-06-18,12:03:00,2024-07-29,3.4,3.4,3.4,3.4,0,0,1
MIDCPNIFTY29JUL2411800PE.NFO,2024-06-18,12:04:00,2024-07-29,3.4,3.4,3.4,3.4,0,0,1
MIDCPNIFTY29JUL2411800PE.NFO,2024-06-18,12:05:00,2024-07-29,3.4,3.4,3.4,3.4,0,0,1
MIDCPNIFTY29JUL2411800PE.NFO,2024-06-18,12:06:00,2024-07-29,3.4,3.4,3.4,3.4,0,0,1
MIDCPNIFTY29JUL2411800PE.NFO,2024-06-18,12:07:00,2024-07-29,3.4,3.4,3.4,3.4,0,0,1
MIDCPNIFTY29JUL2411800PE.NFO,2024-06-18,12:08:00,2024-07-29,3.4,3.4,3.4,3.4,0,0,1
MIDCPNIFTY29JUL2411800PE.NFO,2024-06-18,12:09:00,2024-07-29,3.4,3.4,3.4,3.4,0,0,1
MIDCPNIFTY29JUL2411800PE.NFO,2024-06-18,12:10:00,2024-07-29,3.4,3.4,3.4,3.4,0,0,1
MIDCPNIFTY29JUL2411800PE.NFO,2024-06-18,12:11:00,2024-07-29,3.4,3.4,3.4,3.4,0,0,1
MIDCPNIFTY29JUL2411800PE.NFO,2024-06-18,12:12:00,2024-07-29,3.4,3.4,3.4,3.4,0,0,1
MIDCPNIFTY29JUL2411800PE.NFO,2024-06-18,12:13:00,2024-07-29,3.4,3.4,3.4,3.4,0,0,1
MIDCPNIFTY29JUL2411800PE.NFO,2024-06-18,12:14:00,2024-07-29,3.4,3.4,3.4,3.4,0,0,1
MIDCPNIFTY29JUL2411800PE.NFO,2024-06-18,12:15:00,2024-07-29,3.4,3.4,3.4,3.4,0,0,1
MIDCPNIFTY29JUL2411800PE.NFO,2024-06-18,12:16:00,2024-07-29,3.4,3.4,3.4,3.4,0,0,1
MIDCPNIFTY29JUL2411800PE.NFO,2024-06-18,12:17:00,2024-07-29,3.4,3.4,3.4,3.4,0,0,1
MIDCPNIFTY29JUL2411800PE.NFO,2024-06-18,12:18:00,2024-07-29,3.4,3.4,3.4,3.4,0,0,1
MIDCPNIFTY29JUL2411800PE.NFO,2024-06-18,12:19:00,2024-07-29,3.4,3.4,3.4,3.4,0,0,1
MIDCPNIFTY29JUL2411800PE.NFO,2024-06-18,12:20:00,2024-07-29,3.4,3.4,3.4,3.4,0,0,1
MIDCPNIFTY29JUL2411800PE.NFO,2024-06-18,12:21:00,2024-07-29,3.4,3.4,3.4,3.4,0,0,1
MIDCPNIFTY29JUL2411800PE.NFO,2024-06-18,12:22:00,2024-07-29,3.4,3.4,3.4,3.4,0,0,1
MIDCPNIFTY29JUL2411800PE.NFO,2024-06-18,12:23:00,2024-07-29,3.4,3.4,3.4,3.4,0,0,1
MIDCPNIFTY29JUL2411800PE.NFO,2024-06-18,12:24:00,2024-07-29,3.4,3.4,3.4,3.4,0,0,1
MIDCPNIFTY29JUL2411800PE.NFO,2024-06-18,12:25:00,2024-07-29,3.4,3.4,3.4,3.4,0,0,1
MIDCPNIFTY29JUL2411800PE.NFO,2024-06-18,12:26:00,2024-07-29,3.4,3.4,3.4,3.4,0,0,1
MIDCPNIFTY29JUL2411800PE.NFO,2024-06-18,12:27:00,2024-07-29,3.4,3.4,3.4,3.4,0,0,1
MIDCPNIFTY29JUL2411800PE.NFO,2024-06-18,12:28:00,2024-07-29,3.4,3.4,3.4,3.4,0,0,1
MIDCPNIFTY29JUL2411800PE.NFO,2024-06-18,12:29:00,2024-07-29,3.4,3.4,3.4,3.4,0,0,1
MIDCPNIFTY29JUL2411800PE.NFO,2024-06-18,12:30:00,2024-07-29,3.4,3.4,3.4,3.4,0,0,1
MIDCPNIFTY29JUL2411800PE.NFO,2024-06-18,12:31:00,2024-07-29,3.4,3.4,3.4,3.4,0,0,1
MIDCPNIFTY29JUL2411800PE.NFO,2024-06-18,12:32:00,2024-07-29,3.4,3.4,3.4,3.4,0,0,1
MIDCPNIFTY29JUL2411800PE.NFO,2024-06-18,12:33:00,2024-07-29,3.4,3.4,3.4,3.4,0,0,1
MIDCPNIFTY29JUL2411800PE.NFO,2024-06-18,12:34:00,2024-07-29,3.4,3.4,3.4,3.4,0,0,1
MIDCPNIFTY29JUL2411800PE.NFO,2024-06-18,12:35:00,2024-07-29,3.4,3.4,3.4,3.4,0,0,1
MIDCPNIFTY29JUL2411800PE.NFO,2024-06-18,12:36:00,2024-07-29,3.4,3.4,3.4,3.4,0,0,1
MIDCPNIFTY29JUL2411800PE.NFO,2024-06-18,12:37:00,2024-07-29,3.4,3.4,3.4,3.4,0,0,1
MIDCPNIFTY29JUL2411800PE.NFO,2024-06-18,12:38:00,2024-07-29,3.4,3.4,3.4,3.4,0,0,1
MIDCPNIFTY29JUL2411800PE.NFO,2024-06-18,12:39:00,2024-07-29,3.4,3.4,3.4,3.4,0,0,1
MIDCPNIFTY29JUL2411800PE.NFO,2024-06-18,12:40:00,2024-07-29,3.4,3.4,3.4,3.4,0,0,1
MIDCPNIFTY29JUL2411800PE.NFO,2024-06-18,12:41:00,2024-07-29,3.4,3.4,3.4,3.4,0,0,1
MIDCPNIFTY29JUL2411800PE.NFO,2024-06-18,12:42:00,2024-07-29,3.4,3.4,3.4,3.4,0,0,1
MIDCPNIFTY29JUL2411800PE.NFO,2024-06-18,12:43:00,2024-07-29,3.4,3.4,3.4,3.4,0,0,1
MIDCPNIFTY29JUL2411800PE.NFO,2024-06-18,12:44:00,2024-07-29,3.4,3.4,3.4,3.4,0,0,1
MIDCPNIFTY29JUL2411800PE.NFO,2024-06-18,12:45:00,2024-07-29,3.4,3.4,3.4,3.4,0,0,1
MIDCPNIFTY29JUL2411800PE.NFO,2024-06-18,12:46:00,2024-07-29,3.4,3.4,3.4,3.4,0,0,1
MIDCPNIFTY29JUL2411800PE.NFO,2024-06-18,12:47:00,2024-07-29,3.4,3.4,3.4,3.4,0,0,1
MIDCPNIFTY29JUL2411800PE.NFO,2024-06-18,12:48:00,2024-07-29,3.4,3.4,3.4,3.4,0,0,1
MIDCPNIFTY29JUL2411800PE.NFO,2024-06-18,12:49:00,2024-07-29,3.4,3.4,3.4,3.4,0,0,1
MIDCPNIFTY29JUL2411800PE.NFO,2024-06-18,12:50:00,2024-07-29,3.4,3.4,3.4,3.4,0,0,1
MIDCPNIFTY29JUL2411800PE.NFO,2024-06-18,12:51:00,2024-07-29,3.4,3.4,3.4,3.4,0,0,1
MIDCPNIFTY29JUL2411800PE.NFO,2024-06-18,12:52:00,2024-07-29,3.4,3.4,3.4,3.4,0,0,1
MIDCPNIFTY29JUL2411800PE.NFO,2024-06-18,12:53:00,2024-07-29,3.4,3.4,3.4,3.4,0,0,1
MIDCPNIFTY29JUL2411800PE.NFO,2024-06-18,12:54:00,2024-07-29,3.4,3.4,3.4,3.4,0,0,1
MIDCPNIFTY29JUL2411800PE.NFO,2024-06-18,12:55:00,2024-07-29,3.4,3.4,3.4,3.4,0,0,1
MIDCPNIFTY29JUL2411800PE.NFO,2024-06-18,12:56:00,2024-07-29,3.4,3.4,3.4,3.4,0,0,1
MIDCPNIFTY29JUL2411800PE.NFO,2024-06-18,12:57:00,2024-07-29,3.4,3.4,3.4,3.4,0,0,1
MIDCPNIFTY29JUL2411800PE.NFO,2024-06-18,12:58:00,2024-07-29,3.4,3.4,3.4,3.4,0,0,1
MIDCPNIFTY29JUL2411800PE.NFO,2024-06-18,12:59:00,2024-07-29,3.4,3.4,3.4,3.4,0,0,1
MIDCPNIFTY29JUL2411800PE.NFO,2024-06-18,13:00:00,2024-07-29,3.4,3.4,3.4,3.4,0,0,1
MIDCPNIFTY29JUL2411800PE.NFO,2024-06-18,13:01:00,2024-07-29,3.4,3.4,3.4,3.4,0,0,1
MIDCPNIFTY29JUL2411800PE.NFO,2024-06-18,13:02:00,2024-07-29,3.4,3.4,3.4,3.4,0,0,1
MIDCPNIFTY29JUL2411800PE.NFO,2024-06-18,13:03:00,2024-07-29,3.4,3.4,3.4,3.4,0,0,1
MIDCPNIFTY29JUL2411800PE.NFO,2024-06-18,13:04:00,2024-07-29,3.4,3.4,3.4,3.4,0,0,1
MIDCPNIFTY29JUL2411800PE.NFO,2024-06-18,13:05:00,2024-07-29,3.4,3.4,3.4,3.4,0,0,1
MIDCPNIFTY29JUL2411800PE.NFO,2024-06-18,13:06:00,2024-07-29,3.4,3.4,3.4,3.4,0,0,1
MIDCPNIFTY29JUL2411800PE.NFO,2024-06-18,13:07:00,2024-07-29,3.4,3.4,3.4,3.4,0,0,1
MIDCPNIFTY29JUL2411800PE.NFO,2024-06-18,13:08:00,2024-07-29,3.4,3.4,3.4,3.4,0,0,1
MIDCPNIFTY29JUL2411800PE.NFO,2024-06-18,13:09:00,2024-07-29,3.4,3.4,3.4,3.4,0,0,1
MIDCPNIFTY29JUL2411800PE.NFO,2024-06-18,13:10:00,2024-07-29,3.4,3.4,3.4,3.4,0,0,1
MIDCPNIFTY29JUL2411800PE.NFO,2024-06-18,13:11:00,2024-07-29,3.4,3.4,3.4,3.4,0,0,1
MIDCPNIFTY29JUL2411800PE.NFO,2024-06-18,13:12:00,2024-07-29,3.4,3.4,3.4,3.4,0,0,1
MIDCPNIFTY29JUL2411800PE.NFO,2024-06-18,13:13:00,2024-07-29,3.4,3.4,3.4,3.4,0,0,1
MIDCPNIFTY29JUL2411800PE.NFO,2024-06-18,13:14:00,2024-07-29,3.4,3.4,3.4,3.4,0,0,1
MIDCPNIFTY29JUL2411800PE.NFO,2024-06-18,13:15:00,2024-07-29,3.4,3.4,3.4,3.4,0,0,1
MIDCPNIFTY29JUL2411800PE.NFO,2024-06-18,13:16:00,2024-07-29,3.4,3.4,3.4,3.4,0,0,1
MIDCPNIFTY29JUL2411800PE.NFO,2024-06-18,13:17:00,2024-07-29,3.4,3.4,3.4,3.4,0,0,1
MIDCPNIFTY29JUL2411800PE.NFO,2024-06-18,13:18:00,2024-07-29,3.4,3.4,3.4,3.4,0,0,1
MIDCPNIFTY29JUL2411800PE.NFO,2024-06-18,13:19:00,2024-07-29,3.4,3.4,3.4,3.4,0,0,1
MIDCPNIFTY29JUL2411800PE.NFO,2024-06-18,13:20:00,2024-07-29,3.4,3.4,3.4,3.4,0,0,1
MIDCPNIFTY29JUL2411800PE.NFO,2024-06-18,13:21:00,2024-07-29,3.4,3.4,3.4,3.4,0,0,1
MIDCPNIFTY29JUL2411800PE.NFO,2024-06-18,13:22:00,2024-07-29,3.4,3.4,3.4,3.4,0,0,1
MIDCPNIFTY29JUL2411800PE.NFO,2024-06-18,13:23:00,2024-07-29,3.4,3.4,3.4,3.4,0,0,1
MIDCPNIFTY29JUL2411800PE.NFO,2024-06-18,13:24:00,2024-07-29,3.4,3.4,3.4,3.4,0,0,1
MIDCPNIFTY29JUL2411800PE.NFO,2024-06-18,13:25:00,2024-07-29,3.4,3.4,3.4,3.4,0,0,1
MIDCPNIFTY29JUL2411800PE.NFO,2024-06-18,13:26:00,2024-07-29,3.4,3.4,3.4,3.4,0,0,1
MIDCPNIFTY29JUL2411800PE.NFO,2024-06-18,13:27:00,2024-07-29,3.4,3.4,3.4,3.4,0,0,1
MIDCPNIFTY29JUL2411800PE.NFO,2024-06-18,13:28:00,2024-07-29,3.4,3.4,3.4,3.4,0,0,1
MIDCPNIFTY29JUL2411800PE.NFO,2024-06-18,13:29:00,2024-07-29,3.4,3.4,3.4,3.4,0,0,1
MIDCPNIFTY29JUL2411800PE.NFO,2024-06-18,13:30:00,2024-07-29,3.4,3.4,3.4,3.4,0,0,1
MIDCPNIFTY29JUL2411800PE.NFO,2024-06-18,13:31:00,2024-07-29,3.4,3.4,3.4,3.4,0,0,1
MIDCPNIFTY29JUL2411800PE.NFO,2024-06-18,13:32:00,2024-07-29,3.4,3.4,3.4,3.4,0,0,1
MIDCPNIFTY29JUL2411800PE.NFO,2024-06-18,13:33:00,2024-07-29,3.4,3.4,3.4,3.4,0,0,1
MIDCPNIFTY29JUL2411800PE.NFO,2024-06-18,13:34:00,2024-07-29,3.4,3.4,3.4,3.4,0,0,1
MIDCPNIFTY29JUL2411800PE.NFO,2024-06-18,13:35:00,2024-07-29,3.4,3.4,3.4,3.4,0,0,1
MIDCPNIFTY29JUL2411800PE.NFO,2024-06-18,13:36:00,2024-07-29,3.4,3.4,3.4,3.4,0,0,1
MIDCPNIFTY29JUL2411800PE.NFO,2024-06-18,13:37:00,2024-07-29,3.4,3.4,3.4,3.4,0,0,1
MIDCPNIFTY29JUL2411800PE.NFO,2024-06-18,13:38:00,2024-07-29,3.4,3.4,3.4,3.4,0,0,1
MIDCPNIFTY29JUL2411800PE.NFO,2024-06-18,13:39:00,2024-07-29,3.4,3.4,3.4,3.4,0,0,1
MIDCPNIFTY29JUL2411800PE.NFO,2024-06-18,13:40:00,2024-07-29,3.4,3.4,3.4,3.4,0,0,1
MIDCPNIFTY29JUL2411800PE.NFO,2024-06-18,13:41:00,2024-07-29,3.4,3.4,3.4,3.4,0,0,1
MIDCPNIFTY29JUL2411800PE.NFO,2024-06-18,13:42:00,2024-07-29,3.4,3.4,3.4,3.4,0,0,1
MIDCPNIFTY29JUL2411800PE.NFO,2024-06-18,13:43:00,2024-07-29,3.4,3.4,3.4,3.4,0,0,1
MIDCPNIFTY29JUL2411800PE.NFO,2024-06-18,13:44:00,2024-07-29,3.4,3.4,3.4,3.4,0,0,1
MIDCPNIFTY29JUL2411800PE.NFO,2024-06-18,13:45:00,2024-07-29,3.4,3.4,3.4,3.4,0,0,1
MIDCPNIFTY29JUL2411800PE.NFO,2024-06-18,13:46:00,2024-07-29,3.4,3.4,3.4,3.4,0,0,1
MIDCPNIFTY29JUL2411800PE.NFO,2024-06-18,13:47:00,2024-07-29,3.4,3.4,3.4,3.4,0,0,1
MIDCPNIFTY29JUL2411800PE.NFO,2024-06-18,13:48:00,2024-07-29,3.4,3.4,3.4,3.4,0,0,1
MIDCPNIFTY29JUL2411800PE.NFO,2024-06-18,13:49:00,2024-07-29,3.4,3.4,3.4,3.4,0,0,1
MIDCPNIFTY29JUL2411800PE.NFO,2024-06-18,13:50:00,2024-07-29,3.4,3.4,3.4,3.4,0,0,1
MIDCPNIFTY29JUL2411800PE.NFO,2024-06-18,13:51:00,2024-07-29,3.4,3.4,3.4,3.4,0,0,1
MIDCPNIFTY29JUL2411800PE.NFO,2024-06-18,13:52:00,2024-07-29,3.4,3.4,3.4,3.4,0,0,1
MIDCPNIFTY29JUL2411800PE.NFO,2024-06-18,13:53:00,2024-07-29,3.4,3.4,3.4,3.4,0,0,1
MIDCPNIFTY29JUL2411800PE.NFO,2024-06-18,13:54:00,2024-07-29,3.4,3.4,3.4,3.4,0,0,1
MIDCPNIFTY29JUL2411800PE.NFO,2024-06-18,13:55:00,2024-07-29,3.4,3.4,3.4,3.4,0,0,1
MIDCPNIFTY29JUL2411800PE.NFO,2024-06-18,13:56:00,2024-07-29,3.4,3.4,3.4,3.4,0,0,1
MIDCPNIFTY29JUL2411800PE.NFO,2024-06-18,13:57:00,2024-07-29,3.4,3.4,3.4,3.4,0,0,1
MIDCPNIFTY29JUL2411800PE.NFO,2024-06-18,13:58:00,2024-07-29,3.4,3.4,3.4,3.4,0,0,1
MIDCPNIFTY29JUL2411800PE.NFO,2024-06-18,13:59:00,2024-07-29,3.4,3.4,3.4,3.4,0,0,1
MIDCPNIFTY29JUL2411800PE.NFO,2024-06-18,14:00:00,2024-07-29,3.4,3.4,3.4,3.4,0,0,1
MIDCPNIFTY29JUL2411800PE.NFO,2024-06-18,14:01:00,2024-07-29,3.4,3.4,3.4,3.4,0,0,1
MIDCPNIFTY29JUL2411800PE.NFO,2024-06-18,14:02:00,2024-07-29,3.4,3.4,3.4,3.4,0,0,1
MIDCPNIFTY29JUL2411800PE.NFO,2024-06-18,14:03:00,2024-07-29,3.4,3.4,3.4,3.4,0,0,1
MIDCPNIFTY29JUL2411800PE.NFO,2024-06-18,14:04:00,2024-07-29,3.4,3.4,3.4,3.4,0,0,1
MIDCPNIFTY29JUL2411800PE.NFO,2024-06-18,14:05:00,2024-07-29,3.4,3.4,3.4,3.4,0,0,1
MIDCPNIFTY29JUL2411800PE.NFO,2024-06-18,14:06:00,2024-07-29,3.4,3.4,3.4,3.4,0,0,1
MIDCPNIFTY29JUL2411800PE.NFO,2024-06-18,14:07:00,2024-07-29,3.4,3.4,3.4,3.4,0,0,1
MIDCPNIFTY29JUL2411800PE.NFO,2024-06-18,14:08:00,2024-07-29,3.4,3.4,3.4,3.4,0,0,1
MIDCPNIFTY29JUL2411800PE.NFO,2024-06-18,14:09:00,2024-07-29,3.4,3.4,3.4,3.4,0,0,1
MIDCPNIFTY29JUL2411800PE.NFO,2024-06-18,14:10:00,2024-07-29,3.4,3.4,3.4,3.4,0,0,1
MIDCPNIFTY29JUL2411800PE.NFO,2024-06-18,14:11:00,2024-07-29,3.4,3.4,3.4,3.4,0,0,1
MIDCPNIFTY29JUL2411800PE.NFO,2024-06-18,14:12:00,2024-07-29,3.4,3.4,3.4,3.4,0,0,1
MIDCPNIFTY29JUL2411800PE.NFO,2024-06-18,14:13:00,2024-07-29,3.4,3.4,3.4,3.4,0,0,1
MIDCPNIFTY29JUL2411800PE.NFO,2024-06-18,14:14:00,2024-07-29,3.4,3.4,3.4,3.4,0,0,1
MIDCPNIFTY29JUL2411800PE.NFO,2024-06-18,14:15:00,2024-07-29,3.4,3.4,3.4,3.4,0,0,1
MIDCPNIFTY29JUL2411800PE.NFO,2024-06-18,14:16:00,2024-07-29,3.4,3.4,3.4,3.4,0,0,1
MIDCPNIFTY29JUL2411800PE.NFO,2024-06-18,14:17:00,2024-07-29,3.4,3.4,3.4,3.4,0,0,1
MIDCPNIFTY29JUL2411800PE.NFO,2024-06-18,14:18:00,2024-07-29,3.4,3.4,3.4,3.4,0,0,1
MIDCPNIFTY29JUL2411800PE.NFO,2024-06-18,14:19:00,2024-07-29,3.4,3.4,3.4,3.4,0,0,1
MIDCPNIFTY29JUL2411800PE.NFO,2024-06-18,14:20:00,2024-07-29,3.4,3.4,3.4,3.4,0,0,1
MIDCPNIFTY29JUL2411800PE.NFO,2024-06-18,14:21:00,2024-07-29,3.4,3.4,3.4,3.4,0,0,1
MIDCPNIFTY29JUL2411800PE.NFO,2024-06-18,14:22:00,2024-07-29,3.4,3.4,3.4,3.4,0,0,1
MIDCPNIFTY29JUL2411800PE.NFO,2024-06-18,14:23:00,2024-07-29,3.4,3.4,3.4,3.4,0,0,1
MIDCPNIFTY29JUL2411800PE.NFO,2024-06-18,14:24:00,2024-07-29,3.4,3.4,3.4,3.4,0,0,1
MIDCPNIFTY29JUL2411800PE.NFO,2024-06-18,14:25:00,2024-07-29,3.4,3.4,3.4,3.4,0,0,1
MIDCPNIFTY29JUL2411800PE.NFO,2024-06-18,14:26:00,2024-07-29,3.4,3.4,3.4,3.4,0,0,1
MIDCPNIFTY29JUL2411800PE.NFO,2024-06-18,14:27:00,2024-07-29,3.4,3.4,3.4,3.4,0,0,1
MIDCPNIFTY29JUL2411800PE.NFO,2024-06-18,14:28:00,2024-07-29,3.4,3.4,3.4,3.4,0,0,1
MIDCPNIFTY29JUL2411800PE.NFO,2024-06-18,14:29:00,2024-07-29,3.4,3.4,3.4,3.4,0,0,1
MIDCPNIFTY29JUL2411800PE.NFO,2024-06-18,14:30:00,2024-07-29,3.4,3.4,3.4,3.4,0,0,1
MIDCPNIFTY29JUL2411800PE.NFO,2024-06-18,14:31:00,2024-07-29,3.4,3.4,3.4,3.4,0,0,1
MIDCPNIFTY29JUL2411800PE.NFO,2024-06-18,14:32:00,2024-07-29,3.4,3.4,3.4,3.4,0,0,1
MIDCPNIFTY29JUL2411800PE.NFO,2024-06-18,14:33:00,2024-07-29,3.4,3.4,3.4,3.4,0,0,1
MIDCPNIFTY29JUL2411800PE.NFO,2024-06-18,14:34:00,2024-07-29,3.4,3.4,3.4,3.4,0,0,1
MIDCPNIFTY29JUL2411800PE.NFO,2024-06-18,14:35:00,2024-07-29,3.4,3.4,3.4,3.4,0,0,1
MIDCPNIFTY29JUL2411800PE.NFO,2024-06-18,14:36:00,2024-07-29,3.4,3.4,3.4,3.4,0,0,1
MIDCPNIFTY29JUL2411800PE.NFO,2024-06-18,14:37:00,2024-07-29,3.4,3.4,3.4,3.4,0,0,1
MIDCPNIFTY29JUL2411800PE.NFO,2024-06-18,14:38:00,2024-07-29,3.4,3.4,3.4,3.4,0,0,1
MIDCPNIFTY29JUL2411800PE.NFO,2024-06-18,14:39:00,2024-07-29,3.4,3.4,3.4,3.4,0,0,1
MIDCPNIFTY29JUL2411800PE.NFO,2024-06-18,14:40:00,2024-07-29,3.4,3.4,3.4,3.4,0,0,1
MIDCPNIFTY29JUL2411800PE.NFO,2024-06-18,14:41:00,2024-07-29,3.4,3.4,3.4,3.4,0,0,1
MIDCPNIFTY29JUL2411800PE.NFO,2024-06-18,14:42:00,2024-07-29,3.4,3.4,3.4,3.4,0,0,1
MIDCPNIFTY29JUL2411800PE.NFO,2024-06-18,14:43:00,2024-07-29,3.4,3.4,3.4,3.4,0,0,1
MIDCPNIFTY29JUL2411800PE.NFO,2024-06-18,14:44:00,2024-07-29,3.4,3.4,3.4,3.4,0,0,1
MIDCPNIFTY29JUL2411800PE.NFO,2024-06-18,14:45:00,2024-07-29,3.4,3.4,3.4,3.4,0,0,1
MIDCPNIFTY29JUL2411800PE.NFO,2024-06-18,14:46:00,2024-07-29,3.4,3.4,3.4,3.4,0,0,1
MIDCPNIFTY29JUL2411800PE.NFO,2024-06-18,14:47:00,2024-07-29,3.4,3.4,3.4,3.4,0,0,1
MIDCPNIFTY29JUL2411800PE.NFO,2024-06-18,14:48:00,2024-07-29,3.4,3.4,3.4,3.4,0,0,1
MIDCPNIFTY29JUL2411800PE.NFO,2024-06-18,14:49:00,2024-07-29,3.4,3.4,3.4,3.4,0,0,1
MIDCPNIFTY29JUL2411800PE.NFO,2024-06-18,14:50:00,2024-07-29,3.4,3.4,3.4,3.4,0,0,1
MIDCPNIFTY29JUL2411800PE.NFO,2024-06-18,14:51:00,2024-07-29,3.4,3.4,3.4,3.4,0,0,1
MIDCPNIFTY29JUL2411800PE.NFO,2024-06-18,14:52:00,2024-07-29,3.4,3.4,3.4,3.4,0,0,1
MIDCPNIFTY29JUL2411800PE.NFO,2024-06-18,14:53:00,2024-07-29,3.4,3.4,3.4,3.4,0,0,1
MIDCPNIFTY29JUL2411800PE.NFO,2024-06-18,14:54:00,2024-07-29,3.4,3.4,3.4,3.4,0,0,1
MIDCPNIFTY29JUL2411800PE.NFO,2024-06-18,14:55:00,2024-07-29,3.4,3.4,3.4,3.4,0,0,1
MIDCPNIFTY29JUL2411800PE.NFO,2024-06-18,14:56:00,2024-07-29,3.4,3.4,3.4,3.4,0,0,1
MIDCPNIFTY29JUL2411800PE.NFO,2024-06-18,14:57:00,2024-07-29,3.4,3.4,3.4,3.4,0,0,1
MIDCPNIFTY29JUL2411800PE.NFO,2024-06-18,14:58:00,2024-07-29,3.4,3.4,3.4,3.4,0,0,1
MIDCPNIFTY29JUL2411800PE.NFO,2024-06-18,14:59:00,2024-07-29,3.4,3.4,3.4,3.4,0,0,1
MIDCPNIFTY29JUL2411800PE.NFO,2024-06-18,15:00:00,2024-07-29,3.4,3.4,3.4,3.4,0,0,1
MIDCPNIFTY29JUL2411800PE.NFO,2024-06-18,15:01:00,2024-07-29,3.4,3.4,3.4,3.4,0,0,1
MIDCPNIFTY29JUL2411800PE.NFO,2024-06-18,15:02:00,2024-07-29,3.4,3.4,3.4,3.4,0,0,1
MIDCPNIFTY29JUL2411800PE.NFO,2024-06-18,15:03:00,2024-07-29,3.4,3.4,3.4,3.4,0,0,1
MIDCPNIFTY29JUL2411800PE.NFO,2024-06-18,15:04:00,2024-07-29,3.4,3.4,3.4,3.4,0,0,1
MIDCPNIFTY29JUL2411800PE.NFO,2024-06-18,15:05:00,2024-07-29,3.4,3.4,3.4,3.4,0,0,1
MIDCPNIFTY29JUL2411800PE.NFO,2024-06-18,15:06:00,2024-07-29,3.4,3.4,3.4,3.4,0,0,1
MIDCPNIFTY29JUL2411800PE.NFO,2024-06-18,15:07:00,2024-07-29,3.4,3.4,3.4,3.4,0,0,1
MIDCPNIFTY29JUL2411800PE.NFO,2024-06-18,15:08:00,2024-07-29,3.4,3.4,3.4,3.4,0,0,1
MIDCPNIFTY29JUL2411800PE.NFO,2024-06-18,15:09:00,2024-07-29,3.4,3.4,3.4,3.4,0,0,1
MIDCPNIFTY29JUL2411800PE.NFO,2024-06-18,15:10:00,2024-07-29,3.4,3.4,3.4,3.4,0,0,1
MIDCPNIFTY29JUL2411800PE.NFO,2024-06-18,15:11:00,2024-07-29,3.4,3.4,3.4,3.4,0,0,1
MIDCPNIFTY29JUL2411800PE.NFO,2024-06-18,15:12:00,2024-07-29,3.4,3.4,3.4,3.4,0,0,1
MIDCPNIFTY29JUL2411800PE.NFO,2024-06-18,15:13:00,2024-07-29,3.4,3.4,3.4,3.4,0,0,1
MIDCPNIFTY29JUL2411800PE.NFO,2024-06-18,15:14:00,2024-07-29,3.4,3.4,3.4,3.4,0,0,1
MIDCPNIFTY29JUL2411800PE.NFO,2024-06-18,15:15:00,2024-07-29,3.4,3.4,3.4,3.4,0,0,1
MIDCPNIFTY29JUL2411800PE.NFO,2024-06-18,15:16:00,2024-07-29,3.4,3.4,3.4,3.4,0,0,1
MIDCPNIFTY29JUL2411800PE.NFO,2024-06-18,15:17:00,2024-07-29,3.4,3.4,3.4,3.4,0,0,1
MIDCPNIFTY29JUL2411800PE.NFO,2024-06-18,15:18:00,2024-07-29,3.4,3.4,3.4,3.4,0,0,1
MIDCPNIFTY29JUL2411800PE.NFO,2024-06-18,15:19:00,2024-07-29,3.4,3.4,3.4,3.4,0,0,1
MIDCPNIFTY29JUL2411800PE.NFO,2024-06-18,15:20:00,2024-07-29,3.4,3.4,3.4,3.4,0,0,1
MIDCPNIFTY29JUL2411800PE.NFO,2024-06-18,15:21:00,2024-07-29,3.4,3.4,3.4,3.4,0,0,1
MIDCPNIFTY29JUL2411800PE.NFO,2024-06-18,15:22:00,2024-07-29,3.4,3.4,3.4,3.4,0,0,1
MIDCPNIFTY29JUL2411800PE.NFO,2024-06-18,15:23:00,2024-07-29,3.4,3.4,3.4,3.4,0,0,1
MIDCPNIFTY29JUL2411800PE.NFO,2024-06-18,15:24:00,2024-07-29,3.4,3.4,3.4,3.4,0,0,1
MIDCPNIFTY29JUL2411800PE.NFO,2024-06-18,15:25:00,2024-07-29,3.4,3.4,3.4,3.4,0,0,1
MIDCPNIFTY29JUL2411800PE.NFO,2024-06-18,15:26:00,2024-07-29,3.4,3.4,3.4,3.4,0,0,1
MIDCPNIFTY29JUL2411800PE.NFO,2024-06-18,15:27:00,2024-07-29,3.4,3.4,3.4,3.4,0,0,1
MIDCPNIFTY29JUL2411800PE.NFO,2024-06-18,15:28:00,2024-07-29,3.4,3.4,3.4,3.4,0,0,1
MIDCPNIFTY29JUL2411800PE.NFO,2024-06-18,15:29:00,2024-07-29,3.4,3.4,3.4,3.4,0,0,1
MIDCPNIFTY29JUL2411800PE.NFO,2024-06-18,15:30:00,2024-07-29,3.4,3.4,3.4,3.4,0,0,1
MIDCPNIFTY29JUL2411800PE.NFO,2024-06-19,09:15:00,2024-07-29,3.4,3.4,3.4,3.4,0,0,0
MIDCPNIFTY29JUL2411800PE.NFO,2024-06-19,09:16:00,2024-07-29,3.4,3.4,3.4,3.4,0,0,1
MIDCPNIFTY29JUL2411800PE.NFO,2024-06-19,09:17:00,2024-07-29,3.4,3.4,3.4,3.4,0,0,1
MIDCPNIFTY29JUL2411800PE.NFO,2024-06-19,09:18:00,2024-07-29,3.4,3.4,3.4,3.4,0,0,1
MIDCPNIFTY29JUL2411800PE.NFO,2024-06-19,09:19:00,2024-07-29,3.4,3.4,3.4,3.4,0,0,1
MIDCPNIFTY29JUL2411800PE.NFO,2024-06-19,09:20:00,2024-07-29,3.4,3.4,3.4,3.4,0,0,1
MIDCPNIFTY29JUL2411800PE.NFO,2024-06-19,09:21:00,2024-07-29,3.4,3.4,3.4,3.4,0,0,1
MIDCPNIFTY29JUL2411800PE.NFO,2024-06-19,09:22:00,2024-07-29,3.4,3.4,3.4,3.4,0,0,1
MIDCPNIFTY29JUL2411800PE.NFO,2024-06-19,09:23:00,2024-07-29,3.4,3.4,3.4,3.4,0,0,1
MIDCPNIFTY29JUL2411800PE.NFO,2024-06-19,09:24:00,2024-07-29,3.4,3.4,3.4,3.4,0,0,1
MIDCPNIFTY29JUL2411800PE.NFO,2024-06-19,09:25:00,2024-07-29,3.4,3.4,3.4,3.4,0,0,1
MIDCPNIFTY29JUL2411800PE.NFO,2024-06-19,09:26:00,2024-07-29,3.4,3.4,3.4,3.4,0,0,1
MIDCPNIFTY29JUL2411800PE.NFO,2024-06-19,09:27:00,2024-07-29,3.4,3.4,3.4,3.4,0,0,1
MIDCPNIFTY29JUL2411800PE.NFO,2024-06-19,09:28:00,2024-07-29,3.4,3.4,3.4,3.4,0,0,1
MIDCPNIFTY29JUL2411800PE.NFO,2024-06-19,09:29:00,2024-07-29,3.4,3.4,3.4,3.4,0,0,1
MIDCPNIFTY29JUL2411800PE.NFO,2024-06-19,09:30:00,2024-07-29,3.4,3.4,3.4,3.4,0,0,1
MIDCPNIFTY29JUL2411800PE.NFO,2024-06-19,09:31:00,2024-07-29,3.4,3.4,3.4,3.4,0,0,1
MIDCPNIFTY29JUL2411800PE.NFO,2024-06-19,09:32:00,2024-07-29,3.4,3.4,3.4,3.4,0,0,1
MIDCPNIFTY29JUL2411800PE.NFO,2024-06-19,09:33:00,2024-07-29,3.4,3.4,3.4,3.4,0,0,1
MIDCPNIFTY29JUL2411800PE.NFO,2024-06-19,09:34:00,2024-07-29,3.4,3.4,3.4,3.4,0,0,1
MIDCPNIFTY29JUL2411800PE.NFO,2024-06-19,09:35:00,2024-07-29,3.4,3.4,3.4,3.4,0,0,1
MIDCPNIFTY29JUL2411800PE.NFO,2024-06-19,09:36:00,2024-07-29,3.4,3.4,3.4,3.4,0,0,1
MIDCPNIFTY29JUL2411800PE.NFO,2024-06-19,09:37:00,2024-07-29,3.4,3.4,3.4,3.4,0,0,1
MIDCPNIFTY29JUL2411800PE.NFO,2024-06-19,09:38:00,2024-07-29,3.4,3.4,3.4,3.4,0,0,1
MIDCPNIFTY29JUL2411800PE.NFO,2024-06-19,09:39:00,2024-07-29,3.4,3.4,3.4,3.4,0,0,1
MIDCPNIFTY29JUL2411800PE.NFO,2024-06-19,09:40:00,2024-07-29,3.4,3.4,3.4,3.4,0,0,1
MIDCPNIFTY29JUL2411800PE.NFO,2024-06-19,09:41:00,2024-07-29,3.4,3.4,3.4,3.4,0,0,1
MIDCPNIFTY29JUL2411800PE.NFO,2024-06-19,09:42:00,2024-07-29,3.4,3.4,3.4,3.4,0,0,1
MIDCPNIFTY29JUL2411800PE.NFO,2024-06-19,09:43:00,2024-07-29,3.4,3.4,3.4,3.4,0,0,1
MIDCPNIFTY29JUL2411800PE.NFO,2024-06-19,09:44:00,2024-07-29,3.4,3.4,3.4,3.4,0,0,1
MIDCPNIFTY29JUL2411800PE.NFO,2024-06-19,09:45:00,2024-07-29,3.4,3.4,3.4,3.4,0,0,1
MIDCPNIFTY29JUL2411800PE.NFO,2024-06-19,09:46:00,2024-07-29,3.4,3.4,3.4,3.4,0,0,1
MIDCPNIFTY29JUL2411800PE.NFO,2024-06-19,09:47:00,2024-07-29,3.4,3.4,3.4,3.4,0,0,1
MIDCPNIFTY29JUL2411800PE.NFO,2024-06-19,09:48:00,2024-07-29,3.4,3.4,3.4,3.4,0,0,1
MIDCPNIFTY29JUL2411800PE.NFO,2024-06-19,09:49:00,2024-07-29,3.4,3.4,3.4,3.4,0,0,1
MIDCPNIFTY29JUL2411800PE.NFO,2024-06-19,09:50:00,2024-07-29,3.4,3.4,3.4,3.4,0,0,1
MIDCPNIFTY29JUL2411800PE.NFO,2024-06-19,09:51:00,2024-07-29,3.4,3.4,3.4,3.4,0,0,1
MIDCPNIFTY29JUL2411800PE.NFO,2024-06-19,09:52:00,2024-07-29,3.4,3.4,3.4,3.4,0,0,1
MIDCPNIFTY29JUL2411800PE.NFO,2024-06-19,09:53:00,2024-07-29,3.4,3.4,3.4,3.4,0,0,1
MIDCPNIFTY29JUL2411800PE.NFO,2024-06-19,09:54:00,2024-07-29,3.4,3.4,3.4,3.4,0,0,1
MIDCPNIFTY29JUL2411800PE.NFO,2024-06-19,09:55:00,2024-07-29,3.4,3.4,3.4,3.4,0,0,1
MIDCPNIFTY29JUL2411800PE.NFO,2024-06-19,09:56:00,2024-07-29,3.4,3.4,3.4,3.4,0,0,1
MIDCPNIFTY29JUL2411800PE.NFO,2024-06-19,09:57:00,2024-07-29,3.4,3.4,3.4,3.4,0,0,1
MIDCPNIFTY29JUL2411800PE.NFO,2024-06-19,09:58:00,2024-07-29,3.4,3.4,3.4,3.4,0,0,1
MIDCPNIFTY29JUL2411800PE.NFO,2024-06-19,09:59:00,2024-07-29,3.4,3.4,3.4,3.4,0,0,1
MIDCPNIFTY29JUL2411800PE.NFO,2024-06-19,10:00:00,2024-07-29,3.4,3.4,3.4,3.4,0,0,1
MIDCPNIFTY29JUL2411800PE.NFO,2024-06-19,10:01:00,2024-07-29,3.4,3.4,3.4,3.4,0,0,1
MIDCPNIFTY29JUL2411800PE.NFO,2024-06-19,10:02:00,2024-07-29,3.4,3.4,3.4,3.4,0,0,1
MIDCPNIFTY29JUL2411800PE.NFO,2024-06-19,10:03:00,2024-07-29,3.4,3.4,3.4,3.4,0,0,1
MIDCPNIFTY29JUL2411800PE.NFO,2024-06-19,10:04:00,2024-07-29,3.4,3.4,3.4,3.4,0,0,1
MIDCPNIFTY29JUL2411800PE.NFO,2024-06-19,10:05:00,2024-07-29,3.4,3.4,3.4,3.4,0,0,1
MIDCPNIFTY29JUL2411800PE.NFO,2024-06-19,10:06:00,2024-07-29,3.4,3.4,3.4,3.4,0,0,1
MIDCPNIFTY29JUL2411800PE.NFO,2024-06-19,10:07:00,2024-07-29,3.4,3.4,3.4,3.4,0,0,1
MIDCPNIFTY29JUL2411800PE.NFO,2024-06-19,10:08:00,2024-07-29,3.4,3.4,3.4,3.4,0,0,1
MIDCPNIFTY29JUL2411800PE.NFO,2024-06-19,10:09:00,2024-07-29,3.4,3.4,3.4,3.4,0,0,1
MIDCPNIFTY29JUL2411800PE.NFO,2024-06-19,10:10:00,2024-07-29,3.4,3.4,3.4,3.4,0,0,1
MIDCPNIFTY29JUL2411800PE.NFO,2024-06-19,10:11:00,2024-07-29,3.4,3.4,3.4,3.4,0,0,1
MIDCPNIFTY29JUL2411800PE.NFO,2024-06-19,10:12:00,2024-07-29,3.4,3.4,3.4,3.4,0,0,1
MIDCPNIFTY29JUL2411800PE.NFO,2024-06-19,10:13:00,2024-07-29,3.4,3.4,3.4,3.4,0,0,1
MIDCPNIFTY29JUL2411800PE.NFO,2024-06-19,10:14:00,2024-07-29,3.4,3.4,3.4,3.4,0,0,1
MIDCPNIFTY29JUL2411800PE.NFO,2024-06-19,10:15:00,2024-07-29,3.4,3.4,3.4,3.4,0,0,1
MIDCPNIFTY29JUL2411800PE.NFO,2024-06-19,10:16:00,2024-07-29,3.4,3.4,3.4,3.4,0,0,1
MIDCPNIFTY29JUL2411800PE.NFO,2024-06-19,10:17:00,2024-07-29,3.4,3.4,3.4,3.4,0,0,1
MIDCPNIFTY29JUL2411800PE.NFO,2024-06-19,10:18:00,2024-07-29,3.4,3.4,3.4,3.4,0,0,1
MIDCPNIFTY29JUL2411800PE.NFO,2024-06-19,10:19:00,2024-07-29,3.4,3.4,3.4,3.4,0,0,1
MIDCPNIFTY29JUL2411800PE.NFO,2024-06-19,10:20:00,2024-07-29,3.4,3.4,3.4,3.4,0,0,1
MIDCPNIFTY29JUL2411800PE.NFO,2024-06-19,10:21:00,2024-07-29,3.4,3.4,3.4,3.4,0,0,1
MIDCPNIFTY29JUL2411800PE.NFO,2024-06-19,10:22:00,2024-07-29,3.4,3.4,3.4,3.4,0,0,1
MIDCPNIFTY29JUL2411800PE.NFO,2024-06-19,10:23:00,2024-07-29,3.4,3.4,3.4,3.4,0,0,1
MIDCPNIFTY29JUL2411800PE.NFO,2024-06-19,10:24:00,2024-07-29,3.4,3.4,3.4,3.4,0,0,1
MIDCPNIFTY29JUL2411800PE.NFO,2024-06-19,10:25:00,2024-07-29,3.4,3.4,3.4,3.4,0,0,1
MIDCPNIFTY29JUL2411800PE.NFO,2024-06-19,10:26:00,2024-07-29,3.4,3.4,3.4,3.4,0,0,1
MIDCPNIFTY29JUL2411800PE.NFO,2024-06-19,10:27:00,2024-07-29,3.4,3.4,3.4,3.4,0,0,1
MIDCPNIFTY29JUL2411800PE.NFO,2024-06-19,10:28:00,2024-07-29,3.4,3.4,3.4,3.4,0,0,1
MIDCPNIFTY29JUL2411800PE.NFO,2024-06-19,10:29:00,2024-07-29,3.4,3.4,3.4,3.4,0,0,1
MIDCPNIFTY29JUL2411800PE.NFO,2024-06-19,10:30:00,2024-07-29,3.4,3.4,3.4,3.4,0,0,1
MIDCPNIFTY29JUL2411800PE.NFO,2024-06-19,10:31:00,2024-07-29,3.4,3.4,3.4,3.4,0,0,1
MIDCPNIFTY29JUL2411800PE.NFO,2024-06-19,10:32:00,2024-07-29,3.4,3.4,3.4,3.4,0,0,1
MIDCPNIFTY29JUL2411800PE.NFO,2024-06-19,10:33:00,2024-07-29,3.4,3.4,3.4,3.4,0,0,1
MIDCPNIFTY29JUL2411800PE.NFO,2024-06-19,10:34:00,2024-07-29,3.4,3.4,3.4,3.4,0,0,1
MIDCPNIFTY29JUL2411800PE.NFO,2024-06-19,10:35:00,2024-07-29,3.4,3.4,3.4,3.4,0,0,1
MIDCPNIFTY29JUL2411800PE.NFO,2024-06-19,10:36:00,2024-07-29,3.4,3.4,3.4,3.4,0,0,1
MIDCPNIFTY29JUL2411800PE.NFO,2024-06-19,10:37:00,2024-07-29,3.4,3.4,3.4,3.4,0,0,1
MIDCPNIFTY29JUL2411800PE.NFO,2024-06-19,10:38:00,2024-07-29,3.4,3.4,3.4,3.4,0,0,1
MIDCPNIFTY29JUL2411800PE.NFO,2024-06-19,10:39:00,2024-07-29,3.4,3.4,3.4,3.4,0,0,1
MIDCPNIFTY29JUL2411800PE.NFO,2024-06-19,10:40:00,2024-07-29,3.4,3.4,3.4,3.4,0,0,1
MIDCPNIFTY29JUL2411800PE.NFO,2024-06-19,10:41:00,2024-07-29,3.4,3.4,3.4,3.4,0,0,1
MIDCPNIFTY29JUL2411800PE.NFO,2024-06-19,10:42:00,2024-07-29,3.4,3.4,3.4,3.4,0,0,1
MIDCPNIFTY29JUL2411800PE.NFO,2024-06-19,10:43:00,2024-07-29,3.4,3.4,3.4,3.4,0,0,1
MIDCPNIFTY29JUL2411800PE.NFO,2024-06-19,10:44:00,2024-07-29,3.4,3.4,3.4,3.4,0,0,1
MIDCPNIFTY29JUL2411800PE.NFO,2024-06-19,10:45:00,2024-07-29,3.4,3.4,3.4,3.4,0,0,1
MIDCPNIFTY29JUL2411800PE.NFO,2024-06-19,10:46:00,2024-07-29,3.4,3.4,3.4,3.4,0,0,1
MIDCPNIFTY29JUL2411800PE.NFO,2024-06-19,10:47:00,2024-07-29,3.4,3.4,3.4,3.4,0,0,1
MIDCPNIFTY29JUL2411800PE.NFO,2024-06-19,10:48:00,2024-07-29,3.4,3.4,3.4,3.4,0,0,1
MIDCPNIFTY29JUL2411800PE.NFO,2024-06-19,10:49:00,2024-07-29,3.4,3.4,3.4,3.4,0,0,1
MIDCPNIFTY29JUL2411800PE.NFO,2024-06-19,10:50:00,2024-07-29,3.4,3.4,3.4,3.4,0,0,1
MIDCPNIFTY29JUL2411800PE.NFO,2024-06-19,10:51:00,2024-07-29,3.4,3.4,3.4,3.4,0,0,1
MIDCPNIFTY29JUL2411800PE.NFO,2024-06-19,10:52:00,2024-07-29,3.4,3.4,3.4,3.4,0,0,1
MIDCPNIFTY29JUL2411800PE.NFO,2024-06-19,10:53:00,2024-07-29,3.4,3.4,3.4,3.4,0,0,1
MIDCPNIFTY29JUL2411800PE.NFO,2024-06-19,10:54:00,2024-07-29,3.4,3.4,3.4,3.4,0,0,1
MIDCPNIFTY29JUL2411800PE.NFO,2024-06-19,10:55:00,2024-07-29,3.4,3.4,3.4,3.4,0,0,1
MIDCPNIFTY29JUL2411800PE.NFO,2024-06-19,10:56:00,2024-07-29,3.4,3.4,3.4,3.4,0,0,1
MIDCPNIFTY29JUL2411800PE.NFO,2024-06-19,10:57:00,2024-07-29,3.4,3.4,3.4,3.4,0,0,1
MIDCPNIFTY29JUL2411800PE.NFO,2024-06-19,10:58:00,2024-07-29,3.4,3.4,3.4,3.4,0,0,1
MIDCPNIFTY29JUL2411800PE.NFO,2024-06-19,10:59:00,2024-07-29,3.4,3.4,3.4,3.4,0,0,1
MIDCPNIFTY29JUL2411800PE.NFO,2024-06-19,11:00:00,2024-07-29,3.4,3.4,3.4,3.4,0,0,1
MIDCPNIFTY29JUL2411800PE.NFO,2024-06-19,11:01:00,2024-07-29,3.4,3.4,3.4,3.4,0,0,1
MIDCPNIFTY29JUL2411800PE.NFO,2024-06-19,11:02:00,2024-07-29,3.4,3.4,3.4,3.4,0,0,1
MIDCPNIFTY29JUL2411800PE.NFO,2024-06-19,11:03:00,2024-07-29,3.4,3.4,3.4,3.4,0,0,1
MIDCPNIFTY29JUL2411800PE.NFO,2024-06-19,11:04:00,2024-07-29,3.4,3.4,3.4,3.4,0,0,1
MIDCPNIFTY29JUL2411800PE.NFO,2024-06-19,11:05:00,2024-07-29,3.4,3.4,3.4,3.4,0,0,1
MIDCPNIFTY29JUL2411800PE.NFO,2024-06-19,11:06:00,2024-07-29,3.4,3.4,3.4,3.4,0,0,1
MIDCPNIFTY29JUL2411800PE.NFO,2024-06-19,11:07:00,2024-07-29,3.4,3.4,3.4,3.4,0,0,1
MIDCPNIFTY29JUL2411800PE.NFO,2024-06-19,11:08:00,2024-07-29,3.4,3.4,3.4,3.4,0,0,1
MIDCPNIFTY29JUL2411800PE.NFO,2024-06-19,11:09:00,2024-07-29,3.4,3.4,3.4,3.4,0,0,1
MIDCPNIFTY29JUL2411800PE.NFO,2024-06-19,11:10:00,2024-07-29,3.4,3.4,3.4,3.4,0,0,1
MIDCPNIFTY29JUL2411800PE.NFO,2024-06-19,11:11:00,2024-07-29,3.4,3.4,3.4,3.4,0,0,1
MIDCPNIFTY29JUL2411800PE.NFO,2024-06-19,11:12:00,2024-07-29,3.4,3.4,3.4,3.4,0,0,1
MIDCPNIFTY29JUL2411800PE.NFO,2024-06-19,11:13:00,2024-07-29,3.4,3.4,3.4,3.4,0,0,1
MIDCPNIFTY29JUL2411800PE.NFO,2024-06-19,11:14:00,2024-07-29,3.4,3.4,3.4,3.4,0,0,1
MIDCPNIFTY29JUL2411800PE.NFO,2024-06-19,11:15:00,2024-07-29,3.4,3.4,3.4,3.4,0,0,1
MIDCPNIFTY29JUL2411800PE.NFO,2024-06-19,11:16:00,2024-07-29,3.4,3.4,3.4,3.4,0,0,1
MIDCPNIFTY29JUL2411800PE.NFO,2024-06-19,11:17:00,2024-07-29,3.4,3.4,3.4,3.4,0,0,1
MIDCPNIFTY29JUL2411800PE.NFO,2024-06-19,11:18:00,2024-07-29,3.4,3.4,3.4,3.4,0,0,1
MIDCPNIFTY29JUL2411800PE.NFO,2024-06-19,11:19:00,2024-07-29,3.4,3.4,3.4,3.4,0,0,1
MIDCPNIFTY29JUL2411800PE.NFO,2024-06-19,11:20:00,2024-07-29,3.4,3.4,3.4,3.4,0,0,1
MIDCPNIFTY29JUL2411800PE.NFO,2024-06-19,11:21:00,2024-07-29,3.4,3.4,3.4,3.4,0,0,1
MIDCPNIFTY29JUL2411800PE.NFO,2024-06-19,11:22:00,2024-07-29,3.4,3.4,3.4,3.4,0,0,1
MIDCPNIFTY29JUL2411800PE.NFO,2024-06-19,11:23:00,2024-07-29,3.4,3.4,3.4,3.4,0,0,1
MIDCPNIFTY29JUL2411800PE.NFO,2024-06-19,11:24:00,2024-07-29,3.4,3.4,3.4,3.4,0,0,1
MIDCPNIFTY29JUL2411800PE.NFO,2024-06-19,11:25:00,2024-07-29,3.4,3.4,3.4,3.4,0,0,1
MIDCPNIFTY29JUL2411800PE.NFO,2024-06-19,11:26:00,2024-07-29,3.4,3.4,3.4,3.4,0,0,1
MIDCPNIFTY29JUL2411800PE.NFO,2024-06-19,11:27:00,2024-07-29,3.4,3.4,3.4,3.4,0,0,1
MIDCPNIFTY29JUL2411800PE.NFO,2024-06-19,11:28:00,2024-07-29,3.4,3.4,3.4,3.4,0,0,1
MIDCPNIFTY29JUL2411800PE.NFO,2024-06-19,11:29:00,2024-07-29,3.4,3.4,3.4,3.4,0,0,1
MIDCPNIFTY29JUL2411800PE.NFO,2024-06-19,11:30:00,2024-07-29,3.4,3.4,3.4,3.4,0,0,1
MIDCPNIFTY29JUL2411800PE.NFO,2024-06-19,11:31:00,2024-07-29,3.4,3.4,3.4,3.4,0,0,1
MIDCPNIFTY29JUL2411800PE.NFO,2024-06-19,11:32:00,2024-07-29,3.4,3.4,3.4,3.4,0,0,1
MIDCPNIFTY29JUL2411800PE.NFO,2024-06-19,11:33:00,2024-07-29,3.4,3.4,3.4,3.4,0,0,1
MIDCPNIFTY29JUL2411800PE.NFO,2024-06-19,11:34:00,2024-07-29,3.4,3.4,3.4,3.4,0,0,1
MIDCPNIFTY29JUL2411800PE.NFO,2024-06-19,11:35:00,2024-07-29,3.4,3.4,3.4,3.4,0,0,1
MIDCPNIFTY29JUL2411800PE.NFO,2024-06-19,11:36:00,2024-07-29,3.4,3.4,3.4,3.4,0,0,1
MIDCPNIFTY29JUL2411800PE.NFO,2024-06-19,11:37:00,2024-07-29,3.4,3.4,3.4,3.4,0,0,1
MIDCPNIFTY29JUL2411800PE.NFO,2024-06-19,11:38:00,2024-07-29,3.4,3.4,3.4,3.4,0,0,1
MIDCPNIFTY29JUL2411800PE.NFO,2024-06-19,11:39:00,2024-07-29,3.4,3.4,3.4,3.4,0,0,1
MIDCPNIFTY29JUL2411800PE.NFO,2024-06-19,11:40:00,2024-07-29,3.4,3.4,3.4,3.4,0,0,1
MIDCPNIFTY29JUL2411800PE.NFO,2024-06-19,11:41:00,2024-07-29,3.4,3.4,3.4,3.4,0,0,1
MIDCPNIFTY29JUL2411800PE.NFO,2024-06-19,11:42:00,2024-07-29,3.4,3.4,3.4,3.4,0,0,1
MIDCPNIFTY29JUL2411800PE.NFO,2024-06-19,11:43:00,2024-07-29,3.4,3.4,3.4,3.4,0,0,1
MIDCPNIFTY29JUL2411800PE.NFO,2024-06-19,11:44:00,2024-07-29,3.4,3.4,3.4,3.4,0,0,1
MIDCPNIFTY29JUL2411800PE.NFO,2024-06-19,11:45:00,2024-07-29,3.4,3.4,3.4,3.4,0,0,1
MIDCPNIFTY29JUL2411800PE.NFO,2024-06-19,11:46:00,2024-07-29,3.4,3.4,3.4,3.4,0,0,1
MIDCPNIFTY29JUL2411800PE.NFO,2024-06-19,11:47:00,2024-07-29,3.4,3.4,3.4,3.4,0,0,1
MIDCPNIFTY29JUL2411800PE.NFO,2024-06-19,11:48:00,2024-07-29,3.4,3.4,3.4,3.4,0,0,1
MIDCPNIFTY29JUL2411800PE.NFO,2024-06-19,11:49:00,2024-07-29,3.4,3.4,3.4,3.4,0,0,1
MIDCPNIFTY29JUL2411800PE.NFO,2024-06-19,11:50:00,2024-07-29,3.4,3.4,3.4,3.4,0,0,1
MIDCPNIFTY29JUL2411800PE.NFO,2024-06-19,11:51:00,2024-07-29,3.4,3.4,3.4,3.4,0,0,1
MIDCPNIFTY29JUL2411800PE.NFO,2024-06-19,11:52:00,2024-07-29,3.4,3.4,3.4,3.4,0,0,1
MIDCPNIFTY29JUL2411800PE.NFO,2024-06-19,11:53:00,2024-07-29,3.4,3.4,3.4,3.4,0,0,1
MIDCPNIFTY29JUL2411800PE.NFO,2024-06-19,11:54:00,2024-07-29,3.4,3.4,3.4,3.4,0,0,1
MIDCPNIFTY29JUL2411800PE.NFO,2024-06-19,11:55:00,2024-07-29,3.4,3.4,3.4,3.4,0,0,1
MIDCPNIFTY29JUL2411800PE.NFO,2024-06-19,11:56:00,2024-07-29,3.4,3.4,3.4,3.4,0,0,1
MIDCPNIFTY29JUL2411800PE.NFO,2024-06-19,11:57:00,2024-07-29,3.4,3.4,3.4,3.4,0,0,1
MIDCPNIFTY29JUL2411800PE.NFO,2024-06-19,11:58:00,2024-07-29,3.4,3.4,3.4,3.4,0,0,1
MIDCPNIFTY29JUL2411800PE.NFO,2024-06-19,11:59:00,2024-07-29,3.4,3.4,3.4,3.4,0,0,1
MIDCPNIFTY29JUL2411800PE.NFO,2024-06-19,12:00:00,2024-07-29,3.4,3.4,3.4,3.4,0,0,1
MIDCPNIFTY29JUL2411800PE.NFO,2024-06-19,12:01:00,2024-07-29,3.4,3.4,3.4,3.4,0,0,1
MIDCPNIFTY29JUL2411800PE.NFO,2024-06-19,12:02:00,2024-07-29,3.4,3.4,3.4,3.4,0,0,1
MIDCPNIFTY29JUL2411800PE.NFO,2024-06-19,12:03:00,2024-07-29,3.4,3.4,3.4,3.4,0,0,1
MIDCPNIFTY29JUL2411800PE.NFO,2024-06-19,12:04:00,2024-07-29,3.4,3.4,3.4,3.4,0,0,1
MIDCPNIFTY29JUL2411800PE.NFO,2024-06-19,12:05:00,2024-07-29,3.4,3.4,3.4,3.4,0,0,1
MIDCPNIFTY29JUL2411800PE.NFO,2024-06-19,12:06:00,2024-07-29,3.4,3.4,3.4,3.4,0,0,1
MIDCPNIFTY29JUL2411800PE.NFO,2024-06-19,12:07:00,2024-07-29,3.4,3.4,3.4,3.4,0,0,1
MIDCPNIFTY29JUL2411800PE.NFO,2024-06-19,12:08:00,2024-07-29,3.4,3.4,3.4,3.4,0,0,1
MIDCPNIFTY29JUL2411800PE.NFO,2024-06-19,12:09:00,2024-07-29,3.4,3.4,3.4,3.4,0,0,1
MIDCPNIFTY29JUL2411800PE.NFO,2024-06-19,12:10:00,2024-07-29,3.4,3.4,3.4,3.4,0,0,1
MIDCPNIFTY29JUL2411800PE.NFO,2024-06-19,12:11:00,2024-07-29,3.4,3.4,3.4,3.4,0,0,1
MIDCPNIFTY29JUL2411800PE.NFO,2024-06-19,12:12:00,2024-07-29,3.4,3.4,3.4,3.4,0,0,1
MIDCPNIFTY29JUL2411800PE.NFO,2024-06-19,12:13:00,2024-07-29,3.4,3.4,3.4,3.4,0,0,1
MIDCPNIFTY29JUL2411800PE.NFO,2024-06-19,12:14:00,2024-07-29,3.4,3.4,3.4,3.4,0,0,1
MIDCPNIFTY29JUL2411800PE.NFO,2024-06-19,12:15:00,2024-07-29,3.4,3.4,3.4,3.4,0,0,1
MIDCPNIFTY29JUL2411800PE.NFO,2024-06-19,12:16:00,2024-07-29,3.4,3.4,3.4,3.4,0,0,1
MIDCPNIFTY29JUL2411800PE.NFO,2024-06-19,12:17:00,2024-07-29,3.4,3.4,3.4,3.4,0,0,1
MIDCPNIFTY29JUL2411800PE.NFO,2024-06-19,12:18:00,2024-07-29,3.4,3.4,3.4,3.4,0,0,1
MIDCPNIFTY29JUL2411800PE.NFO,2024-06-19,12:19:00,2024-07-29,3.4,3.4,3.4,3.4,0,0,1
MIDCPNIFTY29JUL2411800PE.NFO,2024-06-19,12:20:00,2024-07-29,3.4,3.4,3.4,3.4,0,0,1
MIDCPNIFTY29JUL2411800PE.NFO,2024-06-19,12:21:00,2024-07-29,3.4,3.4,3.4,3.4,0,0,1
MIDCPNIFTY29JUL2411800PE.NFO,2024-06-19,12:22:00,2024-07-29,3.4,3.4,3.4,3.4,0,0,1
MIDCPNIFTY29JUL2411800PE.NFO,2024-06-19,12:23:00,2024-07-29,3.4,3.4,3.4,3.4,0,0,1
MIDCPNIFTY29JUL2411800PE.NFO,2024-06-19,12:24:00,2024-07-29,3.4,3.4,3.4,3.4,0,0,1
MIDCPNIFTY29JUL2411800PE.NFO,2024-06-19,12:25:00,2024-07-29,3.4,3.4,3.4,3.4,0,0,1
MIDCPNIFTY29JUL2411800PE.NFO,2024-06-19,12:26:00,2024-07-29,3.4,3.4,3.4,3.4,0,0,1
MIDCPNIFTY29JUL2411800PE.NFO,2024-06-19,12:27:00,2024-07-29,3.4,3.4,3.4,3.4,0,0,1
MIDCPNIFTY29JUL2411800PE.NFO,2024-06-19,12:28:00,2024-07-29,3.4,3.4,3.4,3.4,0,0,1
MIDCPNIFTY29JUL2411800PE.NFO,2024-06-19,12:29:00,2024-07-29,3.4,3.4,3.4,3.4,0,0,1
MIDCPNIFTY29JUL2411800PE.NFO,2024-06-19,12:30:00,2024-07-29,3.4,3.4,3.4,3.4,0,0,1
MIDCPNIFTY29JUL2411800PE.NFO,2024-06-19,12:31:00,2024-07-29,3.4,3.4,3.4,3.4,0,0,1
MIDCPNIFTY29JUL2411800PE.NFO,2024-06-19,12:32:00,2024-07-29,3.4,3.4,3.4,3.4,0,0,1
MIDCPNIFTY29JUL2411800PE.NFO,2024-06-19,12:33:00,2024-07-29,3.4,3.4,3.4,3.4,0,0,1
MIDCPNIFTY29JUL2411800PE.NFO,2024-06-19,12:34:00,2024-07-29,3.4,3.4,3.4,3.4,0,0,1
MIDCPNIFTY29JUL2411800PE.NFO,2024-06-19,12:35:00,2024-07-29,3.4,3.4,3.4,3.4,0,0,1
MIDCPNIFTY29JUL2411800PE.NFO,2024-06-19,12:36:00,2024-07-29,3.4,3.4,3.4,3.4,0,0,1
MIDCPNIFTY29JUL2411800PE.NFO,2024-06-19,12:37:00,2024-07-29,3.4,3.4,3.4,3.4,0,0,1
MIDCPNIFTY29JUL2411800PE.NFO,2024-06-19,12:38:00,2024-07-29,3.4,3.4,3.4,3.4,0,0,1
MIDCPNIFTY29JUL2411800PE.NFO,2024-06-19,12:39:00,2024-07-29,3.4,3.4,3.4,3.4,0,0,1
MIDCPNIFTY29JUL2411800PE.NFO,2024-06-19,12:40:00,2024-07-29,3.4,3.4,3.4,3.4,0,0,1
MIDCPNIFTY29JUL2411800PE.NFO,2024-06-19,12:41:00,2024-07-29,3.4,3.4,3.4,3.4,0,0,1
MIDCPNIFTY29JUL2411800PE.NFO,2024-06-19,12:42:00,2024-07-29,3.4,3.4,3.4,3.4,0,0,1
MIDCPNIFTY29JUL2411800PE.NFO,2024-06-19,12:43:00,2024-07-29,3.4,3.4,3.4,3.4,0,0,1
MIDCPNIFTY29JUL2411800PE.NFO,2024-06-19,12:44:00,2024-07-29,3.4,3.4,3.4,3.4,0,0,1
MIDCPNIFTY29JUL2411800PE.NFO,2024-06-19,12:45:00,2024-07-29,3.4,3.4,3.4,3.4,0,0,1
MIDCPNIFTY29JUL2411800PE.NFO,2024-06-19,12:46:00,2024-07-29,3.4,3.4,3.4,3.4,0,0,1
MIDCPNIFTY29JUL2411800PE.NFO,2024-06-19,12:47:00,2024-07-29,3.4,3.4,3.4,3.4,0,0,1
MIDCPNIFTY29JUL2411800PE.NFO,2024-06-19,12:48:00,2024-07-29,3.4,3.4,3.4,3.4,0,0,1
MIDCPNIFTY29JUL2411800PE.NFO,2024-06-19,12:49:00,2024-07-29,3.4,3.4,3.4,3.4,0,0,1
MIDCPNIFTY29JUL2411800PE.NFO,2024-06-19,12:50:00,2024-07-29,3.4,3.4,3.4,3.4,0,0,1
MIDCPNIFTY29JUL2411800PE.NFO,2024-06-19,12:51:00,2024-07-29,3.4,3.4,3.4,3.4,0,0,1
MIDCPNIFTY29JUL2411800PE.NFO,2024-06-19,12:52:00,2024-07-29,3.4,3.4,3.4,3.4,0,0,1
MIDCPNIFTY29JUL2411800PE.NFO,2024-06-19,12:53:00,2024-07-29,3.4,3.4,3.4,3.4,0,0,1
MIDCPNIFTY29JUL2411800PE.NFO,2024-06-19,12:54:00,2024-07-29,3.4,3.4,3.4,3.4,0,0,1
MIDCPNIFTY29JUL2411800PE.NFO,2024-06-19,12:55:00,2024-07-29,3.4,3.4,3.4,3.4,0,0,1
MIDCPNIFTY29JUL2411800PE.NFO,2024-06-19,12:56:00,2024-07-29,3.4,3.4,3.4,3.4,0,0,1
MIDCPNIFTY29JUL2411800PE.NFO,2024-06-19,12:57:00,2024-07-29,3.4,3.4,3.4,3.4,0,0,1
MIDCPNIFTY29JUL2411800PE.NFO,2024-06-19,12:58:00,2024-07-29,3.4,3.4,3.4,3.4,0,0,1
MIDCPNIFTY29JUL2411800PE.NFO,2024-06-19,12:59:00,2024-07-29,3.4,3.4,3.4,3.4,0,0,1
MIDCPNIFTY29JUL2411800PE.NFO,2024-06-19,13:00:00,2024-07-29,3.4,3.4,3.4,3.4,0,0,1
MIDCPNIFTY29JUL2411800PE.NFO,2024-06-19,13:01:00,2024-07-29,3.4,3.4,3.4,3.4,0,0,1
MIDCPNIFTY29JUL2411800PE.NFO,2024-06-19,13:02:00,2024-07-29,3.4,3.4,3.4,3.4,0,0,1
MIDCPNIFTY29JUL2411800PE.NFO,2024-06-19,13:03:00,2024-07-29,3.4,3.4,3.4,3.4,0,0,1
MIDCPNIFTY29JUL2411800PE.NFO,2024-06-19,13:04:00,2024-07-29,3.4,3.4,3.4,3.4,0,0,1
MIDCPNIFTY29JUL2411800PE.NFO,2024-06-19,13:05:00,2024-07-29,3.4,3.4,3.4,3.4,0,0,1
MIDCPNIFTY29JUL2411800PE.NFO,2024-06-19,13:06:00,2024-07-29,3.4,3.4,3.4,3.4,0,0,1
MIDCPNIFTY29JUL2411800PE.NFO,2024-06-19,13:07:00,2024-07-29,3.4,3.4,3.4,3.4,0,0,1
MIDCPNIFTY29JUL2411800PE.NFO,2024-06-19,13:08:00,2024-07-29,3.4,3.4,3.4,3.4,0,0,1
MIDCPNIFTY29JUL2411800PE.NFO,2024-06-19,13:09:00,2024-07-29,3.4,3.4,3.4,3.4,0,0,1
MIDCPNIFTY29JUL2411800PE.NFO,2024-06-19,13:10:00,2024-07-29,3.4,3.4,3.4,3.4,0,0,1
MIDCPNIFTY29JUL2411800PE.NFO,2024-06-19,13:11:00,2024-07-29,3.4,3.4,3.4,3.4,0,0,1
MIDCPNIFTY29JUL2411800PE.NFO,2024-06-19,13:12:00,2024-07-29,3.4,3.4,3.4,3.4,0,0,1
MIDCPNIFTY29JUL2411800PE.NFO,2024-06-19,13:13:00,2024-07-29,3.4,3.4,3.4,3.4,0,0,1
MIDCPNIFTY29JUL2411800PE.NFO,2024-06-19,13:14:00,2024-07-29,3.4,3.4,3.4,3.4,0,0,1
MIDCPNIFTY29JUL2411800PE.NFO,2024-06-19,13:15:00,2024-07-29,3.4,3.4,3.4,3.4,0,0,1
MIDCPNIFTY29JUL2411800PE.NFO,2024-06-19,13:16:00,2024-07-29,3.4,3.4,3.4,3.4,0,0,1
MIDCPNIFTY29JUL2411800PE.NFO,2024-06-19,13:17:00,2024-07-29,3.4,3.4,3.4,3.4,0,0,1
MIDCPNIFTY29JUL2411800PE.NFO,2024-06-19,13:18:00,2024-07-29,3.4,3.4,3.4,3.4,0,0,1
MIDCPNIFTY29JUL2411800PE.NFO,2024-06-19,13:19:00,2024-07-29,3.4,3.4,3.4,3.4,0,0,1
MIDCPNIFTY29JUL2411800PE.NFO,2024-06-19,13:20:00,2024-07-29,3.4,3.4,3.4,3.4,0,0,1
MIDCPNIFTY29JUL2411800PE.NFO,2024-06-19,13:21:00,2024-07-29,3.4,3.4,3.4,3.4,0,0,1
MIDCPNIFTY29JUL2411800PE.NFO,2024-06-19,13:22:00,2024-07-29,3.4,3.4,3.4,3.4,0,0,1
MIDCPNIFTY29JUL2411800PE.NFO,2024-06-19,13:23:00,2024-07-29,3.4,3.4,3.4,3.4,0,0,1
MIDCPNIFTY29JUL2411800PE.NFO,2024-06-19,13:24:00,2024-07-29,3.4,3.4,3.4,3.4,0,0,1
MIDCPNIFTY29JUL2411800PE.NFO,2024-06-19,13:25:00,2024-07-29,3.4,3.4,3.4,3.4,0,0,1
MIDCPNIFTY29JUL2411800PE.NFO,2024-06-19,13:26:00,2024-07-29,3.4,3.4,3.4,3.4,0,0,1
MIDCPNIFTY29JUL2411800PE.NFO,2024-06-19,13:27:00,2024-07-29,3.4,3.4,3.4,3.4,0,0,1
MIDCPNIFTY29JUL2411800PE.NFO,2024-06-19,13:28:00,2024-07-29,3.4,3.4,3.4,3.4,0,0,1
MIDCPNIFTY29JUL2411800PE.NFO,2024-06-19,13:29:00,2024-07-29,3.4,3.4,3.4,3.4,0,0,1
MIDCPNIFTY29JUL2411800PE.NFO,2024-06-19,13:30:00,2024-07-29,3.4,3.4,3.4,3.4,0,0,1
MIDCPNIFTY29JUL2411800PE.NFO,2024-06-19,13:31:00,2024-07-29,3.4,3.4,3.4,3.4,0,0,1
MIDCPNIFTY29JUL2411800PE.NFO,2024-06-19,13:32:00,2024-07-29,3.4,3.4,3.4,3.4,0,0,1
MIDCPNIFTY29JUL2411800PE.NFO,2024-06-19,13:33:00,2024-07-29,3.4,3.4,3.4,3.4,0,0,1
MIDCPNIFTY29JUL2411800PE.NFO,2024-06-19,13:34:00,2024-07-29,3.4,3.4,3.4,3.4,0,0,1
MIDCPNIFTY29JUL2411800PE.NFO,2024-06-19,13:35:00,2024-07-29,3.4,3.4,3.4,3.4,0,0,1
MIDCPNIFTY29JUL2411800PE.NFO,2024-06-19,13:36:00,2024-07-29,3.4,3.4,3.4,3.4,0,0,1
MIDCPNIFTY29JUL2411800PE.NFO,2024-06-19,13:37:00,2024-07-29,3.4,3.4,3.4,3.4,0,0,1
MIDCPNIFTY29JUL2411800PE.NFO,2024-06-19,13:38:00,2024-07-29,3.4,3.4,3.4,3.4,0,0,1
MIDCPNIFTY29JUL2411800PE.NFO,2024-06-19,13:39:00,2024-07-29,3.4,3.4,3.4,3.4,0,0,1
MIDCPNIFTY29JUL2411800PE.NFO,2024-06-19,13:40:00,2024-07-29,3.4,3.4,3.4,3.4,0,0,1
MIDCPNIFTY29JUL2411800PE.NFO,2024-06-19,13:41:00,2024-07-29,3.4,3.4,3.4,3.4,0,0,1
MIDCPNIFTY29JUL2411800PE.NFO,2024-06-19,13:42:00,2024-07-29,3.4,3.4,3.4,3.4,0,0,1
MIDCPNIFTY29JUL2411800PE.NFO,2024-06-19,13:43:00,2024-07-29,3.4,3.4,3.4,3.4,0,0,1
MIDCPNIFTY29JUL2411800PE.NFO,2024-06-19,13:44:00,2024-07-29,3.4,3.4,3.4,3.4,0,0,1
MIDCPNIFTY29JUL2411800PE.NFO,2024-06-19,13:45:00,2024-07-29,3.4,3.4,3.4,3.4,0,0,1
MIDCPNIFTY29JUL2411800PE.NFO,2024-06-19,13:46:00,2024-07-29,3.4,3.4,3.4,3.4,0,0,1
MIDCPNIFTY29JUL2411800PE.NFO,2024-06-19,13:47:00,2024-07-29,3.4,3.4,3.4,3.4,0,0,1
MIDCPNIFTY29JUL2411800PE.NFO,2024-06-19,13:48:00,2024-07-29,3.4,3.4,3.4,3.4,0,0,1
MIDCPNIFTY29JUL2411800PE.NFO,2024-06-19,13:49:00,2024-07-29,3.4,3.4,3.4,3.4,0,0,1
MIDCPNIFTY29JUL2411800PE.NFO,2024-06-19,13:50:00,2024-07-29,3.4,3.4,3.4,3.4,0,0,1
MIDCPNIFTY29JUL2411800PE.NFO,2024-06-19,13:51:00,2024-07-29,3.4,3.4,3.4,3.4,0,0,1
MIDCPNIFTY29JUL2411800PE.NFO,2024-06-19,13:52:00,2024-07-29,3.4,3.4,3.4,3.4,0,0,1
MIDCPNIFTY29JUL2411800PE.NFO,2024-06-19,13:53:00,2024-07-29,3.4,3.4,3.4,3.4,0,0,1
MIDCPNIFTY29JUL2411800PE.NFO,2024-06-19,13:54:00,2024-07-29,3.4,3.4,3.4,3.4,0,0,1
MIDCPNIFTY29JUL2411800PE.NFO,2024-06-19,13:55:00,2024-07-29,3.4,3.4,3.4,3.4,0,0,1
MIDCPNIFTY29JUL2411800PE.NFO,2024-06-19,13:56:00,2024-07-29,3.4,3.4,3.4,3.4,0,0,1
MIDCPNIFTY29JUL2411800PE.NFO,2024-06-19,13:57:00,2024-07-29,3.4,3.4,3.4,3.4,0,0,1
MIDCPNIFTY29JUL2411800PE.NFO,2024-06-19,13:58:00,2024-07-29,3.4,3.4,3.4,3.4,0,0,1
MIDCPNIFTY29JUL2411800PE.NFO,2024-06-19,13:59:00,2024-07-29,3.4,3.4,3.4,3.4,0,0,1
MIDCPNIFTY29JUL2411800PE.NFO,2024-06-19,14:00:00,2024-07-29,3.4,3.4,3.4,3.4,0,0,1
MIDCPNIFTY29JUL2411800PE.NFO,2024-06-19,14:01:00,2024-07-29,3.4,3.4,3.4,3.4,0,0,1
MIDCPNIFTY29JUL2411800PE.NFO,2024-06-19,14:02:00,2024-07-29,3.4,3.4,3.4,3.4,0,0,1
MIDCPNIFTY29JUL2411800PE.NFO,2024-06-19,14:03:00,2024-07-29,3.4,3.4,3.4,3.4,0,0,1
MIDCPNIFTY29JUL2411800PE.NFO,2024-06-19,14:04:00,2024-07-29,3.4,3.4,3.4,3.4,0,0,1
MIDCPNIFTY29JUL2411800PE.NFO,2024-06-19,14:05:00,2024-07-29,3.4,3.4,3.4,3.4,0,0,1
MIDCPNIFTY29JUL2411800PE.NFO,2024-06-19,14:06:00,2024-07-29,3.4,3.4,3.4,3.4,0,0,1
MIDCPNIFTY29JUL2411800PE.NFO,2024-06-19,14:07:00,2024-07-29,3.4,3.4,3.4,3.4,0,0,1
MIDCPNIFTY29JUL2411800PE.NFO,2024-06-19,14:08:00,2024-07-29,3.4,3.4,3.4,3.4,0,0,1
MIDCPNIFTY29JUL2411800PE.NFO,2024-06-19,14:09:00,2024-07-29,3.4,3.4,3.4,3.4,0,0,1
MIDCPNIFTY29JUL2411800PE.NFO,2024-06-19,14:10:00,2024-07-29,3.4,3.4,3.4,3.4,0,0,1
MIDCPNIFTY29JUL2411800PE.NFO,2024-06-19,14:11:00,2024-07-29,3.4,3.4,3.4,3.4,0,0,1
MIDCPNIFTY29JUL2411800PE.NFO,2024-06-19,14:12:00,2024-07-29,3.4,3.4,3.4,3.4,0,0,1
MIDCPNIFTY29JUL2411800PE.NFO,2024-06-19,14:13:00,2024-07-29,3.4,3.4,3.4,3.4,0,0,1
MIDCPNIFTY29JUL2411800PE.NFO,2024-06-19,14:14:00,2024-07-29,3.4,3.4,3.4,3.4,0,0,1
MIDCPNIFTY29JUL2411800PE.NFO,2024-06-19,14:15:00,2024-07-29,3.4,3.4,3.4,3.4,0,0,1
MIDCPNIFTY29JUL2411800PE.NFO,2024-06-19,14:16:00,2024-07-29,3.4,3.4,3.4,3.4,0,0,1
MIDCPNIFTY29JUL2411800PE.NFO,2024-06-19,14:17:00,2024-07-29,3.4,3.4,3.4,3.4,0,0,1
MIDCPNIFTY29JUL2411800PE.NFO,2024-06-19,14:18:00,2024-07-29,3.4,3.4,3.4,3.4,0,0,1
MIDCPNIFTY29JUL2411800PE.NFO,2024-06-19,14:19:00,2024-07-29,3.4,3.4,3.4,3.4,0,0,1
MIDCPNIFTY29JUL2411800PE.NFO,2024-06-19,14:20:00,2024-07-29,3.4,3.4,3.4,3.4,0,0,1
MIDCPNIFTY29JUL2411800PE.NFO,2024-06-19,14:21:00,2024-07-29,3.4,3.4,3.4,3.4,0,0,1
MIDCPNIFTY29JUL2411800PE.NFO,2024-06-19,14:22:00,2024-07-29,3.4,3.4,3.4,3.4,0,0,1
MIDCPNIFTY29JUL2411800PE.NFO,2024-06-19,14:23:00,2024-07-29,3.4,3.4,3.4,3.4,0,0,1
MIDCPNIFTY29JUL2411800PE.NFO,2024-06-19,14:24:00,2024-07-29,3.4,3.4,3.4,3.4,0,0,1
MIDCPNIFTY29JUL2411800PE.NFO,2024-06-19,14:25:00,2024-07-29,3.4,3.4,3.4,3.4,0,0,1
MIDCPNIFTY29JUL2411800PE.NFO,2024-06-19,14:26:00,2024-07-29,3.4,3.4,3.4,3.4,0,0,1
MIDCPNIFTY29JUL2411800PE.NFO,2024-06-19,14:27:00,2024-07-29,3.4,3.4,3.4,3.4,0,0,1
MIDCPNIFTY29JUL2411800PE.NFO,2024-06-19,14:28:00,2024-07-29,3.4,3.4,3.4,3.4,0,0,1
MIDCPNIFTY29JUL2411800PE.NFO,2024-06-19,14:29:00,2024-07-29,3.4,3.4,3.4,3.4,0,0,1
MIDCPNIFTY29JUL2411800PE.NFO,2024-06-19,14:30:00,2024-07-29,3.4,3.4,3.4,3.4,0,0,1
MIDCPNIFTY29JUL2411800PE.NFO,2024-06-19,14:31:00,2024-07-29,3.4,3.4,3.4,3.4,0,0,1
MIDCPNIFTY29JUL2411800PE.NFO,2024-06-19,14:32:00,2024-07-29,3.4,3.4,3.4,3.4,0,0,1
MIDCPNIFTY29JUL2411800PE.NFO,2024-06-19,14:33:00,2024-07-29,3.4,3.4,3.4,3.4,0,0,1
MIDCPNIFTY29JUL2411800PE.NFO,2024-06-19,14:34:00,2024-07-29,3.4,3.4,3.4,3.4,0,0,1
MIDCPNIFTY29JUL2411800PE.NFO,2024-06-19,14:35:00,2024-07-29,3.4,3.4,3.4,3.4,0,0,1
MIDCPNIFTY29JUL2411800PE.NFO,2024-06-19,14:36:00,2024-07-29,3.4,3.4,3.4,3.4,0,0,1
MIDCPNIFTY29JUL2411800PE.NFO,2024-06-19,14:37:00,2024-07-29,3.4,3.4,3.4,3.4,0,0,1
MIDCPNIFTY29JUL2411800PE.NFO,2024-06-19,14:38:00,2024-07-29,3.4,3.4,3.4,3.4,0,0,1
MIDCPNIFTY29JUL2411800PE.NFO,2024-06-19,14:39:00,2024-07-29,3.4,3.4,3.4,3.4,0,0,1
MIDCPNIFTY29JUL2411800PE.NFO,2024-06-19,14:40:00,2024-07-29,3.4,3.4,3.4,3.4,0,0,1
MIDCPNIFTY29JUL2411800PE.NFO,2024-06-19,14:41:00,2024-07-29,3.4,3.4,3.4,3.4,0,0,1
MIDCPNIFTY29JUL2411800PE.NFO,2024-06-19,14:42:00,2024-07-29,3.4,3.4,3.4,3.4,0,0,1
MIDCPNIFTY29JUL2411800PE.NFO,2024-06-19,14:43:00,2024-07-29,3.4,3.4,3.4,3.4,0,0,1
MIDCPNIFTY29JUL2411800PE.NFO,2024-06-19,14:44:00,2024-07-29,3.4,3.4,3.4,3.4,0,0,1
MIDCPNIFTY29JUL2411800PE.NFO,2024-06-19,14:45:00,2024-07-29,3.4,3.4,3.4,3.4,0,0,1
MIDCPNIFTY29JUL2411800PE.NFO,2024-06-19,14:46:00,2024-07-29,3.4,3.4,3.4,3.4,0,0,1
MIDCPNIFTY29JUL2411800PE.NFO,2024-06-19,14:47:00,2024-07-29,3.4,3.4,3.4,3.4,0,0,1
MIDCPNIFTY29JUL2411800PE.NFO,2024-06-19,14:48:00,2024-07-29,3.4,3.4,3.4,3.4,0,0,1
MIDCPNIFTY29JUL2411800PE.NFO,2024-06-19,14:49:00,2024-07-29,3.4,3.4,3.4,3.4,0,0,1
MIDCPNIFTY29JUL2411800PE.NFO,2024-06-19,14:50:00,2024-07-29,3.4,3.4,3.4,3.4,0,0,1
MIDCPNIFTY29JUL2411800PE.NFO,2024-06-19,14:51:00,2024-07-29,3.4,3.4,3.4,3.4,0,0,1
MIDCPNIFTY29JUL2411800PE.NFO,2024-06-19,14:52:00,2024-07-29,3.4,3.4,3.4,3.4,0,0,1
MIDCPNIFTY29JUL2411800PE.NFO,2024-06-19,14:53:00,2024-07-29,3.4,3.4,3.4,3.4,0,0,1
MIDCPNIFTY29JUL2411800PE.NFO,2024-06-19,14:54:00,2024-07-29,3.4,3.4,3.4,3.4,0,0,1
MIDCPNIFTY29JUL2411800PE.NFO,2024-06-19,14:55:00,2024-07-29,3.4,3.4,3.4,3.4,0,0,1
MIDCPNIFTY29JUL2411800PE.NFO,2024-06-19,14:56:00,2024-07-29,3.4,3.4,3.4,3.4,0,0,1
MIDCPNIFTY29JUL2411800PE.NFO,2024-06-19,14:57:00,2024-07-29,3.4,3.4,3.4,3.4,0,0,1
MIDCPNIFTY29JUL2411800PE.NFO,2024-06-19,14:58:00,2024-07-29,3.4,3.4,3.4,3.4,0,0,1
MIDCPNIFTY29JUL2411800PE.NFO,2024-06-19,14:59:00,2024-07-29,3.4,3.4,3.4,3.4,0,0,1
MIDCPNIFTY29JUL2411800PE.NFO,2024-06-19,15:00:00,2024-07-29,3.4,3.4,3.4,3.4,0,0,1
MIDCPNIFTY29JUL2411800PE.NFO,2024-06-19,15:01:00,2024-07-29,3.4,3.4,3.4,3.4,0,0,1
MIDCPNIFTY29JUL2411800PE.NFO,2024-06-19,15:02:00,2024-07-29,3.4,3.4,3.4,3.4,0,0,1
MIDCPNIFTY29JUL2411800PE.NFO,2024-06-19,15:03:00,2024-07-29,3.4,3.4,3.4,3.4,0,0,1
MIDCPNIFTY29JUL2411800PE.NFO,2024-06-19,15:04:00,2024-07-29,3.4,3.4,3.4,3.4,0,0,1
MIDCPNIFTY29JUL2411800PE.NFO,2024-06-19,15:05:00,2024-07-29,3.4,3.4,3.4,3.4,0,0,1
MIDCPNIFTY29JUL2411800PE.NFO,2024-06-19,15:06:00,2024-07-29,3.4,3.4,3.4,3.4,0,0,1
MIDCPNIFTY29JUL2411800PE.NFO,2024-06-19,15:07:00,2024-07-29,3.4,3.4,3.4,3.4,0,0,1
MIDCPNIFTY29JUL2411800PE.NFO,2024-06-19,15:08:00,2024-07-29,3.4,3.4,3.4,3.4,0,0,1
MIDCPNIFTY29JUL2411800PE.NFO,2024-06-19,15:09:00,2024-07-29,3.4,3.4,3.4,3.4,0,0,1
MIDCPNIFTY29JUL2411800PE.NFO,2024-06-19,15:10:00,2024-07-29,3.4,3.4,3.4,3.4,0,0,1
MIDCPNIFTY29JUL2411800PE.NFO,2024-06-19,15:11:00,2024-07-29,3.4,3.4,3.4,3.4,0,0,1
MIDCPNIFTY29JUL2411800PE.NFO,2024-06-19,15:12:00,2024-07-29,3.4,3.4,3.4,3.4,0,0,1
MIDCPNIFTY29JUL2411800PE.NFO,2024-06-19,15:13:00,2024-07-29,3.4,3.4,3.4,3.4,0,0,1
MIDCPNIFTY29JUL2411800PE.NFO,2024-06-19,15:14:00,2024-07-29,3.4,3.4,3.4,3.4,0,0,1
MIDCPNIFTY29JUL2411800PE.NFO,2024-06-19,15:15:00,2024-07-29,3.4,3.4,3.4,3.4,0,0,1
MIDCPNIFTY29JUL2411800PE.NFO,2024-06-19,15:16:00,2024-07-29,3.4,3.4,3.4,3.4,0,0,1
MIDCPNIFTY29JUL2411800PE.NFO,2024-06-19,15:17:00,2024-07-29,3.4,3.4,3.4,3.4,0,0,1
MIDCPNIFTY29JUL2411800PE.NFO,2024-06-19,15:18:00,2024-07-29,3.4,3.4,3.4,3.4,0,0,1
MIDCPNIFTY29JUL2411800PE.NFO,2024-06-19,15:19:00,2024-07-29,3.4,3.4,3.4,3.4,0,0,1
MIDCPNIFTY29JUL2411800PE.NFO,2024-06-19,15:20:00,2024-07-29,3.4,3.4,3.4,3.4,0,0,1
MIDCPNIFTY29JUL2411800PE.NFO,2024-06-19,15:21:00,2024-07-29,3.4,3.4,3.4,3.4,0,0,1
MIDCPNIFTY29JUL2411800PE.NFO,2024-06-19,15:22:00,2024-07-29,3.4,3.4,3.4,3.4,0,0,1
MIDCPNIFTY29JUL2411800PE.NFO,2024-06-19,15:23:00,2024-07-29,3.4,3.4,3.4,3.4,0,0,1
MIDCPNIFTY29JUL2411800PE.NFO,2024-06-19,15:24:00,2024-07-29,3.4,3.4,3.4,3.4,0,0,1
MIDCPNIFTY29JUL2411800PE.NFO,2024-06-19,15:25:00,2024-07-29,3.4,3.4,3.4,3.4,0,0,1
MIDCPNIFTY29JUL2411800PE.NFO,2024-06-19,15:26:00,2024-07-29,3.4,3.4,3.4,3.4,0,0,1
MIDCPNIFTY29JUL2411800PE.NFO,2024-06-19,15:27:00,2024-07-29,3.4,3.4,3.4,3.4,0,0,1
MIDCPNIFTY29JUL2411800PE.NFO,2024-06-19,15:28:00,2024-07-29,3.4,3.4,3.4,3.4,0,0,1
MIDCPNIFTY29JUL2411800PE.NFO,2024-06-19,15:29:00,2024-07-29,3.4,3.4,3.4,3.4,0,0,1
MIDCPNIFTY29JUL2411800PE.NFO,2024-06-19,15:30:00,2024-07-29,3.4,3.4,3.4,3.4,0,0,1
MIDCPNIFTY29JUL2411800PE.NFO,2024-06-20,09:15:00,2024-07-29,3.4,3.4,3.4,3.4,0,0,0
MIDCPNIFTY29JUL2411800PE.NFO,2024-06-20,09:16:00,2024-07-29,3.4,3.4,3.4,3.4,0,0,1
MIDCPNIFTY29JUL2411800PE.NFO,2024-06-20,09:17:00,2024-07-29,3.4,3.4,3.4,3.4,0,0,1
MIDCPNIFTY29JUL2411800PE.NFO,2024-06-20,09:18:00,2024-07-29,3.4,3.4,3.4,3.4,0,0,1
MIDCPNIFTY29JUL2411800PE.NFO,2024-06-20,09:19:00,2024-07-29,3.4,3.4,3.4,3.4,0,0,1
MIDCPNIFTY29JUL2411800PE.NFO,2024-06-20,09:20:00,2024-07-29,3.4,3.4,3.4,3.4,0,0,1
MIDCPNIFTY29JUL2411800PE.NFO,2024-06-20,09:21:00,2024-07-29,3.4,3.4,3.4,3.4,0,0,1
MIDCPNIFTY29JUL2411800PE.NFO,2024-06-20,09:22:00,2024-07-29,3.4,3.4,3.4,3.4,0,0,1
MIDCPNIFTY29JUL2411800PE.NFO,2024-06-20,09:23:00,2024-07-29,3.4,3.4,3.4,3.4,0,0,1
MIDCPNIFTY29JUL2411800PE.NFO,2024-06-20,09:24:00,2024-07-29,3.4,3.4,3.4,3.4,0,0,1
MIDCPNIFTY29JUL2411800PE.NFO,2024-06-20,09:25:00,2024-07-29,3.4,3.4,3.4,3.4,0,0,1
MIDCPNIFTY29JUL2411800PE.NFO,2024-06-20,09:26:00,2024-07-29,3.4,3.4,3.4,3.4,0,0,1
MIDCPNIFTY29JUL2411800PE.NFO,2024-06-20,09:27:00,2024-07-29,3.4,3.4,3.4,3.4,0,0,1
MIDCPNIFTY29JUL2411800PE.NFO,2024-06-20,09:28:00,2024-07-29,3.4,3.4,3.4,3.4,0,0,1
MIDCPNIFTY29JUL2411800PE.NFO,2024-06-20,09:29:00,2024-07-29,3.4,3.4,3.4,3.4,0,0,1
MIDCPNIFTY29JUL2411800PE.NFO,2024-06-20,09:30:00,2024-07-29,3.4,3.4,3.4,3.4,0,0,1
MIDCPNIFTY29JUL2411800PE.NFO,2024-06-20,09:31:00,2024-07-29,3.4,3.4,3.4,3.4,0,0,1
MIDCPNIFTY29JUL2411800PE.NFO,2024-06-20,09:32:00,2024-07-29,3.4,3.4,3.4,3.4,0,0,1
MIDCPNIFTY29JUL2411800PE.NFO,2024-06-20,09:33:00,2024-07-29,3.4,3.4,3.4,3.4,0,0,1
MIDCPNIFTY29JUL2411800PE.NFO,2024-06-20,09:34:00,2024-07-29,3.4,3.4,3.4,3.4,0,0,1
MIDCPNIFTY29JUL2411800PE.NFO,2024-06-20,09:35:00,2024-07-29,3.4,3.4,3.4,3.4,0,0,1
MIDCPNIFTY29JUL2411800PE.NFO,2024-06-20,09:36:00,2024-07-29,3.4,3.4,3.4,3.4,0,0,1
MIDCPNIFTY29JUL2411800PE.NFO,2024-06-20,09:37:00,2024-07-29,3.4,3.4,3.4,3.4,0,0,1
MIDCPNIFTY29JUL2411800PE.NFO,2024-06-20,09:38:00,2024-07-29,3.4,3.4,3.4,3.4,0,0,1
MIDCPNIFTY29JUL2411800PE.NFO,2024-06-20,09:39:00,2024-07-29,3.4,3.4,3.4,3.4,0,0,1
MIDCPNIFTY29JUL2411800PE.NFO,2024-06-20,09:40:00,2024-07-29,3.4,3.4,3.4,3.4,0,0,1
MIDCPNIFTY29JUL2411800PE.NFO,2024-06-20,09:41:00,2024-07-29,3.4,3.4,3.4,3.4,0,0,1
MIDCPNIFTY29JUL2411800PE.NFO,2024-06-20,09:42:00,2024-07-29,3.4,3.4,3.4,3.4,0,0,1
MIDCPNIFTY29JUL2411800PE.NFO,2024-06-20,09:43:00,2024-07-29,3.4,3.4,3.4,3.4,0,0,1
MIDCPNIFTY29JUL2411800PE.NFO,2024-06-20,09:44:00,2024-07-29,3.4,3.4,3.4,3.4,0,0,1
MIDCPNIFTY29JUL2411800PE.NFO,2024-06-20,09:45:00,2024-07-29,3.4,3.4,3.4,3.4,0,0,1
MIDCPNIFTY29JUL2411800PE.NFO,2024-06-20,09:46:00,2024-07-29,3.4,3.4,3.4,3.4,0,0,1
MIDCPNIFTY29JUL2411800PE.NFO,2024-06-20,09:47:00,2024-07-29,3.4,3.4,3.4,3.4,0,0,1
MIDCPNIFTY29JUL2411800PE.NFO,2024-06-20,09:48:00,2024-07-29,3.4,3.4,3.4,3.4,0,0,1
MIDCPNIFTY29JUL2411800PE.NFO,2024-06-20,09:49:00,2024-07-29,3.4,3.4,3.4,3.4,0,0,1
MIDCPNIFTY29JUL2411800PE.NFO,2024-06-20,09:50:00,2024-07-29,3.4,3.4,3.4,3.4,0,0,1
MIDCPNIFTY29JUL2411800PE.NFO,2024-06-20,09:51:00,2024-07-29,3.4,3.4,3.4,3.4,0,0,1
MIDCPNIFTY29JUL2411800PE.NFO,2024-06-20,09:52:00,2024-07-29,3.4,3.4,3.4,3.4,0,0,1
MIDCPNIFTY29JUL2411800PE.NFO,2024-06-20,09:53:00,2024-07-29,3.4,3.4,3.4,3.4,0,0,1
MIDCPNIFTY29JUL2411800PE.NFO,2024-06-20,09:54:00,2024-07-29,3.4,3.4,3.4,3.4,0,0,1
MIDCPNIFTY29JUL2411800PE.NFO,2024-06-20,09:55:00,2024-07-29,3.4,3.4,3.4,3.4,0,0,1
MIDCPNIFTY29JUL2411800PE.NFO,2024-06-20,09:56:00,2024-07-29,3.4,3.4,3.4,3.4,0,0,1
MIDCPNIFTY29JUL2411800PE.NFO,2024-06-20,09:57:00,2024-07-29,3.4,3.4,3.4,3.4,0,0,1
MIDCPNIFTY29JUL2411800PE.NFO,2024-06-20,09:58:00,2024-07-29,3.4,3.4,3.4,3.4,0,0,1
MIDCPNIFTY29JUL2411800PE.NFO,2024-06-20,09:59:00,2024-07-29,3.4,3.4,3.4,3.4,0,0,1
MIDCPNIFTY29JUL2411800PE.NFO,2024-06-20,10:00:00,2024-07-29,3.4,3.4,3.4,3.4,0,0,1
MIDCPNIFTY29JUL2411800PE.NFO,2024-06-20,10:01:00,2024-07-29,3.4,3.4,3.4,3.4,0,0,1
MIDCPNIFTY29JUL2411800PE.NFO,2024-06-20,10:02:00,2024-07-29,3.4,3.4,3.4,3.4,0,0,1
MIDCPNIFTY29JUL2411800PE.NFO,2024-06-20,10:03:00,2024-07-29,3.4,3.4,3.4,3.4,0,0,1
MIDCPNIFTY29JUL2411800PE.NFO,2024-06-20,10:04:00,2024-07-29,3.4,3.4,3.4,3.4,0,0,1
MIDCPNIFTY29JUL2411800PE.NFO,2024-06-20,10:05:00,2024-07-29,3.4,3.4,3.4,3.4,0,0,1
MIDCPNIFTY29JUL2411800PE.NFO,2024-06-20,10:06:00,2024-07-29,3.4,3.4,3.4,3.4,0,0,1
MIDCPNIFTY29JUL2411800PE.NFO,2024-06-20,10:07:00,2024-07-29,3.4,3.4,3.4,3.4,0,0,1
MIDCPNIFTY29JUL2411800PE.NFO,2024-06-20,10:08:00,2024-07-29,3.4,3.4,3.4,3.4,0,0,1
MIDCPNIFTY29JUL2411800PE.NFO,2024-06-20,10:09:00,2024-07-29,3.4,3.4,3.4,3.4,0,0,1
MIDCPNIFTY29JUL2411800PE.NFO,2024-06-20,10:10:00,2024-07-29,3.4,3.4,3.4,3.4,0,0,1
MIDCPNIFTY29JUL2411800PE.NFO,2024-06-20,10:11:00,2024-07-29,3.4,3.4,3.4,3.4,0,0,1
MIDCPNIFTY29JUL2411800PE.NFO,2024-06-20,10:12:00,2024-07-29,3.4,3.4,3.4,3.4,0,0,1
MIDCPNIFTY29JUL2411800PE.NFO,2024-06-20,10:13:00,2024-07-29,3.4,3.4,3.4,3.4,0,0,1
MIDCPNIFTY29JUL2411800PE.NFO,2024-06-20,10:14:00,2024-07-29,3.4,3.4,3.4,3.4,0,0,1
MIDCPNIFTY29JUL2411800PE.NFO,2024-06-20,10:15:00,2024-07-29,3.4,3.4,3.4,3.4,0,0,1
MIDCPNIFTY29JUL2411800PE.NFO,2024-06-20,10:16:00,2024-07-29,3.4,3.4,3.4,3.4,0,0,1
MIDCPNIFTY29JUL2411800PE.NFO,2024-06-20,10:17:00,2024-07-29,3.4,3.4,3.4,3.4,0,0,1
MIDCPNIFTY29JUL2411800PE.NFO,2024-06-20,10:18:00,2024-07-29,3.4,3.4,3.4,3.4,0,0,1
MIDCPNIFTY29JUL2411800PE.NFO,2024-06-20,10:19:00,2024-07-29,3.4,3.4,3.4,3.4,0,0,1
MIDCPNIFTY29JUL2411800PE.NFO,2024-06-20,10:20:00,2024-07-29,3.4,3.4,3.4,3.4,0,0,1
MIDCPNIFTY29JUL2411800PE.NFO,2024-06-20,10:21:00,2024-07-29,3.4,3.4,3.4,3.4,0,0,1
MIDCPNIFTY29JUL2411800PE.NFO,2024-06-20,10:22:00,2024-07-29,3.4,3.4,3.4,3.4,0,0,1
MIDCPNIFTY29JUL2411800PE.NFO,2024-06-20,10:23:00,2024-07-29,3.4,3.4,3.4,3.4,0,0,1
MIDCPNIFTY29JUL2411800PE.NFO,2024-06-20,10:24:00,2024-07-29,3.4,3.4,3.4,3.4,0,0,1
MIDCPNIFTY29JUL2411800PE.NFO,2024-06-20,10:25:00,2024-07-29,3.4,3.4,3.4,3.4,0,0,1
MIDCPNIFTY29JUL2411800PE.NFO,2024-06-20,10:26:00,2024-07-29,3.4,3.4,3.4,3.4,0,0,1
MIDCPNIFTY29JUL2411800PE.NFO,2024-06-20,10:27:00,2024-07-29,3.4,3.4,3.4,3.4,0,0,1
MIDCPNIFTY29JUL2411800PE.NFO,2024-06-20,10:28:00,2024-07-29,3.4,3.4,3.4,3.4,0,0,1
MIDCPNIFTY29JUL2411800PE.NFO,2024-06-20,10:29:00,2024-07-29,3.4,3.4,3.4,3.4,0,0,1
MIDCPNIFTY29JUL2411800PE.NFO,2024-06-20,10:30:00,2024-07-29,3.4,3.4,3.4,3.4,0,0,1
MIDCPNIFTY29JUL2411800PE.NFO,2024-06-20,10:31:00,2024-07-29,3.4,3.4,3.4,3.4,0,0,1
MIDCPNIFTY29JUL2411800PE.NFO,2024-06-20,10:32:00,2024-07-29,3.4,3.4,3.4,3.4,0,0,1
MIDCPNIFTY29JUL2411800PE.NFO,2024-06-20,10:33:00,2024-07-29,3.4,3.4,3.4,3.4,0,0,1
MIDCPNIFTY29JUL2411800PE.NFO,2024-06-20,10:34:00,2024-07-29,3.4,3.4,3.4,3.4,0,0,1
MIDCPNIFTY29JUL2411800PE.NFO,2024-06-20,10:35:00,2024-07-29,3.4,3.4,3.4,3.4,0,0,1
MIDCPNIFTY29JUL2411800PE.NFO,2024-06-20,10:36:00,2024-07-29,3.4,3.4,3.4,3.4,0,0,1
MIDCPNIFTY29JUL2411800PE.NFO,2024-06-20,10:37:00,2024-07-29,3.4,3.4,3.4,3.4,0,0,1
MIDCPNIFTY29JUL2411800PE.NFO,2024-06-20,10:38:00,2024-07-29,3.4,3.4,3.4,3.4,0,0,1
MIDCPNIFTY29JUL2411800PE.NFO,2024-06-20,10:39:00,2024-07-29,3.4,3.4,3.4,3.4,0,0,1
MIDCPNIFTY29JUL2411800PE.NFO,2024-06-20,10:40:00,2024-07-29,3.4,3.4,3.4,3.4,0,0,1
MIDCPNIFTY29JUL2411800PE.NFO,2024-06-20,10:41:00,2024-07-29,3.4,3.4,3.4,3.4,0,0,1
MIDCPNIFTY29JUL2411800PE.NFO,2024-06-20,10:42:00,2024-07-29,3.4,3.4,3.4,3.4,0,0,1
MIDCPNIFTY29JUL2411800PE.NFO,2024-06-20,10:43:00,2024-07-29,3.4,3.4,3.4,3.4,0,0,1
MIDCPNIFTY29JUL2411800PE.NFO,2024-06-20,10:44:00,2024-07-29,3.4,3.4,3.4,3.4,0,0,1
MIDCPNIFTY29JUL2411800PE.NFO,2024-06-20,10:45:00,2024-07-29,3.4,3.4,3.4,3.4,0,0,1
MIDCPNIFTY29JUL2411800PE.NFO,2024-06-20,10:46:00,2024-07-29,3.4,3.4,3.4,3.4,0,0,1
MIDCPNIFTY29JUL2411800PE.NFO,2024-06-20,10:47:00,2024-07-29,3.4,3.4,3.4,3.4,0,0,1
MIDCPNIFTY29JUL2411800PE.NFO,2024-06-20,10:48:00,2024-07-29,3.4,3.4,3.4,3.4,0,0,1
MIDCPNIFTY29JUL2411800PE.NFO,2024-06-20,10:49:00,2024-07-29,3.4,3.4,3.4,3.4,0,0,1
MIDCPNIFTY29JUL2411800PE.NFO,2024-06-20,10:50:00,2024-07-29,3.4,3.4,3.4,3.4,0,0,1
MIDCPNIFTY29JUL2411800PE.NFO,2024-06-20,10:51:00,2024-07-29,3.4,3.4,3.4,3.4,0,0,1
MIDCPNIFTY29JUL2411800PE.NFO,2024-06-20,10:52:00,2024-07-29,3.4,3.4,3.4,3.4,0,0,1
MIDCPNIFTY29JUL2411800PE.NFO,2024-06-20,10:53:00,2024-07-29,3.4,3.4,3.4,3.4,0,0,1
MIDCPNIFTY29JUL2411800PE.NFO,2024-06-20,10:54:00,2024-07-29,3.4,3.4,3.4,3.4,0,0,1
MIDCPNIFTY29JUL2411800PE.NFO,2024-06-20,10:55:00,2024-07-29,3.4,3.4,3.4,3.4,0,0,1
MIDCPNIFTY29JUL2411800PE.NFO,2024-06-20,10:56:00,2024-07-29,3.4,3.4,3.4,3.4,0,0,1
MIDCPNIFTY29JUL2411800PE.NFO,2024-06-20,10:57:00,2024-07-29,3.4,3.4,3.4,3.4,0,0,1
MIDCPNIFTY29JUL2411800PE.NFO,2024-06-20,10:58:00,2024-07-29,3.4,3.4,3.4,3.4,0,0,1
MIDCPNIFTY29JUL2411800PE.NFO,2024-06-20,10:59:00,2024-07-29,3.4,3.4,3.4,3.4,0,0,1
MIDCPNIFTY29JUL2411800PE.NFO,2024-06-20,11:00:00,2024-07-29,3.4,3.4,3.4,3.4,0,0,1
MIDCPNIFTY29JUL2411800PE.NFO,2024-06-20,11:01:00,2024-07-29,3.4,3.4,3.4,3.4,0,0,1
MIDCPNIFTY29JUL2411800PE.NFO,2024-06-20,11:02:00,2024-07-29,3.4,3.4,3.4,3.4,0,0,1
MIDCPNIFTY29JUL2411800PE.NFO,2024-06-20,11:03:00,2024-07-29,3.4,3.4,3.4,3.4,0,0,1
MIDCPNIFTY29JUL2411800PE.NFO,2024-06-20,11:04:00,2024-07-29,3.4,3.4,3.4,3.4,0,0,1
MIDCPNIFTY29JUL2411800PE.NFO,2024-06-20,11:05:00,2024-07-29,3.4,3.4,3.4,3.4,0,0,1
MIDCPNIFTY29JUL2411800PE.NFO,2024-06-20,11:06:00,2024-07-29,3.4,3.4,3.4,3.4,0,0,1
MIDCPNIFTY29JUL2411800PE.NFO,2024-06-20,11:07:00,2024-07-29,3.4,3.4,3.4,3.4,0,0,1
MIDCPNIFTY29JUL2411800PE.NFO,2024-06-20,11:08:00,2024-07-29,3.4,3.4,3.4,3.4,0,0,1
MIDCPNIFTY29JUL2411800PE.NFO,2024-06-20,11:09:00,2024-07-29,3.4,3.4,3.4,3.4,0,0,1
MIDCPNIFTY29JUL2411800PE.NFO,2024-06-20,11:10:00,2024-07-29,3.4,3.4,3.4,3.4,0,0,1
MIDCPNIFTY29JUL2411800PE.NFO,2024-06-20,11:11:00,2024-07-29,3.4,3.4,3.4,3.4,0,0,1
MIDCPNIFTY29JUL2411800PE.NFO,2024-06-20,11:12:00,2024-07-29,3.4,3.4,3.4,3.4,0,0,1
MIDCPNIFTY29JUL2411800PE.NFO,2024-06-20,11:13:00,2024-07-29,3.4,3.4,3.4,3.4,0,0,1
MIDCPNIFTY29JUL2411800PE.NFO,2024-06-20,11:14:00,2024-07-29,3.4,3.4,3.4,3.4,0,0,1
MIDCPNIFTY29JUL2411800PE.NFO,2024-06-20,11:15:00,2024-07-29,3.4,3.4,3.4,3.4,0,0,1
MIDCPNIFTY29JUL2411800PE.NFO,2024-06-20,11:16:00,2024-07-29,3.4,3.4,3.4,3.4,0,0,1
MIDCPNIFTY29JUL2411800PE.NFO,2024-06-20,11:17:00,2024-07-29,3.4,3.4,3.4,3.4,0,0,1
MIDCPNIFTY29JUL2411800PE.NFO,2024-06-20,11:18:00,2024-07-29,3.4,3.4,3.4,3.4,0,0,1
MIDCPNIFTY29JUL2411800PE.NFO,2024-06-20,11:19:00,2024-07-29,3.4,3.4,3.4,3.4,0,0,1
MIDCPNIFTY29JUL2411800PE.NFO,2024-06-20,11:20:00,2024-07-29,3.4,3.4,3.4,3.4,0,0,1
MIDCPNIFTY29JUL2411800PE.NFO,2024-06-20,11:21:00,2024-07-29,3.4,3.4,3.4,3.4,0,0,1
MIDCPNIFTY29JUL2411800PE.NFO,2024-06-20,11:22:00,2024-07-29,3.4,3.4,3.4,3.4,0,0,1
MIDCPNIFTY29JUL2411800PE.NFO,2024-06-20,11:23:00,2024-07-29,3.4,3.4,3.4,3.4,0,0,1
MIDCPNIFTY29JUL2411800PE.NFO,2024-06-20,11:24:00,2024-07-29,3.4,3.4,3.4,3.4,0,0,1
MIDCPNIFTY29JUL2411800PE.NFO,2024-06-20,11:25:00,2024-07-29,3.4,3.4,3.4,3.4,0,0,1
MIDCPNIFTY29JUL2411800PE.NFO,2024-06-20,11:26:00,2024-07-29,3.4,3.4,3.4,3.4,0,0,1
MIDCPNIFTY29JUL2411800PE.NFO,2024-06-20,11:27:00,2024-07-29,3.4,3.4,3.4,3.4,0,0,1
MIDCPNIFTY29JUL2411800PE.NFO,2024-06-20,11:28:00,2024-07-29,3.4,3.4,3.4,3.4,0,0,1
MIDCPNIFTY29JUL2411800PE.NFO,2024-06-20,11:29:00,2024-07-29,3.4,3.4,3.4,3.4,0,0,1
MIDCPNIFTY29JUL2411800PE.NFO,2024-06-20,11:30:00,2024-07-29,3.4,3.4,3.4,3.4,0,0,1
MIDCPNIFTY29JUL2411800PE.NFO,2024-06-20,11:31:00,2024-07-29,3.4,3.4,3.4,3.4,0,0,1
MIDCPNIFTY29JUL2411800PE.NFO,2024-06-20,11:32:00,2024-07-29,3.4,3.4,3.4,3.4,0,0,1
MIDCPNIFTY29JUL2411800PE.NFO,2024-06-20,11:33:00,2024-07-29,3.4,3.4,3.4,3.4,0,0,1
MIDCPNIFTY29JUL2411800PE.NFO,2024-06-20,11:34:00,2024-07-29,3.4,3.4,3.4,3.4,0,0,1
MIDCPNIFTY29JUL2411800PE.NFO,2024-06-20,11:35:00,2024-07-29,3.4,3.4,3.4,3.4,0,0,1
MIDCPNIFTY29JUL2411800PE.NFO,2024-06-20,11:36:00,2024-07-29,3.4,3.4,3.4,3.4,0,0,1
MIDCPNIFTY29JUL2411800PE.NFO,2024-06-20,11:37:00,2024-07-29,3.4,3.4,3.4,3.4,0,0,1
MIDCPNIFTY29JUL2411800PE.NFO,2024-06-20,11:38:00,2024-07-29,3.4,3.4,3.4,3.4,0,0,1
MIDCPNIFTY29JUL2411800PE.NFO,2024-06-20,11:39:00,2024-07-29,3.4,3.4,3.4,3.4,0,0,1
MIDCPNIFTY29JUL2411800PE.NFO,2024-06-20,11:40:00,2024-07-29,3.4,3.4,3.4,3.4,0,0,1
MIDCPNIFTY29JUL2411800PE.NFO,2024-06-20,11:41:00,2024-07-29,3.4,3.4,3.4,3.4,0,0,1
MIDCPNIFTY29JUL2411800PE.NFO,2024-06-20,11:42:00,2024-07-29,3.4,3.4,3.4,3.4,0,0,1
MIDCPNIFTY29JUL2411800PE.NFO,2024-06-20,11:43:00,2024-07-29,3.4,3.4,3.4,3.4,0,0,1
MIDCPNIFTY29JUL2411800PE.NFO,2024-06-20,11:44:00,2024-07-29,3.4,3.4,3.4,3.4,0,0,1
MIDCPNIFTY29JUL2411800PE.NFO,2024-06-20,11:45:00,2024-07-29,3.4,3.4,3.4,3.4,0,0,1
MIDCPNIFTY29JUL2411800PE.NFO,2024-06-20,11:46:00,2024-07-29,3.4,3.4,3.4,3.4,0,0,1
MIDCPNIFTY29JUL2411800PE.NFO,2024-06-20,11:47:00,2024-07-29,3.4,3.4,3.4,3.4,0,0,1
MIDCPNIFTY29JUL2411800PE.NFO,2024-06-20,11:48:00,2024-07-29,3.4,3.4,3.4,3.4,0,0,1
MIDCPNIFTY29JUL2411800PE.NFO,2024-06-20,11:49:00,2024-07-29,3.4,3.4,3.4,3.4,0,0,1
MIDCPNIFTY29JUL2411800PE.NFO,2024-06-20,11:50:00,2024-07-29,3.4,3.4,3.4,3.4,0,0,1
MIDCPNIFTY29JUL2411800PE.NFO,2024-06-20,11:51:00,2024-07-29,3.4,3.4,3.4,3.4,0,0,1
MIDCPNIFTY29JUL2411800PE.NFO,2024-06-20,11:52:00,2024-07-29,3.4,3.4,3.4,3.4,0,0,1
MIDCPNIFTY29JUL2411800PE.NFO,2024-06-20,11:53:00,2024-07-29,3.4,3.4,3.4,3.4,0,0,1
MIDCPNIFTY29JUL2411800PE.NFO,2024-06-20,11:54:00,2024-07-29,3.4,3.4,3.4,3.4,0,0,1
MIDCPNIFTY29JUL2411800PE.NFO,2024-06-20,11:55:00,2024-07-29,3.4,3.4,3.4,3.4,0,0,1
MIDCPNIFTY29JUL2411800PE.NFO,2024-06-20,11:56:00,2024-07-29,3.4,3.4,3.4,3.4,0,0,1
MIDCPNIFTY29JUL2411800PE.NFO,2024-06-20,11:57:00,2024-07-29,3.4,3.4,3.4,3.4,0,0,1
MIDCPNIFTY29JUL2411800PE.NFO,2024-06-20,11:58:00,2024-07-29,3.4,3.4,3.4,3.4,0,0,1
MIDCPNIFTY29JUL2411800PE.NFO,2024-06-20,11:59:00,2024-07-29,3.4,3.4,3.4,3.4,0,0,1
MIDCPNIFTY29JUL2411800PE.NFO,2024-06-20,12:00:00,2024-07-29,3.4,3.4,3.4,3.4,0,0,1
MIDCPNIFTY29JUL2411800PE.NFO,2024-06-20,12:01:00,2024-07-29,3.4,3.4,3.4,3.4,0,0,1
MIDCPNIFTY29JUL2411800PE.NFO,2024-06-20,12:02:00,2024-07-29,3.4,3.4,3.4,3.4,0,0,1
MIDCPNIFTY29JUL2411800PE.NFO,2024-06-20,12:03:00,2024-07-29,3.4,3.4,3.4,3.4,0,0,1
MIDCPNIFTY29JUL2411800PE.NFO,2024-06-20,12:04:00,2024-07-29,3.4,3.4,3.4,3.4,0,0,1
MIDCPNIFTY29JUL2411800PE.NFO,2024-06-20,12:05:00,2024-07-29,3.4,3.4,3.4,3.4,0,0,1
MIDCPNIFTY29JUL2411800PE.NFO,2024-06-20,12:06:00,2024-07-29,3.4,3.4,3.4,3.4,0,0,1
MIDCPNIFTY29JUL2411800PE.NFO,2024-06-20,12:07:00,2024-07-29,3.4,3.4,3.4,3.4,0,0,1
MIDCPNIFTY29JUL2411800PE.NFO,2024-06-20,12:08:00,2024-07-29,3.4,3.4,3.4,3.4,0,0,1
MIDCPNIFTY29JUL2411800PE.NFO,2024-06-20,12:09:00,2024-07-29,3.4,3.4,3.4,3.4,0,0,1
MIDCPNIFTY29JUL2411800PE.NFO,2024-06-20,12:10:00,2024-07-29,3.4,3.4,3.4,3.4,0,0,1
MIDCPNIFTY29JUL2411800PE.NFO,2024-06-20,12:11:00,2024-07-29,3.4,3.4,3.4,3.4,0,0,1
MIDCPNIFTY29JUL2411800PE.NFO,2024-06-20,12:12:00,2024-07-29,3.4,3.4,3.4,3.4,0,0,1
MIDCPNIFTY29JUL2411800PE.NFO,2024-06-20,12:13:00,2024-07-29,3.4,3.4,3.4,3.4,0,0,1
MIDCPNIFTY29JUL2411800PE.NFO,2024-06-20,12:14:00,2024-07-29,3.4,3.4,3.4,3.4,0,0,1
MIDCPNIFTY29JUL2411800PE.NFO,2024-06-20,12:15:00,2024-07-29,3.4,3.4,3.4,3.4,0,0,1
MIDCPNIFTY29JUL2411800PE.NFO,2024-06-20,12:16:00,2024-07-29,3.4,3.4,3.4,3.4,0,0,1
MIDCPNIFTY29JUL2411800PE.NFO,2024-06-20,12:17:00,2024-07-29,3.4,3.4,3.4,3.4,0,0,1
MIDCPNIFTY29JUL2411800PE.NFO,2024-06-20,12:18:00,2024-07-29,3.4,3.4,3.4,3.4,0,0,1
MIDCPNIFTY29JUL2411800PE.NFO,2024-06-20,12:19:00,2024-07-29,3.4,3.4,3.4,3.4,0,0,1
MIDCPNIFTY29JUL2411800PE.NFO,2024-06-20,12:20:00,2024-07-29,3.4,3.4,3.4,3.4,0,0,1
MIDCPNIFTY29JUL2411800PE.NFO,2024-06-20,12:21:00,2024-07-29,3.4,3.4,3.4,3.4,0,0,1
MIDCPNIFTY29JUL2411800PE.NFO,2024-06-20,12:22:00,2024-07-29,3.4,3.4,3.4,3.4,0,0,1
MIDCPNIFTY29JUL2411800PE.NFO,2024-06-20,12:23:00,2024-07-29,3.4,3.4,3.4,3.4,0,0,1
MIDCPNIFTY29JUL2411800PE.NFO,2024-06-20,12:24:00,2024-07-29,3.4,3.4,3.4,3.4,0,0,1
MIDCPNIFTY29JUL2411800PE.NFO,2024-06-20,12:25:00,2024-07-29,3.4,3.4,3.4,3.4,0,0,1
MIDCPNIFTY29JUL2411800PE.NFO,2024-06-20,12:26:00,2024-07-29,3.4,3.4,3.4,3.4,0,0,1
MIDCPNIFTY29JUL2411800PE.NFO,2024-06-20,12:27:00,2024-07-29,3.4,3.4,3.4,3.4,0,0,1
MIDCPNIFTY29JUL2411800PE.NFO,2024-06-20,12:28:00,2024-07-29,3.4,3.4,3.4,3.4,0,0,1
MIDCPNIFTY29JUL2411800PE.NFO,2024-06-20,12:29:00,2024-07-29,3.4,3.4,3.4,3.4,0,0,1
MIDCPNIFTY29JUL2411800PE.NFO,2024-06-20,12:30:00,2024-07-29,3.4,3.4,3.4,3.4,0,0,1
MIDCPNIFTY29JUL2411800PE.NFO,2024-06-20,12:31:00,2024-07-29,3.4,3.4,3.4,3.4,0,0,1
MIDCPNIFTY29JUL2411800PE.NFO,2024-06-20,12:32:00,2024-07-29,3.4,3.4,3.4,3.4,0,0,1
MIDCPNIFTY29JUL2411800PE.NFO,2024-06-20,12:33:00,2024-07-29,3.4,3.4,3.4,3.4,0,0,1
MIDCPNIFTY29JUL2411800PE.NFO,2024-06-20,12:34:00,2024-07-29,3.4,3.4,3.4,3.4,0,0,1
MIDCPNIFTY29JUL2411800PE.NFO,2024-06-20,12:35:00,2024-07-29,3.4,3.4,3.4,3.4,0,0,1
MIDCPNIFTY29JUL2411800PE.NFO,2024-06-20,12:36:00,2024-07-29,3.4,3.4,3.4,3.4,0,0,1
MIDCPNIFTY29JUL2411800PE.NFO,2024-06-20,12:37:00,2024-07-29,3.4,3.4,3.4,3.4,0,0,1
MIDCPNIFTY29JUL2411800PE.NFO,2024-06-20,12:38:00,2024-07-29,3.4,3.4,3.4,3.4,0,0,1
MIDCPNIFTY29JUL2411800PE.NFO,2024-06-20,12:39:00,2024-07-29,3.4,3.4,3.4,3.4,0,0,1
MIDCPNIFTY29JUL2411800PE.NFO,2024-06-20,12:40:00,2024-07-29,3.4,3.4,3.4,3.4,0,0,1
MIDCPNIFTY29JUL2411800PE.NFO,2024-06-20,12:41:00,2024-07-29,3.4,3.4,3.4,3.4,0,0,1
MIDCPNIFTY29JUL2411800PE.NFO,2024-06-20,12:42:00,2024-07-29,3.4,3.4,3.4,3.4,0,0,1
MIDCPNIFTY29JUL2411800PE.NFO,2024-06-20,12:43:00,2024-07-29,3.4,3.4,3.4,3.4,0,0,1
MIDCPNIFTY29JUL2411800PE.NFO,2024-06-20,12:44:00,2024-07-29,3.4,3.4,3.4,3.4,0,0,1
MIDCPNIFTY29JUL2411800PE.NFO,2024-06-20,12:45:00,2024-07-29,3.4,3.4,3.4,3.4,0,0,1
MIDCPNIFTY29JUL2411800PE.NFO,2024-06-20,12:46:00,2024-07-29,3.4,3.4,3.4,3.4,0,0,1
MIDCPNIFTY29JUL2411800PE.NFO,2024-06-20,12:47:00,2024-07-29,3.4,3.4,3.4,3.4,0,0,1
MIDCPNIFTY29JUL2411800PE.NFO,2024-06-20,12:48:00,2024-07-29,3.4,3.4,3.4,3.4,0,0,1
MIDCPNIFTY29JUL2411800PE.NFO,2024-06-20,12:49:00,2024-07-29,3.4,3.4,3.4,3.4,0,0,1
MIDCPNIFTY29JUL2411800PE.NFO,2024-06-20,12:50:00,2024-07-29,3.4,3.4,3.4,3.4,0,0,1
MIDCPNIFTY29JUL2411800PE.NFO,2024-06-20,12:51:00,2024-07-29,3.4,3.4,3.4,3.4,0,0,1
MIDCPNIFTY29JUL2411800PE.NFO,2024-06-20,12:52:00,2024-07-29,3.4,3.4,3.4,3.4,0,0,1
MIDCPNIFTY29JUL2411800PE.NFO,2024-06-20,12:53:00,2024-07-29,3.4,3.4,3.4,3.4,0,0,1
MIDCPNIFTY29JUL2411800PE.NFO,2024-06-20,12:54:00,2024-07-29,3.4,3.4,3.4,3.4,0,0,1
MIDCPNIFTY29JUL2411800PE.NFO,2024-06-20,12:55:00,2024-07-29,3.4,3.4,3.4,3.4,0,0,1
MIDCPNIFTY29JUL2411800PE.NFO,2024-06-20,12:56:00,2024-07-29,3.4,3.4,3.4,3.4,0,0,1
MIDCPNIFTY29JUL2411800PE.NFO,2024-06-20,12:57:00,2024-07-29,3.4,3.4,3.4,3.4,0,0,1
MIDCPNIFTY29JUL2411800PE.NFO,2024-06-20,12:58:00,2024-07-29,3.4,3.4,3.4,3.4,0,0,1
MIDCPNIFTY29JUL2411800PE.NFO,2024-06-20,12:59:00,2024-07-29,3.4,3.4,3.4,3.4,0,0,1
MIDCPNIFTY29JUL2411800PE.NFO,2024-06-20,13:00:00,2024-07-29,3.4,3.4,3.4,3.4,0,0,1
MIDCPNIFTY29JUL2411800PE.NFO,2024-06-20,13:01:00,2024-07-29,3.4,3.4,3.4,3.4,0,0,1
MIDCPNIFTY29JUL2411800PE.NFO,2024-06-20,13:02:00,2024-07-29,3.4,3.4,3.4,3.4,0,0,1
MIDCPNIFTY29JUL2411800PE.NFO,2024-06-20,13:03:00,2024-07-29,3.4,3.4,3.4,3.4,0,0,1
MIDCPNIFTY29JUL2411800PE.NFO,2024-06-20,13:04:00,2024-07-29,3.4,3.4,3.4,3.4,0,0,1
MIDCPNIFTY29JUL2411800PE.NFO,2024-06-20,13:05:00,2024-07-29,3.4,3.4,3.4,3.4,0,0,1
MIDCPNIFTY29JUL2411800PE.NFO,2024-06-20,13:06:00,2024-07-29,3.4,3.4,3.4,3.4,0,0,1
MIDCPNIFTY29JUL2411800PE.NFO,2024-06-20,13:07:00,2024-07-29,3.4,3.4,3.4,3.4,0,0,1
MIDCPNIFTY29JUL2411800PE.NFO,2024-06-20,13:08:00,2024-07-29,3.4,3.4,3.4,3.4,0,0,1
MIDCPNIFTY29JUL2411800PE.NFO,2024-06-20,13:09:00,2024-07-29,3.4,3.4,3.4,3.4,0,0,1
MIDCPNIFTY29JUL2411800PE.NFO,2024-06-20,13:10:00,2024-07-29,3.4,3.4,3.4,3.4,0,0,1
MIDCPNIFTY29JUL2411800PE.NFO,2024-06-20,13:11:00,2024-07-29,3.4,3.4,3.4,3.4,0,0,1
MIDCPNIFTY29JUL2411800PE.NFO,2024-06-20,13:12:00,2024-07-29,3.4,3.4,3.4,3.4,0,0,1
MIDCPNIFTY29JUL2411800PE.NFO,2024-06-20,13:13:00,2024-07-29,3.4,3.4,3.4,3.4,0,0,1
MIDCPNIFTY29JUL2411800PE.NFO,2024-06-20,13:14:00,2024-07-29,3.4,3.4,3.4,3.4,0,0,1
MIDCPNIFTY29JUL2411800PE.NFO,2024-06-20,13:15:00,2024-07-29,3.4,3.4,3.4,3.4,0,0,1
MIDCPNIFTY29JUL2411800PE.NFO,2024-06-20,13:16:00,2024-07-29,3.4,3.4,3.4,3.4,0,0,1
MIDCPNIFTY29JUL2411800PE.NFO,2024-06-20,13:17:00,2024-07-29,3.4,3.4,3.4,3.4,0,0,1
MIDCPNIFTY29JUL2411800PE.NFO,2024-06-20,13:18:00,2024-07-29,3.4,3.4,3.4,3.4,0,0,1
MIDCPNIFTY29JUL2411800PE.NFO,2024-06-20,13:19:00,2024-07-29,3.4,3.4,3.4,3.4,0,0,1
MIDCPNIFTY29JUL2411800PE.NFO,2024-06-20,13:20:00,2024-07-29,3.4,3.4,3.4,3.4,0,0,1
MIDCPNIFTY29JUL2411800PE.NFO,2024-06-20,13:21:00,2024-07-29,3.4,3.4,3.4,3.4,0,0,1
MIDCPNIFTY29JUL2411800PE.NFO,2024-06-20,13:22:00,2024-07-29,3.4,3.4,3.4,3.4,0,0,1
MIDCPNIFTY29JUL2411800PE.NFO,2024-06-20,13:23:00,2024-07-29,3.4,3.4,3.4,3.4,0,0,1
MIDCPNIFTY29JUL2411800PE.NFO,2024-06-20,13:24:00,2024-07-29,3.4,3.4,3.4,3.4,0,0,1
MIDCPNIFTY29JUL2411800PE.NFO,2024-06-20,13:25:00,2024-07-29,3.4,3.4,3.4,3.4,0,0,1
MIDCPNIFTY29JUL2411800PE.NFO,2024-06-20,13:26:00,2024-07-29,3.4,3.4,3.4,3.4,0,0,1
MIDCPNIFTY29JUL2411800PE.NFO,2024-06-20,13:27:00,2024-07-29,3.4,3.4,3.4,3.4,0,0,1
MIDCPNIFTY29JUL2411800PE.NFO,2024-06-20,13:28:00,2024-07-29,3.4,3.4,3.4,3.4,0,0,1
MIDCPNIFTY29JUL2411800PE.NFO,2024-06-20,13:29:00,2024-07-29,3.4,3.4,3.4,3.4,0,0,1
MIDCPNIFTY29JUL2411800PE.NFO,2024-06-20,13:30:00,2024-07-29,3.4,3.4,3.4,3.4,0,0,1
MIDCPNIFTY29JUL2411800PE.NFO,2024-06-20,13:31:00,2024-07-29,3.4,3.4,3.4,3.4,0,0,1
MIDCPNIFTY29JUL2411800PE.NFO,2024-06-20,13:32:00,2024-07-29,3.4,3.4,3.4,3.4,0,0,1
MIDCPNIFTY29JUL2411800PE.NFO,2024-06-20,13:33:00,2024-07-29,3.4,3.4,3.4,3.4,0,0,1
MIDCPNIFTY29JUL2411800PE.NFO,2024-06-20,13:34:00,2024-07-29,3.4,3.4,3.4,3.4,0,0,1
MIDCPNIFTY29JUL2411800PE.NFO,2024-06-20,13:35:00,2024-07-29,3.4,3.4,3.4,3.4,0,0,1
MIDCPNIFTY29JUL2411800PE.NFO,2024-06-20,13:36:00,2024-07-29,3.4,3.4,3.4,3.4,0,0,1
MIDCPNIFTY29JUL2411800PE.NFO,2024-06-20,13:37:00,2024-07-29,3.4,3.4,3.4,3.4,0,0,1
MIDCPNIFTY29JUL2411800PE.NFO,2024-06-20,13:38:00,2024-07-29,3.4,3.4,3.4,3.4,0,0,1
MIDCPNIFTY29JUL2411800PE.NFO,2024-06-20,13:39:00,2024-07-29,3.4,3.4,3.4,3.4,0,0,1
MIDCPNIFTY29JUL2411800PE.NFO,2024-06-20,13:40:00,2024-07-29,3.4,3.4,3.4,3.4,0,0,1
MIDCPNIFTY29JUL2411800PE.NFO,2024-06-20,13:41:00,2024-07-29,3.4,3.4,3.4,3.4,0,0,1
MIDCPNIFTY29JUL2411800PE.NFO,2024-06-20,13:42:00,2024-07-29,3.4,3.4,3.4,3.4,0,0,1
MIDCPNIFTY29JUL2411800PE.NFO,2024-06-20,13:43:00,2024-07-29,3.4,3.4,3.4,3.4,0,0,1
MIDCPNIFTY29JUL2411800PE.NFO,2024-06-20,13:44:00,2024-07-29,3.4,3.4,3.4,3.4,0,0,1
MIDCPNIFTY29JUL2411800PE.NFO,2024-06-20,13:45:00,2024-07-29,3.4,3.4,3.4,3.4,0,0,1
MIDCPNIFTY29JUL2411800PE.NFO,2024-06-20,13:46:00,2024-07-29,3.4,3.4,3.4,3.4,0,0,1
MIDCPNIFTY29JUL2411800PE.NFO,2024-06-20,13:47:00,2024-07-29,3.4,3.4,3.4,3.4,0,0,1
MIDCPNIFTY29JUL2411800PE.NFO,2024-06-20,13:48:00,2024-07-29,3.4,3.4,3.4,3.4,0,0,1
MIDCPNIFTY29JUL2411800PE.NFO,2024-06-20,13:49:00,2024-07-29,3.4,3.4,3.4,3.4,0,0,1
MIDCPNIFTY29JUL2411800PE.NFO,2024-06-20,13:50:00,2024-07-29,3.4,3.4,3.4,3.4,0,0,1
MIDCPNIFTY29JUL2411800PE.NFO,2024-06-20,13:51:00,2024-07-29,3.4,3.4,3.4,3.4,0,0,1
MIDCPNIFTY29JUL2411800PE.NFO,2024-06-20,13:52:00,2024-07-29,3.4,3.4,3.4,3.4,0,0,1
MIDCPNIFTY29JUL2411800PE.NFO,2024-06-20,13:53:00,2024-07-29,3.4,3.4,3.4,3.4,0,0,1
MIDCPNIFTY29JUL2411800PE.NFO,2024-06-20,13:54:00,2024-07-29,3.4,3.4,3.4,3.4,0,0,1
MIDCPNIFTY29JUL2411800PE.NFO,2024-06-20,13:55:00,2024-07-29,3.4,3.4,3.4,3.4,0,0,1
MIDCPNIFTY29JUL2411800PE.NFO,2024-06-20,13:56:00,2024-07-29,3.4,3.4,3.4,3.4,0,0,1
MIDCPNIFTY29JUL2411800PE.NFO,2024-06-20,13:57:00,2024-07-29,3.4,3.4,3.4,3.4,0,0,1
MIDCPNIFTY29JUL2411800PE.NFO,2024-06-20,13:58:00,2024-07-29,3.4,3.4,3.4,3.4,0,0,1
MIDCPNIFTY29JUL2411800PE.NFO,2024-06-20,13:59:00,2024-07-29,3.4,3.4,3.4,3.4,0,0,1
MIDCPNIFTY29JUL2411800PE.NFO,2024-06-20,14:00:00,2024-07-29,3.4,3.4,3.4,3.4,0,0,1
MIDCPNIFTY29JUL2411800PE.NFO,2024-06-20,14:01:00,2024-07-29,3.4,3.4,3.4,3.4,0,0,1
MIDCPNIFTY29JUL2411800PE.NFO,2024-06-20,14:02:00,2024-07-29,3.4,3.4,3.4,3.4,0,0,1
MIDCPNIFTY29JUL2411800PE.NFO,2024-06-20,14:03:00,2024-07-29,3.4,3.4,3.4,3.4,0,0,1
MIDCPNIFTY29JUL2411800PE.NFO,2024-06-20,14:04:00,2024-07-29,3.4,3.4,3.4,3.4,0,0,1
MIDCPNIFTY29JUL2411800PE.NFO,2024-06-20,14:05:00,2024-07-29,3.4,3.4,3.4,3.4,0,0,1
MIDCPNIFTY29JUL2411800PE.NFO,2024-06-20,14:06:00,2024-07-29,3.4,3.4,3.4,3.4,0,0,1
MIDCPNIFTY29JUL2411800PE.NFO,2024-06-20,14:07:00,2024-07-29,3.4,3.4,3.4,3.4,0,0,1
MIDCPNIFTY29JUL2411800PE.NFO,2024-06-20,14:08:00,2024-07-29,3.4,3.4,3.4,3.4,0,0,1
MIDCPNIFTY29JUL2411800PE.NFO,2024-06-20,14:09:00,2024-07-29,3.4,3.4,3.4,3.4,0,0,1
MIDCPNIFTY29JUL2411800PE.NFO,2024-06-20,14:10:00,2024-07-29,3.4,3.4,3.4,3.4,0,0,1
MIDCPNIFTY29JUL2411800PE.NFO,2024-06-20,14:11:00,2024-07-29,3.4,3.4,3.4,3.4,0,0,1
MIDCPNIFTY29JUL2411800PE.NFO,2024-06-20,14:12:00,2024-07-29,3.4,3.4,3.4,3.4,0,0,1
MIDCPNIFTY29JUL2411800PE.NFO,2024-06-20,14:13:00,2024-07-29,3.4,3.4,3.4,3.4,0,0,1
MIDCPNIFTY29JUL2411800PE.NFO,2024-06-20,14:14:00,2024-07-29,3.4,3.4,3.4,3.4,0,0,1
MIDCPNIFTY29JUL2411800PE.NFO,2024-06-20,14:15:00,2024-07-29,3.4,3.4,3.4,3.4,0,0,1
MIDCPNIFTY29JUL2411800PE.NFO,2024-06-20,14:16:00,2024-07-29,3.4,3.4,3.4,3.4,0,0,1
MIDCPNIFTY29JUL2411800PE.NFO,2024-06-20,14:17:00,2024-07-29,3.4,3.4,3.4,3.4,0,0,1
MIDCPNIFTY29JUL2411800PE.NFO,2024-06-20,14:18:00,2024-07-29,3.4,3.4,3.4,3.4,0,0,1
MIDCPNIFTY29JUL2411800PE.NFO,2024-06-20,14:19:00,2024-07-29,3.4,3.4,3.4,3.4,0,0,1
MIDCPNIFTY29JUL2411800PE.NFO,2024-06-20,14:20:00,2024-07-29,3.4,3.4,3.4,3.4,0,0,1
MIDCPNIFTY29JUL2411800PE.NFO,2024-06-20,14:21:00,2024-07-29,3.4,3.4,3.4,3.4,0,0,1
MIDCPNIFTY29JUL2411800PE.NFO,2024-06-20,14:22:00,2024-07-29,3.4,3.4,3.4,3.4,0,0,1
MIDCPNIFTY29JUL2411800PE.NFO,2024-06-20,14:23:00,2024-07-29,3.4,3.4,3.4,3.4,0,0,1
MIDCPNIFTY29JUL2411800PE.NFO,2024-06-20,14:24:00,2024-07-29,3.4,3.4,3.4,3.4,0,0,1
MIDCPNIFTY29JUL2411800PE.NFO,2024-06-20,14:25:00,2024-07-29,3.4,3.4,3.4,3.4,0,0,1
MIDCPNIFTY29JUL2411800PE.NFO,2024-06-20,14:26:00,2024-07-29,3.4,3.4,3.4,3.4,0,0,1
MIDCPNIFTY29JUL2411800PE.NFO,2024-06-20,14:27:00,2024-07-29,3.4,3.4,3.4,3.4,0,0,1
MIDCPNIFTY29JUL2411800PE.NFO,2024-06-20,14:28:00,2024-07-29,3.4,3.4,3.4,3.4,0,0,1
MIDCPNIFTY29JUL2411800PE.NFO,2024-06-20,14:29:00,2024-07-29,3.4,3.4,3.4,3.4,0,0,1
MIDCPNIFTY29JUL2411800PE.NFO,2024-06-20,14:30:00,2024-07-29,3.4,3.4,3.4,3.4,0,0,1
MIDCPNIFTY29JUL2411800PE.NFO,2024-06-20,14:31:00,2024-07-29,3.4,3.4,3.4,3.4,0,0,1
MIDCPNIFTY29JUL2411800PE.NFO,2024-06-20,14:32:00,2024-07-29,3.4,3.4,3.4,3.4,0,0,1
MIDCPNIFTY29JUL2411800PE.NFO,2024-06-20,14:33:00,2024-07-29,3.4,3.4,3.4,3.4,0,0,1
MIDCPNIFTY29JUL2411800PE.NFO,2024-06-20,14:34:00,2024-07-29,3.4,3.4,3.4,3.4,0,0,1
MIDCPNIFTY29JUL2411800PE.NFO,2024-06-20,14:35:00,2024-07-29,3.4,3.4,3.4,3.4,0,0,1
MIDCPNIFTY29JUL2411800PE.NFO,2024-06-20,14:36:00,2024-07-29,3.4,3.4,3.4,3.4,0,0,1
MIDCPNIFTY29JUL2411800PE.NFO,2024-06-20,14:37:00,2024-07-29,3.4,3.4,3.4,3.4,0,0,1
MIDCPNIFTY29JUL2411800PE.NFO,2024-06-20,14:38:00,2024-07-29,3.4,3.4,3.4,3.4,0,0,1
MIDCPNIFTY29JUL2411800PE.NFO,2024-06-20,14:39:00,2024-07-29,3.4,3.4,3.4,3.4,0,0,1
MIDCPNIFTY29JUL2411800PE.NFO,2024-06-20,14:40:00,2024-07-29,3.4,3.4,3.4,3.4,0,0,1
MIDCPNIFTY29JUL2411800PE.NFO,2024-06-20,14:41:00,2024-07-29,3.4,3.4,3.4,3.4,0,0,1
MIDCPNIFTY29JUL2411800PE.NFO,2024-06-20,14:42:00,2024-07-29,3.4,3.4,3.4,3.4,0,0,1
MIDCPNIFTY29JUL2411800PE.NFO,2024-06-20,14:43:00,2024-07-29,3.4,3.4,3.4,3.4,0,0,1
MIDCPNIFTY29JUL2411800PE.NFO,2024-06-20,14:44:00,2024-07-29,3.4,3.4,3.4,3.4,0,0,1
MIDCPNIFTY29JUL2411800PE.NFO,2024-06-20,14:45:00,2024-07-29,3.4,3.4,3.4,3.4,0,0,1
MIDCPNIFTY29JUL2411800PE.NFO,2024-06-20,14:46:00,2024-07-29,3.4,3.4,3.4,3.4,0,0,1
MIDCPNIFTY29JUL2411800PE.NFO,2024-06-20,14:47:00,2024-07-29,3.4,3.4,3.4,3.4,0,0,1
MIDCPNIFTY29JUL2411800PE.NFO,2024-06-20,14:48:00,2024-07-29,3.4,3.4,3.4,3.4,0,0,1
MIDCPNIFTY29JUL2411800PE.NFO,2024-06-20,14:49:00,2024-07-29,3.4,3.4,3.4,3.4,0,0,1
MIDCPNIFTY29JUL2411800PE.NFO,2024-06-20,14:50:00,2024-07-29,3.4,3.4,3.4,3.4,0,0,1
MIDCPNIFTY29JUL2411800PE.NFO,2024-06-20,14:51:00,2024-07-29,3.4,3.4,3.4,3.4,0,0,1
MIDCPNIFTY29JUL2411800PE.NFO,2024-06-20,14:52:00,2024-07-29,3.4,3.4,3.4,3.4,0,0,1
MIDCPNIFTY29JUL2411800PE.NFO,2024-06-20,14:53:00,2024-07-29,3.4,3.4,3.4,3.4,0,0,1
MIDCPNIFTY29JUL2411800PE.NFO,2024-06-20,14:54:00,2024-07-29,3.4,3.4,3.4,3.4,0,0,1
MIDCPNIFTY29JUL2411800PE.NFO,2024-06-20,14:55:00,2024-07-29,3.4,3.4,3.4,3.4,0,0,1
MIDCPNIFTY29JUL2411800PE.NFO,2024-06-20,14:56:00,2024-07-29,3.4,3.4,3.4,3.4,0,0,1
MIDCPNIFTY29JUL2411800PE.NFO,2024-06-20,14:57:00,2024-07-29,3.4,3.4,3.4,3.4,0,0,1
MIDCPNIFTY29JUL2411800PE.NFO,2024-06-20,14:58:00,2024-07-29,3.4,3.4,3.4,3.4,0,0,1
MIDCPNIFTY29JUL2411800PE.NFO,2024-06-20,14:59:00,2024-07-29,3.4,3.4,3.4,3.4,0,0,1
MIDCPNIFTY29JUL2411800PE.NFO,2024-06-20,15:00:00,2024-07-29,3.4,3.4,3.4,3.4,0,0,1
MIDCPNIFTY29JUL2411800PE.NFO,2024-06-20,15:01:00,2024-07-29,3.4,3.4,3.4,3.4,0,0,1
MIDCPNIFTY29JUL2411800PE.NFO,2024-06-20,15:02:00,2024-07-29,3.4,3.4,3.4,3.4,0,0,1
MIDCPNIFTY29JUL2411800PE.NFO,2024-06-20,15:03:00,2024-07-29,3.4,3.4,3.4,3.4,0,0,1
MIDCPNIFTY29JUL2411800PE.NFO,2024-06-20,15:04:00,2024-07-29,3.4,3.4,3.4,3.4,0,0,1
MIDCPNIFTY29JUL2411800PE.NFO,2024-06-20,15:05:00,2024-07-29,3.4,3.4,3.4,3.4,0,0,1
MIDCPNIFTY29JUL2411800PE.NFO,2024-06-20,15:06:00,2024-07-29,3.4,3.4,3.4,3.4,0,0,1
MIDCPNIFTY29JUL2411800PE.NFO,2024-06-20,15:07:00,2024-07-29,3.4,3.4,3.4,3.4,0,0,1
MIDCPNIFTY29JUL2411800PE.NFO,2024-06-20,15:08:00,2024-07-29,3.4,3.4,3.4,3.4,0,0,1
MIDCPNIFTY29JUL2411800PE.NFO,2024-06-20,15:09:00,2024-07-29,3.4,3.4,3.4,3.4,0,0,1
MIDCPNIFTY29JUL2411800PE.NFO,2024-06-20,15:10:00,2024-07-29,3.4,3.4,3.4,3.4,0,0,1
MIDCPNIFTY29JUL2411800PE.NFO,2024-06-20,15:11:00,2024-07-29,3.4,3.4,3.4,3.4,0,0,1
MIDCPNIFTY29JUL2411800PE.NFO,2024-06-20,15:12:00,2024-07-29,3.4,3.4,3.4,3.4,0,0,1
MIDCPNIFTY29JUL2411800PE.NFO,2024-06-20,15:13:00,2024-07-29,3.4,3.4,3.4,3.4,0,0,1
MIDCPNIFTY29JUL2411800PE.NFO,2024-06-20,15:14:00,2024-07-29,3.4,3.4,3.4,3.4,0,0,1
MIDCPNIFTY29JUL2411800PE.NFO,2024-06-20,15:15:00,2024-07-29,3.4,3.4,3.4,3.4,0,0,1
MIDCPNIFTY29JUL2411800PE.NFO,2024-06-20,15:16:00,2024-07-29,3.4,3.4,3.4,3.4,0,0,1
MIDCPNIFTY29JUL2411800PE.NFO,2024-06-20,15:17:00,2024-07-29,3.4,3.4,3.4,3.4,0,0,1
MIDCPNIFTY29JUL2411800PE.NFO,2024-06-20,15:18:00,2024-07-29,3.4,3.4,3.4,3.4,0,0,1
MIDCPNIFTY29JUL2411800PE.NFO,2024-06-20,15:19:00,2024-07-29,3.4,3.4,3.4,3.4,0,0,1
MIDCPNIFTY29JUL2411800PE.NFO,2024-06-20,15:20:00,2024-07-29,3.4,3.4,3.4,3.4,0,0,1
MIDCPNIFTY29JUL2411800PE.NFO,2024-06-20,15:21:00,2024-07-29,3.4,3.4,3.4,3.4,0,0,1
MIDCPNIFTY29JUL2411800PE.NFO,2024-06-20,15:22:00,2024-07-29,3.4,3.4,3.4,3.4,0,0,1
MIDCPNIFTY29JUL2411800PE.NFO,2024-06-20,15:23:00,2024-07-29,3.4,3.4,3.4,3.4,0,0,1
MIDCPNIFTY29JUL2411800PE.NFO,2024-06-20,15:24:00,2024-07-29,3.4,3.4,3.4,3.4,0,0,1
MIDCPNIFTY29JUL2411800PE.NFO,2024-06-20,15:25:00,2024-07-29,3.4,3.4,3.4,3.4,0,0,1
MIDCPNIFTY29JUL2411800PE.NFO,2024-06-20,15:26:00,2024-07-29,3.4,3.4,3.4,3.4,0,0,1
MIDCPNIFTY29JUL2411800PE.NFO,2024-06-20,15:27:00,2024-07-29,3.4,3.4,3.4,3.4,0,0,1
MIDCPNIFTY29JUL2411800PE.NFO,2024-06-20,15:28:00,2024-07-29,3.4,3.4,3.4,3.4,0,0,1
MIDCPNIFTY29JUL2411800PE.NFO,2024-06-20,15:29:00,2024-07-29,3.4,3.4,3.4,3.4,0,0,1
MIDCPNIFTY29JUL2411800PE.NFO,2024-06-20,15:30:00,2024-07-29,3.4,3.4,3.4,3.4,0,0,1
MIDCPNIFTY29JUL2411800PE.NFO,2024-06-21,09:15:00,2024-07-29,3.4,3.4,3.4,3.4,0,0,0
MIDCPNIFTY29JUL2411800PE.NFO,2024-06-21,09:16:00,2024-07-29,3.4,3.4,3.4,3.4,0,0,1
MIDCPNIFTY29JUL2411800PE.NFO,2024-06-21,09:17:00,2024-07-29,3.4,3.4,3.4,3.4,0,0,1
MIDCPNIFTY29JUL2411800PE.NFO,2024-06-21,09:18:00,2024-07-29,3.4,3.4,3.4,3.4,0,0,1
MIDCPNIFTY29JUL2411800PE.NFO,2024-06-21,09:19:00,2024-07-29,3.4,3.4,3.4,3.4,0,0,1
MIDCPNIFTY29JUL2411800PE.NFO,2024-06-21,09:20:00,2024-07-29,3.4,3.4,3.4,3.4,0,0,1
MIDCPNIFTY29JUL2411800PE.NFO,2024-06-21,09:21:00,2024-07-29,3.4,3.4,3.4,3.4,0,0,1
MIDCPNIFTY29JUL2411800PE.NFO,2024-06-21,09:22:00,2024-07-29,3.4,3.4,3.4,3.4,0,0,1
MIDCPNIFTY29JUL2411800PE.NFO,2024-06-21,09:23:00,2024-07-29,3.4,3.4,3.4,3.4,0,0,1
MIDCPNIFTY29JUL2411800PE.NFO,2024-06-21,09:24:00,2024-07-29,3.4,3.4,3.4,3.4,0,0,1
MIDCPNIFTY29JUL2411800PE.NFO,2024-06-21,09:25:00,2024-07-29,3.4,3.4,3.4,3.4,0,0,1
MIDCPNIFTY29JUL2411800PE.NFO,2024-06-21,09:26:00,2024-07-29,3.4,3.4,3.4,3.4,0,0,1
MIDCPNIFTY29JUL2411800PE.NFO,2024-06-21,09:27:00,2024-07-29,3.4,3.4,3.4,3.4,0,0,1
MIDCPNIFTY29JUL2411800PE.NFO,2024-06-21,09:28:00,2024-07-29,3.4,3.4,3.4,3.4,0,0,1
MIDCPNIFTY29JUL2411800PE.NFO,2024-06-21,09:29:00,2024-07-29,3.4,3.4,3.4,3.4,0,0,1
MIDCPNIFTY29JUL2411800PE.NFO,2024-06-21,09:30:00,2024-07-29,3.4,3.4,3.4,3.4,0,0,1
MIDCPNIFTY29JUL2411800PE.NFO,2024-06-21,09:31:00,2024-07-29,3.4,3.4,3.4,3.4,0,0,1
MIDCPNIFTY29JUL2411800PE.NFO,2024-06-21,09:32:00,2024-07-29,3.4,3.4,3.4,3.4,0,0,1
MIDCPNIFTY29JUL2411800PE.NFO,2024-06-21,09:33:00,2024-07-29,3.4,3.4,3.4,3.4,0,0,1
MIDCPNIFTY29JUL2411800PE.NFO,2024-06-21,09:34:00,2024-07-29,3.4,3.4,3.4,3.4,0,0,1
MIDCPNIFTY29JUL2411800PE.NFO,2024-06-21,09:35:00,2024-07-29,3.4,3.4,3.4,3.4,0,0,1
MIDCPNIFTY29JUL2411800PE.NFO,2024-06-21,09:36:00,2024-07-29,3.4,3.4,3.4,3.4,0,0,1
MIDCPNIFTY29JUL2411800PE.NFO,2024-06-21,09:37:00,2024-07-29,3.4,3.4,3.4,3.4,0,0,1
MIDCPNIFTY29JUL2411800PE.NFO,2024-06-21,09:38:00,2024-07-29,3.4,3.4,3.4,3.4,0,0,1
MIDCPNIFTY29JUL2411800PE.NFO,2024-06-21,09:39:00,2024-07-29,3.4,3.4,3.4,3.4,0,0,1
MIDCPNIFTY29JUL2411800PE.NFO,2024-06-21,09:40:00,2024-07-29,3.4,3.4,3.4,3.4,0,0,1
MIDCPNIFTY29JUL2411800PE.NFO,2024-06-21,09:41:00,2024-07-29,3.4,3.4,3.4,3.4,0,0,1
MIDCPNIFTY29JUL2411800PE.NFO,2024-06-21,09:42:00,2024-07-29,3.4,3.4,3.4,3.4,0,0,1
MIDCPNIFTY29JUL2411800PE.NFO,2024-06-21,09:43:00,2024-07-29,3.4,3.4,3.4,3.4,0,0,1
MIDCPNIFTY29JUL2411800PE.NFO,2024-06-21,09:44:00,2024-07-29,3.4,3.4,3.4,3.4,0,0,1
MIDCPNIFTY29JUL2411800PE.NFO,2024-06-21,09:45:00,2024-07-29,3.4,3.4,3.4,3.4,0,0,1
MIDCPNIFTY29JUL2411800PE.NFO,2024-06-21,09:46:00,2024-07-29,3.4,3.4,3.4,3.4,0,0,1
MIDCPNIFTY29JUL2411800PE.NFO,2024-06-21,09:47:00,2024-07-29,3.4,3.4,3.4,3.4,0,0,1
MIDCPNIFTY29JUL2411800PE.NFO,2024-06-21,09:48:00,2024-07-29,3.4,3.4,3.4,3.4,0,0,1
MIDCPNIFTY29JUL2411800PE.NFO,2024-06-21,09:49:00,2024-07-29,3.4,3.4,3.4,3.4,0,0,1
MIDCPNIFTY29JUL2411800PE.NFO,2024-06-21,09:50:00,2024-07-29,3.4,3.4,3.4,3.4,0,0,1
MIDCPNIFTY29JUL2411800PE.NFO,2024-06-21,09:51:00,2024-07-29,3.4,3.4,3.4,3.4,0,0,1
MIDCPNIFTY29JUL2411800PE.NFO,2024-06-21,09:52:00,2024-07-29,3.4,3.4,3.4,3.4,0,0,1
MIDCPNIFTY29JUL2411800PE.NFO,2024-06-21,09:53:00,2024-07-29,3.4,3.4,3.4,3.4,0,0,1
MIDCPNIFTY29JUL2411800PE.NFO,2024-06-21,09:54:00,2024-07-29,3.4,3.4,3.4,3.4,0,0,1
MIDCPNIFTY29JUL2411800PE.NFO,2024-06-21,09:55:00,2024-07-29,3.4,3.4,3.4,3.4,0,0,1
MIDCPNIFTY29JUL2411800PE.NFO,2024-06-21,09:56:00,2024-07-29,3.4,3.4,3.4,3.4,0,0,1
MIDCPNIFTY29JUL2411800PE.NFO,2024-06-21,09:57:00,2024-07-29,3.4,3.4,3.4,3.4,0,0,1
MIDCPNIFTY29JUL2411800PE.NFO,2024-06-21,09:58:00,2024-07-29,3.4,3.4,3.4,3.4,0,0,1
MIDCPNIFTY29JUL2411800PE.NFO,2024-06-21,09:59:00,2024-07-29,3.4,3.4,3.4,3.4,0,0,1
MIDCPNIFTY29JUL2411800PE.NFO,2024-06-21,10:00:00,2024-07-29,3.4,3.4,3.4,3.4,0,0,1
MIDCPNIFTY29JUL2411800PE.NFO,2024-06-21,10:01:00,2024-07-29,3.4,3.4,3.4,3.4,0,0,1
MIDCPNIFTY29JUL2411800PE.NFO,2024-06-21,10:02:00,2024-07-29,3.4,3.4,3.4,3.4,0,0,1
MIDCPNIFTY29JUL2411800PE.NFO,2024-06-21,10:03:00,2024-07-29,3.4,3.4,3.4,3.4,0,0,1
MIDCPNIFTY29JUL2411800PE.NFO,2024-06-21,10:04:00,2024-07-29,3.4,3.4,3.4,3.4,0,0,1
MIDCPNIFTY29JUL2411800PE.NFO,2024-06-21,10:05:00,2024-07-29,3.4,3.4,3.4,3.4,0,0,1
MIDCPNIFTY29JUL2411800PE.NFO,2024-06-21,10:06:00,2024-07-29,3.4,3.4,3.4,3.4,0,0,1
MIDCPNIFTY29JUL2411800PE.NFO,2024-06-21,10:07:00,2024-07-29,3.4,3.4,3.4,3.4,0,0,1
MIDCPNIFTY29JUL2411800PE.NFO,2024-06-21,10:08:00,2024-07-29,3.4,3.4,3.4,3.4,0,0,1
MIDCPNIFTY29JUL2411800PE.NFO,2024-06-21,10:09:00,2024-07-29,3.4,3.4,3.4,3.4,0,0,1
MIDCPNIFTY29JUL2411800PE.NFO,2024-06-21,10:10:00,2024-07-29,3.4,3.4,3.4,3.4,0,0,1
MIDCPNIFTY29JUL2411800PE.NFO,2024-06-21,10:11:00,2024-07-29,3.4,3.4,3.4,3.4,0,0,1
MIDCPNIFTY29JUL2411800PE.NFO,2024-06-21,10:12:00,2024-07-29,3.4,3.4,3.4,3.4,0,0,1
MIDCPNIFTY29JUL2411800PE.NFO,2024-06-21,10:13:00,2024-07-29,3.4,3.4,3.4,3.4,0,0,1
MIDCPNIFTY29JUL2411800PE.NFO,2024-06-21,10:14:00,2024-07-29,3.4,3.4,3.4,3.4,0,0,1
MIDCPNIFTY29JUL2411800PE.NFO,2024-06-21,10:15:00,2024-07-29,3.4,3.4,3.4,3.4,0,0,1
MIDCPNIFTY29JUL2411800PE.NFO,2024-06-21,10:16:00,2024-07-29,3.4,3.4,3.4,3.4,0,0,1
MIDCPNIFTY29JUL2411800PE.NFO,2024-06-21,10:17:00,2024-07-29,3.4,3.4,3.4,3.4,0,0,1
MIDCPNIFTY29JUL2411800PE.NFO,2024-06-21,10:18:00,2024-07-29,3.4,3.4,3.4,3.4,0,0,1
MIDCPNIFTY29JUL2411800PE.NFO,2024-06-21,10:19:00,2024-07-29,3.4,3.4,3.4,3.4,0,0,1
MIDCPNIFTY29JUL2411800PE.NFO,2024-06-21,10:20:00,2024-07-29,3.4,3.4,3.4,3.4,0,0,1
MIDCPNIFTY29JUL2411800PE.NFO,2024-06-21,10:21:00,2024-07-29,3.4,3.4,3.4,3.4,0,0,1
MIDCPNIFTY29JUL2411800PE.NFO,2024-06-21,10:22:00,2024-07-29,3.4,3.4,3.4,3.4,0,0,1
MIDCPNIFTY29JUL2411800PE.NFO,2024-06-21,10:23:00,2024-07-29,3.4,3.4,3.4,3.4,0,0,1
MIDCPNIFTY29JUL2411800PE.NFO,2024-06-21,10:24:00,2024-07-29,3.4,3.4,3.4,3.4,0,0,1
MIDCPNIFTY29JUL2411800PE.NFO,2024-06-21,10:25:00,2024-07-29,3.4,3.4,3.4,3.4,0,0,1
MIDCPNIFTY29JUL2411800PE.NFO,2024-06-21,10:26:00,2024-07-29,3.4,3.4,3.4,3.4,0,0,1
MIDCPNIFTY29JUL2411800PE.NFO,2024-06-21,10:27:00,2024-07-29,3.4,3.4,3.4,3.4,0,0,1
MIDCPNIFTY29JUL2411800PE.NFO,2024-06-21,10:28:00,2024-07-29,3.4,3.4,3.4,3.4,0,0,1
MIDCPNIFTY29JUL2411800PE.NFO,2024-06-21,10:29:00,2024-07-29,3.4,3.4,3.4,3.4,0,0,1
MIDCPNIFTY29JUL2411800PE.NFO,2024-06-21,10:30:00,2024-07-29,3.4,3.4,3.4,3.4,0,0,1
MIDCPNIFTY29JUL2411800PE.NFO,2024-06-21,10:31:00,2024-07-29,3.4,3.4,3.4,3.4,0,0,1
MIDCPNIFTY29JUL2411800PE.NFO,2024-06-21,10:32:00,2024-07-29,3.4,3.4,3.4,3.4,0,0,1
MIDCPNIFTY29JUL2411800PE.NFO,2024-06-21,10:33:00,2024-07-29,3.4,3.4,3.4,3.4,0,0,1
MIDCPNIFTY29JUL2411800PE.NFO,2024-06-21,10:34:00,2024-07-29,3.4,3.4,3.4,3.4,0,0,1
MIDCPNIFTY29JUL2411800PE.NFO,2024-06-21,10:35:00,2024-07-29,3.4,3.4,3.4,3.4,0,0,1
MIDCPNIFTY29JUL2411800PE.NFO,2024-06-21,10:36:00,2024-07-29,3.4,3.4,3.4,3.4,0,0,1
MIDCPNIFTY29JUL2411800PE.NFO,2024-06-21,10:37:00,2024-07-29,3.4,3.4,3.4,3.4,0,0,1
MIDCPNIFTY29JUL2411800PE.NFO,2024-06-21,10:38:00,2024-07-29,3.4,3.4,3.4,3.4,0,0,1
MIDCPNIFTY29JUL2411800PE.NFO,2024-06-21,10:39:00,2024-07-29,3.4,3.4,3.4,3.4,0,0,1
MIDCPNIFTY29JUL2411800PE.NFO,2024-06-21,10:40:00,2024-07-29,3.4,3.4,3.4,3.4,0,0,1
MIDCPNIFTY29JUL2411800PE.NFO,2024-06-21,10:41:00,2024-07-29,3.4,3.4,3.4,3.4,0,0,1
MIDCPNIFTY29JUL2411800PE.NFO,2024-06-21,10:42:00,2024-07-29,3.4,3.4,3.4,3.4,0,0,1
MIDCPNIFTY29JUL2411800PE.NFO,2024-06-21,10:43:00,2024-07-29,3.4,3.4,3.4,3.4,0,0,1
MIDCPNIFTY29JUL2411800PE.NFO,2024-06-21,10:44:00,2024-07-29,3.4,3.4,3.4,3.4,0,0,1
MIDCPNIFTY29JUL2411800PE.NFO,2024-06-21,10:45:00,2024-07-29,3.4,3.4,3.4,3.4,0,0,1
MIDCPNIFTY29JUL2411800PE.NFO,2024-06-21,10:46:00,2024-07-29,3.4,3.4,3.4,3.4,0,0,1
MIDCPNIFTY29JUL2411800PE.NFO,2024-06-21,10:47:00,2024-07-29,3.4,3.4,3.4,3.4,0,0,1
MIDCPNIFTY29JUL2411800PE.NFO,2024-06-21,10:48:00,2024-07-29,3.4,3.4,3.4,3.4,0,0,1
MIDCPNIFTY29JUL2411800PE.NFO,2024-06-21,10:49:00,2024-07-29,3.4,3.4,3.4,3.4,0,0,1
MIDCPNIFTY29JUL2411800PE.NFO,2024-06-21,10:50:00,2024-07-29,3.4,3.4,3.4,3.4,0,0,1
MIDCPNIFTY29JUL2411800PE.NFO,2024-06-21,10:51:00,2024-07-29,3.4,3.4,3.4,3.4,0,0,1
MIDCPNIFTY29JUL2411800PE.NFO,2024-06-21,10:52:00,2024-07-29,3.4,3.4,3.4,3.4,0,0,1
MIDCPNIFTY29JUL2411800PE.NFO,2024-06-21,10:53:00,2024-07-29,3.4,3.4,3.4,3.4,0,0,1
MIDCPNIFTY29JUL2411800PE.NFO,2024-06-21,10:54:00,2024-07-29,3.4,3.4,3.4,3.4,0,0,1
MIDCPNIFTY29JUL2411800PE.NFO,2024-06-21,10:55:00,2024-07-29,3.4,3.4,3.4,3.4,0,0,1
MIDCPNIFTY29JUL2411800PE.NFO,2024-06-21,10:56:00,2024-07-29,3.4,3.4,3.4,3.4,0,0,1
MIDCPNIFTY29JUL2411800PE.NFO,2024-06-21,10:57:00,2024-07-29,3.4,3.4,3.4,3.4,0,0,1
MIDCPNIFTY29JUL2411800PE.NFO,2024-06-21,10:58:00,2024-07-29,3.4,3.4,3.4,3.4,0,0,1
MIDCPNIFTY29JUL2411800PE.NFO,2024-06-21,10:59:00,2024-07-29,3.4,3.4,3.4,3.4,0,0,1
MIDCPNIFTY29JUL2411800PE.NFO,2024-06-21,11:00:00,2024-07-29,3.4,3.4,3.4,3.4,0,0,1
MIDCPNIFTY29JUL2411800PE.NFO,2024-06-21,11:01:00,2024-07-29,3.4,3.4,3.4,3.4,0,0,1
MIDCPNIFTY29JUL2411800PE.NFO,2024-06-21,11:02:00,2024-07-29,3.4,3.4,3.4,3.4,0,0,1
MIDCPNIFTY29JUL2411800PE.NFO,2024-06-21,11:03:00,2024-07-29,3.4,3.4,3.4,3.4,0,0,1
MIDCPNIFTY29JUL2411800PE.NFO,2024-06-21,11:04:00,2024-07-29,3.4,3.4,3.4,3.4,0,0,1
MIDCPNIFTY29JUL2411800PE.NFO,2024-06-21,11:05:00,2024-07-29,3.4,3.4,3.4,3.4,0,0,1
MIDCPNIFTY29JUL2411800PE.NFO,2024-06-21,11:06:00,2024-07-29,3.4,3.4,3.4,3.4,0,0,1
MIDCPNIFTY29JUL2411800PE.NFO,2024-06-21,11:07:00,2024-07-29,3.4,3.4,3.4,3.4,0,0,1
MIDCPNIFTY29JUL2411800PE.NFO,2024-06-21,11:08:00,2024-07-29,3.4,3.4,3.4,3.4,0,0,1
MIDCPNIFTY29JUL2411800PE.NFO,2024-06-21,11:09:00,2024-07-29,3.4,3.4,3.4,3.4,0,0,1
MIDCPNIFTY29JUL2411800PE.NFO,2024-06-21,11:10:00,2024-07-29,3.4,3.4,3.4,3.4,0,0,1
MIDCPNIFTY29JUL2411800PE.NFO,2024-06-21,11:11:00,2024-07-29,3.4,3.4,3.4,3.4,0,0,1
MIDCPNIFTY29JUL2411800PE.NFO,2024-06-21,11:12:00,2024-07-29,3.4,3.4,3.4,3.4,0,0,1
MIDCPNIFTY29JUL2411800PE.NFO,2024-06-21,11:13:00,2024-07-29,3.4,3.4,3.4,3.4,0,0,1
MIDCPNIFTY29JUL2411800PE.NFO,2024-06-21,11:14:00,2024-07-29,3.4,3.4,3.4,3.4,0,0,1
MIDCPNIFTY29JUL2411800PE.NFO,2024-06-21,11:15:00,2024-07-29,3.4,3.4,3.4,3.4,0,0,1
MIDCPNIFTY29JUL2411800PE.NFO,2024-06-21,11:16:00,2024-07-29,3.4,3.4,3.4,3.4,0,0,1
MIDCPNIFTY29JUL2411800PE.NFO,2024-06-21,11:17:00,2024-07-29,3.4,3.4,3.4,3.4,0,0,1
MIDCPNIFTY29JUL2411800PE.NFO,2024-06-21,11:18:00,2024-07-29,3.4,3.4,3.4,3.4,0,0,1
MIDCPNIFTY29JUL2411800PE.NFO,2024-06-21,11:19:00,2024-07-29,3.4,3.4,3.4,3.4,0,0,1
MIDCPNIFTY29JUL2411800PE.NFO,2024-06-21,11:20:00,2024-07-29,3.4,3.4,3.4,3.4,0,0,1
MIDCPNIFTY29JUL2411800PE.NFO,2024-06-21,11:21:00,2024-07-29,3.4,3.4,3.4,3.4,0,0,1
MIDCPNIFTY29JUL2411800PE.NFO,2024-06-21,11:22:00,2024-07-29,3.4,3.4,3.4,3.4,0,0,1
MIDCPNIFTY29JUL2411800PE.NFO,2024-06-21,11:23:00,2024-07-29,3.4,3.4,3.4,3.4,0,0,1
MIDCPNIFTY29JUL2411800PE.NFO,2024-06-21,11:24:00,2024-07-29,3.4,3.4,3.4,3.4,0,0,1
MIDCPNIFTY29JUL2411800PE.NFO,2024-06-21,11:25:00,2024-07-29,3.4,3.4,3.4,3.4,0,0,1
MIDCPNIFTY29JUL2411800PE.NFO,2024-06-21,11:26:00,2024-07-29,3.4,3.4,3.4,3.4,0,0,1
MIDCPNIFTY29JUL2411800PE.NFO,2024-06-21,11:27:00,2024-07-29,3.4,3.4,3.4,3.4,0,0,1
MIDCPNIFTY29JUL2411800PE.NFO,2024-06-21,11:28:00,2024-07-29,3.4,3.4,3.4,3.4,0,0,1
MIDCPNIFTY29JUL2411800PE.NFO,2024-06-21,11:29:00,2024-07-29,3.4,3.4,3.4,3.4,0,0,1
MIDCPNIFTY29JUL2411800PE.NFO,2024-06-21,11:30:00,2024-07-29,3.4,3.4,3.4,3.4,0,0,1
MIDCPNIFTY29JUL2411800PE.NFO,2024-06-21,11:31:00,2024-07-29,3.4,3.4,3.4,3.4,0,0,1
MIDCPNIFTY29JUL2411800PE.NFO,2024-06-21,11:32:00,2024-07-29,3.4,3.4,3.4,3.4,0,0,1
MIDCPNIFTY29JUL2411800PE.NFO,2024-06-21,11:33:00,2024-07-29,3.4,3.4,3.4,3.4,0,0,1
MIDCPNIFTY29JUL2411800PE.NFO,2024-06-21,11:34:00,2024-07-29,3.4,3.4,3.4,3.4,0,0,1
MIDCPNIFTY29JUL2411800PE.NFO,2024-06-21,11:35:00,2024-07-29,3.4,3.4,3.4,3.4,0,0,1
MIDCPNIFTY29JUL2411800PE.NFO,2024-06-21,11:36:00,2024-07-29,3.4,3.4,3.4,3.4,0,0,1
MIDCPNIFTY29JUL2411800PE.NFO,2024-06-21,11:37:00,2024-07-29,3.4,3.4,3.4,3.4,0,0,1
MIDCPNIFTY29JUL2411800PE.NFO,2024-06-21,11:38:00,2024-07-29,3.4,3.4,3.4,3.4,0,0,1
MIDCPNIFTY29JUL2411800PE.NFO,2024-06-21,11:39:00,2024-07-29,3.4,3.4,3.4,3.4,0,0,1
MIDCPNIFTY29JUL2411800PE.NFO,2024-06-21,11:40:00,2024-07-29,3.4,3.4,3.4,3.4,0,0,1
MIDCPNIFTY29JUL2411800PE.NFO,2024-06-21,11:41:00,2024-07-29,3.4,3.4,3.4,3.4,0,0,1
MIDCPNIFTY29JUL2411800PE.NFO,2024-06-21,11:42:00,2024-07-29,3.4,3.4,3.4,3.4,0,0,1
MIDCPNIFTY29JUL2411800PE.NFO,2024-06-21,11:43:00,2024-07-29,3.4,3.4,3.4,3.4,0,0,1
MIDCPNIFTY29JUL2411800PE.NFO,2024-06-21,11:44:00,2024-07-29,3.4,3.4,3.4,3.4,0,0,1
MIDCPNIFTY29JUL2411800PE.NFO,2024-06-21,11:45:00,2024-07-29,3.4,3.4,3.4,3.4,0,0,1
MIDCPNIFTY29JUL2411800PE.NFO,2024-06-21,11:46:00,2024-07-29,3.4,3.4,3.4,3.4,0,0,1
MIDCPNIFTY29JUL2411800PE.NFO,2024-06-21,11:47:00,2024-07-29,3.4,3.4,3.4,3.4,0,0,1
MIDCPNIFTY29JUL2411800PE.NFO,2024-06-21,11:48:00,2024-07-29,3.4,3.4,3.4,3.4,0,0,1
MIDCPNIFTY29JUL2411800PE.NFO,2024-06-21,11:49:00,2024-07-29,3.4,3.4,3.4,3.4,0,0,1
MIDCPNIFTY29JUL2411800PE.NFO,2024-06-21,11:50:00,2024-07-29,3.4,3.4,3.4,3.4,0,0,1
MIDCPNIFTY29JUL2411800PE.NFO,2024-06-21,11:51:00,2024-07-29,3.4,3.4,3.4,3.4,0,0,1
MIDCPNIFTY29JUL2411800PE.NFO,2024-06-21,11:52:00,2024-07-29,3.4,3.4,3.4,3.4,0,0,1
MIDCPNIFTY29JUL2411800PE.NFO,2024-06-21,11:53:00,2024-07-29,3.4,3.4,3.4,3.4,0,0,1
MIDCPNIFTY29JUL2411800PE.NFO,2024-06-21,11:54:00,2024-07-29,3.4,3.4,3.4,3.4,0,0,1
MIDCPNIFTY29JUL2411800PE.NFO,2024-06-21,11:55:00,2024-07-29,3.4,3.4,3.4,3.4,0,0,1
MIDCPNIFTY29JUL2411800PE.NFO,2024-06-21,11:56:00,2024-07-29,3.4,3.4,3.4,3.4,0,0,1
MIDCPNIFTY29JUL2411800PE.NFO,2024-06-21,11:57:00,2024-07-29,3.4,3.4,3.4,3.4,0,0,1
MIDCPNIFTY29JUL2411800PE.NFO,2024-06-21,11:58:00,2024-07-29,3.4,3.4,3.4,3.4,0,0,1
MIDCPNIFTY29JUL2411800PE.NFO,2024-06-21,11:59:00,2024-07-29,3.4,3.4,3.4,3.4,0,0,1
MIDCPNIFTY29JUL2411800PE.NFO,2024-06-21,12:00:00,2024-07-29,3.4,3.4,3.4,3.4,0,0,1
MIDCPNIFTY29JUL2411800PE.NFO,2024-06-21,12:01:00,2024-07-29,3.4,3.4,3.4,3.4,0,0,1
MIDCPNIFTY29JUL2411800PE.NFO,2024-06-21,12:02:00,2024-07-29,3.4,3.4,3.4,3.4,0,0,1
MIDCPNIFTY29JUL2411800PE.NFO,2024-06-21,12:03:00,2024-07-29,3.4,3.4,3.4,3.4,0,0,1
MIDCPNIFTY29JUL2411800PE.NFO,2024-06-21,12:04:00,2024-07-29,3.4,3.4,3.4,3.4,0,0,1
MIDCPNIFTY29JUL2411800PE.NFO,2024-06-21,12:05:00,2024-07-29,3.4,3.4,3.4,3.4,0,0,1
MIDCPNIFTY29JUL2411800PE.NFO,2024-06-21,12:06:00,2024-07-29,3.4,3.4,3.4,3.4,0,0,1
MIDCPNIFTY29JUL2411800PE.NFO,2024-06-21,12:07:00,2024-07-29,3.4,3.4,3.4,3.4,0,0,1
MIDCPNIFTY29JUL2411800PE.NFO,2024-06-21,12:08:00,2024-07-29,3.4,3.4,3.4,3.4,0,0,1
MIDCPNIFTY29JUL2411800PE.NFO,2024-06-21,12:09:00,2024-07-29,3.4,3.4,3.4,3.4,0,0,1
MIDCPNIFTY29JUL2411800PE.NFO,2024-06-21,12:10:00,2024-07-29,3.4,3.4,3.4,3.4,0,0,1
MIDCPNIFTY29JUL2411800PE.NFO,2024-06-21,12:11:00,2024-07-29,3.4,3.4,3.4,3.4,0,0,1
MIDCPNIFTY29JUL2411800PE.NFO,2024-06-21,12:12:00,2024-07-29,3.4,3.4,3.4,3.4,0,0,1
MIDCPNIFTY29JUL2411800PE.NFO,2024-06-21,12:13:00,2024-07-29,3.4,3.4,3.4,3.4,0,0,1
MIDCPNIFTY29JUL2411800PE.NFO,2024-06-21,12:14:00,2024-07-29,3.4,3.4,3.4,3.4,0,0,1
MIDCPNIFTY29JUL2411800PE.NFO,2024-06-21,12:15:00,2024-07-29,3.4,3.4,3.4,3.4,0,0,1
MIDCPNIFTY29JUL2411800PE.NFO,2024-06-21,12:16:00,2024-07-29,3.4,3.4,3.4,3.4,0,0,1
MIDCPNIFTY29JUL2411800PE.NFO,2024-06-21,12:17:00,2024-07-29,3.4,3.4,3.4,3.4,0,0,1
MIDCPNIFTY29JUL2411800PE.NFO,2024-06-21,12:18:00,2024-07-29,3.4,3.4,3.4,3.4,0,0,1
MIDCPNIFTY29JUL2411800PE.NFO,2024-06-21,12:19:00,2024-07-29,3.4,3.4,3.4,3.4,0,0,1
MIDCPNIFTY29JUL2411800PE.NFO,2024-06-21,12:20:00,2024-07-29,3.4,3.4,3.4,3.4,0,0,1
MIDCPNIFTY29JUL2411800PE.NFO,2024-06-21,12:21:00,2024-07-29,3.4,3.4,3.4,3.4,0,0,1
MIDCPNIFTY29JUL2411800PE.NFO,2024-06-21,12:22:00,2024-07-29,3.4,3.4,3.4,3.4,0,0,1
MIDCPNIFTY29JUL2411800PE.NFO,2024-06-21,12:23:00,2024-07-29,3.4,3.4,3.4,3.4,0,0,1
MIDCPNIFTY29JUL2411800PE.NFO,2024-06-21,12:24:00,2024-07-29,3.4,3.4,3.4,3.4,0,0,1
MIDCPNIFTY29JUL2411800PE.NFO,2024-06-21,12:25:00,2024-07-29,3.4,3.4,3.4,3.4,0,0,1
MIDCPNIFTY29JUL2411800PE.NFO,2024-06-21,12:26:00,2024-07-29,3.4,3.4,3.4,3.4,0,0,1
MIDCPNIFTY29JUL2411800PE.NFO,2024-06-21,12:27:00,2024-07-29,3.4,3.4,3.4,3.4,0,0,1
MIDCPNIFTY29JUL2411800PE.NFO,2024-06-21,12:28:00,2024-07-29,3.4,3.4,3.4,3.4,0,0,1
MIDCPNIFTY29JUL2411800PE.NFO,2024-06-21,12:29:00,2024-07-29,3.4,3.4,3.4,3.4,0,0,1
MIDCPNIFTY29JUL2411800PE.NFO,2024-06-21,12:30:00,2024-07-29,3.4,3.4,3.4,3.4,0,0,1
MIDCPNIFTY29JUL2411800PE.NFO,2024-06-21,12:31:00,2024-07-29,3.4,3.4,3.4,3.4,0,0,1
MIDCPNIFTY29JUL2411800PE.NFO,2024-06-21,12:32:00,2024-07-29,3.4,3.4,3.4,3.4,0,0,1
MIDCPNIFTY29JUL2411800PE.NFO,2024-06-21,12:33:00,2024-07-29,3.4,3.4,3.4,3.4,0,0,1
MIDCPNIFTY29JUL2411800PE.NFO,2024-06-21,12:34:00,2024-07-29,3.4,3.4,3.4,3.4,0,0,1
MIDCPNIFTY29JUL2411800PE.NFO,2024-06-21,12:35:00,2024-07-29,3.4,3.4,3.4,3.4,0,0,1
MIDCPNIFTY29JUL2411800PE.NFO,2024-06-21,12:36:00,2024-07-29,3.4,3.4,3.4,3.4,0,0,1
MIDCPNIFTY29JUL2411800PE.NFO,2024-06-21,12:37:00,2024-07-29,3.4,3.4,3.4,3.4,0,0,1
MIDCPNIFTY29JUL2411800PE.NFO,2024-06-21,12:38:00,2024-07-29,3.4,3.4,3.4,3.4,0,0,1
MIDCPNIFTY29JUL2411800PE.NFO,2024-06-21,12:39:00,2024-07-29,3.4,3.4,3.4,3.4,0,0,1
MIDCPNIFTY29JUL2411800PE.NFO,2024-06-21,12:40:00,2024-07-29,3.4,3.4,3.4,3.4,0,0,1
MIDCPNIFTY29JUL2411800PE.NFO,2024-06-21,12:41:00,2024-07-29,3.4,3.4,3.4,3.4,0,0,1
MIDCPNIFTY29JUL2411800PE.NFO,2024-06-21,12:42:00,2024-07-29,3.4,3.4,3.4,3.4,0,0,1
MIDCPNIFTY29JUL2411800PE.NFO,2024-06-21,12:43:00,2024-07-29,3.4,3.4,3.4,3.4,0,0,1
MIDCPNIFTY29JUL2411800PE.NFO,2024-06-21,12:44:00,2024-07-29,3.4,3.4,3.4,3.4,0,0,1
MIDCPNIFTY29JUL2411800PE.NFO,2024-06-21,12:45:00,2024-07-29,3.4,3.4,3.4,3.4,0,0,1
MIDCPNIFTY29JUL2411800PE.NFO,2024-06-21,12:46:00,2024-07-29,3.4,3.4,3.4,3.4,0,0,1
MIDCPNIFTY29JUL2411800PE.NFO,2024-06-21,12:47:00,2024-07-29,3.4,3.4,3.4,3.4,0,0,1
MIDCPNIFTY29JUL2411800PE.NFO,2024-06-21,12:48:00,2024-07-29,3.4,3.4,3.4,3.4,0,0,1
MIDCPNIFTY29JUL2411800PE.NFO,2024-06-21,12:49:00,2024-07-29,3.4,3.4,3.4,3.4,0,0,1
MIDCPNIFTY29JUL2411800PE.NFO,2024-06-21,12:50:00,2024-07-29,3.4,3.4,3.4,3.4,0,0,1
MIDCPNIFTY29JUL2411800PE.NFO,2024-06-21,12:51:00,2024-07-29,3.4,3.4,3.4,3.4,0,0,1
MIDCPNIFTY29JUL2411800PE.NFO,2024-06-21,12:52:00,2024-07-29,3.4,3.4,3.4,3.4,0,0,1
MIDCPNIFTY29JUL2411800PE.NFO,2024-06-21,12:53:00,2024-07-29,3.4,3.4,3.4,3.4,0,0,1
MIDCPNIFTY29JUL2411800PE.NFO,2024-06-21,12:54:00,2024-07-29,3.4,3.4,3.4,3.4,0,0,1
MIDCPNIFTY29JUL2411800PE.NFO,2024-06-21,12:55:00,2024-07-29,3.4,3.4,3.4,3.4,0,0,1
MIDCPNIFTY29JUL2411800PE.NFO,2024-06-21,12:56:00,2024-07-29,3.4,3.4,3.4,3.4,0,0,1
MIDCPNIFTY29JUL2411800PE.NFO,2024-06-21,12:57:00,2024-07-29,3.4,3.4,3.4,3.4,0,0,1
MIDCPNIFTY29JUL2411800PE.NFO,2024-06-21,12:58:00,2024-07-29,3.4,3.4,3.4,3.4,0,0,1
MIDCPNIFTY29JUL2411800PE.NFO,2024-06-21,12:59:00,2024-07-29,3.4,3.4,3.4,3.4,0,0,1
MIDCPNIFTY29JUL2411800PE.NFO,2024-06-21,13:00:00,2024-07-29,3.4,3.4,3.4,3.4,0,0,1
MIDCPNIFTY29JUL2411800PE.NFO,2024-06-21,13:01:00,2024-07-29,3.4,3.4,3.4,3.4,0,0,1
MIDCPNIFTY29JUL2411800PE.NFO,2024-06-21,13:02:00,2024-07-29,3.4,3.4,3.4,3.4,0,0,1
MIDCPNIFTY29JUL2411800PE.NFO,2024-06-21,13:03:00,2024-07-29,3.4,3.4,3.4,3.4,0,0,1
MIDCPNIFTY29JUL2411800PE.NFO,2024-06-21,13:04:00,2024-07-29,3.4,3.4,3.4,3.4,0,0,1
MIDCPNIFTY29JUL2411800PE.NFO,2024-06-21,13:05:00,2024-07-29,3.4,3.4,3.4,3.4,0,0,1
MIDCPNIFTY29JUL2411800PE.NFO,2024-06-21,13:06:00,2024-07-29,3.4,3.4,3.4,3.4,0,0,1
MIDCPNIFTY29JUL2411800PE.NFO,2024-06-21,13:07:00,2024-07-29,3.4,3.4,3.4,3.4,0,0,1
MIDCPNIFTY29JUL2411800PE.NFO,2024-06-21,13:08:00,2024-07-29,3.4,3.4,3.4,3.4,0,0,1
MIDCPNIFTY29JUL2411800PE.NFO,2024-06-21,13:09:00,2024-07-29,3.4,3.4,3.4,3.4,0,0,1
MIDCPNIFTY29JUL2411800PE.NFO,2024-06-21,13:10:00,2024-07-29,3.4,3.4,3.4,3.4,0,0,1
MIDCPNIFTY29JUL2411800PE.NFO,2024-06-21,13:11:00,2024-07-29,3.4,3.4,3.4,3.4,0,0,1
MIDCPNIFTY29JUL2411800PE.NFO,2024-06-21,13:12:00,2024-07-29,3.4,3.4,3.4,3.4,0,0,1
MIDCPNIFTY29JUL2411800PE.NFO,2024-06-21,13:13:00,2024-07-29,3.4,3.4,3.4,3.4,0,0,1
MIDCPNIFTY29JUL2411800PE.NFO,2024-06-21,13:14:00,2024-07-29,3.4,3.4,3.4,3.4,0,0,1
MIDCPNIFTY29JUL2411800PE.NFO,2024-06-21,13:15:00,2024-07-29,3.4,3.4,3.4,3.4,0,0,1
MIDCPNIFTY29JUL2411800PE.NFO,2024-06-21,13:16:00,2024-07-29,3.4,3.4,3.4,3.4,0,0,1
MIDCPNIFTY29JUL2411800PE.NFO,2024-06-21,13:17:00,2024-07-29,3.4,3.4,3.4,3.4,0,0,1
MIDCPNIFTY29JUL2411800PE.NFO,2024-06-21,13:18:00,2024-07-29,3.4,3.4,3.4,3.4,0,0,1
MIDCPNIFTY29JUL2411800PE.NFO,2024-06-21,13:19:00,2024-07-29,3.4,3.4,3.4,3.4,0,0,1
MIDCPNIFTY29JUL2411800PE.NFO,2024-06-21,13:20:00,2024-07-29,3.4,3.4,3.4,3.4,0,0,1
MIDCPNIFTY29JUL2411800PE.NFO,2024-06-21,13:21:00,2024-07-29,3.4,3.4,3.4,3.4,0,0,1
MIDCPNIFTY29JUL2411800PE.NFO,2024-06-21,13:22:00,2024-07-29,3.4,3.4,3.4,3.4,0,0,1
MIDCPNIFTY29JUL2411800PE.NFO,2024-06-21,13:23:00,2024-07-29,3.4,3.4,3.4,3.4,0,0,1
MIDCPNIFTY29JUL2411800PE.NFO,2024-06-21,13:24:00,2024-07-29,3.4,3.4,3.4,3.4,0,0,1
MIDCPNIFTY29JUL2411800PE.NFO,2024-06-21,13:25:00,2024-07-29,3.4,3.4,3.4,3.4,0,0,1
MIDCPNIFTY29JUL2411800PE.NFO,2024-06-21,13:26:00,2024-07-29,3.4,3.4,3.4,3.4,0,0,1
MIDCPNIFTY29JUL2411800PE.NFO,2024-06-21,13:27:00,2024-07-29,3.4,3.4,3.4,3.4,0,0,1
MIDCPNIFTY29JUL2411800PE.NFO,2024-06-21,13:28:00,2024-07-29,3.4,3.4,3.4,3.4,0,0,1
MIDCPNIFTY29JUL2411800PE.NFO,2024-06-21,13:29:00,2024-07-29,3.4,3.4,3.4,3.4,0,0,1
MIDCPNIFTY29JUL2411800PE.NFO,2024-06-21,13:30:00,2024-07-29,3.4,3.4,3.4,3.4,0,0,1
MIDCPNIFTY29JUL2411800PE.NFO,2024-06-21,13:31:00,2024-07-29,3.4,3.4,3.4,3.4,0,0,1
MIDCPNIFTY29JUL2411800PE.NFO,2024-06-21,13:32:00,2024-07-29,3.4,3.4,3.4,3.4,0,0,1
MIDCPNIFTY29JUL2411800PE.NFO,2024-06-21,13:33:00,2024-07-29,3.4,3.4,3.4,3.4,0,0,1
MIDCPNIFTY29JUL2411800PE.NFO,2024-06-21,13:34:00,2024-07-29,3.4,3.4,3.4,3.4,0,0,1
MIDCPNIFTY29JUL2411800PE.NFO,2024-06-21,13:35:00,2024-07-29,3.4,3.4,3.4,3.4,0,0,1
MIDCPNIFTY29JUL2411800PE.NFO,2024-06-21,13:36:00,2024-07-29,3.4,3.4,3.4,3.4,0,0,1
MIDCPNIFTY29JUL2411800PE.NFO,2024-06-21,13:37:00,2024-07-29,3.4,3.4,3.4,3.4,0,0,1
MIDCPNIFTY29JUL2411800PE.NFO,2024-06-21,13:38:00,2024-07-29,3.4,3.4,3.4,3.4,0,0,1
MIDCPNIFTY29JUL2411800PE.NFO,2024-06-21,13:39:00,2024-07-29,3.4,3.4,3.4,3.4,0,0,1
MIDCPNIFTY29JUL2411800PE.NFO,2024-06-21,13:40:00,2024-07-29,3.4,3.4,3.4,3.4,0,0,1
MIDCPNIFTY29JUL2411800PE.NFO,2024-06-21,13:41:00,2024-07-29,3.4,3.4,3.4,3.4,0,0,1
MIDCPNIFTY29JUL2411800PE.NFO,2024-06-21,13:42:00,2024-07-29,3.4,3.4,3.4,3.4,0,0,1
MIDCPNIFTY29JUL2411800PE.NFO,2024-06-21,13:43:00,2024-07-29,3.4,3.4,3.4,3.4,0,0,1
MIDCPNIFTY29JUL2411800PE.NFO,2024-06-21,13:44:00,2024-07-29,3.4,3.4,3.4,3.4,0,0,1
MIDCPNIFTY29JUL2411800PE.NFO,2024-06-21,13:45:00,2024-07-29,3.4,3.4,3.4,3.4,0,0,1
MIDCPNIFTY29JUL2411800PE.NFO,2024-06-21,13:46:00,2024-07-29,3.4,3.4,3.4,3.4,0,0,1
MIDCPNIFTY29JUL2411800PE.NFO,2024-06-21,13:47:00,2024-07-29,3.4,3.4,3.4,3.4,0,0,1
MIDCPNIFTY29JUL2411800PE.NFO,2024-06-21,13:48:00,2024-07-29,3.4,3.4,3.4,3.4,0,0,1
MIDCPNIFTY29JUL2411800PE.NFO,2024-06-21,13:49:00,2024-07-29,3.4,3.4,3.4,3.4,0,0,1
MIDCPNIFTY29JUL2411800PE.NFO,2024-06-21,13:50:00,2024-07-29,3.4,3.4,3.4,3.4,0,0,1
MIDCPNIFTY29JUL2411800PE.NFO,2024-06-21,13:51:00,2024-07-29,3.4,3.4,3.4,3.4,0,0,1
MIDCPNIFTY29JUL2411800PE.NFO,2024-06-21,13:52:00,2024-07-29,3.4,3.4,3.4,3.4,0,0,1
MIDCPNIFTY29JUL2411800PE.NFO,2024-06-21,13:53:00,2024-07-29,3.4,3.4,3.4,3.4,0,0,1
MIDCPNIFTY29JUL2411800PE.NFO,2024-06-21,13:54:00,2024-07-29,3.4,3.4,3.4,3.4,0,0,1
MIDCPNIFTY29JUL2411800PE.NFO,2024-06-21,13:55:00,2024-07-29,3.4,3.4,3.4,3.4,0,0,1
MIDCPNIFTY29JUL2411800PE.NFO,2024-06-21,13:56:00,2024-07-29,3.4,3.4,3.4,3.4,0,0,1
MIDCPNIFTY29JUL2411800PE.NFO,2024-06-21,13:57:00,2024-07-29,3.4,3.4,3.4,3.4,0,0,1
MIDCPNIFTY29JUL2411800PE.NFO,2024-06-21,13:58:00,2024-07-29,3.4,3.4,3.4,3.4,0,0,1
MIDCPNIFTY29JUL2411800PE.NFO,2024-06-21,13:59:00,2024-07-29,3.4,3.4,3.4,3.4,0,0,1
MIDCPNIFTY29JUL2411800PE.NFO,2024-06-21,14:00:00,2024-07-29,3.4,3.4,3.4,3.4,0,0,1
MIDCPNIFTY29JUL2411800PE.NFO,2024-06-21,14:01:00,2024-07-29,3.4,3.4,3.4,3.4,0,0,1
MIDCPNIFTY29JUL2411800PE.NFO,2024-06-21,14:02:00,2024-07-29,3.4,3.4,3.4,3.4,0,0,1
MIDCPNIFTY29JUL2411800PE.NFO,2024-06-21,14:03:00,2024-07-29,3.4,3.4,3.4,3.4,0,0,1
MIDCPNIFTY29JUL2411800PE.NFO,2024-06-21,14:04:00,2024-07-29,3.4,3.4,3.4,3.4,0,0,1
MIDCPNIFTY29JUL2411800PE.NFO,2024-06-21,14:05:00,2024-07-29,3.4,3.4,3.4,3.4,0,0,1
MIDCPNIFTY29JUL2411800PE.NFO,2024-06-21,14:06:00,2024-07-29,3.4,3.4,3.4,3.4,0,0,1
MIDCPNIFTY29JUL2411800PE.NFO,2024-06-21,14:07:00,2024-07-29,3.4,3.4,3.4,3.4,0,0,1
MIDCPNIFTY29JUL2411800PE.NFO,2024-06-21,14:08:00,2024-07-29,3.4,3.4,3.4,3.4,0,0,1
MIDCPNIFTY29JUL2411800PE.NFO,2024-06-21,14:09:00,2024-07-29,3.4,3.4,3.4,3.4,0,0,1
MIDCPNIFTY29JUL2411800PE.NFO,2024-06-21,14:10:00,2024-07-29,3.4,3.4,3.4,3.4,0,0,1
MIDCPNIFTY29JUL2411800PE.NFO,2024-06-21,14:11:00,2024-07-29,3.4,3.4,3.4,3.4,0,0,1
MIDCPNIFTY29JUL2411800PE.NFO,2024-06-21,14:12:00,2024-07-29,3.4,3.4,3.4,3.4,0,0,1
MIDCPNIFTY29JUL2411800PE.NFO,2024-06-21,14:13:00,2024-07-29,3.4,3.4,3.4,3.4,0,0,1
MIDCPNIFTY29JUL2411800PE.NFO,2024-06-21,14:14:00,2024-07-29,3.4,3.4,3.4,3.4,0,0,1
MIDCPNIFTY29JUL2411800PE.NFO,2024-06-21,14:15:00,2024-07-29,3.4,3.4,3.4,3.4,0,0,1
MIDCPNIFTY29JUL2411800PE.NFO,2024-06-21,14:16:00,2024-07-29,3.4,3.4,3.4,3.4,0,0,1
MIDCPNIFTY29JUL2411800PE.NFO,2024-06-21,14:17:00,2024-07-29,3.4,3.4,3.4,3.4,0,0,1
MIDCPNIFTY29JUL2411800PE.NFO,2024-06-21,14:18:00,2024-07-29,3.4,3.4,3.4,3.4,0,0,1
MIDCPNIFTY29JUL2411800PE.NFO,2024-06-21,14:19:00,2024-07-29,3.4,3.4,3.4,3.4,0,0,1
MIDCPNIFTY29JUL2411800PE.NFO,2024-06-21,14:20:00,2024-07-29,3.4,3.4,3.4,3.4,0,0,1
MIDCPNIFTY29JUL2411800PE.NFO,2024-06-21,14:21:00,2024-07-29,3.4,3.4,3.4,3.4,0,0,1
MIDCPNIFTY29JUL2411800PE.NFO,2024-06-21,14:22:00,2024-07-29,3.4,3.4,3.4,3.4,0,0,1
MIDCPNIFTY29JUL2411800PE.NFO,2024-06-21,14:23:00,2024-07-29,3.4,3.4,3.4,3.4,0,0,1
MIDCPNIFTY29JUL2411800PE.NFO,2024-06-21,14:24:00,2024-07-29,3.4,3.4,3.4,3.4,0,0,1
MIDCPNIFTY29JUL2411800PE.NFO,2024-06-21,14:25:00,2024-07-29,3.4,3.4,3.4,3.4,0,0,1
MIDCPNIFTY29JUL2411800PE.NFO,2024-06-21,14:26:00,2024-07-29,3.4,3.4,3.4,3.4,0,0,1
MIDCPNIFTY29JUL2411800PE.NFO,2024-06-21,14:27:00,2024-07-29,3.4,3.4,3.4,3.4,0,0,1
MIDCPNIFTY29JUL2411800PE.NFO,2024-06-21,14:28:00,2024-07-29,3.4,3.4,3.4,3.4,0,0,1
MIDCPNIFTY29JUL2411800PE.NFO,2024-06-21,14:29:00,2024-07-29,3.4,3.4,3.4,3.4,0,0,1
MIDCPNIFTY29JUL2411800PE.NFO,2024-06-21,14:30:00,2024-07-29,3.4,3.4,3.4,3.4,0,0,1
MIDCPNIFTY29JUL2411800PE.NFO,2024-06-21,14:31:00,2024-07-29,3.4,3.4,3.4,3.4,0,0,1
MIDCPNIFTY29JUL2411800PE.NFO,2024-06-21,14:32:00,2024-07-29,3.4,3.4,3.4,3.4,0,0,1
MIDCPNIFTY29JUL2411800PE.NFO,2024-06-21,14:33:00,2024-07-29,3.4,3.4,3.4,3.4,0,0,1
MIDCPNIFTY29JUL2411800PE.NFO,2024-06-21,14:34:00,2024-07-29,3.4,3.4,3.4,3.4,0,0,1
MIDCPNIFTY29JUL2411800PE.NFO,2024-06-21,14:35:00,2024-07-29,3.4,3.4,3.4,3.4,0,0,1
MIDCPNIFTY29JUL2411800PE.NFO,2024-06-21,14:36:00,2024-07-29,3.4,3.4,3.4,3.4,0,0,1
MIDCPNIFTY29JUL2411800PE.NFO,2024-06-21,14:37:00,2024-07-29,3.4,3.4,3.4,3.4,0,0,1
MIDCPNIFTY29JUL2411800PE.NFO,2024-06-21,14:38:00,2024-07-29,3.4,3.4,3.4,3.4,0,0,1
MIDCPNIFTY29JUL2411800PE.NFO,2024-06-21,14:39:00,2024-07-29,3.4,3.4,3.4,3.4,0,0,1
MIDCPNIFTY29JUL2411800PE.NFO,2024-06-21,14:40:00,2024-07-29,3.4,3.4,3.4,3.4,0,0,1
MIDCPNIFTY29JUL2411800PE.NFO,2024-06-21,14:41:00,2024-07-29,3.4,3.4,3.4,3.4,0,0,1
MIDCPNIFTY29JUL2411800PE.NFO,2024-06-21,14:42:00,2024-07-29,3.4,3.4,3.4,3.4,0,0,1
MIDCPNIFTY29JUL2411800PE.NFO,2024-06-21,14:43:00,2024-07-29,3.4,3.4,3.4,3.4,0,0,1
MIDCPNIFTY29JUL2411800PE.NFO,2024-06-21,14:44:00,2024-07-29,3.4,3.4,3.4,3.4,0,0,1
MIDCPNIFTY29JUL2411800PE.NFO,2024-06-21,14:45:00,2024-07-29,3.4,3.4,3.4,3.4,0,0,1
MIDCPNIFTY29JUL2411800PE.NFO,2024-06-21,14:46:00,2024-07-29,3.4,3.4,3.4,3.4,0,0,1
MIDCPNIFTY29JUL2411800PE.NFO,2024-06-21,14:47:00,2024-07-29,3.4,3.4,3.4,3.4,0,0,1
MIDCPNIFTY29JUL2411800PE.NFO,2024-06-21,14:48:00,2024-07-29,3.4,3.4,3.4,3.4,0,0,1
MIDCPNIFTY29JUL2411800PE.NFO,2024-06-21,14:49:00,2024-07-29,3.4,3.4,3.4,3.4,0,0,1
MIDCPNIFTY29JUL2411800PE.NFO,2024-06-21,14:50:00,2024-07-29,3.4,3.4,3.4,3.4,0,0,1
MIDCPNIFTY29JUL2411800PE.NFO,2024-06-21,14:51:00,2024-07-29,3.4,3.4,3.4,3.4,0,0,1
MIDCPNIFTY29JUL2411800PE.NFO,2024-06-21,14:52:00,2024-07-29,3.4,3.4,3.4,3.4,0,0,1
MIDCPNIFTY29JUL2411800PE.NFO,2024-06-21,14:53:00,2024-07-29,3.4,3.4,3.4,3.4,0,0,1
MIDCPNIFTY29JUL2411800PE.NFO,2024-06-21,14:54:00,2024-07-29,3.4,3.4,3.4,3.4,0,0,1
MIDCPNIFTY29JUL2411800PE.NFO,2024-06-21,14:55:00,2024-07-29,3.4,3.4,3.4,3.4,0,0,1
MIDCPNIFTY29JUL2411800PE.NFO,2024-06-21,14:56:00,2024-07-29,3.4,3.4,3.4,3.4,0,0,1
MIDCPNIFTY29JUL2411800PE.NFO,2024-06-21,14:57:00,2024-07-29,3.4,3.4,3.4,3.4,0,0,1
MIDCPNIFTY29JUL2411800PE.NFO,2024-06-21,14:58:00,2024-07-29,3.4,3.4,3.4,3.4,0,0,1
MIDCPNIFTY29JUL2411800PE.NFO,2024-06-21,14:59:00,2024-07-29,3.4,3.4,3.4,3.4,0,0,1
MIDCPNIFTY29JUL2411800PE.NFO,2024-06-21,15:00:00,2024-07-29,3.4,3.4,3.4,3.4,0,0,1
MIDCPNIFTY29JUL2411800PE.NFO,2024-06-21,15:01:00,2024-07-29,3.4,3.4,3.4,3.4,0,0,1
MIDCPNIFTY29JUL2411800PE.NFO,2024-06-21,15:02:00,2024-07-29,3.4,3.4,3.4,3.4,0,0,1
MIDCPNIFTY29JUL2411800PE.NFO,2024-06-21,15:03:00,2024-07-29,3.4,3.4,3.4,3.4,0,0,1
MIDCPNIFTY29JUL2411800PE.NFO,2024-06-21,15:04:00,2024-07-29,3.4,3.4,3.4,3.4,0,0,1
MIDCPNIFTY29JUL2411800PE.NFO,2024-06-21,15:05:00,2024-07-29,3.4,3.4,3.4,3.4,0,0,1
MIDCPNIFTY29JUL2411800PE.NFO,2024-06-21,15:06:00,2024-07-29,3.4,3.4,3.4,3.4,0,0,1
MIDCPNIFTY29JUL2411800PE.NFO,2024-06-21,15:07:00,2024-07-29,3.4,3.4,3.4,3.4,0,0,1
MIDCPNIFTY29JUL2411800PE.NFO,2024-06-21,15:08:00,2024-07-29,3.4,3.4,3.4,3.4,0,0,1
MIDCPNIFTY29JUL2411800PE.NFO,2024-06-21,15:09:00,2024-07-29,3.4,3.4,3.4,3.4,0,0,1
MIDCPNIFTY29JUL2411800PE.NFO,2024-06-21,15:10:00,2024-07-29,3.4,3.4,3.4,3.4,0,0,1
MIDCPNIFTY29JUL2411800PE.NFO,2024-06-21,15:11:00,2024-07-29,3.4,3.4,3.4,3.4,0,0,1
MIDCPNIFTY29JUL2411800PE.NFO,2024-06-21,15:12:00,2024-07-29,3.4,3.4,3.4,3.4,0,0,1
MIDCPNIFTY29JUL2411800PE.NFO,2024-06-21,15:13:00,2024-07-29,3.4,3.4,3.4,3.4,0,0,1
MIDCPNIFTY29JUL2411800PE.NFO,2024-06-21,15:14:00,2024-07-29,3.4,3.4,3.4,3.4,0,0,1
MIDCPNIFTY29JUL2411800PE.NFO,2024-06-21,15:15:00,2024-07-29,3.4,3.4,3.4,3.4,0,0,1
MIDCPNIFTY29JUL2411800PE.NFO,2024-06-21,15:16:00,2024-07-29,3.4,3.4,3.4,3.4,0,0,1
MIDCPNIFTY29JUL2411800PE.NFO,2024-06-21,15:17:00,2024-07-29,3.4,3.4,3.4,3.4,0,0,1
MIDCPNIFTY29JUL2411800PE.NFO,2024-06-21,15:18:00,2024-07-29,3.4,3.4,3.4,3.4,0,0,1
MIDCPNIFTY29JUL2411800PE.NFO,2024-06-21,15:19:00,2024-07-29,3.4,3.4,3.4,3.4,0,0,1
MIDCPNIFTY29JUL2411800PE.NFO,2024-06-21,15:20:00,2024-07-29,3.4,3.4,3.4,3.4,0,0,1
MIDCPNIFTY29JUL2411800PE.NFO,2024-06-21,15:21:00,2024-07-29,3.4,3.4,3.4,3.4,0,0,1
MIDCPNIFTY29JUL2411800PE.NFO,2024-06-21,15:22:00,2024-07-29,3.4,3.4,3.4,3.4,0,0,1
MIDCPNIFTY29JUL2411800PE.NFO,2024-06-21,15:23:00,2024-07-29,3.4,3.4,3.4,3.4,0,0,1
MIDCPNIFTY29JUL2411800PE.NFO,2024-06-21,15:24:00,2024-07-29,3.4,3.4,3.4,3.4,0,0,1
MIDCPNIFTY29JUL2411800PE.NFO,2024-06-21,15:25:00,2024-07-29,3.4,3.4,3.4,3.4,0,0,1
MIDCPNIFTY29JUL2411800PE.NFO,2024-06-21,15:26:00,2024-07-29,3.4,3.4,3.4,3.4,0,0,1
MIDCPNIFTY29JUL2411800PE.NFO,2024-06-21,15:27:00,2024-07-29,3.4,3.4,3.4,3.4,0,0,1
MIDCPNIFTY29JUL2411800PE.NFO,2024-06-21,15:28:00,2024-07-29,3.4,3.4,3.4,3.4,0,0,1
MIDCPNIFTY29JUL2411800PE.NFO,2024-06-21,15:29:00,2024-07-29,3.4,3.4,3.4,3.4,0,0,1
MIDCPNIFTY29JUL2411800PE.NFO,2024-06-21,15:30:00,2024-07-29,3.4,3.4,3.4,3.4,0,0,1
MIDCPNIFTY29JUL2411800PE.NFO,2024-06-24,09:15:00,2024-07-29,3.4,3.4,3.4,3.4,0,0,0
MIDCPNIFTY29JUL2411800PE.NFO,2024-06-24,09:16:00,2024-07-29,3.4,3.4,3.4,3.4,0,0,1
MIDCPNIFTY29JUL2411800PE.NFO,2024-06-24,09:17:00,2024-07-29,3.4,3.4,3.4,3.4,0,0,1
MIDCPNIFTY29JUL2411800PE.NFO,2024-06-24,09:18:00,2024-07-29,3.4,3.4,3.4,3.4,0,0,1
MIDCPNIFTY29JUL2411800PE.NFO,2024-06-24,09:19:00,2024-07-29,3.4,3.4,3.4,3.4,0,0,1
MIDCPNIFTY29JUL2411800PE.NFO,2024-06-24,09:20:00,2024-07-29,3.4,3.4,3.4,3.4,0,0,1
MIDCPNIFTY29JUL2411800PE.NFO,2024-06-24,09:21:00,2024-07-29,3.4,3.4,3.4,3.4,0,0,1
MIDCPNIFTY29JUL2411800PE.NFO,2024-06-24,09:22:00,2024-07-29,3.4,3.4,3.4,3.4,0,0,1
MIDCPNIFTY29JUL2411800PE.NFO,2024-06-24,09:23:00,2024-07-29,3.4,3.4,3.4,3.4,0,0,1
MIDCPNIFTY29JUL2411800PE.NFO,2024-06-24,09:24:00,2024-07-29,3.4,3.4,3.4,3.4,0,0,1
MIDCPNIFTY29JUL2411800PE.NFO,2024-06-24,09:25:00,2024-07-29,3.4,3.4,3.4,3.4,0,0,1
MIDCPNIFTY29JUL2411800PE.NFO,2024-06-24,09:26:00,2024-07-29,3.4,3.4,3.4,3.4,0,0,1
MIDCPNIFTY29JUL2411800PE.NFO,2024-06-24,09:27:00,2024-07-29,3.4,3.4,3.4,3.4,0,0,1
MIDCPNIFTY29JUL2411800PE.NFO,2024-06-24,09:28:00,2024-07-29,3.4,3.4,3.4,3.4,0,0,1
MIDCPNIFTY29JUL2411800PE.NFO,2024-06-24,09:29:00,2024-07-29,3.4,3.4,3.4,3.4,0,0,1
MIDCPNIFTY29JUL2411800PE.NFO,2024-06-24,09:30:00,2024-07-29,3.4,3.4,3.4,3.4,0,0,1
MIDCPNIFTY29JUL2411800PE.NFO,2024-06-24,09:31:00,2024-07-29,3.4,3.4,3.4,3.4,0,0,1
MIDCPNIFTY29JUL2411800PE.NFO,2024-06-24,09:32:00,2024-07-29,3.4,3.4,3.4,3.4,0,0,1
MIDCPNIFTY29JUL2411800PE.NFO,2024-06-24,09:33:00,2024-07-29,3.4,3.4,3.4,3.4,0,0,1
MIDCPNIFTY29JUL2411800PE.NFO,2024-06-24,09:34:00,2024-07-29,3.4,3.4,3.4,3.4,0,0,1
MIDCPNIFTY29JUL2411800PE.NFO,2024-06-24,09:35:00,2024-07-29,3.4,3.4,3.4,3.4,0,0,1
MIDCPNIFTY29JUL2411800PE.NFO,2024-06-24,09:36:00,2024-07-29,3.4,3.4,3.4,3.4,0,0,1
MIDCPNIFTY29JUL2411800PE.NFO,2024-06-24,09:37:00,2024-07-29,3.4,3.4,3.4,3.4,0,0,1
MIDCPNIFTY29JUL2411800PE.NFO,2024-06-24,09:38:00,2024-07-29,3.4,3.4,3.4,3.4,0,0,1
MIDCPNIFTY29JUL2411800PE.NFO,2024-06-24,09:39:00,2024-07-29,3.4,3.4,3.4,3.4,0,0,1
MIDCPNIFTY29JUL2411800PE.NFO,2024-06-24,09:40:00,2024-07-29,3.4,3.4,3.4,3.4,0,0,1
MIDCPNIFTY29JUL2411800PE.NFO,2024-06-24,09:41:00,2024-07-29,3.4,3.4,3.4,3.4,0,0,1
MIDCPNIFTY29JUL2411800PE.NFO,2024-06-24,09:42:00,2024-07-29,3.4,3.4,3.4,3.4,0,0,1
MIDCPNIFTY29JUL2411800PE.NFO,2024-06-24,09:43:00,2024-07-29,3.4,3.4,3.4,3.4,0,0,1
MIDCPNIFTY29JUL2411800PE.NFO,2024-06-24,09:44:00,2024-07-29,3.4,3.4,3.4,3.4,0,0,1
MIDCPNIFTY29JUL2411800PE.NFO,2024-06-24,09:45:00,2024-07-29,3.4,3.4,3.4,3.4,0,0,1
MIDCPNIFTY29JUL2411800PE.NFO,2024-06-24,09:46:00,2024-07-29,3.4,3.4,3.4,3.4,0,0,1
MIDCPNIFTY29JUL2411800PE.NFO,2024-06-24,09:47:00,2024-07-29,3.4,3.4,3.4,3.4,0,0,1
MIDCPNIFTY29JUL2411800PE.NFO,2024-06-24,09:48:00,2024-07-29,3.4,3.4,3.4,3.4,0,0,1
MIDCPNIFTY29JUL2411800PE.NFO,2024-06-24,09:49:00,2024-07-29,3.4,3.4,3.4,3.4,0,0,1
MIDCPNIFTY29JUL2411800PE.NFO,2024-06-24,09:50:00,2024-07-29,3.4,3.4,3.4,3.4,0,0,1
MIDCPNIFTY29JUL2411800PE.NFO,2024-06-24,09:51:00,2024-07-29,3.4,3.4,3.4,3.4,0,0,1
MIDCPNIFTY29JUL2411800PE.NFO,2024-06-24,09:52:00,2024-07-29,3.4,3.4,3.4,3.4,0,0,1
MIDCPNIFTY29JUL2411800PE.NFO,2024-06-24,09:53:00,2024-07-29,3.4,3.4,3.4,3.4,0,0,1
MIDCPNIFTY29JUL2411800PE.NFO,2024-06-24,09:54:00,2024-07-29,3.4,3.4,3.4,3.4,0,0,1
MIDCPNIFTY29JUL2411800PE.NFO,2024-06-24,09:55:00,2024-07-29,3.4,3.4,3.4,3.4,0,0,1
MIDCPNIFTY29JUL2411800PE.NFO,2024-06-24,09:56:00,2024-07-29,3.4,3.4,3.4,3.4,0,0,1
MIDCPNIFTY29JUL2411800PE.NFO,2024-06-24,09:57:00,2024-07-29,3.4,3.4,3.4,3.4,0,0,1
MIDCPNIFTY29JUL2411800PE.NFO,2024-06-24,09:58:00,2024-07-29,3.4,3.4,3.4,3.4,0,0,1
MIDCPNIFTY29JUL2411800PE.NFO,2024-06-24,09:59:00,2024-07-29,3.4,3.4,3.4,3.4,0,0,1
MIDCPNIFTY29JUL2411800PE.NFO,2024-06-24,10:00:00,2024-07-29,3.4,3.4,3.4,3.4,0,0,1
MIDCPNIFTY29JUL2411800PE.NFO,2024-06-24,10:01:00,2024-07-29,3.4,3.4,3.4,3.4,0,0,1
MIDCPNIFTY29JUL2411800PE.NFO,2024-06-24,10:02:00,2024-07-29,3.4,3.4,3.4,3.4,0,0,1
MIDCPNIFTY29JUL2411800PE.NFO,2024-06-24,10:03:00,2024-07-29,3.4,3.4,3.4,3.4,0,0,1
MIDCPNIFTY29JUL2411800PE.NFO,2024-06-24,10:04:00,2024-07-29,3.4,3.4,3.4,3.4,0,0,1
MIDCPNIFTY29JUL2411800PE.NFO,2024-06-24,10:05:00,2024-07-29,3.4,3.4,3.4,3.4,0,0,1
MIDCPNIFTY29JUL2411800PE.NFO,2024-06-24,10:06:00,2024-07-29,3.4,3.4,3.4,3.4,0,0,1
MIDCPNIFTY29JUL2411800PE.NFO,2024-06-24,10:07:00,2024-07-29,3.4,3.4,3.4,3.4,0,0,1
MIDCPNIFTY29JUL2411800PE.NFO,2024-06-24,10:08:00,2024-07-29,3.4,3.4,3.4,3.4,0,0,1
MIDCPNIFTY29JUL2411800PE.NFO,2024-06-24,10:09:00,2024-07-29,3.4,3.4,3.4,3.4,0,0,1
MIDCPNIFTY29JUL2411800PE.NFO,2024-06-24,10:10:00,2024-07-29,3.4,3.4,3.4,3.4,0,0,1
MIDCPNIFTY29JUL2411800PE.NFO,2024-06-24,10:11:00,2024-07-29,3.4,3.4,3.4,3.4,0,0,1
MIDCPNIFTY29JUL2411800PE.NFO,2024-06-24,10:12:00,2024-07-29,3.4,3.4,3.4,3.4,0,0,1
MIDCPNIFTY29JUL2411800PE.NFO,2024-06-24,10:13:00,2024-07-29,3.4,3.4,3.4,3.4,0,0,1
MIDCPNIFTY29JUL2411800PE.NFO,2024-06-24,10:14:00,2024-07-29,3.4,3.4,3.4,3.4,0,0,1
MIDCPNIFTY29JUL2411800PE.NFO,2024-06-24,10:15:00,2024-07-29,3.4,3.4,3.4,3.4,0,0,1
MIDCPNIFTY29JUL2411800PE.NFO,2024-06-24,10:16:00,2024-07-29,3.4,3.4,3.4,3.4,0,0,1
MIDCPNIFTY29JUL2411800PE.NFO,2024-06-24,10:17:00,2024-07-29,3.4,3.4,3.4,3.4,0,0,1
MIDCPNIFTY29JUL2411800PE.NFO,2024-06-24,10:18:00,2024-07-29,3.4,3.4,3.4,3.4,0,0,1
MIDCPNIFTY29JUL2411800PE.NFO,2024-06-24,10:19:00,2024-07-29,3.4,3.4,3.4,3.4,0,0,1
MIDCPNIFTY29JUL2411800PE.NFO,2024-06-24,10:20:00,2024-07-29,3.4,3.4,3.4,3.4,0,0,1
MIDCPNIFTY29JUL2411800PE.NFO,2024-06-24,10:21:00,2024-07-29,3.4,3.4,3.4,3.4,0,0,1
MIDCPNIFTY29JUL2411800PE.NFO,2024-06-24,10:22:00,2024-07-29,3.4,3.4,3.4,3.4,0,0,1
MIDCPNIFTY29JUL2411800PE.NFO,2024-06-24,10:23:00,2024-07-29,3.4,3.4,3.4,3.4,0,0,1
MIDCPNIFTY29JUL2411800PE.NFO,2024-06-24,10:24:00,2024-07-29,3.4,3.4,3.4,3.4,0,0,1
MIDCPNIFTY29JUL2411800PE.NFO,2024-06-24,10:25:00,2024-07-29,3.4,3.4,3.4,3.4,0,0,1
MIDCPNIFTY29JUL2411800PE.NFO,2024-06-24,10:26:00,2024-07-29,3.4,3.4,3.4,3.4,0,0,1
MIDCPNIFTY29JUL2411800PE.NFO,2024-06-24,10:27:00,2024-07-29,3.4,3.4,3.4,3.4,0,0,1
MIDCPNIFTY29JUL2411800PE.NFO,2024-06-24,10:28:00,2024-07-29,3.4,3.4,3.4,3.4,0,0,1
MIDCPNIFTY29JUL2411800PE.NFO,2024-06-24,10:29:00,2024-07-29,3.4,3.4,3.4,3.4,0,0,1
MIDCPNIFTY29JUL2411800PE.NFO,2024-06-24,10:30:00,2024-07-29,3.4,3.4,3.4,3.4,0,0,1
MIDCPNIFTY29JUL2411800PE.NFO,2024-06-24,10:31:00,2024-07-29,3.4,3.4,3.4,3.4,0,0,1
MIDCPNIFTY29JUL2411800PE.NFO,2024-06-24,10:32:00,2024-07-29,3.4,3.4,3.4,3.4,0,0,1
MIDCPNIFTY29JUL2411800PE.NFO,2024-06-24,10:33:00,2024-07-29,3.4,3.4,3.4,3.4,0,0,1
MIDCPNIFTY29JUL2411800PE.NFO,2024-06-24,10:34:00,2024-07-29,3.4,3.4,3.4,3.4,0,0,1
MIDCPNIFTY29JUL2411800PE.NFO,2024-06-24,10:35:00,2024-07-29,3.4,3.4,3.4,3.4,0,0,1
MIDCPNIFTY29JUL2411800PE.NFO,2024-06-24,10:36:00,2024-07-29,3.4,3.4,3.4,3.4,0,0,1
MIDCPNIFTY29JUL2411800PE.NFO,2024-06-24,10:37:00,2024-07-29,3.4,3.4,3.4,3.4,0,0,1
MIDCPNIFTY29JUL2411800PE.NFO,2024-06-24,10:38:00,2024-07-29,3.4,3.4,3.4,3.4,0,0,1
MIDCPNIFTY29JUL2411800PE.NFO,2024-06-24,10:39:00,2024-07-29,3.4,3.4,3.4,3.4,0,0,1
MIDCPNIFTY29JUL2411800PE.NFO,2024-06-24,10:40:00,2024-07-29,3.4,3.4,3.4,3.4,0,0,1
MIDCPNIFTY29JUL2411800PE.NFO,2024-06-24,10:41:00,2024-07-29,3.4,3.4,3.4,3.4,0,0,1
MIDCPNIFTY29JUL2411800PE.NFO,2024-06-24,10:42:00,2024-07-29,3.4,3.4,3.4,3.4,0,0,1
MIDCPNIFTY29JUL2411800PE.NFO,2024-06-24,10:43:00,2024-07-29,3.4,3.4,3.4,3.4,0,0,1
MIDCPNIFTY29JUL2411800PE.NFO,2024-06-24,10:44:00,2024-07-29,3.4,3.4,3.4,3.4,0,0,1
MIDCPNIFTY29JUL2411800PE.NFO,2024-06-24,10:45:00,2024-07-29,3.4,3.4,3.4,3.4,0,0,1
MIDCPNIFTY29JUL2411800PE.NFO,2024-06-24,10:46:00,2024-07-29,3.4,3.4,3.4,3.4,0,0,1
MIDCPNIFTY29JUL2411800PE.NFO,2024-06-24,10:47:00,2024-07-29,3.4,3.4,3.4,3.4,0,0,1
MIDCPNIFTY29JUL2411800PE.NFO,2024-06-24,10:48:00,2024-07-29,3.4,3.4,3.4,3.4,0,0,1
MIDCPNIFTY29JUL2411800PE.NFO,2024-06-24,10:49:00,2024-07-29,3.4,3.4,3.4,3.4,0,0,1
MIDCPNIFTY29JUL2411800PE.NFO,2024-06-24,10:50:00,2024-07-29,3.4,3.4,3.4,3.4,0,0,1
MIDCPNIFTY29JUL2411800PE.NFO,2024-06-24,10:51:00,2024-07-29,3.4,3.4,3.4,3.4,0,0,1
MIDCPNIFTY29JUL2411800PE.NFO,2024-06-24,10:52:00,2024-07-29,3.4,3.4,3.4,3.4,0,0,1
MIDCPNIFTY29JUL2411800PE.NFO,2024-06-24,10:53:00,2024-07-29,3.4,3.4,3.4,3.4,0,0,1
MIDCPNIFTY29JUL2411800PE.NFO,2024-06-24,10:54:00,2024-07-29,3.4,3.4,3.4,3.4,0,0,1
MIDCPNIFTY29JUL2411800PE.NFO,2024-06-24,10:55:00,2024-07-29,3.4,3.4,3.4,3.4,0,0,1
MIDCPNIFTY29JUL2411800PE.NFO,2024-06-24,10:56:00,2024-07-29,3.4,3.4,3.4,3.4,0,0,1
MIDCPNIFTY29JUL2411800PE.NFO,2024-06-24,10:57:00,2024-07-29,3.4,3.4,3.4,3.4,0,0,1
MIDCPNIFTY29JUL2411800PE.NFO,2024-06-24,10:58:00,2024-07-29,3.4,3.4,3.4,3.4,0,0,1
MIDCPNIFTY29JUL2411800PE.NFO,2024-06-24,10:59:00,2024-07-29,3.4,3.4,3.4,3.4,0,0,1
MIDCPNIFTY29JUL2411800PE.NFO,2024-06-24,11:00:00,2024-07-29,3.4,3.4,3.4,3.4,0,0,1
MIDCPNIFTY29JUL2411800PE.NFO,2024-06-24,11:01:00,2024-07-29,3.4,3.4,3.4,3.4,0,0,1
MIDCPNIFTY29JUL2411800PE.NFO,2024-06-24,11:02:00,2024-07-29,3.4,3.4,3.4,3.4,0,0,1
MIDCPNIFTY29JUL2411800PE.NFO,2024-06-24,11:03:00,2024-07-29,3.4,3.4,3.4,3.4,0,0,1
MIDCPNIFTY29JUL2411800PE.NFO,2024-06-24,11:04:00,2024-07-29,3.4,3.4,3.4,3.4,0,0,1
MIDCPNIFTY29JUL2411800PE.NFO,2024-06-24,11:05:00,2024-07-29,3.4,3.4,3.4,3.4,0,0,1
MIDCPNIFTY29JUL2411800PE.NFO,2024-06-24,11:06:00,2024-07-29,3.4,3.4,3.4,3.4,0,0,1
MIDCPNIFTY29JUL2411800PE.NFO,2024-06-24,11:07:00,2024-07-29,3.4,3.4,3.4,3.4,0,0,1
MIDCPNIFTY29JUL2411800PE.NFO,2024-06-24,11:08:00,2024-07-29,3.4,3.4,3.4,3.4,0,0,1
MIDCPNIFTY29JUL2411800PE.NFO,2024-06-24,11:09:00,2024-07-29,3.4,3.4,3.4,3.4,0,0,1
MIDCPNIFTY29JUL2411800PE.NFO,2024-06-24,11:10:00,2024-07-29,3.4,3.4,3.4,3.4,0,0,1
MIDCPNIFTY29JUL2411800PE.NFO,2024-06-24,11:11:00,2024-07-29,3.4,3.4,3.4,3.4,0,0,1
MIDCPNIFTY29JUL2411800PE.NFO,2024-06-24,11:12:00,2024-07-29,3.4,3.4,3.4,3.4,0,0,1
MIDCPNIFTY29JUL2411800PE.NFO,2024-06-24,11:13:00,2024-07-29,3.4,3.4,3.4,3.4,0,0,1
MIDCPNIFTY29JUL2411800PE.NFO,2024-06-24,11:14:00,2024-07-29,3.4,3.4,3.4,3.4,0,0,1
MIDCPNIFTY29JUL2411800PE.NFO,2024-06-24,11:15:00,2024-07-29,3.4,3.4,3.4,3.4,0,0,1
MIDCPNIFTY29JUL2411800PE.NFO,2024-06-24,11:16:00,2024-07-29,3.4,3.4,3.4,3.4,0,0,1
MIDCPNIFTY29JUL2411800PE.NFO,2024-06-24,11:17:00,2024-07-29,3.4,3.4,3.4,3.4,0,0,1
MIDCPNIFTY29JUL2411800PE.NFO,2024-06-24,11:18:00,2024-07-29,3.4,3.4,3.4,3.4,0,0,1
MIDCPNIFTY29JUL2411800PE.NFO,2024-06-24,11:19:00,2024-07-29,3.4,3.4,3.4,3.4,0,0,1
MIDCPNIFTY29JUL2411800PE.NFO,2024-06-24,11:20:00,2024-07-29,3.4,3.4,3.4,3.4,0,0,1
MIDCPNIFTY29JUL2411800PE.NFO,2024-06-24,11:21:00,2024-07-29,3.4,3.4,3.4,3.4,0,0,1
MIDCPNIFTY29JUL2411800PE.NFO,2024-06-24,11:22:00,2024-07-29,3.4,3.4,3.4,3.4,0,0,1
MIDCPNIFTY29JUL2411800PE.NFO,2024-06-24,11:23:00,2024-07-29,3.4,3.4,3.4,3.4,0,0,1
MIDCPNIFTY29JUL2411800PE.NFO,2024-06-24,11:24:00,2024-07-29,3.4,3.4,3.4,3.4,0,0,1
MIDCPNIFTY29JUL2411800PE.NFO,2024-06-24,11:25:00,2024-07-29,3.4,3.4,3.4,3.4,0,0,1
MIDCPNIFTY29JUL2411800PE.NFO,2024-06-24,11:26:00,2024-07-29,3.4,3.4,3.4,3.4,0,0,1
MIDCPNIFTY29JUL2411800PE.NFO,2024-06-24,11:27:00,2024-07-29,3.4,3.4,3.4,3.4,0,0,1
MIDCPNIFTY29JUL2411800PE.NFO,2024-06-24,11:28:00,2024-07-29,3.4,3.4,3.4,3.4,0,0,1
MIDCPNIFTY29JUL2411800PE.NFO,2024-06-24,11:29:00,2024-07-29,3.4,3.4,3.4,3.4,0,0,1
MIDCPNIFTY29JUL2411800PE.NFO,2024-06-24,11:30:00,2024-07-29,3.4,3.4,3.4,3.4,0,0,1
MIDCPNIFTY29JUL2411800PE.NFO,2024-06-24,11:31:00,2024-07-29,3.4,3.4,3.4,3.4,0,0,1
MIDCPNIFTY29JUL2411800PE.NFO,2024-06-24,11:32:00,2024-07-29,3.4,3.4,3.4,3.4,0,0,1
MIDCPNIFTY29JUL2411800PE.NFO,2024-06-24,11:33:00,2024-07-29,3.4,3.4,3.4,3.4,0,0,1
MIDCPNIFTY29JUL2411800PE.NFO,2024-06-24,11:34:00,2024-07-29,3.4,3.4,3.4,3.4,0,0,1
MIDCPNIFTY29JUL2411800PE.NFO,2024-06-24,11:35:00,2024-07-29,3.4,3.4,3.4,3.4,0,0,1
MIDCPNIFTY29JUL2411800PE.NFO,2024-06-24,11:36:00,2024-07-29,3.4,3.4,3.4,3.4,0,0,1
MIDCPNIFTY29JUL2411800PE.NFO,2024-06-24,11:37:00,2024-07-29,3.4,3.4,3.4,3.4,0,0,1
MIDCPNIFTY29JUL2411800PE.NFO,2024-06-24,11:38:00,2024-07-29,3.4,3.4,3.4,3.4,0,0,1
MIDCPNIFTY29JUL2411800PE.NFO,2024-06-24,11:39:00,2024-07-29,3.4,3.4,3.4,3.4,0,0,1
MIDCPNIFTY29JUL2411800PE.NFO,2024-06-24,11:40:00,2024-07-29,3.4,3.4,3.4,3.4,0,0,1
MIDCPNIFTY29JUL2411800PE.NFO,2024-06-24,11:41:00,2024-07-29,3.4,3.4,3.4,3.4,0,0,1
MIDCPNIFTY29JUL2411800PE.NFO,2024-06-24,11:42:00,2024-07-29,3.4,3.4,3.4,3.4,0,0,1
MIDCPNIFTY29JUL2411800PE.NFO,2024-06-24,11:43:00,2024-07-29,3.4,3.4,3.4,3.4,0,0,1
MIDCPNIFTY29JUL2411800PE.NFO,2024-06-24,11:44:00,2024-07-29,3.4,3.4,3.4,3.4,0,0,1
MIDCPNIFTY29JUL2411800PE.NFO,2024-06-24,11:45:00,2024-07-29,3.4,3.4,3.4,3.4,0,0,1
MIDCPNIFTY29JUL2411800PE.NFO,2024-06-24,11:46:00,2024-07-29,3.4,3.4,3.4,3.4,0,0,1
MIDCPNIFTY29JUL2411800PE.NFO,2024-06-24,11:47:00,2024-07-29,3.4,3.4,3.4,3.4,0,0,1
MIDCPNIFTY29JUL2411800PE.NFO,2024-06-24,11:48:00,2024-07-29,3.4,3.4,3.4,3.4,0,0,1
MIDCPNIFTY29JUL2411800PE.NFO,2024-06-24,11:49:00,2024-07-29,3.4,3.4,3.4,3.4,0,0,1
MIDCPNIFTY29JUL2411800PE.NFO,2024-06-24,11:50:00,2024-07-29,3.4,3.4,3.4,3.4,0,0,1
MIDCPNIFTY29JUL2411800PE.NFO,2024-06-24,11:51:00,2024-07-29,3.4,3.4,3.4,3.4,0,0,1
MIDCPNIFTY29JUL2411800PE.NFO,2024-06-24,11:52:00,2024-07-29,3.4,3.4,3.4,3.4,0,0,1
MIDCPNIFTY29JUL2411800PE.NFO,2024-06-24,11:53:00,2024-07-29,3.4,3.4,3.4,3.4,0,0,1
MIDCPNIFTY29JUL2411800PE.NFO,2024-06-24,11:54:00,2024-07-29,3.4,3.4,3.4,3.4,0,0,1
MIDCPNIFTY29JUL2411800PE.NFO,2024-06-24,11:55:00,2024-07-29,3.4,3.4,3.4,3.4,0,0,1
MIDCPNIFTY29JUL2411800PE.NFO,2024-06-24,11:56:00,2024-07-29,3.4,3.4,3.4,3.4,0,0,1
MIDCPNIFTY29JUL2411800PE.NFO,2024-06-24,11:57:00,2024-07-29,3.4,3.4,3.4,3.4,0,0,1
MIDCPNIFTY29JUL2411800PE.NFO,2024-06-24,11:58:00,2024-07-29,3.4,3.4,3.4,3.4,0,0,1
MIDCPNIFTY29JUL2411800PE.NFO,2024-06-24,11:59:00,2024-07-29,3.4,3.4,3.4,3.4,0,0,1
MIDCPNIFTY29JUL2411800PE.NFO,2024-06-24,12:00:00,2024-07-29,3.4,3.4,3.4,3.4,0,0,1
MIDCPNIFTY29JUL2411800PE.NFO,2024-06-24,12:01:00,2024-07-29,3.4,3.4,3.4,3.4,0,0,1
MIDCPNIFTY29JUL2411800PE.NFO,2024-06-24,12:02:00,2024-07-29,3.4,3.4,3.4,3.4,0,0,1
MIDCPNIFTY29JUL2411800PE.NFO,2024-06-24,12:03:00,2024-07-29,3.4,3.4,3.4,3.4,0,0,1
MIDCPNIFTY29JUL2411800PE.NFO,2024-06-24,12:04:00,2024-07-29,3.4,3.4,3.4,3.4,0,0,1
MIDCPNIFTY29JUL2411800PE.NFO,2024-06-24,12:05:00,2024-07-29,3.4,3.4,3.4,3.4,0,0,1
MIDCPNIFTY29JUL2411800PE.NFO,2024-06-24,12:06:00,2024-07-29,3.4,3.4,3.4,3.4,0,0,1
MIDCPNIFTY29JUL2411800PE.NFO,2024-06-24,12:07:00,2024-07-29,3.4,3.4,3.4,3.4,0,0,1
MIDCPNIFTY29JUL2411800PE.NFO,2024-06-24,12:08:00,2024-07-29,3.4,3.4,3.4,3.4,0,0,1
MIDCPNIFTY29JUL2411800PE.NFO,2024-06-24,12:09:00,2024-07-29,3.4,3.4,3.4,3.4,0,0,1
MIDCPNIFTY29JUL2411800PE.NFO,2024-06-24,12:10:00,2024-07-29,3.4,3.4,3.4,3.4,0,0,1
MIDCPNIFTY29JUL2411800PE.NFO,2024-06-24,12:11:00,2024-07-29,3.4,3.4,3.4,3.4,0,0,1
MIDCPNIFTY29JUL2411800PE.NFO,2024-06-24,12:12:00,2024-07-29,3.4,3.4,3.4,3.4,0,0,1
MIDCPNIFTY29JUL2411800PE.NFO,2024-06-24,12:13:00,2024-07-29,3.4,3.4,3.4,3.4,0,0,1
MIDCPNIFTY29JUL2411800PE.NFO,2024-06-24,12:14:00,2024-07-29,3.4,3.4,3.4,3.4,0,0,1
MIDCPNIFTY29JUL2411800PE.NFO,2024-06-24,12:15:00,2024-07-29,3.4,3.4,3.4,3.4,0,0,1
MIDCPNIFTY29JUL2411800PE.NFO,2024-06-24,12:16:00,2024-07-29,3.4,3.4,3.4,3.4,0,0,1
MIDCPNIFTY29JUL2411800PE.NFO,2024-06-24,12:17:00,2024-07-29,3.4,3.4,3.4,3.4,0,0,1
MIDCPNIFTY29JUL2411800PE.NFO,2024-06-24,12:18:00,2024-07-29,3.4,3.4,3.4,3.4,0,0,1
MIDCPNIFTY29JUL2411800PE.NFO,2024-06-24,12:19:00,2024-07-29,3.4,3.4,3.4,3.4,0,0,1
MIDCPNIFTY29JUL2411800PE.NFO,2024-06-24,12:20:00,2024-07-29,3.4,3.4,3.4,3.4,0,0,1
MIDCPNIFTY29JUL2411800PE.NFO,2024-06-24,12:21:00,2024-07-29,3.4,3.4,3.4,3.4,0,0,1
MIDCPNIFTY29JUL2411800PE.NFO,2024-06-24,12:22:00,2024-07-29,3.4,3.4,3.4,3.4,0,0,1
MIDCPNIFTY29JUL2411800PE.NFO,2024-06-24,12:23:00,2024-07-29,3.4,3.4,3.4,3.4,0,0,1
MIDCPNIFTY29JUL2411800PE.NFO,2024-06-24,12:24:00,2024-07-29,3.4,3.4,3.4,3.4,0,0,1
MIDCPNIFTY29JUL2411800PE.NFO,2024-06-24,12:25:00,2024-07-29,3.4,3.4,3.4,3.4,0,0,1
MIDCPNIFTY29JUL2411800PE.NFO,2024-06-24,12:26:00,2024-07-29,3.4,3.4,3.4,3.4,0,0,1
MIDCPNIFTY29JUL2411800PE.NFO,2024-06-24,12:27:00,2024-07-29,3.4,3.4,3.4,3.4,0,0,1
MIDCPNIFTY29JUL2411800PE.NFO,2024-06-24,12:28:00,2024-07-29,3.4,3.4,3.4,3.4,0,0,1
MIDCPNIFTY29JUL2411800PE.NFO,2024-06-24,12:29:00,2024-07-29,3.4,3.4,3.4,3.4,0,0,1
MIDCPNIFTY29JUL2411800PE.NFO,2024-06-24,12:30:00,2024-07-29,3.4,3.4,3.4,3.4,0,0,1
MIDCPNIFTY29JUL2411800PE.NFO,2024-06-24,12:31:00,2024-07-29,3.4,3.4,3.4,3.4,0,0,1
MIDCPNIFTY29JUL2411800PE.NFO,2024-06-24,12:32:00,2024-07-29,3.4,3.4,3.4,3.4,0,0,1
MIDCPNIFTY29JUL2411800PE.NFO,2024-06-24,12:33:00,2024-07-29,3.4,3.4,3.4,3.4,0,0,1
MIDCPNIFTY29JUL2411800PE.NFO,2024-06-24,12:34:00,2024-07-29,3.4,3.4,3.4,3.4,0,0,1
MIDCPNIFTY29JUL2411800PE.NFO,2024-06-24,12:35:00,2024-07-29,3.4,3.4,3.4,3.4,0,0,1
MIDCPNIFTY29JUL2411800PE.NFO,2024-06-24,12:36:00,2024-07-29,3.4,3.4,3.4,3.4,0,0,1
MIDCPNIFTY29JUL2411800PE.NFO,2024-06-24,12:37:00,2024-07-29,3.4,3.4,3.4,3.4,0,0,1
MIDCPNIFTY29JUL2411800PE.NFO,2024-06-24,12:38:00,2024-07-29,3.4,3.4,3.4,3.4,0,0,1
MIDCPNIFTY29JUL2411800PE.NFO,2024-06-24,12:39:00,2024-07-29,3.4,3.4,3.4,3.4,0,0,1
MIDCPNIFTY29JUL2411800PE.NFO,2024-06-24,12:40:00,2024-07-29,3.4,3.4,3.4,3.4,0,0,1
MIDCPNIFTY29JUL2411800PE.NFO,2024-06-24,12:41:00,2024-07-29,3.4,3.4,3.4,3.4,0,0,1
MIDCPNIFTY29JUL2411800PE.NFO,2024-06-24,12:42:00,2024-07-29,3.4,3.4,3.4,3.4,0,0,1
MIDCPNIFTY29JUL2411800PE.NFO,2024-06-24,12:43:00,2024-07-29,3.4,3.4,3.4,3.4,0,0,1
MIDCPNIFTY29JUL2411800PE.NFO,2024-06-24,12:44:00,2024-07-29,3.4,3.4,3.4,3.4,0,0,1
MIDCPNIFTY29JUL2411800PE.NFO,2024-06-24,12:45:00,2024-07-29,3.4,3.4,3.4,3.4,0,0,1
MIDCPNIFTY29JUL2411800PE.NFO,2024-06-24,12:46:00,2024-07-29,3.4,3.4,3.4,3.4,0,0,1
MIDCPNIFTY29JUL2411800PE.NFO,2024-06-24,12:47:00,2024-07-29,3.4,3.4,3.4,3.4,0,0,1
MIDCPNIFTY29JUL2411800PE.NFO,2024-06-24,12:48:00,2024-07-29,3.4,3.4,3.4,3.4,0,0,1
MIDCPNIFTY29JUL2411800PE.NFO,2024-06-24,12:49:00,2024-07-29,3.4,3.4,3.4,3.4,0,0,1
MIDCPNIFTY29JUL2411800PE.NFO,2024-06-24,12:50:00,2024-07-29,3.4,3.4,3.4,3.4,0,0,1
MIDCPNIFTY29JUL2411800PE.NFO,2024-06-24,12:51:00,2024-07-29,3.4,3.4,3.4,3.4,0,0,1
MIDCPNIFTY29JUL2411800PE.NFO,2024-06-24,12:52:00,2024-07-29,3.4,3.4,3.4,3.4,0,0,1
MIDCPNIFTY29JUL2411800PE.NFO,2024-06-24,12:53:00,2024-07-29,3.4,3.4,3.4,3.4,0,0,1
MIDCPNIFTY29JUL2411800PE.NFO,2024-06-24,12:54:00,2024-07-29,3.4,3.4,3.4,3.4,0,0,1
MIDCPNIFTY29JUL2411800PE.NFO,2024-06-24,12:55:00,2024-07-29,3.4,3.4,3.4,3.4,0,0,1
MIDCPNIFTY29JUL2411800PE.NFO,2024-06-24,12:56:00,2024-07-29,3.4,3.4,3.4,3.4,0,0,1
MIDCPNIFTY29JUL2411800PE.NFO,2024-06-24,12:57:00,2024-07-29,3.4,3.4,3.4,3.4,0,0,1
MIDCPNIFTY29JUL2411800PE.NFO,2024-06-24,12:58:00,2024-07-29,3.4,3.4,3.4,3.4,0,0,1
MIDCPNIFTY29JUL2411800PE.NFO,2024-06-24,12:59:00,2024-07-29,3.4,3.4,3.4,3.4,0,0,1
MIDCPNIFTY29JUL2411800PE.NFO,2024-06-24,13:00:00,2024-07-29,3.4,3.4,3.4,3.4,0,0,1
MIDCPNIFTY29JUL2411800PE.NFO,2024-06-24,13:01:00,2024-07-29,3.4,3.4,3.4,3.4,0,0,1
MIDCPNIFTY29JUL2411800PE.NFO,2024-06-24,13:02:00,2024-07-29,3.4,3.4,3.4,3.4,0,0,1
MIDCPNIFTY29JUL2411800PE.NFO,2024-06-24,13:03:00,2024-07-29,3.4,3.4,3.4,3.4,0,0,1
MIDCPNIFTY29JUL2411800PE.NFO,2024-06-24,13:04:00,2024-07-29,3.4,3.4,3.4,3.4,0,0,1
MIDCPNIFTY29JUL2411800PE.NFO,2024-06-24,13:05:00,2024-07-29,3.4,3.4,3.4,3.4,0,0,1
MIDCPNIFTY29JUL2411800PE.NFO,2024-06-24,13:06:00,2024-07-29,3.4,3.4,3.4,3.4,0,0,1
MIDCPNIFTY29JUL2411800PE.NFO,2024-06-24,13:07:00,2024-07-29,3.4,3.4,3.4,3.4,0,0,1
MIDCPNIFTY29JUL2411800PE.NFO,2024-06-24,13:08:00,2024-07-29,3.4,3.4,3.4,3.4,0,0,1
MIDCPNIFTY29JUL2411800PE.NFO,2024-06-24,13:09:00,2024-07-29,3.4,3.4,3.4,3.4,0,0,1
MIDCPNIFTY29JUL2411800PE.NFO,2024-06-24,13:10:00,2024-07-29,3.4,3.4,3.4,3.4,0,0,1
MIDCPNIFTY29JUL2411800PE.NFO,2024-06-24,13:11:00,2024-07-29,3.4,3.4,3.4,3.4,0,0,1
MIDCPNIFTY29JUL2411800PE.NFO,2024-06-24,13:12:00,2024-07-29,3.4,3.4,3.4,3.4,0,0,1
MIDCPNIFTY29JUL2411800PE.NFO,2024-06-24,13:13:00,2024-07-29,3.4,3.4,3.4,3.4,0,0,1
MIDCPNIFTY29JUL2411800PE.NFO,2024-06-24,13:14:00,2024-07-29,3.4,3.4,3.4,3.4,0,0,1
MIDCPNIFTY29JUL2411800PE.NFO,2024-06-24,13:15:00,2024-07-29,3.4,3.4,3.4,3.4,0,0,1
MIDCPNIFTY29JUL2411800PE.NFO,2024-06-24,13:16:00,2024-07-29,3.4,3.4,3.4,3.4,0,0,1
MIDCPNIFTY29JUL2411800PE.NFO,2024-06-24,13:17:00,2024-07-29,3.4,3.4,3.4,3.4,0,0,1
MIDCPNIFTY29JUL2411800PE.NFO,2024-06-24,13:18:00,2024-07-29,3.4,3.4,3.4,3.4,0,0,1
MIDCPNIFTY29JUL2411800PE.NFO,2024-06-24,13:19:00,2024-07-29,3.4,3.4,3.4,3.4,0,0,1
MIDCPNIFTY29JUL2411800PE.NFO,2024-06-24,13:20:00,2024-07-29,3.4,3.4,3.4,3.4,0,0,1
MIDCPNIFTY29JUL2411800PE.NFO,2024-06-24,13:21:00,2024-07-29,3.4,3.4,3.4,3.4,0,0,1
MIDCPNIFTY29JUL2411800PE.NFO,2024-06-24,13:22:00,2024-07-29,3.4,3.4,3.4,3.4,0,0,1
MIDCPNIFTY29JUL2411800PE.NFO,2024-06-24,13:23:00,2024-07-29,3.4,3.4,3.4,3.4,0,0,1
MIDCPNIFTY29JUL2411800PE.NFO,2024-06-24,13:24:00,2024-07-29,3.4,3.4,3.4,3.4,0,0,1
MIDCPNIFTY29JUL2411800PE.NFO,2024-06-24,13:25:00,2024-07-29,3.4,3.4,3.4,3.4,0,0,1
MIDCPNIFTY29JUL2411800PE.NFO,2024-06-24,13:26:00,2024-07-29,3.4,3.4,3.4,3.4,0,0,1
MIDCPNIFTY29JUL2411800PE.NFO,2024-06-24,13:27:00,2024-07-29,3.4,3.4,3.4,3.4,0,0,1
MIDCPNIFTY29JUL2411800PE.NFO,2024-06-24,13:28:00,2024-07-29,3.4,3.4,3.4,3.4,0,0,1
MIDCPNIFTY29JUL2411800PE.NFO,2024-06-24,13:29:00,2024-07-29,3.4,3.4,3.4,3.4,0,0,1
MIDCPNIFTY29JUL2411800PE.NFO,2024-06-24,13:30:00,2024-07-29,3.4,3.4,3.4,3.4,0,0,1
MIDCPNIFTY29JUL2411800PE.NFO,2024-06-24,13:31:00,2024-07-29,3.4,3.4,3.4,3.4,0,0,1
MIDCPNIFTY29JUL2411800PE.NFO,2024-06-24,13:32:00,2024-07-29,3.4,3.4,3.4,3.4,0,0,1
MIDCPNIFTY29JUL2411800PE.NFO,2024-06-24,13:33:00,2024-07-29,3.4,3.4,3.4,3.4,0,0,1
MIDCPNIFTY29JUL2411800PE.NFO,2024-06-24,13:34:00,2024-07-29,3.4,3.4,3.4,3.4,0,0,1
MIDCPNIFTY29JUL2411800PE.NFO,2024-06-24,13:35:00,2024-07-29,3.4,3.4,3.4,3.4,0,0,1
MIDCPNIFTY29JUL2411800PE.NFO,2024-06-24,13:36:00,2024-07-29,3.4,3.4,3.4,3.4,0,0,1
MIDCPNIFTY29JUL2411800PE.NFO,2024-06-24,13:37:00,2024-07-29,3.4,3.4,3.4,3.4,0,0,1
MIDCPNIFTY29JUL2411800PE.NFO,2024-06-24,13:38:00,2024-07-29,3.4,3.4,3.4,3.4,0,0,1
MIDCPNIFTY29JUL2411800PE.NFO,2024-06-24,13:39:00,2024-07-29,3.4,3.4,3.4,3.4,0,0,1
MIDCPNIFTY29JUL2411800PE.NFO,2024-06-24,13:40:00,2024-07-29,3.4,3.4,3.4,3.4,0,0,1
MIDCPNIFTY29JUL2411800PE.NFO,2024-06-24,13:41:00,2024-07-29,3.4,3.4,3.4,3.4,0,0,1
MIDCPNIFTY29JUL2411800PE.NFO,2024-06-24,13:42:00,2024-07-29,3.4,3.4,3.4,3.4,0,0,1
MIDCPNIFTY29JUL2411800PE.NFO,2024-06-24,13:43:00,2024-07-29,3.4,3.4,3.4,3.4,0,0,1
MIDCPNIFTY29JUL2411800PE.NFO,2024-06-24,13:44:00,2024-07-29,3.4,3.4,3.4,3.4,0,0,1
MIDCPNIFTY29JUL2411800PE.NFO,2024-06-24,13:45:00,2024-07-29,3.4,3.4,3.4,3.4,0,0,1
MIDCPNIFTY29JUL2411800PE.NFO,2024-06-24,13:46:00,2024-07-29,3.4,3.4,3.4,3.4,0,0,1
MIDCPNIFTY29JUL2411800PE.NFO,2024-06-24,13:47:00,2024-07-29,3.4,3.4,3.4,3.4,0,0,1
MIDCPNIFTY29JUL2411800PE.NFO,2024-06-24,13:48:00,2024-07-29,3.4,3.4,3.4,3.4,0,0,1
MIDCPNIFTY29JUL2411800PE.NFO,2024-06-24,13:49:00,2024-07-29,3.4,3.4,3.4,3.4,0,0,1
MIDCPNIFTY29JUL2411800PE.NFO,2024-06-24,13:50:00,2024-07-29,3.4,3.4,3.4,3.4,0,0,1
MIDCPNIFTY29JUL2411800PE.NFO,2024-06-24,13:51:00,2024-07-29,3.4,3.4,3.4,3.4,0,0,1
MIDCPNIFTY29JUL2411800PE.NFO,2024-06-24,13:52:00,2024-07-29,3.4,3.4,3.4,3.4,0,0,1
MIDCPNIFTY29JUL2411800PE.NFO,2024-06-24,13:53:00,2024-07-29,3.4,3.4,3.4,3.4,0,0,1
MIDCPNIFTY29JUL2411800PE.NFO,2024-06-24,13:54:00,2024-07-29,3.4,3.4,3.4,3.4,0,0,1
MIDCPNIFTY29JUL2411800PE.NFO,2024-06-24,13:55:00,2024-07-29,3.4,3.4,3.4,3.4,0,0,1
MIDCPNIFTY29JUL2411800PE.NFO,2024-06-24,13:56:00,2024-07-29,3.4,3.4,3.4,3.4,0,0,1
MIDCPNIFTY29JUL2411800PE.NFO,2024-06-24,13:57:00,2024-07-29,3.4,3.4,3.4,3.4,0,0,1
MIDCPNIFTY29JUL2411800PE.NFO,2024-06-24,13:58:00,2024-07-29,3.4,3.4,3.4,3.4,0,0,1
MIDCPNIFTY29JUL2411800PE.NFO,2024-06-24,13:59:00,2024-07-29,3.4,3.4,3.4,3.4,0,0,1
MIDCPNIFTY29JUL2411800PE.NFO,2024-06-24,14:00:00,2024-07-29,3.4,3.4,3.4,3.4,0,0,1
MIDCPNIFTY29JUL2411800PE.NFO,2024-06-24,14:01:00,2024-07-29,3.4,3.4,3.4,3.4,0,0,1
MIDCPNIFTY29JUL2411800PE.NFO,2024-06-24,14:02:00,2024-07-29,3.4,3.4,3.4,3.4,0,0,1
MIDCPNIFTY29JUL2411800PE.NFO,2024-06-24,14:03:00,2024-07-29,3.4,3.4,3.4,3.4,0,0,1
MIDCPNIFTY29JUL2411800PE.NFO,2024-06-24,14:04:00,2024-07-29,3.4,3.4,3.4,3.4,0,0,1
MIDCPNIFTY29JUL2411800PE.NFO,2024-06-24,14:05:00,2024-07-29,3.4,3.4,3.4,3.4,0,0,1
MIDCPNIFTY29JUL2411800PE.NFO,2024-06-24,14:06:00,2024-07-29,3.4,3.4,3.4,3.4,0,0,1
MIDCPNIFTY29JUL2411800PE.NFO,2024-06-24,14:07:00,2024-07-29,3.4,3.4,3.4,3.4,0,0,1
MIDCPNIFTY29JUL2411800PE.NFO,2024-06-24,14:08:00,2024-07-29,3.4,3.4,3.4,3.4,0,0,1
MIDCPNIFTY29JUL2411800PE.NFO,2024-06-24,14:09:00,2024-07-29,3.4,3.4,3.4,3.4,0,0,1
MIDCPNIFTY29JUL2411800PE.NFO,2024-06-24,14:10:00,2024-07-29,3.4,3.4,3.4,3.4,0,0,1
MIDCPNIFTY29JUL2411800PE.NFO,2024-06-24,14:11:00,2024-07-29,3.4,3.4,3.4,3.4,0,0,1
MIDCPNIFTY29JUL2411800PE.NFO,2024-06-24,14:12:00,2024-07-29,3.4,3.4,3.4,3.4,0,0,1
MIDCPNIFTY29JUL2411800PE.NFO,2024-06-24,14:13:00,2024-07-29,3.4,3.4,3.4,3.4,0,0,1
MIDCPNIFTY29JUL2411800PE.NFO,2024-06-24,14:14:00,2024-07-29,3.4,3.4,3.4,3.4,0,0,1
MIDCPNIFTY29JUL2411800PE.NFO,2024-06-24,14:15:00,2024-07-29,3.4,3.4,3.4,3.4,0,0,1
MIDCPNIFTY29JUL2411800PE.NFO,2024-06-24,14:16:00,2024-07-29,3.4,3.4,3.4,3.4,0,0,1
MIDCPNIFTY29JUL2411800PE.NFO,2024-06-24,14:17:00,2024-07-29,3.4,3.4,3.4,3.4,0,0,1
MIDCPNIFTY29JUL2411800PE.NFO,2024-06-24,14:18:00,2024-07-29,3.4,3.4,3.4,3.4,0,0,1
MIDCPNIFTY29JUL2411800PE.NFO,2024-06-24,14:19:00,2024-07-29,3.4,3.4,3.4,3.4,0,0,1
MIDCPNIFTY29JUL2411800PE.NFO,2024-06-24,14:20:00,2024-07-29,3.4,3.4,3.4,3.4,0,0,1
MIDCPNIFTY29JUL2411800PE.NFO,2024-06-24,14:21:00,2024-07-29,3.4,3.4,3.4,3.4,0,0,1
MIDCPNIFTY29JUL2411800PE.NFO,2024-06-24,14:22:00,2024-07-29,3.4,3.4,3.4,3.4,0,0,1
MIDCPNIFTY29JUL2411800PE.NFO,2024-06-24,14:23:00,2024-07-29,3.4,3.4,3.4,3.4,0,0,1
MIDCPNIFTY29JUL2411800PE.NFO,2024-06-24,14:24:00,2024-07-29,3.4,3.4,3.4,3.4,0,0,1
MIDCPNIFTY29JUL2411800PE.NFO,2024-06-24,14:25:00,2024-07-29,3.4,3.4,3.4,3.4,0,0,1
MIDCPNIFTY29JUL2411800PE.NFO,2024-06-24,14:26:00,2024-07-29,3.4,3.4,3.4,3.4,0,0,1
MIDCPNIFTY29JUL2411800PE.NFO,2024-06-24,14:27:00,2024-07-29,3.4,3.4,3.4,3.4,0,0,1
MIDCPNIFTY29JUL2411800PE.NFO,2024-06-24,14:28:00,2024-07-29,3.4,3.4,3.4,3.4,0,0,1
MIDCPNIFTY29JUL2411800PE.NFO,2024-06-24,14:29:00,2024-07-29,3.4,3.4,3.4,3.4,0,0,1
MIDCPNIFTY29JUL2411800PE.NFO,2024-06-24,14:30:00,2024-07-29,3.4,3.4,3.4,3.4,0,0,1
MIDCPNIFTY29JUL2411800PE.NFO,2024-06-24,14:31:00,2024-07-29,3.4,3.4,3.4,3.4,0,0,1
MIDCPNIFTY29JUL2411800PE.NFO,2024-06-24,14:32:00,2024-07-29,3.4,3.4,3.4,3.4,0,0,1
MIDCPNIFTY29JUL2411800PE.NFO,2024-06-24,14:33:00,2024-07-29,3.4,3.4,3.4,3.4,0,0,1
MIDCPNIFTY29JUL2411800PE.NFO,2024-06-24,14:34:00,2024-07-29,3.4,3.4,3.4,3.4,0,0,1
MIDCPNIFTY29JUL2411800PE.NFO,2024-06-24,14:35:00,2024-07-29,3.4,3.4,3.4,3.4,0,0,1
MIDCPNIFTY29JUL2411800PE.NFO,2024-06-24,14:36:00,2024-07-29,3.4,3.4,3.4,3.4,0,0,1
MIDCPNIFTY29JUL2411800PE.NFO,2024-06-24,14:37:00,2024-07-29,3.4,3.4,3.4,3.4,0,0,1
MIDCPNIFTY29JUL2411800PE.NFO,2024-06-24,14:38:00,2024-07-29,3.4,3.4,3.4,3.4,0,0,1
MIDCPNIFTY29JUL2411800PE.NFO,2024-06-24,14:39:00,2024-07-29,3.4,3.4,3.4,3.4,0,0,1
MIDCPNIFTY29JUL2411800PE.NFO,2024-06-24,14:40:00,2024-07-29,3.4,3.4,3.4,3.4,0,0,1
MIDCPNIFTY29JUL2411800PE.NFO,2024-06-24,14:41:00,2024-07-29,3.4,3.4,3.4,3.4,0,0,1
MIDCPNIFTY29JUL2411800PE.NFO,2024-06-24,14:42:00,2024-07-29,3.4,3.4,3.4,3.4,0,0,1
MIDCPNIFTY29JUL2411800PE.NFO,2024-06-24,14:43:00,2024-07-29,3.4,3.4,3.4,3.4,0,0,1
MIDCPNIFTY29JUL2411800PE.NFO,2024-06-24,14:44:00,2024-07-29,3.4,3.4,3.4,3.4,0,0,1
MIDCPNIFTY29JUL2411800PE.NFO,2024-06-24,14:45:00,2024-07-29,3.4,3.4,3.4,3.4,0,0,1
MIDCPNIFTY29JUL2411800PE.NFO,2024-06-24,14:46:00,2024-07-29,3.4,3.4,3.4,3.4,0,0,1
MIDCPNIFTY29JUL2411800PE.NFO,2024-06-24,14:47:00,2024-07-29,3.4,3.4,3.4,3.4,0,0,1
MIDCPNIFTY29JUL2411800PE.NFO,2024-06-24,14:48:00,2024-07-29,3.4,3.4,3.4,3.4,0,0,1
MIDCPNIFTY29JUL2411800PE.NFO,2024-06-24,14:49:00,2024-07-29,3.4,3.4,3.4,3.4,0,0,1
MIDCPNIFTY29JUL2411800PE.NFO,2024-06-24,14:50:00,2024-07-29,3.4,3.4,3.4,3.4,0,0,1
MIDCPNIFTY29JUL2411800PE.NFO,2024-06-24,14:51:00,2024-07-29,3.4,3.4,3.4,3.4,0,0,1
MIDCPNIFTY29JUL2411800PE.NFO,2024-06-24,14:52:00,2024-07-29,3.4,3.4,3.4,3.4,0,0,1
MIDCPNIFTY29JUL2411800PE.NFO,2024-06-24,14:53:00,2024-07-29,3.4,3.4,3.4,3.4,0,0,1
MIDCPNIFTY29JUL2411800PE.NFO,2024-06-24,14:54:00,2024-07-29,3.4,3.4,3.4,3.4,0,0,1
MIDCPNIFTY29JUL2411800PE.NFO,2024-06-24,14:55:00,2024-07-29,3.4,3.4,3.4,3.4,0,0,1
MIDCPNIFTY29JUL2411800PE.NFO,2024-06-24,14:56:00,2024-07-29,3.4,3.4,3.4,3.4,0,0,1
MIDCPNIFTY29JUL2411800PE.NFO,2024-06-24,14:57:00,2024-07-29,3.4,3.4,3.4,3.4,0,0,1
MIDCPNIFTY29JUL2411800PE.NFO,2024-06-24,14:58:00,2024-07-29,3.4,3.4,3.4,3.4,0,0,1
MIDCPNIFTY29JUL2411800PE.NFO,2024-06-24,14:59:00,2024-07-29,3.4,3.4,3.4,3.4,0,0,1
MIDCPNIFTY29JUL2411800PE.NFO,2024-06-24,15:00:00,2024-07-29,3.4,3.4,3.4,3.4,0,0,1
MIDCPNIFTY29JUL2411800PE.NFO,2024-06-24,15:01:00,2024-07-29,3.4,3.4,3.4,3.4,0,0,1
MIDCPNIFTY29JUL2411800PE.NFO,2024-06-24,15:02:00,2024-07-29,3.4,3.4,3.4,3.4,0,0,1
MIDCPNIFTY29JUL2411800PE.NFO,2024-06-24,15:03:00,2024-07-29,3.4,3.4,3.4,3.4,0,0,1
MIDCPNIFTY29JUL2411800PE.NFO,2024-06-24,15:04:00,2024-07-29,3.4,3.4,3.4,3.4,0,0,1
MIDCPNIFTY29JUL2411800PE.NFO,2024-06-24,15:05:00,2024-07-29,3.4,3.4,3.4,3.4,0,0,1
MIDCPNIFTY29JUL2411800PE.NFO,2024-06-24,15:06:00,2024-07-29,3.4,3.4,3.4,3.4,0,0,1
MIDCPNIFTY29JUL2411800PE.NFO,2024-06-24,15:07:00,2024-07-29,3.4,3.4,3.4,3.4,0,0,1
MIDCPNIFTY29JUL2411800PE.NFO,2024-06-24,15:08:00,2024-07-29,3.4,3.4,3.4,3.4,0,0,1
MIDCPNIFTY29JUL2411800PE.NFO,2024-06-24,15:09:00,2024-07-29,3.4,3.4,3.4,3.4,0,0,1
MIDCPNIFTY29JUL2411800PE.NFO,2024-06-24,15:10:00,2024-07-29,3.4,3.4,3.4,3.4,0,0,1
MIDCPNIFTY29JUL2411800PE.NFO,2024-06-24,15:11:00,2024-07-29,3.4,3.4,3.4,3.4,0,0,1
MIDCPNIFTY29JUL2411800PE.NFO,2024-06-24,15:12:00,2024-07-29,3.4,3.4,3.4,3.4,0,0,1
MIDCPNIFTY29JUL2411800PE.NFO,2024-06-24,15:13:00,2024-07-29,3.4,3.4,3.4,3.4,0,0,1
MIDCPNIFTY29JUL2411800PE.NFO,2024-06-24,15:14:00,2024-07-29,3.4,3.4,3.4,3.4,0,0,1
MIDCPNIFTY29JUL2411800PE.NFO,2024-06-24,15:15:00,2024-07-29,3.4,3.4,3.4,3.4,0,0,1
MIDCPNIFTY29JUL2411800PE.NFO,2024-06-24,15:16:00,2024-07-29,3.4,3.4,3.4,3.4,0,0,1
MIDCPNIFTY29JUL2411800PE.NFO,2024-06-24,15:17:00,2024-07-29,3.4,3.4,3.4,3.4,0,0,1
MIDCPNIFTY29JUL2411800PE.NFO,2024-06-24,15:18:00,2024-07-29,3.4,3.4,3.4,3.4,0,0,1
MIDCPNIFTY29JUL2411800PE.NFO,2024-06-24,15:19:00,2024-07-29,3.4,3.4,3.4,3.4,0,0,1
MIDCPNIFTY29JUL2411800PE.NFO,2024-06-24,15:20:00,2024-07-29,3.4,3.4,3.4,3.4,0,0,1
MIDCPNIFTY29JUL2411800PE.NFO,2024-06-24,15:21:00,2024-07-29,3.4,3.4,3.4,3.4,0,0,1
MIDCPNIFTY29JUL2411800PE.NFO,2024-06-24,15:22:00,2024-07-29,3.4,3.4,3.4,3.4,0,0,1
MIDCPNIFTY29JUL2411800PE.NFO,2024-06-24,15:23:00,2024-07-29,3.4,3.4,3.4,3.4,0,0,1
MIDCPNIFTY29JUL2411800PE.NFO,2024-06-24,15:24:00,2024-07-29,3.4,3.4,3.4,3.4,0,0,1
MIDCPNIFTY29JUL2411800PE.NFO,2024-06-24,15:25:00,2024-07-29,3.4,3.4,3.4,3.4,0,0,1
MIDCPNIFTY29JUL2411800PE.NFO,2024-06-24,15:26:00,2024-07-29,3.4,3.4,3.4,3.4,0,0,1
MIDCPNIFTY29JUL2411800PE.NFO,2024-06-24,15:27:00,2024-07-29,3.4,3.4,3.4,3.4,0,0,1
MIDCPNIFTY29JUL2411800PE.NFO,2024-06-24,15:28:00,2024-07-29,3.4,3.4,3.4,3.4,0,0,1
MIDCPNIFTY29JUL2411800PE.NFO,2024-06-24,15:29:00,2024-07-29,3.4,3.4,3.4,3.4,0,0,1
MIDCPNIFTY29JUL2411800PE.NFO,2024-06-24,15:30:00,2024-07-29,3.4,3.4,3.4,3.4,0,0,1
MIDCPNIFTY29JUL2411800PE.NFO,2024-07-19,09:15:00,2024-07-29,40.1,40.1,40.1,40.1,0,0,1
MIDCPNIFTY29JUL2411800PE.NFO,2024-07-19,09:16:00,2024-07-29,40.1,40.1,40.1,40.1,0,0,1
MIDCPNIFTY29JUL2411800PE.NFO,2024-07-19,09:17:00,2024-07-29,40.1,40.1,40.1,40.1,0,0,1
MIDCPNIFTY29JUL2411800PE.NFO,2024-07-19,09:18:00,2024-07-29,40.1,40.1,40.1,40.1,0,0,1
MIDCPNIFTY29JUL2411800PE.NFO,2024-07-19,09:19:00,2024-07-29,40.1,40.1,40.1,40.1,0,0,1
MIDCPNIFTY29JUL2411800PE.NFO,2024-07-19,09:20:00,2024-07-29,40.1,40.1,40.1,40.1,0,0,1
MIDCPNIFTY29JUL2411800PE.NFO,2024-07-19,09:21:00,2024-07-29,40.1,40.1,40.1,40.1,0,0,1
MIDCPNIFTY29JUL2411800PE.NFO,2024-07-19,09:22:00,2024-07-29,40.1,40.1,40.1,40.1,0,0,1
MIDCPNIFTY29JUL2411800PE.NFO,2024-07-19,09:23:00,2024-07-29,40.1,40.1,40.1,40.1,0,0,1
MIDCPNIFTY29JUL2411800PE.NFO,2024-07-19,09:24:00,2024-07-29,40.1,40.1,40.1,40.1,0,0,1
MIDCPNIFTY29JUL2411800PE.NFO,2024-07-19,09:25:00,2024-07-29,40.1,40.1,40.1,40.1,0,0,1
MIDCPNIFTY29JUL2411800PE.NFO,2024-07-19,09:26:00,2024-07-29,40.1,40.1,40.1,40.1,0,0,1
MIDCPNIFTY29JUL2411800PE.NFO,2024-07-19,09:27:00,2024-07-29,40.1,40.1,40.1,40.1,0,0,1
MIDCPNIFTY29JUL2411800PE.NFO,2024-07-19,09:28:00,2024-07-29,40.1,40.1,40.1,40.1,0,0,1
MIDCPNIFTY29JUL2411800PE.NFO,2024-07-19,09:29:00,2024-07-29,40.1,40.1,40.1,40.1,0,0,1
MIDCPNIFTY29JUL2411800PE.NFO,2024-07-19,09:30:00,2024-07-29,40.1,40.1,40.1,40.1,0,0,1
MIDCPNIFTY29JUL2411800PE.NFO,2024-07-19,09:31:00,2024-07-29,40.1,40.1,40.1,40.1,0,0,1
MIDCPNIFTY29JUL2411800PE.NFO,2024-07-19,09:32:00,2024-07-29,40.1,40.1,40.1,40.1,0,0,1
MIDCPNIFTY29JUL2411800PE.NFO,2024-07-19,09:33:00,2024-07-29,40.1,40.1,40.1,40.1,0,0,1
MIDCPNIFTY29JUL2411800PE.NFO,2024-07-19,09:34:00,2024-07-29,40.1,40.1,40.1,40.1,0,0,1
MIDCPNIFTY29JUL2411800PE.NFO,2024-07-19,09:35:00,2024-07-29,40.1,40.1,40.1,40.1,0,0,1
MIDCPNIFTY29JUL2411800PE.NFO,2024-07-19,09:36:00,2024-07-29,40.1,40.1,40.1,40.1,0,0,1
MIDCPNIFTY29JUL2411800PE.NFO,2024-07-19,09:37:00,2024-07-29,40.1,40.1,40.1,40.1,0,0,1
MIDCPNIFTY29JUL2411800PE.NFO,2024-07-19,09:38:00,2024-07-29,40.1,40.1,40.1,40.1,0,0,1
MIDCPNIFTY29JUL2411800PE.NFO,2024-07-19,09:39:00,2024-07-29,40.1,40.1,40.1,40.1,0,0,1
MIDCPNIFTY29JUL2411800PE.NFO,2024-07-19,09:40:00,2024-07-29,40.1,40.1,40.1,40.1,0,0,1
MIDCPNIFTY29JUL2411800PE.NFO,2024-07-19,09:41:00,2024-07-29,40.1,40.1,40.1,40.1,0,0,1
MIDCPNIFTY29JUL2411800PE.NFO,2024-07-19,09:42:00,2024-07-29,40.1,40.1,40.1,40.1,0,0,1
MIDCPNIFTY29JUL2411800PE.NFO,2024-07-19,09:43:00,2024-07-29,40.1,40.1,40.1,40.1,0,0,1
MIDCPNIFTY29JUL2411800PE.NFO,2024-07-19,09:44:00,2024-07-29,40.1,40.1,40.1,40.1,0,0,1
MIDCPNIFTY29JUL2411800PE.NFO,2024-07-19,09:45:00,2024-07-29,40.1,40.1,40.1,40.1,0,0,1
MIDCPNIFTY29JUL2411800PE.NFO,2024-07-19,09:46:00,2024-07-29,40.1,40.1,40.1,40.1,0,0,1
MIDCPNIFTY29JUL2411800PE.NFO,2024-07-19,09:47:00,2024-07-29,40.1,40.1,40.1,40.1,0,0,1
MIDCPNIFTY29JUL2411800PE.NFO,2024-07-19,09:48:00,2024-07-29,40.1,40.1,40.1,40.1,0,0,1
MIDCPNIFTY29JUL2411800PE.NFO,2024-07-19,09:49:00,2024-07-29,40.1,40.1,40.1,40.1,0,0,1
MIDCPNIFTY29JUL2411800PE.NFO,2024-07-19,09:50:00,2024-07-29,40.1,40.1,40.1,40.1,0,0,1
MIDCPNIFTY29JUL2411800PE.NFO,2024-07-19,09:51:00,2024-07-29,40.1,40.1,40.1,40.1,0,0,1
MIDCPNIFTY29JUL2411800PE.NFO,2024-07-19,09:52:00,2024-07-29,40.1,40.1,40.1,40.1,0,0,1
MIDCPNIFTY29JUL2411800PE.NFO,2024-07-19,09:53:00,2024-07-29,40.1,40.1,40.1,40.1,0,0,1
MIDCPNIFTY29JUL2411800PE.NFO,2024-07-19,09:54:00,2024-07-29,40.1,40.1,40.1,40.1,0,0,1
MIDCPNIFTY29JUL2411800PE.NFO,2024-07-19,09:55:00,2024-07-29,40.1,40.1,40.1,40.1,0,0,1
MIDCPNIFTY29JUL2411800PE.NFO,2024-07-19,09:56:00,2024-07-29,40.1,40.1,40.1,40.1,0,0,1
MIDCPNIFTY29JUL2411800PE.NFO,2024-07-19,09:57:00,2024-07-29,40.1,40.1,40.1,40.1,0,0,1
MIDCPNIFTY29JUL2411800PE.NFO,2024-07-19,09:58:00,2024-07-29,40.1,40.1,40.1,40.1,0,0,1
MIDCPNIFTY29JUL2411800PE.NFO,2024-07-19,09:59:00,2024-07-29,40.1,40.1,40.1,40.1,0,0,1
MIDCPNIFTY29JUL2411800PE.NFO,2024-07-19,10:00:00,2024-07-29,40.1,40.1,40.1,40.1,0,0,1
MIDCPNIFTY29JUL2411800PE.NFO,2024-07-19,10:01:00,2024-07-29,40.1,40.1,40.1,40.1,0,0,1
MIDCPNIFTY29JUL2411800PE.NFO,2024-07-19,10:02:00,2024-07-29,40.1,40.1,40.1,40.1,0,0,1
MIDCPNIFTY29JUL2411800PE.NFO,2024-07-19,10:03:00,2024-07-29,40.1,40.1,40.1,40.1,0,0,1
MIDCPNIFTY29JUL2411800PE.NFO,2024-07-19,10:04:00,2024-07-29,40.1,40.1,40.1,40.1,0,0,1
MIDCPNIFTY29JUL2411800PE.NFO,2024-07-19,10:05:00,2024-07-29,40.1,40.1,40.1,40.1,0,0,1
MIDCPNIFTY29JUL2411800PE.NFO,2024-07-19,10:06:00,2024-07-29,40.1,40.1,40.1,40.1,0,0,1
MIDCPNIFTY29JUL2411800PE.NFO,2024-07-19,10:07:00,2024-07-29,40.1,40.1,40.1,40.1,0,0,1
MIDCPNIFTY29JUL2411800PE.NFO,2024-07-19,10:08:00,2024-07-29,40.1,40.1,40.1,40.1,0,0,1
MIDCPNIFTY29JUL2411800PE.NFO,2024-07-19,10:09:00,2024-07-29,40.1,40.1,40.1,40.1,0,0,1
MIDCPNIFTY29JUL2411800PE.NFO,2024-07-19,10:10:00,2024-07-29,40.1,40.1,40.1,40.1,0,0,1
MIDCPNIFTY29JUL2411800PE.NFO,2024-07-19,10:11:00,2024-07-29,40.1,40.1,40.1,40.1,0,0,1
MIDCPNIFTY29JUL2411800PE.NFO,2024-07-19,10:12:00,2024-07-29,40.1,40.1,40.1,40.1,0,0,1
MIDCPNIFTY29JUL2411800PE.NFO,2024-07-19,10:13:00,2024-07-29,40.1,40.1,40.1,40.1,0,0,1
MIDCPNIFTY29JUL2411800PE.NFO,2024-07-19,10:14:00,2024-07-29,40.1,40.1,40.1,40.1,0,0,1
MIDCPNIFTY29JUL2411800PE.NFO,2024-07-19,10:15:00,2024-07-29,40.1,40.1,40.1,40.1,0,0,1
MIDCPNIFTY29JUL2411800PE.NFO,2024-07-19,10:16:00,2024-07-29,40.1,40.1,40.1,40.1,0,0,1
MIDCPNIFTY29JUL2411800PE.NFO,2024-07-19,10:17:00,2024-07-29,40.1,40.1,40.1,40.1,0,0,1
MIDCPNIFTY29JUL2411800PE.NFO,2024-07-19,10:18:00,2024-07-29,40.1,40.1,40.1,40.1,0,0,1
MIDCPNIFTY29JUL2411800PE.NFO,2024-07-19,10:19:00,2024-07-29,40.1,40.1,40.1,40.1,0,0,1
MIDCPNIFTY29JUL2411800PE.NFO,2024-07-19,10:20:00,2024-07-29,40.1,40.1,40.1,40.1,0,0,1
MIDCPNIFTY29JUL2411800PE.NFO,2024-07-19,10:21:00,2024-07-29,40.1,40.1,40.1,40.1,0,0,1
MIDCPNIFTY29JUL2411800PE.NFO,2024-07-19,10:22:00,2024-07-29,40.1,40.1,40.1,40.1,0,0,1
MIDCPNIFTY29JUL2411800PE.NFO,2024-07-19,10:23:00,2024-07-29,40.1,40.1,40.1,40.1,0,0,1
MIDCPNIFTY29JUL2411800PE.NFO,2024-07-19,10:24:00,2024-07-29,40.1,40.1,40.1,40.1,0,0,1
MIDCPNIFTY29JUL2411800PE.NFO,2024-07-19,10:25:00,2024-07-29,40.1,40.1,40.1,40.1,0,0,1
MIDCPNIFTY29JUL2411800PE.NFO,2024-07-19,10:26:00,2024-07-29,40.1,40.1,40.1,40.1,0,0,1
MIDCPNIFTY29JUL2411800PE.NFO,2024-07-19,10:27:00,2024-07-29,40.1,40.1,40.1,40.1,0,0,1
MIDCPNIFTY29JUL2411800PE.NFO,2024-07-19,10:28:00,2024-07-29,40.1,40.1,40.1,40.1,0,0,1
MIDCPNIFTY29JUL2411800PE.NFO,2024-07-19,10:29:00,2024-07-29,40.1,40.1,40.1,40.1,0,0,1
MIDCPNIFTY29JUL2411800PE.NFO,2024-07-19,10:30:00,2024-07-29,40.1,40.1,40.1,40.1,0,0,1
MIDCPNIFTY29JUL2411800PE.NFO,2024-07-19,10:31:00,2024-07-29,40.1,40.1,40.1,40.1,0,0,1
MIDCPNIFTY29JUL2411800PE.NFO,2024-07-19,10:32:00,2024-07-29,40.1,40.1,40.1,40.1,0,0,1
MIDCPNIFTY29JUL2411800PE.NFO,2024-07-19,10:33:00,2024-07-29,40.1,40.1,40.1,40.1,0,0,1
MIDCPNIFTY29JUL2411800PE.NFO,2024-07-19,10:34:00,2024-07-29,40.1,40.1,40.1,40.1,0,0,1
MIDCPNIFTY29JUL2411800PE.NFO,2024-07-19,10:35:00,2024-07-29,40.1,40.1,40.1,40.1,0,0,1
MIDCPNIFTY29JUL2411800PE.NFO,2024-07-19,10:36:00,2024-07-29,40.1,40.1,40.1,40.1,0,0,1
MIDCPNIFTY29JUL2411800PE.NFO,2024-07-19,10:37:00,2024-07-29,40.1,40.1,40.1,40.1,0,0,1
MIDCPNIFTY29JUL2411800PE.NFO,2024-07-19,10:38:00,2024-07-29,40.1,40.1,40.1,40.1,0,0,1
MIDCPNIFTY29JUL2411800PE.NFO,2024-07-19,10:39:00,2024-07-29,40.1,40.1,40.1,40.1,0,0,1
MIDCPNIFTY29JUL2411800PE.NFO,2024-07-19,10:40:00,2024-07-29,40.1,40.1,40.1,40.1,0,0,1
MIDCPNIFTY29JUL2411800PE.NFO,2024-07-19,10:41:00,2024-07-29,40.1,40.1,40.1,40.1,0,0,1
MIDCPNIFTY29JUL2411800PE.NFO,2024-07-19,10:42:00,2024-07-29,40.1,40.1,40.1,40.1,0,0,1
MIDCPNIFTY29JUL2411800PE.NFO,2024-07-19,10:43:00,2024-07-29,40.1,40.1,40.1,40.1,0,0,1
MIDCPNIFTY29JUL2411800PE.NFO,2024-07-19,10:44:00,2024-07-29,40.1,40.1,40.1,40.1,0,0,1
MIDCPNIFTY29JUL2411800PE.NFO,2024-07-19,10:45:00,2024-07-29,40.1,40.1,40.1,40.1,0,0,1
MIDCPNIFTY29JUL2411800PE.NFO,2024-07-19,10:46:00,2024-07-29,40.1,40.1,40.1,40.1,0,0,1
MIDCPNIFTY29JUL2411800PE.NFO,2024-07-19,10:47:00,2024-07-29,40.1,40.1,40.1,40.1,0,0,1
MIDCPNIFTY29JUL2411800PE.NFO,2024-07-19,10:48:00,2024-07-29,40.1,40.1,40.1,40.1,0,0,1
MIDCPNIFTY29JUL2411800PE.NFO,2024-07-19,10:49:00,2024-07-29,40.1,40.1,40.1,40.1,0,0,1
MIDCPNIFTY29JUL2411800PE.NFO,2024-07-19,10:50:00,2024-07-29,40.1,40.1,40.1,40.1,0,0,1
MIDCPNIFTY29JUL2411800PE.NFO,2024-07-19,10:51:00,2024-07-29,40.1,40.1,40.1,40.1,0,0,1
MIDCPNIFTY29JUL2411800PE.NFO,2024-07-19,10:52:00,2024-07-29,40.1,40.1,40.1,40.1,0,0,1
MIDCPNIFTY29JUL2411800PE.NFO,2024-07-19,10:53:00,2024-07-29,40.1,40.1,40.1,40.1,0,0,1
MIDCPNIFTY29JUL2411800PE.NFO,2024-07-19,10:54:00,2024-07-29,40.1,40.1,40.1,40.1,0,0,1
MIDCPNIFTY29JUL2411800PE.NFO,2024-07-19,10:55:00,2024-07-29,40.1,40.1,40.1,40.1,0,0,1
MIDCPNIFTY29JUL2411800PE.NFO,2024-07-19,10:56:00,2024-07-29,40.1,40.1,40.1,40.1,0,0,1
MIDCPNIFTY29JUL2411800PE.NFO,2024-07-19,10:57:00,2024-07-29,40.1,40.1,40.1,40.1,0,0,1
MIDCPNIFTY29JUL2411800PE.NFO,2024-07-19,10:58:00,2024-07-29,40.1,40.1,40.1,40.1,0,0,1
MIDCPNIFTY29JUL2411800PE.NFO,2024-07-19,10:59:00,2024-07-29,40.1,40.1,40.1,40.1,0,0,1
MIDCPNIFTY29JUL2411800PE.NFO,2024-07-19,11:00:00,2024-07-29,40.1,40.1,40.1,40.1,0,0,1
MIDCPNIFTY29JUL2411800PE.NFO,2024-07-19,11:01:00,2024-07-29,40.1,40.1,40.1,40.1,0,0,1
MIDCPNIFTY29JUL2411800PE.NFO,2024-07-19,11:02:00,2024-07-29,40.1,40.1,40.1,40.1,0,0,1
MIDCPNIFTY29JUL2411800PE.NFO,2024-07-19,11:03:00,2024-07-29,40.1,40.1,40.1,40.1,0,0,1
MIDCPNIFTY29JUL2411800PE.NFO,2024-07-19,11:04:00,2024-07-29,40.1,40.1,40.1,40.1,0,0,1
MIDCPNIFTY29JUL2411800PE.NFO,2024-07-19,11:05:00,2024-07-29,40.1,40.1,40.1,40.1,0,0,1
MIDCPNIFTY29JUL2411800PE.NFO,2024-07-19,11:06:00,2024-07-29,40.1,40.1,40.1,40.1,0,0,1
MIDCPNIFTY29JUL2411800PE.NFO,2024-07-19,11:07:00,2024-07-29,40.1,40.1,40.1,40.1,0,0,1
MIDCPNIFTY29JUL2411800PE.NFO,2024-07-19,11:08:00,2024-07-29,40.1,40.1,40.1,40.1,0,0,1
MIDCPNIFTY29JUL2411800PE.NFO,2024-07-19,11:09:00,2024-07-29,40.1,40.1,40.1,40.1,0,0,1
MIDCPNIFTY29JUL2411800PE.NFO,2024-07-19,11:10:00,2024-07-29,40.1,40.1,40.1,40.1,0,0,1
MIDCPNIFTY29JUL2411800PE.NFO,2024-07-19,11:11:00,2024-07-29,40.1,40.1,40.1,40.1,0,0,1
MIDCPNIFTY29JUL2411800PE.NFO,2024-07-19,11:12:00,2024-07-29,40.1,40.1,40.1,40.1,0,0,1
MIDCPNIFTY29JUL2411800PE.NFO,2024-07-19,11:13:00,2024-07-29,40.1,40.1,40.1,40.1,0,0,1
MIDCPNIFTY29JUL2411800PE.NFO,2024-07-19,11:14:00,2024-07-29,40.1,40.1,40.1,40.1,0,0,1
MIDCPNIFTY29JUL2411800PE.NFO,2024-07-19,11:15:00,2024-07-29,40.1,40.1,40.1,40.1,0,0,1
MIDCPNIFTY29JUL2411800PE.NFO,2024-07-19,11:16:00,2024-07-29,40.1,40.1,40.1,40.1,0,0,1
MIDCPNIFTY29JUL2411800PE.NFO,2024-07-19,11:17:00,2024-07-29,40.1,40.1,40.1,40.1,0,0,1
MIDCPNIFTY29JUL2411800PE.NFO,2024-07-19,11:18:00,2024-07-29,40.1,40.1,40.1,40.1,0,0,1
MIDCPNIFTY29JUL2411800PE.NFO,2024-07-19,11:19:00,2024-07-29,40.1,40.1,40.1,40.1,0,0,1
MIDCPNIFTY29JUL2411800PE.NFO,2024-07-19,11:20:00,2024-07-29,40.1,40.1,40.1,40.1,0,0,1
MIDCPNIFTY29JUL2411800PE.NFO,2024-07-19,11:21:00,2024-07-29,40.1,40.1,40.1,40.1,0,0,1
MIDCPNIFTY29JUL2411800PE.NFO,2024-07-19,11:22:00,2024-07-29,40.1,40.1,40.1,40.1,0,0,1
MIDCPNIFTY29JUL2411800PE.NFO,2024-07-19,11:23:00,2024-07-29,40.1,40.1,40.1,40.1,0,0,1
MIDCPNIFTY29JUL2411800PE.NFO,2024-07-19,11:24:00,2024-07-29,40.1,40.1,40.1,40.1,0,0,1
MIDCPNIFTY29JUL2411800PE.NFO,2024-07-19,11:25:00,2024-07-29,40.1,40.1,40.1,40.1,0,0,1
MIDCPNIFTY29JUL2411800PE.NFO,2024-07-19,11:26:00,2024-07-29,40.1,40.1,40.1,40.1,0,0,1
MIDCPNIFTY29JUL2411800PE.NFO,2024-07-19,11:27:00,2024-07-29,40.1,40.1,40.1,40.1,0,0,1
MIDCPNIFTY29JUL2411800PE.NFO,2024-07-19,11:28:00,2024-07-29,40.1,40.1,40.1,40.1,0,0,1
MIDCPNIFTY29JUL2411800PE.NFO,2024-07-19,11:29:00,2024-07-29,40.1,40.1,40.1,40.1,0,0,1
MIDCPNIFTY29JUL2411800PE.NFO,2024-07-19,11:30:00,2024-07-29,40.1,40.1,40.1,40.1,0,0,1
MIDCPNIFTY29JUL2411800PE.NFO,2024-07-19,11:31:00,2024-07-29,40.1,40.1,40.1,40.1,0,0,1
MIDCPNIFTY29JUL2411800PE.NFO,2024-07-19,11:32:00,2024-07-29,40.1,40.1,40.1,40.1,0,0,1
MIDCPNIFTY29JUL2411800PE.NFO,2024-07-19,11:33:00,2024-07-29,40.1,40.1,40.1,40.1,0,0,1
MIDCPNIFTY29JUL2411800PE.NFO,2024-07-19,11:34:00,2024-07-29,40.1,40.1,40.1,40.1,0,0,1
MIDCPNIFTY29JUL2411800PE.NFO,2024-07-19,11:35:00,2024-07-29,40.1,40.1,40.1,40.1,0,0,1
MIDCPNIFTY29JUL2411800PE.NFO,2024-07-19,11:36:00,2024-07-29,40.1,40.1,40.1,40.1,0,0,1
MIDCPNIFTY29JUL2411800PE.NFO,2024-07-19,11:37:00,2024-07-29,40.1,40.1,40.1,40.1,0,0,1
MIDCPNIFTY29JUL2411800PE.NFO,2024-07-19,11:38:00,2024-07-29,40.1,40.1,40.1,40.1,0,0,1
MIDCPNIFTY29JUL2411800PE.NFO,2024-07-19,11:39:00,2024-07-29,40.1,40.1,40.1,40.1,0,0,1
MIDCPNIFTY29JUL2411800PE.NFO,2024-07-19,11:40:00,2024-07-29,40.1,40.1,40.1,40.1,0,0,1
MIDCPNIFTY29JUL2411800PE.NFO,2024-07-19,11:41:00,2024-07-29,40.1,40.1,40.1,40.1,0,0,1
MIDCPNIFTY29JUL2411800PE.NFO,2024-07-19,11:42:00,2024-07-29,40.1,40.1,40.1,40.1,0,0,1
MIDCPNIFTY29JUL2411800PE.NFO,2024-07-19,11:43:00,2024-07-29,40.1,40.1,40.1,40.1,0,0,1
MIDCPNIFTY29JUL2411800PE.NFO,2024-07-19,11:44:00,2024-07-29,40.1,40.1,40.1,40.1,0,0,1
MIDCPNIFTY29JUL2411800PE.NFO,2024-07-19,11:45:00,2024-07-29,40.1,40.1,40.1,40.1,0,0,1
MIDCPNIFTY29JUL2411800PE.NFO,2024-07-19,11:46:00,2024-07-29,40.1,40.1,40.1,40.1,0,0,1
MIDCPNIFTY29JUL2411800PE.NFO,2024-07-19,11:47:00,2024-07-29,40.1,40.1,40.1,40.1,0,0,1
MIDCPNIFTY29JUL2411800PE.NFO,2024-07-19,11:48:00,2024-07-29,40.1,40.1,40.1,40.1,0,0,1
MIDCPNIFTY29JUL2411800PE.NFO,2024-07-19,11:49:00,2024-07-29,40.1,40.1,40.1,40.1,0,0,1
MIDCPNIFTY29JUL2411800PE.NFO,2024-07-19,11:50:00,2024-07-29,40.1,40.1,40.1,40.1,0,0,1
MIDCPNIFTY29JUL2411800PE.NFO,2024-07-19,11:51:00,2024-07-29,40.1,40.1,40.1,40.1,0,0,1
MIDCPNIFTY29JUL2411800PE.NFO,2024-07-19,11:52:00,2024-07-29,40.1,40.1,40.1,40.1,0,0,1
MIDCPNIFTY29JUL2411800PE.NFO,2024-07-19,11:53:00,2024-07-29,40.1,40.1,40.1,40.1,0,0,1
MIDCPNIFTY29JUL2411800PE.NFO,2024-07-19,11:54:00,2024-07-29,40.1,40.1,40.1,40.1,0,0,1
MIDCPNIFTY29JUL2411800PE.NFO,2024-07-19,11:55:00,2024-07-29,40.1,40.1,40.1,40.1,0,0,1
MIDCPNIFTY29JUL2411800PE.NFO,2024-07-19,11:56:00,2024-07-29,40.1,40.1,40.1,40.1,0,0,1
MIDCPNIFTY29JUL2411800PE.NFO,2024-07-19,11:57:00,2024-07-29,40.1,40.1,40.1,40.1,0,0,1
MIDCPNIFTY29JUL2411800PE.NFO,2024-07-19,11:58:00,2024-07-29,40.1,40.1,40.1,40.1,0,0,1
MIDCPNIFTY29JUL2411800PE.NFO,2024-07-19,11:59:00,2024-07-29,40.1,40.1,40.1,40.1,0,0,1
MIDCPNIFTY29JUL2411800PE.NFO,2024-07-19,12:00:00,2024-07-29,40.1,40.1,40.1,40.1,0,0,1
MIDCPNIFTY29JUL2411800PE.NFO,2024-07-19,12:01:00,2024-07-29,40.1,40.1,40.1,40.1,0,0,1
MIDCPNIFTY29JUL2411800PE.NFO,2024-07-19,12:02:00,2024-07-29,40.1,40.1,40.1,40.1,0,0,1
MIDCPNIFTY29JUL2411800PE.NFO,2024-07-19,12:03:00,2024-07-29,40.1,40.1,40.1,40.1,0,0,1
MIDCPNIFTY29JUL2411800PE.NFO,2024-07-19,12:04:00,2024-07-29,40.1,40.1,40.1,40.1,0,0,1
MIDCPNIFTY29JUL2411800PE.NFO,2024-07-19,12:05:00,2024-07-29,40.1,40.1,40.1,40.1,0,0,1
MIDCPNIFTY29JUL2411800PE.NFO,2024-07-19,12:06:00,2024-07-29,40.1,40.1,40.1,40.1,0,0,1
MIDCPNIFTY29JUL2411800PE.NFO,2024-07-19,12:07:00,2024-07-29,40.1,40.1,40.1,40.1,0,0,1
MIDCPNIFTY29JUL2411800PE.NFO,2024-07-19,12:08:00,2024-07-29,40.1,40.1,40.1,40.1,0,0,1
MIDCPNIFTY29JUL2411800PE.NFO,2024-07-19,12:09:00,2024-07-29,40.1,40.1,40.1,40.1,0,0,1
MIDCPNIFTY29JUL2411800PE.NFO,2024-07-19,12:10:00,2024-07-29,40.1,40.1,40.1,40.1,0,0,1
MIDCPNIFTY29JUL2411800PE.NFO,2024-07-19,12:11:00,2024-07-29,40.1,40.1,40.1,40.1,0,0,1
MIDCPNIFTY29JUL2411800PE.NFO,2024-07-19,12:12:00,2024-07-29,40.1,40.1,40.1,40.1,0,0,1
MIDCPNIFTY29JUL2411800PE.NFO,2024-07-19,12:13:00,2024-07-29,40.1,40.1,40.1,40.1,0,0,1
MIDCPNIFTY29JUL2411800PE.NFO,2024-07-19,12:14:00,2024-07-29,40.1,40.1,40.1,40.1,0,0,1
MIDCPNIFTY29JUL2411800PE.NFO,2024-07-19,12:15:00,2024-07-29,40.1,40.1,40.1,40.1,0,0,1
MIDCPNIFTY29JUL2411800PE.NFO,2024-07-19,12:16:00,2024-07-29,40.1,40.1,40.1,40.1,0,0,1
MIDCPNIFTY29JUL2411800PE.NFO,2024-07-19,12:17:00,2024-07-29,40.1,40.1,40.1,40.1,0,0,1
MIDCPNIFTY29JUL2411800PE.NFO,2024-07-19,12:18:00,2024-07-29,40.1,40.1,40.1,40.1,0,0,1
MIDCPNIFTY29JUL2411800PE.NFO,2024-07-19,12:19:00,2024-07-29,40.1,40.1,40.1,40.1,0,0,1
MIDCPNIFTY29JUL2411800PE.NFO,2024-07-19,12:20:00,2024-07-29,40.1,40.1,40.1,40.1,0,0,1
MIDCPNIFTY29JUL2411800PE.NFO,2024-07-19,12:21:00,2024-07-29,40.1,40.1,40.1,40.1,0,0,1
MIDCPNIFTY29JUL2411800PE.NFO,2024-07-19,12:22:00,2024-07-29,40.1,40.1,40.1,40.1,0,0,1
MIDCPNIFTY29JUL2411800PE.NFO,2024-07-19,12:23:00,2024-07-29,40.1,40.1,40.1,40.1,0,0,1
MIDCPNIFTY29JUL2411800PE.NFO,2024-07-19,12:24:00,2024-07-29,40.1,40.1,40.1,40.1,0,0,1
MIDCPNIFTY29JUL2411800PE.NFO,2024-07-19,12:25:00,2024-07-29,40.1,40.1,40.1,40.1,0,0,1
MIDCPNIFTY29JUL2411800PE.NFO,2024-07-19,12:26:00,2024-07-29,40.1,40.1,40.1,40.1,0,0,1
MIDCPNIFTY29JUL2411800PE.NFO,2024-07-19,12:27:00,2024-07-29,40.1,40.1,40.1,40.1,0,0,1
MIDCPNIFTY29JUL2411800PE.NFO,2024-07-19,12:28:00,2024-07-29,40.1,40.1,40.1,40.1,0,0,1
MIDCPNIFTY29JUL2411800PE.NFO,2024-07-19,12:29:00,2024-07-29,40.1,40.1,40.1,40.1,0,0,1
MIDCPNIFTY29JUL2411800PE.NFO,2024-07-19,12:30:00,2024-07-29,40.1,40.1,40.1,40.1,0,0,1
MIDCPNIFTY29JUL2411800PE.NFO,2024-07-19,12:31:00,2024-07-29,40.1,40.1,40.1,40.1,0,0,1
MIDCPNIFTY29JUL2411800PE.NFO,2024-07-19,12:32:00,2024-07-29,40.1,40.1,40.1,40.1,0,0,1
MIDCPNIFTY29JUL2411800PE.NFO,2024-07-19,12:33:00,2024-07-29,40.1,40.1,40.1,40.1,0,0,1
MIDCPNIFTY29JUL2411800PE.NFO,2024-07-19,12:34:00,2024-07-29,40.1,40.1,40.1,40.1,0,0,1
MIDCPNIFTY29JUL2411800PE.NFO,2024-07-19,12:35:00,2024-07-29,40.1,40.1,40.1,40.1,0,0,1
MIDCPNIFTY29JUL2411800PE.NFO,2024-07-19,12:36:00,2024-07-29,40.1,40.1,40.1,40.1,0,0,1
MIDCPNIFTY29JUL2411800PE.NFO,2024-07-19,12:37:00,2024-07-29,40.1,40.1,40.1,40.1,0,0,1
MIDCPNIFTY29JUL2411800PE.NFO,2024-07-19,12:38:00,2024-07-29,40.1,40.1,40.1,40.1,0,0,1
MIDCPNIFTY29JUL2411800PE.NFO,2024-07-19,12:39:00,2024-07-29,40.1,40.1,40.1,40.1,0,0,1
MIDCPNIFTY29JUL2411800PE.NFO,2024-07-19,12:40:00,2024-07-29,40.1,40.1,40.1,40.1,0,0,1
MIDCPNIFTY29JUL2411800PE.NFO,2024-07-19,12:41:00,2024-07-29,40.1,40.1,40.1,40.1,0,0,1
MIDCPNIFTY29JUL2411800PE.NFO,2024-07-19,12:42:00,2024-07-29,40.1,40.1,40.1,40.1,0,0,1
MIDCPNIFTY29JUL2411800PE.NFO,2024-07-19,12:43:00,2024-07-29,40.1,40.1,40.1,40.1,0,0,1
MIDCPNIFTY29JUL2411800PE.NFO,2024-07-19,12:44:00,2024-07-29,40.1,40.1,40.1,40.1,0,0,1
MIDCPNIFTY29JUL2411800PE.NFO,2024-07-19,12:45:00,2024-07-29,40.1,40.1,40.1,40.1,0,0,1
MIDCPNIFTY29JUL2411800PE.NFO,2024-07-19,12:46:00,2024-07-29,40.1,40.1,40.1,40.1,0,0,1
MIDCPNIFTY29JUL2411800PE.NFO,2024-07-19,12:47:00,2024-07-29,40.1,40.1,40.1,40.1,0,0,1
MIDCPNIFTY29JUL2411800PE.NFO,2024-07-19,12:48:00,2024-07-29,40.1,40.1,40.1,40.1,0,0,1
MIDCPNIFTY29JUL2411800PE.NFO,2024-07-19,12:49:00,2024-07-29,40.1,40.1,40.1,40.1,0,0,1
MIDCPNIFTY29JUL2411800PE.NFO,2024-07-19,12:50:00,2024-07-29,40.1,40.1,40.1,40.1,0,0,1
MIDCPNIFTY29JUL2411800PE.NFO,2024-07-19,12:51:00,2024-07-29,40.1,40.1,40.1,40.1,0,0,1
MIDCPNIFTY29JUL2411800PE.NFO,2024-07-19,12:52:00,2024-07-29,40.1,40.1,40.1,40.1,0,0,1
MIDCPNIFTY29JUL2411800PE.NFO,2024-07-19,12:53:00,2024-07-29,40.1,40.1,40.1,40.1,0,0,1
MIDCPNIFTY29JUL2411800PE.NFO,2024-07-19,12:54:00,2024-07-29,40.1,40.1,40.1,40.1,0,0,1
MIDCPNIFTY29JUL2411800PE.NFO,2024-07-19,12:55:00,2024-07-29,40.1,40.1,40.1,40.1,0,0,1
MIDCPNIFTY29JUL2411800PE.NFO,2024-07-19,12:56:00,2024-07-29,40.1,40.1,40.1,40.1,0,0,1
MIDCPNIFTY29JUL2411800PE.NFO,2024-07-19,12:57:00,2024-07-29,40.1,40.1,40.1,40.1,0,0,1
MIDCPNIFTY29JUL2411800PE.NFO,2024-07-19,12:58:00,2024-07-29,40.1,40.1,40.1,40.1,0,0,1
MIDCPNIFTY29JUL2411800PE.NFO,2024-07-19,12:59:00,2024-07-29,40.1,40.1,40.1,40.1,0,0,1
MIDCPNIFTY29JUL2411800PE.NFO,2024-07-19,13:00:00,2024-07-29,40.1,40.1,40.1,40.1,0,0,1
MIDCPNIFTY29JUL2411800PE.NFO,2024-07-19,13:01:00,2024-07-29,40.1,40.1,40.1,40.1,0,0,1
MIDCPNIFTY29JUL2411800PE.NFO,2024-07-19,13:02:00,2024-07-29,40.1,40.1,40.1,40.1,0,0,1
MIDCPNIFTY29JUL2411800PE.NFO,2024-07-19,13:03:00,2024-07-29,40.1,40.1,40.1,40.1,0,0,1
MIDCPNIFTY29JUL2411800PE.NFO,2024-07-19,13:04:00,2024-07-29,40.1,40.1,40.1,40.1,0,0,1
MIDCPNIFTY29JUL2411800PE.NFO,2024-07-19,13:05:00,2024-07-29,40.1,40.1,40.1,40.1,0,0,1
MIDCPNIFTY29JUL2411800PE.NFO,2024-07-19,13:06:00,2024-07-29,40.1,40.1,40.1,40.1,0,0,1
MIDCPNIFTY29JUL2411800PE.NFO,2024-07-19,13:07:00,2024-07-29,40.1,40.1,40.1,40.1,0,0,1
MIDCPNIFTY29JUL2411800PE.NFO,2024-07-19,13:08:00,2024-07-29,40.1,40.1,40.1,40.1,0,0,1
MIDCPNIFTY29JUL2411800PE.NFO,2024-07-19,13:09:00,2024-07-29,40.1,40.1,40.1,40.1,0,0,1
MIDCPNIFTY29JUL2411800PE.NFO,2024-07-19,13:10:00,2024-07-29,40.1,40.1,40.1,40.1,0,0,1
MIDCPNIFTY29JUL2411800PE.NFO,2024-07-19,13:11:00,2024-07-29,40.1,40.1,40.1,40.1,0,0,1
MIDCPNIFTY29JUL2411800PE.NFO,2024-07-19,13:12:00,2024-07-29,40.1,40.1,40.1,40.1,0,0,1
MIDCPNIFTY29JUL2411800PE.NFO,2024-07-19,13:13:00,2024-07-29,40.1,40.1,40.1,40.1,0,0,1
MIDCPNIFTY29JUL2411800PE.NFO,2024-07-19,13:14:00,2024-07-29,40.1,40.1,40.1,40.1,0,0,1
MIDCPNIFTY29JUL2411800PE.NFO,2024-07-19,13:15:00,2024-07-29,40.1,40.1,40.1,40.1,0,0,1
MIDCPNIFTY29JUL2411800PE.NFO,2024-07-19,13:16:00,2024-07-29,40.1,40.1,40.1,40.1,0,0,1
MIDCPNIFTY29JUL2411800PE.NFO,2024-07-19,13:17:00,2024-07-29,40.1,40.1,40.1,40.1,0,0,1
MIDCPNIFTY29JUL2411800PE.NFO,2024-07-19,13:18:00,2024-07-29,40.1,40.1,40.1,40.1,0,0,1
MIDCPNIFTY29JUL2411800PE.NFO,2024-07-19,13:19:00,2024-07-29,40.1,40.1,40.1,40.1,0,0,1
MIDCPNIFTY29JUL2411800PE.NFO,2024-07-19,13:20:00,2024-07-29,40.1,40.1,40.1,40.1,0,0,1
MIDCPNIFTY29JUL2411800PE.NFO,2024-07-19,13:21:00,2024-07-29,40.1,40.1,40.1,40.1,0,0,1
MIDCPNIFTY29JUL2411800PE.NFO,2024-07-19,13:22:00,2024-07-29,40.1,40.1,40.1,40.1,0,0,1
MIDCPNIFTY29JUL2411800PE.NFO,2024-07-19,13:23:00,2024-07-29,40.1,40.1,40.1,40.1,0,0,1
MIDCPNIFTY29JUL2411800PE.NFO,2024-07-19,13:24:00,2024-07-29,40.1,40.1,40.1,40.1,0,0,1
MIDCPNIFTY29JUL2411800PE.NFO,2024-07-19,13:25:00,2024-07-29,40.1,40.1,40.1,40.1,0,0,1
MIDCPNIFTY29JUL2411800PE.NFO,2024-07-19,13:26:00,2024-07-29,40.1,40.1,40.1,40.1,0,0,1
MIDCPNIFTY29JUL2411800PE.NFO,2024-07-19,13:27:00,2024-07-29,40.1,40.1,40.1,40.1,0,0,1
MIDCPNIFTY29JUL2411800PE.NFO,2024-07-19,13:28:00,2024-07-29,40.1,40.1,40.1,40.1,0,0,1
MIDCPNIFTY29JUL2411800PE.NFO,2024-07-19,13:29:00,2024-07-29,40.1,40.1,40.1,40.1,0,0,1
MIDCPNIFTY29JUL2411800PE.NFO,2024-07-19,13:30:00,2024-07-29,40.1,40.1,40.1,40.1,0,0,1
MIDCPNIFTY29JUL2411800PE.NFO,2024-07-19,13:31:00,2024-07-29,40.1,40.1,40.1,40.1,0,0,1
MIDCPNIFTY29JUL2411800PE.NFO,2024-07-19,13:32:00,2024-07-29,40.1,40.1,40.1,40.1,0,0,1
MIDCPNIFTY29JUL2411800PE.NFO,2024-07-19,13:33:00,2024-07-29,40.1,40.1,40.1,40.1,0,0,1
MIDCPNIFTY29JUL2411800PE.NFO,2024-07-19,13:34:00,2024-07-29,40.1,40.1,40.1,40.1,0,0,1
MIDCPNIFTY29JUL2411800PE.NFO,2024-07-19,13:35:00,2024-07-29,40.1,40.1,40.1,40.1,0,0,1
MIDCPNIFTY29JUL2411800PE.NFO,2024-07-19,13:36:00,2024-07-29,40.1,40.1,40.1,40.1,0,0,1
MIDCPNIFTY29JUL2411800PE.NFO,2024-07-19,13:37:00,2024-07-29,40.1,40.1,40.1,40.1,0,0,1
MIDCPNIFTY29JUL2411800PE.NFO,2024-07-19,13:38:00,2024-07-29,40.1,40.1,40.1,40.1,0,0,1
MIDCPNIFTY29JUL2411800PE.NFO,2024-07-19,13:39:00,2024-07-29,40.1,40.1,40.1,40.1,0,0,1
MIDCPNIFTY29JUL2411800PE.NFO,2024-07-19,13:40:00,2024-07-29,40.1,40.1,40.1,40.1,0,0,1
MIDCPNIFTY29JUL2411800PE.NFO,2024-07-19,13:41:00,2024-07-29,40.1,40.1,40.1,40.1,0,0,1
MIDCPNIFTY29JUL2411800PE.NFO,2024-07-19,13:42:00,2024-07-29,40.1,40.1,40.1,40.1,0,0,1
MIDCPNIFTY29JUL2411800PE.NFO,2024-07-19,13:43:00,2024-07-29,40.1,40.1,40.1,40.1,0,0,1
MIDCPNIFTY29JUL2411800PE.NFO,2024-07-19,13:44:00,2024-07-29,40.1,40.1,40.1,40.1,0,0,1
MIDCPNIFTY29JUL2411800PE.NFO,2024-07-19,13:45:00,2024-07-29,40.1,40.1,40.1,40.1,0,0,1
MIDCPNIFTY29JUL2411800PE.NFO,2024-07-19,13:46:00,2024-07-29,40.1,40.1,40.1,40.1,0,0,1
MIDCPNIFTY29JUL2411800PE.NFO,2024-07-19,13:47:00,2024-07-29,40.1,40.1,40.1,40.1,0,0,1
MIDCPNIFTY29JUL2411800PE.NFO,2024-07-19,13:48:00,2024-07-29,40.1,40.1,40.1,40.1,0,0,1
MIDCPNIFTY29JUL2411800PE.NFO,2024-07-19,13:49:00,2024-07-29,40.1,40.1,40.1,40.1,0,0,1
MIDCPNIFTY29JUL2411800PE.NFO,2024-07-19,13:50:00,2024-07-29,40.1,40.1,40.1,40.1,0,0,1
MIDCPNIFTY29JUL2411800PE.NFO,2024-07-19,13:51:00,2024-07-29,40.1,40.1,40.1,40.1,0,0,1
MIDCPNIFTY29JUL2411800PE.NFO,2024-07-19,13:52:00,2024-07-29,40.1,40.1,40.1,40.1,0,0,1
MIDCPNIFTY29JUL2411800PE.NFO,2024-07-19,13:53:00,2024-07-29,40.1,40.1,40.1,40.1,0,0,1
MIDCPNIFTY29JUL2411800PE.NFO,2024-07-19,13:54:00,2024-07-29,40.1,40.1,40.1,40.1,0,0,1
MIDCPNIFTY29JUL2411800PE.NFO,2024-07-19,13:55:00,2024-07-29,40.1,40.1,40.1,40.1,0,0,1
MIDCPNIFTY29JUL2411800PE.NFO,2024-07-19,13:56:00,2024-07-29,40.1,40.1,40.1,40.1,0,0,1
MIDCPNIFTY29JUL2411800PE.NFO,2024-07-19,13:57:00,2024-07-29,40.1,40.1,40.1,40.1,0,0,1
MIDCPNIFTY29JUL2411800PE.NFO,2024-07-19,13:58:00,2024-07-29,40.1,40.1,40.1,40.1,0,0,1
MIDCPNIFTY29JUL2411800PE.NFO,2024-07-19,13:59:00,2024-07-29,40.1,40.1,40.1,40.1,0,0,1
MIDCPNIFTY29JUL2411800PE.NFO,2024-07-19,14:00:00,2024-07-29,40.1,40.1,40.1,40.1,0,0,1
MIDCPNIFTY29JUL2411800PE.NFO,2024-07-19,14:01:00,2024-07-29,40.1,40.1,40.1,40.1,0,0,1
MIDCPNIFTY29JUL2411800PE.NFO,2024-07-19,14:02:00,2024-07-29,40.1,40.1,40.1,40.1,0,0,1
MIDCPNIFTY29JUL2411800PE.NFO,2024-07-19,14:03:00,2024-07-29,40.1,40.1,40.1,40.1,0,0,1
MIDCPNIFTY29JUL2411800PE.NFO,2024-07-19,14:04:00,2024-07-29,40.1,40.1,40.1,40.1,0,0,1
MIDCPNIFTY29JUL2411800PE.NFO,2024-07-19,14:05:00,2024-07-29,40.1,40.1,40.1,40.1,0,0,1
MIDCPNIFTY29JUL2411800PE.NFO,2024-07-19,14:06:00,2024-07-29,40.1,40.1,40.1,40.1,0,0,1
MIDCPNIFTY29JUL2411800PE.NFO,2024-07-19,14:07:00,2024-07-29,40.1,40.1,40.1,40.1,0,0,1
MIDCPNIFTY29JUL2411800PE.NFO,2024-07-19,14:08:00,2024-07-29,40.1,40.1,40.1,40.1,0,0,1
MIDCPNIFTY29JUL2411800PE.NFO,2024-07-19,14:09:00,2024-07-29,40.1,40.1,40.1,40.1,0,0,1
MIDCPNIFTY29JUL2411800PE.NFO,2024-07-19,14:10:00,2024-07-29,40.1,40.1,40.1,40.1,0,0,1
MIDCPNIFTY29JUL2411800PE.NFO,2024-07-19,14:11:00,2024-07-29,40.1,40.1,40.1,40.1,0,0,1
MIDCPNIFTY29JUL2411800PE.NFO,2024-07-19,14:12:00,2024-07-29,40.1,40.1,40.1,40.1,0,0,1
MIDCPNIFTY29JUL2411800PE.NFO,2024-07-19,14:13:00,2024-07-29,40.1,40.1,40.1,40.1,0,0,1
MIDCPNIFTY29JUL2411800PE.NFO,2024-07-19,14:14:00,2024-07-29,40.1,40.1,40.1,40.1,0,0,1
MIDCPNIFTY29JUL2411800PE.NFO,2024-07-19,14:15:00,2024-07-29,40.1,40.1,40.1,40.1,0,0,1
MIDCPNIFTY29JUL2411800PE.NFO,2024-07-19,14:16:00,2024-07-29,40.1,40.1,40.1,40.1,0,0,1
MIDCPNIFTY29JUL2411800PE.NFO,2024-07-19,14:17:00,2024-07-29,40.1,40.1,40.1,40.1,0,0,1
MIDCPNIFTY29JUL2411800PE.NFO,2024-07-19,14:18:00,2024-07-29,40.1,40.1,40.1,40.1,0,0,1
MIDCPNIFTY29JUL2411800PE.NFO,2024-07-19,14:19:00,2024-07-29,40.1,40.1,40.1,40.1,0,0,1
MIDCPNIFTY29JUL2411800PE.NFO,2024-07-19,14:20:00,2024-07-29,40.1,40.1,40.1,40.1,0,0,1
MIDCPNIFTY29JUL2411800PE.NFO,2024-07-19,14:21:00,2024-07-29,40.1,40.1,40.1,40.1,0,0,1
MIDCPNIFTY29JUL2411800PE.NFO,2024-07-19,14:22:00,2024-07-29,40.1,40.1,40.1,40.1,0,0,1
MIDCPNIFTY29JUL2411800PE.NFO,2024-07-19,14:23:00,2024-07-29,40.1,40.1,40.1,40.1,0,0,1
MIDCPNIFTY29JUL2411800PE.NFO,2024-07-19,14:24:00,2024-07-29,40.1,40.1,40.1,40.1,0,0,1
MIDCPNIFTY29JUL2411800PE.NFO,2024-07-19,14:25:00,2024-07-29,40.1,40.1,40.1,40.1,0,0,1
MIDCPNIFTY29JUL2411800PE.NFO,2024-07-19,14:26:00,2024-07-29,40.1,40.1,40.1,40.1,0,0,1
MIDCPNIFTY29JUL2411800PE.NFO,2024-07-19,14:27:00,2024-07-29,40.1,40.1,40.1,40.1,0,0,1
MIDCPNIFTY29JUL2411800PE.NFO,2024-07-19,14:28:00,2024-07-29,40.1,40.1,40.1,40.1,0,0,1
MIDCPNIFTY29JUL2411800PE.NFO,2024-07-19,14:29:00,2024-07-29,40.1,40.1,40.1,40.1,0,0,1
MIDCPNIFTY29JUL2411800PE.NFO,2024-07-19,14:30:00,2024-07-29,40.1,40.1,40.1,40.1,0,0,1
MIDCPNIFTY29JUL2411800PE.NFO,2024-07-19,14:31:00,2024-07-29,40.1,40.1,40.1,40.1,0,0,1
MIDCPNIFTY29JUL2411800PE.NFO,2024-07-19,14:32:00,2024-07-29,40.1,40.1,40.1,40.1,0,0,1
MIDCPNIFTY29JUL2411800PE.NFO,2024-07-19,14:33:00,2024-07-29,40.1,40.1,40.1,40.1,0,0,1
MIDCPNIFTY29JUL2411800PE.NFO,2024-07-19,14:34:00,2024-07-29,40.1,40.1,40.1,40.1,0,0,1
MIDCPNIFTY29JUL2411800PE.NFO,2024-07-19,14:35:00,2024-07-29,40.1,40.1,40.1,40.1,0,0,1
MIDCPNIFTY29JUL2411800PE.NFO,2024-07-19,14:36:00,2024-07-29,40.1,40.1,40.1,40.1,0,0,1
MIDCPNIFTY29JUL2411800PE.NFO,2024-07-19,14:37:00,2024-07-29,40.1,40.1,40.1,40.1,0,0,1
MIDCPNIFTY29JUL2411800PE.NFO,2024-07-19,14:38:00,2024-07-29,40.1,40.1,40.1,40.1,0,0,1
MIDCPNIFTY29JUL2411800PE.NFO,2024-07-19,14:39:00,2024-07-29,40.1,40.1,40.1,40.1,0,0,1
MIDCPNIFTY29JUL2411800PE.NFO,2024-07-19,14:40:00,2024-07-29,40.1,40.1,40.1,40.1,0,0,1
MIDCPNIFTY29JUL2411800PE.NFO,2024-07-19,14:41:00,2024-07-29,40.1,40.1,40.1,40.1,0,0,1
MIDCPNIFTY29JUL2411800PE.NFO,2024-07-19,14:42:00,2024-07-29,40.1,40.1,40.1,40.1,0,0,1
MIDCPNIFTY29JUL2411800PE.NFO,2024-07-19,14:43:00,2024-07-29,40.1,40.1,40.1,40.1,0,0,1
MIDCPNIFTY29JUL2411800PE.NFO,2024-07-19,14:44:00,2024-07-29,40.1,40.1,40.1,40.1,0,0,1
MIDCPNIFTY29JUL2411800PE.NFO,2024-07-19,14:45:00,2024-07-29,40.1,40.1,40.1,40.1,0,0,1
MIDCPNIFTY29JUL2411800PE.NFO,2024-07-19,14:46:00,2024-07-29,40.1,40.1,40.1,40.1,0,0,1
MIDCPNIFTY29JUL2411800PE.NFO,2024-07-19,14:47:00,2024-07-29,40.1,40.1,40.1,40.1,0,0,1
MIDCPNIFTY29JUL2411800PE.NFO,2024-07-19,14:48:00,2024-07-29,40.1,40.1,40.1,40.1,0,0,1
MIDCPNIFTY29JUL2411800PE.NFO,2024-07-19,14:49:00,2024-07-29,40.1,40.1,40.1,40.1,0,0,1
MIDCPNIFTY29JUL2411800PE.NFO,2024-07-19,14:50:00,2024-07-29,40.1,40.1,40.1,40.1,0,0,1
MIDCPNIFTY29JUL2411800PE.NFO,2024-07-19,14:51:00,2024-07-29,40.1,40.1,40.1,40.1,0,0,1
MIDCPNIFTY29JUL2411800PE.NFO,2024-07-19,14:52:00,2024-07-29,40.1,40.1,40.1,40.1,0,0,1
MIDCPNIFTY29JUL2411800PE.NFO,2024-07-19,14:53:00,2024-07-29,40.1,40.1,40.1,40.1,0,0,1
MIDCPNIFTY29JUL2411800PE.NFO,2024-07-19,14:54:00,2024-07-29,40.1,40.1,40.1,40.1,0,0,1
MIDCPNIFTY29JUL2411800PE.NFO,2024-07-19,14:55:00,2024-07-29,40.1,40.1,40.1,40.1,0,0,1
MIDCPNIFTY29JUL2411800PE.NFO,2024-07-19,14:56:00,2024-07-29,40.1,40.1,40.1,40.1,0,0,1
MIDCPNIFTY29JUL2411800PE.NFO,2024-07-19,14:57:00,2024-07-29,40.1,40.1,40.1,40.1,0,0,1
MIDCPNIFTY29JUL2411800PE.NFO,2024-07-19,14:58:00,2024-07-29,40.1,40.1,40.1,40.1,0,0,1
MIDCPNIFTY29JUL2411800PE.NFO,2024-07-19,14:59:00,2024-07-29,40.1,40.1,40.1,40.1,0,0,1
MIDCPNIFTY29JUL2411800PE.NFO,2024-07-19,15:00:00,2024-07-29,40.1,40.1,40.1,40.1,0,0,1
MIDCPNIFTY29JUL2411800PE.NFO,2024-07-19,15:01:00,2024-07-29,40.1,40.1,40.1,40.1,0,0,1
MIDCPNIFTY29JUL2411800PE.NFO,2024-07-19,15:02:00,2024-07-29,40.1,40.1,40.1,40.1,0,0,1
MIDCPNIFTY29JUL2411800PE.NFO,2024-07-19,15:03:00,2024-07-29,40.1,40.1,40.1,40.1,0,0,1
MIDCPNIFTY29JUL2411800PE.NFO,2024-07-19,15:04:00,2024-07-29,40.1,40.1,40.1,40.1,0,0,1
MIDCPNIFTY29JUL2411800PE.NFO,2024-07-19,15:05:00,2024-07-29,40.1,40.1,40.1,40.1,0,0,1
MIDCPNIFTY29JUL2411800PE.NFO,2024-07-19,15:06:00,2024-07-29,40.1,40.1,40.1,40.1,0,0,1
MIDCPNIFTY29JUL2411800PE.NFO,2024-07-19,15:07:00,2024-07-29,40.1,40.1,40.1,40.1,0,0,1
MIDCPNIFTY29JUL2411800PE.NFO,2024-07-19,15:08:00,2024-07-29,40.1,40.1,40.1,40.1,0,0,1
MIDCPNIFTY29JUL2411800PE.NFO,2024-07-19,15:09:00,2024-07-29,40.1,40.1,40.1,40.1,0,0,1
MIDCPNIFTY29JUL2411800PE.NFO,2024-07-19,15:10:00,2024-07-29,40.1,40.1,40.1,40.1,0,0,1
MIDCPNIFTY29JUL2411800PE.NFO,2024-07-19,15:11:00,2024-07-29,40.1,40.1,40.1,40.1,0,0,1
MIDCPNIFTY29JUL2411800PE.NFO,2024-07-19,15:12:00,2024-07-29,40.1,40.1,40.1,40.1,0,0,1
MIDCPNIFTY29JUL2411800PE.NFO,2024-07-19,15:13:00,2024-07-29,40.1,40.1,40.1,40.1,0,0,1
MIDCPNIFTY29JUL2411800PE.NFO,2024-07-19,15:14:00,2024-07-29,40.1,40.1,40.1,40.1,0,0,1
MIDCPNIFTY29JUL2411800PE.NFO,2024-07-19,15:15:00,2024-07-29,40.1,40.1,40.1,40.1,0,0,1
MIDCPNIFTY29JUL2411800PE.NFO,2024-07-19,15:16:00,2024-07-29,40.1,40.1,40.1,40.1,0,0,1
MIDCPNIFTY29JUL2411800PE.NFO,2024-07-19,15:17:00,2024-07-29,40.1,40.1,40.1,40.1,0,0,1
MIDCPNIFTY29JUL2411800PE.NFO,2024-07-19,15:18:00,2024-07-29,40.1,40.1,40.1,40.1,0,0,1
MIDCPNIFTY29JUL2411800PE.NFO,2024-07-19,15:19:00,2024-07-29,40.1,40.1,40.1,40.1,0,0,1
MIDCPNIFTY29JUL2411800PE.NFO,2024-07-19,15:20:00,2024-07-29,40.1,40.1,40.1,40.1,0,0,1
MIDCPNIFTY29JUL2411800PE.NFO,2024-07-19,15:21:00,2024-07-29,40.1,40.1,40.1,40.1,0,0,1
MIDCPNIFTY29JUL2411800PE.NFO,2024-07-19,15:22:00,2024-07-29,40.1,40.1,40.1,40.1,0,0,0
MIDCPNIFTY29JUL2411800PE.NFO,2024-07-19,15:23:00,2024-07-29,40.1,40.1,40.1,40.1,0,0,0
MIDCPNIFTY29JUL2411800PE.NFO,2024-07-19,15:24:00,2024-07-29,40.1,40.1,40.1,40.1,0,0,0
MIDCPNIFTY29JUL2411800PE.NFO,2024-07-19,15:25:00,2024-07-29,40.1,40.1,40.1,40.1,0,0,0
MIDCPNIFTY29JUL2411800PE.NFO,2024-07-19,15:26:00,2024-07-29,40.1,64.0,40.1,64.0,0,50,0
MIDCPNIFTY29JUL2411800PE.NFO,2024-07-19,15:27:00,2024-07-29,64.0,64.0,64.0,64.0,100,50,0
MIDCPNIFTY29JUL2411800PE.NFO,2024-07-19,15:28:00,2024-07-29,64.0,64.65,64.0,64.65,50,50,0
MIDCPNIFTY29JUL2411800PE.NFO,2024-07-19,15:29:00,2024-07-29,64.65,64.65,64.65,64.65,0,50,0
MIDCPNIFTY29JUL2411800PE.NFO,2024-07-19,15:30:00,2024-07-29,64.65,64.65,64.65,64.65,0,50,1
MIDCPNIFTY29JUL2411800PE.NFO,2024-07-22,09:15:00,2024-07-29,65.0,65.0,65.0,65.0,0,150,1
MIDCPNIFTY29JUL2411800PE.NFO,2024-07-22,09:16:00,2024-07-29,65.0,65.0,65.0,65.0,0,150,1
MIDCPNIFTY29JUL2411800PE.NFO,2024-07-22,09:17:00,2024-07-29,65.0,65.0,65.0,65.0,0,150,1
MIDCPNIFTY29JUL2411800PE.NFO,2024-07-22,09:18:00,2024-07-29,65.0,65.0,65.0,65.0,0,150,1
MIDCPNIFTY29JUL2411800PE.NFO,2024-07-22,09:19:00,2024-07-29,65.0,65.0,65.0,65.0,0,150,1
MIDCPNIFTY29JUL2411800PE.NFO,2024-07-22,09:20:00,2024-07-29,65.0,65.0,65.0,65.0,0,150,1
MIDCPNIFTY29JUL2411800PE.NFO,2024-07-22,09:21:00,2024-07-29,65.0,65.0,65.0,65.0,0,150,1
MIDCPNIFTY29JUL2411800PE.NFO,2024-07-22,09:22:00,2024-07-29,65.0,65.0,65.0,65.0,0,150,1
MIDCPNIFTY29JUL2411800PE.NFO,2024-07-22,09:23:00,2024-07-29,65.0,65.0,65.0,65.0,0,150,1
MIDCPNIFTY29JUL2411800PE.NFO,2024-07-22,09:24:00,2024-07-29,65.0,65.0,65.0,65.0,0,150,1
MIDCPNIFTY29JUL2411800PE.NFO,2024-07-22,09:25:00,2024-07-29,65.0,65.0,65.0,65.0,0,150,1
MIDCPNIFTY29JUL2411800PE.NFO,2024-07-22,09:26:00,2024-07-29,65.0,65.0,65.0,65.0,0,150,1
MIDCPNIFTY29JUL2411800PE.NFO,2024-07-22,09:27:00,2024-07-29,65.0,65.0,65.0,65.0,0,150,1
MIDCPNIFTY29JUL2411800PE.NFO,2024-07-22,09:28:00,2024-07-29,65.0,65.0,65.0,65.0,0,150,1
MIDCPNIFTY29JUL2411800PE.NFO,2024-07-22,09:29:00,2024-07-29,65.0,65.0,65.0,65.0,0,150,1
MIDCPNIFTY29JUL2411800PE.NFO,2024-07-22,09:30:00,2024-07-29,65.0,65.0,65.0,65.0,0,150,1
MIDCPNIFTY29JUL2411800PE.NFO,2024-07-22,09:31:00,2024-07-29,65.0,65.0,65.0,65.0,0,150,0
MIDCPNIFTY29JUL2411800PE.NFO,2024-07-22,09:32:00,2024-07-29,65.0,65.0,60.0,60.0,0,200,0
MIDCPNIFTY29JUL2411800PE.NFO,2024-07-22,09:33:00,2024-07-29,60.0,60.0,60.0,60.0,50,200,0
MIDCPNIFTY29JUL2411800PE.NFO,2024-07-22,09:34:00,2024-07-29,78.5,85.4,78.5,85.4,0,200,0
MIDCPNIFTY29JUL2411800PE.NFO,2024-07-22,09:35:00,2024-07-29,85.4,85.4,85.4,85.4,200,200,0
MIDCPNIFTY29JUL2411800PE.NFO,2024-07-22,09:36:00,2024-07-29,85.4,85.4,85.0,85.0,0,350,0
MIDCPNIFTY29JUL2411800PE.NFO,2024-07-22,09:37:00,2024-07-29,85.0,85.0,80.0,80.0,350,350,0
MIDCPNIFTY29JUL2411800PE.NFO,2024-07-22,09:38:00,2024-07-29,80.0,80.0,80.0,80.0,50,350,0
MIDCPNIFTY29JUL2411800PE.NFO,2024-07-22,09:39:00,2024-07-29,80.0,80.0,80.0,80.0,50,350,1
MIDCPNIFTY29JUL2411800PE.NFO,2024-07-22,09:40:00,2024-07-29,80.0,80.0,80.0,80.0,0,350,0
MIDCPNIFTY29JUL2411800PE.NFO,2024-07-22,09:41:00,2024-07-29,80.0,80.0,73.0,73.0,0,650,0
MIDCPNIFTY29JUL2411800PE.NFO,2024-07-22,09:42:00,2024-07-29,73.0,73.0,66.85,66.85,800,650,0
MIDCPNIFTY29JUL2411800PE.NFO,2024-07-22,09:43:00,2024-07-29,66.85,66.85,66.85,66.85,0,650,0
MIDCPNIFTY29JUL2411800PE.NFO,2024-07-22,09:44:00,2024-07-29,66.85,66.85,66.85,66.85,0,650,1
MIDCPNIFTY29JUL2411800PE.NFO,2024-07-22,09:45:00,2024-07-29,66.85,66.85,66.85,66.85,0,650,0
MIDCPNIFTY29JUL2411800PE.NFO,2024-07-22,09:46:00,2024-07-29,66.85,66.85,66.85,66.85,0,650,0
MIDCPNIFTY29JUL2411800PE.NFO,2024-07-22,09:47:00,2024-07-29,66.85,66.85,66.85,66.85,0,650,0
MIDCPNIFTY29JUL2411800PE.NFO,2024-07-22,09:48:00,2024-07-29,66.85,66.85,66.85,66.85,0,650,0
MIDCPNIFTY29JUL2411800PE.NFO,2024-07-22,09:49:00,2024-07-29,66.85,66.85,66.85,66.85,0,650,0
MIDCPNIFTY29JUL2411800PE.NFO,2024-07-22,09:50:00,2024-07-29,66.85,66.85,66.85,66.85,0,650,0
MIDCPNIFTY29JUL2411800PE.NFO,2024-07-22,09:51:00,2024-07-29,66.85,66.85,66.85,66.85,0,650,0
MIDCPNIFTY29JUL2411800PE.NFO,2024-07-22,09:52:00,2024-07-29,66.85,66.85,60.55,60.55,0,1150,0
MIDCPNIFTY29JUL2411800PE.NFO,2024-07-22,09:53:00,2024-07-29,60.55,60.55,58.0,58.0,850,1150,0
MIDCPNIFTY29JUL2411800PE.NFO,2024-07-22,09:54:00,2024-07-29,58.0,58.0,58.0,58.0,650,1150,0
MIDCPNIFTY29JUL2411800PE.NFO,2024-07-22,09:55:00,2024-07-29,58.25,58.25,58.25,58.25,50,1700,0
MIDCPNIFTY29JUL2411800PE.NFO,2024-07-22,09:56:00,2024-07-29,58.25,63.15,58.25,63.15,0,1700,0
MIDCPNIFTY29JUL2411800PE.NFO,2024-07-22,09:57:00,2024-07-29,63.15,63.15,61.0,61.0,250,1900,0
MIDCPNIFTY29JUL2411800PE.NFO,2024-07-22,09:58:00,2024-07-29,61.0,61.0,59.0,59.0,50,1900,0
MIDCPNIFTY29JUL2411800PE.NFO,2024-07-22,09:59:00,2024-07-29,59.0,59.0,57.6,57.6,1950,1900,0
MIDCPNIFTY29JUL2411800PE.NFO,2024-07-22,10:00:00,2024-07-29,57.6,57.6,55.25,55.25,1100,3200,0
MIDCPNIFTY29JUL2411800PE.NFO,2024-07-22,10:01:00,2024-07-29,55.25,55.95,55.25,55.95,650,3200,0
MIDCPNIFTY29JUL2411800PE.NFO,2024-07-22,10:02:00,2024-07-29,55.95,56.5,52.6,52.6,350,3200,0
MIDCPNIFTY29JUL2411800PE.NFO,2024-07-22,10:03:00,2024-07-29,56.75,56.75,55.6,55.6,500,3200,0
MIDCPNIFTY29JUL2411800PE.NFO,2024-07-22,10:04:00,2024-07-29,55.6,55.6,53.05,53.05,50,5150,0
MIDCPNIFTY29JUL2411800PE.NFO,2024-07-22,10:05:00,2024-07-29,53.05,53.05,52.35,52.35,150,5150,0
MIDCPNIFTY29JUL2411800PE.NFO,2024-07-22,10:06:00,2024-07-29,52.35,52.35,50.0,50.0,400,5150,0
MIDCPNIFTY29JUL2411800PE.NFO,2024-07-22,10:07:00,2024-07-29,50.0,51.0,50.0,51.0,300,5500,0
MIDCPNIFTY29JUL2411800PE.NFO,2024-07-22,10:08:00,2024-07-29,51.0,51.0,49.95,50.0,1800,5500,0
MIDCPNIFTY29JUL2411800PE.NFO,2024-07-22,10:09:00,2024-07-29,50.0,50.0,50.0,50.0,1250,5500,0
MIDCPNIFTY29JUL2411800PE.NFO,2024-07-22,10:10:00,2024-07-29,50.0,50.0,49.0,49.95,500,7500,0
MIDCPNIFTY29JUL2411800PE.NFO,2024-07-22,10:11:00,2024-07-29,49.95,49.95,47.6,49.75,450,7500,0
MIDCPNIFTY29JUL2411800PE.NFO,2024-07-22,10:12:00,2024-07-29,47.6,49.9,47.6,49.2,650,7400,0
MIDCPNIFTY29JUL2411800PE.NFO,2024-07-22,10:13:00,2024-07-29,49.2,49.2,48.2,49.0,150,7400,0
MIDCPNIFTY29JUL2411800PE.NFO,2024-07-22,10:14:00,2024-07-29,49.0,49.0,48.95,48.95,400,7400,0
MIDCPNIFTY29JUL2411800PE.NFO,2024-07-22,10:15:00,2024-07-29,48.95,48.95,48.95,48.95,0,7400,0
MIDCPNIFTY29JUL2411800PE.NFO,2024-07-22,10:16:00,2024-07-29,48.95,49.0,48.95,49.0,400,7600,0
MIDCPNIFTY29JUL2411800PE.NFO,2024-07-22,10:17:00,2024-07-29,49.0,49.0,48.0,48.0,3000,7600,0
MIDCPNIFTY29JUL2411800PE.NFO,2024-07-22,10:18:00,2024-07-29,48.0,48.95,47.3,48.15,1200,10850,0
MIDCPNIFTY29JUL2411800PE.NFO,2024-07-22,10:19:00,2024-07-29,48.15,48.5,47.7,48.0,750,10850,0
MIDCPNIFTY29JUL2411800PE.NFO,2024-07-22,10:20:00,2024-07-29,48.0,48.0,47.6,47.95,500,10850,0
MIDCPNIFTY29JUL2411800PE.NFO,2024-07-22,10:21:00,2024-07-29,47.95,47.95,47.3,47.9,2600,10850,0
MIDCPNIFTY29JUL2411800PE.NFO,2024-07-22,10:22:00,2024-07-29,47.3,47.35,47.3,47.3,50,13850,0
MIDCPNIFTY29JUL2411800PE.NFO,2024-07-22,10:23:00,2024-07-29,47.3,47.95,47.0,47.85,2100,13850,0
MIDCPNIFTY29JUL2411800PE.NFO,2024-07-22,10:24:00,2024-07-29,47.3,47.3,46.05,46.4,300,15250,0
MIDCPNIFTY29JUL2411800PE.NFO,2024-07-22,10:25:00,2024-07-29,46.4,46.4,43.65,43.65,500,15250,0
MIDCPNIFTY29JUL2411800PE.NFO,2024-07-22,10:26:00,2024-07-29,43.65,43.65,40.35,42.0,1150,15250,0
MIDCPNIFTY29JUL2411800PE.NFO,2024-07-22,10:27:00,2024-07-29,42.0,42.0,40.5,41.3,700,15900,0
MIDCPNIFTY29JUL2411800PE.NFO,2024-07-22,10:28:00,2024-07-29,41.3,41.4,40.95,41.2,600,15900,0
MIDCPNIFTY29JUL2411800PE.NFO,2024-07-22,10:29:00,2024-07-29,41.2,41.2,40.35,40.9,350,15900,0
MIDCPNIFTY29JUL2411800PE.NFO,2024-07-22,10:30:00,2024-07-29,40.9,42.85,40.9,40.9,2900,16300,0
MIDCPNIFTY29JUL2411800PE.NFO,2024-07-22,10:31:00,2024-07-29,40.9,40.9,38.1,38.1,150,16300,0
MIDCPNIFTY29JUL2411800PE.NFO,2024-07-22,10:32:00,2024-07-29,38.1,38.5,37.65,38.1,1050,16300,0
MIDCPNIFTY29JUL2411800PE.NFO,2024-07-22,10:33:00,2024-07-29,38.1,38.75,35.2,35.8,0,16350,0
MIDCPNIFTY29JUL2411800PE.NFO,2024-07-22,10:34:00,2024-07-29,35.8,36.05,35.2,35.25,3650,16350,0
MIDCPNIFTY29JUL2411800PE.NFO,2024-07-22,10:35:00,2024-07-29,35.25,39.4,35.0,35.0,3200,16350,0
MIDCPNIFTY29JUL2411800PE.NFO,2024-07-22,10:36:00,2024-07-29,39.4,39.4,39.05,39.05,100,16350,0
MIDCPNIFTY29JUL2411800PE.NFO,2024-07-22,10:37:00,2024-07-29,38.85,38.85,37.8,38.8,200,21200,0
MIDCPNIFTY29JUL2411800PE.NFO,2024-07-22,10:38:00,2024-07-29,38.8,38.8,38.25,38.25,150,21200,0
MIDCPNIFTY29JUL2411800PE.NFO,2024-07-22,10:39:00,2024-07-29,38.6,39.25,38.6,38.9,200,21150,0
MIDCPNIFTY29JUL2411800PE.NFO,2024-07-22,10:40:00,2024-07-29,39.1,39.1,39.0,39.0,950,21150,0
MIDCPNIFTY29JUL2411800PE.NFO,2024-07-22,10:41:00,2024-07-29,39.0,39.0,36.95,36.95,100,21150,0
MIDCPNIFTY29JUL2411800PE.NFO,2024-07-22,10:42:00,2024-07-29,36.95,37.35,36.0,36.0,200,21350,0
MIDCPNIFTY29JUL2411800PE.NFO,2024-07-22,10:43:00,2024-07-29,36.0,36.95,35.8,36.3,750,21350,0
MIDCPNIFTY29JUL2411800PE.NFO,2024-07-22,10:44:00,2024-07-29,36.3,36.3,35.2,35.7,2950,21350,0
MIDCPNIFTY29JUL2411800PE.NFO,2024-07-22,10:45:00,2024-07-29,35.7,35.7,34.5,35.7,400,22250,0
MIDCPNIFTY29JUL2411800PE.NFO,2024-07-22,10:46:00,2024-07-29,35.7,35.7,35.1,35.65,850,22250,0
MIDCPNIFTY29JUL2411800PE.NFO,2024-07-22,10:47:00,2024-07-29,35.65,35.65,35.2,35.2,350,22250,0
MIDCPNIFTY29JUL2411800PE.NFO,2024-07-22,10:48:00,2024-07-29,35.35,35.5,35.2,35.5,800,22250,0
MIDCPNIFTY29JUL2411800PE.NFO,2024-07-22,10:49:00,2024-07-29,35.95,35.95,35.95,35.95,150,22650,0
MIDCPNIFTY29JUL2411800PE.NFO,2024-07-22,10:50:00,2024-07-29,35.65,35.8,35.3,35.75,50,22650,0
MIDCPNIFTY29JUL2411800PE.NFO,2024-07-22,10:51:00,2024-07-29,35.75,35.85,35.75,35.85,300,22650,0
MIDCPNIFTY29JUL2411800PE.NFO,2024-07-22,10:52:00,2024-07-29,35.85,38.2,35.85,38.05,6100,22800,0
MIDCPNIFTY29JUL2411800PE.NFO,2024-07-22,10:53:00,2024-07-29,38.05,38.05,37.3,37.6,200,22800,0
MIDCPNIFTY29JUL2411800PE.NFO,2024-07-22,10:54:00,2024-07-29,37.6,39.25,37.6,39.0,0,28050,0
MIDCPNIFTY29JUL2411800PE.NFO,2024-07-22,10:55:00,2024-07-29,39.0,39.25,39.0,39.25,300,28050,0
MIDCPNIFTY29JUL2411800PE.NFO,2024-07-22,10:56:00,2024-07-29,39.2,39.9,38.05,38.05,500,28050,0
MIDCPNIFTY29JUL2411800PE.NFO,2024-07-22,10:57:00,2024-07-29,38.05,38.05,36.8,36.8,150,28000,0
MIDCPNIFTY29JUL2411800PE.NFO,2024-07-22,10:58:00,2024-07-29,36.8,37.45,36.8,37.45,1000,28000,0
MIDCPNIFTY29JUL2411800PE.NFO,2024-07-22,10:59:00,2024-07-29,37.45,37.45,37.45,37.45,50,28000,0
MIDCPNIFTY29JUL2411800PE.NFO,2024-07-22,11:00:00,2024-07-29,37.45,40.0,37.45,40.0,0,28800,0
MIDCPNIFTY29JUL2411800PE.NFO,2024-07-22,11:01:00,2024-07-29,40.0,40.0,38.95,39.75,200,28800,0
MIDCPNIFTY29JUL2411800PE.NFO,2024-07-22,11:02:00,2024-07-29,39.75,41.85,39.75,41.85,800,28800,0
MIDCPNIFTY29JUL2411800PE.NFO,2024-07-22,11:03:00,2024-07-29,43.85,43.85,42.05,42.75,450,29050,0
MIDCPNIFTY29JUL2411800PE.NFO,2024-07-22,11:04:00,2024-07-29,42.75,42.75,41.1,41.65,500,29050,0
MIDCPNIFTY29JUL2411800PE.NFO,2024-07-22,11:05:00,2024-07-29,41.65,41.75,40.9,40.9,500,29050,0
MIDCPNIFTY29JUL2411800PE.NFO,2024-07-22,11:06:00,2024-07-29,40.9,40.9,40.15,40.15,500,29100,0
MIDCPNIFTY29JUL2411800PE.NFO,2024-07-22,11:07:00,2024-07-29,40.15,40.15,39.35,39.35,400,29100,0
MIDCPNIFTY29JUL2411800PE.NFO,2024-07-22,11:08:00,2024-07-29,40.0,40.0,40.0,40.0,200,29100,0
MIDCPNIFTY29JUL2411800PE.NFO,2024-07-22,11:09:00,2024-07-29,40.0,40.0,40.0,40.0,0,29100,0
MIDCPNIFTY29JUL2411800PE.NFO,2024-07-22,11:10:00,2024-07-29,40.0,40.0,37.75,37.75,0,29250,0
MIDCPNIFTY29JUL2411800PE.NFO,2024-07-22,11:11:00,2024-07-29,37.75,38.1,36.4,38.1,350,29250,0
MIDCPNIFTY29JUL2411800PE.NFO,2024-07-22,11:12:00,2024-07-29,38.1,38.2,38.1,38.1,1650,29700,0
MIDCPNIFTY29JUL2411800PE.NFO,2024-07-22,11:13:00,2024-07-29,38.1,38.1,38.1,38.1,50,29700,0
MIDCPNIFTY29JUL2411800PE.NFO,2024-07-22,11:14:00,2024-07-29,38.1,38.45,37.9,38.45,350,29700,0
MIDCPNIFTY29JUL2411800PE.NFO,2024-07-22,11:15:00,2024-07-29,38.45,38.45,38.45,38.45,0,29700,0
MIDCPNIFTY29JUL2411800PE.NFO,2024-07-22,11:16:00,2024-07-29,40.0,40.75,39.1,39.1,250,29750,0
MIDCPNIFTY29JUL2411800PE.NFO,2024-07-22,11:17:00,2024-07-29,39.1,39.1,39.1,39.1,200,29750,0
MIDCPNIFTY29JUL2411800PE.NFO,2024-07-22,11:18:00,2024-07-29,39.1,40.45,38.8,38.8,0,30500,0
MIDCPNIFTY29JUL2411800PE.NFO,2024-07-22,11:19:00,2024-07-29,38.8,39.95,38.8,39.9,2300,30500,0
MIDCPNIFTY29JUL2411800PE.NFO,2024-07-22,11:20:00,2024-07-29,39.9,40.0,39.05,40.0,950,30500,0
MIDCPNIFTY29JUL2411800PE.NFO,2024-07-22,11:21:00,2024-07-29,40.0,40.0,40.0,40.0,450,30500,0
MIDCPNIFTY29JUL2411800PE.NFO,2024-07-22,11:22:00,2024-07-29,40.0,40.0,40.0,40.0,50,29350,0
MIDCPNIFTY29JUL2411800PE.NFO,2024-07-22,11:23:00,2024-07-29,39.95,39.95,39.45,39.45,50,29350,0
MIDCPNIFTY29JUL2411800PE.NFO,2024-07-22,11:24:00,2024-07-29,39.45,39.45,37.25,37.25,150,29350,0
MIDCPNIFTY29JUL2411800PE.NFO,2024-07-22,11:25:00,2024-07-29,37.25,37.25,37.25,37.25,100,29350,0
MIDCPNIFTY29JUL2411800PE.NFO,2024-07-22,11:26:00,2024-07-29,38.7,38.7,37.5,37.5,750,29350,0
MIDCPNIFTY29JUL2411800PE.NFO,2024-07-22,11:27:00,2024-07-29,37.5,38.9,37.5,38.5,800,29950,0
MIDCPNIFTY29JUL2411800PE.NFO,2024-07-22,11:28:00,2024-07-29,38.5,38.5,38.5,38.5,0,29950,0
MIDCPNIFTY29JUL2411800PE.NFO,2024-07-22,11:29:00,2024-07-29,38.5,38.5,38.5,38.5,500,29950,0
MIDCPNIFTY29JUL2411800PE.NFO,2024-07-22,11:30:00,2024-07-29,38.5,38.5,38.4,38.4,0,30850,0
MIDCPNIFTY29JUL2411800PE.NFO,2024-07-22,11:31:00,2024-07-29,38.4,38.4,38.4,38.4,750,30850,0
MIDCPNIFTY29JUL2411800PE.NFO,2024-07-22,11:32:00,2024-07-29,38.4,38.4,38.0,38.4,50,30850,0
MIDCPNIFTY29JUL2411800PE.NFO,2024-07-22,11:33:00,2024-07-29,38.5,38.5,37.9,37.9,750,30850,0
MIDCPNIFTY29JUL2411800PE.NFO,2024-07-22,11:34:00,2024-07-29,37.0,38.15,37.0,38.15,400,31000,0
MIDCPNIFTY29JUL2411800PE.NFO,2024-07-22,11:35:00,2024-07-29,38.15,38.15,37.0,37.0,0,31000,0
MIDCPNIFTY29JUL2411800PE.NFO,2024-07-22,11:36:00,2024-07-29,37.0,38.75,37.0,38.75,50,30800,0
MIDCPNIFTY29JUL2411800PE.NFO,2024-07-22,11:37:00,2024-07-29,38.75,38.8,38.05,38.75,350,30800,0
MIDCPNIFTY29JUL2411800PE.NFO,2024-07-22,11:38:00,2024-07-29,38.75,38.75,38.0,38.0,550,30800,0
MIDCPNIFTY29JUL2411800PE.NFO,2024-07-22,11:39:00,2024-07-29,37.95,37.95,37.6,37.6,150,30800,0
MIDCPNIFTY29JUL2411800PE.NFO,2024-07-22,11:40:00,2024-07-29,37.6,37.6,37.6,37.6,0,30800,0
MIDCPNIFTY29JUL2411800PE.NFO,2024-07-22,11:41:00,2024-07-29,38.35,38.35,38.35,38.35,0,31250,0
MIDCPNIFTY29JUL2411800PE.NFO,2024-07-22,11:42:00,2024-07-29,38.35,38.6,38.35,38.6,100,30950,0
MIDCPNIFTY29JUL2411800PE.NFO,2024-07-22,11:43:00,2024-07-29,38.6,38.9,38.15,38.15,50,30950,0
MIDCPNIFTY29JUL2411800PE.NFO,2024-07-22,11:44:00,2024-07-29,38.15,38.15,37.0,37.0,700,30950,0
MIDCPNIFTY29JUL2411800PE.NFO,2024-07-22,11:45:00,2024-07-29,37.0,38.65,37.0,38.65,200,30950,0
MIDCPNIFTY29JUL2411800PE.NFO,2024-07-22,11:46:00,2024-07-29,38.65,38.65,37.9,37.9,100,31050,0
MIDCPNIFTY29JUL2411800PE.NFO,2024-07-22,11:47:00,2024-07-29,37.9,39.45,37.9,39.45,50,31050,0
MIDCPNIFTY29JUL2411800PE.NFO,2024-07-22,11:48:00,2024-07-29,39.45,40.85,39.45,40.0,200,31050,0
MIDCPNIFTY29JUL2411800PE.NFO,2024-07-22,11:49:00,2024-07-29,40.0,40.0,40.0,40.0,50,31050,0
MIDCPNIFTY29JUL2411800PE.NFO,2024-07-22,11:50:00,2024-07-29,40.0,40.0,39.85,39.85,0,31150,0
MIDCPNIFTY29JUL2411800PE.NFO,2024-07-22,11:51:00,2024-07-29,39.85,39.85,39.25,39.25,50,31150,0
MIDCPNIFTY29JUL2411800PE.NFO,2024-07-22,11:52:00,2024-07-29,39.25,39.9,39.25,39.9,50,31150,0
MIDCPNIFTY29JUL2411800PE.NFO,2024-07-22,11:53:00,2024-07-29,39.9,40.0,39.9,40.0,100,31150,0
MIDCPNIFTY29JUL2411800PE.NFO,2024-07-22,11:54:00,2024-07-29,40.0,40.0,40.0,40.0,0,31150,0
MIDCPNIFTY29JUL2411800PE.NFO,2024-07-22,11:55:00,2024-07-29,39.05,39.8,39.05,39.8,350,31250,0
MIDCPNIFTY29JUL2411800PE.NFO,2024-07-22,11:56:00,2024-07-29,39.8,39.95,39.8,39.95,0,31250,0
MIDCPNIFTY29JUL2411800PE.NFO,2024-07-22,11:57:00,2024-07-29,39.95,39.95,39.95,39.95,900,31250,0
MIDCPNIFTY29JUL2411800PE.NFO,2024-07-22,11:58:00,2024-07-29,39.95,39.95,39.9,39.9,50,31650,0
MIDCPNIFTY29JUL2411800PE.NFO,2024-07-22,11:59:00,2024-07-29,39.9,39.9,39.9,39.9,0,31650,0
MIDCPNIFTY29JUL2411800PE.NFO,2024-07-22,12:00:00,2024-07-29,39.0,39.0,39.0,39.0,50,31650,0
MIDCPNIFTY29JUL2411800PE.NFO,2024-07-22,12:01:00,2024-07-29,39.55,39.55,39.55,39.55,50,31750,0
MIDCPNIFTY29JUL2411800PE.NFO,2024-07-22,12:02:00,2024-07-29,40.1,40.1,39.75,39.75,350,31750,0
MIDCPNIFTY29JUL2411800PE.NFO,2024-07-22,12:03:00,2024-07-29,39.75,39.75,39.75,39.75,0,31750,0
MIDCPNIFTY29JUL2411800PE.NFO,2024-07-22,12:04:00,2024-07-29,39.75,39.75,39.75,39.75,0,31750,0
MIDCPNIFTY29JUL2411800PE.NFO,2024-07-22,12:05:00,2024-07-29,38.7,38.85,38.7,38.85,200,31800,0
MIDCPNIFTY29JUL2411800PE.NFO,2024-07-22,12:06:00,2024-07-29,38.85,39.15,38.2,39.15,650,31300,0
MIDCPNIFTY29JUL2411800PE.NFO,2024-07-22,12:07:00,2024-07-29,39.15,39.2,39.0,39.0,250,31300,0
MIDCPNIFTY29JUL2411800PE.NFO,2024-07-22,12:08:00,2024-07-29,39.55,39.6,39.55,39.6,100,31300,0
MIDCPNIFTY29JUL2411800PE.NFO,2024-07-22,12:09:00,2024-07-29,39.6,39.6,39.6,39.6,450,31300,0
MIDCPNIFTY29JUL2411800PE.NFO,2024-07-22,12:10:00,2024-07-29,39.6,39.6,39.6,39.6,0,31300,0
MIDCPNIFTY29JUL2411800PE.NFO,2024-07-22,12:11:00,2024-07-29,39.6,39.6,39.6,39.6,0,31300,0
MIDCPNIFTY29JUL2411800PE.NFO,2024-07-22,12:12:00,2024-07-29,39.6,39.6,39.6,39.6,0,31700,0
MIDCPNIFTY29JUL2411800PE.NFO,2024-07-22,12:13:00,2024-07-29,39.6,39.6,39.6,39.6,50,31700,0
MIDCPNIFTY29JUL2411800PE.NFO,2024-07-22,12:14:00,2024-07-29,39.6,39.6,39.6,39.6,0,31700,0
MIDCPNIFTY29JUL2411800PE.NFO,2024-07-22,12:15:00,2024-07-29,39.6,39.6,39.6,39.6,250,31700,0
MIDCPNIFTY29JUL2411800PE.NFO,2024-07-22,12:16:00,2024-07-29,39.6,39.6,39.6,39.6,0,31700,0
MIDCPNIFTY29JUL2411800PE.NFO,2024-07-22,12:17:00,2024-07-29,39.6,39.6,39.6,39.6,0,31700,0
MIDCPNIFTY29JUL2411800PE.NFO,2024-07-22,12:18:00,2024-07-29,39.45,39.45,37.55,37.55,550,31950,0
MIDCPNIFTY29JUL2411800PE.NFO,2024-07-22,12:19:00,2024-07-29,37.55,37.65,37.55,37.65,100,31950,0
MIDCPNIFTY29JUL2411800PE.NFO,2024-07-22,12:20:00,2024-07-29,38.55,38.6,38.15,38.6,950,31950,0
MIDCPNIFTY29JUL2411800PE.NFO,2024-07-22,12:21:00,2024-07-29,38.6,39.1,38.6,39.1,600,31950,0
MIDCPNIFTY29JUL2411800PE.NFO,2024-07-22,12:22:00,2024-07-29,39.1,39.1,38.95,38.95,150,33000,0
MIDCPNIFTY29JUL2411800PE.NFO,2024-07-22,12:23:00,2024-07-29,38.95,39.3,38.95,39.2,50,33000,0
MIDCPNIFTY29JUL2411800PE.NFO,2024-07-22,12:24:00,2024-07-29,39.2,39.3,39.2,39.3,200,33000,0
MIDCPNIFTY29JUL2411800PE.NFO,2024-07-22,12:25:00,2024-07-29,39.4,40.05,39.4,40.05,50,33300,0
MIDCPNIFTY29JUL2411800PE.NFO,2024-07-22,12:26:00,2024-07-29,40.05,40.65,40.05,40.65,150,33300,0
MIDCPNIFTY29JUL2411800PE.NFO,2024-07-22,12:27:00,2024-07-29,40.65,40.65,40.65,40.65,150,33300,0
MIDCPNIFTY29JUL2411800PE.NFO,2024-07-22,12:28:00,2024-07-29,40.65,40.65,40.65,40.65,0,33300,0
MIDCPNIFTY29JUL2411800PE.NFO,2024-07-22,12:29:00,2024-07-29,40.45,40.45,40.45,40.45,50,33300,0
MIDCPNIFTY29JUL2411800PE.NFO,2024-07-22,12:30:00,2024-07-29,40.45,40.55,39.9,39.9,250,33450,0
MIDCPNIFTY29JUL2411800PE.NFO,2024-07-22,12:31:00,2024-07-29,39.9,41.35,39.9,41.35,0,33450,0
MIDCPNIFTY29JUL2411800PE.NFO,2024-07-22,12:32:00,2024-07-29,41.35,41.4,41.35,41.4,1000,33450,0
MIDCPNIFTY29JUL2411800PE.NFO,2024-07-22,12:33:00,2024-07-29,41.4,41.4,40.5,40.5,450,33450,0
MIDCPNIFTY29JUL2411800PE.NFO,2024-07-22,12:34:00,2024-07-29,40.5,40.55,40.5,40.55,50,34400,0
MIDCPNIFTY29JUL2411800PE.NFO,2024-07-22,12:35:00,2024-07-29,40.55,41.5,40.55,41.5,150,34400,0
MIDCPNIFTY29JUL2411800PE.NFO,2024-07-22,12:36:00,2024-07-29,41.5,41.5,41.4,41.4,50,34400,0
MIDCPNIFTY29JUL2411800PE.NFO,2024-07-22,12:37:00,2024-07-29,41.4,41.4,41.4,41.4,50,34400,0
MIDCPNIFTY29JUL2411800PE.NFO,2024-07-22,12:38:00,2024-07-29,41.4,41.5,41.4,41.5,0,34350,0
MIDCPNIFTY29JUL2411800PE.NFO,2024-07-22,12:39:00,2024-07-29,41.5,42.75,41.5,42.75,100,34350,0
MIDCPNIFTY29JUL2411800PE.NFO,2024-07-22,12:40:00,2024-07-29,42.75,43.35,42.75,43.35,450,34200,0
MIDCPNIFTY29JUL2411800PE.NFO,2024-07-22,12:41:00,2024-07-29,43.35,45.0,41.15,45.0,1700,34200,0
MIDCPNIFTY29JUL2411800PE.NFO,2024-07-22,12:42:00,2024-07-29,45.0,45.0,42.3,42.3,600,34450,0
MIDCPNIFTY29JUL2411800PE.NFO,2024-07-22,12:43:00,2024-07-29,42.3,43.9,42.3,42.95,100,34450,0
MIDCPNIFTY29JUL2411800PE.NFO,2024-07-22,12:44:00,2024-07-29,42.95,42.95,41.85,41.85,400,34450,0
MIDCPNIFTY29JUL2411800PE.NFO,2024-07-22,12:45:00,2024-07-29,41.85,41.85,41.75,41.75,50,34450,0
MIDCPNIFTY29JUL2411800PE.NFO,2024-07-22,12:46:00,2024-07-29,41.75,41.75,40.0,40.6,1000,34350,0
MIDCPNIFTY29JUL2411800PE.NFO,2024-07-22,12:47:00,2024-07-29,40.6,40.6,40.6,40.6,0,34350,0
MIDCPNIFTY29JUL2411800PE.NFO,2024-07-22,12:48:00,2024-07-29,39.3,39.3,39.3,39.3,450,34350,0
MIDCPNIFTY29JUL2411800PE.NFO,2024-07-22,12:49:00,2024-07-29,39.3,39.3,39.3,39.3,0,34350,0
MIDCPNIFTY29JUL2411800PE.NFO,2024-07-22,12:50:00,2024-07-29,38.5,40.75,38.5,40.75,350,35050,0
MIDCPNIFTY29JUL2411800PE.NFO,2024-07-22,12:51:00,2024-07-29,39.7,39.7,38.5,38.5,250,35050,0
MIDCPNIFTY29JUL2411800PE.NFO,2024-07-22,12:52:00,2024-07-29,38.5,38.5,38.5,38.5,0,35050,0
MIDCPNIFTY29JUL2411800PE.NFO,2024-07-22,12:53:00,2024-07-29,38.95,38.95,38.95,38.95,50,34950,0
MIDCPNIFTY29JUL2411800PE.NFO,2024-07-22,12:54:00,2024-07-29,38.95,39.75,38.75,39.75,150,34950,0
MIDCPNIFTY29JUL2411800PE.NFO,2024-07-22,12:55:00,2024-07-29,39.75,40.1,39.5,40.1,150,35000,0
MIDCPNIFTY29JUL2411800PE.NFO,2024-07-22,12:56:00,2024-07-29,40.85,40.85,40.85,40.85,100,35000,0
MIDCPNIFTY29JUL2411800PE.NFO,2024-07-22,12:57:00,2024-07-29,40.85,40.85,40.55,40.55,100,35000,0
MIDCPNIFTY29JUL2411800PE.NFO,2024-07-22,12:58:00,2024-07-29,40.8,40.8,40.05,40.55,700,35450,0
MIDCPNIFTY29JUL2411800PE.NFO,2024-07-22,12:59:00,2024-07-29,39.3,39.3,37.8,37.8,1900,35450,0
MIDCPNIFTY29JUL2411800PE.NFO,2024-07-22,13:00:00,2024-07-29,39.45,39.45,39.45,39.45,50,35450,0
MIDCPNIFTY29JUL2411800PE.NFO,2024-07-22,13:01:00,2024-07-29,39.45,40.3,39.45,40.3,0,35100,0
MIDCPNIFTY29JUL2411800PE.NFO,2024-07-22,13:02:00,2024-07-29,40.3,40.3,40.3,40.3,250,35100,0
MIDCPNIFTY29JUL2411800PE.NFO,2024-07-22,13:03:00,2024-07-29,40.3,40.3,40.3,40.3,0,35100,0
MIDCPNIFTY29JUL2411800PE.NFO,2024-07-22,13:04:00,2024-07-29,40.3,40.3,40.3,40.3,0,34850,0
MIDCPNIFTY29JUL2411800PE.NFO,2024-07-22,13:05:00,2024-07-29,40.85,40.85,39.0,39.0,150,34850,0
MIDCPNIFTY29JUL2411800PE.NFO,2024-07-22,13:06:00,2024-07-29,39.0,39.0,39.0,39.0,400,34850,0
MIDCPNIFTY29JUL2411800PE.NFO,2024-07-22,13:07:00,2024-07-29,39.0,39.0,39.0,39.0,0,34850,0
MIDCPNIFTY29JUL2411800PE.NFO,2024-07-22,13:08:00,2024-07-29,39.0,39.0,38.95,38.95,0,35050,0
MIDCPNIFTY29JUL2411800PE.NFO,2024-07-22,13:09:00,2024-07-29,38.95,39.05,38.95,39.05,1000,35050,0
MIDCPNIFTY29JUL2411800PE.NFO,2024-07-22,13:10:00,2024-07-29,39.05,39.05,38.0,38.0,450,36200,0
MIDCPNIFTY29JUL2411800PE.NFO,2024-07-22,13:11:00,2024-07-29,38.0,38.0,37.0,37.0,0,36200,0
MIDCPNIFTY29JUL2411800PE.NFO,2024-07-22,13:12:00,2024-07-29,37.0,37.0,37.0,37.0,150,36200,0
MIDCPNIFTY29JUL2411800PE.NFO,2024-07-22,13:13:00,2024-07-29,37.0,38.7,37.0,38.7,100,36450,0
MIDCPNIFTY29JUL2411800PE.NFO,2024-07-22,13:14:00,2024-07-29,38.7,38.7,38.7,38.7,100,36450,0
MIDCPNIFTY29JUL2411800PE.NFO,2024-07-22,13:15:00,2024-07-29,37.1,37.1,37.0,37.0,100,36450,0
MIDCPNIFTY29JUL2411800PE.NFO,2024-07-22,13:16:00,2024-07-29,37.0,37.0,37.0,37.0,400,36450,0
MIDCPNIFTY29JUL2411800PE.NFO,2024-07-22,13:17:00,2024-07-29,36.0,36.4,36.0,36.0,1300,36800,0
MIDCPNIFTY29JUL2411800PE.NFO,2024-07-22,13:18:00,2024-07-29,36.0,36.0,35.7,35.7,0,36800,0
MIDCPNIFTY29JUL2411800PE.NFO,2024-07-22,13:19:00,2024-07-29,35.7,35.7,35.3,35.3,1300,35450,0
MIDCPNIFTY29JUL2411800PE.NFO,2024-07-22,13:20:00,2024-07-29,35.3,35.3,35.3,35.3,0,35450,0
MIDCPNIFTY29JUL2411800PE.NFO,2024-07-22,13:21:00,2024-07-29,35.3,35.3,34.95,34.95,50,35450,0
MIDCPNIFTY29JUL2411800PE.NFO,2024-07-22,13:22:00,2024-07-29,34.95,35.0,34.95,35.0,650,35450,0
MIDCPNIFTY29JUL2411800PE.NFO,2024-07-22,13:23:00,2024-07-29,35.0,35.0,35.0,35.0,50,35650,0
MIDCPNIFTY29JUL2411800PE.NFO,2024-07-22,13:24:00,2024-07-29,34.55,34.55,33.85,33.85,50,35650,0
MIDCPNIFTY29JUL2411800PE.NFO,2024-07-22,13:25:00,2024-07-29,33.85,33.85,33.85,33.85,250,35650,0
MIDCPNIFTY29JUL2411800PE.NFO,2024-07-22,13:26:00,2024-07-29,33.0,33.1,31.7,31.7,2850,35900,0
MIDCPNIFTY29JUL2411800PE.NFO,2024-07-22,13:27:00,2024-07-29,31.7,33.5,31.7,33.4,3650,35900,0
MIDCPNIFTY29JUL2411800PE.NFO,2024-07-22,13:28:00,2024-07-29,33.4,34.45,33.4,34.45,100,40850,0
MIDCPNIFTY29JUL2411800PE.NFO,2024-07-22,13:29:00,2024-07-29,34.45,34.7,34.45,34.7,250,40850,0
MIDCPNIFTY29JUL2411800PE.NFO,2024-07-22,13:30:00,2024-07-29,34.7,34.7,32.2,32.2,1700,40850,0
MIDCPNIFTY29JUL2411800PE.NFO,2024-07-22,13:31:00,2024-07-29,32.2,33.15,32.2,32.25,750,40600,0
MIDCPNIFTY29JUL2411800PE.NFO,2024-07-22,13:32:00,2024-07-29,32.25,32.25,32.25,32.25,0,40600,0
MIDCPNIFTY29JUL2411800PE.NFO,2024-07-22,13:33:00,2024-07-29,32.25,32.3,32.0,32.0,450,40600,0
MIDCPNIFTY29JUL2411800PE.NFO,2024-07-22,13:34:00,2024-07-29,32.0,32.75,32.0,32.75,550,40950,0
MIDCPNIFTY29JUL2411800PE.NFO,2024-07-22,13:35:00,2024-07-29,32.75,33.2,32.5,33.2,300,40950,0
MIDCPNIFTY29JUL2411800PE.NFO,2024-07-22,13:36:00,2024-07-29,33.2,33.2,32.9,32.95,400,40950,0
MIDCPNIFTY29JUL2411800PE.NFO,2024-07-22,13:37:00,2024-07-29,32.95,33.3,32.95,33.3,0,41650,0
MIDCPNIFTY29JUL2411800PE.NFO,2024-07-22,13:38:00,2024-07-29,33.3,33.3,33.3,33.3,50,41650,0
MIDCPNIFTY29JUL2411800PE.NFO,2024-07-22,13:39:00,2024-07-29,33.15,33.15,32.45,32.45,150,41650,0
MIDCPNIFTY29JUL2411800PE.NFO,2024-07-22,13:40:00,2024-07-29,32.45,33.0,32.45,33.0,0,41700,0
MIDCPNIFTY29JUL2411800PE.NFO,2024-07-22,13:41:00,2024-07-29,33.0,33.3,33.0,33.0,400,41700,0
MIDCPNIFTY29JUL2411800PE.NFO,2024-07-22,13:42:00,2024-07-29,33.0,33.0,33.0,33.0,300,41700,0
MIDCPNIFTY29JUL2411800PE.NFO,2024-07-22,13:43:00,2024-07-29,33.0,33.0,33.0,33.0,0,41700,0
MIDCPNIFTY29JUL2411800PE.NFO,2024-07-22,13:44:00,2024-07-29,33.0,33.0,33.0,33.0,0,41700,0
MIDCPNIFTY29JUL2411800PE.NFO,2024-07-22,13:45:00,2024-07-29,33.0,33.0,32.05,32.05,0,41700,0
MIDCPNIFTY29JUL2411800PE.NFO,2024-07-22,13:46:00,2024-07-29,32.05,32.05,32.05,32.05,350,41700,0
MIDCPNIFTY29JUL2411800PE.NFO,2024-07-22,13:47:00,2024-07-29,32.05,32.05,32.05,32.05,0,41700,0
MIDCPNIFTY29JUL2411800PE.NFO,2024-07-22,13:48:00,2024-07-29,32.05,32.75,32.05,32.75,0,41650,0
MIDCPNIFTY29JUL2411800PE.NFO,2024-07-22,13:49:00,2024-07-29,32.8,32.8,32.75,32.75,800,41800,0
MIDCPNIFTY29JUL2411800PE.NFO,2024-07-22,13:50:00,2024-07-29,32.75,32.95,32.75,32.95,250,41800,0
MIDCPNIFTY29JUL2411800PE.NFO,2024-07-22,13:51:00,2024-07-29,32.95,32.95,32.95,32.95,50,41800,0
MIDCPNIFTY29JUL2411800PE.NFO,2024-07-22,13:52:00,2024-07-29,32.95,33.25,32.95,33.25,100,42400,0
MIDCPNIFTY29JUL2411800PE.NFO,2024-07-22,13:53:00,2024-07-29,33.25,33.35,33.05,33.05,350,42400,0
MIDCPNIFTY29JUL2411800PE.NFO,2024-07-22,13:54:00,2024-07-29,33.05,33.3,32.5,32.65,500,42400,0
MIDCPNIFTY29JUL2411800PE.NFO,2024-07-22,13:55:00,2024-07-29,32.65,32.65,32.05,32.2,650,41600,0
MIDCPNIFTY29JUL2411800PE.NFO,2024-07-22,13:56:00,2024-07-29,32.2,32.85,32.2,32.85,300,41600,0
MIDCPNIFTY29JUL2411800PE.NFO,2024-07-22,13:57:00,2024-07-29,32.85,32.85,32.85,32.85,200,41600,0
MIDCPNIFTY29JUL2411800PE.NFO,2024-07-22,13:58:00,2024-07-29,32.85,33.2,32.85,33.2,0,41900,0
MIDCPNIFTY29JUL2411800PE.NFO,2024-07-22,13:59:00,2024-07-29,33.2,33.2,33.2,33.2,50,41900,0
MIDCPNIFTY29JUL2411800PE.NFO,2024-07-22,14:00:00,2024-07-29,33.2,33.2,33.0,33.0,0,41900,0
MIDCPNIFTY29JUL2411800PE.NFO,2024-07-22,14:01:00,2024-07-29,33.0,33.0,33.0,33.0,50,41900,0
MIDCPNIFTY29JUL2411800PE.NFO,2024-07-22,14:02:00,2024-07-29,33.0,33.0,33.0,33.0,0,41900,0
MIDCPNIFTY29JUL2411800PE.NFO,2024-07-22,14:03:00,2024-07-29,33.0,33.0,31.9,31.9,0,41950,0
MIDCPNIFTY29JUL2411800PE.NFO,2024-07-22,14:04:00,2024-07-29,31.9,31.9,31.35,31.35,150,42000,0
MIDCPNIFTY29JUL2411800PE.NFO,2024-07-22,14:05:00,2024-07-29,31.35,32.25,31.35,32.25,100,42000,0
MIDCPNIFTY29JUL2411800PE.NFO,2024-07-22,14:06:00,2024-07-29,32.25,32.55,32.25,32.55,0,42000,0
MIDCPNIFTY29JUL2411800PE.NFO,2024-07-22,14:07:00,2024-07-29,32.55,33.15,32.55,33.05,1550,42900,0
MIDCPNIFTY29JUL2411800PE.NFO,2024-07-22,14:08:00,2024-07-29,33.05,33.05,33.05,33.05,0,42900,0
MIDCPNIFTY29JUL2411800PE.NFO,2024-07-22,14:09:00,2024-07-29,33.15,33.15,33.15,33.15,50,42900,0
MIDCPNIFTY29JUL2411800PE.NFO,2024-07-22,14:10:00,2024-07-29,33.15,33.2,32.6,33.15,450,43200,0
MIDCPNIFTY29JUL2411800PE.NFO,2024-07-22,14:11:00,2024-07-29,33.15,33.2,33.1,33.1,350,43200,0
MIDCPNIFTY29JUL2411800PE.NFO,2024-07-22,14:12:00,2024-07-29,33.1,33.1,32.35,32.35,100,43200,0
MIDCPNIFTY29JUL2411800PE.NFO,2024-07-22,14:13:00,2024-07-29,32.35,32.65,32.35,32.65,600,43650,0
MIDCPNIFTY29JUL2411800PE.NFO,2024-07-22,14:14:00,2024-07-29,32.65,33.15,32.6,33.15,250,43650,0
MIDCPNIFTY29JUL2411800PE.NFO,2024-07-22,14:15:00,2024-07-29,33.15,33.2,32.3,33.0,1700,43650,0
MIDCPNIFTY29JUL2411800PE.NFO,2024-07-22,14:16:00,2024-07-29,33.0,33.0,32.9,32.9,200,43800,0
MIDCPNIFTY29JUL2411800PE.NFO,2024-07-22,14:17:00,2024-07-29,32.95,32.95,32.95,32.95,50,43800,0
MIDCPNIFTY29JUL2411800PE.NFO,2024-07-22,14:18:00,2024-07-29,32.95,33.2,32.4,32.4,0,43800,0
MIDCPNIFTY29JUL2411800PE.NFO,2024-07-22,14:19:00,2024-07-29,32.4,32.95,32.4,32.6,800,43800,0
MIDCPNIFTY29JUL2411800PE.NFO,2024-07-22,14:20:00,2024-07-29,32.6,32.6,32.6,32.6,400,43800,0
MIDCPNIFTY29JUL2411800PE.NFO,2024-07-22,14:21:00,2024-07-29,32.6,32.6,32.6,32.6,0,43800,0
MIDCPNIFTY29JUL2411800PE.NFO,2024-07-22,14:22:00,2024-07-29,32.3,32.3,32.3,32.3,50,43800,0
MIDCPNIFTY29JUL2411800PE.NFO,2024-07-22,14:23:00,2024-07-29,32.3,32.3,32.0,32.0,0,44050,0
MIDCPNIFTY29JUL2411800PE.NFO,2024-07-22,14:24:00,2024-07-29,32.0,33.0,32.0,32.2,700,44050,0
MIDCPNIFTY29JUL2411800PE.NFO,2024-07-22,14:25:00,2024-07-29,32.2,32.2,31.8,31.8,250,44950,0
MIDCPNIFTY29JUL2411800PE.NFO,2024-07-22,14:26:00,2024-07-29,31.8,31.8,31.8,31.8,850,44950,0
MIDCPNIFTY29JUL2411800PE.NFO,2024-07-22,14:27:00,2024-07-29,31.8,31.8,31.8,31.8,0,44950,0
MIDCPNIFTY29JUL2411800PE.NFO,2024-07-22,14:28:00,2024-07-29,31.8,32.95,31.8,32.95,200,45050,0
MIDCPNIFTY29JUL2411800PE.NFO,2024-07-22,14:29:00,2024-07-29,32.95,32.95,32.95,32.95,100,45050,0
MIDCPNIFTY29JUL2411800PE.NFO,2024-07-22,14:30:00,2024-07-29,32.95,32.95,32.95,32.95,0,45050,0
MIDCPNIFTY29JUL2411800PE.NFO,2024-07-22,14:31:00,2024-07-29,32.95,32.95,31.95,31.95,200,45050,0
MIDCPNIFTY29JUL2411800PE.NFO,2024-07-22,14:32:00,2024-07-29,31.95,32.5,31.95,32.3,100,45050,0
MIDCPNIFTY29JUL2411800PE.NFO,2024-07-22,14:33:00,2024-07-29,32.3,32.75,32.3,32.75,50,45050,0
MIDCPNIFTY29JUL2411800PE.NFO,2024-07-22,14:34:00,2024-07-29,32.75,32.95,32.7,32.95,600,45050,0
MIDCPNIFTY29JUL2411800PE.NFO,2024-07-22,14:35:00,2024-07-29,32.95,32.95,32.35,32.35,50,45550,0
MIDCPNIFTY29JUL2411800PE.NFO,2024-07-22,14:36:00,2024-07-29,32.35,32.35,32.1,32.1,350,45550,0
MIDCPNIFTY29JUL2411800PE.NFO,2024-07-22,14:37:00,2024-07-29,32.1,32.7,31.75,31.75,250,45450,0
MIDCPNIFTY29JUL2411800PE.NFO,2024-07-22,14:38:00,2024-07-29,31.75,31.75,30.1,30.6,1150,45450,0
MIDCPNIFTY29JUL2411800PE.NFO,2024-07-22,14:39:00,2024-07-29,30.6,31.5,30.6,30.7,200,45450,0
MIDCPNIFTY29JUL2411800PE.NFO,2024-07-22,14:40:00,2024-07-29,30.7,31.55,30.5,30.5,100,45450,0
MIDCPNIFTY29JUL2411800PE.NFO,2024-07-22,14:41:00,2024-07-29,30.5,31.55,28.85,28.85,1400,45450,0
MIDCPNIFTY29JUL2411800PE.NFO,2024-07-22,14:42:00,2024-07-29,28.85,30.4,28.85,30.4,950,45450,0
MIDCPNIFTY29JUL2411800PE.NFO,2024-07-22,14:43:00,2024-07-29,30.4,30.4,30.2,30.2,0,45650,0
MIDCPNIFTY29JUL2411800PE.NFO,2024-07-22,14:44:00,2024-07-29,30.2,30.2,30.0,30.0,200,45650,0
MIDCPNIFTY29JUL2411800PE.NFO,2024-07-22,14:45:00,2024-07-29,30.0,31.4,30.0,30.4,1100,45650,0
MIDCPNIFTY29JUL2411800PE.NFO,2024-07-22,14:46:00,2024-07-29,30.4,31.7,30.4,31.45,650,46550,0
MIDCPNIFTY29JUL2411800PE.NFO,2024-07-22,14:47:00,2024-07-29,31.45,31.45,30.35,31.25,500,46550,0
MIDCPNIFTY29JUL2411800PE.NFO,2024-07-22,14:48:00,2024-07-29,31.25,31.6,31.25,31.6,0,46550,0
MIDCPNIFTY29JUL2411800PE.NFO,2024-07-22,14:49:00,2024-07-29,31.6,31.6,31.55,31.55,650,46750,0
MIDCPNIFTY29JUL2411800PE.NFO,2024-07-22,14:50:00,2024-07-29,31.55,31.55,31.45,31.55,0,46750,0
MIDCPNIFTY29JUL2411800PE.NFO,2024-07-22,14:51:00,2024-07-29,31.55,32.05,31.55,32.05,2250,46750,0
MIDCPNIFTY29JUL2411800PE.NFO,2024-07-22,14:52:00,2024-07-29,32.05,32.25,31.3,31.35,600,48350,0
MIDCPNIFTY29JUL2411800PE.NFO,2024-07-22,14:53:00,2024-07-29,31.35,32.0,31.35,32.0,100,48350,0
MIDCPNIFTY29JUL2411800PE.NFO,2024-07-22,14:54:00,2024-07-29,32.0,32.0,32.0,32.0,0,48350,0
MIDCPNIFTY29JUL2411800PE.NFO,2024-07-22,14:55:00,2024-07-29,32.05,32.55,32.05,32.55,250,48900,0
MIDCPNIFTY29JUL2411800PE.NFO,2024-07-22,14:56:00,2024-07-29,32.55,33.05,32.5,33.05,250,48900,0
MIDCPNIFTY29JUL2411800PE.NFO,2024-07-22,14:57:00,2024-07-29,33.05,33.05,33.05,33.05,50,48900,0
MIDCPNIFTY29JUL2411800PE.NFO,2024-07-22,14:58:00,2024-07-29,32.6,32.85,32.6,32.8,150,48700,0
MIDCPNIFTY29JUL2411800PE.NFO,2024-07-22,14:59:00,2024-07-29,32.8,33.0,32.55,32.65,950,48700,0
MIDCPNIFTY29JUL2411800PE.NFO,2024-07-22,15:00:00,2024-07-29,32.65,32.9,32.65,32.9,400,48700,0
MIDCPNIFTY29JUL2411800PE.NFO,2024-07-22,15:01:00,2024-07-29,33.2,33.25,32.5,32.5,2600,50200,0
MIDCPNIFTY29JUL2411800PE.NFO,2024-07-22,15:02:00,2024-07-29,32.5,33.0,32.0,32.25,700,50200,0
MIDCPNIFTY29JUL2411800PE.NFO,2024-07-22,15:03:00,2024-07-29,32.25,33.35,32.25,32.35,2500,50200,0
MIDCPNIFTY29JUL2411800PE.NFO,2024-07-22,15:04:00,2024-07-29,32.35,34.45,32.35,33.75,4850,50850,0
MIDCPNIFTY29JUL2411800PE.NFO,2024-07-22,15:05:00,2024-07-29,33.75,37.2,33.75,37.1,8550,50850,0
MIDCPNIFTY29JUL2411800PE.NFO,2024-07-22,15:06:00,2024-07-29,37.1,40.8,37.1,40.05,8100,50850,0
MIDCPNIFTY29JUL2411800PE.NFO,2024-07-22,15:07:00,2024-07-29,40.05,40.95,37.85,39.4,6450,62150,0
MIDCPNIFTY29JUL2411800PE.NFO,2024-07-22,15:08:00,2024-07-29,39.4,39.9,38.55,39.9,1600,62150,0
MIDCPNIFTY29JUL2411800PE.NFO,2024-07-22,15:09:00,2024-07-29,39.9,41.05,39.9,39.95,1550,62150,0
MIDCPNIFTY29JUL2411800PE.NFO,2024-07-22,15:10:00,2024-07-29,39.95,40.2,39.6,39.6,1700,65500,0
MIDCPNIFTY29JUL2411800PE.NFO,2024-07-22,15:11:00,2024-07-29,39.6,40.35,39.6,40.15,500,65500,0
MIDCPNIFTY29JUL2411800PE.NFO,2024-07-22,15:12:00,2024-07-29,40.15,40.15,38.4,38.55,600,65500,0
MIDCPNIFTY29JUL2411800PE.NFO,2024-07-22,15:13:00,2024-07-29,38.55,39.0,38.5,38.55,5750,69550,0
MIDCPNIFTY29JUL2411800PE.NFO,2024-07-22,15:14:00,2024-07-29,38.55,39.15,38.3,39.15,3400,69550,0
MIDCPNIFTY29JUL2411800PE.NFO,2024-07-22,15:15:00,2024-07-29,39.15,41.0,38.7,39.15,2150,69550,0
MIDCPNIFTY29JUL2411800PE.NFO,2024-07-22,15:16:00,2024-07-29,39.15,39.35,38.8,39.35,2900,70950,0
MIDCPNIFTY29JUL2411800PE.NFO,2024-07-22,15:17:00,2024-07-29,39.35,39.35,39.05,39.3,2400,70950,0
MIDCPNIFTY29JUL2411800PE.NFO,2024-07-22,15:18:00,2024-07-29,39.3,39.3,38.75,38.75,150,70950,0
MIDCPNIFTY29JUL2411800PE.NFO,2024-07-22,15:19:00,2024-07-29,38.75,39.0,38.7,38.85,4150,75150,0
MIDCPNIFTY29JUL2411800PE.NFO,2024-07-22,15:20:00,2024-07-29,38.85,39.0,38.7,39.0,1900,75150,0
MIDCPNIFTY29JUL2411800PE.NFO,2024-07-22,15:21:00,2024-07-29,39.0,39.0,38.2,38.2,5150,75150,0
MIDCPNIFTY29JUL2411800PE.NFO,2024-07-22,15:22:00,2024-07-29,38.2,38.7,37.8,38.45,800,82250,0
MIDCPNIFTY29JUL2411800PE.NFO,2024-07-22,15:23:00,2024-07-29,38.35,39.1,37.9,37.9,1900,82250,0
MIDCPNIFTY29JUL2411800PE.NFO,2024-07-22,15:24:00,2024-07-29,37.9,38.7,37.6,37.9,1450,82250,0
MIDCPNIFTY29JUL2411800PE.NFO,2024-07-22,15:25:00,2024-07-29,37.9,38.75,37.9,38.25,2850,83000,0
MIDCPNIFTY29JUL2411800PE.NFO,2024-07-22,15:26:00,2024-07-29,38.25,40.55,38.05,38.6,5900,83000,0
MIDCPNIFTY29JUL2411800PE.NFO,2024-07-22,15:27:00,2024-07-29,38.6,39.3,38.0,38.5,3300,83000,0
MIDCPNIFTY29JUL2411800PE.NFO,2024-07-22,15:28:00,2024-07-29,38.5,40.2,38.35,39.0,3350,88700,0
MIDCPNIFTY29JUL2411800PE.NFO,2024-07-22,15:29:00,2024-07-29,38.5,40.45,38.35,39.05,1500,88700,0
MIDCPNIFTY29JUL2411800PE.NFO,2024-07-22,15:30:00,2024-07-29,39.05,39.05,39.05,39.05,1500,88700,1
MIDCPNIFTY29JUL2411800PE.NFO,2024-07-23,09:15:00,2024-07-29,36.95,37.85,34.7,34.7,400,91050,0
MIDCPNIFTY29JUL2411800PE.NFO,2024-07-23,09:16:00,2024-07-29,34.7,35.35,32.5,32.95,7300,91050,0
MIDCPNIFTY29JUL2411800PE.NFO,2024-07-23,09:17:00,2024-07-29,32.95,33.45,31.75,31.75,11800,91050,0
MIDCPNIFTY29JUL2411800PE.NFO,2024-07-23,09:18:00,2024-07-29,31.75,35.4,31.75,33.7,2050,97750,0
MIDCPNIFTY29JUL2411800PE.NFO,2024-07-23,09:19:00,2024-07-29,33.7,36.15,32.75,35.95,7200,97750,0
MIDCPNIFTY29JUL2411800PE.NFO,2024-07-23,09:20:00,2024-07-29,35.95,37.2,33.45,37.2,3100,97750,0
MIDCPNIFTY29JUL2411800PE.NFO,2024-07-23,09:21:00,2024-07-29,37.2,37.75,35.15,35.5,4350,94500,0
MIDCPNIFTY29JUL2411800PE.NFO,2024-07-23,09:22:00,2024-07-29,35.5,36.0,34.05,35.65,3100,94500,0
MIDCPNIFTY29JUL2411800PE.NFO,2024-07-23,09:23:00,2024-07-29,35.65,35.7,33.3,34.7,2550,94500,0
MIDCPNIFTY29JUL2411800PE.NFO,2024-07-23,09:24:00,2024-07-29,34.7,35.1,33.65,33.65,3300,93800,0
MIDCPNIFTY29JUL2411800PE.NFO,2024-07-23,09:25:00,2024-07-29,33.65,35.8,33.65,35.1,500,93800,0
MIDCPNIFTY29JUL2411800PE.NFO,2024-07-23,09:26:00,2024-07-29,35.1,37.75,35.1,36.05,2500,93800,0
MIDCPNIFTY29JUL2411800PE.NFO,2024-07-23,09:27:00,2024-07-29,36.05,37.3,34.75,36.9,5050,94050,0
MIDCPNIFTY29JUL2411800PE.NFO,2024-07-23,09:28:00,2024-07-29,36.9,36.9,35.1,36.3,4000,94050,0
MIDCPNIFTY29JUL2411800PE.NFO,2024-07-23,09:29:00,2024-07-29,36.3,38.2,35.95,35.95,7450,94050,0
MIDCPNIFTY29JUL2411800PE.NFO,2024-07-23,09:30:00,2024-07-29,35.95,38.7,33.45,37.85,14650,96200,0
MIDCPNIFTY29JUL2411800PE.NFO,2024-07-23,09:31:00,2024-07-29,38.15,41.0,37.05,40.0,19100,96200,0
MIDCPNIFTY29JUL2411800PE.NFO,2024-07-23,09:32:00,2024-07-29,40.0,41.0,38.4,40.65,12550,96200,0
MIDCPNIFTY29JUL2411800PE.NFO,2024-07-23,09:33:00,2024-07-29,40.65,44.55,40.4,44.55,14150,101300,0
MIDCPNIFTY29JUL2411800PE.NFO,2024-07-23,09:34:00,2024-07-29,44.25,46.6,42.75,46.05,25250,101300,0
MIDCPNIFTY29JUL2411800PE.NFO,2024-07-23,09:35:00,2024-07-29,46.05,52.75,44.2,49.0,45850,101300,0
MIDCPNIFTY29JUL2411800PE.NFO,2024-07-23,09:36:00,2024-07-29,49.0,50.4,47.3,48.85,24400,106200,0
MIDCPNIFTY29JUL2411800PE.NFO,2024-07-23,09:37:00,2024-07-29,48.85,48.85,37.05,39.75,21250,106200,0
MIDCPNIFTY29JUL2411800PE.NFO,2024-07-23,09:38:00,2024-07-29,39.75,45.0,36.25,42.6,13150,106200,0
MIDCPNIFTY29JUL2411800PE.NFO,2024-07-23,09:39:00,2024-07-29,42.6,42.7,40.0,40.6,6200,110600,0
MIDCPNIFTY29JUL2411800PE.NFO,2024-07-23,09:40:00,2024-07-29,40.6,44.2,40.6,42.95,6000,110600,0
MIDCPNIFTY29JUL2411800PE.NFO,2024-07-23,09:41:00,2024-07-29,42.6,44.25,41.85,43.9,10400,110600,0
MIDCPNIFTY29JUL2411800PE.NFO,2024-07-23,09:42:00,2024-07-29,43.9,44.15,42.45,42.9,9250,113300,0
MIDCPNIFTY29JUL2411800PE.NFO,2024-07-23,09:43:00,2024-07-29,43.0,43.6,42.5,42.6,11350,113300,0
MIDCPNIFTY29JUL2411800PE.NFO,2024-07-23,09:44:00,2024-07-29,42.6,42.95,42.0,42.55,8250,113300,0
MIDCPNIFTY29JUL2411800PE.NFO,2024-07-23,09:45:00,2024-07-29,42.55,42.55,38.65,39.55,17200,122500,0
MIDCPNIFTY29JUL2411800PE.NFO,2024-07-23,09:46:00,2024-07-29,39.55,41.05,38.15,38.75,5850,122500,0
MIDCPNIFTY29JUL2411800PE.NFO,2024-07-23,09:47:00,2024-07-29,39.2,39.2,36.05,37.25,10650,122500,0
MIDCPNIFTY29JUL2411800PE.NFO,2024-07-23,09:48:00,2024-07-29,37.25,41.15,37.25,41.15,12650,126050,0
MIDCPNIFTY29JUL2411800PE.NFO,2024-07-23,09:49:00,2024-07-29,41.15,41.4,39.2,39.2,6050,126050,0
MIDCPNIFTY29JUL2411800PE.NFO,2024-07-23,09:50:00,2024-07-29,39.2,41.0,37.5,37.5,9450,126050,0
MIDCPNIFTY29JUL2411800PE.NFO,2024-07-23,09:51:00,2024-07-29,37.5,37.9,36.0,37.5,5850,129350,0
MIDCPNIFTY29JUL2411800PE.NFO,2024-07-23,09:52:00,2024-07-29,37.5,39.15,37.5,39.05,4550,129350,0
MIDCPNIFTY29JUL2411800PE.NFO,2024-07-23,09:53:00,2024-07-29,39.6,40.6,36.25,36.25,19100,129350,0
MIDCPNIFTY29JUL2411800PE.NFO,2024-07-23,09:54:00,2024-07-29,36.25,39.25,36.2,38.05,8050,129650,0
MIDCPNIFTY29JUL2411800PE.NFO,2024-07-23,09:55:00,2024-07-29,38.05,39.0,37.75,38.4,1900,129650,0
MIDCPNIFTY29JUL2411800PE.NFO,2024-07-23,09:56:00,2024-07-29,38.4,41.6,38.4,40.15,20600,129650,0
MIDCPNIFTY29JUL2411800PE.NFO,2024-07-23,09:57:00,2024-07-29,40.15,41.25,38.0,38.6,11550,138500,0
MIDCPNIFTY29JUL2411800PE.NFO,2024-07-23,09:58:00,2024-07-29,38.6,39.2,34.5,38.0,24300,138500,0
MIDCPNIFTY29JUL2411800PE.NFO,2024-07-23,09:59:00,2024-07-29,38.0,39.15,37.35,37.95,7750,138500,0
MIDCPNIFTY29JUL2411800PE.NFO,2024-07-23,10:00:00,2024-07-29,37.95,39.35,37.3,39.05,8100,139150,0
MIDCPNIFTY29JUL2411800PE.NFO,2024-07-23,10:01:00,2024-07-29,39.05,39.25,37.5,37.7,7700,139150,0
MIDCPNIFTY29JUL2411800PE.NFO,2024-07-23,10:02:00,2024-07-29,37.7,38.8,37.55,38.0,10600,139150,0
MIDCPNIFTY29JUL2411800PE.NFO,2024-07-23,10:03:00,2024-07-29,37.85,39.0,37.3,39.0,7200,146350,0
MIDCPNIFTY29JUL2411800PE.NFO,2024-07-23,10:04:00,2024-07-29,39.0,39.45,38.0,38.0,3650,146350,0
MIDCPNIFTY29JUL2411800PE.NFO,2024-07-23,10:05:00,2024-07-29,38.0,39.35,37.4,38.35,3050,146350,0
MIDCPNIFTY29JUL2411800PE.NFO,2024-07-23,10:06:00,2024-07-29,38.35,40.3,37.05,37.05,15000,152600,0
MIDCPNIFTY29JUL2411800PE.NFO,2024-07-23,10:07:00,2024-07-29,37.05,37.5,31.5,34.3,20300,152600,0
MIDCPNIFTY29JUL2411800PE.NFO,2024-07-23,10:08:00,2024-07-29,33.9,36.45,33.75,34.05,6300,152600,0
MIDCPNIFTY29JUL2411800PE.NFO,2024-07-23,10:09:00,2024-07-29,34.05,35.2,33.65,34.55,4650,151650,0
MIDCPNIFTY29JUL2411800PE.NFO,2024-07-23,10:10:00,2024-07-29,34.75,34.9,32.2,34.25,4400,151650,0
MIDCPNIFTY29JUL2411800PE.NFO,2024-07-23,10:11:00,2024-07-29,34.25,34.6,33.45,34.6,3350,151650,0
MIDCPNIFTY29JUL2411800PE.NFO,2024-07-23,10:12:00,2024-07-29,34.6,36.0,34.05,34.25,3350,148550,0
MIDCPNIFTY29JUL2411800PE.NFO,2024-07-23,10:13:00,2024-07-29,34.25,35.0,33.3,34.55,3550,148550,0
MIDCPNIFTY29JUL2411800PE.NFO,2024-07-23,10:14:00,2024-07-29,34.55,34.95,33.75,33.75,3000,148550,0
MIDCPNIFTY29JUL2411800PE.NFO,2024-07-23,10:15:00,2024-07-29,33.75,35.9,33.55,35.0,11600,145700,0
MIDCPNIFTY29JUL2411800PE.NFO,2024-07-23,10:16:00,2024-07-29,35.0,36.25,34.95,35.7,5550,145700,0
MIDCPNIFTY29JUL2411800PE.NFO,2024-07-23,10:17:00,2024-07-29,35.7,36.85,35.7,36.65,19500,145700,0
MIDCPNIFTY29JUL2411800PE.NFO,2024-07-23,10:18:00,2024-07-29,36.65,38.1,35.9,37.45,17950,156250,0
MIDCPNIFTY29JUL2411800PE.NFO,2024-07-23,10:19:00,2024-07-29,37.65,37.75,36.3,36.9,9300,156250,0
MIDCPNIFTY29JUL2411800PE.NFO,2024-07-23,10:20:00,2024-07-29,36.85,36.85,34.65,35.1,9650,156250,0
MIDCPNIFTY29JUL2411800PE.NFO,2024-07-23,10:21:00,2024-07-29,35.1,35.4,33.6,33.8,9350,156500,0
MIDCPNIFTY29JUL2411800PE.NFO,2024-07-23,10:22:00,2024-07-29,33.8,35.15,33.6,34.85,4250,156500,0
MIDCPNIFTY29JUL2411800PE.NFO,2024-07-23,10:23:00,2024-07-29,34.85,34.95,33.6,34.95,4600,156500,0
MIDCPNIFTY29JUL2411800PE.NFO,2024-07-23,10:24:00,2024-07-29,34.95,35.0,34.15,34.35,1400,158300,0
MIDCPNIFTY29JUL2411800PE.NFO,2024-07-23,10:25:00,2024-07-29,34.35,35.15,34.35,34.8,1050,158300,0
MIDCPNIFTY29JUL2411800PE.NFO,2024-07-23,10:26:00,2024-07-29,35.1,35.5,35.1,35.4,950,158300,0
MIDCPNIFTY29JUL2411800PE.NFO,2024-07-23,10:27:00,2024-07-29,35.4,37.35,35.4,36.6,7050,158750,0
MIDCPNIFTY29JUL2411800PE.NFO,2024-07-23,10:28:00,2024-07-29,36.6,38.7,36.6,37.45,12300,158750,0
MIDCPNIFTY29JUL2411800PE.NFO,2024-07-23,10:29:00,2024-07-29,37.45,38.0,36.9,37.65,4850,158750,0
MIDCPNIFTY29JUL2411800PE.NFO,2024-07-23,10:30:00,2024-07-29,37.65,38.5,36.65,37.75,250,168900,0
MIDCPNIFTY29JUL2411800PE.NFO,2024-07-23,10:31:00,2024-07-29,37.75,38.05,36.5,37.25,1900,168900,0
MIDCPNIFTY29JUL2411800PE.NFO,2024-07-23,10:32:00,2024-07-29,37.25,37.25,36.6,36.65,2200,168900,0
MIDCPNIFTY29JUL2411800PE.NFO,2024-07-23,10:33:00,2024-07-29,36.65,36.65,33.6,33.75,1650,169100,0
MIDCPNIFTY29JUL2411800PE.NFO,2024-07-23,10:34:00,2024-07-29,33.75,35.95,33.75,35.8,12700,169100,0
MIDCPNIFTY29JUL2411800PE.NFO,2024-07-23,10:35:00,2024-07-29,35.8,35.8,34.65,35.05,4250,169100,0
MIDCPNIFTY29JUL2411800PE.NFO,2024-07-23,10:36:00,2024-07-29,35.05,35.4,34.05,34.6,1250,170600,0
MIDCPNIFTY29JUL2411800PE.NFO,2024-07-23,10:37:00,2024-07-29,34.6,35.3,34.55,34.75,2800,170600,0
MIDCPNIFTY29JUL2411800PE.NFO,2024-07-23,10:38:00,2024-07-29,34.5,34.85,34.25,34.7,2800,170600,0
MIDCPNIFTY29JUL2411800PE.NFO,2024-07-23,10:39:00,2024-07-29,34.7,34.95,34.7,34.8,1300,170600,0
MIDCPNIFTY29JUL2411800PE.NFO,2024-07-23,10:40:00,2024-07-29,34.7,35.4,34.3,34.3,850,171200,0
MIDCPNIFTY29JUL2411800PE.NFO,2024-07-23,10:41:00,2024-07-29,34.3,34.3,33.6,33.6,1750,171200,0
MIDCPNIFTY29JUL2411800PE.NFO,2024-07-23,10:42:00,2024-07-29,33.6,34.5,32.4,33.6,0,165850,0
MIDCPNIFTY29JUL2411800PE.NFO,2024-07-23,10:43:00,2024-07-29,33.6,34.2,32.7,33.7,10200,165850,0
MIDCPNIFTY29JUL2411800PE.NFO,2024-07-23,10:44:00,2024-07-29,33.7,35.0,33.0,34.8,4350,165850,0
MIDCPNIFTY29JUL2411800PE.NFO,2024-07-23,10:45:00,2024-07-29,34.8,34.8,33.3,34.05,4800,165550,0
MIDCPNIFTY29JUL2411800PE.NFO,2024-07-23,10:46:00,2024-07-29,34.05,34.35,33.3,34.05,3500,165550,0
MIDCPNIFTY29JUL2411800PE.NFO,2024-07-23,10:47:00,2024-07-29,34.05,36.75,34.05,35.25,12850,165550,0
MIDCPNIFTY29JUL2411800PE.NFO,2024-07-23,10:48:00,2024-07-29,35.25,36.35,35.25,36.35,1600,165100,0
MIDCPNIFTY29JUL2411800PE.NFO,2024-07-23,10:49:00,2024-07-29,36.35,38.05,36.3,36.9,350,165100,0
MIDCPNIFTY29JUL2411800PE.NFO,2024-07-23,10:50:00,2024-07-29,36.9,38.1,36.8,38.0,3350,165100,0
MIDCPNIFTY29JUL2411800PE.NFO,2024-07-23,10:51:00,2024-07-29,38.0,38.0,34.95,35.3,3800,167350,0
MIDCPNIFTY29JUL2411800PE.NFO,2024-07-23,10:52:00,2024-07-29,35.3,36.15,35.3,35.75,400,167350,0
MIDCPNIFTY29JUL2411800PE.NFO,2024-07-23,10:53:00,2024-07-29,35.75,36.25,35.4,36.25,400,167350,0
MIDCPNIFTY29JUL2411800PE.NFO,2024-07-23,10:54:00,2024-07-29,36.25,37.25,36.1,36.45,1400,168200,0
MIDCPNIFTY29JUL2411800PE.NFO,2024-07-23,10:55:00,2024-07-29,36.45,36.95,36.45,36.85,500,168200,0
MIDCPNIFTY29JUL2411800PE.NFO,2024-07-23,10:56:00,2024-07-29,36.85,36.85,36.3,36.3,700,168200,0
MIDCPNIFTY29JUL2411800PE.NFO,2024-07-23,10:57:00,2024-07-29,36.3,36.45,35.35,35.65,1000,166250,0
MIDCPNIFTY29JUL2411800PE.NFO,2024-07-23,10:58:00,2024-07-29,35.65,35.75,35.1,35.45,3850,166250,0
MIDCPNIFTY29JUL2411800PE.NFO,2024-07-23,10:59:00,2024-07-29,35.45,35.7,34.25,35.5,4700,166250,0
MIDCPNIFTY29JUL2411800PE.NFO,2024-07-23,11:00:00,2024-07-29,35.4,35.4,33.75,34.1,5300,163950,0
MIDCPNIFTY29JUL2411800PE.NFO,2024-07-23,11:01:00,2024-07-29,34.1,35.85,33.9,35.8,4100,163950,0
MIDCPNIFTY29JUL2411800PE.NFO,2024-07-23,11:02:00,2024-07-29,35.8,35.8,34.2,34.55,4050,163950,0
MIDCPNIFTY29JUL2411800PE.NFO,2024-07-23,11:03:00,2024-07-29,34.55,35.55,34.3,34.5,150,161100,0
MIDCPNIFTY29JUL2411800PE.NFO,2024-07-23,11:04:00,2024-07-29,34.5,34.7,33.85,34.7,2300,161100,0
MIDCPNIFTY29JUL2411800PE.NFO,2024-07-23,11:05:00,2024-07-29,34.7,34.7,33.5,33.55,1000,161100,0
MIDCPNIFTY29JUL2411800PE.NFO,2024-07-23,11:06:00,2024-07-29,33.55,34.15,33.3,33.3,1900,160400,0
MIDCPNIFTY29JUL2411800PE.NFO,2024-07-23,11:07:00,2024-07-29,33.3,33.3,31.55,31.65,3500,160400,0
MIDCPNIFTY29JUL2411800PE.NFO,2024-07-23,11:08:00,2024-07-29,31.65,31.65,26.8,29.6,31750,160400,0
MIDCPNIFTY29JUL2411800PE.NFO,2024-07-23,11:09:00,2024-07-29,29.7,31.2,29.7,30.3,6900,174500,0
MIDCPNIFTY29JUL2411800PE.NFO,2024-07-23,11:10:00,2024-07-29,30.3,31.5,30.0,31.2,2850,174500,0
MIDCPNIFTY29JUL2411800PE.NFO,2024-07-23,11:11:00,2024-07-29,31.2,31.9,30.25,30.3,3700,174500,0
MIDCPNIFTY29JUL2411800PE.NFO,2024-07-23,11:12:00,2024-07-29,30.3,31.0,29.05,30.8,4350,175450,0
MIDCPNIFTY29JUL2411800PE.NFO,2024-07-23,11:13:00,2024-07-29,30.8,32.0,30.25,32.0,2650,175450,0
MIDCPNIFTY29JUL2411800PE.NFO,2024-07-23,11:14:00,2024-07-29,32.0,32.95,32.0,32.75,2700,175450,0
MIDCPNIFTY29JUL2411800PE.NFO,2024-07-23,11:15:00,2024-07-29,32.75,33.4,32.55,33.2,4900,173450,0
MIDCPNIFTY29JUL2411800PE.NFO,2024-07-23,11:16:00,2024-07-29,33.2,37.85,33.2,37.05,8450,173450,0
MIDCPNIFTY29JUL2411800PE.NFO,2024-07-23,11:17:00,2024-07-29,37.45,45.0,35.4,40.8,19250,173450,0
MIDCPNIFTY29JUL2411800PE.NFO,2024-07-23,11:18:00,2024-07-29,40.8,44.75,40.65,44.05,7750,175450,0
MIDCPNIFTY29JUL2411800PE.NFO,2024-07-23,11:19:00,2024-07-29,44.05,44.05,41.0,42.15,11100,175450,0
MIDCPNIFTY29JUL2411800PE.NFO,2024-07-23,11:20:00,2024-07-29,42.0,43.8,36.7,36.7,7100,175450,0
MIDCPNIFTY29JUL2411800PE.NFO,2024-07-23,11:21:00,2024-07-29,36.7,36.7,30.6,32.25,11650,176500,0
MIDCPNIFTY29JUL2411800PE.NFO,2024-07-23,11:22:00,2024-07-29,32.25,34.25,32.2,32.9,5950,176500,0
MIDCPNIFTY29JUL2411800PE.NFO,2024-07-23,11:23:00,2024-07-29,32.9,34.9,32.9,33.2,2900,176500,0
MIDCPNIFTY29JUL2411800PE.NFO,2024-07-23,11:24:00,2024-07-29,33.2,36.7,33.2,36.4,9800,180000,0
MIDCPNIFTY29JUL2411800PE.NFO,2024-07-23,11:25:00,2024-07-29,36.4,37.6,35.05,36.8,1250,180000,0
MIDCPNIFTY29JUL2411800PE.NFO,2024-07-23,11:26:00,2024-07-29,36.8,37.5,34.5,37.45,6350,180000,0
MIDCPNIFTY29JUL2411800PE.NFO,2024-07-23,11:27:00,2024-07-29,37.45,37.5,34.85,36.3,3100,177150,0
MIDCPNIFTY29JUL2411800PE.NFO,2024-07-23,11:28:00,2024-07-29,36.3,36.8,35.35,35.95,2150,177150,0
MIDCPNIFTY29JUL2411800PE.NFO,2024-07-23,11:29:00,2024-07-29,35.95,36.35,35.35,35.85,1200,177150,0
MIDCPNIFTY29JUL2411800PE.NFO,2024-07-23,11:30:00,2024-07-29,35.85,36.0,35.7,35.7,450,177150,0
MIDCPNIFTY29JUL2411800PE.NFO,2024-07-23,11:31:00,2024-07-29,35.7,36.6,35.4,36.6,1650,178900,0
MIDCPNIFTY29JUL2411800PE.NFO,2024-07-23,11:32:00,2024-07-29,36.6,36.7,36.0,36.7,950,178900,0
MIDCPNIFTY29JUL2411800PE.NFO,2024-07-23,11:33:00,2024-07-29,36.7,36.95,34.8,35.3,550,169850,0
MIDCPNIFTY29JUL2411800PE.NFO,2024-07-23,11:34:00,2024-07-29,35.3,37.2,34.3,36.9,9650,169850,0
MIDCPNIFTY29JUL2411800PE.NFO,2024-07-23,11:35:00,2024-07-29,36.9,39.1,36.7,38.0,3700,169850,0
MIDCPNIFTY29JUL2411800PE.NFO,2024-07-23,11:36:00,2024-07-29,38.0,38.75,35.6,35.6,1350,165400,0
MIDCPNIFTY29JUL2411800PE.NFO,2024-07-23,11:37:00,2024-07-29,35.6,37.15,35.6,36.55,750,165400,0
MIDCPNIFTY29JUL2411800PE.NFO,2024-07-23,11:38:00,2024-07-29,36.55,39.25,36.0,38.6,6500,165400,0
MIDCPNIFTY29JUL2411800PE.NFO,2024-07-23,11:39:00,2024-07-29,38.6,38.65,36.9,36.9,1900,165400,0
MIDCPNIFTY29JUL2411800PE.NFO,2024-07-23,11:40:00,2024-07-29,36.9,38.2,36.15,36.15,550,164500,0
MIDCPNIFTY29JUL2411800PE.NFO,2024-07-23,11:41:00,2024-07-29,36.15,37.0,36.0,36.5,700,164500,0
MIDCPNIFTY29JUL2411800PE.NFO,2024-07-23,11:42:00,2024-07-29,36.5,37.0,36.3,36.3,2100,163500,0
MIDCPNIFTY29JUL2411800PE.NFO,2024-07-23,11:43:00,2024-07-29,36.3,37.5,35.7,36.5,1850,163500,0
MIDCPNIFTY29JUL2411800PE.NFO,2024-07-23,11:44:00,2024-07-29,36.5,37.5,36.0,36.5,2250,163500,0
MIDCPNIFTY29JUL2411800PE.NFO,2024-07-23,11:45:00,2024-07-29,36.5,36.75,35.45,35.45,350,164500,0
MIDCPNIFTY29JUL2411800PE.NFO,2024-07-23,11:46:00,2024-07-29,35.45,35.7,34.35,35.7,4450,164500,0
MIDCPNIFTY29JUL2411800PE.NFO,2024-07-23,11:47:00,2024-07-29,35.7,35.75,34.75,35.65,300,164500,0
MIDCPNIFTY29JUL2411800PE.NFO,2024-07-23,11:48:00,2024-07-29,35.65,35.65,34.05,34.05,3300,164500,0
MIDCPNIFTY29JUL2411800PE.NFO,2024-07-23,11:49:00,2024-07-29,34.05,35.3,34.05,35.25,100,162850,0
MIDCPNIFTY29JUL2411800PE.NFO,2024-07-23,11:50:00,2024-07-29,35.25,35.75,34.3,34.35,3350,162850,0
MIDCPNIFTY29JUL2411800PE.NFO,2024-07-23,11:51:00,2024-07-29,34.35,35.05,33.6,34.45,2850,159500,0
MIDCPNIFTY29JUL2411800PE.NFO,2024-07-23,11:52:00,2024-07-29,34.45,35.2,34.1,35.2,3600,159500,0
MIDCPNIFTY29JUL2411800PE.NFO,2024-07-23,11:53:00,2024-07-29,35.2,37.0,35.2,36.55,3250,159500,0
MIDCPNIFTY29JUL2411800PE.NFO,2024-07-23,11:54:00,2024-07-29,36.55,37.35,35.05,35.9,2400,159300,0
MIDCPNIFTY29JUL2411800PE.NFO,2024-07-23,11:55:00,2024-07-29,35.9,36.1,34.95,34.95,1750,159300,0
MIDCPNIFTY29JUL2411800PE.NFO,2024-07-23,11:56:00,2024-07-29,34.95,36.9,34.95,36.35,1000,159300,0
MIDCPNIFTY29JUL2411800PE.NFO,2024-07-23,11:57:00,2024-07-29,36.75,36.75,35.15,35.15,1550,158450,0
MIDCPNIFTY29JUL2411800PE.NFO,2024-07-23,11:58:00,2024-07-29,35.15,35.8,33.5,34.8,3000,158450,0
MIDCPNIFTY29JUL2411800PE.NFO,2024-07-23,11:59:00,2024-07-29,34.8,37.05,34.8,35.55,4150,158450,0
MIDCPNIFTY29JUL2411800PE.NFO,2024-07-23,12:00:00,2024-07-29,35.55,39.0,35.55,38.5,2900,157750,0
MIDCPNIFTY29JUL2411800PE.NFO,2024-07-23,12:01:00,2024-07-29,38.5,38.5,36.25,37.15,5350,157750,0
MIDCPNIFTY29JUL2411800PE.NFO,2024-07-23,12:02:00,2024-07-29,36.4,37.95,35.45,37.65,1550,157750,0
MIDCPNIFTY29JUL2411800PE.NFO,2024-07-23,12:03:00,2024-07-29,37.65,39.45,36.95,37.8,4300,161950,0
MIDCPNIFTY29JUL2411800PE.NFO,2024-07-23,12:04:00,2024-07-29,37.8,39.8,37.65,38.5,4600,161950,0
MIDCPNIFTY29JUL2411800PE.NFO,2024-07-23,12:05:00,2024-07-29,38.5,39.15,38.1,38.85,850,161950,0
MIDCPNIFTY29JUL2411800PE.NFO,2024-07-23,12:06:00,2024-07-29,38.85,39.15,37.3,37.3,3450,161950,0
MIDCPNIFTY29JUL2411800PE.NFO,2024-07-23,12:07:00,2024-07-29,37.3,37.75,34.5,35.95,11000,162250,0
MIDCPNIFTY29JUL2411800PE.NFO,2024-07-23,12:08:00,2024-07-29,35.95,36.05,33.75,33.75,1500,162250,0
MIDCPNIFTY29JUL2411800PE.NFO,2024-07-23,12:09:00,2024-07-29,33.75,37.25,33.5,36.25,4650,163200,0
MIDCPNIFTY29JUL2411800PE.NFO,2024-07-23,12:10:00,2024-07-29,36.6,37.0,34.1,34.1,4750,163200,0
MIDCPNIFTY29JUL2411800PE.NFO,2024-07-23,12:11:00,2024-07-29,34.1,35.15,34.0,35.15,600,163200,0
MIDCPNIFTY29JUL2411800PE.NFO,2024-07-23,12:12:00,2024-07-29,35.15,35.15,34.0,34.8,5650,163200,0
MIDCPNIFTY29JUL2411800PE.NFO,2024-07-23,12:13:00,2024-07-29,34.8,36.3,34.8,36.0,6900,164050,0
MIDCPNIFTY29JUL2411800PE.NFO,2024-07-23,12:14:00,2024-07-29,36.0,36.55,35.35,35.4,2600,164050,0
MIDCPNIFTY29JUL2411800PE.NFO,2024-07-23,12:15:00,2024-07-29,35.4,37.75,35.4,37.75,2550,165550,0
MIDCPNIFTY29JUL2411800PE.NFO,2024-07-23,12:16:00,2024-07-29,38.2,38.65,35.9,36.35,1100,165550,0
MIDCPNIFTY29JUL2411800PE.NFO,2024-07-23,12:17:00,2024-07-29,36.35,41.0,36.35,39.55,6450,165550,0
MIDCPNIFTY29JUL2411800PE.NFO,2024-07-23,12:18:00,2024-07-29,39.55,48.65,38.35,47.3,24950,170450,0
MIDCPNIFTY29JUL2411800PE.NFO,2024-07-23,12:19:00,2024-07-29,47.3,52.0,43.9,52.0,20100,170450,0
MIDCPNIFTY29JUL2411800PE.NFO,2024-07-23,12:20:00,2024-07-29,51.15,59.55,50.5,59.55,34950,170450,0
MIDCPNIFTY29JUL2411800PE.NFO,2024-07-23,12:21:00,2024-07-29,59.55,63.05,53.35,57.3,41300,185050,0
MIDCPNIFTY29JUL2411800PE.NFO,2024-07-23,12:22:00,2024-07-29,57.2,71.95,57.0,69.85,26200,185050,0
MIDCPNIFTY29JUL2411800PE.NFO,2024-07-23,12:23:00,2024-07-29,69.85,76.45,58.25,76.45,25100,185050,0
MIDCPNIFTY29JUL2411800PE.NFO,2024-07-23,12:24:00,2024-07-29,75.0,76.95,67.0,74.9,18600,197750,0
MIDCPNIFTY29JUL2411800PE.NFO,2024-07-23,12:25:00,2024-07-29,77.0,79.0,58.85,72.15,35850,197750,0
MIDCPNIFTY29JUL2411800PE.NFO,2024-07-23,12:26:00,2024-07-29,72.15,72.15,58.7,65.9,23800,197750,0
MIDCPNIFTY29JUL2411800PE.NFO,2024-07-23,12:27:00,2024-07-29,65.9,67.45,60.35,65.35,14100,197750,0
MIDCPNIFTY29JUL2411800PE.NFO,2024-07-23,12:28:00,2024-07-29,65.35,80.6,63.8,80.3,30650,197650,0
MIDCPNIFTY29JUL2411800PE.NFO,2024-07-23,12:29:00,2024-07-29,78.1,83.4,65.6,81.9,48350,197650,0
MIDCPNIFTY29JUL2411800PE.NFO,2024-07-23,12:30:00,2024-07-29,81.7,99.8,78.75,97.15,45000,197650,0
MIDCPNIFTY29JUL2411800PE.NFO,2024-07-23,12:31:00,2024-07-29,99.95,126.65,97.15,126.65,88100,220950,0
MIDCPNIFTY29JUL2411800PE.NFO,2024-07-23,12:32:00,2024-07-29,126.65,167.7,121.55,148.75,88400,220950,0
MIDCPNIFTY29JUL2411800PE.NFO,2024-07-23,12:33:00,2024-07-29,147.3,148.0,106.0,118.15,97750,220950,0
MIDCPNIFTY29JUL2411800PE.NFO,2024-07-23,12:34:00,2024-07-29,118.15,120.0,61.95,62.4,72350,246850,0
MIDCPNIFTY29JUL2411800PE.NFO,2024-07-23,12:35:00,2024-07-29,62.4,72.95,52.7,70.3,74800,246850,0
MIDCPNIFTY29JUL2411800PE.NFO,2024-07-23,12:36:00,2024-07-29,70.3,73.75,60.7,64.2,53150,246850,0
MIDCPNIFTY29JUL2411800PE.NFO,2024-07-23,12:37:00,2024-07-29,62.3,63.65,55.55,61.85,55250,233350,0
MIDCPNIFTY29JUL2411800PE.NFO,2024-07-23,12:38:00,2024-07-29,61.6,68.4,59.1,65.7,48800,233350,0
MIDCPNIFTY29JUL2411800PE.NFO,2024-07-23,12:39:00,2024-07-29,65.7,68.8,61.3,62.5,17350,233350,0
MIDCPNIFTY29JUL2411800PE.NFO,2024-07-23,12:40:00,2024-07-29,62.5,69.95,62.5,63.5,30450,234000,0
MIDCPNIFTY29JUL2411800PE.NFO,2024-07-23,12:41:00,2024-07-29,63.5,64.2,45.1,46.65,25450,234000,0
MIDCPNIFTY29JUL2411800PE.NFO,2024-07-23,12:42:00,2024-07-29,46.65,49.55,43.4,44.0,38600,234000,0
MIDCPNIFTY29JUL2411800PE.NFO,2024-07-23,12:43:00,2024-07-29,44.0,48.15,43.95,46.15,12250,228100,0
MIDCPNIFTY29JUL2411800PE.NFO,2024-07-23,12:44:00,2024-07-29,46.7,49.3,45.1,46.2,10000,228100,0
MIDCPNIFTY29JUL2411800PE.NFO,2024-07-23,12:45:00,2024-07-29,46.2,50.75,46.1,50.65,15450,228100,0
MIDCPNIFTY29JUL2411800PE.NFO,2024-07-23,12:46:00,2024-07-29,50.25,54.25,47.8,52.75,26250,228350,0
MIDCPNIFTY29JUL2411800PE.NFO,2024-07-23,12:47:00,2024-07-29,52.75,54.0,47.45,51.6,29900,228350,0
MIDCPNIFTY29JUL2411800PE.NFO,2024-07-23,12:48:00,2024-07-29,51.6,54.2,51.05,51.25,15500,228350,0
MIDCPNIFTY29JUL2411800PE.NFO,2024-07-23,12:49:00,2024-07-29,52.65,53.5,49.9,53.15,6800,220250,0
MIDCPNIFTY29JUL2411800PE.NFO,2024-07-23,12:50:00,2024-07-29,53.35,53.35,47.8,47.8,11400,220250,0
MIDCPNIFTY29JUL2411800PE.NFO,2024-07-23,12:51:00,2024-07-29,47.8,47.8,35.4,40.0,25250,220250,0
MIDCPNIFTY29JUL2411800PE.NFO,2024-07-23,12:52:00,2024-07-29,40.0,43.2,34.75,34.75,22850,221650,0
MIDCPNIFTY29JUL2411800PE.NFO,2024-07-23,12:53:00,2024-07-29,34.75,35.9,28.35,28.35,22550,221650,0
MIDCPNIFTY29JUL2411800PE.NFO,2024-07-23,12:54:00,2024-07-29,28.35,29.2,27.05,28.9,9600,221650,0
MIDCPNIFTY29JUL2411800PE.NFO,2024-07-23,12:55:00,2024-07-29,28.0,30.7,27.05,29.7,12150,215000,0
MIDCPNIFTY29JUL2411800PE.NFO,2024-07-23,12:56:00,2024-07-29,29.7,31.85,29.7,31.3,6000,215000,0
MIDCPNIFTY29JUL2411800PE.NFO,2024-07-23,12:57:00,2024-07-29,31.3,31.3,28.85,29.55,9700,215000,0
MIDCPNIFTY29JUL2411800PE.NFO,2024-07-23,12:58:00,2024-07-29,29.55,33.0,29.55,32.5,18300,217550,0
MIDCPNIFTY29JUL2411800PE.NFO,2024-07-23,12:59:00,2024-07-29,32.5,38.85,32.5,37.6,12300,217550,0
MIDCPNIFTY29JUL2411800PE.NFO,2024-07-23,13:00:00,2024-07-29,37.6,44.1,35.4,44.1,20200,217550,0
MIDCPNIFTY29JUL2411800PE.NFO,2024-07-23,13:01:00,2024-07-29,44.1,44.1,36.85,38.3,16500,216700,0
MIDCPNIFTY29JUL2411800PE.NFO,2024-07-23,13:02:00,2024-07-29,38.3,40.5,35.75,35.75,9250,216700,0
MIDCPNIFTY29JUL2411800PE.NFO,2024-07-23,13:03:00,2024-07-29,35.75,35.75,33.0,34.35,14150,216700,0
MIDCPNIFTY29JUL2411800PE.NFO,2024-07-23,13:04:00,2024-07-29,34.35,37.3,31.65,33.1,14900,218000,0
MIDCPNIFTY29JUL2411800PE.NFO,2024-07-23,13:05:00,2024-07-29,33.1,35.1,31.55,32.4,13650,218000,0
MIDCPNIFTY29JUL2411800PE.NFO,2024-07-23,13:06:00,2024-07-29,32.4,32.4,30.45,30.55,25100,218000,0
MIDCPNIFTY29JUL2411800PE.NFO,2024-07-23,13:07:00,2024-07-29,30.55,32.15,30.55,31.85,1300,216650,0
MIDCPNIFTY29JUL2411800PE.NFO,2024-07-23,13:08:00,2024-07-29,31.85,35.55,31.85,34.35,18900,216650,0
MIDCPNIFTY29JUL2411800PE.NFO,2024-07-23,13:09:00,2024-07-29,34.35,38.1,33.3,37.25,23950,216650,0
MIDCPNIFTY29JUL2411800PE.NFO,2024-07-23,13:10:00,2024-07-29,37.25,37.9,35.0,36.25,10100,215500,0
MIDCPNIFTY29JUL2411800PE.NFO,2024-07-23,13:11:00,2024-07-29,36.25,40.0,36.25,38.0,20300,215500,0
MIDCPNIFTY29JUL2411800PE.NFO,2024-07-23,13:12:00,2024-07-29,38.0,40.05,36.5,39.2,7000,215500,0
MIDCPNIFTY29JUL2411800PE.NFO,2024-07-23,13:13:00,2024-07-29,39.2,44.95,39.2,43.95,4550,213000,0
MIDCPNIFTY29JUL2411800PE.NFO,2024-07-23,13:14:00,2024-07-29,43.95,45.6,41.95,42.75,37450,213000,0
MIDCPNIFTY29JUL2411800PE.NFO,2024-07-23,13:15:00,2024-07-29,42.75,44.0,36.3,39.0,11700,213000,0
MIDCPNIFTY29JUL2411800PE.NFO,2024-07-23,13:16:00,2024-07-29,39.0,43.7,38.15,40.5,6850,210250,0
MIDCPNIFTY29JUL2411800PE.NFO,2024-07-23,13:17:00,2024-07-29,40.5,42.25,39.15,39.85,3450,210250,0
MIDCPNIFTY29JUL2411800PE.NFO,2024-07-23,13:18:00,2024-07-29,39.85,42.75,39.85,41.35,2400,210250,0
MIDCPNIFTY29JUL2411800PE.NFO,2024-07-23,13:19:00,2024-07-29,41.35,42.75,40.0,41.85,13100,213950,0
MIDCPNIFTY29JUL2411800PE.NFO,2024-07-23,13:20:00,2024-07-29,42.2,44.0,40.45,40.55,15350,213950,0
MIDCPNIFTY29JUL2411800PE.NFO,2024-07-23,13:21:00,2024-07-29,40.55,44.3,40.0,43.45,14300,213950,0
MIDCPNIFTY29JUL2411800PE.NFO,2024-07-23,13:22:00,2024-07-29,44.0,46.1,42.9,45.5,12900,216250,0
MIDCPNIFTY29JUL2411800PE.NFO,2024-07-23,13:23:00,2024-07-29,45.5,48.0,45.25,45.9,13600,216250,0
MIDCPNIFTY29JUL2411800PE.NFO,2024-07-23,13:24:00,2024-07-29,45.9,46.7,41.4,44.95,14000,216250,0
MIDCPNIFTY29JUL2411800PE.NFO,2024-07-23,13:25:00,2024-07-29,44.95,47.75,43.6,46.2,14000,219500,0
MIDCPNIFTY29JUL2411800PE.NFO,2024-07-23,13:26:00,2024-07-29,46.2,46.75,40.2,40.45,18300,219500,0
MIDCPNIFTY29JUL2411800PE.NFO,2024-07-23,13:27:00,2024-07-29,40.45,42.45,36.2,37.1,20800,219500,0
MIDCPNIFTY29JUL2411800PE.NFO,2024-07-23,13:28:00,2024-07-29,36.05,37.2,31.8,33.05,28450,222000,0
MIDCPNIFTY29JUL2411800PE.NFO,2024-07-23,13:29:00,2024-07-29,32.55,37.65,31.8,36.2,18850,222000,0
MIDCPNIFTY29JUL2411800PE.NFO,2024-07-23,13:30:00,2024-07-29,36.3,38.7,34.3,34.65,19450,222000,0
MIDCPNIFTY29JUL2411800PE.NFO,2024-07-23,13:31:00,2024-07-29,34.65,38.95,34.65,35.8,10000,221050,0
MIDCPNIFTY29JUL2411800PE.NFO,2024-07-23,13:32:00,2024-07-29,35.8,36.25,32.5,34.65,17750,221050,0
MIDCPNIFTY29JUL2411800PE.NFO,2024-07-23,13:33:00,2024-07-29,34.65,35.2,32.8,34.4,12350,221050,0
MIDCPNIFTY29JUL2411800PE.NFO,2024-07-23,13:34:00,2024-07-29,34.4,36.95,34.4,34.65,15000,221250,0
MIDCPNIFTY29JUL2411800PE.NFO,2024-07-23,13:35:00,2024-07-29,34.65,35.25,33.65,35.25,5650,221250,0
MIDCPNIFTY29JUL2411800PE.NFO,2024-07-23,13:36:00,2024-07-29,35.8,36.9,34.4,36.25,8650,221250,0
MIDCPNIFTY29JUL2411800PE.NFO,2024-07-23,13:37:00,2024-07-29,37.0,38.8,35.8,38.5,12250,219450,0
MIDCPNIFTY29JUL2411800PE.NFO,2024-07-23,13:38:00,2024-07-29,38.5,38.65,34.75,37.55,11850,219450,0
MIDCPNIFTY29JUL2411800PE.NFO,2024-07-23,13:39:00,2024-07-29,37.55,38.0,36.35,38.0,3500,219450,0
MIDCPNIFTY29JUL2411800PE.NFO,2024-07-23,13:40:00,2024-07-29,38.0,40.0,37.45,37.5,14850,223350,0
MIDCPNIFTY29JUL2411800PE.NFO,2024-07-23,13:41:00,2024-07-29,37.5,39.85,37.5,39.75,11750,223350,0
MIDCPNIFTY29JUL2411800PE.NFO,2024-07-23,13:42:00,2024-07-29,39.1,42.7,38.5,38.6,25850,223350,0
MIDCPNIFTY29JUL2411800PE.NFO,2024-07-23,13:43:00,2024-07-29,38.6,40.0,35.05,35.4,18450,222700,0
MIDCPNIFTY29JUL2411800PE.NFO,2024-07-23,13:44:00,2024-07-29,35.4,38.65,34.65,36.55,13850,222700,0
MIDCPNIFTY29JUL2411800PE.NFO,2024-07-23,13:45:00,2024-07-29,36.55,39.0,36.55,38.35,17150,222700,0
MIDCPNIFTY29JUL2411800PE.NFO,2024-07-23,13:46:00,2024-07-29,38.35,39.85,37.2,38.7,17250,222200,0
MIDCPNIFTY29JUL2411800PE.NFO,2024-07-23,13:47:00,2024-07-29,38.7,40.0,36.9,37.45,10300,222200,0
MIDCPNIFTY29JUL2411800PE.NFO,2024-07-23,13:48:00,2024-07-29,37.45,37.45,34.65,35.45,15850,222200,0
MIDCPNIFTY29JUL2411800PE.NFO,2024-07-23,13:49:00,2024-07-29,35.45,36.1,32.95,33.1,23700,222700,0
MIDCPNIFTY29JUL2411800PE.NFO,2024-07-23,13:50:00,2024-07-29,33.1,36.0,33.1,34.85,21900,222700,0
MIDCPNIFTY29JUL2411800PE.NFO,2024-07-23,13:51:00,2024-07-29,34.85,36.95,34.65,35.5,15400,222700,0
MIDCPNIFTY29JUL2411800PE.NFO,2024-07-23,13:52:00,2024-07-29,35.5,36.8,34.2,34.85,13350,221800,0
MIDCPNIFTY29JUL2411800PE.NFO,2024-07-23,13:53:00,2024-07-29,34.85,34.85,28.6,28.65,18200,221800,0
MIDCPNIFTY29JUL2411800PE.NFO,2024-07-23,13:54:00,2024-07-29,28.65,31.9,28.65,31.6,19100,221800,0
MIDCPNIFTY29JUL2411800PE.NFO,2024-07-23,13:55:00,2024-07-29,31.9,31.9,28.5,28.95,13550,227500,0
MIDCPNIFTY29JUL2411800PE.NFO,2024-07-23,13:56:00,2024-07-29,28.8,30.2,25.3,25.9,29850,227500,0
MIDCPNIFTY29JUL2411800PE.NFO,2024-07-23,13:57:00,2024-07-29,26.0,26.0,20.7,21.9,16350,227500,0
MIDCPNIFTY29JUL2411800PE.NFO,2024-07-23,13:58:00,2024-07-29,21.9,22.25,20.0,22.0,13000,230900,0
MIDCPNIFTY29JUL2411800PE.NFO,2024-07-23,13:59:00,2024-07-29,22.0,22.6,21.15,21.15,6650,230900,0
MIDCPNIFTY29JUL2411800PE.NFO,2024-07-23,14:00:00,2024-07-29,21.6,21.95,20.3,21.45,18550,230900,0
MIDCPNIFTY29JUL2411800PE.NFO,2024-07-23,14:01:00,2024-07-29,21.45,26.9,20.95,26.4,18800,239400,0
MIDCPNIFTY29JUL2411800PE.NFO,2024-07-23,14:02:00,2024-07-29,26.4,28.35,25.5,28.35,14450,239400,0
MIDCPNIFTY29JUL2411800PE.NFO,2024-07-23,14:03:00,2024-07-29,28.6,29.05,26.45,28.45,15350,239400,0
MIDCPNIFTY29JUL2411800PE.NFO,2024-07-23,14:04:00,2024-07-29,28.45,29.3,27.75,27.95,5350,248900,0
MIDCPNIFTY29JUL2411800PE.NFO,2024-07-23,14:05:00,2024-07-29,27.95,29.05,26.4,26.4,5050,248900,0
MIDCPNIFTY29JUL2411800PE.NFO,2024-07-23,14:06:00,2024-07-29,26.4,26.5,23.65,23.9,8000,248900,0
MIDCPNIFTY29JUL2411800PE.NFO,2024-07-23,14:07:00,2024-07-29,23.9,24.0,22.3,23.1,9950,246800,0
MIDCPNIFTY29JUL2411800PE.NFO,2024-07-23,14:08:00,2024-07-29,23.1,23.3,22.05,22.7,3350,246800,0
MIDCPNIFTY29JUL2411800PE.NFO,2024-07-23,14:09:00,2024-07-29,22.7,23.2,22.1,22.4,1800,246800,0
MIDCPNIFTY29JUL2411800PE.NFO,2024-07-23,14:10:00,2024-07-29,22.4,22.8,21.85,22.8,16200,254900,0
MIDCPNIFTY29JUL2411800PE.NFO,2024-07-23,14:11:00,2024-07-29,22.8,24.3,22.2,23.95,4000,254900,0
MIDCPNIFTY29JUL2411800PE.NFO,2024-07-23,14:12:00,2024-07-29,23.95,25.35,23.95,24.9,7000,254900,0
MIDCPNIFTY29JUL2411800PE.NFO,2024-07-23,14:13:00,2024-07-29,24.9,25.5,23.5,23.5,4400,255400,0
MIDCPNIFTY29JUL2411800PE.NFO,2024-07-23,14:14:00,2024-07-29,23.5,24.3,23.1,23.3,3500,255400,0
MIDCPNIFTY29JUL2411800PE.NFO,2024-07-23,14:15:00,2024-07-29,23.3,25.0,23.2,24.5,5700,255400,0
MIDCPNIFTY29JUL2411800PE.NFO,2024-07-23,14:16:00,2024-07-29,24.5,25.5,24.15,25.5,400,256050,0
MIDCPNIFTY29JUL2411800PE.NFO,2024-07-23,14:17:00,2024-07-29,25.5,26.7,25.05,26.7,5850,256050,0
MIDCPNIFTY29JUL2411800PE.NFO,2024-07-23,14:18:00,2024-07-29,26.7,27.4,25.15,26.35,7000,256050,0
MIDCPNIFTY29JUL2411800PE.NFO,2024-07-23,14:19:00,2024-07-29,26.15,26.65,25.45,26.1,4250,258550,0
MIDCPNIFTY29JUL2411800PE.NFO,2024-07-23,14:20:00,2024-07-29,26.1,26.75,25.7,26.75,1400,258550,0
MIDCPNIFTY29JUL2411800PE.NFO,2024-07-23,14:21:00,2024-07-29,26.75,27.7,26.3,27.2,6850,258550,0
MIDCPNIFTY29JUL2411800PE.NFO,2024-07-23,14:22:00,2024-07-29,27.2,27.35,25.4,25.7,11150,256550,0
MIDCPNIFTY29JUL2411800PE.NFO,2024-07-23,14:23:00,2024-07-29,25.65,27.0,25.0,25.8,25550,256550,0
MIDCPNIFTY29JUL2411800PE.NFO,2024-07-23,14:24:00,2024-07-29,25.8,26.5,25.2,25.35,9650,256550,0
MIDCPNIFTY29JUL2411800PE.NFO,2024-07-23,14:25:00,2024-07-29,25.5,26.4,25.25,25.5,9800,280950,0
MIDCPNIFTY29JUL2411800PE.NFO,2024-07-23,14:26:00,2024-07-29,25.5,26.15,23.5,24.25,19300,280950,0
MIDCPNIFTY29JUL2411800PE.NFO,2024-07-23,14:27:00,2024-07-29,24.25,24.8,23.6,24.1,5200,280950,0
MIDCPNIFTY29JUL2411800PE.NFO,2024-07-23,14:28:00,2024-07-29,24.1,25.0,23.8,23.85,4800,287650,0
MIDCPNIFTY29JUL2411800PE.NFO,2024-07-23,14:29:00,2024-07-29,23.85,24.4,22.2,22.4,11750,287650,0
MIDCPNIFTY29JUL2411800PE.NFO,2024-07-23,14:30:00,2024-07-29,22.35,22.8,21.75,22.45,14450,287650,0
MIDCPNIFTY29JUL2411800PE.NFO,2024-07-23,14:31:00,2024-07-29,22.2,23.3,22.0,22.0,13050,284500,0
MIDCPNIFTY29JUL2411800PE.NFO,2024-07-23,14:32:00,2024-07-29,22.0,22.4,20.35,20.6,31600,284500,0
MIDCPNIFTY29JUL2411800PE.NFO,2024-07-23,14:33:00,2024-07-29,20.7,21.0,19.5,20.2,19300,284500,0
MIDCPNIFTY29JUL2411800PE.NFO,2024-07-23,14:34:00,2024-07-29,20.2,20.4,17.8,17.8,25200,302800,0
MIDCPNIFTY29JUL2411800PE.NFO,2024-07-23,14:35:00,2024-07-29,17.8,18.6,17.0,17.45,13250,302800,0
MIDCPNIFTY29JUL2411800PE.NFO,2024-07-23,14:36:00,2024-07-29,17.45,18.3,17.1,17.3,13450,302800,0
MIDCPNIFTY29JUL2411800PE.NFO,2024-07-23,14:37:00,2024-07-29,17.3,17.45,16.6,17.2,9300,308100,0
MIDCPNIFTY29JUL2411800PE.NFO,2024-07-23,14:38:00,2024-07-29,17.2,17.4,16.5,16.5,11100,308100,0
MIDCPNIFTY29JUL2411800PE.NFO,2024-07-23,14:39:00,2024-07-29,16.5,16.7,15.95,15.95,8850,308100,0
MIDCPNIFTY29JUL2411800PE.NFO,2024-07-23,14:40:00,2024-07-29,16.05,16.2,14.8,16.1,9700,302000,0
MIDCPNIFTY29JUL2411800PE.NFO,2024-07-23,14:41:00,2024-07-29,16.1,17.6,16.05,17.2,7250,302000,0
MIDCPNIFTY29JUL2411800PE.NFO,2024-07-23,14:42:00,2024-07-29,17.3,18.0,17.1,17.8,21550,302000,0
MIDCPNIFTY29JUL2411800PE.NFO,2024-07-23,14:43:00,2024-07-29,17.8,18.0,15.95,16.25,14350,302850,0
MIDCPNIFTY29JUL2411800PE.NFO,2024-07-23,14:44:00,2024-07-29,16.3,16.5,15.65,15.9,10900,302850,0
MIDCPNIFTY29JUL2411800PE.NFO,2024-07-23,14:45:00,2024-07-29,15.8,16.7,15.4,15.95,34950,302850,0
MIDCPNIFTY29JUL2411800PE.NFO,2024-07-23,14:46:00,2024-07-29,16.05,16.5,15.35,15.55,20000,286000,0
MIDCPNIFTY29JUL2411800PE.NFO,2024-07-23,14:47:00,2024-07-29,15.6,15.8,15.1,15.65,14350,286000,0
MIDCPNIFTY29JUL2411800PE.NFO,2024-07-23,14:48:00,2024-07-29,15.7,15.9,15.1,15.3,20250,286000,0
MIDCPNIFTY29JUL2411800PE.NFO,2024-07-23,14:49:00,2024-07-29,15.35,15.5,14.25,14.35,21050,292400,0
MIDCPNIFTY29JUL2411800PE.NFO,2024-07-23,14:50:00,2024-07-29,14.3,15.7,14.2,15.65,31100,292400,0
MIDCPNIFTY29JUL2411800PE.NFO,2024-07-23,14:51:00,2024-07-29,15.65,16.35,15.3,15.55,26550,292400,0
MIDCPNIFTY29JUL2411800PE.NFO,2024-07-23,14:52:00,2024-07-29,15.55,15.8,14.7,15.1,30650,296200,0
MIDCPNIFTY29JUL2411800PE.NFO,2024-07-23,14:53:00,2024-07-29,15.1,16.5,14.95,16.1,10350,296200,0
MIDCPNIFTY29JUL2411800PE.NFO,2024-07-23,14:54:00,2024-07-29,15.95,16.6,15.7,16.6,15200,296200,0
MIDCPNIFTY29JUL2411800PE.NFO,2024-07-23,14:55:00,2024-07-29,16.8,17.2,16.7,16.8,15300,285200,0
MIDCPNIFTY29JUL2411800PE.NFO,2024-07-23,14:56:00,2024-07-29,16.8,17.4,16.1,16.3,14000,285200,0
MIDCPNIFTY29JUL2411800PE.NFO,2024-07-23,14:57:00,2024-07-29,16.3,16.95,16.25,16.65,5950,285200,0
MIDCPNIFTY29JUL2411800PE.NFO,2024-07-23,14:58:00,2024-07-29,16.65,17.4,16.6,16.85,6450,283150,0
MIDCPNIFTY29JUL2411800PE.NFO,2024-07-23,14:59:00,2024-07-29,16.85,17.55,16.7,17.3,17250,283150,0
MIDCPNIFTY29JUL2411800PE.NFO,2024-07-23,15:00:00,2024-07-29,17.3,17.45,15.15,17.2,14950,283150,0
MIDCPNIFTY29JUL2411800PE.NFO,2024-07-23,15:01:00,2024-07-29,17.2,17.35,16.4,16.45,8850,293200,0
MIDCPNIFTY29JUL2411800PE.NFO,2024-07-23,15:02:00,2024-07-29,16.65,17.0,16.0,16.0,22100,293200,0
MIDCPNIFTY29JUL2411800PE.NFO,2024-07-23,15:03:00,2024-07-29,16.0,16.45,15.9,15.95,7650,293200,0
MIDCPNIFTY29JUL2411800PE.NFO,2024-07-23,15:04:00,2024-07-29,15.95,15.95,14.55,15.1,13400,297150,0
MIDCPNIFTY29JUL2411800PE.NFO,2024-07-23,15:05:00,2024-07-29,15.1,16.15,14.8,16.05,5450,297150,0
MIDCPNIFTY29JUL2411800PE.NFO,2024-07-23,15:06:00,2024-07-29,15.9,16.9,15.6,16.65,96050,297150,0
MIDCPNIFTY29JUL2411800PE.NFO,2024-07-23,15:07:00,2024-07-29,16.65,17.45,16.35,16.75,58100,375450,0
MIDCPNIFTY29JUL2411800PE.NFO,2024-07-23,15:08:00,2024-07-29,16.7,16.85,15.7,16.15,33550,375450,0
MIDCPNIFTY29JUL2411800PE.NFO,2024-07-23,15:09:00,2024-07-29,16.15,16.55,15.6,15.7,54250,375450,0
MIDCPNIFTY29JUL2411800PE.NFO,2024-07-23,15:10:00,2024-07-29,15.7,16.35,14.85,15.1,35100,389150,0
MIDCPNIFTY29JUL2411800PE.NFO,2024-07-23,15:11:00,2024-07-29,15.1,15.6,14.9,15.45,30800,389150,0
MIDCPNIFTY29JUL2411800PE.NFO,2024-07-23,15:12:00,2024-07-29,15.45,16.6,15.45,16.6,46900,389150,0
MIDCPNIFTY29JUL2411800PE.NFO,2024-07-23,15:13:00,2024-07-29,16.6,16.6,15.4,15.6,12950,410900,0
MIDCPNIFTY29JUL2411800PE.NFO,2024-07-23,15:14:00,2024-07-29,15.6,16.5,15.6,16.3,14150,410900,0
MIDCPNIFTY29JUL2411800PE.NFO,2024-07-23,15:15:00,2024-07-29,16.3,16.85,16.05,16.1,9500,410900,0
MIDCPNIFTY29JUL2411800PE.NFO,2024-07-23,15:16:00,2024-07-29,16.35,16.85,16.1,16.4,38450,423550,0
MIDCPNIFTY29JUL2411800PE.NFO,2024-07-23,15:17:00,2024-07-29,16.4,16.4,15.4,15.65,12700,423550,0
MIDCPNIFTY29JUL2411800PE.NFO,2024-07-23,15:18:00,2024-07-29,15.65,16.95,15.45,16.3,33400,423550,0
MIDCPNIFTY29JUL2411800PE.NFO,2024-07-23,15:19:00,2024-07-29,16.4,17.4,16.4,16.55,22350,448950,0
MIDCPNIFTY29JUL2411800PE.NFO,2024-07-23,15:20:00,2024-07-29,16.55,16.85,16.1,16.75,18450,448950,0
MIDCPNIFTY29JUL2411800PE.NFO,2024-07-23,15:21:00,2024-07-29,16.55,16.7,15.8,16.1,18600,448950,0
MIDCPNIFTY29JUL2411800PE.NFO,2024-07-23,15:22:00,2024-07-29,16.1,16.1,14.8,15.4,14450,458850,0
MIDCPNIFTY29JUL2411800PE.NFO,2024-07-23,15:23:00,2024-07-29,15.4,16.0,15.05,15.7,6200,458850,0
MIDCPNIFTY29JUL2411800PE.NFO,2024-07-23,15:24:00,2024-07-29,15.7,16.2,15.65,15.7,7100,458850,0
MIDCPNIFTY29JUL2411800PE.NFO,2024-07-23,15:25:00,2024-07-29,15.7,16.05,15.55,15.85,17750,459600,0
MIDCPNIFTY29JUL2411800PE.NFO,2024-07-23,15:26:00,2024-07-29,15.85,16.35,15.45,15.45,10000,459600,0
MIDCPNIFTY29JUL2411800PE.NFO,2024-07-23,15:27:00,2024-07-29,15.6,16.15,15.55,16.05,30650,459600,0
MIDCPNIFTY29JUL2411800PE.NFO,2024-07-23,15:28:00,2024-07-29,16.05,16.15,15.4,15.95,14300,460950,0
MIDCPNIFTY29JUL2411800PE.NFO,2024-07-23,15:29:00,2024-07-29,15.95,17.7,15.3,17.7,33500,460950,0
MIDCPNIFTY29JUL2411800PE.NFO,2024-07-23,15:30:00,2024-07-29,17.7,17.7,17.7,17.7,33500,460950,1
MIDCPNIFTY29JUL2411800PE.NFO,2024-07-24,09:15:00,2024-07-29,10.0,18.85,10.0,15.2,6000,453100,0
MIDCPNIFTY29JUL2411800PE.NFO,2024-07-24,09:16:00,2024-07-29,15.2,16.65,11.2,16.15,19950,453100,0
MIDCPNIFTY29JUL2411800PE.NFO,2024-07-24,09:17:00,2024-07-29,16.15,16.6,13.75,13.75,22250,453100,0
MIDCPNIFTY29JUL2411800PE.NFO,2024-07-24,09:18:00,2024-07-29,13.75,14.2,13.1,14.05,5500,479500,0
MIDCPNIFTY29JUL2411800PE.NFO,2024-07-24,09:19:00,2024-07-29,14.05,14.8,13.15,14.15,26000,479500,0
MIDCPNIFTY29JUL2411800PE.NFO,2024-07-24,09:20:00,2024-07-29,14.15,14.15,12.45,13.35,12000,479500,0
MIDCPNIFTY29JUL2411800PE.NFO,2024-07-24,09:21:00,2024-07-29,13.25,13.25,11.45,11.5,13200,487400,0
MIDCPNIFTY29JUL2411800PE.NFO,2024-07-24,09:22:00,2024-07-29,11.5,11.9,11.0,11.1,18800,487400,0
MIDCPNIFTY29JUL2411800PE.NFO,2024-07-24,09:23:00,2024-07-29,11.1,12.55,10.95,12.4,12550,487400,0
MIDCPNIFTY29JUL2411800PE.NFO,2024-07-24,09:24:00,2024-07-29,12.4,12.4,12.1,12.25,7300,486800,0
MIDCPNIFTY29JUL2411800PE.NFO,2024-07-24,09:25:00,2024-07-29,12.1,12.25,11.25,11.55,8250,486800,0
MIDCPNIFTY29JUL2411800PE.NFO,2024-07-24,09:26:00,2024-07-29,11.55,12.7,11.25,11.95,22200,486800,0
MIDCPNIFTY29JUL2411800PE.NFO,2024-07-24,09:27:00,2024-07-29,11.95,12.0,11.0,11.25,9700,491700,0
MIDCPNIFTY29JUL2411800PE.NFO,2024-07-24,09:28:00,2024-07-29,11.15,11.85,11.1,11.75,8850,491700,0
MIDCPNIFTY29JUL2411800PE.NFO,2024-07-24,09:29:00,2024-07-29,11.75,11.95,11.1,11.6,3700,491700,0
MIDCPNIFTY29JUL2411800PE.NFO,2024-07-24,09:30:00,2024-07-29,11.6,11.85,11.2,11.8,5500,490150,0
MIDCPNIFTY29JUL2411800PE.NFO,2024-07-24,09:31:00,2024-07-29,11.8,11.8,11.55,11.6,24650,490150,0
MIDCPNIFTY29JUL2411800PE.NFO,2024-07-24,09:32:00,2024-07-29,11.5,11.6,11.3,11.5,11800,490150,0
MIDCPNIFTY29JUL2411800PE.NFO,2024-07-24,09:33:00,2024-07-29,11.5,11.5,11.05,11.15,8850,509650,0
MIDCPNIFTY29JUL2411800PE.NFO,2024-07-24,09:34:00,2024-07-29,11.15,11.15,10.5,10.5,5800,509650,0
MIDCPNIFTY29JUL2411800PE.NFO,2024-07-24,09:35:00,2024-07-29,10.5,10.65,10.2,10.4,7050,509650,0
MIDCPNIFTY29JUL2411800PE.NFO,2024-07-24,09:36:00,2024-07-29,10.4,10.65,10.15,10.2,3900,500300,0
MIDCPNIFTY29JUL2411800PE.NFO,2024-07-24,09:37:00,2024-07-29,10.45,10.5,10.25,10.35,51300,500300,0
MIDCPNIFTY29JUL2411800PE.NFO,2024-07-24,09:38:00,2024-07-29,10.35,11.2,10.1,11.0,24600,500300,0
MIDCPNIFTY29JUL2411800PE.NFO,2024-07-24,09:39:00,2024-07-29,11.0,13.4,11.0,13.4,46300,540600,0
MIDCPNIFTY29JUL2411800PE.NFO,2024-07-24,09:40:00,2024-07-29,13.4,13.4,11.65,12.0,19400,540600,0
MIDCPNIFTY29JUL2411800PE.NFO,2024-07-24,09:41:00,2024-07-29,12.0,12.15,11.0,11.0,12900,540600,0
MIDCPNIFTY29JUL2411800PE.NFO,2024-07-24,09:42:00,2024-07-29,11.0,11.8,10.5,11.6,18000,548750,0
MIDCPNIFTY29JUL2411800PE.NFO,2024-07-24,09:43:00,2024-07-29,11.75,11.75,11.1,11.6,3250,548750,0
MIDCPNIFTY29JUL2411800PE.NFO,2024-07-24,09:44:00,2024-07-29,11.6,12.5,11.45,12.0,9150,548750,0
MIDCPNIFTY29JUL2411800PE.NFO,2024-07-24,09:45:00,2024-07-29,12.0,12.0,11.3,11.85,9800,559500,0
MIDCPNIFTY29JUL2411800PE.NFO,2024-07-24,09:46:00,2024-07-29,11.9,13.0,11.8,12.9,17900,559500,0
MIDCPNIFTY29JUL2411800PE.NFO,2024-07-24,09:47:00,2024-07-29,12.9,12.95,12.1,12.85,43950,559500,0
MIDCPNIFTY29JUL2411800PE.NFO,2024-07-24,09:48:00,2024-07-29,12.85,13.8,12.6,13.2,38250,618050,0
MIDCPNIFTY29JUL2411800PE.NFO,2024-07-24,09:49:00,2024-07-29,12.9,13.85,12.9,13.7,37800,618050,0
MIDCPNIFTY29JUL2411800PE.NFO,2024-07-24,09:50:00,2024-07-29,13.7,14.05,12.9,13.3,16700,618050,0
MIDCPNIFTY29JUL2411800PE.NFO,2024-07-24,09:51:00,2024-07-29,13.3,13.9,12.2,12.6,20600,630600,0
MIDCPNIFTY29JUL2411800PE.NFO,2024-07-24,09:52:00,2024-07-29,12.6,13.15,12.0,12.45,3650,630600,0
MIDCPNIFTY29JUL2411800PE.NFO,2024-07-24,09:53:00,2024-07-29,12.45,12.5,10.55,11.0,18250,630600,0
MIDCPNIFTY29JUL2411800PE.NFO,2024-07-24,09:54:00,2024-07-29,11.0,11.0,10.15,10.65,18550,628450,0
MIDCPNIFTY29JUL2411800PE.NFO,2024-07-24,09:55:00,2024-07-29,10.65,10.65,9.9,10.1,9300,628450,0
MIDCPNIFTY29JUL2411800PE.NFO,2024-07-24,09:56:00,2024-07-29,10.1,10.95,10.1,10.7,5500,628450,0
MIDCPNIFTY29JUL2411800PE.NFO,2024-07-24,09:57:00,2024-07-29,10.9,11.05,10.7,11.05,3800,625850,0
MIDCPNIFTY29JUL2411800PE.NFO,2024-07-24,09:58:00,2024-07-29,11.05,11.3,10.95,11.15,9850,625850,0
MIDCPNIFTY29JUL2411800PE.NFO,2024-07-24,09:59:00,2024-07-29,11.15,11.15,9.95,9.95,1100,625850,0
MIDCPNIFTY29JUL2411800PE.NFO,2024-07-24,10:00:00,2024-07-29,9.95,11.2,9.95,11.05,14400,627000,0
MIDCPNIFTY29JUL2411800PE.NFO,2024-07-24,10:01:00,2024-07-29,11.05,11.05,10.9,11.0,750,627000,0
MIDCPNIFTY29JUL2411800PE.NFO,2024-07-24,10:02:00,2024-07-29,11.0,11.15,10.5,11.05,8000,627000,0
MIDCPNIFTY29JUL2411800PE.NFO,2024-07-24,10:03:00,2024-07-29,11.05,11.05,10.45,10.5,17250,627000,0
MIDCPNIFTY29JUL2411800PE.NFO,2024-07-24,10:04:00,2024-07-29,10.5,10.9,10.45,10.45,5000,619050,0
MIDCPNIFTY29JUL2411800PE.NFO,2024-07-24,10:05:00,2024-07-29,10.45,10.65,10.45,10.45,4000,619050,0
MIDCPNIFTY29JUL2411800PE.NFO,2024-07-24,10:06:00,2024-07-29,10.45,10.6,9.95,10.25,8550,619050,0
MIDCPNIFTY29JUL2411800PE.NFO,2024-07-24,10:07:00,2024-07-29,10.25,10.6,10.2,10.45,11900,619500,0
MIDCPNIFTY29JUL2411800PE.NFO,2024-07-24,10:08:00,2024-07-29,10.45,10.75,10.35,10.65,600,619500,0
MIDCPNIFTY29JUL2411800PE.NFO,2024-07-24,10:09:00,2024-07-29,10.65,10.65,10.15,10.15,450,619500,0
MIDCPNIFTY29JUL2411800PE.NFO,2024-07-24,10:10:00,2024-07-29,10.15,10.15,9.8,9.8,3600,621450,0
MIDCPNIFTY29JUL2411800PE.NFO,2024-07-24,10:11:00,2024-07-29,9.8,10.0,9.8,9.95,0,621450,0
MIDCPNIFTY29JUL2411800PE.NFO,2024-07-24,10:12:00,2024-07-29,9.95,9.95,9.45,9.7,4700,621450,0
MIDCPNIFTY29JUL2411800PE.NFO,2024-07-24,10:13:00,2024-07-29,9.7,9.95,9.7,9.95,1850,615950,0
MIDCPNIFTY29JUL2411800PE.NFO,2024-07-24,10:14:00,2024-07-29,9.95,10.1,9.8,10.1,2200,615950,0
MIDCPNIFTY29JUL2411800PE.NFO,2024-07-24,10:15:00,2024-07-29,10.1,10.2,9.8,9.8,2650,615950,0
MIDCPNIFTY29JUL2411800PE.NFO,2024-07-24,10:16:00,2024-07-29,9.8,9.8,9.2,9.4,12650,619500,0
MIDCPNIFTY29JUL2411800PE.NFO,2024-07-24,10:17:00,2024-07-29,9.4,9.5,9.1,9.1,2950,619500,0
MIDCPNIFTY29JUL2411800PE.NFO,2024-07-24,10:18:00,2024-07-29,9.1,9.3,9.0,9.25,27800,641950,0
MIDCPNIFTY29JUL2411800PE.NFO,2024-07-24,10:19:00,2024-07-29,9.2,9.3,9.1,9.1,6300,641950,0
MIDCPNIFTY29JUL2411800PE.NFO,2024-07-24,10:20:00,2024-07-29,9.1,9.45,9.1,9.35,2350,641950,0
MIDCPNIFTY29JUL2411800PE.NFO,2024-07-24,10:21:00,2024-07-29,9.35,9.35,9.2,9.3,4350,641950,0
MIDCPNIFTY29JUL2411800PE.NFO,2024-07-24,10:22:00,2024-07-29,9.2,9.4,9.15,9.35,6950,635200,0
MIDCPNIFTY29JUL2411800PE.NFO,2024-07-24,10:23:00,2024-07-29,9.35,9.55,9.15,9.2,12700,635200,0
MIDCPNIFTY29JUL2411800PE.NFO,2024-07-24,10:24:00,2024-07-29,9.2,9.25,8.75,8.85,18100,624850,0
MIDCPNIFTY29JUL2411800PE.NFO,2024-07-24,10:25:00,2024-07-29,8.85,9.0,8.6,8.9,7050,624850,0
MIDCPNIFTY29JUL2411800PE.NFO,2024-07-24,10:26:00,2024-07-29,8.9,9.3,8.9,9.2,5900,624850,0
MIDCPNIFTY29JUL2411800PE.NFO,2024-07-24,10:27:00,2024-07-29,9.2,9.45,9.15,9.45,5250,634850,0
MIDCPNIFTY29JUL2411800PE.NFO,2024-07-24,10:28:00,2024-07-29,9.45,9.45,8.9,9.05,6750,634850,0
MIDCPNIFTY29JUL2411800PE.NFO,2024-07-24,10:29:00,2024-07-29,9.05,9.8,9.05,9.8,4700,634850,0
MIDCPNIFTY29JUL2411800PE.NFO,2024-07-24,10:30:00,2024-07-29,9.8,9.8,9.25,9.25,2600,634850,0
MIDCPNIFTY29JUL2411800PE.NFO,2024-07-24,10:31:00,2024-07-29,9.25,9.7,9.2,9.2,100,631950,0
MIDCPNIFTY29JUL2411800PE.NFO,2024-07-24,10:32:00,2024-07-29,9.2,9.3,8.95,9.1,8850,631950,0
MIDCPNIFTY29JUL2411800PE.NFO,2024-07-24,10:33:00,2024-07-29,9.1,9.15,8.65,8.75,4250,631950,0
MIDCPNIFTY29JUL2411800PE.NFO,2024-07-24,10:34:00,2024-07-29,8.75,9.05,8.75,8.9,9400,631400,0
MIDCPNIFTY29JUL2411800PE.NFO,2024-07-24,10:35:00,2024-07-29,8.9,9.0,8.8,9.0,3800,631400,0
MIDCPNIFTY29JUL2411800PE.NFO,2024-07-24,10:36:00,2024-07-29,9.0,9.2,8.9,9.2,1300,631400,0
MIDCPNIFTY29JUL2411800PE.NFO,2024-07-24,10:37:00,2024-07-29,9.2,9.3,9.0,9.1,2550,636200,0
MIDCPNIFTY29JUL2411800PE.NFO,2024-07-24,10:38:00,2024-07-29,9.1,9.1,8.55,8.75,3900,636200,0
MIDCPNIFTY29JUL2411800PE.NFO,2024-07-24,10:39:00,2024-07-29,8.75,8.9,8.55,8.6,16000,636200,0
MIDCPNIFTY29JUL2411800PE.NFO,2024-07-24,10:40:00,2024-07-29,8.6,8.7,8.5,8.6,5150,640700,0
MIDCPNIFTY29JUL2411800PE.NFO,2024-07-24,10:41:00,2024-07-29,8.6,8.7,8.4,8.4,8300,640700,0
MIDCPNIFTY29JUL2411800PE.NFO,2024-07-24,10:42:00,2024-07-29,8.5,8.6,8.35,8.6,0,640700,0
MIDCPNIFTY29JUL2411800PE.NFO,2024-07-24,10:43:00,2024-07-29,8.6,8.6,8.35,8.45,11600,642000,0
MIDCPNIFTY29JUL2411800PE.NFO,2024-07-24,10:44:00,2024-07-29,8.45,8.5,8.25,8.25,9800,642000,0
MIDCPNIFTY29JUL2411800PE.NFO,2024-07-24,10:45:00,2024-07-29,8.25,8.35,8.1,8.35,10800,642000,0
MIDCPNIFTY29JUL2411800PE.NFO,2024-07-24,10:46:00,2024-07-29,8.4,8.65,8.1,8.3,10750,652200,0
MIDCPNIFTY29JUL2411800PE.NFO,2024-07-24,10:47:00,2024-07-29,8.3,8.5,8.25,8.5,5800,652200,0
MIDCPNIFTY29JUL2411800PE.NFO,2024-07-24,10:48:00,2024-07-29,8.5,8.5,8.15,8.15,3050,652200,0
MIDCPNIFTY29JUL2411800PE.NFO,2024-07-24,10:49:00,2024-07-29,8.15,8.25,8.1,8.2,1400,652300,0
MIDCPNIFTY29JUL2411800PE.NFO,2024-07-24,10:50:00,2024-07-29,8.2,8.2,7.85,7.9,2250,652300,0
MIDCPNIFTY29JUL2411800PE.NFO,2024-07-24,10:51:00,2024-07-29,7.9,7.95,7.65,7.7,2700,652300,0
MIDCPNIFTY29JUL2411800PE.NFO,2024-07-24,10:52:00,2024-07-29,7.7,8.0,7.7,8.0,1800,651300,0
MIDCPNIFTY29JUL2411800PE.NFO,2024-07-24,10:53:00,2024-07-29,8.0,8.1,7.85,8.0,0,651300,0
MIDCPNIFTY29JUL2411800PE.NFO,2024-07-24,10:54:00,2024-07-29,8.0,8.0,7.6,7.7,0,651300,0
MIDCPNIFTY29JUL2411800PE.NFO,2024-07-24,10:55:00,2024-07-29,7.7,7.8,7.6,7.7,10400,650350,0
MIDCPNIFTY29JUL2411800PE.NFO,2024-07-24,10:56:00,2024-07-29,7.7,7.7,7.5,7.5,6100,650350,0
MIDCPNIFTY29JUL2411800PE.NFO,2024-07-24,10:57:00,2024-07-29,7.5,8.15,7.5,8.1,2200,650350,0
MIDCPNIFTY29JUL2411800PE.NFO,2024-07-24,10:58:00,2024-07-29,8.1,8.1,7.7,7.75,0,646600,0
MIDCPNIFTY29JUL2411800PE.NFO,2024-07-24,10:59:00,2024-07-29,7.8,8.05,7.7,7.9,4050,646600,0
MIDCPNIFTY29JUL2411800PE.NFO,2024-07-24,11:00:00,2024-07-29,7.9,7.9,7.7,7.7,2350,646600,0
MIDCPNIFTY29JUL2411800PE.NFO,2024-07-24,11:01:00,2024-07-29,7.7,7.8,7.55,7.6,24550,644950,0
MIDCPNIFTY29JUL2411800PE.NFO,2024-07-24,11:02:00,2024-07-29,7.6,7.65,7.45,7.6,11800,644950,0
MIDCPNIFTY29JUL2411800PE.NFO,2024-07-24,11:03:00,2024-07-29,7.6,7.9,7.5,7.5,6400,644950,0
MIDCPNIFTY29JUL2411800PE.NFO,2024-07-24,11:04:00,2024-07-29,7.5,7.7,7.5,7.6,0,660550,0
MIDCPNIFTY29JUL2411800PE.NFO,2024-07-24,11:05:00,2024-07-29,7.6,7.7,7.55,7.6,11450,660550,0
MIDCPNIFTY29JUL2411800PE.NFO,2024-07-24,11:06:00,2024-07-29,7.6,7.9,7.6,7.9,4300,660550,0
MIDCPNIFTY29JUL2411800PE.NFO,2024-07-24,11:07:00,2024-07-29,7.9,8.05,7.8,8.05,4800,643900,0
MIDCPNIFTY29JUL2411800PE.NFO,2024-07-24,11:08:00,2024-07-29,8.05,8.1,7.8,7.85,7100,643900,0
MIDCPNIFTY29JUL2411800PE.NFO,2024-07-24,11:09:00,2024-07-29,7.85,7.9,7.75,7.8,0,643900,0
MIDCPNIFTY29JUL2411800PE.NFO,2024-07-24,11:10:00,2024-07-29,7.8,7.8,7.7,7.75,0,641700,0
MIDCPNIFTY29JUL2411800PE.NFO,2024-07-24,11:11:00,2024-07-29,7.75,7.85,7.6,7.8,350,641700,0
MIDCPNIFTY29JUL2411800PE.NFO,2024-07-24,11:12:00,2024-07-29,7.8,7.8,7.55,7.65,27850,641700,0
MIDCPNIFTY29JUL2411800PE.NFO,2024-07-24,11:13:00,2024-07-29,7.65,8.0,7.45,7.75,121750,640850,0
MIDCPNIFTY29JUL2411800PE.NFO,2024-07-24,11:14:00,2024-07-29,7.9,8.0,7.5,7.85,10550,640850,0
MIDCPNIFTY29JUL2411800PE.NFO,2024-07-24,11:15:00,2024-07-29,7.85,8.25,7.55,7.8,9000,640850,0
MIDCPNIFTY29JUL2411800PE.NFO,2024-07-24,11:16:00,2024-07-29,7.8,8.15,7.8,8.15,4500,617400,0
MIDCPNIFTY29JUL2411800PE.NFO,2024-07-24,11:17:00,2024-07-29,8.15,9.1,7.85,8.7,16200,617400,0
MIDCPNIFTY29JUL2411800PE.NFO,2024-07-24,11:18:00,2024-07-29,8.7,8.85,8.15,8.3,8900,617400,0
MIDCPNIFTY29JUL2411800PE.NFO,2024-07-24,11:19:00,2024-07-29,8.3,8.3,7.85,7.9,3400,618250,0
MIDCPNIFTY29JUL2411800PE.NFO,2024-07-24,11:20:00,2024-07-29,7.9,8.05,7.4,7.45,8050,618250,0
MIDCPNIFTY29JUL2411800PE.NFO,2024-07-24,11:21:00,2024-07-29,7.45,8.1,7.45,7.9,7900,618250,0
MIDCPNIFTY29JUL2411800PE.NFO,2024-07-24,11:22:00,2024-07-29,7.9,8.35,7.6,8.0,700,618600,0
MIDCPNIFTY29JUL2411800PE.NFO,2024-07-24,11:23:00,2024-07-29,7.95,8.1,7.85,8.0,4200,618600,0
MIDCPNIFTY29JUL2411800PE.NFO,2024-07-24,11:24:00,2024-07-29,8.0,8.4,8.0,8.15,650,618600,0
MIDCPNIFTY29JUL2411800PE.NFO,2024-07-24,11:25:00,2024-07-29,8.15,8.55,8.05,8.55,1250,616850,0
MIDCPNIFTY29JUL2411800PE.NFO,2024-07-24,11:26:00,2024-07-29,8.55,8.55,8.0,8.0,6450,616850,0
MIDCPNIFTY29JUL2411800PE.NFO,2024-07-24,11:27:00,2024-07-29,8.0,8.35,8.0,8.15,8900,616850,0
MIDCPNIFTY29JUL2411800PE.NFO,2024-07-24,11:28:00,2024-07-29,8.15,8.7,8.15,8.7,0,609100,0
MIDCPNIFTY29JUL2411800PE.NFO,2024-07-24,11:29:00,2024-07-29,8.7,9.55,8.7,8.75,19650,609100,0
MIDCPNIFTY29JUL2411800PE.NFO,2024-07-24,11:30:00,2024-07-29,8.75,9.15,8.55,8.95,6700,609100,0
MIDCPNIFTY29JUL2411800PE.NFO,2024-07-24,11:31:00,2024-07-29,8.95,9.55,8.95,9.25,11650,606500,0
MIDCPNIFTY29JUL2411800PE.NFO,2024-07-24,11:32:00,2024-07-29,9.25,9.5,8.7,8.9,14450,606500,0
MIDCPNIFTY29JUL2411800PE.NFO,2024-07-24,11:33:00,2024-07-29,8.9,9.0,8.65,9.0,13300,606500,0
MIDCPNIFTY29JUL2411800PE.NFO,2024-07-24,11:34:00,2024-07-29,9.0,9.5,9.0,9.2,0,603950,0
MIDCPNIFTY29JUL2411800PE.NFO,2024-07-24,11:35:00,2024-07-29,9.2,9.2,8.2,8.2,12650,603950,0
MIDCPNIFTY29JUL2411800PE.NFO,2024-07-24,11:36:00,2024-07-29,8.2,8.45,7.9,8.45,1850,603950,0
MIDCPNIFTY29JUL2411800PE.NFO,2024-07-24,11:37:00,2024-07-29,8.45,8.45,7.9,7.95,3000,603150,0
MIDCPNIFTY29JUL2411800PE.NFO,2024-07-24,11:38:00,2024-07-29,7.95,8.65,7.95,8.6,4650,603150,0
MIDCPNIFTY29JUL2411800PE.NFO,2024-07-24,11:39:00,2024-07-29,8.6,8.6,8.3,8.3,1550,603150,0
MIDCPNIFTY29JUL2411800PE.NFO,2024-07-24,11:40:00,2024-07-29,8.3,8.65,8.3,8.4,2850,607900,0
MIDCPNIFTY29JUL2411800PE.NFO,2024-07-24,11:41:00,2024-07-29,8.4,8.4,8.0,8.15,2300,607900,0
MIDCPNIFTY29JUL2411800PE.NFO,2024-07-24,11:42:00,2024-07-29,8.15,8.9,8.15,8.9,3400,607900,0
MIDCPNIFTY29JUL2411800PE.NFO,2024-07-24,11:43:00,2024-07-29,8.9,9.1,8.7,8.7,0,605100,0
MIDCPNIFTY29JUL2411800PE.NFO,2024-07-24,11:44:00,2024-07-29,8.7,8.95,8.7,8.85,13850,605100,0
MIDCPNIFTY29JUL2411800PE.NFO,2024-07-24,11:45:00,2024-07-29,8.85,8.95,8.8,8.8,5600,605100,0
MIDCPNIFTY29JUL2411800PE.NFO,2024-07-24,11:46:00,2024-07-29,8.8,8.85,8.45,8.65,1100,602200,0
MIDCPNIFTY29JUL2411800PE.NFO,2024-07-24,11:47:00,2024-07-29,8.65,8.65,8.15,8.45,6100,602200,0
MIDCPNIFTY29JUL2411800PE.NFO,2024-07-24,11:48:00,2024-07-29,8.45,8.45,7.95,8.0,12150,602200,0
MIDCPNIFTY29JUL2411800PE.NFO,2024-07-24,11:49:00,2024-07-29,8.05,8.05,7.7,7.9,14350,602800,0
MIDCPNIFTY29JUL2411800PE.NFO,2024-07-24,11:50:00,2024-07-29,7.9,8.0,7.8,8.0,6200,602800,0
MIDCPNIFTY29JUL2411800PE.NFO,2024-07-24,11:51:00,2024-07-29,8.0,8.0,7.4,7.4,5800,602800,0
MIDCPNIFTY29JUL2411800PE.NFO,2024-07-24,11:52:00,2024-07-29,7.4,7.55,7.4,7.5,22100,614400,0
MIDCPNIFTY29JUL2411800PE.NFO,2024-07-24,11:53:00,2024-07-29,7.5,7.5,7.2,7.35,4750,614400,0
MIDCPNIFTY29JUL2411800PE.NFO,2024-07-24,11:54:00,2024-07-29,7.35,7.35,7.2,7.35,2300,614400,0
MIDCPNIFTY29JUL2411800PE.NFO,2024-07-24,11:55:00,2024-07-29,7.35,7.8,7.35,7.8,1950,618250,0
MIDCPNIFTY29JUL2411800PE.NFO,2024-07-24,11:56:00,2024-07-29,7.8,8.05,7.8,7.95,4750,618250,0
MIDCPNIFTY29JUL2411800PE.NFO,2024-07-24,11:57:00,2024-07-29,7.95,7.95,7.7,7.7,150,618250,0
MIDCPNIFTY29JUL2411800PE.NFO,2024-07-24,11:58:00,2024-07-29,7.7,7.7,7.5,7.5,650,619950,0
MIDCPNIFTY29JUL2411800PE.NFO,2024-07-24,11:59:00,2024-07-29,7.5,7.6,7.5,7.6,950,619950,0
MIDCPNIFTY29JUL2411800PE.NFO,2024-07-24,12:00:00,2024-07-29,7.6,7.7,7.6,7.7,100,619950,0
MIDCPNIFTY29JUL2411800PE.NFO,2024-07-24,12:01:00,2024-07-29,7.7,7.7,7.55,7.6,1400,620400,0
MIDCPNIFTY29JUL2411800PE.NFO,2024-07-24,12:02:00,2024-07-29,7.65,7.7,7.5,7.6,1600,620400,0
MIDCPNIFTY29JUL2411800PE.NFO,2024-07-24,12:03:00,2024-07-29,7.6,7.6,7.45,7.45,1700,620400,0
MIDCPNIFTY29JUL2411800PE.NFO,2024-07-24,12:04:00,2024-07-29,7.45,7.65,7.45,7.5,850,620050,0
MIDCPNIFTY29JUL2411800PE.NFO,2024-07-24,12:05:00,2024-07-29,7.5,7.55,7.4,7.45,4250,620050,0
MIDCPNIFTY29JUL2411800PE.NFO,2024-07-24,12:06:00,2024-07-29,7.45,7.75,7.4,7.75,7350,620050,0
MIDCPNIFTY29JUL2411800PE.NFO,2024-07-24,12:07:00,2024-07-29,7.75,8.2,7.75,8.1,10000,623350,0
MIDCPNIFTY29JUL2411800PE.NFO,2024-07-24,12:08:00,2024-07-29,8.1,8.1,7.8,7.8,1850,623350,0
MIDCPNIFTY29JUL2411800PE.NFO,2024-07-24,12:09:00,2024-07-29,7.8,7.95,7.8,7.85,6050,623350,0
MIDCPNIFTY29JUL2411800PE.NFO,2024-07-24,12:10:00,2024-07-29,8.05,8.05,7.7,7.9,35100,621300,0
MIDCPNIFTY29JUL2411800PE.NFO,2024-07-24,12:11:00,2024-07-29,7.9,8.1,7.7,8.1,27550,621300,0
MIDCPNIFTY29JUL2411800PE.NFO,2024-07-24,12:12:00,2024-07-29,8.1,8.25,7.85,8.25,10650,621300,0
MIDCPNIFTY29JUL2411800PE.NFO,2024-07-24,12:13:00,2024-07-29,8.25,8.25,8.1,8.1,1250,651300,0
MIDCPNIFTY29JUL2411800PE.NFO,2024-07-24,12:14:00,2024-07-29,8.05,8.05,8.0,8.0,2000,651300,0
MIDCPNIFTY29JUL2411800PE.NFO,2024-07-24,12:15:00,2024-07-29,8.05,8.35,8.05,8.35,1000,651300,0
MIDCPNIFTY29JUL2411800PE.NFO,2024-07-24,12:16:00,2024-07-29,8.35,8.55,8.15,8.55,8500,651100,0
MIDCPNIFTY29JUL2411800PE.NFO,2024-07-24,12:17:00,2024-07-29,8.55,9.05,8.55,9.0,0,651100,0
MIDCPNIFTY29JUL2411800PE.NFO,2024-07-24,12:18:00,2024-07-29,9.0,9.6,8.75,9.45,12300,651100,0
MIDCPNIFTY29JUL2411800PE.NFO,2024-07-24,12:19:00,2024-07-29,9.4,10.55,9.25,10.45,24450,654500,0
MIDCPNIFTY29JUL2411800PE.NFO,2024-07-24,12:20:00,2024-07-29,10.45,11.75,10.25,11.25,44850,654500,0
MIDCPNIFTY29JUL2411800PE.NFO,2024-07-24,12:21:00,2024-07-29,11.25,12.35,11.25,12.0,28500,654500,0
MIDCPNIFTY29JUL2411800PE.NFO,2024-07-24,12:22:00,2024-07-29,12.0,12.05,11.55,11.75,32200,611150,0
MIDCPNIFTY29JUL2411800PE.NFO,2024-07-24,12:23:00,2024-07-29,11.75,11.75,10.15,10.25,11350,611150,0
MIDCPNIFTY29JUL2411800PE.NFO,2024-07-24,12:24:00,2024-07-29,10.3,10.9,10.15,10.35,43750,611150,0
MIDCPNIFTY29JUL2411800PE.NFO,2024-07-24,12:25:00,2024-07-29,10.35,11.0,10.2,10.95,10200,558300,0
MIDCPNIFTY29JUL2411800PE.NFO,2024-07-24,12:26:00,2024-07-29,10.95,11.35,10.7,10.7,13550,558300,0
MIDCPNIFTY29JUL2411800PE.NFO,2024-07-24,12:27:00,2024-07-29,10.7,10.85,10.2,10.2,2600,558300,0
MIDCPNIFTY29JUL2411800PE.NFO,2024-07-24,12:28:00,2024-07-29,10.2,10.4,10.0,10.4,15700,545450,0
MIDCPNIFTY29JUL2411800PE.NFO,2024-07-24,12:29:00,2024-07-29,10.4,11.05,10.4,11.05,8750,545450,0
MIDCPNIFTY29JUL2411800PE.NFO,2024-07-24,12:30:00,2024-07-29,11.05,11.7,11.0,11.7,5700,545450,0
MIDCPNIFTY29JUL2411800PE.NFO,2024-07-24,12:31:00,2024-07-29,11.7,11.9,11.35,11.65,9000,543700,0
MIDCPNIFTY29JUL2411800PE.NFO,2024-07-24,12:32:00,2024-07-29,11.65,11.95,11.5,11.85,2500,543700,0
MIDCPNIFTY29JUL2411800PE.NFO,2024-07-24,12:33:00,2024-07-29,11.85,12.15,11.6,12.05,9850,543700,0
MIDCPNIFTY29JUL2411800PE.NFO,2024-07-24,12:34:00,2024-07-29,11.95,12.2,11.85,12.2,4250,538200,0
MIDCPNIFTY29JUL2411800PE.NFO,2024-07-24,12:35:00,2024-07-29,12.2,12.25,11.8,12.15,13250,538200,0
MIDCPNIFTY29JUL2411800PE.NFO,2024-07-24,12:36:00,2024-07-29,12.15,12.15,11.1,11.1,4850,538200,0
MIDCPNIFTY29JUL2411800PE.NFO,2024-07-24,12:37:00,2024-07-29,11.1,11.95,11.1,11.9,900,532350,0
MIDCPNIFTY29JUL2411800PE.NFO,2024-07-24,12:38:00,2024-07-29,11.9,12.55,11.85,12.5,4950,532350,0
MIDCPNIFTY29JUL2411800PE.NFO,2024-07-24,12:39:00,2024-07-29,12.5,14.7,12.5,14.25,11000,532350,0
MIDCPNIFTY29JUL2411800PE.NFO,2024-07-24,12:40:00,2024-07-29,14.4,15.3,14.1,14.7,12650,546150,0
MIDCPNIFTY29JUL2411800PE.NFO,2024-07-24,12:41:00,2024-07-29,14.55,14.55,13.4,13.6,9650,546150,0
MIDCPNIFTY29JUL2411800PE.NFO,2024-07-24,12:42:00,2024-07-29,13.65,14.05,13.5,13.7,7250,546150,0
MIDCPNIFTY29JUL2411800PE.NFO,2024-07-24,12:43:00,2024-07-29,13.75,13.75,12.9,12.9,7400,550550,0
MIDCPNIFTY29JUL2411800PE.NFO,2024-07-24,12:44:00,2024-07-29,12.85,13.75,12.85,13.6,3700,550550,0
MIDCPNIFTY29JUL2411800PE.NFO,2024-07-24,12:45:00,2024-07-29,13.6,13.6,13.2,13.2,0,550550,0
MIDCPNIFTY29JUL2411800PE.NFO,2024-07-24,12:46:00,2024-07-29,13.2,13.4,13.0,13.4,5350,552400,0
MIDCPNIFTY29JUL2411800PE.NFO,2024-07-24,12:47:00,2024-07-29,13.4,13.4,13.1,13.1,2000,552400,0
MIDCPNIFTY29JUL2411800PE.NFO,2024-07-24,12:48:00,2024-07-29,13.0,13.05,12.2,12.2,6300,552400,0
MIDCPNIFTY29JUL2411800PE.NFO,2024-07-24,12:49:00,2024-07-29,12.2,12.25,12.2,12.25,1050,534350,0
MIDCPNIFTY29JUL2411800PE.NFO,2024-07-24,12:50:00,2024-07-29,12.25,12.45,12.15,12.4,5550,534350,0
MIDCPNIFTY29JUL2411800PE.NFO,2024-07-24,12:51:00,2024-07-29,12.4,12.75,12.25,12.75,1800,534350,0
MIDCPNIFTY29JUL2411800PE.NFO,2024-07-24,12:52:00,2024-07-29,12.75,13.3,12.75,13.3,1800,533400,0
MIDCPNIFTY29JUL2411800PE.NFO,2024-07-24,12:53:00,2024-07-29,13.3,14.3,13.3,14.3,2150,533400,0
MIDCPNIFTY29JUL2411800PE.NFO,2024-07-24,12:54:00,2024-07-29,14.3,14.3,13.6,14.25,3550,533400,0
MIDCPNIFTY29JUL2411800PE.NFO,2024-07-24,12:55:00,2024-07-29,14.25,14.45,13.55,13.55,6000,535750,0
MIDCPNIFTY29JUL2411800PE.NFO,2024-07-24,12:56:00,2024-07-29,13.55,13.8,13.1,13.1,5900,535750,0
MIDCPNIFTY29JUL2411800PE.NFO,2024-07-24,12:57:00,2024-07-29,13.1,13.15,12.9,12.9,100,535750,0
MIDCPNIFTY29JUL2411800PE.NFO,2024-07-24,12:58:00,2024-07-29,12.9,12.95,12.7,12.9,1400,539500,0
MIDCPNIFTY29JUL2411800PE.NFO,2024-07-24,12:59:00,2024-07-29,12.9,13.3,12.9,13.3,6200,539500,0
MIDCPNIFTY29JUL2411800PE.NFO,2024-07-24,13:00:00,2024-07-29,13.65,13.75,13.0,13.05,2450,539500,0
MIDCPNIFTY29JUL2411800PE.NFO,2024-07-24,13:01:00,2024-07-29,13.05,13.8,13.05,13.8,4950,540650,0
MIDCPNIFTY29JUL2411800PE.NFO,2024-07-24,13:02:00,2024-07-29,13.8,13.8,13.4,13.7,800,540650,0
MIDCPNIFTY29JUL2411800PE.NFO,2024-07-24,13:03:00,2024-07-29,13.35,13.4,13.15,13.3,1650,540650,0
MIDCPNIFTY29JUL2411800PE.NFO,2024-07-24,13:04:00,2024-07-29,13.35,13.35,12.4,12.65,9700,542150,0
MIDCPNIFTY29JUL2411800PE.NFO,2024-07-24,13:05:00,2024-07-29,12.65,12.8,12.2,12.2,3400,542150,0
MIDCPNIFTY29JUL2411800PE.NFO,2024-07-24,13:06:00,2024-07-29,12.2,12.3,11.8,12.0,9300,542150,0
MIDCPNIFTY29JUL2411800PE.NFO,2024-07-24,13:07:00,2024-07-29,12.0,12.15,11.55,11.55,2250,539550,0
MIDCPNIFTY29JUL2411800PE.NFO,2024-07-24,13:08:00,2024-07-29,11.55,11.7,11.3,11.3,0,539550,0
MIDCPNIFTY29JUL2411800PE.NFO,2024-07-24,13:09:00,2024-07-29,11.3,11.3,11.0,11.1,5700,539550,0
MIDCPNIFTY29JUL2411800PE.NFO,2024-07-24,13:10:00,2024-07-29,11.1,11.3,11.05,11.2,4600,539850,0
MIDCPNIFTY29JUL2411800PE.NFO,2024-07-24,13:11:00,2024-07-29,11.2,11.6,11.2,11.5,4550,539850,0
MIDCPNIFTY29JUL2411800PE.NFO,2024-07-24,13:12:00,2024-07-29,11.5,11.55,11.3,11.55,1550,539850,0
MIDCPNIFTY29JUL2411800PE.NFO,2024-07-24,13:13:00,2024-07-29,11.55,11.7,10.5,10.65,2100,541600,0
MIDCPNIFTY29JUL2411800PE.NFO,2024-07-24,13:14:00,2024-07-29,10.65,10.65,9.55,9.55,0,541600,0
MIDCPNIFTY29JUL2411800PE.NFO,2024-07-24,13:15:00,2024-07-29,9.55,10.05,9.5,10.05,5900,541600,0
MIDCPNIFTY29JUL2411800PE.NFO,2024-07-24,13:16:00,2024-07-29,10.05,10.7,9.9,10.7,3200,543500,0
MIDCPNIFTY29JUL2411800PE.NFO,2024-07-24,13:17:00,2024-07-29,10.7,11.25,10.65,11.0,5250,543500,0
MIDCPNIFTY29JUL2411800PE.NFO,2024-07-24,13:18:00,2024-07-29,11.0,11.0,10.55,10.9,0,543500,0
MIDCPNIFTY29JUL2411800PE.NFO,2024-07-24,13:19:00,2024-07-29,10.9,10.9,10.15,10.3,7800,542000,0
MIDCPNIFTY29JUL2411800PE.NFO,2024-07-24,13:20:00,2024-07-29,10.3,10.95,10.3,10.7,1900,542000,0
MIDCPNIFTY29JUL2411800PE.NFO,2024-07-24,13:21:00,2024-07-29,10.7,10.7,10.0,10.0,4250,542000,0
MIDCPNIFTY29JUL2411800PE.NFO,2024-07-24,13:22:00,2024-07-29,10.0,10.0,9.75,9.8,1900,542450,0
MIDCPNIFTY29JUL2411800PE.NFO,2024-07-24,13:23:00,2024-07-29,9.8,10.0,9.3,9.3,1000,542450,0
MIDCPNIFTY29JUL2411800PE.NFO,2024-07-24,13:24:00,2024-07-29,9.3,9.45,9.2,9.45,2700,542450,0
MIDCPNIFTY29JUL2411800PE.NFO,2024-07-24,13:25:00,2024-07-29,9.45,9.45,8.75,8.75,2250,539400,0
MIDCPNIFTY29JUL2411800PE.NFO,2024-07-24,13:26:00,2024-07-29,8.75,9.15,8.7,9.15,7400,539400,0
MIDCPNIFTY29JUL2411800PE.NFO,2024-07-24,13:27:00,2024-07-29,9.15,9.55,9.15,9.4,7000,539400,0
MIDCPNIFTY29JUL2411800PE.NFO,2024-07-24,13:28:00,2024-07-29,9.4,9.5,8.9,8.9,1150,538150,0
MIDCPNIFTY29JUL2411800PE.NFO,2024-07-24,13:29:00,2024-07-29,8.95,9.1,8.9,9.05,1700,538150,0
MIDCPNIFTY29JUL2411800PE.NFO,2024-07-24,13:30:00,2024-07-29,9.05,9.2,9.0,9.0,2000,538150,0
MIDCPNIFTY29JUL2411800PE.NFO,2024-07-24,13:31:00,2024-07-29,9.0,9.0,8.4,8.55,30300,540700,0
MIDCPNIFTY29JUL2411800PE.NFO,2024-07-24,13:32:00,2024-07-29,8.55,8.55,8.1,8.4,6450,540700,0
MIDCPNIFTY29JUL2411800PE.NFO,2024-07-24,13:33:00,2024-07-29,8.4,9.05,8.4,8.95,11200,540700,0
MIDCPNIFTY29JUL2411800PE.NFO,2024-07-24,13:34:00,2024-07-29,8.95,9.3,8.9,9.15,2750,562700,0
MIDCPNIFTY29JUL2411800PE.NFO,2024-07-24,13:35:00,2024-07-29,9.15,9.6,9.1,9.35,6000,562700,0
MIDCPNIFTY29JUL2411800PE.NFO,2024-07-24,13:36:00,2024-07-29,9.3,9.3,8.7,8.7,22500,562700,0
MIDCPNIFTY29JUL2411800PE.NFO,2024-07-24,13:37:00,2024-07-29,8.7,8.75,8.45,8.5,9350,543150,0
MIDCPNIFTY29JUL2411800PE.NFO,2024-07-24,13:38:00,2024-07-29,8.5,8.65,8.0,8.0,0,543150,0
MIDCPNIFTY29JUL2411800PE.NFO,2024-07-24,13:39:00,2024-07-29,8.0,8.2,7.95,8.1,11750,543150,0
MIDCPNIFTY29JUL2411800PE.NFO,2024-07-24,13:40:00,2024-07-29,8.1,8.25,7.9,7.9,13900,543000,0
MIDCPNIFTY29JUL2411800PE.NFO,2024-07-24,13:41:00,2024-07-29,7.85,8.05,7.75,7.85,0,543000,0
MIDCPNIFTY29JUL2411800PE.NFO,2024-07-24,13:42:00,2024-07-29,7.8,7.8,7.4,7.65,31650,543000,0
MIDCPNIFTY29JUL2411800PE.NFO,2024-07-24,13:43:00,2024-07-29,7.65,7.8,7.65,7.75,6300,541950,0
MIDCPNIFTY29JUL2411800PE.NFO,2024-07-24,13:44:00,2024-07-29,7.75,7.85,7.55,7.7,0,541950,0
MIDCPNIFTY29JUL2411800PE.NFO,2024-07-24,13:45:00,2024-07-29,7.7,7.7,7.4,7.55,8400,541950,0
MIDCPNIFTY29JUL2411800PE.NFO,2024-07-24,13:46:00,2024-07-29,7.65,7.95,7.65,7.9,4950,543300,0
MIDCPNIFTY29JUL2411800PE.NFO,2024-07-24,13:47:00,2024-07-29,7.9,7.95,7.7,7.75,0,543300,0
MIDCPNIFTY29JUL2411800PE.NFO,2024-07-24,13:48:00,2024-07-29,7.75,8.0,7.75,8.0,10500,543300,0
MIDCPNIFTY29JUL2411800PE.NFO,2024-07-24,13:49:00,2024-07-29,8.0,8.0,7.8,7.95,8950,554050,0
MIDCPNIFTY29JUL2411800PE.NFO,2024-07-24,13:50:00,2024-07-29,7.9,8.0,7.8,7.9,9300,554050,0
MIDCPNIFTY29JUL2411800PE.NFO,2024-07-24,13:51:00,2024-07-29,7.9,8.3,7.85,8.1,0,554050,0
MIDCPNIFTY29JUL2411800PE.NFO,2024-07-24,13:52:00,2024-07-29,8.1,8.1,7.8,7.85,5750,558700,0
MIDCPNIFTY29JUL2411800PE.NFO,2024-07-24,13:53:00,2024-07-29,7.95,7.95,7.85,7.85,3400,558700,0
MIDCPNIFTY29JUL2411800PE.NFO,2024-07-24,13:54:00,2024-07-29,7.85,8.0,7.8,7.9,1800,558700,0
MIDCPNIFTY29JUL2411800PE.NFO,2024-07-24,13:55:00,2024-07-29,7.9,8.45,7.9,8.4,6750,554050,0
MIDCPNIFTY29JUL2411800PE.NFO,2024-07-24,13:56:00,2024-07-29,8.4,8.9,8.4,8.85,0,554050,0
MIDCPNIFTY29JUL2411800PE.NFO,2024-07-24,13:57:00,2024-07-29,9.0,9.4,8.7,9.15,11250,554050,0
MIDCPNIFTY29JUL2411800PE.NFO,2024-07-24,13:58:00,2024-07-29,9.15,9.15,8.45,8.45,0,556550,0
MIDCPNIFTY29JUL2411800PE.NFO,2024-07-24,13:59:00,2024-07-29,8.65,8.9,8.6,8.9,0,556550,0
MIDCPNIFTY29JUL2411800PE.NFO,2024-07-24,14:00:00,2024-07-29,8.75,8.85,8.55,8.85,4250,556550,0
MIDCPNIFTY29JUL2411800PE.NFO,2024-07-24,14:01:00,2024-07-29,8.85,9.4,8.8,9.4,2800,558450,0
MIDCPNIFTY29JUL2411800PE.NFO,2024-07-24,14:02:00,2024-07-29,9.4,9.4,8.9,9.1,0,558450,0
MIDCPNIFTY29JUL2411800PE.NFO,2024-07-24,14:03:00,2024-07-29,9.1,9.4,9.1,9.2,2150,558450,0
MIDCPNIFTY29JUL2411800PE.NFO,2024-07-24,14:04:00,2024-07-29,9.2,9.4,9.05,9.4,700,558600,0
MIDCPNIFTY29JUL2411800PE.NFO,2024-07-24,14:05:00,2024-07-29,9.4,9.6,9.3,9.5,5000,558600,0
MIDCPNIFTY29JUL2411800PE.NFO,2024-07-24,14:06:00,2024-07-29,9.5,9.8,9.5,9.8,750,558600,0
MIDCPNIFTY29JUL2411800PE.NFO,2024-07-24,14:07:00,2024-07-29,9.75,9.9,9.75,9.8,0,557600,0
MIDCPNIFTY29JUL2411800PE.NFO,2024-07-24,14:08:00,2024-07-29,9.5,9.5,9.4,9.4,5100,557600,0
MIDCPNIFTY29JUL2411800PE.NFO,2024-07-24,14:09:00,2024-07-29,9.4,9.55,9.4,9.55,1950,557600,0
MIDCPNIFTY29JUL2411800PE.NFO,2024-07-24,14:10:00,2024-07-29,9.55,9.8,9.5,9.55,1800,558850,0
MIDCPNIFTY29JUL2411800PE.NFO,2024-07-24,14:11:00,2024-07-29,9.55,9.7,9.45,9.7,0,558850,0
MIDCPNIFTY29JUL2411800PE.NFO,2024-07-24,14:12:00,2024-07-29,9.7,9.8,9.55,9.65,1900,558850,0
MIDCPNIFTY29JUL2411800PE.NFO,2024-07-24,14:13:00,2024-07-29,9.65,9.65,9.3,9.6,2050,558400,0
MIDCPNIFTY29JUL2411800PE.NFO,2024-07-24,14:14:00,2024-07-29,9.35,9.4,9.1,9.1,2150,558400,0
MIDCPNIFTY29JUL2411800PE.NFO,2024-07-24,14:15:00,2024-07-29,9.15,9.15,8.75,8.75,0,558400,0
MIDCPNIFTY29JUL2411800PE.NFO,2024-07-24,14:16:00,2024-07-29,8.75,8.85,8.7,8.75,3050,558850,0
MIDCPNIFTY29JUL2411800PE.NFO,2024-07-24,14:17:00,2024-07-29,8.75,8.75,8.55,8.6,6950,558850,0
MIDCPNIFTY29JUL2411800PE.NFO,2024-07-24,14:18:00,2024-07-29,8.6,8.7,8.45,8.7,5050,558850,0
MIDCPNIFTY29JUL2411800PE.NFO,2024-07-24,14:19:00,2024-07-29,8.7,9.0,8.7,8.8,1900,560750,0
MIDCPNIFTY29JUL2411800PE.NFO,2024-07-24,14:20:00,2024-07-29,8.8,8.8,8.6,8.65,0,560750,0
MIDCPNIFTY29JUL2411800PE.NFO,2024-07-24,14:21:00,2024-07-29,8.65,8.65,8.5,8.5,2600,560750,0
MIDCPNIFTY29JUL2411800PE.NFO,2024-07-24,14:22:00,2024-07-29,8.5,8.5,7.95,8.15,7550,561250,0
MIDCPNIFTY29JUL2411800PE.NFO,2024-07-24,14:23:00,2024-07-29,8.15,8.2,7.85,7.85,8150,561250,0
MIDCPNIFTY29JUL2411800PE.NFO,2024-07-24,14:24:00,2024-07-29,7.8,8.05,7.8,8.0,5650,561250,0
MIDCPNIFTY29JUL2411800PE.NFO,2024-07-24,14:25:00,2024-07-29,8.0,8.0,7.85,7.9,0,567150,0
MIDCPNIFTY29JUL2411800PE.NFO,2024-07-24,14:26:00,2024-07-29,7.85,7.85,7.8,7.8,6000,567150,0
MIDCPNIFTY29JUL2411800PE.NFO,2024-07-24,14:27:00,2024-07-29,7.8,8.1,7.8,7.95,1700,567150,0
MIDCPNIFTY29JUL2411800PE.NFO,2024-07-24,14:28:00,2024-07-29,7.95,8.05,7.85,7.9,3550,570250,0
MIDCPNIFTY29JUL2411800PE.NFO,2024-07-24,14:29:00,2024-07-29,7.8,7.9,7.55,7.7,26600,570250,0
MIDCPNIFTY29JUL2411800PE.NFO,2024-07-24,14:30:00,2024-07-29,7.7,7.7,7.3,7.3,0,570250,0
MIDCPNIFTY29JUL2411800PE.NFO,2024-07-24,14:31:00,2024-07-29,7.3,7.35,7.0,7.0,35500,602100,0
MIDCPNIFTY29JUL2411800PE.NFO,2024-07-24,14:32:00,2024-07-29,7.0,7.25,7.0,7.0,16450,602100,0
MIDCPNIFTY29JUL2411800PE.NFO,2024-07-24,14:33:00,2024-07-29,7.0,7.3,7.0,7.2,0,602100,0
MIDCPNIFTY29JUL2411800PE.NFO,2024-07-24,14:34:00,2024-07-29,7.2,7.4,7.15,7.3,50,597450,0
MIDCPNIFTY29JUL2411800PE.NFO,2024-07-24,14:35:00,2024-07-29,7.3,7.45,7.15,7.45,5400,597450,0
MIDCPNIFTY29JUL2411800PE.NFO,2024-07-24,14:36:00,2024-07-29,7.45,7.65,7.4,7.65,12700,597450,0
MIDCPNIFTY29JUL2411800PE.NFO,2024-07-24,14:37:00,2024-07-29,7.65,7.75,7.5,7.5,0,605200,0
MIDCPNIFTY29JUL2411800PE.NFO,2024-07-24,14:38:00,2024-07-29,7.5,7.5,7.05,7.05,2050,605200,0
MIDCPNIFTY29JUL2411800PE.NFO,2024-07-24,14:39:00,2024-07-29,7.05,7.25,7.0,7.05,31350,605200,0
MIDCPNIFTY29JUL2411800PE.NFO,2024-07-24,14:40:00,2024-07-29,7.05,7.05,6.9,6.9,21450,597250,0
MIDCPNIFTY29JUL2411800PE.NFO,2024-07-24,14:41:00,2024-07-29,6.9,6.95,6.7,6.85,0,597250,0
MIDCPNIFTY29JUL2411800PE.NFO,2024-07-24,14:42:00,2024-07-29,6.85,6.95,6.7,6.9,25300,597250,0
MIDCPNIFTY29JUL2411800PE.NFO,2024-07-24,14:43:00,2024-07-29,6.9,6.95,6.65,6.65,0,595900,0
MIDCPNIFTY29JUL2411800PE.NFO,2024-07-24,14:44:00,2024-07-29,6.7,6.7,6.45,6.5,25600,595900,0
MIDCPNIFTY29JUL2411800PE.NFO,2024-07-24,14:45:00,2024-07-29,6.5,6.5,6.2,6.35,16500,595900,0
MIDCPNIFTY29JUL2411800PE.NFO,2024-07-24,14:46:00,2024-07-29,6.4,6.4,6.05,6.05,18350,591650,0
MIDCPNIFTY29JUL2411800PE.NFO,2024-07-24,14:47:00,2024-07-29,6.05,6.4,6.05,6.3,0,591650,0
MIDCPNIFTY29JUL2411800PE.NFO,2024-07-24,14:48:00,2024-07-29,6.4,6.5,6.35,6.45,5800,591650,0
MIDCPNIFTY29JUL2411800PE.NFO,2024-07-24,14:49:00,2024-07-29,6.45,6.55,6.3,6.55,13700,592450,0
MIDCPNIFTY29JUL2411800PE.NFO,2024-07-24,14:50:00,2024-07-29,6.5,6.6,6.3,6.3,7050,592450,0
MIDCPNIFTY29JUL2411800PE.NFO,2024-07-24,14:51:00,2024-07-29,6.3,6.35,6.25,6.3,7000,592450,0
MIDCPNIFTY29JUL2411800PE.NFO,2024-07-24,14:52:00,2024-07-29,6.2,6.25,5.95,6.05,0,593050,0
MIDCPNIFTY29JUL2411800PE.NFO,2024-07-24,14:53:00,2024-07-29,6.05,6.45,5.95,6.45,11950,593050,0
MIDCPNIFTY29JUL2411800PE.NFO,2024-07-24,14:54:00,2024-07-29,6.45,6.45,6.35,6.35,8500,593050,0
MIDCPNIFTY29JUL2411800PE.NFO,2024-07-24,14:55:00,2024-07-29,6.35,6.35,6.05,6.15,11800,595550,0
MIDCPNIFTY29JUL2411800PE.NFO,2024-07-24,14:56:00,2024-07-29,6.15,6.15,5.85,5.85,0,595550,0
MIDCPNIFTY29JUL2411800PE.NFO,2024-07-24,14:57:00,2024-07-29,5.85,6.2,5.85,6.2,14950,595550,0
MIDCPNIFTY29JUL2411800PE.NFO,2024-07-24,14:58:00,2024-07-29,6.2,6.3,6.15,6.25,5900,598950,0
MIDCPNIFTY29JUL2411800PE.NFO,2024-07-24,14:59:00,2024-07-29,6.25,6.4,6.1,6.4,14650,598950,0
MIDCPNIFTY29JUL2411800PE.NFO,2024-07-24,15:00:00,2024-07-29,6.4,6.95,6.4,6.6,0,598950,0
MIDCPNIFTY29JUL2411800PE.NFO,2024-07-24,15:01:00,2024-07-29,6.6,6.8,6.55,6.55,9300,593350,0
MIDCPNIFTY29JUL2411800PE.NFO,2024-07-24,15:02:00,2024-07-29,6.55,6.75,6.55,6.75,7100,593350,0
MIDCPNIFTY29JUL2411800PE.NFO,2024-07-24,15:03:00,2024-07-29,6.75,6.75,6.6,6.7,5250,593350,0
MIDCPNIFTY29JUL2411800PE.NFO,2024-07-24,15:04:00,2024-07-29,6.7,6.75,6.6,6.65,5100,596700,0
MIDCPNIFTY29JUL2411800PE.NFO,2024-07-24,15:05:00,2024-07-29,6.65,6.9,6.55,6.9,0,596700,0
MIDCPNIFTY29JUL2411800PE.NFO,2024-07-24,15:06:00,2024-07-29,6.9,7.05,6.9,7.0,2150,596700,0
MIDCPNIFTY29JUL2411800PE.NFO,2024-07-24,15:07:00,2024-07-29,7.0,7.1,6.95,7.1,3800,599250,0
MIDCPNIFTY29JUL2411800PE.NFO,2024-07-24,15:08:00,2024-07-29,7.05,7.05,6.8,6.85,20300,599250,0
MIDCPNIFTY29JUL2411800PE.NFO,2024-07-24,15:09:00,2024-07-29,6.85,6.85,6.75,6.75,15750,599250,0
MIDCPNIFTY29JUL2411800PE.NFO,2024-07-24,15:10:00,2024-07-29,6.75,6.85,6.45,6.5,0,637050,0
MIDCPNIFTY29JUL2411800PE.NFO,2024-07-24,15:11:00,2024-07-29,6.5,6.6,6.4,6.4,40600,637050,0
MIDCPNIFTY29JUL2411800PE.NFO,2024-07-24,15:12:00,2024-07-29,6.4,6.4,6.35,6.4,6200,637050,0
MIDCPNIFTY29JUL2411800PE.NFO,2024-07-24,15:13:00,2024-07-29,6.45,6.45,6.2,6.25,3650,636500,0
MIDCPNIFTY29JUL2411800PE.NFO,2024-07-24,15:14:00,2024-07-29,6.25,6.25,5.7,5.75,0,636500,0
MIDCPNIFTY29JUL2411800PE.NFO,2024-07-24,15:15:00,2024-07-29,5.75,5.75,5.5,5.5,12800,636500,0
MIDCPNIFTY29JUL2411800PE.NFO,2024-07-24,15:16:00,2024-07-29,5.5,5.6,5.35,5.45,0,638800,0
MIDCPNIFTY29JUL2411800PE.NFO,2024-07-24,15:17:00,2024-07-29,5.45,5.45,5.35,5.35,12100,638800,0
MIDCPNIFTY29JUL2411800PE.NFO,2024-07-24,15:18:00,2024-07-29,5.35,5.4,5.15,5.2,18300,638800,0
MIDCPNIFTY29JUL2411800PE.NFO,2024-07-24,15:19:00,2024-07-29,5.2,5.2,4.95,4.95,29750,622900,0
MIDCPNIFTY29JUL2411800PE.NFO,2024-07-24,15:20:00,2024-07-29,4.9,5.0,4.8,4.95,250,622900,0
MIDCPNIFTY29JUL2411800PE.NFO,2024-07-24,15:21:00,2024-07-29,5.0,5.1,4.8,4.95,86850,622900,0
MIDCPNIFTY29JUL2411800PE.NFO,2024-07-24,15:22:00,2024-07-29,4.95,4.95,4.85,4.9,7900,592750,0
MIDCPNIFTY29JUL2411800PE.NFO,2024-07-24,15:23:00,2024-07-29,4.95,5.05,4.85,4.95,0,592750,0
MIDCPNIFTY29JUL2411800PE.NFO,2024-07-24,15:24:00,2024-07-29,4.95,5.15,4.85,4.9,51950,592750,0
MIDCPNIFTY29JUL2411800PE.NFO,2024-07-24,15:25:00,2024-07-29,4.95,5.0,4.7,4.7,42750,598400,0
MIDCPNIFTY29JUL2411800PE.NFO,2024-07-24,15:26:00,2024-07-29,4.7,4.9,4.7,4.85,0,598400,0
MIDCPNIFTY29JUL2411800PE.NFO,2024-07-24,15:27:00,2024-07-29,4.85,5.0,4.7,4.95,47850,598400,0
MIDCPNIFTY29JUL2411800PE.NFO,2024-07-24,15:28:00,2024-07-29,4.95,5.05,4.7,4.7,50600,620250,0
MIDCPNIFTY29JUL2411800PE.NFO,2024-07-24,15:29:00,2024-07-29,4.7,4.9,4.0,4.3,40450,620250,0
MIDCPNIFTY29JUL2411800PE.NFO,2024-07-24,15:30:00,2024-07-29,4.3,4.3,4.3,4.3,40450,620250,1
MIDCPNIFTY29JUL2411800PE.NFO,2024-07-25,09:15:00,2024-07-29,9.75,9.8,5.5,8.75,15050,634650,0
MIDCPNIFTY29JUL2411800PE.NFO,2024-07-25,09:16:00,2024-07-29,8.75,10.45,8.0,9.4,55000,634650,0
MIDCPNIFTY29JUL2411800PE.NFO,2024-07-25,09:17:00,2024-07-29,9.4,10.6,9.2,9.2,33450,634650,0
MIDCPNIFTY29JUL2411800PE.NFO,2024-07-25,09:18:00,2024-07-29,9.2,9.35,8.05,8.3,32050,654850,0
MIDCPNIFTY29JUL2411800PE.NFO,2024-07-25,09:19:00,2024-07-29,8.3,8.8,7.9,8.5,34050,654850,0
MIDCPNIFTY29JUL2411800PE.NFO,2024-07-25,09:20:00,2024-07-29,8.5,10.1,8.5,9.75,31500,654850,0
MIDCPNIFTY29JUL2411800PE.NFO,2024-07-25,09:21:00,2024-07-29,9.75,9.75,8.95,9.15,9600,676600,0
MIDCPNIFTY29JUL2411800PE.NFO,2024-07-25,09:22:00,2024-07-29,9.15,9.15,8.5,8.6,12950,676600,0
MIDCPNIFTY29JUL2411800PE.NFO,2024-07-25,09:23:00,2024-07-29,8.6,8.6,7.45,7.45,32050,676600,0
MIDCPNIFTY29JUL2411800PE.NFO,2024-07-25,09:24:00,2024-07-29,7.45,7.75,7.05,7.7,28000,676900,0
MIDCPNIFTY29JUL2411800PE.NFO,2024-07-25,09:25:00,2024-07-29,7.7,7.7,7.2,7.25,8650,676900,0
MIDCPNIFTY29JUL2411800PE.NFO,2024-07-25,09:26:00,2024-07-29,7.25,7.55,7.2,7.45,16300,676900,0
MIDCPNIFTY29JUL2411800PE.NFO,2024-07-25,09:27:00,2024-07-29,7.45,7.85,7.35,7.65,2750,680600,0
MIDCPNIFTY29JUL2411800PE.NFO,2024-07-25,09:28:00,2024-07-29,7.65,7.65,7.2,7.3,22050,680600,0
MIDCPNIFTY29JUL2411800PE.NFO,2024-07-25,09:29:00,2024-07-29,7.3,7.45,6.35,6.4,5500,680600,0
MIDCPNIFTY29JUL2411800PE.NFO,2024-07-25,09:30:00,2024-07-29,6.4,6.4,5.8,6.35,70600,684800,0
MIDCPNIFTY29JUL2411800PE.NFO,2024-07-25,09:31:00,2024-07-29,6.35,6.45,6.25,6.4,4050,684800,0
MIDCPNIFTY29JUL2411800PE.NFO,2024-07-25,09:32:00,2024-07-29,6.5,6.6,5.8,5.9,14100,684800,0
MIDCPNIFTY29JUL2411800PE.NFO,2024-07-25,09:33:00,2024-07-29,5.9,6.55,5.9,6.55,18000,684800,0
MIDCPNIFTY29JUL2411800PE.NFO,2024-07-25,09:34:00,2024-07-29,6.55,6.7,6.1,6.1,23400,685800,0
MIDCPNIFTY29JUL2411800PE.NFO,2024-07-25,09:35:00,2024-07-29,6.1,6.6,5.8,6.55,25400,685800,0
MIDCPNIFTY29JUL2411800PE.NFO,2024-07-25,09:36:00,2024-07-29,6.55,7.2,6.5,7.1,10800,697350,0
MIDCPNIFTY29JUL2411800PE.NFO,2024-07-25,09:37:00,2024-07-29,7.1,7.45,6.7,7.1,31950,697350,0
MIDCPNIFTY29JUL2411800PE.NFO,2024-07-25,09:38:00,2024-07-29,7.1,7.1,6.55,6.7,12350,697350,0
MIDCPNIFTY29JUL2411800PE.NFO,2024-07-25,09:39:00,2024-07-29,6.7,6.95,6.55,6.55,6650,689250,0
MIDCPNIFTY29JUL2411800PE.NFO,2024-07-25,09:40:00,2024-07-29,6.55,6.75,6.25,6.55,9900,689250,0
MIDCPNIFTY29JUL2411800PE.NFO,2024-07-25,09:41:00,2024-07-29,6.55,6.6,6.15,6.25,27850,689250,0
MIDCPNIFTY29JUL2411800PE.NFO,2024-07-25,09:42:00,2024-07-29,6.25,6.3,6.05,6.05,11950,695350,0
MIDCPNIFTY29JUL2411800PE.NFO,2024-07-25,09:43:00,2024-07-29,6.05,6.15,5.75,5.95,14350,695350,0
MIDCPNIFTY29JUL2411800PE.NFO,2024-07-25,09:44:00,2024-07-29,5.95,6.1,5.85,5.95,11150,695350,0
MIDCPNIFTY29JUL2411800PE.NFO,2024-07-25,09:45:00,2024-07-29,5.85,6.8,5.75,6.75,9500,684550,0
MIDCPNIFTY29JUL2411800PE.NFO,2024-07-25,09:46:00,2024-07-29,6.75,7.15,6.65,7.15,19450,684550,0
MIDCPNIFTY29JUL2411800PE.NFO,2024-07-25,09:47:00,2024-07-29,7.15,7.15,6.7,7.05,23000,684550,0
MIDCPNIFTY29JUL2411800PE.NFO,2024-07-25,09:48:00,2024-07-29,7.05,7.05,6.8,7.0,3050,687950,0
MIDCPNIFTY29JUL2411800PE.NFO,2024-07-25,09:49:00,2024-07-29,7.0,7.2,6.7,6.75,10500,687950,0
MIDCPNIFTY29JUL2411800PE.NFO,2024-07-25,09:50:00,2024-07-29,6.75,6.85,6.15,6.15,5100,687950,0
MIDCPNIFTY29JUL2411800PE.NFO,2024-07-25,09:51:00,2024-07-29,6.15,6.65,6.1,6.55,4000,685700,0
MIDCPNIFTY29JUL2411800PE.NFO,2024-07-25,09:52:00,2024-07-29,6.55,6.6,6.2,6.55,5600,685700,0
MIDCPNIFTY29JUL2411800PE.NFO,2024-07-25,09:53:00,2024-07-29,6.55,7.35,6.55,7.3,7850,685700,0
MIDCPNIFTY29JUL2411800PE.NFO,2024-07-25,09:54:00,2024-07-29,7.3,7.3,7.05,7.15,23400,669050,0
MIDCPNIFTY29JUL2411800PE.NFO,2024-07-25,09:55:00,2024-07-29,7.1,7.1,6.65,6.7,15200,669050,0
MIDCPNIFTY29JUL2411800PE.NFO,2024-07-25,09:56:00,2024-07-29,6.7,7.65,6.7,7.5,21850,669050,0
MIDCPNIFTY29JUL2411800PE.NFO,2024-07-25,09:57:00,2024-07-29,7.5,7.65,6.95,7.25,10450,666000,0
MIDCPNIFTY29JUL2411800PE.NFO,2024-07-25,09:58:00,2024-07-29,7.25,7.25,6.7,6.7,8850,666000,0
MIDCPNIFTY29JUL2411800PE.NFO,2024-07-25,09:59:00,2024-07-29,6.7,7.7,6.6,7.6,14250,666000,0
MIDCPNIFTY29JUL2411800PE.NFO,2024-07-25,10:00:00,2024-07-29,7.6,7.6,7.1,7.55,0,658600,0
MIDCPNIFTY29JUL2411800PE.NFO,2024-07-25,10:01:00,2024-07-29,7.6,7.6,6.8,6.95,10400,658600,0
MIDCPNIFTY29JUL2411800PE.NFO,2024-07-25,10:02:00,2024-07-29,6.95,6.95,6.65,6.65,3700,658600,0
MIDCPNIFTY29JUL2411800PE.NFO,2024-07-25,10:03:00,2024-07-29,6.65,6.7,6.45,6.45,3250,651350,0
MIDCPNIFTY29JUL2411800PE.NFO,2024-07-25,10:04:00,2024-07-29,6.45,6.5,5.95,6.15,15400,651350,0
MIDCPNIFTY29JUL2411800PE.NFO,2024-07-25,10:05:00,2024-07-29,6.15,6.3,5.8,5.8,0,651350,0
MIDCPNIFTY29JUL2411800PE.NFO,2024-07-25,10:06:00,2024-07-29,5.8,5.9,5.7,5.7,17950,650500,0
MIDCPNIFTY29JUL2411800PE.NFO,2024-07-25,10:07:00,2024-07-29,5.7,6.55,5.7,6.3,6500,650500,0
MIDCPNIFTY29JUL2411800PE.NFO,2024-07-25,10:08:00,2024-07-29,6.3,6.65,6.15,6.45,12050,650500,0
MIDCPNIFTY29JUL2411800PE.NFO,2024-07-25,10:09:00,2024-07-29,6.45,6.45,5.6,6.0,10950,648300,0
MIDCPNIFTY29JUL2411800PE.NFO,2024-07-25,10:10:00,2024-07-29,6.0,6.25,5.95,6.05,17800,648300,0
MIDCPNIFTY29JUL2411800PE.NFO,2024-07-25,10:11:00,2024-07-29,6.05,6.1,5.8,6.0,15250,648300,0
MIDCPNIFTY29JUL2411800PE.NFO,2024-07-25,10:12:00,2024-07-29,6.0,6.0,5.55,5.6,21050,636050,0
MIDCPNIFTY29JUL2411800PE.NFO,2024-07-25,10:13:00,2024-07-29,5.65,5.75,5.4,5.45,13750,636050,0
MIDCPNIFTY29JUL2411800PE.NFO,2024-07-25,10:14:00,2024-07-29,5.45,5.45,5.2,5.45,10050,636050,0
MIDCPNIFTY29JUL2411800PE.NFO,2024-07-25,10:15:00,2024-07-29,5.45,5.75,5.4,5.45,19850,624400,0
MIDCPNIFTY29JUL2411800PE.NFO,2024-07-25,10:16:00,2024-07-29,5.45,5.45,5.15,5.2,19450,624400,0
MIDCPNIFTY29JUL2411800PE.NFO,2024-07-25,10:17:00,2024-07-29,5.2,5.7,5.1,5.7,16250,624400,0
MIDCPNIFTY29JUL2411800PE.NFO,2024-07-25,10:18:00,2024-07-29,5.7,5.85,5.5,5.8,15050,622850,0
MIDCPNIFTY29JUL2411800PE.NFO,2024-07-25,10:19:00,2024-07-29,5.8,5.95,5.8,5.8,5450,622850,0
MIDCPNIFTY29JUL2411800PE.NFO,2024-07-25,10:20:00,2024-07-29,5.8,5.95,5.65,5.85,4150,622850,0
MIDCPNIFTY29JUL2411800PE.NFO,2024-07-25,10:21:00,2024-07-29,5.85,6.15,5.85,6.05,5450,622850,0
MIDCPNIFTY29JUL2411800PE.NFO,2024-07-25,10:22:00,2024-07-29,6.05,6.05,5.8,5.95,16500,623700,0
MIDCPNIFTY29JUL2411800PE.NFO,2024-07-25,10:23:00,2024-07-29,5.95,5.95,5.5,5.65,2850,623700,0
MIDCPNIFTY29JUL2411800PE.NFO,2024-07-25,10:24:00,2024-07-29,5.65,6.0,5.65,5.9,5200,623700,0
MIDCPNIFTY29JUL2411800PE.NFO,2024-07-25,10:25:00,2024-07-29,5.9,5.95,5.75,5.95,10550,632900,0
MIDCPNIFTY29JUL2411800PE.NFO,2024-07-25,10:26:00,2024-07-29,5.85,6.4,5.8,6.05,4850,632900,0
MIDCPNIFTY29JUL2411800PE.NFO,2024-07-25,10:27:00,2024-07-29,6.05,6.3,6.05,6.2,14300,633600,0
MIDCPNIFTY29JUL2411800PE.NFO,2024-07-25,10:28:00,2024-07-29,6.2,6.5,5.9,6.1,19250,633600,0
MIDCPNIFTY29JUL2411800PE.NFO,2024-07-25,10:29:00,2024-07-29,6.1,6.3,6.0,6.15,14700,633600,0
MIDCPNIFTY29JUL2411800PE.NFO,2024-07-25,10:30:00,2024-07-29,6.15,6.15,6.0,6.0,7850,633600,0
MIDCPNIFTY29JUL2411800PE.NFO,2024-07-25,10:31:00,2024-07-29,6.0,6.0,5.3,5.35,3700,642350,0
MIDCPNIFTY29JUL2411800PE.NFO,2024-07-25,10:32:00,2024-07-29,5.35,5.45,5.25,5.3,8050,642350,0
MIDCPNIFTY29JUL2411800PE.NFO,2024-07-25,10:33:00,2024-07-29,5.3,5.4,5.25,5.3,7250,644550,0
MIDCPNIFTY29JUL2411800PE.NFO,2024-07-25,10:34:00,2024-07-29,5.35,5.4,5.3,5.35,5050,644550,0
MIDCPNIFTY29JUL2411800PE.NFO,2024-07-25,10:35:00,2024-07-29,5.35,5.35,4.75,4.85,17050,644550,0
MIDCPNIFTY29JUL2411800PE.NFO,2024-07-25,10:36:00,2024-07-29,4.85,5.0,4.8,5.0,10900,635100,0
MIDCPNIFTY29JUL2411800PE.NFO,2024-07-25,10:37:00,2024-07-29,5.0,5.0,4.8,4.8,3500,635100,0
MIDCPNIFTY29JUL2411800PE.NFO,2024-07-25,10:38:00,2024-07-29,4.8,4.9,4.7,4.85,18700,635100,0
MIDCPNIFTY29JUL2411800PE.NFO,2024-07-25,10:39:00,2024-07-29,4.85,4.9,4.75,4.9,11800,635100,0
MIDCPNIFTY29JUL2411800PE.NFO,2024-07-25,10:40:00,2024-07-29,4.9,4.9,4.55,4.6,14100,629250,0
MIDCPNIFTY29JUL2411800PE.NFO,2024-07-25,10:41:00,2024-07-29,4.6,4.75,4.55,4.55,16050,629250,0
MIDCPNIFTY29JUL2411800PE.NFO,2024-07-25,10:42:00,2024-07-29,4.55,4.55,4.35,4.45,6600,629250,0
MIDCPNIFTY29JUL2411800PE.NFO,2024-07-25,10:43:00,2024-07-29,4.45,4.55,4.3,4.4,8550,631200,0
MIDCPNIFTY29JUL2411800PE.NFO,2024-07-25,10:44:00,2024-07-29,4.4,4.45,4.25,4.45,4150,631200,0
MIDCPNIFTY29JUL2411800PE.NFO,2024-07-25,10:45:00,2024-07-29,4.45,4.45,4.25,4.35,4600,631200,0
MIDCPNIFTY29JUL2411800PE.NFO,2024-07-25,10:46:00,2024-07-29,4.3,4.4,4.3,4.4,3700,637550,0
MIDCPNIFTY29JUL2411800PE.NFO,2024-07-25,10:47:00,2024-07-29,4.45,4.6,4.45,4.55,7000,637550,0
MIDCPNIFTY29JUL2411800PE.NFO,2024-07-25,10:48:00,2024-07-29,4.55,4.55,4.5,4.55,2300,637550,0
MIDCPNIFTY29JUL2411800PE.NFO,2024-07-25,10:49:00,2024-07-29,4.45,4.5,4.45,4.5,4800,639150,0
MIDCPNIFTY29JUL2411800PE.NFO,2024-07-25,10:50:00,2024-07-29,4.5,4.5,4.25,4.25,37650,639150,0
MIDCPNIFTY29JUL2411800PE.NFO,2024-07-25,10:51:00,2024-07-29,4.25,4.3,4.15,4.2,4350,639150,0
MIDCPNIFTY29JUL2411800PE.NFO,2024-07-25,10:52:00,2024-07-29,4.15,4.3,4.15,4.3,6650,650750,0
MIDCPNIFTY29JUL2411800PE.NFO,2024-07-25,10:53:00,2024-07-29,4.3,4.35,4.2,4.3,54300,650750,0
MIDCPNIFTY29JUL2411800PE.NFO,2024-07-25,10:54:00,2024-07-29,4.3,4.3,4.2,4.25,28350,650750,0
MIDCPNIFTY29JUL2411800PE.NFO,2024-07-25,10:55:00,2024-07-29,4.25,4.3,4.05,4.15,0,631450,0
MIDCPNIFTY29JUL2411800PE.NFO,2024-07-25,10:56:00,2024-07-29,4.15,4.2,4.05,4.1,28650,631450,0
MIDCPNIFTY29JUL2411800PE.NFO,2024-07-25,10:57:00,2024-07-29,4.1,4.25,4.1,4.15,7150,631450,0
MIDCPNIFTY29JUL2411800PE.NFO,2024-07-25,10:58:00,2024-07-29,4.15,4.2,4.05,4.1,9550,612450,0
MIDCPNIFTY29JUL2411800PE.NFO,2024-07-25,10:59:00,2024-07-29,4.1,4.25,4.1,4.25,29200,612450,0
MIDCPNIFTY29JUL2411800PE.NFO,2024-07-25,11:00:00,2024-07-29,4.25,4.25,4.0,4.15,43450,612450,0
MIDCPNIFTY29JUL2411800PE.NFO,2024-07-25,11:01:00,2024-07-29,4.15,4.45,4.0,4.45,35600,598100,0
MIDCPNIFTY29JUL2411800PE.NFO,2024-07-25,11:02:00,2024-07-29,4.35,4.5,4.25,4.3,36950,598100,0
MIDCPNIFTY29JUL2411800PE.NFO,2024-07-25,11:03:00,2024-07-29,4.25,4.45,4.2,4.45,0,598100,0
MIDCPNIFTY29JUL2411800PE.NFO,2024-07-25,11:04:00,2024-07-29,4.45,4.5,4.25,4.3,68050,579950,0
MIDCPNIFTY29JUL2411800PE.NFO,2024-07-25,11:05:00,2024-07-29,4.3,4.3,4.15,4.25,0,579950,0
MIDCPNIFTY29JUL2411800PE.NFO,2024-07-25,11:06:00,2024-07-29,4.25,4.35,4.1,4.35,17700,579950,0
MIDCPNIFTY29JUL2411800PE.NFO,2024-07-25,11:07:00,2024-07-29,4.35,4.6,4.35,4.55,5400,579400,0
MIDCPNIFTY29JUL2411800PE.NFO,2024-07-25,11:08:00,2024-07-29,4.55,4.85,4.45,4.45,22150,579400,0
MIDCPNIFTY29JUL2411800PE.NFO,2024-07-25,11:09:00,2024-07-29,4.45,4.45,4.1,4.1,0,579400,0
MIDCPNIFTY29JUL2411800PE.NFO,2024-07-25,11:10:00,2024-07-29,4.1,4.15,3.85,3.9,15100,614800,0
MIDCPNIFTY29JUL2411800PE.NFO,2024-07-25,11:11:00,2024-07-29,3.9,4.0,3.75,3.95,37800,614800,0
MIDCPNIFTY29JUL2411800PE.NFO,2024-07-25,11:12:00,2024-07-29,3.95,4.2,3.95,4.05,19000,614800,0
MIDCPNIFTY29JUL2411800PE.NFO,2024-07-25,11:13:00,2024-07-29,4.05,4.1,3.9,4.1,13050,619350,0
MIDCPNIFTY29JUL2411800PE.NFO,2024-07-25,11:14:00,2024-07-29,4.1,4.15,3.95,3.95,7800,619350,0
MIDCPNIFTY29JUL2411800PE.NFO,2024-07-25,11:15:00,2024-07-29,3.95,4.0,3.85,3.85,13250,619350,0
MIDCPNIFTY29JUL2411800PE.NFO,2024-07-25,11:16:00,2024-07-29,3.85,3.95,3.8,3.9,9700,612150,0
MIDCPNIFTY29JUL2411800PE.NFO,2024-07-25,11:17:00,2024-07-29,3.9,3.9,3.75,3.8,12100,612150,0
MIDCPNIFTY29JUL2411800PE.NFO,2024-07-25,11:18:00,2024-07-29,3.8,3.9,3.75,3.75,8700,612150,0
MIDCPNIFTY29JUL2411800PE.NFO,2024-07-25,11:19:00,2024-07-29,3.8,4.35,3.75,4.3,15250,616900,0
MIDCPNIFTY29JUL2411800PE.NFO,2024-07-25,11:20:00,2024-07-29,4.3,4.45,4.2,4.4,25000,616900,0
MIDCPNIFTY29JUL2411800PE.NFO,2024-07-25,11:21:00,2024-07-29,4.2,4.2,4.1,4.15,10800,616900,0
MIDCPNIFTY29JUL2411800PE.NFO,2024-07-25,11:22:00,2024-07-29,4.15,4.3,4.15,4.25,42150,634650,0
MIDCPNIFTY29JUL2411800PE.NFO,2024-07-25,11:23:00,2024-07-29,4.2,4.25,4.15,4.2,14500,634650,0
MIDCPNIFTY29JUL2411800PE.NFO,2024-07-25,11:24:00,2024-07-29,4.2,4.35,4.15,4.2,20900,634650,0
MIDCPNIFTY29JUL2411800PE.NFO,2024-07-25,11:25:00,2024-07-29,4.2,4.25,4.15,4.2,450,631750,0
MIDCPNIFTY29JUL2411800PE.NFO,2024-07-25,11:26:00,2024-07-29,4.15,4.25,4.1,4.1,24650,631750,0
MIDCPNIFTY29JUL2411800PE.NFO,2024-07-25,11:27:00,2024-07-29,4.1,4.2,4.0,4.15,50450,631750,0
MIDCPNIFTY29JUL2411800PE.NFO,2024-07-25,11:28:00,2024-07-29,4.15,4.2,4.05,4.05,20650,637700,0
MIDCPNIFTY29JUL2411800PE.NFO,2024-07-25,11:29:00,2024-07-29,4.05,4.2,4.05,4.2,4800,637700,0
MIDCPNIFTY29JUL2411800PE.NFO,2024-07-25,11:30:00,2024-07-29,4.2,4.55,4.2,4.3,6600,637700,0
MIDCPNIFTY29JUL2411800PE.NFO,2024-07-25,11:31:00,2024-07-29,4.3,4.35,4.0,4.05,500,640900,0
MIDCPNIFTY29JUL2411800PE.NFO,2024-07-25,11:32:00,2024-07-29,4.05,4.1,3.9,4.0,11000,640900,0
MIDCPNIFTY29JUL2411800PE.NFO,2024-07-25,11:33:00,2024-07-29,4.0,4.1,4.0,4.05,29500,640900,0
MIDCPNIFTY29JUL2411800PE.NFO,2024-07-25,11:34:00,2024-07-29,4.05,4.05,3.9,3.95,5600,625100,0
MIDCPNIFTY29JUL2411800PE.NFO,2024-07-25,11:35:00,2024-07-29,3.95,4.05,3.9,3.9,20750,625100,0
MIDCPNIFTY29JUL2411800PE.NFO,2024-07-25,11:36:00,2024-07-29,3.85,3.9,3.85,3.9,0,625100,0
MIDCPNIFTY29JUL2411800PE.NFO,2024-07-25,11:37:00,2024-07-29,3.9,4.05,3.9,3.9,8850,622900,0
MIDCPNIFTY29JUL2411800PE.NFO,2024-07-25,11:38:00,2024-07-29,3.9,3.95,3.85,3.85,2150,622900,0
MIDCPNIFTY29JUL2411800PE.NFO,2024-07-25,11:39:00,2024-07-29,3.85,3.95,3.75,3.9,8450,622900,0
MIDCPNIFTY29JUL2411800PE.NFO,2024-07-25,11:40:00,2024-07-29,3.9,3.9,3.85,3.85,7300,623400,0
MIDCPNIFTY29JUL2411800PE.NFO,2024-07-25,11:41:00,2024-07-29,3.85,3.9,3.8,3.8,1400,623400,0
MIDCPNIFTY29JUL2411800PE.NFO,2024-07-25,11:42:00,2024-07-29,3.85,3.95,3.85,3.9,9100,623400,0
MIDCPNIFTY29JUL2411800PE.NFO,2024-07-25,11:43:00,2024-07-29,3.95,4.2,3.95,4.05,0,627000,0
MIDCPNIFTY29JUL2411800PE.NFO,2024-07-25,11:44:00,2024-07-29,4.05,4.05,3.8,3.8,4400,627000,0
MIDCPNIFTY29JUL2411800PE.NFO,2024-07-25,11:45:00,2024-07-29,3.8,3.95,3.8,3.9,4000,627000,0
MIDCPNIFTY29JUL2411800PE.NFO,2024-07-25,11:46:00,2024-07-29,3.95,4.1,3.95,4.05,41750,632050,0
MIDCPNIFTY29JUL2411800PE.NFO,2024-07-25,11:47:00,2024-07-29,4.05,4.4,4.0,4.25,4250,632050,0
MIDCPNIFTY29JUL2411800PE.NFO,2024-07-25,11:48:00,2024-07-29,4.25,4.35,4.05,4.1,18350,632050,0
MIDCPNIFTY29JUL2411800PE.NFO,2024-07-25,11:49:00,2024-07-29,4.1,4.1,3.85,3.9,11950,633350,0
MIDCPNIFTY29JUL2411800PE.NFO,2024-07-25,11:50:00,2024-07-29,3.9,4.1,3.9,4.0,22150,633350,0
MIDCPNIFTY29JUL2411800PE.NFO,2024-07-25,11:51:00,2024-07-29,4.0,4.0,3.9,3.9,8650,633350,0
MIDCPNIFTY29JUL2411800PE.NFO,2024-07-25,11:52:00,2024-07-29,4.0,4.05,4.0,4.05,3650,630850,0
MIDCPNIFTY29JUL2411800PE.NFO,2024-07-25,11:53:00,2024-07-29,4.05,4.15,3.95,4.0,900,630850,0
MIDCPNIFTY29JUL2411800PE.NFO,2024-07-25,11:54:00,2024-07-29,4.0,4.0,3.85,3.85,2800,630850,0
MIDCPNIFTY29JUL2411800PE.NFO,2024-07-25,11:55:00,2024-07-29,3.85,3.95,3.85,3.95,1500,631050,0
MIDCPNIFTY29JUL2411800PE.NFO,2024-07-25,11:56:00,2024-07-29,3.95,4.25,3.95,4.15,9650,631050,0
MIDCPNIFTY29JUL2411800PE.NFO,2024-07-25,11:57:00,2024-07-29,4.15,4.15,4.0,4.15,1800,631050,0
MIDCPNIFTY29JUL2411800PE.NFO,2024-07-25,11:58:00,2024-07-29,4.15,4.15,4.05,4.15,8450,627600,0
MIDCPNIFTY29JUL2411800PE.NFO,2024-07-25,11:59:00,2024-07-29,4.15,4.2,4.05,4.2,2750,627600,0
MIDCPNIFTY29JUL2411800PE.NFO,2024-07-25,12:00:00,2024-07-29,4.2,4.3,4.15,4.3,7050,627600,0
MIDCPNIFTY29JUL2411800PE.NFO,2024-07-25,12:01:00,2024-07-29,4.3,4.3,4.25,4.25,1000,629750,0
MIDCPNIFTY29JUL2411800PE.NFO,2024-07-25,12:02:00,2024-07-29,4.25,4.25,4.1,4.1,6600,629750,0
MIDCPNIFTY29JUL2411800PE.NFO,2024-07-25,12:03:00,2024-07-29,4.1,4.15,4.1,4.15,8950,629750,0
MIDCPNIFTY29JUL2411800PE.NFO,2024-07-25,12:04:00,2024-07-29,4.2,4.3,4.1,4.1,950,635100,0
MIDCPNIFTY29JUL2411800PE.NFO,2024-07-25,12:05:00,2024-07-29,4.1,4.1,3.9,3.95,6100,635100,0
MIDCPNIFTY29JUL2411800PE.NFO,2024-07-25,12:06:00,2024-07-29,3.95,4.05,3.9,4.05,13000,635100,0
MIDCPNIFTY29JUL2411800PE.NFO,2024-07-25,12:07:00,2024-07-29,4.05,4.1,3.95,3.95,1100,627950,0
MIDCPNIFTY29JUL2411800PE.NFO,2024-07-25,12:08:00,2024-07-29,3.95,4.05,3.95,4.0,4700,627950,0
MIDCPNIFTY29JUL2411800PE.NFO,2024-07-25,12:09:00,2024-07-29,4.05,4.2,4.05,4.15,100,627950,0
MIDCPNIFTY29JUL2411800PE.NFO,2024-07-25,12:10:00,2024-07-29,4.15,4.2,4.0,4.1,4300,627150,0
MIDCPNIFTY29JUL2411800PE.NFO,2024-07-25,12:11:00,2024-07-29,4.1,4.5,4.1,4.5,3500,627150,0
MIDCPNIFTY29JUL2411800PE.NFO,2024-07-25,12:12:00,2024-07-29,4.5,4.7,4.35,4.45,16250,627150,0
MIDCPNIFTY29JUL2411800PE.NFO,2024-07-25,12:13:00,2024-07-29,4.45,4.45,3.95,4.25,7750,624750,0
MIDCPNIFTY29JUL2411800PE.NFO,2024-07-25,12:14:00,2024-07-29,4.25,4.5,4.25,4.35,13300,624750,0
MIDCPNIFTY29JUL2411800PE.NFO,2024-07-25,12:15:00,2024-07-29,4.35,4.65,4.35,4.5,3800,624750,0
MIDCPNIFTY29JUL2411800PE.NFO,2024-07-25,12:16:00,2024-07-29,4.55,4.55,4.4,4.5,3450,630050,0
MIDCPNIFTY29JUL2411800PE.NFO,2024-07-25,12:17:00,2024-07-29,4.5,4.5,4.25,4.25,2350,630050,0
MIDCPNIFTY29JUL2411800PE.NFO,2024-07-25,12:18:00,2024-07-29,4.25,4.3,4.1,4.3,3250,630050,0
MIDCPNIFTY29JUL2411800PE.NFO,2024-07-25,12:19:00,2024-07-29,4.3,4.3,4.15,4.2,3400,627450,0
MIDCPNIFTY29JUL2411800PE.NFO,2024-07-25,12:20:00,2024-07-29,4.2,4.2,3.95,4.05,9700,627450,0
MIDCPNIFTY29JUL2411800PE.NFO,2024-07-25,12:21:00,2024-07-29,4.05,4.05,3.85,4.0,3700,627450,0
MIDCPNIFTY29JUL2411800PE.NFO,2024-07-25,12:22:00,2024-07-29,4.0,4.05,4.0,4.05,0,622150,0
MIDCPNIFTY29JUL2411800PE.NFO,2024-07-25,12:23:00,2024-07-29,4.05,4.05,3.9,4.0,2250,622150,0
MIDCPNIFTY29JUL2411800PE.NFO,2024-07-25,12:24:00,2024-07-29,4.0,4.0,3.85,3.9,2700,622150,0
MIDCPNIFTY29JUL2411800PE.NFO,2024-07-25,12:25:00,2024-07-29,3.9,3.9,3.85,3.9,3400,620250,0
MIDCPNIFTY29JUL2411800PE.NFO,2024-07-25,12:26:00,2024-07-29,3.85,4.1,3.85,3.85,7200,620250,0
MIDCPNIFTY29JUL2411800PE.NFO,2024-07-25,12:27:00,2024-07-29,3.85,4.15,3.85,4.15,2500,620250,0
MIDCPNIFTY29JUL2411800PE.NFO,2024-07-25,12:28:00,2024-07-29,4.15,4.15,4.0,4.15,1100,621200,0
MIDCPNIFTY29JUL2411800PE.NFO,2024-07-25,12:29:00,2024-07-29,4.15,4.3,4.1,4.15,7200,621200,0
MIDCPNIFTY29JUL2411800PE.NFO,2024-07-25,12:30:00,2024-07-29,4.15,4.2,4.1,4.1,3650,621200,0
MIDCPNIFTY29JUL2411800PE.NFO,2024-07-25,12:31:00,2024-07-29,4.1,4.15,4.05,4.1,2100,623900,0
MIDCPNIFTY29JUL2411800PE.NFO,2024-07-25,12:32:00,2024-07-29,4.1,4.2,4.1,4.1,1000,623900,0
MIDCPNIFTY29JUL2411800PE.NFO,2024-07-25,12:33:00,2024-07-29,4.1,4.25,4.1,4.15,800,623900,0
MIDCPNIFTY29JUL2411800PE.NFO,2024-07-25,12:34:00,2024-07-29,4.15,4.2,4.1,4.15,2850,627050,0
MIDCPNIFTY29JUL2411800PE.NFO,2024-07-25,12:35:00,2024-07-29,4.15,4.15,4.0,4.0,5900,627050,0
MIDCPNIFTY29JUL2411800PE.NFO,2024-07-25,12:36:00,2024-07-29,4.0,4.15,3.95,4.15,3250,627050,0
MIDCPNIFTY29JUL2411800PE.NFO,2024-07-25,12:37:00,2024-07-29,4.15,4.25,4.15,4.25,1550,625150,0
MIDCPNIFTY29JUL2411800PE.NFO,2024-07-25,12:38:00,2024-07-29,4.2,4.3,4.1,4.1,400,625150,0
MIDCPNIFTY29JUL2411800PE.NFO,2024-07-25,12:39:00,2024-07-29,4.1,4.3,4.1,4.25,3750,625150,0
MIDCPNIFTY29JUL2411800PE.NFO,2024-07-25,12:40:00,2024-07-29,4.25,4.45,4.25,4.45,1950,624650,0
MIDCPNIFTY29JUL2411800PE.NFO,2024-07-25,12:41:00,2024-07-29,4.45,4.5,4.2,4.25,0,624650,0
MIDCPNIFTY29JUL2411800PE.NFO,2024-07-25,12:42:00,2024-07-29,4.25,4.5,4.25,4.3,22650,624650,0
MIDCPNIFTY29JUL2411800PE.NFO,2024-07-25,12:43:00,2024-07-29,4.3,4.4,4.2,4.35,9200,646450,0
MIDCPNIFTY29JUL2411800PE.NFO,2024-07-25,12:44:00,2024-07-29,4.35,4.45,4.25,4.3,12300,646450,0
MIDCPNIFTY29JUL2411800PE.NFO,2024-07-25,12:45:00,2024-07-29,4.3,4.3,4.1,4.1,6200,646450,0
MIDCPNIFTY29JUL2411800PE.NFO,2024-07-25,12:46:00,2024-07-29,4.1,4.1,3.85,3.85,13850,642700,0
MIDCPNIFTY29JUL2411800PE.NFO,2024-07-25,12:47:00,2024-07-29,3.85,3.95,3.65,3.8,9450,642700,0
MIDCPNIFTY29JUL2411800PE.NFO,2024-07-25,12:48:00,2024-07-29,3.8,3.85,3.8,3.8,2950,642700,0
MIDCPNIFTY29JUL2411800PE.NFO,2024-07-25,12:49:00,2024-07-29,3.8,3.95,3.75,3.95,4050,640350,0
MIDCPNIFTY29JUL2411800PE.NFO,2024-07-25,12:50:00,2024-07-29,3.95,3.95,3.7,3.7,12350,640350,0
MIDCPNIFTY29JUL2411800PE.NFO,2024-07-25,12:51:00,2024-07-29,3.7,3.7,3.65,3.65,850,640350,0
MIDCPNIFTY29JUL2411800PE.NFO,2024-07-25,12:52:00,2024-07-29,3.7,3.7,3.6,3.7,1750,639400,0
MIDCPNIFTY29JUL2411800PE.NFO,2024-07-25,12:53:00,2024-07-29,3.7,3.75,3.6,3.75,1650,639400,0
MIDCPNIFTY29JUL2411800PE.NFO,2024-07-25,12:54:00,2024-07-29,3.75,3.75,3.6,3.7,5900,639400,0
MIDCPNIFTY29JUL2411800PE.NFO,2024-07-25,12:55:00,2024-07-29,3.65,3.75,3.6,3.75,3200,645050,0
MIDCPNIFTY29JUL2411800PE.NFO,2024-07-25,12:56:00,2024-07-29,3.75,3.85,3.75,3.85,3650,645050,0
MIDCPNIFTY29JUL2411800PE.NFO,2024-07-25,12:57:00,2024-07-29,3.85,3.85,3.65,3.75,1750,645050,0
MIDCPNIFTY29JUL2411800PE.NFO,2024-07-25,12:58:00,2024-07-29,3.65,4.0,3.65,4.0,14250,647750,0
MIDCPNIFTY29JUL2411800PE.NFO,2024-07-25,12:59:00,2024-07-29,4.0,4.15,3.9,3.9,5800,647750,0
MIDCPNIFTY29JUL2411800PE.NFO,2024-07-25,13:00:00,2024-07-29,3.9,4.0,3.85,4.0,1600,647750,0
MIDCPNIFTY29JUL2411800PE.NFO,2024-07-25,13:01:00,2024-07-29,4.0,4.0,3.85,3.95,3100,639500,0
MIDCPNIFTY29JUL2411800PE.NFO,2024-07-25,13:02:00,2024-07-29,3.95,4.0,3.9,4.0,8900,639500,0
MIDCPNIFTY29JUL2411800PE.NFO,2024-07-25,13:03:00,2024-07-29,4.0,4.05,3.9,3.9,29650,639500,0
MIDCPNIFTY29JUL2411800PE.NFO,2024-07-25,13:04:00,2024-07-29,3.9,4.0,3.85,4.0,1000,630550,0
MIDCPNIFTY29JUL2411800PE.NFO,2024-07-25,13:05:00,2024-07-29,4.0,4.15,3.95,4.15,5450,630550,0
MIDCPNIFTY29JUL2411800PE.NFO,2024-07-25,13:06:00,2024-07-29,4.15,4.15,3.9,3.9,5300,630550,0
MIDCPNIFTY29JUL2411800PE.NFO,2024-07-25,13:07:00,2024-07-29,3.9,3.9,3.75,3.8,4500,629450,0
MIDCPNIFTY29JUL2411800PE.NFO,2024-07-25,13:08:00,2024-07-29,3.8,3.8,3.6,3.65,1350,629450,0
MIDCPNIFTY29JUL2411800PE.NFO,2024-07-25,13:09:00,2024-07-29,3.6,3.6,3.5,3.6,4750,629450,0
MIDCPNIFTY29JUL2411800PE.NFO,2024-07-25,13:10:00,2024-07-29,3.55,3.65,3.5,3.65,2700,629650,0
MIDCPNIFTY29JUL2411800PE.NFO,2024-07-25,13:11:00,2024-07-29,3.65,3.75,3.65,3.7,3350,629650,0
MIDCPNIFTY29JUL2411800PE.NFO,2024-07-25,13:12:00,2024-07-29,3.7,3.7,3.6,3.6,2250,629650,0
MIDCPNIFTY29JUL2411800PE.NFO,2024-07-25,13:13:00,2024-07-29,3.6,3.6,3.5,3.5,1150,630000,0
MIDCPNIFTY29JUL2411800PE.NFO,2024-07-25,13:14:00,2024-07-29,3.6,3.65,3.55,3.6,5500,630000,0
MIDCPNIFTY29JUL2411800PE.NFO,2024-07-25,13:15:00,2024-07-29,3.6,3.75,3.6,3.75,200,630000,0
MIDCPNIFTY29JUL2411800PE.NFO,2024-07-25,13:16:00,2024-07-29,3.75,3.75,3.65,3.7,800,628350,0
MIDCPNIFTY29JUL2411800PE.NFO,2024-07-25,13:17:00,2024-07-29,3.7,3.75,3.7,3.75,0,628350,0
MIDCPNIFTY29JUL2411800PE.NFO,2024-07-25,13:18:00,2024-07-29,3.75,3.8,3.7,3.7,1000,628350,0
MIDCPNIFTY29JUL2411800PE.NFO,2024-07-25,13:19:00,2024-07-29,3.7,3.75,3.65,3.75,1250,628800,0
MIDCPNIFTY29JUL2411800PE.NFO,2024-07-25,13:20:00,2024-07-29,3.75,3.75,3.75,3.75,0,628800,0
MIDCPNIFTY29JUL2411800PE.NFO,2024-07-25,13:21:00,2024-07-29,3.75,3.85,3.7,3.7,7300,628800,0
MIDCPNIFTY29JUL2411800PE.NFO,2024-07-25,13:22:00,2024-07-29,3.7,3.7,3.6,3.7,2700,623650,0
MIDCPNIFTY29JUL2411800PE.NFO,2024-07-25,13:23:00,2024-07-29,3.7,3.7,3.7,3.7,0,623650,0
MIDCPNIFTY29JUL2411800PE.NFO,2024-07-25,13:24:00,2024-07-29,3.7,3.75,3.65,3.65,1150,623650,0
MIDCPNIFTY29JUL2411800PE.NFO,2024-07-25,13:25:00,2024-07-29,3.65,3.65,3.5,3.5,1700,623400,0
MIDCPNIFTY29JUL2411800PE.NFO,2024-07-25,13:26:00,2024-07-29,3.5,3.5,3.4,3.45,1350,623400,0
MIDCPNIFTY29JUL2411800PE.NFO,2024-07-25,13:27:00,2024-07-29,3.4,3.4,3.3,3.35,2150,623400,0
MIDCPNIFTY29JUL2411800PE.NFO,2024-07-25,13:28:00,2024-07-29,3.35,3.4,3.25,3.4,1700,623550,0
MIDCPNIFTY29JUL2411800PE.NFO,2024-07-25,13:29:00,2024-07-29,3.4,3.45,3.25,3.3,7550,623550,0
MIDCPNIFTY29JUL2411800PE.NFO,2024-07-25,13:30:00,2024-07-29,3.3,3.4,3.3,3.4,800,623550,0
MIDCPNIFTY29JUL2411800PE.NFO,2024-07-25,13:31:00,2024-07-29,3.45,3.6,3.45,3.6,1600,627800,0
MIDCPNIFTY29JUL2411800PE.NFO,2024-07-25,13:32:00,2024-07-29,3.6,3.7,3.6,3.6,3750,627800,0
MIDCPNIFTY29JUL2411800PE.NFO,2024-07-25,13:33:00,2024-07-29,3.6,3.85,3.6,3.85,4850,627800,0
MIDCPNIFTY29JUL2411800PE.NFO,2024-07-25,13:34:00,2024-07-29,3.85,3.85,3.6,3.65,3200,627900,0
MIDCPNIFTY29JUL2411800PE.NFO,2024-07-25,13:35:00,2024-07-29,3.75,3.75,3.65,3.65,1000,627900,0
MIDCPNIFTY29JUL2411800PE.NFO,2024-07-25,13:36:00,2024-07-29,3.65,3.75,3.65,3.75,1950,627900,0
MIDCPNIFTY29JUL2411800PE.NFO,2024-07-25,13:37:00,2024-07-29,3.75,3.85,3.7,3.8,1850,629100,0
MIDCPNIFTY29JUL2411800PE.NFO,2024-07-25,13:38:00,2024-07-29,3.8,3.9,3.65,3.85,7600,629100,0
MIDCPNIFTY29JUL2411800PE.NFO,2024-07-25,13:39:00,2024-07-29,3.85,4.55,3.85,4.4,7450,629100,0
MIDCPNIFTY29JUL2411800PE.NFO,2024-07-25,13:40:00,2024-07-29,4.4,4.5,3.85,3.85,11350,620600,0
MIDCPNIFTY29JUL2411800PE.NFO,2024-07-25,13:41:00,2024-07-29,3.9,4.95,3.9,4.85,17900,620600,0
MIDCPNIFTY29JUL2411800PE.NFO,2024-07-25,13:42:00,2024-07-29,4.95,4.95,4.3,4.65,24400,620600,0
MIDCPNIFTY29JUL2411800PE.NFO,2024-07-25,13:43:00,2024-07-29,4.65,5.0,4.65,4.8,37900,630050,0
MIDCPNIFTY29JUL2411800PE.NFO,2024-07-25,13:44:00,2024-07-29,4.85,5.2,4.75,4.9,52000,630050,0
MIDCPNIFTY29JUL2411800PE.NFO,2024-07-25,13:45:00,2024-07-29,4.9,5.1,4.75,4.9,4850,630050,0
MIDCPNIFTY29JUL2411800PE.NFO,2024-07-25,13:46:00,2024-07-29,4.9,4.9,4.45,4.5,5900,618200,0
MIDCPNIFTY29JUL2411800PE.NFO,2024-07-25,13:47:00,2024-07-29,4.5,4.5,3.95,4.0,15750,618200,0
MIDCPNIFTY29JUL2411800PE.NFO,2024-07-25,13:48:00,2024-07-29,4.0,4.65,4.0,4.65,17700,618200,0
MIDCPNIFTY29JUL2411800PE.NFO,2024-07-25,13:49:00,2024-07-29,4.65,4.65,4.25,4.55,6950,622100,0
MIDCPNIFTY29JUL2411800PE.NFO,2024-07-25,13:50:00,2024-07-29,4.55,4.55,4.15,4.15,6500,622100,0
MIDCPNIFTY29JUL2411800PE.NFO,2024-07-25,13:51:00,2024-07-29,4.15,4.3,4.05,4.1,9900,622100,0
MIDCPNIFTY29JUL2411800PE.NFO,2024-07-25,13:52:00,2024-07-29,4.1,4.1,3.9,4.0,9950,620100,0
MIDCPNIFTY29JUL2411800PE.NFO,2024-07-25,13:53:00,2024-07-29,3.95,3.95,3.55,3.65,15250,620100,0
MIDCPNIFTY29JUL2411800PE.NFO,2024-07-25,13:54:00,2024-07-29,3.65,3.8,3.6,3.7,6300,620100,0
MIDCPNIFTY29JUL2411800PE.NFO,2024-07-25,13:55:00,2024-07-29,3.7,3.8,3.6,3.65,7250,623900,0
MIDCPNIFTY29JUL2411800PE.NFO,2024-07-25,13:56:00,2024-07-29,3.65,3.75,3.45,3.6,8050,623900,0
MIDCPNIFTY29JUL2411800PE.NFO,2024-07-25,13:57:00,2024-07-29,3.65,3.65,3.4,3.4,48400,623900,0
MIDCPNIFTY29JUL2411800PE.NFO,2024-07-25,13:58:00,2024-07-29,3.4,3.4,3.15,3.15,7550,621050,0
MIDCPNIFTY29JUL2411800PE.NFO,2024-07-25,13:59:00,2024-07-29,3.15,3.25,3.15,3.2,5600,621050,0
MIDCPNIFTY29JUL2411800PE.NFO,2024-07-25,14:00:00,2024-07-29,3.2,3.25,3.15,3.2,2450,621050,0
MIDCPNIFTY29JUL2411800PE.NFO,2024-07-25,14:01:00,2024-07-29,3.2,3.2,3.05,3.05,3150,617750,0
MIDCPNIFTY29JUL2411800PE.NFO,2024-07-25,14:02:00,2024-07-29,3.05,3.2,3.05,3.2,4100,617750,0
MIDCPNIFTY29JUL2411800PE.NFO,2024-07-25,14:03:00,2024-07-29,3.2,3.2,3.05,3.05,4600,617750,0
MIDCPNIFTY29JUL2411800PE.NFO,2024-07-25,14:04:00,2024-07-29,3.05,3.15,3.05,3.15,1950,616250,0
MIDCPNIFTY29JUL2411800PE.NFO,2024-07-25,14:05:00,2024-07-29,3.15,3.15,3.1,3.15,2700,616250,0
MIDCPNIFTY29JUL2411800PE.NFO,2024-07-25,14:06:00,2024-07-29,3.15,3.3,3.15,3.3,7750,616250,0
MIDCPNIFTY29JUL2411800PE.NFO,2024-07-25,14:07:00,2024-07-29,3.3,3.5,3.3,3.4,13550,620500,0
MIDCPNIFTY29JUL2411800PE.NFO,2024-07-25,14:08:00,2024-07-29,3.4,3.4,3.25,3.35,2350,620500,0
MIDCPNIFTY29JUL2411800PE.NFO,2024-07-25,14:09:00,2024-07-29,3.35,3.35,3.2,3.25,5000,620500,0
MIDCPNIFTY29JUL2411800PE.NFO,2024-07-25,14:10:00,2024-07-29,3.3,3.4,3.3,3.4,5350,620850,0
MIDCPNIFTY29JUL2411800PE.NFO,2024-07-25,14:11:00,2024-07-29,3.35,3.35,3.1,3.1,1450,620850,0
MIDCPNIFTY29JUL2411800PE.NFO,2024-07-25,14:12:00,2024-07-29,3.1,3.15,3.05,3.1,2000,620850,0
MIDCPNIFTY29JUL2411800PE.NFO,2024-07-25,14:13:00,2024-07-29,3.1,3.2,3.1,3.1,2800,616500,0
MIDCPNIFTY29JUL2411800PE.NFO,2024-07-25,14:14:00,2024-07-29,3.1,3.1,2.9,2.95,3400,616500,0
MIDCPNIFTY29JUL2411800PE.NFO,2024-07-25,14:15:00,2024-07-29,2.95,2.95,2.8,2.8,20450,616500,0
MIDCPNIFTY29JUL2411800PE.NFO,2024-07-25,14:16:00,2024-07-29,2.8,2.95,2.8,2.95,3100,609250,0
MIDCPNIFTY29JUL2411800PE.NFO,2024-07-25,14:17:00,2024-07-29,2.95,3.0,2.9,2.9,2550,609250,0
MIDCPNIFTY29JUL2411800PE.NFO,2024-07-25,14:18:00,2024-07-29,2.9,2.95,2.9,2.9,4750,609250,0
MIDCPNIFTY29JUL2411800PE.NFO,2024-07-25,14:19:00,2024-07-29,2.9,2.9,2.75,2.85,1450,606400,0
MIDCPNIFTY29JUL2411800PE.NFO,2024-07-25,14:20:00,2024-07-29,2.85,2.85,2.75,2.75,16700,606400,0
MIDCPNIFTY29JUL2411800PE.NFO,2024-07-25,14:21:00,2024-07-29,2.75,2.8,2.75,2.8,6450,606400,0
MIDCPNIFTY29JUL2411800PE.NFO,2024-07-25,14:22:00,2024-07-29,2.75,2.8,2.7,2.75,10850,600100,0
MIDCPNIFTY29JUL2411800PE.NFO,2024-07-25,14:23:00,2024-07-29,2.8,2.8,2.7,2.7,10450,600100,0
MIDCPNIFTY29JUL2411800PE.NFO,2024-07-25,14:24:00,2024-07-29,2.7,2.7,2.6,2.65,6100,600100,0
MIDCPNIFTY29JUL2411800PE.NFO,2024-07-25,14:25:00,2024-07-29,2.65,2.65,2.55,2.6,10700,602950,0
MIDCPNIFTY29JUL2411800PE.NFO,2024-07-25,14:26:00,2024-07-29,2.6,2.6,2.4,2.45,8150,602950,0
MIDCPNIFTY29JUL2411800PE.NFO,2024-07-25,14:27:00,2024-07-29,2.45,2.5,2.4,2.5,15600,602950,0
MIDCPNIFTY29JUL2411800PE.NFO,2024-07-25,14:28:00,2024-07-29,2.5,2.6,2.45,2.5,13200,614100,0
MIDCPNIFTY29JUL2411800PE.NFO,2024-07-25,14:29:00,2024-07-29,2.5,2.6,2.5,2.55,24250,614100,0
MIDCPNIFTY29JUL2411800PE.NFO,2024-07-25,14:30:00,2024-07-29,2.6,2.6,2.45,2.45,7000,614100,0
MIDCPNIFTY29JUL2411800PE.NFO,2024-07-25,14:31:00,2024-07-29,2.45,2.6,2.35,2.45,2600,617950,0
MIDCPNIFTY29JUL2411800PE.NFO,2024-07-25,14:32:00,2024-07-29,2.45,2.5,2.3,2.5,38400,617950,0
MIDCPNIFTY29JUL2411800PE.NFO,2024-07-25,14:33:00,2024-07-29,2.5,2.65,2.45,2.5,18400,617950,0
MIDCPNIFTY29JUL2411800PE.NFO,2024-07-25,14:34:00,2024-07-29,2.5,2.5,2.4,2.4,23050,626250,0
MIDCPNIFTY29JUL2411800PE.NFO,2024-07-25,14:35:00,2024-07-29,2.4,2.45,2.2,2.2,19850,626250,0
MIDCPNIFTY29JUL2411800PE.NFO,2024-07-25,14:36:00,2024-07-29,2.2,2.25,2.15,2.25,6850,626250,0
MIDCPNIFTY29JUL2411800PE.NFO,2024-07-25,14:37:00,2024-07-29,2.25,2.35,2.15,2.35,5050,627500,0
MIDCPNIFTY29JUL2411800PE.NFO,2024-07-25,14:38:00,2024-07-29,2.25,2.4,2.2,2.35,6750,627500,0
MIDCPNIFTY29JUL2411800PE.NFO,2024-07-25,14:39:00,2024-07-29,2.35,2.45,2.25,2.3,12000,627500,0
MIDCPNIFTY29JUL2411800PE.NFO,2024-07-25,14:40:00,2024-07-29,2.35,2.4,2.25,2.35,34750,630450,0
MIDCPNIFTY29JUL2411800PE.NFO,2024-07-25,14:41:00,2024-07-29,2.35,2.4,2.25,2.3,10850,630450,0
MIDCPNIFTY29JUL2411800PE.NFO,2024-07-25,14:42:00,2024-07-29,2.3,2.5,2.3,2.45,9800,630450,0
MIDCPNIFTY29JUL2411800PE.NFO,2024-07-25,14:43:00,2024-07-29,2.45,2.6,2.45,2.55,11400,635600,0
MIDCPNIFTY29JUL2411800PE.NFO,2024-07-25,14:44:00,2024-07-29,2.55,2.85,2.55,2.65,7350,635600,0
MIDCPNIFTY29JUL2411800PE.NFO,2024-07-25,14:45:00,2024-07-29,2.75,3.05,2.75,2.8,15600,635600,0
MIDCPNIFTY29JUL2411800PE.NFO,2024-07-25,14:46:00,2024-07-29,2.8,2.85,2.5,2.6,11650,632150,0
MIDCPNIFTY29JUL2411800PE.NFO,2024-07-25,14:47:00,2024-07-29,2.6,2.6,2.5,2.5,11500,632150,0
MIDCPNIFTY29JUL2411800PE.NFO,2024-07-25,14:48:00,2024-07-29,2.5,2.65,2.45,2.55,6000,632150,0
MIDCPNIFTY29JUL2411800PE.NFO,2024-07-25,14:49:00,2024-07-29,2.55,2.55,2.4,2.5,13000,635550,0
MIDCPNIFTY29JUL2411800PE.NFO,2024-07-25,14:50:00,2024-07-29,2.5,2.5,2.4,2.4,2750,635550,0
MIDCPNIFTY29JUL2411800PE.NFO,2024-07-25,14:51:00,2024-07-29,2.5,2.5,2.4,2.45,1500,635550,0
MIDCPNIFTY29JUL2411800PE.NFO,2024-07-25,14:52:00,2024-07-29,2.5,2.6,2.45,2.5,6300,636150,0
MIDCPNIFTY29JUL2411800PE.NFO,2024-07-25,14:53:00,2024-07-29,2.5,2.85,2.5,2.8,4900,636150,0
MIDCPNIFTY29JUL2411800PE.NFO,2024-07-25,14:54:00,2024-07-29,2.8,3.05,2.8,3.05,15850,636150,0
MIDCPNIFTY29JUL2411800PE.NFO,2024-07-25,14:55:00,2024-07-29,3.05,3.5,3.05,3.15,1250,639400,0
MIDCPNIFTY29JUL2411800PE.NFO,2024-07-25,14:56:00,2024-07-29,3.2,3.35,3.0,3.05,18400,639400,0
MIDCPNIFTY29JUL2411800PE.NFO,2024-07-25,14:57:00,2024-07-29,3.05,3.1,2.9,3.0,14400,639400,0
MIDCPNIFTY29JUL2411800PE.NFO,2024-07-25,14:58:00,2024-07-29,3.0,3.0,2.8,2.95,16750,633050,0
MIDCPNIFTY29JUL2411800PE.NFO,2024-07-25,14:59:00,2024-07-29,3.0,3.35,3.0,3.3,12200,633050,0
MIDCPNIFTY29JUL2411800PE.NFO,2024-07-25,15:00:00,2024-07-29,3.3,3.3,2.9,3.0,9850,633050,0
MIDCPNIFTY29JUL2411800PE.NFO,2024-07-25,15:01:00,2024-07-29,3.0,3.0,2.8,2.8,13100,638950,0
MIDCPNIFTY29JUL2411800PE.NFO,2024-07-25,15:02:00,2024-07-29,2.8,2.85,2.6,2.65,7450,638950,0
MIDCPNIFTY29JUL2411800PE.NFO,2024-07-25,15:03:00,2024-07-29,2.65,2.7,2.6,2.7,8300,638950,0
MIDCPNIFTY29JUL2411800PE.NFO,2024-07-25,15:04:00,2024-07-29,2.7,2.8,2.6,2.6,11800,640350,0
MIDCPNIFTY29JUL2411800PE.NFO,2024-07-25,15:05:00,2024-07-29,2.6,2.8,2.5,2.5,16400,640350,0
MIDCPNIFTY29JUL2411800PE.NFO,2024-07-25,15:06:00,2024-07-29,2.5,2.6,2.45,2.55,20050,640350,0
MIDCPNIFTY29JUL2411800PE.NFO,2024-07-25,15:07:00,2024-07-29,2.45,2.55,2.4,2.45,10800,652700,0
MIDCPNIFTY29JUL2411800PE.NFO,2024-07-25,15:08:00,2024-07-29,2.4,2.5,2.3,2.4,46550,652700,0
MIDCPNIFTY29JUL2411800PE.NFO,2024-07-25,15:09:00,2024-07-29,2.4,2.55,2.35,2.45,20350,652700,0
MIDCPNIFTY29JUL2411800PE.NFO,2024-07-25,15:10:00,2024-07-29,2.45,2.5,2.35,2.45,36200,685250,0
MIDCPNIFTY29JUL2411800PE.NFO,2024-07-25,15:11:00,2024-07-29,2.45,2.6,2.45,2.55,38050,685250,0
MIDCPNIFTY29JUL2411800PE.NFO,2024-07-25,15:12:00,2024-07-29,2.55,2.55,2.45,2.55,15800,685250,0
MIDCPNIFTY29JUL2411800PE.NFO,2024-07-25,15:13:00,2024-07-29,2.55,2.55,2.35,2.35,8000,711450,0
MIDCPNIFTY29JUL2411800PE.NFO,2024-07-25,15:14:00,2024-07-29,2.35,2.4,2.25,2.3,7350,711450,0
MIDCPNIFTY29JUL2411800PE.NFO,2024-07-25,15:15:00,2024-07-29,2.3,2.3,2.15,2.15,20600,711450,0
MIDCPNIFTY29JUL2411800PE.NFO,2024-07-25,15:16:00,2024-07-29,2.15,2.15,2.05,2.1,23500,713200,0
MIDCPNIFTY29JUL2411800PE.NFO,2024-07-25,15:17:00,2024-07-29,2.1,2.1,2.0,2.0,34250,713200,0
MIDCPNIFTY29JUL2411800PE.NFO,2024-07-25,15:18:00,2024-07-29,2.05,2.1,2.0,2.1,27500,713200,0
MIDCPNIFTY29JUL2411800PE.NFO,2024-07-25,15:19:00,2024-07-29,2.0,2.05,1.9,1.95,6850,690150,0
MIDCPNIFTY29JUL2411800PE.NFO,2024-07-25,15:20:00,2024-07-29,1.9,1.95,1.8,1.9,22450,690150,0
MIDCPNIFTY29JUL2411800PE.NFO,2024-07-25,15:21:00,2024-07-29,1.9,1.95,1.85,1.95,30300,690150,0
MIDCPNIFTY29JUL2411800PE.NFO,2024-07-25,15:22:00,2024-07-29,1.85,1.9,1.8,1.9,12950,693350,0
MIDCPNIFTY29JUL2411800PE.NFO,2024-07-25,15:23:00,2024-07-29,1.9,2.05,1.9,1.95,29450,693350,0
MIDCPNIFTY29JUL2411800PE.NFO,2024-07-25,15:24:00,2024-07-29,2.05,2.15,1.95,2.1,35350,693350,0
MIDCPNIFTY29JUL2411800PE.NFO,2024-07-25,15:25:00,2024-07-29,2.05,2.1,2.0,2.0,0,720800,0
MIDCPNIFTY29JUL2411800PE.NFO,2024-07-25,15:26:00,2024-07-29,2.05,2.3,2.0,2.1,27400,720800,0
MIDCPNIFTY29JUL2411800PE.NFO,2024-07-25,15:27:00,2024-07-29,2.1,2.25,2.05,2.2,23900,720800,0
MIDCPNIFTY29JUL2411800PE.NFO,2024-07-25,15:28:00,2024-07-29,2.0,2.45,1.95,2.05,25050,718450,0
MIDCPNIFTY29JUL2411800PE.NFO,2024-07-25,15:29:00,2024-07-29,2.1,2.25,1.65,2.0,35600,718450,0
MIDCPNIFTY29JUL2411800PE.NFO,2024-07-25,15:30:00,2024-07-29,2.0,2.0,2.0,2.0,35600,718450,1
MIDCPNIFTY29JUL2411800PE.NFO,2024-07-26,09:15:00,2024-07-29,2.45,6.55,1.05,1.65,0,722250,0
MIDCPNIFTY29JUL2411800PE.NFO,2024-07-26,09:16:00,2024-07-29,1.55,1.6,1.05,1.4,84650,722250,0
MIDCPNIFTY29JUL2411800PE.NFO,2024-07-26,09:17:00,2024-07-29,1.4,1.5,1.25,1.25,61400,722250,0
MIDCPNIFTY29JUL2411800PE.NFO,2024-07-26,09:18:00,2024-07-29,1.25,1.25,1.05,1.1,0,747100,0
MIDCPNIFTY29JUL2411800PE.NFO,2024-07-26,09:19:00,2024-07-29,1.1,1.1,1.05,1.1,53850,747100,0
MIDCPNIFTY29JUL2411800PE.NFO,2024-07-26,09:20:00,2024-07-29,1.1,1.15,1.05,1.1,35400,747100,0
MIDCPNIFTY29JUL2411800PE.NFO,2024-07-26,09:21:00,2024-07-29,1.1,1.1,1.0,1.05,55200,744550,0
MIDCPNIFTY29JUL2411800PE.NFO,2024-07-26,09:22:00,2024-07-29,1.05,1.1,1.0,1.05,41350,744550,0
MIDCPNIFTY29JUL2411800PE.NFO,2024-07-26,09:23:00,2024-07-29,1.05,1.1,1.05,1.1,0,744550,0
MIDCPNIFTY29JUL2411800PE.NFO,2024-07-26,09:24:00,2024-07-29,1.1,1.1,1.05,1.1,28300,750800,0
MIDCPNIFTY29JUL2411800PE.NFO,2024-07-26,09:25:00,2024-07-29,1.05,1.1,1.0,1.05,21050,750800,0
MIDCPNIFTY29JUL2411800PE.NFO,2024-07-26,09:26:00,2024-07-29,1.05,1.05,1.0,1.0,450,750800,0
MIDCPNIFTY29JUL2411800PE.NFO,2024-07-26,09:27:00,2024-07-29,1.0,1.05,0.95,1.0,27300,759500,0
MIDCPNIFTY29JUL2411800PE.NFO,2024-07-26,09:28:00,2024-07-29,1.0,1.0,0.95,1.0,49200,759500,0
MIDCPNIFTY29JUL2411800PE.NFO,2024-07-26,09:29:00,2024-07-29,1.0,1.0,0.95,1.0,25650,759500,0
MIDCPNIFTY29JUL2411800PE.NFO,2024-07-26,09:30:00,2024-07-29,0.95,1.0,0.95,1.0,17100,767900,0
MIDCPNIFTY29JUL2411800PE.NFO,2024-07-26,09:31:00,2024-07-29,1.0,1.0,0.95,0.95,0,767900,0
MIDCPNIFTY29JUL2411800PE.NFO,2024-07-26,09:32:00,2024-07-29,0.95,0.95,0.9,0.9,79300,767900,0
MIDCPNIFTY29JUL2411800PE.NFO,2024-07-26,09:33:00,2024-07-29,0.95,0.95,0.9,0.9,9650,774850,0
MIDCPNIFTY29JUL2411800PE.NFO,2024-07-26,09:34:00,2024-07-29,0.95,0.95,0.9,0.9,28500,774850,0
MIDCPNIFTY29JUL2411800PE.NFO,2024-07-26,09:35:00,2024-07-29,0.9,0.95,0.9,0.9,36350,774850,0
MIDCPNIFTY29JUL2411800PE.NFO,2024-07-26,09:36:00,2024-07-29,0.9,0.9,0.85,0.85,41950,791250,0
MIDCPNIFTY29JUL2411800PE.NFO,2024-07-26,09:37:00,2024-07-29,0.9,0.9,0.85,0.9,28900,791250,0
MIDCPNIFTY29JUL2411800PE.NFO,2024-07-26,09:38:00,2024-07-29,0.9,0.95,0.85,0.9,0,791250,0
MIDCPNIFTY29JUL2411800PE.NFO,2024-07-26,09:39:00,2024-07-29,0.85,0.9,0.85,0.85,56600,819200,0
MIDCPNIFTY29JUL2411800PE.NFO,2024-07-26,09:40:00,2024-07-29,0.85,0.9,0.85,0.9,21200,819200,0
MIDCPNIFTY29JUL2411800PE.NFO,2024-07-26,09:41:00,2024-07-29,0.9,0.9,0.85,0.85,11850,819200,0
MIDCPNIFTY29JUL2411800PE.NFO,2024-07-26,09:42:00,2024-07-29,0.85,0.85,0.8,0.8,9650,832250,0
MIDCPNIFTY29JUL2411800PE.NFO,2024-07-26,09:43:00,2024-07-29,0.8,0.85,0.75,0.8,26100,832250,0
MIDCPNIFTY29JUL2411800PE.NFO,2024-07-26,09:44:00,2024-07-29,0.8,0.8,0.75,0.75,0,832250,0
MIDCPNIFTY29JUL2411800PE.NFO,2024-07-26,09:45:00,2024-07-29,0.75,0.8,0.75,0.75,13100,851800,0
MIDCPNIFTY29JUL2411800PE.NFO,2024-07-26,09:46:00,2024-07-29,0.8,0.8,0.7,0.7,92950,851800,0
MIDCPNIFTY29JUL2411800PE.NFO,2024-07-26,09:47:00,2024-07-29,0.7,0.8,0.7,0.8,29100,851800,0
MIDCPNIFTY29JUL2411800PE.NFO,2024-07-26,09:48:00,2024-07-29,0.8,0.8,0.75,0.8,41050,788900,0
MIDCPNIFTY29JUL2411800PE.NFO,2024-07-26,09:49:00,2024-07-29,0.8,0.8,0.7,0.75,6550,788900,0
MIDCPNIFTY29JUL2411800PE.NFO,2024-07-26,09:50:00,2024-07-29,0.75,0.75,0.7,0.75,38350,788900,0
MIDCPNIFTY29JUL2411800PE.NFO,2024-07-26,09:51:00,2024-07-29,0.75,0.75,0.7,0.7,22550,801700,0
MIDCPNIFTY29JUL2411800PE.NFO,2024-07-26,09:52:00,2024-07-29,0.7,0.75,0.7,0.75,7650,801700,0
MIDCPNIFTY29JUL2411800PE.NFO,2024-07-26,09:53:00,2024-07-29,0.75,0.8,0.7,0.8,33150,801700,0
MIDCPNIFTY29JUL2411800PE.NFO,2024-07-26,09:54:00,2024-07-29,0.8,0.8,0.75,0.75,0,795400,0
MIDCPNIFTY29JUL2411800PE.NFO,2024-07-26,09:55:00,2024-07-29,0.75,0.8,0.75,0.75,3400,795400,0
MIDCPNIFTY29JUL2411800PE.NFO,2024-07-26,09:56:00,2024-07-29,0.75,0.8,0.75,0.8,10250,795400,0
MIDCPNIFTY29JUL2411800PE.NFO,2024-07-26,09:57:00,2024-07-29,0.8,0.8,0.75,0.75,2150,800700,0
MIDCPNIFTY29JUL2411800PE.NFO,2024-07-26,09:58:00,2024-07-29,0.75,0.8,0.75,0.8,5650,800700,0
MIDCPNIFTY29JUL2411800PE.NFO,2024-07-26,09:59:00,2024-07-29,0.8,0.8,0.75,0.75,1800,800700,0
MIDCPNIFTY29JUL2411800PE.NFO,2024-07-26,10:00:00,2024-07-29,0.8,0.8,0.75,0.8,8850,803450,0
MIDCPNIFTY29JUL2411800PE.NFO,2024-07-26,10:01:00,2024-07-29,0.8,0.85,0.8,0.8,24700,803450,0
MIDCPNIFTY29JUL2411800PE.NFO,2024-07-26,10:02:00,2024-07-29,0.8,0.8,0.75,0.75,31500,803450,0
MIDCPNIFTY29JUL2411800PE.NFO,2024-07-26,10:03:00,2024-07-29,0.75,0.8,0.75,0.8,3700,795200,0
MIDCPNIFTY29JUL2411800PE.NFO,2024-07-26,10:04:00,2024-07-29,0.75,0.8,0.75,0.75,0,795200,0
MIDCPNIFTY29JUL2411800PE.NFO,2024-07-26,10:05:00,2024-07-29,0.75,0.8,0.75,0.8,11950,795200,0
MIDCPNIFTY29JUL2411800PE.NFO,2024-07-26,10:06:00,2024-07-29,0.8,0.8,0.75,0.8,17300,800800,0
MIDCPNIFTY29JUL2411800PE.NFO,2024-07-26,10:07:00,2024-07-29,0.8,0.8,0.8,0.8,2050,800800,0
MIDCPNIFTY29JUL2411800PE.NFO,2024-07-26,10:08:00,2024-07-29,0.75,0.8,0.75,0.8,400,800800,0
MIDCPNIFTY29JUL2411800PE.NFO,2024-07-26,10:09:00,2024-07-29,0.8,0.8,0.75,0.75,3050,800400,0
MIDCPNIFTY29JUL2411800PE.NFO,2024-07-26,10:10:00,2024-07-29,0.75,0.75,0.75,0.75,250,800400,0
MIDCPNIFTY29JUL2411800PE.NFO,2024-07-26,10:11:00,2024-07-29,0.8,0.8,0.75,0.75,5200,800400,0
MIDCPNIFTY29JUL2411800PE.NFO,2024-07-26,10:12:00,2024-07-29,0.75,0.75,0.7,0.75,68700,844250,0
MIDCPNIFTY29JUL2411800PE.NFO,2024-07-26,10:13:00,2024-07-29,0.75,0.75,0.75,0.75,4800,844250,0
MIDCPNIFTY29JUL2411800PE.NFO,2024-07-26,10:14:00,2024-07-29,0.75,0.75,0.75,0.75,0,844250,0
MIDCPNIFTY29JUL2411800PE.NFO,2024-07-26,10:15:00,2024-07-29,0.7,0.75,0.7,0.75,36050,877100,0
MIDCPNIFTY29JUL2411800PE.NFO,2024-07-26,10:16:00,2024-07-29,0.75,0.75,0.7,0.75,12650,877100,0
MIDCPNIFTY29JUL2411800PE.NFO,2024-07-26,10:17:00,2024-07-29,0.75,0.75,0.7,0.75,3450,877100,0
MIDCPNIFTY29JUL2411800PE.NFO,2024-07-26,10:18:00,2024-07-29,0.75,0.75,0.7,0.7,4950,877100,0
MIDCPNIFTY29JUL2411800PE.NFO,2024-07-26,10:19:00,2024-07-29,0.7,0.8,0.7,0.8,32300,876900,0
MIDCPNIFTY29JUL2411800PE.NFO,2024-07-26,10:20:00,2024-07-29,0.8,0.8,0.75,0.8,22700,876900,0
MIDCPNIFTY29JUL2411800PE.NFO,2024-07-26,10:21:00,2024-07-29,0.8,0.8,0.8,0.8,3950,871750,0
MIDCPNIFTY29JUL2411800PE.NFO,2024-07-26,10:22:00,2024-07-29,0.8,0.8,0.8,0.8,4800,871750,0
MIDCPNIFTY29JUL2411800PE.NFO,2024-07-26,10:23:00,2024-07-29,0.85,0.85,0.8,0.8,24300,871750,0
MIDCPNIFTY29JUL2411800PE.NFO,2024-07-26,10:24:00,2024-07-29,0.8,0.8,0.75,0.8,16050,877450,0
MIDCPNIFTY29JUL2411800PE.NFO,2024-07-26,10:25:00,2024-07-29,0.75,0.75,0.75,0.75,500,877450,0
MIDCPNIFTY29JUL2411800PE.NFO,2024-07-26,10:26:00,2024-07-29,0.75,0.8,0.75,0.8,22600,877450,0
MIDCPNIFTY29JUL2411800PE.NFO,2024-07-26,10:27:00,2024-07-29,0.8,0.8,0.8,0.8,1200,896650,0
MIDCPNIFTY29JUL2411800PE.NFO,2024-07-26,10:28:00,2024-07-29,0.75,0.75,0.75,0.75,18550,896650,0
MIDCPNIFTY29JUL2411800PE.NFO,2024-07-26,10:29:00,2024-07-29,0.75,0.75,0.75,0.75,1250,896650,0
MIDCPNIFTY29JUL2411800PE.NFO,2024-07-26,10:30:00,2024-07-29,0.7,0.75,0.7,0.75,9050,896650,0
MIDCPNIFTY29JUL2411800PE.NFO,2024-07-26,10:31:00,2024-07-29,0.75,0.75,0.7,0.7,3700,894300,0
MIDCPNIFTY29JUL2411800PE.NFO,2024-07-26,10:32:00,2024-07-29,0.75,0.75,0.7,0.7,15300,894300,0
MIDCPNIFTY29JUL2411800PE.NFO,2024-07-26,10:33:00,2024-07-29,0.7,0.75,0.7,0.75,4950,883650,0
MIDCPNIFTY29JUL2411800PE.NFO,2024-07-26,10:34:00,2024-07-29,0.75,0.75,0.7,0.75,12550,883650,0
MIDCPNIFTY29JUL2411800PE.NFO,2024-07-26,10:35:00,2024-07-29,0.75,0.75,0.7,0.75,2400,883650,0
MIDCPNIFTY29JUL2411800PE.NFO,2024-07-26,10:36:00,2024-07-29,0.7,0.75,0.7,0.7,12550,909000,0
MIDCPNIFTY29JUL2411800PE.NFO,2024-07-26,10:37:00,2024-07-29,0.7,0.75,0.65,0.7,113950,909000,0
MIDCPNIFTY29JUL2411800PE.NFO,2024-07-26,10:38:00,2024-07-29,0.75,0.75,0.7,0.7,48850,909000,0
MIDCPNIFTY29JUL2411800PE.NFO,2024-07-26,10:39:00,2024-07-29,0.75,0.75,0.75,0.75,9600,903100,0
MIDCPNIFTY29JUL2411800PE.NFO,2024-07-26,10:40:00,2024-07-29,0.7,0.8,0.7,0.8,9300,903100,0
MIDCPNIFTY29JUL2411800PE.NFO,2024-07-26,10:41:00,2024-07-29,0.8,0.8,0.75,0.75,19450,903100,0
MIDCPNIFTY29JUL2411800PE.NFO,2024-07-26,10:42:00,2024-07-29,0.75,0.8,0.75,0.75,14450,893100,0
MIDCPNIFTY29JUL2411800PE.NFO,2024-07-26,10:43:00,2024-07-29,0.75,0.8,0.75,0.75,17200,893100,0
MIDCPNIFTY29JUL2411800PE.NFO,2024-07-26,10:44:00,2024-07-29,0.75,0.8,0.75,0.8,400,893100,0
MIDCPNIFTY29JUL2411800PE.NFO,2024-07-26,10:45:00,2024-07-29,0.75,0.8,0.75,0.8,9050,898200,0
MIDCPNIFTY29JUL2411800PE.NFO,2024-07-26,10:46:00,2024-07-29,0.8,0.8,0.75,0.75,2500,898200,0
MIDCPNIFTY29JUL2411800PE.NFO,2024-07-26,10:47:00,2024-07-29,0.75,0.75,0.75,0.75,6900,898200,0
MIDCPNIFTY29JUL2411800PE.NFO,2024-07-26,10:48:00,2024-07-29,0.75,0.8,0.75,0.8,4300,906900,0
MIDCPNIFTY29JUL2411800PE.NFO,2024-07-26,10:49:00,2024-07-29,0.75,0.8,0.75,0.8,4850,906900,0
MIDCPNIFTY29JUL2411800PE.NFO,2024-07-26,10:50:00,2024-07-29,0.8,0.8,0.75,0.8,3600,906900,0
MIDCPNIFTY29JUL2411800PE.NFO,2024-07-26,10:51:00,2024-07-29,0.8,0.8,0.8,0.8,16700,907300,0
MIDCPNIFTY29JUL2411800PE.NFO,2024-07-26,10:52:00,2024-07-29,0.85,0.85,0.8,0.8,1400,907300,0
MIDCPNIFTY29JUL2411800PE.NFO,2024-07-26,10:53:00,2024-07-29,0.85,0.85,0.8,0.8,10700,907300,0
MIDCPNIFTY29JUL2411800PE.NFO,2024-07-26,10:54:00,2024-07-29,0.8,0.85,0.8,0.85,4650,907300,0
MIDCPNIFTY29JUL2411800PE.NFO,2024-07-26,10:55:00,2024-07-29,0.8,0.9,0.8,0.85,30150,907900,0
MIDCPNIFTY29JUL2411800PE.NFO,2024-07-26,10:56:00,2024-07-29,0.85,0.85,0.8,0.85,24150,907900,0
MIDCPNIFTY29JUL2411800PE.NFO,2024-07-26,10:57:00,2024-07-29,0.8,0.85,0.8,0.85,2700,913300,0
MIDCPNIFTY29JUL2411800PE.NFO,2024-07-26,10:58:00,2024-07-29,0.8,0.85,0.8,0.85,1500,913300,0
MIDCPNIFTY29JUL2411800PE.NFO,2024-07-26,10:59:00,2024-07-29,0.85,0.9,0.85,0.85,20650,913300,0
MIDCPNIFTY29JUL2411800PE.NFO,2024-07-26,11:00:00,2024-07-29,0.85,0.85,0.8,0.85,44150,922450,0
MIDCPNIFTY29JUL2411800PE.NFO,2024-07-26,11:01:00,2024-07-29,0.85,0.85,0.8,0.85,6050,922450,0
MIDCPNIFTY29JUL2411800PE.NFO,2024-07-26,11:02:00,2024-07-29,0.8,0.9,0.8,0.9,18050,922450,0
MIDCPNIFTY29JUL2411800PE.NFO,2024-07-26,11:03:00,2024-07-29,0.9,0.9,0.85,0.85,28750,930200,0
MIDCPNIFTY29JUL2411800PE.NFO,2024-07-26,11:04:00,2024-07-29,0.85,0.85,0.85,0.85,9100,930200,0
MIDCPNIFTY29JUL2411800PE.NFO,2024-07-26,11:05:00,2024-07-29,0.85,0.85,0.8,0.8,11000,930200,0
MIDCPNIFTY29JUL2411800PE.NFO,2024-07-26,11:06:00,2024-07-29,0.8,0.8,0.8,0.8,0,928200,0
MIDCPNIFTY29JUL2411800PE.NFO,2024-07-26,11:07:00,2024-07-29,0.8,0.85,0.8,0.85,3650,928200,0
MIDCPNIFTY29JUL2411800PE.NFO,2024-07-26,11:08:00,2024-07-29,0.85,0.85,0.8,0.8,1350,928200,0
MIDCPNIFTY29JUL2411800PE.NFO,2024-07-26,11:09:00,2024-07-29,0.8,0.85,0.8,0.8,3200,925450,0
MIDCPNIFTY29JUL2411800PE.NFO,2024-07-26,11:10:00,2024-07-29,0.8,0.85,0.8,0.8,10100,925450,0
MIDCPNIFTY29JUL2411800PE.NFO,2024-07-26,11:11:00,2024-07-29,0.8,0.85,0.8,0.85,0,925450,0
MIDCPNIFTY29JUL2411800PE.NFO,2024-07-26,11:12:00,2024-07-29,0.85,0.85,0.8,0.8,3000,925450,0
MIDCPNIFTY29JUL2411800PE.NFO,2024-07-26,11:13:00,2024-07-29,0.8,0.85,0.8,0.85,13900,924750,0
MIDCPNIFTY29JUL2411800PE.NFO,2024-07-26,11:14:00,2024-07-29,0.85,0.85,0.8,0.8,6050,924750,0
MIDCPNIFTY29JUL2411800PE.NFO,2024-07-26,11:15:00,2024-07-29,0.85,0.85,0.8,0.85,6050,925000,0
MIDCPNIFTY29JUL2411800PE.NFO,2024-07-26,11:16:00,2024-07-29,0.85,0.85,0.8,0.8,3700,925000,0
MIDCPNIFTY29JUL2411800PE.NFO,2024-07-26,11:17:00,2024-07-29,0.8,0.8,0.75,0.75,12600,925000,0
MIDCPNIFTY29JUL2411800PE.NFO,2024-07-26,11:18:00,2024-07-29,0.8,0.8,0.8,0.8,350,933850,0
MIDCPNIFTY29JUL2411800PE.NFO,2024-07-26,11:19:00,2024-07-29,0.8,0.8,0.8,0.8,7050,933850,0
MIDCPNIFTY29JUL2411800PE.NFO,2024-07-26,11:20:00,2024-07-29,0.8,0.8,0.75,0.8,1850,933850,0
MIDCPNIFTY29JUL2411800PE.NFO,2024-07-26,11:21:00,2024-07-29,0.8,0.8,0.8,0.8,2500,931500,0
MIDCPNIFTY29JUL2411800PE.NFO,2024-07-26,11:22:00,2024-07-29,0.85,0.85,0.8,0.85,26350,931500,0
MIDCPNIFTY29JUL2411800PE.NFO,2024-07-26,11:23:00,2024-07-29,0.8,0.85,0.8,0.85,7100,931500,0
MIDCPNIFTY29JUL2411800PE.NFO,2024-07-26,11:24:00,2024-07-29,0.85,0.85,0.85,0.85,600,931250,0
MIDCPNIFTY29JUL2411800PE.NFO,2024-07-26,11:25:00,2024-07-29,0.8,0.8,0.75,0.75,3650,931250,0
MIDCPNIFTY29JUL2411800PE.NFO,2024-07-26,11:26:00,2024-07-29,0.75,0.8,0.75,0.75,7650,931250,0
MIDCPNIFTY29JUL2411800PE.NFO,2024-07-26,11:27:00,2024-07-29,0.75,0.8,0.75,0.75,2000,929200,0
MIDCPNIFTY29JUL2411800PE.NFO,2024-07-26,11:28:00,2024-07-29,0.75,0.8,0.75,0.8,5000,929200,0
MIDCPNIFTY29JUL2411800PE.NFO,2024-07-26,11:29:00,2024-07-29,0.8,0.8,0.8,0.8,18800,929200,0
MIDCPNIFTY29JUL2411800PE.NFO,2024-07-26,11:30:00,2024-07-29,0.8,0.8,0.8,0.8,0,933200,0
MIDCPNIFTY29JUL2411800PE.NFO,2024-07-26,11:31:00,2024-07-29,0.75,1.0,0.75,0.95,169600,933200,0
MIDCPNIFTY29JUL2411800PE.NFO,2024-07-26,11:32:00,2024-07-29,0.95,0.95,0.9,0.9,4850,933200,0
MIDCPNIFTY29JUL2411800PE.NFO,2024-07-26,11:33:00,2024-07-29,0.9,0.9,0.9,0.9,10400,1060050,0
MIDCPNIFTY29JUL2411800PE.NFO,2024-07-26,11:34:00,2024-07-29,0.9,0.9,0.9,0.9,6350,1060050,0
MIDCPNIFTY29JUL2411800PE.NFO,2024-07-26,11:35:00,2024-07-29,0.85,0.85,0.85,0.85,32600,1060050,0
MIDCPNIFTY29JUL2411800PE.NFO,2024-07-26,11:36:00,2024-07-29,0.85,0.85,0.8,0.8,22750,1028750,0
MIDCPNIFTY29JUL2411800PE.NFO,2024-07-26,11:37:00,2024-07-29,0.85,0.85,0.8,0.85,5700,1028750,0
MIDCPNIFTY29JUL2411800PE.NFO,2024-07-26,11:38:00,2024-07-29,0.8,0.8,0.8,0.8,2700,1028750,0
MIDCPNIFTY29JUL2411800PE.NFO,2024-07-26,11:39:00,2024-07-29,0.8,0.8,0.8,0.8,3300,1028750,0
MIDCPNIFTY29JUL2411800PE.NFO,2024-07-26,11:40:00,2024-07-29,0.8,0.85,0.8,0.85,0,1028300,0
MIDCPNIFTY29JUL2411800PE.NFO,2024-07-26,11:41:00,2024-07-29,0.85,0.85,0.8,0.85,11050,1028300,0
MIDCPNIFTY29JUL2411800PE.NFO,2024-07-26,11:42:00,2024-07-29,0.85,0.85,0.85,0.85,900,1028300,0
MIDCPNIFTY29JUL2411800PE.NFO,2024-07-26,11:43:00,2024-07-29,0.85,0.85,0.85,0.85,0,1028300,0
MIDCPNIFTY29JUL2411800PE.NFO,2024-07-26,11:44:00,2024-07-29,0.85,0.85,0.8,0.8,0,1036700,0
MIDCPNIFTY29JUL2411800PE.NFO,2024-07-26,11:45:00,2024-07-29,0.8,0.85,0.8,0.85,1000,1036700,0
MIDCPNIFTY29JUL2411800PE.NFO,2024-07-26,11:46:00,2024-07-29,0.85,0.85,0.85,0.85,0,1036700,0
MIDCPNIFTY29JUL2411800PE.NFO,2024-07-26,11:47:00,2024-07-29,0.85,0.85,0.85,0.85,0,1036700,0
MIDCPNIFTY29JUL2411800PE.NFO,2024-07-26,11:48:00,2024-07-29,0.85,0.85,0.8,0.85,0,1036200,0
MIDCPNIFTY29JUL2411800PE.NFO,2024-07-26,11:49:00,2024-07-29,0.85,0.85,0.8,0.8,1150,1036200,0
MIDCPNIFTY29JUL2411800PE.NFO,2024-07-26,11:50:00,2024-07-29,0.8,0.85,0.8,0.85,2200,1036200,0
MIDCPNIFTY29JUL2411800PE.NFO,2024-07-26,11:51:00,2024-07-29,0.85,0.85,0.8,0.85,350,1037550,0
MIDCPNIFTY29JUL2411800PE.NFO,2024-07-26,11:52:00,2024-07-29,0.85,0.85,0.85,0.85,2350,1037550,0
MIDCPNIFTY29JUL2411800PE.NFO,2024-07-26,11:53:00,2024-07-29,0.85,0.85,0.8,0.85,250,1037550,0
MIDCPNIFTY29JUL2411800PE.NFO,2024-07-26,11:54:00,2024-07-29,0.85,0.85,0.85,0.85,250,1037550,0
MIDCPNIFTY29JUL2411800PE.NFO,2024-07-26,11:55:00,2024-07-29,0.85,0.85,0.85,0.85,0,1037700,0
MIDCPNIFTY29JUL2411800PE.NFO,2024-07-26,11:56:00,2024-07-29,0.85,0.85,0.8,0.8,200,1037700,0
MIDCPNIFTY29JUL2411800PE.NFO,2024-07-26,11:57:00,2024-07-29,0.8,0.85,0.8,0.85,2250,1037700,0
MIDCPNIFTY29JUL2411800PE.NFO,2024-07-26,11:58:00,2024-07-29,0.85,0.85,0.8,0.85,2000,1039550,0
MIDCPNIFTY29JUL2411800PE.NFO,2024-07-26,11:59:00,2024-07-29,0.85,0.85,0.8,0.85,850,1039550,0
MIDCPNIFTY29JUL2411800PE.NFO,2024-07-26,12:00:00,2024-07-29,0.85,0.85,0.8,0.8,2850,1039550,0
MIDCPNIFTY29JUL2411800PE.NFO,2024-07-26,12:01:00,2024-07-29,0.8,0.8,0.8,0.8,500,1040900,0
MIDCPNIFTY29JUL2411800PE.NFO,2024-07-26,12:02:00,2024-07-29,0.8,0.8,0.8,0.8,50,1040900,0
MIDCPNIFTY29JUL2411800PE.NFO,2024-07-26,12:03:00,2024-07-29,0.8,0.8,0.8,0.8,650,1040900,0
MIDCPNIFTY29JUL2411800PE.NFO,2024-07-26,12:04:00,2024-07-29,0.8,0.85,0.8,0.85,200,1041400,0
MIDCPNIFTY29JUL2411800PE.NFO,2024-07-26,12:05:00,2024-07-29,0.85,0.85,0.8,0.8,4450,1041400,0
MIDCPNIFTY29JUL2411800PE.NFO,2024-07-26,12:06:00,2024-07-29,0.8,0.85,0.8,0.85,4700,1041400,0
MIDCPNIFTY29JUL2411800PE.NFO,2024-07-26,12:07:00,2024-07-29,0.85,0.85,0.8,0.8,550,1042950,0
MIDCPNIFTY29JUL2411800PE.NFO,2024-07-26,12:08:00,2024-07-29,0.85,0.85,0.85,0.85,100,1042950,0
MIDCPNIFTY29JUL2411800PE.NFO,2024-07-26,12:09:00,2024-07-29,0.8,0.8,0.8,0.8,1950,1047050,0
MIDCPNIFTY29JUL2411800PE.NFO,2024-07-26,12:10:00,2024-07-29,0.8,0.8,0.75,0.75,30200,1047050,0
MIDCPNIFTY29JUL2411800PE.NFO,2024-07-26,12:11:00,2024-07-29,0.75,0.75,0.7,0.75,10700,1047050,0
MIDCPNIFTY29JUL2411800PE.NFO,2024-07-26,12:12:00,2024-07-29,0.75,0.75,0.75,0.75,8700,1047050,0
MIDCPNIFTY29JUL2411800PE.NFO,2024-07-26,12:13:00,2024-07-29,0.75,0.8,0.7,0.7,24200,1054900,0
MIDCPNIFTY29JUL2411800PE.NFO,2024-07-26,12:14:00,2024-07-29,0.7,0.7,0.7,0.7,25850,1054900,0
MIDCPNIFTY29JUL2411800PE.NFO,2024-07-26,12:15:00,2024-07-29,0.7,0.7,0.7,0.7,18900,1054900,0
MIDCPNIFTY29JUL2411800PE.NFO,2024-07-26,12:16:00,2024-07-29,0.7,0.7,0.65,0.65,2850,1051300,0
MIDCPNIFTY29JUL2411800PE.NFO,2024-07-26,12:17:00,2024-07-29,0.65,0.65,0.65,0.65,7550,1051300,0
MIDCPNIFTY29JUL2411800PE.NFO,2024-07-26,12:18:00,2024-07-29,0.65,0.7,0.65,0.7,5500,1041200,0
MIDCPNIFTY29JUL2411800PE.NFO,2024-07-26,12:19:00,2024-07-29,0.7,0.7,0.7,0.7,450,1041200,0
MIDCPNIFTY29JUL2411800PE.NFO,2024-07-26,12:20:00,2024-07-29,0.7,0.7,0.7,0.7,0,1041200,0
MIDCPNIFTY29JUL2411800PE.NFO,2024-07-26,12:21:00,2024-07-29,0.7,0.7,0.65,0.65,8250,1041200,0
MIDCPNIFTY29JUL2411800PE.NFO,2024-07-26,12:22:00,2024-07-29,0.7,0.7,0.65,0.7,400,1029500,0
MIDCPNIFTY29JUL2411800PE.NFO,2024-07-26,12:23:00,2024-07-29,0.7,0.7,0.65,0.7,19850,1029500,0
MIDCPNIFTY29JUL2411800PE.NFO,2024-07-26,12:24:00,2024-07-29,0.65,0.65,0.65,0.65,3200,1029500,0
MIDCPNIFTY29JUL2411800PE.NFO,2024-07-26,12:25:00,2024-07-29,0.65,0.7,0.65,0.7,0,1012150,0
MIDCPNIFTY29JUL2411800PE.NFO,2024-07-26,12:26:00,2024-07-29,0.7,0.7,0.7,0.7,6650,1012150,0
MIDCPNIFTY29JUL2411800PE.NFO,2024-07-26,12:27:00,2024-07-29,0.7,0.7,0.65,0.65,6500,1012150,0
MIDCPNIFTY29JUL2411800PE.NFO,2024-07-26,12:28:00,2024-07-29,0.65,0.7,0.65,0.7,250,1013550,0
MIDCPNIFTY29JUL2411800PE.NFO,2024-07-26,12:29:00,2024-07-29,0.7,0.7,0.7,0.7,0,1013550,0
MIDCPNIFTY29JUL2411800PE.NFO,2024-07-26,12:30:00,2024-07-29,0.7,0.7,0.7,0.7,6550,1015450,0
MIDCPNIFTY29JUL2411800PE.NFO,2024-07-26,12:31:00,2024-07-29,0.7,0.7,0.7,0.7,500,1015450,0
MIDCPNIFTY29JUL2411800PE.NFO,2024-07-26,12:32:00,2024-07-29,0.65,0.7,0.65,0.65,2400,1015450,0
MIDCPNIFTY29JUL2411800PE.NFO,2024-07-26,12:33:00,2024-07-29,0.65,0.7,0.65,0.7,1450,1015450,0
MIDCPNIFTY29JUL2411800PE.NFO,2024-07-26,12:34:00,2024-07-29,0.7,0.7,0.65,0.65,200,1015950,0
MIDCPNIFTY29JUL2411800PE.NFO,2024-07-26,12:35:00,2024-07-29,0.65,0.65,0.65,0.65,500,1015950,0
MIDCPNIFTY29JUL2411800PE.NFO,2024-07-26,12:36:00,2024-07-29,0.65,0.65,0.65,0.65,0,1015950,0
MIDCPNIFTY29JUL2411800PE.NFO,2024-07-26,12:37:00,2024-07-29,0.65,0.7,0.65,0.7,100,1015900,0
MIDCPNIFTY29JUL2411800PE.NFO,2024-07-26,12:38:00,2024-07-29,0.75,0.75,0.65,0.7,35950,1015900,0
MIDCPNIFTY29JUL2411800PE.NFO,2024-07-26,12:39:00,2024-07-29,0.75,0.75,0.65,0.7,11100,1006500,0
MIDCPNIFTY29JUL2411800PE.NFO,2024-07-26,12:40:00,2024-07-29,0.75,0.75,0.7,0.75,0,1006500,0
MIDCPNIFTY29JUL2411800PE.NFO,2024-07-26,12:41:00,2024-07-29,0.7,0.75,0.7,0.75,14650,1006500,0
MIDCPNIFTY29JUL2411800PE.NFO,2024-07-26,12:42:00,2024-07-29,0.75,0.75,0.7,0.7,22050,1006500,0
MIDCPNIFTY29JUL2411800PE.NFO,2024-07-26,12:43:00,2024-07-29,0.7,0.75,0.7,0.75,8450,1014850,0
MIDCPNIFTY29JUL2411800PE.NFO,2024-07-26,12:44:00,2024-07-29,0.75,0.75,0.7,0.7,10050,1014850,0
MIDCPNIFTY29JUL2411800PE.NFO,2024-07-26,12:45:00,2024-07-29,0.75,0.75,0.7,0.7,0,1014850,0
MIDCPNIFTY29JUL2411800PE.NFO,2024-07-26,12:46:00,2024-07-29,0.7,0.7,0.65,0.7,27100,994000,0
MIDCPNIFTY29JUL2411800PE.NFO,2024-07-26,12:47:00,2024-07-29,0.7,0.7,0.65,0.65,26900,994000,0
MIDCPNIFTY29JUL2411800PE.NFO,2024-07-26,12:48:00,2024-07-29,0.65,0.65,0.65,0.65,100,994000,0
MIDCPNIFTY29JUL2411800PE.NFO,2024-07-26,12:49:00,2024-07-29,0.7,0.7,0.7,0.7,23050,1005900,0
MIDCPNIFTY29JUL2411800PE.NFO,2024-07-26,12:50:00,2024-07-29,0.7,0.7,0.65,0.65,0,1005900,0
MIDCPNIFTY29JUL2411800PE.NFO,2024-07-26,12:51:00,2024-07-29,0.65,0.7,0.65,0.65,12550,1005900,0
MIDCPNIFTY29JUL2411800PE.NFO,2024-07-26,12:52:00,2024-07-29,0.65,0.65,0.65,0.65,3200,987100,0
MIDCPNIFTY29JUL2411800PE.NFO,2024-07-26,12:53:00,2024-07-29,0.65,0.65,0.65,0.65,300,987100,0
MIDCPNIFTY29JUL2411800PE.NFO,2024-07-26,12:54:00,2024-07-29,0.7,0.7,0.6,0.6,450,987100,0
MIDCPNIFTY29JUL2411800PE.NFO,2024-07-26,12:55:00,2024-07-29,0.6,0.65,0.6,0.6,73950,980900,0
MIDCPNIFTY29JUL2411800PE.NFO,2024-07-26,12:56:00,2024-07-29,0.6,0.65,0.6,0.65,11000,980900,0
MIDCPNIFTY29JUL2411800PE.NFO,2024-07-26,12:57:00,2024-07-29,0.65,0.65,0.6,0.6,4000,980900,0
MIDCPNIFTY29JUL2411800PE.NFO,2024-07-26,12:58:00,2024-07-29,0.6,0.65,0.6,0.65,11500,981450,0
MIDCPNIFTY29JUL2411800PE.NFO,2024-07-26,12:59:00,2024-07-29,0.65,0.65,0.6,0.6,2250,981450,0
MIDCPNIFTY29JUL2411800PE.NFO,2024-07-26,13:00:00,2024-07-29,0.65,0.65,0.65,0.65,1550,981450,0
MIDCPNIFTY29JUL2411800PE.NFO,2024-07-26,13:01:00,2024-07-29,0.65,0.65,0.6,0.6,0,980450,0
MIDCPNIFTY29JUL2411800PE.NFO,2024-07-26,13:02:00,2024-07-29,0.6,0.6,0.6,0.6,1000,980450,0
MIDCPNIFTY29JUL2411800PE.NFO,2024-07-26,13:03:00,2024-07-29,0.6,0.6,0.6,0.6,50,980450,0
MIDCPNIFTY29JUL2411800PE.NFO,2024-07-26,13:04:00,2024-07-29,0.6,0.6,0.6,0.6,150,980450,0
MIDCPNIFTY29JUL2411800PE.NFO,2024-07-26,13:05:00,2024-07-29,0.6,0.65,0.6,0.65,0,979800,0
MIDCPNIFTY29JUL2411800PE.NFO,2024-07-26,13:06:00,2024-07-29,0.65,0.65,0.65,0.65,450,979800,0
MIDCPNIFTY29JUL2411800PE.NFO,2024-07-26,13:07:00,2024-07-29,0.65,0.65,0.65,0.65,0,979800,0
MIDCPNIFTY29JUL2411800PE.NFO,2024-07-26,13:08:00,2024-07-29,0.65,0.65,0.65,0.65,0,979800,0
MIDCPNIFTY29JUL2411800PE.NFO,2024-07-26,13:09:00,2024-07-29,0.65,0.65,0.65,0.65,13100,979800,0
MIDCPNIFTY29JUL2411800PE.NFO,2024-07-26,13:10:00,2024-07-29,0.6,0.6,0.6,0.6,2150,969800,0
MIDCPNIFTY29JUL2411800PE.NFO,2024-07-26,13:11:00,2024-07-29,0.65,0.65,0.6,0.6,0,969800,0
MIDCPNIFTY29JUL2411800PE.NFO,2024-07-26,13:12:00,2024-07-29,0.6,0.6,0.55,0.55,38250,954250,0
MIDCPNIFTY29JUL2411800PE.NFO,2024-07-26,13:13:00,2024-07-29,0.6,0.6,0.55,0.6,15700,954250,0
MIDCPNIFTY29JUL2411800PE.NFO,2024-07-26,13:14:00,2024-07-29,0.6,0.6,0.55,0.55,5350,954250,0
MIDCPNIFTY29JUL2411800PE.NFO,2024-07-26,13:15:00,2024-07-29,0.55,0.6,0.55,0.55,3500,954250,0
MIDCPNIFTY29JUL2411800PE.NFO,2024-07-26,13:16:00,2024-07-29,0.6,0.6,0.55,0.6,1750,953800,0
MIDCPNIFTY29JUL2411800PE.NFO,2024-07-26,13:17:00,2024-07-29,0.6,0.6,0.6,0.6,0,953800,0
MIDCPNIFTY29JUL2411800PE.NFO,2024-07-26,13:18:00,2024-07-29,0.6,0.6,0.6,0.6,10250,953800,0
MIDCPNIFTY29JUL2411800PE.NFO,2024-07-26,13:19:00,2024-07-29,0.6,0.6,0.55,0.55,2150,946550,0
MIDCPNIFTY29JUL2411800PE.NFO,2024-07-26,13:20:00,2024-07-29,0.55,0.6,0.55,0.6,300,946550,0
MIDCPNIFTY29JUL2411800PE.NFO,2024-07-26,13:21:00,2024-07-29,0.6,0.6,0.55,0.6,7900,946550,0
MIDCPNIFTY29JUL2411800PE.NFO,2024-07-26,13:22:00,2024-07-29,0.6,0.6,0.55,0.6,9000,936150,0
MIDCPNIFTY29JUL2411800PE.NFO,2024-07-26,13:23:00,2024-07-29,0.6,0.6,0.6,0.6,2700,936150,0
MIDCPNIFTY29JUL2411800PE.NFO,2024-07-26,13:24:00,2024-07-29,0.6,0.65,0.6,0.65,2400,936150,0
MIDCPNIFTY29JUL2411800PE.NFO,2024-07-26,13:25:00,2024-07-29,0.65,0.65,0.55,0.6,108400,944000,0
MIDCPNIFTY29JUL2411800PE.NFO,2024-07-26,13:26:00,2024-07-29,0.6,0.6,0.55,0.6,2350,944000,0
MIDCPNIFTY29JUL2411800PE.NFO,2024-07-26,13:27:00,2024-07-29,0.6,0.6,0.55,0.6,8550,944000,0
MIDCPNIFTY29JUL2411800PE.NFO,2024-07-26,13:28:00,2024-07-29,0.6,0.6,0.6,0.6,2450,929850,0
MIDCPNIFTY29JUL2411800PE.NFO,2024-07-26,13:29:00,2024-07-29,0.6,0.6,0.6,0.6,34300,929850,0
MIDCPNIFTY29JUL2411800PE.NFO,2024-07-26,13:30:00,2024-07-29,0.55,0.6,0.55,0.6,50,929850,0
MIDCPNIFTY29JUL2411800PE.NFO,2024-07-26,13:31:00,2024-07-29,0.6,0.6,0.6,0.6,19550,935250,0
MIDCPNIFTY29JUL2411800PE.NFO,2024-07-26,13:32:00,2024-07-29,0.65,0.65,0.65,0.65,1150,935250,0
MIDCPNIFTY29JUL2411800PE.NFO,2024-07-26,13:33:00,2024-07-29,0.65,0.65,0.6,0.6,650,935250,0
MIDCPNIFTY29JUL2411800PE.NFO,2024-07-26,13:34:00,2024-07-29,0.6,0.65,0.6,0.6,6250,932750,0
MIDCPNIFTY29JUL2411800PE.NFO,2024-07-26,13:35:00,2024-07-29,0.6,0.65,0.6,0.65,800,932750,0
MIDCPNIFTY29JUL2411800PE.NFO,2024-07-26,13:36:00,2024-07-29,0.65,0.65,0.65,0.65,0,932750,0
MIDCPNIFTY29JUL2411800PE.NFO,2024-07-26,13:37:00,2024-07-29,0.6,0.6,0.6,0.6,0,933100,0
MIDCPNIFTY29JUL2411800PE.NFO,2024-07-26,13:38:00,2024-07-29,0.6,0.65,0.6,0.65,700,933100,0
MIDCPNIFTY29JUL2411800PE.NFO,2024-07-26,13:39:00,2024-07-29,0.65,0.7,0.65,0.65,23350,933100,0
MIDCPNIFTY29JUL2411800PE.NFO,2024-07-26,13:40:00,2024-07-29,0.65,0.65,0.65,0.65,0,933100,0
MIDCPNIFTY29JUL2411800PE.NFO,2024-07-26,13:41:00,2024-07-29,0.7,0.7,0.7,0.7,100,942250,0
MIDCPNIFTY29JUL2411800PE.NFO,2024-07-26,13:42:00,2024-07-29,0.7,0.7,0.65,0.65,0,942250,0
MIDCPNIFTY29JUL2411800PE.NFO,2024-07-26,13:43:00,2024-07-29,0.65,0.7,0.65,0.7,7200,942300,0
MIDCPNIFTY29JUL2411800PE.NFO,2024-07-26,13:44:00,2024-07-29,0.7,0.7,0.65,0.65,750,942300,0
MIDCPNIFTY29JUL2411800PE.NFO,2024-07-26,13:45:00,2024-07-29,0.65,0.65,0.65,0.65,0,942300,0
MIDCPNIFTY29JUL2411800PE.NFO,2024-07-26,13:46:00,2024-07-29,0.65,0.7,0.65,0.7,0,941300,0
MIDCPNIFTY29JUL2411800PE.NFO,2024-07-26,13:47:00,2024-07-29,0.7,0.7,0.7,0.7,200,941300,0
MIDCPNIFTY29JUL2411800PE.NFO,2024-07-26,13:48:00,2024-07-29,0.7,0.7,0.65,0.65,600,941300,0
MIDCPNIFTY29JUL2411800PE.NFO,2024-07-26,13:49:00,2024-07-29,0.65,0.7,0.65,0.7,0,940200,0
MIDCPNIFTY29JUL2411800PE.NFO,2024-07-26,13:50:00,2024-07-29,0.7,0.7,0.7,0.7,7450,940200,0
MIDCPNIFTY29JUL2411800PE.NFO,2024-07-26,13:51:00,2024-07-29,0.65,0.65,0.65,0.65,2950,940200,0
MIDCPNIFTY29JUL2411800PE.NFO,2024-07-26,13:52:00,2024-07-29,0.65,0.65,0.65,0.65,0,940850,0
MIDCPNIFTY29JUL2411800PE.NFO,2024-07-26,13:53:00,2024-07-29,0.65,0.65,0.65,0.65,50,940850,0
MIDCPNIFTY29JUL2411800PE.NFO,2024-07-26,13:54:00,2024-07-29,0.7,0.75,0.7,0.75,12000,940850,0
MIDCPNIFTY29JUL2411800PE.NFO,2024-07-26,13:55:00,2024-07-29,0.7,0.7,0.7,0.7,22100,951350,0
MIDCPNIFTY29JUL2411800PE.NFO,2024-07-26,13:56:00,2024-07-29,0.7,0.7,0.7,0.7,1000,951350,0
MIDCPNIFTY29JUL2411800PE.NFO,2024-07-26,13:57:00,2024-07-29,0.7,0.75,0.7,0.75,6650,951350,0
MIDCPNIFTY29JUL2411800PE.NFO,2024-07-26,13:58:00,2024-07-29,0.7,0.75,0.7,0.75,5600,951450,0
MIDCPNIFTY29JUL2411800PE.NFO,2024-07-26,13:59:00,2024-07-29,0.75,0.75,0.75,0.75,5600,951450,1
MIDCPNIFTY29JUL2411800PE.NFO,2024-07-26,14:00:00,2024-07-29,0.75,0.75,0.75,0.75,0,951450,0
MIDCPNIFTY29JUL2411800PE.NFO,2024-07-26,14:01:00,2024-07-29,0.7,0.7,0.7,0.7,2000,949450,0
MIDCPNIFTY29JUL2411800PE.NFO,2024-07-26,14:02:00,2024-07-29,0.75,0.75,0.75,0.75,1250,949450,0
MIDCPNIFTY29JUL2411800PE.NFO,2024-07-26,14:03:00,2024-07-29,0.75,0.75,0.75,0.75,0,949450,0
MIDCPNIFTY29JUL2411800PE.NFO,2024-07-26,14:04:00,2024-07-29,0.7,0.75,0.7,0.75,14550,952650,0
MIDCPNIFTY29JUL2411800PE.NFO,2024-07-26,14:05:00,2024-07-29,0.75,0.75,0.75,0.75,3200,952650,0
MIDCPNIFTY29JUL2411800PE.NFO,2024-07-26,14:06:00,2024-07-29,0.75,0.8,0.75,0.75,5700,952650,0
MIDCPNIFTY29JUL2411800PE.NFO,2024-07-26,14:07:00,2024-07-29,0.75,0.75,0.75,0.75,900,949700,0
MIDCPNIFTY29JUL2411800PE.NFO,2024-07-26,14:08:00,2024-07-29,0.75,0.75,0.75,0.75,1200,949700,0
MIDCPNIFTY29JUL2411800PE.NFO,2024-07-26,14:09:00,2024-07-29,0.75,0.75,0.75,0.75,3300,949700,0
MIDCPNIFTY29JUL2411800PE.NFO,2024-07-26,14:10:00,2024-07-29,0.75,0.8,0.75,0.75,0,949700,0
MIDCPNIFTY29JUL2411800PE.NFO,2024-07-26,14:11:00,2024-07-29,0.75,0.8,0.75,0.75,4850,949700,0
MIDCPNIFTY29JUL2411800PE.NFO,2024-07-26,14:12:00,2024-07-29,0.75,0.75,0.75,0.75,3600,949700,0
MIDCPNIFTY29JUL2411800PE.NFO,2024-07-26,14:13:00,2024-07-29,0.75,0.8,0.75,0.8,0,949500,0
MIDCPNIFTY29JUL2411800PE.NFO,2024-07-26,14:14:00,2024-07-29,0.8,0.8,0.75,0.75,4400,949500,0
MIDCPNIFTY29JUL2411800PE.NFO,2024-07-26,14:15:00,2024-07-29,0.75,0.75,0.75,0.75,50,949500,0
MIDCPNIFTY29JUL2411800PE.NFO,2024-07-26,14:16:00,2024-07-29,0.75,0.8,0.75,0.8,9400,943050,0
MIDCPNIFTY29JUL2411800PE.NFO,2024-07-26,14:17:00,2024-07-29,0.8,0.8,0.75,0.75,4250,943050,0
MIDCPNIFTY29JUL2411800PE.NFO,2024-07-26,14:18:00,2024-07-29,0.75,0.75,0.75,0.75,5050,943050,0
MIDCPNIFTY29JUL2411800PE.NFO,2024-07-26,14:19:00,2024-07-29,0.75,0.8,0.7,0.7,6050,943550,0
MIDCPNIFTY29JUL2411800PE.NFO,2024-07-26,14:20:00,2024-07-29,0.7,0.7,0.7,0.7,1650,943550,0
MIDCPNIFTY29JUL2411800PE.NFO,2024-07-26,14:21:00,2024-07-29,0.7,0.8,0.7,0.8,1600,943550,0
MIDCPNIFTY29JUL2411800PE.NFO,2024-07-26,14:22:00,2024-07-29,0.8,0.8,0.75,0.75,1450,938750,0
MIDCPNIFTY29JUL2411800PE.NFO,2024-07-26,14:23:00,2024-07-29,0.75,0.75,0.75,0.75,2200,938750,0
MIDCPNIFTY29JUL2411800PE.NFO,2024-07-26,14:24:00,2024-07-29,0.8,0.8,0.8,0.8,4200,938750,0
MIDCPNIFTY29JUL2411800PE.NFO,2024-07-26,14:25:00,2024-07-29,0.8,0.8,0.75,0.75,8200,935350,0
MIDCPNIFTY29JUL2411800PE.NFO,2024-07-26,14:26:00,2024-07-29,0.75,0.8,0.75,0.8,1200,935350,0
MIDCPNIFTY29JUL2411800PE.NFO,2024-07-26,14:27:00,2024-07-29,0.8,0.8,0.8,0.8,50,935350,0
MIDCPNIFTY29JUL2411800PE.NFO,2024-07-26,14:28:00,2024-07-29,0.8,0.8,0.8,0.8,13900,934150,0
MIDCPNIFTY29JUL2411800PE.NFO,2024-07-26,14:29:00,2024-07-29,0.8,0.8,0.8,0.8,8800,934150,0
MIDCPNIFTY29JUL2411800PE.NFO,2024-07-26,14:30:00,2024-07-29,0.8,0.8,0.75,0.75,500,934150,0
MIDCPNIFTY29JUL2411800PE.NFO,2024-07-26,14:31:00,2024-07-29,0.75,0.8,0.75,0.75,3500,937050,0
MIDCPNIFTY29JUL2411800PE.NFO,2024-07-26,14:32:00,2024-07-29,0.75,0.75,0.75,0.75,6600,937050,0
MIDCPNIFTY29JUL2411800PE.NFO,2024-07-26,14:33:00,2024-07-29,0.75,0.75,0.75,0.75,17750,937050,0
MIDCPNIFTY29JUL2411800PE.NFO,2024-07-26,14:34:00,2024-07-29,0.75,0.75,0.7,0.75,11400,933400,0
MIDCPNIFTY29JUL2411800PE.NFO,2024-07-26,14:35:00,2024-07-29,0.75,0.75,0.75,0.75,6100,933400,0
MIDCPNIFTY29JUL2411800PE.NFO,2024-07-26,14:36:00,2024-07-29,0.7,0.75,0.7,0.75,800,933400,0
MIDCPNIFTY29JUL2411800PE.NFO,2024-07-26,14:37:00,2024-07-29,0.75,0.75,0.7,0.75,2000,930450,0
MIDCPNIFTY29JUL2411800PE.NFO,2024-07-26,14:38:00,2024-07-29,0.75,0.75,0.7,0.75,10150,930450,0
MIDCPNIFTY29JUL2411800PE.NFO,2024-07-26,14:39:00,2024-07-29,0.75,0.75,0.75,0.75,8000,930450,0
MIDCPNIFTY29JUL2411800PE.NFO,2024-07-26,14:40:00,2024-07-29,0.75,0.75,0.75,0.75,2100,935700,0
MIDCPNIFTY29JUL2411800PE.NFO,2024-07-26,14:41:00,2024-07-29,0.75,0.75,0.7,0.75,850,935700,0
MIDCPNIFTY29JUL2411800PE.NFO,2024-07-26,14:42:00,2024-07-29,0.75,0.75,0.75,0.75,3850,935700,0
MIDCPNIFTY29JUL2411800PE.NFO,2024-07-26,14:43:00,2024-07-29,0.8,0.8,0.75,0.75,5350,931050,0
MIDCPNIFTY29JUL2411800PE.NFO,2024-07-26,14:44:00,2024-07-29,0.75,0.75,0.75,0.75,1750,931050,0
MIDCPNIFTY29JUL2411800PE.NFO,2024-07-26,14:45:00,2024-07-29,0.75,0.75,0.75,0.75,0,931050,0
MIDCPNIFTY29JUL2411800PE.NFO,2024-07-26,14:46:00,2024-07-29,0.75,0.8,0.75,0.8,0,930200,0
MIDCPNIFTY29JUL2411800PE.NFO,2024-07-26,14:47:00,2024-07-29,0.8,0.8,0.8,0.8,14550,930200,0
MIDCPNIFTY29JUL2411800PE.NFO,2024-07-26,14:48:00,2024-07-29,0.8,0.8,0.8,0.8,750,930200,0
MIDCPNIFTY29JUL2411800PE.NFO,2024-07-26,14:49:00,2024-07-29,0.75,0.75,0.75,0.75,0,939300,0
MIDCPNIFTY29JUL2411800PE.NFO,2024-07-26,14:50:00,2024-07-29,0.75,0.75,0.75,0.75,1300,939300,0
MIDCPNIFTY29JUL2411800PE.NFO,2024-07-26,14:51:00,2024-07-29,0.8,0.8,0.8,0.8,1300,939300,0
MIDCPNIFTY29JUL2411800PE.NFO,2024-07-26,14:52:00,2024-07-29,0.75,0.8,0.75,0.8,0,939900,0
MIDCPNIFTY29JUL2411800PE.NFO,2024-07-26,14:53:00,2024-07-29,0.8,0.8,0.8,0.8,12300,939900,0
MIDCPNIFTY29JUL2411800PE.NFO,2024-07-26,14:54:00,2024-07-29,0.8,0.8,0.8,0.8,450,939900,0
MIDCPNIFTY29JUL2411800PE.NFO,2024-07-26,14:55:00,2024-07-29,0.75,0.75,0.75,0.75,1250,934700,0
MIDCPNIFTY29JUL2411800PE.NFO,2024-07-26,14:56:00,2024-07-29,0.75,0.8,0.75,0.75,750,934700,0
MIDCPNIFTY29JUL2411800PE.NFO,2024-07-26,14:57:00,2024-07-29,0.75,0.75,0.75,0.75,3800,934700,0
MIDCPNIFTY29JUL2411800PE.NFO,2024-07-26,14:58:00,2024-07-29,0.75,0.8,0.75,0.8,0,934250,0
MIDCPNIFTY29JUL2411800PE.NFO,2024-07-26,14:59:00,2024-07-29,0.8,0.8,0.75,0.8,6300,934250,0
MIDCPNIFTY29JUL2411800PE.NFO,2024-07-26,15:00:00,2024-07-29,0.75,0.75,0.75,0.75,11850,934250,0
MIDCPNIFTY29JUL2411800PE.NFO,2024-07-26,15:01:00,2024-07-29,0.75,0.8,0.75,0.8,16150,944300,0
MIDCPNIFTY29JUL2411800PE.NFO,2024-07-26,15:02:00,2024-07-29,0.8,0.8,0.8,0.8,3150,944300,0
MIDCPNIFTY29JUL2411800PE.NFO,2024-07-26,15:03:00,2024-07-29,0.75,0.85,0.75,0.75,0,944300,0
MIDCPNIFTY29JUL2411800PE.NFO,2024-07-26,15:04:00,2024-07-29,0.8,0.8,0.8,0.8,7550,954750,0
MIDCPNIFTY29JUL2411800PE.NFO,2024-07-26,15:05:00,2024-07-29,0.75,0.8,0.75,0.75,2550,954750,0
MIDCPNIFTY29JUL2411800PE.NFO,2024-07-26,15:06:00,2024-07-29,0.75,0.8,0.75,0.8,3550,954750,0
MIDCPNIFTY29JUL2411800PE.NFO,2024-07-26,15:07:00,2024-07-29,0.8,0.8,0.75,0.75,11200,956350,0
MIDCPNIFTY29JUL2411800PE.NFO,2024-07-26,15:08:00,2024-07-29,0.75,0.75,0.7,0.75,0,956350,0
MIDCPNIFTY29JUL2411800PE.NFO,2024-07-26,15:09:00,2024-07-29,0.75,0.75,0.7,0.7,37550,956350,0
MIDCPNIFTY29JUL2411800PE.NFO,2024-07-26,15:10:00,2024-07-29,0.7,0.7,0.65,0.65,28500,941350,0
MIDCPNIFTY29JUL2411800PE.NFO,2024-07-26,15:11:00,2024-07-29,0.65,0.7,0.65,0.7,2750,941350,0
MIDCPNIFTY29JUL2411800PE.NFO,2024-07-26,15:12:00,2024-07-29,0.65,0.7,0.6,0.65,92800,941350,0
MIDCPNIFTY29JUL2411800PE.NFO,2024-07-26,15:13:00,2024-07-29,0.65,0.7,0.6,0.65,55050,963350,0
MIDCPNIFTY29JUL2411800PE.NFO,2024-07-26,15:14:00,2024-07-29,0.65,0.7,0.65,0.65,3600,963350,0
MIDCPNIFTY29JUL2411800PE.NFO,2024-07-26,15:15:00,2024-07-29,0.65,0.7,0.6,0.6,7900,963350,0
MIDCPNIFTY29JUL2411800PE.NFO,2024-07-26,15:16:00,2024-07-29,0.6,0.6,0.55,0.55,1550,964950,0
MIDCPNIFTY29JUL2411800PE.NFO,2024-07-26,15:17:00,2024-07-29,0.6,0.6,0.55,0.55,47400,964950,0
MIDCPNIFTY29JUL2411800PE.NFO,2024-07-26,15:18:00,2024-07-29,0.55,0.55,0.55,0.55,700,964950,0
MIDCPNIFTY29JUL2411800PE.NFO,2024-07-26,15:19:00,2024-07-29,0.55,0.6,0.55,0.6,6250,994300,0
MIDCPNIFTY29JUL2411800PE.NFO,2024-07-26,15:20:00,2024-07-29,0.55,0.6,0.55,0.55,20300,994300,0
MIDCPNIFTY29JUL2411800PE.NFO,2024-07-26,15:21:00,2024-07-29,0.55,0.6,0.55,0.55,2400,994300,0
MIDCPNIFTY29JUL2411800PE.NFO,2024-07-26,15:22:00,2024-07-29,0.55,0.6,0.55,0.6,2700,988100,0
MIDCPNIFTY29JUL2411800PE.NFO,2024-07-26,15:23:00,2024-07-29,0.6,0.6,0.45,0.45,12100,988100,0
MIDCPNIFTY29JUL2411800PE.NFO,2024-07-26,15:24:00,2024-07-29,0.45,0.55,0.45,0.5,66900,988100,0
MIDCPNIFTY29JUL2411800PE.NFO,2024-07-26,15:25:00,2024-07-29,0.5,0.5,0.4,0.4,22550,1000100,0
MIDCPNIFTY29JUL2411800PE.NFO,2024-07-26,15:26:00,2024-07-29,0.4,0.45,0.4,0.4,32150,1000100,0
MIDCPNIFTY29JUL2411800PE.NFO,2024-07-26,15:27:00,2024-07-29,0.4,0.4,0.4,0.4,4600,1000100,0
MIDCPNIFTY29JUL2411800PE.NFO,2024-07-26,15:28:00,2024-07-29,0.4,0.45,0.4,0.4,84250,975950,0
MIDCPNIFTY29JUL2411800PE.NFO,2024-07-26,15:29:00,2024-07-29,0.4,0.4,0.25,0.25,0,975950,0
MIDCPNIFTY29JUL2411800PE.NFO,2024-07-26,15:30:00,2024-07-29,0.25,0.25,0.25,0.25,0,975950,1
MIDCPNIFTY29JUL2411800PE.NFO,2024-07-29,09:15:00,2024-07-29,0.2,0.4,0.1,0.15,0,987900,0
MIDCPNIFTY29JUL2411800PE.NFO,2024-07-29,09:16:00,2024-07-29,0.15,0.15,0.1,0.1,79950,987900,0
MIDCPNIFTY29JUL2411800PE.NFO,2024-07-29,09:17:00,2024-07-29,0.1,0.15,0.1,0.1,0,987900,0
MIDCPNIFTY29JUL2411800PE.NFO,2024-07-29,09:18:00,2024-07-29,0.15,0.15,0.1,0.1,6400,996700,0
MIDCPNIFTY29JUL2411800PE.NFO,2024-07-29,09:19:00,2024-07-29,0.1,0.15,0.1,0.1,16500,996700,0
MIDCPNIFTY29JUL2411800PE.NFO,2024-07-29,09:20:00,2024-07-29,0.1,0.15,0.1,0.1,51950,996700,0
MIDCPNIFTY29JUL2411800PE.NFO,2024-07-29,09:21:00,2024-07-29,0.1,0.15,0.1,0.1,2150,999300,0
MIDCPNIFTY29JUL2411800PE.NFO,2024-07-29,09:22:00,2024-07-29,0.1,0.15,0.1,0.1,0,999300,0
MIDCPNIFTY29JUL2411800PE.NFO,2024-07-29,09:23:00,2024-07-29,0.1,0.15,0.1,0.15,29350,999300,0
MIDCPNIFTY29JUL2411800PE.NFO,2024-07-29,09:24:00,2024-07-29,0.1,0.15,0.1,0.15,42550,987400,0
MIDCPNIFTY29JUL2411800PE.NFO,2024-07-29,09:25:00,2024-07-29,0.15,0.15,0.1,0.1,52300,987400,0
MIDCPNIFTY29JUL2411800PE.NFO,2024-07-29,09:26:00,2024-07-29,0.15,0.15,0.1,0.15,0,987400,0
MIDCPNIFTY29JUL2411800PE.NFO,2024-07-29,09:27:00,2024-07-29,0.15,0.15,0.1,0.15,8500,951600,0
MIDCPNIFTY29JUL2411800PE.NFO,2024-07-29,09:28:00,2024-07-29,0.1,0.15,0.1,0.15,9150,951600,0
MIDCPNIFTY29JUL2411800PE.NFO,2024-07-29,09:29:00,2024-07-29,0.15,0.15,0.1,0.1,0,951600,0
MIDCPNIFTY29JUL2411800PE.NFO,2024-07-29,09:30:00,2024-07-29,0.1,0.15,0.1,0.15,8900,938800,0
MIDCPNIFTY29JUL2411800PE.NFO,2024-07-29,09:31:00,2024-07-29,0.15,0.15,0.1,0.1,11350,938800,0
MIDCPNIFTY29JUL2411800PE.NFO,2024-07-29,09:32:00,2024-07-29,0.1,0.1,0.1,0.1,0,938800,0
MIDCPNIFTY29JUL2411800PE.NFO,2024-07-29,09:33:00,2024-07-29,0.1,0.1,0.1,0.1,6100,932650,0
MIDCPNIFTY29JUL2411800PE.NFO,2024-07-29,09:34:00,2024-07-29,0.1,0.15,0.1,0.1,5650,932650,0
MIDCPNIFTY29JUL2411800PE.NFO,2024-07-29,09:35:00,2024-07-29,0.1,0.1,0.1,0.1,18200,932650,0
MIDCPNIFTY29JUL2411800PE.NFO,2024-07-29,09:36:00,2024-07-29,0.1,0.15,0.1,0.1,0,936350,0
MIDCPNIFTY29JUL2411800PE.NFO,2024-07-29,09:37:00,2024-07-29,0.1,0.15,0.1,0.1,29600,936350,0
MIDCPNIFTY29JUL2411800PE.NFO,2024-07-29,09:38:00,2024-07-29,0.1,0.1,0.1,0.1,24300,936350,0
MIDCPNIFTY29JUL2411800PE.NFO,2024-07-29,09:39:00,2024-07-29,0.1,0.15,0.1,0.1,0,939150,0
MIDCPNIFTY29JUL2411800PE.NFO,2024-07-29,09:40:00,2024-07-29,0.1,0.15,0.1,0.1,24950,939150,0
MIDCPNIFTY29JUL2411800PE.NFO,2024-07-29,09:41:00,2024-07-29,0.1,0.15,0.1,0.1,33750,939150,0
MIDCPNIFTY29JUL2411800PE.NFO,2024-07-29,09:42:00,2024-07-29,0.15,0.15,0.1,0.15,177650,947500,0
MIDCPNIFTY29JUL2411800PE.NFO,2024-07-29,09:43:00,2024-07-29,0.15,0.15,0.1,0.1,0,947500,0
MIDCPNIFTY29JUL2411800PE.NFO,2024-07-29,09:44:00,2024-07-29,0.1,0.15,0.1,0.15,2100,947500,0
MIDCPNIFTY29JUL2411800PE.NFO,2024-07-29,09:45:00,2024-07-29,0.15,0.15,0.1,0.15,2600,942050,0
MIDCPNIFTY29JUL2411800PE.NFO,2024-07-29,09:46:00,2024-07-29,0.1,0.15,0.1,0.1,19000,942050,0
MIDCPNIFTY29JUL2411800PE.NFO,2024-07-29,09:47:00,2024-07-29,0.1,0.1,0.1,0.1,0,942050,0
MIDCPNIFTY29JUL2411800PE.NFO,2024-07-29,09:48:00,2024-07-29,0.1,0.15,0.1,0.1,10000,921300,0
MIDCPNIFTY29JUL2411800PE.NFO,2024-07-29,09:49:00,2024-07-29,0.1,0.15,0.1,0.15,1200,921300,0
MIDCPNIFTY29JUL2411800PE.NFO,2024-07-29,09:50:00,2024-07-29,0.15,0.15,0.1,0.1,1200,921300,0
MIDCPNIFTY29JUL2411800PE.NFO,2024-07-29,09:51:00,2024-07-29,0.15,0.15,0.1,0.1,0,917950,0
MIDCPNIFTY29JUL2411800PE.NFO,2024-07-29,09:52:00,2024-07-29,0.1,0.1,0.1,0.1,7800,917950,0
MIDCPNIFTY29JUL2411800PE.NFO,2024-07-29,09:53:00,2024-07-29,0.1,0.15,0.1,0.15,1950,917950,0
MIDCPNIFTY29JUL2411800PE.NFO,2024-07-29,09:54:00,2024-07-29,0.15,0.15,0.1,0.15,6900,910700,0
MIDCPNIFTY29JUL2411800PE.NFO,2024-07-29,09:55:00,2024-07-29,0.15,0.15,0.1,0.15,0,910700,0
MIDCPNIFTY29JUL2411800PE.NFO,2024-07-29,09:56:00,2024-07-29,0.15,0.15,0.1,0.1,12050,910700,0
MIDCPNIFTY29JUL2411800PE.NFO,2024-07-29,09:57:00,2024-07-29,0.1,0.1,0.1,0.1,177700,867800,0
MIDCPNIFTY29JUL2411800PE.NFO,2024-07-29,09:58:00,2024-07-29,0.1,0.15,0.1,0.1,10050,867800,0
MIDCPNIFTY29JUL2411800PE.NFO,2024-07-29,09:59:00,2024-07-29,0.1,0.1,0.1,0.1,0,867800,0
MIDCPNIFTY29JUL2411800PE.NFO,2024-07-29,10:00:00,2024-07-29,0.1,0.1,0.05,0.05,89500,892400,0
MIDCPNIFTY29JUL2411800PE.NFO,2024-07-29,10:01:00,2024-07-29,0.05,0.1,0.05,0.05,4500,892400,0
MIDCPNIFTY29JUL2411800PE.NFO,2024-07-29,10:02:00,2024-07-29,0.1,0.1,0.05,0.05,37100,892400,0
MIDCPNIFTY29JUL2411800PE.NFO,2024-07-29,10:03:00,2024-07-29,0.1,0.1,0.1,0.1,0,892400,0
MIDCPNIFTY29JUL2411800PE.NFO,2024-07-29,10:04:00,2024-07-29,0.1,0.1,0.05,0.05,41550,850550,0
MIDCPNIFTY29JUL2411800PE.NFO,2024-07-29,10:05:00,2024-07-29,0.1,0.1,0.1,0.1,13750,850550,0
MIDCPNIFTY29JUL2411800PE.NFO,2024-07-29,10:06:00,2024-07-29,0.05,0.1,0.05,0.1,550,848250,0
MIDCPNIFTY29JUL2411800PE.NFO,2024-07-29,10:07:00,2024-07-29,0.1,0.1,0.1,0.1,1950,848250,0
MIDCPNIFTY29JUL2411800PE.NFO,2024-07-29,10:08:00,2024-07-29,0.1,0.1,0.1,0.1,0,848250,0
MIDCPNIFTY29JUL2411800PE.NFO,2024-07-29,10:09:00,2024-07-29,0.1,0.1,0.05,0.1,150,848150,0
MIDCPNIFTY29JUL2411800PE.NFO,2024-07-29,10:10:00,2024-07-29,0.1,0.1,0.1,0.1,16200,848150,0
MIDCPNIFTY29JUL2411800PE.NFO,2024-07-29,10:11:00,2024-07-29,0.1,0.1,0.05,0.1,1900,848150,0
MIDCPNIFTY29JUL2411800PE.NFO,2024-07-29,10:12:00,2024-07-29,0.1,0.1,0.1,0.1,1150,848150,0
MIDCPNIFTY29JUL2411800PE.NFO,2024-07-29,10:13:00,2024-07-29,0.1,0.1,0.05,0.1,0,848150,0
MIDCPNIFTY29JUL2411800PE.NFO,2024-07-29,10:14:00,2024-07-29,0.1,0.1,0.05,0.05,3850,848150,0
MIDCPNIFTY29JUL2411800PE.NFO,2024-07-29,10:15:00,2024-07-29,0.05,0.1,0.05,0.1,400,849550,0
MIDCPNIFTY29JUL2411800PE.NFO,2024-07-29,10:16:00,2024-07-29,0.05,0.1,0.05,0.05,12800,849550,0
MIDCPNIFTY29JUL2411800PE.NFO,2024-07-29,10:17:00,2024-07-29,0.05,0.05,0.05,0.05,600,849550,0
MIDCPNIFTY29JUL2411800PE.NFO,2024-07-29,10:18:00,2024-07-29,0.1,0.1,0.1,0.1,1950,849550,0
MIDCPNIFTY29JUL2411800PE.NFO,2024-07-29,10:19:00,2024-07-29,0.05,0.05,0.05,0.05,3450,850800,0
MIDCPNIFTY29JUL2411800PE.NFO,2024-07-29,10:20:00,2024-07-29,0.1,0.1,0.05,0.1,9000,850800,0
MIDCPNIFTY29JUL2411800PE.NFO,2024-07-29,10:21:00,2024-07-29,0.05,0.1,0.05,0.05,0,850800,0
MIDCPNIFTY29JUL2411800PE.NFO,2024-07-29,10:22:00,2024-07-29,0.05,0.05,0.05,0.05,17900,850400,0
MIDCPNIFTY29JUL2411800PE.NFO,2024-07-29,10:23:00,2024-07-29,0.1,0.1,0.1,0.1,8450,850400,0
MIDCPNIFTY29JUL2411800PE.NFO,2024-07-29,10:24:00,2024-07-29,0.05,0.05,0.05,0.05,200,850400,0
MIDCPNIFTY29JUL2411800PE.NFO,2024-07-29,10:25:00,2024-07-29,0.05,0.05,0.05,0.05,0,847100,0
MIDCPNIFTY29JUL2411800PE.NFO,2024-07-29,10:26:00,2024-07-29,0.05,0.05,0.05,0.05,100,847100,0
MIDCPNIFTY29JUL2411800PE.NFO,2024-07-29,10:27:00,2024-07-29,0.05,0.1,0.05,0.1,2800,811150,0
MIDCPNIFTY29JUL2411800PE.NFO,2024-07-29,10:28:00,2024-07-29,0.1,0.1,0.05,0.1,74300,811150,0
MIDCPNIFTY29JUL2411800PE.NFO,2024-07-29,10:29:00,2024-07-29,0.1,0.1,0.05,0.1,9400,811150,0
MIDCPNIFTY29JUL2411800PE.NFO,2024-07-29,10:30:00,2024-07-29,0.1,0.1,0.1,0.1,3300,811150,0
MIDCPNIFTY29JUL2411800PE.NFO,2024-07-29,10:31:00,2024-07-29,0.05,0.1,0.05,0.05,14950,814000,0
MIDCPNIFTY29JUL2411800PE.NFO,2024-07-29,10:32:00,2024-07-29,0.05,0.1,0.05,0.1,0,814000,0
MIDCPNIFTY29JUL2411800PE.NFO,2024-07-29,10:33:00,2024-07-29,0.1,0.1,0.05,0.05,3750,814000,0
MIDCPNIFTY29JUL2411800PE.NFO,2024-07-29,10:34:00,2024-07-29,0.05,0.1,0.05,0.1,100,809900,0
MIDCPNIFTY29JUL2411800PE.NFO,2024-07-29,10:35:00,2024-07-29,0.1,0.1,0.05,0.1,4950,809900,0
MIDCPNIFTY29JUL2411800PE.NFO,2024-07-29,10:36:00,2024-07-29,0.1,0.1,0.05,0.05,2800,804100,0
MIDCPNIFTY29JUL2411800PE.NFO,2024-07-29,10:37:00,2024-07-29,0.05,0.1,0.05,0.1,3300,804100,0
MIDCPNIFTY29JUL2411800PE.NFO,2024-07-29,10:38:00,2024-07-29,0.1,0.1,0.1,0.1,1350,804100,0
MIDCPNIFTY29JUL2411800PE.NFO,2024-07-29,10:39:00,2024-07-29,0.1,0.1,0.1,0.1,250,803100,0
MIDCPNIFTY29JUL2411800PE.NFO,2024-07-29,10:40:00,2024-07-29,0.1,0.1,0.05,0.05,3000,803100,0
MIDCPNIFTY29JUL2411800PE.NFO,2024-07-29,10:41:00,2024-07-29,0.05,0.05,0.05,0.05,0,803100,0
MIDCPNIFTY29JUL2411800PE.NFO,2024-07-29,10:42:00,2024-07-29,0.05,0.05,0.05,0.05,0,803100,1
MIDCPNIFTY29JUL2411800PE.NFO,2024-07-29,10:43:00,2024-07-29,0.05,0.05,0.05,0.05,0,802000,0
MIDCPNIFTY29JUL2411800PE.NFO,2024-07-29,10:44:00,2024-07-29,0.05,0.05,0.05,0.05,200,802000,0
MIDCPNIFTY29JUL2411800PE.NFO,2024-07-29,10:45:00,2024-07-29,0.05,0.1,0.05,0.1,50,802000,0
MIDCPNIFTY29JUL2411800PE.NFO,2024-07-29,10:46:00,2024-07-29,0.1,0.1,0.05,0.05,300,802000,0
MIDCPNIFTY29JUL2411800PE.NFO,2024-07-29,10:47:00,2024-07-29,0.05,0.05,0.05,0.05,3750,802000,0
MIDCPNIFTY29JUL2411800PE.NFO,2024-07-29,10:48:00,2024-07-29,0.05,0.05,0.05,0.05,2750,802000,0
MIDCPNIFTY29JUL2411800PE.NFO,2024-07-29,10:49:00,2024-07-29,0.1,0.1,0.1,0.1,0,802000,0
MIDCPNIFTY29JUL2411800PE.NFO,2024-07-29,10:50:00,2024-07-29,0.1,0.1,0.05,0.05,2800,802000,0
MIDCPNIFTY29JUL2411800PE.NFO,2024-07-29,10:51:00,2024-07-29,0.05,0.1,0.05,0.1,600,799150,0
MIDCPNIFTY29JUL2411800PE.NFO,2024-07-29,10:52:00,2024-07-29,0.05,0.1,0.05,0.05,3500,799150,0
MIDCPNIFTY29JUL2411800PE.NFO,2024-07-29,10:53:00,2024-07-29,0.05,0.1,0.05,0.05,0,799150,0
MIDCPNIFTY29JUL2411800PE.NFO,2024-07-29,10:54:00,2024-07-29,0.05,0.1,0.05,0.05,5050,792600,0
MIDCPNIFTY29JUL2411800PE.NFO,2024-07-29,10:55:00,2024-07-29,0.05,0.1,0.05,0.1,8100,792600,0
MIDCPNIFTY29JUL2411800PE.NFO,2024-07-29,10:56:00,2024-07-29,0.05,0.05,0.05,0.05,1700,792600,0
MIDCPNIFTY29JUL2411800PE.NFO,2024-07-29,10:57:00,2024-07-29,0.05,0.05,0.05,0.05,2500,792600,0
MIDCPNIFTY29JUL2411800PE.NFO,2024-07-29,10:58:00,2024-07-29,0.05,0.05,0.05,0.05,0,795200,0
MIDCPNIFTY29JUL2411800PE.NFO,2024-07-29,10:59:00,2024-07-29,0.05,0.05,0.05,0.05,1200,795200,0
MIDCPNIFTY29JUL2411800PE.NFO,2024-07-29,11:00:00,2024-07-29,0.1,0.1,0.1,0.1,200,795100,0
MIDCPNIFTY29JUL2411800PE.NFO,2024-07-29,11:01:00,2024-07-29,0.1,0.1,0.05,0.05,0,795100,0
MIDCPNIFTY29JUL2411800PE.NFO,2024-07-29,11:02:00,2024-07-29,0.05,0.05,0.05,0.05,4600,795100,0
MIDCPNIFTY29JUL2411800PE.NFO,2024-07-29,11:03:00,2024-07-29,0.1,0.1,0.1,0.1,5350,795100,0
MIDCPNIFTY29JUL2411800PE.NFO,2024-07-29,11:04:00,2024-07-29,0.1,0.1,0.1,0.1,0,796950,0
MIDCPNIFTY29JUL2411800PE.NFO,2024-07-29,11:05:00,2024-07-29,0.1,0.1,0.1,0.1,400,796950,0
MIDCPNIFTY29JUL2411800PE.NFO,2024-07-29,11:06:00,2024-07-29,0.1,0.1,0.1,0.1,0,796850,0
MIDCPNIFTY29JUL2411800PE.NFO,2024-07-29,11:07:00,2024-07-29,0.1,0.1,0.05,0.05,3950,796850,0
MIDCPNIFTY29JUL2411800PE.NFO,2024-07-29,11:08:00,2024-07-29,0.05,0.05,0.05,0.05,2650,796850,0
MIDCPNIFTY29JUL2411800PE.NFO,2024-07-29,11:09:00,2024-07-29,0.05,0.05,0.05,0.05,4850,796850,0
MIDCPNIFTY29JUL2411800PE.NFO,2024-07-29,11:10:00,2024-07-29,0.05,0.05,0.05,0.05,1200,796850,0
MIDCPNIFTY29JUL2411800PE.NFO,2024-07-29,11:11:00,2024-07-29,0.05,0.1,0.05,0.05,2850,796850,0
MIDCPNIFTY29JUL2411800PE.NFO,2024-07-29,11:12:00,2024-07-29,0.05,0.05,0.05,0.05,2500,796850,0
MIDCPNIFTY29JUL2411800PE.NFO,2024-07-29,11:13:00,2024-07-29,0.05,0.05,0.05,0.05,3250,796050,0
MIDCPNIFTY29JUL2411800PE.NFO,2024-07-29,11:14:00,2024-07-29,0.05,0.05,0.05,0.05,24200,796050,0
MIDCPNIFTY29JUL2411800PE.NFO,2024-07-29,11:15:00,2024-07-29,0.05,0.05,0.05,0.05,1950,796050,0
MIDCPNIFTY29JUL2411800PE.NFO,2024-07-29,11:16:00,2024-07-29,0.05,0.05,0.05,0.05,5600,796150,0
MIDCPNIFTY29JUL2411800PE.NFO,2024-07-29,11:17:00,2024-07-29,0.05,0.05,0.05,0.05,14000,796150,0
MIDCPNIFTY29JUL2411800PE.NFO,2024-07-29,11:18:00,2024-07-29,0.05,0.05,0.05,0.05,0,796150,0
MIDCPNIFTY29JUL2411800PE.NFO,2024-07-29,11:19:00,2024-07-29,0.1,0.1,0.1,0.1,1500,786050,0
MIDCPNIFTY29JUL2411800PE.NFO,2024-07-29,11:20:00,2024-07-29,0.1,0.1,0.1,0.1,1800,786050,0
MIDCPNIFTY29JUL2411800PE.NFO,2024-07-29,11:21:00,2024-07-29,0.1,0.1,0.1,0.1,1800,786050,1
MIDCPNIFTY29JUL2411800PE.NFO,2024-07-29,11:22:00,2024-07-29,0.05,0.1,0.05,0.1,150,786300,0
MIDCPNIFTY29JUL2411800PE.NFO,2024-07-29,11:23:00,2024-07-29,0.1,0.1,0.1,0.1,2100,786300,0
MIDCPNIFTY29JUL2411800PE.NFO,2024-07-29,11:24:00,2024-07-29,0.05,0.05,0.05,0.05,3500,786300,0
MIDCPNIFTY29JUL2411800PE.NFO,2024-07-29,11:25:00,2024-07-29,0.05,0.1,0.05,0.1,0,786300,0
MIDCPNIFTY29JUL2411800PE.NFO,2024-07-29,11:26:00,2024-07-29,0.1,0.1,0.1,0.1,2600,786300,0
MIDCPNIFTY29JUL2411800PE.NFO,2024-07-29,11:27:00,2024-07-29,0.1,0.1,0.1,0.1,100,786300,0
MIDCPNIFTY29JUL2411800PE.NFO,2024-07-29,11:28:00,2024-07-29,0.1,0.1,0.1,0.1,600,786400,0
MIDCPNIFTY29JUL2411800PE.NFO,2024-07-29,11:29:00,2024-07-29,0.05,0.1,0.05,0.1,37600,786400,0
MIDCPNIFTY29JUL2411800PE.NFO,2024-07-29,11:30:00,2024-07-29,0.1,0.1,0.05,0.05,750,786400,0
MIDCPNIFTY29JUL2411800PE.NFO,2024-07-29,11:31:00,2024-07-29,0.1,0.1,0.05,0.05,0,787000,0
MIDCPNIFTY29JUL2411800PE.NFO,2024-07-29,11:32:00,2024-07-29,0.05,0.1,0.05,0.05,4050,787000,0
MIDCPNIFTY29JUL2411800PE.NFO,2024-07-29,11:33:00,2024-07-29,0.05,0.05,0.05,0.05,1900,787000,0
MIDCPNIFTY29JUL2411800PE.NFO,2024-07-29,11:34:00,2024-07-29,0.05,0.05,0.05,0.05,0,787000,0
MIDCPNIFTY29JUL2411800PE.NFO,2024-07-29,11:35:00,2024-07-29,0.05,0.05,0.05,0.05,0,787000,0
MIDCPNIFTY29JUL2411800PE.NFO,2024-07-29,11:36:00,2024-07-29,0.05,0.1,0.05,0.1,50,788300,0
MIDCPNIFTY29JUL2411800PE.NFO,2024-07-29,11:37:00,2024-07-29,0.1,0.1,0.1,0.1,2250,788300,0
MIDCPNIFTY29JUL2411800PE.NFO,2024-07-29,11:38:00,2024-07-29,0.1,0.1,0.05,0.05,3000,788300,0
MIDCPNIFTY29JUL2411800PE.NFO,2024-07-29,11:39:00,2024-07-29,0.05,0.05,0.05,0.05,0,793100,0
MIDCPNIFTY29JUL2411800PE.NFO,2024-07-29,11:40:00,2024-07-29,0.05,0.05,0.05,0.05,100,793100,0
MIDCPNIFTY29JUL2411800PE.NFO,2024-07-29,11:41:00,2024-07-29,0.05,0.05,0.05,0.05,50,793100,0
MIDCPNIFTY29JUL2411800PE.NFO,2024-07-29,11:42:00,2024-07-29,0.05,0.05,0.05,0.05,800,793100,0
MIDCPNIFTY29JUL2411800PE.NFO,2024-07-29,11:43:00,2024-07-29,0.05,0.1,0.05,0.05,2600,793100,0
MIDCPNIFTY29JUL2411800PE.NFO,2024-07-29,11:44:00,2024-07-29,0.05,0.05,0.05,0.05,2600,793100,1
MIDCPNIFTY29JUL2411800PE.NFO,2024-07-29,11:45:00,2024-07-29,0.05,0.05,0.05,0.05,1700,793950,0
MIDCPNIFTY29JUL2411800PE.NFO,2024-07-29,11:46:00,2024-07-29,0.05,0.1,0.05,0.1,2500,793950,0
MIDCPNIFTY29JUL2411800PE.NFO,2024-07-29,11:47:00,2024-07-29,0.1,0.1,0.1,0.1,250,793950,0
MIDCPNIFTY29JUL2411800PE.NFO,2024-07-29,11:48:00,2024-07-29,0.1,0.1,0.1,0.1,15100,797200,0
MIDCPNIFTY29JUL2411800PE.NFO,2024-07-29,11:49:00,2024-07-29,0.1,0.1,0.05,0.05,0,797200,0
MIDCPNIFTY29JUL2411800PE.NFO,2024-07-29,11:50:00,2024-07-29,0.05,0.1,0.05,0.1,3600,797200,0
MIDCPNIFTY29JUL2411800PE.NFO,2024-07-29,11:51:00,2024-07-29,0.1,0.1,0.05,0.05,22550,797200,0
MIDCPNIFTY29JUL2411800PE.NFO,2024-07-29,11:52:00,2024-07-29,0.1,0.1,0.1,0.1,300,813400,0
MIDCPNIFTY29JUL2411800PE.NFO,2024-07-29,11:53:00,2024-07-29,0.1,0.1,0.1,0.1,12100,813400,0
MIDCPNIFTY29JUL2411800PE.NFO,2024-07-29,11:54:00,2024-07-29,0.1,0.1,0.1,0.1,3000,813400,0
MIDCPNIFTY29JUL2411800PE.NFO,2024-07-29,11:55:00,2024-07-29,0.1,0.1,0.1,0.1,0,813400,0
MIDCPNIFTY29JUL2411800PE.NFO,2024-07-29,11:56:00,2024-07-29,0.1,0.1,0.1,0.1,2500,817750,0
MIDCPNIFTY29JUL2411800PE.NFO,2024-07-29,11:57:00,2024-07-29,0.1,0.1,0.05,0.05,0,817750,0
MIDCPNIFTY29JUL2411800PE.NFO,2024-07-29,11:58:00,2024-07-29,0.05,0.05,0.05,0.05,650,815950,0
MIDCPNIFTY29JUL2411800PE.NFO,2024-07-29,11:59:00,2024-07-29,0.05,0.05,0.05,0.05,3350,815950,0
MIDCPNIFTY29JUL2411800PE.NFO,2024-07-29,12:00:00,2024-07-29,0.05,0.05,0.05,0.05,2150,815950,0
MIDCPNIFTY29JUL2411800PE.NFO,2024-07-29,12:01:00,2024-07-29,0.05,0.05,0.05,0.05,3550,815950,0
MIDCPNIFTY29JUL2411800PE.NFO,2024-07-29,12:02:00,2024-07-29,0.05,0.05,0.05,0.05,0,815950,0
MIDCPNIFTY29JUL2411800PE.NFO,2024-07-29,12:03:00,2024-07-29,0.1,0.1,0.1,0.1,200,816000,0
MIDCPNIFTY29JUL2411800PE.NFO,2024-07-29,12:04:00,2024-07-29,0.1,0.1,0.05,0.1,10050,816000,0
MIDCPNIFTY29JUL2411800PE.NFO,2024-07-29,12:05:00,2024-07-29,0.1,0.1,0.1,0.1,3100,816000,0
MIDCPNIFTY29JUL2411800PE.NFO,2024-07-29,12:06:00,2024-07-29,0.1,0.1,0.1,0.1,40900,856650,0
MIDCPNIFTY29JUL2411800PE.NFO,2024-07-29,12:07:00,2024-07-29,0.1,0.1,0.05,0.1,5300,856650,0
MIDCPNIFTY29JUL2411800PE.NFO,2024-07-29,12:08:00,2024-07-29,0.1,0.1,0.05,0.05,0,856650,0
MIDCPNIFTY29JUL2411800PE.NFO,2024-07-29,12:09:00,2024-07-29,0.05,0.1,0.05,0.05,1150,856650,0
MIDCPNIFTY29JUL2411800PE.NFO,2024-07-29,12:10:00,2024-07-29,0.1,0.1,0.05,0.05,3100,858250,0
MIDCPNIFTY29JUL2411800PE.NFO,2024-07-29,12:11:00,2024-07-29,0.05,0.1,0.05,0.1,3000,858250,0
MIDCPNIFTY29JUL2411800PE.NFO,2024-07-29,12:12:00,2024-07-29,0.05,0.1,0.05,0.05,0,858250,0
MIDCPNIFTY29JUL2411800PE.NFO,2024-07-29,12:13:00,2024-07-29,0.05,0.05,0.05,0.05,6900,861900,0
MIDCPNIFTY29JUL2411800PE.NFO,2024-07-29,12:14:00,2024-07-29,0.05,0.1,0.05,0.1,5250,861900,0
MIDCPNIFTY29JUL2411800PE.NFO,2024-07-29,12:15:00,2024-07-29,0.05,0.05,0.05,0.05,84400,834600,0
MIDCPNIFTY29JUL2411800PE.NFO,2024-07-29,12:16:00,2024-07-29,0.05,0.1,0.05,0.1,0,834600,0
MIDCPNIFTY29JUL2411800PE.NFO,2024-07-29,12:17:00,2024-07-29,0.1,0.1,0.1,0.1,75850,834600,0
MIDCPNIFTY29JUL2411800PE.NFO,2024-07-29,12:18:00,2024-07-29,0.1,0.1,0.1,0.1,5450,834600,0
MIDCPNIFTY29JUL2411800PE.NFO,2024-07-29,12:19:00,2024-07-29,0.1,0.1,0.05,0.05,0,806700,0
MIDCPNIFTY29JUL2411800PE.NFO,2024-07-29,12:20:00,2024-07-29,0.05,0.1,0.05,0.05,13000,806700,0
MIDCPNIFTY29JUL2411800PE.NFO,2024-07-29,12:21:00,2024-07-29,0.05,0.1,0.05,0.1,204750,806700,0
MIDCPNIFTY29JUL2411800PE.NFO,2024-07-29,12:22:00,2024-07-29,0.1,0.1,0.05,0.05,12950,782600,0
MIDCPNIFTY29JUL2411800PE.NFO,2024-07-29,12:23:00,2024-07-29,0.1,0.1,0.1,0.1,0,782600,0
MIDCPNIFTY29JUL2411800PE.NFO,2024-07-29,12:24:00,2024-07-29,0.1,0.1,0.1,0.1,50,782600,0
MIDCPNIFTY29JUL2411800PE.NFO,2024-07-29,12:25:00,2024-07-29,0.1,0.1,0.05,0.05,0,777500,0
MIDCPNIFTY29JUL2411800PE.NFO,2024-07-29,12:26:00,2024-07-29,0.05,0.05,0.05,0.05,0,777500,0
MIDCPNIFTY29JUL2411800PE.NFO,2024-07-29,12:27:00,2024-07-29,0.05,0.05,0.05,0.05,4750,777500,0
MIDCPNIFTY29JUL2411800PE.NFO,2024-07-29,12:28:00,2024-07-29,0.05,0.05,0.05,0.05,53350,728700,0
MIDCPNIFTY29JUL2411800PE.NFO,2024-07-29,12:29:00,2024-07-29,0.05,0.05,0.05,0.05,0,728700,0
MIDCPNIFTY29JUL2411800PE.NFO,2024-07-29,12:30:00,2024-07-29,0.1,0.1,0.1,0.1,1100,728700,0
MIDCPNIFTY29JUL2411800PE.NFO,2024-07-29,12:31:00,2024-07-29,0.1,0.1,0.1,0.1,500,730950,0
MIDCPNIFTY29JUL2411800PE.NFO,2024-07-29,12:32:00,2024-07-29,0.1,0.1,0.05,0.1,6850,730950,0
MIDCPNIFTY29JUL2411800PE.NFO,2024-07-29,12:33:00,2024-07-29,0.1,0.1,0.1,0.1,0,730950,0
MIDCPNIFTY29JUL2411800PE.NFO,2024-07-29,12:34:00,2024-07-29,0.1,0.1,0.05,0.1,20400,732700,0
MIDCPNIFTY29JUL2411800PE.NFO,2024-07-29,12:35:00,2024-07-29,0.1,0.1,0.1,0.1,13050,732700,0
MIDCPNIFTY29JUL2411800PE.NFO,2024-07-29,12:36:00,2024-07-29,0.1,0.1,0.1,0.1,50,732700,0
MIDCPNIFTY29JUL2411800PE.NFO,2024-07-29,12:37:00,2024-07-29,0.1,0.1,0.1,0.1,0,753100,0
MIDCPNIFTY29JUL2411800PE.NFO,2024-07-29,12:38:00,2024-07-29,0.1,0.1,0.1,0.1,350,753100,0
MIDCPNIFTY29JUL2411800PE.NFO,2024-07-29,12:39:00,2024-07-29,0.1,0.1,0.05,0.05,2100,753100,0
MIDCPNIFTY29JUL2411800PE.NFO,2024-07-29,12:40:00,2024-07-29,0.05,0.05,0.05,0.05,22000,753700,0
MIDCPNIFTY29JUL2411800PE.NFO,2024-07-29,12:41:00,2024-07-29,0.05,0.05,0.05,0.05,0,753700,0
MIDCPNIFTY29JUL2411800PE.NFO,2024-07-29,12:42:00,2024-07-29,0.05,0.05,0.05,0.05,168600,753700,0
MIDCPNIFTY29JUL2411800PE.NFO,2024-07-29,12:43:00,2024-07-29,0.05,0.05,0.05,0.05,2400,753700,0
MIDCPNIFTY29JUL2411800PE.NFO,2024-07-29,12:44:00,2024-07-29,0.1,0.1,0.1,0.1,1900,639150,0
MIDCPNIFTY29JUL2411800PE.NFO,2024-07-29,12:45:00,2024-07-29,0.1,0.1,0.1,0.1,0,639150,0
MIDCPNIFTY29JUL2411800PE.NFO,2024-07-29,12:46:00,2024-07-29,0.1,0.1,0.05,0.05,650,641700,0
MIDCPNIFTY29JUL2411800PE.NFO,2024-07-29,12:47:00,2024-07-29,0.05,0.1,0.05,0.1,350,641700,0
MIDCPNIFTY29JUL2411800PE.NFO,2024-07-29,12:48:00,2024-07-29,0.1,0.1,0.05,0.1,1350,641700,0
MIDCPNIFTY29JUL2411800PE.NFO,2024-07-29,12:49:00,2024-07-29,0.05,0.05,0.05,0.05,1850,644250,0
MIDCPNIFTY29JUL2411800PE.NFO,2024-07-29,12:50:00,2024-07-29,0.05,0.1,0.05,0.1,5150,644250,0
MIDCPNIFTY29JUL2411800PE.NFO,2024-07-29,12:51:00,2024-07-29,0.1,0.1,0.05,0.1,200,644250,0
MIDCPNIFTY29JUL2411800PE.NFO,2024-07-29,12:52:00,2024-07-29,0.1,0.1,0.05,0.1,8750,650500,0
MIDCPNIFTY29JUL2411800PE.NFO,2024-07-29,12:53:00,2024-07-29,0.1,0.1,0.1,0.1,0,650500,0
MIDCPNIFTY29JUL2411800PE.NFO,2024-07-29,12:54:00,2024-07-29,0.1,0.1,0.1,0.1,2600,650500,0
MIDCPNIFTY29JUL2411800PE.NFO,2024-07-29,12:55:00,2024-07-29,0.1,0.1,0.1,0.1,7800,660200,0
MIDCPNIFTY29JUL2411800PE.NFO,2024-07-29,12:56:00,2024-07-29,0.05,0.1,0.05,0.05,14000,660200,0
MIDCPNIFTY29JUL2411800PE.NFO,2024-07-29,12:57:00,2024-07-29,0.05,0.05,0.05,0.05,0,660200,0
MIDCPNIFTY29JUL2411800PE.NFO,2024-07-29,12:58:00,2024-07-29,0.05,0.05,0.05,0.05,7550,649100,0
MIDCPNIFTY29JUL2411800PE.NFO,2024-07-29,12:59:00,2024-07-29,0.1,0.1,0.1,0.1,2750,649100,0
MIDCPNIFTY29JUL2411800PE.NFO,2024-07-29,13:00:00,2024-07-29,0.1,0.1,0.05,0.05,20100,649100,0
MIDCPNIFTY29JUL2411800PE.NFO,2024-07-29,13:01:00,2024-07-29,0.05,0.1,0.05,0.1,3700,649200,0
MIDCPNIFTY29JUL2411800PE.NFO,2024-07-29,13:02:00,2024-07-29,0.1,0.1,0.1,0.1,1500,649200,0
MIDCPNIFTY29JUL2411800PE.NFO,2024-07-29,13:03:00,2024-07-29,0.05,0.05,0.05,0.05,16000,649200,0
MIDCPNIFTY29JUL2411800PE.NFO,2024-07-29,13:04:00,2024-07-29,0.05,0.1,0.05,0.1,0,635600,0
MIDCPNIFTY29JUL2411800PE.NFO,2024-07-29,13:05:00,2024-07-29,0.1,0.1,0.05,0.05,2350,635600,0
MIDCPNIFTY29JUL2411800PE.NFO,2024-07-29,13:06:00,2024-07-29,0.05,0.05,0.05,0.05,2900,635600,0
MIDCPNIFTY29JUL2411800PE.NFO,2024-07-29,13:07:00,2024-07-29,0.05,0.05,0.05,0.05,400,637350,0
MIDCPNIFTY29JUL2411800PE.NFO,2024-07-29,13:08:00,2024-07-29,0.05,0.05,0.05,0.05,200,637350,0
MIDCPNIFTY29JUL2411800PE.NFO,2024-07-29,13:09:00,2024-07-29,0.05,0.05,0.05,0.05,100,637350,0
MIDCPNIFTY29JUL2411800PE.NFO,2024-07-29,13:10:00,2024-07-29,0.05,0.05,0.05,0.05,0,637150,0
MIDCPNIFTY29JUL2411800PE.NFO,2024-07-29,13:11:00,2024-07-29,0.05,0.05,0.05,0.05,1900,637150,0
MIDCPNIFTY29JUL2411800PE.NFO,2024-07-29,13:12:00,2024-07-29,0.1,0.1,0.1,0.1,300,637150,0
MIDCPNIFTY29JUL2411800PE.NFO,2024-07-29,13:13:00,2024-07-29,0.1,0.1,0.1,0.1,4200,639550,0
MIDCPNIFTY29JUL2411800PE.NFO,2024-07-29,13:14:00,2024-07-29,0.05,0.05,0.05,0.05,0,639550,0
MIDCPNIFTY29JUL2411800PE.NFO,2024-07-29,13:15:00,2024-07-29,0.05,0.1,0.05,0.1,15600,639550,0
MIDCPNIFTY29JUL2411800PE.NFO,2024-07-29,13:16:00,2024-07-29,0.05,0.1,0.05,0.1,3300,629300,0
MIDCPNIFTY29JUL2411800PE.NFO,2024-07-29,13:17:00,2024-07-29,0.1,0.1,0.1,0.1,900,629300,0
MIDCPNIFTY29JUL2411800PE.NFO,2024-07-29,13:18:00,2024-07-29,0.1,0.1,0.1,0.1,300,629300,0
MIDCPNIFTY29JUL2411800PE.NFO,2024-07-29,13:19:00,2024-07-29,0.1,0.1,0.05,0.05,0,632150,0
MIDCPNIFTY29JUL2411800PE.NFO,2024-07-29,13:20:00,2024-07-29,0.05,0.1,0.05,0.1,0,632150,0
MIDCPNIFTY29JUL2411800PE.NFO,2024-07-29,13:21:00,2024-07-29,0.1,0.1,0.05,0.1,3800,632150,0
MIDCPNIFTY29JUL2411800PE.NFO,2024-07-29,13:22:00,2024-07-29,0.1,0.1,0.05,0.05,4050,632900,0
MIDCPNIFTY29JUL2411800PE.NFO,2024-07-29,13:23:00,2024-07-29,0.05,0.1,0.05,0.1,4900,632900,0
MIDCPNIFTY29JUL2411800PE.NFO,2024-07-29,13:24:00,2024-07-29,0.1,0.1,0.05,0.05,2700,632900,0
MIDCPNIFTY29JUL2411800PE.NFO,2024-07-29,13:25:00,2024-07-29,0.05,0.05,0.05,0.05,0,626600,0
MIDCPNIFTY29JUL2411800PE.NFO,2024-07-29,13:26:00,2024-07-29,0.05,0.05,0.05,0.05,4300,626600,0
MIDCPNIFTY29JUL2411800PE.NFO,2024-07-29,13:27:00,2024-07-29,0.05,0.1,0.05,0.1,3250,626600,0
MIDCPNIFTY29JUL2411800PE.NFO,2024-07-29,13:28:00,2024-07-29,0.1,0.1,0.1,0.1,3650,622600,0
MIDCPNIFTY29JUL2411800PE.NFO,2024-07-29,13:29:00,2024-07-29,0.05,0.05,0.05,0.05,0,622600,0
MIDCPNIFTY29JUL2411800PE.NFO,2024-07-29,13:30:00,2024-07-29,0.05,0.1,0.05,0.05,650,622600,0
MIDCPNIFTY29JUL2411800PE.NFO,2024-07-29,13:31:00,2024-07-29,0.05,0.05,0.05,0.05,0,623250,0
MIDCPNIFTY29JUL2411800PE.NFO,2024-07-29,13:32:00,2024-07-29,0.05,0.05,0.05,0.05,1150,623250,0
MIDCPNIFTY29JUL2411800PE.NFO,2024-07-29,13:33:00,2024-07-29,0.05,0.1,0.05,0.1,0,623250,0
MIDCPNIFTY29JUL2411800PE.NFO,2024-07-29,13:34:00,2024-07-29,0.1,0.1,0.1,0.1,1050,623850,0
MIDCPNIFTY29JUL2411800PE.NFO,2024-07-29,13:35:00,2024-07-29,0.1,0.1,0.1,0.1,2700,623850,0
MIDCPNIFTY29JUL2411800PE.NFO,2024-07-29,13:36:00,2024-07-29,0.1,0.1,0.1,0.1,3100,623850,0
MIDCPNIFTY29JUL2411800PE.NFO,2024-07-29,13:37:00,2024-07-29,0.05,0.05,0.05,0.05,0,630100,0
MIDCPNIFTY29JUL2411800PE.NFO,2024-07-29,13:38:00,2024-07-29,0.05,0.05,0.05,0.05,5350,630100,0
MIDCPNIFTY29JUL2411800PE.NFO,2024-07-29,13:39:00,2024-07-29,0.05,0.05,0.05,0.05,3250,630100,0
MIDCPNIFTY29JUL2411800PE.NFO,2024-07-29,13:40:00,2024-07-29,0.05,0.1,0.05,0.1,0,622550,0
MIDCPNIFTY29JUL2411800PE.NFO,2024-07-29,13:41:00,2024-07-29,0.1,0.1,0.1,0.1,200,622550,0
MIDCPNIFTY29JUL2411800PE.NFO,2024-07-29,13:42:00,2024-07-29,0.1,0.1,0.1,0.1,0,622550,0
MIDCPNIFTY29JUL2411800PE.NFO,2024-07-29,13:43:00,2024-07-29,0.1,0.1,0.05,0.05,0,622750,0
MIDCPNIFTY29JUL2411800PE.NFO,2024-07-29,13:44:00,2024-07-29,0.1,0.1,0.05,0.05,3950,622750,0
MIDCPNIFTY29JUL2411800PE.NFO,2024-07-29,13:45:00,2024-07-29,0.05,0.05,0.05,0.05,1250,622750,0
MIDCPNIFTY29JUL2411800PE.NFO,2024-07-29,13:46:00,2024-07-29,0.1,0.1,0.05,0.1,2250,619100,0
MIDCPNIFTY29JUL2411800PE.NFO,2024-07-29,13:47:00,2024-07-29,0.1,0.1,0.05,0.1,5800,619100,0
MIDCPNIFTY29JUL2411800PE.NFO,2024-07-29,13:48:00,2024-07-29,0.1,0.1,0.05,0.1,0,619100,0
MIDCPNIFTY29JUL2411800PE.NFO,2024-07-29,13:49:00,2024-07-29,0.1,0.1,0.1,0.1,8400,627700,0
MIDCPNIFTY29JUL2411800PE.NFO,2024-07-29,13:50:00,2024-07-29,0.1,0.1,0.1,0.1,150,627700,0
MIDCPNIFTY29JUL2411800PE.NFO,2024-07-29,13:51:00,2024-07-29,0.05,0.05,0.05,0.05,17300,627700,0
MIDCPNIFTY29JUL2411800PE.NFO,2024-07-29,13:52:00,2024-07-29,0.05,0.05,0.05,0.05,450,627700,0
MIDCPNIFTY29JUL2411800PE.NFO,2024-07-29,13:53:00,2024-07-29,0.05,0.05,0.05,0.05,0,627700,0
MIDCPNIFTY29JUL2411800PE.NFO,2024-07-29,13:54:00,2024-07-29,0.05,0.1,0.05,0.1,0,612200,0
MIDCPNIFTY29JUL2411800PE.NFO,2024-07-29,13:55:00,2024-07-29,0.1,0.1,0.05,0.05,600,612400,0
MIDCPNIFTY29JUL2411800PE.NFO,2024-07-29,13:56:00,2024-07-29,0.05,0.05,0.05,0.05,4450,612400,0
MIDCPNIFTY29JUL2411800PE.NFO,2024-07-29,13:57:00,2024-07-29,0.05,0.05,0.05,0.05,850,612400,0
MIDCPNIFTY29JUL2411800PE.NFO,2024-07-29,13:58:00,2024-07-29,0.05,0.05,0.05,0.05,850,612400,1
MIDCPNIFTY29JUL2411800PE.NFO,2024-07-29,13:59:00,2024-07-29,0.05,0.1,0.05,0.1,0,607100,0
MIDCPNIFTY29JUL2411800PE.NFO,2024-07-29,14:00:00,2024-07-29,0.1,0.1,0.1,0.1,1700,607100,0
MIDCPNIFTY29JUL2411800PE.NFO,2024-07-29,14:01:00,2024-07-29,0.1,0.1,0.05,0.05,2250,610900,0
MIDCPNIFTY29JUL2411800PE.NFO,2024-07-29,14:02:00,2024-07-29,0.05,0.05,0.05,0.05,0,610900,0
MIDCPNIFTY29JUL2411800PE.NFO,2024-07-29,14:03:00,2024-07-29,0.05,0.1,0.05,0.05,5500,610900,0
MIDCPNIFTY29JUL2411800PE.NFO,2024-07-29,14:04:00,2024-07-29,0.05,0.1,0.05,0.05,4050,606150,0
MIDCPNIFTY29JUL2411800PE.NFO,2024-07-29,14:05:00,2024-07-29,0.1,0.1,0.1,0.1,700,606150,0
MIDCPNIFTY29JUL2411800PE.NFO,2024-07-29,14:06:00,2024-07-29,0.1,0.1,0.1,0.1,0,606150,0
MIDCPNIFTY29JUL2411800PE.NFO,2024-07-29,14:07:00,2024-07-29,0.05,0.1,0.05,0.05,0,607700,0
MIDCPNIFTY29JUL2411800PE.NFO,2024-07-29,14:08:00,2024-07-29,0.05,0.1,0.05,0.05,11100,607700,0
MIDCPNIFTY29JUL2411800PE.NFO,2024-07-29,14:09:00,2024-07-29,0.05,0.05,0.05,0.05,9100,607700,0
MIDCPNIFTY29JUL2411800PE.NFO,2024-07-29,14:10:00,2024-07-29,0.1,0.1,0.05,0.1,3300,598300,0
MIDCPNIFTY29JUL2411800PE.NFO,2024-07-29,14:11:00,2024-07-29,0.1,0.1,0.05,0.05,2150,598300,0
MIDCPNIFTY29JUL2411800PE.NFO,2024-07-29,14:12:00,2024-07-29,0.1,0.1,0.05,0.1,0,598300,0
MIDCPNIFTY29JUL2411800PE.NFO,2024-07-29,14:13:00,2024-07-29,0.1,0.1,0.05,0.1,8150,598300,0
MIDCPNIFTY29JUL2411800PE.NFO,2024-07-29,14:14:00,2024-07-29,0.05,0.1,0.05,0.1,1150,598150,0
MIDCPNIFTY29JUL2411800PE.NFO,2024-07-29,14:15:00,2024-07-29,0.1,0.1,0.05,0.05,7050,598150,0
MIDCPNIFTY29JUL2411800PE.NFO,2024-07-29,14:16:00,2024-07-29,0.05,0.1,0.05,0.1,0,604700,0
MIDCPNIFTY29JUL2411800PE.NFO,2024-07-29,14:17:00,2024-07-29,0.1,0.1,0.05,0.1,2050,604700,0
MIDCPNIFTY29JUL2411800PE.NFO,2024-07-29,14:18:00,2024-07-29,0.05,0.1,0.05,0.05,3850,604700,0
MIDCPNIFTY29JUL2411800PE.NFO,2024-07-29,14:19:00,2024-07-29,0.05,0.1,0.05,0.1,3600,607700,0
MIDCPNIFTY29JUL2411800PE.NFO,2024-07-29,14:20:00,2024-07-29,0.1,0.1,0.05,0.1,0,607700,0
MIDCPNIFTY29JUL2411800PE.NFO,2024-07-29,14:21:00,2024-07-29,0.1,0.1,0.1,0.1,29200,607700,0
MIDCPNIFTY29JUL2411800PE.NFO,2024-07-29,14:22:00,2024-07-29,0.05,0.05,0.05,0.05,5000,605800,0
MIDCPNIFTY29JUL2411800PE.NFO,2024-07-29,14:23:00,2024-07-29,0.1,0.1,0.1,0.1,0,605800,0
MIDCPNIFTY29JUL2411800PE.NFO,2024-07-29,14:24:00,2024-07-29,0.1,0.1,0.1,0.1,100,605800,0
MIDCPNIFTY29JUL2411800PE.NFO,2024-07-29,14:25:00,2024-07-29,0.05,0.05,0.05,0.05,450,604650,0
MIDCPNIFTY29JUL2411800PE.NFO,2024-07-29,14:26:00,2024-07-29,0.05,0.05,0.05,0.05,1200,604650,0
MIDCPNIFTY29JUL2411800PE.NFO,2024-07-29,14:27:00,2024-07-29,0.1,0.1,0.05,0.1,0,604650,0
MIDCPNIFTY29JUL2411800PE.NFO,2024-07-29,14:28:00,2024-07-29,0.1,0.1,0.05,0.05,450,603900,0
MIDCPNIFTY29JUL2411800PE.NFO,2024-07-29,14:29:00,2024-07-29,0.05,0.05,0.05,0.05,1550,603900,0
MIDCPNIFTY29JUL2411800PE.NFO,2024-07-29,14:30:00,2024-07-29,0.05,0.1,0.05,0.1,6150,603900,0
MIDCPNIFTY29JUL2411800PE.NFO,2024-07-29,14:31:00,2024-07-29,0.1,0.1,0.05,0.05,0,596600,0
MIDCPNIFTY29JUL2411800PE.NFO,2024-07-29,14:32:00,2024-07-29,0.05,0.05,0.05,0.05,18150,596600,0
MIDCPNIFTY29JUL2411800PE.NFO,2024-07-29,14:33:00,2024-07-29,0.05,0.1,0.05,0.1,4200,596600,0
MIDCPNIFTY29JUL2411800PE.NFO,2024-07-29,14:34:00,2024-07-29,0.1,0.1,0.05,0.05,19150,587050,0
MIDCPNIFTY29JUL2411800PE.NFO,2024-07-29,14:35:00,2024-07-29,0.05,0.1,0.05,0.1,0,587050,0
MIDCPNIFTY29JUL2411800PE.NFO,2024-07-29,14:36:00,2024-07-29,0.1,0.1,0.1,0.1,750,587050,0
MIDCPNIFTY29JUL2411800PE.NFO,2024-07-29,14:37:00,2024-07-29,0.05,0.05,0.05,0.05,1400,586150,0
MIDCPNIFTY29JUL2411800PE.NFO,2024-07-29,14:38:00,2024-07-29,0.05,0.05,0.05,0.05,2700,586150,0
MIDCPNIFTY29JUL2411800PE.NFO,2024-07-29,14:39:00,2024-07-29,0.05,0.05,0.05,0.05,0,586150,0
MIDCPNIFTY29JUL2411800PE.NFO,2024-07-29,14:40:00,2024-07-29,0.05,0.1,0.05,0.1,400,583950,0
MIDCPNIFTY29JUL2411800PE.NFO,2024-07-29,14:41:00,2024-07-29,0.1,0.1,0.05,0.1,950,583950,0
MIDCPNIFTY29JUL2411800PE.NFO,2024-07-29,14:42:00,2024-07-29,0.1,0.1,0.05,0.1,3000,583950,0
MIDCPNIFTY29JUL2411800PE.NFO,2024-07-29,14:43:00,2024-07-29,0.1,0.1,0.05,0.1,10700,588250,0
MIDCPNIFTY29JUL2411800PE.NFO,2024-07-29,14:44:00,2024-07-29,0.1,0.1,0.05,0.05,0,588250,0
MIDCPNIFTY29JUL2411800PE.NFO,2024-07-29,14:45:00,2024-07-29,0.05,0.05,0.05,0.05,16800,588250,0
MIDCPNIFTY29JUL2411800PE.NFO,2024-07-29,14:46:00,2024-07-29,0.05,0.05,0.05,0.05,5350,588250,0
MIDCPNIFTY29JUL2411800PE.NFO,2024-07-29,14:47:00,2024-07-29,0.05,0.05,0.05,0.05,0,588250,0
MIDCPNIFTY29JUL2411800PE.NFO,2024-07-29,14:48:00,2024-07-29,0.05,0.05,0.05,0.05,0,588250,1
MIDCPNIFTY29JUL2411800PE.NFO,2024-07-29,14:49:00,2024-07-29,0.05,0.05,0.05,0.05,0,588250,0
MIDCPNIFTY29JUL2411800PE.NFO,2024-07-29,14:50:00,2024-07-29,0.05,0.05,0.05,0.05,0,588250,0
MIDCPNIFTY29JUL2411800PE.NFO,2024-07-29,14:51:00,2024-07-29,0.05,0.05,0.05,0.05,0,588250,0
MIDCPNIFTY29JUL2411800PE.NFO,2024-07-29,14:52:00,2024-07-29,0.05,0.05,0.05,0.05,0,588250,0
MIDCPNIFTY29JUL2411800PE.NFO,2024-07-29,14:53:00,2024-07-29,0.05,0.05,0.05,0.05,0,588250,1
MIDCPNIFTY29JUL2411800PE.NFO,2024-07-29,14:54:00,2024-07-29,0.05,0.05,0.05,0.05,0,588250,0
MIDCPNIFTY29JUL2411800PE.NFO,2024-07-29,14:55:00,2024-07-29,0.05,0.05,0.05,0.05,0,588250,0
MIDCPNIFTY29JUL2411800PE.NFO,2024-07-29,14:56:00,2024-07-29,0.05,0.05,0.05,0.05,650,585950,0
MIDCPNIFTY29JUL2411800PE.NFO,2024-07-29,14:57:00,2024-07-29,0.05,0.05,0.05,0.05,650,585950,1
MIDCPNIFTY29JUL2411800PE.NFO,2024-07-29,14:58:00,2024-07-29,0.05,0.05,0.05,0.05,1500,585950,0
MIDCPNIFTY29JUL2411800PE.NFO,2024-07-29,14:59:00,2024-07-29,0.05,0.05,0.05,0.05,0,585950,0
MIDCPNIFTY29JUL2411800PE.NFO,2024-07-29,15:00:00,2024-07-29,0.05,0.05,0.05,0.05,0,585950,0
MIDCPNIFTY29JUL2411800PE.NFO,2024-07-29,15:01:00,2024-07-29,0.05,0.05,0.05,0.05,0,585950,0
MIDCPNIFTY29JUL2411800PE.NFO,2024-07-29,15:02:00,2024-07-29,0.05,0.05,0.05,0.05,0,585950,1
MIDCPNIFTY29JUL2411800PE.NFO,2024-07-29,15:03:00,2024-07-29,0.05,0.05,0.05,0.05,0,585450,0
MIDCPNIFTY29JUL2411800PE.NFO,2024-07-29,15:04:00,2024-07-29,0.05,0.05,0.05,0.05,1000,585450,0
MIDCPNIFTY29JUL2411800PE.NFO,2024-07-29,15:05:00,2024-07-29,0.05,0.05,0.05,0.05,50,584450,0
MIDCPNIFTY29JUL2411800PE.NFO,2024-07-29,15:06:00,2024-07-29,0.05,0.05,0.05,0.05,50,584450,1
MIDCPNIFTY29JUL2411800PE.NFO,2024-07-29,15:07:00,2024-07-29,0.05,0.05,0.05,0.05,0,584450,0
MIDCPNIFTY29JUL2411800PE.NFO,2024-07-29,15:08:00,2024-07-29,0.05,0.05,0.05,0.05,0,584450,0
MIDCPNIFTY29JUL2411800PE.NFO,2024-07-29,15:09:00,2024-07-29,0.05,0.05,0.05,0.05,0,584450,0
MIDCPNIFTY29JUL2411800PE.NFO,2024-07-29,15:10:00,2024-07-29,0.05,0.05,0.05,0.05,0,584450,1
MIDCPNIFTY29JUL2411800PE.NFO,2024-07-29,15:11:00,2024-07-29,0.05,0.05,0.05,0.05,0,584450,0
MIDCPNIFTY29JUL2411800PE.NFO,2024-07-29,15:12:00,2024-07-29,0.05,0.05,0.05,0.05,0,584450,0
MIDCPNIFTY29JUL2411800PE.NFO,2024-07-29,15:13:00,2024-07-29,0.05,0.05,0.05,0.05,0,584450,0
MIDCPNIFTY29JUL2411800PE.NFO,2024-07-29,15:14:00,2024-07-29,0.05,0.05,0.05,0.05,0,584450,1
MIDCPNIFTY29JUL2411800PE.NFO,2024-07-29,15:15:00,2024-07-29,0.05,0.05,0.05,0.05,0,584450,0
MIDCPNIFTY29JUL2411800PE.NFO,2024-07-29,15:16:00,2024-07-29,0.05,0.05,0.05,0.05,0,584450,0
MIDCPNIFTY29JUL2411800PE.NFO,2024-07-29,15:17:00,2024-07-29,0.05,0.05,0.05,0.05,0,584450,0
MIDCPNIFTY29JUL2411800PE.NFO,2024-07-29,15:18:00,2024-07-29,0.05,0.05,0.05,0.05,0,584450,1
MIDCPNIFTY29JUL2411800PE.NFO,2024-07-29,15:19:00,2024-07-29,0.05,0.05,0.05,0.05,0,584450,0
MIDCPNIFTY29JUL2411800PE.NFO,2024-07-29,15:20:00,2024-07-29,0.05,0.05,0.05,0.05,50,584400,0
MIDCPNIFTY29JUL2411800PE.NFO,2024-07-29,15:21:00,2024-07-29,0.05,0.05,0.05,0.05,0,584400,0
MIDCPNIFTY29JUL2411800PE.NFO,2024-07-29,15:22:00,2024-07-29,0.05,0.05,0.05,0.05,0,584400,0
MIDCPNIFTY29JUL2411800PE.NFO,2024-07-29,15:23:00,2024-07-29,0.05,0.05,0.05,0.05,0,584400,0
MIDCPNIFTY29JUL2411800PE.NFO,2024-07-29,15:24:00,2024-07-29,0.05,0.05,0.05,0.05,0,584400,0
MIDCPNIFTY29JUL2411800PE.NFO,2024-07-29,15:25:00,2024-07-29,0.05,0.05,0.05,0.05,0,584400,0
MIDCPNIFTY29JUL2411800PE.NFO,2024-07-29,15:26:00,2024-07-29,0.05,0.05,0.05,0.05,0,584400,0
MIDCPNIFTY29JUL2411800PE.NFO,2024-07-29,15:27:00,2024-07-29,0.05,0.05,0.05,0.05,5600,584400,0
MIDCPNIFTY29JUL2411800PE.NFO,2024-07-29,15:28:00,2024-07-29,0.05,0.05,0.05,0.05,0,584400,0
MIDCPNIFTY29JUL2411800PE.NFO,2024-07-29,15:29:00,2024-07-29,0.05,0.05,0.05,0.05,0,584400,0
MIDCPNIFTY29JUL2411800PE.NFO,2024-07-29,15:30:00,2024-07-29,0.05,0.05,0.05,0.05,0,584400,1
